A:/: 0.666479214 0.333520786 0.000000000
A:/cccr: 0.340108686 0.659891314 0.000000000
A:/cccrccrc: 0.334042859 0.363174883 0.302782258
A:/cccrccrccrcc: 0.000000000 0.918442242 0.081557758
A:/cccrccrccrcf: 0.000000000 0.370466680 0.629533320
A:/cccrccrccrfc: 0.000000000 0.810425780 0.189574220
A:/cccrccrccrff: 0.000000000 0.817847103 0.182152897
A:/cccrccrf: 0.329929482 0.563445290 0.106625228
A:/cccrccrfcrc: 0.000000000 0.542483830 0.457516170
A:/cccrccrfcrf: 0.000000000 0.626472552 0.373527448
A:/cccrccrr: 0.000000000 0.946448989 0.053551011
A:/cccrcfrc: 0.519257282 0.291902667 0.188840051
A:/cccrcfrf: 0.281194964 0.306351891 0.412453145
A:/cccrcfrr: 0.000000000 1.000000000 0.000000000
A:/cccrcrcc: 0.593142516 0.200590108 0.206267376
A:/cccrcrcf: 0.247708526 0.636563389 0.115728085
A:/cccrcrcr: 0.000000000 0.749776664 0.250223336
A:/cccrcrfc: 0.184698815 0.737854350 0.077446834
A:/cccrcrff: 0.255010355 0.593740733 0.151248912
A:/cccrcrfr: 0.000000000 0.683866102 0.316133898
A:/cccrcrrc: 0.000000000 0.280719361 0.719280639
A:/cccrcrrf: 0.000000000 0.332286370 0.667713630
A:/cccrrccr: 0.000000000 1.000000000 0.000000000
A:/cccrrcfr: 0.000000000 0.975144041 0.024855959
A:/cccrrcrc: 0.000000000 0.255814328 0.744185672
A:/cccrrcrf: 0.000000000 1.000000000 0.000000000
A:/cccrrfcr: 0.000000000 1.000000000 0.000000000
A:/cccrrffr: 0.000000000 1.000000000 0.000000000
A:/cccrrfrc: 0.000000000 0.807855308 0.192144692
A:/cccrrfrf: 0.000000000 0.645296752 0.354703248
A:/cccrrrcc: 0.000000000 0.778018868 0.221981132
A:/cccrrrcf: 0.000000000 0.794080990 0.205919010
A:/cccrrrfc: 0.000000000 0.982844504 0.017155496
A:/cccrrrff: 0.000000000 1.000000000 0.000000000
A:/ccrc: 0.389746531 0.468391453 0.141862017
A:/ccrccrcc: 0.453261976 0.042659325 0.504078700
A:/ccrccrcf: 0.150260303 0.367491616 0.482248081
A:/ccrccrcr: 0.000000000 0.517638138 0.482361862
A:/ccrccrfc: 0.952011348 0.012987920 0.035000732
A:/ccrccrff: 0.050556507 0.543614136 0.405829356
A:/ccrccrfr: 0.000000000 0.466943903 0.533056097
A:/ccrccrrc: 0.000000000 0.562934209 0.437065791
A:/ccrccrrf: 0.000000000 0.494083576 0.505916424
A:/ccrcrccr: 0.000000000 0.353496023 0.646503977
A:/ccrcrcfr: 0.000000000 0.397005874 0.602994126
A:/ccrcrcrc: 0.000000000 0.265840327 0.734159673
A:/ccrcrcrf: 0.000000000 0.945043461 0.054956539
A:/ccrcrfcr: 0.000000000 0.374252073 0.625747927
A:/ccrcrffr: 0.000000000 0.932880115 0.067119885
A:/ccrcrfrc: 0.000000000 0.095945658 0.904054342
A:/ccrcrfrf: 0.000000000 0.250212980 0.749787020
A:/ccrcrrcc: 0.000000000 0.861987622 0.138012378
A:/ccrcrrcf: 0.000000000 0.018428991 0.981571009
A:/ccrcrrfc: 0.000000000 0.623898440 0.376101560
A:/ccrcrrff: 0.000000000 0.246707224 0.753292776
A:/ccrf: 0.386790060 0.131707664 0.481502276
A:/ccrfcrc: 0.226092556 0.459104385 0.314803060
A:/ccrfcrf: 0.372132974 0.117635352 0.510231674
A:/ccrfcrr: 0.000000000 0.663160384 0.336839616
A:/ccrfrcr: 0.000000000 0.725218918 0.274781082
A:/ccrfrfr: 0.000000000 0.187693220 0.812306780
A:/ccrfrrc: 0.000000000 0.119675923 0.880324077
A:/ccrfrrf: 0.000000000 0.509043842 0.490956158
A:/ccrr: 0.502136842 0.486116268 0.011746890
A:/ccrrccrc: 0.000000000 0.599879532 0.400120468
A:/ccrrccrf: 0.000000000 0.297364392 0.702635608
A:/ccrrcfrc: 0.000000000 0.223333660 0.776666340
A:/ccrrcfrf: 0.000000000 0.565210246 0.434789754
A:/ccrrcrcc: 0.000000000 0.562296974 0.437703026
A:/ccrrcrcf: 0.000000000 0.603448020 0.396551980
A:/ccrrcrfc: 0.000000000 0.250881320 0.749118680
A:/ccrrcrff: 0.000000000 0.546247615 0.453752385
A:/crcc: 0.349602551 0.650394354 0.000003094
A:/crccrccr: 0.000000000 0.425047851 0.574952149
A:/crccrcfr: 0.000000000 0.768737646 0.231262354
A:/crccrcrc: 0.000000000 0.135681279 0.864318721
A:/crccrcrf: 0.000000000 0.609092620 0.390907380
A:/crccrfcr: 0.000000000 0.563515597 0.436484403
A:/crccrffr: 0.000000000 0.111614469 0.888385531
A:/crccrfrc: 0.000000000 0.290388676 0.709611324
A:/crccrfrf: 0.000000000 0.459687416 0.540312584
A:/crccrrcc: 0.000000000 0.720125781 0.279874219
A:/crccrrcf: 0.000000000 0.610191516 0.389808484
A:/crccrrfc: 0.000000000 0.615934194 0.384065806
A:/crccrrff: 0.000000000 0.786665384 0.213334616
A:/crcf: 0.269559037 0.730344480 0.000096483
A:/crcfrcr: 0.000000000 0.112986155 0.887013845
A:/crcfrfr: 0.000000000 0.455109133 0.544890867
A:/crcfrrc: 0.000000000 0.516773792 0.483226208
A:/crcfrrf: 0.000000000 0.671144159 0.328855841
A:/crcr: 0.476863800 0.138397631 0.384738569
A:/crcrccrc: 0.000000000 0.720561143 0.279438857
A:/crcrccrf: 0.000000000 0.666757369 0.333242631
A:/crcrcfrc: 0.000000000 0.686373268 0.313626732
A:/crcrcfrf: 0.000000000 0.423103737 0.576896263
A:/crcrcrcc: 0.000000000 0.340526278 0.659473722
A:/crcrcrcf: 0.000000000 0.286837704 0.713162296
A:/crcrcrfc: 0.000000000 0.605131341 0.394868659
A:/crcrcrff: 0.000000000 0.173054089 0.826945911
A:/crfc: 0.570106559 0.429893441 0.000000000
A:/crfcrcr: 0.000000000 0.887568418 0.112431582
A:/crfcrfr: 0.000000000 0.898778678 0.101221322
A:/crfcrrc: 0.000000000 0.743933754 0.256066246
A:/crfcrrf: 0.000000000 0.879119203 0.120880797
A:/crff: 0.466906195 0.533093805 0.000000000
A:/crffrr: 0.000000000 1.000000000 0.000000000
A:/crfr: 0.537915902 0.462084098 0.000000000
A:/crfrcrc: 0.000000000 0.969496747 0.030503253
A:/crfrcrf: 0.000000000 1.000000000 0.000000000
A:/crrc: 0.190558913 0.032086679 0.777354408
A:/crrccrcc: 0.000000000 0.973699949 0.026300051
A:/crrccrcf: 0.000000000 0.130473065 0.869526935
A:/crrccrfc: 0.000000000 0.490165193 0.509834807
A:/crrccrff: 0.000000000 0.062987252 0.937012748
A:/crrf: 0.933764460 0.066235540 0.000000000
A:/crrfcrc: 0.000000000 0.853390724 0.146609276
A:/crrfcrf: 0.000000000 0.397547306 0.602452694
A:/crrr: 0.000000000 0.909941689 0.090058311
A:/rccr: 0.640806255 0.359193745 0.000000000
A:/rccrccrc: 0.000000000 0.531187348 0.468812652
A:/rccrccrf: 0.000000000 0.221742356 0.778257644
A:/rccrcfrc: 0.000000000 0.540072719 0.459927281
A:/rccrcfrf: 0.000000000 0.252074553 0.747925447
A:/rccrcrcc: 0.000000000 0.981041945 0.018958055
A:/rccrcrcf: 0.000000000 0.297989582 0.702010418
A:/rccrcrfc: 0.000000000 0.812433545 0.187566455
A:/rccrcrff: 0.000000000 0.802041659 0.197958341
A:/rcfr: 0.793277032 0.102642718 0.104080250
A:/rcfrcrc: 0.000000000 0.637928319 0.362071681
A:/rcfrcrf: 0.000000000 0.667144141 0.332855859
A:/rcrc: 0.483827297 0.400974904 0.115197800
A:/rcrccrcc: 0.000000000 0.906308910 0.093691090
A:/rcrccrcf: 0.000000000 0.577169633 0.422830367
A:/rcrccrfc: 0.000000000 0.494926309 0.505073691
A:/rcrccrff: 0.000000000 0.532740667 0.467259333
A:/rcrf: 0.948867294 0.051132706 0.000000000
A:/rcrfcrc: 0.000000000 1.000000000 0.000000000
A:/rcrfcrf: 0.000000000 0.614812124 0.385187876
A:/rcrr: 0.000000000 0.777131967 0.222868033
A:/rfcr: 0.413660679 0.586339321 0.000000000
A:/rfcrcrc: 0.000000000 0.795077966 0.204922034
A:/rfcrcrf: 0.000000000 0.339055351 0.660944649
A:/rffr: 0.583469501 0.416530499 0.000000000
A:/rfrc: 0.485203679 0.405336217 0.109460104
A:/rfrf: 0.495474250 0.313262634 0.191263115
A:/rfrr: 0.000000000 1.000000000 0.000000000
A:/rrcc: 0.707088306 0.292911694 0.000000000
A:/rrcf: 0.639874411 0.360125589 0.000000000
A:/rrcr: 0.000000000 0.803271804 0.196728196
A:/rrfc: 0.702502703 0.263106616 0.034390681
A:/rrff: 0.264391920 0.735608080 0.000000000
A:/rrfr: 0.000000000 0.736370560 0.263629440
A:/rrrc: 0.000000000 0.624797264 0.375202736
A:/rrrf: 0.000000000 0.721608271 0.278391729
J:/: 0.000000000 1.000000000 0.000000000
J:/cccr: 0.000000000 0.000000000 1.000000000
J:/cccrccrc: 0.692656316 0.105456681 0.201887004
J:/cccrccrccrcc: 0.000000000 0.432132610 0.567867390
J:/cccrccrccrcf: 0.000000000 0.906860852 0.093139148
J:/cccrccrccrfc: 0.000000000 0.319877215 0.680122785
J:/cccrccrccrff: 0.000000000 0.923028685 0.076971315
J:/cccrccrf: 0.505763465 0.220897868 0.273338667
J:/cccrccrfcrc: 0.000000000 0.741404750 0.258595250
J:/cccrccrfcrf: 0.000000000 0.494948991 0.505051009
J:/cccrccrr: 0.000000000 0.000000000 1.000000000
J:/cccrcfrc: 0.660833554 0.181872527 0.157293919
J:/cccrcfrf: 0.174862794 0.314331482 0.510805725
J:/cccrcfrr: 0.000000000 0.000000000 1.000000000
J:/cccrcrcc: 0.311271903 0.151011907 0.537716190
J:/cccrcrcf: 0.284133623 0.070664226 0.645202151
J:/cccrcrcr: 0.000000000 0.000000000 1.000000000
J:/cccrcrfc: 0.362732083 0.000000000 0.637267917
J:/cccrcrff: 0.885246063 0.109205663 0.005548274
J:/cccrcrfr: 0.000000000 0.000000000 1.000000000
J:/cccrcrrc: 0.000000000 0.442915723 0.557084277
J:/cccrcrrf: 0.000000000 0.335022949 0.664977051
J:/cccrrccr: 0.000000000 0.664411849 0.335588151
J:/cccrrcfr: 0.000000000 0.000000000 1.000000000
J:/cccrrcrc: 0.000000000 0.682093078 0.317906922
J:/cccrrcrf: 0.000000000 0.331536097 0.668463903
J:/cccrrfcr: 0.000000000 0.003982676 0.996017324
J:/cccrrffr: 0.000000000 0.000000000 1.000000000
J:/cccrrfrc: 0.000000000 0.000000000 1.000000000
J:/cccrrfrf: 0.000000000 0.985074395 0.014925605
J:/cccrrrcc: 0.000000000 0.462824608 0.537175392
J:/cccrrrcf: 0.000000000 0.271082134 0.728917866
J:/cccrrrfc: 0.000000000 0.193443617 0.806556383
J:/cccrrrff: 0.000000000 0.001308604 0.998691396
J:/ccrc: 0.209331591 0.439778016 0.350890393
J:/ccrccrcc: 0.198439472 0.510210297 0.291350231
J:/ccrccrcf: 0.075390081 0.423182972 0.501426946
J:/ccrccrcr: 0.000000000 0.778287611 0.221712389
J:/ccrccrfc: 0.474071458 0.466338831 0.059589710
J:/ccrccrff: 0.832672325 0.028645036 0.138682639
J:/ccrccrfr: 0.000000000 0.439732611 0.560267389
J:/ccrccrrc: 0.000000000 0.419479012 0.580520988
J:/ccrccrrf: 0.000000000 0.554198062 0.445801938
J:/ccrcrccr: 0.000000000 0.326381961 0.673618039
J:/ccrcrcfr: 0.000000000 0.005539940 0.994460060
J:/ccrcrcrc: 0.000000000 0.406276731 0.593723269
J:/ccrcrcrf: 0.000000000 0.541123687 0.458876313
J:/ccrcrfcr: 0.000000000 0.647242970 0.352757030
J:/ccrcrffr: 0.000000000 0.818499564 0.181500436
J:/ccrcrfrc: 0.000000000 0.823682325 0.176317675
J:/ccrcrfrf: 0.000000000 0.310439576 0.689560424
J:/ccrcrrcc: 0.000000000 0.413187346 0.586812654
J:/ccrcrrcf: 0.000000000 0.515770325 0.484229675
J:/ccrcrrfc: 0.000000000 0.739535701 0.260464299
J:/ccrcrrff: 0.000000000 0.363528231 0.636471769
J:/ccrf: 0.473537502 0.319382857 0.207079641
J:/ccrfcrc: 0.154548159 0.291971827 0.553480013
J:/ccrfcrf: 0.531084079 0.338289403 0.130626517
J:/ccrfcrr: 0.000000000 0.470989431 0.529010569
J:/ccrfrcr: 0.000000000 0.349925151 0.650074849
J:/ccrfrfr: 0.000000000 0.649061441 0.350938559
J:/ccrfrrc: 0.000000000 0.478758501 0.521241499
J:/ccrfrrf: 0.000000000 0.715331534 0.284668466
J:/ccrr: 0.000000000 0.619141908 0.380858092
J:/ccrrccrc: 0.000000000 0.946573620 0.053426380
J:/ccrrccrf: 0.000000000 0.772168620 0.227831380
J:/ccrrcfrc: 0.000000000 0.244756702 0.755243298
J:/ccrrcfrf: 0.000000000 0.581372128 0.418627872
J:/ccrrcrcc: 0.000000000 0.488312742 0.511687258
J:/ccrrcrcf: 0.000000000 0.628795879 0.371204121
J:/ccrrcrfc: 0.000000000 0.801298934 0.198701066
J:/ccrrcrff: 0.000000000 0.548719159 0.451280841
J:/crcc: 0.618552087 0.232164277 0.149283636
J:/crccrccr: 0.000000000 0.527473755 0.472526245
J:/crccrcfr: 0.000000000 0.231911566 0.768088434
J:/crccrcrc: 0.000000000 0.496055513 0.503944487
J:/crccrcrf: 0.000000000 0.156723057 0.843276943
J:/crccrfcr: 0.000000000 0.667621550 0.332378450
J:/crccrffr: 0.000000000 0.269776176 0.730223824
J:/crccrfrc: 0.000000000 0.418820773 0.581179227
J:/crccrfrf: 0.000000000 0.487077925 0.512922075
J:/crccrrcc: 0.000000000 0.034638680 0.965361320
J:/crccrrcf: 0.000000000 0.214200396 0.785799604
J:/crccrrfc: 0.000000000 0.828689569 0.171310431
J:/crccrrff: 0.000000000 0.494398132 0.505601868
J:/crcf: 0.000085703 0.599734391 0.400179906
J:/crcfrcr: 0.000000000 0.197635876 0.802364124
J:/crcfrfr: 0.000000000 0.233376057 0.766623943
J:/crcfrrc: 0.000000000 0.295157000 0.704843000
J:/crcfrrf: 0.000000000 0.802259286 0.197740714
J:/crcr: 0.174222638 0.000000000 0.825777362
J:/crcrccrc: 0.000000000 0.357944752 0.642055248
J:/crcrccrf: 0.000000000 0.784354498 0.215645502
J:/crcrcfrc: 0.000000000 0.338429532 0.661570468
J:/crcrcfrf: 0.000000000 0.446142133 0.553857867
J:/crcrcrcc: 0.000000000 0.681918885 0.318081115
J:/crcrcrcf: 0.000000000 0.954985500 0.045014500
J:/crcrcrfc: 0.000000000 0.469524893 0.530475107
J:/crcrcrff: 0.000000000 0.741950165 0.258049835
J:/crfc: 0.018917665 0.000340266 0.980742068
J:/crfcrcr: 0.000000000 0.019535167 0.980464833
J:/crfcrfr: 0.000000000 0.792996095 0.207003905
J:/crfcrrc: 0.000000000 0.198706825 0.801293175
J:/crfcrrf: 0.000000000 0.419010236 0.580989764
J:/crff: 0.000000000 0.039499519 0.960500481
J:/crffrr: 0.000000000 0.000000000 1.000000000
J:/crfr: 0.000333061 0.000000000 0.999666939
J:/crfrcrc: 0.000000000 0.000000000 1.000000000
J:/crfrcrf: 0.000000000 0.253136698 0.746863302
J:/crrc: 0.038192548 0.324860073 0.636947380
J:/crrccrcc: 0.000000000 0.623043918 0.376956082
J:/crrccrcf: 0.000000000 0.631243208 0.368756792
J:/crrccrfc: 0.000000000 0.983723929 0.016276071
J:/crrccrff: 0.000000000 0.419832103 0.580167897
J:/crrf: 0.096995801 0.239157035 0.663847164
J:/crrfcrc: 0.000000000 0.482698263 0.517301737
J:/crrfcrf: 0.000000000 0.370574009 0.629425991
J:/crrr: 0.000000000 0.021147133 0.978852867
J:/rccr: 0.000013214 0.000000000 0.999986786
J:/rccrccrc: 0.000000000 0.888796954 0.111203046
J:/rccrccrf: 0.000000000 0.509896530 0.490103470
J:/rccrcfrc: 0.000000000 0.456111181 0.543888819
J:/rccrcfrf: 0.000000000 0.441304243 0.558695757
J:/rccrcrcc: 0.000000000 0.757798500 0.242201500
J:/rccrcrcf: 0.000000000 0.234476114 0.765523886
J:/rccrcrfc: 0.000000000 0.750965647 0.249034353
J:/rccrcrff: 0.000000000 0.098570723 0.901429277
J:/rcfr: 0.000094133 0.000000000 0.999905867
J:/rcfrcrc: 0.000000000 0.122553188 0.877446812
J:/rcfrcrf: 0.000000000 0.237392494 0.762607506
J:/rcrc: 0.385942731 0.376043669 0.238013600
J:/rcrccrcc: 0.000000000 0.188103559 0.811896441
J:/rcrccrcf: 0.000000000 0.134670531 0.865329469
J:/rcrccrfc: 0.000000000 0.139921288 0.860078712
J:/rcrccrff: 0.000000000 0.558560268 0.441439732
J:/rcrf: 0.590241554 0.409758446 0.000000000
J:/rcrfcrc: 0.000000000 0.304711309 0.695288691
J:/rcrfcrf: 0.000000000 0.033735669 0.966264331
J:/rcrr: 0.000000000 0.000000000 1.000000000
J:/rfcr: 0.054633091 0.000000000 0.945366909
J:/rfcrcrc: 0.000000000 0.330515694 0.669484306
J:/rfcrcrf: 0.000000000 0.234289718 0.765710282
J:/rffr: 0.173888135 0.000000000 0.826111865
J:/rfrc: 0.285196134 0.169103179 0.545700686
J:/rfrf: 0.207781916 0.216027147 0.576190937
J:/rfrr: 0.000000000 0.581343363 0.418656637
J:/rrcc: 0.000000000 0.000000000 1.000000000
J:/rrcf: 0.021096278 0.205802000 0.773101721
J:/rrcr: 0.000000000 0.000000000 1.000000000
J:/rrfc: 0.000156000 0.000000000 0.999844000
J:/rrff: 0.000000000 0.000000000 1.000000000
J:/rrfr: 0.000000000 0.000769055 0.999230945
J:/rrrc: 0.000000000 0.000000000 1.000000000
J:/rrrf: 0.000000000 0.000000000 1.000000000
K:/: 0.000979732 0.999020268 0.000000000
K:/cccr: 0.000000000 0.000000000 1.000000000
K:/cccrccrc: 0.559427448 0.000074035 0.440498517
K:/cccrccrccrcc: 0.000000000 0.642938306 0.357061694
K:/cccrccrccrcf: 0.000000000 0.315911682 0.684088318
K:/cccrccrccrfc: 0.000000000 0.047904122 0.952095878
K:/cccrccrccrff: 0.000000000 1.000000000 0.000000000
K:/cccrccrf: 0.411009888 0.510439399 0.078550714
K:/cccrccrfcrc: 0.000000000 0.648339029 0.351660971
K:/cccrccrfcrf: 0.000000000 0.632217401 0.367782599
K:/cccrccrr: 0.000000000 0.386063172 0.613936828
K:/cccrcfrc: 0.368126648 0.461800604 0.170072748
K:/cccrcfrf: 0.545814938 0.158270849 0.295914213
K:/cccrcfrr: 0.000000000 0.558242013 0.441757987
K:/cccrcrcc: 0.754122631 0.004425110 0.241452259
K:/cccrcrcf: 0.609829239 0.357501303 0.032669458
K:/cccrcrcr: 0.000000000 0.631415875 0.368584125
K:/cccrcrfc: 0.794195158 0.053011051 0.152793791
K:/cccrcrff: 0.678546931 0.310383458 0.011069610
K:/cccrcrfr: 0.000000000 0.467229182 0.532770818
K:/cccrcrrc: 0.000000000 0.480034617 0.519965383
K:/cccrcrrf: 0.000000000 0.062002794 0.937997206
K:/cccrrccr: 0.000000000 0.447832797 0.552167203
K:/cccrrcfr: 0.000000000 0.182645589 0.817354411
K:/cccrrcrc: 0.000000000 0.524177832 0.475822168
K:/cccrrcrf: 0.000000000 0.293597121 0.706402879
K:/cccrrfcr: 0.000000000 0.145893858 0.854106142
K:/cccrrffr: 0.000000000 0.330264065 0.669735935
K:/cccrrfrc: 0.000000000 0.014762423 0.985237577
K:/cccrrfrf: 0.000000000 0.277791449 0.722208551
K:/cccrrrcc: 0.000000000 0.171723896 0.828276104
K:/cccrrrcf: 0.000000000 0.992845572 0.007154428
K:/cccrrrfc: 0.000000000 0.030776417 0.969223583
K:/cccrrrff: 0.000000000 1.000000000 0.000000000
K:/ccrc: 0.204631165 0.132448827 0.662920009
K:/ccrccrcc: 0.416194337 0.253370826 0.330434838
K:/ccrccrcf: 0.024962491 0.519414340 0.455623169
K:/ccrccrcr: 0.000000000 0.198338914 0.801661086
K:/ccrccrfc: 0.148669463 0.233962667 0.617367869
K:/ccrccrff: 0.510668684 0.383911805 0.105419510
K:/ccrccrfr: 0.000000000 0.626160269 0.373839731
K:/ccrccrrc: 0.000000000 0.406437596 0.593562404
K:/ccrccrrf: 0.000000000 0.039202756 0.960797244
K:/ccrcrccr: 0.000000000 0.915332053 0.084667947
K:/ccrcrcfr: 0.000000000 0.662212477 0.337787523
K:/ccrcrcrc: 0.000000000 0.628685710 0.371314290
K:/ccrcrcrf: 0.000000000 0.404414083 0.595585917
K:/ccrcrfcr: 0.000000000 0.823976994 0.176023006
K:/ccrcrffr: 0.000000000 0.386471103 0.613528897
K:/ccrcrfrc: 0.000000000 0.830117930 0.169882070
K:/ccrcrfrf: 0.000000000 0.533072086 0.466927914
K:/ccrcrrcc: 0.000000000 0.288193146 0.711806854
K:/ccrcrrcf: 0.000000000 0.571378571 0.428621429
K:/ccrcrrfc: 0.000000000 0.661158563 0.338841437
K:/ccrcrrff: 0.000000000 0.938101781 0.061898219
K:/ccrf: 0.487046667 0.400059790 0.112893543
K:/ccrfcrc: 0.256499853 0.430246228 0.313253918
K:/ccrfcrf: 0.326978200 0.382657164 0.290364635
K:/ccrfcrr: 0.000000000 0.262136295 0.737863705
K:/ccrfrcr: 0.000000000 0.130422850 0.869577150
K:/ccrfrfr: 0.000000000 0.546535259 0.453464741
K:/ccrfrrc: 0.000000000 0.763329535 0.236670465
K:/ccrfrrf: 0.000000000 0.895320069 0.104679931
K:/ccrr: 0.344659355 0.365643750 0.289696895
K:/ccrrccrc: 0.000000000 0.484791230 0.515208770
K:/ccrrccrf: 0.000000000 0.974757042 0.025242958
K:/ccrrcfrc: 0.000000000 0.487468630 0.512531370
K:/ccrrcfrf: 0.000000000 0.348418231 0.651581769
K:/ccrrcrcc: 0.000000000 0.101578322 0.898421678
K:/ccrrcrcf: 0.000000000 0.699149626 0.300850374
K:/ccrrcrfc: 0.000000000 0.588089753 0.411910247
K:/ccrrcrff: 0.000000000 0.677147343 0.322852657
K:/crcc: 0.208340381 0.729518995 0.062140624
K:/crccrccr: 0.000000000 0.540034291 0.459965709
K:/crccrcfr: 0.000000000 0.169181972 0.830818028
K:/crccrcrc: 0.000000000 0.561002281 0.438997719
K:/crccrcrf: 0.000000000 0.187151039 0.812848961
K:/crccrfcr: 0.000000000 0.944509782 0.055490218
K:/crccrffr: 0.000000000 0.736688047 0.263311953
K:/crccrfrc: 0.000000000 0.605878471 0.394121529
K:/crccrfrf: 0.000000000 0.406759620 0.593240380
K:/crccrrcc: 0.000000000 0.586862742 0.413137258
K:/crccrrcf: 0.000000000 0.330541577 0.669458423
K:/crccrrfc: 0.000000000 0.584512069 0.415487931
K:/crccrrff: 0.000000000 0.251623615 0.748376385
K:/crcf: 0.296396282 0.422995500 0.280608217
K:/crcfrcr: 0.000000000 0.497002137 0.502997863
K:/crcfrfr: 0.000000000 0.420234321 0.579765679
K:/crcfrrc: 0.000000000 0.190253514 0.809746486
K:/crcfrrf: 0.000000000 0.998576463 0.001423537
K:/crcr: 0.536121777 0.167146858 0.296731366
K:/crcrccrc: 0.000000000 0.374810166 0.625189834
K:/crcrccrf: 0.000000000 0.228860170 0.771139830
K:/crcrcfrc: 0.000000000 0.659964145 0.340035855
K:/crcrcfrf: 0.000000000 0.468377780 0.531622220
K:/crcrcrcc: 0.000000000 0.617156791 0.382843209
K:/crcrcrcf: 0.000000000 0.244138098 0.755861902
K:/crcrcrfc: 0.000000000 0.495796121 0.504203879
K:/crcrcrff: 0.000000000 0.195460111 0.804539889
K:/crfc: 0.018507809 0.448105597 0.533386593
K:/crfcrcr: 0.000000000 0.360946077 0.639053923
K:/crfcrfr: 0.000000000 0.544190551 0.455809449
K:/crfcrrc: 0.000000000 0.256428682 0.743571318
K:/crfcrrf: 0.000000000 0.507377744 0.492622256
K:/crff: 0.000000000 0.704459539 0.295540461
K:/crffrr: 0.000000000 0.000000000 1.000000000
K:/crfr: 0.001600601 0.297635633 0.700763767
K:/crfrcrc: 0.000000000 0.617109186 0.382890814
K:/crfrcrf: 0.000000000 0.659885226 0.340114774
K:/crrc: 0.366587834 0.182200688 0.451211478
K:/crrccrcc: 0.000000000 0.377718895 0.622281105
K:/crrccrcf: 0.000000000 0.489163934 0.510836066
K:/crrccrfc: 0.000000000 0.506290020 0.493709980
K:/crrccrff: 0.000000000 0.653940884 0.346059116
K:/crrf: 0.492143394 0.400241135 0.107615471
K:/crrfcrc: 0.000000000 0.378935150 0.621064850
K:/crrfcrf: 0.000000000 0.833566036 0.166433964
K:/crrr: 0.000000000 0.775260543 0.224739457
K:/rccr: 0.000152299 0.000000000 0.999847701
K:/rccrccrc: 0.000000000 0.941214526 0.058785474
K:/rccrccrf: 0.000000000 0.450688339 0.549311661
K:/rccrcfrc: 0.000000000 0.607684665 0.392315335
K:/rccrcfrf: 0.000000000 0.489888535 0.510111465
K:/rccrcrcc: 0.000000000 0.855947994 0.144052006
K:/rccrcrcf: 0.000000000 0.642741603 0.357258397
K:/rccrcrfc: 0.000000000 0.681560368 0.318439632
K:/rccrcrff: 0.000000000 0.185713452 0.814286548
K:/rcfr: 0.041137738 0.040626020 0.918236242
K:/rcfrcrc: 0.000000000 0.110515533 0.889484467
K:/rcfrcrf: 0.000000000 0.716139400 0.283860600
K:/rcrc: 0.509670188 0.219898176 0.270431636
K:/rcrccrcc: 0.000000000 0.752961103 0.247038897
K:/rcrccrcf: 0.000000000 0.805651674 0.194348326
K:/rcrccrfc: 0.000000000 0.685999579 0.314000421
K:/rcrccrff: 0.000000000 0.200545597 0.799454403
K:/rcrf: 0.805769024 0.194230976 0.000000000
K:/rcrfcrc: 0.000000000 0.621884017 0.378115983
K:/rcrfcrf: 0.000000000 0.146256433 0.853743567
K:/rcrr: 0.000000000 0.442994211 0.557005789
K:/rfcr: 0.057916672 0.035993671 0.906089656
K:/rfcrcrc: 0.000000000 0.560395628 0.439604372
K:/rfcrcrf: 0.000000000 0.411635970 0.588364030
K:/rffr: 0.308861482 0.390502478 0.300636040
K:/rfrc: 0.533287897 0.038006515 0.428705588
K:/rfrf: 0.361135556 0.223480622 0.415383822
K:/rfrr: 0.000000000 0.526765564 0.473234436
K:/rrcc: 0.115277071 0.213111531 0.671611398
K:/rrcf: 0.011461331 0.419698751 0.568839918
K:/rrcr: 0.000000000 0.333891477 0.666108523
K:/rrfc: 0.384364833 0.212649699 0.402985468
K:/rrff: 0.000000000 0.291007150 0.708992850
K:/rrfr: 0.000000000 0.681102006 0.318897994
K:/rrrc: 0.000000000 0.079837139 0.920162861
K:/rrrf: 0.000000000 0.072062171 0.927937829
Q:/: 0.000519000 0.999481000 0.000000000
Q:/cccr: 0.000000000 0.000000000 1.000000000
Q:/cccrccrc: 0.684698879 0.028681783 0.286619338
Q:/cccrccrccrcc: 0.000000000 0.542227173 0.457772827
Q:/cccrccrccrcf: 0.000000000 0.418129622 0.581870378
Q:/cccrccrccrfc: 0.000000000 0.527956250 0.472043750
Q:/cccrccrccrff: 0.000000000 0.286094466 0.713905534
Q:/cccrccrf: 0.523775827 0.314198852 0.162025321
Q:/cccrccrfcrc: 0.000000000 0.367615636 0.632384364
Q:/cccrccrfcrf: 0.000000000 0.195260503 0.804739497
Q:/cccrccrr: 0.000000000 0.381267800 0.618732200
Q:/cccrcfrc: 0.205794940 0.591681905 0.202523156
Q:/cccrcfrf: 0.179812729 0.357180770 0.463006501
Q:/cccrcfrr: 0.000000000 0.131891880 0.868108120
Q:/cccrcrcc: 0.628583787 0.000000000 0.371416213
Q:/cccrcrcf: 0.650984083 0.271279563 0.077736354
Q:/cccrcrcr: 0.000000000 0.188096107 0.811903893
Q:/cccrcrfc: 0.576553709 0.000000000 0.423446291
Q:/cccrcrff: 0.828635737 0.171364263 0.000000000
Q:/cccrcrfr: 0.000000000 0.129352438 0.870647562
Q:/cccrcrrc: 0.000000000 0.039835255 0.960164745
Q:/cccrcrrf: 0.000000000 0.014323895 0.985676105
Q:/cccrrccr: 0.000000000 0.086401577 0.913598423
Q:/cccrrcfr: 0.000000000 0.641306147 0.358693853
Q:/cccrrcrc: 0.000000000 0.106070402 0.893929598
Q:/cccrrcrf: 0.000000000 0.319308821 0.680691179
Q:/cccrrfcr: 0.000000000 0.300243953 0.699756047
Q:/cccrrffr: 0.000000000 0.009701734 0.990298266
Q:/cccrrfrc: 0.000000000 0.078153936 0.921846064
Q:/cccrrfrf: 0.000000000 0.020144347 0.979855653
Q:/cccrrrcc: 0.000000000 0.601365902 0.398634098
Q:/cccrrrcf: 0.000000000 0.000000000 1.000000000
Q:/cccrrrfc: 0.000000000 0.162165276 0.837834724
Q:/cccrrrff: 0.000000000 0.174199891 0.825800109
Q:/ccrc: 0.304494992 0.221849363 0.473655645
Q:/ccrccrcc: 0.234792373 0.371110502 0.394097125
Q:/ccrccrcf: 0.274488407 0.368655768 0.356855825
Q:/ccrccrcr: 0.000000000 0.290223307 0.709776693
Q:/ccrccrfc: 0.492017050 0.503439019 0.004543931
Q:/ccrccrff: 0.363450108 0.410818413 0.225731479
Q:/ccrccrfr: 0.000000000 0.631364740 0.368635260
Q:/ccrccrrc: 0.000000000 0.669778060 0.330221940
Q:/ccrccrrf: 0.000000000 0.093694586 0.906305414
Q:/ccrcrccr: 0.000000000 0.394785907 0.605214093
Q:/ccrcrcfr: 0.000000000 0.273872849 0.726127151
Q:/ccrcrcrc: 0.000000000 0.905319830 0.094680170
Q:/ccrcrcrf: 0.000000000 0.474491041 0.525508959
Q:/ccrcrfcr: 0.000000000 0.912581210 0.087418790
Q:/ccrcrffr: 0.000000000 0.510713433 0.489286567
Q:/ccrcrfrc: 0.000000000 0.812589817 0.187410183
Q:/ccrcrfrf: 0.000000000 0.504204808 0.495795192
Q:/ccrcrrcc: 0.000000000 0.442742567 0.557257433
Q:/ccrcrrcf: 0.000000000 0.507600818 0.492399182
Q:/ccrcrrfc: 0.000000000 0.610782589 0.389217411
Q:/ccrcrrff: 0.000000000 0.399290601 0.600709399
Q:/ccrf: 0.381948496 0.242879427 0.375172078
Q:/ccrfcrc: 0.456289458 0.031864839 0.511845703
Q:/ccrfcrf: 0.354844662 0.172702587 0.472452751
Q:/ccrfcrr: 0.000000000 0.363124408 0.636875592
Q:/ccrfrcr: 0.000000000 0.218991880 0.781008120
Q:/ccrfrfr: 0.000000000 0.621405896 0.378594104
Q:/ccrfrrc: 0.000000000 0.343929836 0.656070164
Q:/ccrfrrf: 0.000000000 0.482188175 0.517811825
Q:/ccrr: 0.337982883 0.231465637 0.430551480
Q:/ccrrccrc: 0.000000000 0.179741047 0.820258953
Q:/ccrrccrf: 0.000000000 0.586212958 0.413787042
Q:/ccrrcfrc: 0.000000000 0.334555396 0.665444604
Q:/ccrrcfrf: 0.000000000 0.439940647 0.560059353
Q:/ccrrcrcc: 0.000000000 0.587115690 0.412884310
Q:/ccrrcrcf: 0.000000000 0.872177355 0.127822645
Q:/ccrrcrfc: 0.000000000 0.713252945 0.286747055
Q:/ccrrcrff: 0.000000000 0.625885270 0.374114730
Q:/crcc: 0.030038512 0.526917265 0.443044223
Q:/crccrccr: 0.000000000 0.296376995 0.703623005
Q:/crccrcfr: 0.000000000 0.366076914 0.633923086
Q:/crccrcrc: 0.000000000 0.590279079 0.409720921
Q:/crccrcrf: 0.000000000 0.138525930 0.861474070
Q:/crccrfcr: 0.000000000 0.715645343 0.284354657
Q:/crccrffr: 0.000000000 0.113396534 0.886603466
Q:/crccrfrc: 0.000000000 0.078443839 0.921556161
Q:/crccrfrf: 0.000000000 0.520422305 0.479577695
Q:/crccrrcc: 0.000000000 0.305185819 0.694814181
Q:/crccrrcf: 0.000000000 0.727733914 0.272266086
Q:/crccrrfc: 0.000000000 0.835554998 0.164445002
Q:/crccrrff: 0.000000000 0.515981943 0.484018057
Q:/crcf: 0.597726049 0.135213332 0.267060620
Q:/crcfrcr: 0.000000000 0.048558119 0.951441881
Q:/crcfrfr: 0.000000000 0.621507007 0.378492993
Q:/crcfrrc: 0.000000000 0.873419071 0.126580929
Q:/crcfrrf: 0.000000000 0.563340870 0.436659130
Q:/crcr: 0.222622179 0.013739320 0.763638501
Q:/crcrccrc: 0.000000000 0.506866550 0.493133450
Q:/crcrccrf: 0.000000000 0.554561884 0.445438116
Q:/crcrcfrc: 0.000000000 0.403684813 0.596315187
Q:/crcrcfrf: 0.000000000 0.365460692 0.634539308
Q:/crcrcrcc: 0.000000000 0.640859689 0.359140311
Q:/crcrcrcf: 0.000000000 0.574843938 0.425156062
Q:/crcrcrfc: 0.000000000 0.369235732 0.630764268
Q:/crcrcrff: 0.000000000 0.195090657 0.804909343
Q:/crfc: 0.015225289 0.027568381 0.957206330
Q:/crfcrcr: 0.000000000 0.826962961 0.173037039
Q:/crfcrfr: 0.000000000 0.260267239 0.739732761
Q:/crfcrrc: 0.000000000 0.197705267 0.802294733
Q:/crfcrrf: 0.000000000 0.289516151 0.710483849
Q:/crff: 0.000000000 0.225852805 0.774147195
Q:/crffrr: 0.000000000 0.000000000 1.000000000
Q:/crfr: 0.000416326 0.000000000 0.999583674
Q:/crfrcrc: 0.000000000 0.491248246 0.508751754
Q:/crfrcrf: 0.000000000 0.001635394 0.998364606
Q:/crrc: 0.138286288 0.633593515 0.228120197
Q:/crrccrcc: 0.000000000 0.431591445 0.568408555
Q:/crrccrcf: 0.000000000 0.203428941 0.796571059
Q:/crrccrfc: 0.000000000 0.743795080 0.256204920
Q:/crrccrff: 0.000000000 0.637711146 0.362288854
Q:/crrf: 0.000000000 0.564110416 0.435889584
Q:/crrfcrc: 0.000000000 0.456825996 0.543174004
Q:/crrfcrf: 0.000000000 0.245783242 0.754216758
Q:/crrr: 0.000000000 0.459883787 0.540116213
Q:/rccr: 0.000046636 0.000000000 0.999953364
Q:/rccrccrc: 0.000000000 0.153727421 0.846272579
Q:/rccrccrf: 0.000000000 0.848225452 0.151774548
Q:/rccrcfrc: 0.000000000 0.841756964 0.158243036
Q:/rccrcfrf: 0.000000000 0.821335523 0.178664477
Q:/rccrcrcc: 0.000000000 0.079931408 0.920068592
Q:/rccrcrcf: 0.000000000 0.548714861 0.451285139
Q:/rccrcrfc: 0.000000000 0.506687654 0.493312346
Q:/rccrcrff: 0.000000000 0.545497593 0.454502407
Q:/rcfr: 0.000075116 0.000000000 0.999924884
Q:/rcfrcrc: 0.000000000 0.217170465 0.782829535
Q:/rcfrcrf: 0.000000000 0.678543973 0.321456027
Q:/rcrc: 0.080438200 0.065305829 0.854255971
Q:/rcrccrcc: 0.000000000 0.330402942 0.669597058
Q:/rcrccrcf: 0.000000000 0.211990617 0.788009383
Q:/rcrccrfc: 0.000000000 0.272601966 0.727398034
Q:/rcrccrff: 0.000000000 0.528463623 0.471536377
Q:/rcrf: 0.592627343 0.407372657 0.000000000
Q:/rcrfcrc: 0.000000000 0.772848593 0.227151407
Q:/rcrfcrf: 0.000000000 0.731968051 0.268031949
Q:/rcrr: 0.000000000 0.105588049 0.894411951
Q:/rfcr: 0.047289707 0.021462105 0.931248188
Q:/rfcrcrc: 0.000000000 0.378541844 0.621458156
Q:/rfcrcrf: 0.000000000 0.719887057 0.280112943
Q:/rffr: 0.129444628 0.154011502 0.716543870
Q:/rfrc: 0.399413547 0.156669548 0.443916905
Q:/rfrf: 0.088868655 0.345693163 0.565438183
Q:/rfrr: 0.000000000 0.139965971 0.860034029
Q:/rrcc: 0.102456812 0.225934173 0.671609014
Q:/rrcf: 0.061925800 0.021830791 0.916243409
Q:/rrcr: 0.000000000 0.001737481 0.998262519
Q:/rrfc: 0.147771375 0.053185729 0.799042896
Q:/rrff: 0.000000000 0.289144256 0.710855744
Q:/rrfr: 0.000000000 0.127457284 0.872542716
Q:/rrrc: 0.000000000 0.000000000 1.000000000
Q:/rrrf: 0.000000000 0.131555356 0.868444644
T:/: 0.000000000 1.000000000 0.000000000
T:/cccr: 0.000000000 0.000000000 1.000000000
T:/cccrccrc: 0.183452757 0.293512070 0.523035172
T:/cccrccrccrcc: 0.000000000 0.411554076 0.588445924
T:/cccrccrccrcf: 0.000000000 0.497870629 0.502129371
T:/cccrccrccrfc: 0.000000000 0.910094051 0.089905949
T:/cccrccrccrff: 0.000000000 0.690654371 0.309345629
T:/cccrccrf: 0.465166936 0.000000000 0.534833064
T:/cccrccrfcrc: 0.000000000 0.376068013 0.623931987
T:/cccrccrfcrf: 0.000000000 0.713150307 0.286849693
T:/cccrccrr: 0.000000000 0.327860024 0.672139976
T:/cccrcfrc: 0.515847634 0.029292724 0.454859642
T:/cccrcfrf: 0.040785425 0.668397859 0.290816716
T:/cccrcfrr: 0.000000000 0.154476786 0.845523214
T:/cccrcrcc: 0.340392953 0.161226120 0.498380928
T:/cccrcrcf: 0.433203322 0.217259198 0.349537480
T:/cccrcrcr: 0.000000000 0.363539316 0.636460684
T:/cccrcrfc: 0.642717294 0.000000000 0.357282706
T:/cccrcrff: 0.584882184 0.000000000 0.415117816
T:/cccrcrfr: 0.000000000 0.000000000 1.000000000
T:/cccrcrrc: 0.000000000 0.000000000 1.000000000
T:/cccrcrrf: 0.000000000 0.398162815 0.601837185
T:/cccrrccr: 0.000000000 0.244880505 0.755119495
T:/cccrrcfr: 0.000000000 0.383871150 0.616128850
T:/cccrrcrc: 0.000000000 0.288664347 0.711335653
T:/cccrrcrf: 0.000000000 0.415398491 0.584601509
T:/cccrrfcr: 0.000000000 0.015487699 0.984512301
T:/cccrrffr: 0.000000000 0.000000000 1.000000000
T:/cccrrfrc: 0.000000000 0.000000000 1.000000000
T:/cccrrfrf: 0.000000000 0.553812298 0.446187702
T:/cccrrrcc: 0.000000000 0.071627480 0.928372520
T:/cccrrrcf: 0.000000000 0.377686114 0.622313886
T:/cccrrrfc: 0.000000000 0.061429849 0.938570151
T:/cccrrrff: 0.000000000 0.493628404 0.506371596
T:/ccrc: 0.000008794 0.655892204 0.344099002
T:/ccrccrcc: 0.332864977 0.197183549 0.469951474
T:/ccrccrcf: 0.284593933 0.441749481 0.273656586
T:/ccrccrcr: 0.000000000 0.174456361 0.825543639
T:/ccrccrfc: 0.398901741 0.232710963 0.368387295
T:/ccrccrff: 0.407565978 0.298228502 0.294205520
T:/ccrccrfr: 0.000000000 0.651128759 0.348871241
T:/ccrccrrc: 0.000000000 0.321459374 0.678540626
T:/ccrccrrf: 0.000000000 0.972314841 0.027685159
T:/ccrcrccr: 0.000000000 0.826600192 0.173399808
T:/ccrcrcfr: 0.000000000 0.535841720 0.464158280
T:/ccrcrcrc: 0.000000000 0.455507673 0.544492327
T:/ccrcrcrf: 0.000000000 0.410215547 0.589784453
T:/ccrcrfcr: 0.000000000 0.479245917 0.520754083
T:/ccrcrffr: 0.000000000 0.210957833 0.789042167
T:/ccrcrfrc: 0.000000000 0.423386125 0.576613875
T:/ccrcrfrf: 0.000000000 0.680085635 0.319914365
T:/ccrcrrcc: 0.000000000 0.932477742 0.067522258
T:/ccrcrrcf: 0.000000000 0.645222666 0.354777334
T:/ccrcrrfc: 0.000000000 0.474445704 0.525554296
T:/ccrcrrff: 0.000000000 0.516324850 0.483675150
T:/ccrf: 0.471209646 0.000000000 0.528790354
T:/ccrfcrc: 0.372380456 0.311471084 0.316148460
T:/ccrfcrf: 0.266857303 0.189733076 0.543409621
T:/ccrfcrr: 0.000000000 0.749611861 0.250388139
T:/ccrfrcr: 0.000000000 0.550258151 0.449741849
T:/ccrfrfr: 0.000000000 0.595643312 0.404356688
T:/ccrfrrc: 0.000000000 0.261848080 0.738151920
T:/ccrfrrf: 0.000000000 0.931952452 0.068047548
T:/ccrr: 0.103571223 0.267698667 0.628730110
T:/ccrrccrc: 0.000000000 0.291552799 0.708447201
T:/ccrrccrf: 0.000000000 0.403466410 0.596533590
T:/ccrrcfrc: 0.000000000 0.797928013 0.202071987
T:/ccrrcfrf: 0.000000000 0.375701383 0.624298617
T:/ccrrcrcc: 0.000000000 0.312503992 0.687496008
T:/ccrrcrcf: 0.000000000 0.175626146 0.824373854
T:/ccrrcrfc: 0.000000000 0.778825259 0.221174741
T:/ccrrcrff: 0.000000000 0.335036849 0.664963151
T:/crcc: 0.305581402 0.355675024 0.338743574
T:/crccrccr: 0.000000000 0.939980813 0.060019187
T:/crccrcfr: 0.000000000 0.843151024 0.156848976
T:/crccrcrc: 0.000000000 0.681509997 0.318490003
T:/crccrcrf: 0.000000000 0.907411760 0.092588240
T:/crccrfcr: 0.000000000 0.859326955 0.140673045
T:/crccrffr: 0.000000000 0.315026107 0.684973893
T:/crccrfrc: 0.000000000 0.130231410 0.869768590
T:/crccrfrf: 0.000000000 0.642698201 0.357301799
T:/crccrrcc: 0.000000000 0.573016787 0.426983213
T:/crccrrcf: 0.000000000 0.453679515 0.546320485
T:/crccrrfc: 0.000000000 0.199389286 0.800610714
T:/crccrrff: 0.000000000 0.420686195 0.579313805
T:/crcf: 0.107048362 0.412320545 0.480631093
T:/crcfrcr: 0.000000000 0.767241800 0.232758200
T:/crcfrfr: 0.000000000 0.172382806 0.827617194
T:/crcfrrc: 0.000000000 0.128415008 0.871584992
T:/crcfrrf: 0.000000000 0.361979551 0.638020449
T:/crcr: 0.461109102 0.000000000 0.538890898
T:/crcrccrc: 0.000000000 0.439856568 0.560143432
T:/crcrccrf: 0.000000000 0.626952700 0.373047300
T:/crcrcfrc: 0.000000000 0.755040474 0.244959526
T:/crcrcfrf: 0.000000000 0.763222862 0.236777138
T:/crcrcrcc: 0.000000000 0.276332355 0.723667645
T:/crcrcrcf: 0.000000000 0.517810251 0.482189749
T:/crcrcrfc: 0.000000000 0.372292900 0.627707100
T:/crcrcrff: 0.000000000 0.445181602 0.554818398
T:/crfc: 0.016556736 0.000031587 0.983411677
T:/crfcrcr: 0.000000000 0.786342810 0.213657190
T:/crfcrfr: 0.000000000 0.285113550 0.714886450
T:/crfcrrc: 0.000000000 0.182253518 0.817746482
T:/crfcrrf: 0.000000000 0.297892042 0.702107958
T:/crff: 0.000000000 0.000000000 1.000000000
T:/crffrr: 0.000000000 0.000000000 1.000000000
T:/crfr: 0.000000000 0.000000000 1.000000000
T:/crfrcrc: 0.000000000 0.579489191 0.420510809
T:/crfrcrf: 0.000000000 0.000000000 1.000000000
T:/crrc: 0.102465443 0.458491220 0.439043337
T:/crrccrcc: 0.000000000 0.220403358 0.779596642
T:/crrccrcf: 0.000000000 0.504923739 0.495076261
T:/crrccrfc: 0.000000000 0.135247151 0.864752849
T:/crrccrff: 0.000000000 0.557338164 0.442661836
T:/crrf: 0.000000000 0.156581269 0.843418731
T:/crrfcrc: 0.000000000 0.775946083 0.224053917
T:/crrfcrf: 0.000000000 0.852182648 0.147817352
T:/crrr: 0.000000000 0.642212121 0.357787879
T:/rccr: 0.000000000 0.000000000 1.000000000
T:/rccrccrc: 0.000000000 0.696314426 0.303685574
T:/rccrccrf: 0.000000000 0.638096777 0.361903223
T:/rccrcfrc: 0.000000000 0.136786393 0.863213607
T:/rccrcfrf: 0.000000000 0.032284195 0.967715805
T:/rccrcrcc: 0.000000000 0.122502800 0.877497200
T:/rccrcrcf: 0.000000000 0.000000000 1.000000000
T:/rccrcrfc: 0.000000000 0.285159266 0.714840734
T:/rccrcrff: 0.000000000 0.656181018 0.343818982
T:/rcfr: 0.000023371 0.000000000 0.999976629
T:/rcfrcrc: 0.000000000 0.357942578 0.642057422
T:/rcfrcrf: 0.000000000 0.584086935 0.415913065
T:/rcrc: 0.252918201 0.080183363 0.666898436
T:/rcrccrcc: 0.000000000 0.478674054 0.521325946
T:/rcrccrcf: 0.000000000 0.612837354 0.387162646
T:/rcrccrfc: 0.000000000 0.476514260 0.523485740
T:/rcrccrff: 0.000000000 0.237010002 0.762989998
T:/rcrf: 0.721779496 0.278220504 0.000000000
T:/rcrfcrc: 0.000000000 0.394569172 0.605430828
T:/rcrfcrf: 0.000000000 0.303078132 0.696921868
T:/rcrr: 0.000000000 0.105473235 0.894526765
T:/rfcr: 0.032215421 0.000000000 0.967784579
T:/rfcrcrc: 0.000000000 0.746233344 0.253766656
T:/rfcrcrf: 0.000000000 0.130269716 0.869730284
T:/rffr: 0.122074900 0.000000000 0.877925100
T:/rfrc: 0.178998816 0.000000000 0.821001184
T:/rfrf: 0.499789106 0.308195622 0.192015272
T:/rfrr: 0.000000000 0.034477724 0.965522276
T:/rrcc: 0.261314749 0.203721177 0.534964073
T:/rrcf: 0.267992292 0.000000000 0.732007708
T:/rrcr: 0.000000000 0.000000000 1.000000000
T:/rrfc: 0.000063291 0.000000000 0.999936709
T:/rrff: 0.000000000 0.000000000 1.000000000
T:/rrfr: 0.000000000 0.000000000 1.000000000
T:/rrrc: 0.000000000 0.000000000 1.000000000
T:/rrrf: 0.000000000 0.000000000 1.000000000
