A:/cc: 0.214307019 0.785692981 0.000000000
A:/cccrcc: 0.786163492 0.213123349 0.000713159
A:/cccrccrccr: 0.000000000 0.449718919 0.550281081
A:/cccrccrcfr: 0.000000000 0.685781501 0.314218499
A:/cccrccrcrc: 0.000000000 0.346712120 0.653287880
A:/cccrccrcrf: 0.000000000 0.271726638 0.728273362
A:/cccrccrfcr: 0.000000000 0.187567521 0.812432479
A:/cccrccrffr: 0.000000000 0.381789860 0.618210140
A:/cccrccrfrc: 0.000000000 0.541244421 0.458755579
A:/cccrccrfrf: 0.000000000 0.345394864 0.654605136
A:/cccrccrrcc: 0.000000000 0.689075841 0.310924159
A:/cccrccrrcf: 0.000000000 0.221585216 0.778414784
A:/cccrccrrfc: 0.000000000 0.553812298 0.446187702
A:/cccrccrrff: 0.000000000 0.524257957 0.475742043
A:/cccrcf: 0.669262723 0.223977264 0.106760013
A:/cccrcfrcr: 0.000000000 0.598420506 0.401579494
A:/cccrcfrfr: 0.000000000 0.447262525 0.552737475
A:/cccrcfrrc: 0.000000000 0.681816119 0.318183881
A:/cccrcfrrf: 0.000000000 0.657926579 0.342073421
A:/cccrcr: 0.240263419 0.759736581 0.000000000
A:/cccrcrccrc: 0.000000000 0.323812435 0.676187565
A:/cccrcrccrf: 0.000000000 0.148357191 0.851642809
A:/cccrcrcfrc: 0.000000000 0.783320756 0.216679244
A:/cccrcrcfrf: 0.000000000 0.815777911 0.184222089
A:/cccrcrcrcc: 0.000000000 0.586780624 0.413219376
A:/cccrcrcrcf: 0.000000000 0.942113644 0.057886356
A:/cccrcrcrfc: 0.000000000 0.800527258 0.199472742
A:/cccrcrcrff: 0.000000000 0.873150211 0.126849789
A:/cccrfc: 0.483071972 0.516928028 0.000000000
A:/cccrfcrcr: 0.000000000 0.850821349 0.149178651
A:/cccrfcrfr: 0.000000000 0.960700013 0.039299987
A:/cccrfcrrc: 0.000000000 0.827790734 0.172209266
A:/cccrfcrrf: 0.000000000 0.986958075 0.013041925
A:/cccrff: 0.401245206 0.598754794 0.000000000
A:/cccrffrr: 0.000000000 1.000000000 0.000000000
A:/cccrfr: 0.739398132 0.179578309 0.081023559
A:/cccrfrcrc: 0.000000000 0.806957431 0.193042569
A:/cccrfrcrf: 0.000000000 0.667497711 0.332502289
A:/cccrrc: 0.798204839 0.201795161 0.000000000
A:/cccrrccrcc: 0.000000000 0.570251331 0.429748669
A:/cccrrccrcf: 0.000000000 0.623746449 0.376253551
A:/cccrrccrfc: 0.000000000 0.547896760 0.452103240
A:/cccrrccrff: 0.000000000 0.954224526 0.045775474
A:/cccrrf: 0.589227399 0.410772601 0.000000000
A:/cccrrfcrc: 0.000000000 0.615279394 0.384720606
A:/cccrrfcrf: 0.000000000 0.568987708 0.431012292
A:/cccrrr: 0.000000000 0.827578848 0.172421152
A:/ccrccr: 0.685885368 0.314114632 0.000000000
A:/ccrccrccrc: 0.000000000 0.483457634 0.516542366
A:/ccrccrccrf: 0.000000000 0.548401836 0.451598164
A:/ccrccrcfrc: 0.000000000 0.413247311 0.586752689
A:/ccrccrcfrf: 0.000000000 0.351315713 0.648684287
A:/ccrccrcrcc: 0.000000000 0.497976330 0.502023670
A:/ccrccrcrcf: 0.000000000 0.258674616 0.741325384
A:/ccrccrcrfc: 0.000000000 1.000000000 0.000000000
A:/ccrccrcrff: 0.000000000 1.000000000 0.000000000
A:/ccrcfr: 0.599112182 0.400887818 0.000000000
A:/ccrcfrcrc: 0.000000000 0.698729164 0.301270836
A:/ccrcfrcrf: 0.000000000 0.783807839 0.216192161
A:/ccrcrc: 0.621570938 0.298076364 0.080352697
A:/ccrcrccrcc: 0.000000000 0.739402856 0.260597144
A:/ccrcrccrcf: 0.000000000 0.396371346 0.603628654
A:/ccrcrccrfc: 0.000000000 0.528243659 0.471756341
A:/ccrcrccrff: 0.000000000 0.813844960 0.186155040
A:/ccrcrf: 0.899302676 0.100697324 0.000000000
A:/ccrcrfcrc: 0.000000000 0.735936079 0.264063921
A:/ccrcrfcrf: 0.000000000 0.603773565 0.396226435
A:/ccrcrr: 0.000000000 0.832873633 0.167126367
A:/ccrfcr: 0.477737631 0.522262369 0.000000000
A:/ccrfcrcrc: 0.000000000 1.000000000 0.000000000
A:/ccrfcrcrf: 0.000000000 0.391849114 0.608150886
A:/ccrffr: 0.641384235 0.358615765 0.000000000
A:/ccrfrc: 0.377018796 0.622981204 0.000000000
A:/ccrfrf: 0.119694918 0.478896183 0.401408898
A:/ccrfrr: 0.000000000 1.000000000 0.000000000
A:/ccrrcc: 0.318921835 0.532340286 0.148737879
A:/ccrrcf: 0.436086155 0.563913845 0.000000000
A:/ccrrcr: 0.000000000 0.940197324 0.059802676
A:/ccrrfc: 0.516579040 0.418227129 0.065193830
A:/ccrrff: 0.614554840 0.385445160 0.000000000
A:/ccrrfr: 0.000000000 0.946939931 0.053060069
A:/ccrrrc: 0.000000000 0.354575214 0.645424786
A:/ccrrrf: 0.000000000 0.479017890 0.520982110
A:/cr: 0.411358743 0.588641257 0.000000000
A:/crccrc: 0.322990793 0.404129319 0.272879888
A:/crccrccrcc: 0.000000000 0.856150362 0.143849638
A:/crccrccrcf: 0.000000000 1.000000000 0.000000000
A:/crccrccrfc: 0.000000000 0.959225193 0.040774807
A:/crccrccrff: 0.000000000 1.000000000 0.000000000
A:/crccrf: 0.512044028 0.341744867 0.146211106
A:/crccrfcrc: 0.000000000 0.718814479 0.281185521
A:/crccrfcrf: 0.000000000 0.508837807 0.491162193
A:/crccrr: 0.000000000 0.647446751 0.352553249
A:/crcfrc: 0.661269634 0.099090503 0.239639863
A:/crcfrf: 0.591366158 0.179275893 0.229357948
A:/crcfrr: 0.000000000 0.699832396 0.300167604
A:/crcrcc: 0.306974825 0.411144083 0.281881092
A:/crcrcf: 0.379951003 0.119046870 0.501002128
A:/crcrcr: 0.000000000 0.691768276 0.308231724
A:/crcrfc: 0.479440578 0.358135150 0.162424272
A:/crcrff: 0.544065749 0.397653592 0.058280659
A:/crcrfr: 0.000000000 0.750138310 0.249861690
A:/crcrrc: 0.000000000 0.898773327 0.101226673
A:/crcrrf: 0.000000000 0.524371442 0.475628558
A:/crrccr: 0.000000000 0.903229416 0.096770584
A:/crrcfr: 0.000000000 0.900278014 0.099721986
A:/crrcrc: 0.000000000 0.448599259 0.551400741
A:/crrcrf: 0.000000000 0.559918781 0.440081219
A:/crrfcr: 0.000000000 1.000000000 0.000000000
A:/crrffr: 0.000000000 0.801877088 0.198122912
A:/crrfrc: 0.000000000 0.464667977 0.535332023
A:/crrfrf: 0.000000000 0.450005745 0.549994255
A:/crrrcc: 0.000000000 0.609140802 0.390859198
A:/crrrcf: 0.000000000 0.655275673 0.344724327
A:/crrrfc: 0.000000000 0.691753504 0.308246496
A:/crrrff: 0.000000000 0.829515579 0.170484421
A:/rc: 0.465051284 0.299370165 0.235578551
A:/rccrcc: 0.358351614 0.446070481 0.195577905
A:/rccrcf: 0.110192326 0.539564127 0.350243547
A:/rccrcr: 0.000000000 0.270251261 0.729748739
A:/rccrfc: 0.502117349 0.311561391 0.186321260
A:/rccrff: 0.391517671 0.451203862 0.157278467
A:/rccrfr: 0.000000000 0.636000720 0.363999280
A:/rccrrc: 0.000000000 0.652170480 0.347829520
A:/rccrrf: 0.000000000 0.484548943 0.515451057
A:/rcrccr: 0.000000000 0.521568720 0.478431280
A:/rcrcfr: 0.000000000 0.541711099 0.458288901
A:/rcrcrc: 0.000000000 0.656844085 0.343155915
A:/rcrcrf: 0.000000000 0.413836744 0.586163256
A:/rcrfcr: 0.000000000 0.787896821 0.212103179
A:/rcrffr: 0.000000000 0.650925800 0.349074200
A:/rcrfrc: 0.000000000 0.375500548 0.624499452
A:/rcrfrf: 0.000000000 0.446129250 0.553870750
A:/rcrrcc: 0.000000000 0.598084126 0.401915874
A:/rcrrcf: 0.000000000 0.659873589 0.340126411
A:/rcrrfc: 0.000000000 0.013004168 0.986995832
A:/rcrrff: 0.000000000 0.447131456 0.552868544
A:/rf: 0.544486466 0.209084184 0.246429350
A:/rfcrc: 0.170662666 0.708115420 0.121221913
A:/rfcrf: 0.602034674 0.163656633 0.234308693
A:/rfcrr: 0.000000000 0.967941516 0.032058484
A:/rfrcr: 0.000000000 0.568015307 0.431984693
A:/rfrfr: 0.000000000 0.629079329 0.370920671
A:/rfrrc: 0.000000000 0.965734587 0.034265413
A:/rfrrf: 0.000000000 0.278489134 0.721510866
A:/rr: 0.177879929 0.503497694 0.318622377
A:/rrccrc: 0.000000000 0.159469115 0.840530885
A:/rrccrf: 0.000000000 0.706338064 0.293661936
A:/rrcfrc: 0.000000000 0.440981158 0.559018842
A:/rrcfrf: 0.000000000 0.671753928 0.328246072
A:/rrcrcc: 0.000000000 0.531374883 0.468625117
A:/rrcrcf: 0.000000000 0.549877877 0.450122123
A:/rrcrfc: 0.000000000 0.712634437 0.287365563
A:/rrcrff: 0.000000000 0.676162921 0.323837079
J:/cc: 0.021342627 0.978657373 0.000000000
J:/cccrcc: 0.412878062 0.533183026 0.053938912
J:/cccrccrccr: 0.000000000 0.059817610 0.940182390
J:/cccrccrcfr: 0.000000000 0.933684307 0.066315693
J:/cccrccrcrc: 0.000000000 0.651090600 0.348909400
J:/cccrccrcrf: 0.000000000 0.679520996 0.320479004
J:/cccrccrfcr: 0.000000000 0.619079298 0.380920702
J:/cccrccrffr: 0.000000000 0.759216541 0.240783459
J:/cccrccrfrc: 0.000000000 0.833590094 0.166409906
J:/cccrccrfrf: 0.000000000 0.473061322 0.526938678
J:/cccrccrrcc: 0.000000000 0.395697169 0.604302831
J:/cccrccrrcf: 0.000000000 0.438553157 0.561446843
J:/cccrccrrfc: 0.000000000 0.277791019 0.722208981
J:/cccrccrrff: 0.000000000 0.248255680 0.751744320
J:/cccrcf: 0.000000000 0.459152388 0.540847612
J:/cccrcfrcr: 0.000000000 0.496254026 0.503745974
J:/cccrcfrfr: 0.000000000 0.276408564 0.723591436
J:/cccrcfrrc: 0.000000000 0.738212365 0.261787635
J:/cccrcfrrf: 0.000000000 0.559388446 0.440611554
J:/cccrcr: 0.057370756 0.397813189 0.544816055
J:/cccrcrccrc: 0.000000000 0.270831412 0.729168588
J:/cccrcrccrf: 0.000000000 0.439452243 0.560547757
J:/cccrcrcfrc: 0.000000000 0.471519221 0.528480779
J:/cccrcrcfrf: 0.000000000 0.360498107 0.639501893
J:/cccrcrcrcc: 0.000000000 0.125830929 0.874169071
J:/cccrcrcrcf: 0.000000000 0.526579963 0.473420037
J:/cccrcrcrfc: 0.000000000 0.049541247 0.950458753
J:/cccrcrcrff: 0.000000000 0.919396721 0.080603279
J:/cccrfc: 0.000000000 0.000000000 1.000000000
J:/cccrfcrcr: 0.000000000 0.455606076 0.544393924
J:/cccrfcrfr: 0.000000000 0.000000000 1.000000000
J:/cccrfcrrc: 0.000000000 0.016453229 0.983546771
J:/cccrfcrrf: 0.000000000 0.000000000 1.000000000
J:/cccrff: 0.000140471 0.000000000 0.999859529
J:/cccrffrr: 0.000000000 0.000000000 1.000000000
J:/cccrfr: 0.000000000 0.000000000 1.000000000
J:/cccrfrcrc: 0.000000000 0.777022959 0.222977041
J:/cccrfrcrf: 0.000000000 0.768647041 0.231352959
J:/cccrrc: 0.012587364 0.693832937 0.293579698
J:/cccrrccrcc: 0.000000000 0.058482861 0.941517139
J:/cccrrccrcf: 0.000000000 0.383555575 0.616444425
J:/cccrrccrfc: 0.000000000 0.734084603 0.265915397
J:/cccrrccrff: 0.000000000 0.832397746 0.167602254
J:/cccrrf: 0.090339443 0.508468579 0.401191978
J:/cccrrfcrc: 0.000000000 0.310599610 0.689400390
J:/cccrrfcrf: 0.000000000 0.439016311 0.560983689
J:/cccrrr: 0.000000000 0.489698989 0.510301011
J:/ccrccr: 0.201120736 0.425039103 0.373840161
J:/ccrccrccrc: 0.000000000 0.574236455 0.425763545
J:/ccrccrccrf: 0.000000000 0.789636071 0.210363929
J:/ccrccrcfrc: 0.000000000 0.369241656 0.630758344
J:/ccrccrcfrf: 0.000000000 0.596027741 0.403972259
J:/ccrccrcrcc: 0.000000000 0.496895105 0.503104895
J:/ccrccrcrcf: 0.000000000 0.245999008 0.754000992
J:/ccrccrcrfc: 0.000000000 0.211781630 0.788218370
J:/ccrccrcrff: 0.000000000 0.444397455 0.555602545
J:/ccrcfr: 0.574668838 0.000000000 0.425331162
J:/ccrcfrcrc: 0.000000000 0.764604550 0.235395450
J:/ccrcfrcrf: 0.000000000 0.407381016 0.592618984
J:/ccrcrc: 0.534946181 0.000000000 0.465053819
J:/ccrcrccrcc: 0.000000000 0.081493364 0.918506636
J:/ccrcrccrcf: 0.000000000 0.097362596 0.902637404
J:/ccrcrccrfc: 0.000000000 0.662057821 0.337942179
J:/ccrcrccrff: 0.000000000 0.594138555 0.405861445
J:/ccrcrf: 0.277370771 0.074920641 0.647708588
J:/ccrcrfcrc: 0.000000000 0.481617781 0.518382219
J:/ccrcrfcrf: 0.000000000 0.681531126 0.318468874
J:/ccrcrr: 0.000000000 0.193900888 0.806099112
J:/ccrfcr: 0.199099607 0.334487492 0.466412901
J:/ccrfcrcrc: 0.000000000 0.733492411 0.266507589
J:/ccrfcrcrf: 0.000000000 0.045848469 0.954151531
J:/ccrffr: 0.000000000 0.164469307 0.835530693
J:/ccrfrc: 0.167062369 0.251185499 0.581752132
J:/ccrfrf: 0.110845459 0.451080477 0.438074064
J:/ccrfrr: 0.000000000 0.000000000 1.000000000
J:/ccrrcc: 0.120304119 0.238056193 0.641639689
J:/ccrrcf: 0.040915953 0.495459413 0.463624633
J:/ccrrcr: 0.000000000 0.000040313 0.999959687
J:/ccrrfc: 0.000000000 0.000000000 1.000000000
J:/ccrrff: 0.003729754 0.000000000 0.996270246
J:/ccrrfr: 0.000000000 0.000000000 1.000000000
J:/ccrrrc: 0.000000000 0.000000000 1.000000000
J:/ccrrrf: 0.000000000 0.000376990 0.999623010
J:/cr: 0.000000000 0.000000000 1.000000000
J:/crccrc: 0.415014571 0.188747093 0.396238336
J:/crccrccrcc: 0.000000000 0.527149066 0.472850934
J:/crccrccrcf: 0.000000000 0.181665538 0.818334462
J:/crccrccrfc: 0.000000000 0.511397667 0.488602333
J:/crccrccrff: 0.000000000 0.107263532 0.892736468
J:/crccrf: 0.171303728 0.685430147 0.143266126
J:/crccrfcrc: 0.000000000 0.642149600 0.357850400
J:/crccrfcrf: 0.000000000 0.882225779 0.117774221
J:/crccrr: 0.000000000 0.121899305 0.878100695
J:/crcfrc: 0.319009001 0.094939957 0.586051042
J:/crcfrf: 0.328279946 0.332242589 0.339477465
J:/crcfrr: 0.000000000 0.000000000 1.000000000
J:/crcrcc: 0.309854426 0.302256498 0.387889076
J:/crcrcf: 0.322581351 0.390556702 0.286861947
J:/crcrcr: 0.000000000 0.538839567 0.461160433
J:/crcrfc: 0.543979783 0.060787700 0.395232516
J:/crcrff: 0.875004065 0.019799183 0.105196753
J:/crcrfr: 0.000000000 0.000000000 1.000000000
J:/crcrrc: 0.000000000 0.000000000 1.000000000
J:/crcrrf: 0.000000000 0.162322968 0.837677032
J:/crrccr: 0.000000000 0.081052825 0.918947175
J:/crrcfr: 0.000000000 0.447514527 0.552485473
J:/crrcrc: 0.000000000 0.617194101 0.382805899
J:/crrcrf: 0.000000000 0.444296820 0.555703180
J:/crrfcr: 0.000000000 0.000000000 1.000000000
J:/crrffr: 0.000000000 0.000000000 1.000000000
J:/crrfrc: 0.000000000 0.275138571 0.724861429
J:/crrfrf: 0.000000000 0.715239855 0.284760145
J:/crrrcc: 0.000000000 0.367745757 0.632254243
J:/crrrcf: 0.000000000 0.077642829 0.922357171
J:/crrrfc: 0.000000000 0.276431453 0.723568547
J:/crrrff: 0.000000000 0.390473093 0.609526907
J:/rc: 0.357764000 0.521137352 0.121098649
J:/rccrcc: 0.403931440 0.582918868 0.013149692
J:/rccrcf: 0.318494402 0.229121204 0.452384394
J:/rccrcr: 0.000000000 0.540283004 0.459716996
J:/rccrfc: 0.015658883 0.178219757 0.806121360
J:/rccrff: 0.398242472 0.423806996 0.177950531
J:/rccrfr: 0.000000000 0.471940190 0.528059810
J:/rccrrc: 0.000000000 0.924906510 0.075093490
J:/rccrrf: 0.000000000 0.026590014 0.973409986
J:/rcrccr: 0.000000000 0.627454661 0.372545339
J:/rcrcfr: 0.000000000 0.602841510 0.397158490
J:/rcrcrc: 0.000000000 0.699208923 0.300791077
J:/rcrcrf: 0.000000000 0.309386470 0.690613530
J:/rcrfcr: 0.000000000 0.605260064 0.394739936
J:/rcrffr: 0.000000000 0.516923238 0.483076762
J:/rcrfrc: 0.000000000 0.036705739 0.963294261
J:/rcrfrf: 0.000000000 0.760196840 0.239803160
J:/rcrrcc: 0.000000000 0.477335504 0.522664496
J:/rcrrcf: 0.000000000 0.141049645 0.858950355
J:/rcrrfc: 0.000000000 0.495008877 0.504991123
J:/rcrrff: 0.000000000 0.787831743 0.212168257
J:/rf: 0.684737959 0.096563921 0.218698120
J:/rfcrc: 0.282080523 0.575192797 0.142726680
J:/rfcrf: 0.265707577 0.357149948 0.377142475
J:/rfcrr: 0.000000000 0.626744007 0.373255993
J:/rfrcr: 0.000000000 0.398075859 0.601924141
J:/rfrfr: 0.000000000 0.478582230 0.521417770
J:/rfrrc: 0.000000000 0.734018092 0.265981908
J:/rfrrf: 0.000000000 0.592775903 0.407224097
J:/rr: 0.336211606 0.253736652 0.410051742
J:/rrccrc: 0.000000000 0.847293967 0.152706033
J:/rrccrf: 0.000000000 0.122738545 0.877261455
J:/rrcfrc: 0.000000000 0.994902070 0.005097930
J:/rrcfrf: 0.000000000 0.501666386 0.498333614
J:/rrcrcc: 0.000000000 0.597478062 0.402521938
J:/rrcrcf: 0.000000000 0.676920719 0.323079281
J:/rrcrfc: 0.000000000 0.502308837 0.497691163
J:/rrcrff: 0.000000000 0.266475810 0.733524190
K:/cc: 0.000000000 1.000000000 0.000000000
K:/cccrcc: 0.340974566 0.318648490 0.340376944
K:/cccrccrccr: 0.000000000 0.372337218 0.627662782
K:/cccrccrcfr: 0.000000000 0.288516234 0.711483766
K:/cccrccrcrc: 0.000000000 0.576894385 0.423105615
K:/cccrccrcrf: 0.000000000 0.651980699 0.348019301
K:/cccrccrfcr: 0.000000000 0.516907835 0.483092165
K:/cccrccrffr: 0.000000000 0.305944033 0.694055967
K:/cccrccrfrc: 0.000000000 0.461137634 0.538862366
K:/cccrccrfrf: 0.000000000 0.178896978 0.821103022
K:/cccrccrrcc: 0.000000000 0.169437758 0.830562242
K:/cccrccrrcf: 0.000000000 0.504335028 0.495664972
K:/cccrccrrfc: 0.000000000 0.985074394 0.014925606
K:/cccrccrrff: 0.000000000 0.361081355 0.638918645
K:/cccrcf: 0.310277927 0.338489850 0.351232223
K:/cccrcfrcr: 0.000000000 0.808699691 0.191300309
K:/cccrcfrfr: 0.000000000 0.182773725 0.817226275
K:/cccrcfrrc: 0.000000000 0.479441808 0.520558192
K:/cccrcfrrf: 0.000000000 0.957662806 0.042337194
K:/cccrcr: 0.062263632 0.206785464 0.730950904
K:/cccrcrccrc: 0.000000000 0.698217515 0.301782485
K:/cccrcrccrf: 0.000000000 0.004469427 0.995530573
K:/cccrcrcfrc: 0.000000000 0.675536365 0.324463635
K:/cccrcrcfrf: 0.000000000 0.068962885 0.931037115
K:/cccrcrcrcc: 0.000000000 0.456184648 0.543815352
K:/cccrcrcrcf: 0.000000000 0.560536749 0.439463251
K:/cccrcrcrfc: 0.000000000 0.692138731 0.307861269
K:/cccrcrcrff: 0.000000000 0.885022134 0.114977866
K:/cccrfc: 0.000000000 0.342572260 0.657427740
K:/cccrfcrcr: 0.000000000 0.336132644 0.663867356
K:/cccrfcrfr: 0.000000000 0.628850147 0.371149853
K:/cccrfcrrc: 0.000000000 0.136227663 0.863772337
K:/cccrfcrrf: 0.000000000 0.445349137 0.554650863
K:/cccrff: 0.000558593 0.824065053 0.175376354
K:/cccrffrr: 0.000000000 0.000000000 1.000000000
K:/cccrfr: 0.000000000 0.000000000 1.000000000
K:/cccrfrcrc: 0.000000000 0.783935177 0.216064823
K:/cccrfrcrf: 0.000000000 0.802084812 0.197915188
K:/cccrrc: 0.307046618 0.511920724 0.181032658
K:/cccrrccrcc: 0.000000000 0.420434031 0.579565969
K:/cccrrccrcf: 0.000000000 0.580999609 0.419000391
K:/cccrrccrfc: 0.000000000 0.541546538 0.458453462
K:/cccrrccrff: 0.000000000 0.730934026 0.269065974
K:/cccrrf: 0.304420289 0.229252124 0.466327588
K:/cccrrfcrc: 0.000000000 0.656263510 0.343736490
K:/cccrrfcrf: 0.000000000 0.032638494 0.967361506
K:/cccrrr: 0.000000000 0.916366947 0.083633053
K:/ccrccr: 0.599888019 0.163972313 0.236139667
K:/ccrccrccrc: 0.000000000 0.643346253 0.356653747
K:/ccrccrccrf: 0.000000000 0.517301067 0.482698933
K:/ccrccrcfrc: 0.000000000 0.617702263 0.382297737
K:/ccrccrcfrf: 0.000000000 0.126727591 0.873272409
K:/ccrccrcrcc: 0.000000000 0.091091094 0.908908906
K:/ccrccrcrcf: 0.000000000 0.530492127 0.469507873
K:/ccrccrcrfc: 0.000000000 0.007920175 0.992079825
K:/ccrccrcrff: 0.000000000 0.049442632 0.950557368
K:/ccrcfr: 0.378397274 0.000000000 0.621602726
K:/ccrcfrcrc: 0.000000000 0.812274400 0.187725600
K:/ccrcfrcrf: 0.000000000 0.271890144 0.728109856
K:/ccrcrc: 0.345925414 0.284237386 0.369837200
K:/ccrcrccrcc: 0.000000000 0.391212162 0.608787838
K:/ccrcrccrcf: 0.000000000 0.490033104 0.509966896
K:/ccrcrccrfc: 0.000000000 0.625524695 0.374475305
K:/ccrcrccrff: 0.000000000 0.821146948 0.178853052
K:/ccrcrf: 0.391876653 0.402040150 0.206083197
K:/ccrcrfcrc: 0.000000000 0.634114647 0.365885353
K:/ccrcrfcrf: 0.000000000 0.883756329 0.116243671
K:/ccrcrr: 0.000000000 0.505913886 0.494086114
K:/ccrfcr: 0.137742453 0.276449686 0.585807861
K:/ccrfcrcrc: 0.000000000 0.797854877 0.202145123
K:/ccrfcrcrf: 0.000000000 0.151256921 0.848743079
K:/ccrffr: 0.338733153 0.587956270 0.073310577
K:/ccrfrc: 0.457305560 0.541019045 0.001675395
K:/ccrfrf: 0.453204116 0.109626523 0.437169361
K:/ccrfrr: 0.000000000 0.550762567 0.449237433
K:/ccrrcc: 0.234877724 0.140830360 0.624291917
K:/ccrrcf: 0.006882954 0.205785561 0.787331486
K:/ccrrcr: 0.000000000 0.237812696 0.762187304
K:/ccrrfc: 0.272959765 0.000000000 0.727040235
K:/ccrrff: 0.000000000 0.441553087 0.558446913
K:/ccrrfr: 0.000000000 0.015321262 0.984678738
K:/ccrrrc: 0.000000000 0.329890018 0.670109982
K:/ccrrrf: 0.000000000 0.000294394 0.999705606
K:/cr: 0.000000000 0.000000000 1.000000000
K:/crccrc: 0.656961340 0.146326883 0.196711777
K:/crccrccrcc: 0.000000000 0.472573080 0.527426920
K:/crccrccrcf: 0.000000000 0.280024175 0.719975825
K:/crccrccrfc: 0.000000000 0.514486908 0.485513092
K:/crccrccrff: 0.000000000 0.357324577 0.642675423
K:/crccrf: 0.731921280 0.159445630 0.108633090
K:/crccrfcrc: 0.000000000 0.301292116 0.698707884
K:/crccrfcrf: 0.000000000 0.803499544 0.196500456
K:/crccrr: 0.000000000 0.393167050 0.606832950
K:/crcfrc: 0.189407436 0.127939970 0.682652594
K:/crcfrf: 0.167057633 0.677658314 0.155284053
K:/crcfrr: 0.000000000 0.000000000 1.000000000
K:/crcrcc: 0.634929649 0.116158717 0.248911634
K:/crcrcf: 0.369320650 0.459391977 0.171287373
K:/crcrcr: 0.000000000 0.094322838 0.905677162
K:/crcrfc: 0.232709449 0.000000000 0.767290551
K:/crcrff: 0.601979802 0.228972714 0.169047484
K:/crcrfr: 0.000000000 0.042773694 0.957226306
K:/crcrrc: 0.000000000 0.013165563 0.986834437
K:/crcrrf: 0.000000000 0.687573034 0.312426966
K:/crrccr: 0.000000000 0.248012715 0.751987285
K:/crrcfr: 0.000000000 0.096655320 0.903344680
K:/crrcrc: 0.000000000 0.457272325 0.542727675
K:/crrcrf: 0.000000000 0.476364817 0.523635183
K:/crrfcr: 0.000000000 0.000000000 1.000000000
K:/crrffr: 0.000000000 0.000000000 1.000000000
K:/crrfrc: 0.000000000 0.582786307 0.417213693
K:/crrfrf: 0.000000000 0.551514199 0.448485801
K:/crrrcc: 0.000000000 0.000000000 1.000000000
K:/crrrcf: 0.000000000 0.839376566 0.160623434
K:/crrrfc: 0.000000000 0.000000000 1.000000000
K:/crrrff: 0.000000000 0.886045466 0.113954534
K:/rc: 0.441885336 0.531158603 0.026956061
K:/rccrcc: 0.046910622 0.354290230 0.598799148
K:/rccrcf: 0.177602001 0.190557827 0.631840172
K:/rccrcr: 0.000000000 0.596871482 0.403128518
K:/rccrfc: 0.198080211 0.208924221 0.592995567
K:/rccrff: 0.168261636 0.286627132 0.545111232
K:/rccrfr: 0.000000000 0.703944521 0.296055479
K:/rccrrc: 0.000000000 0.121276902 0.878723098
K:/rccrrf: 0.000000000 0.305779945 0.694220055
K:/rcrccr: 0.000000000 0.552199269 0.447800731
K:/rcrcfr: 0.000000000 0.431782555 0.568217445
K:/rcrcrc: 0.000000000 0.508248072 0.491751928
K:/rcrcrf: 0.000000000 0.588220224 0.411779776
K:/rcrfcr: 0.000000000 0.740000208 0.259999792
K:/rcrffr: 0.000000000 0.166870174 0.833129826
K:/rcrfrc: 0.000000000 0.096839353 0.903160647
K:/rcrfrf: 0.000000000 0.450974058 0.549025942
K:/rcrrcc: 0.000000000 0.323479900 0.676520100
K:/rcrrcf: 0.000000000 0.270286479 0.729713521
K:/rcrrfc: 0.000000000 0.566494844 0.433505156
K:/rcrrff: 0.000000000 0.018680972 0.981319028
K:/rf: 0.115290912 0.486546766 0.398162322
K:/rfcrc: 0.128294521 0.514006620 0.357698860
K:/rfcrf: 0.568213343 0.093422055 0.338364602
K:/rfcrr: 0.000000000 0.515748158 0.484251842
K:/rfrcr: 0.000000000 0.562407877 0.437592123
K:/rfrfr: 0.000000000 0.558016229 0.441983771
K:/rfrrc: 0.000000000 0.540796445 0.459203555
K:/rfrrf: 0.000000000 0.517452185 0.482547815
K:/rr: 0.280953298 0.302662564 0.416384138
K:/rrccrc: 0.000000000 0.501293922 0.498706078
K:/rrccrf: 0.000000000 0.652304204 0.347695796
K:/rrcfrc: 0.000000000 0.440137084 0.559862916
K:/rrcfrf: 0.000000000 0.709966407 0.290033593
K:/rrcrcc: 0.000000000 0.669971269 0.330028731
K:/rrcrcf: 0.000000000 0.196774191 0.803225809
K:/rrcrfc: 0.000000000 0.326425535 0.673574465
K:/rrcrff: 0.000000000 0.233017358 0.766982642
Q:/cc: 0.054135435 0.945864565 0.000000000
Q:/cccrcc: 0.153285635 0.735693603 0.111020762
Q:/cccrccrccr: 0.000000000 0.193921203 0.806078797
Q:/cccrccrcfr: 0.000000000 0.737113971 0.262886029
Q:/cccrccrcrc: 0.000000000 0.068126231 0.931873769
Q:/cccrccrcrf: 0.000000000 0.196484890 0.803515110
Q:/cccrccrfcr: 0.000000000 0.277440796 0.722559204
Q:/cccrccrffr: 0.000000000 0.281266992 0.718733008
Q:/cccrccrfrc: 0.000000000 0.840544359 0.159455641
Q:/cccrccrfrf: 0.000000000 0.270832795 0.729167205
Q:/cccrccrrcc: 0.000000000 0.036804762 0.963195238
Q:/cccrccrrcf: 0.000000000 0.528273564 0.471726436
Q:/cccrccrrfc: 0.000000000 0.645296560 0.354703440
Q:/cccrccrrff: 0.000000000 0.842144252 0.157855748
Q:/cccrcf: 0.000007958 0.410574552 0.589417490
Q:/cccrcfrcr: 0.000000000 0.623883396 0.376116604
Q:/cccrcfrfr: 0.000000000 0.795127120 0.204872880
Q:/cccrcfrrc: 0.000000000 0.042434021 0.957565979
Q:/cccrcfrrf: 0.000000000 0.439111588 0.560888412
Q:/cccrcr: 0.224291013 0.256317199 0.519391788
Q:/cccrcrccrc: 0.000000000 0.750700585 0.249299415
Q:/cccrcrccrf: 0.000000000 0.455292609 0.544707391
Q:/cccrcrcfrc: 0.000000000 0.829535847 0.170464153
Q:/cccrcrcfrf: 0.000000000 0.389205651 0.610794349
Q:/cccrcrcrcc: 0.000000000 0.434889850 0.565110150
Q:/cccrcrcrcf: 0.000000000 0.912092450 0.087907550
Q:/cccrcrcrfc: 0.000000000 0.694588245 0.305411755
Q:/cccrcrcrff: 0.000000000 0.569055993 0.430944007
Q:/cccrfc: 0.000000000 0.000000000 1.000000000
Q:/cccrfcrcr: 0.000000000 0.067262909 0.932737091
Q:/cccrfcrfr: 0.000000000 0.210936928 0.789063072
Q:/cccrfcrrc: 0.000000000 0.126981242 0.873018758
Q:/cccrfcrrf: 0.000000000 0.097430460 0.902569540
Q:/cccrff: 0.000140471 0.000000000 0.999859529
Q:/cccrffrr: 0.000000000 0.000000000 1.000000000
Q:/cccrfr: 0.000000000 0.000000000 1.000000000
Q:/cccrfrcrc: 0.000000000 0.577516248 0.422483752
Q:/cccrfrcrf: 0.000000000 0.475573010 0.524426990
Q:/cccrrc: 0.183886281 0.060984260 0.755129459
Q:/cccrrccrcc: 0.000000000 0.583548385 0.416451615
Q:/cccrrccrcf: 0.000000000 0.318111906 0.681888094
Q:/cccrrccrfc: 0.000000000 0.021928825 0.978071175
Q:/cccrrccrff: 0.000000000 0.403918925 0.596081075
Q:/cccrrf: 0.481590706 0.187081435 0.331327860
Q:/cccrrfcrc: 0.000000000 0.323762381 0.676237619
Q:/cccrrfcrf: 0.000000000 0.436687654 0.563312346
Q:/cccrrr: 0.000000000 0.010373665 0.989626335
Q:/ccrccr: 0.518123588 0.000000000 0.481876412
Q:/ccrccrccrc: 0.000000000 0.684595483 0.315404517
Q:/ccrccrccrf: 0.000000000 0.071047900 0.928952100
Q:/ccrccrcfrc: 0.000000000 0.040581914 0.959418086
Q:/ccrccrcfrf: 0.000000000 0.167945489 0.832054511
Q:/ccrccrcrcc: 0.000000000 0.453034573 0.546965427
Q:/ccrccrcrcf: 0.000000000 0.945887227 0.054112773
Q:/ccrccrcrfc: 0.000000000 0.561385790 0.438614210
Q:/ccrccrcrff: 0.000000000 0.702292945 0.297707055
Q:/ccrcfr: 0.132246161 0.210424816 0.657329023
Q:/ccrcfrcrc: 0.000000000 0.066301841 0.933698159
Q:/ccrcfrcrf: 0.000000000 0.123280745 0.876719255
Q:/ccrcrc: 0.527930968 0.109258702 0.362810330
Q:/ccrcrccrcc: 0.000000000 0.645505391 0.354494609
Q:/ccrcrccrcf: 0.000000000 0.539064420 0.460935580
Q:/ccrcrccrfc: 0.000000000 0.572925387 0.427074613
Q:/ccrcrccrff: 0.000000000 0.237792782 0.762207218
Q:/ccrcrf: 0.490487777 0.265339162 0.244173061
Q:/ccrcrfcrc: 0.000000000 0.300176750 0.699823250
Q:/ccrcrfcrf: 0.000000000 0.316352593 0.683647407
Q:/ccrcrr: 0.000000000 0.580897258 0.419102742
Q:/ccrfcr: 0.459793629 0.040220446 0.499985926
Q:/ccrfcrcrc: 0.000000000 0.404521255 0.595478745
Q:/ccrfcrcrf: 0.000000000 0.290199693 0.709800307
Q:/ccrffr: 0.729486643 0.047022481 0.223490875
Q:/ccrfrc: 0.404682097 0.123031330 0.472286573
Q:/ccrfrf: 0.463976686 0.477314796 0.058708519
Q:/ccrfrr: 0.000000000 0.198270723 0.801729277
Q:/ccrrcc: 0.009016392 0.112898366 0.878085242
Q:/ccrrcf: 0.005682634 0.154409061 0.839908305
Q:/ccrrcr: 0.000000000 0.000291228 0.999708772
Q:/ccrrfc: 0.000076244 0.032292704 0.967631052
Q:/ccrrff: 0.000000000 0.034982898 0.965017102
Q:/ccrrfr: 0.000000000 0.025118203 0.974881797
Q:/ccrrrc: 0.000000000 0.000000000 1.000000000
Q:/ccrrrf: 0.000000000 0.000264326 0.999735674
Q:/cr: 0.000000000 0.000000000 1.000000000
Q:/crccrc: 0.273956965 0.314309084 0.411733951
Q:/crccrccrcc: 0.000000000 0.036716044 0.963283956
Q:/crccrccrcf: 0.000000000 0.621675851 0.378324149
Q:/crccrccrfc: 0.000000000 0.282993960 0.717006040
Q:/crccrccrff: 0.000000000 0.720325175 0.279674825
Q:/crccrf: 0.379380252 0.377713305 0.242906442
Q:/crccrfcrc: 0.000000000 0.489255932 0.510744068
Q:/crccrfcrf: 0.000000000 0.719887407 0.280112593
Q:/crccrr: 0.000000000 0.605866154 0.394133846
Q:/crcfrc: 0.420071238 0.021428792 0.558499970
Q:/crcfrf: 0.065312605 0.512866139 0.421821256
Q:/crcfrr: 0.000000000 0.190121193 0.809878807
Q:/crcrcc: 0.100614659 0.048492046 0.850893295
Q:/crcrcf: 0.257346614 0.372436977 0.370216409
Q:/crcrcr: 0.000000000 0.660577362 0.339422638
Q:/crcrfc: 0.568317970 0.000000000 0.431682030
Q:/crcrff: 0.712993691 0.224512278 0.062494032
Q:/crcrfr: 0.000000000 0.004656299 0.995343701
Q:/crcrrc: 0.000000000 0.000000000 1.000000000
Q:/crcrrf: 0.000000000 0.512915768 0.487084232
Q:/crrccr: 0.000000000 0.528734768 0.471265232
Q:/crrcfr: 0.000000000 0.003241729 0.996758271
Q:/crrcrc: 0.000000000 0.673988780 0.326011220
Q:/crrcrf: 0.000000000 0.914161017 0.085838983
Q:/crrfcr: 0.000000000 0.109874857 0.890125143
Q:/crrffr: 0.000000000 0.000000000 1.000000000
Q:/crrfrc: 0.000000000 0.261712220 0.738287780
Q:/crrfrf: 0.000000000 0.256924590 0.743075410
Q:/crrrcc: 0.000000000 0.161135889 0.838864111
Q:/crrrcf: 0.000000000 0.090511704 0.909488296
Q:/crrrfc: 0.000000000 0.412332360 0.587667640
Q:/crrrff: 0.000000000 0.712133651 0.287866349
Q:/rc: 0.121512680 0.185194513 0.693292806
Q:/rccrcc: 0.238610977 0.339286400 0.422102623
Q:/rccrcf: 0.387064360 0.368238709 0.244696931
Q:/rccrcr: 0.000000000 0.187135459 0.812864541
Q:/rccrfc: 0.455995476 0.489500480 0.054504044
Q:/rccrff: 0.393846354 0.078045161 0.528108486
Q:/rccrfr: 0.000000000 0.741362452 0.258637548
Q:/rccrrc: 0.000000000 0.657786727 0.342213273
Q:/rccrrf: 0.000000000 0.024370395 0.975629605
Q:/rcrccr: 0.000000000 0.579997422 0.420002578
Q:/rcrcfr: 0.000000000 0.621894475 0.378105525
Q:/rcrcrc: 0.000000000 0.039510215 0.960489785
Q:/rcrcrf: 0.000000000 0.443938977 0.556061023
Q:/rcrfcr: 0.000000000 0.524217597 0.475782403
Q:/rcrffr: 0.000000000 0.633220605 0.366779395
Q:/rcrfrc: 0.000000000 0.201844102 0.798155898
Q:/rcrfrf: 0.000000000 0.969746147 0.030253853
Q:/rcrrcc: 0.000000000 0.931504920 0.068495080
Q:/rcrrcf: 0.000000000 0.889073643 0.110926357
Q:/rcrrfc: 0.000000000 0.804276420 0.195723580
Q:/rcrrff: 0.000000000 0.902215994 0.097784006
Q:/rf: 0.000007770 0.354913316 0.645078914
Q:/rfcrc: 0.108115766 0.411539987 0.480344247
Q:/rfcrf: 0.074666754 0.628057901 0.297275345
Q:/rfcrr: 0.000000000 0.537618118 0.462381882
Q:/rfrcr: 0.000000000 0.796970071 0.203029929
Q:/rfrfr: 0.000000000 0.738517010 0.261482990
Q:/rfrrc: 0.000000000 0.252199372 0.747800628
Q:/rfrrf: 0.000000000 0.539292578 0.460707422
Q:/rr: 0.141425124 0.166028706 0.692546170
Q:/rrccrc: 0.000000000 0.202559976 0.797440024
Q:/rrccrf: 0.000000000 0.585184697 0.414815303
Q:/rrcfrc: 0.000000000 0.507739990 0.492260010
Q:/rrcfrf: 0.000000000 0.748677537 0.251322463
Q:/rrcrcc: 0.000000000 0.334442901 0.665557099
Q:/rrcrcf: 0.000000000 0.378070709 0.621929291
Q:/rrcrfc: 0.000000000 0.552078605 0.447921395
Q:/rrcrff: 0.000000000 0.708543618 0.291456382
T:/cc: 0.005639906 0.994360094 0.000000000
T:/cccrcc: 0.309460845 0.415797086 0.274742068
T:/cccrccrccr: 0.000000000 0.034314638 0.965685362
T:/cccrccrcfr: 0.000000000 0.542939793 0.457060207
T:/cccrccrcrc: 0.000000000 0.662541418 0.337458582
T:/cccrccrcrf: 0.000000000 0.143241104 0.856758896
T:/cccrccrfcr: 0.000000000 0.567391708 0.432608292
T:/cccrccrffr: 0.000000000 0.562278152 0.437721848
T:/cccrccrfrc: 0.000000000 0.832687481 0.167312519
T:/cccrccrfrf: 0.000000000 0.610614672 0.389385328
T:/cccrccrrcc: 0.000000000 0.940444629 0.059555371
T:/cccrccrrcf: 0.000000000 0.557708236 0.442291764
T:/cccrccrrfc: 0.000000000 0.020143916 0.979856084
T:/cccrccrrff: 0.000000000 0.898310566 0.101689434
T:/cccrcf: 0.308677860 0.272998632 0.418323508
T:/cccrcfrcr: 0.000000000 0.680007544 0.319992456
T:/cccrcfrfr: 0.000000000 0.312690227 0.687309773
T:/cccrcfrrc: 0.000000000 0.669341494 0.330658506
T:/cccrcfrrf: 0.000000000 0.870563766 0.129436234
T:/cccrcr: 0.000000000 0.355175480 0.644824520
T:/cccrcrccrc: 0.000000000 0.547054342 0.452945658
T:/cccrcrccrf: 0.000000000 0.051158206 0.948841794
T:/cccrcrcfrc: 0.000000000 0.345282765 0.654717235
T:/cccrcrcfrf: 0.000000000 0.664904616 0.335095384
T:/cccrcrcrcc: 0.000000000 0.233929205 0.766070795
T:/cccrcrcrcf: 0.000000000 0.565410100 0.434589900
T:/cccrcrcrfc: 0.000000000 0.634292561 0.365707439
T:/cccrcrcrff: 0.000000000 0.448578512 0.551421488
T:/cccrfc: 0.000000000 0.000000000 1.000000000
T:/cccrfcrcr: 0.000000000 0.787057484 0.212942516
T:/cccrfcrfr: 0.000000000 0.652838909 0.347161091
T:/cccrfcrrc: 0.000000000 0.000000000 1.000000000
T:/cccrfcrrf: 0.000000000 0.066197072 0.933802928
T:/cccrff: 0.000140471 0.000000000 0.999859529
T:/cccrffrr: 0.000000000 0.000000000 1.000000000
T:/cccrfr: 0.000000000 0.000000000 1.000000000
T:/cccrfrcrc: 0.000000000 0.000000000 1.000000000
T:/cccrfrcrf: 0.000000000 0.425917586 0.574082414
T:/cccrrc: 0.000009082 0.218055951 0.781934967
T:/cccrrccrcc: 0.000000000 0.455848351 0.544151649
T:/cccrrccrcf: 0.000000000 0.191382707 0.808617293
T:/cccrrccrfc: 0.000000000 0.316334923 0.683665077
T:/cccrrccrff: 0.000000000 0.487988679 0.512011321
T:/cccrrf: 0.312697277 0.254148669 0.433154054
T:/cccrrfcrc: 0.000000000 0.458945434 0.541054566
T:/cccrrfcrf: 0.000000000 0.541966802 0.458033198
T:/cccrrr: 0.000000000 0.283427775 0.716572225
T:/ccrccr: 0.292781460 0.145257394 0.561961146
T:/ccrccrccrc: 0.000000000 0.581778452 0.418221548
T:/ccrccrccrf: 0.000000000 0.700337193 0.299662807
T:/ccrccrcfrc: 0.000000000 0.913044687 0.086955313
T:/ccrccrcfrf: 0.000000000 0.500927309 0.499072691
T:/ccrccrcrcc: 0.000000000 0.626207271 0.373792729
T:/ccrccrcrcf: 0.000000000 0.449934755 0.550065245
T:/ccrccrcrfc: 0.000000000 0.526471230 0.473528770
T:/ccrccrcrff: 0.000000000 0.517380224 0.482619776
T:/ccrcfr: 0.409904851 0.000000000 0.590095149
T:/ccrcfrcrc: 0.000000000 0.743517267 0.256482733
T:/ccrcfrcrf: 0.000000000 0.358281586 0.641718414
T:/ccrcrc: 0.582064002 0.000000000 0.417935998
T:/ccrcrccrcc: 0.000000000 0.000000000 1.000000000
T:/ccrcrccrcf: 0.000000000 0.580153097 0.419846903
T:/ccrcrccrfc: 0.000000000 0.826277994 0.173722006
T:/ccrcrccrff: 0.000000000 0.714469193 0.285530807
T:/ccrcrf: 0.582806337 0.000000000 0.417193663
T:/ccrcrfcrc: 0.000000000 0.843907767 0.156092233
T:/ccrcrfcrf: 0.000000000 0.212898957 0.787101043
T:/ccrcrr: 0.000000000 0.313792404 0.686207596
T:/ccrfcr: 0.348043529 0.079823778 0.572132693
T:/ccrfcrcrc: 0.000000000 0.845492499 0.154507501
T:/ccrfcrcrf: 0.000000000 0.426794920 0.573205080
T:/ccrffr: 0.244047599 0.463326526 0.292625875
T:/ccrfrc: 0.236937020 0.249480141 0.513582838
T:/ccrfrf: 0.157809481 0.343898155 0.498292364
T:/ccrfrr: 0.000000000 0.000000000 1.000000000
T:/ccrrcc: 0.000000000 0.067754007 0.932245993
T:/ccrrcf: 0.006279732 0.386905873 0.606814395
T:/ccrrcr: 0.000000000 0.000000000 1.000000000
T:/ccrrfc: 0.000000000 0.140212792 0.859787208
T:/ccrrff: 0.044235277 0.000000000 0.955764723
T:/ccrrfr: 0.000000000 0.000000000 1.000000000
T:/ccrrrc: 0.000000000 0.075943410 0.924056590
T:/ccrrrf: 0.000000000 0.000342457 0.999657543
T:/cr: 0.000000000 0.000000000 1.000000000
T:/crccrc: 0.001544785 0.294895595 0.703559620
T:/crccrccrcc: 0.000000000 0.559193199 0.440806801
T:/crccrccrcf: 0.000000000 0.132435271 0.867564729
T:/crccrccrfc: 0.000000000 0.274239487 0.725760513
T:/crccrccrff: 0.000000000 0.357246364 0.642753636
T:/crccrf: 0.513399468 0.006394964 0.480205568
T:/crccrfcrc: 0.000000000 0.271150873 0.728849127
T:/crccrfcrf: 0.000000000 0.875612294 0.124387706
T:/crccrr: 0.000000000 0.351213868 0.648786132
T:/crcfrc: 0.452506707 0.001351373 0.546141920
T:/crcfrf: 0.024310318 0.475098211 0.500591471
T:/crcfrr: 0.000000000 0.000000000 1.000000000
T:/crcrcc: 0.295575741 0.249963626 0.454460634
T:/crcrcf: 0.191511813 0.412768404 0.395719783
T:/crcrcr: 0.000000000 0.685048751 0.314951249
T:/crcrfc: 0.054589907 0.231100101 0.714309992
T:/crcrff: 0.702219127 0.000000000 0.297780873
T:/crcrfr: 0.000000000 0.000000000 1.000000000
T:/crcrrc: 0.000000000 0.234103488 0.765896512
T:/crcrrf: 0.000000000 0.000000000 1.000000000
T:/crrccr: 0.000000000 0.217424273 0.782575727
T:/crrcfr: 0.000000000 0.000000000 1.000000000
T:/crrcrc: 0.000000000 0.000000000 1.000000000
T:/crrcrf: 0.000000000 0.593914032 0.406085968
T:/crrfcr: 0.000000000 0.090156141 0.909843859
T:/crrffr: 0.000000000 0.070699402 0.929300598
T:/crrfrc: 0.000000000 0.000000000 1.000000000
T:/crrfrf: 0.000000000 0.493367770 0.506632230
T:/crrrcc: 0.000000000 0.000000000 1.000000000
T:/crrrcf: 0.000000000 0.360969368 0.639030632
T:/crrrfc: 0.000000000 0.000000000 1.000000000
T:/crrrff: 0.000000000 0.029095200 0.970904800
T:/rc: 0.263588661 0.228646655 0.507764685
T:/rccrcc: 0.244990886 0.439559392 0.315449722
T:/rccrcf: 0.764145624 0.109493072 0.126361305
T:/rccrcr: 0.000000000 0.437345109 0.562654891
T:/rccrfc: 0.063208634 0.839986567 0.096804799
T:/rccrff: 0.146565487 0.765801254 0.087633259
T:/rccrfr: 0.000000000 0.061251399 0.938748601
T:/rccrrc: 0.000000000 0.693196102 0.306803898
T:/rccrrf: 0.000000000 0.708690373 0.291309627
T:/rcrccr: 0.000000000 0.404671956 0.595328044
T:/rcrcfr: 0.000000000 0.880179406 0.119820594
T:/rcrcrc: 0.000000000 0.044217613 0.955782387
T:/rcrcrf: 0.000000000 0.511510873 0.488489127
T:/rcrfcr: 0.000000000 0.475678555 0.524321445
T:/rcrffr: 0.000000000 0.734301718 0.265698282
T:/rcrfrc: 0.000000000 0.724117370 0.275882630
T:/rcrfrf: 0.000000000 0.225813408 0.774186592
T:/rcrrcc: 0.000000000 0.734085238 0.265914762
T:/rcrrcf: 0.000000000 0.265131552 0.734868448
T:/rcrrfc: 0.000000000 0.066262412 0.933737588
T:/rcrrff: 0.000000000 0.511403908 0.488596092
T:/rf: 0.251012639 0.176062971 0.572924390
T:/rfcrc: 0.526838347 0.257636357 0.215525296
T:/rfcrf: 0.211526177 0.619346659 0.169127164
T:/rfcrr: 0.000000000 0.531196380 0.468803620
T:/rfrcr: 0.000000000 0.433391415 0.566608585
T:/rfrfr: 0.000000000 0.745023049 0.254976951
T:/rfrrc: 0.000000000 0.126692402 0.873307598
T:/rfrrf: 0.000000000 0.312467875 0.687532125
T:/rr: 0.410249211 0.450548136 0.139202652
T:/rrccrc: 0.000000000 0.386901466 0.613098534
T:/rrccrf: 0.000000000 0.118928539 0.881071461
T:/rrcfrc: 0.000000000 0.425868750 0.574131250
T:/rrcfrf: 0.000000000 0.593032766 0.406967234
T:/rrcrcc: 0.000000000 0.276410385 0.723589615
T:/rrcrcf: 0.000000000 0.928565634 0.071434366
T:/rrcrfc: 0.000000000 0.545901850 0.454098150
T:/rrcrff: 0.000000000 0.503769949 0.496230051
