5:/: 0.230138532 0.769861468 0.000000000
5:/ccr: 0.000000000 0.000000000 1.000000000
5:/ccrcrc: 0.000000000 0.417919210 0.582080790
5:/ccrcrf: 0.096443908 0.628617485 0.274938607
5:/ccrcrr: 0.000000000 0.031690654 0.968309346
5:/ccrrcr: 0.000000000 0.505548646 0.494451354
5:/ccrrfr: 0.000000000 0.176781430 0.823218570
5:/ccrrrc: 0.000000000 0.407293354 0.592706646
5:/ccrrrf: 0.000000000 0.391238512 0.608761488
5:/crc: 0.000179065 0.000000000 0.999820935
5:/crcrcr: 0.000000000 0.459716420 0.540283580
5:/crcrfr: 0.000000000 0.142718376 0.857281624
5:/crcrrc: 0.000000000 0.381331267 0.618668733
5:/crcrrf: 0.000000000 0.488298001 0.511701999
5:/crf: 0.000000000 0.000000000 1.000000000
5:/crfrr: 0.000000000 0.000000000 1.000000000
5:/crr: 0.382061798 0.000000000 0.617938202
5:/crrcrc: 0.000000000 0.193738844 0.806261156
5:/crrcrf: 0.000000000 0.481565243 0.518434757
5:/rcr: 0.999902785 0.000000000 0.000097215
5:/rcrcrc: 0.000000000 0.349784932 0.650215068
5:/rcrcrf: 0.000000000 0.333081122 0.666918878
5:/rfr: 0.570031313 0.193415308 0.236553379
5:/rrc: 0.002669261 0.384622500 0.612708239
5:/rrf: 0.000000000 0.000000000 1.000000000
5:/rrr: 0.000000000 0.515680057 0.484319943
6:/: 0.224171803 0.775828197 0.000000000
6:/ccr: 0.000016361 0.000000000 0.999983639
6:/ccrcrc: 0.029927771 0.494446499 0.475625730
6:/ccrcrf: 0.260204454 0.184076889 0.555718657
6:/ccrcrr: 0.000000000 0.321241929 0.678758071
6:/ccrrcr: 0.000000000 0.129495187 0.870504813
6:/ccrrfr: 0.000000000 0.649336733 0.350663267
6:/ccrrrc: 0.000000000 0.255872861 0.744127139
6:/ccrrrf: 0.000000000 0.404826140 0.595173860
6:/crc: 0.023703063 0.000000000 0.976296937
6:/crcrcr: 0.000000000 0.164387044 0.835612956
6:/crcrfr: 0.000000000 0.053692593 0.946307407
6:/crcrrc: 0.000000000 0.503311749 0.496688251
6:/crcrrf: 0.000000000 0.256084850 0.743915150
6:/crf: 0.000160396 0.000432265 0.999407339
6:/crfrr: 0.000000000 0.000000000 1.000000000
6:/crr: 0.590681899 0.000000000 0.409318101
6:/crrcrc: 0.000000000 0.853640969 0.146359031
6:/crrcrf: 0.000000000 0.556907056 0.443092944
6:/rcr: 0.999943442 0.000000000 0.000056558
6:/rcrcrc: 0.000000000 0.526692957 0.473307043
6:/rcrcrf: 0.000000000 0.366457744 0.633542256
6:/rfr: 0.237263874 0.600763329 0.161972798
6:/rrc: 0.000000000 0.326556446 0.673443554
6:/rrf: 0.000000000 0.000000000 1.000000000
6:/rrr: 0.000000000 0.599718124 0.400281876
7:/: 0.474822973 0.525177027 0.000000000
7:/ccr: 0.000122879 0.000000000 0.999877121
7:/ccrcrc: 0.078759562 0.170355949 0.750884489
7:/ccrcrf: 0.000000000 0.176390342 0.823609658
7:/ccrcrr: 0.000000000 0.000000000 1.000000000
7:/ccrrcr: 0.000000000 0.837909907 0.162090093
7:/ccrrfr: 0.000000000 0.451630165 0.548369835
7:/ccrrrc: 0.000000000 0.000000000 1.000000000
7:/ccrrrf: 0.000000000 0.625809993 0.374190007
7:/crc: 0.000105015 0.000000000 0.999894985
7:/crcrcr: 0.000000000 0.576762084 0.423237916
7:/crcrfr: 0.000000000 0.600437800 0.399562200
7:/crcrrc: 0.000000000 0.416782228 0.583217772
7:/crcrrf: 0.000000000 0.387782555 0.612217445
7:/crf: 0.000168761 0.000432272 0.999398967
7:/crfrr: 0.000000000 0.000000000 1.000000000
7:/crr: 0.095272658 0.000000000 0.904727342
7:/crrcrc: 0.000000000 0.895528190 0.104471810
7:/crrcrf: 0.000000000 0.486055928 0.513944072
7:/rcr: 0.974201190 0.025660297 0.000138512
7:/rcrcrc: 0.000000000 0.096577714 0.903422286
7:/rcrcrf: 0.000000000 0.000000000 1.000000000
7:/rfr: 0.338419063 0.389910380 0.271670557
7:/rrc: 0.000000000 0.376641805 0.623358195
7:/rrf: 0.000000000 0.000000000 1.000000000
7:/rrr: 0.000000000 0.426065494 0.573934506
8:/: 0.005418145 0.994581855 0.000000000
8:/ccr: 0.117702535 0.086931388 0.795366077
8:/ccrcrc: 0.000000000 0.445576179 0.554423821
8:/ccrcrf: 0.372862520 0.325896147 0.301241332
8:/ccrcrr: 0.000000000 0.000000000 1.000000000
8:/ccrrcr: 0.000000000 0.263679351 0.736320649
8:/ccrrfr: 0.000000000 0.279359371 0.720640629
8:/ccrrrc: 0.000000000 0.000000000 1.000000000
8:/ccrrrf: 0.000000000 0.558026653 0.441973347
8:/crc: 0.020218768 0.000000000 0.979781232
8:/crcrcr: 0.000000000 0.546871320 0.453128680
8:/crcrfr: 0.000000000 0.506333222 0.493666778
8:/crcrrc: 0.000000000 0.016772914 0.983227086
8:/crcrrf: 0.000000000 0.373344796 0.626655204
8:/crf: 0.002874047 0.516358791 0.480767162
8:/crfrr: 0.000000000 0.000000000 1.000000000
8:/crr: 0.000000000 0.089941315 0.910058685
8:/crrcrc: 0.000000000 0.036573435 0.963426565
8:/crrcrf: 0.000000000 0.772399139 0.227600861
8:/rcr: 0.983207481 0.016629421 0.000163098
8:/rcrcrc: 0.000000000 0.037576144 0.962423856
8:/rcrcrf: 0.000000000 0.735803352 0.264196648
8:/rfr: 0.160557946 0.818702513 0.020739541
8:/rrc: 0.000000000 0.320658337 0.679341663
8:/rrf: 0.000000000 0.000000000 1.000000000
8:/rrr: 0.000000000 0.844339554 0.155660446
9:/: 0.000053255 0.999946745 0.000000000
9:/ccr: 0.331408745 0.000000000 0.668591255
9:/ccrcrc: 0.335709992 0.165084192 0.499205816
9:/ccrcrf: 0.344353780 0.225793910 0.429852311
9:/ccrcrr: 0.000000000 0.778631190 0.221368810
9:/ccrrcr: 0.000000000 0.685984685 0.314015315
9:/ccrrfr: 0.000000000 0.006190806 0.993809194
9:/ccrrrc: 0.000000000 0.213867194 0.786132806
9:/ccrrrf: 0.000000000 0.341919860 0.658080140
9:/crc: 0.000061606 0.000000000 0.999938394
9:/crcrcr: 0.000000000 0.644960149 0.355039851
9:/crcrfr: 0.000000000 0.283292861 0.716707139
9:/crcrrc: 0.000000000 0.252048537 0.747951463
9:/crcrrf: 0.000000000 0.514528697 0.485471303
9:/crf: 0.007851107 0.423313171 0.568835722
9:/crfrr: 0.000000000 0.000000000 1.000000000
9:/crr: 0.000000000 0.170926745 0.829073255
9:/crrcrc: 0.000000000 0.472765471 0.527234529
9:/crrcrf: 0.000000000 0.398200223 0.601799777
9:/rcr: 0.987478613 0.012383067 0.000138320
9:/rcrcrc: 0.000000000 0.021123724 0.978876276
9:/rcrcrf: 0.000000000 0.000000000 1.000000000
9:/rfr: 0.372000795 0.412731016 0.215268189
9:/rrc: 0.000000000 0.000000000 1.000000000
9:/rrf: 0.000000000 0.000000000 1.000000000
9:/rrr: 0.000000000 0.260553098 0.739446902
A:/: 0.538272792 0.461727208 0.000000000
A:/ccr: 0.634265237 0.365734763 0.000000000
A:/ccrcrc: 0.194559980 0.739672306 0.065767715
A:/ccrcrf: 0.395608622 0.478287831 0.126103547
A:/ccrcrr: 0.000000000 0.736140611 0.263859389
A:/ccrrcr: 0.000000000 1.000000000 0.000000000
A:/ccrrfr: 0.000000000 0.570030839 0.429969161
A:/ccrrrc: 0.000000000 0.940552284 0.059447716
A:/ccrrrf: 0.000000000 0.774850965 0.225149035
A:/crc: 0.556295267 0.443704733 0.000000000
A:/crcrcr: 0.000000000 1.000000000 0.000000000
A:/crcrfr: 0.000000000 0.173728747 0.826271253
A:/crcrrc: 0.000000000 0.886423140 0.113576860
A:/crcrrf: 0.000000000 0.987542169 0.012457831
A:/crf: 1.000000000 0.000000000 0.000000000
A:/crfrr: 0.000000000 1.000000000 0.000000000
A:/crr: 0.541935305 0.458064695 0.000000000
A:/crrcrc: 0.000000000 0.727061492 0.272938508
A:/crrcrf: 0.000000000 0.739321108 0.260678892
A:/rcr: 0.836154342 0.163845658 0.000000000
A:/rcrcrc: 0.000000000 1.000000000 0.000000000
A:/rcrcrf: 0.000000000 1.000000000 0.000000000
A:/rfr: 0.227340988 0.401888984 0.370770028
A:/rrc: 0.335332754 0.664667246 0.000000000
A:/rrf: 0.553003146 0.446996854 0.000000000
A:/rrr: 0.000000000 0.787517552 0.212482448
J:/: 0.000000000 1.000000000 0.000000000
J:/ccr: 0.000119759 0.000000000 0.999880241
J:/ccrcrc: 0.365582245 0.153623006 0.480794748
J:/ccrcrf: 0.196520053 0.341271085 0.462208862
J:/ccrcrr: 0.000000000 0.665372708 0.334627292
J:/ccrrcr: 0.000000000 0.493797163 0.506202837
J:/ccrrfr: 0.000000000 0.426949594 0.573050406
J:/ccrrrc: 0.000000000 0.351895216 0.648104784
J:/ccrrrf: 0.000000000 0.834326480 0.165673520
J:/crc: 0.000000000 0.000000000 1.000000000
J:/crcrcr: 0.000000000 0.675781714 0.324218286
J:/crcrfr: 0.000000000 0.083260135 0.916739865
J:/crcrrc: 0.000000000 0.435891639 0.564108361
J:/crcrrf: 0.000000000 0.801278752 0.198721248
J:/crf: 0.058680664 0.675385820 0.265933515
J:/crfrr: 0.000000000 0.000000000 1.000000000
J:/crr: 0.669863462 0.000000000 0.330136538
J:/crrcrc: 0.000000000 0.618106905 0.381893095
J:/crrcrf: 0.000000000 0.360008939 0.639991061
J:/rcr: 0.862520230 0.137175497 0.000304272
J:/rcrcrc: 0.000000000 0.000000000 1.000000000
J:/rcrcrf: 0.000000000 0.139962086 0.860037914
J:/rfr: 0.377658286 0.134165030 0.488176684
J:/rrc: 0.000000000 0.429202998 0.570797002
J:/rrf: 0.000327590 0.084819353 0.914853058
J:/rrr: 0.000000000 0.804575407 0.195424593
K:/: 1.000000000 0.000000000 0.000000000
K:/ccr: 0.795031715 0.204968285 0.000000000
K:/ccrcrc: 0.165656897 0.467297997 0.367045106
K:/ccrcrf: 0.412381127 0.455096006 0.132522867
K:/ccrcrr: 0.000000000 0.662034721 0.337965279
K:/ccrrcr: 0.000000000 0.619706916 0.380293084
K:/ccrrfr: 0.000000000 0.534129841 0.465870159
K:/ccrrrc: 0.000000000 0.826333275 0.173666725
K:/ccrrrf: 0.000000000 0.999959385 0.000040615
K:/crc: 0.000000000 0.952919195 0.047080805
K:/crcrcr: 0.000000000 0.102830928 0.897169072
K:/crcrfr: 0.000000000 0.349903935 0.650096065
K:/crcrrc: 0.000000000 0.703944708 0.296055292
K:/crcrrf: 0.000000000 0.539108972 0.460891028
K:/crf: 0.000000000 1.000000000 0.000000000
K:/crfrr: 0.000000000 0.000000000 1.000000000
K:/crr: 0.337039842 0.455095638 0.207864519
K:/crrcrc: 0.000000000 0.493846712 0.506153288
K:/crrcrf: 0.000000000 0.674771152 0.325228848
K:/rcr: 0.979954009 0.020045991 0.000000000
K:/rcrcrc: 0.000000000 0.499367902 0.500632098
K:/rcrcrf: 0.000000000 0.978548323 0.021451677
K:/rfr: 0.414620407 0.487931949 0.097447644
K:/rrc: 0.041912467 0.552910162 0.405177371
K:/rrf: 0.000355189 0.885922841 0.113721970
K:/rrr: 0.000000000 0.892665854 0.107334146
Q:/: 0.000356300 0.999643700 0.000000000
Q:/ccr: 0.565631953 0.434368047 0.000000000
Q:/ccrcrc: 0.000000000 0.397602719 0.602397281
Q:/ccrcrf: 0.135663041 0.464950731 0.399386227
Q:/ccrcrr: 0.000000000 0.595298069 0.404701931
Q:/ccrrcr: 0.000000000 0.481581900 0.518418100
Q:/ccrrfr: 0.000000000 0.021598024 0.978401976
Q:/ccrrrc: 0.000000000 0.555200260 0.444799740
Q:/ccrrrf: 0.000000000 0.474695293 0.525304707
Q:/crc: 0.000000000 0.231763069 0.768236931
Q:/crcrcr: 0.000000000 0.838074926 0.161925074
Q:/crcrfr: 0.000000000 0.961322731 0.038677269
Q:/crcrrc: 0.000000000 0.832659069 0.167340931
Q:/crcrrf: 0.000000000 0.599930568 0.400069432
Q:/crf: 0.000000000 0.998412850 0.001587150
Q:/crfrr: 0.000000000 0.000000000 1.000000000
Q:/crr: 0.483862021 0.000000000 0.516137979
Q:/crrcrc: 0.000000000 0.578534023 0.421465977
Q:/crrcrf: 0.000000000 0.480818245 0.519181755
Q:/rcr: 0.969996729 0.029672536 0.000330735
Q:/rcrcrc: 0.000000000 0.315595968 0.684404032
Q:/rcrcrf: 0.000000000 0.668292791 0.331707209
Q:/rfr: 0.109936109 0.403477482 0.486586410
Q:/rrc: 0.000000000 0.367186014 0.632813986
Q:/rrf: 0.000339087 0.765824699 0.233836214
Q:/rrr: 0.000000000 0.615896307 0.384103693
T:/: 0.000000000 1.000000000 0.000000000
T:/ccr: 0.041200720 0.033780924 0.925018356
T:/ccrcrc: 0.000000000 0.639185836 0.360814164
T:/ccrcrf: 0.123573238 0.443610733 0.432816030
T:/ccrcrr: 0.000000000 0.615781287 0.384218713
T:/ccrrcr: 0.000000000 0.984405311 0.015594689
T:/ccrrfr: 0.000000000 0.823433595 0.176566405
T:/ccrrrc: 0.000000000 0.759058893 0.240941107
T:/ccrrrf: 0.000000000 0.229575972 0.770424028
T:/crc: 0.000159892 0.000000000 0.999840108
T:/crcrcr: 0.000000000 0.488965134 0.511034866
T:/crcrfr: 0.000000000 0.298962804 0.701037196
T:/crcrrc: 0.000000000 0.616255022 0.383744978
T:/crcrrf: 0.000000000 0.450237356 0.549762644
T:/crf: 0.020706621 0.734374702 0.244918677
T:/crfrr: 0.000000000 0.000000000 1.000000000
T:/crr: 0.314253393 0.076076452 0.609670155
T:/crrcrc: 0.000000000 0.656090699 0.343909301
T:/crrcrf: 0.000000000 0.968359404 0.031640596
T:/rcr: 0.984971739 0.014865883 0.000162379
T:/rcrcrc: 0.000000000 0.125873889 0.874126111
T:/rcrcrf: 0.000000000 0.590866786 0.409133214
T:/rfr: 0.348352081 0.177845128 0.473802791
T:/rrc: 0.000000000 0.250988857 0.749011143
T:/rrf: 0.000327590 0.003014883 0.996657527
T:/rrr: 0.000000000 0.505510909 0.494489091
