5:/cc: 0.625325778 0.374674222 0.000000000
5:/ccrcr: 0.000000000 0.184286495 0.815713505
5:/ccrcrcrc: 0.000000000 0.415252070 0.584747930
5:/ccrcrcrf: 0.000000000 0.407381472 0.592618528
5:/ccrfr: 0.020956463 0.000000000 0.979043537
5:/ccrrc: 0.057488900 0.416300303 0.526210798
5:/ccrrf: 0.300018133 0.364282342 0.335699525
5:/ccrrr: 0.000000000 0.000006657 0.999993343
5:/cr: 0.000000000 0.000000000 1.000000000
5:/crcrc: 0.868104344 0.034687552 0.097208104
5:/crcrf: 0.322977848 0.368469072 0.308553080
5:/crcrr: 0.000000000 0.533085251 0.466914749
5:/crrcr: 0.000000000 0.336706091 0.663293909
5:/crrfr: 0.000000000 0.000000000 1.000000000
5:/crrrc: 0.000000000 0.000000000 1.000000000
5:/crrrf: 0.000000000 0.516943210 0.483056790
5:/rc: 0.155440549 0.000000000 0.844559451
5:/rcrcr: 0.000000000 0.952962272 0.047037728
5:/rcrfr: 0.000000000 0.417652345 0.582347655
5:/rcrrc: 0.000000000 0.000000000 1.000000000
5:/rcrrf: 0.000000000 0.287237086 0.712762914
5:/rf: 0.451098123 0.387712525 0.161189352
5:/rfrr: 0.000000000 0.933103555 0.066896445
5:/rr: 0.000076801 0.000000000 0.999923199
5:/rrcrc: 0.000000000 0.506141172 0.493858828
5:/rrcrf: 0.000000000 0.227446203 0.772553797
6:/cc: 0.209767835 0.790232165 0.000000000
6:/ccrcr: 0.359413836 0.350066803 0.290519362
6:/ccrcrcrc: 0.000000000 0.553957441 0.446042559
6:/ccrcrcrf: 0.000000000 0.489060702 0.510939298
6:/ccrfr: 0.027241655 0.000000000 0.972758345
6:/ccrrc: 0.344597385 0.192859963 0.462542652
6:/ccrrf: 0.258615859 0.667130279 0.074253862
6:/ccrrr: 0.000000000 0.201586945 0.798413055
6:/cr: 0.000000000 0.000067250 0.999932750
6:/crcrc: 0.000000000 0.765991987 0.234008013
6:/crcrf: 0.161456422 0.441717755 0.396825822
6:/crcrr: 0.000000000 0.444474798 0.555525202
6:/crrcr: 0.000000000 0.297802856 0.702197144
6:/crrfr: 0.000000000 0.000000000 1.000000000
6:/crrrc: 0.000000000 0.000000000 1.000000000
6:/crrrf: 0.000000000 0.108480219 0.891519781
6:/rc: 0.303305775 0.000000000 0.696694225
6:/rcrcr: 0.000000000 0.391185490 0.608814510
6:/rcrfr: 0.000000000 0.957091755 0.042908245
6:/rcrrc: 0.000000000 0.000000000 1.000000000
6:/rcrrf: 0.000000000 0.042579040 0.957420960
6:/rf: 0.395370406 0.108939720 0.495689874
6:/rfrr: 0.000000000 0.061111183 0.938888817
6:/rr: 0.000077659 0.000000000 0.999922341
6:/rrcrc: 0.000000000 0.908053517 0.091946483
6:/rrcrf: 0.000000000 0.674231099 0.325768901
7:/cc: 0.065780040 0.934219960 0.000000000
7:/ccrcr: 0.271481889 0.242478424 0.486039687
7:/ccrcrcrc: 0.000000000 0.223940098 0.776059902
7:/ccrcrcrf: 0.000000000 0.468891227 0.531108773
7:/ccrfr: 0.327056482 0.000000000 0.672943518
7:/ccrrc: 0.224669914 0.273904724 0.501425362
7:/ccrrf: 0.004831835 0.775653743 0.219514423
7:/ccrrr: 0.000000000 0.000000000 1.000000000
7:/cr: 0.000000000 0.000122903 0.999877097
7:/crcrc: 0.689183863 0.212741683 0.098074454
7:/crcrf: 0.379226319 0.350921294 0.269852387
7:/crcrr: 0.000000000 0.252196679 0.747803321
7:/crrcr: 0.000000000 0.413014070 0.586985930
7:/crrfr: 0.000000000 0.000000000 1.000000000
7:/crrrc: 0.000000000 0.000000000 1.000000000
7:/crrrf: 0.000000000 0.338439542 0.661560458
7:/rc: 0.095108927 0.000000000 0.904891073
7:/rcrcr: 0.000000000 0.896122250 0.103877750
7:/rcrfr: 0.000000000 0.411306869 0.588693131
7:/rcrrc: 0.000000000 0.111803660 0.888196340
7:/rcrrf: 0.000000000 0.215978512 0.784021488
7:/rf: 0.193955592 0.301852338 0.504192069
7:/rfrr: 0.000000000 0.485219566 0.514780434
7:/rr: 0.000155173 0.002951697 0.996893131
7:/rrcrc: 0.000000000 0.338739469 0.661260531
7:/rrcrf: 0.000000000 0.510319814 0.489680186
8:/cc: 0.000000000 1.000000000 0.000000000
8:/ccrcr: 0.037685858 0.440496414 0.521817728
8:/ccrcrcrc: 0.000000000 0.834165507 0.165834493
8:/ccrcrcrf: 0.000000000 0.253986609 0.746013391
8:/ccrfr: 0.000000000 0.000000000 1.000000000
8:/ccrrc: 0.122307158 0.295927425 0.581765416
8:/ccrrf: 0.401734525 0.086142734 0.512122742
8:/ccrrr: 0.000000000 0.000000000 1.000000000
8:/cr: 0.140640907 0.000193222 0.859165871
8:/crcrc: 0.033104917 0.053156918 0.913738165
8:/crcrf: 0.110877255 0.423934786 0.465187959
8:/crcrr: 0.000000000 0.255094341 0.744905659
8:/crrcr: 0.000000000 0.262632899 0.737367101
8:/crrfr: 0.000000000 0.000000000 1.000000000
8:/crrrc: 0.000000000 0.000000000 1.000000000
8:/crrrf: 0.000000000 0.640502890 0.359497110
8:/rc: 0.134289983 0.000000000 0.865710017
8:/rcrcr: 0.000000000 0.500921630 0.499078370
8:/rcrfr: 0.000000000 0.154500490 0.845499510
8:/rcrrc: 0.000000000 0.000000000 1.000000000
8:/rcrrf: 0.000000000 0.592978025 0.407021975
8:/rf: 0.633006436 0.011188269 0.355805295
8:/rfrr: 0.000000000 0.661489440 0.338510560
8:/rr: 0.000204724 0.073937778 0.925857498
8:/rrcrc: 0.000000000 0.558760962 0.441239038
8:/rrcrf: 0.000000000 0.582711006 0.417288994
9:/cc: 0.007325417 0.992674583 0.000000000
9:/ccrcr: 0.110111943 0.340265808 0.549622250
9:/ccrcrcrc: 0.000000000 0.183362516 0.816637484
9:/ccrcrcrf: 0.000000000 0.503155209 0.496844791
9:/ccrfr: 0.000000000 0.220716417 0.779283583
9:/ccrrc: 0.175479532 0.382944110 0.441576358
9:/ccrrf: 0.239066222 0.320873933 0.440059846
9:/ccrrr: 0.000000000 0.622449084 0.377550916
9:/cr: 0.079248743 0.000182681 0.920568576
9:/crcrc: 0.000000000 0.415926973 0.584073027
9:/crcrf: 0.054059258 0.583107935 0.362832807
9:/crcrr: 0.000000000 0.073572413 0.926427587
9:/crrcr: 0.000000000 0.543950406 0.456049594
9:/crrfr: 0.000000000 0.000000000 1.000000000
9:/crrrc: 0.000000000 0.000000000 1.000000000
9:/crrrf: 0.000000000 0.425981252 0.574018748
9:/rc: 0.117822863 0.000000000 0.882177137
9:/rcrcr: 0.000000000 0.914220421 0.085779579
9:/rcrfr: 0.000000000 0.481573171 0.518426829
9:/rcrrc: 0.000000000 0.133882210 0.866117790
9:/rcrrf: 0.000000000 0.029433324 0.970566676
9:/rf: 0.215172004 0.583103193 0.201724803
9:/rfrr: 0.000000000 0.599628749 0.400371251
9:/rr: 0.000084667 0.000000000 0.999915333
9:/rrcrc: 0.000000000 0.842681630 0.157318370
9:/rrcrf: 0.000000000 0.463755215 0.536244785
A:/cc: 1.000000000 0.000000000 0.000000000
A:/ccrcr: 0.373745824 0.626254176 0.000000000
A:/ccrcrcrc: 0.000000000 0.614112645 0.385887355
A:/ccrcrcrf: 0.000000000 0.441390959 0.558609041
A:/ccrfr: 0.659307588 0.340692412 0.000000000
A:/ccrrc: 0.844606863 0.155393137 0.000000000
A:/ccrrf: 0.071696345 0.333868568 0.594435087
A:/ccrrr: 0.000000000 1.000000000 0.000000000
A:/cr: 1.000000000 0.000000000 0.000000000
A:/crcrc: 0.446600531 0.184234732 0.369164737
A:/crcrf: 0.391908327 0.599268649 0.008823024
A:/crcrr: 0.000000000 0.460635745 0.539364255
A:/crrcr: 0.000000000 0.998031830 0.001968170
A:/crrfr: 0.000000000 1.000000000 0.000000000
A:/crrrc: 0.000000000 1.000000000 0.000000000
A:/crrrf: 0.000000000 0.486229864 0.513770136
A:/rc: 1.000000000 0.000000000 0.000000000
A:/rcrcr: 0.000000000 0.215658478 0.784341522
A:/rcrfr: 0.000000000 0.950086020 0.049913980
A:/rcrrc: 0.000000000 1.000000000 0.000000000
A:/rcrrf: 0.000000000 0.809979906 0.190020094
A:/rf: 0.452057286 0.368137986 0.179804728
A:/rfrr: 0.000000000 0.225924347 0.774075653
A:/rr: 0.370359704 0.629640296 0.000000000
A:/rrcrc: 0.000000000 0.663386247 0.336613753
A:/rrcrf: 0.000000000 0.628386912 0.371613088
J:/cc: 0.038660425 0.961339575 0.000000000
J:/ccrcr: 0.308815844 0.461358772 0.229825384
J:/ccrcrcrc: 0.000000000 0.522964532 0.477035468
J:/ccrcrcrf: 0.000000000 0.934675073 0.065324927
J:/ccrfr: 0.349256328 0.421219070 0.229524603
J:/ccrrc: 0.232344783 0.430276885 0.337378332
J:/ccrrf: 0.459194157 0.400510959 0.140294884
J:/ccrrr: 0.000000000 0.314520492 0.685479508
J:/cr: 0.000000000 0.105920116 0.894079884
J:/crcrc: 0.539025433 0.359213220 0.101761347
J:/crcrf: 0.226497309 0.224601795 0.548900895
J:/crcrr: 0.000000000 0.450614152 0.549385848
J:/crrcr: 0.000000000 0.090958506 0.909041494
J:/crrfr: 0.000000000 0.000000000 1.000000000
J:/crrrc: 0.000000000 0.496300809 0.503699191
J:/crrrf: 0.000000000 0.511263467 0.488736533
J:/rc: 0.000000000 0.123214423 0.876785577
J:/rcrcr: 0.000000000 0.620200793 0.379799207
J:/rcrfr: 0.000000000 0.449839267 0.550160733
J:/rcrrc: 0.000000000 0.000000000 1.000000000
J:/rcrrf: 0.000000000 0.716317588 0.283682412
J:/rf: 0.245465956 0.297119979 0.457414065
J:/rfrr: 0.000000000 0.412555671 0.587444329
J:/rr: 0.000084675 0.000000000 0.999915325
J:/rrcrc: 0.000000000 0.832960555 0.167039445
J:/rrcrf: 0.000000000 0.438722234 0.561277766
K:/cc: 1.000000000 0.000000000 0.000000000
K:/ccrcr: 0.533424807 0.342015077 0.124560116
K:/ccrcrcrc: 0.000000000 0.945300949 0.054699051
K:/ccrcrcrf: 0.000000000 0.476041516 0.523958484
K:/ccrfr: 0.000000000 0.826163217 0.173836783
K:/ccrrc: 0.379774648 0.539651796 0.080573555
K:/ccrrf: 0.235962044 0.127427292 0.636610665
K:/ccrrr: 0.000000000 0.786372609 0.213627391
K:/cr: 0.000000000 1.000000000 0.000000000
K:/crcrc: 0.449696765 0.099053335 0.451249900
K:/crcrf: 0.164326430 0.305604985 0.530068585
K:/crcrr: 0.000000000 0.281133919 0.718866081
K:/crrcr: 0.000000000 0.496007574 0.503992426
K:/crrfr: 0.000000000 0.000000000 1.000000000
K:/crrrc: 0.000000000 0.181075593 0.818924407
K:/crrrf: 0.000000000 0.590545926 0.409454074
K:/rc: 0.000000000 1.000000000 0.000000000
K:/rcrcr: 0.000000000 0.206806107 0.793193893
K:/rcrfr: 0.000000000 0.697156238 0.302843762
K:/rcrrc: 0.000000000 0.621023100 0.378976900
K:/rcrrf: 0.000000000 0.503370065 0.496629935
K:/rf: 0.442392376 0.258877048 0.298730576
K:/rfrr: 0.000000000 0.895596832 0.104403168
K:/rr: 0.000094930 0.595918967 0.403986103
K:/rrcrc: 0.000000000 0.723329835 0.276670165
K:/rrcrf: 0.000000000 0.439727618 0.560272382
Q:/cc: 1.000000000 0.000000000 0.000000000
Q:/ccrcr: 0.265589997 0.409522103 0.324887900
Q:/ccrcrcrc: 0.000000000 0.335163232 0.664836768
Q:/ccrcrcrf: 0.000000000 0.510322244 0.489677756
Q:/ccrfr: 0.046929335 0.596207117 0.356863548
Q:/ccrrc: 0.349439081 0.455344409 0.195216509
Q:/ccrrf: 0.438315652 0.330617575 0.231066773
Q:/ccrrr: 0.000000000 0.718264058 0.281735942
Q:/cr: 0.000000000 0.999350825 0.000649175
Q:/crcrc: 0.474713069 0.158329035 0.366957896
Q:/crcrf: 0.421835994 0.144005302 0.434158704
Q:/crcrr: 0.000000000 0.337191237 0.662808763
Q:/crrcr: 0.000000000 0.154710149 0.845289851
Q:/crrfr: 0.000000000 0.000000000 1.000000000
Q:/crrrc: 0.000000000 0.000000000 1.000000000
Q:/crrrf: 0.000000000 0.386306152 0.613693848
Q:/rc: 0.000000000 0.999963101 0.000036899
Q:/rcrcr: 0.000000000 0.878688111 0.121311889
Q:/rcrfr: 0.000000000 0.637157195 0.362842805
Q:/rcrrc: 0.000000000 0.375307640 0.624692360
Q:/rcrrf: 0.000000000 0.559779156 0.440220844
Q:/rf: 0.186376606 0.287039235 0.526584159
Q:/rfrr: 0.000000000 0.567197248 0.432802752
Q:/rr: 0.000205140 0.247710052 0.752084808
Q:/rrcrc: 0.000000000 0.538706983 0.461293017
Q:/rrcrf: 0.000000000 0.185319066 0.814680934
T:/cc: 0.000091918 0.999908082 0.000000000
T:/ccrcr: 0.000000000 0.437105814 0.562894186
T:/ccrcrcrc: 0.000000000 0.015116504 0.984883496
T:/ccrcrcrf: 0.000000000 0.499636558 0.500363442
T:/ccrfr: 0.000000000 0.467461513 0.532538487
T:/ccrrc: 0.138544761 0.684364958 0.177090281
T:/ccrrf: 0.015164541 0.686961747 0.297873713
T:/ccrrr: 0.000000000 0.058007759 0.941992241
T:/cr: 0.000000000 0.000384257 0.999615743
T:/crcrc: 0.392493725 0.457354983 0.150151292
T:/crcrf: 0.421847154 0.110175983 0.467976864
T:/crcrr: 0.000000000 0.975589444 0.024410556
T:/crrcr: 0.000000000 0.216542922 0.783457078
T:/crrfr: 0.000000000 0.115388345 0.884611655
T:/crrrc: 0.000000000 0.361670869 0.638329131
T:/crrrf: 0.000000000 0.732012245 0.267987755
T:/rc: 0.118752475 0.000000000 0.881247525
T:/rcrcr: 0.000000000 0.482786704 0.517213296
T:/rcrfr: 0.000000000 0.470766730 0.529233270
T:/rcrrc: 0.000000000 0.000000000 1.000000000
T:/rcrrf: 0.000000000 0.925082959 0.074917041
T:/rf: 0.218098036 0.434255936 0.347646028
T:/rfrr: 0.000000000 0.532165926 0.467834074
T:/rr: 0.000084675 0.000000000 0.999915325
T:/rrcrc: 0.000000000 0.589347139 0.410652861
T:/rrcrf: 0.000000000 0.046803570 0.953196430
