8:/: 0.000000000 1.000000000 0.000000000
8:/cccr: 0.000000000 0.000000000 1.000000000
8:/cccrccrc: 0.000000000 0.483030908 0.516969092
8:/cccrccrf: 0.000000000 0.923402973 0.076597027
8:/cccrcfrc: 0.000000000 0.501555546 0.498444454
8:/cccrcfrf: 0.000000000 0.976569706 0.023430294
8:/cccrcrcc: 0.000000000 0.391969603 0.608030397
8:/cccrcrcf: 0.000000000 0.090392150 0.909607850
8:/cccrcrfc: 0.000000000 0.457432946 0.542567054
8:/cccrcrff: 0.000000000 0.378529841 0.621470159
8:/ccrc: 0.000000000 0.475830468 0.524169532
8:/ccrccrcc: 0.000000000 0.014452963 0.985547037
8:/ccrccrcf: 0.000000000 0.119980274 0.880019726
8:/ccrccrfc: 0.000000000 0.532936712 0.467063288
8:/ccrccrff: 0.000000000 0.464405086 0.535594914
8:/ccrf: 0.000000000 0.110135596 0.889864404
8:/ccrfcrc: 0.000000000 0.475680752 0.524319248
8:/ccrfcrf: 0.000000000 0.617968679 0.382031321
8:/ccrr: 0.000000000 0.229145798 0.770854202
8:/crcc: 1.000000000 0.000000000 0.000000000
8:/crcf: 1.000000000 0.000000000 0.000000000
8:/crcr: 0.000000000 0.000000000 1.000000000
8:/crfc: 0.000000000 0.257261412 0.742738588
8:/crff: 0.291749368 0.000000000 0.708250632
8:/crfr: 0.000000000 0.000000000 1.000000000
8:/crrc: 0.000000000 0.363105691 0.636894309
8:/crrf: 0.000000000 0.219315414 0.780684586
8:/rccr: 0.000000000 0.336539994 0.663460006
8:/rcfr: 0.000000000 0.382853168 0.617146832
8:/rcrc: 0.000000000 0.340314923 0.659685077
8:/rcrf: 0.000000000 0.325284694 0.674715306
8:/rfcr: 0.000000000 0.011662244 0.988337756
8:/rffr: 0.000000000 0.001317304 0.998682696
8:/rfrc: 0.000000000 0.433198921 0.566801079
8:/rfrf: 0.000000000 0.579073415 0.420926585
8:/rrcc: 0.000000000 0.192796205 0.807203795
8:/rrcf: 0.000000000 0.169390950 0.830609050
8:/rrfc: 0.000000000 0.000000000 1.000000000
8:/rrff: 0.000000000 0.000000000 1.000000000
9:/: 0.000000000 1.000000000 0.000000000
9:/cccr: 0.010711020 0.000000000 0.989288980
9:/cccrccrc: 0.000000000 0.468343261 0.531656739
9:/cccrccrf: 0.000000000 0.544089363 0.455910637
9:/cccrcfrc: 0.000000000 0.334734953 0.665265047
9:/cccrcfrf: 0.000000000 0.969613233 0.030386767
9:/cccrcrcc: 0.000000000 0.398660448 0.601339552
9:/cccrcrcf: 0.000000000 0.481050770 0.518949230
9:/cccrcrfc: 0.000000000 0.593176548 0.406823452
9:/cccrcrff: 0.000000000 0.122510829 0.877489171
9:/ccrc: 0.000000000 0.553306595 0.446693405
9:/ccrccrcc: 0.000000000 0.430391209 0.569608791
9:/ccrccrcf: 0.000000000 0.617851967 0.382148033
9:/ccrccrfc: 0.000000000 0.243149871 0.756850129
9:/ccrccrff: 0.000000000 0.365108489 0.634891511
9:/ccrf: 0.345625729 0.238734263 0.415640007
9:/ccrfcrc: 0.000000000 0.782013838 0.217986162
9:/ccrfcrf: 0.000000000 0.333406544 0.666593456
9:/ccrr: 0.000000000 0.391086793 0.608913207
9:/crcc: 1.000000000 0.000000000 0.000000000
9:/crcf: 0.950042636 0.000000000 0.049957364
9:/crcr: 0.000000000 0.000000000 1.000000000
9:/crfc: 0.199518395 0.000000000 0.800481605
9:/crff: 0.536589146 0.112908692 0.350502162
9:/crfr: 0.000000000 0.347237755 0.652762245
9:/crrc: 0.000000000 0.073580910 0.926419090
9:/crrf: 0.000000000 0.574326371 0.425673629
9:/rccr: 0.000000000 0.211396037 0.788603963
9:/rcfr: 0.000000000 0.520404003 0.479595997
9:/rcrc: 0.000000000 0.316831337 0.683168663
9:/rcrf: 0.000000000 0.519865108 0.480134892
9:/rfcr: 0.000000000 0.104022862 0.895977138
9:/rffr: 0.000000000 0.088168771 0.911831229
9:/rfrc: 0.000000000 0.758006408 0.241993592
9:/rfrf: 0.000000000 0.988881463 0.011118537
9:/rrcc: 0.000000000 0.000000000 1.000000000
9:/rrcf: 0.000000000 0.037799773 0.962200227
9:/rrfc: 0.000000000 0.000000000 1.000000000
9:/rrff: 0.000000000 0.000000000 1.000000000
A:/: 0.000000000 1.000000000 0.000000000
A:/cccr: 0.358944687 0.641055313 0.000000000
A:/cccrccrc: 0.000000000 0.890867830 0.109132170
A:/cccrccrf: 0.000000000 0.610056903 0.389943097
A:/cccrcfrc: 0.000000000 0.922073437 0.077926563
A:/cccrcfrf: 0.000000000 0.625763922 0.374236078
A:/cccrcrcc: 0.000000000 1.000000000 0.000000000
A:/cccrcrcf: 0.000000000 0.939649265 0.060350735
A:/cccrcrfc: 0.000000000 1.000000000 0.000000000
A:/cccrcrff: 0.000000000 1.000000000 0.000000000
A:/ccrc: 0.397604108 0.567095183 0.035300709
A:/ccrccrcc: 0.000000000 0.901484256 0.098515744
A:/ccrccrcf: 0.000000000 0.576832422 0.423167578
A:/ccrccrfc: 0.000000000 0.430067224 0.569932776
A:/ccrccrff: 0.000000000 0.370310387 0.629689613
A:/ccrf: 0.488753161 0.511246839 0.000000000
A:/ccrfcrc: 0.000000000 0.986805977 0.013194023
A:/ccrfcrf: 0.000000000 0.800209450 0.199790550
A:/ccrr: 0.000000000 1.000000000 0.000000000
A:/crcc: 1.000000000 0.000000000 0.000000000
A:/crcf: 0.470810584 0.529189416 0.000000000
A:/crcr: 0.000000000 1.000000000 0.000000000
A:/crfc: 1.000000000 0.000000000 0.000000000
A:/crff: 0.757243706 0.242756294 0.000000000
A:/crfr: 0.000000000 0.713183370 0.286816630
A:/crrc: 0.000000000 1.000000000 0.000000000
A:/crrf: 0.000000000 1.000000000 0.000000000
A:/rccr: 0.000000000 0.987273613 0.012726387
A:/rcfr: 0.000000000 1.000000000 0.000000000
A:/rcrc: 0.000000000 0.689906617 0.310093383
A:/rcrf: 0.000000000 0.361447260 0.638552740
A:/rfcr: 0.000000000 1.000000000 0.000000000
A:/rffr: 0.000000000 1.000000000 0.000000000
A:/rfrc: 0.000000000 0.875771995 0.124228005
A:/rfrf: 0.000000000 0.573862621 0.426137379
A:/rrcc: 0.000000000 1.000000000 0.000000000
A:/rrcf: 0.000000000 0.674857660 0.325142340
A:/rrfc: 0.000000000 1.000000000 0.000000000
A:/rrff: 0.000000000 1.000000000 0.000000000
J:/: 0.000000000 1.000000000 0.000000000
J:/cccr: 0.289541114 0.000000000 0.710458886
J:/cccrccrc: 0.000000000 0.661652788 0.338347212
J:/cccrccrf: 0.000000000 0.556947656 0.443052344
J:/cccrcfrc: 0.000000000 0.612248039 0.387751961
J:/cccrcfrf: 0.000000000 0.526329533 0.473670467
J:/cccrcrcc: 0.000000000 0.481683502 0.518316498
J:/cccrcrcf: 0.000000000 0.618661099 0.381338901
J:/cccrcrfc: 0.000000000 0.937986538 0.062013462
J:/cccrcrff: 0.000000000 1.000000000 0.000000000
J:/ccrc: 0.000000000 0.525690103 0.474309897
J:/ccrccrcc: 0.000000000 0.473233238 0.526766762
J:/ccrccrcf: 0.000000000 0.668564884 0.331435116
J:/ccrccrfc: 0.000000000 0.449371704 0.550628296
J:/ccrccrff: 0.000000000 0.978149641 0.021850359
J:/ccrf: 0.081927062 0.417362300 0.500710638
J:/ccrfcrc: 0.000000000 0.886370968 0.113629032
J:/ccrfcrf: 0.000000000 0.992085517 0.007914483
J:/ccrr: 0.000000000 0.528891271 0.471108729
J:/crcc: 1.000000000 0.000000000 0.000000000
J:/crcf: 1.000000000 0.000000000 0.000000000
J:/crcr: 0.000000000 0.000000000 1.000000000
J:/crfc: 0.766322854 0.000000000 0.233677146
J:/crff: 0.406884146 0.032620411 0.560495443
J:/crfr: 0.000000000 0.638716438 0.361283562
J:/crrc: 0.000000000 0.794402531 0.205597469
J:/crrf: 0.000000000 0.000000000 1.000000000
J:/rccr: 0.000000000 0.692264204 0.307735796
J:/rcfr: 0.000000000 0.582931718 0.417068282
J:/rcrc: 0.000000000 0.227792904 0.772207096
J:/rcrf: 0.000000000 0.322406814 0.677593186
J:/rfcr: 0.000000000 0.000000000 1.000000000
J:/rffr: 0.000000000 0.690420343 0.309579657
J:/rfrc: 0.000000000 0.069341806 0.930658194
J:/rfrf: 0.000000000 0.545354589 0.454645411
J:/rrcc: 0.000000000 0.069986255 0.930013745
J:/rrcf: 0.000000000 0.372800988 0.627199012
J:/rrfc: 0.000000000 0.744361359 0.255638641
J:/rrff: 0.000000000 0.628644978 0.371355022
K:/: 0.000000000 1.000000000 0.000000000
K:/cccr: 0.401264306 0.598735694 0.000000000
K:/cccrccrc: 0.000000000 0.595724972 0.404275028
K:/cccrccrf: 0.000000000 0.587617485 0.412382515
K:/cccrcfrc: 0.000000000 0.499719060 0.500280940
K:/cccrcfrf: 0.000000000 0.463170590 0.536829410
K:/cccrcrcc: 0.000000000 0.818127902 0.181872098
K:/cccrcrcf: 0.000000000 1.000000000 0.000000000
K:/cccrcrfc: 0.000000000 1.000000000 0.000000000
K:/cccrcrff: 0.000000000 1.000000000 0.000000000
K:/ccrc: 0.000000000 0.648002922 0.351997078
K:/ccrccrcc: 0.000000000 0.417053274 0.582946726
K:/ccrccrcf: 0.000000000 0.579214316 0.420785684
K:/ccrccrfc: 0.000000000 0.831174657 0.168825343
K:/ccrccrff: 0.000000000 0.386646289 0.613353711
K:/ccrf: 0.830604319 0.169395681 0.000000000
K:/ccrfcrc: 0.000000000 0.137145205 0.862854795
K:/ccrfcrf: 0.000000000 0.511579582 0.488420418
K:/ccrr: 0.000000000 1.000000000 0.000000000
K:/crcc: 1.000000000 0.000000000 0.000000000
K:/crcf: 0.807788906 0.185482605 0.006728490
K:/crcr: 0.000000000 0.531519689 0.468480311
K:/crfc: 1.000000000 0.000000000 0.000000000
K:/crff: 0.372747570 0.271667480 0.355584950
K:/crfr: 0.000000000 0.628637550 0.371362450
K:/crrc: 0.000000000 0.341459467 0.658540533
K:/crrf: 0.000000000 0.347668431 0.652331569
K:/rccr: 0.000000000 0.825448933 0.174551067
K:/rcfr: 0.000000000 1.000000000 0.000000000
K:/rcrc: 0.000000000 0.236848107 0.763151893
K:/rcrf: 0.000000000 0.178738796 0.821261204
K:/rfcr: 0.000000000 0.906299131 0.093700869
K:/rffr: 0.000000000 0.999900152 0.000099848
K:/rfrc: 0.000000000 0.410341304 0.589658696
K:/rfrf: 0.000000000 0.409986374 0.590013626
K:/rrcc: 0.000000000 1.000000000 0.000000000
K:/rrcf: 0.000000000 0.954351832 0.045648168
K:/rrfc: 0.000000000 1.000000000 0.000000000
K:/rrff: 0.000000000 0.999898766 0.000101234
Q:/: 0.000000000 1.000000000 0.000000000
Q:/cccr: 0.399770067 0.600229933 0.000000000
Q:/cccrccrc: 0.000000000 0.184426394 0.815573606
Q:/cccrccrf: 0.000000000 0.790996048 0.209003952
Q:/cccrcfrc: 0.000000000 0.560062041 0.439937959
Q:/cccrcfrf: 0.000000000 0.744036861 0.255963139
Q:/cccrcrcc: 0.000000000 0.975798641 0.024201359
Q:/cccrcrcf: 0.000000000 1.000000000 0.000000000
Q:/cccrcrfc: 0.000000000 0.996406793 0.003593207
Q:/cccrcrff: 0.000000000 1.000000000 0.000000000
Q:/ccrc: 0.044205937 0.418617163 0.537176900
Q:/ccrccrcc: 0.000000000 0.445901593 0.554098407
Q:/ccrccrcf: 0.000000000 0.940170366 0.059829634
Q:/ccrccrfc: 0.000000000 0.740465174 0.259534826
Q:/ccrccrff: 0.000000000 0.367466022 0.632533978
Q:/ccrf: 0.393414994 0.606585006 0.000000000
Q:/ccrfcrc: 0.000000000 0.910162899 0.089837101
Q:/ccrfcrf: 0.000000000 0.594415156 0.405584844
Q:/ccrr: 0.000000000 0.152429853 0.847570147
Q:/crcc: 1.000000000 0.000000000 0.000000000
Q:/crcf: 1.000000000 0.000000000 0.000000000
Q:/crcr: 0.000000000 0.418087649 0.581912351
Q:/crfc: 1.000000000 0.000000000 0.000000000
Q:/crff: 0.314530238 0.000000000 0.685469762
Q:/crfr: 0.000000000 0.289331535 0.710668465
Q:/crrc: 0.000000000 0.371038795 0.628961205
Q:/crrf: 0.000000000 0.533713628 0.466286372
Q:/rccr: 0.000000000 0.497006182 0.502993818
Q:/rcfr: 0.000000000 0.999981169 0.000018831
Q:/rcrc: 0.000000000 0.881548534 0.118451466
Q:/rcrf: 0.000000000 0.627451358 0.372548642
Q:/rfcr: 0.000000000 0.457887394 0.542112606
Q:/rffr: 0.000000000 0.999929750 0.000070250
Q:/rfrc: 0.000000000 0.484187235 0.515812765
Q:/rfrf: 0.000000000 0.540707691 0.459292309
Q:/rrcc: 0.000000000 0.868531389 0.131468611
Q:/rrcf: 0.000000000 0.018531100 0.981468900
Q:/rrfc: 0.000000000 0.999976604 0.000023396
Q:/rrff: 0.000000000 0.999915003 0.000084997
T:/: 0.000000000 1.000000000 0.000000000
T:/cccr: 0.048865808 0.000000000 0.951134192
T:/cccrccrc: 0.000000000 0.007207650 0.992792350
T:/cccrccrf: 0.000000000 0.611848597 0.388151403
T:/cccrcfrc: 0.000000000 0.223980175 0.776019825
T:/cccrcfrf: 0.000000000 0.462421698 0.537578302
T:/cccrcrcc: 0.000000000 0.791190478 0.208809522
T:/cccrcrcf: 0.000000000 0.597604502 0.402395498
T:/cccrcrfc: 0.000000000 0.031830662 0.968169338
T:/cccrcrff: 0.000000000 0.505370645 0.494629355
T:/ccrc: 0.000000000 0.468965841 0.531034159
T:/ccrccrcc: 0.000000000 0.190415445 0.809584555
T:/ccrccrcf: 0.000000000 0.749610241 0.250389759
T:/ccrccrfc: 0.000000000 0.654193668 0.345806332
T:/ccrccrff: 0.000000000 0.508595726 0.491404274
T:/ccrf: 0.045579930 0.488998251 0.465421819
T:/ccrfcrc: 0.000000000 0.503969261 0.496030739
T:/ccrfcrf: 0.000000000 0.425389026 0.574610974
T:/ccrr: 0.000000000 0.323646370 0.676353630
T:/crcc: 1.000000000 0.000000000 0.000000000
T:/crcf: 1.000000000 0.000000000 0.000000000
T:/crcr: 0.000000000 0.000000000 1.000000000
T:/crfc: 0.339351159 0.000000000 0.660648841
T:/crff: 0.442586114 0.180054586 0.377359300
T:/crfr: 0.000000000 0.141579161 0.858420839
T:/crrc: 0.000000000 0.097346070 0.902653930
T:/crrf: 0.000000000 0.150081876 0.849918124
T:/rccr: 0.000000000 0.928354820 0.071645180
T:/rcfr: 0.000000000 0.585599310 0.414400690
T:/rcrc: 0.000000000 0.543165778 0.456834222
T:/rcrf: 0.000000000 0.906713206 0.093286794
T:/rfcr: 0.000000000 0.000000000 1.000000000
T:/rffr: 0.000000000 0.962758055 0.037241945
T:/rfrc: 0.000000000 0.747353920 0.252646080
T:/rfrf: 0.000000000 0.799908349 0.200091651
T:/rrcc: 0.000000000 0.321963876 0.678036124
T:/rrcf: 0.000000000 0.347567488 0.652432512
T:/rrfc: 0.000000000 0.000000000 1.000000000
T:/rrff: 0.000000000 0.784853147 0.215146853
