8:/cc: 0.000000000 1.000000000 0.000000000
8:/cccrcc: 0.536019936 0.062889914 0.401090150
8:/cccrcf: 0.000000000 0.239814528 0.760185472
8:/cccrcr: 0.000000000 0.030981613 0.969018387
8:/cccrfc: 0.353710156 0.002062429 0.644227416
8:/cccrff: 0.283044955 0.392903607 0.324051439
8:/cccrfr: 0.000000000 0.308275705 0.691724295
8:/cccrrc: 0.000000000 0.959891937 0.040108063
8:/cccrrf: 0.000000000 0.579833258 0.420166742
8:/ccrccr: 0.000000000 0.385140869 0.614859131
8:/ccrcfr: 0.000000000 0.598316581 0.401683419
8:/ccrcrc: 0.000000000 0.574923769 0.425076231
8:/ccrcrf: 0.000000000 0.127471553 0.872528447
8:/ccrfcr: 0.000000000 0.449870045 0.550129955
8:/ccrffr: 0.000000000 0.291357453 0.708642547
8:/ccrfrc: 0.000000000 0.889119411 0.110880589
8:/ccrfrf: 0.000000000 0.514600427 0.485399573
8:/ccrrcc: 0.000000000 0.029931947 0.970068053
8:/ccrrcf: 0.000000000 0.502154794 0.497845206
8:/ccrrfc: 0.000000000 0.316238259 0.683761741
8:/ccrrff: 0.000000000 0.393340616 0.606659384
8:/cr: 0.000000000 1.000000000 0.000000000
8:/crccrc: 0.000000000 0.366873542 0.633126458
8:/crccrf: 0.000000000 0.008573209 0.991426791
8:/crcfrc: 0.000000000 0.000000000 1.000000000
8:/crcfrf: 0.000000000 0.404657325 0.595342675
8:/crcrcc: 0.000000000 0.287423792 0.712576208
8:/crcrcf: 0.000000000 0.943082981 0.056917019
8:/crcrfc: 0.000000000 0.000000000 1.000000000
8:/crcrff: 0.000000000 0.247048001 0.752951999
8:/rc: 0.000000000 0.095406345 0.904593655
8:/rccrcc: 0.000000000 0.561253889 0.438746111
8:/rccrcf: 0.000000000 0.522125113 0.477874887
8:/rccrfc: 0.000000000 0.822690994 0.177309006
8:/rccrff: 0.000000000 0.551229899 0.448770101
8:/rf: 0.000034366 0.179886110 0.820079524
8:/rfcrc: 0.000000000 0.743934937 0.256065063
8:/rfcrf: 0.000000000 0.488395918 0.511604082
8:/rr: 0.000000000 0.000000000 1.000000000
9:/cc: 0.005973584 0.994026416 0.000000000
9:/cccrcc: 0.403654931 0.442132177 0.154212892
9:/cccrcf: 0.288474368 0.212885676 0.498639956
9:/cccrcr: 0.000000000 0.474619517 0.525380483
9:/cccrfc: 0.936874001 0.000000000 0.063125999
9:/cccrff: 0.286678749 0.280973215 0.432348036
9:/cccrfr: 0.000000000 0.434924197 0.565075803
9:/cccrrc: 0.000000000 0.446361042 0.553638958
9:/cccrrf: 0.000000000 0.691378013 0.308621987
9:/ccrccr: 0.000000000 0.943662898 0.056337102
9:/ccrcfr: 0.000000000 0.661066008 0.338933992
9:/ccrcrc: 0.000000000 0.680613367 0.319386633
9:/ccrcrf: 0.000000000 0.336575011 0.663424989
9:/ccrfcr: 0.000000000 0.994681593 0.005318407
9:/ccrffr: 0.000000000 0.260563747 0.739436253
9:/ccrfrc: 0.000000000 0.958335013 0.041664987
9:/ccrfrf: 0.000000000 0.894657144 0.105342856
9:/ccrrcc: 0.000000000 0.335214573 0.664785427
9:/ccrrcf: 0.000000000 0.582094538 0.417905462
9:/ccrrfc: 0.000000000 0.229870658 0.770129342
9:/ccrrff: 0.000000000 0.000000000 1.000000000
9:/cr: 0.000000000 1.000000000 0.000000000
9:/crccrc: 0.000000000 0.082807623 0.917192377
9:/crccrf: 0.000000000 0.000000000 1.000000000
9:/crcfrc: 0.000000000 0.772174771 0.227825229
9:/crcfrf: 0.000000000 0.588290830 0.411709170
9:/crcrcc: 0.000000000 0.089029890 0.910970110
9:/crcrcf: 0.000000000 0.344487884 0.655512116
9:/crcrfc: 0.000000000 0.666588994 0.333411006
9:/crcrff: 0.000000000 0.000000000 1.000000000
9:/rc: 0.000000000 0.171716205 0.828283795
9:/rccrcc: 0.000000000 0.572467264 0.427532736
9:/rccrcf: 0.000000000 0.595120440 0.404879560
9:/rccrfc: 0.000000000 0.336915030 0.663084970
9:/rccrff: 0.000000000 0.234474601 0.765525399
9:/rf: 0.016857548 0.132059778 0.851082674
9:/rfcrc: 0.000000000 0.052574589 0.947425411
9:/rfcrf: 0.000000000 0.086130707 0.913869293
9:/rr: 0.000000000 0.000000000 1.000000000
A:/cc: 1.000000000 0.000000000 0.000000000
A:/cccrcc: 0.126849108 0.622561425 0.250589466
A:/cccrcf: 0.458573251 0.215283105 0.326143644
A:/cccrcr: 0.000000000 0.574619170 0.425380830
A:/cccrfc: 1.000000000 0.000000000 0.000000000
A:/cccrff: 0.568434772 0.233482526 0.198082703
A:/cccrfr: 0.000000000 0.957229991 0.042770009
A:/cccrrc: 0.000000000 0.725737862 0.274262138
A:/cccrrf: 0.000000000 0.763934618 0.236065382
A:/ccrccr: 0.000000000 1.000000000 0.000000000
A:/ccrcfr: 0.000000000 1.000000000 0.000000000
A:/ccrcrc: 0.000000000 0.789096706 0.210903294
A:/ccrcrf: 0.000000000 0.701744712 0.298255288
A:/ccrfcr: 0.000000000 1.000000000 0.000000000
A:/ccrffr: 0.000000000 0.846005540 0.153994460
A:/ccrfrc: 0.000000000 0.569349211 0.430650789
A:/ccrfrf: 0.000000000 0.489698356 0.510301644
A:/ccrrcc: 0.000000000 1.000000000 0.000000000
A:/ccrrcf: 0.000000000 1.000000000 0.000000000
A:/ccrrfc: 0.000000000 1.000000000 0.000000000
A:/ccrrff: 0.000000000 1.000000000 0.000000000
A:/cr: 0.000922668 0.999077332 0.000000000
A:/crccrc: 0.000000000 0.994323163 0.005676837
A:/crccrf: 0.000000000 1.000000000 0.000000000
A:/crcfrc: 0.000000000 1.000000000 0.000000000
A:/crcfrf: 0.000000000 0.594960242 0.405039758
A:/crcrcc: 0.000000000 0.747922055 0.252077945
A:/crcrcf: 0.000000000 0.787877738 0.212122262
A:/crcrfc: 0.000000000 1.000000000 0.000000000
A:/crcrff: 0.000000000 1.000000000 0.000000000
A:/rc: 0.637718545 0.362281455 0.000000000
A:/rccrcc: 0.000000000 0.618489150 0.381510850
A:/rccrcf: 0.000000000 0.381400113 0.618599887
A:/rccrfc: 0.000000000 0.808894147 0.191105853
A:/rccrff: 0.000000000 0.406721241 0.593278759
A:/rf: 0.524476452 0.475523548 0.000000000
A:/rfcrc: 0.000000000 0.532961333 0.467038667
A:/rfcrf: 0.000000000 1.000000000 0.000000000
A:/rr: 0.000000000 1.000000000 0.000000000
J:/cc: 0.346065647 0.653934353 0.000000000
J:/cccrcc: 0.377867281 0.482615651 0.139517068
J:/cccrcf: 0.515804749 0.367559547 0.116635704
J:/cccrcr: 0.000000000 0.590928058 0.409071942
J:/cccrfc: 1.000000000 0.000000000 0.000000000
J:/cccrff: 0.252900987 0.508048094 0.239050918
J:/cccrfr: 0.000000000 0.614397939 0.385602061
J:/cccrrc: 0.000000000 0.605329029 0.394670971
J:/cccrrf: 0.000000000 0.332360904 0.667639096
J:/ccrccr: 0.000000000 1.000000000 0.000000000
J:/ccrcfr: 0.000000000 1.000000000 0.000000000
J:/ccrcrc: 0.000000000 0.611081472 0.388918528
J:/ccrcrf: 0.000000000 0.134188345 0.865811655
J:/ccrfcr: 0.000000000 0.288488911 0.711511089
J:/ccrffr: 0.000000000 0.670728048 0.329271952
J:/ccrfrc: 0.000000000 0.934628092 0.065371908
J:/ccrfrf: 0.000000000 0.002884823 0.997115177
J:/ccrrcc: 0.000000000 0.273905413 0.726094587
J:/ccrrcf: 0.000000000 0.304752164 0.695247836
J:/ccrrfc: 0.000000000 0.624841064 0.375158936
J:/ccrrff: 0.000000000 0.501213601 0.498786399
J:/cr: 0.000000000 1.000000000 0.000000000
J:/crccrc: 0.000000000 0.068101072 0.931898928
J:/crccrf: 0.000000000 1.000000000 0.000000000
J:/crcfrc: 0.000000000 0.853765592 0.146234408
J:/crcfrf: 0.000000000 0.475462665 0.524537335
J:/crcrcc: 0.000000000 0.468555185 0.531444815
J:/crcrcf: 0.000000000 0.461970757 0.538029243
J:/crcrfc: 0.000000000 0.167112431 0.832887569
J:/crcrff: 0.000000000 0.358821203 0.641178797
J:/rc: 0.000000000 0.368437707 0.631562293
J:/rccrcc: 0.000000000 0.928889553 0.071110447
J:/rccrcf: 0.000000000 0.954195922 0.045804078
J:/rccrfc: 0.000000000 0.565368835 0.434631165
J:/rccrff: 0.000000000 0.162713688 0.837286312
J:/rf: 0.000027279 0.213696061 0.786276660
J:/rfcrc: 0.000000000 0.452028266 0.547971734
J:/rfcrf: 0.000000000 0.478426366 0.521573634
J:/rr: 0.000000000 0.124583510 0.875416490
K:/cc: 1.000000000 0.000000000 0.000000000
K:/cccrcc: 0.328098624 0.420878506 0.251022870
K:/cccrcf: 0.507998729 0.257925000 0.234076271
K:/cccrcr: 0.000000000 0.698152283 0.301847717
K:/cccrfc: 1.000000000 0.000000000 0.000000000
K:/cccrff: 0.424281423 0.263832790 0.311885787
K:/cccrfr: 0.000000000 0.233644161 0.766355839
K:/cccrrc: 0.000000000 0.075291976 0.924708024
K:/cccrrf: 0.000000000 0.623790451 0.376209549
K:/ccrccr: 0.000000000 1.000000000 0.000000000
K:/ccrcfr: 0.000000000 1.000000000 0.000000000
K:/ccrcrc: 0.000000000 0.364510555 0.635489445
K:/ccrcrf: 0.000000000 0.515399214 0.484600786
K:/ccrfcr: 0.000000000 0.735498506 0.264501494
K:/ccrffr: 0.000000000 1.000000000 0.000000000
K:/ccrfrc: 0.000000000 0.710036696 0.289963304
K:/ccrfrf: 0.000000000 0.794010887 0.205989113
K:/ccrrcc: 0.000000000 1.000000000 0.000000000
K:/ccrrcf: 0.000000000 1.000000000 0.000000000
K:/ccrrfc: 0.000000000 1.000000000 0.000000000
K:/ccrrff: 0.000000000 1.000000000 0.000000000
K:/cr: 0.000000000 1.000000000 0.000000000
K:/crccrc: 0.000000000 0.832067199 0.167932801
K:/crccrf: 0.000000000 1.000000000 0.000000000
K:/crcfrc: 0.000000000 0.840028097 0.159971903
K:/crcfrf: 0.000000000 0.028660416 0.971339584
K:/crcrcc: 0.000000000 0.650984291 0.349015709
K:/crcrcf: 0.000000000 0.430793051 0.569206949
K:/crcrfc: 0.000000000 0.142716133 0.857283867
K:/crcrff: 0.000000000 1.000000000 0.000000000
K:/rc: 0.716922662 0.280004838 0.003072500
K:/rccrcc: 0.000000000 0.369844353 0.630155647
K:/rccrcf: 0.000000000 0.230852104 0.769147896
K:/rccrfc: 0.000000000 0.173394290 0.826605710
K:/rccrff: 0.000000000 0.382331036 0.617668964
K:/rf: 0.467056036 0.208833042 0.324110922
K:/rfcrc: 0.000000000 0.445688143 0.554311857
K:/rfcrf: 0.000000000 0.918958904 0.081041096
K:/rr: 0.000000000 0.390486569 0.609513431
Q:/cc: 0.585732878 0.414267122 0.000000000
Q:/cccrcc: 0.411984875 0.092667647 0.495347478
Q:/cccrcf: 0.300304214 0.203449791 0.496245995
Q:/cccrcr: 0.000000000 0.554194957 0.445805043
Q:/cccrfc: 1.000000000 0.000000000 0.000000000
Q:/cccrff: 0.440464549 0.170204455 0.389330997
Q:/cccrfr: 0.000000000 0.518177605 0.481822395
Q:/cccrrc: 0.000000000 0.473890497 0.526109503
Q:/cccrrf: 0.000000000 0.574559104 0.425440896
Q:/ccrccr: 0.000000000 1.000000000 0.000000000
Q:/ccrcfr: 0.000000000 1.000000000 0.000000000
Q:/ccrcrc: 0.000000000 0.486824162 0.513175838
Q:/ccrcrf: 0.000000000 0.952278161 0.047721839
Q:/ccrfcr: 0.000000000 0.564908306 0.435091694
Q:/ccrffr: 0.000000000 0.563892821 0.436107179
Q:/ccrfrc: 0.000000000 0.185993188 0.814006812
Q:/ccrfrf: 0.000000000 0.809794210 0.190205790
Q:/ccrrcc: 0.000000000 0.658672448 0.341327552
Q:/ccrrcf: 0.000000000 0.777527850 0.222472150
Q:/ccrrfc: 0.000000000 0.827832375 0.172167625
Q:/ccrrff: 0.000000000 0.813944102 0.186055898
Q:/cr: 0.000000000 1.000000000 0.000000000
Q:/crccrc: 0.000000000 0.300011378 0.699988622
Q:/crccrf: 0.000000000 1.000000000 0.000000000
Q:/crcfrc: 0.000000000 0.542497779 0.457502221
Q:/crcfrf: 0.000000000 0.732947746 0.267052254
Q:/crcrcc: 0.000000000 0.364935880 0.635064120
Q:/crcrcf: 0.000000000 0.458013766 0.541986234
Q:/crcrfc: 0.000000000 0.835124957 0.164875043
Q:/crcrff: 0.000000000 0.996005062 0.003994938
Q:/rc: 0.087371276 0.392423838 0.520204886
Q:/rccrcc: 0.000000000 0.097252701 0.902747299
Q:/rccrcf: 0.000000000 0.733856156 0.266143844
Q:/rccrfc: 0.000000000 0.311905372 0.688094628
Q:/rccrff: 0.000000000 0.476950555 0.523049445
Q:/rf: 0.194498932 0.118930425 0.686570643
Q:/rfcrc: 0.000000000 0.337854084 0.662145916
Q:/rfcrf: 0.000000000 0.636133527 0.363866473
Q:/rr: 0.000000000 0.685174706 0.314825294
T:/cc: 0.000000000 1.000000000 0.000000000
T:/cccrcc: 0.266967979 0.531023744 0.202008277
T:/cccrcf: 0.106465591 0.592192970 0.301341439
T:/cccrcr: 0.000000000 0.000000000 1.000000000
T:/cccrfc: 1.000000000 0.000000000 0.000000000
T:/cccrff: 0.483441726 0.260814362 0.255743911
T:/cccrfr: 0.000000000 0.211583873 0.788416127
T:/cccrrc: 0.000000000 0.438517199 0.561482801
T:/cccrrf: 0.000000000 0.200878764 0.799121236
T:/ccrccr: 0.000000000 0.957872328 0.042127672
T:/ccrcfr: 0.000000000 0.355014653 0.644985347
T:/ccrcrc: 0.000000000 0.567770550 0.432229450
T:/ccrcrf: 0.000000000 0.740832400 0.259167600
T:/ccrfcr: 0.000000000 0.478638020 0.521361980
T:/ccrffr: 0.000000000 0.333576231 0.666423769
T:/ccrfrc: 0.000000000 0.821858132 0.178141868
T:/ccrfrf: 0.000000000 0.856781969 0.143218031
T:/ccrrcc: 0.000000000 0.842820396 0.157179604
T:/ccrrcf: 0.000000000 0.662704874 0.337295126
T:/ccrrfc: 0.000000000 0.437064200 0.562935800
T:/ccrrff: 0.000000000 0.377998828 0.622001172
T:/cr: 0.000000000 1.000000000 0.000000000
T:/crccrc: 0.000000000 0.244982472 0.755017528
T:/crccrf: 0.000000000 0.289976503 0.710023497
T:/crcfrc: 0.000000000 0.001489648 0.998510352
T:/crcfrf: 0.000000000 0.927477148 0.072522852
T:/crcrcc: 0.000000000 0.523050436 0.476949564
T:/crcrcf: 0.000000000 0.920080498 0.079919502
T:/crcrfc: 0.000000000 0.228049830 0.771950170
T:/crcrff: 0.000000000 0.721047286 0.278952714
T:/rc: 0.024819303 0.239210328 0.735970369
T:/rccrcc: 0.000000000 0.071623085 0.928376915
T:/rccrcf: 0.000000000 0.698896476 0.301103524
T:/rccrfc: 0.000000000 0.419468818 0.580531182
T:/rccrff: 0.000000000 0.859543088 0.140456912
T:/rf: 0.000025191 0.034234021 0.965740787
T:/rfcrc: 0.000000000 0.559838938 0.440161062
T:/rfcrf: 0.000000000 0.008539577 0.991460423
T:/rr: 0.000000000 0.023453464 0.976546536
