2:/: 0.093729065 0.906270935 0.000000000
2:/ccr: 0.624863630 0.374970093 0.000166278
2:/ccrcrc: 0.000000000 0.609206572 0.390793428
2:/ccrcrf: 0.000000000 0.621232718 0.378767282
2:/crc: 0.050758759 0.011142796 0.938098445
2:/crf: 0.000000000 0.000255164 0.999744836
2:/crr: 0.000000000 0.185034919 0.814965081
2:/rcr: 0.000000000 0.757505990 0.242494010
2:/rfr: 0.000000000 0.687330373 0.312669627
2:/rrc: 0.000000000 0.000000000 1.000000000
2:/rrf: 0.000000000 0.000000000 1.000000000
3:/: 0.095216108 0.904783892 0.000000000
3:/ccr: 0.953875500 0.045949478 0.000175022
3:/ccrcrc: 0.000000000 0.265141743 0.734858257
3:/ccrcrf: 0.000000000 0.546430336 0.453569664
3:/crc: 0.000000000 0.028434755 0.971565245
3:/crf: 0.000173450 0.000320062 0.999506488
3:/crr: 0.000000000 0.247988684 0.752011316
3:/rcr: 0.000000000 0.999989952 0.000010048
3:/rfr: 0.000000000 0.648158549 0.351841451
3:/rrc: 0.000000000 0.000000000 1.000000000
3:/rrf: 0.000000000 0.000000000 1.000000000
4:/: 0.052691394 0.947308606 0.000000000
4:/ccr: 0.754315300 0.194590680 0.051094020
4:/ccrcrc: 0.000000000 0.279017807 0.720982193
4:/ccrcrf: 0.000000000 0.619614192 0.380385808
4:/crc: 0.000000000 0.185919668 0.814080332
4:/crf: 0.112575445 0.001417261 0.886007294
4:/crr: 0.000000000 0.254555003 0.745444997
4:/rcr: 0.000000000 0.877359023 0.122640977
4:/rfr: 0.000000000 0.665047704 0.334952296
4:/rrc: 0.000000000 0.000000000 1.000000000
4:/rrf: 0.000000000 0.279980041 0.720019959
5:/: 0.000127789 0.999872211 0.000000000
5:/ccr: 0.145172985 0.547763784 0.307063232
5:/ccrcrc: 0.000000000 0.023821516 0.976178484
5:/ccrcrf: 0.000000000 0.419159608 0.580840392
5:/crc: 0.000000000 0.168738539 0.831261461
5:/crf: 0.006404554 0.449474285 0.544121161
5:/crr: 0.000000000 0.243935705 0.756064295
5:/rcr: 0.000000000 0.688937754 0.311062246
5:/rfr: 0.000000000 0.757113199 0.242886801
5:/rrc: 0.000000000 0.000000000 1.000000000
5:/rrf: 0.000000000 0.000000000 1.000000000
6:/: 0.000000000 1.000000000 0.000000000
6:/ccr: 0.075578868 0.052650312 0.871770819
6:/ccrcrc: 0.000000000 0.280186848 0.719813152
6:/ccrcrf: 0.000000000 0.575677706 0.424322294
6:/crc: 0.000000000 0.000000000 1.000000000
6:/crf: 0.026486825 0.256085566 0.717427609
6:/crr: 0.000000000 0.000020019 0.999979981
6:/rcr: 0.000000000 0.264845508 0.735154492
6:/rfr: 0.000000000 0.219085047 0.780914953
6:/rrc: 0.000000000 0.000000000 1.000000000
6:/rrf: 0.000000000 0.206052805 0.793947195
7:/: 0.000000000 1.000000000 0.000000000
7:/ccr: 0.838928864 0.160616883 0.000454253
7:/ccrcrc: 0.000000000 0.106174629 0.893825371
7:/ccrcrf: 0.000000000 0.597776877 0.402223123
7:/crc: 0.000000000 0.061449152 0.938550848
7:/crf: 0.026435082 0.484781003 0.488783914
7:/crr: 0.000000000 0.347131073 0.652868927
7:/rcr: 0.000000000 0.105485330 0.894514670
7:/rfr: 0.000000000 0.572351099 0.427648901
7:/rrc: 0.000000000 0.000000000 1.000000000
7:/rrf: 0.000000000 0.000000000 1.000000000
8:/: 0.000000000 1.000000000 0.000000000
8:/ccr: 0.766501001 0.233303651 0.000195348
8:/ccrcrc: 0.000000000 0.514955501 0.485044499
8:/ccrcrf: 0.000000000 0.229692283 0.770307717
8:/crc: 0.000000000 0.000000000 1.000000000
8:/crf: 0.019036100 0.683814714 0.297149186
8:/crr: 0.000000000 0.602193298 0.397806702
8:/rcr: 0.000000000 0.632660332 0.367339668
8:/rfr: 0.000000000 0.001693933 0.998306067
8:/rrc: 0.000000000 0.000000000 1.000000000
8:/rrf: 0.000000000 0.000000000 1.000000000
9:/: 0.000000000 1.000000000 0.000000000
9:/ccr: 0.796094038 0.203685861 0.000220101
9:/ccrcrc: 0.000000000 0.643644539 0.356355461
9:/ccrcrf: 0.000000000 0.222687797 0.777312203
9:/crc: 0.000000000 0.268232549 0.731767451
9:/crf: 0.012747458 0.851906453 0.135346090
9:/crr: 0.000000000 0.378044715 0.621955285
9:/rcr: 0.000000000 0.056330242 0.943669758
9:/rfr: 0.000000000 0.497054130 0.502945870
9:/rrc: 0.000000000 0.000000000 1.000000000
9:/rrf: 0.000000000 0.000000000 1.000000000
A:/: 0.541978911 0.458021089 0.000000000
A:/ccr: 0.794895627 0.204253978 0.000850395
A:/ccrcrc: 0.000000000 0.999997982 0.000002018
A:/ccrcrf: 0.000000000 0.503998670 0.496001330
A:/crc: 0.418927226 0.581072774 0.000000000
A:/crf: 1.000000000 0.000000000 0.000000000
A:/crr: 0.000000000 0.664176504 0.335823496
A:/rcr: 0.000000000 0.939118914 0.060881086
A:/rfr: 0.000000000 0.625102945 0.374897055
A:/rrc: 0.000000000 1.000000000 0.000000000
A:/rrf: 0.000000000 0.772527956 0.227472044
J:/: 0.000000000 1.000000000 0.000000000
J:/ccr: 0.063738881 0.935716551 0.000544567
J:/ccrcrc: 0.000000000 0.861966198 0.138033802
J:/ccrcrf: 0.000000000 0.554796810 0.445203190
J:/crc: 0.000000000 0.733381309 0.266618691
J:/crf: 0.000437586 0.998323898 0.001238517
J:/crr: 0.000000000 0.308424505 0.691575495
J:/rcr: 0.000000000 0.507715970 0.492284030
J:/rfr: 0.000000000 0.494525782 0.505474218
J:/rrc: 0.000000000 0.000000000 1.000000000
J:/rrf: 0.000000000 0.000000000 1.000000000
K:/: 0.000153207 0.999846793 0.000000000
K:/ccr: 0.632714038 0.366534874 0.000751088
K:/ccrcrc: 0.000000000 0.855470830 0.144529170
K:/ccrcrf: 0.000000000 0.354450387 0.645549613
K:/crc: 0.446915756 0.553078687 0.000005556
K:/crf: 0.622440527 0.377559473 0.000000000
K:/crr: 0.000000000 0.938390701 0.061609299
K:/rcr: 0.000000000 0.482109849 0.517890151
K:/rfr: 0.000000000 0.718482657 0.281517343
K:/rrc: 0.000000000 0.924059274 0.075940726
K:/rrf: 0.000000000 0.345404631 0.654595369
Q:/: 0.000015730 0.999984270 0.000000000
Q:/ccr: 0.804225862 0.195148975 0.000625163
Q:/ccrcrc: 0.000000000 0.543432687 0.456567313
Q:/ccrcrf: 0.000000000 0.378404286 0.621595714
Q:/crc: 0.000000000 0.469073357 0.530926643
Q:/crf: 0.000000000 0.999110425 0.000889575
Q:/crr: 0.000000000 0.505087860 0.494912140
Q:/rcr: 0.000000000 0.000046433 0.999953567
Q:/rfr: 0.000000000 0.844833135 0.155166865
Q:/rrc: 0.000000000 0.925069863 0.074930137
Q:/rrf: 0.000000000 0.981833154 0.018166846
T:/: 0.000000000 1.000000000 0.000000000
T:/ccr: 0.942671433 0.056971822 0.000356745
T:/ccrcrc: 0.000000000 0.635367783 0.364632217
T:/ccrcrf: 0.000000000 0.545676472 0.454323528
T:/crc: 0.000000000 0.353188664 0.646811336
T:/crf: 0.000583864 0.998105483 0.001310653
T:/crr: 0.000000000 0.053900293 0.946099707
T:/rcr: 0.000000000 0.231415022 0.768584978
T:/rfr: 0.000000000 0.146640257 0.853359743
T:/rrc: 0.000000000 0.000000000 1.000000000
T:/rrf: 0.000000000 0.000000000 1.000000000
