2:/c: 0.211989428 0.788010572 0.000000000
2:/ccrc: 0.000000000 0.000000000 1.000000000
2:/ccrf: 0.068292595 0.000000000 0.931707405
2:/ccrr: 0.000000000 0.000000000 1.000000000
2:/crcr: 0.000000000 0.577896790 0.422103210
2:/crfr: 0.000000000 0.000000000 1.000000000
2:/crrc: 0.000000000 0.000000000 1.000000000
2:/crrf: 0.000000000 0.000000000 1.000000000
2:/r: 0.000000000 0.000000000 1.000000000
2:/rcrc: 0.000000000 0.000000000 1.000000000
2:/rcrf: 0.000000000 0.268513649 0.731486351
3:/c: 0.309132784 0.690867216 0.000000000
3:/ccrc: 0.000000000 0.000000000 1.000000000
3:/ccrf: 0.106247097 0.001532663 0.892220240
3:/ccrr: 0.000000000 0.000000000 1.000000000
3:/crcr: 0.000000000 0.694388073 0.305611927
3:/crfr: 0.000000000 0.000000000 1.000000000
3:/crrc: 0.000000000 0.091955546 0.908044454
3:/crrf: 0.000000000 0.000000000 1.000000000
3:/r: 0.000000000 0.000000000 1.000000000
3:/rcrc: 0.000000000 0.000000000 1.000000000
3:/rcrf: 0.000000000 0.761248508 0.238751492
4:/c: 0.033072786 0.966927214 0.000000000
4:/ccrc: 0.000022863 0.000000000 0.999977137
4:/ccrf: 0.000050071 0.560869772 0.439080156
4:/ccrr: 0.000000000 0.000000000 1.000000000
4:/crcr: 0.000000000 0.126276575 0.873723425
4:/crfr: 0.000000000 0.000000000 1.000000000
4:/crrc: 0.000000000 0.000000000 1.000000000
4:/crrf: 0.000000000 0.000000000 1.000000000
4:/r: 0.000000000 0.000000000 1.000000000
4:/rcrc: 0.000000000 0.000000000 1.000000000
4:/rcrf: 0.000000000 0.190114029 0.809885971
5:/c: 0.001083188 0.998916812 0.000000000
5:/ccrc: 0.000069013 0.000000000 0.999930987
5:/ccrf: 0.000019294 0.579768994 0.420211712
5:/ccrr: 0.000000000 0.000000000 1.000000000
5:/crcr: 0.000000000 0.000000000 1.000000000
5:/crfr: 0.000000000 0.000000000 1.000000000
5:/crrc: 0.000000000 0.204014851 0.795985149
5:/crrf: 0.000000000 0.000000000 1.000000000
5:/r: 0.000000000 0.000000000 1.000000000
5:/rcrc: 0.000000000 0.000000000 1.000000000
5:/rcrf: 0.000000000 0.610421770 0.389578230
6:/c: 0.001421633 0.998578367 0.000000000
6:/ccrc: 0.000198713 0.000000000 0.999801287
6:/ccrf: 0.364073594 0.342299502 0.293626903
6:/ccrr: 0.000000000 0.000000000 1.000000000
6:/crcr: 0.000000000 0.313185194 0.686814806
6:/crfr: 0.000000000 0.000000000 1.000000000
6:/crrc: 0.000000000 0.000000000 1.000000000
6:/crrf: 0.000000000 0.000000000 1.000000000
6:/r: 0.000000000 0.000000000 1.000000000
6:/rcrc: 0.000000000 0.000000000 1.000000000
6:/rcrf: 0.000000000 0.511754486 0.488245514
7:/c: 0.001113545 0.998886455 0.000000000
7:/ccrc: 0.000261053 0.000000000 0.999738947
7:/ccrf: 0.050355221 0.909143693 0.040501086
7:/ccrr: 0.000000000 0.000000000 1.000000000
7:/crcr: 0.000000000 0.563986085 0.436013915
7:/crfr: 0.000000000 0.074854543 0.925145457
7:/crrc: 0.000000000 0.000000000 1.000000000
7:/crrf: 0.000000000 0.000000000 1.000000000
7:/r: 0.000000000 0.000000000 1.000000000
7:/rcrc: 0.000000000 0.000000000 1.000000000
7:/rcrf: 0.000000000 0.386855848 0.613144152
8:/c: 0.001092335 0.998907665 0.000000000
8:/ccrc: 0.000274171 0.000000000 0.999725829
8:/ccrf: 0.000000000 1.000000000 0.000000000
8:/ccrr: 0.000000000 0.000000000 1.000000000
8:/crcr: 0.000000000 0.609464868 0.390535132
8:/crfr: 0.000000000 0.322812177 0.677187823
8:/crrc: 0.000000000 0.000000000 1.000000000
8:/crrf: 0.000000000 0.000000000 1.000000000
8:/r: 0.000000000 0.000033342 0.999966658
8:/rcrc: 0.000000000 0.234122282 0.765877718
8:/rcrf: 0.000000000 0.241557397 0.758442603
9:/c: 0.000388805 0.999611195 0.000000000
9:/ccrc: 0.107777347 0.000000000 0.892222653
9:/ccrf: 0.312191819 0.687808181 0.000000000
9:/ccrr: 0.000000000 0.000264335 0.999735665
9:/crcr: 0.000000000 0.546441527 0.453558473
9:/crfr: 0.000000000 0.426683052 0.573316948
9:/crrc: 0.000000000 0.094988353 0.905011647
9:/crrf: 0.000000000 0.230597047 0.769402953
9:/r: 0.000000000 0.428767175 0.571232825
9:/rcrc: 0.000000000 0.000000000 1.000000000
9:/rcrf: 0.000000000 0.776764122 0.223235878
A:/c: 0.312869366 0.687130634 0.000000000
A:/ccrc: 1.000000000 0.000000000 0.000000000
A:/ccrf: 0.962000435 0.037999565 0.000000000
A:/ccrr: 0.000000000 1.000000000 0.000000000
A:/crcr: 0.000000000 1.000000000 0.000000000
A:/crfr: 0.000000000 1.000000000 0.000000000
A:/crrc: 0.000000000 1.000000000 0.000000000
A:/crrf: 0.000000000 1.000000000 0.000000000
A:/r: 0.585851704 0.414148296 0.000000000
A:/rcrc: 0.000000000 1.000000000 0.000000000
A:/rcrf: 0.000000000 1.000000000 0.000000000
J:/c: 0.164666109 0.835333891 0.000000000
J:/ccrc: 0.096012704 0.903987296 0.000000000
J:/ccrf: 0.075037760 0.924962240 0.000000000
J:/ccrr: 0.000000000 0.817602549 0.182397451
J:/crcr: 0.000000000 0.588475076 0.411524924
J:/crfr: 0.000000000 0.510343520 0.489656480
J:/crrc: 0.000000000 0.000000000 1.000000000
J:/crrf: 0.000000000 0.549544200 0.450455800
J:/r: 0.017793288 0.980409035 0.001797677
J:/rcrc: 0.000000000 0.649601232 0.350398768
J:/rcrf: 0.000000000 1.000000000 0.000000000
K:/c: 0.976384093 0.023615907 0.000000000
K:/ccrc: 1.000000000 0.000000000 0.000000000
K:/ccrf: 0.979110379 0.020889621 0.000000000
K:/ccrr: 0.000000000 1.000000000 0.000000000
K:/crcr: 0.000000000 0.788382131 0.211617869
K:/crfr: 0.000000000 1.000000000 0.000000000
K:/crrc: 0.000000000 0.799794355 0.200205645
K:/crrf: 0.000000000 0.771513602 0.228486398
K:/r: 0.000000000 0.999664534 0.000335466
K:/rcrc: 0.000000000 1.000000000 0.000000000
K:/rcrf: 0.000000000 1.000000000 0.000000000
Q:/c: 0.467476191 0.532523809 0.000000000
Q:/ccrc: 0.195753599 0.804246401 0.000000000
Q:/ccrf: 0.272299957 0.727700043 0.000000000
Q:/ccrr: 0.000000000 1.000000000 0.000000000
Q:/crcr: 0.000000000 0.953194542 0.046805458
Q:/crfr: 0.000000000 0.574350768 0.425649232
Q:/crrc: 0.000000000 0.616398643 0.383601357
Q:/crrf: 0.000000000 0.585686930 0.414313070
Q:/r: 0.062563782 0.936645094 0.000791124
Q:/rcrc: 0.000000000 0.881564865 0.118435135
Q:/rcrf: 0.000000000 0.951059954 0.048940046
T:/c: 0.074968262 0.925031738 0.000000000
T:/ccrc: 0.008322905 0.667167149 0.324509947
T:/ccrf: 0.000000000 1.000000000 0.000000000
T:/ccrr: 0.000000000 0.518213964 0.481786036
T:/crcr: 0.000000000 0.406618072 0.593381928
T:/crfr: 0.000000000 0.122628698 0.877371302
T:/crrc: 0.000000000 0.014740043 0.985259957
T:/crrf: 0.000000000 0.627497356 0.372502644
T:/r: 0.000162967 0.609233504 0.390603528
T:/rcrc: 0.000000000 0.000000000 1.000000000
T:/rcrf: 0.000000000 1.000000000 0.000000000
