2:/cc: 0.231393655 0.768606345 0.000000000
2:/ccrcr: 0.000000000 0.215555055 0.784444945
2:/ccrfr: 0.000000000 0.336332366 0.663667634
2:/ccrrc: 0.000000000 0.000088679 0.999911321
2:/ccrrf: 0.000000000 0.463979190 0.536020810
2:/cr: 0.000000000 0.000000000 1.000000000
2:/crcrc: 0.000000000 0.229647830 0.770352170
2:/crcrf: 0.000000000 0.563748247 0.436251753
2:/rc: 0.055168950 0.110110610 0.834720440
2:/rf: 0.234406757 0.307248879 0.458344364
2:/rr: 0.000000000 0.624028348 0.375971652
3:/cc: 0.238588050 0.761411950 0.000000000
3:/ccrcr: 0.000000000 0.000021596 0.999978404
3:/ccrfr: 0.000000000 0.284143102 0.715856898
3:/ccrrc: 0.000000000 0.000095330 0.999904670
3:/ccrrf: 0.000000000 0.278601837 0.721398163
3:/cr: 0.000000000 0.000108152 0.999891848
3:/crcrc: 0.000000000 0.337671952 0.662328048
3:/crcrf: 0.000000000 0.639167572 0.360832428
3:/rc: 0.000000000 0.691037168 0.308962832
3:/rf: 0.289673838 0.324402361 0.385923801
3:/rr: 0.000000000 0.469663047 0.530336953
4:/cc: 0.210581007 0.789418993 0.000000000
4:/ccrcr: 0.000000000 0.386631378 0.613368622
4:/ccrfr: 0.000000000 0.000000000 1.000000000
4:/ccrrc: 0.000000000 0.000092002 0.999907998
4:/ccrrf: 0.000000000 0.552582236 0.447417764
4:/cr: 0.114036349 0.000765708 0.885197943
4:/crcrc: 0.000000000 0.000004184 0.999995816
4:/crcrf: 0.000000000 0.805673796 0.194326204
4:/rc: 0.000000000 0.000000000 1.000000000
4:/rf: 0.521607601 0.290201661 0.188190737
4:/rr: 0.000000000 0.276588672 0.723411328
5:/cc: 0.231577825 0.768422175 0.000000000
5:/ccrcr: 0.000000000 0.671237610 0.328762390
5:/ccrfr: 0.000000000 0.267259278 0.732740722
5:/ccrrc: 0.000000000 0.000079240 0.999920760
5:/ccrrf: 0.000000000 0.408388347 0.591611653
5:/cr: 0.000000000 0.000601619 0.999398381
5:/crcrc: 0.000000000 0.488782451 0.511217549
5:/crcrf: 0.000000000 0.460323188 0.539676812
5:/rc: 0.000029023 0.052783593 0.947187384
5:/rf: 0.275281580 0.239338790 0.485379630
5:/rr: 0.000000000 0.064748129 0.935251871
6:/cc: 0.426562804 0.573437196 0.000000000
6:/ccrcr: 0.000000000 0.000021596 0.999978404
6:/ccrfr: 0.000000000 0.230026888 0.769973112
6:/ccrrc: 0.000000000 0.000077680 0.999922320
6:/ccrrf: 0.000000000 0.716794114 0.283205886
6:/cr: 0.000000000 0.000325028 0.999674972
6:/crcrc: 0.000000000 0.737437865 0.262562135
6:/crcrf: 0.000000000 0.569227370 0.430772630
6:/rc: 0.001304445 0.244923547 0.753772007
6:/rf: 0.407056190 0.433773579 0.159170231
6:/rr: 0.000000000 0.026178000 0.973822000
7:/cc: 0.000634492 0.999365508 0.000000000
7:/ccrcr: 0.000000000 0.599959164 0.400040836
7:/ccrfr: 0.000000000 0.577016917 0.422983083
7:/ccrrc: 0.000000000 0.000094790 0.999905210
7:/ccrrf: 0.000000000 0.689017115 0.310982885
7:/cr: 0.000000000 0.000622240 0.999377760
7:/crcrc: 0.000000000 0.547173990 0.452826010
7:/crcrf: 0.000000000 0.337540034 0.662459966
7:/rc: 0.000000000 0.484043012 0.515956988
7:/rf: 0.438214513 0.079214903 0.482570585
7:/rr: 0.000000000 0.541428725 0.458571275
8:/cc: 0.000611378 0.999388622 0.000000000
8:/ccrcr: 0.000000000 0.256582174 0.743417826
8:/ccrfr: 0.000000000 0.765739874 0.234260126
8:/ccrrc: 0.000000000 0.000093166 0.999906834
8:/ccrrf: 0.000000000 0.499937341 0.500062659
8:/cr: 0.053953802 0.000573306 0.945472892
8:/crcrc: 0.000000000 0.224297931 0.775702069
8:/crcrf: 0.000000000 0.493384024 0.506615976
8:/rc: 0.211335209 0.250072932 0.538591860
8:/rf: 0.406541786 0.410652230 0.182805984
8:/rr: 0.000000000 0.139974002 0.860025998
9:/cc: 0.000567786 0.999432214 0.000000000
9:/ccrcr: 0.000000000 0.211569739 0.788430261
9:/ccrfr: 0.000000000 0.320413175 0.679586825
9:/ccrrc: 0.000000000 0.179599990 0.820400010
9:/ccrrf: 0.000000000 0.689040898 0.310959102
9:/cr: 0.002887989 0.000773866 0.996338145
9:/crcrc: 0.000000000 0.457271816 0.542728184
9:/crcrf: 0.000000000 0.383274337 0.616725663
9:/rc: 0.486617571 0.207303613 0.306078816
9:/rf: 0.198163036 0.404452050 0.397384915
9:/rr: 0.000000000 0.137387217 0.862612783
A:/cc: 1.000000000 0.000000000 0.000000000
A:/ccrcr: 0.000000000 0.999912627 0.000087373
A:/ccrfr: 0.000000000 0.864775220 0.135224780
A:/ccrrc: 0.000000000 0.999581817 0.000418183
A:/ccrrf: 0.000000000 0.525554538 0.474445462
A:/cr: 1.000000000 0.000000000 0.000000000
A:/crcrc: 0.000000000 0.939939624 0.060060376
A:/crcrf: 0.000000000 0.299493435 0.700506565
A:/rc: 0.607024284 0.392649477 0.000326240
A:/rf: 0.279975850 0.342777569 0.377246581
A:/rr: 0.000000000 0.998728905 0.001271095
J:/cc: 0.056120106 0.943879894 0.000000000
J:/ccrcr: 0.000000000 0.840888967 0.159111033
J:/ccrfr: 0.000000000 0.457249081 0.542750919
J:/ccrrc: 0.000000000 0.000000000 1.000000000
J:/ccrrf: 0.000000000 0.405378309 0.594621691
J:/cr: 0.000823616 0.246886041 0.752290344
J:/crcrc: 0.000000000 0.757128007 0.242871993
J:/crcrf: 0.000000000 0.697669326 0.302330674
J:/rc: 0.066723261 0.610767342 0.322509397
J:/rf: 0.144584927 0.387036494 0.468378578
J:/rr: 0.000000000 0.476676227 0.523323773
K:/cc: 0.948285902 0.051714098 0.000000000
K:/ccrcr: 0.000000000 0.914994141 0.085005859
K:/ccrfr: 0.000000000 0.843631614 0.156368386
K:/ccrrc: 0.000000000 0.999609766 0.000390234
K:/ccrrf: 0.000000000 0.573477099 0.426522901
K:/cr: 0.000418392 0.999581608 0.000000000
K:/crcrc: 0.000000000 0.671563688 0.328436312
K:/crcrf: 0.000000000 0.712874578 0.287125422
K:/rc: 0.676519669 0.323317953 0.000162378
K:/rf: 0.679985595 0.213126867 0.106887538
K:/rr: 0.000000000 0.839883628 0.160116372
Q:/cc: 0.645801123 0.354198877 0.000000000
Q:/ccrcr: 0.000000000 0.921148263 0.078851737
Q:/ccrfr: 0.000000000 0.862902885 0.137097115
Q:/ccrrc: 0.000000000 1.000000000 0.000000000
Q:/ccrrf: 0.000000000 0.077581518 0.922418482
Q:/cr: 0.000000000 0.699406444 0.300593556
Q:/crcrc: 0.000000000 0.112234052 0.887765948
Q:/crcrf: 0.000000000 0.271750575 0.728249425
Q:/rc: 0.586680891 0.382852112 0.030466997
Q:/rf: 0.305353075 0.310921130 0.383725796
Q:/rr: 0.000000000 0.862698016 0.137301984
T:/cc: 0.000273219 0.999726781 0.000000000
T:/ccrcr: 0.000000000 0.450740935 0.549259065
T:/ccrfr: 0.000000000 0.697139246 0.302860754
T:/ccrrc: 0.000000000 0.000081094 0.999918906
T:/ccrrf: 0.000000000 0.607916869 0.392083131
T:/cr: 0.000000000 0.000167635 0.999832365
T:/crcrc: 0.000000000 0.528201002 0.471798998
T:/crcrf: 0.000000000 0.653216753 0.346783247
T:/rc: 0.142475738 0.206551333 0.650972929
T:/rf: 0.335294014 0.392226763 0.272479223
T:/rr: 0.000000000 0.642408201 0.357591799
