9:/: 1.000000000 0.000000000 0.000000000
9:/cccr: 0.999695420 0.000304580 0.000000000
9:/cccrccrc: 0.000000000 0.526537873 0.473462127
9:/cccrccrf: 0.000000000 0.289202963 0.710797037
9:/cccrcfrc: 0.000000000 0.699605408 0.300394592
9:/cccrcfrf: 0.000000000 0.732083596 0.267916404
9:/cccrcrcc: 0.000000000 0.548953396 0.451046604
9:/cccrcrcf: 0.000000000 0.484962846 0.515037154
9:/cccrcrfc: 0.000000000 0.707029034 0.292970966
9:/cccrcrff: 0.000000000 0.304829740 0.695170260
9:/ccrc: 0.027154246 0.000000000 0.972845754
9:/ccrccrcc: 0.000000000 0.514585453 0.485414547
9:/ccrccrcf: 0.000000000 0.047629505 0.952370495
9:/ccrccrfc: 0.000000000 0.424430135 0.575569865
9:/ccrccrff: 0.000000000 0.528346912 0.471653088
9:/ccrf: 0.000653569 0.999346431 0.000000000
9:/ccrfcrc: 0.000000000 0.000000000 1.000000000
9:/ccrfcrf: 0.000000000 0.000000000 1.000000000
9:/ccrr: 0.000000000 0.000000000 1.000000000
9:/crcc: 0.428604904 0.370759102 0.200635994
9:/crcf: 0.433547032 0.284525032 0.281927936
9:/crcr: 0.000000000 0.346189583 0.653810417
9:/crfc: 0.000000000 0.388823147 0.611176853
9:/crff: 0.367988374 0.000000000 0.632011626
9:/crfr: 0.000000000 0.105725952 0.894274048
9:/crrc: 0.000000000 0.000000000 1.000000000
9:/crrf: 0.000000000 0.111000496 0.888999504
9:/rccr: 0.000000000 0.488758470 0.511241530
9:/rcfr: 0.000000000 0.221290848 0.778709152
9:/rcrc: 0.000000000 0.401148012 0.598851988
9:/rcrf: 0.000000000 0.161209527 0.838790473
9:/rfcr: 0.000000000 0.426511879 0.573488121
9:/rffr: 0.000000000 0.000000000 1.000000000
9:/rfrc: 0.000000000 0.000000000 1.000000000
9:/rfrf: 0.000000000 0.454795235 0.545204765
9:/rrcc: 0.000000000 0.000000000 1.000000000
9:/rrcf: 0.000000000 0.253594356 0.746405644
9:/rrfc: 0.000000000 0.000000000 1.000000000
9:/rrff: 0.000000000 0.000000000 1.000000000
A:/: 0.996409547 0.003590453 0.000000000
A:/cccr: 0.638442962 0.068138006 0.293419032
A:/cccrccrc: 0.000000000 0.165048790 0.834951210
A:/cccrccrf: 0.000000000 0.517823928 0.482176072
A:/cccrcfrc: 0.000000000 0.326170280 0.673829720
A:/cccrcfrf: 0.000000000 0.259761713 0.740238287
A:/cccrcrcc: 0.000000000 0.496366984 0.503633016
A:/cccrcrcf: 0.000000000 0.626271801 0.373728199
A:/cccrcrfc: 0.000000000 0.476602411 0.523397589
A:/cccrcrff: 0.000000000 0.766556948 0.233443052
A:/ccrc: 0.844103146 0.155896854 0.000000000
A:/ccrccrcc: 0.000000000 0.559820250 0.440179750
A:/ccrccrcf: 0.000000000 0.710778323 0.289221677
A:/ccrccrfc: 0.000000000 0.985151907 0.014848093
A:/ccrccrff: 0.000000000 0.536359048 0.463640952
A:/ccrf: 0.000142853 0.999857147 0.000000000
A:/ccrfcrc: 0.000000000 1.000000000 0.000000000
A:/ccrfcrf: 0.000000000 1.000000000 0.000000000
A:/ccrr: 0.000000000 1.000000000 0.000000000
A:/crcc: 0.182251411 0.636929191 0.180819398
A:/crcf: 0.450558199 0.531599389 0.017842412
A:/crcr: 0.000000000 1.000000000 0.000000000
A:/crfc: 0.141564329 0.330428444 0.528007227
A:/crff: 0.234274000 0.008021737 0.757704263
A:/crfr: 0.000000000 0.184283444 0.815716556
A:/crrc: 0.000000000 0.997190126 0.002809874
A:/crrf: 0.000000000 1.000000000 0.000000000
A:/rccr: 0.000000000 0.704228377 0.295771623
A:/rcfr: 0.000000000 0.999278219 0.000721781
A:/rcrc: 0.000000000 0.754334689 0.245665311
A:/rcrf: 0.000000000 0.999949703 0.000050297
A:/rfcr: 0.000000000 0.985211391 0.014788609
A:/rffr: 0.000000000 0.999951600 0.000048400
A:/rfrc: 0.000000000 1.000000000 0.000000000
A:/rfrf: 0.000000000 0.542045674 0.457954326
A:/rrcc: 0.000000000 1.000000000 0.000000000
A:/rrcf: 0.000000000 1.000000000 0.000000000
A:/rrfc: 0.000000000 0.789579933 0.210420067
A:/rrff: 0.000000000 1.000000000 0.000000000
J:/: 1.000000000 0.000000000 0.000000000
J:/cccr: 0.901984521 0.098015479 0.000000000
J:/cccrccrc: 0.000000000 0.269713801 0.730286199
J:/cccrccrf: 0.000000000 0.393088876 0.606911124
J:/cccrcfrc: 0.000000000 0.480427347 0.519572653
J:/cccrcfrf: 0.000000000 0.625805820 0.374194180
J:/cccrcrcc: 0.000000000 0.626999204 0.373000796
J:/cccrcrcf: 0.000000000 0.445928544 0.554071456
J:/cccrcrfc: 0.000000000 0.400538383 0.599461617
J:/cccrcrff: 0.000000000 0.487048716 0.512951284
J:/ccrc: 0.190850696 0.000000000 0.809149304
J:/ccrccrcc: 0.000000000 0.629896291 0.370103709
J:/ccrccrcf: 0.000000000 0.764578075 0.235421925
J:/ccrccrfc: 0.000000000 0.535677900 0.464322100
J:/ccrccrff: 0.000000000 0.041467476 0.958532524
J:/ccrf: 0.000621288 0.999378712 0.000000000
J:/ccrfcrc: 0.000000000 0.000000000 1.000000000
J:/ccrfcrf: 0.000000000 0.000000000 1.000000000
J:/ccrr: 0.000000000 0.000000000 1.000000000
J:/crcc: 0.000133580 0.575001486 0.424864934
J:/crcf: 0.000000000 0.546650908 0.453349092
J:/crcr: 0.000000000 0.506588069 0.493411931
J:/crfc: 0.042233211 0.482133642 0.475633147
J:/crff: 0.621841292 0.277914474 0.100244234
J:/crfr: 0.000000000 0.250250416 0.749749584
J:/crrc: 0.000000000 0.000000000 1.000000000
J:/crrf: 0.000000000 0.190320370 0.809679630
J:/rccr: 0.000000000 0.570237519 0.429762481
J:/rcfr: 0.000000000 0.369049322 0.630950678
J:/rcrc: 0.000000000 0.689125275 0.310874725
J:/rcrf: 0.000000000 0.895877112 0.104122888
J:/rfcr: 0.000000000 0.775838279 0.224161721
J:/rffr: 0.000000000 0.412740417 0.587259583
J:/rfrc: 0.000000000 0.000000000 1.000000000
J:/rfrf: 0.000000000 0.364459740 0.635540260
J:/rrcc: 0.000000000 0.220263691 0.779736309
J:/rrcf: 0.000000000 0.230303347 0.769696653
J:/rrfc: 0.000000000 0.000000000 1.000000000
J:/rrff: 0.000000000 0.000000000 1.000000000
K:/: 0.999983270 0.000016730 0.000000000
K:/cccr: 0.000000000 0.835192258 0.164807742
K:/cccrccrc: 0.000000000 0.682100177 0.317899823
K:/cccrccrf: 0.000000000 0.335449489 0.664550511
K:/cccrcfrc: 0.000000000 0.149231904 0.850768096
K:/cccrcfrf: 0.000000000 0.255001692 0.744998308
K:/cccrcrcc: 0.000000000 0.276299150 0.723700850
K:/cccrcrcf: 0.000000000 0.999955676 0.000044324
K:/cccrcrfc: 0.000000000 0.564917362 0.435082638
K:/cccrcrff: 0.000000000 0.109181628 0.890818372
K:/ccrc: 0.778529854 0.000000000 0.221470146
K:/ccrccrcc: 0.000000000 0.568983055 0.431016945
K:/ccrccrcf: 0.000000000 0.588193120 0.411806880
K:/ccrccrfc: 0.000000000 0.949800482 0.050199518
K:/ccrccrff: 0.000000000 0.577325436 0.422674564
K:/ccrf: 0.094663617 0.905336383 0.000000000
K:/ccrfcrc: 0.000000000 1.000000000 0.000000000
K:/ccrfcrf: 0.000000000 1.000000000 0.000000000
K:/ccrr: 0.000000000 1.000000000 0.000000000
K:/crcc: 0.421931503 0.578057496 0.000011000
K:/crcf: 0.482321434 0.442696989 0.074981577
K:/crcr: 0.000000000 1.000000000 0.000000000
K:/crfc: 0.497684033 0.502315967 0.000000000
K:/crff: 0.671142754 0.328857246 0.000000000
K:/crfr: 0.000000000 0.896058350 0.103941650
K:/crrc: 0.000000000 0.398234316 0.601765684
K:/crrf: 0.000000000 0.460579132 0.539420868
K:/rccr: 0.000000000 0.333653735 0.666346265
K:/rcfr: 0.000000000 0.564598240 0.435401760
K:/rcrc: 0.000000000 0.171301847 0.828698153
K:/rcrf: 0.000000000 0.575792829 0.424207171
K:/rfcr: 0.000000000 0.781884479 0.218115521
K:/rffr: 0.000000000 0.889066673 0.110933327
K:/rfrc: 0.000000000 0.705884876 0.294115124
K:/rfrf: 0.000000000 0.542259785 0.457740215
K:/rrcc: 0.000000000 0.141097556 0.858902444
K:/rrcf: 0.000000000 0.484514410 0.515485590
K:/rrfc: 0.000000000 0.181214818 0.818785182
K:/rrff: 0.000000000 0.782784114 0.217215886
Q:/: 1.000000000 0.000000000 0.000000000
Q:/cccr: 0.999613958 0.000386042 0.000000000
Q:/cccrccrc: 0.000000000 0.483643048 0.516356952
Q:/cccrccrf: 0.000000000 0.742318045 0.257681955
Q:/cccrcfrc: 0.000000000 0.922367633 0.077632367
Q:/cccrcfrf: 0.000000000 0.346400787 0.653599213
Q:/cccrcrcc: 0.000000000 0.398459636 0.601540364
Q:/cccrcrcf: 0.000000000 0.034122147 0.965877853
Q:/cccrcrfc: 0.000000000 0.419750254 0.580249746
Q:/cccrcrff: 0.000000000 0.351283015 0.648716985
Q:/ccrc: 0.615715991 0.000000000 0.384284009
Q:/ccrccrcc: 0.000000000 0.490528022 0.509471978
Q:/ccrccrcf: 0.000000000 0.601060698 0.398939302
Q:/ccrccrfc: 0.000000000 0.300130609 0.699869391
Q:/ccrccrff: 0.000000000 0.785610540 0.214389460
Q:/ccrf: 0.000000000 1.000000000 0.000000000
Q:/ccrfcrc: 0.000000000 0.461198332 0.538801668
Q:/ccrfcrf: 0.000000000 1.000000000 0.000000000
Q:/ccrr: 0.000000000 0.671558542 0.328441458
Q:/crcc: 0.148897064 0.719720706 0.131382231
Q:/crcf: 0.448079272 0.121504180 0.430416548
Q:/crcr: 0.000000000 0.492587007 0.507412993
Q:/crfc: 0.148465044 0.748528075 0.103006880
Q:/crff: 0.518849663 0.481150337 0.000000000
Q:/crfr: 0.000000000 0.999969423 0.000030577
Q:/crrc: 0.000000000 0.427768369 0.572231631
Q:/crrf: 0.000000000 0.280637636 0.719362364
Q:/rccr: 0.000000000 0.515879732 0.484120268
Q:/rcfr: 0.000000000 0.781110117 0.218889883
Q:/rcrc: 0.000000000 0.889424482 0.110575518
Q:/rcrf: 0.000000000 0.773969665 0.226030335
Q:/rfcr: 0.000000000 0.656960128 0.343039872
Q:/rffr: 0.000000000 0.377508253 0.622491747
Q:/rfrc: 0.000000000 0.000000000 1.000000000
Q:/rfrf: 0.000000000 0.374649056 0.625350944
Q:/rrcc: 0.000000000 0.698389474 0.301610526
Q:/rrcf: 0.000000000 0.150160322 0.849839678
Q:/rrfc: 0.000000000 0.000000000 1.000000000
Q:/rrff: 0.000000000 0.000117815 0.999882185
T:/: 1.000000000 0.000000000 0.000000000
T:/cccr: 0.999778606 0.000221394 0.000000000
T:/cccrccrc: 0.000000000 0.335754284 0.664245716
T:/cccrccrf: 0.000000000 0.347837758 0.652162242
T:/cccrcfrc: 0.000000000 0.175797597 0.824202403
T:/cccrcfrf: 0.000000000 0.792574144 0.207425856
T:/cccrcrcc: 0.000000000 0.688901932 0.311098068
T:/cccrcrcf: 0.000000000 0.248079041 0.751920959
T:/cccrcrfc: 0.000000000 0.826005341 0.173994659
T:/cccrcrff: 0.000000000 0.387570742 0.612429258
T:/ccrc: 0.000000000 0.000000000 1.000000000
T:/ccrccrcc: 0.000000000 0.067156458 0.932843542
T:/ccrccrcf: 0.000000000 0.118881317 0.881118683
T:/ccrccrfc: 0.000000000 0.381769487 0.618230513
T:/ccrccrff: 0.000000000 0.161091291 0.838908709
T:/ccrf: 0.000836938 0.999163062 0.000000000
T:/ccrfcrc: 0.000000000 0.075083746 0.924916254
T:/ccrfcrf: 0.000000000 0.000000000 1.000000000
T:/ccrr: 0.000000000 0.000000000 1.000000000
T:/crcc: 0.095851645 0.747363076 0.156785279
T:/crcf: 0.000000000 0.441396169 0.558603831
T:/crcr: 0.000000000 0.693549894 0.306450106
T:/crfc: 0.017817446 0.505880688 0.476301866
T:/crff: 0.443997786 0.371781597 0.184220616
T:/crfr: 0.000000000 0.326439714 0.673560286
T:/crrc: 0.000000000 0.000000000 1.000000000
T:/crrf: 0.000000000 0.000180394 0.999819606
T:/rccr: 0.000000000 0.488996544 0.511003456
T:/rcfr: 0.000000000 0.000000000 1.000000000
T:/rcrc: 0.000000000 0.118379000 0.881621000
T:/rcrf: 0.000000000 0.515563116 0.484436884
T:/rfcr: 0.000000000 0.767101059 0.232898941
T:/rffr: 0.000000000 0.000000000 1.000000000
T:/rfrc: 0.000000000 0.000000000 1.000000000
T:/rfrf: 0.000000000 0.253819845 0.746180155
T:/rrcc: 0.000000000 0.271630247 0.728369753
T:/rrcf: 0.000000000 0.252611260 0.747388740
T:/rrfc: 0.000000000 0.000000000 1.000000000
T:/rrff: 0.000000000 0.000000000 1.000000000
