9:/c: 0.458765855 0.541234145 0.000000000
9:/cccrc: 0.254506784 0.337501494 0.407991722
9:/cccrccrcc: 0.000000000 0.726616746 0.273383254
9:/cccrccrcf: 0.000000000 0.524297677 0.475702323
9:/cccrccrfc: 0.000000000 0.748330437 0.251669563
9:/cccrccrff: 0.000000000 0.658113317 0.341886683
9:/cccrf: 0.549904696 0.004711358 0.445383946
9:/cccrfcrc: 0.000000000 0.176848996 0.823151004
9:/cccrfcrf: 0.000000000 0.785705412 0.214294588
9:/cccrr: 0.000000000 0.195191051 0.804808949
9:/ccrcc: 0.213995566 0.663750476 0.122253958
9:/ccrcf: 0.167931482 0.637826579 0.194241939
9:/ccrcr: 0.000000000 0.426246834 0.573753166
9:/ccrfc: 0.000000000 0.234739684 0.765260316
9:/ccrff: 0.468974219 0.409049739 0.121976043
9:/ccrfr: 0.000000000 0.506914378 0.493085622
9:/ccrrc: 0.000000000 0.000014241 0.999985759
9:/ccrrf: 0.000000000 0.097341042 0.902658958
9:/crccr: 0.000000000 0.227791987 0.772208013
9:/crcfr: 0.000000000 0.345821637 0.654178363
9:/crcrc: 0.000000000 0.000000495 0.999999505
9:/crcrf: 0.000000000 0.225286571 0.774713429
9:/crfcr: 0.000000000 0.107402244 0.892597756
9:/crffr: 0.000000000 0.420528286 0.579471714
9:/crfrc: 0.000000000 0.000001317 0.999998683
9:/crfrf: 0.000000000 0.386424548 0.613575452
9:/crrcc: 0.000000000 0.342515033 0.657484967
9:/crrcf: 0.000000000 0.185250244 0.814749756
9:/crrfc: 0.000000000 0.009755868 0.990244132
9:/crrff: 0.000000000 0.328336794 0.671663206
9:/r: 0.103420460 0.000000000 0.896579540
9:/rccrc: 0.000000000 0.262047548 0.737952452
9:/rccrf: 0.000000000 0.580766001 0.419233999
9:/rcfrc: 0.000000000 0.692469501 0.307530499
9:/rcfrf: 0.000000000 0.062179649 0.937820351
9:/rcrcc: 0.000000000 0.000000000 1.000000000
9:/rcrcf: 0.000000000 0.000000000 1.000000000
9:/rcrfc: 0.000000000 0.154815839 0.845184161
9:/rcrff: 0.000000000 0.000000000 1.000000000
A:/c: 0.807130850 0.192869150 0.000000000
A:/cccrc: 0.393027938 0.453774639 0.153197423
A:/cccrccrcc: 0.000000000 0.313319209 0.686680791
A:/cccrccrcf: 0.000000000 0.629336085 0.370663915
A:/cccrccrfc: 0.000000000 0.412730084 0.587269916
A:/cccrccrff: 0.000000000 0.529812883 0.470187117
A:/cccrf: 0.169455521 0.830544479 0.000000000
A:/cccrfcrc: 0.000000000 0.786894025 0.213105975
A:/cccrfcrf: 0.000000000 0.769353166 0.230646834
A:/cccrr: 0.000000000 0.890217680 0.109782320
A:/ccrcc: 0.549817709 0.046550741 0.403631549
A:/ccrcf: 0.408132518 0.295379145 0.296488337
A:/ccrcr: 0.000000000 1.000000000 0.000000000
A:/ccrfc: 0.590170994 0.409542212 0.000286794
A:/ccrff: 0.161222064 0.376524422 0.462253514
A:/ccrfr: 0.000000000 0.897141247 0.102858753
A:/ccrrc: 0.000000000 0.999900465 0.000099535
A:/ccrrf: 0.000000000 0.286775462 0.713224538
A:/crccr: 0.000000000 0.999999815 0.000000185
A:/crcfr: 0.000000000 0.983103639 0.016896361
A:/crcrc: 0.000000000 0.885915898 0.114084102
A:/crcrf: 0.000000000 0.357494147 0.642505853
A:/crfcr: 0.000000000 0.549430603 0.450569397
A:/crffr: 0.000000000 0.999999999 0.000000001
A:/crfrc: 0.000000000 0.464355878 0.535644122
A:/crfrf: 0.000000000 0.327722603 0.672277397
A:/crrcc: 0.000000000 0.925724229 0.074275771
A:/crrcf: 0.000000000 0.832551527 0.167448473
A:/crrfc: 0.000000000 0.999970094 0.000029906
A:/crrff: 0.000000000 0.999899149 0.000100851
A:/r: 0.999342371 0.000657629 0.000000000
A:/rccrc: 0.000000000 1.000000000 0.000000000
A:/rccrf: 0.000000000 0.929343385 0.070656615
A:/rcfrc: 0.000000000 0.874582676 0.125417324
A:/rcfrf: 0.000000000 0.462165987 0.537834013
A:/rcrcc: 0.000000000 1.000000000 0.000000000
A:/rcrcf: 0.000000000 1.000000000 0.000000000
A:/rcrfc: 0.000000000 0.999354258 0.000645742
A:/rcrff: 0.000000000 0.999897906 0.000102094
J:/c: 0.079725577 0.920274423 0.000000000
J:/cccrc: 0.316099392 0.356982499 0.326918108
J:/cccrccrcc: 0.000000000 0.559523844 0.440476156
J:/cccrccrcf: 0.000000000 0.549050005 0.450949995
J:/cccrccrfc: 0.000000000 0.947361157 0.052638843
J:/cccrccrff: 0.000000000 0.394107245 0.605892755
J:/cccrf: 0.330375841 0.304695019 0.364929140
J:/cccrfcrc: 0.000000000 0.969597192 0.030402808
J:/cccrfcrf: 0.000000000 0.345365477 0.654634523
J:/cccrr: 0.000000000 0.401005437 0.598994563
J:/ccrcc: 0.044076669 0.214203561 0.741719770
J:/ccrcf: 0.626501084 0.148820892 0.224678024
J:/ccrcr: 0.000000000 0.000000214 0.999999786
J:/ccrfc: 0.000000396 0.202146942 0.797852663
J:/ccrff: 0.793088119 0.145494178 0.061417703
J:/ccrfr: 0.000000000 0.110897769 0.889102231
J:/ccrrc: 0.000000000 0.000012217 0.999987783
J:/ccrrf: 0.000000000 0.327005969 0.672994031
J:/crccr: 0.000000000 0.443366814 0.556633186
J:/crcfr: 0.000000000 0.556447750 0.443552250
J:/crcrc: 0.000000000 0.582393395 0.417606605
J:/crcrf: 0.000000000 0.671023821 0.328976179
J:/crfcr: 0.000000000 0.748222496 0.251777504
J:/crffr: 0.000000000 0.531401179 0.468598821
J:/crfrc: 0.000000000 0.937811381 0.062188619
J:/crfrf: 0.000000000 0.486837126 0.513162874
J:/crrcc: 0.000000000 0.099511164 0.900488836
J:/crrcf: 0.000000000 0.947433227 0.052566773
J:/crrfc: 0.000000000 0.492758644 0.507241356
J:/crrff: 0.000000000 0.621029273 0.378970727
J:/r: 0.003802256 0.000000000 0.996197744
J:/rccrc: 0.000000000 0.999971725 0.000028275
J:/rccrf: 0.000000000 0.785892035 0.214107965
J:/rcfrc: 0.000000000 0.139667032 0.860332968
J:/rcfrf: 0.000000000 0.985132435 0.014867565
J:/rcrcc: 0.000000000 0.335128900 0.664871100
J:/rcrcf: 0.000000000 0.000000000 1.000000000
J:/rcrfc: 0.000000000 0.209257708 0.790742292
J:/rcrff: 0.000000000 0.000000000 1.000000000
K:/c: 0.650278031 0.349721969 0.000000000
K:/cccrc: 0.322852298 0.365091677 0.312056024
K:/cccrccrcc: 0.000000000 0.671698009 0.328301991
K:/cccrccrcf: 0.000000000 0.583962505 0.416037495
K:/cccrccrfc: 0.000000000 0.218026121 0.781973879
K:/cccrccrff: 0.000000000 0.612678489 0.387321511
K:/cccrf: 0.347418811 0.327968169 0.324613021
K:/cccrfcrc: 0.000000000 0.130171205 0.869828795
K:/cccrfcrf: 0.000000000 0.276026991 0.723973009
K:/cccrr: 0.000000000 0.662254758 0.337745242
K:/ccrcc: 0.530664776 0.347482444 0.121852780
K:/ccrcf: 0.342444695 0.569484914 0.088070391
K:/ccrcr: 0.000000000 0.602324698 0.397675302
K:/ccrfc: 0.171750986 0.492632004 0.335617011
K:/ccrff: 0.461538730 0.069205127 0.469256144
K:/ccrfr: 0.000000000 0.480389822 0.519610178
K:/ccrrc: 0.000000000 0.000012549 0.999987451
K:/ccrrf: 0.000000000 0.815696057 0.184303943
K:/crccr: 0.000000000 0.736468299 0.263531701
K:/crcfr: 0.000000000 0.351019446 0.648980554
K:/crcrc: 0.000000000 0.237402066 0.762597934
K:/crcrf: 0.000000000 0.859341063 0.140658937
K:/crfcr: 0.000000000 0.835938330 0.164061670
K:/crffr: 0.000000000 0.954242327 0.045757673
K:/crfrc: 0.000000000 0.561660179 0.438339821
K:/crfrf: 0.000000000 0.430620063 0.569379937
K:/crrcc: 0.000000000 0.735950981 0.264049019
K:/crrcf: 0.000000000 0.774259155 0.225740845
K:/crrfc: 0.000000000 0.175089729 0.824910271
K:/crrff: 0.000000000 0.773570582 0.226429418
K:/r: 0.999480038 0.000443798 0.000076164
K:/rccrc: 0.000000000 0.661126801 0.338873199
K:/rccrf: 0.000000000 0.700953988 0.299046012
K:/rcfrc: 0.000000000 0.494319362 0.505680638
K:/rcfrf: 0.000000000 0.238656805 0.761343195
K:/rcrcc: 0.000000000 0.685430259 0.314569741
K:/rcrcf: 0.000000000 0.589753917 0.410246083
K:/rcrfc: 0.000000000 0.696073529 0.303926471
K:/rcrff: 0.000000000 0.761464671 0.238535329
Q:/c: 0.000000000 1.000000000 0.000000000
Q:/cccrc: 0.000658657 0.658388994 0.340952348
Q:/cccrccrcc: 0.000000000 0.162258718 0.837741282
Q:/cccrccrcf: 0.000000000 0.548476278 0.451523722
Q:/cccrccrfc: 0.000000000 0.351379303 0.648620697
Q:/cccrccrff: 0.000000000 0.549935956 0.450064044
Q:/cccrf: 0.417249641 0.259070435 0.323679924
Q:/cccrfcrc: 0.000000000 0.108713260 0.891286740
Q:/cccrfcrf: 0.000000000 0.283723466 0.716276534
Q:/cccrr: 0.000000000 0.176113708 0.823886292
Q:/ccrcc: 0.000000783 0.574862759 0.425136458
Q:/ccrcf: 0.483479899 0.489166903 0.027353198
Q:/ccrcr: 0.000000000 0.390631647 0.609368353
Q:/ccrfc: 0.018205520 0.477144907 0.504649572
Q:/ccrff: 0.413541454 0.391136802 0.195321744
Q:/ccrfr: 0.000000000 0.107416947 0.892583053
Q:/ccrrc: 0.000000000 0.000010759 0.999989241
Q:/ccrrf: 0.000000000 0.391455969 0.608544031
Q:/crccr: 0.000000000 0.613169489 0.386830511
Q:/crcfr: 0.000000000 0.281916811 0.718083189
Q:/crcrc: 0.000000000 0.455394063 0.544605937
Q:/crcrf: 0.000000000 0.668892007 0.331107993
Q:/crfcr: 0.000000000 0.161217317 0.838782683
Q:/crffr: 0.000000000 0.615875423 0.384124577
Q:/crfrc: 0.000000000 0.692719627 0.307280373
Q:/crfrf: 0.000000000 0.375852166 0.624147834
Q:/crrcc: 0.000000000 0.664865964 0.335134036
Q:/crrcf: 0.000000000 0.910340237 0.089659763
Q:/crrfc: 0.000000000 0.437617980 0.562382020
Q:/crrff: 0.000000000 0.720379433 0.279620567
Q:/r: 0.128712141 0.000000000 0.871287859
Q:/rccrc: 0.000000000 0.283004690 0.716995310
Q:/rccrf: 0.000000000 0.436129976 0.563870024
Q:/rcfrc: 0.000000000 0.306109906 0.693890094
Q:/rcfrf: 0.000000000 0.515636455 0.484363545
Q:/rcrcc: 0.000000000 0.000000000 1.000000000
Q:/rcrcf: 0.000000000 0.000000000 1.000000000
Q:/rcrfc: 0.000000000 0.191001524 0.808998476
Q:/rcrff: 0.000000000 0.064974743 0.935025257
T:/c: 0.330735335 0.669264665 0.000000000
T:/cccrc: 0.000000000 0.570955206 0.429044794
T:/cccrccrcc: 0.000000000 0.815545485 0.184454515
T:/cccrccrcf: 0.000000000 0.575227132 0.424772868
T:/cccrccrfc: 0.000000000 0.253490721 0.746509279
T:/cccrccrff: 0.000000000 0.009938391 0.990061609
T:/cccrf: 0.224875062 0.424085163 0.351039776
T:/cccrfcrc: 0.000000000 0.435447191 0.564552809
T:/cccrfcrf: 0.000000000 0.619831948 0.380168052
T:/cccrr: 0.000000000 0.068952005 0.931047995
T:/ccrcc: 0.090613108 0.411657258 0.497729634
T:/ccrcf: 0.031045983 0.191925729 0.777028288
T:/ccrcr: 0.000000000 0.169045840 0.830954160
T:/ccrfc: 0.000000358 0.245122758 0.754876884
T:/ccrff: 0.385080081 0.392946583 0.221973336
T:/ccrfr: 0.000000000 0.000000087 0.999999913
T:/ccrrc: 0.000000000 0.000012419 0.999987581
T:/ccrrf: 0.000000000 0.113040734 0.886959266
T:/crccr: 0.000000000 0.782731801 0.217268199
T:/crcfr: 0.000000000 0.209364785 0.790635215
T:/crcrc: 0.000000000 0.937946284 0.062053716
T:/crcrf: 0.000000000 0.445371984 0.554628016
T:/crfcr: 0.000000000 0.592709359 0.407290641
T:/crffr: 0.000000000 0.700697512 0.299302488
T:/crfrc: 0.000000000 0.518904413 0.481095587
T:/crfrf: 0.000000000 0.959808301 0.040191699
T:/crrcc: 0.000000000 0.000000182 0.999999818
T:/crrcf: 0.000000000 0.555428626 0.444571374
T:/crrfc: 0.000000000 0.000004807 0.999995193
T:/crrff: 0.000000000 0.503566383 0.496433617
T:/r: 0.052620505 0.000000000 0.947379495
T:/rccrc: 0.000000000 0.793342672 0.206657328
T:/rccrf: 0.000000000 0.916812438 0.083187562
T:/rcfrc: 0.000000000 0.275392743 0.724607257
T:/rcfrf: 0.000000000 0.666851158 0.333148842
T:/rcrcc: 0.000000000 0.000000000 1.000000000
T:/rcrcf: 0.000000000 0.000000000 1.000000000
T:/rcrfc: 0.000000000 0.453880085 0.546119915
T:/rcrff: 0.000000000 0.000000000 1.000000000
