9:/cc: 1.000000000 0.000000000 0.000000000
9:/cccrcc: 0.049945444 0.447915005 0.502139551
9:/cccrcf: 0.120954986 0.638678701 0.240366313
9:/cccrcr: 0.000000000 0.556205085 0.443794915
9:/cccrfc: 0.475556235 0.111934122 0.412509644
9:/cccrff: 0.236372523 0.431783945 0.331843532
9:/cccrfr: 0.000000000 0.717816564 0.282183436
9:/cccrrc: 0.000000000 0.487675831 0.512324169
9:/cccrrf: 0.000000000 0.841479622 0.158520378
9:/ccrccr: 0.000000000 0.401279522 0.598720478
9:/ccrcfr: 0.000000000 0.610765440 0.389234560
9:/ccrcrc: 0.000000000 0.430873922 0.569126078
9:/ccrcrf: 0.000000000 0.281499438 0.718500562
9:/ccrfcr: 0.000000000 0.136850965 0.863149035
9:/ccrffr: 0.000000000 0.547348295 0.452651705
9:/ccrfrc: 0.000000000 0.227051734 0.772948266
9:/ccrfrf: 0.000000000 0.105406080 0.894593920
9:/ccrrcc: 0.000000000 0.574245083 0.425754917
9:/ccrrcf: 0.000000000 0.769795752 0.230204248
9:/ccrrfc: 0.000000000 0.364457643 0.635542357
9:/ccrrff: 0.000000000 0.210140002 0.789859998
9:/cr: 0.698835407 0.301126835 0.000037759
9:/crccrc: 0.000000000 0.865058490 0.134941510
9:/crccrf: 0.000000000 0.479573003 0.520426997
9:/crcfrc: 0.000000000 0.819650690 0.180349310
9:/crcfrf: 0.000000000 0.524647683 0.475352317
9:/crcrcc: 0.000000000 0.743201950 0.256798050
9:/crcrcf: 0.000000000 0.985487017 0.014512983
9:/crcrfc: 0.000000000 0.593654719 0.406345281
9:/crcrff: 0.000000000 0.926411359 0.073588641
9:/rc: 0.000178819 0.000000030 0.999821151
9:/rccrcc: 0.000000000 0.415791977 0.584208023
9:/rccrcf: 0.000000000 0.405937968 0.594062032
9:/rccrfc: 0.000000000 0.431848897 0.568151103
9:/rccrff: 0.000000000 0.639247777 0.360752223
9:/rf: 0.219346193 0.000750322 0.779903484
9:/rfcrc: 0.000000000 0.000000000 1.000000000
9:/rfcrf: 0.000000000 0.593236359 0.406763641
9:/rr: 0.000000000 0.000000000 1.000000000
A:/cc: 0.796778482 0.203221518 0.000000000
A:/cccrcc: 0.211949540 0.364747725 0.423302735
A:/cccrcf: 0.258940469 0.284589491 0.456470039
A:/cccrcr: 0.000000000 0.650467371 0.349532629
A:/cccrfc: 0.421931599 0.274343845 0.303724556
A:/cccrff: 0.132722034 0.851702733 0.015575233
A:/cccrfr: 0.000000000 0.268127514 0.731872486
A:/cccrrc: 0.000000000 0.131256782 0.868743218
A:/cccrrf: 0.000000000 0.231513958 0.768486042
A:/ccrccr: 0.000000000 0.143815119 0.856184881
A:/ccrcfr: 0.000000000 0.458767189 0.541232811
A:/ccrcrc: 0.000000000 0.486176693 0.513823307
A:/ccrcrf: 0.000000000 0.979350551 0.020649449
A:/ccrfcr: 0.000000000 0.492342769 0.507657231
A:/ccrffr: 0.000000000 0.064905448 0.935094552
A:/ccrfrc: 0.000000000 0.161354330 0.838645670
A:/ccrfrf: 0.000000000 0.539329379 0.460670621
A:/ccrrcc: 0.000000000 0.325580358 0.674419642
A:/ccrrcf: 0.000000000 0.807407653 0.192592347
A:/ccrrfc: 0.000000000 0.475088905 0.524911095
A:/ccrrff: 0.000000000 0.100207651 0.899792349
A:/cr: 0.000036177 0.375514038 0.624449784
A:/crccrc: 0.000000000 0.339554233 0.660445767
A:/crccrf: 0.000000000 0.570685323 0.429314677
A:/crcfrc: 0.000000000 0.417779368 0.582220632
A:/crcfrf: 0.000000000 0.324799489 0.675200511
A:/crcrcc: 0.000000000 0.446245213 0.553754787
A:/crcrcf: 0.000000000 0.500505857 0.499494143
A:/crcrfc: 0.000000000 0.472865226 0.527134774
A:/crcrff: 0.000000000 0.811539489 0.188460511
A:/rc: 0.779514867 0.220484838 0.000000295
A:/rccrcc: 0.000000000 0.915613492 0.084386508
A:/rccrcf: 0.000000000 0.952893451 0.047106549
A:/rccrfc: 0.000000000 0.901447883 0.098552117
A:/rccrff: 0.000000000 0.999999987 0.000000013
A:/rf: 0.706120906 0.293879094 0.000000000
A:/rfcrc: 0.000000000 0.999964380 0.000035620
A:/rfcrf: 0.000000000 0.678831766 0.321168234
A:/rr: 0.000000000 1.000000000 0.000000000
J:/cc: 0.732712577 0.267287423 0.000000000
J:/cccrcc: 0.091153856 0.348754642 0.560091502
J:/cccrcf: 0.619810311 0.305664129 0.074525559
J:/cccrcr: 0.000000000 0.517349268 0.482650732
J:/cccrfc: 0.319169435 0.207010466 0.473820098
J:/cccrff: 0.341958226 0.294998600 0.363043175
J:/cccrfr: 0.000000000 0.478704202 0.521295798
J:/cccrrc: 0.000000000 0.362673959 0.637326041
J:/cccrrf: 0.000000000 0.176894985 0.823105015
J:/ccrccr: 0.000000000 0.052621831 0.947378169
J:/ccrcfr: 0.000000000 0.865265054 0.134734946
J:/ccrcrc: 0.000000000 0.623663377 0.376336623
J:/ccrcrf: 0.000000000 0.066714696 0.933285304
J:/ccrfcr: 0.000000000 0.465553835 0.534446165
J:/ccrffr: 0.000000000 0.643314159 0.356685841
J:/ccrfrc: 0.000000000 0.494889285 0.505110715
J:/ccrfrf: 0.000000000 0.543872026 0.456127974
J:/ccrrcc: 0.000000000 0.078768346 0.921231654
J:/ccrrcf: 0.000000000 0.587362560 0.412637440
J:/ccrrfc: 0.000000000 0.494454149 0.505545851
J:/ccrrff: 0.000000000 0.423058800 0.576941200
J:/cr: 0.622030978 0.377912994 0.000056029
J:/crccrc: 0.000000000 0.803868233 0.196131767
J:/crccrf: 0.000000000 0.468389375 0.531610625
J:/crcfrc: 0.000000000 0.737180620 0.262819380
J:/crcfrf: 0.000000000 0.280559254 0.719440746
J:/crcrcc: 0.000000000 0.425958960 0.574041040
J:/crcrcf: 0.000000000 0.261361051 0.738638949
J:/crcrfc: 0.000000000 0.053503754 0.946496246
J:/crcrff: 0.000000000 0.543191911 0.456808089
J:/rc: 0.000014300 0.000000011 0.999985688
J:/rccrcc: 0.000000000 0.331449667 0.668550333
J:/rccrcf: 0.000000000 0.073320968 0.926679032
J:/rccrfc: 0.000000000 0.529009783 0.470990217
J:/rccrff: 0.000000000 0.335941986 0.664058014
J:/rf: 0.108367360 0.040945977 0.850686663
J:/rfcrc: 0.000000000 0.000000000 1.000000000
J:/rfcrf: 0.000000000 0.172806424 0.827193576
J:/rr: 0.000000000 0.000000000 1.000000000
K:/cc: 0.848452862 0.151547138 0.000000000
K:/cccrcc: 0.492392660 0.221000833 0.286606507
K:/cccrcf: 0.216800721 0.619084888 0.164114392
K:/cccrcr: 0.000000000 0.519128331 0.480871669
K:/cccrfc: 0.625056358 0.012998851 0.361944792
K:/cccrff: 0.574439393 0.004995355 0.420565253
K:/cccrfr: 0.000000000 0.413538868 0.586461132
K:/cccrrc: 0.000000000 0.597992285 0.402007715
K:/cccrrf: 0.000000000 0.744047765 0.255952235
K:/ccrccr: 0.000000000 0.008168355 0.991831645
K:/ccrcfr: 0.000000000 0.570332830 0.429667170
K:/ccrcrc: 0.000000000 0.682172881 0.317827119
K:/ccrcrf: 0.000000000 0.291658536 0.708341464
K:/ccrfcr: 0.000000000 0.378276870 0.621723130
K:/ccrffr: 0.000000000 0.340323756 0.659676244
K:/ccrfrc: 0.000000000 0.941985770 0.058014230
K:/ccrfrf: 0.000000000 0.505724656 0.494275344
K:/ccrrcc: 0.000000000 0.103071836 0.896928164
K:/ccrrcf: 0.000000000 0.481701511 0.518298489
K:/ccrrfc: 0.000000000 0.341589239 0.658410761
K:/ccrrff: 0.000000000 0.122029190 0.877970810
K:/cr: 0.718160871 0.281799403 0.000039726
K:/crccrc: 0.000000000 1.000000000 0.000000000
K:/crccrf: 0.000000000 0.230463700 0.769536300
K:/crcfrc: 0.000000000 0.958470948 0.041529052
K:/crcfrf: 0.000000000 0.140884785 0.859115215
K:/crcrcc: 0.000000000 0.782143632 0.217856368
K:/crcrcf: 0.000000000 0.188121809 0.811878191
K:/crcrfc: 0.000000000 0.262390717 0.737609283
K:/crcrff: 0.000000000 0.318978260 0.681021740
K:/rc: 0.000000000 0.104388533 0.895611467
K:/rccrcc: 0.000000000 0.439428614 0.560571386
K:/rccrcf: 0.000000000 0.329599294 0.670400706
K:/rccrfc: 0.000000000 0.310206948 0.689793052
K:/rccrff: 0.000000000 0.356605815 0.643394185
K:/rf: 0.915538087 0.084461913 0.000000000
K:/rfcrc: 0.000000000 0.000000000 1.000000000
K:/rfcrf: 0.000000000 0.285930620 0.714069380
K:/rr: 0.000000000 0.000000000 1.000000000
Q:/cc: 0.995353198 0.004646802 0.000000000
Q:/cccrcc: 0.031226558 0.441082168 0.527691274
Q:/cccrcf: 0.184485363 0.434044378 0.381470260
Q:/cccrcr: 0.000000000 0.548078904 0.451921096
Q:/cccrfc: 0.331278485 0.250466344 0.418255171
Q:/cccrff: 0.286334852 0.346405124 0.367260023
Q:/cccrfr: 0.000000000 0.396737055 0.603262945
Q:/cccrrc: 0.000000000 0.474061019 0.525938981
Q:/cccrrf: 0.000000000 0.670105368 0.329894632
Q:/ccrccr: 0.000000000 0.846413914 0.153586086
Q:/ccrcfr: 0.000000000 0.075890407 0.924109593
Q:/ccrcrc: 0.000000000 0.523233140 0.476766860
Q:/ccrcrf: 0.000000000 0.603214126 0.396785874
Q:/ccrfcr: 0.000000000 0.429577362 0.570422638
Q:/ccrffr: 0.000000000 0.822005965 0.177994035
Q:/ccrfrc: 0.000000000 0.628100444 0.371899556
Q:/ccrfrf: 0.000000000 0.443411065 0.556588935
Q:/ccrrcc: 0.000000000 0.588720335 0.411279665
Q:/ccrrcf: 0.000000000 0.748912383 0.251087617
Q:/ccrrfc: 0.000000000 0.145387863 0.854612137
Q:/ccrrff: 0.000000000 0.813769169 0.186230831
Q:/cr: 0.999998808 0.000001192 0.000000000
Q:/crccrc: 0.000000000 0.043673642 0.956326358
Q:/crccrf: 0.000000000 0.672302873 0.327697127
Q:/crcfrc: 0.000000000 0.335712242 0.664287758
Q:/crcfrf: 0.000000000 0.460719386 0.539280614
Q:/crcrcc: 0.000000000 0.589278598 0.410721402
Q:/crcrcf: 0.000000000 0.388439740 0.611560260
Q:/crcrfc: 0.000000000 0.547880744 0.452119256
Q:/crcrff: 0.000000000 0.559069935 0.440930065
Q:/rc: 0.118927536 0.000120304 0.880952160
Q:/rccrcc: 0.000000000 0.700784941 0.299215059
Q:/rccrcf: 0.000000000 0.475690913 0.524309087
Q:/rccrfc: 0.000000000 0.521157529 0.478842471
Q:/rccrff: 0.000000000 0.955307745 0.044692255
Q:/rf: 0.009941387 0.030424009 0.959634605
Q:/rfcrc: 0.000000000 0.000000000 1.000000000
Q:/rfcrf: 0.000000000 0.550722514 0.449277486
Q:/rr: 0.000000000 0.000000000 1.000000000
T:/cc: 1.000000000 0.000000000 0.000000000
T:/cccrcc: 0.364756652 0.067077932 0.568165416
T:/cccrcf: 0.436838694 0.435687727 0.127473579
T:/cccrcr: 0.000000000 0.514915988 0.485084012
T:/cccrfc: 0.202319473 0.293253282 0.504427245
T:/cccrff: 0.324837429 0.320015166 0.355147406
T:/cccrfr: 0.000000000 0.777878164 0.222121836
T:/cccrrc: 0.000000000 0.681126584 0.318873416
T:/cccrrf: 0.000000000 0.584720008 0.415279992
T:/ccrccr: 0.000000000 0.487681743 0.512318257
T:/ccrcfr: 0.000000000 0.512246558 0.487753442
T:/ccrcrc: 0.000000000 0.148704961 0.851295039
T:/ccrcrf: 0.000000000 0.400624837 0.599375163
T:/ccrfcr: 0.000000000 0.793512468 0.206487532
T:/ccrffr: 0.000000000 0.575387137 0.424612863
T:/ccrfrc: 0.000000000 0.583583963 0.416416037
T:/ccrfrf: 0.000000000 0.153797539 0.846202461
T:/ccrrcc: 0.000000000 0.718873669 0.281126331
T:/ccrrcf: 0.000000000 0.567173032 0.432826968
T:/ccrrfc: 0.000000000 0.438949446 0.561050554
T:/ccrrff: 0.000000000 0.372995544 0.627004456
T:/cr: 0.771608041 0.228343764 0.000048195
T:/crccrc: 0.000000000 0.952152381 0.047847619
T:/crccrf: 0.000000000 0.303766798 0.696233202
T:/crcfrc: 0.000000000 0.043843775 0.956156225
T:/crcfrf: 0.000000000 0.713916342 0.286083658
T:/crcrcc: 0.000000000 0.629228776 0.370771224
T:/crcrcf: 0.000000000 0.515554403 0.484445597
T:/crcrfc: 0.000000000 0.729278245 0.270721755
T:/crcrff: 0.000000000 0.736247030 0.263752970
T:/rc: 0.000208673 0.000000019 0.999791308
T:/rccrcc: 0.000000000 0.173409582 0.826590418
T:/rccrcf: 0.000000000 0.167496471 0.832503529
T:/rccrfc: 0.000000000 0.585764365 0.414235635
T:/rccrff: 0.000000000 0.999999999 0.000000001
T:/rf: 0.131894100 0.037523852 0.830582048
T:/rfcrc: 0.000000000 0.000000000 1.000000000
T:/rfcrf: 0.000000000 0.326846828 0.673153172
T:/rr: 0.000000000 0.000000000 1.000000000
