9:/ccc: 0.488447479 0.511552521 0.000000000
9:/cccrccr: 0.000000000 0.385089905 0.614910095
9:/cccrcfr: 0.000000000 0.517366302 0.482633698
9:/cccrcrc: 0.000000000 0.545957697 0.454042303
9:/cccrcrf: 0.000000000 0.957945483 0.042054517
9:/cccrfcr: 0.000000000 0.810459322 0.189540678
9:/cccrffr: 0.000000000 0.613865372 0.386134628
9:/cccrfrc: 0.000000000 0.792737720 0.207262280
9:/cccrfrf: 0.000000000 0.413578189 0.586421811
9:/cccrrcc: 0.000000000 0.785887482 0.214112518
9:/cccrrcf: 0.000000000 0.562613752 0.437386248
9:/cccrrfc: 0.000000000 0.553390132 0.446609868
9:/cccrrff: 0.000000000 0.530397186 0.469602814
9:/ccr: 0.000000094 0.000007612 0.999992293
9:/ccrccrc: 0.000000000 0.609713153 0.390286847
9:/ccrccrf: 0.000000000 0.375302100 0.624697900
9:/ccrcfrc: 0.000000000 0.785995369 0.214004631
9:/ccrcfrf: 0.000000000 0.541440521 0.458559479
9:/ccrcrcc: 0.000000000 0.126343874 0.873656126
9:/ccrcrcf: 0.000000000 0.233502068 0.766497932
9:/ccrcrfc: 0.000000000 0.851509361 0.148490639
9:/ccrcrff: 0.000000000 0.341176351 0.658823649
9:/crc: 0.000000000 0.420152706 0.579847294
9:/crccrcc: 0.000000000 0.403207281 0.596792719
9:/crccrcf: 0.000000000 0.660814351 0.339185649
9:/crccrfc: 0.000000000 0.698536071 0.301463929
9:/crccrff: 0.000000000 0.882957394 0.117042606
9:/crf: 0.314457839 0.351608549 0.333933611
9:/crfcrc: 0.000000000 0.674279625 0.325720375
9:/crfcrf: 0.000000000 0.941672737 0.058327263
9:/crr: 0.000000000 0.000000000 1.000000000
9:/rcc: 0.350635864 0.370797739 0.278566397
9:/rcf: 0.198874147 0.363879953 0.437245899
9:/rcr: 0.000000000 0.348799402 0.651200598
9:/rfc: 0.000000000 0.000004835 0.999995165
9:/rff: 0.269221242 0.000000000 0.730778758
9:/rfr: 0.000000000 0.000000000 1.000000000
9:/rrc: 0.000000000 0.000000000 1.000000000
9:/rrf: 0.000000000 0.000000000 1.000000000
A:/ccc: 0.572447864 0.427552136 0.000000000
A:/cccrccr: 0.000000000 0.507033061 0.492966939
A:/cccrcfr: 0.000000000 0.373121226 0.626878774
A:/cccrcrc: 0.000000000 0.618893028 0.381106972
A:/cccrcrf: 0.000000000 0.373191515 0.626808485
A:/cccrfcr: 0.000000000 0.297275760 0.702724240
A:/cccrffr: 0.000000000 0.585046526 0.414953474
A:/cccrfrc: 0.000000000 0.171426034 0.828573966
A:/cccrfrf: 0.000000000 0.605722202 0.394277798
A:/cccrrcc: 0.000000000 0.528860826 0.471139174
A:/cccrrcf: 0.000000000 0.131072914 0.868927086
A:/cccrrfc: 0.000000000 0.300358626 0.699641374
A:/cccrrff: 0.000000000 0.379253955 0.620746045
A:/ccr: 0.778473633 0.221346897 0.000179470
A:/ccrccrc: 0.000000000 0.101813314 0.898186686
A:/ccrccrf: 0.000000000 0.527375654 0.472624346
A:/ccrcfrc: 0.000000000 0.598491879 0.401508121
A:/ccrcfrf: 0.000000000 0.636068539 0.363931461
A:/ccrcrcc: 0.000000000 0.653668378 0.346331622
A:/ccrcrcf: 0.000000000 0.995182028 0.004817972
A:/ccrcrfc: 0.000000000 0.718477930 0.281522070
A:/ccrcrff: 0.000000000 0.825974470 0.174025530
A:/crc: 0.851814038 0.148185962 0.000000000
A:/crccrcc: 0.000000000 0.729439378 0.270560622
A:/crccrcf: 0.000000000 0.783254602 0.216745398
A:/crccrfc: 0.000000000 1.000000000 0.000000000
A:/crccrff: 0.000000000 0.511684864 0.488315136
A:/crf: 0.584579079 0.415420921 0.000000000
A:/crfcrc: 0.000000000 0.809562270 0.190437730
A:/crfcrf: 0.000000000 0.572285693 0.427714307
A:/crr: 0.000000000 1.000000000 0.000000000
A:/rcc: 0.461333395 0.424821195 0.113845411
A:/rcf: 0.158232581 0.737520793 0.104246626
A:/rcr: 0.000000000 0.688237212 0.311762788
A:/rfc: 0.999982793 0.000000000 0.000017207
A:/rff: 1.000000000 0.000000000 0.000000000
A:/rfr: 0.000000000 1.000000000 0.000000000
A:/rrc: 0.000000000 0.427881992 0.572118008
A:/rrf: 0.000000000 0.999953046 0.000046954
J:/ccc: 0.736968568 0.263031432 0.000000000
J:/cccrccr: 0.000000000 0.582203019 0.417796981
J:/cccrcfr: 0.000000000 0.507675644 0.492324356
J:/cccrcrc: 0.000000000 0.568100793 0.431899207
J:/cccrcrf: 0.000000000 0.203338734 0.796661266
J:/cccrfcr: 0.000000000 0.811709027 0.188290973
J:/cccrffr: 0.000000000 0.408960592 0.591039408
J:/cccrfrc: 0.000000000 0.354468060 0.645531940
J:/cccrfrf: 0.000000000 0.578022397 0.421977603
J:/cccrrcc: 0.000000000 0.413045112 0.586954888
J:/cccrrcf: 0.000000000 0.818796685 0.181203315
J:/cccrrfc: 0.000000000 0.425642954 0.574357046
J:/cccrrff: 0.000000000 0.655293952 0.344706048
J:/ccr: 0.220755631 0.000005189 0.779239179
J:/ccrccrc: 0.000000000 0.502266383 0.497733617
J:/ccrccrf: 0.000000000 0.662024862 0.337975138
J:/ccrcfrc: 0.000000000 0.335827030 0.664172970
J:/ccrcfrf: 0.000000000 0.397694557 0.602305443
J:/ccrcrcc: 0.000000000 0.374738583 0.625261417
J:/ccrcrcf: 0.000000000 0.878007377 0.121992623
J:/ccrcrfc: 0.000000000 0.232972937 0.767027063
J:/ccrcrff: 0.000000000 0.071567805 0.928432195
J:/crc: 0.243431852 0.275714528 0.480853619
J:/crccrcc: 0.000000000 0.286987910 0.713012090
J:/crccrcf: 0.000000000 0.507103194 0.492896806
J:/crccrfc: 0.000000000 0.604675939 0.395324061
J:/crccrff: 0.000000000 0.000000358 0.999999642
J:/crf: 0.065855201 0.344973056 0.589171744
J:/crfcrc: 0.000000000 0.317418120 0.682581880
J:/crfcrf: 0.000000000 0.469860329 0.530139671
J:/crr: 0.000000000 0.000000000 1.000000000
J:/rcc: 0.264252667 0.399241674 0.336505658
J:/rcf: 0.003500205 0.991631891 0.004867904
J:/rcr: 0.000000000 0.421608227 0.578391773
J:/rfc: 0.045546355 0.000049549 0.954404096
J:/rff: 0.000000726 0.999999274 0.000000000
J:/rfr: 0.000000000 0.000000000 1.000000000
J:/rrc: 0.000000000 0.000000000 1.000000000
J:/rrf: 0.000000000 0.000000000 1.000000000
K:/ccc: 0.537589187 0.462410813 0.000000000
K:/cccrccr: 0.000000000 0.668924306 0.331075694
K:/cccrcfr: 0.000000000 0.540937100 0.459062900
K:/cccrcrc: 0.000000000 0.526920394 0.473079606
K:/cccrcrf: 0.000000000 0.765230438 0.234769562
K:/cccrfcr: 0.000000000 0.022616204 0.977383796
K:/cccrffr: 0.000000000 0.035024921 0.964975079
K:/cccrfrc: 0.000000000 0.400757393 0.599242607
K:/cccrfrf: 0.000000000 0.982050503 0.017949497
K:/cccrrcc: 0.000000000 0.366729882 0.633270118
K:/cccrrcf: 0.000000000 0.375543842 0.624456158
K:/cccrrfc: 0.000000000 0.588353187 0.411646813
K:/cccrrff: 0.000000000 0.779980223 0.220019777
K:/ccr: 0.527833983 0.000001526 0.472164491
K:/ccrccrc: 0.000000000 0.157814789 0.842185211
K:/ccrccrf: 0.000000000 0.466290659 0.533709341
K:/ccrcfrc: 0.000000000 0.210521521 0.789478479
K:/ccrcfrf: 0.000000000 0.142570731 0.857429269
K:/ccrcrcc: 0.000000000 0.552242889 0.447757111
K:/ccrcrcf: 0.000000000 0.753179113 0.246820887
K:/ccrcrfc: 0.000000000 0.186153331 0.813846669
K:/ccrcrff: 0.000000000 0.050722476 0.949277524
K:/crc: 0.239947859 0.505805362 0.254246779
K:/crccrcc: 0.000000000 0.120031897 0.879968103
K:/crccrcf: 0.000000000 0.302423413 0.697576587
K:/crccrfc: 0.000000000 0.418552478 0.581447522
K:/crccrff: 0.000000000 0.969001809 0.030998191
K:/crf: 0.584962142 0.194712073 0.220325785
K:/crfcrc: 0.000000000 0.701197463 0.298802537
K:/crfcrf: 0.000000000 0.299558519 0.700441481
K:/crr: 0.000000000 0.653170197 0.346829803
K:/rcc: 0.123432297 0.611265349 0.265302354
K:/rcf: 0.590928989 0.196144973 0.212926038
K:/rcr: 0.000000000 0.388777284 0.611222716
K:/rfc: 0.072150150 0.551841460 0.376008391
K:/rff: 0.206672711 0.793327289 0.000000000
K:/rfr: 0.000000000 0.455611207 0.544388793
K:/rrc: 0.000000000 0.000000000 1.000000000
K:/rrf: 0.000000000 0.308096292 0.691903708
Q:/ccc: 0.817011241 0.182988759 0.000000000
Q:/cccrccr: 0.000000000 0.013295068 0.986704932
Q:/cccrcfr: 0.000000000 0.143921599 0.856078401
Q:/cccrcrc: 0.000000000 0.573894097 0.426105903
Q:/cccrcrf: 0.000000000 0.268116992 0.731883008
Q:/cccrfcr: 0.000000000 0.822508853 0.177491147
Q:/cccrffr: 0.000000000 0.169668288 0.830331712
Q:/cccrfrc: 0.000000000 0.760298310 0.239701690
Q:/cccrfrf: 0.000000000 0.807964950 0.192035050
Q:/cccrrcc: 0.000000000 0.135545389 0.864454611
Q:/cccrrcf: 0.000000000 0.546249250 0.453750750
Q:/cccrrfc: 0.000000000 0.397412846 0.602587154
Q:/cccrrff: 0.000000000 0.815718266 0.184281734
Q:/ccr: 0.309877214 0.022364591 0.667758195
Q:/ccrccrc: 0.000000000 0.826389879 0.173610121
Q:/ccrccrf: 0.000000000 0.629748402 0.370251598
Q:/ccrcfrc: 0.000000000 0.061441333 0.938558667
Q:/ccrcfrf: 0.000000000 0.614193561 0.385806439
Q:/ccrcrcc: 0.000000000 0.113652065 0.886347935
Q:/ccrcrcf: 0.000000000 0.319293621 0.680706379
Q:/ccrcrfc: 0.000000000 0.677982284 0.322017716
Q:/ccrcrff: 0.000000000 0.560861032 0.439138968
Q:/crc: 0.000000000 0.000000000 1.000000000
Q:/crccrcc: 0.000000000 0.860912371 0.139087629
Q:/crccrcf: 0.000000000 0.526376593 0.473623407
Q:/crccrfc: 0.000000000 0.859246478 0.140753522
Q:/crccrff: 0.000000000 0.777600070 0.222399930
Q:/crf: 0.439869104 0.000493182 0.559637714
Q:/crfcrc: 0.000000000 0.393991000 0.606009000
Q:/crfcrf: 0.000000000 0.645165271 0.354834729
Q:/crr: 0.000000000 0.009564150 0.990435850
Q:/rcc: 0.255308700 0.457097154 0.287594146
Q:/rcf: 0.258742875 0.619541280 0.121715845
Q:/rcr: 0.000000000 0.593726343 0.406273657
Q:/rfc: 0.089661118 0.000013841 0.910325041
Q:/rff: 0.000000000 1.000000000 0.000000000
Q:/rfr: 0.000000000 0.000000000 1.000000000
Q:/rrc: 0.000000000 0.000000000 1.000000000
Q:/rrf: 0.000000000 0.000000000 1.000000000
T:/ccc: 0.358465053 0.641534947 0.000000000
T:/cccrccr: 0.000000000 0.528889289 0.471110711
T:/cccrcfr: 0.000000000 0.128160136 0.871839864
T:/cccrcrc: 0.000000000 0.539310349 0.460689651
T:/cccrcrf: 0.000000000 0.351335000 0.648665000
T:/cccrfcr: 0.000000000 0.659390832 0.340609168
T:/cccrffr: 0.000000000 0.755183865 0.244816135
T:/cccrfrc: 0.000000000 0.474431526 0.525568474
T:/cccrfrf: 0.000000000 0.617488139 0.382511861
T:/cccrrcc: 0.000000000 0.455129838 0.544870162
T:/cccrrcf: 0.000000000 0.623974265 0.376025735
T:/cccrrfc: 0.000000000 0.285988266 0.714011734
T:/cccrrff: 0.000000000 0.140105251 0.859894749
T:/ccr: 0.000000043 0.000008187 0.999991770
T:/ccrccrc: 0.000000000 0.487342186 0.512657814
T:/ccrccrf: 0.000000000 0.983542063 0.016457937
T:/ccrcfrc: 0.000000000 0.468941843 0.531058157
T:/ccrcfrf: 0.000000000 0.875284225 0.124715775
T:/ccrcrcc: 0.000000000 0.444478985 0.555521015
T:/ccrcrcf: 0.000000000 0.406572803 0.593427197
T:/ccrcrfc: 0.000000000 0.748382154 0.251617846
T:/ccrcrff: 0.000000000 0.394677722 0.605322278
T:/crc: 0.055366911 0.447140156 0.497492933
T:/crccrcc: 0.000000000 0.185348952 0.814651048
T:/crccrcf: 0.000000000 0.005246146 0.994753854
T:/crccrfc: 0.000000000 0.514816480 0.485183520
T:/crccrff: 0.000000000 0.718170133 0.281829867
T:/crf: 0.018786982 0.322916609 0.658296409
T:/crfcrc: 0.000000000 0.344354183 0.655645817
T:/crfcrf: 0.000000000 0.668504149 0.331495851
T:/crr: 0.000000000 0.000000000 1.000000000
T:/rcc: 0.032263972 0.276957551 0.690778477
T:/rcf: 0.000000000 0.475638235 0.524361765
T:/rcr: 0.000000000 0.162927184 0.837072816
T:/rfc: 0.006391183 0.000030826 0.993577992
T:/rff: 0.235878180 0.000000000 0.764121820
T:/rfr: 0.000000000 0.000000000 1.000000000
T:/rrc: 0.000000000 0.000000000 1.000000000
T:/rrf: 0.000000000 0.000000000 1.000000000
