2:/: 0.249819399 0.750180601 0.000000000
2:/ccr: 0.000000000 0.000000000 1.000000000
2:/ccrcrc: 0.067622367 0.455648219 0.476729414
2:/ccrcrf: 0.113948405 0.238999167 0.647052428
2:/ccrcrr: 0.000000000 0.317530974 0.682469026
2:/ccrrcr: 0.000000000 0.266126132 0.733873868
2:/ccrrfr: 0.000000000 0.371684526 0.628315474
2:/ccrrrc: 0.000000000 0.684396277 0.315603723
2:/ccrrrf: 0.000000000 0.340180856 0.659819144
2:/crc: 0.023343454 0.000000000 0.976656546
2:/crcrcr: 0.000000000 0.752925736 0.247074264
2:/crcrfr: 0.000000000 0.806734444 0.193265556
2:/crcrrc: 0.000000000 0.307891039 0.692108961
2:/crcrrf: 0.000000000 0.000000000 1.000000000
2:/crf: 0.000378905 0.000000000 0.999621095
2:/crfrr: 0.000000000 0.000000000 1.000000000
2:/crr: 0.211313475 0.322035245 0.466651280
2:/crrcrc: 0.000000000 0.854932681 0.145067319
2:/crrcrf: 0.000000000 0.351558300 0.648441700
2:/rcr: 0.823769335 0.176230665 0.000000000
2:/rcrcrc: 0.000000000 0.505660045 0.494339955
2:/rcrcrf: 0.000000000 0.784202346 0.215797654
2:/rfr: 0.084742235 0.343168353 0.572089412
2:/rrc: 0.000000000 0.446775704 0.553224296
2:/rrf: 0.000215917 0.000000000 0.999784083
2:/rrr: 0.000000000 0.345341576 0.654658424
3:/: 0.244179187 0.755820813 0.000000000
3:/ccr: 0.000000000 0.000000000 1.000000000
3:/ccrcrc: 0.347653439 0.360565273 0.291781289
3:/ccrcrf: 0.049374133 0.176706129 0.773919738
3:/ccrcrr: 0.000000000 0.371404487 0.628595513
3:/ccrrcr: 0.000000000 0.532043087 0.467956913
3:/ccrrfr: 0.000000000 0.345219337 0.654780663
3:/ccrrrc: 0.000000000 0.249013691 0.750986309
3:/ccrrrf: 0.000000000 0.372281965 0.627718035
3:/crc: 0.019182127 0.000000000 0.980817873
3:/crcrcr: 0.000000000 0.620035875 0.379964125
3:/crcrfr: 0.000000000 0.482933134 0.517066866
3:/crcrrc: 0.000000000 0.302764299 0.697235701
3:/crcrrf: 0.000000000 0.288958172 0.711041828
3:/crf: 0.000707753 0.000000000 0.999292247
3:/crfrr: 0.000000000 0.040932129 0.959067871
3:/crr: 0.049087944 0.249904510 0.701007546
3:/crrcrc: 0.000000000 0.348173214 0.651826786
3:/crrcrf: 0.000000000 0.213459631 0.786540369
3:/rcr: 0.471734066 0.528265934 0.000000000
3:/rcrcrc: 0.000000000 0.651200300 0.348799700
3:/rcrcrf: 0.000000000 0.460440272 0.539559728
3:/rfr: 0.315236372 0.202354958 0.482408670
3:/rrc: 0.000000000 0.089105280 0.910894720
3:/rrf: 0.000215917 0.000000000 0.999784083
3:/rrr: 0.000000000 0.483521270 0.516478730
4:/: 0.493235427 0.506764573 0.000000000
4:/ccr: 0.000000000 0.000000000 1.000000000
4:/ccrcrc: 0.000000000 0.087212963 0.912787037
4:/ccrcrf: 0.000000000 0.456497521 0.543502479
4:/ccrcrr: 0.000000000 0.127693126 0.872306874
4:/ccrrcr: 0.000000000 0.667494359 0.332505641
4:/ccrrfr: 0.000000000 0.602501649 0.397498351
4:/ccrrrc: 0.000000000 0.071938130 0.928061870
4:/ccrrrf: 0.000000000 0.560188849 0.439811151
4:/crc: 0.052023653 0.000000000 0.947976347
4:/crcrcr: 0.000000000 0.299303405 0.700696595
4:/crcrfr: 0.000000000 0.232182091 0.767817909
4:/crcrrc: 0.000000000 0.000000000 1.000000000
4:/crcrrf: 0.000000000 0.000000000 1.000000000
4:/crf: 0.000512029 0.000000000 0.999487971
4:/crfrr: 0.000000000 0.000000000 1.000000000
4:/crr: 0.199877484 0.182537967 0.617584548
4:/crrcrc: 0.000000000 0.280794890 0.719205110
4:/crrcrf: 0.000000000 0.125904859 0.874095141
4:/rcr: 0.963640988 0.036359012 0.000000000
4:/rcrcrc: 0.000000000 0.341460857 0.658539143
4:/rcrcrf: 0.000000000 0.386862158 0.613137842
4:/rfr: 0.347544410 0.316224679 0.336230912
4:/rrc: 0.000000000 0.457009387 0.542990613
4:/rrf: 0.000215917 0.000000000 0.999784083
4:/rrr: 0.000000000 0.295808587 0.704191413
5:/: 0.022360642 0.977639358 0.000000000
5:/ccr: 0.000000000 0.015299049 0.984700951
5:/ccrcrc: 0.000000000 0.331352124 0.668647876
5:/ccrcrf: 0.000000000 0.763457215 0.236542785
5:/ccrcrr: 0.000000000 0.001312218 0.998687782
5:/ccrrcr: 0.000000000 0.210812412 0.789187588
5:/ccrrfr: 0.000000000 0.440642463 0.559357537
5:/ccrrrc: 0.000000000 0.303164762 0.696835238
5:/ccrrrf: 0.000000000 0.383132868 0.616867132
5:/crc: 0.000313476 0.000000000 0.999686524
5:/crcrcr: 0.000000000 0.581316627 0.418683373
5:/crcrfr: 0.000000000 0.635425720 0.364574280
5:/crcrrc: 0.000000000 0.607862036 0.392137964
5:/crcrrf: 0.000000000 0.066620656 0.933379344
5:/crf: 0.015483860 0.190965264 0.793550876
5:/crfrr: 0.000000000 0.123267571 0.876732429
5:/crr: 0.175183688 0.066586277 0.758230035
5:/crrcrc: 0.000000000 0.478065239 0.521934761
5:/crrcrf: 0.000000000 0.717610890 0.282389110
5:/rcr: 0.790257613 0.189398963 0.020343425
5:/rcrcrc: 0.000000000 0.366375821 0.633624179
5:/rcrcrf: 0.000000000 0.671084913 0.328915087
5:/rfr: 0.482994363 0.252907118 0.264098519
5:/rrc: 0.000000000 0.394366351 0.605633649
5:/rrf: 0.000215917 0.000000000 0.999784083
5:/rrr: 0.000000000 0.760134021 0.239865979
6:/: 0.000008352 0.999991648 0.000000000
6:/ccr: 0.000000000 0.133799568 0.866200432
6:/ccrcrc: 0.000000000 0.149803431 0.850196569
6:/ccrcrf: 0.000000000 0.773974834 0.226025166
6:/ccrcrr: 0.000000000 0.000000000 1.000000000
6:/ccrrcr: 0.000000000 0.432521277 0.567478723
6:/ccrrfr: 0.000000000 0.420721331 0.579278669
6:/ccrrrc: 0.000000000 0.000000000 1.000000000
6:/ccrrrf: 0.000000000 0.453981412 0.546018588
6:/crc: 0.013564803 0.000000000 0.986435197
6:/crcrcr: 0.000000000 0.383692446 0.616307554
6:/crcrfr: 0.000000000 0.950470183 0.049529817
6:/crcrrc: 0.000000000 0.240935652 0.759064348
6:/crcrrf: 0.000000000 0.573409897 0.426590103
6:/crf: 0.017394802 0.237723243 0.744881956
6:/crfrr: 0.000000000 0.106733835 0.893266165
6:/crr: 0.205675052 0.365122293 0.429202655
6:/crrcrc: 0.000000000 0.532477152 0.467522848
6:/crrcrf: 0.000000000 0.813725905 0.186274095
6:/rcr: 0.605285200 0.394714800 0.000000000
6:/rcrcrc: 0.000000000 0.466219452 0.533780548
6:/rcrcrf: 0.000000000 0.583652359 0.416347641
6:/rfr: 0.179977053 0.228719612 0.591303335
6:/rrc: 0.000000000 0.056856224 0.943143776
6:/rrf: 0.000215917 0.000000000 0.999784083
6:/rrr: 0.000000000 0.245806670 0.754193330
7:/: 0.000000000 1.000000000 0.000000000
7:/ccr: 0.000000000 0.314078235 0.685921765
7:/ccrcrc: 0.000000000 0.415947090 0.584052910
7:/ccrcrf: 0.089615740 0.427502391 0.482881869
7:/ccrcrr: 0.000000000 0.000000000 1.000000000
7:/ccrrcr: 0.000000000 0.318726544 0.681273456
7:/ccrrfr: 0.000000000 0.400838596 0.599161404
7:/ccrrrc: 0.000000000 0.154723659 0.845276341
7:/ccrrrf: 0.000000000 0.842010362 0.157989638
7:/crc: 0.008072978 0.000000000 0.991927022
7:/crcrcr: 0.000000000 0.680914073 0.319085927
7:/crcrfr: 0.000000000 0.419671434 0.580328566
7:/crcrrc: 0.000000000 0.064964199 0.935035801
7:/crcrrf: 0.000000000 0.137535487 0.862464513
7:/crf: 0.000902146 0.444120920 0.554976933
7:/crfrr: 0.000000000 0.178648261 0.821351739
7:/crr: 0.400487734 0.164891446 0.434620820
7:/crrcrc: 0.000000000 0.619448632 0.380551368
7:/crrcrf: 0.000000000 0.841715296 0.158284704
7:/rcr: 0.487465171 0.286923240 0.225611590
7:/rcrcrc: 0.000000000 0.350472601 0.649527399
7:/rcrcrf: 0.000000000 0.333625072 0.666374928
7:/rfr: 0.065856957 0.456371010 0.477772033
7:/rrc: 0.000000000 0.270032163 0.729967837
7:/rrf: 0.000215917 0.000000000 0.999784083
7:/rrr: 0.000000000 0.165421303 0.834578697
8:/: 0.000000000 1.000000000 0.000000000
8:/ccr: 0.000000000 0.296618044 0.703381956
8:/ccrcrc: 0.000000000 0.695845317 0.304154683
8:/ccrcrf: 0.000000000 0.515705479 0.484294521
8:/ccrcrr: 0.000000000 0.077539630 0.922460370
8:/ccrrcr: 0.000000000 0.393524241 0.606475759
8:/ccrrfr: 0.000000000 0.518389313 0.481610687
8:/ccrrrc: 0.000000000 0.107791395 0.892208605
8:/ccrrrf: 0.000000000 0.467815578 0.532184422
8:/crc: 0.000278974 0.000000000 0.999721026
8:/crcrcr: 0.000000000 0.816629535 0.183370465
8:/crcrfr: 0.000000000 0.413923216 0.586076784
8:/crcrrc: 0.000000000 0.618692520 0.381307480
8:/crcrrf: 0.000000000 0.441362022 0.558637978
8:/crf: 0.085590254 0.320639738 0.593770008
8:/crfrr: 0.000000000 0.000000000 1.000000000
8:/crr: 0.000000000 0.470572268 0.529427732
8:/crrcrc: 0.000000000 0.894139193 0.105860807
8:/crrcrf: 0.000000000 0.176886404 0.823113596
8:/rcr: 0.607408400 0.230756177 0.161835423
8:/rcrcrc: 0.000000000 0.341033913 0.658966087
8:/rcrcrf: 0.000000000 0.834939147 0.165060853
8:/rfr: 0.437275444 0.357558325 0.205166232
8:/rrc: 0.000000000 0.242378359 0.757621641
8:/rrf: 0.000359861 0.012617015 0.987023124
8:/rrr: 0.000000000 0.380137944 0.619862056
9:/: 0.000000000 1.000000000 0.000000000
9:/ccr: 0.000000000 0.442285275 0.557714725
9:/ccrcrc: 0.009416047 0.166338991 0.824244962
9:/ccrcrf: 0.476634404 0.324214990 0.199150606
9:/ccrcrr: 0.000000000 0.363228966 0.636771034
9:/ccrrcr: 0.000000000 0.359637848 0.640362152
9:/ccrrfr: 0.000000000 0.597842817 0.402157183
9:/ccrrrc: 0.000000000 0.750419799 0.249580201
9:/ccrrrf: 0.000000000 0.369024260 0.630975740
9:/crc: 0.026184139 0.000000000 0.973815861
9:/crcrcr: 0.000000000 0.566864530 0.433135470
9:/crcrfr: 0.000000000 0.395131604 0.604868396
9:/crcrrc: 0.000000000 0.238761075 0.761238925
9:/crcrrf: 0.000000000 0.143352786 0.856647214
9:/crf: 0.000919973 0.699344135 0.299735892
9:/crfrr: 0.000000000 0.525204311 0.474795689
9:/crr: 0.063084086 0.494079418 0.442836496
9:/crrcrc: 0.000000000 0.665333964 0.334666036
9:/crrcrf: 0.000000000 0.811491447 0.188508553
9:/rcr: 0.303591176 0.019180518 0.677228306
9:/rcrcrc: 0.000000000 0.557867645 0.442132355
9:/rcrcrf: 0.000000000 0.496526924 0.503473076
9:/rfr: 0.152615569 0.716147435 0.131236997
9:/rrc: 0.000000000 0.026156576 0.973843424
9:/rrf: 0.000359861 0.268611237 0.731028902
9:/rrr: 0.000000000 0.429895058 0.570104942
A:/: 0.406277582 0.593722418 0.000000000
A:/ccr: 0.214725058 0.785274942 0.000000000
A:/ccrcrc: 0.554686287 0.445313713 0.000000000
A:/ccrcrf: 0.786697848 0.213302152 0.000000000
A:/ccrcrr: 0.000000000 0.723973096 0.276026904
A:/ccrrcr: 0.000000000 0.873905012 0.126094988
A:/ccrrfr: 0.000000000 0.914631705 0.085368295
A:/ccrrrc: 0.000000000 1.000000000 0.000000000
A:/ccrrrf: 0.000000000 0.938127111 0.061872889
A:/crc: 1.000000000 0.000000000 0.000000000
A:/crcrcr: 0.000000000 1.000000000 0.000000000
A:/crcrfr: 0.000000000 0.690353597 0.309646403
A:/crcrrc: 0.000000000 0.916385213 0.083614787
A:/crcrrf: 0.000000000 1.000000000 0.000000000
A:/crf: 1.000000000 0.000000000 0.000000000
A:/crfrr: 0.000000000 1.000000000 0.000000000
A:/crr: 0.448157688 0.551842312 0.000000000
A:/crrcrc: 0.000000000 0.559312583 0.440687417
A:/crrcrf: 0.000000000 0.625526053 0.374473947
A:/rcr: 0.697702328 0.302297672 0.000000000
A:/rcrcrc: 0.000000000 1.000000000 0.000000000
A:/rcrcrf: 0.000000000 0.915186703 0.084813297
A:/rfr: 0.263715909 0.457467258 0.278816833
A:/rrc: 0.456918228 0.543081772 0.000000000
A:/rrf: 0.592380888 0.407619112 0.000000000
A:/rrr: 0.000000000 1.000000000 0.000000000
J:/: 0.000000000 1.000000000 0.000000000
J:/ccr: 0.350895213 0.511466336 0.137638451
J:/ccrcrc: 0.183378924 0.602974122 0.213646954
J:/ccrcrf: 0.500262794 0.123711137 0.376026069
J:/ccrcrr: 0.000000000 0.873409574 0.126590426
J:/ccrrcr: 0.000000000 0.549291897 0.450708103
J:/ccrrfr: 0.000000000 0.534526755 0.465473245
J:/ccrrrc: 0.000000000 0.449450012 0.550549988
J:/ccrrrf: 0.000000000 0.910431033 0.089568967
J:/crc: 0.000218014 0.073399347 0.926382639
J:/crcrcr: 0.000000000 0.361703739 0.638296261
J:/crcrfr: 0.000000000 0.198710801 0.801289199
J:/crcrrc: 0.000000000 0.422293469 0.577706531
J:/crcrrf: 0.000000000 0.367956920 0.632043080
J:/crf: 0.000691265 0.904928202 0.094380533
J:/crfrr: 0.000000000 0.639929059 0.360070941
J:/crr: 0.543252748 0.150533214 0.306214037
J:/crrcrc: 0.000000000 0.224777532 0.775222468
J:/crrcrf: 0.000000000 0.483945638 0.516054362
J:/rcr: 0.728890952 0.230331266 0.040777782
J:/rcrcrc: 0.000000000 0.747422328 0.252577672
J:/rcrcrf: 0.000000000 0.512628793 0.487371207
J:/rfr: 0.424028043 0.473435543 0.102536414
J:/rrc: 0.000000000 0.484523347 0.515476653
J:/rrf: 0.000374351 0.795456571 0.204169078
J:/rrr: 0.000000000 0.210909638 0.789090362
K:/: 0.900079464 0.099920536 0.000000000
K:/ccr: 0.008408657 0.991559116 0.000032228
K:/ccrcrc: 0.596451597 0.308837272 0.094711131
K:/ccrcrf: 0.600570640 0.315992795 0.083436565
K:/ccrcrr: 0.000000000 0.683784051 0.316215949
K:/ccrrcr: 0.000000000 0.283176757 0.716823243
K:/ccrrfr: 0.000000000 0.103467912 0.896532088
K:/ccrrrc: 0.000000000 0.833528907 0.166471093
K:/ccrrrf: 0.000000000 0.679645233 0.320354767
K:/crc: 0.000000017 0.999999983 0.000000000
K:/crcrcr: 0.000000000 0.648993919 0.351006081
K:/crcrfr: 0.000000000 0.596753804 0.403246196
K:/crcrrc: 0.000000000 0.214479080 0.785520920
K:/crcrrf: 0.000000000 0.227493225 0.772506775
K:/crf: 0.605640355 0.394359645 0.000000000
K:/crfrr: 0.000000000 0.661540816 0.338459184
K:/crr: 0.415239791 0.170542103 0.414218105
K:/crrcrc: 0.000000000 0.583692230 0.416307770
K:/crrcrf: 0.000000000 0.465777557 0.534222443
K:/rcr: 0.802863611 0.197136389 0.000000000
K:/rcrcrc: 0.000000000 0.823794346 0.176205654
K:/rcrcrf: 0.000000000 0.800494322 0.199505678
K:/rfr: 0.176530745 0.264384282 0.559084974
K:/rrc: 0.429884511 0.403290008 0.166825481
K:/rrf: 0.000385131 0.875976684 0.123638184
K:/rrr: 0.000000000 0.722153818 0.277846182
Q:/: 0.516253485 0.483746515 0.000000000
Q:/ccr: 0.072070624 0.927910333 0.000019043
Q:/ccrcrc: 0.759860894 0.122339232 0.117799874
Q:/ccrcrf: 0.398391391 0.284676199 0.316932410
Q:/ccrcrr: 0.000000000 0.536539422 0.463460578
Q:/ccrrcr: 0.000000000 0.487715160 0.512284840
Q:/ccrrfr: 0.000000000 0.537373966 0.462626034
Q:/ccrrrc: 0.000000000 0.896767857 0.103232143
Q:/ccrrrf: 0.000000000 0.742889188 0.257110812
Q:/crc: 0.000000000 0.968272943 0.031727057
Q:/crcrcr: 0.000000000 0.439453298 0.560546702
Q:/crcrfr: 0.000000000 0.779090054 0.220909946
Q:/crcrrc: 0.000000000 0.345734043 0.654265957
Q:/crcrrf: 0.000000000 0.872882034 0.127117966
Q:/crf: 0.000000000 1.000000000 0.000000000
Q:/crfrr: 0.000000000 0.627315363 0.372684637
Q:/crr: 0.428190670 0.032953918 0.538855411
Q:/crrcrc: 0.000000000 0.289190583 0.710809417
Q:/crrcrf: 0.000000000 0.786999249 0.213000751
Q:/rcr: 0.637959172 0.362040828 0.000000000
Q:/rcrcrc: 0.000000000 0.900859579 0.099140421
Q:/rcrcrf: 0.000000000 0.820588633 0.179411367
Q:/rfr: 0.375681845 0.118095934 0.506222221
Q:/rrc: 0.000000000 0.280157366 0.719842634
Q:/rrf: 0.000371139 0.864215397 0.135413464
Q:/rrr: 0.000000000 0.834579360 0.165420640
T:/: 0.000000000 1.000000000 0.000000000
T:/ccr: 0.000000000 0.311186994 0.688813006
T:/ccrcrc: 0.129177584 0.559794139 0.311028276
T:/ccrcrf: 0.639473490 0.140353061 0.220173448
T:/ccrcrr: 0.000000000 0.194119767 0.805880233
T:/ccrrcr: 0.000000000 0.231416714 0.768583286
T:/ccrrfr: 0.000000000 0.590480010 0.409519990
T:/ccrrrc: 0.000000000 0.074387832 0.925612168
T:/ccrrrf: 0.000000000 0.947145949 0.052854051
T:/crc: 0.000211030 0.000000000 0.999788970
T:/crcrcr: 0.000000000 0.465155621 0.534844379
T:/crcrfr: 0.000000000 0.465231613 0.534768387
T:/crcrrc: 0.000000000 0.521366307 0.478633693
T:/crcrrf: 0.000000000 0.676561484 0.323438516
T:/crf: 0.004361795 0.611777511 0.383860694
T:/crfrr: 0.000000000 0.282835812 0.717164188
T:/crr: 0.506702900 0.000000000 0.493297100
T:/crrcrc: 0.000000000 0.806395364 0.193604636
T:/crrcrf: 0.000000000 0.700780282 0.299219718
T:/rcr: 0.475085754 0.096312234 0.428602013
T:/rcrcrc: 0.000000000 0.520625613 0.479374387
T:/rcrcrf: 0.000000000 0.185236327 0.814763673
T:/rfr: 0.235517454 0.359523459 0.404959087
T:/rrc: 0.000000000 0.841120411 0.158879589
T:/rrf: 0.000359861 0.435611111 0.564029028
T:/rrr: 0.000000000 0.041117938 0.958882062
