2:/cc: 0.515595616 0.484404384 0.000000000
2:/ccrcr: 0.000000000 0.352435215 0.647564785
2:/ccrcrcrc: 0.000000000 0.685234250 0.314765750
2:/ccrcrcrf: 0.000000000 0.480184686 0.519815314
2:/ccrfr: 0.117962086 0.073034657 0.809003257
2:/ccrrc: 0.053918097 0.446340957 0.499740946
2:/ccrrf: 0.422614642 0.278818529 0.298566829
2:/ccrrr: 0.000000000 0.347922842 0.652077158
2:/cr: 0.000369285 0.000000000 0.999630715
2:/crcrc: 0.497388289 0.091112111 0.411499600
2:/crcrf: 0.294692853 0.432432516 0.272874631
2:/crcrr: 0.000000000 0.136380987 0.863619013
2:/crrcr: 0.000000000 0.000000000 1.000000000
2:/crrfr: 0.000000000 0.097420405 0.902579595
2:/crrrc: 0.000000000 0.400168483 0.599831517
2:/crrrf: 0.000000000 0.036367046 0.963632954
2:/rc: 0.067453564 0.000000000 0.932546436
2:/rcrcr: 0.000000000 0.496276179 0.503723821
2:/rcrfr: 0.000000000 0.568463871 0.431536129
2:/rcrrc: 0.000000000 0.264120716 0.735879284
2:/rcrrf: 0.000000000 0.350486377 0.649513623
2:/rf: 0.101563962 0.588880274 0.309555764
2:/rfrr: 0.000000000 0.308719868 0.691280132
2:/rr: 0.000000000 0.000000000 1.000000000
2:/rrcrc: 0.000000000 0.451999177 0.548000823
2:/rrcrf: 0.000000000 0.161438467 0.838561533
3:/cc: 0.364785832 0.635214168 0.000000000
3:/ccrcr: 0.000000000 0.692183618 0.307816382
3:/ccrcrcrc: 0.000000000 0.431021628 0.568978372
3:/ccrcrcrf: 0.000000000 0.471772279 0.528227721
3:/ccrfr: 0.007659005 0.114620812 0.877720183
3:/ccrrc: 0.129152171 0.398378754 0.472469075
3:/ccrrf: 0.326627499 0.414625390 0.258747111
3:/ccrrr: 0.000000000 0.498138297 0.501861703
3:/cr: 0.000548730 0.000000000 0.999451270
3:/crcrc: 0.390219831 0.066380218 0.543399952
3:/crcrf: 0.369723322 0.276311338 0.353965339
3:/crcrr: 0.000000000 0.541962300 0.458037700
3:/crrcr: 0.000000000 0.000000000 1.000000000
3:/crrfr: 0.000000000 0.414591089 0.585408911
3:/crrrc: 0.000000000 0.027760405 0.972239595
3:/crrrf: 0.000000000 0.805287772 0.194712228
3:/rc: 0.080380959 0.000000000 0.919619041
3:/rcrcr: 0.000000000 0.819085593 0.180914407
3:/rcrfr: 0.000000000 0.318170760 0.681829240
3:/rcrrc: 0.000000000 0.140239613 0.859760387
3:/rcrrf: 0.000000000 0.458454804 0.541545196
3:/rf: 0.530019978 0.202516214 0.267463807
3:/rfrr: 0.000000000 0.508785624 0.491214376
3:/rr: 0.000000000 0.000000000 1.000000000
3:/rrcrc: 0.000000000 0.915978852 0.084021148
3:/rrcrf: 0.000000000 0.164540679 0.835459321
4:/cc: 0.163272058 0.836727942 0.000000000
4:/ccrcr: 0.000000000 0.678193474 0.321806526
4:/ccrcrcrc: 0.000000000 0.557824804 0.442175196
4:/ccrcrcrf: 0.000000000 0.101382655 0.898617345
4:/ccrfr: 0.271671827 0.029948743 0.698379430
4:/ccrrc: 0.409402243 0.081194132 0.509403625
4:/ccrrf: 0.314468514 0.432982330 0.252549156
4:/ccrrr: 0.000000000 0.876293275 0.123706725
4:/cr: 0.000361886 0.000000000 0.999638114
4:/crcrc: 0.183499654 0.217681551 0.598818795
4:/crcrf: 0.435718717 0.461798413 0.102482870
4:/crcrr: 0.000000000 0.868459406 0.131540594
4:/crrcr: 0.000000000 0.423793618 0.576206382
4:/crrfr: 0.000000000 0.195545438 0.804454562
4:/crrrc: 0.000000000 0.359223608 0.640776392
4:/crrrf: 0.000000000 0.430776064 0.569223936
4:/rc: 0.000049333 0.000000000 0.999950667
4:/rcrcr: 0.000000000 0.263095356 0.736904644
4:/rcrfr: 0.000000000 0.178219379 0.821780621
4:/rcrrc: 0.000000000 0.681972894 0.318027106
4:/rcrrf: 0.000000000 0.542921711 0.457078289
4:/rf: 0.532977879 0.136950082 0.330072038
4:/rfrr: 0.000000000 0.558296443 0.441703557
4:/rr: 0.000000000 0.000000000 1.000000000
4:/rrcrc: 0.000000000 0.401703643 0.598296357
4:/rrcrf: 0.000000000 0.427723538 0.572276462
5:/cc: 0.000000000 1.000000000 0.000000000
5:/ccrcr: 0.000000000 0.370406967 0.629593033
5:/ccrcrcrc: 0.000000000 0.823019468 0.176980532
5:/ccrcrcrf: 0.000000000 0.512423092 0.487576908
5:/ccrfr: 0.117388333 0.345757183 0.536854485
5:/ccrrc: 0.244878937 0.218884390 0.536236674
5:/ccrrf: 0.356043373 0.532202861 0.111753766
5:/ccrrr: 0.000000000 0.604713942 0.395286058
5:/cr: 0.000517756 0.171258644 0.828223600
5:/crcrc: 0.804839187 0.124455240 0.070705573
5:/crcrf: 0.401037601 0.463576727 0.135385672
5:/crcrr: 0.000000000 0.354507015 0.645492985
5:/crrcr: 0.000000000 0.000000000 1.000000000
5:/crrfr: 0.000000000 0.546217008 0.453782992
5:/crrrc: 0.000000000 0.325136447 0.674863553
5:/crrrf: 0.000000000 0.217875930 0.782124070
5:/rc: 0.066489909 0.000000000 0.933510091
5:/rcrcr: 0.000000000 0.024456991 0.975543009
5:/rcrfr: 0.000000000 0.676276475 0.323723525
5:/rcrrc: 0.000000000 0.331766132 0.668233868
5:/rcrrf: 0.000000000 0.414405952 0.585594048
5:/rf: 0.428759971 0.114027625 0.457212404
5:/rfrr: 0.000000000 0.638648809 0.361351191
5:/rr: 0.000000000 0.000000000 1.000000000
5:/rrcrc: 0.000000000 0.293627193 0.706372807
5:/rrcrf: 0.000000000 0.300664577 0.699335423
6:/cc: 0.000000000 1.000000000 0.000000000
6:/ccrcr: 0.000000000 0.414494907 0.585505093
6:/ccrcrcrc: 0.000000000 0.171564082 0.828435918
6:/ccrcrcrf: 0.000000000 0.157602473 0.842397527
6:/ccrfr: 0.258500138 0.244339313 0.497160548
6:/ccrrc: 0.000000000 0.313839335 0.686160665
6:/ccrrf: 0.354611979 0.329453008 0.315935013
6:/ccrrr: 0.000000000 0.619780220 0.380219780
6:/cr: 0.000561498 0.028769093 0.970669409
6:/crcrc: 0.187483614 0.330656028 0.481860358
6:/crcrf: 0.000563436 0.391914512 0.607522052
6:/crcrr: 0.000000000 0.375362956 0.624637044
6:/crrcr: 0.000000000 0.220884090 0.779115910
6:/crrfr: 0.000000000 0.656908799 0.343091201
6:/crrrc: 0.000000000 0.539950103 0.460049897
6:/crrrf: 0.000000000 0.747680161 0.252319839
6:/rc: 0.079853267 0.000000000 0.920146733
6:/rcrcr: 0.000000000 0.783640326 0.216359674
6:/rcrfr: 0.000000000 0.450145893 0.549854107
6:/rcrrc: 0.000000000 0.465014929 0.534985071
6:/rcrrf: 0.000000000 0.827612196 0.172387804
6:/rf: 0.065444634 0.625247378 0.309307988
6:/rfrr: 0.000000000 0.902371017 0.097628983
6:/rr: 0.000000000 0.000000000 1.000000000
6:/rrcrc: 0.000000000 0.528312701 0.471687299
6:/rrcrf: 0.000000000 0.346331862 0.653668138
7:/cc: 0.000000000 1.000000000 0.000000000
7:/ccrcr: 0.282643071 0.267852348 0.449504581
7:/ccrcrcrc: 0.000000000 0.655876089 0.344123911
7:/ccrcrcrf: 0.000000000 0.301653173 0.698346827
7:/ccrfr: 0.001617471 0.502951774 0.495430756
7:/ccrrc: 0.000000000 0.428649802 0.571350198
7:/ccrrf: 0.576611405 0.387875228 0.035513367
7:/ccrrr: 0.000000000 0.410454070 0.589545930
7:/cr: 0.000521611 0.161143772 0.838334618
7:/crcrc: 0.359664931 0.406934853 0.233400216
7:/crcrf: 0.459598197 0.470817458 0.069584345
7:/crcrr: 0.000000000 0.383708075 0.616291925
7:/crrcr: 0.000000000 0.000000000 1.000000000
7:/crrfr: 0.000000000 0.416056363 0.583943637
7:/crrrc: 0.000000000 0.000000000 1.000000000
7:/crrrf: 0.000000000 0.349157929 0.650842071
7:/rc: 0.200248197 0.058596952 0.741154852
7:/rcrcr: 0.000000000 0.457284916 0.542715084
7:/rcrfr: 0.000000000 0.472185694 0.527814306
7:/rcrrc: 0.000000000 0.371811608 0.628188392
7:/rcrrf: 0.000000000 0.454012787 0.545987213
7:/rf: 0.460009387 0.191318999 0.348671614
7:/rfrr: 0.000000000 0.669600103 0.330399897
7:/rr: 0.000000000 0.000000000 1.000000000
7:/rrcrc: 0.000000000 0.561807779 0.438192221
7:/rrcrf: 0.000000000 0.686273184 0.313726816
8:/cc: 0.000000000 1.000000000 0.000000000
8:/ccrcr: 0.403461200 0.096275085 0.500263715
8:/ccrcrcrc: 0.000000000 0.468291531 0.531708469
8:/ccrcrcrf: 0.000000000 0.469067566 0.530932434
8:/ccrfr: 0.000333896 0.229752679 0.769913426
8:/ccrrc: 0.040230190 0.688261115 0.271508695
8:/ccrrf: 0.374276609 0.259574838 0.366148554
8:/ccrrr: 0.000000000 0.626813331 0.373186669
8:/cr: 0.095340374 0.240123251 0.664536376
8:/crcrc: 0.309250187 0.302528870 0.388220943
8:/crcrf: 0.062043549 0.427203489 0.510752962
8:/crcrr: 0.000000000 0.476282156 0.523717844
8:/crrcr: 0.000000000 0.534031197 0.465968803
8:/crrfr: 0.000000000 0.335798377 0.664201623
8:/crrrc: 0.000000000 0.369990228 0.630009772
8:/crrrf: 0.000000000 0.598456808 0.401543192
8:/rc: 0.182620750 0.000000000 0.817379250
8:/rcrcr: 0.000000000 0.660420199 0.339579801
8:/rcrfr: 0.000000000 0.341834380 0.658165620
8:/rcrrc: 0.000000000 0.000000000 1.000000000
8:/rcrrf: 0.000000000 0.908936809 0.091063191
8:/rf: 0.500293212 0.398831732 0.100875056
8:/rfrr: 0.000000000 0.789296934 0.210703066
8:/rr: 0.000000000 0.000000000 1.000000000
8:/rrcrc: 0.000000000 0.083254220 0.916745780
8:/rrcrf: 0.000000000 0.040384708 0.959615292
9:/cc: 0.000000990 0.999999010 0.000000000
9:/ccrcr: 0.267547159 0.013923322 0.718529518
9:/ccrcrcrc: 0.000000000 0.358682164 0.641317836
9:/ccrcrcrf: 0.000000000 0.398761675 0.601238325
9:/ccrfr: 0.141255308 0.150002898 0.708741794
9:/ccrrc: 0.506783042 0.182086158 0.311130800
9:/ccrrf: 0.433754790 0.377719632 0.188525578
9:/ccrrr: 0.000000000 0.815101960 0.184898040
9:/cr: 0.091680602 0.413649001 0.494670397
9:/crcrc: 0.183511527 0.404931180 0.411557293
9:/crcrf: 0.409684001 0.331264306 0.259051693
9:/crcrr: 0.000000000 0.218393003 0.781606997
9:/crrcr: 0.000000000 0.232403998 0.767596002
9:/crrfr: 0.000000000 0.182483610 0.817516390
9:/crrrc: 0.000000000 0.222179038 0.777820962
9:/crrrf: 0.000000000 0.501511032 0.498488968
9:/rc: 0.216106503 0.083515035 0.700378462
9:/rcrcr: 0.000000000 0.653709235 0.346290765
9:/rcrfr: 0.000000000 0.338582020 0.661417980
9:/rcrrc: 0.000000000 0.000000000 1.000000000
9:/rcrrf: 0.000000000 0.084501651 0.915498349
9:/rf: 0.147136874 0.306375175 0.546487951
9:/rfrr: 0.000000000 0.208074406 0.791925594
9:/rr: 0.000000000 0.000000000 1.000000000
9:/rrcrc: 0.000000000 0.214670992 0.785329008
9:/rrcrf: 0.000000000 0.405277695 0.594722305
A:/cc: 1.000000000 0.000000000 0.000000000
A:/ccrcr: 0.596042351 0.403957649 0.000000000
A:/ccrcrcrc: 0.000000000 0.743988463 0.256011537
A:/ccrcrcrf: 0.000000000 0.331583341 0.668416659
A:/ccrfr: 0.791158435 0.208841565 0.000000000
A:/ccrrc: 0.455196135 0.172867113 0.371936752
A:/ccrrf: 0.356322123 0.602346042 0.041331835
A:/ccrrr: 0.000000000 0.432336376 0.567663624
A:/cr: 1.000000000 0.000000000 0.000000000
A:/crcrc: 0.536070598 0.233327512 0.230601890
A:/crcrf: 0.083194536 0.802553654 0.114251810
A:/crcrr: 0.000000000 0.961397987 0.038602013
A:/crrcr: 0.000000000 0.927691041 0.072308959
A:/crrfr: 0.000000000 1.000000000 0.000000000
A:/crrrc: 0.000000000 0.995119632 0.004880368
A:/crrrf: 0.000000000 0.522324300 0.477675700
A:/rc: 1.000000000 0.000000000 0.000000000
A:/rcrcr: 0.000000000 1.000000000 0.000000000
A:/rcrfr: 0.000000000 1.000000000 0.000000000
A:/rcrrc: 0.000000000 1.000000000 0.000000000
A:/rcrrf: 0.000000000 0.508283710 0.491716290
A:/rf: 0.345930646 0.547410463 0.106658891
A:/rfrr: 0.000000000 0.886652361 0.113347639
A:/rr: 0.700078921 0.299921079 0.000000000
A:/rrcrc: 0.000000000 0.701589846 0.298410154
A:/rrcrf: 0.000000000 0.504280010 0.495719990
J:/cc: 0.687874856 0.312125144 0.000000000
J:/ccrcr: 0.255417140 0.192949783 0.551633077
J:/ccrcrcrc: 0.000000000 0.239826011 0.760173989
J:/ccrcrcrf: 0.000000000 0.802661565 0.197338435
J:/ccrfr: 0.071859246 0.530699986 0.397440768
J:/ccrrc: 0.467141934 0.437943214 0.094914853
J:/ccrrf: 0.063930757 0.553949274 0.382119969
J:/ccrrr: 0.000000000 0.708195808 0.291804192
J:/cr: 0.000526449 0.878602245 0.120871306
J:/crcrc: 0.225901771 0.462261940 0.311836289
J:/crcrf: 0.283551431 0.422561868 0.293886700
J:/crcrr: 0.000000000 0.637111996 0.362888004
J:/crrcr: 0.000000000 0.189660682 0.810339318
J:/crrfr: 0.000000000 0.243755620 0.756244380
J:/crrrc: 0.000000000 0.366294681 0.633705319
J:/crrrf: 0.000000000 0.225483226 0.774516774
J:/rc: 0.000000000 1.000000000 0.000000000
J:/rcrcr: 0.000000000 0.650168582 0.349831418
J:/rcrfr: 0.000000000 0.707940915 0.292059085
J:/rcrrc: 0.000000000 0.297403084 0.702596916
J:/rcrrf: 0.000000000 0.021820311 0.978179689
J:/rf: 0.159115864 0.432916687 0.407967449
J:/rfrr: 0.000000000 0.493557421 0.506442579
J:/rr: 0.000000000 0.387812946 0.612187054
J:/rrcrc: 0.000000000 0.455158982 0.544841018
J:/rrcrf: 0.000000000 0.708893361 0.291106639
K:/cc: 1.000000000 0.000000000 0.000000000
K:/ccrcr: 0.346937170 0.380027133 0.273035697
K:/ccrcrcrc: 0.000000000 0.702753629 0.297246371
K:/ccrcrcrf: 0.000000000 0.596328353 0.403671647
K:/ccrfr: 0.239819827 0.537956506 0.222223667
K:/ccrrc: 0.659817626 0.170048369 0.170134005
K:/ccrrf: 0.241778904 0.458584251 0.299636844
K:/ccrrr: 0.000000000 0.947338789 0.052661211
K:/cr: 0.000028801 0.999971199 0.000000000
K:/crcrc: 0.273541772 0.411290807 0.315167421
K:/crcrf: 0.338356570 0.316309791 0.345333639
K:/crcrr: 0.000000000 0.571097930 0.428902070
K:/crrcr: 0.000000000 0.856404796 0.143595204
K:/crrfr: 0.000000000 0.757114547 0.242885453
K:/crrrc: 0.000000000 0.873013544 0.126986456
K:/crrrf: 0.000000000 0.511099694 0.488900306
K:/rc: 0.435597866 0.564402134 0.000000000
K:/rcrcr: 0.000000000 0.735540515 0.264459485
K:/rcrfr: 0.000000000 0.725728717 0.274271283
K:/rcrrc: 0.000000000 1.000000000 0.000000000
K:/rcrrf: 0.000000000 0.559241536 0.440758464
K:/rf: 0.100690392 0.314741426 0.584568182
K:/rfrr: 0.000000000 0.379140621 0.620859379
K:/rr: 0.000000000 0.676451205 0.323548795
K:/rrcrc: 0.000000000 0.762871205 0.237128795
K:/rrcrf: 0.000000000 0.265729638 0.734270362
Q:/cc: 1.000000000 0.000000000 0.000000000
Q:/ccrcr: 0.554982936 0.272080597 0.172936467
Q:/ccrcrcrc: 0.000000000 0.488027699 0.511972301
Q:/ccrcrcrf: 0.000000000 0.059478202 0.940521798
Q:/ccrfr: 0.000029984 0.797389806 0.202580210
Q:/ccrrc: 0.257710380 0.742289620 0.000000000
Q:/ccrrf: 0.534054480 0.049846643 0.416098877
Q:/ccrrr: 0.000000000 0.951451751 0.048548249
Q:/cr: 0.000000000 1.000000000 0.000000000
Q:/crcrc: 0.772587525 0.076138088 0.151274388
Q:/crcrf: 0.294541489 0.423783474 0.281675037
Q:/crcrr: 0.000000000 0.744406194 0.255593806
Q:/crrcr: 0.000000000 0.856656841 0.143343159
Q:/crrfr: 0.000000000 0.419727155 0.580272845
Q:/crrrc: 0.000000000 0.677065449 0.322934551
Q:/crrrf: 0.000000000 0.268359918 0.731640082
Q:/rc: 0.144218230 0.855781770 0.000000000
Q:/rcrcr: 0.000000000 0.889363306 0.110636694
Q:/rcrfr: 0.000000000 0.989042796 0.010957204
Q:/rcrrc: 0.000000000 0.888898952 0.111101048
Q:/rcrrf: 0.000000000 0.099842482 0.900157518
Q:/rf: 0.307288493 0.402262212 0.290449295
Q:/rfrr: 0.000000000 0.383457308 0.616542692
Q:/rr: 0.000006753 0.301840686 0.698152562
Q:/rrcrc: 0.000000000 0.663040940 0.336959060
Q:/rrcrf: 0.000000000 0.234137095 0.765862905
T:/cc: 0.000045042 0.999954958 0.000000000
T:/ccrcr: 0.106518947 0.184536454 0.708944600
T:/ccrcrcrc: 0.000000000 0.521209194 0.478790806
T:/ccrcrcrf: 0.000000000 0.251458543 0.748541457
T:/ccrfr: 0.000000000 0.477155696 0.522844304
T:/ccrrc: 0.192142748 0.625851478 0.182005774
T:/ccrrf: 0.425646220 0.366439454 0.207914326
T:/ccrrr: 0.000000000 0.683145963 0.316854037
T:/cr: 0.000495172 0.618879682 0.380625146
T:/crcrc: 0.355800911 0.482702044 0.161497044
T:/crcrf: 0.307406291 0.414917829 0.277675880
T:/crcrr: 0.000000000 0.813770050 0.186229950
T:/crrcr: 0.000000000 0.793515731 0.206484269
T:/crrfr: 0.000000000 0.138630364 0.861369636
T:/crrrc: 0.000000000 0.390556952 0.609443048
T:/crrrf: 0.000000000 0.398718666 0.601281334
T:/rc: 0.000022547 0.191075106 0.808902347
T:/rcrcr: 0.000000000 0.809043639 0.190956361
T:/rcrfr: 0.000000000 0.587802972 0.412197028
T:/rcrrc: 0.000000000 0.653638421 0.346361579
T:/rcrrf: 0.000000000 0.532674091 0.467325909
T:/rf: 0.467062691 0.338755320 0.194181989
T:/rfrr: 0.000000000 0.218434351 0.781565649
T:/rr: 0.000000000 0.000000000 1.000000000
T:/rrcrc: 0.000000000 0.731937637 0.268062363
T:/rrcrf: 0.000000000 0.826728565 0.173271435
