A:/: 1.000000000 0.000000000 0.000000000
A:/ccr: 0.000000000 1.000000000 0.000000000
A:/crc: 0.000000000 0.999886572 0.000113428
A:/crf: 0.000000000 1.000000000 0.000000000
AA:/ccc/: 0.525689057 0.474310943 0.000000000
AA:/ccc/ccr: 0.000000000 1.000000000 0.000000000
AA:/ccc/crc: 0.000000000 1.000000000 0.000000000
AA:/ccc/crf: 0.000000000 0.391149757 0.608850243
AA:/ccrcc/: 0.638847411 0.361152589 0.000000000
AA:/ccrcc/ccr: 0.000000000 0.635168170 0.364831830
AA:/ccrcc/crc: 0.000000000 0.873302856 0.126697144
AA:/ccrcc/crf: 0.000000000 0.730621593 0.269378407
AA:/ccrcf/: 0.138834638 0.861165362 0.000000000
AA:/ccrcf/cr: 0.000000000 0.393714243 0.606285757
AA:/crcc/: 0.718884485 0.281115515 0.000000000
AA:/crcc/ccr: 0.000000000 0.854180749 0.145819251
AA:/crcc/crc: 0.000000000 0.468283973 0.531716027
AA:/crcc/crf: 0.000000000 0.104152515 0.895847485
AA:/crfc/: 0.949261408 0.050738592 0.000000000
AA:/crfc/cr: 0.000000000 0.999981377 0.000018623
AA:/rcc/: 0.999917576 0.000082424 0.000000000
AA:/rcc/ccr: 0.000000000 1.000000000 0.000000000
AA:/rcc/crc: 0.000000000 1.000000000 0.000000000
AA:/rcc/crf: 0.000000000 1.000000000 0.000000000
AA:/rcf/: 0.202228425 0.797771575 0.000000000
AA:/rcf/cr: 0.000000000 1.000000000 0.000000000
AA:/rfc/: 0.455419237 0.544580763 0.000000000
AA:/rfc/cr: 0.000000000 0.641164522 0.358835478
AJ:/ccc/: 0.543948605 0.456051395 0.000000000
AJ:/ccc/ccr: 0.000000000 0.818011944 0.181988056
AJ:/ccc/crc: 0.000000000 0.939746525 0.060253475
AJ:/ccc/crf: 0.000000000 0.804528514 0.195471486
AJ:/ccrcc/: 1.000000000 0.000000000 0.000000000
AJ:/ccrcc/ccr: 0.000000000 0.367954723 0.632045277
AJ:/ccrcc/crc: 0.000000000 0.243191691 0.756808309
AJ:/ccrcc/crf: 0.000000000 0.451969371 0.548030629
AJ:/ccrcf/: 0.663005835 0.336994165 0.000000000
AJ:/ccrcf/cr: 0.000000000 0.886758194 0.113241806
AJ:/crcc/: 0.950388347 0.049611653 0.000000000
AJ:/crcc/ccr: 0.000000000 0.313320752 0.686679248
AJ:/crcc/crc: 0.000000000 0.507749663 0.492250337
AJ:/crcc/crf: 0.000000000 0.755650426 0.244349574
AJ:/crfc/: 1.000000000 0.000000000 0.000000000
AJ:/crfc/cr: 0.000000000 1.000000000 0.000000000
AJ:/rcc/: 0.827649273 0.172350727 0.000000000
AJ:/rcc/ccr: 0.000000000 0.183796431 0.816203569
AJ:/rcc/crc: 0.000000000 0.728941821 0.271058179
AJ:/rcc/crf: 0.000000000 1.000000000 0.000000000
AJ:/rcf/: 0.807288675 0.192711325 0.000000000
AJ:/rcf/cr: 0.000000000 1.000000000 0.000000000
AJ:/rfc/: 0.691743026 0.308256974 0.000000000
AJ:/rfc/cr: 0.000000000 0.688022241 0.311977759
AK:/ccc/: 0.914274902 0.085725098 0.000000000
AK:/ccc/ccr: 0.000000000 0.484723579 0.515276421
AK:/ccc/crc: 0.000000000 0.835453834 0.164546166
AK:/ccc/crf: 0.000000000 0.949412592 0.050587408
AK:/ccrcc/: 0.425452326 0.574547674 0.000000000
AK:/ccrcc/ccr: 0.000000000 0.212662864 0.787337136
AK:/ccrcc/crc: 0.000000000 0.892459690 0.107540310
AK:/ccrcc/crf: 0.000000000 0.996159554 0.003840446
AK:/ccrcf/: 0.437448219 0.562551781 0.000000000
AK:/ccrcf/cr: 0.000000000 0.456024443 0.543975557
AK:/crcc/: 0.133319160 0.866680840 0.000000000
AK:/crcc/ccr: 0.000000000 0.679800397 0.320199603
AK:/crcc/crc: 0.000000000 1.000000000 0.000000000
AK:/crcc/crf: 0.000000000 0.727667461 0.272332539
AK:/crfc/: 0.347418123 0.652581877 0.000000000
AK:/crfc/cr: 0.000000000 0.999998494 0.000001506
AK:/rcc/: 0.752047386 0.247952614 0.000000000
AK:/rcc/ccr: 0.000000000 0.519041512 0.480958488
AK:/rcc/crc: 0.000000000 0.902226190 0.097773810
AK:/rcc/crf: 0.000000000 0.557535964 0.442464036
AK:/rcf/: 0.828981673 0.171018327 0.000000000
AK:/rcf/cr: 0.000000000 0.999953665 0.000046335
AK:/rfc/: 0.514753462 0.485246538 0.000000000
AK:/rfc/cr: 0.000000000 0.489888535 0.510111465
AQ:/ccc/: 0.543434255 0.456565745 0.000000000
AQ:/ccc/ccr: 0.000000000 0.121001940 0.878998060
AQ:/ccc/crc: 0.000000000 0.999968989 0.000031011
AQ:/ccc/crf: 0.000000000 0.503084702 0.496915298
AQ:/ccrcc/: 0.352238448 0.647761552 0.000000000
AQ:/ccrcc/ccr: 0.000000000 0.380373152 0.619626848
AQ:/ccrcc/crc: 0.000000000 0.496654111 0.503345889
AQ:/ccrcc/crf: 0.000000000 0.870907518 0.129092482
AQ:/ccrcf/: 0.437043082 0.562956918 0.000000000
AQ:/ccrcf/cr: 0.000000000 0.756605768 0.243394232
AQ:/crcc/: 0.414157206 0.585842794 0.000000000
AQ:/crcc/ccr: 0.000000000 0.516894051 0.483105949
AQ:/crcc/crc: 0.000000000 0.609012178 0.390987822
AQ:/crcc/crf: 0.000000000 0.607619996 0.392380004
AQ:/crfc/: 0.378751806 0.621248194 0.000000000
AQ:/crfc/cr: 0.000000000 1.000000000 0.000000000
AQ:/rcc/: 0.657011817 0.342988183 0.000000000
AQ:/rcc/ccr: 0.000000000 0.691033528 0.308966472
AQ:/rcc/crc: 0.000000000 0.471132463 0.528867537
AQ:/rcc/crf: 0.000000000 0.705801255 0.294198745
AQ:/rcf/: 0.727163548 0.272836452 0.000000000
AQ:/rcf/cr: 0.000000000 1.000000000 0.000000000
AQ:/rfc/: 0.839659355 0.160340645 0.000000000
AQ:/rfc/cr: 0.000000000 0.206243197 0.793756803
J:/: 1.000000000 0.000000000 0.000000000
J:/ccr: 0.000000000 0.968247596 0.031752404
J:/crc: 0.000000000 1.000000000 0.000000000
J:/crf: 0.000000000 1.000000000 0.000000000
JA:/ccc/: 0.595280351 0.404719649 0.000000000
JA:/ccc/ccr: 0.000000000 0.627655978 0.372344022
JA:/ccc/crc: 0.000000000 0.454686981 0.545313019
JA:/ccc/crf: 0.000000000 0.347450192 0.652549808
JA:/ccrcc/: 0.512084707 0.487915293 0.000000000
JA:/ccrcc/ccr: 0.000000000 0.497399413 0.502600587
JA:/ccrcc/crc: 0.000000000 0.969768643 0.030231357
JA:/ccrcc/crf: 0.000000000 0.636347830 0.363652170
JA:/ccrcf/: 0.504042172 0.495957828 0.000000000
JA:/ccrcf/cr: 0.000000000 0.456301414 0.543698586
JA:/crcc/: 0.144847645 0.855152355 0.000000000
JA:/crcc/ccr: 0.000000000 0.711668842 0.288331158
JA:/crcc/crc: 0.000000000 0.551566284 0.448433716
JA:/crcc/crf: 0.000000000 0.308541706 0.691458294
JA:/crfc/: 0.519597083 0.480402917 0.000000000
JA:/crfc/cr: 0.000000000 0.090332086 0.909667914
JA:/rcc/: 0.999906186 0.000093814 0.000000000
JA:/rcc/ccr: 0.000000000 0.626358486 0.373641514
JA:/rcc/crc: 0.000000000 0.719219323 0.280780677
JA:/rcc/crf: 0.000000000 0.215066929 0.784933071
JA:/rcf/: 0.237415419 0.762584581 0.000000000
JA:/rcf/cr: 0.000000000 0.279948015 0.720051985
JA:/rfc/: 0.211438899 0.788561101 0.000000000
JA:/rfc/cr: 0.000000000 0.182334877 0.817665123
JJ:/ccc/: 0.307845202 0.692154798 0.000000000
JJ:/ccc/ccr: 0.000000000 0.713633793 0.286366207
JJ:/ccc/crc: 0.000000000 0.775886664 0.224113336
JJ:/ccc/crf: 0.000000000 0.897315261 0.102684739
JJ:/ccrcc/: 0.460436968 0.539563032 0.000000000
JJ:/ccrcc/ccr: 0.000000000 0.264683605 0.735316395
JJ:/ccrcc/crc: 0.000000000 0.809128094 0.190871906
JJ:/ccrcc/crf: 0.000000000 0.697024605 0.302975395
JJ:/ccrcf/: 0.671371801 0.328628199 0.000000000
JJ:/ccrcf/cr: 0.000000000 0.666474459 0.333525541
JJ:/crcc/: 0.197025984 0.802974016 0.000000000
JJ:/crcc/ccr: 0.000000000 0.096033152 0.903966848
JJ:/crcc/crc: 0.000000000 0.971637224 0.028362776
JJ:/crcc/crf: 0.000000000 0.757526974 0.242473026
JJ:/crfc/: 0.654287100 0.345712900 0.000000000
JJ:/crfc/cr: 0.000000000 1.000000000 0.000000000
JJ:/rcc/: 0.669557706 0.330442294 0.000000000
JJ:/rcc/ccr: 0.000000000 0.850723533 0.149276467
JJ:/rcc/crc: 0.000000000 1.000000000 0.000000000
JJ:/rcc/crf: 0.000000000 1.000000000 0.000000000
JJ:/rcf/: 0.982796954 0.017203046 0.000000000
JJ:/rcf/cr: 0.000000000 0.783042387 0.216957613
JJ:/rfc/: 0.458406545 0.541593455 0.000000000
JJ:/rfc/cr: 0.000000000 0.400194729 0.599805271
JK:/ccc/: 0.569382134 0.430617866 0.000000000
JK:/ccc/ccr: 0.000000000 0.611230459 0.388769541
JK:/ccc/crc: 0.000000000 0.552035065 0.447964935
JK:/ccc/crf: 0.000000000 0.162900310 0.837099690
JK:/ccrcc/: 0.763133383 0.236866617 0.000000000
JK:/ccrcc/ccr: 0.000000000 0.652109847 0.347890153
JK:/ccrcc/crc: 0.000000000 0.130824040 0.869175960
JK:/ccrcc/crf: 0.000000000 0.126110662 0.873889338
JK:/ccrcf/: 0.619321040 0.380678960 0.000000000
JK:/ccrcf/cr: 0.000000000 0.010467516 0.989532484
JK:/crcc/: 0.000000000 1.000000000 0.000000000
JK:/crcc/ccr: 0.000000000 0.336038547 0.663961453
JK:/crcc/crc: 0.000000000 0.474099979 0.525900021
JK:/crcc/crf: 0.000000000 0.711981558 0.288018442
JK:/crfc/: 0.013261683 0.986738317 0.000000000
JK:/crfc/cr: 0.000000000 0.000000000 1.000000000
JK:/rcc/: 1.000000000 0.000000000 0.000000000
JK:/rcc/ccr: 0.000000000 0.205353767 0.794646233
JK:/rcc/crc: 0.000000000 0.578778034 0.421221966
JK:/rcc/crf: 0.000000000 0.299226931 0.700773069
JK:/rcf/: 0.192530844 0.807469156 0.000000000
JK:/rcf/cr: 0.000000000 0.321277778 0.678722222
JK:/rfc/: 0.200398674 0.799601326 0.000000000
JK:/rfc/cr: 0.000000000 0.532126253 0.467873747
JQ:/ccc/: 0.862506907 0.137493093 0.000000000
JQ:/ccc/ccr: 0.000000000 0.424927648 0.575072352
JQ:/ccc/crc: 0.000000000 0.675266203 0.324733797
JQ:/ccc/crf: 0.000000000 0.762347893 0.237652107
JQ:/ccrcc/: 0.150114668 0.849885332 0.000000000
JQ:/ccrcc/ccr: 0.000000000 0.798770921 0.201229079
JQ:/ccrcc/crc: 0.000000000 0.666299101 0.333700899
JQ:/ccrcc/crf: 0.000000000 0.592265006 0.407734994
JQ:/ccrcf/: 0.362358682 0.637641318 0.000000000
JQ:/ccrcf/cr: 0.000000000 0.334341727 0.665658273
JQ:/crcc/: 0.928136206 0.071863794 0.000000000
JQ:/crcc/ccr: 0.000000000 0.589953709 0.410046291
JQ:/crcc/crc: 0.000000000 0.958972886 0.041027114
JQ:/crcc/crf: 0.000000000 0.333686074 0.666313926
JQ:/crfc/: 0.692479205 0.307520795 0.000000000
JQ:/crfc/cr: 0.000000000 0.126093256 0.873906744
JQ:/rcc/: 0.187694471 0.812305529 0.000000000
JQ:/rcc/ccr: 0.000000000 0.712624666 0.287375334
JQ:/rcc/crc: 0.000000000 0.394705514 0.605294486
JQ:/rcc/crf: 0.000000000 0.792172652 0.207827348
JQ:/rcf/: 0.138103819 0.861896181 0.000000000
JQ:/rcf/cr: 0.000000000 0.276192677 0.723807323
JQ:/rfc/: 0.775532209 0.224467791 0.000000000
JQ:/rfc/cr: 0.000000000 0.463268340 0.536731660
K:/: 1.000000000 0.000000000 0.000000000
K:/ccr: 0.000000000 0.762319297 0.237680703
K:/crc: 0.000000000 0.999884399 0.000115601
K:/crf: 0.000000000 1.000000000 0.000000000
KA:/ccc/: 0.982017108 0.017982892 0.000000000
KA:/ccc/ccr: 0.000000000 0.609236344 0.390763656
KA:/ccc/crc: 0.000000000 0.839224251 0.160775749
KA:/ccc/crf: 0.000000000 0.310503909 0.689496091
KA:/ccrcc/: 0.756213649 0.243786351 0.000000000
KA:/ccrcc/ccr: 0.000000000 0.385245748 0.614754252
KA:/ccrcc/crc: 0.000000000 0.644758992 0.355241008
KA:/ccrcc/crf: 0.000000000 1.000000000 0.000000000
KA:/ccrcf/: 0.293823776 0.706176224 0.000000000
KA:/ccrcf/cr: 0.000000000 0.060398245 0.939601755
KA:/crcc/: 0.070575044 0.929424956 0.000000000
KA:/crcc/ccr: 0.000000000 0.508740464 0.491259536
KA:/crcc/crc: 0.000000000 0.608927671 0.391072329
KA:/crcc/crf: 0.000000000 0.860708363 0.139291637
KA:/crfc/: 1.000000000 0.000000000 0.000000000
KA:/crfc/cr: 0.000000000 0.999981323 0.000018677
KA:/rcc/: 0.999968239 0.000031761 0.000000000
KA:/rcc/ccr: 0.000000000 0.923536073 0.076463927
KA:/rcc/crc: 0.000000000 0.284532845 0.715467155
KA:/rcc/crf: 0.000000000 0.747176335 0.252823665
KA:/rcf/: 0.641389860 0.358610140 0.000000000
KA:/rcf/cr: 0.000000000 0.858566930 0.141433070
KA:/rfc/: 0.578040618 0.421959382 0.000000000
KA:/rfc/cr: 0.000000000 0.839636418 0.160363582
KJ:/ccc/: 0.209535100 0.790464900 0.000000000
KJ:/ccc/ccr: 0.000000000 0.702652160 0.297347840
KJ:/ccc/crc: 0.000000000 0.287767082 0.712232918
KJ:/ccc/crf: 0.000000000 0.320298005 0.679701995
KJ:/ccrcc/: 0.499283940 0.500716060 0.000000000
KJ:/ccrcc/ccr: 0.000000000 0.674450894 0.325549106
KJ:/ccrcc/crc: 0.000000000 0.786376901 0.213623099
KJ:/ccrcc/crf: 0.000000000 0.361472828 0.638527172
KJ:/ccrcf/: 0.507259209 0.492740791 0.000000000
KJ:/ccrcf/cr: 0.000000000 0.471641019 0.528358981
KJ:/crcc/: 0.783011647 0.216988353 0.000000000
KJ:/crcc/ccr: 0.000000000 0.751438081 0.248561919
KJ:/crcc/crc: 0.000000000 0.535634495 0.464365505
KJ:/crcc/crf: 0.000000000 0.804198057 0.195801943
KJ:/crfc/: 0.708179171 0.291820829 0.000000000
KJ:/crfc/cr: 0.000000000 0.336452200 0.663547800
KJ:/rcc/: 0.710114428 0.289885572 0.000000000
KJ:/rcc/ccr: 0.000000000 0.753612529 0.246387471
KJ:/rcc/crc: 0.000000000 0.375061574 0.624938426
KJ:/rcc/crf: 0.000000000 0.631112071 0.368887929
KJ:/rcf/: 0.444125970 0.555874030 0.000000000
KJ:/rcf/cr: 0.000000000 0.792923410 0.207076590
KJ:/rfc/: 0.586780624 0.413219376 0.000000000
KJ:/rfc/cr: 0.000000000 0.550385615 0.449614385
KK:/ccc/: 0.301950900 0.698049100 0.000000000
KK:/ccc/ccr: 0.000000000 0.390624837 0.609375163
KK:/ccc/crc: 0.000000000 1.000000000 0.000000000
KK:/ccc/crf: 0.000000000 0.913206864 0.086793136
KK:/ccrcc/: 0.698593835 0.301406165 0.000000000
KK:/ccrcc/ccr: 0.000000000 0.546217130 0.453782870
KK:/ccrcc/crc: 0.000000000 0.934934853 0.065065147
KK:/ccrcc/crf: 0.000000000 0.442578463 0.557421537
KK:/ccrcf/: 0.907306598 0.092693402 0.000000000
KK:/ccrcf/cr: 0.000000000 0.963032042 0.036967958
KK:/crcc/: 0.738994444 0.261005556 0.000000000
KK:/crcc/ccr: 0.000000000 0.337315632 0.662684368
KK:/crcc/crc: 0.000000000 0.953785832 0.046214168
KK:/crcc/crf: 0.000000000 0.907142052 0.092857948
KK:/crfc/: 0.591943134 0.408056866 0.000000000
KK:/crfc/cr: 0.000000000 1.000000000 0.000000000
KK:/rcc/: 0.609381354 0.390618646 0.000000000
KK:/rcc/ccr: 0.000000000 0.256251758 0.743748242
KK:/rcc/crc: 0.000000000 1.000000000 0.000000000
KK:/rcc/crf: 0.000000000 1.000000000 0.000000000
KK:/rcf/: 0.557672353 0.442327647 0.000000000
KK:/rcf/cr: 0.000000000 1.000000000 0.000000000
KK:/rfc/: 0.974471216 0.025528784 0.000000000
KK:/rfc/cr: 0.000000000 0.417730449 0.582269551
KQ:/ccc/: 0.325625072 0.674374928 0.000000000
KQ:/ccc/ccr: 0.000000000 0.684782643 0.315217357
KQ:/ccc/crc: 0.000000000 0.040464865 0.959535135
KQ:/ccc/crf: 0.000000000 0.971361083 0.028638917
KQ:/ccrcc/: 0.300189851 0.699810149 0.000000000
KQ:/ccrcc/ccr: 0.000000000 0.066191937 0.933808063
KQ:/ccrcc/crc: 0.000000000 0.815681176 0.184318824
KQ:/ccrcc/crf: 0.000000000 0.396563176 0.603436824
KQ:/ccrcf/: 0.363722277 0.636277723 0.000000000
KQ:/ccrcf/cr: 0.000000000 0.687210965 0.312789035
KQ:/crcc/: 0.373632277 0.626367723 0.000000000
KQ:/crcc/ccr: 0.000000000 0.242108050 0.757891950
KQ:/crcc/crc: 0.000000000 0.112301851 0.887698149
KQ:/crcc/crf: 0.000000000 0.999984237 0.000015763
KQ:/crfc/: 0.662898747 0.337101253 0.000000000
KQ:/crfc/cr: 0.000000000 0.617078027 0.382921973
KQ:/rcc/: 0.351298913 0.648701087 0.000000000
KQ:/rcc/ccr: 0.000000000 0.717848274 0.282151726
KQ:/rcc/crc: 0.000000000 0.679849048 0.320150952
KQ:/rcc/crf: 0.000000000 0.591119253 0.408880747
KQ:/rcf/: 0.503540932 0.496459068 0.000000000
KQ:/rcf/cr: 0.000000000 0.425628315 0.574371685
KQ:/rfc/: 0.351315713 0.648684287 0.000000000
KQ:/rfc/cr: 0.000000000 0.967833983 0.032166017
Q:/: 1.000000000 0.000000000 0.000000000
Q:/ccr: 0.000000000 0.937773933 0.062226067
Q:/crc: 0.000000000 0.619662711 0.380337289
Q:/crf: 0.000000000 1.000000000 0.000000000
QA:/ccc/: 0.368763396 0.631236604 0.000000000
QA:/ccc/ccr: 0.000000000 0.571115412 0.428884588
QA:/ccc/crc: 0.000000000 0.287277811 0.712722189
QA:/ccc/crf: 0.000000000 0.459754318 0.540245682
QA:/ccrcc/: 0.534522762 0.465477238 0.000000000
QA:/ccrcc/ccr: 0.000000000 0.352840127 0.647159873
QA:/ccrcc/crc: 0.000000000 0.334411957 0.665588043
QA:/ccrcc/crf: 0.000000000 0.585317840 0.414682160
QA:/ccrcf/: 0.726542925 0.273457075 0.000000000
QA:/ccrcf/cr: 0.000000000 0.972041685 0.027958315
QA:/crcc/: 0.023219990 0.976780010 0.000000000
QA:/crcc/ccr: 0.000000000 0.793307613 0.206692387
QA:/crcc/crc: 0.000000000 0.891394976 0.108605024
QA:/crcc/crf: 0.000000000 0.345842619 0.654157381
QA:/crfc/: 0.740081480 0.259918520 0.000000000
QA:/crfc/cr: 0.000000000 0.685326131 0.314673869
QA:/rcc/: 0.999867615 0.000132385 0.000000000
QA:/rcc/ccr: 0.000000000 0.539435533 0.460564467
QA:/rcc/crc: 0.000000000 0.655487068 0.344512932
QA:/rcc/crf: 0.000000000 0.762227051 0.237772949
QA:/rcf/: 0.024091679 0.975908321 0.000000000
QA:/rcf/cr: 0.000000000 0.755917768 0.244082232
QA:/rfc/: 0.055618562 0.944381438 0.000000000
QA:/rfc/cr: 0.000000000 0.576723081 0.423276919
QJ:/ccc/: 0.142063541 0.857936459 0.000000000
QJ:/ccc/ccr: 0.000000000 0.576848266 0.423151734
QJ:/ccc/crc: 0.000000000 0.370321269 0.629678731
QJ:/ccc/crf: 0.000000000 0.665275759 0.334724241
QJ:/ccrcc/: 0.855669732 0.144330268 0.000000000
QJ:/ccrcc/ccr: 0.000000000 0.531627393 0.468372607
QJ:/ccrcc/crc: 0.000000000 0.457314591 0.542685409
QJ:/ccrcc/crf: 0.000000000 0.191622005 0.808377995
QJ:/ccrcf/: 0.870310557 0.129689443 0.000000000
QJ:/ccrcf/cr: 0.000000000 0.350900560 0.649099440
QJ:/crcc/: 0.343328880 0.656671120 0.000000000
QJ:/crcc/ccr: 0.000000000 0.487636689 0.512363311
QJ:/crcc/crc: 0.000000000 0.475095325 0.524904675
QJ:/crcc/crf: 0.000000000 0.198116950 0.801883050
QJ:/crfc/: 0.560861754 0.439138246 0.000000000
QJ:/crfc/cr: 0.000000000 0.077421613 0.922578387
QJ:/rcc/: 0.916227089 0.083772911 0.000000000
QJ:/rcc/ccr: 0.000000000 0.936375134 0.063624866
QJ:/rcc/crc: 0.000000000 0.370308911 0.629691089
QJ:/rcc/crf: 0.000000000 0.312671279 0.687328721
QJ:/rcf/: 0.904845930 0.095154070 0.000000000
QJ:/rcf/cr: 0.000000000 0.514119042 0.485880958
QJ:/rfc/: 0.166161330 0.833838670 0.000000000
QJ:/rfc/cr: 0.000000000 0.560616000 0.439384000
QK:/ccc/: 0.565758585 0.434241415 0.000000000
QK:/ccc/ccr: 0.000000000 0.438049180 0.561950820
QK:/ccc/crc: 0.000000000 0.238715343 0.761284657
QK:/ccc/crf: 0.000000000 0.609016734 0.390983266
QK:/ccrcc/: 0.027477657 0.972522343 0.000000000
QK:/ccrcc/ccr: 0.000000000 0.279696096 0.720303904
QK:/ccrcc/crc: 0.000000000 0.510237476 0.489762524
QK:/ccrcc/crf: 0.000000000 0.339630452 0.660369548
QK:/ccrcf/: 0.419643440 0.580356560 0.000000000
QK:/ccrcf/cr: 0.000000000 0.666004914 0.333995086
QK:/crcc/: 0.503119101 0.496880899 0.000000000
QK:/crcc/ccr: 0.000000000 0.853882722 0.146117278
QK:/crcc/crc: 0.000000000 0.498206967 0.501793033
QK:/crcc/crf: 0.000000000 0.830742284 0.169257716
QK:/crfc/: 0.619957250 0.380042750 0.000000000
QK:/crfc/cr: 0.000000000 0.695112005 0.304887995
QK:/rcc/: 0.691449565 0.308550435 0.000000000
QK:/rcc/ccr: 0.000000000 0.234556590 0.765443410
QK:/rcc/crc: 0.000000000 0.415967429 0.584032571
QK:/rcc/crf: 0.000000000 0.888533490 0.111466510
QK:/rcf/: 0.549566506 0.450433494 0.000000000
QK:/rcf/cr: 0.000000000 0.685351637 0.314648363
QK:/rfc/: 0.477744481 0.522255519 0.000000000
QK:/rfc/cr: 0.000000000 0.926359708 0.073640292
QQ:/ccc/: 0.853090982 0.146909018 0.000000000
QQ:/ccc/ccr: 0.000000000 0.341438042 0.658561958
QQ:/ccc/crc: 0.000000000 0.418511732 0.581488268
QQ:/ccc/crf: 0.000000000 0.452816566 0.547183434
QQ:/ccrcc/: 0.456391017 0.543608983 0.000000000
QQ:/ccrcc/ccr: 0.000000000 0.533307251 0.466692749
QQ:/ccrcc/crc: 0.000000000 0.352283716 0.647716284
QQ:/ccrcc/crf: 0.000000000 0.603232621 0.396767379
QQ:/ccrcf/: 0.686404622 0.313595378 0.000000000
QQ:/ccrcf/cr: 0.000000000 0.007613375 0.992386625
QQ:/crcc/: 0.695550515 0.304449485 0.000000000
QQ:/crcc/ccr: 0.000000000 0.855615606 0.144384394
QQ:/crcc/crc: 0.000000000 0.569123516 0.430876484
QQ:/crcc/crf: 0.000000000 1.000000000 0.000000000
QQ:/crfc/: 0.890839293 0.109160707 0.000000000
QQ:/crfc/cr: 0.000000000 1.000000000 0.000000000
QQ:/rcc/: 0.837657539 0.162342461 0.000000000
QQ:/rcc/ccr: 0.000000000 0.293698328 0.706301672
QQ:/rcc/crc: 0.000000000 0.814790276 0.185209724
QQ:/rcc/crf: 0.000000000 1.000000000 0.000000000
QQ:/rcf/: 0.633006471 0.366993529 0.000000000
QQ:/rcf/cr: 0.000000000 1.000000000 0.000000000
QQ:/rfc/: 0.350637890 0.649362110 0.000000000
QQ:/rfc/cr: 0.000000000 0.892615811 0.107384189
