A:/c: 0.990021855 0.009978145 0.000000000
A:/ccrc: 0.000000000 1.000000000 0.000000000
A:/ccrf: 0.000000000 1.000000000 0.000000000
A:/r: 0.000000000 1.000000000 0.000000000
AA:/ccc/c: 0.480618528 0.519381472 0.000000000
AA:/ccc/ccrc: 0.000000000 0.377446566 0.622553434
AA:/ccc/ccrf: 0.000000000 0.965432270 0.034567730
AA:/ccc/r: 0.000000000 0.743834436 0.256165564
AA:/ccrcc/c: 0.756417570 0.243582430 0.000000000
AA:/ccrcc/ccrc: 0.000000000 0.750055653 0.249944347
AA:/ccrcc/ccrf: 0.000000000 0.702919211 0.297080789
AA:/ccrcc/r: 0.000000000 1.000000000 0.000000000
AA:/ccrfc/: 0.462820597 0.537179403 0.000000000
AA:/ccrfc/cr: 0.000000000 0.928800457 0.071199543
AA:/crcc/c: 0.639144449 0.360855551 0.000000000
AA:/crcc/ccrc: 0.000000000 0.481925428 0.518074572
AA:/crcc/ccrf: 0.000000000 0.479423559 0.520576441
AA:/crcc/r: 0.000000000 0.697280958 0.302719042
AA:/crcf/: 0.695855511 0.304144489 0.000000000
AA:/crcf/cr: 0.000000000 0.773477004 0.226522996
AA:/crfc/c: 0.555831389 0.444168611 0.000000000
AA:/crfc/r: 0.000000000 1.000000000 0.000000000
AA:/rcc/c: 0.526152361 0.473847639 0.000000000
AA:/rcc/ccrc: 0.000000000 1.000000000 0.000000000
AA:/rcc/ccrf: 0.000000000 1.000000000 0.000000000
AA:/rcc/r: 0.000000000 1.000000000 0.000000000
AA:/rcf/c: 0.566968587 0.433031413 0.000000000
AA:/rcf/r: 0.000000000 1.000000000 0.000000000
AJ:/ccc/c: 0.572669755 0.427330245 0.000000000
AJ:/ccc/ccrc: 0.000000000 0.396931607 0.603068393
AJ:/ccc/ccrf: 0.000000000 0.641817124 0.358182876
AJ:/ccc/r: 0.000000000 0.678601574 0.321398426
AJ:/ccrcc/c: 0.920800174 0.079199826 0.000000000
AJ:/ccrcc/ccrc: 0.000000000 0.964023878 0.035976122
AJ:/ccrcc/ccrf: 0.000000000 0.647536975 0.352463025
AJ:/ccrcc/r: 0.000000000 0.790014117 0.209985883
AJ:/ccrfc/: 0.396176618 0.603823382 0.000000000
AJ:/ccrfc/cr: 0.000000000 0.394181063 0.605818937
AJ:/crcc/c: 0.727411354 0.272588646 0.000000000
AJ:/crcc/ccrc: 0.000000000 0.343159160 0.656840840
AJ:/crcc/ccrf: 0.000000000 0.617281387 0.382718613
AJ:/crcc/r: 0.000000000 1.000000000 0.000000000
AJ:/crcf/: 0.488379268 0.511620732 0.000000000
AJ:/crcf/cr: 0.000000000 0.288792039 0.711207961
AJ:/crfc/c: 0.456148580 0.543851420 0.000000000
AJ:/crfc/r: 0.000000000 1.000000000 0.000000000
AJ:/rcc/c: 0.914923124 0.085076876 0.000000000
AJ:/rcc/ccrc: 0.000000000 0.841360706 0.158639294
AJ:/rcc/ccrf: 0.000000000 1.000000000 0.000000000
AJ:/rcc/r: 0.000000000 1.000000000 0.000000000
AJ:/rcf/c: 0.811012592 0.188987408 0.000000000
AJ:/rcf/r: 0.000000000 1.000000000 0.000000000
AK:/ccc/c: 0.802843929 0.197156071 0.000000000
AK:/ccc/ccrc: 0.000000000 0.403695907 0.596304093
AK:/ccc/ccrf: 0.000000000 0.613925817 0.386074183
AK:/ccc/r: 0.000000000 0.700505147 0.299494853
AK:/ccrcc/c: 0.637205014 0.362794986 0.000000000
AK:/ccrcc/ccrc: 0.000000000 0.429350851 0.570649149
AK:/ccrcc/ccrf: 0.000000000 0.498617354 0.501382646
AK:/ccrcc/r: 0.000000000 0.586890800 0.413109200
AK:/ccrfc/: 0.528418821 0.471581179 0.000000000
AK:/ccrfc/cr: 0.000000000 0.509104310 0.490895690
AK:/crcc/c: 0.680946023 0.319053977 0.000000000
AK:/crcc/ccrc: 0.000000000 0.526389656 0.473610344
AK:/crcc/ccrf: 0.000000000 0.371534378 0.628465622
AK:/crcc/r: 0.000000000 0.600980642 0.399019358
AK:/crcf/: 0.090126613 0.909873387 0.000000000
AK:/crcf/cr: 0.000000000 1.000000000 0.000000000
AK:/crfc/c: 0.032368227 0.967631773 0.000000000
AK:/crfc/r: 0.000000000 0.811669776 0.188330224
AK:/rcc/c: 0.695536883 0.304463117 0.000000000
AK:/rcc/ccrc: 0.000000000 0.432536364 0.567463636
AK:/rcc/ccrf: 0.000000000 0.694273084 0.305726916
AK:/rcc/r: 0.000000000 1.000000000 0.000000000
AK:/rcf/c: 0.224972706 0.775027294 0.000000000
AK:/rcf/r: 0.000000000 0.974101470 0.025898530
AQ:/ccc/c: 0.574890755 0.425109245 0.000000000
AQ:/ccc/ccrc: 0.000000000 0.819879296 0.180120704
AQ:/ccc/ccrf: 0.000000000 0.427591894 0.572408106
AQ:/ccc/r: 0.000000000 1.000000000 0.000000000
AQ:/ccrcc/c: 0.332192181 0.667807819 0.000000000
AQ:/ccrcc/ccrc: 0.000000000 0.507044147 0.492955853
AQ:/ccrcc/ccrf: 0.000000000 0.557690966 0.442309034
AQ:/ccrcc/r: 0.000000000 0.370541581 0.629458419
AQ:/ccrfc/: 0.753793662 0.246206338 0.000000000
AQ:/ccrfc/cr: 0.000000000 0.508711403 0.491288597
AQ:/crcc/c: 0.894579146 0.105420854 0.000000000
AQ:/crcc/ccrc: 0.000000000 0.768756723 0.231243277
AQ:/crcc/ccrf: 0.000000000 0.412052483 0.587947517
AQ:/crcc/r: 0.000000000 0.764426647 0.235573353
AQ:/crcf/: 0.346838022 0.653161978 0.000000000
AQ:/crcf/cr: 0.000000000 0.720626321 0.279373679
AQ:/crfc/c: 0.300199351 0.699800649 0.000000000
AQ:/crfc/r: 0.000000000 0.516686807 0.483313193
AQ:/rcc/c: 0.531697202 0.468302798 0.000000000
AQ:/rcc/ccrc: 0.000000000 0.939650600 0.060349400
AQ:/rcc/ccrf: 0.000000000 1.000000000 0.000000000
AQ:/rcc/r: 0.000000000 0.961044352 0.038955648
AQ:/rcf/c: 0.488765881 0.511234119 0.000000000
AQ:/rcf/r: 0.000000000 0.939445252 0.060554748
J:/c: 0.065477277 0.934522723 0.000000000
J:/ccrc: 0.000000000 0.048369032 0.951630968
J:/ccrf: 0.000000000 1.000000000 0.000000000
J:/r: 0.000000000 1.000000000 0.000000000
JA:/ccc/c: 0.273774962 0.726225038 0.000000000
JA:/ccc/ccrc: 0.000000000 0.389129868 0.610870132
JA:/ccc/ccrf: 0.000000000 0.525066418 0.474933582
JA:/ccc/r: 0.000000000 0.209807771 0.790192229
JA:/ccrcc/c: 0.357720146 0.642279854 0.000000000
JA:/ccrcc/ccrc: 0.000000000 0.794391762 0.205608238
JA:/ccrcc/ccrf: 0.000000000 0.493624805 0.506375195
JA:/ccrcc/r: 0.000000000 0.840421729 0.159578271
JA:/ccrfc/: 0.727548401 0.272451599 0.000000000
JA:/ccrfc/cr: 0.000000000 0.966891436 0.033108564
JA:/crcc/c: 0.154666439 0.845333561 0.000000000
JA:/crcc/ccrc: 0.000000000 0.162880087 0.837119913
JA:/crcc/ccrf: 0.000000000 0.619456354 0.380543646
JA:/crcc/r: 0.000000000 0.335645926 0.664354074
JA:/crcf/: 0.801702113 0.198297887 0.000000000
JA:/crcf/cr: 0.000000000 0.925372810 0.074627190
JA:/crfc/c: 0.739830304 0.260169696 0.000000000
JA:/crfc/r: 0.000000000 0.549405182 0.450594818
JA:/rcc/c: 0.700005821 0.299994179 0.000000000
JA:/rcc/ccrc: 0.000000000 0.469436842 0.530563158
JA:/rcc/ccrf: 0.000000000 0.503049186 0.496950814
JA:/rcc/r: 0.000000000 0.233645372 0.766354628
JA:/rcf/c: 0.026106782 0.973893218 0.000000000
JA:/rcf/r: 0.000000000 0.664463109 0.335536891
JJ:/ccc/c: 0.608873748 0.391126252 0.000000000
JJ:/ccc/ccrc: 0.000000000 0.119496017 0.880503983
JJ:/ccc/ccrf: 0.000000000 0.358543779 0.641456221
JJ:/ccc/r: 0.000000000 0.391527778 0.608472222
JJ:/ccrcc/c: 0.113959091 0.886040909 0.000000000
JJ:/ccrcc/ccrc: 0.000000000 0.636461572 0.363538428
JJ:/ccrcc/ccrf: 0.000000000 0.956200070 0.043799930
JJ:/ccrcc/r: 0.000000000 1.000000000 0.000000000
JJ:/ccrfc/: 0.762083574 0.237916426 0.000000000
JJ:/ccrfc/cr: 0.000000000 0.091692301 0.908307699
JJ:/crcc/c: 0.186483595 0.813516405 0.000000000
JJ:/crcc/ccrc: 0.000000000 1.000000000 0.000000000
JJ:/crcc/ccrf: 0.000000000 0.887668333 0.112331667
JJ:/crcc/r: 0.000000000 0.519360478 0.480639522
JJ:/crcf/: 0.705033777 0.294966223 0.000000000
JJ:/crcf/cr: 0.000000000 0.366491822 0.633508178
JJ:/crfc/c: 0.829198231 0.170801769 0.000000000
JJ:/crfc/r: 0.000000000 0.723786581 0.276213419
JJ:/rcc/c: 0.742996410 0.257003590 0.000000000
JJ:/rcc/ccrc: 0.000000000 1.000000000 0.000000000
JJ:/rcc/ccrf: 0.000000000 1.000000000 0.000000000
JJ:/rcc/r: 0.000000000 1.000000000 0.000000000
JJ:/rcf/c: 0.470210778 0.529789222 0.000000000
JJ:/rcf/r: 0.000000000 0.503402733 0.496597267
JK:/ccc/c: 0.398417886 0.601582114 0.000000000
JK:/ccc/ccrc: 0.000000000 0.348739227 0.651260773
JK:/ccc/ccrf: 0.000000000 0.423531936 0.576468064
JK:/ccc/r: 0.000000000 0.131751011 0.868248989
JK:/ccrcc/c: 0.417577825 0.582422175 0.000000000
JK:/ccrcc/ccrc: 0.000000000 0.327276413 0.672723587
JK:/ccrcc/ccrf: 0.000000000 0.611192792 0.388807208
JK:/ccrcc/r: 0.000000000 0.616630902 0.383369098
JK:/ccrfc/: 0.426926837 0.573073163 0.000000000
JK:/ccrfc/cr: 0.000000000 0.661491783 0.338508217
JK:/crcc/c: 0.190149379 0.809850621 0.000000000
JK:/crcc/ccrc: 0.000000000 0.573940510 0.426059490
JK:/crcc/ccrf: 0.000000000 0.275827633 0.724172367
JK:/crcc/r: 0.000000000 0.157999495 0.842000505
JK:/crcf/: 0.256309271 0.743690729 0.000000000
JK:/crcf/cr: 0.000000000 0.882684565 0.117315435
JK:/crfc/c: 0.619043427 0.380956573 0.000000000
JK:/crfc/r: 0.000000000 0.590767134 0.409232866
JK:/rcc/c: 0.071283157 0.928716843 0.000000000
JK:/rcc/ccrc: 0.000000000 0.760033901 0.239966099
JK:/rcc/ccrf: 0.000000000 0.232502129 0.767497871
JK:/rcc/r: 0.000000000 0.024571249 0.975428751
JK:/rcf/c: 0.693760195 0.306239805 0.000000000
JK:/rcf/r: 0.000000000 0.397627461 0.602372539
JQ:/ccc/c: 0.381764134 0.618235866 0.000000000
JQ:/ccc/ccrc: 0.000000000 0.702527900 0.297472100
JQ:/ccc/ccrf: 0.000000000 0.579807022 0.420192978
JQ:/ccc/r: 0.000000000 0.377317523 0.622682477
JQ:/ccrcc/c: 0.302220187 0.697779813 0.000000000
JQ:/ccrcc/ccrc: 0.000000000 0.312407622 0.687592378
JQ:/ccrcc/ccrf: 0.000000000 0.736787934 0.263212066
JQ:/ccrcc/r: 0.000000000 0.136948108 0.863051892
JQ:/ccrfc/: 0.869571524 0.130428476 0.000000000
JQ:/ccrfc/cr: 0.000000000 0.346433097 0.653566903
JQ:/crcc/c: 0.595974780 0.404025220 0.000000000
JQ:/crcc/ccrc: 0.000000000 0.692536493 0.307463507
JQ:/crcc/ccrf: 0.000000000 0.751212241 0.248787759
JQ:/crcc/r: 0.000000000 0.310272346 0.689727654
JQ:/crcf/: 0.587924721 0.412075279 0.000000000
JQ:/crcf/cr: 0.000000000 0.219166617 0.780833383
JQ:/crfc/c: 0.708132251 0.291867749 0.000000000
JQ:/crfc/r: 0.000000000 0.319897026 0.680102974
JQ:/rcc/c: 0.129870208 0.870129792 0.000000000
JQ:/rcc/ccrc: 0.000000000 0.474058220 0.525941780
JQ:/rcc/ccrf: 0.000000000 0.693910198 0.306089802
JQ:/rcc/r: 0.000000000 0.150790640 0.849209360
JQ:/rcf/c: 0.975428457 0.024571543 0.000000000
JQ:/rcf/r: 0.000000000 0.439051175 0.560948825
K:/c: 0.754847495 0.245152505 0.000000000
K:/ccrc: 0.000000000 0.999964747 0.000035253
K:/ccrf: 0.000000000 1.000000000 0.000000000
K:/r: 0.000000000 1.000000000 0.000000000
KA:/ccc/c: 0.846606461 0.153393539 0.000000000
KA:/ccc/ccrc: 0.000000000 0.835520048 0.164479952
KA:/ccc/ccrf: 0.000000000 0.994309725 0.005690275
KA:/ccc/r: 0.000000000 0.621148400 0.378851600
KA:/ccrcc/c: 0.171095839 0.828904161 0.000000000
KA:/ccrcc/ccrc: 0.000000000 0.145782927 0.854217073
KA:/ccrcc/ccrf: 0.000000000 0.820956263 0.179043737
KA:/ccrcc/r: 0.000000000 0.494976498 0.505023502
KA:/ccrfc/: 0.423179856 0.576820144 0.000000000
KA:/ccrfc/cr: 0.000000000 0.490841591 0.509158409
KA:/crcc/c: 0.696255911 0.303744089 0.000000000
KA:/crcc/ccrc: 0.000000000 0.565691873 0.434308127
KA:/crcc/ccrf: 0.000000000 0.332618299 0.667381701
KA:/crcc/r: 0.000000000 0.735816850 0.264183150
KA:/crcf/: 0.595935776 0.404064224 0.000000000
KA:/crcf/cr: 0.000000000 0.789620851 0.210379149
KA:/crfc/c: 0.645310887 0.354689113 0.000000000
KA:/crfc/r: 0.000000000 0.774300862 0.225699138
KA:/rcc/c: 1.000000000 0.000000000 0.000000000
KA:/rcc/ccrc: 0.000000000 0.478585511 0.521414489
KA:/rcc/ccrf: 0.000000000 0.518812292 0.481187708
KA:/rcc/r: 0.000000000 1.000000000 0.000000000
KA:/rcf/c: 0.557762250 0.442237750 0.000000000
KA:/rcf/r: 0.000000000 1.000000000 0.000000000
KJ:/ccc/c: 0.646545137 0.353454863 0.000000000
KJ:/ccc/ccrc: 0.000000000 0.536372215 0.463627785
KJ:/ccc/ccrf: 0.000000000 0.819987345 0.180012655
KJ:/ccc/r: 0.000000000 0.887260704 0.112739296
KJ:/ccrcc/c: 0.467221238 0.532778762 0.000000000
KJ:/ccrcc/ccrc: 0.000000000 0.556644950 0.443355050
KJ:/ccrcc/ccrf: 0.000000000 0.906268354 0.093731646
KJ:/ccrcc/r: 0.000000000 0.664251061 0.335748939
KJ:/ccrfc/: 0.662062136 0.337937864 0.000000000
KJ:/ccrfc/cr: 0.000000000 0.908680308 0.091319692
KJ:/crcc/c: 0.581593310 0.418406690 0.000000000
KJ:/crcc/ccrc: 0.000000000 0.354223028 0.645776972
KJ:/crcc/ccrf: 0.000000000 0.719717635 0.280282365
KJ:/crcc/r: 0.000000000 0.391168368 0.608831632
KJ:/crcf/: 0.430289407 0.569710593 0.000000000
KJ:/crcf/cr: 0.000000000 0.247310161 0.752689839
KJ:/crfc/c: 0.932009455 0.067990545 0.000000000
KJ:/crfc/r: 0.000000000 0.609202218 0.390797782
KJ:/rcc/c: 0.385674613 0.614325387 0.000000000
KJ:/rcc/ccrc: 0.000000000 0.000000000 1.000000000
KJ:/rcc/ccrf: 0.000000000 0.264558717 0.735441283
KJ:/rcc/r: 0.000000000 0.735983641 0.264016359
KJ:/rcf/c: 0.772400866 0.227599134 0.000000000
KJ:/rcf/r: 0.000000000 0.877575691 0.122424309
KK:/ccc/c: 0.967213797 0.032786203 0.000000000
KK:/ccc/ccrc: 0.000000000 0.328840928 0.671159072
KK:/ccc/ccrf: 0.000000000 0.486949767 0.513050233
KK:/ccc/r: 0.000000000 0.696664062 0.303335938
KK:/ccrcc/c: 0.250276211 0.749723789 0.000000000
KK:/ccrcc/ccrc: 0.000000000 0.659854689 0.340145311
KK:/ccrcc/ccrf: 0.000000000 1.000000000 0.000000000
KK:/ccrcc/r: 0.000000000 0.767345262 0.232654738
KK:/ccrfc/: 0.463456407 0.536543593 0.000000000
KK:/ccrfc/cr: 0.000000000 0.521215667 0.478784333
KK:/crcc/c: 0.800574482 0.199425518 0.000000000
KK:/crcc/ccrc: 0.000000000 0.549043213 0.450956787
KK:/crcc/ccrf: 0.000000000 0.466574340 0.533425660
KK:/crcc/r: 0.000000000 0.905295037 0.094704963
KK:/crcf/: 0.528200089 0.471799911 0.000000000
KK:/crcf/cr: 0.000000000 0.911779934 0.088220066
KK:/crfc/c: 0.477799439 0.522200561 0.000000000
KK:/crfc/r: 0.000000000 1.000000000 0.000000000
KK:/rcc/c: 1.000000000 0.000000000 0.000000000
KK:/rcc/ccrc: 0.000000000 1.000000000 0.000000000
KK:/rcc/ccrf: 0.000000000 0.746644627 0.253355373
KK:/rcc/r: 0.000000000 1.000000000 0.000000000
KK:/rcf/c: 0.128895786 0.871104214 0.000000000
KK:/rcf/r: 0.000000000 1.000000000 0.000000000
KQ:/ccc/c: 0.475339274 0.524660726 0.000000000
KQ:/ccc/ccrc: 0.000000000 0.239214055 0.760785945
KQ:/ccc/ccrf: 0.000000000 0.093085695 0.906914305
KQ:/ccc/r: 0.000000000 0.936824116 0.063175884
KQ:/ccrcc/c: 0.730612798 0.269387202 0.000000000
KQ:/ccrcc/ccrc: 0.000000000 0.482880141 0.517119859
KQ:/ccrcc/ccrf: 0.000000000 0.914480667 0.085519333
KQ:/ccrcc/r: 0.000000000 0.991059505 0.008940495
KQ:/ccrfc/: 0.444268370 0.555731630 0.000000000
KQ:/ccrfc/cr: 0.000000000 0.777597318 0.222402682
KQ:/crcc/c: 0.621063460 0.378936540 0.000000000
KQ:/crcc/ccrc: 0.000000000 0.454250742 0.545749258
KQ:/crcc/ccrf: 0.000000000 0.534770807 0.465229193
KQ:/crcc/r: 0.000000000 0.572333445 0.427666555
KQ:/crcf/: 0.123028934 0.876971066 0.000000000
KQ:/crcf/cr: 0.000000000 0.432776135 0.567223865
KQ:/crfc/c: 0.159611666 0.840388334 0.000000000
KQ:/crfc/r: 0.000000000 0.672881246 0.327118754
KQ:/rcc/c: 0.522371403 0.477628597 0.000000000
KQ:/rcc/ccrc: 0.000000000 0.461247246 0.538752754
KQ:/rcc/ccrf: 0.000000000 0.608542542 0.391457458
KQ:/rcc/r: 0.000000000 0.326198998 0.673801002
KQ:/rcf/c: 0.878074740 0.121925260 0.000000000
KQ:/rcf/r: 0.000000000 0.786931036 0.213068964
Q:/c: 0.000018858 0.999981142 0.000000000
Q:/ccrc: 0.000000000 0.214009859 0.785990141
Q:/ccrf: 0.000000000 1.000000000 0.000000000
Q:/r: 0.000000000 1.000000000 0.000000000
QA:/ccc/c: 0.750689679 0.249310321 0.000000000
QA:/ccc/ccrc: 0.000000000 0.086824514 0.913175486
QA:/ccc/ccrf: 0.000000000 0.493433084 0.506566916
QA:/ccc/r: 0.000000000 0.526786440 0.473213560
QA:/ccrcc/c: 0.272318333 0.727681667 0.000000000
QA:/ccrcc/ccrc: 0.000000000 0.332978439 0.667021561
QA:/ccrcc/ccrf: 0.000000000 0.842336625 0.157663375
QA:/ccrcc/r: 0.000000000 0.515424304 0.484575696
QA:/ccrfc/: 0.318251189 0.681748811 0.000000000
QA:/ccrfc/cr: 0.000000000 0.084571143 0.915428857
QA:/crcc/c: 0.394136903 0.605863097 0.000000000
QA:/crcc/ccrc: 0.000000000 0.472739721 0.527260279
QA:/crcc/ccrf: 0.000000000 0.381751196 0.618248804
QA:/crcc/r: 0.000000000 0.573033898 0.426966102
QA:/crcf/: 0.366548791 0.633451209 0.000000000
QA:/crcf/cr: 0.000000000 0.136887531 0.863112469
QA:/crfc/c: 0.862531501 0.137468499 0.000000000
QA:/crfc/r: 0.000000000 0.489752355 0.510247645
QA:/rcc/c: 0.619437175 0.380562825 0.000000000
QA:/rcc/ccrc: 0.000000000 0.161388329 0.838611671
QA:/rcc/ccrf: 0.000000000 0.867930780 0.132069220
QA:/rcc/r: 0.000000000 0.266852996 0.733147004
QA:/rcf/c: 0.550816225 0.449183775 0.000000000
QA:/rcf/r: 0.000000000 0.616236182 0.383763818
QJ:/ccc/c: 0.336331659 0.663668341 0.000000000
QJ:/ccc/ccrc: 0.000000000 0.131050742 0.868949258
QJ:/ccc/ccrf: 0.000000000 0.705642319 0.294357681
QJ:/ccc/r: 0.000000000 0.256074154 0.743925846
QJ:/ccrcc/c: 0.035195032 0.964804968 0.000000000
QJ:/ccrcc/ccrc: 0.000000000 0.602445936 0.397554064
QJ:/ccrcc/ccrf: 0.000000000 0.290113107 0.709886893
QJ:/ccrcc/r: 0.000000000 0.514554025 0.485445975
QJ:/ccrfc/: 0.509719008 0.490280992 0.000000000
QJ:/ccrfc/cr: 0.000000000 0.465944705 0.534055295
QJ:/crcc/c: 0.362802924 0.637197076 0.000000000
QJ:/crcc/ccrc: 0.000000000 0.642238092 0.357761908
QJ:/crcc/ccrf: 0.000000000 0.721943461 0.278056539
QJ:/crcc/r: 0.000000000 0.444003324 0.555996676
QJ:/crcf/: 0.458989882 0.541010118 0.000000000
QJ:/crcf/cr: 0.000000000 0.678493545 0.321506455
QJ:/crfc/c: 0.515001253 0.484998747 0.000000000
QJ:/crfc/r: 0.000000000 0.234076533 0.765923467
QJ:/rcc/c: 0.304371276 0.695628724 0.000000000
QJ:/rcc/ccrc: 0.000000000 0.118243193 0.881756807
QJ:/rcc/ccrf: 0.000000000 0.529248312 0.470751688
QJ:/rcc/r: 0.000000000 0.002535108 0.997464892
QJ:/rcf/c: 0.385271693 0.614728307 0.000000000
QJ:/rcf/r: 0.000000000 0.281823823 0.718176177
QK:/ccc/c: 0.409695736 0.590304264 0.000000000
QK:/ccc/ccrc: 0.000000000 0.333426112 0.666573888
QK:/ccc/ccrf: 0.000000000 0.662370091 0.337629909
QK:/ccc/r: 0.000000000 0.655891567 0.344108433
QK:/ccrcc/c: 0.740719194 0.259280806 0.000000000
QK:/ccrcc/ccrc: 0.000000000 0.257379776 0.742620224
QK:/ccrcc/ccrf: 0.000000000 0.243872873 0.756127127
QK:/ccrcc/r: 0.000000000 0.641092424 0.358907576
QK:/ccrfc/: 0.975347729 0.024652271 0.000000000
QK:/ccrfc/cr: 0.000000000 0.383918916 0.616081084
QK:/crcc/c: 0.551247894 0.448752106 0.000000000
QK:/crcc/ccrc: 0.000000000 0.618756512 0.381243488
QK:/crcc/ccrf: 0.000000000 0.803042930 0.196957070
QK:/crcc/r: 0.000000000 0.285558003 0.714441997
QK:/crcf/: 0.125984316 0.874015684 0.000000000
QK:/crcf/cr: 0.000000000 0.722940014 0.277059986
QK:/crfc/c: 0.441274948 0.558725052 0.000000000
QK:/crfc/r: 0.000000000 0.425450463 0.574549537
QK:/rcc/c: 0.473311017 0.526688983 0.000000000
QK:/rcc/ccrc: 0.000000000 0.551080434 0.448919566
QK:/rcc/ccrf: 0.000000000 0.568136643 0.431863357
QK:/rcc/r: 0.000000000 0.717900019 0.282099981
QK:/rcf/c: 0.699923927 0.300076073 0.000000000
QK:/rcf/r: 0.000000000 0.658068556 0.341931444
QQ:/ccc/c: 0.325196159 0.674803841 0.000000000
QQ:/ccc/ccrc: 0.000000000 0.513602026 0.486397974
QQ:/ccc/ccrf: 0.000000000 0.885268227 0.114731773
QQ:/ccc/r: 0.000000000 0.546935990 0.453064010
QQ:/ccrcc/c: 0.709458836 0.290541164 0.000000000
QQ:/ccrcc/ccrc: 0.000000000 0.336876617 0.663123383
QQ:/ccrcc/ccrf: 0.000000000 0.630135111 0.369864889
QQ:/ccrcc/r: 0.000000000 0.623863644 0.376136356
QQ:/ccrfc/: 0.304711189 0.695288811 0.000000000
QQ:/ccrfc/cr: 0.000000000 0.746649366 0.253350634
QQ:/crcc/c: 0.232331751 0.767668249 0.000000000
QQ:/crcc/ccrc: 0.000000000 0.624924075 0.375075925
QQ:/crcc/ccrf: 0.000000000 0.734564875 0.265435125
QQ:/crcc/r: 0.000000000 1.000000000 0.000000000
QQ:/crcf/: 0.752226671 0.247773329 0.000000000
QQ:/crcf/cr: 0.000000000 0.340374213 0.659625787
QQ:/crfc/c: 0.670684362 0.329315638 0.000000000
QQ:/crfc/r: 0.000000000 0.929256422 0.070743578
QQ:/rcc/c: 1.000000000 0.000000000 0.000000000
QQ:/rcc/ccrc: 0.000000000 1.000000000 0.000000000
QQ:/rcc/ccrf: 0.000000000 1.000000000 0.000000000
QQ:/rcc/r: 0.000000000 1.000000000 0.000000000
QQ:/rcf/c: 0.248860981 0.751139019 0.000000000
QQ:/rcf/r: 0.000000000 1.000000000 0.000000000
