A:/cc: 0.000000009 0.999999991 0.000000000
A:/cr: 0.000000000 0.692330227 0.307669773
A:/rc: 0.000000000 1.000000000 0.000000000
A:/rf: 0.000000000 0.163336420 0.836663580
AA:/ccc/cc: 0.315669775 0.684330225 0.000000000
AA:/ccc/cr: 0.000000000 0.891323898 0.108676102
AA:/ccc/rc: 0.000000000 0.536447392 0.463552608
AA:/ccc/rf: 0.000000000 0.134394088 0.865605912
AA:/ccrcc/cc: 0.575590042 0.424409958 0.000000000
AA:/ccrcc/cr: 0.000000000 0.529173133 0.470826867
AA:/ccrcc/rc: 0.000000000 0.834029474 0.165970526
AA:/ccrcc/rf: 0.000000000 0.554289108 0.445710892
AA:/ccrcf/c: 0.678324016 0.321675984 0.000000000
AA:/ccrcf/r: 0.000000000 0.602846177 0.397153823
AA:/ccrfc/c: 0.452219728 0.547780272 0.000000000
AA:/ccrfc/r: 0.000000000 0.925354685 0.074645315
AA:/crcc/cc: 0.385933167 0.614066833 0.000000000
AA:/crcc/cr: 0.000000000 0.445130885 0.554869115
AA:/crcc/rc: 0.000000000 0.407250984 0.592749016
AA:/crcc/rf: 0.000000000 0.223784499 0.776215501
AA:/crcf/c: 0.583449602 0.416550398 0.000000000
AA:/crcf/r: 0.000000000 0.515177052 0.484822948
AA:/rcc/cc: 0.317919962 0.682080038 0.000000000
AA:/rcc/cr: 0.000000000 0.787505734 0.212494266
AA:/rcc/rc: 0.000000000 1.000000000 0.000000000
AA:/rcc/rf: 0.000000000 0.479097602 0.520902398
AA:/rfc/c: 0.480408517 0.519591483 0.000000000
AA:/rfc/r: 0.000000000 0.736098989 0.263901011
AJ:/ccc/cc: 0.302068329 0.697931671 0.000000000
AJ:/ccc/cr: 0.000000000 0.603973221 0.396026779
AJ:/ccc/rc: 0.000000000 0.253093180 0.746906820
AJ:/ccc/rf: 0.000000000 0.430460210 0.569539790
AJ:/ccrcc/cc: 0.772371873 0.227628127 0.000000000
AJ:/ccrcc/cr: 0.000000000 0.604383317 0.395616683
AJ:/ccrcc/rc: 0.000000000 0.597717700 0.402282300
AJ:/ccrcc/rf: 0.000000000 0.393242398 0.606757602
AJ:/ccrcf/c: 0.547682631 0.452317369 0.000000000
AJ:/ccrcf/r: 0.000000000 0.518905297 0.481094703
AJ:/ccrfc/c: 0.335069204 0.664930796 0.000000000
AJ:/ccrfc/r: 0.000000000 0.448012703 0.551987297
AJ:/crcc/cc: 0.921340908 0.078659092 0.000000000
AJ:/crcc/cr: 0.000000000 0.639964677 0.360035323
AJ:/crcc/rc: 0.000000000 0.664144955 0.335855045
AJ:/crcc/rf: 0.000000000 0.893351944 0.106648056
AJ:/crcf/c: 0.432390883 0.567609117 0.000000000
AJ:/crcf/r: 0.000000000 0.881681371 0.118318629
AJ:/rcc/cc: 0.506276962 0.493723038 0.000000000
AJ:/rcc/cr: 0.000000000 0.412622819 0.587377181
AJ:/rcc/rc: 0.000000000 1.000000000 0.000000000
AJ:/rcc/rf: 0.000000000 0.804109667 0.195890333
AJ:/rfc/c: 0.365876996 0.634123004 0.000000000
AJ:/rfc/r: 0.000000000 0.162842596 0.837157404
AK:/ccc/cc: 0.411438645 0.588561355 0.000000000
AK:/ccc/cr: 0.000000000 0.467313119 0.532686881
AK:/ccc/rc: 0.000000000 0.208008264 0.791991736
AK:/ccc/rf: 0.000000000 0.390232448 0.609767552
AK:/ccrcc/cc: 0.701990796 0.298009204 0.000000000
AK:/ccrcc/cr: 0.000000000 0.425499935 0.574500065
AK:/ccrcc/rc: 0.000000000 0.488343950 0.511656050
AK:/ccrcc/rf: 0.000000000 0.465303677 0.534696323
AK:/ccrcf/c: 0.670355196 0.329644804 0.000000000
AK:/ccrcf/r: 0.000000000 0.236006494 0.763993506
AK:/ccrfc/c: 0.610042708 0.389957292 0.000000000
AK:/ccrfc/r: 0.000000000 0.423966793 0.576033207
AK:/crcc/cc: 0.775856093 0.224143907 0.000000000
AK:/crcc/cr: 0.000000000 0.379005342 0.620994658
AK:/crcc/rc: 0.000000000 0.422808938 0.577191062
AK:/crcc/rf: 0.000000000 0.667347721 0.332652279
AK:/crcf/c: 0.356554602 0.643445398 0.000000000
AK:/crcf/r: 0.000000000 0.495956018 0.504043982
AK:/rcc/cc: 0.445155620 0.554844380 0.000000000
AK:/rcc/cr: 0.000000000 0.383185536 0.616814464
AK:/rcc/rc: 0.000000000 1.000000000 0.000000000
AK:/rcc/rf: 0.000000000 0.382237235 0.617762765
AK:/rfc/c: 0.278095365 0.721904635 0.000000000
AK:/rfc/r: 0.000000000 0.599019696 0.400980304
AQ:/ccc/cc: 0.390030546 0.609969454 0.000000000
AQ:/ccc/cr: 0.000000000 0.630997833 0.369002167
AQ:/ccc/rc: 0.000000000 0.389710681 0.610289319
AQ:/ccc/rf: 0.000000000 0.709584373 0.290415627
AQ:/ccrcc/cc: 0.364449936 0.635550064 0.000000000
AQ:/ccrcc/cr: 0.000000000 0.466836286 0.533163714
AQ:/ccrcc/rc: 0.000000000 0.409314160 0.590685840
AQ:/ccrcc/rf: 0.000000000 0.525638464 0.474361536
AQ:/ccrcf/c: 0.082381072 0.917618928 0.000000000
AQ:/ccrcf/r: 0.000000000 0.576838964 0.423161036
AQ:/ccrfc/c: 0.275308481 0.724691519 0.000000000
AQ:/ccrfc/r: 0.000000000 0.120507614 0.879492386
AQ:/crcc/cc: 0.368230195 0.631769805 0.000000000
AQ:/crcc/cr: 0.000000000 0.355862618 0.644137382
AQ:/crcc/rc: 0.000000000 0.427781542 0.572218458
AQ:/crcc/rf: 0.000000000 0.438544986 0.561455014
AQ:/crcf/c: 0.347455310 0.652544690 0.000000000
AQ:/crcf/r: 0.000000000 0.192782632 0.807217368
AQ:/rcc/cc: 0.470995220 0.529004780 0.000000000
AQ:/rcc/cr: 0.000000000 1.000000000 0.000000000
AQ:/rcc/rc: 0.000000000 0.979873357 0.020126643
AQ:/rcc/rf: 0.000000000 0.892615811 0.107384189
AQ:/rfc/c: 0.629979035 0.370020965 0.000000000
AQ:/rfc/r: 0.000000000 0.203050263 0.796949737
J:/cc: 0.024358535 0.975641465 0.000000000
J:/cr: 0.000000000 0.228617163 0.771382837
J:/rc: 0.000000000 0.327592435 0.672407565
J:/rf: 0.000000000 0.569030115 0.430969885
JA:/ccc/cc: 0.724807102 0.275192898 0.000000000
JA:/ccc/cr: 0.000000000 0.517994421 0.482005579
JA:/ccc/rc: 0.000000000 0.504811473 0.495188527
JA:/ccc/rf: 0.000000000 0.057872558 0.942127442
JA:/ccrcc/cc: 0.278256033 0.721743967 0.000000000
JA:/ccrcc/cr: 0.000000000 0.170215900 0.829784100
JA:/ccrcc/rc: 0.000000000 0.090772107 0.909227893
JA:/ccrcc/rf: 0.000000000 0.557975124 0.442024876
JA:/ccrcf/c: 0.711485181 0.288514819 0.000000000
JA:/ccrcf/r: 0.000000000 0.012117646 0.987882354
JA:/ccrfc/c: 0.536399318 0.463600682 0.000000000
JA:/ccrfc/r: 0.000000000 0.828463604 0.171536396
JA:/crcc/cc: 0.766981338 0.233018662 0.000000000
JA:/crcc/cr: 0.000000000 0.485627253 0.514372747
JA:/crcc/rc: 0.000000000 0.827802794 0.172197206
JA:/crcc/rf: 0.000000000 0.479812566 0.520187434
JA:/crcf/c: 0.463238919 0.536761081 0.000000000
JA:/crcf/r: 0.000000000 0.279042401 0.720957599
JA:/rcc/cc: 0.798471463 0.201528537 0.000000000
JA:/rcc/cr: 0.000000000 0.847528293 0.152471707
JA:/rcc/rc: 0.000000000 0.000000000 1.000000000
JA:/rcc/rf: 0.000000000 0.322532623 0.677467377
JA:/rfc/c: 0.167751780 0.832248220 0.000000000
JA:/rfc/r: 0.000000000 0.382005177 0.617994823
JJ:/ccc/cc: 0.315988078 0.684011922 0.000000000
JJ:/ccc/cr: 0.000000000 0.968797797 0.031202203
JJ:/ccc/rc: 0.000000000 0.064836914 0.935163086
JJ:/ccc/rf: 0.000000000 0.513570491 0.486429509
JJ:/ccrcc/cc: 0.687811049 0.312188951 0.000000000
JJ:/ccrcc/cr: 0.000000000 0.451084115 0.548915885
JJ:/ccrcc/rc: 0.000000000 0.012623955 0.987376045
JJ:/ccrcc/rf: 0.000000000 0.386213869 0.613786131
JJ:/ccrcf/c: 0.826964848 0.173035152 0.000000000
JJ:/ccrcf/r: 0.000000000 0.555381697 0.444618303
JJ:/ccrfc/c: 0.630441973 0.369558027 0.000000000
JJ:/ccrfc/r: 0.000000000 0.513035970 0.486964030
JJ:/crcc/cc: 0.620164041 0.379835959 0.000000000
JJ:/crcc/cr: 0.000000000 0.353565653 0.646434347
JJ:/crcc/rc: 0.000000000 0.871768028 0.128231972
JJ:/crcc/rf: 0.000000000 0.481531613 0.518468387
JJ:/crcf/c: 0.982724038 0.017275962 0.000000000
JJ:/crcf/r: 0.000000000 0.630444790 0.369555210
JJ:/rcc/cc: 0.960505374 0.039494626 0.000000000
JJ:/rcc/cr: 0.000000000 0.905313927 0.094686073
JJ:/rcc/rc: 0.000000000 1.000000000 0.000000000
JJ:/rcc/rf: 0.000000000 0.426917145 0.573082855
JJ:/rfc/c: 0.531898589 0.468101411 0.000000000
JJ:/rfc/r: 0.000000000 0.642698201 0.357301799
JK:/ccc/cc: 0.303089495 0.696910505 0.000000000
JK:/ccc/cr: 0.000000000 0.668686826 0.331313174
JK:/ccc/rc: 0.000000000 0.685958556 0.314041444
JK:/ccc/rf: 0.000000000 0.324326990 0.675673010
JK:/ccrcc/cc: 0.410156770 0.589843230 0.000000000
JK:/ccrcc/cr: 0.000000000 0.536016181 0.463983819
JK:/ccrcc/rc: 0.000000000 0.422214090 0.577785910
JK:/ccrcc/rf: 0.000000000 0.620402171 0.379597829
JK:/ccrcf/c: 0.297382013 0.702617987 0.000000000
JK:/ccrcf/r: 0.000000000 0.444970170 0.555029830
JK:/ccrfc/c: 0.329308478 0.670691522 0.000000000
JK:/ccrfc/r: 0.000000000 0.738270617 0.261729383
JK:/crcc/cc: 0.786787134 0.213212866 0.000000000
JK:/crcc/cr: 0.000000000 0.763761785 0.236238215
JK:/crcc/rc: 0.000000000 0.033102398 0.966897602
JK:/crcc/rf: 0.000000000 0.439632670 0.560367330
JK:/crcf/c: 0.995809274 0.004190726 0.000000000
JK:/crcf/r: 0.000000000 0.224074167 0.775925833
JK:/rcc/cc: 0.128413184 0.871586816 0.000000000
JK:/rcc/cr: 0.000000000 0.531377765 0.468622235
JK:/rcc/rc: 0.000000000 0.340210165 0.659789835
JK:/rcc/rf: 0.000000000 0.623211327 0.376788673
JK:/rfc/c: 0.791457806 0.208542194 0.000000000
JK:/rfc/r: 0.000000000 0.960920792 0.039079208
JQ:/ccc/cc: 0.326123889 0.673876111 0.000000000
JQ:/ccc/cr: 0.000000000 0.712056818 0.287943182
JQ:/ccc/rc: 0.000000000 0.311860402 0.688139598
JQ:/ccc/rf: 0.000000000 0.138560942 0.861439058
JQ:/ccrcc/cc: 0.822723178 0.177276822 0.000000000
JQ:/ccrcc/cr: 0.000000000 0.345340128 0.654659872
JQ:/ccrcc/rc: 0.000000000 0.023706273 0.976293727
JQ:/ccrcc/rf: 0.000000000 0.201955023 0.798044977
JQ:/ccrcf/c: 0.360945761 0.639054239 0.000000000
JQ:/ccrcf/r: 0.000000000 0.344146738 0.655853262
JQ:/ccrfc/c: 0.642188131 0.357811869 0.000000000
JQ:/ccrfc/r: 0.000000000 0.396318177 0.603681823
JQ:/crcc/cc: 0.189748431 0.810251569 0.000000000
JQ:/crcc/cr: 0.000000000 0.043384696 0.956615304
JQ:/crcc/rc: 0.000000000 0.940132188 0.059867812
JQ:/crcc/rf: 0.000000000 0.732721607 0.267278393
JQ:/crcf/c: 0.525786085 0.474213915 0.000000000
JQ:/crcf/r: 0.000000000 0.821141449 0.178858551
JQ:/rcc/cc: 0.394445401 0.605554599 0.000000000
JQ:/rcc/cr: 0.000000000 0.370799885 0.629200115
JQ:/rcc/rc: 0.000000000 0.234936906 0.765063094
JQ:/rcc/rf: 0.000000000 0.283015573 0.716984427
JQ:/rfc/c: 0.518533330 0.481466670 0.000000000
JQ:/rfc/r: 0.000000000 0.845914670 0.154085330
K:/cc: 0.501792276 0.498207724 0.000000000
K:/cr: 0.000000000 0.578294490 0.421705510
K:/rc: 0.000000000 1.000000000 0.000000000
K:/rf: 0.000000000 1.000000000 0.000000000
KA:/ccc/cc: 0.495308758 0.504691242 0.000000000
KA:/ccc/cr: 0.000000000 0.870675273 0.129324727
KA:/ccc/rc: 0.000000000 0.616368851 0.383631149
KA:/ccc/rf: 0.000000000 0.495893759 0.504106241
KA:/ccrcc/cc: 0.126073961 0.873926039 0.000000000
KA:/ccrcc/cr: 0.000000000 0.736644576 0.263355424
KA:/ccrcc/rc: 0.000000000 0.448404398 0.551595602
KA:/ccrcc/rf: 0.000000000 0.468952943 0.531047057
KA:/ccrcf/c: 0.270645377 0.729354623 0.000000000
KA:/ccrcf/r: 0.000000000 0.633567919 0.366432081
KA:/ccrfc/c: 0.566309662 0.433690338 0.000000000
KA:/ccrfc/r: 0.000000000 0.658713906 0.341286094
KA:/crcc/cc: 0.603279339 0.396720661 0.000000000
KA:/crcc/cr: 0.000000000 0.801979950 0.198020050
KA:/crcc/rc: 0.000000000 0.656899624 0.343100376
KA:/crcc/rf: 0.000000000 0.670558830 0.329441170
KA:/crcf/c: 0.963295760 0.036704240 0.000000000
KA:/crcf/r: 0.000000000 0.868920186 0.131079814
KA:/rcc/cc: 0.741658536 0.258341464 0.000000000
KA:/rcc/cr: 0.000000000 0.705571761 0.294428239
KA:/rcc/rc: 0.000000000 0.964742764 0.035257236
KA:/rcc/rf: 0.000000000 0.211438899 0.788561101
KA:/rfc/c: 0.494958383 0.505041617 0.000000000
KA:/rfc/r: 0.000000000 0.549251905 0.450748095
KJ:/ccc/cc: 0.522142544 0.477857456 0.000000000
KJ:/ccc/cr: 0.000000000 0.139920582 0.860079418
KJ:/ccc/rc: 0.000000000 0.562487063 0.437512937
KJ:/ccc/rf: 0.000000000 0.393031171 0.606968829
KJ:/ccrcc/cc: 0.525098513 0.474901487 0.000000000
KJ:/ccrcc/cr: 0.000000000 0.476630799 0.523369201
KJ:/ccrcc/rc: 0.000000000 0.725641322 0.274358678
KJ:/ccrcc/rf: 0.000000000 0.673279893 0.326720107
KJ:/ccrcf/c: 0.608358116 0.391641884 0.000000000
KJ:/ccrcf/r: 0.000000000 0.608414803 0.391585197
KJ:/ccrfc/c: 0.823247299 0.176752701 0.000000000
KJ:/ccrfc/r: 0.000000000 0.843095525 0.156904475
KJ:/crcc/cc: 0.512801393 0.487198607 0.000000000
KJ:/crcc/cr: 0.000000000 0.466490329 0.533509671
KJ:/crcc/rc: 0.000000000 0.491850872 0.508149128
KJ:/crcc/rf: 0.000000000 0.649009724 0.350990276
KJ:/crcf/c: 0.503105005 0.496894995 0.000000000
KJ:/crcf/r: 0.000000000 0.615015833 0.384984167
KJ:/rcc/cc: 0.500582518 0.499417482 0.000000000
KJ:/rcc/cr: 0.000000000 0.466452784 0.533547216
KJ:/rcc/rc: 0.000000000 0.072204532 0.927795468
KJ:/rcc/rf: 0.000000000 0.445183966 0.554816034
KJ:/rfc/c: 0.770678918 0.229321082 0.000000000
KJ:/rfc/r: 0.000000000 0.535757043 0.464242957
KK:/ccc/cc: 0.562834005 0.437165995 0.000000000
KK:/ccc/cr: 0.000000000 0.193572221 0.806427779
KK:/ccc/rc: 0.000000000 0.559550961 0.440449039
KK:/ccc/rf: 0.000000000 0.471432607 0.528567393
KK:/ccrcc/cc: 0.759117720 0.240882280 0.000000000
KK:/ccrcc/cr: 0.000000000 0.606363444 0.393636556
KK:/ccrcc/rc: 0.000000000 0.204598575 0.795401425
KK:/ccrcc/rf: 0.000000000 0.433757919 0.566242081
KK:/ccrcf/c: 0.576440448 0.423559552 0.000000000
KK:/ccrcf/r: 0.000000000 0.078744515 0.921255485
KK:/ccrfc/c: 0.458076808 0.541923192 0.000000000
KK:/ccrfc/r: 0.000000000 0.448412042 0.551587958
KK:/crcc/cc: 0.593434753 0.406565247 0.000000000
KK:/crcc/cr: 0.000000000 0.640545330 0.359454670
KK:/crcc/rc: 0.000000000 0.520383496 0.479616504
KK:/crcc/rf: 0.000000000 0.475558211 0.524441789
KK:/crcf/c: 0.381363597 0.618636403 0.000000000
KK:/crcf/r: 0.000000000 0.545646821 0.454353179
KK:/rcc/cc: 0.085487012 0.914512988 0.000000000
KK:/rcc/cr: 0.000000000 0.997111285 0.002888715
KK:/rcc/rc: 0.000000000 1.000000000 0.000000000
KK:/rcc/rf: 0.000000000 0.580910897 0.419089103
KK:/rfc/c: 0.992779300 0.007220700 0.000000000
KK:/rfc/r: 0.000000000 0.436690335 0.563309665
KQ:/ccc/cc: 0.546750036 0.453249964 0.000000000
KQ:/ccc/cr: 0.000000000 0.608680419 0.391319581
KQ:/ccc/rc: 0.000000000 0.263560576 0.736439424
KQ:/ccc/rf: 0.000000000 0.376467129 0.623532871
KQ:/ccrcc/cc: 0.667346756 0.332653244 0.000000000
KQ:/ccrcc/cr: 0.000000000 0.639624578 0.360375422
KQ:/ccrcc/rc: 0.000000000 0.400788551 0.599211449
KQ:/ccrcc/rf: 0.000000000 0.407768901 0.592231099
KQ:/ccrcf/c: 0.394153692 0.605846308 0.000000000
KQ:/ccrcf/r: 0.000000000 0.513014143 0.486985857
KQ:/ccrfc/c: 0.583456148 0.416543852 0.000000000
KQ:/ccrfc/r: 0.000000000 0.451691108 0.548308892
KQ:/crcc/cc: 0.666789480 0.333210520 0.000000000
KQ:/crcc/cr: 0.000000000 0.122253591 0.877746409
KQ:/crcc/rc: 0.000000000 0.302655907 0.697344093
KQ:/crcc/rf: 0.000000000 0.145070443 0.854929557
KQ:/crcf/c: 0.654018846 0.345981154 0.000000000
KQ:/crcf/r: 0.000000000 0.465896684 0.534103316
KQ:/rcc/cc: 0.201956775 0.798043225 0.000000000
KQ:/rcc/cr: 0.000000000 0.306139522 0.693860478
KQ:/rcc/rc: 0.000000000 0.128565984 0.871434016
KQ:/rcc/rf: 0.000000000 0.137029400 0.862970600
KQ:/rfc/c: 0.877347788 0.122652212 0.000000000
KQ:/rfc/r: 0.000000000 0.388578047 0.611421953
Q:/cc: 0.556346301 0.443653699 0.000000000
Q:/cr: 0.000000000 0.232889574 0.767110426
Q:/rc: 0.000000000 1.000000000 0.000000000
Q:/rf: 0.000000000 0.628648491 0.371351509
QA:/ccc/cc: 0.820418117 0.179581883 0.000000000
QA:/ccc/cr: 0.000000000 0.985246033 0.014753967
QA:/ccc/rc: 0.000000000 0.436458723 0.563541277
QA:/ccc/rf: 0.000000000 0.689266385 0.310733615
QA:/ccrcc/cc: 0.634306227 0.365693773 0.000000000
QA:/ccrcc/cr: 0.000000000 0.484807055 0.515192945
QA:/ccrcc/rc: 0.000000000 0.382966580 0.617033420
QA:/ccrcc/rf: 0.000000000 0.191712686 0.808287314
QA:/ccrcf/c: 0.001149160 0.998850840 0.000000000
QA:/ccrcf/r: 0.000000000 0.827741649 0.172258351
QA:/ccrfc/c: 0.505846808 0.494153192 0.000000000
QA:/ccrfc/r: 0.000000000 0.866122409 0.133877591
QA:/crcc/cc: 0.492982264 0.507017736 0.000000000
QA:/crcc/cr: 0.000000000 0.869843169 0.130156831
QA:/crcc/rc: 0.000000000 0.509167682 0.490832318
QA:/crcc/rf: 0.000000000 0.468377780 0.531622220
QA:/crcf/c: 0.372384960 0.627615040 0.000000000
QA:/crcf/r: 0.000000000 0.447990566 0.552009434
QA:/rcc/cc: 0.919145365 0.080854635 0.000000000
QA:/rcc/cr: 0.000000000 0.396433343 0.603566657
QA:/rcc/rc: 0.000000000 0.285353335 0.714646665
QA:/rcc/rf: 0.000000000 0.343097700 0.656902300
QA:/rfc/c: 0.743564307 0.256435693 0.000000000
QA:/rfc/r: 0.000000000 0.601375724 0.398624276
QJ:/ccc/cc: 0.625452762 0.374547238 0.000000000
QJ:/ccc/cr: 0.000000000 0.811854369 0.188145631
QJ:/ccc/rc: 0.000000000 0.836600480 0.163399520
QJ:/ccc/rf: 0.000000000 0.536587683 0.463412317
QJ:/ccrcc/cc: 0.413596783 0.586403217 0.000000000
QJ:/ccrcc/cr: 0.000000000 0.530179062 0.469820938
QJ:/ccrcc/rc: 0.000000000 0.921160106 0.078839894
QJ:/ccrcc/rf: 0.000000000 0.429062093 0.570937907
QJ:/ccrcf/c: 0.895877393 0.104122607 0.000000000
QJ:/ccrcf/r: 0.000000000 0.676714963 0.323285037
QJ:/ccrfc/c: 0.781638436 0.218361564 0.000000000
QJ:/ccrfc/r: 0.000000000 0.364153614 0.635846386
QJ:/crcc/cc: 0.502532979 0.497467021 0.000000000
QJ:/crcc/cr: 0.000000000 0.511467445 0.488532555
QJ:/crcc/rc: 0.000000000 0.455199692 0.544800308
QJ:/crcc/rf: 0.000000000 0.357705740 0.642294260
QJ:/crcf/c: 0.353662645 0.646337355 0.000000000
QJ:/crcf/r: 0.000000000 0.455781388 0.544218612
QJ:/rcc/cc: 0.122091633 0.877908367 0.000000000
QJ:/rcc/cr: 0.000000000 0.000000000 1.000000000
QJ:/rcc/rc: 0.000000000 0.074880208 0.925119792
QJ:/rcc/rf: 0.000000000 0.004148007 0.995851993
QJ:/rfc/c: 0.631844577 0.368155423 0.000000000
QJ:/rfc/r: 0.000000000 0.146253211 0.853746789
QK:/ccc/cc: 0.461338489 0.538661511 0.000000000
QK:/ccc/cr: 0.000000000 0.477619336 0.522380664
QK:/ccc/rc: 0.000000000 0.093697524 0.906302476
QK:/ccc/rf: 0.000000000 0.493086010 0.506913990
QK:/ccrcc/cc: 0.635417713 0.364582287 0.000000000
QK:/ccrcc/cr: 0.000000000 0.823519263 0.176480737
QK:/ccrcc/rc: 0.000000000 0.439431632 0.560568368
QK:/ccrcc/rf: 0.000000000 0.060017888 0.939982112
QK:/ccrcf/c: 0.143679382 0.856320618 0.000000000
QK:/ccrcf/r: 0.000000000 0.715761677 0.284238323
QK:/ccrfc/c: 0.331966088 0.668033912 0.000000000
QK:/ccrfc/r: 0.000000000 0.318361929 0.681638071
QK:/crcc/cc: 0.639603302 0.360396698 0.000000000
QK:/crcc/cr: 0.000000000 0.503376627 0.496623373
QK:/crcc/rc: 0.000000000 0.612972942 0.387027058
QK:/crcc/rf: 0.000000000 0.057958875 0.942041125
QK:/crcf/c: 0.593436806 0.406563194 0.000000000
QK:/crcf/r: 0.000000000 0.365232749 0.634767251
QK:/rcc/cc: 0.104012831 0.895987169 0.000000000
QK:/rcc/cr: 0.000000000 0.719361609 0.280638391
QK:/rcc/rc: 0.000000000 0.478209116 0.521790884
QK:/rcc/rf: 0.000000000 0.662098072 0.337901928
QK:/rfc/c: 0.546555580 0.453444420 0.000000000
QK:/rfc/r: 0.000000000 0.331203840 0.668796160
QQ:/ccc/cc: 0.167994336 0.832005664 0.000000000
QQ:/ccc/cr: 0.000000000 0.286162463 0.713837537
QQ:/ccc/rc: 0.000000000 0.798048852 0.201951148
QQ:/ccc/rf: 0.000000000 0.578698756 0.421301244
QQ:/ccrcc/cc: 0.406278085 0.593721915 0.000000000
QQ:/ccrcc/cr: 0.000000000 0.593432907 0.406567093
QQ:/ccrcc/rc: 0.000000000 0.489200880 0.510799120
QQ:/ccrcc/rf: 0.000000000 0.926836257 0.073163743
QQ:/ccrcf/c: 0.507600483 0.492399517 0.000000000
QQ:/ccrcf/r: 0.000000000 0.171526170 0.828473830
QQ:/ccrfc/c: 0.337746292 0.662253708 0.000000000
QQ:/ccrfc/r: 0.000000000 0.806194613 0.193805387
QQ:/crcc/cc: 0.501986754 0.498013246 0.000000000
QQ:/crcc/cr: 0.000000000 0.407716908 0.592283092
QQ:/crcc/rc: 0.000000000 0.878412862 0.121587138
QQ:/crcc/rf: 0.000000000 0.778800805 0.221199195
QQ:/crcf/c: 0.520729548 0.479270452 0.000000000
QQ:/crcf/r: 0.000000000 0.701589740 0.298410260
QQ:/rcc/cc: 0.091787054 0.908212946 0.000000000
QQ:/rcc/cr: 0.000000000 1.000000000 0.000000000
QQ:/rcc/rc: 0.000000000 1.000000000 0.000000000
QQ:/rcc/rf: 0.000000000 0.295884546 0.704115454
QQ:/rfc/c: 0.859500536 0.140499464 0.000000000
QQ:/rfc/r: 0.000000000 0.417526084 0.582473916
