A:/: 0.172359754 0.827640246 0.000000000
A:/cccr: 0.489493020 0.469780226 0.040726754
A:/cccrccrc: 0.413980295 0.420197990 0.165821715
A:/cccrccrccrcc: 0.000000000 0.919632349 0.080367651
A:/cccrccrccrcf: 0.000000000 0.373669252 0.626330748
A:/cccrccrccrfc: 0.000000000 0.894770951 0.105229049
A:/cccrccrccrff: 0.000000000 0.846096574 0.153903426
A:/cccrccrf: 0.278714985 0.571952260 0.149332755
A:/cccrccrfcrc: 0.000000000 0.520959905 0.479040095
A:/cccrccrfcrf: 0.000000000 0.595200195 0.404799805
A:/cccrccrr: 0.000000000 0.860069813 0.139930187
A:/cccrcfrc: 0.417317731 0.204273234 0.378409035
A:/cccrcfrf: 0.281194964 0.306351891 0.412453145
A:/cccrcfrr: 0.000000000 0.706197375 0.293802625
A:/cccrcrcc: 0.605852052 0.204433550 0.189714398
A:/cccrcrcf: 0.182404736 0.582090814 0.235504451
A:/cccrcrcr: 0.000000000 0.825620289 0.174379711
A:/cccrcrfc: 0.195576678 0.746913895 0.057509428
A:/cccrcrff: 0.181982005 0.534121605 0.283896389
A:/cccrcrfr: 0.000000000 0.594979452 0.405020548
A:/cccrcrrc: 0.000000000 0.283790957 0.716209043
A:/cccrcrrf: 0.000000000 0.243907749 0.756092251
A:/cccrrccr: 0.000000000 0.900918902 0.099081098
A:/cccrrcfr: 0.000000000 0.957070657 0.042929343
A:/cccrrcrc: 0.000000000 0.226527058 0.773472942
A:/cccrrcrf: 0.000000000 0.980039732 0.019960268
A:/cccrrfcr: 0.000000000 1.000000000 0.000000000
A:/cccrrffr: 0.000000000 0.255951354 0.744048646
A:/cccrrfrc: 0.000000000 0.659171658 0.340828342
A:/cccrrfrf: 0.000000000 0.645296752 0.354703248
A:/cccrrrcc: 0.000000000 0.980894317 0.019105683
A:/cccrrrcf: 0.000000000 0.607020515 0.392979485
A:/cccrrrfc: 0.000000000 0.934006207 0.065993793
A:/cccrrrff: 0.000000000 0.723361824 0.276638176
A:/ccrc: 0.233841309 0.526749357 0.239409334
A:/ccrccrcc: 0.449393356 0.053898153 0.496708491
A:/ccrccrcf: 0.147380135 0.374928133 0.477691732
A:/ccrccrcr: 0.000000000 0.554975529 0.445024471
A:/ccrccrfc: 0.899891164 0.000019309 0.100089527
A:/ccrccrff: 0.036425576 0.530680389 0.432894035
A:/ccrccrfr: 0.000000000 0.443266387 0.556733613
A:/ccrccrrc: 0.000000000 0.574934375 0.425065625
A:/ccrccrrf: 0.000000000 0.511239656 0.488760344
A:/ccrcrccr: 0.000000000 0.354001268 0.645998732
A:/ccrcrcfr: 0.000000000 0.403488465 0.596511535
A:/ccrcrcrc: 0.000000000 0.252171652 0.747828348
A:/ccrcrcrf: 0.000000000 0.932567089 0.067432911
A:/ccrcrfcr: 0.000000000 0.432674363 0.567325637
A:/ccrcrffr: 0.000000000 0.943462279 0.056537721
A:/ccrcrfrc: 0.000000000 0.120133915 0.879866085
A:/ccrcrfrf: 0.000000000 0.250212980 0.749787020
A:/ccrcrrcc: 0.000000000 0.836672478 0.163327522
A:/ccrcrrcf: 0.000000000 0.010497054 0.989502946
A:/ccrcrrfc: 0.000000000 0.668818548 0.331181452
A:/ccrcrrff: 0.000000000 0.256029854 0.743970146
A:/ccrf: 0.361299918 0.157856585 0.480843497
A:/ccrfcrc: 0.187919746 0.456084742 0.355995512
A:/ccrfcrf: 0.386096827 0.132031922 0.481871251
A:/ccrfcrr: 0.000000000 0.617109413 0.382890587
A:/ccrfrcr: 0.000000000 0.742382469 0.257617531
A:/ccrfrfr: 0.000000000 0.187693220 0.812306780
A:/ccrfrrc: 0.000000000 0.093078779 0.906921221
A:/ccrfrrf: 0.000000000 0.460773228 0.539226772
A:/ccrr: 0.524188103 0.472885645 0.002926252
A:/ccrrccrc: 0.000000000 0.597142863 0.402857137
A:/ccrrccrf: 0.000000000 0.296621232 0.703378768
A:/ccrrcfrc: 0.000000000 0.235181006 0.764818994
A:/ccrrcfrf: 0.000000000 0.565210246 0.434789754
A:/ccrrcrcc: 0.000000000 0.547031828 0.452968172
A:/ccrrcrcf: 0.000000000 0.597693859 0.402306141
A:/ccrrcrfc: 0.000000000 0.252672009 0.747327991
A:/ccrrcrff: 0.000000000 0.545575615 0.454424385
A:/crcc: 0.415124678 0.584449354 0.000425968
A:/crccrccr: 0.000000000 0.322508521 0.677491479
A:/crccrcfr: 0.000000000 0.704914797 0.295085203
A:/crccrcrc: 0.000000000 0.100419399 0.899580601
A:/crccrcrf: 0.000000000 0.636138534 0.363861466
A:/crccrfcr: 0.000000000 0.567969388 0.432030612
A:/crccrffr: 0.000000000 0.114980781 0.885019219
A:/crccrfrc: 0.000000000 0.292097858 0.707902142
A:/crccrfrf: 0.000000000 0.459687416 0.540312584
A:/crccrrcc: 0.000000000 0.721103200 0.278896800
A:/crccrrcf: 0.000000000 0.593474640 0.406525360
A:/crccrrfc: 0.000000000 0.571721375 0.428278625
A:/crccrrff: 0.000000000 0.796324552 0.203675448
A:/crcf: 0.306821488 0.693121993 0.000056519
A:/crcfrcr: 0.000000000 0.112173249 0.887826751
A:/crcfrfr: 0.000000000 0.455109133 0.544890867
A:/crcfrrc: 0.000000000 0.498856240 0.501143760
A:/crcfrrf: 0.000000000 0.495822888 0.504177112
A:/crcr: 0.522970720 0.139614109 0.337415171
A:/crcrccrc: 0.000000000 0.721707845 0.278292155
A:/crcrccrf: 0.000000000 0.663681314 0.336318686
A:/crcrcfrc: 0.000000000 0.690370274 0.309629726
A:/crcrcfrf: 0.000000000 0.423103737 0.576896263
A:/crcrcrcc: 0.000000000 0.388591315 0.611408685
A:/crcrcrcf: 0.000000000 0.283254838 0.716745162
A:/crcrcrfc: 0.000000000 0.620385298 0.379614702
A:/crcrcrff: 0.000000000 0.169477452 0.830522548
A:/crfc: 0.565980142 0.406619917 0.027399941
A:/crfcrcr: 0.000000000 0.869443078 0.130556922
A:/crfcrfr: 0.000000000 0.601034008 0.398965992
A:/crfcrrc: 0.000000000 0.704984763 0.295015237
A:/crfcrrf: 0.000000000 0.768181067 0.231818933
A:/crff: 0.047983151 0.570720548 0.381296301
A:/crffrr: 0.000000000 0.706226978 0.293773022
A:/crfr: 0.576370287 0.314083243 0.109546469
A:/crfrcrc: 0.000000000 0.573627938 0.426372062
A:/crfrcrf: 0.000000000 0.728615426 0.271384574
A:/crrc: 0.185295554 0.009375068 0.805329377
A:/crrccrcc: 0.000000000 0.977619570 0.022380430
A:/crrccrcf: 0.000000000 0.136133075 0.863866925
A:/crrccrfc: 0.000000000 0.472573101 0.527426899
A:/crrccrff: 0.000000000 0.092139881 0.907860119
A:/crrf: 0.820554638 0.179378545 0.000066816
A:/crrfcrc: 0.000000000 0.808544082 0.191455918
A:/crrfcrf: 0.000000000 0.124040170 0.875959830
A:/crrr: 0.000000000 0.725964001 0.274035999
A:/rccr: 0.467785019 0.400754861 0.131460120
A:/rccrccrc: 0.000000000 0.525045660 0.474954340
A:/rccrccrf: 0.000000000 0.217156944 0.782843056
A:/rccrcfrc: 0.000000000 0.518042303 0.481957697
A:/rccrcfrf: 0.000000000 0.252074553 0.747925447
A:/rccrcrcc: 0.000000000 0.973323242 0.026676758
A:/rccrcrcf: 0.000000000 0.249927995 0.750072005
A:/rccrcrfc: 0.000000000 0.813202813 0.186797187
A:/rccrcrff: 0.000000000 0.762809187 0.237190813
A:/rcfr: 0.586685519 0.096088119 0.317226362
A:/rcfrcrc: 0.000000000 0.411279518 0.588720482
A:/rcfrcrf: 0.000000000 0.553092338 0.446907662
A:/rcrc: 0.272989277 0.430959016 0.296051707
A:/rcrccrcc: 0.000000000 0.926061647 0.073938353
A:/rcrccrcf: 0.000000000 0.406829736 0.593170264
A:/rcrccrfc: 0.000000000 0.399552929 0.600447071
A:/rcrccrff: 0.000000000 0.517322873 0.482677127
A:/rcrf: 0.842251612 0.040807477 0.116940911
A:/rcrfcrc: 0.000000000 0.696902711 0.303097289
A:/rcrfcrf: 0.000000000 0.313998945 0.686001055
A:/rcrr: 0.000000000 0.641284968 0.358715032
A:/rfcr: 0.387941205 0.611835190 0.000223604
A:/rfcrcrc: 0.000000000 0.616835235 0.383164765
A:/rfcrcrf: 0.000000000 0.339055351 0.660944649
A:/rffr: 0.393982124 0.348043087 0.257974789
A:/rfrc: 0.573917096 0.425974690 0.000108214
A:/rfrf: 0.495474250 0.313262634 0.191263115
A:/rfrr: 0.000000000 0.875570527 0.124429473
A:/rrcc: 0.630592723 0.221771891 0.147635386
A:/rrcf: 0.617220541 0.331708241 0.051071218
A:/rrcr: 0.000000000 0.764645855 0.235354145
A:/rrfc: 0.535921272 0.154197952 0.309880776
A:/rrff: 0.177111957 0.708693359 0.114194684
A:/rrfr: 0.000000000 0.434063098 0.565936902
A:/rrrc: 0.000000000 0.732261316 0.267738684
A:/rrrf: 0.000000000 0.720549553 0.279450447
J:/: 0.002904463 0.997095537 0.000000000
J:/cccr: 0.000551909 0.000000000 0.999448091
J:/cccrccrc: 0.000070751 0.999929249 0.000000000
J:/cccrccrccrcc: 0.000000000 0.531440490 0.468559510
J:/cccrccrccrcf: 0.000000000 0.909748403 0.090251597
J:/cccrccrccrfc: 0.000000000 0.333764897 0.666235103
J:/cccrccrccrff: 0.000000000 0.836477718 0.163522282
J:/cccrccrf: 0.359186058 0.326042497 0.314771445
J:/cccrccrfcrc: 0.000000000 0.750506593 0.249493407
J:/cccrccrfcrf: 0.000000000 0.476607386 0.523392614
J:/cccrccrr: 0.000000000 0.988960522 0.011039478
J:/cccrcfrc: 0.053641453 0.361023986 0.585334561
J:/cccrcfrf: 0.174862794 0.314331482 0.510805725
J:/cccrcfrr: 0.000000000 0.096825761 0.903174239
J:/cccrcrcc: 0.477970451 0.006927897 0.515101652
J:/cccrcrcf: 0.452313945 0.030760496 0.516925558
J:/cccrcrcr: 0.000000000 0.056139590 0.943860410
J:/cccrcrfc: 0.345642622 0.075782114 0.578575264
J:/cccrcrff: 0.541879600 0.134138772 0.323981628
J:/cccrcrfr: 0.000000000 0.000000000 1.000000000
J:/cccrcrrc: 0.000000000 0.584336042 0.415663958
J:/cccrcrrf: 0.000000000 0.498644087 0.501355913
J:/cccrrccr: 0.000000000 0.699675720 0.300324280
J:/cccrrcfr: 0.000000000 0.000000000 1.000000000
J:/cccrrcrc: 0.000000000 1.000000000 0.000000000
J:/cccrrcrf: 0.000000000 0.357637939 0.642362061
J:/cccrrfcr: 0.000000000 0.362927843 0.637072157
J:/cccrrffr: 0.000000000 0.324145177 0.675854823
J:/cccrrfrc: 0.000000000 0.238800254 0.761199746
J:/cccrrfrf: 0.000000000 0.985074395 0.014925605
J:/cccrrrcc: 0.000000000 0.578230914 0.421769086
J:/cccrrrcf: 0.000000000 0.412138121 0.587861879
J:/cccrrrfc: 0.000000000 0.000000000 1.000000000
J:/cccrrrff: 0.000000000 0.049465962 0.950534038
J:/ccrc: 0.000000000 0.637562531 0.362437469
J:/ccrccrcc: 0.142541251 0.541970995 0.315487754
J:/ccrccrcf: 0.054021255 0.434854615 0.511124130
J:/ccrccrcr: 0.000000000 0.803417927 0.196582073
J:/ccrccrfc: 0.465408218 0.473668294 0.060923488
J:/ccrccrff: 0.822776542 0.023087428 0.154136030
J:/ccrccrfr: 0.000000000 0.442459289 0.557540711
J:/ccrccrrc: 0.000000000 0.426046481 0.573953519
J:/ccrccrrf: 0.000000000 0.539415440 0.460584560
J:/ccrcrccr: 0.000000000 0.320022043 0.679977957
J:/ccrcrcfr: 0.000000000 0.007579748 0.992420252
J:/ccrcrcrc: 0.000000000 0.433396777 0.566603223
J:/ccrcrcrf: 0.000000000 0.542080532 0.457919468
J:/ccrcrfcr: 0.000000000 0.675143349 0.324856651
J:/ccrcrffr: 0.000000000 0.816944901 0.183055099
J:/ccrcrfrc: 0.000000000 0.821153612 0.178846388
J:/ccrcrfrf: 0.000000000 0.310439576 0.689560424
J:/ccrcrrcc: 0.000000000 0.433653819 0.566346181
J:/ccrcrrcf: 0.000000000 0.519163448 0.480836552
J:/ccrcrrfc: 0.000000000 0.739785069 0.260214931
J:/ccrcrrff: 0.000000000 0.358910088 0.641089912
J:/ccrf: 0.513630510 0.486369490 0.000000000
J:/ccrfcrc: 0.090064995 0.330665248 0.579269757
J:/ccrfcrf: 0.578517695 0.340948487 0.080533818
J:/ccrfcrr: 0.000000000 0.475762241 0.524237759
J:/ccrfrcr: 0.000000000 0.379605288 0.620394712
J:/ccrfrfr: 0.000000000 0.649061441 0.350938559
J:/ccrfrrc: 0.000000000 0.488822396 0.511177604
J:/ccrfrrf: 0.000000000 0.740326332 0.259673668
J:/ccrr: 0.000000000 0.580121970 0.419878030
J:/ccrrccrc: 0.000000000 0.953112275 0.046887725
J:/ccrrccrf: 0.000000000 0.772089607 0.227910393
J:/ccrrcfrc: 0.000000000 0.247384404 0.752615596
J:/ccrrcfrf: 0.000000000 0.581372128 0.418627872
J:/ccrrcrcc: 0.000000000 0.491511167 0.508488833
J:/ccrrcrcf: 0.000000000 0.631799950 0.368200050
J:/ccrrcrfc: 0.000000000 0.810103917 0.189896083
J:/ccrrcrff: 0.000000000 0.548147316 0.451852684
J:/crcc: 0.640713320 0.218785104 0.140501576
J:/crccrccr: 0.000000000 0.533233566 0.466766434
J:/crccrcfr: 0.000000000 0.237747999 0.762252001
J:/crccrcrc: 0.000000000 0.499342490 0.500657510
J:/crccrcrf: 0.000000000 0.158614388 0.841385612
J:/crccrfcr: 0.000000000 0.661092212 0.338907788
J:/crccrffr: 0.000000000 0.277000938 0.722999062
J:/crccrfrc: 0.000000000 0.419357639 0.580642361
J:/crccrfrf: 0.000000000 0.487077925 0.512922075
J:/crccrrcc: 0.000000000 0.031660658 0.968339342
J:/crccrrcf: 0.000000000 0.211940308 0.788059692
J:/crccrrfc: 0.000000000 0.833159244 0.166840756
J:/crccrrff: 0.000000000 0.492571146 0.507428854
J:/crcf: 0.011450188 0.595725429 0.392824384
J:/crcfrcr: 0.000000000 0.193661895 0.806338105
J:/crcfrfr: 0.000000000 0.233376057 0.766623943
J:/crcfrrc: 0.000000000 0.295341666 0.704658334
J:/crcfrrf: 0.000000000 0.808355477 0.191644523
J:/crcr: 0.379372134 0.080627398 0.540000468
J:/crcrccrc: 0.000000000 0.358439798 0.641560202
J:/crcrccrf: 0.000000000 0.807947024 0.192052976
J:/crcrcfrc: 0.000000000 0.337825524 0.662174476
J:/crcrcfrf: 0.000000000 0.446142133 0.553857867
J:/crcrcrcc: 0.000000000 0.685620573 0.314379427
J:/crcrcrcf: 0.000000000 0.956230316 0.043769684
J:/crcrcrfc: 0.000000000 0.478545419 0.521454581
J:/crcrcrff: 0.000000000 0.742713288 0.257286712
J:/crfc: 0.000004972 0.000000000 0.999995028
J:/crfcrcr: 0.000000000 0.000000000 1.000000000
J:/crfcrfr: 0.000000000 0.999574207 0.000425793
J:/crfcrrc: 0.000000000 0.002421529 0.997578471
J:/crfcrrf: 0.000000000 0.124221197 0.875778803
J:/crff: 0.000024757 0.027936839 0.972038404
J:/crffrr: 0.000000000 0.000000000 1.000000000
J:/crfr: 0.177758673 0.194708220 0.627533107
J:/crfrcrc: 0.000000000 0.080851009 0.919148991
J:/crfrcrf: 0.000000000 0.484689769 0.515310231
J:/crrc: 0.012027853 0.403712997 0.584259150
J:/crrccrcc: 0.000000000 0.622598427 0.377401573
J:/crrccrcf: 0.000000000 0.635318354 0.364681646
J:/crrccrfc: 0.000000000 0.988248696 0.011751304
J:/crrccrff: 0.000000000 0.417952412 0.582047588
J:/crrf: 0.181070877 0.171068898 0.647860225
J:/crrfcrc: 0.000000000 0.484498674 0.515501326
J:/crrfcrf: 0.000000000 0.331484145 0.668515855
J:/crrr: 0.000000000 0.049140057 0.950859943
J:/rccr: 0.464721609 0.058413374 0.476865017
J:/rccrccrc: 0.000000000 0.889410093 0.110589907
J:/rccrccrf: 0.000000000 0.515073994 0.484926006
J:/rccrcfrc: 0.000000000 0.474540446 0.525459554
J:/rccrcfrf: 0.000000000 0.441304243 0.558695757
J:/rccrcrcc: 0.000000000 0.882958534 0.117041466
J:/rccrcrcf: 0.000000000 0.262901111 0.737098889
J:/rccrcrfc: 0.000000000 0.912857018 0.087142982
J:/rccrcrff: 0.000000000 0.067926433 0.932073567
J:/rcfr: 0.149294020 0.339933441 0.510772539
J:/rcfrcrc: 0.000000000 0.550672085 0.449327915
J:/rcfrcrf: 0.000000000 0.224282313 0.775717687
J:/rcrc: 0.232931285 0.654113190 0.112955525
J:/rcrccrcc: 0.000000000 0.241363406 0.758636594
J:/rcrccrcf: 0.000000000 0.146618209 0.853381791
J:/rcrccrfc: 0.000000000 0.185552728 0.814447272
J:/rcrccrff: 0.000000000 0.556937929 0.443062071
J:/rcrf: 0.143233420 0.785259167 0.071507413
J:/rcrfcrc: 0.000000000 0.433279507 0.566720493
J:/rcrfcrf: 0.000000000 0.094650364 0.905349636
J:/rcrr: 0.000000000 0.365390822 0.634609178
J:/rfcr: 0.001294900 0.106411213 0.892293888
J:/rfcrcrc: 0.000000000 0.393948590 0.606051410
J:/rfcrcrf: 0.000000000 0.234289718 0.765710282
J:/rffr: 0.000225840 0.000000000 0.999774160
J:/rfrc: 0.002930764 0.000897257 0.996171979
J:/rfrf: 0.207781916 0.216027147 0.576190937
J:/rfrr: 0.000000000 0.000852767 0.999147233
J:/rrcc: 0.000316980 0.000000000 0.999683020
J:/rrcf: 0.000313086 0.000000000 0.999686914
J:/rrcr: 0.000000000 0.000037845 0.999962155
J:/rrfc: 0.976039108 0.000000000 0.023960892
J:/rrff: 0.000034006 0.748461965 0.251504029
J:/rrfr: 0.000000000 1.000000000 0.000000000
J:/rrrc: 0.000000000 0.000099349 0.999900651
J:/rrrf: 0.000000000 0.000472147 0.999527853
K:/: 0.001961253 0.998038747 0.000000000
K:/cccr: 0.001362416 0.000000000 0.998637584
K:/cccrccrc: 0.057121565 0.268357465 0.674520970
K:/cccrccrccrcc: 0.000000000 0.656546236 0.343453764
K:/cccrccrccrcf: 0.000000000 0.295263599 0.704736401
K:/cccrccrccrfc: 0.000000000 0.087717953 0.912282047
K:/cccrccrccrff: 0.000000000 0.830447434 0.169552566
K:/cccrccrf: 0.443737124 0.556262876 0.000000000
K:/cccrccrfcrc: 0.000000000 0.592718885 0.407281115
K:/cccrccrfcrf: 0.000000000 0.591652078 0.408347922
K:/cccrccrr: 0.000000000 0.629375311 0.370624689
K:/cccrcfrc: 0.000000000 0.575914353 0.424085647
K:/cccrcfrf: 0.545814938 0.158270849 0.295914213
K:/cccrcfrr: 0.000000000 0.308852509 0.691147491
K:/cccrcrcc: 0.740854960 0.001056155 0.258088885
K:/cccrcrcf: 0.678918730 0.255087028 0.065994242
K:/cccrcrcr: 0.000000000 0.767861057 0.232138943
K:/cccrcrfc: 0.596687396 0.332553063 0.070759540
K:/cccrcrff: 0.768612518 0.231387482 0.000000000
K:/cccrcrfr: 0.000000000 0.513322509 0.486677491
K:/cccrcrrc: 0.000000000 0.648979972 0.351020028
K:/cccrcrrf: 0.000000000 0.000000000 1.000000000
K:/cccrrccr: 0.000000000 0.904797935 0.095202065
K:/cccrrcfr: 0.000000000 0.000000000 1.000000000
K:/cccrrcrc: 0.000000000 0.708224569 0.291775431
K:/cccrrcrf: 0.000000000 0.242176710 0.757823290
K:/cccrrfcr: 0.000000000 0.285743384 0.714256616
K:/cccrrffr: 0.000000000 0.414430231 0.585569769
K:/cccrrfrc: 0.000000000 0.231309976 0.768690024
K:/cccrrfrf: 0.000000000 0.277791449 0.722208551
K:/cccrrrcc: 0.000000000 0.180356578 0.819643422
K:/cccrrrcf: 0.000000000 0.923320610 0.076679390
K:/cccrrrfc: 0.000000000 0.000000000 1.000000000
K:/cccrrrff: 0.000000000 1.000000000 0.000000000
K:/ccrc: 0.000000000 0.173072172 0.826927828
K:/ccrccrcc: 0.400557517 0.263118202 0.336324281
K:/ccrccrcf: 0.010777303 0.528104775 0.461117921
K:/ccrccrcr: 0.000000000 0.217740280 0.782259720
K:/ccrccrfc: 0.122340588 0.237423125 0.640236287
K:/ccrccrff: 0.491125720 0.368637706 0.140236574
K:/ccrccrfr: 0.000000000 0.644244571 0.355755429
K:/ccrccrrc: 0.000000000 0.403618156 0.596381844
K:/ccrccrrf: 0.000000000 0.042774680 0.957225320
K:/ccrcrccr: 0.000000000 0.923677945 0.076322055
K:/ccrcrcfr: 0.000000000 0.684468828 0.315531172
K:/ccrcrcrc: 0.000000000 0.645544697 0.354455303
K:/ccrcrcrf: 0.000000000 0.394454087 0.605545913
K:/ccrcrfcr: 0.000000000 0.852537480 0.147462520
K:/ccrcrffr: 0.000000000 0.420639264 0.579360736
K:/ccrcrfrc: 0.000000000 0.829937185 0.170062815
K:/ccrcrfrf: 0.000000000 0.533072086 0.466927914
K:/ccrcrrcc: 0.000000000 0.286848419 0.713151581
K:/ccrcrrcf: 0.000000000 0.575875060 0.424124940
K:/ccrcrrfc: 0.000000000 0.685494067 0.314505933
K:/ccrcrrff: 0.000000000 0.948013390 0.051986610
K:/ccrf: 0.410481701 0.589518299 0.000000000
K:/ccrfcrc: 0.279127993 0.420872802 0.299999204
K:/ccrfcrf: 0.374300167 0.451977166 0.173722666
K:/ccrfcrr: 0.000000000 0.293818133 0.706181867
K:/ccrfrcr: 0.000000000 0.200723412 0.799276588
K:/ccrfrfr: 0.000000000 0.546535259 0.453464741
K:/ccrfrrc: 0.000000000 0.769081798 0.230918202
K:/ccrfrrf: 0.000000000 0.983048724 0.016951276
K:/ccrr: 0.307414063 0.382689143 0.309896793
K:/ccrrccrc: 0.000000000 0.487117552 0.512882448
K:/ccrrccrf: 0.000000000 0.974285683 0.025714317
K:/ccrrcfrc: 0.000000000 0.486387149 0.513612851
K:/ccrrcfrf: 0.000000000 0.348418231 0.651581769
K:/ccrrcrcc: 0.000000000 0.102171041 0.897828959
K:/ccrrcrcf: 0.000000000 0.696067657 0.303932343
K:/ccrrcrfc: 0.000000000 0.592232374 0.407767626
K:/ccrrcrff: 0.000000000 0.674845046 0.325154954
K:/crcc: 0.199228919 0.706345637 0.094425444
K:/crccrccr: 0.000000000 0.524604342 0.475395658
K:/crccrcfr: 0.000000000 0.114976494 0.885023506
K:/crccrcrc: 0.000000000 0.559519396 0.440480604
K:/crccrcrf: 0.000000000 0.188545479 0.811454521
K:/crccrfcr: 0.000000000 0.954575332 0.045424668
K:/crccrffr: 0.000000000 0.738917121 0.261082879
K:/crccrfrc: 0.000000000 0.608880129 0.391119871
K:/crccrfrf: 0.000000000 0.406759620 0.593240380
K:/crccrrcc: 0.000000000 0.589349481 0.410650519
K:/crccrrcf: 0.000000000 0.331638891 0.668361109
K:/crccrrfc: 0.000000000 0.601160952 0.398839048
K:/crccrrff: 0.000000000 0.276461342 0.723538658
K:/crcf: 0.230503481 0.439103866 0.330392653
K:/crcfrcr: 0.000000000 0.494135929 0.505864071
K:/crcfrfr: 0.000000000 0.420234321 0.579765679
K:/crcfrrc: 0.000000000 0.183229873 0.816770127
K:/crcfrrf: 0.000000000 0.869908061 0.130091939
K:/crcr: 0.631553564 0.210433187 0.158013250
K:/crcrccrc: 0.000000000 0.373105180 0.626894820
K:/crcrccrf: 0.000000000 0.230682203 0.769317797
K:/crcrcfrc: 0.000000000 0.659569070 0.340430930
K:/crcrcfrf: 0.000000000 0.468377780 0.531622220
K:/crcrcrcc: 0.000000000 0.638061754 0.361938246
K:/crcrcrcf: 0.000000000 0.255380302 0.744619698
K:/crcrcrfc: 0.000000000 0.512210125 0.487789875
K:/crcrcrff: 0.000000000 0.198300704 0.801699296
K:/crfc: 0.000004765 0.000000047 0.999995188
K:/crfcrcr: 0.000000000 0.248874259 0.751125741
K:/crfcrfr: 0.000000000 0.999751520 0.000248480
K:/crfcrrc: 0.000000000 0.262262264 0.737737736
K:/crfcrrf: 0.000000000 0.000001264 0.999998736
K:/crff: 0.000021255 0.145691847 0.854286898
K:/crffrr: 0.000000000 0.000000000 1.000000000
K:/crfr: 0.184198620 0.272507527 0.543293852
K:/crfrcrc: 0.000000000 0.670325342 0.329674658
K:/crfrcrf: 0.000000000 0.526501146 0.473498854
K:/crrc: 0.458406043 0.203575580 0.338018377
K:/crrccrcc: 0.000000000 0.382311048 0.617688952
K:/crrccrcf: 0.000000000 0.493646171 0.506353829
K:/crrccrfc: 0.000000000 0.502333130 0.497666870
K:/crrccrff: 0.000000000 0.663131689 0.336868311
K:/crrf: 0.452530672 0.281773229 0.265696099
K:/crrfcrc: 0.000000000 0.360712447 0.639287553
K:/crrfcrf: 0.000000000 0.747627651 0.252372349
K:/crrr: 0.000000000 0.728518878 0.271481122
K:/rccr: 0.326536371 0.466069595 0.207394034
K:/rccrccrc: 0.000000000 1.000000000 0.000000000
K:/rccrccrf: 0.000000000 0.361339225 0.638660775
K:/rccrcfrc: 0.000000000 0.605506972 0.394493028
K:/rccrcfrf: 0.000000000 0.489888535 0.510111465
K:/rccrcrcc: 0.000000000 0.955108939 0.044891061
K:/rccrcrcf: 0.000000000 0.572544326 0.427455674
K:/rccrcrfc: 0.000000000 0.825758548 0.174241452
K:/rccrcrff: 0.000000000 0.053763634 0.946236366
K:/rcfr: 0.684240739 0.140976788 0.174782473
K:/rcfrcrc: 0.000000000 0.469059902 0.530940098
K:/rcfrcrf: 0.000000000 0.562085029 0.437914971
K:/rcrc: 0.442677030 0.442173584 0.115149386
K:/rcrccrcc: 0.000000000 0.803424518 0.196575482
K:/rcrccrcf: 0.000000000 0.805972155 0.194027845
K:/rcrccrfc: 0.000000000 0.732283291 0.267716709
K:/rcrccrff: 0.000000000 0.197192965 0.802807035
K:/rcrf: 0.200983604 0.468545250 0.330471147
K:/rcrfcrc: 0.000000000 0.644775978 0.355224022
K:/rcrfcrf: 0.000000000 0.087820861 0.912179139
K:/rcrr: 0.000000000 0.978354578 0.021645422
K:/rfcr: 0.000975933 0.574220900 0.424803167
K:/rfcrcrc: 0.000000000 0.468137191 0.531862809
K:/rfcrcrf: 0.000000000 0.411635970 0.588364030
K:/rffr: 0.047912135 0.383667503 0.568420363
K:/rfrc: 0.640552787 0.000503549 0.358943664
K:/rfrf: 0.361135556 0.223480622 0.415383822
K:/rfrr: 0.000000000 0.000370843 0.999629157
K:/rrcc: 0.125784208 0.000124671 0.874091122
K:/rrcf: 0.000419550 0.000000000 0.999580450
K:/rrcr: 0.000000000 1.000000000 0.000000000
K:/rrfc: 1.000000000 0.000000000 0.000000000
K:/rrff: 0.000066431 0.923856611 0.076076958
K:/rrfr: 0.000000000 1.000000000 0.000000000
K:/rrrc: 0.000000000 0.579211025 0.420788975
K:/rrrf: 0.000000000 0.000534539 0.999465461
Q:/: 0.002309155 0.997690845 0.000000000
Q:/cccr: 0.000398869 0.000000000 0.999601131
Q:/cccrccrc: 0.000308708 0.990169819 0.009521473
Q:/cccrccrccrcc: 0.000000000 0.601340206 0.398659794
Q:/cccrccrccrcf: 0.000000000 0.416059667 0.583940333
Q:/cccrccrccrfc: 0.000000000 0.540708542 0.459291458
Q:/cccrccrccrff: 0.000000000 0.252591790 0.747408210
Q:/cccrccrf: 0.412421720 0.331402774 0.256175506
Q:/cccrccrfcrc: 0.000000000 0.344196558 0.655803442
Q:/cccrccrfcrf: 0.000000000 0.167819073 0.832180927
Q:/cccrccrr: 0.000000000 0.844517465 0.155482535
Q:/cccrcfrc: 0.190360799 0.451520586 0.358118615
Q:/cccrcfrf: 0.179812729 0.357180770 0.463006501
Q:/cccrcfrr: 0.000000000 0.000000000 1.000000000
Q:/cccrcrcc: 0.837654610 0.002040744 0.160304647
Q:/cccrcrcf: 0.792204090 0.168071368 0.039724542
Q:/cccrcrcr: 0.000000000 0.320866454 0.679133546
Q:/cccrcrfc: 0.531067803 0.123133745 0.345798452
Q:/cccrcrff: 0.461721087 0.043841194 0.494437719
Q:/cccrcrfr: 0.000000000 0.004014797 0.995985203
Q:/cccrcrrc: 0.000000000 0.171151149 0.828848851
Q:/cccrcrrf: 0.000000000 0.000000000 1.000000000
Q:/cccrrccr: 0.000000000 0.081120911 0.918879089
Q:/cccrrcfr: 0.000000000 0.000000000 1.000000000
Q:/cccrrcrc: 0.000000000 0.563828759 0.436171241
Q:/cccrrcrf: 0.000000000 0.286295768 0.713704232
Q:/cccrrfcr: 0.000000000 0.893059945 0.106940055
Q:/cccrrffr: 0.000000000 0.380293463 0.619706537
Q:/cccrrfrc: 0.000000000 0.372066998 0.627933002
Q:/cccrrfrf: 0.000000000 0.020144347 0.979855653
Q:/cccrrrcc: 0.000000000 0.574387469 0.425612531
Q:/cccrrrcf: 0.000000000 0.033395607 0.966604393
Q:/cccrrrfc: 0.000000000 0.000000000 1.000000000
Q:/cccrrrff: 0.000000000 0.219256884 0.780743116
Q:/ccrc: 0.000000000 0.342162499 0.657837501
Q:/ccrccrcc: 0.156406301 0.415927418 0.427666281
Q:/ccrccrcf: 0.250671462 0.381390817 0.367937721
Q:/ccrccrcr: 0.000000000 0.326304646 0.673695354
Q:/ccrccrfc: 0.493438700 0.505470884 0.001090417
Q:/ccrccrff: 0.365554257 0.413066799 0.221378945
Q:/ccrccrfr: 0.000000000 0.634643878 0.365356122
Q:/ccrccrrc: 0.000000000 0.681787254 0.318212746
Q:/ccrccrrf: 0.000000000 0.084418412 0.915581588
Q:/ccrcrccr: 0.000000000 0.389080559 0.610919441
Q:/ccrcrcfr: 0.000000000 0.275423218 0.724576782
Q:/ccrcrcrc: 0.000000000 0.938750214 0.061249786
Q:/ccrcrcrf: 0.000000000 0.462771635 0.537228365
Q:/ccrcrfcr: 0.000000000 0.922541106 0.077458894
Q:/ccrcrffr: 0.000000000 0.524030254 0.475969746
Q:/ccrcrfrc: 0.000000000 0.811045405 0.188954595
Q:/ccrcrfrf: 0.000000000 0.504204808 0.495795192
Q:/ccrcrrcc: 0.000000000 0.452982641 0.547017359
Q:/ccrcrrcf: 0.000000000 0.510314582 0.489685418
Q:/ccrcrrfc: 0.000000000 0.612534583 0.387465417
Q:/ccrcrrff: 0.000000000 0.389253765 0.610746235
Q:/ccrf: 0.378047139 0.621952861 0.000000000
Q:/ccrfcrc: 0.393926457 0.072962959 0.533110584
Q:/ccrfcrf: 0.461401221 0.197005441 0.341593338
Q:/ccrfcrr: 0.000000000 0.367849427 0.632150573
Q:/ccrfrcr: 0.000000000 0.264075325 0.735924675
Q:/ccrfrfr: 0.000000000 0.621405896 0.378594104
Q:/ccrfrrc: 0.000000000 0.353709587 0.646290413
Q:/ccrfrrf: 0.000000000 0.565490462 0.434509538
Q:/ccrr: 0.104798240 0.315048458 0.580153301
Q:/ccrrccrc: 0.000000000 0.180302872 0.819697128
Q:/ccrrccrf: 0.000000000 0.584382946 0.415617054
Q:/ccrrcfrc: 0.000000000 0.334328937 0.665671063
Q:/ccrrcfrf: 0.000000000 0.439940647 0.560059353
Q:/ccrrcrcc: 0.000000000 0.589755738 0.410244262
Q:/ccrrcrcf: 0.000000000 0.875766615 0.124233385
Q:/ccrrcrfc: 0.000000000 0.717715094 0.282284906
Q:/ccrrcrff: 0.000000000 0.624986050 0.375013950
Q:/crcc: 0.018633605 0.523505377 0.457861019
Q:/crccrccr: 0.000000000 0.301602166 0.698397834
Q:/crccrcfr: 0.000000000 0.369304872 0.630695128
Q:/crccrcrc: 0.000000000 0.592303858 0.407696142
Q:/crccrcrf: 0.000000000 0.134448651 0.865551349
Q:/crccrfcr: 0.000000000 0.715823801 0.284176199
Q:/crccrffr: 0.000000000 0.118867052 0.881132948
Q:/crccrfrc: 0.000000000 0.078776232 0.921223768
Q:/crccrfrf: 0.000000000 0.520422305 0.479577695
Q:/crccrrcc: 0.000000000 0.303495964 0.696504036
Q:/crccrrcf: 0.000000000 0.725472463 0.274527537
Q:/crccrrfc: 0.000000000 0.836098175 0.163901825
Q:/crccrrff: 0.000000000 0.513099237 0.486900763
Q:/crcf: 0.695151979 0.086861559 0.217986462
Q:/crcfrcr: 0.000000000 0.044403968 0.955596032
Q:/crcfrfr: 0.000000000 0.621507007 0.378492993
Q:/crcfrrc: 0.000000000 0.874898598 0.125101402
Q:/crcfrrf: 0.000000000 0.472187380 0.527812620
Q:/crcr: 0.359513136 0.116014010 0.524472854
Q:/crcrccrc: 0.000000000 0.507197933 0.492802067
Q:/crcrccrf: 0.000000000 0.578427883 0.421572117
Q:/crcrcfrc: 0.000000000 0.402613322 0.597386678
Q:/crcrcfrf: 0.000000000 0.365460692 0.634539308
Q:/crcrcrcc: 0.000000000 0.644077851 0.355922149
Q:/crcrcrcf: 0.000000000 0.575359820 0.424640180
Q:/crcrcrfc: 0.000000000 0.380032825 0.619967175
Q:/crcrcrff: 0.000000000 0.194553244 0.805446756
Q:/crfc: 0.000004126 0.000000224 0.999995650
Q:/crfcrcr: 0.000000000 0.722127981 0.277872019
Q:/crfcrfr: 0.000000000 0.640046037 0.359953963
Q:/crfcrrc: 0.000000000 0.027703392 0.972296608
Q:/crfcrrf: 0.000000000 0.000000759 0.999999241
Q:/crff: 0.000012465 0.000000000 0.999987535
Q:/crffrr: 0.000000000 0.000000000 1.000000000
Q:/crfr: 0.390870571 0.037996965 0.571132464
Q:/crfrcrc: 0.000000000 0.613804692 0.386195308
Q:/crfrcrf: 0.000000000 0.029707695 0.970292305
Q:/crrc: 0.219811876 0.648723651 0.131464473
Q:/crrccrcc: 0.000000000 0.432633783 0.567366217
Q:/crrccrcf: 0.000000000 0.205368391 0.794631609
Q:/crrccrfc: 0.000000000 0.750087627 0.249912373
Q:/crrccrff: 0.000000000 0.636543470 0.363456530
Q:/crrf: 0.000145338 0.501129918 0.498724745
Q:/crrfcrc: 0.000000000 0.457337732 0.542662268
Q:/crrfcrf: 0.000000000 0.153690220 0.846309780
Q:/crrr: 0.000000000 0.438286802 0.561713198
Q:/rccr: 0.267609333 0.171086798 0.561303869
Q:/rccrccrc: 0.000000000 0.174783611 0.825216389
Q:/rccrccrf: 0.000000000 0.817688654 0.182311346
Q:/rccrcfrc: 0.000000000 0.868033301 0.131966699
Q:/rccrcfrf: 0.000000000 0.821335523 0.178664477
Q:/rccrcrcc: 0.000000000 0.188969059 0.811030941
Q:/rccrcrcf: 0.000000000 0.637389422 0.362610578
Q:/rccrcrfc: 0.000000000 0.666725642 0.333274358
Q:/rccrcrff: 0.000000000 0.477653036 0.522346964
Q:/rcfr: 0.132327765 0.000005914 0.867666320
Q:/rcfrcrc: 0.000000000 0.408755606 0.591244394
Q:/rcfrcrf: 0.000000000 0.701465882 0.298534118
Q:/rcrc: 0.011641732 0.345311704 0.643046563
Q:/rcrccrcc: 0.000000000 0.393070060 0.606929940
Q:/rcrccrcf: 0.000000000 0.222196504 0.777803496
Q:/rcrccrfc: 0.000000000 0.334426692 0.665573308
Q:/rcrccrff: 0.000000000 0.525465653 0.474534347
Q:/rcrf: 0.285006228 0.399743176 0.315250596
Q:/rcrfcrc: 0.000000000 0.864547871 0.135452129
Q:/rcrfcrf: 0.000000000 0.729979373 0.270020627
Q:/rcrr: 0.000000000 0.880774485 0.119225515
Q:/rfcr: 0.000928835 0.261365934 0.737705231
Q:/rfcrcrc: 0.000000000 0.405364672 0.594635328
Q:/rfcrcrf: 0.000000000 0.719887057 0.280112943
Q:/rffr: 0.338051988 0.376594956 0.285353056
Q:/rfrc: 0.252738255 0.000415030 0.746846715
Q:/rfrf: 0.088868655 0.345693163 0.565438183
Q:/rfrr: 0.000000000 0.000194497 0.999805503
Q:/rrcc: 0.157283693 0.097534087 0.745182220
Q:/rrcf: 0.000406829 0.000000000 0.999593171
Q:/rrcr: 0.000000000 0.438437589 0.561562411
Q:/rrfc: 1.000000000 0.000000000 0.000000000
Q:/rrff: 0.000032449 0.999967551 0.000000000
Q:/rrfr: 0.000000000 1.000000000 0.000000000
Q:/rrrc: 0.000000000 0.000290882 0.999709118
Q:/rrrf: 0.000000000 0.000491062 0.999508938
T:/: 0.002349492 0.997650508 0.000000000
T:/cccr: 0.000000000 0.000000000 1.000000000
T:/cccrccrc: 0.002828571 0.997171429 0.000000000
T:/cccrccrccrcc: 0.000000000 0.480618807 0.519381193
T:/cccrccrccrcf: 0.000000000 0.500060682 0.499939318
T:/cccrccrccrfc: 0.000000000 0.917559152 0.082440848
T:/cccrccrccrff: 0.000000000 0.697674472 0.302325528
T:/cccrccrf: 0.221562186 0.084202973 0.694234841
T:/cccrccrfcrc: 0.000000000 0.377594570 0.622405430
T:/cccrccrfcrf: 0.000000000 0.715133883 0.284866117
T:/cccrccrr: 0.000000000 0.962116121 0.037883879
T:/cccrcfrc: 0.215421794 0.385236470 0.399341736
T:/cccrcfrf: 0.040785425 0.668397859 0.290816716
T:/cccrcfrr: 0.000000000 0.355325513 0.644674487
T:/cccrcrcc: 0.710504000 0.007795844 0.281700156
T:/cccrcrcf: 0.441724263 0.259082572 0.299193165
T:/cccrcrcr: 0.000000000 0.446528844 0.553471156
T:/cccrcrfc: 0.698024564 0.000000000 0.301975436
T:/cccrcrff: 0.522189153 0.000000000 0.477810847
T:/cccrcrfr: 0.000000000 0.000000000 1.000000000
T:/cccrcrrc: 0.000000000 0.126932420 0.873067580
T:/cccrcrrf: 0.000000000 0.613416462 0.386583538
T:/cccrrccr: 0.000000000 0.274820086 0.725179914
T:/cccrrcfr: 0.000000000 0.000000000 1.000000000
T:/cccrrcrc: 0.000000000 0.812265139 0.187734861
T:/cccrrcrf: 0.000000000 0.445314088 0.554685912
T:/cccrrfcr: 0.000000000 0.498453268 0.501546732
T:/cccrrffr: 0.000000000 0.064034673 0.935965327
T:/cccrrfrc: 0.000000000 0.000000000 1.000000000
T:/cccrrfrf: 0.000000000 0.553812298 0.446187702
T:/cccrrrcc: 0.000000000 0.000000000 1.000000000
T:/cccrrrcf: 0.000000000 0.462487310 0.537512690
T:/cccrrrfc: 0.000000000 0.000000000 1.000000000
T:/cccrrrff: 0.000000000 0.645638231 0.354361769
T:/ccrc: 0.000000000 0.691811646 0.308188354
T:/ccrccrcc: 0.254455653 0.240737290 0.504807058
T:/ccrccrcf: 0.255438160 0.457005749 0.287556091
T:/ccrccrcr: 0.000000000 0.189309590 0.810690410
T:/ccrccrfc: 0.388204957 0.241261652 0.370533391
T:/ccrccrff: 0.388463951 0.309764018 0.301772031
T:/ccrccrfr: 0.000000000 0.654867076 0.345132924
T:/ccrccrrc: 0.000000000 0.329280139 0.670719861
T:/ccrccrrf: 0.000000000 0.963858139 0.036141861
T:/ccrcrccr: 0.000000000 0.825502026 0.174497974
T:/ccrcrcfr: 0.000000000 0.536236986 0.463763014
T:/ccrcrcrc: 0.000000000 0.508011579 0.491988421
T:/ccrcrcrf: 0.000000000 0.395643635 0.604356365
T:/ccrcrfcr: 0.000000000 0.539014761 0.460985239
T:/ccrcrffr: 0.000000000 0.209127545 0.790872455
T:/ccrcrfrc: 0.000000000 0.421022834 0.578977166
T:/ccrcrfrf: 0.000000000 0.680085635 0.319914365
T:/ccrcrrcc: 0.000000000 0.941547599 0.058452401
T:/ccrcrrcf: 0.000000000 0.652421220 0.347578780
T:/ccrcrrfc: 0.000000000 0.475386613 0.524613387
T:/ccrcrrff: 0.000000000 0.514976781 0.485023219
T:/ccrf: 0.741965483 0.258034517 0.000000000
T:/ccrfcrc: 0.328965131 0.341637891 0.329396979
T:/ccrfcrf: 0.310396417 0.178570917 0.511032667
T:/ccrfcrr: 0.000000000 0.766426401 0.233573599
T:/ccrfrcr: 0.000000000 0.603173361 0.396826639
T:/ccrfrfr: 0.000000000 0.595643312 0.404356688
T:/ccrfrrc: 0.000000000 0.272542708 0.727457292
T:/ccrfrrf: 0.000000000 0.945503093 0.054496907
T:/ccrr: 0.001329342 0.261082871 0.737587787
T:/ccrrccrc: 0.000000000 0.293115069 0.706884931
T:/ccrrccrf: 0.000000000 0.408076649 0.591923351
T:/ccrrcfrc: 0.000000000 0.797780682 0.202219318
T:/ccrrcfrf: 0.000000000 0.375701383 0.624298617
T:/ccrrcrcc: 0.000000000 0.314600608 0.685399392
T:/ccrrcrcf: 0.000000000 0.182131390 0.817868610
T:/ccrrcrfc: 0.000000000 0.785621510 0.214378490
T:/ccrrcrff: 0.000000000 0.334383458 0.665616542
T:/crcc: 0.309162533 0.345416366 0.345421101
T:/crccrccr: 0.000000000 0.943653165 0.056346835
T:/crccrcfr: 0.000000000 0.848765044 0.151234956
T:/crccrcrc: 0.000000000 0.682455782 0.317544218
T:/crccrcrf: 0.000000000 0.905877605 0.094122395
T:/crccrfcr: 0.000000000 0.850486664 0.149513336
T:/crccrffr: 0.000000000 0.317303850 0.682696150
T:/crccrfrc: 0.000000000 0.130873028 0.869126972
T:/crccrfrf: 0.000000000 0.642698201 0.357301799
T:/crccrrcc: 0.000000000 0.570870865 0.429129135
T:/crccrrcf: 0.000000000 0.451420083 0.548579917
T:/crccrrfc: 0.000000000 0.202873053 0.797126947
T:/crccrrff: 0.000000000 0.419773225 0.580226775
T:/crcf: 0.111613921 0.411502300 0.476883779
T:/crcfrcr: 0.000000000 0.758121080 0.241878920
T:/crcfrfr: 0.000000000 0.172382806 0.827617194
T:/crcfrrc: 0.000000000 0.128869656 0.871130344
T:/crcfrrf: 0.000000000 0.372644175 0.627355825
T:/crcr: 0.699851589 0.044000007 0.256148404
T:/crcrccrc: 0.000000000 0.439302099 0.560697901
T:/crcrccrf: 0.000000000 0.652865918 0.347134082
T:/crcrcfrc: 0.000000000 0.753824940 0.246175060
T:/crcrcfrf: 0.000000000 0.763222862 0.236777138
T:/crcrcrcc: 0.000000000 0.279376595 0.720623405
T:/crcrcrcf: 0.000000000 0.518938179 0.481061821
T:/crcrcrfc: 0.000000000 0.381094253 0.618905747
T:/crcrcrff: 0.000000000 0.448079036 0.551920964
T:/crfc: 0.000004964 0.000000000 0.999995036
T:/crfcrcr: 0.000000000 0.228127368 0.771872632
T:/crfcrfr: 0.000000000 0.445710874 0.554289126
T:/crfcrrc: 0.000000000 0.087563790 0.912436210
T:/crfcrrf: 0.000000000 0.333312732 0.666687268
T:/crff: 0.000008756 0.000000068 0.999991176
T:/crffrr: 0.000000000 0.192123174 0.807876826
T:/crfr: 0.000000000 0.000000000 1.000000000
T:/crfrcrc: 0.000000000 0.712902388 0.287097612
T:/crfrcrf: 0.000000000 0.200420465 0.799579535
T:/crrc: 0.150621422 0.567683895 0.281694683
T:/crrccrcc: 0.000000000 0.219939444 0.780060556
T:/crrccrcf: 0.000000000 0.522362701 0.477637299
T:/crrccrfc: 0.000000000 0.139576002 0.860423998
T:/crrccrff: 0.000000000 0.565100602 0.434899398
T:/crrf: 0.000000000 0.057155408 0.942844592
T:/crrfcrc: 0.000000000 0.762092767 0.237907233
T:/crrfcrf: 0.000000000 0.822430345 0.177569655
T:/crrr: 0.000000000 0.592172370 0.407827630
T:/rccr: 0.000023001 0.000010453 0.999966545
T:/rccrccrc: 0.000000000 0.694303557 0.305696443
T:/rccrccrf: 0.000000000 0.595593644 0.404406356
T:/rccrcfrc: 0.000000000 0.164005816 0.835994184
T:/rccrcfrf: 0.000000000 0.032284195 0.967715805
T:/rccrcrcc: 0.000000000 0.261598973 0.738401027
T:/rccrcrcf: 0.000000000 0.068385943 0.931614057
T:/rccrcrfc: 0.000000000 0.462390769 0.537609231
T:/rccrcrff: 0.000000000 0.690109445 0.309890555
T:/rcfr: 0.122483091 0.300071527 0.577445382
T:/rcfrcrc: 0.000000000 0.599595312 0.400404688
T:/rcfrcrf: 0.000000000 0.696391083 0.303608917
T:/rcrc: 0.272581591 0.342310370 0.385108039
T:/rcrccrcc: 0.000000000 0.541190334 0.458809666
T:/rcrccrcf: 0.000000000 0.620176500 0.379823500
T:/rcrccrfc: 0.000000000 0.521059584 0.478940416
T:/rcrccrff: 0.000000000 0.241968171 0.758031829
T:/rcrf: 0.059420519 0.688284995 0.252294486
T:/rcrfcrc: 0.000000000 0.499719814 0.500280186
T:/rcrfcrf: 0.000000000 0.371898804 0.628101196
T:/rcrr: 0.000000000 0.860966739 0.139033261
T:/rfcr: 0.001170005 0.098106718 0.900723276
T:/rfcrcrc: 0.000000000 0.875915928 0.124084072
T:/rfcrcrf: 0.000000000 0.130269716 0.869730284
T:/rffr: 0.143841269 0.000000000 0.856158731
T:/rfrc: 0.002897567 0.000534839 0.996567594
T:/rfrf: 0.499789106 0.308195622 0.192015272
T:/rfrr: 0.000000000 0.000297651 0.999702349
T:/rrcc: 0.011639140 0.098995684 0.889365176
T:/rrcf: 0.000328324 0.000000000 0.999671676
T:/rrcr: 0.000000000 0.027083541 0.972916459
T:/rrfc: 0.384201736 0.110336030 0.505462235
T:/rrff: 0.000207752 0.658919767 0.340872481
T:/rrfr: 0.000000000 0.000000000 1.000000000
T:/rrrc: 0.000000000 0.000005925 0.999994075
T:/rrrf: 0.000000000 0.000451346 0.999548654
