A:/c: 0.004689762 0.995310238 0.000000000
A:/cccrc: 0.396414360 0.489752508 0.113833132
A:/cccrccrcc: 0.454771282 0.120162435 0.425066283
A:/cccrccrcf: 0.318612583 0.349142722 0.332244696
A:/cccrccrcr: 0.000000000 0.366488519 0.633511481
A:/cccrccrfc: 0.425383453 0.526511808 0.048104739
A:/cccrccrff: 0.628713479 0.051222635 0.320063886
A:/cccrccrfr: 0.000000000 0.552620482 0.447379518
A:/cccrccrrc: 0.000000000 0.428104139 0.571895861
A:/cccrccrrf: 0.000000000 0.408788756 0.591211244
A:/cccrcrccr: 0.000000000 0.074276365 0.925723635
A:/cccrcrcfr: 0.000000000 0.355954143 0.644045857
A:/cccrcrcrc: 0.000000000 0.253968406 0.746031594
A:/cccrcrcrf: 0.000000000 0.481269701 0.518730299
A:/cccrcrfcr: 0.000000000 0.569010106 0.430989894
A:/cccrcrffr: 0.000000000 0.410471369 0.589528631
A:/cccrcrfrc: 0.000000000 0.266482967 0.733517033
A:/cccrcrfrf: 0.000000000 0.547802662 0.452197338
A:/cccrcrrcc: 0.000000000 0.841002723 0.158997277
A:/cccrcrrcf: 0.000000000 0.172111504 0.827888496
A:/cccrcrrfc: 0.000000000 0.659136424 0.340863576
A:/cccrcrrff: 0.000000000 1.000000000 0.000000000
A:/cccrf: 0.299376823 0.700623177 0.000000000
A:/cccrfcrc: 0.612673089 0.068852481 0.318474431
A:/cccrfcrf: 0.091589232 0.711154711 0.197256057
A:/cccrfcrr: 0.000000000 0.537882614 0.462117386
A:/cccrfrcr: 0.000000000 0.705090185 0.294909815
A:/cccrfrfr: 0.000000000 0.728717232 0.271282768
A:/cccrfrrc: 0.000000000 0.292554619 0.707445381
A:/cccrfrrf: 0.000000000 0.141324279 0.858675721
A:/cccrr: 0.731282724 0.268717276 0.000000000
A:/cccrrccrc: 0.000000000 0.460108201 0.539891799
A:/cccrrccrf: 0.000000000 0.382501085 0.617498915
A:/cccrrcfrc: 0.000000000 0.547382405 0.452617595
A:/cccrrcfrf: 0.000000000 0.408708798 0.591291202
A:/cccrrcrcc: 0.000000000 0.510826607 0.489173393
A:/cccrrcrcf: 0.000000000 0.560244011 0.439755989
A:/cccrrcrfc: 0.000000000 0.622196078 0.377803922
A:/cccrrcrff: 0.000000000 0.431780678 0.568219322
A:/ccrcc: 0.410374698 0.589327008 0.000298293
A:/ccrccrccr: 0.000000000 0.588439109 0.411560891
A:/ccrccrcfr: 0.000000000 0.440169373 0.559830627
A:/ccrccrcrc: 0.000000000 0.999985529 0.000014471
A:/ccrccrcrf: 0.000000000 0.522689415 0.477310585
A:/ccrccrfcr: 0.000000000 0.748805012 0.251194988
A:/ccrccrffr: 0.000000000 0.525863759 0.474136241
A:/ccrccrfrc: 0.000000000 0.358967002 0.641032998
A:/ccrccrfrf: 0.000000000 0.585278668 0.414721332
A:/ccrccrrcc: 0.000000000 0.392219809 0.607780191
A:/ccrccrrcf: 0.000000000 0.489476118 0.510523882
A:/ccrccrrfc: 0.000000000 0.206471464 0.793528536
A:/ccrccrrff: 0.000000000 0.999733098 0.000266902
A:/ccrcf: 0.273287809 0.525866623 0.200845567
A:/ccrcfrcr: 0.000000000 0.978223228 0.021776772
A:/ccrcfrfr: 0.000000000 0.199961072 0.800038928
A:/ccrcfrrc: 0.000000000 0.461924095 0.538075905
A:/ccrcfrrf: 0.000000000 0.548656844 0.451343156
A:/ccrcr: 0.441475777 0.367387967 0.191136257
A:/ccrcrccrc: 0.000000000 0.139426868 0.860573132
A:/ccrcrccrf: 0.000000000 0.210439267 0.789560733
A:/ccrcrcfrc: 0.000000000 0.848402330 0.151597670
A:/ccrcrcfrf: 0.000000000 0.176052293 0.823947707
A:/ccrcrcrcc: 0.000000000 0.878097114 0.121902886
A:/ccrcrcrcf: 0.000000000 0.194087431 0.805912569
A:/ccrcrcrfc: 0.000000000 0.373630993 0.626369007
A:/ccrcrcrff: 0.000000000 0.189370315 0.810629685
A:/ccrfc: 0.508688883 0.334038033 0.157273084
A:/ccrfcrcr: 0.000000000 0.144501162 0.855498838
A:/ccrfcrfr: 0.000000000 0.356940048 0.643059952
A:/ccrfcrrc: 0.000000000 0.698422278 0.301577722
A:/ccrfcrrf: 0.000000000 0.838112912 0.161887088
A:/ccrff: 0.483009017 0.400150819 0.116840165
A:/ccrffrr: 0.000000000 0.828074114 0.171925886
A:/ccrfr: 0.761137913 0.000000000 0.238862087
A:/ccrfrcrc: 0.000000000 0.600148355 0.399851645
A:/ccrfrcrf: 0.000000000 0.412184341 0.587815659
A:/ccrrc: 0.426227140 0.488835540 0.084937320
A:/ccrrccrcc: 0.000000000 0.815672925 0.184327075
A:/ccrrccrcf: 0.000000000 0.253741082 0.746258918
A:/ccrrccrfc: 0.000000000 0.586273790 0.413726210
A:/ccrrccrff: 0.000000000 0.324497436 0.675502564
A:/ccrrf: 0.535947084 0.464052916 0.000000000
A:/ccrrfcrc: 0.000000000 0.922019580 0.077980420
A:/ccrrfcrf: 0.000000000 0.666078308 0.333921692
A:/ccrrr: 0.000000000 0.600280051 0.399719949
A:/crccr: 0.959929067 0.040070933 0.000000000
A:/crccrccrc: 0.000000000 0.615449335 0.384550665
A:/crccrccrf: 0.000000000 0.478948673 0.521051327
A:/crccrcfrc: 0.000000000 0.219502638 0.780497362
A:/crccrcfrf: 0.000000000 0.420793436 0.579206564
A:/crccrcrcc: 0.000000000 0.633778236 0.366221764
A:/crccrcrcf: 0.000000000 0.645056764 0.354943236
A:/crccrcrfc: 0.000000000 0.818602928 0.181397072
A:/crccrcrff: 0.000000000 0.960313270 0.039686730
A:/crcfr: 0.905520330 0.094479669 0.000000002
A:/crcfrcrc: 0.000000000 0.269000853 0.730999147
A:/crcfrcrf: 0.000000000 0.949634248 0.050365752
A:/crcrc: 0.596467168 0.110161637 0.293371195
A:/crcrccrcc: 0.000000000 0.821749746 0.178250254
A:/crcrccrcf: 0.000000000 0.910831738 0.089168262
A:/crcrccrfc: 0.000000000 0.384829904 0.615170096
A:/crcrccrff: 0.000000000 0.501254135 0.498745865
A:/crcrf: 0.775971535 0.224028464 0.000000001
A:/crcrfcrc: 0.000000000 0.805667577 0.194332423
A:/crcrfcrf: 0.000000000 0.905402754 0.094597246
A:/crcrr: 0.000000000 1.000000000 0.000000000
A:/crfcr: 0.782154875 0.217845125 0.000000000
A:/crfcrcrc: 0.000000000 0.553412534 0.446587466
A:/crfcrcrf: 0.000000000 0.960920792 0.039079208
A:/crffr: 0.370161768 0.629836804 0.000001428
A:/crfrc: 0.241530031 0.209578126 0.548891843
A:/crfrf: 0.344213805 0.302927985 0.352858210
A:/crfrr: 0.000000000 0.721095870 0.278904130
A:/crrcc: 0.563457102 0.436540798 0.000002100
A:/crrcf: 0.705850049 0.294149951 0.000000000
A:/crrcr: 0.000000000 0.853650855 0.146349145
A:/crrfc: 0.407299306 0.522099759 0.070600936
A:/crrff: 0.609513845 0.390480872 0.000005283
A:/crrfr: 0.000000000 0.646464902 0.353535098
A:/crrrc: 0.000000000 0.871806272 0.128193728
A:/crrrf: 0.000000000 0.523285035 0.476714965
A:/r: 0.807062535 0.192937465 0.000000000
A:/rccrc: 0.097835955 0.883502692 0.018661353
A:/rccrccrcc: 0.000000000 0.720793681 0.279206319
A:/rccrccrcf: 0.000000000 0.747787710 0.252212290
A:/rccrccrfc: 0.000000000 0.631786589 0.368213411
A:/rccrccrff: 0.000000000 0.186656674 0.813343326
A:/rccrf: 0.369220234 0.163828186 0.466951580
A:/rccrfcrc: 0.000000000 0.627612923 0.372387077
A:/rccrfcrf: 0.000000000 0.674151932 0.325848068
A:/rccrr: 0.000000000 0.664715267 0.335284733
A:/rcfrc: 0.206634784 0.093304670 0.700060546
A:/rcfrf: 0.486234263 0.462371869 0.051393868
A:/rcfrr: 0.000000000 0.512404534 0.487595466
A:/rcrcc: 0.475910230 0.266703142 0.257386628
A:/rcrcf: 0.313753146 0.310047749 0.376199105
A:/rcrcr: 0.000000000 0.466729164 0.533270836
A:/rcrfc: 0.423424924 0.576575076 0.000000000
A:/rcrff: 0.528938994 0.284667460 0.186393546
A:/rcrfr: 0.000000000 0.317403600 0.682596400
A:/rcrrc: 0.000000000 0.703475232 0.296524768
A:/rcrrf: 0.000000000 0.540445626 0.459554374
A:/rrccr: 0.000000000 0.767202097 0.232797903
A:/rrcfr: 0.000000000 0.857136389 0.142863611
A:/rrcrc: 0.000000000 0.206658059 0.793341941
A:/rrcrf: 0.000000000 0.705495511 0.294504489
A:/rrfcr: 0.000000000 1.000000000 0.000000000
A:/rrffr: 0.000000000 0.660468682 0.339531318
A:/rrfrc: 0.000000000 0.193658010 0.806341990
A:/rrfrf: 0.000000000 0.875204840 0.124795160
A:/rrrcc: 0.000000000 0.738047834 0.261952166
A:/rrrcf: 0.000000000 0.641123962 0.358876038
A:/rrrfc: 0.000000000 0.812134744 0.187865256
A:/rrrff: 0.000000000 0.972772705 0.027227295
J:/c: 0.001356537 0.998643463 0.000000000
J:/cccrc: 0.000000000 0.422676933 0.577323067
J:/cccrccrcc: 0.199394982 0.577820207 0.222784812
J:/cccrccrcf: 0.530096611 0.347367265 0.122536124
J:/cccrccrcr: 0.000000000 0.633697854 0.366302146
J:/cccrccrfc: 0.230989662 0.531427867 0.237582471
J:/cccrccrff: 0.385465754 0.330636607 0.283897639
J:/cccrccrfr: 0.000000000 0.674053735 0.325946265
J:/cccrccrrc: 0.000000000 0.545879074 0.454120926
J:/cccrccrrf: 0.000000000 0.436986248 0.563013752
J:/cccrcrccr: 0.000000000 0.146595714 0.853404286
J:/cccrcrcfr: 0.000000000 0.975062353 0.024937647
J:/cccrcrcrc: 0.000000000 0.627273818 0.372726182
J:/cccrcrcrf: 0.000000000 0.556373001 0.443626999
J:/cccrcrfcr: 0.000000000 0.441287252 0.558712748
J:/cccrcrffr: 0.000000000 0.275194772 0.724805228
J:/cccrcrfrc: 0.000000000 0.174155658 0.825844342
J:/cccrcrfrf: 0.000000000 0.013764074 0.986235926
J:/cccrcrrcc: 0.000000000 0.664661068 0.335338932
J:/cccrcrrcf: 0.000000000 0.001982731 0.998017269
J:/cccrcrrfc: 0.000000000 0.418781267 0.581218733
J:/cccrcrrff: 0.000000000 0.398975938 0.601024062
J:/cccrf: 0.675385409 0.324614591 0.000000000
J:/cccrfcrc: 0.009615652 0.767226397 0.223157952
J:/cccrfcrf: 0.289338959 0.306362644 0.404298397
J:/cccrfcrr: 0.000000000 0.656860350 0.343139650
J:/cccrfrcr: 0.000000000 0.654429624 0.345570376
J:/cccrfrfr: 0.000000000 0.342938993 0.657061007
J:/cccrfrrc: 0.000000000 0.740989411 0.259010589
J:/cccrfrrf: 0.000000000 0.442788582 0.557211418
J:/cccrr: 0.169619440 0.821716161 0.008664399
J:/cccrrccrc: 0.000000000 0.508405479 0.491594521
J:/cccrrccrf: 0.000000000 0.915219873 0.084780127
J:/cccrrcfrc: 0.000000000 0.017382104 0.982617896
J:/cccrrcfrf: 0.000000000 0.432048470 0.567951530
J:/cccrrcrcc: 0.000000000 0.545141263 0.454858737
J:/cccrrcrcf: 0.000000000 0.557856368 0.442143632
J:/cccrrcrfc: 0.000000000 0.687326714 0.312673286
J:/cccrrcrff: 0.000000000 0.549251645 0.450748355
J:/ccrcc: 0.299022079 0.387438170 0.313539752
J:/ccrccrccr: 0.000000000 0.690887407 0.309112593
J:/ccrccrcfr: 0.000000000 0.907397224 0.092602776
J:/ccrccrcrc: 0.000000000 0.540139745 0.459860255
J:/ccrccrcrf: 0.000000000 0.571739663 0.428260337
J:/ccrccrfcr: 0.000000000 0.069800633 0.930199367
J:/ccrccrffr: 0.000000000 0.297549144 0.702450856
J:/ccrccrfrc: 0.000000000 0.500923473 0.499076527
J:/ccrccrfrf: 0.000000000 0.494984588 0.505015412
J:/ccrccrrcc: 0.000000000 0.434529223 0.565470777
J:/ccrccrrcf: 0.000000000 0.652891206 0.347108794
J:/ccrccrrfc: 0.000000000 0.433808809 0.566191191
J:/ccrccrrff: 0.000000000 0.525632747 0.474367253
J:/ccrcf: 0.000000000 0.372654123 0.627345877
J:/ccrcfrcr: 0.000000000 0.091111688 0.908888312
J:/ccrcfrfr: 0.000000000 0.314544706 0.685455294
J:/ccrcfrrc: 0.000000000 0.450404089 0.549595911
J:/ccrcfrrf: 0.000000000 0.603653853 0.396346147
J:/ccrcr: 0.050356771 0.298994792 0.650648438
J:/ccrcrccrc: 0.000000000 0.579735663 0.420264337
J:/ccrcrccrf: 0.000000000 0.707826732 0.292173268
J:/ccrcrcfrc: 0.000000000 0.745675115 0.254324885
J:/ccrcrcfrf: 0.000000000 0.916973221 0.083026779
J:/ccrcrcrcc: 0.000000000 0.491730643 0.508269357
J:/ccrcrcrcf: 0.000000000 0.599610398 0.400389602
J:/ccrcrcrfc: 0.000000000 0.982274605 0.017725395
J:/ccrcrcrff: 0.000000000 0.136255267 0.863744733
J:/ccrfc: 0.000000000 0.000000000 1.000000000
J:/ccrfcrcr: 0.000000000 0.577667284 0.422332716
J:/ccrfcrfr: 0.000000000 0.852985260 0.147014740
J:/ccrfcrrc: 0.000000000 0.000001546 0.999998454
J:/ccrfcrrf: 0.000000000 0.032952611 0.967047389
J:/ccrff: 0.215430863 0.347736516 0.436832621
J:/ccrffrr: 0.000000000 0.055279664 0.944720336
J:/ccrfr: 0.000063381 0.000000000 0.999936619
J:/ccrfrcrc: 0.000000000 0.020054318 0.979945682
J:/ccrfrcrf: 0.000000000 0.209662636 0.790337364
J:/ccrrc: 0.266002329 0.608439490 0.125558181
J:/ccrrccrcc: 0.000000000 0.673469396 0.326530604
J:/ccrrccrcf: 0.000000000 0.066369241 0.933630759
J:/ccrrccrfc: 0.000000000 0.771657063 0.228342937
J:/ccrrccrff: 0.000000000 0.744654296 0.255345704
J:/ccrrf: 0.446781398 0.043506664 0.509711939
J:/ccrrfcrc: 0.000000000 0.826005689 0.173994311
J:/ccrrfcrf: 0.000000000 0.221973610 0.778026390
J:/ccrrr: 0.000000000 0.465694180 0.534305820
J:/crccr: 0.000000000 0.000000000 1.000000000
J:/crccrccrc: 0.000000000 0.280619467 0.719380533
J:/crccrccrf: 0.000000000 0.726681051 0.273318949
J:/crccrcfrc: 0.000000000 0.794272943 0.205727057
J:/crccrcfrf: 0.000000000 0.515686099 0.484313901
J:/crccrcrcc: 0.000000000 0.517409899 0.482590101
J:/crccrcrcf: 0.000000000 0.050146132 0.949853868
J:/crccrcrfc: 0.000000000 0.801297531 0.198702469
J:/crccrcrff: 0.000000000 0.268256241 0.731743759
J:/crcfr: 0.000027027 0.472914375 0.527058597
J:/crcfrcrc: 0.000000000 0.750768455 0.249231545
J:/crcfrcrf: 0.000000000 0.535606142 0.464393858
J:/crcrc: 0.300648866 0.048751451 0.650599683
J:/crcrccrcc: 0.000000000 0.452387632 0.547612368
J:/crcrccrcf: 0.000000000 0.157177054 0.842822946
J:/crcrccrfc: 0.000000000 0.018797558 0.981202442
J:/crcrccrff: 0.000000000 0.482363920 0.517636080
J:/crcrf: 0.351348681 0.250094716 0.398556602
J:/crcrfcrc: 0.000000000 0.323237551 0.676762449
J:/crcrfcrf: 0.000000000 0.147881115 0.852118885
J:/crcrr: 0.000000000 0.815194312 0.184805688
J:/crfcr: 0.000000000 0.000000000 1.000000000
J:/crfcrcrc: 0.000000000 0.000000000 1.000000000
J:/crfcrcrf: 0.000000000 0.564437245 0.435562755
J:/crffr: 0.029619349 0.342945877 0.627434774
J:/crfrc: 0.000000000 1.000000000 0.000000000
J:/crfrf: 0.350138620 0.211404309 0.438457071
J:/crfrr: 0.000000000 0.000177427 0.999822573
J:/crrcc: 0.089285351 0.000000000 0.910714649
J:/crrcf: 0.061105423 0.055769819 0.883124758
J:/crrcr: 0.000000000 0.000000000 1.000000000
J:/crrfc: 0.167502890 0.302259140 0.530237970
J:/crrff: 0.108327998 0.047869519 0.843802484
J:/crrfr: 0.000000000 0.499066654 0.500933346
J:/crrrc: 0.000000000 0.000000000 1.000000000
J:/crrrf: 0.000000000 0.264021454 0.735978546
J:/r: 0.000000000 0.000000000 1.000000000
J:/rccrc: 0.524631960 0.121551278 0.353816762
J:/rccrccrcc: 0.000000000 0.493002383 0.506997617
J:/rccrccrcf: 0.000000000 0.202987690 0.797012310
J:/rccrccrfc: 0.000000000 0.837116298 0.162883702
J:/rccrccrff: 0.000000000 0.882992107 0.117007893
J:/rccrf: 0.383403497 0.167478268 0.449118235
J:/rccrfcrc: 0.000000000 0.068540761 0.931459239
J:/rccrfcrf: 0.000000000 0.435132524 0.564867476
J:/rccrr: 0.000000000 0.297799724 0.702200276
J:/rcfrc: 0.000000000 0.000003621 0.999996379
J:/rcfrf: 0.227639516 0.374764167 0.397596317
J:/rcfrr: 0.000000000 0.051151837 0.948848163
J:/rcrcc: 0.000000000 0.243911505 0.756088495
J:/rcrcf: 0.733666932 0.027125084 0.239207984
J:/rcrcr: 0.000000000 0.340898318 0.659101682
J:/rcrfc: 0.000000000 0.459685561 0.540314439
J:/rcrff: 0.391482730 0.008364855 0.600152415
J:/rcrfr: 0.000000000 0.024844171 0.975155829
J:/rcrrc: 0.000000000 0.192883559 0.807116441
J:/rcrrf: 0.000000000 0.437595611 0.562404389
J:/rrccr: 0.000000000 0.000000000 1.000000000
J:/rrcfr: 0.000000000 0.186607565 0.813392435
J:/rrcrc: 0.000000000 0.320749117 0.679250883
J:/rrcrf: 0.000000000 0.121149592 0.878850408
J:/rrfcr: 0.000000000 0.485432785 0.514567215
J:/rrffr: 0.000000000 0.101579998 0.898420002
J:/rrfrc: 0.000000000 0.368805035 0.631194965
J:/rrfrf: 0.000000000 0.937048170 0.062951830
J:/rrrcc: 0.000000000 0.000000000 1.000000000
J:/rrrcf: 0.000000000 0.891487387 0.108512613
J:/rrrfc: 0.000000000 0.000000000 1.000000000
J:/rrrff: 0.000000000 0.654776169 0.345223831
K:/c: 0.000000000 1.000000000 0.000000000
K:/cccrc: 0.190802892 0.656390980 0.152806128
K:/cccrccrcc: 0.119593336 0.506098770 0.374307894
K:/cccrccrcf: 0.366631182 0.443600878 0.189767940
K:/cccrccrcr: 0.000000000 0.651250360 0.348749640
K:/cccrccrfc: 0.495858607 0.123578733 0.380562659
K:/cccrccrff: 0.336023300 0.081999880 0.581976820
K:/cccrccrfr: 0.000000000 0.637540221 0.362459779
K:/cccrccrrc: 0.000000000 0.053885653 0.946114347
K:/cccrccrrf: 0.000000000 0.538903695 0.461096305
K:/cccrcrccr: 0.000000000 0.774642682 0.225357318
K:/cccrcrcfr: 0.000000000 0.465109424 0.534890576
K:/cccrcrcrc: 0.000000000 0.343565040 0.656434960
K:/cccrcrcrf: 0.000000000 0.099051777 0.900948223
K:/cccrcrfcr: 0.000000000 0.917697397 0.082302603
K:/cccrcrffr: 0.000000000 0.680227618 0.319772382
K:/cccrcrfrc: 0.000000000 0.424596921 0.575403079
K:/cccrcrfrf: 0.000000000 0.976425050 0.023574950
K:/cccrcrrcc: 0.000000000 0.401368672 0.598631328
K:/cccrcrrcf: 0.000000000 0.681772161 0.318227839
K:/cccrcrrfc: 0.000000000 0.097911392 0.902088608
K:/cccrcrrff: 0.000000000 0.276895491 0.723104509
K:/cccrf: 0.640207542 0.359792458 0.000000000
K:/cccrfcrc: 0.284250660 0.000747487 0.715001853
K:/cccrfcrf: 0.282283075 0.343413651 0.374303274
K:/cccrfcrr: 0.000000000 0.504055416 0.495944584
K:/cccrfrcr: 0.000000000 0.642579278 0.357420722
K:/cccrfrfr: 0.000000000 0.267379509 0.732620491
K:/cccrfrrc: 0.000000000 0.001454604 0.998545396
K:/cccrfrrf: 0.000000000 0.974518211 0.025481789
K:/cccrr: 0.197706587 0.797245258 0.005048155
K:/cccrrccrc: 0.000000000 0.897924407 0.102075593
K:/cccrrccrf: 0.000000000 0.693787091 0.306212909
K:/cccrrcfrc: 0.000000000 0.355633529 0.644366471
K:/cccrrcfrf: 0.000000000 0.772498610 0.227501390
K:/cccrrcrcc: 0.000000000 0.439583670 0.560416330
K:/cccrrcrcf: 0.000000000 0.745193109 0.254806891
K:/cccrrcrfc: 0.000000000 0.811423303 0.188576697
K:/cccrrcrff: 0.000000000 0.771159096 0.228840904
K:/ccrcc: 0.000815041 0.664719148 0.334465811
K:/ccrccrccr: 0.000000000 0.093180374 0.906819626
K:/ccrccrcfr: 0.000000000 0.046528884 0.953471116
K:/ccrccrcrc: 0.000000000 0.739968088 0.260031912
K:/ccrccrcrf: 0.000000000 0.674073757 0.325926243
K:/ccrccrfcr: 0.000000000 0.678151633 0.321848367
K:/ccrccrffr: 0.000000000 0.938726866 0.061273134
K:/ccrccrfrc: 0.000000000 0.173956786 0.826043214
K:/ccrccrfrf: 0.000000000 0.827505399 0.172494601
K:/ccrccrrcc: 0.000000000 0.563857003 0.436142997
K:/ccrccrrcf: 0.000000000 0.486458913 0.513541087
K:/ccrccrrfc: 0.000000000 0.941346635 0.058653365
K:/ccrccrrff: 0.000000000 0.571810759 0.428189241
K:/ccrcf: 0.233363590 0.131242107 0.635394303
K:/ccrcfrcr: 0.000000000 0.498154280 0.501845720
K:/ccrcfrfr: 0.000000000 0.492914995 0.507085005
K:/ccrcfrrc: 0.000000000 0.919317755 0.080682245
K:/ccrcfrrf: 0.000000000 0.615998245 0.384001755
K:/ccrcr: 0.327516616 0.575462227 0.097021157
K:/ccrcrccrc: 0.000000000 0.663397007 0.336602993
K:/ccrcrccrf: 0.000000000 0.782860633 0.217139367
K:/ccrcrcfrc: 0.000000000 0.275249919 0.724750081
K:/ccrcrcfrf: 0.000000000 0.329722978 0.670277022
K:/ccrcrcrcc: 0.000000000 0.357531685 0.642468315
K:/ccrcrcrcf: 0.000000000 0.051803427 0.948196573
K:/ccrcrcrfc: 0.000000000 0.450032623 0.549967377
K:/ccrcrcrff: 0.000000000 0.597413264 0.402586736
K:/ccrfc: 0.000000000 0.000000000 1.000000000
K:/ccrfcrcr: 0.000000000 0.503683919 0.496316081
K:/ccrfcrfr: 0.000000000 0.881192271 0.118807729
K:/ccrfcrrc: 0.000000000 0.127111100 0.872888900
K:/ccrfcrrf: 0.000000000 0.000004181 0.999995819
K:/ccrff: 0.001321525 0.703213483 0.295464992
K:/ccrffrr: 0.000000000 0.596374265 0.403625735
K:/ccrfr: 0.001043465 0.000000000 0.998956535
K:/ccrfrcrc: 0.000000000 0.000000000 1.000000000
K:/ccrfrcrf: 0.000000000 0.374544298 0.625455702
K:/ccrrc: 0.303942715 0.293127592 0.402929694
K:/ccrrccrcc: 0.000000000 0.396010868 0.603989132
K:/ccrrccrcf: 0.000000000 0.604880108 0.395119892
K:/ccrrccrfc: 0.000000000 0.516902466 0.483097534
K:/ccrrccrff: 0.000000000 0.144775033 0.855224967
K:/ccrrf: 0.450829997 0.052143643 0.497026360
K:/ccrrfcrc: 0.000000000 0.886856064 0.113143936
K:/ccrrfcrf: 0.000000000 0.544857137 0.455142863
K:/ccrrr: 0.000000000 0.866999013 0.133000987
K:/crccr: 0.000092690 0.638211794 0.361695517
K:/crccrccrc: 0.000000000 0.704730251 0.295269749
K:/crccrccrf: 0.000000000 0.590605777 0.409394223
K:/crccrcfrc: 0.000000000 0.692595026 0.307404974
K:/crccrcfrf: 0.000000000 0.786344559 0.213655441
K:/crccrcrcc: 0.000000000 0.589415535 0.410584465
K:/crccrcrcf: 0.000000000 0.192475416 0.807524584
K:/crccrcrfc: 0.000000000 0.813669344 0.186330656
K:/crccrcrff: 0.000000000 0.186367187 0.813632813
K:/crcfr: 0.000023022 0.010121977 0.989855001
K:/crcfrcrc: 0.000000000 0.291578063 0.708421937
K:/crcfrcrf: 0.000000000 1.000000000 0.000000000
K:/crcrc: 0.405590074 0.524654997 0.069754929
K:/crcrccrcc: 0.000000000 0.745735175 0.254264825
K:/crcrccrcf: 0.000000000 0.000000000 1.000000000
K:/crcrccrfc: 0.000000000 0.695579726 0.304420274
K:/crcrccrff: 0.000000000 0.247815856 0.752184144
K:/crcrf: 0.360371680 0.078962409 0.560665911
K:/crcrfcrc: 0.000000000 0.603453027 0.396546973
K:/crcrfcrf: 0.000000000 0.153111820 0.846888180
K:/crcrr: 0.000000000 0.926161667 0.073838333
K:/crfcr: 0.000000000 0.000000000 1.000000000
K:/crfcrcrc: 0.000000000 0.000000000 1.000000000
K:/crfcrcrf: 0.000000000 0.781645845 0.218354155
K:/crffr: 0.097266973 0.759291110 0.143441917
K:/crfrc: 0.304853185 0.352547925 0.342598890
K:/crfrf: 0.183984975 0.488266772 0.327748253
K:/crfrr: 0.000000000 0.999994780 0.000005220
K:/crrcc: 0.248552400 0.000000000 0.751447600
K:/crrcf: 0.107782053 0.067840514 0.824377433
K:/crrcr: 0.000000000 0.369496407 0.630503593
K:/crrfc: 0.090226115 0.000000000 0.909773885
K:/crrff: 0.000231021 0.635322131 0.364446848
K:/crrfr: 0.000000000 1.000000000 0.000000000
K:/crrrc: 0.000000000 1.000000000 0.000000000
K:/crrrf: 0.000000000 0.301343985 0.698656015
K:/r: 0.000000000 0.000000000 1.000000000
K:/rccrc: 0.295701564 0.339667938 0.364630498
K:/rccrccrcc: 0.000000000 0.751585449 0.248414551
K:/rccrccrcf: 0.000000000 0.538522176 0.461477824
K:/rccrccrfc: 0.000000000 0.226188526 0.773811474
K:/rccrccrff: 0.000000000 0.522369572 0.477630428
K:/rccrf: 0.426874681 0.386414385 0.186710934
K:/rccrfcrc: 0.000000000 0.500463340 0.499536660
K:/rccrfcrf: 0.000000000 0.219740952 0.780259048
K:/rccrr: 0.000000000 0.577462148 0.422537852
K:/rcfrc: 0.150162567 0.439653111 0.410184322
K:/rcfrf: 0.488581127 0.194021955 0.317396918
K:/rcfrr: 0.000000000 0.219000063 0.780999937
K:/rcrcc: 0.165007497 0.319790554 0.515201949
K:/rcrcf: 0.413589206 0.269203041 0.317207753
K:/rcrcr: 0.000000000 0.420683289 0.579316711
K:/rcrfc: 0.344378690 0.290517940 0.365103369
K:/rcrff: 0.620847022 0.379148709 0.000004269
K:/rcrfr: 0.000000000 0.483099856 0.516900144
K:/rcrrc: 0.000000000 0.326732936 0.673267064
K:/rcrrf: 0.000000000 0.398369291 0.601630709
K:/rrccr: 0.000000000 0.086704881 0.913295119
K:/rrcfr: 0.000000000 0.277973932 0.722026068
K:/rrcrc: 0.000000000 0.193801651 0.806198349
K:/rrcrf: 0.000000000 0.586052232 0.413947768
K:/rrfcr: 0.000000000 0.000000000 1.000000000
K:/rrffr: 0.000000000 0.703546561 0.296453439
K:/rrfrc: 0.000000000 0.608906797 0.391093203
K:/rrfrf: 0.000000000 0.596158571 0.403841429
K:/rrrcc: 0.000000000 0.108897790 0.891102210
K:/rrrcf: 0.000000000 0.655929628 0.344070372
K:/rrrfc: 0.000000000 0.000000000 1.000000000
K:/rrrff: 0.000000000 0.764321789 0.235678211
Q:/c: 0.001549340 0.998450660 0.000000000
Q:/cccrc: 0.116830963 0.835355543 0.047813495
Q:/cccrccrcc: 0.399978433 0.235487679 0.364533888
Q:/cccrccrcf: 0.815739251 0.037007545 0.147253204
Q:/cccrccrcr: 0.000000000 0.062142597 0.937857403
Q:/cccrccrfc: 0.152070565 0.435354430 0.412575005
Q:/cccrccrff: 0.044944223 0.883507846 0.071547931
Q:/cccrccrfr: 0.000000000 0.492450401 0.507549599
Q:/cccrccrrc: 0.000000000 0.861081616 0.138918384
Q:/cccrccrrf: 0.000000000 0.146675170 0.853324830
Q:/cccrcrccr: 0.000000000 0.861396919 0.138603081
Q:/cccrcrcfr: 0.000000000 0.202622033 0.797377967
Q:/cccrcrcrc: 0.000000000 0.652762291 0.347237709
Q:/cccrcrcrf: 0.000000000 0.598993736 0.401006264
Q:/cccrcrfcr: 0.000000000 0.477009861 0.522990139
Q:/cccrcrffr: 0.000000000 0.304567008 0.695432992
Q:/cccrcrfrc: 0.000000000 0.599749015 0.400250985
Q:/cccrcrfrf: 0.000000000 0.960838497 0.039161503
Q:/cccrcrrcc: 0.000000000 0.360133662 0.639866338
Q:/cccrcrrcf: 0.000000000 0.414749890 0.585250110
Q:/cccrcrrfc: 0.000000000 0.470480626 0.529519374
Q:/cccrcrrff: 0.000000000 0.547327689 0.452672311
Q:/cccrf: 0.831589896 0.168410104 0.000000000
Q:/cccrfcrc: 0.132827539 0.404099800 0.463072661
Q:/cccrfcrf: 0.573795510 0.165883515 0.260320975
Q:/cccrfcrr: 0.000000000 0.604592401 0.395407599
Q:/cccrfrcr: 0.000000000 0.781625619 0.218374381
Q:/cccrfrfr: 0.000000000 0.491281973 0.508718027
Q:/cccrfrrc: 0.000000000 0.366490537 0.633509463
Q:/cccrfrrf: 0.000000000 0.984145561 0.015854439
Q:/cccrr: 0.474137813 0.521866902 0.003995285
Q:/cccrrccrc: 0.000000000 0.524321959 0.475678041
Q:/cccrrccrf: 0.000000000 0.309629807 0.690370193
Q:/cccrrcfrc: 0.000000000 0.744506738 0.255493262
Q:/cccrrcfrf: 0.000000000 0.290301130 0.709698870
Q:/cccrrcrcc: 0.000000000 0.448565328 0.551434672
Q:/cccrrcrcf: 0.000000000 0.158761025 0.841238975
Q:/cccrrcrfc: 0.000000000 0.441413804 0.558586196
Q:/cccrrcrff: 0.000000000 0.548301510 0.451698490
Q:/ccrcc: 0.009750039 0.646194442 0.344055519
Q:/ccrccrccr: 0.000000000 0.786866268 0.213133732
Q:/ccrccrcfr: 0.000000000 0.367322211 0.632677789
Q:/ccrccrcrc: 0.000000000 0.507064882 0.492935118
Q:/ccrccrcrf: 0.000000000 0.571732761 0.428267239
Q:/ccrccrfcr: 0.000000000 0.414007261 0.585992739
Q:/ccrccrffr: 0.000000000 0.247114329 0.752885671
Q:/ccrccrfrc: 0.000000000 0.596028355 0.403971645
Q:/ccrccrfrf: 0.000000000 0.356517176 0.643482824
Q:/ccrccrrcc: 0.000000000 0.341916512 0.658083488
Q:/ccrccrrcf: 0.000000000 0.501127367 0.498872633
Q:/ccrccrrfc: 0.000000000 0.231927222 0.768072778
Q:/ccrccrrff: 0.000000000 0.218684540 0.781315460
Q:/ccrcf: 0.067656543 0.330237772 0.602105685
Q:/ccrcfrcr: 0.000000000 0.040896885 0.959103115
Q:/ccrcfrfr: 0.000000000 0.197259909 0.802740091
Q:/ccrcfrrc: 0.000000000 0.340469676 0.659530324
Q:/ccrcfrrf: 0.000000000 0.391726002 0.608273998
Q:/ccrcr: 0.385813636 0.141287265 0.472899100
Q:/ccrcrccrc: 0.000000000 0.046174180 0.953825820
Q:/ccrcrccrf: 0.000000000 0.424511467 0.575488533
Q:/ccrcrcfrc: 0.000000000 0.000004062 0.999995938
Q:/ccrcrcfrf: 0.000000000 0.528607557 0.471392443
Q:/ccrcrcrcc: 0.000000000 0.107839483 0.892160517
Q:/ccrcrcrcf: 0.000000000 0.370788312 0.629211688
Q:/ccrcrcrfc: 0.000000000 0.451714983 0.548285017
Q:/ccrcrcrff: 0.000000000 0.316352239 0.683647761
Q:/ccrfc: 0.000000000 0.000000000 1.000000000
Q:/ccrfcrcr: 0.000000000 0.588116422 0.411883578
Q:/ccrfcrfr: 0.000000000 0.673899233 0.326100767
Q:/ccrfcrrc: 0.000000000 0.277551153 0.722448847
Q:/ccrfcrrf: 0.000000000 0.461600330 0.538399670
Q:/ccrff: 0.136368471 0.319402674 0.544228854
Q:/ccrffrr: 0.000000000 0.000000000 1.000000000
Q:/ccrfr: 0.000470424 0.000000000 0.999529576
Q:/ccrfrcrc: 0.000000000 0.000000000 1.000000000
Q:/ccrfrcrf: 0.000000000 0.000000000 1.000000000
Q:/ccrrc: 0.308746813 0.593125614 0.098127572
Q:/ccrrccrcc: 0.000000000 0.690652748 0.309347252
Q:/ccrrccrcf: 0.000000000 0.500338290 0.499661710
Q:/ccrrccrfc: 0.000000000 0.438197758 0.561802242
Q:/ccrrccrff: 0.000000000 0.437235919 0.562764081
Q:/ccrrf: 0.258662372 0.286997991 0.454339637
Q:/ccrrfcrc: 0.000000000 0.315120410 0.684879590
Q:/ccrrfcrf: 0.000000000 0.255226799 0.744773201
Q:/ccrrr: 0.000000000 0.355343138 0.644656862
Q:/crccr: 0.337234325 0.006607522 0.656158154
Q:/crccrccrc: 0.000000000 0.582062938 0.417937062
Q:/crccrccrf: 0.000000000 0.343085678 0.656914322
Q:/crccrcfrc: 0.000000000 0.581766632 0.418233368
Q:/crccrcfrf: 0.000000000 0.250289266 0.749710734
Q:/crccrcrcc: 0.000000000 0.432317673 0.567682327
Q:/crccrcrcf: 0.000000000 0.442738327 0.557261673
Q:/crccrcrfc: 0.000000000 0.515302924 0.484697076
Q:/crccrcrff: 0.000000000 0.154864155 0.845135845
Q:/crcfr: 0.549159509 0.084279880 0.366560611
Q:/crcfrcrc: 0.000000000 0.220156000 0.779844000
Q:/crcfrcrf: 0.000000000 0.591852796 0.408147204
Q:/crcrc: 0.088593526 0.164245947 0.747160527
Q:/crcrccrcc: 0.000000000 0.338194456 0.661805544
Q:/crcrccrcf: 0.000000000 0.720299899 0.279700101
Q:/crcrccrfc: 0.000000000 0.590945323 0.409054677
Q:/crcrccrff: 0.000000000 0.690589469 0.309410531
Q:/crcrf: 0.294809765 0.263069649 0.442120586
Q:/crcrfcrc: 0.000000000 0.426873609 0.573126391
Q:/crcrfcrf: 0.000000000 0.109788196 0.890211804
Q:/crcrr: 0.000000000 0.521309391 0.478690609
Q:/crfcr: 0.000000000 0.000000000 1.000000000
Q:/crfcrcrc: 0.000000000 0.000000000 1.000000000
Q:/crfcrcrf: 0.000000000 0.339667935 0.660332065
Q:/crffr: 0.000000000 0.709312209 0.290687791
Q:/crfrc: 0.000000000 0.619043103 0.380956897
Q:/crfrf: 0.052536983 0.835904985 0.111558032
Q:/crfrr: 0.000000000 0.618798799 0.381201201
Q:/crrcc: 0.154495160 0.131226624 0.714278216
Q:/crrcf: 0.209435403 0.000000000 0.790564597
Q:/crrcr: 0.000000000 0.228436373 0.771563627
Q:/crrfc: 0.017393339 0.074640823 0.907965838
Q:/crrff: 0.097944013 0.181592291 0.720463697
Q:/crrfr: 0.000000000 0.512597103 0.487402897
Q:/crrrc: 0.000000000 0.232377344 0.767622656
Q:/crrrf: 0.000000000 0.296524696 0.703475304
Q:/r: 0.000000000 0.000000000 1.000000000
Q:/rccrc: 0.317705279 0.340582863 0.341711858
Q:/rccrccrcc: 0.000000000 0.082840473 0.917159527
Q:/rccrccrcf: 0.000000000 0.996970157 0.003029843
Q:/rccrccrfc: 0.000000000 0.391686511 0.608313489
Q:/rccrccrff: 0.000000000 0.618872128 0.381127872
Q:/rccrf: 0.481306239 0.418775488 0.099918274
Q:/rccrfcrc: 0.000000000 0.092480718 0.907519282
Q:/rccrfcrf: 0.000000000 0.491241306 0.508758694
Q:/rccrr: 0.000000000 0.389923358 0.610076642
Q:/rcfrc: 0.664996544 0.159965283 0.175038173
Q:/rcfrf: 0.016565024 0.067821324 0.915613653
Q:/rcfrr: 0.000000000 0.266208910 0.733791090
Q:/rcrcc: 0.325014039 0.308532655 0.366453307
Q:/rcrcf: 0.419258621 0.234885342 0.345856038
Q:/rcrcr: 0.000000000 0.003280189 0.996719811
Q:/rcrfc: 0.030498689 0.348737146 0.620764165
Q:/rcrff: 0.618188359 0.379275312 0.002536329
Q:/rcrfr: 0.000000000 0.007204806 0.992795194
Q:/rcrrc: 0.000000000 0.593477364 0.406522636
Q:/rcrrf: 0.000000000 0.722701625 0.277298375
Q:/rrccr: 0.000000000 0.747676143 0.252323857
Q:/rrcfr: 0.000000000 0.000000000 1.000000000
Q:/rrcrc: 0.000000000 0.729873426 0.270126574
Q:/rrcrf: 0.000000000 0.119753041 0.880246959
Q:/rrfcr: 0.000000000 0.594155074 0.405844926
Q:/rrffr: 0.000000000 0.624713396 0.375286604
Q:/rrfrc: 0.000000000 0.471696581 0.528303419
Q:/rrfrf: 0.000000000 0.069454746 0.930545254
Q:/rrrcc: 0.000000000 0.115992594 0.884007406
Q:/rrrcf: 0.000000000 0.798001552 0.201998448
Q:/rrrfc: 0.000000000 0.000000000 1.000000000
Q:/rrrff: 0.000000000 0.437490236 0.562509764
T:/c: 0.001541893 0.998458107 0.000000000
T:/cccrc: 0.000000000 0.691807583 0.308192417
T:/cccrccrcc: 0.377782022 0.565580918 0.056637060
T:/cccrccrcf: 0.294229693 0.169759456 0.536010851
T:/cccrccrcr: 0.000000000 0.332415316 0.667584684
T:/cccrccrfc: 0.131525181 0.623748455 0.244726365
T:/cccrccrff: 0.148795740 0.331099907 0.520104353
T:/cccrccrfr: 0.000000000 0.772069392 0.227930608
T:/cccrccrrc: 0.000000000 0.356489487 0.643510513
T:/cccrccrrf: 0.000000000 0.632913170 0.367086830
T:/cccrcrccr: 0.000000000 0.450741082 0.549258918
T:/cccrcrcfr: 0.000000000 0.680273763 0.319726237
T:/cccrcrcrc: 0.000000000 0.572419778 0.427580222
T:/cccrcrcrf: 0.000000000 0.986888735 0.013111265
T:/cccrcrfcr: 0.000000000 0.474683282 0.525316718
T:/cccrcrffr: 0.000000000 0.789864081 0.210135919
T:/cccrcrfrc: 0.000000000 0.658776538 0.341223462
T:/cccrcrfrf: 0.000000000 0.803049545 0.196950455
T:/cccrcrrcc: 0.000000000 0.071425648 0.928574352
T:/cccrcrrcf: 0.000000000 0.290939437 0.709060563
T:/cccrcrrfc: 0.000000000 0.431562588 0.568437412
T:/cccrcrrff: 0.000000000 0.114712649 0.885287351
T:/cccrf: 0.625447962 0.374552038 0.000000000
T:/cccrfcrc: 0.438426655 0.381517173 0.180056172
T:/cccrfcrf: 0.176431403 0.313809461 0.509759136
T:/cccrfcrr: 0.000000000 0.360598400 0.639401600
T:/cccrfrcr: 0.000000000 0.859072550 0.140927450
T:/cccrfrfr: 0.000000000 0.014453874 0.985546126
T:/cccrfrrc: 0.000000000 0.584901881 0.415098119
T:/cccrfrrf: 0.000000000 0.483275141 0.516724859
T:/cccrr: 0.183583599 0.815103918 0.001312482
T:/cccrrccrc: 0.000000000 0.816998293 0.183001707
T:/cccrrccrf: 0.000000000 0.687661609 0.312338391
T:/cccrrcfrc: 0.000000000 0.403874393 0.596125607
T:/cccrrcfrf: 0.000000000 0.599389773 0.400610227
T:/cccrrcrcc: 0.000000000 0.016951725 0.983048275
T:/cccrrcrcf: 0.000000000 0.545706752 0.454293248
T:/cccrrcrfc: 0.000000000 0.625139361 0.374860639
T:/cccrrcrff: 0.000000000 0.298737418 0.701262582
T:/ccrcc: 0.210190671 0.189561304 0.600248025
T:/ccrccrccr: 0.000000000 0.503394409 0.496605591
T:/ccrccrcfr: 0.000000000 0.608255990 0.391744010
T:/ccrccrcrc: 0.000000000 0.043676565 0.956323435
T:/ccrccrcrf: 0.000000000 0.634474254 0.365525746
T:/ccrccrfcr: 0.000000000 0.652948569 0.347051431
T:/ccrccrffr: 0.000000000 0.282817470 0.717182530
T:/ccrccrfrc: 0.000000000 0.125688174 0.874311826
T:/ccrccrfrf: 0.000000000 0.099348181 0.900651819
T:/ccrccrrcc: 0.000000000 0.574195280 0.425804720
T:/ccrccrrcf: 0.000000000 0.091873144 0.908126856
T:/ccrccrrfc: 0.000000000 0.508601257 0.491398743
T:/ccrccrrff: 0.000000000 0.000052619 0.999947381
T:/ccrcf: 0.000000000 0.468506471 0.531493529
T:/ccrcfrcr: 0.000000000 0.551032909 0.448967091
T:/ccrcfrfr: 0.000000000 0.805222894 0.194777106
T:/ccrcfrrc: 0.000000000 0.747392240 0.252607760
T:/ccrcfrrf: 0.000000000 0.336575052 0.663424948
T:/ccrcr: 0.524325985 0.145170416 0.330503599
T:/ccrcrccrc: 0.000000000 0.319594821 0.680405179
T:/ccrcrccrf: 0.000000000 0.016039061 0.983960939
T:/ccrcrcfrc: 0.000000000 0.543809061 0.456190939
T:/ccrcrcfrf: 0.000000000 0.598695141 0.401304859
T:/ccrcrcrcc: 0.000000000 0.290111343 0.709888657
T:/ccrcrcrcf: 0.000000000 0.633849627 0.366150373
T:/ccrcrcrfc: 0.000000000 0.510398895 0.489601105
T:/ccrcrcrff: 0.000000000 0.171537200 0.828462800
T:/ccrfc: 0.000000000 0.000000000 1.000000000
T:/ccrfcrcr: 0.000000000 0.292184111 0.707815889
T:/ccrfcrfr: 0.000000000 0.253918417 0.746081583
T:/ccrfcrrc: 0.000000000 0.250594514 0.749405486
T:/ccrfcrrf: 0.000000000 0.000001283 0.999998717
T:/ccrff: 0.207666036 0.234440524 0.557893440
T:/ccrffrr: 0.000000000 0.269880270 0.730119730
T:/ccrfr: 0.000000000 0.000000000 1.000000000
T:/ccrfrcrc: 0.000000000 0.000000000 1.000000000
T:/ccrfrcrf: 0.000000000 0.000000000 1.000000000
T:/ccrrc: 0.000000000 0.538259628 0.461740372
T:/ccrrccrcc: 0.000000000 0.147051635 0.852948365
T:/ccrrccrcf: 0.000000000 0.501449545 0.498550455
T:/ccrrccrfc: 0.000000000 0.615429222 0.384570778
T:/ccrrccrff: 0.000000000 0.113625407 0.886374593
T:/ccrrf: 0.052923998 0.000000000 0.947076002
T:/ccrrfcrc: 0.000000000 0.062067860 0.937932140
T:/ccrrfcrf: 0.000000000 0.979840187 0.020159813
T:/ccrrr: 0.000000000 0.462612506 0.537387494
T:/crccr: 0.000000000 0.000000000 1.000000000
T:/crccrccrc: 0.000000000 0.017876672 0.982123328
T:/crccrccrf: 0.000000000 0.243477054 0.756522946
T:/crccrcfrc: 0.000000000 0.802545719 0.197454281
T:/crccrcfrf: 0.000000000 0.494513820 0.505486180
T:/crccrcrcc: 0.000000000 0.776445112 0.223554888
T:/crccrcrcf: 0.000000000 0.211284313 0.788715687
T:/crccrcrfc: 0.000000000 0.516002229 0.483997771
T:/crccrcrff: 0.000000000 0.237231203 0.762768797
T:/crcfr: 0.000036415 0.057694245 0.942269341
T:/crcfrcrc: 0.000000000 0.705989475 0.294010525
T:/crcfrcrf: 0.000000000 0.874483268 0.125516732
T:/crcrc: 0.010999305 0.348693042 0.640307653
T:/crcrccrcc: 0.000000000 0.494679476 0.505320524
T:/crcrccrcf: 0.000000000 0.357256710 0.642743290
T:/crcrccrfc: 0.000000000 0.637513591 0.362486409
T:/crcrccrff: 0.000000000 0.530229926 0.469770074
T:/crcrf: 0.271712539 0.367397452 0.360890009
T:/crcrfcrc: 0.000000000 0.459113705 0.540886295
T:/crcrfcrf: 0.000000000 0.664729366 0.335270634
T:/crcrr: 0.000000000 0.186547466 0.813452534
T:/crfcr: 0.000000000 0.000000000 1.000000000
T:/crfcrcrc: 0.000000000 0.000000000 1.000000000
T:/crfcrcrf: 0.000000000 0.365945919 0.634054081
T:/crffr: 0.016464338 0.183850098 0.799685564
T:/crfrc: 0.000114289 0.814065537 0.185820174
T:/crfrf: 0.573943630 0.306250016 0.119806354
T:/crfrr: 0.000000000 0.000223860 0.999776140
T:/crrcc: 0.004153446 0.152314419 0.843532135
T:/crrcf: 0.032394623 0.156880467 0.810724910
T:/crrcr: 0.000000000 0.315852864 0.684147136
T:/crrfc: 0.004873698 0.000000000 0.995126302
T:/crrff: 0.001154858 0.000000000 0.998845142
T:/crrfr: 0.000000000 0.000000000 1.000000000
T:/crrrc: 0.000000000 0.516805596 0.483194404
T:/crrrf: 0.000000000 1.000000000 0.000000000
T:/r: 0.000000000 0.000000000 1.000000000
T:/rccrc: 0.578255138 0.238221316 0.183523546
T:/rccrccrcc: 0.000000000 0.087427679 0.912572321
T:/rccrccrcf: 0.000000000 0.912739815 0.087260185
T:/rccrccrfc: 0.000000000 0.499475967 0.500524033
T:/rccrccrff: 0.000000000 0.479512452 0.520487548
T:/rccrf: 0.205610348 0.516295631 0.278094021
T:/rccrfcrc: 0.000000000 0.486593705 0.513406295
T:/rccrfcrf: 0.000000000 0.608697275 0.391302725
T:/rccrr: 0.000000000 0.700656937 0.299343063
T:/rcfrc: 0.281146069 0.310506145 0.408347786
T:/rcfrf: 0.320561310 0.660798807 0.018639884
T:/rcfrr: 0.000000000 0.225319421 0.774680579
T:/rcrcc: 0.286524033 0.494715796 0.218760171
T:/rcrcf: 0.384123990 0.379197897 0.236678114
T:/rcrcr: 0.000000000 0.363340209 0.636659791
T:/rcrfc: 0.216811271 0.241689070 0.541499659
T:/rcrff: 0.334086942 0.352064925 0.313848133
T:/rcrfr: 0.000000000 0.202714209 0.797285791
T:/rcrrc: 0.000000000 0.000000000 1.000000000
T:/rcrrf: 0.000000000 0.308749861 0.691250139
T:/rrccr: 0.000000000 0.093574343 0.906425657
T:/rrcfr: 0.000000000 0.271177497 0.728822503
T:/rrcrc: 0.000000000 0.410916975 0.589083025
T:/rrcrf: 0.000000000 0.656516497 0.343483503
T:/rrfcr: 0.000000000 0.000000000 1.000000000
T:/rrffr: 0.000000000 0.000000000 1.000000000
T:/rrfrc: 0.000000000 0.216939418 0.783060582
T:/rrfrf: 0.000000000 0.136083758 0.863916242
T:/rrrcc: 0.000000000 0.426168876 0.573831124
T:/rrrcf: 0.000000000 0.175554200 0.824445800
T:/rrrfc: 0.000000000 0.000000000 1.000000000
T:/rrrff: 0.000000000 0.153963176 0.846036824
