A:/cc: 0.014396146 0.985603854 0.000000000
A:/cccrcc: 0.720629455 0.276218775 0.003151770
A:/cccrccrccr: 0.000000000 0.493469725 0.506530275
A:/cccrccrcfr: 0.000000000 0.756811996 0.243188004
A:/cccrccrcrc: 0.000000000 0.371607769 0.628392231
A:/cccrccrcrf: 0.000000000 0.322972733 0.677027267
A:/cccrccrfcr: 0.000000000 0.186272906 0.813727094
A:/cccrccrffr: 0.000000000 0.378756470 0.621243530
A:/cccrccrfrc: 0.000000000 0.521126105 0.478873895
A:/cccrccrfrf: 0.000000000 0.345394864 0.654605136
A:/cccrccrrcc: 0.000000000 0.697326541 0.302673459
A:/cccrccrrcf: 0.000000000 0.234629043 0.765370957
A:/cccrccrrfc: 0.000000000 0.580627304 0.419372696
A:/cccrccrrff: 0.000000000 0.557200415 0.442799585
A:/cccrcf: 0.638449481 0.161696565 0.199853953
A:/cccrcfrcr: 0.000000000 0.575042517 0.424957483
A:/cccrcfrfr: 0.000000000 0.447262525 0.552737475
A:/cccrcfrrc: 0.000000000 0.622176982 0.377823018
A:/cccrcfrrf: 0.000000000 0.586328519 0.413671481
A:/cccrcr: 0.229442877 0.770557123 0.000000000
A:/cccrcrccrc: 0.000000000 0.337065418 0.662934582
A:/cccrcrccrf: 0.000000000 0.125385898 0.874614102
A:/cccrcrcfrc: 0.000000000 0.747110772 0.252889228
A:/cccrcrcfrf: 0.000000000 0.815777911 0.184222089
A:/cccrcrcrcc: 0.000000000 0.592213611 0.407786389
A:/cccrcrcrcf: 0.000000000 0.942471267 0.057528733
A:/cccrcrcrfc: 0.000000000 0.820667311 0.179332689
A:/cccrcrcrff: 0.000000000 0.873150211 0.126849789
A:/cccrfc: 0.484253825 0.487839920 0.027906254
A:/cccrfcrcr: 0.000000000 0.798393079 0.201606921
A:/cccrfcrfr: 0.000000000 0.825215254 0.174784746
A:/cccrfcrrc: 0.000000000 0.828956731 0.171043269
A:/cccrfcrrf: 0.000000000 0.995796879 0.004203121
A:/cccrff: 0.163593537 0.512020743 0.324385720
A:/cccrffrr: 0.000000000 0.571979131 0.428020869
A:/cccrfr: 0.370438954 0.275550707 0.354010338
A:/cccrfrcrc: 0.000000000 0.978278756 0.021721244
A:/cccrfrcrf: 0.000000000 0.243115986 0.756884014
A:/cccrrc: 0.918390988 0.081609012 0.000000000
A:/cccrrccrcc: 0.000000000 0.859455105 0.140544895
A:/cccrrccrcf: 0.000000000 0.709673352 0.290326648
A:/cccrrccrfc: 0.000000000 0.659942847 0.340057153
A:/cccrrccrff: 0.000000000 1.000000000 0.000000000
A:/cccrrf: 0.610517777 0.389482223 0.000000000
A:/cccrrfcrc: 0.000000000 0.632062805 0.367937195
A:/cccrrfcrf: 0.000000000 0.565783400 0.434216600
A:/cccrrr: 0.000000000 1.000000000 0.000000000
A:/ccrccr: 0.850233687 0.149766313 0.000000000
A:/ccrccrccrc: 0.000000000 0.463741460 0.536258540
A:/ccrccrccrf: 0.000000000 0.518521496 0.481478504
A:/ccrccrcfrc: 0.000000000 0.438052571 0.561947429
A:/ccrccrcfrf: 0.000000000 0.351315713 0.648684287
A:/ccrccrcrcc: 0.000000000 0.616807946 0.383192054
A:/ccrccrcrcf: 0.000000000 0.454775829 0.545224171
A:/ccrccrcrfc: 0.000000000 1.000000000 0.000000000
A:/ccrccrcrff: 0.000000000 1.000000000 0.000000000
A:/ccrcfr: 0.472745220 0.394225893 0.133028887
A:/ccrcfrcrc: 0.000000000 0.582584280 0.417415720
A:/ccrcfrcrf: 0.000000000 0.638227926 0.361772074
A:/ccrcrc: 0.208220373 0.308839169 0.482940458
A:/ccrcrccrcc: 0.000000000 0.620210910 0.379789090
A:/ccrcrccrcf: 0.000000000 0.326280113 0.673719887
A:/ccrcrccrfc: 0.000000000 0.205830131 0.794169869
A:/ccrcrccrff: 0.000000000 0.807870144 0.192129856
A:/ccrcrf: 0.489164449 0.087530741 0.423304810
A:/ccrcrfcrc: 0.000000000 0.237437241 0.762562759
A:/ccrcrfcrf: 0.000000000 0.450208180 0.549791820
A:/ccrcrr: 0.000000000 0.539919529 0.460080471
A:/ccrfcr: 0.471306256 0.528476366 0.000217378
A:/ccrfcrcrc: 0.000000000 0.851407398 0.148592602
A:/ccrfcrcrf: 0.000000000 0.391849114 0.608150886
A:/ccrffr: 0.146262241 0.000000000 0.853737759
A:/ccrfrc: 0.333999067 0.665998308 0.000002625
A:/ccrfrf: 0.119694918 0.478896183 0.401408898
A:/ccrfrr: 0.000000000 1.000000000 0.000000000
A:/ccrrcc: 0.357827385 0.545349961 0.096822654
A:/ccrrcf: 0.435653073 0.564346927 0.000000000
A:/ccrrcr: 0.000000000 0.731474123 0.268525877
A:/ccrrfc: 0.318614683 0.254541965 0.426843352
A:/ccrrff: 0.555680928 0.337459592 0.106859480
A:/ccrrfr: 0.000000000 0.710555056 0.289444944
A:/ccrrrc: 0.000000000 0.169965058 0.830034942
A:/ccrrrf: 0.000000000 0.295040145 0.704959855
A:/cr: 0.420049987 0.579950013 0.000000000
A:/crccrc: 0.296754125 0.385595073 0.317650803
A:/crccrccrcc: 0.000000000 0.739432813 0.260567187
A:/crccrccrcf: 0.000000000 0.915088517 0.084911483
A:/crccrccrfc: 0.000000000 0.965474855 0.034525145
A:/crccrccrff: 0.000000000 0.871508126 0.128491874
A:/crccrf: 0.378617812 0.309687723 0.311694464
A:/crccrfcrc: 0.000000000 0.551429769 0.448570231
A:/crccrfcrf: 0.000000000 0.450555406 0.549444594
A:/crccrr: 0.000000000 0.602875284 0.397124716
A:/crcfrc: 0.593614036 0.029065467 0.377320496
A:/crcfrf: 0.591366158 0.179275893 0.229357948
A:/crcfrr: 0.000000000 0.408948255 0.591051745
A:/crcrcc: 0.310044754 0.413373301 0.276581945
A:/crcrcf: 0.385943471 0.122868056 0.491188473
A:/crcrcr: 0.000000000 0.716118654 0.283881346
A:/crcrfc: 0.456317136 0.336239925 0.207442938
A:/crcrff: 0.452674446 0.306215754 0.241109800
A:/crcrfr: 0.000000000 0.603249472 0.396750528
A:/crcrrc: 0.000000000 0.911156723 0.088843277
A:/crcrrf: 0.000000000 0.388290632 0.611709368
A:/crrccr: 0.000000000 0.930735220 0.069264780
A:/crrcfr: 0.000000000 0.929786218 0.070213782
A:/crrcrc: 0.000000000 0.481672396 0.518327604
A:/crrcrf: 0.000000000 0.567207928 0.432792072
A:/crrfcr: 0.000000000 0.962971504 0.037028496
A:/crrffr: 0.000000000 0.717724679 0.282275321
A:/crrfrc: 0.000000000 0.323410227 0.676589773
A:/crrfrf: 0.000000000 0.450005745 0.549994255
A:/crrrcc: 0.000000000 0.331815059 0.668184941
A:/crrrcf: 0.000000000 0.502374562 0.497625438
A:/crrrfc: 0.000000000 0.559573053 0.440426947
A:/crrrff: 0.000000000 0.506644955 0.493355045
A:/rc: 0.485188462 0.371053360 0.143758178
A:/rccrcc: 0.362929054 0.448843623 0.188227322
A:/rccrcf: 0.119570712 0.546372290 0.334056998
A:/rccrcr: 0.000000000 0.254465692 0.745534308
A:/rccrfc: 0.506300778 0.315070473 0.178628750
A:/rccrff: 0.402306761 0.460052212 0.137641027
A:/rccrfr: 0.000000000 0.615196012 0.384803988
A:/rccrrc: 0.000000000 0.639936238 0.360063762
A:/rccrrf: 0.000000000 0.488722847 0.511277153
A:/rcrccr: 0.000000000 0.509265821 0.490734179
A:/rcrcfr: 0.000000000 0.532401501 0.467598499
A:/rcrcrc: 0.000000000 0.631319310 0.368680690
A:/rcrcrf: 0.000000000 0.410299598 0.589700402
A:/rcrfcr: 0.000000000 0.838075854 0.161924146
A:/rcrffr: 0.000000000 0.689004151 0.310995849
A:/rcrfrc: 0.000000000 0.382493562 0.617506438
A:/rcrfrf: 0.000000000 0.446129250 0.553870750
A:/rcrrcc: 0.000000000 0.638410227 0.361589773
A:/rcrrcf: 0.000000000 0.686347730 0.313652270
A:/rcrrfc: 0.000000000 0.023207151 0.976792849
A:/rcrrff: 0.000000000 0.459928738 0.540071262
A:/rf: 0.506014463 0.102259414 0.391726123
A:/rfcrc: 0.141701382 0.687145538 0.171153080
A:/rfcrf: 0.595589994 0.159769289 0.244640717
A:/rfcrr: 0.000000000 0.904302075 0.095697925
A:/rfrcr: 0.000000000 0.542642678 0.457357322
A:/rfrfr: 0.000000000 0.629079329 0.370920671
A:/rfrrc: 0.000000000 0.855078777 0.144921223
A:/rfrrf: 0.000000000 0.230795457 0.769204543
A:/rr: 0.379232442 0.525207322 0.095560236
A:/rrccrc: 0.000000000 0.172797106 0.827202894
A:/rrccrf: 0.000000000 0.705813615 0.294186385
A:/rrcfrc: 0.000000000 0.477163153 0.522836847
A:/rrcfrf: 0.000000000 0.671753928 0.328246072
A:/rrcrcc: 0.000000000 0.573722169 0.426277831
A:/rrcrcf: 0.000000000 0.554813539 0.445186461
A:/rrcrfc: 0.000000000 0.717131851 0.282868149
A:/rrcrff: 0.000000000 0.688088838 0.311911162
J:/cc: 0.000000000 1.000000000 0.000000000
J:/cccrcc: 0.235009547 0.620536463 0.144453989
J:/cccrccrccr: 0.000000000 0.051889902 0.948110098
J:/cccrccrcfr: 0.000000000 0.927066232 0.072933768
J:/cccrccrcrc: 0.000000000 0.654177901 0.345822099
J:/cccrccrcrf: 0.000000000 0.699088981 0.300911019
J:/cccrccrfcr: 0.000000000 0.620748082 0.379251918
J:/cccrccrffr: 0.000000000 0.761443800 0.238556200
J:/cccrccrfrc: 0.000000000 0.835240837 0.164759163
J:/cccrccrfrf: 0.000000000 0.473061322 0.526938678
J:/cccrccrrcc: 0.000000000 0.392038528 0.607961472
J:/cccrccrrcf: 0.000000000 0.432736212 0.567263788
J:/cccrccrrfc: 0.000000000 0.276599049 0.723400951
J:/cccrccrrff: 0.000000000 0.239248662 0.760751338
J:/cccrcf: 0.057263043 0.456048629 0.486688329
J:/cccrcfrcr: 0.000000000 0.498990745 0.501009255
J:/cccrcfrfr: 0.000000000 0.276408564 0.723591436
J:/cccrcfrrc: 0.000000000 0.753289091 0.246710909
J:/cccrcfrrf: 0.000000000 0.581580822 0.418419178
J:/cccrcr: 0.000043308 0.499433031 0.500523661
J:/cccrcrccrc: 0.000000000 0.266750406 0.733249594
J:/cccrcrccrf: 0.000000000 0.433729255 0.566270745
J:/cccrcrcfrc: 0.000000000 0.476967916 0.523032084
J:/cccrcrcfrf: 0.000000000 0.360498107 0.639501893
J:/cccrcrcrcc: 0.000000000 0.122193257 0.877806743
J:/cccrcrcrcf: 0.000000000 0.540970555 0.459029445
J:/cccrcrcrfc: 0.000000000 0.048055543 0.951944457
J:/cccrcrcrff: 0.000000000 0.925302760 0.074697240
J:/cccrfc: 0.000000000 0.000000000 1.000000000
J:/cccrfcrcr: 0.000000000 0.000000000 1.000000000
J:/cccrfcrfr: 0.000000000 0.141411496 0.858588504
J:/cccrfcrrc: 0.000000000 0.003163403 0.996836597
J:/cccrfcrrf: 0.000000000 0.000000000 1.000000000
J:/cccrff: 0.562145527 0.033327662 0.404526811
J:/cccrffrr: 0.000000000 0.664256622 0.335743378
J:/cccrfr: 0.000000000 0.000000000 1.000000000
J:/cccrfrcrc: 0.000000000 0.000000000 1.000000000
J:/cccrfrcrf: 0.000000000 0.000000000 1.000000000
J:/cccrrc: 0.000889251 0.569684696 0.429426054
J:/cccrrccrcc: 0.000000000 0.029076940 0.970923060
J:/cccrrccrcf: 0.000000000 0.365058151 0.634941849
J:/cccrrccrfc: 0.000000000 0.694618774 0.305381226
J:/cccrrccrff: 0.000000000 0.801738536 0.198261464
J:/cccrrf: 0.081965911 0.502609208 0.415424882
J:/cccrrfcrc: 0.000000000 0.311909920 0.688090080
J:/cccrrfcrf: 0.000000000 0.440967079 0.559032921
J:/cccrrr: 0.000000000 0.368676562 0.631323438
J:/ccrccr: 0.000000000 0.000000000 1.000000000
J:/ccrccrccrc: 0.000000000 0.572631537 0.427368463
J:/ccrccrccrf: 0.000000000 0.787218579 0.212781421
J:/ccrccrcfrc: 0.000000000 0.370924544 0.629075456
J:/ccrccrcfrf: 0.000000000 0.596027741 0.403972259
J:/ccrccrcrcc: 0.000000000 0.422208354 0.577791646
J:/ccrccrcrcf: 0.000000000 0.199018780 0.800981220
J:/ccrccrcrfc: 0.000000000 0.134195625 0.865804375
J:/ccrccrcrff: 0.000000000 0.127678970 0.872321030
J:/ccrcfr: 0.265128822 0.131132244 0.603738934
J:/ccrcfrcrc: 0.000000000 0.696588380 0.303411620
J:/ccrcfrcrf: 0.000000000 0.408070680 0.591929320
J:/ccrcrc: 0.090857959 0.594932242 0.314209799
J:/ccrcrccrcc: 0.000000000 0.124231760 0.875768240
J:/ccrcrccrcf: 0.000000000 0.141801552 0.858198448
J:/ccrcrccrfc: 0.000000000 0.719043044 0.280956956
J:/ccrcrccrff: 0.000000000 0.608644287 0.391355713
J:/ccrcrf: 0.000000000 0.571312108 0.428687892
J:/ccrcrfcrc: 0.000000000 0.592028459 0.407971541
J:/ccrcrfcrf: 0.000000000 0.737016607 0.262983393
J:/ccrcrr: 0.000000000 1.000000000 0.000000000
J:/ccrfcr: 1.000000000 0.000000000 0.000000000
J:/ccrfcrcrc: 0.000000000 0.672523404 0.327476596
J:/ccrfcrcrf: 0.000000000 0.045848469 0.954151531
J:/ccrffr: 0.999894379 0.000007307 0.000098314
J:/ccrfrc: 0.119587703 0.228240810 0.652171487
J:/ccrfrf: 0.110845459 0.451080477 0.438074064
J:/ccrfrr: 0.000000000 0.000000000 1.000000000
J:/ccrrcc: 0.000000000 0.000000000 1.000000000
J:/ccrrcf: 0.037248057 0.292101993 0.670649949
J:/ccrrcr: 0.000000000 0.315959994 0.684040006
J:/ccrrfc: 0.000000000 0.106237865 0.893762135
J:/ccrrff: 0.000000000 0.000000000 1.000000000
J:/ccrrfr: 0.000000000 0.000000000 1.000000000
J:/ccrrrc: 0.000000000 0.104178482 0.895821518
J:/ccrrrf: 0.000000000 0.000000000 1.000000000
J:/cr: 0.000000000 0.000000361 0.999999639
J:/crccrc: 0.394543469 0.189818019 0.415638513
J:/crccrccrcc: 0.000000000 0.539618753 0.460381247
J:/crccrccrcf: 0.000000000 0.184367823 0.815632177
J:/crccrccrfc: 0.000000000 0.513602493 0.486397507
J:/crccrccrff: 0.000000000 0.115269760 0.884730240
J:/crccrf: 0.110728012 0.889271988 0.000000000
J:/crccrfcrc: 0.000000000 0.675984097 0.324015903
J:/crccrfcrf: 0.000000000 0.890170674 0.109829326
J:/crccrr: 0.000000000 0.000000587 0.999999413
J:/crcfrc: 0.264467558 0.331379613 0.404152829
J:/crcfrf: 0.328279946 0.332242589 0.339477465
J:/crcfrr: 0.000000000 0.050471403 0.949528597
J:/crcrcc: 0.436083267 0.279336497 0.284580235
J:/crcrcf: 0.403422647 0.354382019 0.242195334
J:/crcrcr: 0.000000000 0.490649684 0.509350316
J:/crcrfc: 0.499164264 0.239002025 0.261833711
J:/crcrff: 0.678130112 0.280874434 0.040995454
J:/crcrfr: 0.000000000 0.074269873 0.925730127
J:/crcrrc: 0.000000000 0.000000000 1.000000000
J:/crcrrf: 0.000000000 0.447921315 0.552078685
J:/crrccr: 0.000000000 0.000000000 1.000000000
J:/crrcfr: 0.000000000 0.458710833 0.541289167
J:/crrcrc: 0.000000000 0.459731303 0.540268697
J:/crrcrf: 0.000000000 0.497015179 0.502984821
J:/crrfcr: 0.000000000 0.116672797 0.883327203
J:/crrffr: 0.000000000 0.000000000 1.000000000
J:/crrfrc: 0.000000000 0.422912501 0.577087499
J:/crrfrf: 0.000000000 0.715239855 0.284760145
J:/crrrcc: 0.000000000 0.520228287 0.479771713
J:/crrrcf: 0.000000000 0.419109901 0.580890099
J:/crrrfc: 0.000000000 0.322279769 0.677720231
J:/crrrff: 0.000000000 0.592368754 0.407631246
J:/rc: 0.168992413 0.680363065 0.150644522
J:/rccrcc: 0.391788385 0.587804815 0.020406800
J:/rccrcf: 0.310805070 0.231017531 0.458177399
J:/rccrcr: 0.000000000 0.545655279 0.454344721
J:/rccrfc: 0.016323571 0.175696701 0.807979727
J:/rccrff: 0.393697866 0.423754615 0.182547519
J:/rccrfr: 0.000000000 0.476185177 0.523814823
J:/rccrrc: 0.000000000 0.948262965 0.051737035
J:/rccrrf: 0.000000000 0.024845758 0.975154242
J:/rcrccr: 0.000000000 0.635470629 0.364529371
J:/rcrcfr: 0.000000000 0.602334987 0.397665013
J:/rcrcrc: 0.000000000 0.708862401 0.291137599
J:/rcrcrf: 0.000000000 0.318002268 0.681997732
J:/rcrfcr: 0.000000000 0.605766707 0.394233293
J:/rcrffr: 0.000000000 0.511774429 0.488225571
J:/rcrfrc: 0.000000000 0.037973252 0.962026748
J:/rcrfrf: 0.000000000 0.760196840 0.239803160
J:/rcrrcc: 0.000000000 0.473428300 0.526571700
J:/rcrrcf: 0.000000000 0.141171837 0.858828163
J:/rcrrfc: 0.000000000 0.497651479 0.502348521
J:/rcrrff: 0.000000000 0.784775968 0.215224032
J:/rf: 0.817971264 0.172865826 0.009162910
J:/rfcrc: 0.330490467 0.557253153 0.112256380
J:/rfcrf: 0.306709219 0.348803090 0.344487691
J:/rfcrr: 0.000000000 0.676584922 0.323415078
J:/rfrcr: 0.000000000 0.361083330 0.638916670
J:/rfrfr: 0.000000000 0.478582230 0.521417770
J:/rfrrc: 0.000000000 0.755664381 0.244335619
J:/rfrrf: 0.000000000 0.598020161 0.401979839
J:/rr: 0.374084798 0.291190634 0.334724568
J:/rrccrc: 0.000000000 0.845463773 0.154536227
J:/rrccrf: 0.000000000 0.128514083 0.871485917
J:/rrcfrc: 0.000000000 0.996379923 0.003620077
J:/rrcfrf: 0.000000000 0.501666386 0.498333614
J:/rrcrcc: 0.000000000 0.615671228 0.384328772
J:/rrcrcf: 0.000000000 0.675781561 0.324218439
J:/rrcrfc: 0.000000000 0.513493679 0.486506321
J:/rrcrff: 0.000000000 0.264722841 0.735277159
K:/cc: 0.000000000 1.000000000 0.000000000
K:/cccrcc: 0.235330921 0.375416657 0.389252422
K:/cccrccrccr: 0.000000000 0.383962735 0.616037265
K:/cccrccrcfr: 0.000000000 0.310261988 0.689738012
K:/cccrccrcrc: 0.000000000 0.587379673 0.412620327
K:/cccrccrcrf: 0.000000000 0.660653580 0.339346420
K:/cccrccrfcr: 0.000000000 0.529765524 0.470234476
K:/cccrccrffr: 0.000000000 0.316001432 0.683998568
K:/cccrccrfrc: 0.000000000 0.464745295 0.535254705
K:/cccrccrfrf: 0.000000000 0.178896978 0.821103022
K:/cccrccrrcc: 0.000000000 0.169255411 0.830744589
K:/cccrccrrcf: 0.000000000 0.506549499 0.493450501
K:/cccrccrrfc: 0.000000000 0.986005809 0.013994191
K:/cccrccrrff: 0.000000000 0.356805545 0.643194455
K:/cccrcf: 0.355527260 0.309556143 0.334916597
K:/cccrcfrcr: 0.000000000 0.792752115 0.207247885
K:/cccrcfrfr: 0.000000000 0.182773725 0.817226275
K:/cccrcfrrc: 0.000000000 0.486916494 0.513083506
K:/cccrcfrrf: 0.000000000 0.980445162 0.019554838
K:/cccrcr: 0.141561457 0.189492080 0.668946463
K:/cccrcrccrc: 0.000000000 0.701504887 0.298495113
K:/cccrcrccrf: 0.000000000 0.000012733 0.999987267
K:/cccrcrcfrc: 0.000000000 0.683709123 0.316290877
K:/cccrcrcfrf: 0.000000000 0.068962885 0.931037115
K:/cccrcrcrcc: 0.000000000 0.454381161 0.545618839
K:/cccrcrcrcf: 0.000000000 0.565322745 0.434677255
K:/cccrcrcrfc: 0.000000000 0.697013260 0.302986740
K:/cccrcrcrff: 0.000000000 0.893811569 0.106188431
K:/cccrfc: 0.000007020 0.000000000 0.999992980
K:/cccrfcrcr: 0.000000000 0.169097025 0.830902975
K:/cccrfcrfr: 0.000000000 0.703740614 0.296259386
K:/cccrfcrrc: 0.000000000 0.000667485 0.999332515
K:/cccrfcrrf: 0.000000000 0.136376297 0.863623703
K:/cccrff: 0.559616218 0.327084524 0.113299258
K:/cccrffrr: 0.000000000 0.509386179 0.490613821
K:/cccrfr: 0.000000000 0.000375425 0.999624575
K:/cccrfrcrc: 0.000000000 0.000000000 1.000000000
K:/cccrfrcrf: 0.000000000 0.000000000 1.000000000
K:/cccrrc: 0.153498667 0.466517109 0.379984224
K:/cccrrccrcc: 0.000000000 0.432205094 0.567794906
K:/cccrrccrcf: 0.000000000 0.545128629 0.454871371
K:/cccrrccrfc: 0.000000000 0.514537488 0.485462512
K:/cccrrccrff: 0.000000000 0.728165588 0.271834412
K:/cccrrf: 0.292094245 0.192124657 0.515781098
K:/cccrrfcrc: 0.000000000 0.650555136 0.349444864
K:/cccrrfcrf: 0.000000000 0.026051676 0.973948324
K:/cccrrr: 0.000000000 0.907822493 0.092177507
K:/ccrccr: 0.000000000 0.000000000 1.000000000
K:/ccrccrccrc: 0.000000000 0.776695852 0.223304148
K:/ccrccrccrf: 0.000000000 0.508096673 0.491903327
K:/ccrccrcfrc: 0.000000000 0.640579533 0.359420467
K:/ccrccrcfrf: 0.000000000 0.126727591 0.873272409
K:/ccrccrcrcc: 0.000000000 0.039239827 0.960760173
K:/ccrccrcrcf: 0.000000000 0.354785841 0.645214159
K:/ccrccrcrfc: 0.000000000 0.000000000 1.000000000
K:/ccrccrcrff: 0.000000000 0.000000000 1.000000000
K:/ccrcfr: 0.844396616 0.155560051 0.000043333
K:/ccrcfrcrc: 0.000000000 0.774580909 0.225419091
K:/ccrcfrcrf: 0.000000000 0.268062755 0.731937245
K:/ccrcrc: 0.133277400 0.485151800 0.381570801
K:/ccrcrccrcc: 0.000000000 0.410326026 0.589673974
K:/ccrcrccrcf: 0.000000000 0.509794666 0.490205334
K:/ccrcrccrfc: 0.000000000 0.648338121 0.351661879
K:/ccrcrccrff: 0.000000000 0.839368471 0.160631529
K:/ccrcrf: 0.214679890 0.646420538 0.138899572
K:/ccrcrfcrc: 0.000000000 0.653023313 0.346976687
K:/ccrcrfcrf: 0.000000000 0.844710297 0.155289703
K:/ccrcrr: 0.000000000 0.395414796 0.604585204
K:/ccrfcr: 1.000000000 0.000000000 0.000000000
K:/ccrfcrcrc: 0.000000000 0.709910562 0.290089438
K:/ccrfcrcrf: 0.000000000 0.151256921 0.848743079
K:/ccrffr: 0.849873208 0.150126792 0.000000000
K:/ccrfrc: 0.204499633 0.580591653 0.214908715
K:/ccrfrf: 0.453204116 0.109626523 0.437169361
K:/ccrfrr: 0.000000000 0.000000000 1.000000000
K:/ccrrcc: 0.020252880 0.000043293 0.979703826
K:/ccrrcf: 0.000000000 0.084901252 0.915098748
K:/ccrrcr: 0.000000000 0.634494444 0.365505556
K:/ccrrfc: 0.673148360 0.000000000 0.326851640
K:/ccrrff: 0.000000000 0.000000000 1.000000000
K:/ccrrfr: 0.000000000 0.000000000 1.000000000
K:/ccrrrc: 0.000000000 0.431194108 0.568805892
K:/ccrrrf: 0.000000000 0.000000000 1.000000000
K:/cr: 0.000001693 0.000000000 0.999998307
K:/crccrc: 0.700280006 0.013447215 0.286272779
K:/crccrccrcc: 0.000000000 0.476408554 0.523591446
K:/crccrccrcf: 0.000000000 0.252880712 0.747119288
K:/crccrccrfc: 0.000000000 0.521553730 0.478446270
K:/crccrccrff: 0.000000000 0.316893609 0.683106391
K:/crccrf: 0.881830725 0.118169275 0.000000000
K:/crccrfcrc: 0.000000000 0.454542847 0.545457153
K:/crccrfcrf: 0.000000000 0.900358660 0.099641340
K:/crccrr: 0.000000000 0.102191643 0.897808357
K:/crcfrc: 0.243511690 0.220575636 0.535912674
K:/crcfrf: 0.167057633 0.677658314 0.155284053
K:/crcfrr: 0.000000000 0.000052242 0.999947758
K:/crcrcc: 0.732127443 0.064064342 0.203808215
K:/crcrcf: 0.386724841 0.467207989 0.146067169
K:/crcrcr: 0.000000000 0.047989409 0.952010591
K:/crcrfc: 0.113343039 0.000134358 0.886522603
K:/crcrff: 0.881677391 0.118322609 0.000000000
K:/crcrfr: 0.000000000 0.252587710 0.747412290
K:/crcrrc: 0.000000000 0.000000196 0.999999804
K:/crcrrf: 0.000000000 0.889938723 0.110061277
K:/crrccr: 0.000000000 0.069069259 0.930930741
K:/crrcfr: 0.000000000 0.078534846 0.921465154
K:/crrcrc: 0.000000000 0.402914766 0.597085234
K:/crrcrf: 0.000000000 0.508344704 0.491655296
K:/crrfcr: 0.000000000 0.000000035 0.999999965
K:/crrffr: 0.000000000 0.000000000 1.000000000
K:/crrfrc: 0.000000000 0.579750985 0.420249015
K:/crrfrf: 0.000000000 0.551514199 0.448485801
K:/crrrcc: 0.000000000 0.128027822 0.871972178
K:/crrrcf: 0.000000000 0.688455232 0.311544768
K:/crrrfc: 0.000000000 0.000000998 0.999999002
K:/crrrff: 0.000000000 1.000000000 0.000000000
K:/rc: 0.319134994 0.666009786 0.014855220
K:/rccrcc: 0.048660018 0.353593860 0.597746121
K:/rccrcf: 0.179346199 0.192409717 0.628244084
K:/rccrcr: 0.000000000 0.597027269 0.402972731
K:/rccrfc: 0.197629525 0.209446352 0.592924122
K:/rccrff: 0.170674702 0.287596876 0.541728421
K:/rccrfr: 0.000000000 0.702721093 0.297278907
K:/rccrrc: 0.000000000 0.123192041 0.876807959
K:/rccrrf: 0.000000000 0.305862879 0.694137121
K:/rcrccr: 0.000000000 0.567935850 0.432064150
K:/rcrcfr: 0.000000000 0.448500964 0.551499036
K:/rcrcrc: 0.000000000 0.519482010 0.480517990
K:/rcrcrf: 0.000000000 0.588558295 0.411441705
K:/rcrfcr: 0.000000000 0.760107032 0.239892968
K:/rcrffr: 0.000000000 0.194600570 0.805399430
K:/rcrfrc: 0.000000000 0.106230151 0.893769849
K:/rcrfrf: 0.000000000 0.450974058 0.549025942
K:/rcrrcc: 0.000000000 0.330667560 0.669332440
K:/rcrrcf: 0.000000000 0.299070005 0.700929995
K:/rcrrfc: 0.000000000 0.577762485 0.422237515
K:/rcrrff: 0.000000000 0.042236037 0.957763963
K:/rf: 0.282491886 0.490524726 0.226983388
K:/rfcrc: 0.188339684 0.498682146 0.312978169
K:/rfcrf: 0.562023565 0.108837514 0.329138921
K:/rfcrr: 0.000000000 0.520162327 0.479837673
K:/rfrcr: 0.000000000 0.533792466 0.466207534
K:/rfrfr: 0.000000000 0.558016229 0.441983771
K:/rfrrc: 0.000000000 0.563432116 0.436567884
K:/rfrrf: 0.000000000 0.590142569 0.409857431
K:/rr: 0.458521056 0.343272967 0.198205977
K:/rrccrc: 0.000000000 0.507013072 0.492986928
K:/rrccrf: 0.000000000 0.652912737 0.347087263
K:/rrcfrc: 0.000000000 0.469760725 0.530239275
K:/rrcfrf: 0.000000000 0.709966407 0.290033593
K:/rrcrcc: 0.000000000 0.683034367 0.316965633
K:/rrcrcf: 0.000000000 0.210089428 0.789910572
K:/rrcrfc: 0.000000000 0.334833781 0.665166219
K:/rrcrff: 0.000000000 0.236115679 0.763884321
Q:/cc: 0.000000000 1.000000000 0.000000000
Q:/cccrcc: 0.000005741 0.786081832 0.213912428
Q:/cccrccrccr: 0.000000000 0.203904757 0.796095243
Q:/cccrccrcfr: 0.000000000 0.740803788 0.259196212
Q:/cccrccrcrc: 0.000000000 0.068912435 0.931087565
Q:/cccrccrcrf: 0.000000000 0.204505217 0.795494783
Q:/cccrccrfcr: 0.000000000 0.282769657 0.717230343
Q:/cccrccrffr: 0.000000000 0.288227594 0.711772406
Q:/cccrccrfrc: 0.000000000 0.841852006 0.158147994
Q:/cccrccrfrf: 0.000000000 0.270832795 0.729167205
Q:/cccrccrrcc: 0.000000000 0.034753961 0.965246039
Q:/cccrccrrcf: 0.000000000 0.523434158 0.476565842
Q:/cccrccrrfc: 0.000000000 0.630840961 0.369159039
Q:/cccrccrrff: 0.000000000 0.829826997 0.170173003
Q:/cccrcf: 0.002546183 0.395076330 0.602377486
Q:/cccrcfrcr: 0.000000000 0.623813636 0.376186364
Q:/cccrcfrfr: 0.000000000 0.795127120 0.204872880
Q:/cccrcfrrc: 0.000000000 0.045431737 0.954568263
Q:/cccrcfrrf: 0.000000000 0.457021637 0.542978363
Q:/cccrcr: 0.299653435 0.291342734 0.409003831
Q:/cccrcrccrc: 0.000000000 0.752269225 0.247730775
Q:/cccrcrccrf: 0.000000000 0.449380062 0.550619938
Q:/cccrcrcfrc: 0.000000000 0.834062564 0.165937436
Q:/cccrcrcfrf: 0.000000000 0.389205651 0.610794349
Q:/cccrcrcrcc: 0.000000000 0.431841726 0.568158274
Q:/cccrcrcrcf: 0.000000000 0.926527756 0.073472244
Q:/cccrcrcrfc: 0.000000000 0.696210329 0.303789671
Q:/cccrcrcrff: 0.000000000 0.578417384 0.421582616
Q:/cccrfc: 0.000000000 0.000000000 1.000000000
Q:/cccrfcrcr: 0.000000000 0.000000000 1.000000000
Q:/cccrfcrfr: 0.000000000 0.306903335 0.693096665
Q:/cccrfcrrc: 0.000000000 0.050363321 0.949636679
Q:/cccrfcrrf: 0.000000000 0.000001239 0.999998761
Q:/cccrff: 0.265023358 0.320184928 0.414791714
Q:/cccrffrr: 0.000000000 0.625161046 0.374838954
Q:/cccrfr: 0.000000000 0.000000000 1.000000000
Q:/cccrfrcrc: 0.000000000 0.000000000 1.000000000
Q:/cccrfrcrf: 0.000000000 0.000000000 1.000000000
Q:/cccrrc: 0.000106436 0.000000000 0.999893564
Q:/cccrrccrcc: 0.000000000 0.498494436 0.501505564
Q:/cccrrccrcf: 0.000000000 0.269130023 0.730869977
Q:/cccrrccrfc: 0.000000000 0.000000000 1.000000000
Q:/cccrrccrff: 0.000000000 0.387174069 0.612825931
Q:/cccrrf: 0.476376096 0.152795512 0.370828392
Q:/cccrrfcrc: 0.000000000 0.322241866 0.677758134
Q:/cccrrfcrf: 0.000000000 0.434201410 0.565798590
Q:/cccrrr: 0.000000000 0.000000000 1.000000000
Q:/ccrccr: 0.000000000 0.000000000 1.000000000
Q:/ccrccrccrc: 0.000000000 0.688479825 0.311520175
Q:/ccrccrccrf: 0.000000000 0.074057373 0.925942627
Q:/ccrccrcfrc: 0.000000000 0.065632622 0.934367378
Q:/ccrccrcfrf: 0.000000000 0.167945489 0.832054511
Q:/ccrccrcrcc: 0.000000000 0.274492863 0.725507137
Q:/ccrccrcrcf: 0.000000000 0.845773485 0.154226515
Q:/ccrccrcrfc: 0.000000000 0.473282219 0.526717781
Q:/ccrccrcrff: 0.000000000 0.430377159 0.569622841
Q:/ccrcfr: 0.222804360 0.736421528 0.040774112
Q:/ccrcfrcrc: 0.000000000 0.056338211 0.943661789
Q:/ccrcfrcrf: 0.000000000 0.141249371 0.858750629
Q:/ccrcrc: 0.000000000 0.812063291 0.187936709
Q:/ccrcrccrcc: 0.000000000 0.705324133 0.294675867
Q:/ccrcrccrcf: 0.000000000 0.577498042 0.422501958
Q:/ccrcrccrfc: 0.000000000 0.629187240 0.370812760
Q:/ccrcrccrff: 0.000000000 0.250839944 0.749160056
Q:/ccrcrf: 0.019791479 0.788947627 0.191260893
Q:/ccrcrfcrc: 0.000000000 0.409526931 0.590473069
Q:/ccrcrfcrf: 0.000000000 0.384333977 0.615666023
Q:/ccrcrr: 0.000000000 1.000000000 0.000000000
Q:/ccrfcr: 1.000000000 0.000000000 0.000000000
Q:/ccrfcrcrc: 0.000000000 0.396977913 0.603022087
Q:/ccrfcrcrf: 0.000000000 0.290199693 0.709800307
Q:/ccrffr: 0.999938404 0.000061596 0.000000000
Q:/ccrfrc: 0.302756375 0.338547131 0.358696494
Q:/ccrfrf: 0.463976686 0.477314796 0.058708519
Q:/ccrfrr: 0.000000000 0.000000000 1.000000000
Q:/ccrrcc: 0.000000000 0.000000000 1.000000000
Q:/ccrrcf: 0.000000000 0.000000000 1.000000000
Q:/ccrrcr: 0.000000000 0.012446205 0.987553795
Q:/ccrrfc: 0.301954157 0.238954433 0.459091409
Q:/ccrrff: 0.000000000 0.000000000 1.000000000
Q:/ccrrfr: 0.000000000 0.068443581 0.931556419
Q:/ccrrrc: 0.000000000 0.000000000 1.000000000
Q:/ccrrrf: 0.000000000 0.000000000 1.000000000
Q:/cr: 0.000000000 0.000000151 0.999999849
Q:/crccrc: 0.195851591 0.356487062 0.447661347
Q:/crccrccrcc: 0.000000000 0.062399115 0.937600885
Q:/crccrccrcf: 0.000000000 0.630716848 0.369283152
Q:/crccrccrfc: 0.000000000 0.291327967 0.708672033
Q:/crccrccrff: 0.000000000 0.741194584 0.258805416
Q:/crccrf: 0.545827587 0.414210842 0.039961571
Q:/crccrfcrc: 0.000000000 0.542842466 0.457157534
Q:/crccrfcrf: 0.000000000 0.777391345 0.222608655
Q:/crccrr: 0.000000000 0.373411100 0.626588900
Q:/crcfrc: 0.468174548 0.080576095 0.451249357
Q:/crcfrf: 0.065312605 0.512866139 0.421821256
Q:/crcfrr: 0.000000000 0.296834097 0.703165903
Q:/crcrcc: 0.243093169 0.001721033 0.755185798
Q:/crcrcf: 0.336216882 0.351744025 0.312039093
Q:/crcrcr: 0.000000000 0.568048530 0.431951470
Q:/crcrfc: 0.497708579 0.020074723 0.482216698
Q:/crcrff: 0.643028174 0.356971826 0.000000000
Q:/crcrfr: 0.000000000 0.109578318 0.890421682
Q:/crcrrc: 0.000000000 0.000000000 1.000000000
Q:/crcrrf: 0.000000000 0.909882103 0.090117897
Q:/crrccr: 0.000000000 0.402118679 0.597881321
Q:/crrcfr: 0.000000000 0.000000000 1.000000000
Q:/crrcrc: 0.000000000 0.614861678 0.385138322
Q:/crrcrf: 0.000000000 0.938968592 0.061031408
Q:/crrfcr: 0.000000000 0.282995746 0.717004254
Q:/crrffr: 0.000000000 0.000000000 1.000000000
Q:/crrfrc: 0.000000000 0.399115553 0.600884447
Q:/crrfrf: 0.000000000 0.256924590 0.743075410
Q:/crrrcc: 0.000000000 0.261191894 0.738808106
Q:/crrrcf: 0.000000000 0.201070597 0.798929403
Q:/crrrfc: 0.000000000 0.429062623 0.570937377
Q:/crrrff: 0.000000000 0.802599021 0.197400979
Q:/rc: 0.007795091 0.302438591 0.689766317
Q:/rccrcc: 0.236441864 0.340554620 0.423003516
Q:/rccrcf: 0.385651958 0.366757587 0.247590455
Q:/rccrcr: 0.000000000 0.192819399 0.807180601
Q:/rccrfc: 0.453883325 0.490343237 0.055773438
Q:/rccrff: 0.397824555 0.074993363 0.527182082
Q:/rccrfr: 0.000000000 0.747829053 0.252170947
Q:/rccrrc: 0.000000000 0.671825385 0.328174615
Q:/rccrrf: 0.000000000 0.023098644 0.976901356
Q:/rcrccr: 0.000000000 0.603934333 0.396065667
Q:/rcrcfr: 0.000000000 0.631805462 0.368194538
Q:/rcrcrc: 0.000000000 0.056744917 0.943255083
Q:/rcrcrf: 0.000000000 0.431608810 0.568391190
Q:/rcrfcr: 0.000000000 0.532111141 0.467888859
Q:/rcrffr: 0.000000000 0.642604941 0.357395059
Q:/rcrfrc: 0.000000000 0.206920531 0.793079469
Q:/rcrfrf: 0.000000000 0.969746147 0.030253853
Q:/rcrrcc: 0.000000000 0.934110797 0.065889203
Q:/rcrrcf: 0.000000000 0.902118615 0.097881385
Q:/rcrrfc: 0.000000000 0.803952184 0.196047816
Q:/rcrrff: 0.000000000 0.906478841 0.093521159
Q:/rf: 0.075766816 0.475149657 0.449083527
Q:/rfcrc: 0.169979930 0.390127363 0.439892707
Q:/rfcrf: 0.114334003 0.632138461 0.253527536
Q:/rfcrr: 0.000000000 0.600481472 0.399518528
Q:/rfrcr: 0.000000000 0.746535278 0.253464722
Q:/rfrfr: 0.000000000 0.738517010 0.261482990
Q:/rfrrc: 0.000000000 0.292221363 0.707778637
Q:/rfrrf: 0.000000000 0.591661549 0.408338451
Q:/rr: 0.212766518 0.250261224 0.536972258
Q:/rrccrc: 0.000000000 0.204658145 0.795341855
Q:/rrccrf: 0.000000000 0.599893875 0.400106125
Q:/rrcfrc: 0.000000000 0.513991034 0.486008966
Q:/rrcfrf: 0.000000000 0.748677537 0.251322463
Q:/rrcrcc: 0.000000000 0.348108922 0.651891078
Q:/rrcrcf: 0.000000000 0.377816233 0.622183767
Q:/rrcrfc: 0.000000000 0.561183727 0.438816273
Q:/rrcrff: 0.000000000 0.706073508 0.293926492
T:/cc: 0.000000000 1.000000000 0.000000000
T:/cccrcc: 0.094118092 0.495588959 0.410292949
T:/cccrccrccr: 0.000000000 0.016776024 0.983223976
T:/cccrccrcfr: 0.000000000 0.535572169 0.464427831
T:/cccrccrcrc: 0.000000000 0.663156721 0.336843279
T:/cccrccrcrf: 0.000000000 0.159545310 0.840454690
T:/cccrccrfcr: 0.000000000 0.567173475 0.432826525
T:/cccrccrffr: 0.000000000 0.562978352 0.437021648
T:/cccrccrfrc: 0.000000000 0.834448409 0.165551591
T:/cccrccrfrf: 0.000000000 0.610614672 0.389385328
T:/cccrccrrcc: 0.000000000 0.938188506 0.061811494
T:/cccrccrrcf: 0.000000000 0.554054893 0.445945107
T:/cccrccrrfc: 0.000000000 0.013458339 0.986541661
T:/cccrccrrff: 0.000000000 0.881712345 0.118287655
T:/cccrcf: 0.526539392 0.195989591 0.277471017
T:/cccrcfrcr: 0.000000000 0.686285021 0.313714979
T:/cccrcfrfr: 0.000000000 0.312690227 0.687309773
T:/cccrcfrrc: 0.000000000 0.683440795 0.316559205
T:/cccrcfrrf: 0.000000000 0.890615404 0.109384596
T:/cccrcr: 0.000011067 0.400177448 0.599811485
T:/cccrcrccrc: 0.000000000 0.542369137 0.457630863
T:/cccrcrccrf: 0.000000000 0.030807212 0.969192788
T:/cccrcrcfrc: 0.000000000 0.348886039 0.651113961
T:/cccrcrcfrf: 0.000000000 0.664904616 0.335095384
T:/cccrcrcrcc: 0.000000000 0.228237563 0.771762437
T:/cccrcrcrcf: 0.000000000 0.579519062 0.420480938
T:/cccrcrcrfc: 0.000000000 0.635087230 0.364912770
T:/cccrcrcrff: 0.000000000 0.457195492 0.542804508
T:/cccrfc: 0.000000000 0.000000000 1.000000000
T:/cccrfcrcr: 0.000000000 0.447034294 0.552965706
T:/cccrfcrfr: 0.000000000 0.808343967 0.191656033
T:/cccrfcrrc: 0.000000000 0.000000000 1.000000000
T:/cccrfcrrf: 0.000000000 0.000000000 1.000000000
T:/cccrff: 0.495798400 0.293081364 0.211120236
T:/cccrffrr: 0.000000000 0.057477545 0.942522455
T:/cccrfr: 0.000000000 0.000000000 1.000000000
T:/cccrfrcrc: 0.000000000 0.000000000 1.000000000
T:/cccrfrcrf: 0.000000000 0.000000000 1.000000000
T:/cccrrc: 0.000397690 0.000000000 0.999602310
T:/cccrrccrcc: 0.000000000 0.395869296 0.604130704
T:/cccrrccrcf: 0.000000000 0.150151077 0.849848923
T:/cccrrccrfc: 0.000000000 0.268784795 0.731215205
T:/cccrrccrff: 0.000000000 0.472559765 0.527440235
T:/cccrrf: 0.241353641 0.224272759 0.534373599
T:/cccrrfcrc: 0.000000000 0.448175612 0.551824388
T:/cccrrfcrf: 0.000000000 0.531284737 0.468715263
T:/cccrrr: 0.000000000 0.000000000 1.000000000
T:/ccrccr: 0.000000000 0.000000000 1.000000000
T:/ccrccrccrc: 0.000000000 0.594823419 0.405176581
T:/ccrccrccrf: 0.000000000 0.693092931 0.306907069
T:/ccrccrcfrc: 0.000000000 0.916560295 0.083439705
T:/ccrccrcfrf: 0.000000000 0.500927309 0.499072691
T:/ccrccrcrcc: 0.000000000 0.433345858 0.566654142
T:/ccrccrcrcf: 0.000000000 0.271631330 0.728368670
T:/ccrccrcrfc: 0.000000000 0.489958565 0.510041435
T:/ccrccrcrff: 0.000000000 0.337789582 0.662210418
T:/ccrcfr: 0.000000000 0.000007283 0.999992717
T:/ccrcfrcrc: 0.000000000 0.666990849 0.333009151
T:/ccrcfrcrf: 0.000000000 0.370862882 0.629137118
T:/ccrcrc: 0.080790866 0.776632782 0.142576352
T:/ccrcrccrcc: 0.000000000 0.038643952 0.961356048
T:/ccrcrccrcf: 0.000000000 0.630692999 0.369307001
T:/ccrcrccrfc: 0.000000000 0.902018969 0.097981031
T:/ccrcrccrff: 0.000000000 0.731604939 0.268395061
T:/ccrcrf: 0.072213813 0.674707521 0.253078666
T:/ccrcrfcrc: 0.000000000 1.000000000 0.000000000
T:/ccrcrfcrf: 0.000000000 0.284022120 0.715977880
T:/ccrcrr: 0.000000000 0.999999999 0.000000001
T:/ccrfcr: 1.000000000 0.000000000 0.000000000
T:/ccrfcrcrc: 0.000000000 0.785102795 0.214897205
T:/ccrfcrcrf: 0.000000000 0.426794920 0.573205080
T:/ccrffr: 0.999890840 0.000000000 0.000109160
T:/ccrfrc: 0.204904294 0.238325597 0.556770109
T:/ccrfrf: 0.157809481 0.343898155 0.498292364
T:/ccrfrr: 0.000000000 0.000000000 1.000000000
T:/ccrrcc: 0.000000000 0.000000000 1.000000000
T:/ccrrcf: 0.203551286 0.196992727 0.599455987
T:/ccrrcr: 0.000000000 0.000000000 1.000000000
T:/ccrrfc: 0.000000000 0.261284965 0.738715035
T:/ccrrff: 0.000000000 0.000000000 1.000000000
T:/ccrrfr: 0.000000000 0.000000000 1.000000000
T:/ccrrrc: 0.000000000 0.519468125 0.480531875
T:/ccrrrf: 0.000000000 0.000000000 1.000000000
T:/cr: 0.000000000 0.000000629 0.999999371
T:/crccrc: 0.052544526 0.226838193 0.720617281
T:/crccrccrcc: 0.000000000 0.576850424 0.423149576
T:/crccrccrcf: 0.000000000 0.135127625 0.864872375
T:/crccrccrfc: 0.000000000 0.287803383 0.712196617
T:/crccrccrff: 0.000000000 0.365885959 0.634114041
T:/crccrf: 0.477944103 0.332133058 0.189922839
T:/crccrfcrc: 0.000000000 0.303207939 0.696792061
T:/crccrfcrf: 0.000000000 0.886912700 0.113087300
T:/crccrr: 0.000000000 0.122195496 0.877804504
T:/crcfrc: 0.458541913 0.096408376 0.445049711
T:/crcfrf: 0.024310318 0.475098211 0.500591471
T:/crcfrr: 0.000000000 0.079867759 0.920132241
T:/crcrcc: 0.433818377 0.222694521 0.343487102
T:/crcrcf: 0.267372947 0.377118392 0.355508661
T:/crcrcr: 0.000000000 0.637889867 0.362110133
T:/crcrfc: 0.116063211 0.393185552 0.490751236
T:/crcrff: 0.490537492 0.216923164 0.292539344
T:/crcrfr: 0.000000000 0.137887461 0.862112539
T:/crcrrc: 0.000000000 0.416611471 0.583388529
T:/crcrrf: 0.000000000 0.232870362 0.767129638
T:/crrccr: 0.000000000 0.166635181 0.833364819
T:/crrcfr: 0.000000000 0.000000000 1.000000000
T:/crrcrc: 0.000000000 0.000000056 0.999999944
T:/crrcrf: 0.000000000 0.622767742 0.377232258
T:/crrfcr: 0.000000000 0.140619970 0.859380030
T:/crrffr: 0.000000000 0.000000069 0.999999931
T:/crrfrc: 0.000000000 0.000000214 0.999999786
T:/crrfrf: 0.000000000 0.493367770 0.506632230
T:/crrrcc: 0.000000000 0.192443327 0.807556673
T:/crrrcf: 0.000000000 0.594012090 0.405987910
T:/crrrfc: 0.000000000 0.251423212 0.748576788
T:/crrrff: 0.000000000 0.331916130 0.668083870
T:/rc: 0.036589736 0.441119368 0.522290897
T:/rccrcc: 0.237608948 0.442333175 0.320057877
T:/rccrcf: 0.756155054 0.112044463 0.131800483
T:/rccrcr: 0.000000000 0.450019096 0.549980904
T:/rccrfc: 0.062784240 0.840327513 0.096888247
T:/rccrff: 0.143741422 0.767122234 0.089136343
T:/rccrfr: 0.000000000 0.062520010 0.937479990
T:/rccrrc: 0.000000000 0.710629648 0.289370352
T:/rccrrf: 0.000000000 0.710817594 0.289182406
T:/rcrccr: 0.000000000 0.419039210 0.580960790
T:/rcrcfr: 0.000000000 0.880821088 0.119178912
T:/rcrcrc: 0.000000000 0.051695215 0.948304785
T:/rcrcrf: 0.000000000 0.524919519 0.475080481
T:/rcrfcr: 0.000000000 0.478669945 0.521330055
T:/rcrffr: 0.000000000 0.730359841 0.269640159
T:/rcrfrc: 0.000000000 0.726206117 0.273793883
T:/rcrfrf: 0.000000000 0.225813408 0.774186592
T:/rcrrcc: 0.000000000 0.735364623 0.264635377
T:/rcrrcf: 0.000000000 0.264906194 0.735093806
T:/rcrrfc: 0.000000000 0.064952508 0.935047492
T:/rcrrff: 0.000000000 0.508456107 0.491543893
T:/rf: 0.417823680 0.285943391 0.296232928
T:/rfcrc: 0.549206337 0.249120619 0.201673044
T:/rfcrf: 0.220862325 0.623128975 0.156008699
T:/rfcrr: 0.000000000 0.585702218 0.414297782
T:/rfrcr: 0.000000000 0.378977054 0.621022946
T:/rfrfr: 0.000000000 0.745023049 0.254976951
T:/rfrrc: 0.000000000 0.142266801 0.857733199
T:/rfrrf: 0.000000000 0.321348633 0.678651367
T:/rr: 0.556342496 0.438718482 0.004939023
T:/rrccrc: 0.000000000 0.388718587 0.611281413
T:/rrccrf: 0.000000000 0.125648685 0.874351315
T:/rrcfrc: 0.000000000 0.435812766 0.564187234
T:/rrcfrf: 0.000000000 0.593032766 0.406967234
T:/rrcrcc: 0.000000000 0.287714369 0.712285631
T:/rrcrcf: 0.000000000 0.931998753 0.068001247
T:/rrcrfc: 0.000000000 0.555397769 0.444602231
T:/rrcrff: 0.000000000 0.502187780 0.497812220
