A:/ccc: 0.983001222 0.016998778 0.000000000
A:/cccrccr: 0.652851109 0.347148891 0.000000000
A:/cccrccrccrc: 0.000000000 0.819371355 0.180628645
A:/cccrccrccrf: 0.000000000 0.558156142 0.441843858
A:/cccrccrcfrc: 0.000000000 0.555468251 0.444531749
A:/cccrccrcfrf: 0.000000000 0.525120591 0.474879409
A:/cccrccrcrcc: 0.000000000 0.449646111 0.550353889
A:/cccrccrcrcf: 0.000000000 0.455520747 0.544479253
A:/cccrccrcrfc: 0.000000000 0.543395405 0.456604595
A:/cccrccrcrff: 0.000000000 0.495383397 0.504616603
A:/cccrcfr: 0.123536671 0.507475979 0.368987351
A:/cccrcfrcrc: 0.000000000 0.905259188 0.094740812
A:/cccrcfrcrf: 0.000000000 0.774856420 0.225143580
A:/cccrcrc: 0.151416727 0.684310633 0.164272640
A:/cccrcrccrcc: 0.000000000 0.638060009 0.361939991
A:/cccrcrccrcf: 0.000000000 0.999786573 0.000213427
A:/cccrcrccrfc: 0.000000000 0.214235883 0.785764117
A:/cccrcrccrff: 0.000000000 0.556961133 0.443038867
A:/cccrcrf: 0.760549806 0.238974462 0.000475732
A:/cccrcrfcrc: 0.000000000 0.369434472 0.630565528
A:/cccrcrfcrf: 0.000000000 0.558406073 0.441593927
A:/cccrcrr: 0.000000000 0.342438044 0.657561956
A:/cccrfcr: 0.250086208 0.748812565 0.001101227
A:/cccrfcrcrc: 0.000000000 0.564870764 0.435129236
A:/cccrfcrcrf: 0.000000000 0.477570511 0.522429489
A:/cccrffr: 0.174022004 0.427775425 0.398202571
A:/cccrfrc: 0.755875138 0.242800778 0.001324084
A:/cccrfrf: 0.623273316 0.232028697 0.144697987
A:/cccrfrr: 0.000000000 0.987691452 0.012308548
A:/cccrrcc: 0.630641346 0.161640501 0.207718153
A:/cccrrcf: 0.465893703 0.507454595 0.026651702
A:/cccrrcr: 0.000000000 0.799081820 0.200918180
A:/cccrrfc: 0.025123482 0.578719052 0.396157466
A:/cccrrff: 0.267946268 0.340395173 0.391658559
A:/cccrrfr: 0.000000000 0.401791973 0.598208027
A:/cccrrrc: 0.000000000 0.736986687 0.263013313
A:/cccrrrf: 0.000000000 0.926469930 0.073530070
A:/ccr: 0.153924384 0.846075616 0.000000000
A:/ccrccrc: 0.742441316 0.257082707 0.000475977
A:/ccrccrccrcc: 0.000000000 0.279030672 0.720969328
A:/ccrccrccrcf: 0.000000000 0.643180030 0.356819970
A:/ccrccrccrfc: 0.000000000 0.668109740 0.331890260
A:/ccrccrccrff: 0.000000000 0.688567614 0.311432386
A:/ccrccrf: 0.363086965 0.434599304 0.202313731
A:/ccrccrfcrc: 0.000000000 0.666986243 0.333013757
A:/ccrccrfcrf: 0.000000000 0.623569481 0.376430519
A:/ccrccrr: 0.000000000 0.999463021 0.000536979
A:/ccrcfrc: 0.445339250 0.125950221 0.428710529
A:/ccrcfrf: 0.530450219 0.433329001 0.036220780
A:/ccrcfrr: 0.000000000 0.413607651 0.586392349
A:/ccrcrcc: 0.584724739 0.131791975 0.283483286
A:/ccrcrcf: 0.412602505 0.157920571 0.429476924
A:/ccrcrcr: 0.000000000 0.506822443 0.493177557
A:/ccrcrfc: 0.418797118 0.427429686 0.153773196
A:/ccrcrff: 0.177830805 0.743193642 0.078975552
A:/ccrcrfr: 0.000000000 0.674277524 0.325722476
A:/ccrcrrc: 0.000000000 0.677649219 0.322350781
A:/ccrcrrf: 0.000000000 0.467963106 0.532036894
A:/ccrrccr: 0.000000000 0.945677449 0.054322551
A:/ccrrcfr: 0.000000000 0.789142998 0.210857002
A:/ccrrcrc: 0.000000000 0.416886692 0.583113308
A:/ccrrcrf: 0.000000000 0.425813948 0.574186052
A:/ccrrfcr: 0.000000000 0.762058179 0.237941821
A:/ccrrffr: 0.000000000 0.873077980 0.126922020
A:/ccrrfrc: 0.000000000 0.844294321 0.155705679
A:/ccrrfrf: 0.000000000 0.932485323 0.067514677
A:/ccrrrcc: 0.000000000 0.349513336 0.650486664
A:/ccrrrcf: 0.000000000 0.308473203 0.691526797
A:/ccrrrfc: 0.000000000 0.398314785 0.601685215
A:/ccrrrff: 0.000000000 0.862301315 0.137698685
A:/crc: 0.129103596 0.395152308 0.475744096
A:/crccrcc: 0.190795883 0.468054432 0.341149685
A:/crccrcf: 0.197787637 0.318166248 0.484046114
A:/crccrcr: 0.000000000 0.692936069 0.307063931
A:/crccrfc: 0.515533602 0.433387973 0.051078425
A:/crccrff: 0.079316522 0.391047215 0.529636263
A:/crccrfr: 0.000000000 0.911592334 0.088407666
A:/crccrrc: 0.000000000 0.841905611 0.158094389
A:/crccrrf: 0.000000000 0.319297594 0.680702406
A:/crcrccr: 0.000000000 0.688935171 0.311064829
A:/crcrcfr: 0.000000000 0.911642133 0.088357867
A:/crcrcrc: 0.000000000 0.205061727 0.794938273
A:/crcrcrf: 0.000000000 0.420792483 0.579207517
A:/crcrfcr: 0.000000000 0.147477719 0.852522281
A:/crcrffr: 0.000000000 0.661318480 0.338681520
A:/crcrfrc: 0.000000000 0.945280711 0.054719289
A:/crcrfrf: 0.000000000 0.852864762 0.147135238
A:/crcrrcc: 0.000000000 0.493713588 0.506286412
A:/crcrrcf: 0.000000000 0.426445556 0.573554444
A:/crcrrfc: 0.000000000 0.552233778 0.447766222
A:/crcrrff: 0.000000000 0.410174117 0.589825883
A:/crf: 0.358825213 0.267417606 0.373757181
A:/crfcrc: 0.489152335 0.505317566 0.005530099
A:/crfcrf: 0.423889186 0.125545269 0.450565546
A:/crfcrr: 0.000000000 0.541725495 0.458274505
A:/crfrcr: 0.000000000 0.711462319 0.288537681
A:/crfrfr: 0.000000000 0.867893618 0.132106382
A:/crfrrc: 0.000000000 0.217248622 0.782751378
A:/crfrrf: 0.000000000 0.551937173 0.448062827
A:/crr: 0.342911254 0.136756716 0.520332030
A:/crrccrc: 0.000000000 0.363356121 0.636643879
A:/crrccrf: 0.000000000 0.449203389 0.550796611
A:/crrcfrc: 0.000000000 0.441505093 0.558494907
A:/crrcfrf: 0.000000000 0.652692212 0.347307788
A:/crrcrcc: 0.000000000 0.431206434 0.568793566
A:/crrcrcf: 0.000000000 0.285274439 0.714725561
A:/crrcrfc: 0.000000000 0.297339200 0.702660800
A:/crrcrff: 0.000000000 0.518473602 0.481526398
A:/rcc: 0.500360382 0.300379198 0.199260421
A:/rccrccr: 0.000000000 0.443061461 0.556938539
A:/rccrcfr: 0.000000000 0.882750993 0.117249007
A:/rccrcrc: 0.000000000 0.254991972 0.745008028
A:/rccrcrf: 0.000000000 0.446816467 0.553183533
A:/rccrfcr: 0.000000000 0.648512936 0.351487064
A:/rccrffr: 0.000000000 0.714025007 0.285974993
A:/rccrfrc: 0.000000000 0.604318396 0.395681604
A:/rccrfrf: 0.000000000 0.617118681 0.382881319
A:/rccrrcc: 0.000000000 0.899838197 0.100161803
A:/rccrrcf: 0.000000000 0.677990720 0.322009280
A:/rccrrfc: 0.000000000 0.640525006 0.359474994
A:/rccrrff: 0.000000000 0.489505964 0.510494036
A:/rcf: 0.635807815 0.161485377 0.202706807
A:/rcfrcr: 0.000000000 0.578683644 0.421316356
A:/rcfrfr: 0.000000000 0.629079329 0.370920671
A:/rcfrrc: 0.000000000 0.773387836 0.226612164
A:/rcfrrf: 0.000000000 0.239563371 0.760436629
A:/rcr: 0.188070610 0.613294791 0.198634599
A:/rcrccrc: 0.000000000 0.246987581 0.753012419
A:/rcrccrf: 0.000000000 0.642867912 0.357132088
A:/rcrcfrc: 0.000000000 0.778709592 0.221290408
A:/rcrcfrf: 0.000000000 0.591216193 0.408783807
A:/rcrcrcc: 0.000000000 0.814096667 0.185903333
A:/rcrcrcf: 0.000000000 0.555111687 0.444888313
A:/rcrcrfc: 0.000000000 0.679467842 0.320532158
A:/rcrcrff: 0.000000000 0.570724293 0.429275707
A:/rfc: 0.351853007 0.478255420 0.169891573
A:/rfcrcr: 0.000000000 0.614993386 0.385006614
A:/rfcrfr: 0.000000000 0.230012955 0.769987045
A:/rfcrrc: 0.000000000 0.939988177 0.060011823
A:/rfcrrf: 0.000000000 0.360568810 0.639431190
A:/rff: 0.424807275 0.231554140 0.343638585
A:/rffrr: 0.000000000 0.868078884 0.131921116
A:/rfr: 0.641806065 0.251596898 0.106597038
A:/rfrcrc: 0.000000000 0.154978320 0.845021680
A:/rfrcrf: 0.000000000 0.999972080 0.000027920
A:/rrc: 0.757533425 0.234610343 0.007856232
A:/rrccrcc: 0.000000000 0.557515422 0.442484578
A:/rrccrcf: 0.000000000 0.764369389 0.235630611
A:/rrccrfc: 0.000000000 0.673096667 0.326903333
A:/rrccrff: 0.000000000 0.209715238 0.790284762
A:/rrf: 0.272168079 0.382456740 0.345375181
A:/rrfcrc: 0.000000000 0.574433322 0.425566678
A:/rrfcrf: 0.000000000 0.240017671 0.759982329
A:/rrr: 0.000000000 0.757067493 0.242932507
J:/ccc: 0.001828497 0.998171503 0.000000000
J:/cccrccr: 0.000026095 0.000000855 0.999973051
J:/cccrccrccrc: 0.000000000 0.123826504 0.876173496
J:/cccrccrccrf: 0.000000000 0.035251609 0.964748391
J:/cccrccrcfrc: 0.000000000 0.443987103 0.556012897
J:/cccrccrcfrf: 0.000000000 0.626078594 0.373921406
J:/cccrccrcrcc: 0.000000000 0.650081478 0.349918522
J:/cccrccrcrcf: 0.000000000 0.000000000 1.000000000
J:/cccrccrcrfc: 0.000000000 0.468993150 0.531006850
J:/cccrccrcrff: 0.000000000 0.487774738 0.512225262
J:/cccrcfr: 0.212766638 0.000000000 0.787233362
J:/cccrcfrcrc: 0.000000000 0.888774309 0.111225691
J:/cccrcfrcrf: 0.000000000 0.796712686 0.203287314
J:/cccrcrc: 0.537916376 0.237923550 0.224160075
J:/cccrcrccrcc: 0.000000000 0.027699411 0.972300589
J:/cccrcrccrcf: 0.000000000 0.098069308 0.901930692
J:/cccrcrccrfc: 0.000000000 0.318802265 0.681197735
J:/cccrcrccrff: 0.000000000 0.109065643 0.890934357
J:/cccrcrf: 0.224800686 0.610168835 0.165030479
J:/cccrcrfcrc: 0.000000000 0.200145708 0.799854292
J:/cccrcrfcrf: 0.000000000 0.199758956 0.800241044
J:/cccrcrr: 0.000000000 0.728141985 0.271858015
J:/cccrfcr: 0.000035832 0.000037281 0.999926887
J:/cccrfcrcrc: 0.000000000 0.089109919 0.910890081
J:/cccrfcrcrf: 0.000000000 0.922081757 0.077918243
J:/cccrffr: 0.000000000 0.217120277 0.782879723
J:/cccrfrc: 0.000000000 0.385016383 0.614983617
J:/cccrfrf: 0.205410481 0.562825206 0.231764313
J:/cccrfrr: 0.000000000 0.000113653 0.999886347
J:/cccrrcc: 0.000000000 0.000000000 1.000000000
J:/cccrrcf: 0.000012406 0.000000000 0.999987594
J:/cccrrcr: 0.000000000 0.289779714 0.710220286
J:/cccrrfc: 0.593715884 0.406284116 0.000000000
J:/cccrrff: 0.000000000 0.942363664 0.057636336
J:/cccrrfr: 0.000000000 1.000000000 0.000000000
J:/cccrrrc: 0.000000000 0.000000000 1.000000000
J:/cccrrrf: 0.000000000 0.044660385 0.955339615
J:/ccr: 0.000000000 0.000000000 1.000000000
J:/ccrccrc: 0.251756290 0.428913475 0.319330235
J:/ccrccrccrcc: 0.000000000 0.484065773 0.515934227
J:/ccrccrccrcf: 0.000000000 0.913151046 0.086848954
J:/ccrccrccrfc: 0.000000000 0.359963846 0.640036154
J:/ccrccrccrff: 0.000000000 0.341976256 0.658023744
J:/ccrccrf: 0.421335504 0.271565558 0.307098939
J:/ccrccrfcrc: 0.000000000 0.740969375 0.259030625
J:/ccrccrfcrf: 0.000000000 0.087940684 0.912059316
J:/ccrccrr: 0.000000000 0.411259349 0.588740651
J:/ccrcfrc: 0.280749257 0.113874761 0.605375981
J:/ccrcfrf: 0.370496145 0.142186770 0.487317085
J:/ccrcfrr: 0.000000000 0.156046780 0.843953220
J:/ccrcrcc: 0.310308455 0.617519753 0.072171792
J:/ccrcrcf: 0.511533964 0.286234961 0.202231075
J:/ccrcrcr: 0.000000000 0.926977452 0.073022548
J:/ccrcrfc: 0.184850940 0.360323387 0.454825673
J:/ccrcrff: 0.431224994 0.193944383 0.374830623
J:/ccrcrfr: 0.000000000 0.249576990 0.750423010
J:/ccrcrrc: 0.000000000 0.183834128 0.816165872
J:/ccrcrrf: 0.000000000 0.232333777 0.767666223
J:/ccrrccr: 0.000000000 0.023135328 0.976864672
J:/ccrrcfr: 0.000000000 0.600322593 0.399677407
J:/ccrrcrc: 0.000000000 0.161380591 0.838619409
J:/ccrrcrf: 0.000000000 0.341924723 0.658075277
J:/ccrrfcr: 0.000000000 0.000000000 1.000000000
J:/ccrrffr: 0.000000000 0.000000000 1.000000000
J:/ccrrfrc: 0.000000000 0.112351005 0.887648995
J:/ccrrfrf: 0.000000000 0.861955464 0.138044536
J:/ccrrrcc: 0.000000000 0.385944114 0.614055886
J:/ccrrrcf: 0.000000000 0.625355411 0.374644589
J:/ccrrrfc: 0.000000000 0.559236335 0.440763665
J:/ccrrrff: 0.000000000 0.258774832 0.741225168
J:/crc: 0.275669021 0.375640262 0.348690717
J:/crccrcc: 0.176716983 0.385081391 0.438201627
J:/crccrcf: 0.275459453 0.372903894 0.351636653
J:/crccrcr: 0.000000000 0.432456476 0.567543524
J:/crccrfc: 0.629840428 0.178106085 0.192053487
J:/crccrff: 0.101350957 0.381887194 0.516761850
J:/crccrfr: 0.000000000 0.156920713 0.843079287
J:/crccrrc: 0.000000000 0.567984541 0.432015459
J:/crccrrf: 0.000000000 0.113915910 0.886084090
J:/crcrccr: 0.000000000 0.085803649 0.914196351
J:/crcrcfr: 0.000000000 0.608449243 0.391550757
J:/crcrcrc: 0.000000000 0.561784607 0.438215393
J:/crcrcrf: 0.000000000 0.789039338 0.210960662
J:/crcrfcr: 0.000000000 0.288116910 0.711883090
J:/crcrffr: 0.000000000 0.456049598 0.543950402
J:/crcrfrc: 0.000000000 0.308955519 0.691044481
J:/crcrfrf: 0.000000000 0.692897327 0.307102673
J:/crcrrcc: 0.000000000 0.900393276 0.099606724
J:/crcrrcf: 0.000000000 0.293389796 0.706610204
J:/crcrrfc: 0.000000000 0.714655763 0.285344237
J:/crcrrff: 0.000000000 0.534635347 0.465364653
J:/crf: 0.000345414 0.840754492 0.158900094
J:/crfcrc: 0.440526109 0.054933833 0.504540058
J:/crfcrf: 0.342812532 0.552535996 0.104651472
J:/crfcrr: 0.000000000 0.523336612 0.476663388
J:/crfrcr: 0.000000000 0.303831218 0.696168782
J:/crfrfr: 0.000000000 0.886758194 0.113241806
J:/crfrrc: 0.000000000 0.531998826 0.468001174
J:/crfrrf: 0.000000000 0.534514122 0.465485878
J:/crr: 0.096359793 0.193864533 0.709775674
J:/crrccrc: 0.000000000 0.609120017 0.390879983
J:/crrccrf: 0.000000000 0.150914652 0.849085348
J:/crrcfrc: 0.000000000 0.720695840 0.279304160
J:/crrcfrf: 0.000000000 0.666757369 0.333242631
J:/crrcrcc: 0.000000000 0.479702974 0.520297026
J:/crrcrcf: 0.000000000 0.418545320 0.581454680
J:/crrcrfc: 0.000000000 0.333274220 0.666725780
J:/crrcrff: 0.000000000 0.249146226 0.750853774
J:/rcc: 0.000676962 0.198394283 0.800928754
J:/rccrccr: 0.000000000 0.295618948 0.704381052
J:/rccrcfr: 0.000000000 0.563536014 0.436463986
J:/rccrcrc: 0.000000000 0.200181440 0.799818560
J:/rccrcrf: 0.000000000 0.415555734 0.584444266
J:/rccrfcr: 0.000000000 0.175949184 0.824050816
J:/rccrffr: 0.000000000 0.472683199 0.527316801
J:/rccrfrc: 0.000000000 0.752419015 0.247580985
J:/rccrfrf: 0.000000000 0.482430874 0.517569126
J:/rccrrcc: 0.000000000 0.508268495 0.491731505
J:/rccrrcf: 0.000000000 0.614474979 0.385525021
J:/rccrrfc: 0.000000000 0.659698659 0.340301341
J:/rccrrff: 0.000000000 0.015390282 0.984609718
J:/rcf: 0.148119639 0.390108224 0.461772137
J:/rcfrcr: 0.000000000 0.793777405 0.206222595
J:/rcfrfr: 0.000000000 0.738517010 0.261482990
J:/rcfrrc: 0.000000000 0.268514951 0.731485049
J:/rcfrrf: 0.000000000 0.522564846 0.477435154
J:/rcr: 0.337988584 0.242452224 0.419559192
J:/rcrccrc: 0.000000000 0.471421910 0.528578090
J:/rcrccrf: 0.000000000 0.169133376 0.830866624
J:/rcrcfrc: 0.000000000 0.921546648 0.078453352
J:/rcrcfrf: 0.000000000 0.501126880 0.498873120
J:/rcrcrcc: 0.000000000 0.455644267 0.544355733
J:/rcrcrcf: 0.000000000 0.897082735 0.102917265
J:/rcrcrfc: 0.000000000 0.334493373 0.665506627
J:/rcrcrff: 0.000000000 0.346580069 0.653419931
J:/rfc: 0.000000000 0.000000000 1.000000000
J:/rfcrcr: 0.000000000 0.000000000 1.000000000
J:/rfcrfr: 0.000000000 0.476127798 0.523872202
J:/rfcrrc: 0.000000000 0.000000000 1.000000000
J:/rfcrrf: 0.000000000 0.453822481 0.546177519
J:/rff: 0.000000000 0.000000000 1.000000000
J:/rffrr: 0.000000000 0.021161018 0.978838982
J:/rfr: 0.000000000 0.000000000 1.000000000
J:/rfrcrc: 0.000000000 0.264617300 0.735382700
J:/rfrcrf: 0.000000000 0.000000000 1.000000000
J:/rrc: 0.076678947 0.202424638 0.720896416
J:/rrccrcc: 0.000000000 0.372812408 0.627187592
J:/rrccrcf: 0.000000000 0.557720059 0.442279941
J:/rrccrfc: 0.000000000 0.705628889 0.294371111
J:/rrccrff: 0.000000000 0.196669490 0.803330510
J:/rrf: 0.074477001 0.800047784 0.125475215
J:/rrfcrc: 0.000000000 0.250955297 0.749044703
J:/rrfcrf: 0.000000000 0.426996514 0.573003486
J:/rrr: 0.000000000 0.206807070 0.793192930
K:/ccc: 0.000511823 0.999488177 0.000000000
K:/cccrccr: 0.003406594 0.751793581 0.244799825
K:/cccrccrccrc: 0.000000000 0.382890850 0.617109150
K:/cccrccrccrf: 0.000000000 0.457578313 0.542421687
K:/cccrccrcfrc: 0.000000000 0.999999979 0.000000021
K:/cccrccrcfrf: 0.000000000 0.775027301 0.224972699
K:/cccrccrcrcc: 0.000000000 0.796754145 0.203245855
K:/cccrccrcrcf: 0.000000000 0.359095813 0.640904187
K:/cccrccrcrfc: 0.000000000 0.618452695 0.381547305
K:/cccrccrcrff: 0.000000000 0.320024801 0.679975199
K:/cccrcfr: 0.542566510 0.232604183 0.224829306
K:/cccrcfrcrc: 0.000000000 0.388135239 0.611864761
K:/cccrcfrcrf: 0.000000000 0.860729108 0.139270892
K:/cccrcrc: 0.261401756 0.445588800 0.293009444
K:/cccrcrccrcc: 0.000000000 0.457256173 0.542743827
K:/cccrcrccrcf: 0.000000000 0.154123960 0.845876040
K:/cccrcrccrfc: 0.000000000 0.579148533 0.420851467
K:/cccrcrccrff: 0.000000000 1.000000000 0.000000000
K:/cccrcrf: 0.209363870 0.748799826 0.041836304
K:/cccrcrfcrc: 0.000000000 0.670854396 0.329145604
K:/cccrcrfcrf: 0.000000000 0.413264125 0.586735875
K:/cccrcrr: 0.000000000 0.288938794 0.711061206
K:/cccrfcr: 0.000000000 0.000000000 1.000000000
K:/cccrfcrcrc: 0.000000000 0.257971845 0.742028155
K:/cccrfcrcrf: 0.000000000 0.743045670 0.256954330
K:/cccrffr: 0.000000000 0.000000000 1.000000000
K:/cccrfrc: 0.000000000 0.759175312 0.240824688
K:/cccrfrf: 0.006974379 0.475552262 0.517473359
K:/cccrfrr: 0.000000000 0.000211059 0.999788941
K:/cccrrcc: 0.000000000 0.137124388 0.862875612
K:/cccrrcf: 0.000019813 0.000000000 0.999980187
K:/cccrrcr: 0.000000000 1.000000000 0.000000000
K:/cccrrfc: 0.476330087 0.492826381 0.030843532
K:/cccrrff: 0.000000000 0.878091488 0.121908512
K:/cccrrfr: 0.000000000 0.228267937 0.771732063
K:/cccrrrc: 0.000000000 0.107664074 0.892335926
K:/cccrrrf: 0.000000000 0.000124501 0.999875499
K:/ccr: 0.000000000 0.000000000 1.000000000
K:/ccrccrc: 0.060165602 0.428377211 0.511457187
K:/ccrccrccrcc: 0.000000000 0.791591326 0.208408674
K:/ccrccrccrcf: 0.000000000 0.308058849 0.691941151
K:/ccrccrccrfc: 0.000000000 0.240725811 0.759274189
K:/ccrccrccrff: 0.000000000 0.487127694 0.512872306
K:/ccrccrf: 0.429465673 0.557217807 0.013316521
K:/ccrccrfcrc: 0.000000000 0.903967225 0.096032775
K:/ccrccrfcrf: 0.000000000 0.999746092 0.000253908
K:/ccrccrr: 0.000000000 0.254959766 0.745040234
K:/ccrcfrc: 0.398498823 0.293989403 0.307511774
K:/ccrcfrf: 0.301212281 0.559320559 0.139467160
K:/ccrcfrr: 0.000000000 0.274891936 0.725108064
K:/ccrcrcc: 0.278113518 0.578392490 0.143493991
K:/ccrcrcf: 0.393673556 0.206539246 0.399787198
K:/ccrcrcr: 0.000000000 0.552235264 0.447764736
K:/ccrcrfc: 0.231687365 0.149245535 0.619067099
K:/ccrcrff: 0.313341684 0.137857255 0.548801061
K:/ccrcrfr: 0.000000000 0.297529137 0.702470863
K:/ccrcrrc: 0.000000000 0.368839333 0.631160667
K:/ccrcrrf: 0.000000000 0.410518616 0.589481384
K:/ccrrccr: 0.000000000 0.035820846 0.964179154
K:/ccrrcfr: 0.000000000 0.015586167 0.984413833
K:/ccrrcrc: 0.000000000 0.435973025 0.564026975
K:/ccrrcrf: 0.000000000 0.746482893 0.253517107
K:/ccrrfcr: 0.000000000 0.339387479 0.660612521
K:/ccrrffr: 0.000000000 0.000000000 1.000000000
K:/ccrrfrc: 0.000000000 0.047490633 0.952509367
K:/ccrrfrf: 0.000000000 0.413193704 0.586806296
K:/ccrrrcc: 0.000000000 0.142230268 0.857769732
K:/ccrrrcf: 0.000000000 0.567698422 0.432301578
K:/ccrrrfc: 0.000000000 0.000000000 1.000000000
K:/ccrrrff: 0.000000000 0.682072718 0.317927282
K:/crc: 0.290022951 0.366723474 0.343253575
K:/crccrcc: 0.061973001 0.678202850 0.259824149
K:/crccrcf: 0.698421770 0.160535780 0.141042450
K:/crccrcr: 0.000000000 0.888441152 0.111558848
K:/crccrfc: 0.771684898 0.155025348 0.073289754
K:/crccrff: 0.633594415 0.346745604 0.019659981
K:/crccrfr: 0.000000000 0.562824394 0.437175606
K:/crccrrc: 0.000000000 0.670122637 0.329877363
K:/crccrrf: 0.000000000 0.272679470 0.727320530
K:/crcrccr: 0.000000000 0.500843277 0.499156723
K:/crcrcfr: 0.000000000 0.164698198 0.835301802
K:/crcrcrc: 0.000000000 0.837303201 0.162696799
K:/crcrcrf: 0.000000000 0.495318946 0.504681054
K:/crcrfcr: 0.000000000 0.437696758 0.562303242
K:/crcrffr: 0.000000000 0.562109257 0.437890743
K:/crcrfrc: 0.000000000 0.540075643 0.459924357
K:/crcrfrf: 0.000000000 0.242670026 0.757329974
K:/crcrrcc: 0.000000000 0.619906351 0.380093649
K:/crcrrcf: 0.000000000 0.352577412 0.647422588
K:/crcrrfc: 0.000000000 0.059478144 0.940521856
K:/crcrrff: 0.000000000 0.124860869 0.875139131
K:/crf: 0.000151121 0.833220574 0.166628305
K:/crfcrc: 0.157238067 0.000002913 0.842759020
K:/crfcrf: 0.314932472 0.651084056 0.033983471
K:/crfcrr: 0.000000000 0.999894548 0.000105452
K:/crfrcr: 0.000000000 0.742832768 0.257167232
K:/crfrfr: 0.000000000 0.071687881 0.928312119
K:/crfrrc: 0.000000000 0.681393463 0.318606537
K:/crfrrf: 0.000000000 0.000002635 0.999997365
K:/crr: 0.145491114 0.345468900 0.509039986
K:/crrccrc: 0.000000000 0.482436376 0.517563624
K:/crrccrf: 0.000000000 0.745673956 0.254326044
K:/crrcfrc: 0.000000000 0.357699360 0.642300640
K:/crrcfrf: 0.000000000 0.807766727 0.192233273
K:/crrcrcc: 0.000000000 0.461880144 0.538119856
K:/crrcrcf: 0.000000000 0.450154325 0.549845675
K:/crrcrfc: 0.000000000 0.690485472 0.309514528
K:/crrcrff: 0.000000000 0.954746318 0.045253682
K:/rcc: 0.277635098 0.586091432 0.136273470
K:/rccrccr: 0.000000000 0.369649000 0.630351000
K:/rccrcfr: 0.000000000 0.400016653 0.599983347
K:/rccrcrc: 0.000000000 0.590540237 0.409459763
K:/rccrcrf: 0.000000000 0.115366060 0.884633940
K:/rccrfcr: 0.000000000 0.617573809 0.382426191
K:/rccrffr: 0.000000000 0.254102317 0.745897683
K:/rccrfrc: 0.000000000 0.705839470 0.294160530
K:/rccrfrf: 0.000000000 0.486681649 0.513318351
K:/rccrrcc: 0.000000000 0.729021032 0.270978968
K:/rccrrcf: 0.000000000 0.161212069 0.838787931
K:/rccrrfc: 0.000000000 0.126782912 0.873217088
K:/rccrrff: 0.000000000 0.302915910 0.697084090
K:/rcf: 0.419636354 0.480550659 0.099812986
K:/rcfrcr: 0.000000000 0.562022267 0.437977733
K:/rcfrfr: 0.000000000 0.558016229 0.441983771
K:/rcfrrc: 0.000000000 0.507429504 0.492570496
K:/rcfrrf: 0.000000000 0.479856131 0.520143869
K:/rcr: 0.382886890 0.456695084 0.160418026
K:/rcrccrc: 0.000000000 0.557178585 0.442821415
K:/rcrccrf: 0.000000000 0.476884859 0.523115141
K:/rcrcfrc: 0.000000000 0.983810118 0.016189882
K:/rcrcfrf: 0.000000000 0.108465825 0.891534175
K:/rcrcrcc: 0.000000000 0.344986483 0.655013517
K:/rcrcrcf: 0.000000000 0.238760702 0.761239298
K:/rcrcrfc: 0.000000000 0.145581016 0.854418984
K:/rcrcrff: 0.000000000 0.198455838 0.801544162
K:/rfc: 0.000000000 0.000000000 1.000000000
K:/rfcrcr: 0.000000000 0.943417629 0.056582371
K:/rfcrfr: 0.000000000 0.999997794 0.000002206
K:/rfcrrc: 0.000000000 0.000000000 1.000000000
K:/rfcrrf: 0.000000000 0.308554554 0.691445446
K:/rff: 0.000000000 0.000000000 1.000000000
K:/rffrr: 0.000000000 0.000000000 1.000000000
K:/rfr: 0.000000000 0.000328833 0.999671167
K:/rfrcrc: 0.000000000 0.278066156 0.721933844
K:/rfrcrf: 0.000000000 0.340319127 0.659680873
K:/rrc: 0.359858714 0.176003738 0.464137548
K:/rrccrcc: 0.000000000 0.190783065 0.809216935
K:/rrccrcf: 0.000000000 0.338892706 0.661107294
K:/rrccrfc: 0.000000000 0.228846439 0.771153561
K:/rrccrff: 0.000000000 0.525085776 0.474914224
K:/rrf: 0.578819272 0.002493663 0.418687065
K:/rrfcrc: 0.000000000 0.065828661 0.934171339
K:/rrfcrf: 0.000000000 0.731874394 0.268125606
K:/rrr: 0.000000000 0.643135078 0.356864922
Q:/ccc: 0.001816349 0.998183651 0.000000000
Q:/cccrccr: 0.025456178 0.165510120 0.809033702
Q:/cccrccrccrc: 0.000000000 0.239884240 0.760115760
Q:/cccrccrccrf: 0.000000000 0.682420234 0.317579766
Q:/cccrccrcfrc: 0.000000000 0.898310856 0.101689144
Q:/cccrccrcfrf: 0.000000000 0.683446281 0.316553719
Q:/cccrccrcrcc: 0.000000000 0.260993728 0.739006272
Q:/cccrccrcrcf: 0.000000000 0.476077396 0.523922604
Q:/cccrccrcrfc: 0.000000000 0.410531645 0.589468355
Q:/cccrccrcrff: 0.000000000 0.584542020 0.415457980
Q:/cccrcfr: 0.070555231 0.009288343 0.920156425
Q:/cccrcfrcrc: 0.000000000 0.611172463 0.388827537
Q:/cccrcfrcrf: 0.000000000 0.172304374 0.827695626
Q:/cccrcrc: 0.191347225 0.563231886 0.245420889
Q:/cccrcrccrcc: 0.000000000 0.441522863 0.558477137
Q:/cccrcrccrcf: 0.000000000 0.403576977 0.596423023
Q:/cccrcrccrfc: 0.000000000 0.626726679 0.373273321
Q:/cccrcrccrff: 0.000000000 0.578318871 0.421681129
Q:/cccrcrf: 0.204521023 0.772652206 0.022826770
Q:/cccrcrfcrc: 0.000000000 0.147769633 0.852230367
Q:/cccrcrfcrf: 0.000000000 0.052580667 0.947419333
Q:/cccrcrr: 0.000000000 0.128009611 0.871990389
Q:/cccrfcr: 0.000002859 0.000000000 0.999997141
Q:/cccrfcrcrc: 0.000000000 0.729932847 0.270067153
Q:/cccrfcrcrf: 0.000000000 0.553786794 0.446213206
Q:/cccrffr: 0.000000000 0.000000000 1.000000000
Q:/cccrfrc: 0.000000000 0.415634671 0.584365329
Q:/cccrfrf: 0.252803539 0.484364133 0.262832328
Q:/cccrfrr: 0.000000000 0.000089116 0.999910884
Q:/cccrrcc: 0.000000000 0.000000000 1.000000000
Q:/cccrrcf: 0.000000000 0.000000000 1.000000000
Q:/cccrrcr: 0.000000000 0.079635171 0.920364829
Q:/cccrrfc: 0.412641683 0.260747149 0.326611168
Q:/cccrrff: 0.000000000 1.000000000 0.000000000
Q:/cccrrfr: 0.000000000 0.562326719 0.437673281
Q:/cccrrrc: 0.000000000 0.855111163 0.144888837
Q:/cccrrrf: 0.000000000 0.184344992 0.815655008
Q:/ccr: 0.000000000 0.000000000 1.000000000
Q:/ccrccrc: 0.173092660 0.249125341 0.577782000
Q:/ccrccrccrcc: 0.000000000 0.293241400 0.706758600
Q:/ccrccrccrcf: 0.000000000 0.390349035 0.609650965
Q:/ccrccrccrfc: 0.000000000 0.424691392 0.575308608
Q:/ccrccrccrff: 0.000000000 0.730384516 0.269615484
Q:/ccrccrf: 0.460961677 0.481915584 0.057122740
Q:/ccrccrfcrc: 0.000000000 0.796633709 0.203366291
Q:/ccrccrfcrf: 0.000000000 0.490431904 0.509568096
Q:/ccrccrr: 0.000000000 0.000005791 0.999994209
Q:/ccrcfrc: 0.407763877 0.386403316 0.205832807
Q:/ccrcfrf: 0.107959702 0.384898914 0.507141383
Q:/ccrcfrr: 0.000000000 0.675807312 0.324192688
Q:/ccrcrcc: 0.284408087 0.451395251 0.264196662
Q:/ccrcrcf: 0.030888908 0.479416474 0.489694618
Q:/ccrcrcr: 0.000000000 0.464367664 0.535632336
Q:/ccrcrfc: 0.686317457 0.070843803 0.242838741
Q:/ccrcrff: 0.072646970 0.222915250 0.704437781
Q:/ccrcrfr: 0.000000000 0.499051135 0.500948865
Q:/ccrcrrc: 0.000000000 0.373259953 0.626740047
Q:/ccrcrrf: 0.000000000 0.902047903 0.097952097
Q:/ccrrccr: 0.000000000 0.112814052 0.887185948
Q:/ccrrcfr: 0.000000000 0.141550231 0.858449769
Q:/ccrrcrc: 0.000000000 0.726520703 0.273479297
Q:/ccrrcrf: 0.000000000 0.259362459 0.740637541
Q:/ccrrfcr: 0.000000000 0.462868373 0.537131627
Q:/ccrrffr: 0.000000000 0.000000000 1.000000000
Q:/ccrrfrc: 0.000000000 0.000000000 1.000000000
Q:/ccrrfrf: 0.000000000 0.442745221 0.557254779
Q:/ccrrrcc: 0.000000000 0.000000000 1.000000000
Q:/ccrrrcf: 0.000000000 0.570837505 0.429162495
Q:/ccrrrfc: 0.000000000 0.549988645 0.450011355
Q:/ccrrrff: 0.000000000 0.756282714 0.243717286
Q:/crc: 0.000234061 0.750593257 0.249172683
Q:/crccrcc: 0.144227228 0.368458655 0.487314116
Q:/crccrcf: 0.296773409 0.337069277 0.366157314
Q:/crccrcr: 0.000000000 0.234306610 0.765693390
Q:/crccrfc: 0.165978436 0.248625661 0.585395903
Q:/crccrff: 0.665755571 0.178479443 0.155764986
Q:/crccrfr: 0.000000000 0.499415363 0.500584637
Q:/crccrrc: 0.000000000 0.715048392 0.284951608
Q:/crccrrf: 0.000000000 0.114016775 0.885983225
Q:/crcrccr: 0.000000000 0.595711401 0.404288599
Q:/crcrcfr: 0.000000000 0.140456214 0.859543786
Q:/crcrcrc: 0.000000000 0.838712702 0.161287298
Q:/crcrcrf: 0.000000000 0.516467162 0.483532838
Q:/crcrfcr: 0.000000000 0.082710502 0.917289498
Q:/crcrffr: 0.000000000 0.542816126 0.457183874
Q:/crcrfrc: 0.000000000 0.304717540 0.695282460
Q:/crcrfrf: 0.000000000 0.371722276 0.628277724
Q:/crcrrcc: 0.000000000 0.956458118 0.043541882
Q:/crcrrcf: 0.000000000 0.335930319 0.664069681
Q:/crcrrfc: 0.000000000 0.306232616 0.693767384
Q:/crcrrff: 0.000000000 0.713200013 0.286799987
Q:/crf: 0.000049585 0.999946493 0.000003922
Q:/crfcrc: 0.521593587 0.086359263 0.392047150
Q:/crfcrf: 0.408946912 0.385224942 0.205828146
Q:/crfcrr: 0.000000000 0.245756579 0.754243421
Q:/crfrcr: 0.000000000 0.460807550 0.539192450
Q:/crfrfr: 0.000000000 0.837391424 0.162608576
Q:/crfrrc: 0.000000000 0.503371570 0.496628430
Q:/crfrrf: 0.000000000 0.249282428 0.750717572
Q:/crr: 0.027084350 0.375213584 0.597702066
Q:/crrccrc: 0.000000000 0.386773879 0.613226121
Q:/crrccrf: 0.000000000 0.197383534 0.802616466
Q:/crrcfrc: 0.000000000 0.506177334 0.493822666
Q:/crrcfrf: 0.000000000 0.579348943 0.420651057
Q:/crrcrcc: 0.000000000 0.586617750 0.413382250
Q:/crrcrcf: 0.000000000 0.711094496 0.288905504
Q:/crrcrfc: 0.000000000 0.647152497 0.352847503
Q:/crrcrff: 0.000000000 0.579491954 0.420508046
Q:/rcc: 0.137680738 0.237720739 0.624598523
Q:/rccrccr: 0.000000000 0.631844740 0.368155260
Q:/rccrcfr: 0.000000000 0.325530157 0.674469843
Q:/rccrcrc: 0.000000000 0.472188678 0.527811322
Q:/rccrcrf: 0.000000000 0.358524282 0.641475718
Q:/rccrfcr: 0.000000000 0.432755513 0.567244487
Q:/rccrffr: 0.000000000 0.701127009 0.298872991
Q:/rccrfrc: 0.000000000 0.062802548 0.937197452
Q:/rccrfrf: 0.000000000 0.070256809 0.929743191
Q:/rccrrcc: 0.000000000 0.457517080 0.542482920
Q:/rccrrcf: 0.000000000 0.724740015 0.275259985
Q:/rccrrfc: 0.000000000 0.695343236 0.304656764
Q:/rccrrff: 0.000000000 0.696826905 0.303173095
Q:/rcf: 0.378466525 0.451382161 0.170151314
Q:/rcfrcr: 0.000000000 0.431885489 0.568114511
Q:/rcfrfr: 0.000000000 0.745023049 0.254976951
Q:/rcfrrc: 0.000000000 0.136738696 0.863261304
Q:/rcfrrf: 0.000000000 0.328286087 0.671713913
Q:/rcr: 0.113197426 0.278285902 0.608516672
Q:/rcrccrc: 0.000000000 0.522582029 0.477417971
Q:/rcrccrf: 0.000000000 0.153332560 0.846667440
Q:/rcrcfrc: 0.000000000 0.462111100 0.537888900
Q:/rcrcfrf: 0.000000000 0.142964480 0.857035520
Q:/rcrcrcc: 0.000000000 0.721260070 0.278739930
Q:/rcrcrcf: 0.000000000 0.393737533 0.606262467
Q:/rcrcrfc: 0.000000000 0.215495736 0.784504264
Q:/rcrcrff: 0.000000000 0.334009139 0.665990861
Q:/rfc: 0.000000000 0.000000000 1.000000000
Q:/rfcrcr: 0.000000000 0.153703353 0.846296647
Q:/rfcrfr: 0.000000000 0.825538866 0.174461134
Q:/rfcrrc: 0.000000000 0.077729644 0.922270356
Q:/rfcrrf: 0.000000000 0.066801737 0.933198263
Q:/rff: 0.000000000 0.000000000 1.000000000
Q:/rffrr: 0.000000000 0.000000000 1.000000000
Q:/rfr: 0.000000000 0.000223583 0.999776417
Q:/rfrcrc: 0.000000000 0.000000000 1.000000000
Q:/rfrcrf: 0.000000000 0.000000000 1.000000000
Q:/rrc: 0.000000000 0.572008402 0.427991598
Q:/rrccrcc: 0.000000000 0.923074306 0.076925694
Q:/rrccrcf: 0.000000000 0.550100118 0.449899882
Q:/rrccrfc: 0.000000000 0.500325977 0.499674023
Q:/rrccrff: 0.000000000 0.381504576 0.618495424
Q:/rrf: 0.000000084 0.651839948 0.348159967
Q:/rrfcrc: 0.000000000 0.637331564 0.362668436
Q:/rrfcrf: 0.000000000 0.952923988 0.047076012
Q:/rrr: 0.000000000 0.123043807 0.876956193
T:/ccc: 0.001793230 0.998206770 0.000000000
T:/cccrccr: 0.000040854 0.000000000 0.999959146
T:/cccrccrccrc: 0.000000000 0.596740234 0.403259766
T:/cccrccrccrf: 0.000000000 0.745244443 0.254755557
T:/cccrccrcfrc: 0.000000000 0.561186643 0.438813357
T:/cccrccrcfrf: 0.000000000 0.498541656 0.501458344
T:/cccrccrcrcc: 0.000000000 0.294599757 0.705400243
T:/cccrccrcrcf: 0.000000000 0.802998552 0.197001448
T:/cccrccrcrfc: 0.000000000 0.099529232 0.900470768
T:/cccrccrcrff: 0.000000000 0.000003091 0.999996909
T:/cccrcfr: 0.040426408 0.000000000 0.959573592
T:/cccrcfrcrc: 0.000000000 0.075480475 0.924519525
T:/cccrcfrcrf: 0.000000000 0.888622807 0.111377193
T:/cccrcrc: 0.284312583 0.224423054 0.491264363
T:/cccrcrccrcc: 0.000000000 0.450479342 0.549520658
T:/cccrcrccrcf: 0.000000000 0.468296883 0.531703117
T:/cccrcrccrfc: 0.000000000 0.650097416 0.349902584
T:/cccrcrccrff: 0.000000000 0.604526954 0.395473046
T:/cccrcrf: 0.343649681 0.521766624 0.134583695
T:/cccrcrfcrc: 0.000000000 0.685273991 0.314726009
T:/cccrcrfcrf: 0.000000000 0.067093664 0.932906336
T:/cccrcrr: 0.000000000 0.399272296 0.600727704
T:/cccrfcr: 0.000028359 0.000000000 0.999971641
T:/cccrfcrcrc: 0.000000000 0.181539317 0.818460683
T:/cccrfcrcrf: 0.000000000 0.336348725 0.663651275
T:/cccrffr: 0.187560652 0.445221473 0.367217875
T:/cccrfrc: 0.000000000 0.508893571 0.491106429
T:/cccrfrf: 0.438105086 0.453653842 0.108241072
T:/cccrfrr: 0.000000000 0.000099109 0.999900891
T:/cccrrcc: 0.000000000 0.036416255 0.963583745
T:/cccrrcf: 0.000000000 0.000000000 1.000000000
T:/cccrrcr: 0.000000000 0.000079364 0.999920636
T:/cccrrfc: 0.646810943 0.353189057 0.000000000
T:/cccrrff: 0.000000000 0.957371683 0.042628317
T:/cccrrfr: 0.000000000 0.723878656 0.276121344
T:/cccrrrc: 0.000000000 0.008262661 0.991737339
T:/cccrrrf: 0.000000000 0.130460383 0.869539617
T:/ccr: 0.000000000 0.000000000 1.000000000
T:/ccrccrc: 0.280453683 0.235507420 0.484038897
T:/ccrccrccrcc: 0.000000000 0.185375770 0.814624230
T:/ccrccrccrcf: 0.000000000 0.620340040 0.379659960
T:/ccrccrccrfc: 0.000000000 0.607211776 0.392788224
T:/ccrccrccrff: 0.000000000 0.281748271 0.718251729
T:/ccrccrf: 0.031622975 0.723224483 0.245152542
T:/ccrccrfcrc: 0.000000000 0.194284490 0.805715510
T:/ccrccrfcrf: 0.000000000 0.565226577 0.434773423
T:/ccrccrr: 0.000000000 0.000005824 0.999994176
T:/ccrcfrc: 0.342378814 0.266166395 0.391454791
T:/ccrcfrf: 0.116481292 0.776642075 0.106876633
T:/ccrcfrr: 0.000000000 0.118992994 0.881007006
T:/ccrcrcc: 0.598192018 0.057831448 0.343976534
T:/ccrcrcf: 0.369505573 0.538831052 0.091663375
T:/ccrcrcr: 0.000000000 0.369325087 0.630674913
T:/ccrcrfc: 0.723248388 0.176372660 0.100378952
T:/ccrcrff: 0.222064422 0.337033626 0.440901952
T:/ccrcrfr: 0.000000000 0.527590874 0.472409126
T:/ccrcrrc: 0.000000000 0.900787669 0.099212331
T:/ccrcrrf: 0.000000000 0.625062815 0.374937185
T:/ccrrccr: 0.000000000 0.000000000 1.000000000
T:/ccrrcfr: 0.000000000 0.501873788 0.498126212
T:/ccrrcrc: 0.000000000 0.176662476 0.823337524
T:/ccrrcrf: 0.000000000 0.710715206 0.289284794
T:/ccrrfcr: 0.000000000 0.444177147 0.555822853
T:/ccrrffr: 0.000000000 0.108412797 0.891587203
T:/ccrrfrc: 0.000000000 0.284221949 0.715778051
T:/ccrrfrf: 0.000000000 0.288192148 0.711807852
T:/ccrrrcc: 0.000000000 0.115984671 0.884015329
T:/ccrrrcf: 0.000000000 0.008361871 0.991638129
T:/ccrrrfc: 0.000000000 0.201594162 0.798405838
T:/ccrrrff: 0.000000000 0.000000000 1.000000000
T:/crc: 0.294942451 0.567175663 0.137881886
T:/crccrcc: 0.199969139 0.724107196 0.075923665
T:/crccrcf: 0.315960928 0.086206644 0.597832428
T:/crccrcr: 0.000000000 0.278327038 0.721672962
T:/crccrfc: 0.387095186 0.254689423 0.358215391
T:/crccrff: 0.248650867 0.366402088 0.384947045
T:/crccrfr: 0.000000000 0.472083401 0.527916599
T:/crccrrc: 0.000000000 0.948643605 0.051356395
T:/crccrrf: 0.000000000 0.732170770 0.267829230
T:/crcrccr: 0.000000000 0.556295615 0.443704385
T:/crcrcfr: 0.000000000 0.185592629 0.814407371
T:/crcrcrc: 0.000000000 0.578827251 0.421172749
T:/crcrcrf: 0.000000000 0.253571890 0.746428110
T:/crcrfcr: 0.000000000 0.603022977 0.396977023
T:/crcrffr: 0.000000000 0.393701433 0.606298567
T:/crcrfrc: 0.000000000 0.526673942 0.473326058
T:/crcrfrf: 0.000000000 0.102687759 0.897312241
T:/crcrrcc: 0.000000000 0.598119488 0.401880512
T:/crcrrcf: 0.000000000 0.231860705 0.768139295
T:/crcrrfc: 0.000000000 0.588632043 0.411367957
T:/crcrrff: 0.000000000 0.340186553 0.659813447
T:/crf: 0.000440931 0.999548834 0.000010235
T:/crfcrc: 0.280440189 0.319291247 0.400268564
T:/crfcrf: 0.074225363 0.496233344 0.429541293
T:/crfcrr: 0.000000000 0.265298703 0.734701297
T:/crfrcr: 0.000000000 0.533174306 0.466825694
T:/crfrfr: 0.000000000 0.321627909 0.678372091
T:/crfrrc: 0.000000000 0.478925998 0.521074002
T:/crfrrf: 0.000000000 0.689719788 0.310280212
T:/crr: 0.367223775 0.398350945 0.234425279
T:/crrccrc: 0.000000000 0.504503049 0.495496951
T:/crrccrf: 0.000000000 0.180937722 0.819062278
T:/crrcfrc: 0.000000000 0.377435733 0.622564267
T:/crrcfrf: 0.000000000 0.232251684 0.767748316
T:/crrcrcc: 0.000000000 0.242085751 0.757914249
T:/crrcrcf: 0.000000000 0.444027368 0.555972632
T:/crrcrfc: 0.000000000 0.625357233 0.374642767
T:/crrcrff: 0.000000000 0.244726336 0.755273664
T:/rcc: 0.197309231 0.548658500 0.254032269
T:/rccrccr: 0.000000000 0.474034067 0.525965933
T:/rccrcfr: 0.000000000 0.777628718 0.222371282
T:/rccrcrc: 0.000000000 0.560992956 0.439007044
T:/rccrcrf: 0.000000000 0.411996086 0.588003914
T:/rccrfcr: 0.000000000 0.443441868 0.556558132
T:/rccrffr: 0.000000000 0.535138317 0.464861683
T:/rccrfrc: 0.000000000 0.483259770 0.516740230
T:/rccrfrf: 0.000000000 0.081361696 0.918638304
T:/rccrrcc: 0.000000000 0.580732340 0.419267660
T:/rccrrcf: 0.000000000 0.501256709 0.498743291
T:/rccrrfc: 0.000000000 0.925789641 0.074210359
T:/rccrrff: 0.000000000 0.020845735 0.979154265
T:/rcf: 0.272225440 0.296628142 0.431146418
T:/rcfrcr: 0.000000000 0.395819775 0.604180225
T:/rcfrfr: 0.000000000 0.478582230 0.521417770
T:/rcfrrc: 0.000000000 0.756517156 0.243482844
T:/rcfrrf: 0.000000000 0.598049667 0.401950333
T:/rcr: 0.000941167 0.302344134 0.696714699
T:/rcrccrc: 0.000000000 0.177168259 0.822831741
T:/rcrccrf: 0.000000000 0.591556729 0.408443271
T:/rcrcfrc: 0.000000000 0.758685002 0.241314998
T:/rcrcfrf: 0.000000000 0.206243197 0.793756803
T:/rcrcrcc: 0.000000000 0.843927107 0.156072893
T:/rcrcrcf: 0.000000000 0.797546166 0.202453834
T:/rcrcrfc: 0.000000000 0.778187662 0.221812338
T:/rcrcrff: 0.000000000 0.713415888 0.286584112
T:/rfc: 0.000000000 0.000000000 1.000000000
T:/rfcrcr: 0.000000000 0.279905847 0.720094153
T:/rfcrfr: 0.000000000 0.469634483 0.530365517
T:/rfcrrc: 0.000000000 0.170786856 0.829213144
T:/rfcrrf: 0.000000000 0.000000000 1.000000000
T:/rff: 0.000000000 0.000000000 1.000000000
T:/rffrr: 0.000000000 0.000000000 1.000000000
T:/rfr: 0.000000000 0.000000000 1.000000000
T:/rfrcrc: 0.000000000 0.000000000 1.000000000
T:/rfrcrf: 0.000000000 0.000000000 1.000000000
T:/rrc: 0.000000000 0.494911993 0.505088007
T:/rrccrcc: 0.000000000 0.675640973 0.324359027
T:/rrccrcf: 0.000000000 0.509498857 0.490501143
T:/rrccrfc: 0.000000000 0.262570883 0.737429117
T:/rrccrff: 0.000000000 0.840071907 0.159928093
T:/rrf: 0.000000000 0.688387415 0.311612585
T:/rrfcrc: 0.000000000 0.607986014 0.392013986
T:/rrfcrf: 0.000000000 0.865451669 0.134548331
T:/rrr: 0.000000000 0.430293312 0.569706688
