2:/: 0.341714129 0.658285871 0.000000000
2:/ccr: 0.000000000 0.000000000 1.000000000
2:/ccrcrc: 0.044983166 0.427040891 0.527975944
2:/ccrcrf: 0.144957113 0.490122830 0.364920056
2:/ccrcrr: 0.000000000 0.102135624 0.897864376
2:/ccrrcr: 0.000000000 0.457948614 0.542051386
2:/ccrrfr: 0.000000000 0.498538528 0.501461472
2:/ccrrrc: 0.000000000 0.749433138 0.250566862
2:/ccrrrf: 0.000000000 0.000000000 1.000000000
2:/crc: 0.004117846 0.000000000 0.995882154
2:/crcrcr: 0.000000000 0.140013548 0.859986452
2:/crcrfr: 0.000000000 0.534326820 0.465673180
2:/crcrrc: 0.000000000 0.220363276 0.779636724
2:/crcrrf: 0.000000000 0.014559513 0.985440487
2:/crf: 0.000000000 0.000000000 1.000000000
2:/crfrr: 0.000000000 0.000000000 1.000000000
2:/crr: 0.348360979 0.000000000 0.651639021
2:/crrcrc: 0.000000000 0.123729211 0.876270789
2:/crrcrf: 0.000000000 0.627371206 0.372628794
2:/rcr: 0.829553796 0.170446204 0.000000000
2:/rcrcrc: 0.000000000 0.392932309 0.607067691
2:/rcrcrf: 0.000000000 0.481847830 0.518152170
2:/rfr: 0.460335987 0.498946449 0.040717564
2:/rrc: 0.000000000 0.308035079 0.691964921
2:/rrf: 0.000000000 0.000000000 1.000000000
2:/rrr: 0.000000000 0.000000000 1.000000000
3:/: 0.347695865 0.652304135 0.000000000
3:/ccr: 0.000000000 0.000000000 1.000000000
3:/ccrcrc: 0.000000000 0.771563492 0.228436508
3:/ccrcrf: 0.141698520 0.112615195 0.745686285
3:/ccrcrr: 0.000000000 0.055506271 0.944493729
3:/ccrrcr: 0.000000000 0.477276095 0.522723905
3:/ccrrfr: 0.000000000 0.655594374 0.344405626
3:/ccrrrc: 0.000000000 0.742208315 0.257791685
3:/ccrrrf: 0.000000000 0.837436557 0.162563443
3:/crc: 0.002427453 0.000000000 0.997572547
3:/crcrcr: 0.000000000 0.125655046 0.874344954
3:/crcrfr: 0.000000000 0.765887747 0.234112253
3:/crcrrc: 0.000000000 0.191391216 0.808608784
3:/crcrrf: 0.000000000 0.821586978 0.178413022
3:/crf: 0.000000000 0.000123279 0.999876721
3:/crfrr: 0.000000000 0.000000000 1.000000000
3:/crr: 0.641932882 0.000000000 0.358067118
3:/crrcrc: 0.000000000 0.836875305 0.163124695
3:/crrcrf: 0.000000000 0.418704673 0.581295327
3:/rcr: 0.795768824 0.204231176 0.000000000
3:/rcrcrc: 0.000000000 0.172984504 0.827015496
3:/rcrcrf: 0.000000000 0.000000000 1.000000000
3:/rfr: 0.808141450 0.063267696 0.128590854
3:/rrc: 0.002650111 0.363568803 0.633781086
3:/rrf: 0.000000000 0.000000000 1.000000000
3:/rrr: 0.000000000 0.599357855 0.400642145
4:/: 0.432644992 0.567355008 0.000000000
4:/ccr: 0.000000000 0.000000000 1.000000000
4:/ccrcrc: 0.061461400 0.276590974 0.661947627
4:/ccrcrf: 0.059366064 0.639666898 0.300967039
4:/ccrcrr: 0.000000000 0.560077520 0.439922480
4:/ccrrcr: 0.000000000 0.763417417 0.236582583
4:/ccrrfr: 0.000000000 0.409359527 0.590640473
4:/ccrrrc: 0.000000000 0.000000000 1.000000000
4:/ccrrrf: 0.000000000 0.187388694 0.812611306
4:/crc: 0.000064046 0.000000000 0.999935954
4:/crcrcr: 0.000000000 0.957690721 0.042309279
4:/crcrfr: 0.000000000 0.512918687 0.487081313
4:/crcrrc: 0.000000000 0.778686147 0.221313853
4:/crcrrf: 0.000000000 0.581837715 0.418162285
4:/crf: 0.008484071 0.000390930 0.991125000
4:/crfrr: 0.000000000 0.000000000 1.000000000
4:/crr: 0.278364323 0.000000000 0.721635677
4:/crrcrc: 0.000000000 0.108200019 0.891799981
4:/crrcrf: 0.000000000 0.819793289 0.180206711
4:/rcr: 0.670076405 0.329923595 0.000000000
4:/rcrcrc: 0.000000000 0.501776822 0.498223178
4:/rcrcrf: 0.000000000 0.575013089 0.424986911
4:/rfr: 0.091171020 0.104156859 0.804672121
4:/rrc: 0.000000000 0.317626677 0.682373323
4:/rrf: 0.000000000 0.000000000 1.000000000
4:/rrr: 0.000000000 0.432831294 0.567168706
5:/: 0.180883145 0.819116855 0.000000000
5:/ccr: 0.000000000 0.006380795 0.993619205
5:/ccrcrc: 0.000000000 0.369724538 0.630275462
5:/ccrcrf: 0.054447956 0.072171372 0.873380672
5:/ccrcrr: 0.000000000 0.309678072 0.690321928
5:/ccrrcr: 0.000000000 0.474926541 0.525073459
5:/ccrrfr: 0.000000000 0.692155015 0.307844985
5:/ccrrrc: 0.000000000 0.064270089 0.935729911
5:/ccrrrf: 0.000000000 0.290169673 0.709830327
5:/crc: 0.000101487 0.000000000 0.999898513
5:/crcrcr: 0.000000000 0.541009837 0.458990163
5:/crcrfr: 0.000000000 0.608469887 0.391530113
5:/crcrrc: 0.000000000 0.306810811 0.693189189
5:/crcrrf: 0.000000000 0.335058510 0.664941490
5:/crf: 0.000769112 0.136139211 0.863091676
5:/crfrr: 0.000000000 0.262411309 0.737588691
5:/crr: 0.490289895 0.000000000 0.509710105
5:/crrcrc: 0.000000000 0.452846011 0.547153989
5:/crrcrf: 0.000000000 0.455110104 0.544889896
5:/rcr: 0.809288813 0.190711187 0.000000000
5:/rcrcrc: 0.000000000 0.000000000 1.000000000
5:/rcrcrf: 0.000000000 0.558019710 0.441980290
5:/rfr: 0.059889226 0.306981518 0.633129256
5:/rrc: 0.000000000 0.168028767 0.831971233
5:/rrf: 0.000000000 0.000000000 1.000000000
5:/rrr: 0.000000000 0.679213937 0.320786063
6:/: 0.034105847 0.965894153 0.000000000
6:/ccr: 0.125238779 0.059783673 0.814977548
6:/ccrcrc: 0.014436557 0.748464069 0.237099374
6:/ccrcrf: 0.122574001 0.436732721 0.440693278
6:/ccrcrr: 0.000000000 0.264674767 0.735325233
6:/ccrrcr: 0.000000000 0.483784624 0.516215376
6:/ccrrfr: 0.000000000 0.576717447 0.423282553
6:/ccrrrc: 0.000000000 0.341496769 0.658503231
6:/ccrrrf: 0.000000000 0.559388276 0.440611724
6:/crc: 0.007916618 0.000000000 0.992083382
6:/crcrcr: 0.000000000 0.420457836 0.579542164
6:/crcrfr: 0.000000000 0.451256880 0.548743120
6:/crcrrc: 0.000000000 0.401789840 0.598210160
6:/crcrrf: 0.000000000 0.112861938 0.887138062
6:/crf: 0.000671581 0.248033589 0.751294830
6:/crfrr: 0.000000000 0.412494954 0.587505046
6:/crr: 0.484753119 0.000000000 0.515246881
6:/crrcrc: 0.000000000 0.431374576 0.568625424
6:/crrcrf: 0.000000000 0.376277101 0.623722899
6:/rcr: 0.585879600 0.414120400 0.000000000
6:/rcrcrc: 0.000000000 0.583633777 0.416366223
6:/rcrcrf: 0.000000000 0.944375894 0.055624106
6:/rfr: 0.610132252 0.105437771 0.284429977
6:/rrc: 0.000000000 0.512468413 0.487531587
6:/rrf: 0.000000000 0.000000000 1.000000000
6:/rrr: 0.000000000 0.093375128 0.906624872
7:/: 0.000219219 0.999780781 0.000000000
7:/ccr: 0.000000000 0.000000000 1.000000000
7:/ccrcrc: 0.000000000 0.747069831 0.252930169
7:/ccrcrf: 0.278073274 0.004431882 0.717494844
7:/ccrcrr: 0.000000000 0.151581335 0.848418665
7:/ccrrcr: 0.000000000 0.563694469 0.436305531
7:/ccrrfr: 0.000000000 0.364873443 0.635126557
7:/ccrrrc: 0.000000000 0.470251356 0.529748644
7:/ccrrrf: 0.000000000 0.840636848 0.159363152
7:/crc: 0.000095688 0.000000000 0.999904312
7:/crcrcr: 0.000000000 0.529823722 0.470176278
7:/crcrfr: 0.000000000 0.184940879 0.815059121
7:/crcrrc: 0.000000000 0.204697276 0.795302724
7:/crcrrf: 0.000000000 0.638999429 0.361000571
7:/crf: 0.000838481 0.587910328 0.411251191
7:/crfrr: 0.000000000 0.215991324 0.784008676
7:/crr: 0.153577578 0.000000000 0.846422422
7:/crrcrc: 0.000000000 0.884419283 0.115580717
7:/crrcrf: 0.000000000 0.398825166 0.601174834
7:/rcr: 0.918556884 0.081443116 0.000000000
7:/rcrcrc: 0.000000000 0.262326788 0.737673212
7:/rcrcrf: 0.000000000 0.000000000 1.000000000
7:/rfr: 0.506305576 0.488859577 0.004834848
7:/rrc: 0.032190645 0.511724089 0.456085266
7:/rrf: 0.000000000 0.000000000 1.000000000
7:/rrr: 0.000000000 0.000000000 1.000000000
8:/: 0.000000000 1.000000000 0.000000000
8:/ccr: 0.000000000 0.190504644 0.809495356
8:/ccrcrc: 0.043865894 0.570668525 0.385465580
8:/ccrcrf: 0.279100282 0.070832009 0.650067709
8:/ccrcrr: 0.000000000 0.206740251 0.793259749
8:/ccrrcr: 0.000000000 0.594434316 0.405565684
8:/ccrrfr: 0.000000000 0.621369911 0.378630089
8:/ccrrrc: 0.000000000 0.482159291 0.517840709
8:/ccrrrf: 0.000000000 0.308110957 0.691889043
8:/crc: 0.079470309 0.000000000 0.920529691
8:/crcrcr: 0.000000000 0.566038926 0.433961074
8:/crcrfr: 0.000000000 0.455946602 0.544053398
8:/crcrrc: 0.000000000 0.563678691 0.436321309
8:/crcrrf: 0.000000000 0.425841273 0.574158727
8:/crf: 0.000594352 0.816352934 0.183052714
8:/crfrr: 0.000000000 0.550339274 0.449660726
8:/crr: 0.646493906 0.000000000 0.353506094
8:/crrcrc: 0.000000000 0.264833266 0.735166734
8:/crrcrf: 0.000000000 0.539134864 0.460865136
8:/rcr: 0.803730544 0.196269456 0.000000000
8:/rcrcrc: 0.000000000 0.773887505 0.226112495
8:/rcrcrf: 0.000000000 0.953589528 0.046410472
8:/rfr: 0.450330443 0.493465535 0.056204022
8:/rrc: 0.000000000 0.364462846 0.635537154
8:/rrf: 0.000000000 0.000000000 1.000000000
8:/rrr: 0.000000000 0.464745538 0.535254462
9:/: 0.000000000 1.000000000 0.000000000
9:/ccr: 0.000000000 0.098053321 0.901946679
9:/ccrcrc: 0.128031356 0.205704266 0.666264378
9:/ccrcrf: 0.082814679 0.381582137 0.535603184
9:/ccrcrr: 0.000000000 0.569598763 0.430401237
9:/ccrrcr: 0.000000000 0.630575745 0.369424255
9:/ccrrfr: 0.000000000 0.530001937 0.469998063
9:/ccrrrc: 0.000000000 0.543406628 0.456593372
9:/ccrrrf: 0.000000000 0.463450393 0.536549607
9:/crc: 0.000044643 0.000000000 0.999955357
9:/crcrcr: 0.000000000 0.791218529 0.208781471
9:/crcrfr: 0.000000000 0.338593430 0.661406570
9:/crcrrc: 0.000000000 0.811004960 0.188995040
9:/crcrrf: 0.000000000 0.325066651 0.674933349
9:/crf: 0.078239592 0.781497247 0.140263162
9:/crfrr: 0.000000000 0.021917277 0.978082723
9:/crr: 0.509137244 0.000000000 0.490862756
9:/crrcrc: 0.000000000 0.884800767 0.115199233
9:/crrcrf: 0.000000000 0.926974175 0.073025825
9:/rcr: 0.926013121 0.073986879 0.000000000
9:/rcrcrc: 0.000000000 0.462575654 0.537424346
9:/rcrcrf: 0.000000000 0.834950942 0.165049058
9:/rfr: 0.212939019 0.282930963 0.504130018
9:/rrc: 0.000000000 0.381443087 0.618556913
9:/rrf: 0.000000000 0.405936967 0.594063033
9:/rrr: 0.000000000 0.000000000 1.000000000
A:/: 0.455348057 0.544651943 0.000000000
A:/ccr: 0.760708869 0.239291131 0.000000000
A:/ccrcrc: 0.511652676 0.426731195 0.061616129
A:/ccrcrf: 0.582166151 0.417833849 0.000000000
A:/ccrcrr: 0.000000000 0.911806177 0.088193823
A:/ccrrcr: 0.000000000 0.729300055 0.270699945
A:/ccrrfr: 0.000000000 0.335622525 0.664377475
A:/ccrrrc: 0.000000000 1.000000000 0.000000000
A:/ccrrrf: 0.000000000 1.000000000 0.000000000
A:/crc: 0.963409625 0.036590375 0.000000000
A:/crcrcr: 0.000000000 1.000000000 0.000000000
A:/crcrfr: 0.000000000 0.218392695 0.781607305
A:/crcrrc: 0.000000000 0.886232550 0.113767450
A:/crcrrf: 0.000000000 1.000000000 0.000000000
A:/crf: 1.000000000 0.000000000 0.000000000
A:/crfrr: 0.000000000 1.000000000 0.000000000
A:/crr: 0.495185636 0.504814364 0.000000000
A:/crrcrc: 0.000000000 1.000000000 0.000000000
A:/crrcrf: 0.000000000 1.000000000 0.000000000
A:/rcr: 0.664410969 0.335589031 0.000000000
A:/rcrcrc: 0.000000000 1.000000000 0.000000000
A:/rcrcrf: 0.000000000 0.945057192 0.054942808
A:/rfr: 0.201389430 0.186806234 0.611804336
A:/rrc: 0.577858621 0.422141379 0.000000000
A:/rrf: 0.581785150 0.418214850 0.000000000
A:/rrr: 0.000000000 0.761266322 0.238733678
J:/: 0.439485962 0.560514038 0.000000000
J:/ccr: 0.243714797 0.692082867 0.064202336
J:/ccrcrc: 0.365561648 0.082856616 0.551581736
J:/ccrcrf: 0.504476680 0.374197997 0.121325323
J:/ccrcrr: 0.000000000 0.139986322 0.860013678
J:/ccrrcr: 0.000000000 0.609933846 0.390066154
J:/ccrrfr: 0.000000000 0.527605576 0.472394424
J:/ccrrrc: 0.000000000 0.772916114 0.227083886
J:/ccrrrf: 0.000000000 0.644444340 0.355555660
J:/crc: 0.000028443 0.282366547 0.717605011
J:/crcrcr: 0.000000000 0.479664479 0.520335521
J:/crcrfr: 0.000000000 0.167344434 0.832655566
J:/crcrrc: 0.000000000 0.349116114 0.650883886
J:/crcrrf: 0.000000000 0.186359198 0.813640802
J:/crf: 0.000321522 0.999014384 0.000664094
J:/crfrr: 0.000000000 0.428613714 0.571386286
J:/crr: 0.606414437 0.124261435 0.269324127
J:/crrcrc: 0.000000000 0.516947317 0.483052683
J:/crrcrf: 0.000000000 0.962536684 0.037463316
J:/rcr: 0.825163258 0.174833393 0.000003349
J:/rcrcrc: 0.000000000 0.142739109 0.857260891
J:/rcrcrf: 0.000000000 0.755004218 0.244995782
J:/rfr: 0.319278216 0.394958646 0.285763138
J:/rrc: 0.293692054 0.216945425 0.489362522
J:/rrf: 0.000000000 0.757788618 0.242211382
J:/rrr: 0.000000000 0.559803284 0.440196716
K:/: 0.999776069 0.000223931 0.000000000
K:/ccr: 0.620785030 0.379214970 0.000000000
K:/ccrcrc: 0.279149242 0.343206532 0.377644226
K:/ccrcrf: 0.623719567 0.329788666 0.046491767
K:/ccrcrr: 0.000000000 0.655389660 0.344610340
K:/ccrrcr: 0.000000000 0.919134141 0.080865859
K:/ccrrfr: 0.000000000 0.843224186 0.156775814
K:/ccrrrc: 0.000000000 0.929400832 0.070599168
K:/ccrrrf: 0.000000000 0.964483254 0.035516746
K:/crc: 0.106677183 0.893322817 0.000000000
K:/crcrcr: 0.000000000 0.791959796 0.208040204
K:/crcrfr: 0.000000000 0.482996192 0.517003808
K:/crcrrc: 0.000000000 0.646949528 0.353050472
K:/crcrrf: 0.000000000 0.684509612 0.315490388
K:/crf: 0.920457482 0.079542518 0.000000000
K:/crfrr: 0.000000000 0.334063616 0.665936384
K:/crr: 0.466810060 0.533189940 0.000000000
K:/crrcrc: 0.000000000 0.562417119 0.437582881
K:/crrcrf: 0.000000000 0.837387388 0.162612612
K:/rcr: 0.728736793 0.271263207 0.000000000
K:/rcrcrc: 0.000000000 0.650583678 0.349416322
K:/rcrcrf: 0.000000000 0.602130600 0.397869400
K:/rfr: 0.466278526 0.233260123 0.300461351
K:/rrc: 0.313701767 0.416636119 0.269662115
K:/rrf: 0.136259193 0.826429057 0.037311750
K:/rrr: 0.000000000 0.746461763 0.253538237
Q:/: 0.414599270 0.585400730 0.000000000
Q:/ccr: 0.148688534 0.851311466 0.000000000
Q:/ccrcrc: 0.188021238 0.321885288 0.490093474
Q:/ccrcrf: 0.397365364 0.556012108 0.046622528
Q:/ccrcrr: 0.000000000 0.917291456 0.082708544
Q:/ccrrcr: 0.000000000 0.178263151 0.821736849
Q:/ccrrfr: 0.000000000 0.413915794 0.586084206
Q:/ccrrrc: 0.000000000 0.893727058 0.106272942
Q:/ccrrrf: 0.000000000 0.837259541 0.162740459
Q:/crc: 0.000000000 0.956452498 0.043547502
Q:/crcrcr: 0.000000000 0.646922238 0.353077762
Q:/crcrfr: 0.000000000 0.709191233 0.290808767
Q:/crcrrc: 0.000000000 0.896392270 0.103607730
Q:/crcrrf: 0.000000000 0.806212101 0.193787899
Q:/crf: 0.000245987 0.999754013 0.000000000
Q:/crfrr: 0.000000000 0.498278861 0.501721139
Q:/crr: 0.888835481 0.014780643 0.096383876
Q:/crrcrc: 0.000000000 0.732366890 0.267633110
Q:/crrcrf: 0.000000000 0.979611688 0.020388312
Q:/rcr: 0.500823920 0.499176080 0.000000000
Q:/rcrcrc: 0.000000000 0.647123148 0.352876852
Q:/rcrcrf: 0.000000000 0.563569726 0.436430274
Q:/rfr: 0.465177778 0.067882418 0.466939804
Q:/rrc: 0.120638898 0.589998512 0.289362590
Q:/rrf: 0.000000000 0.998238531 0.001761469
Q:/rrr: 0.000000000 0.303940258 0.696059742
T:/: 0.000000000 1.000000000 0.000000000
T:/ccr: 0.000000000 0.647815076 0.352184924
T:/ccrcrc: 0.000000000 0.843782001 0.156217999
T:/ccrcrf: 0.000000000 0.403340412 0.596659588
T:/ccrcrr: 0.000000000 0.362420966 0.637579034
T:/ccrrcr: 0.000000000 0.206122585 0.793877415
T:/ccrrfr: 0.000000000 0.201760765 0.798239235
T:/ccrrrc: 0.000000000 0.684048542 0.315951458
T:/ccrrrf: 0.000000000 0.360984938 0.639015062
T:/crc: 0.000035040 0.000000000 0.999964960
T:/crcrcr: 0.000000000 0.562455450 0.437544550
T:/crcrfr: 0.000000000 0.645270664 0.354729336
T:/crcrrc: 0.000000000 0.000000000 1.000000000
T:/crcrrf: 0.000000000 0.442316226 0.557683774
T:/crf: 0.017634355 0.721363893 0.261001752
T:/crfrr: 0.000000000 0.181699183 0.818300817
T:/crr: 0.306349455 0.000000000 0.693650545
T:/crrcrc: 0.000000000 0.447102790 0.552897210
T:/crrcrf: 0.000000000 0.789361553 0.210638447
T:/rcr: 1.000000000 0.000000000 0.000000000
T:/rcrcrc: 0.000000000 0.159111171 0.840888829
T:/rcrcrf: 0.000000000 0.900366388 0.099633612
T:/rfr: 0.251018062 0.303482576 0.445499362
T:/rrc: 0.035688804 0.481253602 0.483057594
T:/rrf: 0.000000000 0.772534462 0.227465538
T:/rrr: 0.000000000 0.220908961 0.779091039
