2:/cc: 0.281390372 0.718609628 0.000000000
2:/ccrcr: 0.100751582 0.525355504 0.373892913
2:/ccrcrcrc: 0.000000000 0.777375286 0.222624714
2:/ccrcrcrf: 0.000000000 0.439364944 0.560635056
2:/ccrfr: 0.015360370 0.046146148 0.938493482
2:/ccrrc: 0.543821134 0.401787264 0.054391602
2:/ccrrf: 0.150878170 0.217693122 0.631428709
2:/ccrrr: 0.000000000 0.002107073 0.997892927
2:/cr: 0.000406990 0.000000000 0.999593010
2:/crcrc: 0.491377831 0.408110415 0.100511755
2:/crcrf: 0.034979635 0.633251935 0.331768430
2:/crcrr: 0.000000000 0.439886123 0.560113877
2:/crrcr: 0.000000000 0.610544232 0.389455768
2:/crrfr: 0.000000000 0.674640415 0.325359585
2:/crrrc: 0.000000000 0.000000000 1.000000000
2:/crrrf: 0.000000000 0.900163341 0.099836659
2:/rc: 0.000091409 0.000000000 0.999908591
2:/rcrcr: 0.000000000 0.114445824 0.885554176
2:/rcrfr: 0.000000000 0.433512354 0.566487646
2:/rcrrc: 0.000000000 0.449078038 0.550921962
2:/rcrrf: 0.000000000 0.390684955 0.609315045
2:/rf: 0.472321955 0.050082382 0.477595663
2:/rfrr: 0.000000000 0.168741381 0.831258619
2:/rr: 0.000000000 0.000000000 1.000000000
2:/rrcrc: 0.000000000 0.546436268 0.453563732
2:/rrcrf: 0.000000000 0.069086761 0.930913239
3:/cc: 0.661960466 0.338039534 0.000000000
3:/ccrcr: 0.065062445 0.000000000 0.934937555
3:/ccrcrcrc: 0.000000000 0.274655242 0.725344758
3:/ccrcrcrf: 0.000000000 0.625017766 0.374982234
3:/ccrfr: 0.164383660 0.037156139 0.798460201
3:/ccrrc: 0.388242399 0.356313824 0.255443777
3:/ccrrf: 0.408092324 0.181504393 0.410403283
3:/ccrrr: 0.000000000 0.263771393 0.736228607
3:/cr: 0.000356345 0.000000000 0.999643655
3:/crcrc: 0.067002455 0.333862725 0.599134820
3:/crcrf: 0.565115000 0.155788223 0.279096777
3:/crcrr: 0.000000000 0.535796517 0.464203483
3:/crrcr: 0.000000000 0.352294150 0.647705850
3:/crrfr: 0.000000000 0.192681355 0.807318645
3:/crrrc: 0.000000000 0.000000000 1.000000000
3:/crrrf: 0.000000000 0.431930673 0.568069327
3:/rc: 0.101306952 0.000000000 0.898693048
3:/rcrcr: 0.000000000 0.555441036 0.444558964
3:/rcrfr: 0.000000000 0.735297754 0.264702246
3:/rcrrc: 0.000000000 0.000000000 1.000000000
3:/rcrrf: 0.000000000 0.820683647 0.179316353
3:/rf: 0.299527717 0.265029046 0.435443236
3:/rfrr: 0.000000000 0.493652377 0.506347623
3:/rr: 0.000000000 0.000000000 1.000000000
3:/rrcrc: 0.000000000 0.820625971 0.179374029
3:/rrcrf: 0.000000000 0.783895431 0.216104569
4:/cc: 0.118500992 0.881499008 0.000000000
4:/ccrcr: 0.156239014 0.318078042 0.525682944
4:/ccrcrcrc: 0.000000000 0.729336121 0.270663879
4:/ccrcrcrf: 0.000000000 0.412967966 0.587032034
4:/ccrfr: 0.602916698 0.000000000 0.397083302
4:/ccrrc: 0.228886086 0.237002109 0.534111805
4:/ccrrf: 0.417254601 0.306244582 0.276500817
4:/ccrrr: 0.000000000 0.383120808 0.616879192
4:/cr: 0.041019954 0.000000000 0.958980046
4:/crcrc: 0.614291381 0.326425718 0.059282900
4:/crcrf: 0.585067453 0.082879085 0.332053461
4:/crcrr: 0.000000000 0.385513508 0.614486492
4:/crrcr: 0.000000000 0.102292515 0.897707485
4:/crrfr: 0.000000000 0.100803142 0.899196858
4:/crrrc: 0.000000000 0.000000000 1.000000000
4:/crrrf: 0.000000000 0.511552306 0.488447694
4:/rc: 0.163911347 0.000000000 0.836088653
4:/rcrcr: 0.000000000 0.246807528 0.753192472
4:/rcrfr: 0.000000000 0.471600890 0.528399110
4:/rcrrc: 0.000000000 0.000000000 1.000000000
4:/rcrrf: 0.000000000 0.854437534 0.145562466
4:/rf: 0.269924438 0.357429467 0.372646095
4:/rfrr: 0.000000000 0.482774957 0.517225043
4:/rr: 0.000000000 0.000000000 1.000000000
4:/rrcrc: 0.000000000 0.218857985 0.781142015
4:/rrcrf: 0.000000000 0.187290880 0.812709120
5:/cc: 0.000000000 1.000000000 0.000000000
5:/ccrcr: 0.275727196 0.000000000 0.724272804
5:/ccrcrcrc: 0.000000000 0.298471975 0.701528025
5:/ccrcrcrf: 0.000000000 0.344662339 0.655337661
5:/ccrfr: 0.083255047 0.000000000 0.916744953
5:/ccrrc: 0.308514328 0.457479959 0.234005714
5:/ccrrf: 0.334771006 0.582727958 0.082501036
5:/ccrrr: 0.000000000 0.212932366 0.787067634
5:/cr: 0.000568303 0.000000000 0.999431697
5:/crcrc: 0.552594878 0.056915299 0.390489823
5:/crcrf: 0.466288611 0.317818389 0.215892999
5:/crcrr: 0.000000000 0.118807804 0.881192196
5:/crrcr: 0.000000000 0.601405559 0.398594441
5:/crrfr: 0.000000000 0.200394941 0.799605059
5:/crrrc: 0.000000000 0.232307860 0.767692140
5:/crrrf: 0.000000000 0.306607602 0.693392398
5:/rc: 0.277991628 0.000000000 0.722008372
5:/rcrcr: 0.000000000 0.416409303 0.583590697
5:/rcrfr: 0.000000000 0.003182958 0.996817042
5:/rcrrc: 0.000000000 0.119249239 0.880750761
5:/rcrrf: 0.000000000 0.390085011 0.609914989
5:/rf: 0.367211960 0.555228987 0.077559053
5:/rfrr: 0.000000000 0.911208815 0.088791185
5:/rr: 0.000000000 0.000000000 1.000000000
5:/rrcrc: 0.000000000 0.000000000 1.000000000
5:/rrcrf: 0.000000000 0.577417817 0.422582183
6:/cc: 0.000576370 0.999423630 0.000000000
6:/ccrcr: 0.281539697 0.000000000 0.718460303
6:/ccrcrcrc: 0.000000000 0.396860155 0.603139845
6:/ccrcrcrf: 0.000000000 0.058050555 0.941949445
6:/ccrfr: 0.098867541 0.305536653 0.595595806
6:/ccrrc: 0.000000000 0.443532730 0.556467270
6:/ccrrf: 0.569111428 0.346786523 0.084102050
6:/ccrrr: 0.000000000 0.830031823 0.169968177
6:/cr: 0.000554412 0.000000000 0.999445588
6:/crcrc: 0.334700264 0.617964206 0.047335530
6:/crcrf: 0.624016777 0.035636718 0.340346506
6:/crcrr: 0.000000000 0.416402736 0.583597264
6:/crrcr: 0.000000000 0.349762878 0.650237122
6:/crrfr: 0.000000000 0.241689097 0.758310903
6:/crrrc: 0.000000000 0.174567209 0.825432791
6:/crrrf: 0.000000000 0.648968159 0.351031841
6:/rc: 0.155740500 0.000000000 0.844259500
6:/rcrcr: 0.000000000 0.606459172 0.393540828
6:/rcrfr: 0.000000000 0.382042216 0.617957784
6:/rcrrc: 0.000000000 0.165285956 0.834714044
6:/rcrrf: 0.000000000 0.113579929 0.886420071
6:/rf: 0.415018255 0.444923564 0.140058181
6:/rfrr: 0.000000000 0.260989671 0.739010329
6:/rr: 0.000000000 0.000000000 1.000000000
6:/rrcrc: 0.000000000 0.580309159 0.419690841
6:/rrcrf: 0.000000000 0.278175527 0.721824473
7:/cc: 0.000000000 1.000000000 0.000000000
7:/ccrcr: 0.046186629 0.241892977 0.711920394
7:/ccrcrcrc: 0.000000000 0.361044328 0.638955672
7:/ccrcrcrf: 0.000000000 0.195040720 0.804959280
7:/ccrfr: 0.177272858 0.209900575 0.612826567
7:/ccrrc: 0.252018873 0.420605435 0.327375693
7:/ccrrf: 0.421876380 0.374113880 0.204009740
7:/ccrrr: 0.000000000 0.611052144 0.388947856
7:/cr: 0.171969144 0.000000000 0.828030856
7:/crcrc: 0.147687544 0.365833426 0.486479030
7:/crcrf: 0.173142153 0.587331238 0.239526610
7:/crcrr: 0.000000000 0.316300723 0.683699277
7:/crrcr: 0.000000000 0.240034671 0.759965329
7:/crrfr: 0.000000000 0.548682582 0.451317418
7:/crrrc: 0.000000000 0.000000000 1.000000000
7:/crrrf: 0.000000000 0.880738325 0.119261675
7:/rc: 0.000125581 0.000000000 0.999874419
7:/rcrcr: 0.000000000 0.359901196 0.640098804
7:/rcrfr: 0.000000000 0.640926478 0.359073522
7:/rcrrc: 0.000000000 0.558551546 0.441448454
7:/rcrrf: 0.000000000 0.584678982 0.415321018
7:/rf: 0.407805598 0.068568752 0.523625650
7:/rfrr: 0.000000000 0.861511396 0.138488604
7:/rr: 0.000000000 0.000000000 1.000000000
7:/rrcrc: 0.000000000 0.045858808 0.954141192
7:/rrcrf: 0.000000000 0.170376863 0.829623137
8:/cc: 0.000718135 0.999281865 0.000000000
8:/ccrcr: 0.000071292 0.245107490 0.754821218
8:/ccrcrcrc: 0.000000000 0.531262940 0.468737060
8:/ccrcrcrf: 0.000000000 0.471926316 0.528073684
8:/ccrfr: 0.000000000 0.728450224 0.271549776
8:/ccrrc: 0.366164632 0.287833525 0.346001844
8:/ccrrf: 0.122080833 0.482996339 0.394922828
8:/ccrrr: 0.000000000 0.205433803 0.794566197
8:/cr: 0.000482894 0.000000000 0.999517106
8:/crcrc: 0.223042122 0.170532011 0.606425867
8:/crcrf: 0.211827634 0.467264023 0.320908342
8:/crcrr: 0.000000000 0.644070647 0.355929353
8:/crrcr: 0.000000000 0.352295260 0.647704740
8:/crrfr: 0.000000000 0.290401995 0.709598005
8:/crrrc: 0.000000000 0.492730798 0.507269202
8:/crrrf: 0.000000000 0.005124704 0.994875296
8:/rc: 0.052780028 0.000000000 0.947219972
8:/rcrcr: 0.000000000 0.713893049 0.286106951
8:/rcrfr: 0.000000000 0.916379282 0.083620718
8:/rcrrc: 0.000000000 0.074473204 0.925526796
8:/rcrrf: 0.000000000 0.386100484 0.613899516
8:/rf: 0.350336694 0.238637627 0.411025679
8:/rfrr: 0.000000000 0.367692319 0.632307681
8:/rr: 0.000000000 0.000000000 1.000000000
8:/rrcrc: 0.000000000 0.271291574 0.728708426
8:/rrcrf: 0.000000000 0.536270691 0.463729309
9:/cc: 0.000000000 1.000000000 0.000000000
9:/ccrcr: 0.398211675 0.256342981 0.345445344
9:/ccrcrcrc: 0.000000000 0.202430268 0.797569732
9:/ccrcrcrf: 0.000000000 0.530016373 0.469983627
9:/ccrfr: 0.010677067 0.592563302 0.396759631
9:/ccrrc: 0.047558772 0.363591169 0.588850058
9:/ccrrf: 0.493611544 0.441957689 0.064430767
9:/ccrrr: 0.000000000 0.558883224 0.441116776
9:/cr: 0.000629694 0.155715079 0.843655227
9:/crcrc: 0.209254656 0.435003404 0.355741940
9:/crcrf: 0.454281904 0.370495250 0.175222846
9:/crcrr: 0.000000000 0.181931590 0.818068410
9:/crrcr: 0.000000000 0.108919500 0.891080500
9:/crrfr: 0.000000000 0.225693283 0.774306717
9:/crrrc: 0.000000000 0.231555023 0.768444977
9:/crrrf: 0.000000000 0.373371629 0.626628371
9:/rc: 0.053675230 0.000000000 0.946324770
9:/rcrcr: 0.000000000 0.351502763 0.648497237
9:/rcrfr: 0.000000000 0.282405206 0.717594794
9:/rcrrc: 0.000000000 0.026959097 0.973040903
9:/rcrrf: 0.000000000 0.219952348 0.780047652
9:/rf: 0.653799878 0.086680696 0.259519426
9:/rfrr: 0.000000000 0.408851257 0.591148743
9:/rr: 0.000000000 0.000000000 1.000000000
9:/rrcrc: 0.000000000 0.588547658 0.411452342
9:/rrcrf: 0.000000000 0.844941282 0.155058718
A:/cc: 1.000000000 0.000000000 0.000000000
A:/ccrcr: 0.538986791 0.461013209 0.000000000
A:/ccrcrcrc: 0.000000000 0.682302993 0.317697007
A:/ccrcrcrf: 0.000000000 0.655402464 0.344597536
A:/ccrfr: 0.737384777 0.262615223 0.000000000
A:/ccrrc: 0.513623552 0.486376448 0.000000000
A:/ccrrf: 0.450117064 0.452756112 0.097126824
A:/ccrrr: 0.000000000 0.483705510 0.516294490
A:/cr: 1.000000000 0.000000000 0.000000000
A:/crcrc: 0.477759003 0.111822731 0.410418265
A:/crcrf: 0.381515414 0.482582902 0.135901684
A:/crcrr: 0.000000000 0.755482684 0.244517316
A:/crrcr: 0.000000000 0.892029278 0.107970722
A:/crrfr: 0.000000000 0.990460577 0.009539423
A:/crrrc: 0.000000000 1.000000000 0.000000000
A:/crrrf: 0.000000000 0.341285053 0.658714947
A:/rc: 1.000000000 0.000000000 0.000000000
A:/rcrcr: 0.000000000 1.000000000 0.000000000
A:/rcrfr: 0.000000000 0.928130024 0.071869976
A:/rcrrc: 0.000000000 1.000000000 0.000000000
A:/rcrrf: 0.000000000 0.641858438 0.358141562
A:/rf: 0.710615845 0.268865873 0.020518282
A:/rfrr: 0.000000000 0.172735164 0.827264836
A:/rr: 0.761517291 0.238482709 0.000000000
A:/rrcrc: 0.000000000 0.442054755 0.557945245
A:/rrcrf: 0.000000000 0.417951181 0.582048819
J:/cc: 0.779405680 0.220594320 0.000000000
J:/ccrcr: 0.328280892 0.260539540 0.411179568
J:/ccrcrcrc: 0.000000000 0.444022375 0.555977625
J:/ccrcrcrf: 0.000000000 0.272643726 0.727356274
J:/ccrfr: 0.003069673 0.455257041 0.541673285
J:/ccrrc: 0.767951380 0.194258360 0.037790260
J:/ccrrf: 0.467072354 0.086840071 0.446087574
J:/ccrrr: 0.000000000 0.905548918 0.094451082
J:/cr: 0.000548271 0.749541809 0.249909921
J:/crcrc: 0.397656617 0.165274275 0.437069108
J:/crcrf: 0.155746807 0.647578306 0.196674887
J:/crcrr: 0.000000000 0.528229755 0.471770245
J:/crrcr: 0.000000000 0.554992517 0.445007483
J:/crrfr: 0.000000000 0.629148251 0.370851749
J:/crrrc: 0.000000000 0.000000000 1.000000000
J:/crrrf: 0.000000000 0.511248641 0.488751359
J:/rc: 0.000014333 0.999985667 0.000000000
J:/rcrcr: 0.000000000 0.470281668 0.529718332
J:/rcrfr: 0.000000000 0.584309421 0.415690579
J:/rcrrc: 0.000000000 0.520775746 0.479224254
J:/rcrrf: 0.000000000 0.276727228 0.723272772
J:/rf: 0.214047746 0.635575449 0.150376805
J:/rfrr: 0.000000000 0.298931380 0.701068620
J:/rr: 0.000000000 0.363335320 0.636664680
J:/rrcrc: 0.000000000 0.514345686 0.485654314
J:/rrcrf: 0.000000000 0.553525762 0.446474238
K:/cc: 1.000000000 0.000000000 0.000000000
K:/ccrcr: 0.399455598 0.268893762 0.331650640
K:/ccrcrcrc: 0.000000000 0.403501793 0.596498207
K:/ccrcrcrf: 0.000000000 0.521676908 0.478323092
K:/ccrfr: 0.408513158 0.495681877 0.095804964
K:/ccrrc: 0.321595575 0.526417035 0.151987390
K:/ccrrf: 0.486572182 0.255612622 0.257815196
K:/ccrrr: 0.000000000 0.834510430 0.165489570
K:/cr: 0.000050977 0.999949023 0.000000000
K:/crcrc: 0.578634151 0.417408983 0.003956866
K:/crcrf: 0.163923622 0.471048609 0.365027769
K:/crcrr: 0.000000000 0.879841928 0.120158072
K:/crrcr: 0.000000000 0.998092082 0.001907918
K:/crrfr: 0.000000000 0.519756512 0.480243488
K:/crrrc: 0.000000000 0.984006849 0.015993151
K:/crrrf: 0.000000000 0.320773962 0.679226038
K:/rc: 0.929315246 0.070684754 0.000000000
K:/rcrcr: 0.000000000 0.979472151 0.020527849
K:/rcrfr: 0.000000000 0.996290960 0.003709040
K:/rcrrc: 0.000000000 1.000000000 0.000000000
K:/rcrrf: 0.000000000 0.835132144 0.164867856
K:/rf: 0.413467060 0.377303220 0.209229720
K:/rfrr: 0.000000000 0.901393239 0.098606761
K:/rr: 0.240116322 0.299292472 0.460591207
K:/rrcrc: 0.000000000 0.937877534 0.062122466
K:/rrcrf: 0.000000000 0.678162125 0.321837875
Q:/cc: 1.000000000 0.000000000 0.000000000
Q:/ccrcr: 0.319756921 0.387790579 0.292452499
Q:/ccrcrcrc: 0.000000000 0.904836947 0.095163053
Q:/ccrcrcrf: 0.000000000 0.442424534 0.557575466
Q:/ccrfr: 0.177103065 0.549847361 0.273049574
Q:/ccrrc: 0.451740897 0.281745300 0.266513803
Q:/ccrrf: 0.283972581 0.562134458 0.153892962
Q:/ccrrr: 0.000000000 0.872314064 0.127685936
Q:/cr: 0.000150045 0.999849955 0.000000000
Q:/crcrc: 0.606914073 0.271634490 0.121451437
Q:/crcrf: 0.398752323 0.200066423 0.401181254
Q:/crcrr: 0.000000000 0.292892784 0.707107216
Q:/crrcr: 0.000000000 0.756512695 0.243487305
Q:/crrfr: 0.000000000 0.671018820 0.328981180
Q:/crrrc: 0.000000000 0.129582254 0.870417746
Q:/crrrf: 0.000000000 0.359626544 0.640373456
Q:/rc: 0.000000000 1.000000000 0.000000000
Q:/rcrcr: 0.000000000 0.942291048 0.057708952
Q:/rcrfr: 0.000000000 0.976260315 0.023739685
Q:/rcrrc: 0.000000000 0.248218683 0.751781317
Q:/rcrrf: 0.000000000 0.708167586 0.291832414
Q:/rf: 0.459948849 0.400133613 0.139917538
Q:/rfrr: 0.000000000 0.659961249 0.340038751
Q:/rr: 0.000000000 0.109372071 0.890627929
Q:/rrcrc: 0.000000000 0.289848582 0.710151418
Q:/rrcrf: 0.000000000 0.509600416 0.490399584
T:/cc: 0.000027800 0.999972200 0.000000000
T:/ccrcr: 0.284490602 0.503681167 0.211828231
T:/ccrcrcrc: 0.000000000 0.476112811 0.523887189
T:/ccrcrcrf: 0.000000000 0.589981520 0.410018480
T:/ccrfr: 0.162717899 0.702935281 0.134346820
T:/ccrrc: 0.582363001 0.318161350 0.099475649
T:/ccrrf: 0.277705409 0.393217067 0.329077524
T:/ccrrr: 0.000000000 0.083332851 0.916667149
T:/cr: 0.019568135 0.363167756 0.617264109
T:/crcrc: 0.449240684 0.399101032 0.151658284
T:/crcrf: 0.675874934 0.036821479 0.287303587
T:/crcrr: 0.000000000 0.742551543 0.257448457
T:/crrcr: 0.000000000 0.742065705 0.257934295
T:/crrfr: 0.000000000 0.498309065 0.501690935
T:/crrrc: 0.000000000 0.376015590 0.623984410
T:/crrrf: 0.000000000 0.910548516 0.089451484
T:/rc: 0.000120453 0.365985392 0.633894156
T:/rcrcr: 0.000000000 0.731777776 0.268222224
T:/rcrfr: 0.000000000 0.556940405 0.443059595
T:/rcrrc: 0.000000000 0.000000000 1.000000000
T:/rcrrf: 0.000000000 0.379881074 0.620118926
T:/rf: 0.337384698 0.110815270 0.551800032
T:/rfrr: 0.000000000 0.582711006 0.417288994
T:/rr: 0.000000000 0.000000000 1.000000000
T:/rrcrc: 0.000000000 0.246317813 0.753682187
T:/rrcrf: 0.000000000 0.422314788 0.577685212
