A:/: 0.003114673 0.996885327 0.000000000
A:/cccr: 0.861424569 0.138575431 0.000000000
A:/cccrccrc: 0.588370999 0.284462397 0.127166604
A:/cccrccrccrcc: 0.000000000 0.397849844 0.602150156
A:/cccrccrccrcf: 0.000000000 0.896052348 0.103947652
A:/cccrccrccrfc: 0.000000000 0.269459570 0.730540430
A:/cccrccrccrff: 0.000000000 0.357037591 0.642962409
A:/cccrccrf: 0.151610490 0.641191284 0.207198226
A:/cccrccrfcrc: 0.000000000 0.670710036 0.329289964
A:/cccrccrfcrf: 0.000000000 0.734865077 0.265134923
A:/cccrccrr: 0.000000000 0.774055391 0.225944609
A:/cccrcfrc: 0.529480589 0.308137776 0.162381635
A:/cccrcfrf: 0.044792961 0.508017145 0.447189894
A:/cccrcfrr: 0.000000000 1.000000000 0.000000000
A:/cccrcrcc: 0.085437192 0.334140463 0.580422345
A:/cccrcrcf: 0.285456327 0.255914511 0.458629162
A:/cccrcrcr: 0.000000000 0.840554384 0.159445616
A:/cccrcrfc: 0.564630536 0.435369464 0.000000000
A:/cccrcrff: 0.357570960 0.642429040 0.000000000
A:/cccrcrfr: 0.000000000 1.000000000 0.000000000
A:/cccrcrrc: 0.000000000 1.000000000 0.000000000
A:/cccrcrrf: 0.000000000 0.973229055 0.026770945
A:/cccrrccr: 0.000000000 0.918196890 0.081803110
A:/cccrrcfr: 0.000000000 1.000000000 0.000000000
A:/cccrrcrc: 0.000000000 0.620397919 0.379602081
A:/cccrrcrf: 0.000000000 0.746384066 0.253615934
A:/cccrrfcr: 0.000000000 1.000000000 0.000000000
A:/cccrrffr: 0.000000000 1.000000000 0.000000000
A:/cccrrfrc: 0.000000000 1.000000000 0.000000000
A:/cccrrfrf: 0.000000000 0.194283187 0.805716813
A:/cccrrrcc: 0.000000000 0.710229684 0.289770316
A:/cccrrrcf: 0.000000000 0.811838323 0.188161677
A:/cccrrrfc: 0.000000000 0.793153406 0.206846594
A:/cccrrrff: 0.000000000 0.970684324 0.029315676
A:/ccrc: 0.416805304 0.583194696 0.000000000
A:/ccrccrcc: 0.164305504 0.444328174 0.391366322
A:/ccrccrcf: 0.481657719 0.167233858 0.351108423
A:/ccrccrcr: 0.000000000 0.757582061 0.242417939
A:/ccrccrfc: 0.130963298 0.628992542 0.240044161
A:/ccrccrff: 0.074747862 0.789830462 0.135421676
A:/ccrccrfr: 0.000000000 0.494770802 0.505229198
A:/ccrccrrc: 0.000000000 0.413997132 0.586002868
A:/ccrccrrf: 0.000000000 0.385535367 0.614464633
A:/ccrcrccr: 0.000000000 0.841143536 0.158856464
A:/ccrcrcfr: 0.000000000 1.000000000 0.000000000
A:/ccrcrcrc: 0.000000000 0.809765849 0.190234151
A:/ccrcrcrf: 0.000000000 0.057172732 0.942827268
A:/ccrcrfcr: 0.000000000 0.537682725 0.462317275
A:/ccrcrffr: 0.000000000 0.843197946 0.156802054
A:/ccrcrfrc: 0.000000000 0.541718458 0.458281542
A:/ccrcrfrf: 0.000000000 0.472281103 0.527718897
A:/ccrcrrcc: 0.000000000 0.666570336 0.333429664
A:/ccrcrrcf: 0.000000000 0.363537109 0.636462891
A:/ccrcrrfc: 0.000000000 0.978774490 0.021225510
A:/ccrcrrff: 0.000000000 0.553802320 0.446197680
A:/ccrf: 0.087698450 0.912301550 0.000000000
A:/ccrfcrc: 0.442097036 0.360262022 0.197640942
A:/ccrfcrf: 0.665919923 0.171391983 0.162688093
A:/ccrfcrr: 0.000000000 0.801490737 0.198509263
A:/ccrfrcr: 0.000000000 0.977563917 0.022436083
A:/ccrfrfr: 0.000000000 0.610807306 0.389192694
A:/ccrfrrc: 0.000000000 0.633923249 0.366076751
A:/ccrfrrf: 0.000000000 0.563715801 0.436284199
A:/ccrr: 0.563798157 0.073168911 0.363032931
A:/ccrrccrc: 0.000000000 0.386947726 0.613052274
A:/ccrrccrf: 0.000000000 0.508470315 0.491529685
A:/ccrrcfrc: 0.000000000 0.272743685 0.727256315
A:/ccrrcfrf: 0.000000000 0.534343314 0.465656686
A:/ccrrcrcc: 0.000000000 0.684678576 0.315321424
A:/ccrrcrcf: 0.000000000 0.612069449 0.387930551
A:/ccrrcrfc: 0.000000000 0.739336272 0.260663728
A:/ccrrcrff: 0.000000000 0.383335636 0.616664364
A:/crcc: 0.349127273 0.020477686 0.630395041
A:/crccrccr: 0.000000000 0.545672176 0.454327824
A:/crccrcfr: 0.000000000 0.743482882 0.256517118
A:/crccrcrc: 0.000000000 0.955291627 0.044708373
A:/crccrcrf: 0.000000000 0.424100842 0.575899158
A:/crccrfcr: 0.000000000 0.651539441 0.348460559
A:/crccrffr: 0.000000000 0.895552695 0.104447305
A:/crccrfrc: 0.000000000 0.498217001 0.501782999
A:/crccrfrf: 0.000000000 0.730786587 0.269213413
A:/crccrrcc: 0.000000000 0.920043477 0.079956523
A:/crccrrcf: 0.000000000 0.764853948 0.235146052
A:/crccrrfc: 0.000000000 0.270863488 0.729136512
A:/crccrrff: 0.000000000 0.138700075 0.861299925
A:/crcf: 0.245722754 0.537032544 0.217244702
A:/crcfrcr: 0.000000000 0.631066093 0.368933907
A:/crcfrfr: 0.000000000 0.135495273 0.864504727
A:/crcfrrc: 0.000000000 0.719022926 0.280977074
A:/crcfrrf: 0.000000000 0.738490429 0.261509571
A:/crcr: 0.925509341 0.074490659 0.000000000
A:/crcrccrc: 0.000000000 0.742726799 0.257273201
A:/crcrccrf: 0.000000000 0.395212717 0.604787283
A:/crcrcfrc: 0.000000000 0.279132070 0.720867930
A:/crcrcfrf: 0.000000000 0.505672798 0.494327202
A:/crcrcrcc: 0.000000000 0.660627087 0.339372913
A:/crcrcrcf: 0.000000000 0.917040900 0.082959100
A:/crcrcrfc: 0.000000000 0.452073369 0.547926631
A:/crcrcrff: 0.000000000 0.808221471 0.191778529
A:/crfc: 0.040388571 0.959611429 0.000000000
A:/crfcrcr: 0.000000000 0.821331288 0.178668712
A:/crfcrfr: 0.000000000 1.000000000 0.000000000
A:/crfcrrc: 0.000000000 1.000000000 0.000000000
A:/crfcrrf: 0.000000000 0.939408078 0.060591922
A:/crff: 0.813376334 0.186623666 0.000000000
A:/crffrr: 0.000000000 1.000000000 0.000000000
A:/crfr: 0.639337592 0.360662408 0.000000000
A:/crfrcrc: 0.000000000 0.912227665 0.087772335
A:/crfrcrf: 0.000000000 0.921800561 0.078199439
A:/crrc: 0.901157583 0.098841853 0.000000564
A:/crrccrcc: 0.000000000 0.919859890 0.080140110
A:/crrccrcf: 0.000000000 0.684041179 0.315958821
A:/crrccrfc: 0.000000000 0.536361360 0.463638640
A:/crrccrff: 0.000000000 0.985386988 0.014613012
A:/crrf: 0.688115199 0.311884801 0.000000000
A:/crrfcrc: 0.000000000 0.794913721 0.205086279
A:/crrfcrf: 0.000000000 1.000000000 0.000000000
A:/crrr: 0.000000000 1.000000000 0.000000000
A:/rccr: 0.895325930 0.104674070 0.000000000
A:/rccrccrc: 0.000000000 0.280440586 0.719559414
A:/rccrccrf: 0.000000000 0.499918811 0.500081189
A:/rccrcfrc: 0.000000000 0.528149821 0.471850179
A:/rccrcfrf: 0.000000000 0.306689442 0.693310558
A:/rccrcrcc: 0.000000000 0.414412797 0.585587203
A:/rccrcrcf: 0.000000000 0.068663171 0.931336829
A:/rccrcrfc: 0.000000000 0.834519945 0.165480055
A:/rccrcrff: 0.000000000 1.000000000 0.000000000
A:/rcfr: 0.848773539 0.151226461 0.000000000
A:/rcfrcrc: 0.000000000 0.481748881 0.518251119
A:/rcfrcrf: 0.000000000 0.366286064 0.633713936
A:/rcrc: 0.300499186 0.365804430 0.333696384
A:/rcrccrcc: 0.000000000 0.691008676 0.308991324
A:/rcrccrcf: 0.000000000 0.008343544 0.991656456
A:/rcrccrfc: 0.000000000 0.474803946 0.525196054
A:/rcrccrff: 0.000000000 0.412654748 0.587345252
A:/rcrf: 0.501903202 0.061002904 0.437093895
A:/rcrfcrc: 0.000000000 0.546164688 0.453835312
A:/rcrfcrf: 0.000000000 0.453149113 0.546850887
A:/rcrr: 0.000000000 0.555420923 0.444579077
A:/rfcr: 0.241041104 0.520164758 0.238794138
A:/rfcrcrc: 0.000000000 0.899937398 0.100062602
A:/rfcrcrf: 0.000000000 0.604714490 0.395285510
A:/rffr: 0.354670173 0.645329827 0.000000000
A:/rfrc: 0.778961411 0.202460027 0.018578562
A:/rfrf: 0.335464900 0.392490630 0.272044470
A:/rfrr: 0.000000000 1.000000000 0.000000000
A:/rrcc: 0.200742290 0.476684207 0.322573503
A:/rrcf: 0.352883888 0.514976819 0.132139293
A:/rrcr: 0.000000000 0.606584749 0.393415251
A:/rrfc: 0.422185208 0.466646990 0.111167802
A:/rrff: 0.553819343 0.446180657 0.000000000
A:/rrfr: 0.000000000 0.879483735 0.120516265
A:/rrrc: 0.000000000 0.390323160 0.609676840
A:/rrrf: 0.000000000 0.425991635 0.574008365
J:/: 0.000132564 0.999867436 0.000000000
J:/cccr: 0.000000000 0.000000000 1.000000000
J:/cccrccrc: 0.686837066 0.155541401 0.157621533
J:/cccrccrccrcc: 0.000000000 0.291164550 0.708835450
J:/cccrccrccrcf: 0.000000000 0.625716730 0.374283270
J:/cccrccrccrfc: 0.000000000 0.701392515 0.298607485
J:/cccrccrccrff: 0.000000000 0.281040817 0.718959183
J:/cccrccrf: 0.286310826 0.560268503 0.153420671
J:/cccrccrfcrc: 0.000000000 0.037298510 0.962701490
J:/cccrccrfcrf: 0.000000000 0.399688022 0.600311978
J:/cccrccrr: 0.000000000 0.249157429 0.750842571
J:/cccrcfrc: 0.373291216 0.000021083 0.626687700
J:/cccrcfrf: 0.413917936 0.505067785 0.081014279
J:/cccrcfrr: 0.000000000 0.000000000 1.000000000
J:/cccrcrcc: 0.348764310 0.058341064 0.592894626
J:/cccrcrcf: 0.103753616 0.481943909 0.414302475
J:/cccrcrcr: 0.000000000 0.000000000 1.000000000
J:/cccrcrfc: 0.129442801 0.176098749 0.694458450
J:/cccrcrff: 0.581742859 0.110369966 0.307887176
J:/cccrcrfr: 0.000000000 0.000000000 1.000000000
J:/cccrcrrc: 0.000000000 0.137835188 0.862164812
J:/cccrcrrf: 0.000000000 0.121326905 0.878673095
J:/cccrrccr: 0.000000000 0.561433610 0.438566390
J:/cccrrcfr: 0.000000000 0.077106461 0.922893539
J:/cccrrcrc: 0.000000000 0.399367748 0.600632252
J:/cccrrcrf: 0.000000000 0.753879093 0.246120907
J:/cccrrfcr: 0.000000000 0.000000000 1.000000000
J:/cccrrffr: 0.000000000 0.000000000 1.000000000
J:/cccrrfrc: 0.000000000 0.000000000 1.000000000
J:/cccrrfrf: 0.000000000 0.077491361 0.922508639
J:/cccrrrcc: 0.000000000 0.322988954 0.677011046
J:/cccrrrcf: 0.000000000 0.630935814 0.369064186
J:/cccrrrfc: 0.000000000 0.000000000 1.000000000
J:/cccrrrff: 0.000000000 0.854149811 0.145850189
J:/ccrc: 0.000000000 0.276356561 0.723643439
J:/ccrccrcc: 0.039124281 0.503185340 0.457690379
J:/ccrccrcf: 0.364052451 0.305110548 0.330837001
J:/ccrccrcr: 0.000000000 0.306889562 0.693110438
J:/ccrccrfc: 0.559210557 0.422419489 0.018369954
J:/ccrccrff: 0.555186637 0.324345113 0.120468250
J:/ccrccrfr: 0.000000000 0.530751567 0.469248433
J:/ccrccrrc: 0.000000000 0.390140026 0.609859974
J:/ccrccrrf: 0.000000000 0.091358557 0.908641443
J:/ccrcrccr: 0.000000000 0.724050933 0.275949067
J:/ccrcrcfr: 0.000000000 0.257269240 0.742730760
J:/ccrcrcrc: 0.000000000 0.677965775 0.322034225
J:/ccrcrcrf: 0.000000000 0.376136408 0.623863592
J:/ccrcrfcr: 0.000000000 0.268834398 0.731165602
J:/ccrcrffr: 0.000000000 0.245497916 0.754502084
J:/ccrcrfrc: 0.000000000 0.528527143 0.471472857
J:/ccrcrfrf: 0.000000000 0.393167971 0.606832029
J:/ccrcrrcc: 0.000000000 0.525694167 0.474305833
J:/ccrcrrcf: 0.000000000 0.070622679 0.929377321
J:/ccrcrrfc: 0.000000000 0.891834546 0.108165454
J:/ccrcrrff: 0.000000000 0.446614268 0.553385732
J:/ccrf: 0.012008131 0.169513903 0.818477966
J:/ccrfcrc: 0.232336590 0.475796646 0.291866764
J:/ccrfcrf: 0.225235273 0.267581763 0.507182964
J:/ccrfcrr: 0.000000000 0.723113033 0.276886967
J:/ccrfrcr: 0.000000000 0.653076389 0.346923611
J:/ccrfrfr: 0.000000000 0.538652689 0.461347311
J:/ccrfrrc: 0.000000000 0.663408144 0.336591856
J:/ccrfrrf: 0.000000000 0.563154563 0.436845437
J:/ccrr: 0.000000000 0.374960514 0.625039486
J:/ccrrccrc: 0.000000000 0.403617985 0.596382015
J:/ccrrccrf: 0.000000000 0.324796363 0.675203637
J:/ccrrcfrc: 0.000000000 0.333265356 0.666734644
J:/ccrrcfrf: 0.000000000 0.559299158 0.440700842
J:/ccrrcrcc: 0.000000000 0.580838534 0.419161466
J:/ccrrcrcf: 0.000000000 0.752485152 0.247514848
J:/ccrrcrfc: 0.000000000 0.199660030 0.800339970
J:/ccrrcrff: 0.000000000 0.259012320 0.740987680
J:/crcc: 0.161653869 0.429702102 0.408644029
J:/crccrccr: 0.000000000 0.542339989 0.457660011
J:/crccrcfr: 0.000000000 0.077386568 0.922613432
J:/crccrcrc: 0.000000000 0.363500724 0.636499276
J:/crccrcrf: 0.000000000 0.364752086 0.635247914
J:/crccrfcr: 0.000000000 0.527069703 0.472930297
J:/crccrffr: 0.000000000 0.085338479 0.914661521
J:/crccrfrc: 0.000000000 0.541192880 0.458807120
J:/crccrfrf: 0.000000000 0.318642719 0.681357281
J:/crccrrcc: 0.000000000 0.561010703 0.438989297
J:/crccrrcf: 0.000000000 0.506093043 0.493906957
J:/crccrrfc: 0.000000000 0.163903733 0.836096267
J:/crccrrff: 0.000000000 0.439851130 0.560148870
J:/crcf: 0.000000000 0.408950009 0.591049991
J:/crcfrcr: 0.000000000 0.454744310 0.545255690
J:/crcfrfr: 0.000000000 0.433576307 0.566423693
J:/crcfrrc: 0.000000000 0.424751299 0.575248701
J:/crcfrrf: 0.000000000 0.151636960 0.848363040
J:/crcr: 0.000000000 0.000000000 1.000000000
J:/crcrccrc: 0.000000000 0.966981014 0.033018986
J:/crcrccrf: 0.000000000 0.504162332 0.495837668
J:/crcrcfrc: 0.000000000 0.563264290 0.436735710
J:/crcrcfrf: 0.000000000 0.112423843 0.887576157
J:/crcrcrcc: 0.000000000 0.473429462 0.526570538
J:/crcrcrcf: 0.000000000 0.173397375 0.826602625
J:/crcrcrfc: 0.000000000 0.206822770 0.793177230
J:/crcrcrff: 0.000000000 0.684891179 0.315108821
J:/crfc: 0.000000000 0.000000000 1.000000000
J:/crfcrcr: 0.000000000 0.869834695 0.130165305
J:/crfcrfr: 0.000000000 0.864947616 0.135052384
J:/crfcrrc: 0.000000000 0.345380510 0.654619490
J:/crfcrrf: 0.000000000 0.333377244 0.666622756
J:/crff: 0.000000000 0.000000000 1.000000000
J:/crffrr: 0.000000000 0.000000000 1.000000000
J:/crfr: 0.000000000 0.000000000 1.000000000
J:/crfrcrc: 0.000000000 0.000000000 1.000000000
J:/crfrcrf: 0.000000000 0.456652398 0.543347602
J:/crrc: 0.005152852 0.067627941 0.927219207
J:/crrccrcc: 0.000000000 0.460204332 0.539795668
J:/crrccrcf: 0.000000000 0.669355016 0.330644984
J:/crrccrfc: 0.000000000 0.407146802 0.592853198
J:/crrccrff: 0.000000000 0.810887063 0.189112937
J:/crrf: 0.476174661 0.378972605 0.144852734
J:/crrfcrc: 0.000000000 0.147406890 0.852593110
J:/crrfcrf: 0.000000000 0.067251034 0.932748966
J:/crrr: 0.000000000 0.538447908 0.461552092
J:/rccr: 0.136389501 0.000000000 0.863610499
J:/rccrccrc: 0.000000000 0.390290590 0.609709410
J:/rccrccrf: 0.000000000 0.852066674 0.147933326
J:/rccrcfrc: 0.000000000 0.407354043 0.592645957
J:/rccrcfrf: 0.000000000 0.321354669 0.678645331
J:/rccrcrcc: 0.000000000 0.473181098 0.526818902
J:/rccrcrcf: 0.000000000 0.473180962 0.526819038
J:/rccrcrfc: 0.000000000 0.377125647 0.622874353
J:/rccrcrff: 0.000000000 0.411607129 0.588392871
J:/rcfr: 0.000000000 0.000000000 1.000000000
J:/rcfrcrc: 0.000000000 0.000000000 1.000000000
J:/rcfrcrf: 0.000000000 0.088200641 0.911799359
J:/rcrc: 0.579447669 0.242765509 0.177786822
J:/rcrccrcc: 0.000000000 0.335907036 0.664092964
J:/rcrccrcf: 0.000000000 0.175392250 0.824607750
J:/rcrccrfc: 0.000000000 0.329487805 0.670512195
J:/rcrccrff: 0.000000000 0.373584700 0.626415300
J:/rcrf: 0.325994192 0.297604421 0.376401387
J:/rcrfcrc: 0.000000000 0.646120262 0.353879738
J:/rcrfcrf: 0.000000000 0.651135824 0.348864176
J:/rcrr: 0.000000000 0.661915977 0.338084023
J:/rfcr: 0.240767346 0.435629519 0.323603135
J:/rfcrcrc: 0.000000000 0.098960899 0.901039101
J:/rfcrcrf: 0.000000000 0.489425309 0.510574691
J:/rffr: 0.000625000 0.000000000 0.999375000
J:/rfrc: 0.000000000 0.387692131 0.612307869
J:/rfrf: 0.275124754 0.372105708 0.352769538
J:/rfrr: 0.000000000 0.299651734 0.700348266
J:/rrcc: 0.258269415 0.558646948 0.183083637
J:/rrcf: 0.001076563 0.479287635 0.519635803
J:/rrcr: 0.000000000 0.435297258 0.564702742
J:/rrfc: 0.000000000 0.000000000 1.000000000
J:/rrff: 0.012000000 0.016652454 0.971347546
J:/rrfr: 0.000000000 0.000000000 1.000000000
J:/rrrc: 0.000000000 0.430832692 0.569167308
J:/rrrf: 0.000000000 0.048523030 0.951476970
K:/: 0.000000000 1.000000000 0.000000000
K:/cccr: 0.000300699 0.000000000 0.999699301
K:/cccrccrc: 0.658499986 0.000018204 0.341481810
K:/cccrccrccrcc: 0.000000000 0.954308432 0.045691568
K:/cccrccrccrcf: 0.000000000 0.478003723 0.521996277
K:/cccrccrccrfc: 0.000000000 0.339026266 0.660973734
K:/cccrccrccrff: 0.000000000 0.604435625 0.395564375
K:/cccrccrf: 0.822582075 0.146080282 0.031337643
K:/cccrccrfcrc: 0.000000000 0.630729623 0.369270377
K:/cccrccrfcrf: 0.000000000 0.835844491 0.164155509
K:/cccrccrr: 0.000000000 0.316502763 0.683497237
K:/cccrcfrc: 0.258431611 0.000030485 0.741537904
K:/cccrcfrf: 0.371858957 0.337203887 0.290937156
K:/cccrcfrr: 0.000000000 0.000000000 1.000000000
K:/cccrcrcc: 0.324253789 0.298448165 0.377298046
K:/cccrcrcf: 0.481560060 0.518439940 0.000000000
K:/cccrcrcr: 0.000000000 0.412178930 0.587821070
K:/cccrcrfc: 0.574626070 0.000000000 0.425373930
K:/cccrcrff: 0.485345703 0.513281909 0.001372388
K:/cccrcrfr: 0.000000000 0.294960635 0.705039365
K:/cccrcrrc: 0.000000000 0.000000000 1.000000000
K:/cccrcrrf: 0.000000000 0.506140433 0.493859567
K:/cccrrccr: 0.000000000 0.662259901 0.337740099
K:/cccrrcfr: 0.000000000 0.551606583 0.448393417
K:/cccrrcrc: 0.000000000 0.055284973 0.944715027
K:/cccrrcrf: 0.000000000 0.489248884 0.510751116
K:/cccrrfcr: 0.000000000 0.384390123 0.615609877
K:/cccrrffr: 0.000000000 0.000000000 1.000000000
K:/cccrrfrc: 0.000000000 0.000000000 1.000000000
K:/cccrrfrf: 0.000000000 0.151244710 0.848755290
K:/cccrrrcc: 0.000000000 0.241891919 0.758108081
K:/cccrrrcf: 0.000000000 0.873914343 0.126085657
K:/cccrrrfc: 0.000000000 0.086334994 0.913665006
K:/cccrrrff: 0.000000000 0.948593933 0.051406067
K:/ccrc: 0.136674358 0.366574058 0.496751584
K:/ccrccrcc: 0.426244229 0.452272774 0.121482996
K:/ccrccrcf: 0.399410077 0.367854137 0.232735786
K:/ccrccrcr: 0.000000000 0.618488297 0.381511703
K:/ccrccrfc: 0.495737058 0.060957612 0.443305329
K:/ccrccrff: 0.339702864 0.294627469 0.365669668
K:/ccrccrfr: 0.000000000 0.907947012 0.092052988
K:/ccrccrrc: 0.000000000 0.961209347 0.038790653
K:/ccrccrrf: 0.000000000 0.615159597 0.384840403
K:/ccrcrccr: 0.000000000 0.308270142 0.691729858
K:/ccrcrcfr: 0.000000000 0.579149941 0.420850059
K:/ccrcrcrc: 0.000000000 0.499717797 0.500282203
K:/ccrcrcrf: 0.000000000 0.219018806 0.780981194
K:/ccrcrfcr: 0.000000000 0.667811342 0.332188658
K:/ccrcrffr: 0.000000000 0.585296667 0.414703333
K:/ccrcrfrc: 0.000000000 0.742119953 0.257880047
K:/ccrcrfrf: 0.000000000 0.894483576 0.105516424
K:/ccrcrrcc: 0.000000000 0.942119615 0.057880385
K:/ccrcrrcf: 0.000000000 0.418772806 0.581227194
K:/ccrcrrfc: 0.000000000 0.576758681 0.423241319
K:/ccrcrrff: 0.000000000 0.732076750 0.267923250
K:/ccrf: 0.220273947 0.596396895 0.183329157
K:/ccrfcrc: 0.146568174 0.538161604 0.315270222
K:/ccrfcrf: 0.446825225 0.551953512 0.001221263
K:/ccrfcrr: 0.000000000 0.820526930 0.179473070
K:/ccrfrcr: 0.000000000 0.409481608 0.590518392
K:/ccrfrfr: 0.000000000 0.376482085 0.623517915
K:/ccrfrrc: 0.000000000 0.751068170 0.248931830
K:/ccrfrrf: 0.000000000 0.918303505 0.081696495
K:/ccrr: 0.076725165 0.025391663 0.897883172
K:/ccrrccrc: 0.000000000 0.584129840 0.415870160
K:/ccrrccrf: 0.000000000 0.333337877 0.666662123
K:/ccrrcfrc: 0.000000000 0.707148440 0.292851560
K:/ccrrcfrf: 0.000000000 0.518431099 0.481568901
K:/ccrrcrcc: 0.000000000 0.717908575 0.282091425
K:/ccrrcrcf: 0.000000000 0.494406424 0.505593576
K:/ccrrcrfc: 0.000000000 0.532157498 0.467842502
K:/ccrrcrff: 0.000000000 0.312903391 0.687096609
K:/crcc: 0.416870018 0.462560892 0.120569090
K:/crccrccr: 0.000000000 0.215348891 0.784651109
K:/crccrcfr: 0.000000000 0.703320702 0.296679298
K:/crccrcrc: 0.000000000 0.124595802 0.875404198
K:/crccrcrf: 0.000000000 0.825603282 0.174396718
K:/crccrfcr: 0.000000000 0.486955265 0.513044735
K:/crccrffr: 0.000000000 0.581744118 0.418255882
K:/crccrfrc: 0.000000000 0.875917264 0.124082736
K:/crccrfrf: 0.000000000 0.747083196 0.252916804
K:/crccrrcc: 0.000000000 0.034637844 0.965362156
K:/crccrrcf: 0.000000000 0.727288278 0.272711722
K:/crccrrfc: 0.000000000 0.665416637 0.334583363
K:/crccrrff: 0.000000000 0.714869211 0.285130789
K:/crcf: 0.315069284 0.595191445 0.089739271
K:/crcfrcr: 0.000000000 0.565951126 0.434048874
K:/crcfrfr: 0.000000000 0.853150486 0.146849514
K:/crcfrrc: 0.000000000 0.378186524 0.621813476
K:/crcfrrf: 0.000000000 0.965442979 0.034557021
K:/crcr: 0.111908115 0.554427871 0.333664015
K:/crcrccrc: 0.000000000 0.943006666 0.056993334
K:/crcrccrf: 0.000000000 0.199731825 0.800268175
K:/crcrcfrc: 0.000000000 0.604418701 0.395581299
K:/crcrcfrf: 0.000000000 0.364441374 0.635558626
K:/crcrcrcc: 0.000000000 0.503143985 0.496856015
K:/crcrcrcf: 0.000000000 0.849504994 0.150495006
K:/crcrcrfc: 0.000000000 0.611132266 0.388867734
K:/crcrcrff: 0.000000000 0.479889742 0.520110258
K:/crfc: 0.000121977 0.000000000 0.999878023
K:/crfcrcr: 0.000000000 0.318101849 0.681898151
K:/crfcrfr: 0.000000000 0.778455648 0.221544352
K:/crfcrrc: 0.000000000 0.307910703 0.692089297
K:/crfcrrf: 0.000000000 0.888951679 0.111048321
K:/crff: 0.000000000 0.000000000 1.000000000
K:/crffrr: 0.000000000 0.000000000 1.000000000
K:/crfr: 0.000000000 0.000410411 0.999589589
K:/crfrcrc: 0.000000000 0.742513699 0.257486301
K:/crfrcrf: 0.000000000 0.754921888 0.245078112
K:/crrc: 0.387089880 0.026091272 0.586818848
K:/crrccrcc: 0.000000000 0.530273753 0.469726247
K:/crrccrcf: 0.000000000 0.455409444 0.544590556
K:/crrccrfc: 0.000000000 0.401587213 0.598412787
K:/crrccrff: 0.000000000 0.604383231 0.395616769
K:/crrf: 0.582104504 0.105442599 0.312452896
K:/crrfcrc: 0.000000000 0.619193080 0.380806920
K:/crrfcrf: 0.000000000 0.770112251 0.229887749
K:/crrr: 0.000000000 0.915871678 0.084128322
K:/rccr: 0.000000000 0.365847435 0.634152565
K:/rccrccrc: 0.000000000 0.652048182 0.347951818
K:/rccrccrf: 0.000000000 0.214790497 0.785209503
K:/rccrcfrc: 0.000000000 0.397028275 0.602971725
K:/rccrcfrf: 0.000000000 0.476676622 0.523323378
K:/rccrcrcc: 0.000000000 0.577454490 0.422545510
K:/rccrcrcf: 0.000000000 0.361159526 0.638840474
K:/rccrcrfc: 0.000000000 0.573782022 0.426217978
K:/rccrcrff: 0.000000000 0.319602482 0.680397518
K:/rcfr: 0.951086795 0.048913205 0.000000000
K:/rcfrcrc: 0.000000000 0.000000000 1.000000000
K:/rcfrcrf: 0.000000000 0.000000000 1.000000000
K:/rcrc: 0.357021264 0.295559288 0.347419448
K:/rcrccrcc: 0.000000000 0.209578905 0.790421095
K:/rcrccrcf: 0.000000000 0.459921602 0.540078398
K:/rcrccrfc: 0.000000000 0.621964333 0.378035667
K:/rcrccrff: 0.000000000 0.210622039 0.789377961
K:/rcrf: 0.333082620 0.231336377 0.435581004
K:/rcrfcrc: 0.000000000 0.421970927 0.578029073
K:/rcrfcrf: 0.000000000 0.921260891 0.078739109
K:/rcrr: 0.000000000 0.675483680 0.324516320
K:/rfcr: 0.258816214 0.517100062 0.224083723
K:/rfcrcrc: 0.000000000 0.818938542 0.181061458
K:/rfcrcrf: 0.000000000 0.654085911 0.345914089
K:/rffr: 0.000625000 0.000000000 0.999375000
K:/rfrc: 0.124814071 0.604153653 0.271032276
K:/rfrf: 0.436527459 0.501087440 0.062385101
K:/rfrr: 0.000000000 0.630131110 0.369868890
K:/rrcc: 0.238003292 0.437804110 0.324192598
K:/rrcf: 0.143017253 0.311055278 0.545927470
K:/rrcr: 0.000000000 0.268572319 0.731427681
K:/rrfc: 0.000000000 0.066549811 0.933450189
K:/rrff: 0.006388889 0.000000000 0.993611111
K:/rrfr: 0.000000000 0.372006153 0.627993847
K:/rrrc: 0.000000000 0.321043084 0.678956916
K:/rrrf: 0.000000000 0.583496432 0.416503568
Q:/: 0.000740853 0.999259147 0.000000000
Q:/cccr: 0.000000000 0.000000000 1.000000000
Q:/cccrccrc: 0.656137884 0.107070769 0.236791347
Q:/cccrccrccrcc: 0.000000000 0.704985704 0.295014296
Q:/cccrccrccrcf: 0.000000000 0.067346956 0.932653044
Q:/cccrccrccrfc: 0.000000000 0.349667584 0.650332416
Q:/cccrccrccrff: 0.000000000 0.060587252 0.939412748
Q:/cccrccrf: 0.718576882 0.136917379 0.144505738
Q:/cccrccrfcrc: 0.000000000 0.823403831 0.176596169
Q:/cccrccrfcrf: 0.000000000 0.713139460 0.286860540
Q:/cccrccrr: 0.000000000 0.514290216 0.485709784
Q:/cccrcfrc: 0.227155342 0.092427117 0.680417542
Q:/cccrcfrf: 0.349331551 0.412319355 0.238349094
Q:/cccrcfrr: 0.000000000 0.000000000 1.000000000
Q:/cccrcrcc: 0.710583339 0.098610322 0.190806339
Q:/cccrcrcf: 0.195706778 0.713674851 0.090618371
Q:/cccrcrcr: 0.000000000 0.163567664 0.836432336
Q:/cccrcrfc: 0.356311803 0.076171381 0.567516816
Q:/cccrcrff: 0.392002718 0.582736940 0.025260341
Q:/cccrcrfr: 0.000000000 0.135613863 0.864386137
Q:/cccrcrrc: 0.000000000 0.041643992 0.958356008
Q:/cccrcrrf: 0.000000000 0.335742777 0.664257223
Q:/cccrrccr: 0.000000000 0.210252636 0.789747364
Q:/cccrrcfr: 0.000000000 0.443097492 0.556902508
Q:/cccrrcrc: 0.000000000 0.849700906 0.150299094
Q:/cccrrcrf: 0.000000000 0.657914048 0.342085952
Q:/cccrrfcr: 0.000000000 0.000000000 1.000000000
Q:/cccrrffr: 0.000000000 0.000000000 1.000000000
Q:/cccrrfrc: 0.000000000 0.000000000 1.000000000
Q:/cccrrfrf: 0.000000000 0.220313282 0.779686718
Q:/cccrrrcc: 0.000000000 0.487081211 0.512918789
Q:/cccrrrcf: 0.000000000 0.869351283 0.130648717
Q:/cccrrrfc: 0.000000000 0.249764570 0.750235430
Q:/cccrrrff: 0.000000000 0.470797670 0.529202330
Q:/ccrc: 0.104868935 0.613790383 0.281340682
Q:/ccrccrcc: 0.185715764 0.323891218 0.490393018
Q:/ccrccrcf: 0.288829821 0.446508400 0.264661778
Q:/ccrccrcr: 0.000000000 0.869465618 0.130534382
Q:/ccrccrfc: 0.319332663 0.528528944 0.152138393
Q:/ccrccrff: 0.178120608 0.480494626 0.341384766
Q:/ccrccrfr: 0.000000000 0.250900128 0.749099872
Q:/ccrccrrc: 0.000000000 0.847816664 0.152183336
Q:/ccrccrrf: 0.000000000 0.498977128 0.501022872
Q:/ccrcrccr: 0.000000000 0.232170957 0.767829043
Q:/ccrcrcfr: 0.000000000 0.475145429 0.524854571
Q:/ccrcrcrc: 0.000000000 0.702482135 0.297517865
Q:/ccrcrcrf: 0.000000000 0.946728096 0.053271904
Q:/ccrcrfcr: 0.000000000 0.659948713 0.340051287
Q:/ccrcrffr: 0.000000000 0.285724771 0.714275229
Q:/ccrcrfrc: 0.000000000 0.652471050 0.347528950
Q:/ccrcrfrf: 0.000000000 0.777808052 0.222191948
Q:/ccrcrrcc: 0.000000000 0.537965654 0.462034346
Q:/ccrcrrcf: 0.000000000 0.676207638 0.323792362
Q:/ccrcrrfc: 0.000000000 0.470882491 0.529117509
Q:/ccrcrrff: 0.000000000 0.342014105 0.657985895
Q:/ccrf: 0.494406990 0.058874046 0.446718964
Q:/ccrfcrc: 0.000000000 0.610978457 0.389021543
Q:/ccrfcrf: 0.086084435 0.201545342 0.712370223
Q:/ccrfcrr: 0.000000000 0.795595280 0.204404720
Q:/ccrfrcr: 0.000000000 0.126069025 0.873930975
Q:/ccrfrfr: 0.000000000 0.316304745 0.683695255
Q:/ccrfrrc: 0.000000000 0.496154815 0.503845185
Q:/ccrfrrf: 0.000000000 0.631762138 0.368237862
Q:/ccrr: 0.000000000 0.082154633 0.917845367
Q:/ccrrccrc: 0.000000000 0.058089152 0.941910848
Q:/ccrrccrf: 0.000000000 0.505039939 0.494960061
Q:/ccrrcfrc: 0.000000000 0.260394649 0.739605351
Q:/ccrrcfrf: 0.000000000 0.476812266 0.523187734
Q:/ccrrcrcc: 0.000000000 0.551091405 0.448908595
Q:/ccrrcrcf: 0.000000000 0.488459015 0.511540985
Q:/ccrrcrfc: 0.000000000 0.311886209 0.688113791
Q:/ccrrcrff: 0.000000000 0.363593526 0.636406474
Q:/crcc: 0.078400057 0.623298054 0.298301889
Q:/crccrccr: 0.000000000 0.593011902 0.406988098
Q:/crccrcfr: 0.000000000 0.622690266 0.377309734
Q:/crccrcrc: 0.000000000 0.497655276 0.502344724
Q:/crccrcrf: 0.000000000 0.565527048 0.434472952
Q:/crccrfcr: 0.000000000 0.527619605 0.472380395
Q:/crccrffr: 0.000000000 0.308886165 0.691113835
Q:/crccrfrc: 0.000000000 0.342969613 0.657030387
Q:/crccrfrf: 0.000000000 0.442184780 0.557815220
Q:/crccrrcc: 0.000000000 0.357131176 0.642868824
Q:/crccrrcf: 0.000000000 0.745244476 0.254755524
Q:/crccrrfc: 0.000000000 0.689989511 0.310010489
Q:/crccrrff: 0.000000000 0.513892565 0.486107435
Q:/crcf: 0.000000000 0.543265657 0.456734343
Q:/crcfrcr: 0.000000000 0.573172400 0.426827600
Q:/crcfrfr: 0.000000000 0.238481090 0.761518910
Q:/crcfrrc: 0.000000000 0.190656562 0.809343438
Q:/crcfrrf: 0.000000000 0.800968227 0.199031773
Q:/crcr: 0.230543944 0.228682773 0.540773283
Q:/crcrccrc: 0.000000000 0.546078079 0.453921921
Q:/crcrccrf: 0.000000000 0.582687449 0.417312551
Q:/crcrcfrc: 0.000000000 0.513566045 0.486433955
Q:/crcrcfrf: 0.000000000 0.505724656 0.494275344
Q:/crcrcrcc: 0.000000000 0.081288762 0.918711238
Q:/crcrcrcf: 0.000000000 0.808565402 0.191434598
Q:/crcrcrfc: 0.000000000 0.582217968 0.417782032
Q:/crcrcrff: 0.000000000 0.686118934 0.313881066
Q:/crfc: 0.000000000 0.000000000 1.000000000
Q:/crfcrcr: 0.000000000 0.232429612 0.767570388
Q:/crfcrfr: 0.000000000 0.512969773 0.487030227
Q:/crfcrrc: 0.000000000 0.654736312 0.345263688
Q:/crfcrrf: 0.000000000 0.016278261 0.983721739
Q:/crff: 0.000000000 0.000000000 1.000000000
Q:/crffrr: 0.000000000 0.000000000 1.000000000
Q:/crfr: 0.000000000 0.000084851 0.999915149
Q:/crfrcrc: 0.000000000 0.558891926 0.441108074
Q:/crfrcrf: 0.000000000 0.390668056 0.609331944
Q:/crrc: 0.408246247 0.494128975 0.097624777
Q:/crrccrcc: 0.000000000 0.465267225 0.534732775
Q:/crrccrcf: 0.000000000 0.172805538 0.827194462
Q:/crrccrfc: 0.000000000 0.055348583 0.944651417
Q:/crrccrff: 0.000000000 0.859547772 0.140452228
Q:/crrf: 0.000000000 0.654960367 0.345039633
Q:/crrfcrc: 0.000000000 0.451634055 0.548365945
Q:/crrfcrf: 0.000000000 0.317958530 0.682041470
Q:/crrr: 0.000000000 0.789075243 0.210924757
Q:/rccr: 0.000000000 0.000000000 1.000000000
Q:/rccrccrc: 0.000000000 0.187009860 0.812990140
Q:/rccrccrf: 0.000000000 0.458786203 0.541213797
Q:/rccrcfrc: 0.000000000 0.458081517 0.541918483
Q:/rccrcfrf: 0.000000000 0.633702898 0.366297102
Q:/rccrcrcc: 0.000000000 0.746968305 0.253031695
Q:/rccrcrcf: 0.000000000 0.501936028 0.498063972
Q:/rccrcrfc: 0.000000000 0.218379241 0.781620759
Q:/rccrcrff: 0.000000000 0.334129389 0.665870611
Q:/rcfr: 0.000000000 0.000000000 1.000000000
Q:/rcfrcrc: 0.000000000 0.000000000 1.000000000
Q:/rcfrcrf: 0.000000000 0.000000000 1.000000000
Q:/rcrc: 0.368837690 0.349100998 0.282061312
Q:/rcrccrcc: 0.000000000 0.477651799 0.522348201
Q:/rcrccrcf: 0.000000000 0.314882473 0.685117527
Q:/rcrccrfc: 0.000000000 0.421329519 0.578670481
Q:/rcrccrff: 0.000000000 0.212468977 0.787531023
Q:/rcrf: 0.284990845 0.167793922 0.547215233
Q:/rcrfcrc: 0.000000000 0.453933312 0.546066688
Q:/rcrfcrf: 0.000000000 0.200057852 0.799942148
Q:/rcrr: 0.000000000 0.541554501 0.458445499
Q:/rfcr: 0.308787590 0.508651686 0.182560724
Q:/rfcrcrc: 0.000000000 0.162308630 0.837691370
Q:/rfcrcrf: 0.000000000 0.361655995 0.638344005
Q:/rffr: 0.000625000 0.000000000 0.999375000
Q:/rfrc: 0.000000001 0.398303906 0.601696094
Q:/rfrf: 0.816718174 0.170643590 0.012638236
Q:/rfrr: 0.000000000 0.005053775 0.994946225
Q:/rrcc: 0.403694709 0.248934945 0.347370346
Q:/rrcf: 0.510819379 0.215763495 0.273417127
Q:/rrcr: 0.000000000 0.763786331 0.236213669
Q:/rrfc: 0.000000000 0.000000000 1.000000000
Q:/rrff: 0.003888889 0.000000000 0.996111111
Q:/rrfr: 0.000000000 0.000000000 1.000000000
Q:/rrrc: 0.000000000 0.471997043 0.528002957
Q:/rrrf: 0.000000000 0.537343551 0.462656449
T:/: 0.000000000 1.000000000 0.000000000
T:/cccr: 0.000051856 0.000000000 0.999948144
T:/cccrccrc: 0.333446198 0.000000000 0.666553802
T:/cccrccrccrcc: 0.000000000 0.707852579 0.292147421
T:/cccrccrccrcf: 0.000000000 0.512071421 0.487928579
T:/cccrccrccrfc: 0.000000000 0.829670973 0.170329027
T:/cccrccrccrff: 0.000000000 0.403853033 0.596146967
T:/cccrccrf: 0.735850475 0.264148373 0.000001152
T:/cccrccrfcrc: 0.000000000 0.614453646 0.385546354
T:/cccrccrfcrf: 0.000000000 0.745420904 0.254579096
T:/cccrccrr: 0.000000000 0.553203519 0.446796481
T:/cccrcfrc: 0.546864466 0.000039311 0.453096223
T:/cccrcfrf: 0.588962541 0.288886423 0.122151036
T:/cccrcfrr: 0.000000000 0.000000000 1.000000000
T:/cccrcrcc: 0.499249127 0.002728514 0.498022359
T:/cccrcrcf: 0.281485672 0.422582043 0.295932285
T:/cccrcrcr: 0.000000000 0.197568853 0.802431147
T:/cccrcrfc: 0.080573941 0.260494334 0.658931725
T:/cccrcrff: 0.538904596 0.000000000 0.461095404
T:/cccrcrfr: 0.000000000 0.013931401 0.986068599
T:/cccrcrrc: 0.000000000 0.000000000 1.000000000
T:/cccrcrrf: 0.000000000 0.272304332 0.727695668
T:/cccrrccr: 0.000000000 0.289767124 0.710232876
T:/cccrrcfr: 0.000000000 0.334948768 0.665051232
T:/cccrrcrc: 0.000000000 0.244304511 0.755695489
T:/cccrrcrf: 0.000000000 0.065765714 0.934234286
T:/cccrrfcr: 0.000000000 0.285690551 0.714309449
T:/cccrrffr: 0.000000000 0.159810644 0.840189356
T:/cccrrfrc: 0.000000000 0.000000000 1.000000000
T:/cccrrfrf: 0.000000000 0.464651081 0.535348919
T:/cccrrrcc: 0.000000000 0.000000000 1.000000000
T:/cccrrrcf: 0.000000000 0.275567418 0.724432582
T:/cccrrrfc: 0.000000000 0.268233318 0.731766682
T:/cccrrrff: 0.000000000 0.685141417 0.314858583
T:/ccrc: 0.000000000 0.320773217 0.679226783
T:/ccrccrcc: 0.015155286 0.803681969 0.181162746
T:/ccrccrcf: 0.365303020 0.511248238 0.123448742
T:/ccrccrcr: 0.000000000 0.283790924 0.716209076
T:/ccrccrfc: 0.047098304 0.436466017 0.516435680
T:/ccrccrff: 0.592823169 0.165735068 0.241441763
T:/ccrccrfr: 0.000000000 0.508356066 0.491643934
T:/ccrccrrc: 0.000000000 0.481043303 0.518956697
T:/ccrccrrf: 0.000000000 0.256772623 0.743227377
T:/ccrcrccr: 0.000000000 0.637520636 0.362479364
T:/ccrcrcfr: 0.000000000 0.089234700 0.910765300
T:/ccrcrcrc: 0.000000000 0.579034891 0.420965109
T:/ccrcrcrf: 0.000000000 0.419855168 0.580144832
T:/ccrcrfcr: 0.000000000 0.301985273 0.698014727
T:/ccrcrffr: 0.000000000 0.689866651 0.310133349
T:/ccrcrfrc: 0.000000000 0.252557711 0.747442289
T:/ccrcrfrf: 0.000000000 0.694243160 0.305756840
T:/ccrcrrcc: 0.000000000 0.517723996 0.482276004
T:/ccrcrrcf: 0.000000000 0.553106737 0.446893263
T:/ccrcrrfc: 0.000000000 0.324766677 0.675233323
T:/ccrcrrff: 0.000000000 0.470465552 0.529534448
T:/ccrf: 0.000000000 0.463716936 0.536283064
T:/ccrfcrc: 0.000000000 0.590795971 0.409204029
T:/ccrfcrf: 0.265202993 0.350978886 0.383818121
T:/ccrfcrr: 0.000000000 0.000000000 1.000000000
T:/ccrfrcr: 0.000000000 0.789709032 0.210290968
T:/ccrfrfr: 0.000000000 0.308232577 0.691767423
T:/ccrfrrc: 0.000000000 0.332811564 0.667188436
T:/ccrfrrf: 0.000000000 0.759373953 0.240626047
T:/ccrr: 0.000000000 0.257920001 0.742079999
T:/ccrrccrc: 0.000000000 0.683803723 0.316196277
T:/ccrrccrf: 0.000000000 0.389799148 0.610200852
T:/ccrrcfrc: 0.000000000 0.093228156 0.906771844
T:/ccrrcfrf: 0.000000000 0.150984084 0.849015916
T:/ccrrcrcc: 0.000000000 0.585676553 0.414323447
T:/ccrrcrcf: 0.000000000 0.520809358 0.479190642
T:/ccrrcrfc: 0.000000000 0.066223815 0.933776185
T:/ccrrcrff: 0.000000000 0.202445470 0.797554530
T:/crcc: 0.000000003 0.851925703 0.148074295
T:/crccrccr: 0.000000000 0.593969630 0.406030370
T:/crccrcfr: 0.000000000 0.417163873 0.582836127
T:/crccrcrc: 0.000000000 0.590476741 0.409523259
T:/crccrcrf: 0.000000000 0.472552393 0.527447607
T:/crccrfcr: 0.000000000 0.247295589 0.752704411
T:/crccrffr: 0.000000000 0.836905036 0.163094964
T:/crccrfrc: 0.000000000 0.266181046 0.733818954
T:/crccrfrf: 0.000000000 0.992527073 0.007472927
T:/crccrrcc: 0.000000000 0.900451154 0.099548846
T:/crccrrcf: 0.000000000 0.589179870 0.410820130
T:/crccrrfc: 0.000000000 0.471294366 0.528705634
T:/crccrrff: 0.000000000 0.491521180 0.508478820
T:/crcf: 0.000000000 0.212930803 0.787069197
T:/crcfrcr: 0.000000000 0.902321809 0.097678191
T:/crcfrfr: 0.000000000 0.358826930 0.641173070
T:/crcfrrc: 0.000000000 0.045006674 0.954993326
T:/crcfrrf: 0.000000000 0.406922077 0.593077923
T:/crcr: 0.000000000 0.024344693 0.975655307
T:/crcrccrc: 0.000000000 0.952015688 0.047984312
T:/crcrccrf: 0.000000000 0.789726256 0.210273744
T:/crcrcfrc: 0.000000000 0.627815849 0.372184151
T:/crcrcfrf: 0.000000000 0.429867711 0.570132289
T:/crcrcrcc: 0.000000000 0.346660601 0.653339399
T:/crcrcrcf: 0.000000000 0.658651857 0.341348143
T:/crcrcrfc: 0.000000000 0.456410246 0.543589754
T:/crcrcrff: 0.000000000 0.766457654 0.233542346
T:/crfc: 0.000000000 0.000000000 1.000000000
T:/crfcrcr: 0.000000000 0.484356690 0.515643310
T:/crfcrfr: 0.000000000 0.032618551 0.967381449
T:/crfcrrc: 0.000000000 0.300837505 0.699162495
T:/crfcrrf: 0.000000000 0.385637794 0.614362206
T:/crff: 0.000000000 0.000000000 1.000000000
T:/crffrr: 0.000000000 0.000000000 1.000000000
T:/crfr: 0.000000000 0.000000000 1.000000000
T:/crfrcrc: 0.000000000 0.688633977 0.311366023
T:/crfrcrf: 0.000000000 0.650879160 0.349120840
T:/crrc: 0.228708949 0.504717285 0.266573766
T:/crrccrcc: 0.000000000 0.581601346 0.418398654
T:/crrccrcf: 0.000000000 0.575410618 0.424589382
T:/crrccrfc: 0.000000000 0.968372296 0.031627704
T:/crrccrff: 0.000000000 0.013811793 0.986188207
T:/crrf: 0.065008751 0.735736923 0.199254325
T:/crrfcrc: 0.000000000 0.430755654 0.569244346
T:/crrfcrf: 0.000000000 0.303898897 0.696101103
T:/crrr: 0.000000000 0.388894055 0.611105945
T:/rccr: 0.000000000 0.000000000 1.000000000
T:/rccrccrc: 0.000000000 0.063310703 0.936689297
T:/rccrccrf: 0.000000000 0.042646047 0.957353953
T:/rccrcfrc: 0.000000000 0.564889452 0.435110548
T:/rccrcfrf: 0.000000000 0.401627873 0.598372127
T:/rccrcrcc: 0.000000000 0.475001425 0.524998575
T:/rccrcrcf: 0.000000000 0.423370865 0.576629135
T:/rccrcrfc: 0.000000000 0.434536071 0.565463929
T:/rccrcrff: 0.000000000 0.032948132 0.967051868
T:/rcfr: 0.000000000 0.000000000 1.000000000
T:/rcfrcrc: 0.000000000 0.000000000 1.000000000
T:/rcfrcrf: 0.000000000 0.000000000 1.000000000
T:/rcrc: 0.442782849 0.470382520 0.086834631
T:/rcrccrcc: 0.000000000 0.247407408 0.752592592
T:/rcrccrcf: 0.000000000 0.790854680 0.209145320
T:/rcrccrfc: 0.000000000 0.439996036 0.560003964
T:/rcrccrff: 0.000000000 0.343040342 0.656959658
T:/rcrf: 0.250705542 0.683749136 0.065545322
T:/rcrfcrc: 0.000000000 0.393119019 0.606880981
T:/rcrfcrf: 0.000000000 0.577437897 0.422562103
T:/rcrr: 0.000000000 0.526538290 0.473461710
T:/rfcr: 0.098288896 0.139300493 0.762410611
T:/rfcrcrc: 0.000000000 0.639994553 0.360005447
T:/rfcrcrf: 0.000000000 0.320592186 0.679407814
T:/rffr: 0.000625000 0.000000000 0.999375000
T:/rfrc: 0.000000000 0.571499226 0.428500774
T:/rfrf: 0.359480666 0.587380395 0.053138939
T:/rfrr: 0.000000000 0.000000000 1.000000000
T:/rrcc: 0.392560082 0.153889212 0.453550707
T:/rrcf: 0.361462851 0.238031199 0.400505950
T:/rrcr: 0.000000000 0.880156685 0.119843315
T:/rrfc: 0.000000000 0.000000000 1.000000000
T:/rrff: 0.006388889 0.000000000 0.993611111
T:/rrfr: 0.000000000 0.000000000 1.000000000
T:/rrrc: 0.000000000 0.795642403 0.204357597
T:/rrrf: 0.000000000 0.860161010 0.139838990
