A:/cc: 0.001724874 0.998275126 0.000000000
A:/cccrcc: 0.317750264 0.589375960 0.092873776
A:/cccrccrccr: 0.000000000 0.670523207 0.329476793
A:/cccrccrcfr: 0.000000000 0.609123035 0.390876965
A:/cccrccrcrc: 0.000000000 0.989089741 0.010910259
A:/cccrccrcrf: 0.000000000 0.510109452 0.489890548
A:/cccrccrfcr: 0.000000000 0.583780085 0.416219915
A:/cccrccrffr: 0.000000000 0.462936019 0.537063981
A:/cccrccrfrc: 0.000000000 0.873988872 0.126011128
A:/cccrccrfrf: 0.000000000 0.354841408 0.645158592
A:/cccrccrrcc: 0.000000000 0.749552879 0.250447121
A:/cccrccrrcf: 0.000000000 0.595562473 0.404437527
A:/cccrccrrfc: 0.000000000 0.533159718 0.466840282
A:/cccrccrrff: 0.000000000 0.600586402 0.399413598
A:/cccrcf: 0.112781307 0.800724283 0.086494411
A:/cccrcfrcr: 0.000000000 0.917134622 0.082865378
A:/cccrcfrfr: 0.000000000 0.606612093 0.393387907
A:/cccrcfrrc: 0.000000000 0.878480438 0.121519562
A:/cccrcfrrf: 0.000000000 1.000000000 0.000000000
A:/cccrcr: 0.471612300 0.528387700 0.000000000
A:/cccrcrccrc: 0.000000000 0.286289679 0.713710321
A:/cccrcrccrf: 0.000000000 0.547458282 0.452541718
A:/cccrcrcfrc: 0.000000000 0.475780404 0.524219596
A:/cccrcrcfrf: 0.000000000 0.465981385 0.534018615
A:/cccrcrcrcc: 0.000000000 0.260001579 0.739998421
A:/cccrcrcrcf: 0.000000000 0.369236913 0.630763087
A:/cccrcrcrfc: 0.000000000 0.680552119 0.319447881
A:/cccrcrcrff: 0.000000000 0.721440546 0.278559454
A:/cccrfc: 0.446054216 0.553945784 0.000000000
A:/cccrfcrcr: 0.000000000 0.756695705 0.243304295
A:/cccrfcrfr: 0.000000000 0.819657758 0.180342242
A:/cccrfcrrc: 0.000000000 0.774899035 0.225100965
A:/cccrfcrrf: 0.000000000 0.928526451 0.071473549
A:/cccrff: 0.953576123 0.046423877 0.000000000
A:/cccrffrr: 0.000000000 0.915847024 0.084152976
A:/cccrfr: 0.494461297 0.505538703 0.000000000
A:/cccrfrcrc: 0.000000000 0.735379056 0.264620944
A:/cccrfrcrf: 0.000000000 0.791468671 0.208531329
A:/cccrrc: 0.635718080 0.077056136 0.287225785
A:/cccrrccrcc: 0.000000000 0.763610423 0.236389577
A:/cccrrccrcf: 0.000000000 0.299392001 0.700607999
A:/cccrrccrfc: 0.000000000 0.493105200 0.506894800
A:/cccrrccrff: 0.000000000 0.824085331 0.175914669
A:/cccrrf: 0.653387536 0.346612464 0.000000000
A:/cccrrfcrc: 0.000000000 0.847098547 0.152901453
A:/cccrrfcrf: 0.000000000 0.505426318 0.494573682
A:/cccrrr: 0.000000000 0.852472082 0.147527918
A:/ccrccr: 0.752907526 0.247092474 0.000000000
A:/ccrccrccrc: 0.000000000 0.006259336 0.993740664
A:/ccrccrccrf: 0.000000000 0.212372268 0.787627732
A:/ccrccrcfrc: 0.000000000 0.548441361 0.451558639
A:/ccrccrcfrf: 0.000000000 0.477646116 0.522353884
A:/ccrccrcrcc: 0.000000000 0.803789074 0.196210926
A:/ccrccrcrcf: 0.000000000 0.901831944 0.098168056
A:/ccrccrcrfc: 0.000000000 0.518617917 0.481382083
A:/ccrccrcrff: 0.000000000 0.928210203 0.071789797
A:/ccrcfr: 0.562035095 0.437964905 0.000000000
A:/ccrcfrcrc: 0.000000000 0.658121485 0.341878515
A:/ccrcfrcrf: 0.000000000 0.874199252 0.125800748
A:/ccrcrc: 0.254787600 0.317807029 0.427405371
A:/ccrcrccrcc: 0.000000000 0.609443130 0.390556870
A:/ccrcrccrcf: 0.000000000 0.634511109 0.365488891
A:/ccrcrccrfc: 0.000000000 0.529533657 0.470466343
A:/ccrcrccrff: 0.000000000 0.169427909 0.830572091
A:/ccrcrf: 0.576911165 0.186816004 0.236272831
A:/ccrcrfcrc: 0.000000000 0.756000769 0.243999231
A:/ccrcrfcrf: 0.000000000 0.709256186 0.290743814
A:/ccrcrr: 0.000000000 0.626123229 0.373876771
A:/ccrfcr: 0.599460739 0.400539261 0.000000000
A:/ccrfcrcrc: 0.000000000 0.483205534 0.516794466
A:/ccrfcrcrf: 0.000000000 0.416799006 0.583200994
A:/ccrffr: 0.360457322 0.639542678 0.000000000
A:/ccrfrc: 0.515371009 0.447674621 0.036954371
A:/ccrfrf: 0.202594626 0.469880065 0.327525309
A:/ccrfrr: 0.000000000 1.000000000 0.000000000
A:/ccrrcc: 0.523861115 0.186293133 0.289845752
A:/ccrrcf: 0.411494053 0.455564114 0.132941833
A:/ccrrcr: 0.000000000 0.711082217 0.288917783
A:/ccrrfc: 0.327638837 0.672361163 0.000000000
A:/ccrrff: 0.428089562 0.571910438 0.000000000
A:/ccrrfr: 0.000000000 0.951222986 0.048777014
A:/ccrrrc: 0.000000000 1.000000000 0.000000000
A:/ccrrrf: 0.000000000 0.663215220 0.336784780
A:/cr: 0.224371144 0.775628856 0.000000000
A:/crccrc: 0.176466190 0.484913961 0.338619849
A:/crccrccrcc: 0.000000000 0.590551650 0.409448350
A:/crccrccrcf: 0.000000000 0.472704649 0.527295351
A:/crccrccrfc: 0.000000000 0.594300411 0.405699589
A:/crccrccrff: 0.000000000 0.417468564 0.582531436
A:/crccrf: 0.016393908 0.187035666 0.796570425
A:/crccrfcrc: 0.000000000 0.269855372 0.730144628
A:/crccrfcrf: 0.000000000 0.329382729 0.670617271
A:/crccrr: 0.000000000 0.496058654 0.503941346
A:/crcfrc: 0.538353782 0.085272102 0.376374116
A:/crcfrf: 0.490354017 0.053056259 0.456589724
A:/crcfrr: 0.000000000 0.179689066 0.820310934
A:/crcrcc: 0.685331951 0.049334635 0.265333414
A:/crcrcf: 0.267276570 0.341240387 0.391483043
A:/crcrcr: 0.000000000 0.659281913 0.340718087
A:/crcrfc: 0.614642420 0.143979389 0.241378190
A:/crcrff: 0.654585244 0.232041014 0.113373742
A:/crcrfr: 0.000000000 0.688995404 0.311004596
A:/crcrrc: 0.000000000 0.764850185 0.235149815
A:/crcrrf: 0.000000000 0.171126035 0.828873965
A:/crrccr: 0.000000000 0.818191387 0.181808613
A:/crrcfr: 0.000000000 0.677622070 0.322377930
A:/crrcrc: 0.000000000 0.666623097 0.333376903
A:/crrcrf: 0.000000000 0.532256818 0.467743182
A:/crrfcr: 0.000000000 0.828560459 0.171439541
A:/crrffr: 0.000000000 0.785433482 0.214566518
A:/crrfrc: 0.000000000 0.656362057 0.343637943
A:/crrfrf: 0.000000000 0.140556999 0.859443001
A:/crrrcc: 0.000000000 0.799545178 0.200454822
A:/crrrcf: 0.000000000 0.922934506 0.077065494
A:/crrrfc: 0.000000000 0.383025192 0.616974808
A:/crrrff: 0.000000000 0.703863905 0.296136095
A:/rc: 0.041905076 0.958094924 0.000000000
A:/rccrcc: 0.646229202 0.018490582 0.335280217
A:/rccrcf: 0.516358086 0.397325103 0.086316811
A:/rccrcr: 0.000000000 0.567209890 0.432790110
A:/rccrfc: 0.305839122 0.388718455 0.305442423
A:/rccrff: 0.419241294 0.391954958 0.188803748
A:/rccrfr: 0.000000000 0.565273169 0.434726831
A:/rccrrc: 0.000000000 0.762268635 0.237731365
A:/rccrrf: 0.000000000 0.974414537 0.025585463
A:/rcrccr: 0.000000000 0.857663552 0.142336448
A:/rcrcfr: 0.000000000 0.613631203 0.386368797
A:/rcrcrc: 0.000000000 0.910863411 0.089136589
A:/rcrcrf: 0.000000000 0.772801790 0.227198210
A:/rcrfcr: 0.000000000 0.924946883 0.075053117
A:/rcrffr: 0.000000000 1.000000000 0.000000000
A:/rcrfrc: 0.000000000 0.897700474 0.102299526
A:/rcrfrf: 0.000000000 0.215556143 0.784443857
A:/rcrrcc: 0.000000000 0.894154519 0.105845481
A:/rcrrcf: 0.000000000 1.000000000 0.000000000
A:/rcrrfc: 0.000000000 0.492422698 0.507577302
A:/rcrrff: 0.000000000 0.511257428 0.488742572
A:/rf: 0.406860661 0.593139339 0.000000000
A:/rfcrc: 0.384004684 0.615995316 0.000000000
A:/rfcrf: 0.514179983 0.371526366 0.114293651
A:/rfcrr: 0.000000000 0.830642673 0.169357327
A:/rfrcr: 0.000000000 0.593724245 0.406275755
A:/rfrfr: 0.000000000 0.414035946 0.585964054
A:/rfrrc: 0.000000000 0.355329008 0.644670992
A:/rfrrf: 0.000000000 0.943484453 0.056515547
A:/rr: 0.548816587 0.387706594 0.063476819
A:/rrccrc: 0.000000000 0.456740943 0.543259057
A:/rrccrf: 0.000000000 0.472142518 0.527857482
A:/rrcfrc: 0.000000000 0.648843480 0.351156520
A:/rrcfrf: 0.000000000 0.561655930 0.438344070
A:/rrcrcc: 0.000000000 0.899139428 0.100860572
A:/rrcrcf: 0.000000000 0.992415643 0.007584357
A:/rrcrfc: 0.000000000 0.990566580 0.009433420
A:/rrcrff: 0.000000000 0.794965757 0.205034243
J:/cc: 0.000000000 1.000000000 0.000000000
J:/cccrcc: 0.363522644 0.279616902 0.356860454
J:/cccrccrccr: 0.000000000 0.611845956 0.388154044
J:/cccrccrcfr: 0.000000000 0.221166928 0.778833072
J:/cccrccrcrc: 0.000000000 0.452468395 0.547531605
J:/cccrccrcrf: 0.000000000 0.210688278 0.789311722
J:/cccrccrfcr: 0.000000000 0.529591934 0.470408066
J:/cccrccrffr: 0.000000000 0.818477005 0.181522995
J:/cccrccrfrc: 0.000000000 0.437396929 0.562603071
J:/cccrccrfrf: 0.000000000 0.495661721 0.504338279
J:/cccrccrrcc: 0.000000000 0.526086675 0.473913325
J:/cccrccrrcf: 0.000000000 0.433635327 0.566364673
J:/cccrccrrfc: 0.000000000 0.149787088 0.850212912
J:/cccrccrrff: 0.000000000 0.876539584 0.123460416
J:/cccrcf: 0.572994432 0.342170213 0.084835356
J:/cccrcfrcr: 0.000000000 0.572902345 0.427097655
J:/cccrcfrfr: 0.000000000 0.502186456 0.497813544
J:/cccrcfrrc: 0.000000000 0.826172826 0.173827174
J:/cccrcfrrf: 0.000000000 0.541730058 0.458269942
J:/cccrcr: 0.612409843 0.000000000 0.387590157
J:/cccrcrccrc: 0.000000000 0.391982919 0.608017081
J:/cccrcrccrf: 0.000000000 0.627235118 0.372764882
J:/cccrcrcfrc: 0.000000000 0.044547384 0.955452616
J:/cccrcrcfrf: 0.000000000 0.882736224 0.117263776
J:/cccrcrcrcc: 0.000000000 0.894958531 0.105041469
J:/cccrcrcrcf: 0.000000000 0.286804502 0.713195498
J:/cccrcrcrfc: 0.000000000 0.267869306 0.732130694
J:/cccrcrcrff: 0.000000000 0.402754627 0.597245373
J:/cccrfc: 0.000000000 0.000000000 1.000000000
J:/cccrfcrcr: 0.000000000 0.479960348 0.520039652
J:/cccrfcrfr: 0.000000000 0.681781133 0.318218867
J:/cccrfcrrc: 0.000000000 0.467751108 0.532248892
J:/cccrfcrrf: 0.000000000 0.747431874 0.252568126
J:/cccrff: 0.000008012 0.000000000 0.999991988
J:/cccrffrr: 0.000000000 0.000000000 1.000000000
J:/cccrfr: 0.000000000 0.000000000 1.000000000
J:/cccrfrcrc: 0.000000000 0.377148454 0.622851546
J:/cccrfrcrf: 0.000000000 0.438765795 0.561234205
J:/cccrrc: 0.202426253 0.366627233 0.430946514
J:/cccrrccrcc: 0.000000000 0.778803391 0.221196609
J:/cccrrccrcf: 0.000000000 0.866662361 0.133337639
J:/cccrrccrfc: 0.000000000 0.732267039 0.267732961
J:/cccrrccrff: 0.000000000 0.813388573 0.186611427
J:/cccrrf: 0.262326644 0.149904791 0.587768565
J:/cccrrfcrc: 0.000000000 0.599962076 0.400037924
J:/cccrrfcrf: 0.000000000 0.554100331 0.445899669
J:/cccrrr: 0.000000000 0.530565322 0.469434678
J:/ccrccr: 0.045038846 0.000073544 0.954887609
J:/ccrccrccrc: 0.000000000 0.190989752 0.809010248
J:/ccrccrccrf: 0.000000000 0.450722582 0.549277418
J:/ccrccrcfrc: 0.000000000 0.569843636 0.430156364
J:/ccrccrcfrf: 0.000000000 0.009591249 0.990408751
J:/ccrccrcrcc: 0.000000000 0.370630651 0.629369349
J:/ccrccrcrcf: 0.000000000 0.678072538 0.321927462
J:/ccrccrcrfc: 0.000000000 0.326195441 0.673804559
J:/ccrccrcrff: 0.000000000 0.097032735 0.902967265
J:/ccrcfr: 0.000281896 0.000000000 0.999718104
J:/ccrcfrcrc: 0.000000000 0.530618551 0.469381449
J:/ccrcfrcrf: 0.000000000 0.562824683 0.437175317
J:/ccrcrc: 0.026601606 0.525147931 0.448250463
J:/ccrcrccrcc: 0.000000000 0.486961653 0.513038347
J:/ccrcrccrcf: 0.000000000 0.688825849 0.311174151
J:/ccrcrccrfc: 0.000000000 0.470661738 0.529338262
J:/ccrcrccrff: 0.000000000 0.469370732 0.530629268
J:/ccrcrf: 0.000000000 0.276836406 0.723163594
J:/ccrcrfcrc: 0.000000000 0.246427857 0.753572143
J:/ccrcrfcrf: 0.000000000 0.445775675 0.554224325
J:/ccrcrr: 0.000000000 0.190456244 0.809543756
J:/ccrfcr: 0.000000000 0.025677651 0.974322349
J:/ccrfcrcrc: 0.000000000 0.800132694 0.199867306
J:/ccrfcrcrf: 0.000000000 0.520563761 0.479436239
J:/ccrffr: 0.000000000 0.000000000 1.000000000
J:/ccrfrc: 0.379402651 0.028111144 0.592486205
J:/ccrfrf: 0.435727146 0.316425235 0.247847619
J:/ccrfrr: 0.000000000 0.041734879 0.958265121
J:/ccrrcc: 0.040751138 0.360779304 0.598469558
J:/ccrrcf: 0.402390543 0.424408059 0.173201398
J:/ccrrcr: 0.000000000 0.433937113 0.566062887
J:/ccrrfc: 0.000075918 0.014896525 0.985027556
J:/ccrrff: 0.025826686 0.000000000 0.974173314
J:/ccrrfr: 0.000000000 0.000000000 1.000000000
J:/ccrrrc: 0.000000000 0.384050614 0.615949386
J:/ccrrrf: 0.000000000 0.382709323 0.617290677
J:/cr: 0.000000000 0.000000000 1.000000000
J:/crccrc: 0.489352105 0.000000000 0.510647895
J:/crccrccrcc: 0.000000000 0.121172532 0.878827468
J:/crccrccrcf: 0.000000000 0.825362060 0.174637940
J:/crccrccrfc: 0.000000000 0.205412419 0.794587581
J:/crccrccrff: 0.000000000 0.726453079 0.273546921
J:/crccrf: 0.572056962 0.154383654 0.273559384
J:/crccrfcrc: 0.000000000 0.974425737 0.025574263
J:/crccrfcrf: 0.000000000 0.195149271 0.804850729
J:/crccrr: 0.000000000 0.568127265 0.431872735
J:/crcfrc: 0.494288733 0.220630619 0.285080648
J:/crcfrf: 0.308018552 0.236230783 0.455750665
J:/crcfrr: 0.000000000 0.442974523 0.557025477
J:/crcrcc: 0.452461374 0.124876859 0.422661767
J:/crcrcf: 0.173807937 0.505863360 0.320328703
J:/crcrcr: 0.000000000 0.104785949 0.895214051
J:/crcrfc: 0.230903097 0.337517419 0.431579484
J:/crcrff: 1.000000000 0.000000000 0.000000000
J:/crcrfr: 0.000000000 0.000000000 1.000000000
J:/crcrrc: 0.000000000 0.077818407 0.922181593
J:/crcrrf: 0.000000000 0.036232627 0.963767373
J:/crrccr: 0.000000000 0.470142471 0.529857529
J:/crrcfr: 0.000000000 0.651754501 0.348245499
J:/crrcrc: 0.000000000 0.586076007 0.413923993
J:/crrcrf: 0.000000000 0.820485077 0.179514923
J:/crrfcr: 0.000000000 0.000000000 1.000000000
J:/crrffr: 0.000000000 0.711971045 0.288028955
J:/crrfrc: 0.000000000 0.605122413 0.394877587
J:/crrfrf: 0.000000000 0.510821495 0.489178505
J:/crrrcc: 0.000000000 0.444872232 0.555127768
J:/crrrcf: 0.000000000 0.192693860 0.807306140
J:/crrrfc: 0.000000000 0.250715719 0.749284281
J:/crrrff: 0.000000000 0.424685582 0.575314418
J:/rc: 0.000000000 0.037025522 0.962974478
J:/rccrcc: 0.684765240 0.127187154 0.188047606
J:/rccrcf: 0.380482551 0.581332204 0.038185244
J:/rccrcr: 0.000000000 0.000000000 1.000000000
J:/rccrfc: 0.263782908 0.337688248 0.398528844
J:/rccrff: 0.442290102 0.379492943 0.178216955
J:/rccrfr: 0.000000000 0.000000000 1.000000000
J:/rccrrc: 0.000000000 0.844816459 0.155183541
J:/rccrrf: 0.000000000 0.690533150 0.309466850
J:/rcrccr: 0.000000000 0.358492849 0.641507151
J:/rcrcfr: 0.000000000 0.450644424 0.549355576
J:/rcrcrc: 0.000000000 0.368080898 0.631919102
J:/rcrcrf: 0.000000000 0.679558090 0.320441910
J:/rcrfcr: 0.000000000 0.787185267 0.212814733
J:/rcrffr: 0.000000000 0.070836876 0.929163124
J:/rcrfrc: 0.000000000 0.749709208 0.250290792
J:/rcrfrf: 0.000000000 0.625805820 0.374194180
J:/rcrrcc: 0.000000000 0.511758781 0.488241219
J:/rcrrcf: 0.000000000 0.531140017 0.468859983
J:/rcrrfc: 0.000000000 0.376130905 0.623869095
J:/rcrrff: 0.000000000 0.117681311 0.882318689
J:/rf: 0.000000436 0.000000000 0.999999564
J:/rfcrc: 0.219453287 0.275931617 0.504615097
J:/rfcrf: 0.186082221 0.449618098 0.364299681
J:/rfcrr: 0.000000000 0.624182822 0.375817178
J:/rfrcr: 0.000000000 0.697152340 0.302847660
J:/rfrfr: 0.000000000 0.776586826 0.223413174
J:/rfrrc: 0.000000000 0.490096522 0.509903478
J:/rfrrf: 0.000000000 0.220864953 0.779135047
J:/rr: 0.000000000 0.000000000 1.000000000
J:/rrccrc: 0.000000000 0.232080816 0.767919184
J:/rrccrf: 0.000000000 0.515580365 0.484419635
J:/rrcfrc: 0.000000000 0.398545133 0.601454867
J:/rrcfrf: 0.000000000 0.661467360 0.338532640
J:/rrcrcc: 0.000000000 0.286138430 0.713861570
J:/rrcrcf: 0.000000000 0.543816372 0.456183628
J:/rrcrfc: 0.000000000 0.256671519 0.743328481
J:/rrcrff: 0.000000000 0.416841242 0.583158758
K:/cc: 0.000000000 1.000000000 0.000000000
K:/cccrcc: 0.314147442 0.525257696 0.160594862
K:/cccrccrccr: 0.000000000 0.227226158 0.772773842
K:/cccrccrcfr: 0.000000000 0.441782622 0.558217378
K:/cccrccrcrc: 0.000000000 0.457167479 0.542832521
K:/cccrccrcrf: 0.000000000 0.322213776 0.677786224
K:/cccrccrfcr: 0.000000000 0.589783406 0.410216594
K:/cccrccrffr: 0.000000000 0.412000962 0.587999038
K:/cccrccrfrc: 0.000000000 0.701149566 0.298850434
K:/cccrccrfrf: 0.000000000 0.831918659 0.168081341
K:/cccrccrrcc: 0.000000000 0.373247672 0.626752328
K:/cccrccrrcf: 0.000000000 0.113259633 0.886740367
K:/cccrccrrfc: 0.000000000 0.090865541 0.909134459
K:/cccrccrrff: 0.000000000 0.497449956 0.502550044
K:/cccrcf: 0.311189477 0.439314166 0.249496357
K:/cccrcfrcr: 0.000000000 0.510581322 0.489418678
K:/cccrcfrfr: 0.000000000 0.109586172 0.890413828
K:/cccrcfrrc: 0.000000000 0.500370471 0.499629529
K:/cccrcfrrf: 0.000000000 0.485650025 0.514349975
K:/cccrcr: 0.000120751 0.391543917 0.608335332
K:/cccrcrccrc: 0.000000000 0.738423335 0.261576665
K:/cccrcrccrf: 0.000000000 0.510293207 0.489706793
K:/cccrcrcfrc: 0.000000000 0.554628820 0.445371180
K:/cccrcrcfrf: 0.000000000 0.460243629 0.539756371
K:/cccrcrcrcc: 0.000000000 0.353616193 0.646383807
K:/cccrcrcrcf: 0.000000000 0.619495706 0.380504294
K:/cccrcrcrfc: 0.000000000 0.386647451 0.613352549
K:/cccrcrcrff: 0.000000000 0.645064649 0.354935351
K:/cccrfc: 0.000007931 0.000000000 0.999992069
K:/cccrfcrcr: 0.000000000 0.651306048 0.348693952
K:/cccrfcrfr: 0.000000000 0.461711612 0.538288388
K:/cccrfcrrc: 0.000000000 0.256382665 0.743617335
K:/cccrfcrrf: 0.000000000 0.405609133 0.594390867
K:/cccrff: 0.000121437 0.401901343 0.597977220
K:/cccrffrr: 0.000000000 0.000000000 1.000000000
K:/cccrfr: 0.000000000 0.000000000 1.000000000
K:/cccrfrcrc: 0.000000000 0.188295242 0.811704758
K:/cccrfrcrf: 0.000000000 0.756379545 0.243620455
K:/cccrrc: 0.355008640 0.164639652 0.480351707
K:/cccrrccrcc: 0.000000000 0.549343805 0.450656195
K:/cccrrccrcf: 0.000000000 0.845825769 0.154174231
K:/cccrrccrfc: 0.000000000 0.719605794 0.280394206
K:/cccrrccrff: 0.000000000 0.635211097 0.364788903
K:/cccrrf: 0.586331245 0.190248937 0.223419819
K:/cccrrfcrc: 0.000000000 0.192564950 0.807435050
K:/cccrrfcrf: 0.000000000 0.370036801 0.629963199
K:/cccrrr: 0.000000000 0.655947449 0.344052551
K:/ccrccr: 0.000046326 0.011495762 0.988457911
K:/ccrccrccrc: 0.000000000 0.553526500 0.446473500
K:/ccrccrccrf: 0.000000000 0.695919734 0.304080266
K:/ccrccrcfrc: 0.000000000 0.120757374 0.879242626
K:/ccrccrcfrf: 0.000000000 0.781646156 0.218353844
K:/ccrccrcrcc: 0.000000000 0.000000000 1.000000000
K:/ccrccrcrcf: 0.000000000 0.686054086 0.313945914
K:/ccrccrcrfc: 0.000000000 0.243757786 0.756242214
K:/ccrccrcrff: 0.000000000 0.293591238 0.706408762
K:/ccrcfr: 0.313051910 0.507037101 0.179910989
K:/ccrcfrcrc: 0.000000000 0.417799144 0.582200856
K:/ccrcfrcrf: 0.000000000 0.097621139 0.902378861
K:/ccrcrc: 0.092907598 0.433360661 0.473731741
K:/ccrcrccrcc: 0.000000000 0.816693110 0.183306890
K:/ccrcrccrcf: 0.000000000 0.581475097 0.418524903
K:/ccrcrccrfc: 0.000000000 0.750854450 0.249145550
K:/ccrcrccrff: 0.000000000 0.183164116 0.816835884
K:/ccrcrf: 0.063252282 0.573937802 0.362809917
K:/ccrcrfcrc: 0.000000000 0.870730125 0.129269875
K:/ccrcrfcrf: 0.000000000 0.838395934 0.161604066
K:/ccrcrr: 0.000000000 0.338491682 0.661508318
K:/ccrfcr: 0.000000000 0.224391710 0.775608290
K:/ccrfcrcrc: 0.000000000 0.501621177 0.498378823
K:/ccrfcrcrf: 0.000000000 0.544101275 0.455898725
K:/ccrffr: 0.000000000 0.000000000 1.000000000
K:/ccrfrc: 0.133850630 0.053038223 0.813111147
K:/ccrfrf: 0.298928344 0.602873408 0.098198248
K:/ccrfrr: 0.000000000 0.119891339 0.880108661
K:/ccrrcc: 0.247615805 0.254108144 0.498276050
K:/ccrrcf: 0.290577947 0.292920619 0.416501434
K:/ccrrcr: 0.000000000 0.476210796 0.523789204
K:/ccrrfc: 0.799012116 0.000000000 0.200987884
K:/ccrrff: 0.596399427 0.165699342 0.237901231
K:/ccrrfr: 0.000000000 0.747908703 0.252091297
K:/ccrrrc: 0.000000000 0.642688321 0.357311679
K:/ccrrrf: 0.000000000 0.480674045 0.519325955
K:/cr: 0.000000000 0.000000000 1.000000000
K:/crccrc: 0.419016925 0.235314422 0.345668653
K:/crccrccrcc: 0.000000000 0.359946732 0.640053268
K:/crccrccrcf: 0.000000000 0.371713668 0.628286332
K:/crccrccrfc: 0.000000000 0.539601417 0.460398583
K:/crccrccrff: 0.000000000 0.092152921 0.907847079
K:/crccrf: 0.460691917 0.214692316 0.324615767
K:/crccrfcrc: 0.000000000 0.797225908 0.202774092
K:/crccrfcrf: 0.000000000 0.497459741 0.502540259
K:/crccrr: 0.000000000 0.364506824 0.635493176
K:/crcfrc: 0.211519543 0.421063623 0.367416834
K:/crcfrf: 0.352332174 0.422372895 0.225294931
K:/crcfrr: 0.000000000 0.596527831 0.403472169
K:/crcrcc: 0.303883787 0.502267931 0.193848282
K:/crcrcf: 0.072988810 0.698902107 0.228109083
K:/crcrcr: 0.000000000 0.365467308 0.634532692
K:/crcrfc: 0.841374816 0.000000000 0.158625184
K:/crcrff: 0.373536466 0.626463534 0.000000000
K:/crcrfr: 0.000000000 0.183113473 0.816886527
K:/crcrrc: 0.000000000 0.000000000 1.000000000
K:/crcrrf: 0.000000000 0.311215425 0.688784575
K:/crrccr: 0.000000000 0.107731927 0.892268073
K:/crrcfr: 0.000000000 0.024665315 0.975334685
K:/crrcrc: 0.000000000 0.072757207 0.927242793
K:/crrcrf: 0.000000000 0.294107974 0.705892026
K:/crrfcr: 0.000000000 0.000000000 1.000000000
K:/crrffr: 0.000000000 0.442624903 0.557375097
K:/crrfrc: 0.000000000 0.634964328 0.365035672
K:/crrfrf: 0.000000000 0.394657737 0.605342263
K:/crrrcc: 0.000000000 0.253634935 0.746365065
K:/crrrcf: 0.000000000 0.860937104 0.139062896
K:/crrrfc: 0.000000000 0.275693184 0.724306816
K:/crrrff: 0.000000000 0.803953393 0.196046607
K:/rc: 0.000000000 0.018043556 0.981956444
K:/rccrcc: 0.399971959 0.090488726 0.509539315
K:/rccrcf: 0.279826975 0.407028361 0.313144664
K:/rccrcr: 0.000000000 0.821236064 0.178763936
K:/rccrfc: 0.000000000 0.000000000 1.000000000
K:/rccrff: 0.145565147 0.705774179 0.148660674
K:/rccrfr: 0.000000000 0.517839119 0.482160881
K:/rccrrc: 0.000000000 0.000000000 1.000000000
K:/rccrrf: 0.000000000 0.322579321 0.677420679
K:/rcrccr: 0.000000000 0.833895855 0.166104145
K:/rcrcfr: 0.000000000 0.696033152 0.303966848
K:/rcrcrc: 0.000000000 0.471985850 0.528014150
K:/rcrcrf: 0.000000000 0.347330612 0.652669388
K:/rcrfcr: 0.000000000 0.973619441 0.026380559
K:/rcrffr: 0.000000000 0.747184642 0.252815358
K:/rcrfrc: 0.000000000 0.627707157 0.372292843
K:/rcrfrf: 0.000000000 0.451630165 0.548369835
K:/rcrrcc: 0.000000000 0.156169524 0.843830476
K:/rcrrcf: 0.000000000 0.460691008 0.539308992
K:/rcrrfc: 0.000000000 0.485960980 0.514039020
K:/rcrrff: 0.000000000 0.817116597 0.182883403
K:/rf: 0.000000147 0.000000000 0.999999853
K:/rfcrc: 0.000000000 0.227817142 0.772182858
K:/rfcrf: 0.161424109 0.032978102 0.805597789
K:/rfcrr: 0.000000000 0.000000000 1.000000000
K:/rfrcr: 0.000000000 0.455798605 0.544201395
K:/rfrfr: 0.000000000 0.041353050 0.958646950
K:/rfrrc: 0.000000000 0.524432106 0.475567894
K:/rfrrf: 0.000000000 0.267454720 0.732545280
K:/rr: 0.000000000 0.000000000 1.000000000
K:/rrccrc: 0.000000000 0.000000000 1.000000000
K:/rrccrf: 0.000000000 0.748562739 0.251437261
K:/rrcfrc: 0.000000000 0.468840300 0.531159700
K:/rrcfrf: 0.000000000 0.758035406 0.241964594
K:/rrcrcc: 0.000000000 0.438241068 0.561758932
K:/rrcrcf: 0.000000000 0.221776301 0.778223699
K:/rrcrfc: 0.000000000 0.449989734 0.550010266
K:/rrcrff: 0.000000000 0.433317956 0.566682044
Q:/cc: 0.000000000 1.000000000 0.000000000
Q:/cccrcc: 0.364794667 0.422175561 0.213029772
Q:/cccrccrccr: 0.000000000 0.973901394 0.026098606
Q:/cccrccrcfr: 0.000000000 0.488551880 0.511448120
Q:/cccrccrcrc: 0.000000000 0.442005149 0.557994851
Q:/cccrccrcrf: 0.000000000 0.219682501 0.780317499
Q:/cccrccrfcr: 0.000000000 0.608032136 0.391967864
Q:/cccrccrffr: 0.000000000 0.896092144 0.103907856
Q:/cccrccrfrc: 0.000000000 0.163298403 0.836701597
Q:/cccrccrfrf: 0.000000000 0.570030839 0.429969161
Q:/cccrccrrcc: 0.000000000 0.758532231 0.241467769
Q:/cccrccrrcf: 0.000000000 0.936419083 0.063580917
Q:/cccrccrrfc: 0.000000000 0.216351188 0.783648812
Q:/cccrccrrff: 0.000000000 0.369753969 0.630246031
Q:/cccrcf: 0.647294142 0.179563067 0.173142791
Q:/cccrcfrcr: 0.000000000 0.170523318 0.829476682
Q:/cccrcfrfr: 0.000000000 0.510322244 0.489677756
Q:/cccrcfrrc: 0.000000000 0.301023171 0.698976829
Q:/cccrcfrrf: 0.000000000 0.415767941 0.584232059
Q:/cccrcr: 0.418714222 0.018121955 0.563163823
Q:/cccrcrccrc: 0.000000000 0.834090831 0.165909169
Q:/cccrcrccrf: 0.000000000 0.489678671 0.510321329
Q:/cccrcrcfrc: 0.000000000 0.441377115 0.558622885
Q:/cccrcrcfrf: 0.000000000 0.936662547 0.063337453
Q:/cccrcrcrcc: 0.000000000 0.254936712 0.745063288
Q:/cccrcrcrcf: 0.000000000 0.069709656 0.930290344
Q:/cccrcrcrfc: 0.000000000 0.747258558 0.252741442
Q:/cccrcrcrff: 0.000000000 0.433173648 0.566826352
Q:/cccrfc: 0.000000000 0.000000000 1.000000000
Q:/cccrfcrcr: 0.000000000 0.747898901 0.252101099
Q:/cccrfcrfr: 0.000000000 0.441799970 0.558200030
Q:/cccrfcrrc: 0.000000000 0.505337949 0.494662051
Q:/cccrfcrrf: 0.000000000 0.105999118 0.894000882
Q:/cccrff: 0.000000000 0.000000000 1.000000000
Q:/cccrffrr: 0.000000000 0.000000000 1.000000000
Q:/cccrfr: 0.000000000 0.000000000 1.000000000
Q:/cccrfrcrc: 0.000000000 0.251956899 0.748043101
Q:/cccrfrcrf: 0.000000000 0.565267832 0.434732168
Q:/cccrrc: 0.244950737 0.026606192 0.728443071
Q:/cccrrccrcc: 0.000000000 0.805128484 0.194871516
Q:/cccrrccrcf: 0.000000000 0.378178290 0.621821710
Q:/cccrrccrfc: 0.000000000 0.572828818 0.427171182
Q:/cccrrccrff: 0.000000000 0.242439492 0.757560508
Q:/cccrrf: 0.556027142 0.031202334 0.412770524
Q:/cccrrfcrc: 0.000000000 0.420316197 0.579683803
Q:/cccrrfcrf: 0.000000000 0.775110729 0.224889271
Q:/cccrrr: 0.000000000 0.100908178 0.899091822
Q:/ccrccr: 0.010180690 0.000203119 0.989616191
Q:/ccrccrccrc: 0.000000000 0.059703469 0.940296531
Q:/ccrccrccrf: 0.000000000 0.650437583 0.349562417
Q:/ccrccrcfrc: 0.000000000 0.634620387 0.365379613
Q:/ccrccrcfrf: 0.000000000 0.567197248 0.432802752
Q:/ccrccrcrcc: 0.000000000 0.633135132 0.366864868
Q:/ccrccrcrcf: 0.000000000 0.000000000 1.000000000
Q:/ccrccrcrfc: 0.000000000 0.319949855 0.680050145
Q:/ccrccrcrff: 0.000000000 0.476299555 0.523700445
Q:/ccrcfr: 0.035782642 0.000000000 0.964217358
Q:/ccrcfrcrc: 0.000000000 0.049010515 0.950989485
Q:/ccrcfrcrf: 0.000000000 0.048382889 0.951617111
Q:/ccrcrc: 0.167068110 0.360720798 0.472211092
Q:/ccrcrccrcc: 0.000000000 0.655395733 0.344604267
Q:/ccrcrccrcf: 0.000000000 0.668900680 0.331099320
Q:/ccrcrccrfc: 0.000000000 0.607204510 0.392795490
Q:/ccrcrccrff: 0.000000000 0.704556836 0.295443164
Q:/ccrcrf: 0.163805616 0.170232944 0.665961440
Q:/ccrcrfcrc: 0.000000000 0.653012851 0.346987149
Q:/ccrcrfcrf: 0.000000000 0.472944644 0.527055356
Q:/ccrcrr: 0.000000000 0.271281344 0.728718656
Q:/ccrfcr: 0.000000000 0.185880036 0.814119964
Q:/ccrfcrcrc: 0.000000000 0.616824028 0.383175972
Q:/ccrfcrcrf: 0.000000000 0.742277500 0.257722500
Q:/ccrffr: 0.000000000 0.000000000 1.000000000
Q:/ccrfrc: 0.464756119 0.220076309 0.315167572
Q:/ccrfrf: 0.399480164 0.275899846 0.324619990
Q:/ccrfrr: 0.000000000 0.331685442 0.668314558
Q:/ccrrcc: 0.068481001 0.490055311 0.441463688
Q:/ccrrcf: 0.047913021 0.433159359 0.518927620
Q:/ccrrcr: 0.000000000 0.023737734 0.976262266
Q:/ccrrfc: 0.113116540 0.077153574 0.809729886
Q:/ccrrff: 0.228095496 0.000000000 0.771904504
Q:/ccrrfr: 0.000000000 0.108322358 0.891677642
Q:/ccrrrc: 0.000000000 0.471468248 0.528531752
Q:/ccrrrf: 0.000000000 0.934426156 0.065573844
Q:/cr: 0.000000000 0.000000000 1.000000000
Q:/crccrc: 0.435670106 0.191609877 0.372720017
Q:/crccrccrcc: 0.000000000 0.950852166 0.049147834
Q:/crccrccrcf: 0.000000000 0.423574977 0.576425023
Q:/crccrccrfc: 0.000000000 0.534782941 0.465217059
Q:/crccrccrff: 0.000000000 0.795005698 0.204994302
Q:/crccrf: 0.441844221 0.500752452 0.057403328
Q:/crccrfcrc: 0.000000000 0.752569657 0.247430343
Q:/crccrfcrf: 0.000000000 0.680289149 0.319710851
Q:/crccrr: 0.000000000 0.000000000 1.000000000
Q:/crcfrc: 0.234846236 0.307127308 0.458026456
Q:/crcfrf: 0.435531772 0.254620617 0.309847611
Q:/crcfrr: 0.000000000 0.318484250 0.681515750
Q:/crcrcc: 0.550571750 0.270232449 0.179195801
Q:/crcrcf: 0.392819301 0.463511370 0.143669329
Q:/crcrcr: 0.000000000 0.192776797 0.807223203
Q:/crcrfc: 0.872075185 0.000000000 0.127924815
Q:/crcrff: 0.787535442 0.212464558 0.000000000
Q:/crcrfr: 0.000000000 0.000000000 1.000000000
Q:/crcrrc: 0.000000000 0.403743927 0.596256073
Q:/crcrrf: 0.000000000 0.054423368 0.945576632
Q:/crrccr: 0.000000000 0.672451638 0.327548362
Q:/crrcfr: 0.000000000 0.767645593 0.232354407
Q:/crrcrc: 0.000000000 0.450920631 0.549079369
Q:/crrcrf: 0.000000000 0.583239722 0.416760278
Q:/crrfcr: 0.000000000 0.000000000 1.000000000
Q:/crrffr: 0.000000000 0.773692235 0.226307765
Q:/crrfrc: 0.000000000 0.288353888 0.711646112
Q:/crrfrf: 0.000000000 0.729921101 0.270078899
Q:/crrrcc: 0.000000000 0.228491912 0.771508088
Q:/crrrcf: 0.000000000 0.056855202 0.943144798
Q:/crrrfc: 0.000000000 0.220410695 0.779589305
Q:/crrrff: 0.000000000 0.738137317 0.261862683
Q:/rc: 0.000000000 0.000000000 1.000000000
Q:/rccrcc: 0.306582116 0.397449091 0.295968793
Q:/rccrcf: 0.440396337 0.394022992 0.165580671
Q:/rccrcr: 0.000000000 0.231227623 0.768772377
Q:/rccrfc: 0.293741307 0.456471134 0.249787559
Q:/rccrff: 0.330020156 0.349711034 0.320268810
Q:/rccrfr: 0.000000000 0.000000000 1.000000000
Q:/rccrrc: 0.000000000 0.802158945 0.197841055
Q:/rccrrf: 0.000000000 0.475932820 0.524067180
Q:/rcrccr: 0.000000000 0.882333686 0.117666314
Q:/rcrcfr: 0.000000000 0.566987799 0.433012201
Q:/rcrcrc: 0.000000000 0.617727891 0.382272109
Q:/rcrcrf: 0.000000000 0.146223259 0.853776741
Q:/rcrfcr: 0.000000000 0.592419279 0.407580721
Q:/rcrffr: 0.000000000 0.683479280 0.316520720
Q:/rcrfrc: 0.000000000 0.361580504 0.638419496
Q:/rcrfrf: 0.000000000 0.983688728 0.016311272
Q:/rcrrcc: 0.000000000 0.426487043 0.573512957
Q:/rcrrcf: 0.000000000 0.512179230 0.487820770
Q:/rcrrfc: 0.000000000 0.338682318 0.661317682
Q:/rcrrff: 0.000000000 0.707398786 0.292601214
Q:/rf: 0.000000000 0.000000000 1.000000000
Q:/rfcrc: 0.121727325 0.291947215 0.586325461
Q:/rfcrf: 0.256196933 0.174480361 0.569322706
Q:/rfcrr: 0.000000000 0.635717467 0.364282533
Q:/rfrcr: 0.000000000 0.319822492 0.680177508
Q:/rfrfr: 0.000000000 0.569145156 0.430854844
Q:/rfrrc: 0.000000000 0.487427463 0.512572537
Q:/rfrrf: 0.000000000 0.782004066 0.217995934
Q:/rr: 0.000000000 0.000000000 1.000000000
Q:/rrccrc: 0.000000000 0.657111207 0.342888793
Q:/rrccrf: 0.000000000 0.659654681 0.340345319
Q:/rrcfrc: 0.000000000 0.716114088 0.283885912
Q:/rrcfrf: 0.000000000 0.453184850 0.546815150
Q:/rrcrcc: 0.000000000 0.329183086 0.670816914
Q:/rrcrcf: 0.000000000 0.257428017 0.742571983
Q:/rrcrfc: 0.000000000 0.480596806 0.519403194
Q:/rrcrff: 0.000000000 0.332273718 0.667726282
T:/cc: 0.000000000 1.000000000 0.000000000
T:/cccrcc: 0.154604569 0.421227329 0.424168102
T:/cccrccrccr: 0.000000000 0.493441764 0.506558236
T:/cccrccrcfr: 0.000000000 0.398906719 0.601093281
T:/cccrccrcrc: 0.000000000 0.711290377 0.288709623
T:/cccrccrcrf: 0.000000000 0.355283139 0.644716861
T:/cccrccrfcr: 0.000000000 0.705184695 0.294815305
T:/cccrccrffr: 0.000000000 0.540797324 0.459202676
T:/cccrccrfrc: 0.000000000 0.773582780 0.226417220
T:/cccrccrfrf: 0.000000000 0.589981520 0.410018480
T:/cccrccrrcc: 0.000000000 0.585640550 0.414359450
T:/cccrccrrcf: 0.000000000 0.491076373 0.508923627
T:/cccrccrrfc: 0.000000000 0.219120034 0.780879966
T:/cccrccrrff: 0.000000000 0.382658771 0.617341229
T:/cccrcf: 0.000000000 0.207413725 0.792586275
T:/cccrcfrcr: 0.000000000 0.526670793 0.473329207
T:/cccrcfrfr: 0.000000000 0.183934733 0.816065267
T:/cccrcfrrc: 0.000000000 0.234910457 0.765089543
T:/cccrcfrrf: 0.000000000 0.432623951 0.567376049
T:/cccrcr: 0.000000000 0.218524935 0.781475065
T:/cccrcrccrc: 0.000000000 0.479413823 0.520586177
T:/cccrcrccrf: 0.000000000 0.418316566 0.581683434
T:/cccrcrcfrc: 0.000000000 0.475152827 0.524847173
T:/cccrcrcfrf: 0.000000000 0.183590336 0.816409664
T:/cccrcrcrcc: 0.000000000 0.249235914 0.750764086
T:/cccrcrcrcf: 0.000000000 0.841952511 0.158047489
T:/cccrcrcrfc: 0.000000000 0.760380352 0.239619648
T:/cccrcrcrff: 0.000000000 0.383830322 0.616169678
T:/cccrfc: 0.000000000 0.000000000 1.000000000
T:/cccrfcrcr: 0.000000000 0.459548625 0.540451375
T:/cccrfcrfr: 0.000000000 0.635364729 0.364635271
T:/cccrfcrrc: 0.000000000 0.458577347 0.541422653
T:/cccrfcrrf: 0.000000000 0.581350291 0.418649709
T:/cccrff: 0.000008004 0.000000000 0.999991996
T:/cccrffrr: 0.000000000 0.000000000 1.000000000
T:/cccrfr: 0.000000000 0.000000000 1.000000000
T:/cccrfrcrc: 0.000000000 0.000000000 1.000000000
T:/cccrfrcrf: 0.000000000 0.494230831 0.505769169
T:/cccrrc: 0.050118847 0.517227955 0.432653197
T:/cccrrccrcc: 0.000000000 0.127521828 0.872478172
T:/cccrrccrcf: 0.000000000 0.556121533 0.443878467
T:/cccrrccrfc: 0.000000000 0.506616944 0.493383056
T:/cccrrccrff: 0.000000000 0.678842431 0.321157569
T:/cccrrf: 0.292927555 0.521664744 0.185407701
T:/cccrrfcrc: 0.000000000 0.652577265 0.347422735
T:/cccrrfcrf: 0.000000000 0.090385673 0.909614327
T:/cccrrr: 0.000000000 0.274841590 0.725158410
T:/ccrccr: 0.029215022 0.000021385 0.970763593
T:/ccrccrccrc: 0.000000000 0.744225013 0.255774987
T:/ccrccrccrf: 0.000000000 0.031911715 0.968088285
T:/ccrccrcfrc: 0.000000000 0.188153184 0.811846816
T:/ccrccrcfrf: 0.000000000 0.487032431 0.512967569
T:/ccrccrcrcc: 0.000000000 0.258461877 0.741538123
T:/ccrccrcrcf: 0.000000000 0.527199134 0.472800866
T:/ccrccrcrfc: 0.000000000 0.266256824 0.733743176
T:/ccrccrcrff: 0.000000000 0.670425817 0.329574183
T:/ccrcfr: 0.000181273 0.000000000 0.999818727
T:/ccrcfrcrc: 0.000000000 0.445603342 0.554396658
T:/ccrcfrcrf: 0.000000000 0.440261300 0.559738700
T:/ccrcrc: 0.119044412 0.610817894 0.270137693
T:/ccrcrccrcc: 0.000000000 0.581452745 0.418547255
T:/ccrcrccrcf: 0.000000000 0.532272056 0.467727944
T:/ccrcrccrfc: 0.000000000 0.466822875 0.533177125
T:/ccrcrccrff: 0.000000000 0.267836054 0.732163946
T:/ccrcrf: 0.272328731 0.181785449 0.545885820
T:/ccrcrfcrc: 0.000000000 0.440375495 0.559624505
T:/ccrcrfcrf: 0.000000000 0.549505691 0.450494309
T:/ccrcrr: 0.000000000 0.773559743 0.226440257
T:/ccrfcr: 0.000000000 0.018563054 0.981436946
T:/ccrfcrcrc: 0.000000000 0.123248637 0.876751363
T:/ccrfcrcrf: 0.000000000 0.392793328 0.607206672
T:/ccrffr: 0.000000000 0.000000000 1.000000000
T:/ccrfrc: 0.000000000 0.028821742 0.971178258
T:/ccrfrf: 0.433492114 0.059340726 0.507167160
T:/ccrfrr: 0.000000000 0.000000000 1.000000000
T:/ccrrcc: 0.136229891 0.320122108 0.543648002
T:/ccrrcf: 0.397019424 0.164461770 0.438518806
T:/ccrrcr: 0.000000000 0.335442372 0.664557628
T:/ccrrfc: 0.000445455 0.045271359 0.954283186
T:/ccrrff: 0.039794777 0.000000000 0.960205223
T:/ccrrfr: 0.000000000 0.000000000 1.000000000
T:/ccrrrc: 0.000000000 0.620235504 0.379764496
T:/ccrrrf: 0.000000000 0.619863702 0.380136298
T:/cr: 0.000000000 0.000000000 1.000000000
T:/crccrc: 0.291161129 0.358224602 0.350614269
T:/crccrccrcc: 0.000000000 0.492525926 0.507474074
T:/crccrccrcf: 0.000000000 0.564429879 0.435570121
T:/crccrccrfc: 0.000000000 0.581649161 0.418350839
T:/crccrccrff: 0.000000000 0.617848341 0.382151659
T:/crccrf: 0.052893041 0.294215523 0.652891436
T:/crccrfcrc: 0.000000000 0.252261263 0.747738737
T:/crccrfcrf: 0.000000000 0.830473171 0.169526829
T:/crccrr: 0.000000000 0.323709546 0.676290454
T:/crcfrc: 0.743214663 0.256785337 0.000000000
T:/crcfrf: 0.567845067 0.422768133 0.009386800
T:/crcfrr: 0.000000000 0.323600505 0.676399495
T:/crcrcc: 0.489146608 0.000000000 0.510853392
T:/crcrcf: 0.115246977 0.374909583 0.509843440
T:/crcrcr: 0.000000000 0.654755156 0.345244844
T:/crcrfc: 0.288181164 0.117710181 0.594108655
T:/crcrff: 0.895139209 0.000000000 0.104860791
T:/crcrfr: 0.000000000 0.377003142 0.622996858
T:/crcrrc: 0.000000000 0.604179441 0.395820559
T:/crcrrf: 0.000000000 0.607831807 0.392168193
T:/crrccr: 0.000000000 0.354026791 0.645973209
T:/crrcfr: 0.000000000 0.084465255 0.915534745
T:/crrcrc: 0.000000000 0.543920770 0.456079230
T:/crrcrf: 0.000000000 0.195233124 0.804766876
T:/crrfcr: 0.000000000 0.252368780 0.747631220
T:/crrffr: 0.000000000 0.633987748 0.366012252
T:/crrfrc: 0.000000000 0.000000000 1.000000000
T:/crrfrf: 0.000000000 0.001456026 0.998543974
T:/crrrcc: 0.000000000 0.000000000 1.000000000
T:/crrrcf: 0.000000000 0.218529469 0.781470531
T:/crrrfc: 0.000000000 0.360807549 0.639192451
T:/crrrff: 0.000000000 0.387956605 0.612043395
T:/rc: 0.000000000 0.000000000 1.000000000
T:/rccrcc: 0.078494427 0.349674692 0.571830881
T:/rccrcf: 0.263029997 0.311194042 0.425775960
T:/rccrcr: 0.000000000 0.000000000 1.000000000
T:/rccrfc: 0.310026165 0.251477577 0.438496258
T:/rccrff: 0.269099001 0.363528020 0.367372979
T:/rccrfr: 0.000000000 0.000000000 1.000000000
T:/rccrrc: 0.000000000 0.000000000 1.000000000
T:/rccrrf: 0.000000000 0.303466082 0.696533918
T:/rcrccr: 0.000000000 0.383700116 0.616299884
T:/rcrcfr: 0.000000000 0.377119055 0.622880945
T:/rcrcrc: 0.000000000 0.738485582 0.261514418
T:/rcrcrf: 0.000000000 0.579668859 0.420331141
T:/rcrfcr: 0.000000000 0.190305334 0.809694666
T:/rcrffr: 0.000000000 0.000000000 1.000000000
T:/rcrfrc: 0.000000000 0.117515338 0.882484662
T:/rcrfrf: 0.000000000 0.521524523 0.478475477
T:/rcrrcc: 0.000000000 0.706305038 0.293694962
T:/rcrrcf: 0.000000000 0.747194812 0.252805188
T:/rcrrfc: 0.000000000 0.519098708 0.480901292
T:/rcrrff: 0.000000000 0.719496696 0.280503304
T:/rf: 0.000000536 0.000000000 0.999999464
T:/rfcrc: 0.000000000 0.237472156 0.762527844
T:/rfcrf: 0.118008755 0.391083690 0.490907555
T:/rfcrr: 0.000000000 0.000000000 1.000000000
T:/rfrcr: 0.000000000 0.283041231 0.716958769
T:/rfrfr: 0.000000000 0.241481105 0.758518895
T:/rfrrc: 0.000000000 0.098495082 0.901504918
T:/rfrrf: 0.000000000 0.276155523 0.723844477
T:/rr: 0.000000000 0.000000000 1.000000000
T:/rrccrc: 0.000000000 0.002934452 0.997065548
T:/rrccrf: 0.000000000 0.238874184 0.761125816
T:/rrcfrc: 0.000000000 0.438320266 0.561679734
T:/rrcfrf: 0.000000000 0.433694661 0.566305339
T:/rrcrcc: 0.000000000 0.454480116 0.545519884
T:/rrcrcf: 0.000000000 0.563699894 0.436300106
T:/rrcrfc: 0.000000000 0.747402467 0.252597533
T:/rrcrff: 0.000000000 0.614782655 0.385217345
