8:/: 0.000064930 0.999935070 0.000000000
8:/cccr: 0.000000000 0.225629927 0.774370073
8:/ccrc: 0.000000000 0.000000000 1.000000000
8:/ccrf: 0.000000000 0.000000000 1.000000000
8:/crcc: 0.000000000 0.362205551 0.637794449
8:/crcf: 0.000000000 0.657151912 0.342848088
8:/crfc: 0.000000000 0.266337755 0.733662245
8:/crff: 0.000000000 0.141626582 0.858373418
9:/: 0.000151341 0.999848659 0.000000000
9:/cccr: 0.000000000 0.000000000 1.000000000
9:/ccrc: 0.000000000 0.000000000 1.000000000
9:/ccrf: 0.000000000 0.183294226 0.816705774
9:/crcc: 0.000000000 0.535107575 0.464892425
9:/crcf: 0.000000000 0.130826750 0.869173250
9:/crfc: 0.000000000 0.020916280 0.979083720
9:/crff: 0.000000000 0.000000000 1.000000000
A:/: 0.000087167 0.999912833 0.000000000
A:/cccr: 0.000000000 1.000000000 0.000000000
A:/ccrc: 0.000000000 1.000000000 0.000000000
A:/ccrf: 0.000000000 0.983626235 0.016373765
A:/crcc: 0.000000000 1.000000000 0.000000000
A:/crcf: 0.000000000 1.000000000 0.000000000
A:/crfc: 0.000000000 1.000000000 0.000000000
A:/crff: 0.000000000 1.000000000 0.000000000
J:/: 0.000653722 0.999346278 0.000000000
J:/cccr: 0.000000000 0.062255205 0.937744795
J:/ccrc: 0.000000000 0.000000000 1.000000000
J:/ccrf: 0.000000000 0.657114191 0.342885809
J:/crcc: 0.000000000 0.433646665 0.566353335
J:/crcf: 0.000000000 0.021900091 0.978099909
J:/crfc: 0.000000000 0.439222996 0.560777004
J:/crff: 0.000000000 0.333575920 0.666424080
K:/: 0.000625499 0.999374501 0.000000000
K:/cccr: 0.000000000 0.999967617 0.000032383
K:/ccrc: 0.000000000 1.000000000 0.000000000
K:/ccrf: 0.000000000 0.439578496 0.560421504
K:/crcc: 0.000000000 1.000000000 0.000000000
K:/crcf: 0.000000000 1.000000000 0.000000000
K:/crfc: 0.000000000 1.000000000 0.000000000
K:/crff: 0.000000000 1.000000000 0.000000000
Q:/: 0.000936452 0.999063548 0.000000000
Q:/cccr: 0.000000000 0.876739547 0.123260453
Q:/ccrc: 0.000000000 0.403846084 0.596153916
Q:/ccrf: 0.000000000 0.207242349 0.792757651
Q:/crcc: 0.000000000 0.788072212 0.211927788
Q:/crcf: 0.000000000 0.778798248 0.221201752
Q:/crfc: 0.000000000 0.447568432 0.552431568
Q:/crff: 0.000000000 0.770405110 0.229594890
T:/: 0.000449898 0.999550102 0.000000000
T:/cccr: 0.000000000 0.160188980 0.839811020
T:/ccrc: 0.000000000 0.000000000 1.000000000
T:/ccrf: 0.000000000 0.321489739 0.678510261
T:/crcc: 0.000000000 0.469764395 0.530235605
T:/crcf: 0.000000000 0.333969377 0.666030623
T:/crfc: 0.000000000 0.312055314 0.687944686
T:/crff: 0.000000000 0.335425987 0.664574013
