A:/: 0.998192014 0.001807986 0.000000000
A:/ccr: 0.000000000 1.000000000 0.000000000
A:/crc: 0.000000000 1.000000000 0.000000000
A:/crf: 0.000000000 0.999251361 0.000748639
AJ:/ccc/: 0.998182594 0.001817406 0.000000000
AJ:/ccc/ccr: 0.000000000 0.536447829 0.463552171
AJ:/ccc/crc: 0.000000000 1.000000000 0.000000000
AJ:/ccc/crf: 0.000000000 0.172944120 0.827055880
AJ:/ccrcc/: 0.918552551 0.081447449 0.000000000
AJ:/ccrcc/ccr: 0.000000000 0.670872308 0.329127692
AJ:/ccrcc/crc: 0.000000000 0.850089676 0.149910324
AJ:/ccrcc/crf: 0.000000000 0.541185644 0.458814356
AJ:/ccrcf/: 0.288205640 0.711794360 0.000000000
AJ:/ccrcf/cr: 0.000000000 0.230510826 0.769489174
AJ:/crcc/: 0.293624898 0.706375102 0.000000000
AJ:/crcc/ccr: 0.000000000 1.000000000 0.000000000
AJ:/crcc/crc: 0.000000000 0.998847063 0.001152937
AJ:/crcc/crf: 0.000000000 0.319667575 0.680332425
AJ:/crfc/: 0.767205446 0.232794554 0.000000000
AJ:/crfc/cr: 0.000000000 1.000000000 0.000000000
AJ:/rcc/: 0.999794472 0.000205528 0.000000000
AJ:/rcc/ccr: 0.000000000 0.999999393 0.000000607
AJ:/rcc/crc: 0.000000000 0.996292395 0.003707605
AJ:/rcc/crf: 0.000000000 0.915984830 0.084015170
AJ:/rcf/: 0.999830844 0.000169156 0.000000000
AJ:/rcf/cr: 0.000000000 0.999158595 0.000841405
AJ:/rfc/: 0.935694186 0.064305814 0.000000000
AJ:/rfc/cr: 0.000000000 0.989876699 0.010123301
AK:/ccc/: 1.000000000 0.000000000 0.000000000
AK:/ccc/ccr: 0.000000000 0.479439003 0.520560997
AK:/ccc/crc: 0.000000000 1.000000000 0.000000000
AK:/ccc/crf: 0.000000000 0.999206747 0.000793253
AK:/ccrcc/: 0.777551658 0.222448342 0.000000000
AK:/ccrcc/ccr: 0.000000000 0.436282686 0.563717314
AK:/ccrcc/crc: 0.000000000 0.455340411 0.544659589
AK:/ccrcc/crf: 0.000000000 0.377407909 0.622592091
AK:/ccrcf/: 0.600705872 0.399294128 0.000000000
AK:/ccrcf/cr: 0.000000000 0.171565570 0.828434430
AK:/crcc/: 0.898236649 0.101763351 0.000000000
AK:/crcc/ccr: 0.000000000 0.999937846 0.000062154
AK:/crcc/crc: 0.000000000 1.000000000 0.000000000
AK:/crcc/crf: 0.000000000 1.000000000 0.000000000
AK:/crfc/: 0.138977201 0.861022799 0.000000000
AK:/crfc/cr: 0.000000000 1.000000000 0.000000000
AK:/rcc/: 0.961473754 0.038526246 0.000000000
AK:/rcc/ccr: 0.000000000 0.060651913 0.939348087
AK:/rcc/crc: 0.000000000 0.511054003 0.488945997
AK:/rcc/crf: 0.000000000 0.802451337 0.197548663
AK:/rcf/: 0.710336055 0.289663945 0.000000000
AK:/rcf/cr: 0.000000000 1.000000000 0.000000000
AK:/rfc/: 0.648600116 0.351399884 0.000000000
AK:/rfc/cr: 0.000000000 0.130368749 0.869631251
AQ:/ccc/: 0.999986405 0.000013595 0.000000000
AQ:/ccc/ccr: 0.000000000 1.000000000 0.000000000
AQ:/ccc/crc: 0.000000000 1.000000000 0.000000000
AQ:/ccc/crf: 0.000000000 1.000000000 0.000000000
AQ:/ccrcc/: 0.590250748 0.409749252 0.000000000
AQ:/ccrcc/ccr: 0.000000000 0.999288865 0.000711135
AQ:/ccrcc/crc: 0.000000000 0.744649039 0.255350961
AQ:/ccrcc/crf: 0.000000000 0.937154238 0.062845762
AQ:/ccrcf/: 0.329943614 0.670056386 0.000000000
AQ:/ccrcf/cr: 0.000000000 0.714494436 0.285505564
AQ:/crcc/: 0.438392166 0.561607834 0.000000000
AQ:/crcc/ccr: 0.000000000 0.638606469 0.361393531
AQ:/crcc/crc: 0.000000000 0.999555935 0.000444065
AQ:/crcc/crf: 0.000000000 0.998262567 0.001737433
AQ:/crfc/: 0.992560305 0.007439695 0.000000000
AQ:/crfc/cr: 0.000000000 0.928684253 0.071315747
AQ:/rcc/: 0.999479535 0.000520465 0.000000000
AQ:/rcc/ccr: 0.000000000 1.000000000 0.000000000
AQ:/rcc/crc: 0.000000000 0.887504910 0.112495090
AQ:/rcc/crf: 0.000000000 0.827041777 0.172958223
AQ:/rcf/: 0.999786998 0.000213002 0.000000000
AQ:/rcf/cr: 0.000000000 0.999723338 0.000276662
AQ:/rfc/: 0.575796669 0.424203331 0.000000000
AQ:/rfc/cr: 0.000000000 0.678610954 0.321389046
AT:/ccc/: 0.967015349 0.032984651 0.000000000
AT:/ccc/ccr: 0.000000000 1.000000000 0.000000000
AT:/ccc/crc: 0.000000000 0.895406995 0.104593005
AT:/ccc/crf: 0.000000000 0.956762058 0.043237942
AT:/ccrcc/: 0.606914225 0.393085775 0.000000000
AT:/ccrcc/ccr: 0.000000000 0.879038327 0.120961673
AT:/ccrcc/crc: 0.000000000 0.411755343 0.588244657
AT:/ccrcc/crf: 0.000000000 0.999357636 0.000642364
AT:/ccrcf/: 0.724983337 0.275016663 0.000000000
AT:/ccrcf/cr: 0.000000000 0.372667696 0.627332304
AT:/crcc/: 0.663341372 0.336658628 0.000000000
AT:/crcc/ccr: 0.000000000 1.000000000 0.000000000
AT:/crcc/crc: 0.000000000 0.998898206 0.001101794
AT:/crcc/crf: 0.000000000 0.677890833 0.322109167
AT:/crfc/: 0.026846685 0.973153315 0.000000000
AT:/crfc/cr: 0.000000000 0.229807695 0.770192305
AT:/rcc/: 0.833124810 0.166875190 0.000000000
AT:/rcc/ccr: 0.000000000 0.209831853 0.790168147
AT:/rcc/crc: 0.000000000 0.878549752 0.121450248
AT:/rcc/crf: 0.000000000 0.861344537 0.138655463
AT:/rcf/: 0.999653784 0.000346216 0.000000000
AT:/rcf/cr: 0.000000000 0.999535849 0.000464151
AT:/rfc/: 0.960841806 0.039158194 0.000000000
AT:/rfc/cr: 0.000000000 0.505545647 0.494454353
J:/: 0.999222164 0.000777836 0.000000000
J:/ccr: 0.000000000 0.998894740 0.001105260
J:/crc: 0.000000000 0.001876608 0.998123392
J:/crf: 0.000000000 1.000000000 0.000000000
JA:/ccc/: 0.098831819 0.901168181 0.000000000
JA:/ccc/ccr: 0.000000000 0.376799813 0.623200187
JA:/ccc/crc: 0.000000000 0.510520340 0.489479660
JA:/ccc/crf: 0.000000000 0.000000000 1.000000000
JA:/ccrcc/: 0.332541671 0.667458329 0.000000000
JA:/ccrcc/ccr: 0.000000000 0.474985029 0.525014971
JA:/ccrcc/crc: 0.000000000 0.256431201 0.743568799
JA:/ccrcc/crf: 0.000000000 0.119208955 0.880791045
JA:/ccrcf/: 0.705901628 0.294098372 0.000000000
JA:/ccrcf/cr: 0.000000000 0.823545290 0.176454710
JA:/crcc/: 0.316408005 0.683591995 0.000000000
JA:/crcc/ccr: 0.000000000 0.999999186 0.000000814
JA:/crcc/crc: 0.000000000 0.250288360 0.749711640
JA:/crcc/crf: 0.000000000 0.806937228 0.193062772
JA:/crfc/: 0.058429935 0.941570065 0.000000000
JA:/crfc/cr: 0.000000000 0.000000000 1.000000000
JA:/rcc/: 0.059279338 0.940720662 0.000000000
JA:/rcc/ccr: 0.000000000 0.831944265 0.168055735
JA:/rcc/crc: 0.000000000 0.139568750 0.860431250
JA:/rcc/crf: 0.000000000 0.277759263 0.722240737
JA:/rcf/: 0.000000000 1.000000000 0.000000000
JA:/rcf/cr: 0.000000000 0.523286060 0.476713940
JA:/rfc/: 0.396422810 0.603577190 0.000000000
JA:/rfc/cr: 0.000000000 0.214191194 0.785808806
JK:/ccc/: 0.999927886 0.000072114 0.000000000
JK:/ccc/ccr: 0.000000000 0.589593637 0.410406363
JK:/ccc/crc: 0.000000000 0.284844387 0.715155613
JK:/ccc/crf: 0.000000000 0.386305397 0.613694603
JK:/ccrcc/: 0.195411088 0.804588912 0.000000000
JK:/ccrcc/ccr: 0.000000000 0.576484048 0.423515952
JK:/ccrcc/crc: 0.000000000 0.314107196 0.685892804
JK:/ccrcc/crf: 0.000000000 0.608280445 0.391719555
JK:/ccrcf/: 0.382747497 0.617252503 0.000000000
JK:/ccrcf/cr: 0.000000000 0.268213584 0.731786416
JK:/crcc/: 0.000000000 1.000000000 0.000000000
JK:/crcc/ccr: 0.000000000 1.000000000 0.000000000
JK:/crcc/crc: 0.000000000 0.439220418 0.560779582
JK:/crcc/crf: 0.000000000 0.999758378 0.000241622
JK:/crfc/: 0.000090134 0.999909866 0.000000000
JK:/crfc/cr: 0.000000000 0.000000000 1.000000000
JK:/rcc/: 0.967784115 0.032215885 0.000000000
JK:/rcc/ccr: 0.000000000 1.000000000 0.000000000
JK:/rcc/crc: 0.000000000 0.568650946 0.431349054
JK:/rcc/crf: 0.000000000 0.167501952 0.832498048
JK:/rcf/: 0.000000000 1.000000000 0.000000000
JK:/rcf/cr: 0.000000000 0.587366155 0.412633845
JK:/rfc/: 0.914366733 0.085633267 0.000000000
JK:/rfc/cr: 0.000000000 0.900594544 0.099405456
JQ:/ccc/: 1.000000000 0.000000000 0.000000000
JQ:/ccc/ccr: 0.000000000 0.770235807 0.229764193
JQ:/ccc/crc: 0.000000000 0.767455730 0.232544270
JQ:/ccc/crf: 0.000000000 0.606936595 0.393063405
JQ:/ccrcc/: 0.265930126 0.734069874 0.000000000
JQ:/ccrcc/ccr: 0.000000000 0.335652613 0.664347387
JQ:/ccrcc/crc: 0.000000000 0.227218555 0.772781445
JQ:/ccrcc/crf: 0.000000000 0.264776070 0.735223930
JQ:/ccrcf/: 0.459674222 0.540325778 0.000000000
JQ:/ccrcf/cr: 0.000000000 0.540627933 0.459372067
JQ:/crcc/: 0.999100078 0.000899922 0.000000000
JQ:/crcc/ccr: 0.000000000 0.000000000 1.000000000
JQ:/crcc/crc: 0.000000000 0.000033053 0.999966947
JQ:/crcc/crf: 0.000000000 0.864562391 0.135437609
JQ:/crfc/: 0.000030449 0.999969551 0.000000000
JQ:/crfc/cr: 0.000000000 0.000053628 0.999946372
JQ:/rcc/: 1.000000000 0.000000000 0.000000000
JQ:/rcc/ccr: 0.000000000 0.893678333 0.106321667
JQ:/rcc/crc: 0.000000000 0.000184382 0.999815618
JQ:/rcc/crf: 0.000000000 0.199318893 0.800681107
JQ:/rcf/: 0.096233146 0.903766854 0.000000000
JQ:/rcf/cr: 0.000000000 0.000000000 1.000000000
JQ:/rfc/: 0.404371151 0.595628849 0.000000000
JQ:/rfc/cr: 0.000000000 0.752498117 0.247501883
JT:/ccc/: 0.112193224 0.887806776 0.000000000
JT:/ccc/ccr: 0.000000000 0.249280341 0.750719659
JT:/ccc/crc: 0.000000000 0.080909331 0.919090669
JT:/ccc/crf: 0.000000000 0.000000000 1.000000000
JT:/ccrcc/: 0.000000000 1.000000000 0.000000000
JT:/ccrcc/ccr: 0.000000000 0.300182396 0.699817604
JT:/ccrcc/crc: 0.000000000 0.005287552 0.994712448
JT:/ccrcc/crf: 0.000000000 0.420952325 0.579047675
JT:/ccrcf/: 0.285628672 0.714371328 0.000000000
JT:/ccrcf/cr: 0.000000000 0.711328220 0.288671780
JT:/crcc/: 0.982358463 0.017641537 0.000000000
JT:/crcc/ccr: 0.000000000 0.000000000 1.000000000
JT:/crcc/crc: 0.000000000 0.000128786 0.999871214
JT:/crcc/crf: 0.000000000 0.000055771 0.999944229
JT:/crfc/: 0.142057329 0.857942671 0.000000000
JT:/crfc/cr: 0.000000000 0.276812682 0.723187318
JT:/rcc/: 0.999941169 0.000058831 0.000000000
JT:/rcc/ccr: 0.000000000 1.000000000 0.000000000
JT:/rcc/crc: 0.000000000 0.746853986 0.253146014
JT:/rcc/crf: 0.000000000 0.000000000 1.000000000
JT:/rcf/: 0.377501110 0.622498890 0.000000000
JT:/rcf/cr: 0.000000000 0.000000000 1.000000000
JT:/rfc/: 0.403488464 0.596511536 0.000000000
JT:/rfc/cr: 0.000000000 0.573804559 0.426195441
K:/: 0.998125843 0.001874157 0.000000000
K:/ccr: 0.000000000 0.998712012 0.001287988
K:/crc: 0.000000000 1.000000000 0.000000000
K:/crf: 0.000000000 1.000000000 0.000000000
KA:/ccc/: 0.291844828 0.708155172 0.000000000
KA:/ccc/ccr: 0.000000000 0.071315527 0.928684473
KA:/ccc/crc: 0.000000000 0.995502940 0.004497060
KA:/ccc/crf: 0.000000000 0.990577237 0.009422763
KA:/ccrcc/: 0.436301128 0.563698872 0.000000000
KA:/ccrcc/ccr: 0.000000000 0.885351721 0.114648279
KA:/ccrcc/crc: 0.000000000 0.984155865 0.015844135
KA:/ccrcc/crf: 0.000000000 0.075653567 0.924346433
KA:/ccrcf/: 0.442569604 0.557430396 0.000000000
KA:/ccrcf/cr: 0.000000000 0.510819788 0.489180212
KA:/crcc/: 0.135366470 0.864633530 0.000000000
KA:/crcc/ccr: 0.000000000 0.179575293 0.820424707
KA:/crcc/crc: 0.000000000 1.000000000 0.000000000
KA:/crcc/crf: 0.000000000 0.999915802 0.000084198
KA:/crfc/: 0.853694264 0.146305736 0.000000000
KA:/crfc/cr: 0.000000000 1.000000000 0.000000000
KA:/rcc/: 0.814520600 0.185479400 0.000000000
KA:/rcc/ccr: 0.000000000 1.000000000 0.000000000
KA:/rcc/crc: 0.000000000 1.000000000 0.000000000
KA:/rcc/crf: 0.000000000 0.788599385 0.211400615
KA:/rcf/: 0.742253236 0.257746764 0.000000000
KA:/rcf/cr: 0.000000000 0.998970275 0.001029725
KA:/rfc/: 0.540379641 0.459620359 0.000000000
KA:/rfc/cr: 0.000000000 0.551124991 0.448875009
KJ:/ccc/: 0.999780383 0.000219617 0.000000000
KJ:/ccc/ccr: 0.000000000 0.639591906 0.360408094
KJ:/ccc/crc: 0.000000000 0.653997274 0.346002726
KJ:/ccc/crf: 0.000000000 0.391619217 0.608380783
KJ:/ccrcc/: 0.999990493 0.000009507 0.000000000
KJ:/ccrcc/ccr: 0.000000000 0.479283910 0.520716090
KJ:/ccrcc/crc: 0.000000000 0.602688520 0.397311480
KJ:/ccrcc/crf: 0.000000000 0.821592294 0.178407706
KJ:/ccrcf/: 0.543275374 0.456724626 0.000000000
KJ:/ccrcf/cr: 0.000000000 0.254898554 0.745101446
KJ:/crcc/: 1.000000000 0.000000000 0.000000000
KJ:/crcc/ccr: 0.000000000 0.000000000 1.000000000
KJ:/crcc/crc: 0.000000000 0.074388592 0.925611408
KJ:/crcc/crf: 0.000000000 1.000000000 0.000000000
KJ:/crfc/: 0.999994568 0.000005432 0.000000000
KJ:/crfc/cr: 0.000000000 1.000000000 0.000000000
KJ:/rcc/: 0.999740180 0.000259820 0.000000000
KJ:/rcc/ccr: 0.000000000 0.036714238 0.963285762
KJ:/rcc/crc: 0.000000000 0.414510042 0.585489958
KJ:/rcc/crf: 0.000000000 0.823267676 0.176732324
KJ:/rcf/: 0.350613935 0.649386065 0.000000000
KJ:/rcf/cr: 0.000000000 0.834354588 0.165645412
KJ:/rfc/: 0.068875886 0.931124114 0.000000000
KJ:/rfc/cr: 0.000000000 0.754256784 0.245743216
KQ:/ccc/: 0.849025868 0.150974132 0.000000000
KQ:/ccc/ccr: 0.000000000 0.999723838 0.000276162
KQ:/ccc/crc: 0.000000000 1.000000000 0.000000000
KQ:/ccc/crf: 0.000000000 1.000000000 0.000000000
KQ:/ccrcc/: 0.189774459 0.810225541 0.000000000
KQ:/ccrcc/ccr: 0.000000000 0.964078748 0.035921252
KQ:/ccrcc/crc: 0.000000000 0.499356582 0.500643418
KQ:/ccrcc/crf: 0.000000000 0.144241925 0.855758075
KQ:/ccrcf/: 0.271750575 0.728249425 0.000000000
KQ:/ccrcf/cr: 0.000000000 0.420906684 0.579093316
KQ:/crcc/: 0.000000000 1.000000000 0.000000000
KQ:/crcc/ccr: 0.000000000 0.000000000 1.000000000
KQ:/crcc/crc: 0.000000000 0.000000000 1.000000000
KQ:/crcc/crf: 0.000000000 0.104845178 0.895154822
KQ:/crfc/: 0.560018509 0.439981491 0.000000000
KQ:/crfc/cr: 0.000000000 0.678830190 0.321169810
KQ:/rcc/: 0.999994907 0.000005093 0.000000000
KQ:/rcc/ccr: 0.000000000 0.611055923 0.388944077
KQ:/rcc/crc: 0.000000000 0.608264167 0.391735833
KQ:/rcc/crf: 0.000000000 0.999973206 0.000026794
KQ:/rcf/: 0.211462620 0.788537380 0.000000000
KQ:/rcf/cr: 0.000000000 0.834423205 0.165576795
KQ:/rfc/: 0.136047268 0.863952732 0.000000000
KQ:/rfc/cr: 0.000000000 0.322272223 0.677727777
KT:/ccc/: 0.458358426 0.541641574 0.000000000
KT:/ccc/ccr: 0.000000000 0.539226438 0.460773562
KT:/ccc/crc: 0.000000000 0.562515775 0.437484225
KT:/ccc/crf: 0.000000000 0.216960243 0.783039757
KT:/ccrcc/: 0.376382486 0.623617514 0.000000000
KT:/ccrcc/ccr: 0.000000000 0.160921963 0.839078037
KT:/ccrcc/crc: 0.000000000 0.607048824 0.392951176
KT:/ccrcc/crf: 0.000000000 0.852763055 0.147236945
KT:/ccrcf/: 0.362536345 0.637463655 0.000000000
KT:/ccrcf/cr: 0.000000000 0.842308250 0.157691750
KT:/crcc/: 0.155262754 0.844737246 0.000000000
KT:/crcc/ccr: 0.000000000 0.255174072 0.744825928
KT:/crcc/crc: 0.000000000 1.000000000 0.000000000
KT:/crcc/crf: 0.000000000 1.000000000 0.000000000
KT:/crfc/: 0.088726450 0.911273550 0.000000000
KT:/crfc/cr: 0.000000000 0.421680137 0.578319863
KT:/rcc/: 1.000000000 0.000000000 0.000000000
KT:/rcc/ccr: 0.000000000 0.628336890 0.371663110
KT:/rcc/crc: 0.000000000 0.652040067 0.347959933
KT:/rcc/crf: 0.000000000 0.257342041 0.742657959
KT:/rcf/: 0.201643128 0.798356872 0.000000000
KT:/rcf/cr: 0.000000000 0.833622131 0.166377869
KT:/rfc/: 0.623207189 0.376792811 0.000000000
KT:/rfc/cr: 0.000000000 0.604061069 0.395938931
Q:/: 1.000000000 0.000000000 0.000000000
Q:/ccr: 0.000000000 0.998079196 0.001920804
Q:/crc: 0.000000000 0.122287202 0.877712798
Q:/crf: 0.000000000 0.932151682 0.067848318
QA:/ccc/: 0.000095796 0.999904204 0.000000000
QA:/ccc/ccr: 0.000000000 0.333630848 0.666369152
QA:/ccc/crc: 0.000000000 0.515940030 0.484059970
QA:/ccc/crf: 0.000000000 0.984099566 0.015900434
QA:/ccrcc/: 0.337579360 0.662420640 0.000000000
QA:/ccrcc/ccr: 0.000000000 0.254670989 0.745329011
QA:/ccrcc/crc: 0.000000000 0.422480198 0.577519802
QA:/ccrcc/crf: 0.000000000 0.022401514 0.977598486
QA:/ccrcf/: 0.411782714 0.588217286 0.000000000
QA:/ccrcf/cr: 0.000000000 0.507349707 0.492650293
QA:/crcc/: 0.000000000 1.000000000 0.000000000
QA:/crcc/ccr: 0.000000000 0.784307783 0.215692217
QA:/crcc/crc: 0.000000000 0.000095492 0.999904508
QA:/crcc/crf: 0.000000000 1.000000000 0.000000000
QA:/crfc/: 0.209216325 0.790783675 0.000000000
QA:/crfc/cr: 0.000000000 0.000000000 1.000000000
QA:/rcc/: 0.999700997 0.000299003 0.000000000
QA:/rcc/ccr: 0.000000000 0.678374693 0.321625307
QA:/rcc/crc: 0.000000000 0.454404622 0.545595378
QA:/rcc/crf: 0.000000000 0.999943622 0.000056378
QA:/rcf/: 0.000018341 0.999981659 0.000000000
QA:/rcf/cr: 0.000000000 0.999536466 0.000463534
QA:/rfc/: 0.732946214 0.267053786 0.000000000
QA:/rfc/cr: 0.000000000 0.617396297 0.382603703
QJ:/ccc/: 0.999887734 0.000112266 0.000000000
QJ:/ccc/ccr: 0.000000000 0.650678562 0.349321438
QJ:/ccc/crc: 0.000000000 0.000000000 1.000000000
QJ:/ccc/crf: 0.000000000 0.358865158 0.641134842
QJ:/ccrcc/: 0.440378312 0.559621688 0.000000000
QJ:/ccrcc/ccr: 0.000000000 0.102522442 0.897477558
QJ:/ccrcc/crc: 0.000000000 0.208763768 0.791236232
QJ:/ccrcc/crf: 0.000000000 0.394821793 0.605178207
QJ:/ccrcf/: 0.536197657 0.463802343 0.000000000
QJ:/ccrcf/cr: 0.000000000 0.260811914 0.739188086
QJ:/crcc/: 0.000000000 1.000000000 0.000000000
QJ:/crcc/ccr: 0.000000000 0.000000000 1.000000000
QJ:/crcc/crc: 0.000000000 0.586012401 0.413987599
QJ:/crcc/crf: 0.000000000 0.633286476 0.366713524
QJ:/crfc/: 0.901223916 0.098776084 0.000000000
QJ:/crfc/cr: 0.000000000 0.000046041 0.999953959
QJ:/rcc/: 1.000000000 0.000000000 0.000000000
QJ:/rcc/ccr: 0.000000000 0.550138501 0.449861499
QJ:/rcc/crc: 0.000000000 0.000000000 1.000000000
QJ:/rcc/crf: 0.000000000 0.306810706 0.693189294
QJ:/rcf/: 0.131480419 0.868519581 0.000000000
QJ:/rcf/cr: 0.000000000 0.000000000 1.000000000
QJ:/rfc/: 0.539389003 0.460610997 0.000000000
QJ:/rfc/cr: 0.000000000 0.178041751 0.821958249
QK:/ccc/: 0.645790439 0.354209561 0.000000000
QK:/ccc/ccr: 0.000000000 0.999914999 0.000085001
QK:/ccc/crc: 0.000000000 0.844912173 0.155087827
QK:/ccc/crf: 0.000000000 0.999405555 0.000594445
QK:/ccrcc/: 0.312119805 0.687880195 0.000000000
QK:/ccrcc/ccr: 0.000000000 0.005124659 0.994875341
QK:/ccrcc/crc: 0.000000000 0.240714818 0.759285182
QK:/ccrcc/crf: 0.000000000 0.007013277 0.992986723
QK:/ccrcf/: 0.546298058 0.453701942 0.000000000
QK:/ccrcf/cr: 0.000000000 0.633176113 0.366823887
QK:/crcc/: 0.264476506 0.735523494 0.000000000
QK:/crcc/ccr: 0.000000000 0.924937259 0.075062741
QK:/crcc/crc: 0.000000000 0.080827309 0.919172691
QK:/crcc/crf: 0.000000000 0.739688995 0.260311005
QK:/crfc/: 0.484933356 0.515066644 0.000000000
QK:/crfc/cr: 0.000000000 0.000033217 0.999966783
QK:/rcc/: 1.000000000 0.000000000 0.000000000
QK:/rcc/ccr: 0.000000000 0.152042493 0.847957507
QK:/rcc/crc: 0.000000000 0.984128067 0.015871933
QK:/rcc/crf: 0.000000000 0.628705953 0.371294047
QK:/rcf/: 0.362762624 0.637237376 0.000000000
QK:/rcf/cr: 0.000000000 0.999510922 0.000489078
QK:/rfc/: 0.038041605 0.961958395 0.000000000
QK:/rfc/cr: 0.000000000 0.282744766 0.717255234
QT:/ccc/: 0.628903543 0.371096457 0.000000000
QT:/ccc/ccr: 0.000000000 0.561624434 0.438375566
QT:/ccc/crc: 0.000000000 0.204563213 0.795436787
QT:/ccc/crf: 0.000000000 0.808109786 0.191890214
QT:/ccrcc/: 0.293092829 0.706907171 0.000000000
QT:/ccrcc/ccr: 0.000000000 0.749882159 0.250117841
QT:/ccrcc/crc: 0.000000000 0.662893075 0.337106925
QT:/ccrcc/crf: 0.000000000 0.675089323 0.324910677
QT:/ccrcf/: 0.829050803 0.170949197 0.000000000
QT:/ccrcf/cr: 0.000000000 0.316184724 0.683815276
QT:/crcc/: 0.846262949 0.153737051 0.000000000
QT:/crcc/ccr: 0.000000000 0.352500097 0.647499903
QT:/crcc/crc: 0.000000000 0.000059359 0.999940641
QT:/crcc/crf: 0.000000000 0.457149853 0.542850147
QT:/crfc/: 0.000000000 1.000000000 0.000000000
QT:/crfc/cr: 0.000000000 0.561731194 0.438268806
QT:/rcc/: 0.999894826 0.000105174 0.000000000
QT:/rcc/ccr: 0.000000000 0.392755594 0.607244406
QT:/rcc/crc: 0.000000000 0.589803056 0.410196944
QT:/rcc/crf: 0.000000000 0.000000000 1.000000000
QT:/rcf/: 0.003064341 0.996935659 0.000000000
QT:/rcf/cr: 0.000000000 0.000000000 1.000000000
QT:/rfc/: 0.367546175 0.632453825 0.000000000
QT:/rfc/cr: 0.000000000 0.360417961 0.639582039
T:/: 1.000000000 0.000000000 0.000000000
T:/ccr: 0.000000000 0.997963980 0.002036020
T:/crc: 0.000000000 0.000519688 0.999480312
T:/crf: 0.000000000 0.001393841 0.998606159
TA:/ccc/: 0.003067960 0.996932040 0.000000000
TA:/ccc/ccr: 0.000000000 0.039825906 0.960174094
TA:/ccc/crc: 0.000000000 0.000333676 0.999666324
TA:/ccc/crf: 0.000000000 0.000000000 1.000000000
TA:/ccrcc/: 0.050138001 0.949861999 0.000000000
TA:/ccrcc/ccr: 0.000000000 0.132890808 0.867109192
TA:/ccrcc/crc: 0.000000000 0.358616122 0.641383878
TA:/ccrcc/crf: 0.000000000 0.078008874 0.921991126
TA:/ccrcf/: 0.952331057 0.047668943 0.000000000
TA:/ccrcf/cr: 0.000000000 0.362205832 0.637794168
TA:/crcc/: 0.995576002 0.004423998 0.000000000
TA:/crcc/ccr: 0.000000000 1.000000000 0.000000000
TA:/crcc/crc: 0.000000000 0.000000000 1.000000000
TA:/crcc/crf: 0.000000000 0.000155922 0.999844078
TA:/crfc/: 0.883701906 0.116298094 0.000000000
TA:/crfc/cr: 0.000000000 0.675914150 0.324085850
TA:/rcc/: 0.000000000 1.000000000 0.000000000
TA:/rcc/ccr: 0.000000000 0.904449365 0.095550635
TA:/rcc/crc: 0.000000000 0.000000000 1.000000000
TA:/rcc/crf: 0.000000000 0.781745774 0.218254226
TA:/rcf/: 0.276481093 0.723518907 0.000000000
TA:/rcf/cr: 0.000000000 0.000000000 1.000000000
TA:/rfc/: 0.826524748 0.173475252 0.000000000
TA:/rfc/cr: 0.000000000 0.461121247 0.538878753
TJ:/ccc/: 0.510636887 0.489363113 0.000000000
TJ:/ccc/ccr: 0.000000000 0.106748128 0.893251872
TJ:/ccc/crc: 0.000000000 0.000000000 1.000000000
TJ:/ccc/crf: 0.000000000 0.000000000 1.000000000
TJ:/ccrcc/: 0.354400226 0.645599774 0.000000000
TJ:/ccrcc/ccr: 0.000000000 0.814512684 0.185487316
TJ:/ccrcc/crc: 0.000000000 0.486511463 0.513488537
TJ:/ccrcc/crf: 0.000000000 0.000000000 1.000000000
TJ:/ccrcf/: 0.213723899 0.786276101 0.000000000
TJ:/ccrcf/cr: 0.000000000 0.403586757 0.596413243
TJ:/crcc/: 0.176713487 0.823286513 0.000000000
TJ:/crcc/ccr: 0.000000000 0.000000000 1.000000000
TJ:/crcc/crc: 0.000000000 0.000090126 0.999909874
TJ:/crcc/crf: 0.000000000 0.212258014 0.787741986
TJ:/crfc/: 0.341644702 0.658355298 0.000000000
TJ:/crfc/cr: 0.000000000 0.797510824 0.202489176
TJ:/rcc/: 1.000000000 0.000000000 0.000000000
TJ:/rcc/ccr: 0.000000000 1.000000000 0.000000000
TJ:/rcc/crc: 0.000000000 0.000000000 1.000000000
TJ:/rcc/crf: 0.000000000 0.295096096 0.704903904
TJ:/rcf/: 0.212587293 0.787412707 0.000000000
TJ:/rcf/cr: 0.000000000 0.000002210 0.999997790
TJ:/rfc/: 0.769010103 0.230989897 0.000000000
TJ:/rfc/cr: 0.000000000 0.468509077 0.531490923
TK:/ccc/: 0.936424106 0.063575894 0.000000000
TK:/ccc/ccr: 0.000000000 0.353767986 0.646232014
TK:/ccc/crc: 0.000000000 0.182247377 0.817752623
TK:/ccc/crf: 0.000000000 0.000000000 1.000000000
TK:/ccrcc/: 0.040524226 0.959475774 0.000000000
TK:/ccrcc/ccr: 0.000000000 0.760729226 0.239270774
TK:/ccrcc/crc: 0.000000000 0.753405754 0.246594246
TK:/ccrcc/crf: 0.000000000 0.511648196 0.488351804
TK:/ccrcf/: 0.403285518 0.596714482 0.000000000
TK:/ccrcf/cr: 0.000000000 0.950267561 0.049732439
TK:/crcc/: 0.000000000 1.000000000 0.000000000
TK:/crcc/ccr: 0.000000000 1.000000000 0.000000000
TK:/crcc/crc: 0.000000000 0.000000000 1.000000000
TK:/crcc/crf: 0.000000000 0.000000000 1.000000000
TK:/crfc/: 0.637809776 0.362190224 0.000000000
TK:/crfc/cr: 0.000000000 0.728260798 0.271739202
TK:/rcc/: 1.000000000 0.000000000 0.000000000
TK:/rcc/ccr: 0.000000000 0.421970776 0.578029224
TK:/rcc/crc: 0.000000000 0.373700555 0.626299445
TK:/rcc/crf: 0.000000000 0.000000000 1.000000000
TK:/rcf/: 0.339724550 0.660275450 0.000000000
TK:/rcf/cr: 0.000000000 0.000000000 1.000000000
TK:/rfc/: 0.940584502 0.059415498 0.000000000
TK:/rfc/cr: 0.000000000 0.295430673 0.704569327
TQ:/ccc/: 0.000070959 0.999929041 0.000000000
TQ:/ccc/ccr: 0.000000000 0.358286269 0.641713731
TQ:/ccc/crc: 0.000000000 0.271375645 0.728624355
TQ:/ccc/crf: 0.000000000 0.000000000 1.000000000
TQ:/ccrcc/: 0.070523473 0.929476527 0.000000000
TQ:/ccrcc/ccr: 0.000000000 0.717922779 0.282077221
TQ:/ccrcc/crc: 0.000000000 0.538028240 0.461971760
TQ:/ccrcc/crf: 0.000000000 0.377794514 0.622205486
TQ:/ccrcf/: 0.952093013 0.047906987 0.000000000
TQ:/ccrcf/cr: 0.000000000 0.443472337 0.556527663
TQ:/crcc/: 0.994383637 0.005616363 0.000000000
TQ:/crcc/ccr: 0.000000000 0.000000000 1.000000000
TQ:/crcc/crc: 0.000000000 0.000033053 0.999966947
TQ:/crcc/crf: 0.000000000 0.000149414 0.999850586
TQ:/crfc/: 0.272249161 0.727750839 0.000000000
TQ:/crfc/cr: 0.000000000 0.655939017 0.344060983
TQ:/rcc/: 1.000000000 0.000000000 0.000000000
TQ:/rcc/ccr: 0.000000000 0.000000000 1.000000000
TQ:/rcc/crc: 0.000000000 0.000188415 0.999811585
TQ:/rcc/crf: 0.000000000 0.000000000 1.000000000
TQ:/rcf/: 0.236821443 0.763178557 0.000000000
TQ:/rcf/cr: 0.000000000 0.000000000 1.000000000
TQ:/rfc/: 0.386602850 0.613397150 0.000000000
TQ:/rfc/cr: 0.000000000 0.513130450 0.486869550
