A:/c: 0.988527537 0.011472463 0.000000000
A:/ccrc: 0.000000000 1.000000000 0.000000000
A:/ccrf: 0.000000000 1.000000000 0.000000000
A:/r: 0.000000000 1.000000000 0.000000000
AJ:/ccc/c: 1.000000000 0.000000000 0.000000000
AJ:/ccc/ccrc: 0.000000000 0.805739841 0.194260159
AJ:/ccc/ccrf: 0.000000000 0.934307234 0.065692766
AJ:/ccc/r: 0.000000000 0.708805605 0.291194395
AJ:/ccrcc/c: 0.540910623 0.459089377 0.000000000
AJ:/ccrcc/ccrc: 0.000000000 0.555019931 0.444980069
AJ:/ccrcc/ccrf: 0.000000000 0.166761422 0.833238578
AJ:/ccrcc/r: 0.000000000 0.807812480 0.192187520
AJ:/ccrfc/: 0.365809951 0.634190049 0.000000000
AJ:/ccrfc/cr: 0.000000000 0.606194960 0.393805040
AJ:/crcc/c: 0.416358127 0.583641873 0.000000000
AJ:/crcc/ccrc: 0.000000000 0.348412635 0.651587365
AJ:/crcc/ccrf: 0.000000000 0.587066402 0.412933598
AJ:/crcc/r: 0.000000000 0.837703653 0.162296347
AJ:/crcf/: 0.999999926 0.000000074 0.000000000
AJ:/crcf/cr: 0.000000000 1.000000000 0.000000000
AJ:/crfc/c: 0.685947954 0.314052046 0.000000000
AJ:/crfc/r: 0.000000000 1.000000000 0.000000000
AJ:/rcc/c: 0.982418224 0.017581776 0.000000000
AJ:/rcc/ccrc: 0.000000000 1.000000000 0.000000000
AJ:/rcc/ccrf: 0.000000000 1.000000000 0.000000000
AJ:/rcc/r: 0.000000000 1.000000000 0.000000000
AJ:/rcf/c: 1.000000000 0.000000000 0.000000000
AJ:/rcf/r: 0.000000000 1.000000000 0.000000000
AK:/ccc/c: 0.989390388 0.010609612 0.000000000
AK:/ccc/ccrc: 0.000000000 1.000000000 0.000000000
AK:/ccc/ccrf: 0.000000000 1.000000000 0.000000000
AK:/ccc/r: 0.000000000 1.000000000 0.000000000
AK:/ccrcc/c: 0.043263622 0.956736378 0.000000000
AK:/ccrcc/ccrc: 0.000000000 1.000000000 0.000000000
AK:/ccrcc/ccrf: 0.000000000 1.000000000 0.000000000
AK:/ccrcc/r: 0.000000000 1.000000000 0.000000000
AK:/ccrfc/: 0.401293221 0.598706779 0.000000000
AK:/ccrfc/cr: 0.000000000 1.000000000 0.000000000
AK:/crcc/c: 0.281502692 0.718497308 0.000000000
AK:/crcc/ccrc: 0.000000000 1.000000000 0.000000000
AK:/crcc/ccrf: 0.000000000 0.539230509 0.460769491
AK:/crcc/r: 0.000000000 0.654676838 0.345323162
AK:/crcf/: 0.979545281 0.020454719 0.000000000
AK:/crcf/cr: 0.000000000 1.000000000 0.000000000
AK:/crfc/c: 0.763580877 0.236419123 0.000000000
AK:/crfc/r: 0.000000000 1.000000000 0.000000000
AK:/rcc/c: 0.712323779 0.287676221 0.000000000
AK:/rcc/ccrc: 0.000000000 0.851432143 0.148567857
AK:/rcc/ccrf: 0.000000000 0.546474242 0.453525758
AK:/rcc/r: 0.000000000 1.000000000 0.000000000
AK:/rcf/c: 1.000000000 0.000000000 0.000000000
AK:/rcf/r: 0.000000000 1.000000000 0.000000000
AQ:/ccc/c: 0.971274217 0.028725783 0.000000000
AQ:/ccc/ccrc: 0.000000000 1.000000000 0.000000000
AQ:/ccc/ccrf: 0.000000000 1.000000000 0.000000000
AQ:/ccc/r: 0.000000000 1.000000000 0.000000000
AQ:/ccrcc/c: 0.752023360 0.247976640 0.000000000
AQ:/ccrcc/ccrc: 0.000000000 1.000000000 0.000000000
AQ:/ccrcc/ccrf: 0.000000000 1.000000000 0.000000000
AQ:/ccrcc/r: 0.000000000 1.000000000 0.000000000
AQ:/ccrfc/: 0.134202729 0.865797271 0.000000000
AQ:/ccrfc/cr: 0.000000000 0.571074993 0.428925007
AQ:/crcc/c: 0.320987171 0.679012829 0.000000000
AQ:/crcc/ccrc: 0.000000000 0.367889332 0.632110668
AQ:/crcc/ccrf: 0.000000000 0.952941621 0.047058379
AQ:/crcc/r: 0.000000000 0.757438405 0.242561595
AQ:/crcf/: 0.431032426 0.568967574 0.000000000
AQ:/crcf/cr: 0.000000000 1.000000000 0.000000000
AQ:/crfc/c: 0.428838341 0.571161659 0.000000000
AQ:/crfc/r: 0.000000000 1.000000000 0.000000000
AQ:/rcc/c: 0.981398589 0.018601411 0.000000000
AQ:/rcc/ccrc: 0.000000000 1.000000000 0.000000000
AQ:/rcc/ccrf: 0.000000000 1.000000000 0.000000000
AQ:/rcc/r: 0.000000000 1.000000000 0.000000000
AQ:/rcf/c: 1.000000000 0.000000000 0.000000000
AQ:/rcf/r: 0.000000000 1.000000000 0.000000000
AT:/ccc/c: 0.357719309 0.642280691 0.000000000
AT:/ccc/ccrc: 0.000000000 1.000000000 0.000000000
AT:/ccc/ccrf: 0.000000000 1.000000000 0.000000000
AT:/ccc/r: 0.000000000 0.442868966 0.557131034
AT:/ccrcc/c: 0.484756218 0.515243782 0.000000000
AT:/ccrcc/ccrc: 0.000000000 1.000000000 0.000000000
AT:/ccrcc/ccrf: 0.000000000 0.919853124 0.080146876
AT:/ccrcc/r: 0.000000000 0.245849209 0.754150791
AT:/ccrfc/: 0.595449064 0.404550936 0.000000000
AT:/ccrfc/cr: 0.000000000 0.314769369 0.685230631
AT:/crcc/c: 0.576460793 0.423539207 0.000000000
AT:/crcc/ccrc: 0.000000000 0.684797683 0.315202317
AT:/crcc/ccrf: 0.000000000 0.993058617 0.006941383
AT:/crcc/r: 0.000000000 0.750930050 0.249069950
AT:/crcf/: 0.759715225 0.240284775 0.000000000
AT:/crcf/cr: 0.000000000 1.000000000 0.000000000
AT:/crfc/c: 0.481148574 0.518851426 0.000000000
AT:/crfc/r: 0.000000000 0.663824091 0.336175909
AT:/rcc/c: 0.672787163 0.327212837 0.000000000
AT:/rcc/ccrc: 0.000000000 0.619226055 0.380773945
AT:/rcc/ccrf: 0.000000000 0.375858210 0.624141790
AT:/rcc/r: 0.000000000 1.000000000 0.000000000
AT:/rcf/c: 1.000000000 0.000000000 0.000000000
AT:/rcf/r: 0.000000000 1.000000000 0.000000000
J:/c: 0.375204916 0.624795084 0.000000000
J:/ccrc: 0.000000000 0.000000067 0.999999933
J:/ccrf: 0.000000000 1.000000000 0.000000000
J:/r: 0.000000000 1.000000000 0.000000000
JA:/ccc/c: 0.615247764 0.384752236 0.000000000
JA:/ccc/ccrc: 0.000000000 0.909986998 0.090013002
JA:/ccc/ccrf: 0.000000000 0.390930493 0.609069507
JA:/ccc/r: 0.000000000 0.912994134 0.087005866
JA:/ccrcc/c: 0.240367968 0.759632032 0.000000000
JA:/ccrcc/ccrc: 0.000000000 0.314698473 0.685301527
JA:/ccrcc/ccrf: 0.000000000 0.399089288 0.600910712
JA:/ccrcc/r: 0.000000000 0.842973827 0.157026173
JA:/ccrfc/: 0.966485245 0.033514755 0.000000000
JA:/ccrfc/cr: 0.000000000 0.449151701 0.550848299
JA:/crcc/c: 0.162412628 0.837587372 0.000000000
JA:/crcc/ccrc: 0.000000000 0.190566432 0.809433568
JA:/crcc/ccrf: 0.000000000 0.689002674 0.310997326
JA:/crcc/r: 0.000000000 0.788151106 0.211848894
JA:/crcf/: 0.568974174 0.431025826 0.000000000
JA:/crcf/cr: 0.000000000 0.646636998 0.353363002
JA:/crfc/c: 0.795337360 0.204662640 0.000000000
JA:/crfc/r: 0.000000000 0.749198942 0.250801058
JA:/rcc/c: 0.052755413 0.947244587 0.000000000
JA:/rcc/ccrc: 0.000000000 0.000000000 1.000000000
JA:/rcc/ccrf: 0.000000000 0.387731031 0.612268969
JA:/rcc/r: 0.000000000 0.000000000 1.000000000
JA:/rcf/c: 0.000000000 1.000000000 0.000000000
JA:/rcf/r: 0.000000000 0.274235751 0.725764249
JK:/ccc/c: 0.579478858 0.420521142 0.000000000
JK:/ccc/ccrc: 0.000000000 0.755212017 0.244787983
JK:/ccc/ccrf: 0.000000000 0.395212563 0.604787437
JK:/ccc/r: 0.000000000 0.501158120 0.498841880
JK:/ccrcc/c: 0.782222195 0.217777805 0.000000000
JK:/ccrcc/ccrc: 0.000000000 0.125813010 0.874186990
JK:/ccrcc/ccrf: 0.000000000 0.305554174 0.694445826
JK:/ccrcc/r: 0.000000000 0.074499036 0.925500964
JK:/ccrfc/: 0.538415177 0.461584823 0.000000000
JK:/ccrfc/cr: 0.000000000 0.259571886 0.740428114
JK:/crcc/c: 0.874103928 0.125896072 0.000000000
JK:/crcc/ccrc: 0.000000000 0.561529056 0.438470944
JK:/crcc/ccrf: 0.000000000 0.809008095 0.190991905
JK:/crcc/r: 0.000000000 0.230742856 0.769257144
JK:/crcf/: 1.000000000 0.000000000 0.000000000
JK:/crcf/cr: 0.000000000 0.251842024 0.748157976
JK:/crfc/c: 0.504780940 0.495219060 0.000000000
JK:/crfc/r: 0.000000000 0.532146277 0.467853723
JK:/rcc/c: 0.041510245 0.958489755 0.000000000
JK:/rcc/ccrc: 0.000000000 0.730686205 0.269313795
JK:/rcc/ccrf: 0.000000000 0.282950361 0.717049639
JK:/rcc/r: 0.000000000 0.061917477 0.938082523
JK:/rcf/c: 0.000000000 1.000000000 0.000000000
JK:/rcf/r: 0.000000000 0.242684828 0.757315172
JQ:/ccc/c: 0.685691744 0.314308256 0.000000000
JQ:/ccc/ccrc: 0.000000000 0.239408079 0.760591921
JQ:/ccc/ccrf: 0.000000000 0.209286626 0.790713374
JQ:/ccc/r: 0.000000000 0.471200644 0.528799356
JQ:/ccrcc/c: 0.657897403 0.342102597 0.000000000
JQ:/ccrcc/ccrc: 0.000000000 0.602299840 0.397700160
JQ:/ccrcc/ccrf: 0.000000000 0.580759758 0.419240242
JQ:/ccrcc/r: 0.000000000 0.314381884 0.685618116
JQ:/ccrfc/: 0.048147536 0.951852464 0.000000000
JQ:/ccrfc/cr: 0.000000000 0.047280374 0.952719626
JQ:/crcc/c: 0.667120918 0.332879082 0.000000000
JQ:/crcc/ccrc: 0.000000000 0.452222976 0.547777024
JQ:/crcc/ccrf: 0.000000000 0.334213168 0.665786832
JQ:/crcc/r: 0.000000000 0.462821194 0.537178806
JQ:/crcf/: 1.000000000 0.000000000 0.000000000
JQ:/crcf/cr: 0.000000000 0.210380288 0.789619712
JQ:/crfc/c: 0.127612280 0.872387720 0.000000000
JQ:/crfc/r: 0.000000000 0.998673685 0.001326315
JQ:/rcc/c: 0.073184391 0.926815609 0.000000000
JQ:/rcc/ccrc: 0.000000000 0.068133467 0.931866533
JQ:/rcc/ccrf: 0.000000000 0.104934465 0.895065535
JQ:/rcc/r: 0.000000000 0.250104570 0.749895430
JQ:/rcf/c: 0.335654834 0.664345166 0.000000000
JQ:/rcf/r: 0.000000000 0.000000000 1.000000000
JT:/ccc/c: 0.490402244 0.509597756 0.000000000
JT:/ccc/ccrc: 0.000000000 0.397736081 0.602263919
JT:/ccc/ccrf: 0.000000000 0.949540198 0.050459802
JT:/ccc/r: 0.000000000 0.447046205 0.552953795
JT:/ccrcc/c: 0.375408753 0.624591247 0.000000000
JT:/ccrcc/ccrc: 0.000000000 0.838109432 0.161890568
JT:/ccrcc/ccrf: 0.000000000 0.442692283 0.557307717
JT:/ccrcc/r: 0.000000000 0.844386674 0.155613326
JT:/ccrfc/: 0.613692560 0.386307440 0.000000000
JT:/ccrfc/cr: 0.000000000 0.104462513 0.895537487
JT:/crcc/c: 0.379919682 0.620080318 0.000000000
JT:/crcc/ccrc: 0.000000000 0.538701483 0.461298517
JT:/crcc/ccrf: 0.000000000 0.616519405 0.383480595
JT:/crcc/r: 0.000000000 0.538163510 0.461836490
JT:/crcf/: 0.550981101 0.449018899 0.000000000
JT:/crcf/cr: 0.000000000 0.874339365 0.125660635
JT:/crfc/c: 0.442626351 0.557373649 0.000000000
JT:/crfc/r: 0.000000000 0.510484213 0.489515787
JT:/rcc/c: 0.000447861 0.999552139 0.000000000
JT:/rcc/ccrc: 0.000000000 0.421121164 0.578878836
JT:/rcc/ccrf: 0.000000000 0.000000000 1.000000000
JT:/rcc/r: 0.000000000 0.000000000 1.000000000
JT:/rcf/c: 0.374724144 0.625275856 0.000000000
JT:/rcf/r: 0.000000000 0.000000000 1.000000000
K:/c: 0.855669080 0.144330920 0.000000000
K:/ccrc: 0.000000000 1.000000000 0.000000000
K:/ccrf: 0.000000000 1.000000000 0.000000000
K:/r: 0.000000000 1.000000000 0.000000000
KA:/ccc/c: 0.920637745 0.079362255 0.000000000
KA:/ccc/ccrc: 0.000000000 1.000000000 0.000000000
KA:/ccc/ccrf: 0.000000000 1.000000000 0.000000000
KA:/ccc/r: 0.000000000 0.818875954 0.181124046
KA:/ccrcc/c: 0.710400946 0.289599054 0.000000000
KA:/ccrcc/ccrc: 0.000000000 0.650218687 0.349781313
KA:/ccrcc/ccrf: 0.000000000 0.822935290 0.177064710
KA:/ccrcc/r: 0.000000000 1.000000000 0.000000000
KA:/ccrfc/: 1.000000000 0.000000000 0.000000000
KA:/ccrfc/cr: 0.000000000 0.525159195 0.474840805
KA:/crcc/c: 0.714280089 0.285719911 0.000000000
KA:/crcc/ccrc: 0.000000000 0.938217165 0.061782835
KA:/crcc/ccrf: 0.000000000 0.155685120 0.844314880
KA:/crcc/r: 0.000000000 0.771077101 0.228922899
KA:/crcf/: 0.537369643 0.462630357 0.000000000
KA:/crcf/cr: 0.000000000 1.000000000 0.000000000
KA:/crfc/c: 0.966260467 0.033739533 0.000000000
KA:/crfc/r: 0.000000000 1.000000000 0.000000000
KA:/rcc/c: 0.829579739 0.170420261 0.000000000
KA:/rcc/ccrc: 0.000000000 1.000000000 0.000000000
KA:/rcc/ccrf: 0.000000000 1.000000000 0.000000000
KA:/rcc/r: 0.000000000 1.000000000 0.000000000
KA:/rcf/c: 1.000000000 0.000000000 0.000000000
KA:/rcf/r: 0.000000000 1.000000000 0.000000000
KJ:/ccc/c: 0.383532157 0.616467843 0.000000000
KJ:/ccc/ccrc: 0.000000000 0.561113356 0.438886644
KJ:/ccc/ccrf: 0.000000000 0.755580719 0.244419281
KJ:/ccc/r: 0.000000000 0.567711989 0.432288011
KJ:/ccrcc/c: 0.498794182 0.501205818 0.000000000
KJ:/ccrcc/ccrc: 0.000000000 0.430978610 0.569021390
KJ:/ccrcc/ccrf: 0.000000000 0.640043886 0.359956114
KJ:/ccrcc/r: 0.000000000 0.703129838 0.296870162
KJ:/ccrfc/: 0.296841041 0.703158959 0.000000000
KJ:/ccrfc/cr: 0.000000000 0.237347276 0.762652724
KJ:/crcc/c: 0.927245541 0.072754459 0.000000000
KJ:/crcc/ccrc: 0.000000000 0.433431181 0.566568819
KJ:/crcc/ccrf: 0.000000000 0.250373985 0.749626015
KJ:/crcc/r: 0.000000000 0.576343749 0.423656251
KJ:/crcf/: 0.614501017 0.385498983 0.000000000
KJ:/crcf/cr: 0.000000000 0.880301913 0.119698087
KJ:/crfc/c: 0.460898285 0.539101715 0.000000000
KJ:/crfc/r: 0.000000000 0.615670190 0.384329810
KJ:/rcc/c: 0.957637193 0.042362807 0.000000000
KJ:/rcc/ccrc: 0.000000000 0.455107665 0.544892335
KJ:/rcc/ccrf: 0.000000000 0.944939383 0.055060617
KJ:/rcc/r: 0.000000000 0.617511145 0.382488855
KJ:/rcf/c: 0.499255468 0.500744532 0.000000000
KJ:/rcf/r: 0.000000000 0.667262499 0.332737501
KQ:/ccc/c: 0.219792819 0.780207181 0.000000000
KQ:/ccc/ccrc: 0.000000000 0.819082193 0.180917807
KQ:/ccc/ccrf: 0.000000000 1.000000000 0.000000000
KQ:/ccc/r: 0.000000000 0.999999866 0.000000134
KQ:/ccrcc/c: 0.234535434 0.765464566 0.000000000
KQ:/ccrcc/ccrc: 0.000000000 0.755901992 0.244098008
KQ:/ccrcc/ccrf: 0.000000000 0.875222314 0.124777686
KQ:/ccrcc/r: 0.000000000 0.879823324 0.120176676
KQ:/ccrfc/: 0.378274543 0.621725457 0.000000000
KQ:/ccrfc/cr: 0.000000000 0.775646661 0.224353339
KQ:/crcc/c: 0.476528340 0.523471660 0.000000000
KQ:/crcc/ccrc: 0.000000000 0.631289662 0.368710338
KQ:/crcc/ccrf: 0.000000000 0.414667423 0.585332577
KQ:/crcc/r: 0.000000000 0.857125183 0.142874817
KQ:/crcf/: 0.372366704 0.627633296 0.000000000
KQ:/crcf/cr: 0.000000000 1.000000000 0.000000000
KQ:/crfc/c: 0.843076195 0.156923805 0.000000000
KQ:/crfc/r: 0.000000000 0.649740157 0.350259843
KQ:/rcc/c: 0.829461999 0.170538001 0.000000000
KQ:/rcc/ccrc: 0.000000000 0.243170618 0.756829382
KQ:/rcc/ccrf: 0.000000000 0.654933679 0.345066321
KQ:/rcc/r: 0.000000000 0.000000000 1.000000000
KQ:/rcf/c: 0.409920960 0.590079040 0.000000000
KQ:/rcf/r: 0.000000000 0.666875155 0.333124845
KT:/ccc/c: 0.494837074 0.505162926 0.000000000
KT:/ccc/ccrc: 0.000000000 0.863762175 0.136237825
KT:/ccc/ccrf: 0.000000000 0.743527974 0.256472026
KT:/ccc/r: 0.000000000 0.546992286 0.453007714
KT:/ccrcc/c: 0.750427695 0.249572305 0.000000000
KT:/ccrcc/ccrc: 0.000000000 0.607749879 0.392250121
KT:/ccrcc/ccrf: 0.000000000 0.345084225 0.654915775
KT:/ccrcc/r: 0.000000000 0.941026136 0.058973864
KT:/ccrfc/: 0.763766447 0.236233553 0.000000000
KT:/ccrfc/cr: 0.000000000 0.404012635 0.595987365
KT:/crcc/c: 0.961723169 0.038276831 0.000000000
KT:/crcc/ccrc: 0.000000000 0.937084745 0.062915255
KT:/crcc/ccrf: 0.000000000 0.389821285 0.610178715
KT:/crcc/r: 0.000000000 0.999649974 0.000350026
KT:/crcf/: 0.358312498 0.641687502 0.000000000
KT:/crcf/cr: 0.000000000 0.761298687 0.238701313
KT:/crfc/c: 0.365991867 0.634008133 0.000000000
KT:/crfc/r: 0.000000000 0.908701531 0.091298469
KT:/rcc/c: 0.434639125 0.565360875 0.000000000
KT:/rcc/ccrc: 0.000000000 0.909563724 0.090436276
KT:/rcc/ccrf: 0.000000000 0.690691704 0.309308296
KT:/rcc/r: 0.000000000 0.265222912 0.734777088
KT:/rcf/c: 0.498795588 0.501204412 0.000000000
KT:/rcf/r: 0.000000000 0.667016021 0.332983979
Q:/c: 0.246701877 0.753298123 0.000000000
Q:/ccrc: 0.000000000 0.591077430 0.408922570
Q:/ccrf: 0.000000000 1.000000000 0.000000000
Q:/r: 0.000000000 1.000000000 0.000000000
QA:/ccc/c: 0.354662034 0.645337966 0.000000000
QA:/ccc/ccrc: 0.000000000 0.760957038 0.239042962
QA:/ccc/ccrf: 0.000000000 0.582437778 0.417562222
QA:/ccc/r: 0.000000000 0.999663483 0.000336517
QA:/ccrcc/c: 0.627651617 0.372348383 0.000000000
QA:/ccrcc/ccrc: 0.000000000 0.869060397 0.130939603
QA:/ccrcc/ccrf: 0.000000000 0.977620367 0.022379633
QA:/ccrcc/r: 0.000000000 0.917367803 0.082632197
QA:/ccrfc/: 0.523353611 0.476646389 0.000000000
QA:/ccrfc/cr: 0.000000000 0.514148716 0.485851284
QA:/crcc/c: 0.396335901 0.603664099 0.000000000
QA:/crcc/ccrc: 0.000000000 0.473736272 0.526263728
QA:/crcc/ccrf: 0.000000000 0.493655851 0.506344149
QA:/crcc/r: 0.000000000 0.307534391 0.692465609
QA:/crcf/: 0.411142751 0.588857249 0.000000000
QA:/crcf/cr: 0.000000000 0.453730140 0.546269860
QA:/crfc/c: 0.661329597 0.338670403 0.000000000
QA:/crfc/r: 0.000000000 1.000000000 0.000000000
QA:/rcc/c: 0.114583278 0.885416722 0.000000000
QA:/rcc/ccrc: 0.000000000 0.210502097 0.789497903
QA:/rcc/ccrf: 0.000000000 0.088570530 0.911429470
QA:/rcc/r: 0.000000000 0.392379700 0.607620300
QA:/rcf/c: 0.373318238 0.626681762 0.000000000
QA:/rcf/r: 0.000000000 0.974773182 0.025226818
QJ:/ccc/c: 0.296665286 0.703334714 0.000000000
QJ:/ccc/ccrc: 0.000000000 0.533109186 0.466890814
QJ:/ccc/ccrf: 0.000000000 0.508432152 0.491567848
QJ:/ccc/r: 0.000000000 0.153276067 0.846723933
QJ:/ccrcc/c: 0.477690574 0.522309426 0.000000000
QJ:/ccrcc/ccrc: 0.000000000 0.475498603 0.524501397
QJ:/ccrcc/ccrf: 0.000000000 0.316088537 0.683911463
QJ:/ccrcc/r: 0.000000000 0.199376443 0.800623557
QJ:/ccrfc/: 0.577395329 0.422604671 0.000000000
QJ:/ccrfc/cr: 0.000000000 0.866023608 0.133976392
QJ:/crcc/c: 0.989993365 0.010006635 0.000000000
QJ:/crcc/ccrc: 0.000000000 0.536681105 0.463318895
QJ:/crcc/ccrf: 0.000000000 0.378691976 0.621308024
QJ:/crcc/r: 0.000000000 0.371053933 0.628946067
QJ:/crcf/: 1.000000000 0.000000000 0.000000000
QJ:/crcf/cr: 0.000000000 0.238527259 0.761472741
QJ:/crfc/c: 0.387114358 0.612885642 0.000000000
QJ:/crfc/r: 0.000000000 0.787687641 0.212312359
QJ:/rcc/c: 0.051361264 0.948638736 0.000000000
QJ:/rcc/ccrc: 0.000000000 0.022585875 0.977414125
QJ:/rcc/ccrf: 0.000000000 0.077431882 0.922568118
QJ:/rcc/r: 0.000000000 0.250099163 0.749900837
QJ:/rcf/c: 0.107990653 0.892009347 0.000000000
QJ:/rcf/r: 0.000000000 0.000000000 1.000000000
QK:/ccc/c: 0.893203263 0.106796737 0.000000000
QK:/ccc/ccrc: 0.000000000 0.808392036 0.191607964
QK:/ccc/ccrf: 0.000000000 0.865642944 0.134357056
QK:/ccc/r: 0.000000000 1.000000000 0.000000000
QK:/ccrcc/c: 0.992855246 0.007144754 0.000000000
QK:/ccrcc/ccrc: 0.000000000 0.600089383 0.399910617
QK:/ccrcc/ccrf: 0.000000000 0.999997520 0.000002480
QK:/ccrcc/r: 0.000000000 0.900169278 0.099830722
QK:/ccrfc/: 0.997644209 0.002355791 0.000000000
QK:/ccrfc/cr: 0.000000000 0.318664609 0.681335391
QK:/crcc/c: 0.659740014 0.340259986 0.000000000
QK:/crcc/ccrc: 0.000000000 0.501528391 0.498471609
QK:/crcc/ccrf: 0.000000000 0.958600801 0.041399199
QK:/crcc/r: 0.000000000 0.379477594 0.620522406
QK:/crcf/: 1.000000000 0.000000000 0.000000000
QK:/crcf/cr: 0.000000000 0.348497089 0.651502911
QK:/crfc/c: 0.622668786 0.377331214 0.000000000
QK:/crfc/r: 0.000000000 0.742552092 0.257447908
QK:/rcc/c: 0.315662314 0.684337686 0.000000000
QK:/rcc/ccrc: 0.000000000 0.025734874 0.974265126
QK:/rcc/ccrf: 0.000000000 0.943376888 0.056623112
QK:/rcc/r: 0.000000000 0.313255214 0.686744786
QK:/rcf/c: 0.573131606 0.426868394 0.000000000
QK:/rcf/r: 0.000000000 0.999869854 0.000130146
QT:/ccc/c: 0.804279081 0.195720919 0.000000000
QT:/ccc/ccrc: 0.000000000 0.346143418 0.653856582
QT:/ccc/ccrf: 0.000000000 0.000000000 1.000000000
QT:/ccc/r: 0.000000000 0.472243528 0.527756472
QT:/ccrcc/c: 0.261791191 0.738208809 0.000000000
QT:/ccrcc/ccrc: 0.000000000 0.698825452 0.301174548
QT:/ccrcc/ccrf: 0.000000000 0.000000000 1.000000000
QT:/ccrcc/r: 0.000000000 0.729585475 0.270414525
QT:/ccrfc/: 0.189870575 0.810129425 0.000000000
QT:/ccrfc/cr: 0.000000000 0.650774591 0.349225409
QT:/crcc/c: 0.355818332 0.644181668 0.000000000
QT:/crcc/ccrc: 0.000000000 0.848892987 0.151107013
QT:/crcc/ccrf: 0.000000000 0.831204509 0.168795491
QT:/crcc/r: 0.000000000 0.571747602 0.428252398
QT:/crcf/: 0.504423671 0.495576329 0.000000000
QT:/crcf/cr: 0.000000000 0.000000000 1.000000000
QT:/crfc/c: 0.458668858 0.541331142 0.000000000
QT:/crfc/r: 0.000000000 0.510840941 0.489159059
QT:/rcc/c: 0.000098318 0.999901682 0.000000000
QT:/rcc/ccrc: 0.000000000 0.000000000 1.000000000
QT:/rcc/ccrf: 0.000000000 0.044655646 0.955344354
QT:/rcc/r: 0.000000000 0.249873008 0.750126992
QT:/rcf/c: 0.003614304 0.996385696 0.000000000
QT:/rcf/r: 0.000000000 0.000000000 1.000000000
T:/c: 0.062621131 0.937378869 0.000000000
T:/ccrc: 0.000000000 0.000000000 1.000000000
T:/ccrf: 0.000000000 0.762309974 0.237690026
T:/r: 0.000000000 1.000000000 0.000000000
TA:/ccc/c: 0.208397654 0.791602346 0.000000000
TA:/ccc/ccrc: 0.000000000 0.059540015 0.940459985
TA:/ccc/ccrf: 0.000000000 0.000000000 1.000000000
TA:/ccc/r: 0.000000000 0.098495791 0.901504209
TA:/ccrcc/c: 0.572906193 0.427093807 0.000000000
TA:/ccrcc/ccrc: 0.000000000 0.366950349 0.633049651
TA:/ccrcc/ccrf: 0.000000000 0.265919652 0.734080348
TA:/ccrcc/r: 0.000000000 0.427903935 0.572096065
TA:/ccrfc/: 0.850666279 0.149333721 0.000000000
TA:/ccrfc/cr: 0.000000000 0.435278258 0.564721742
TA:/crcc/c: 0.531577348 0.468422652 0.000000000
TA:/crcc/ccrc: 0.000000000 0.620775916 0.379224084
TA:/crcc/ccrf: 0.000000000 0.252970485 0.747029515
TA:/crcc/r: 0.000000000 0.524022291 0.475977709
TA:/crcf/: 1.000000000 0.000000000 0.000000000
TA:/crcf/cr: 0.000000000 0.279317003 0.720682997
TA:/crfc/c: 1.000000000 0.000000000 0.000000000
TA:/crfc/r: 0.000000000 0.440346872 0.559653128
TA:/rcc/c: 0.000000000 1.000000000 0.000000000
TA:/rcc/ccrc: 0.000000000 0.000000000 1.000000000
TA:/rcc/ccrf: 0.000000000 0.071120186 0.928879814
TA:/rcc/r: 0.000000000 0.000000000 1.000000000
TA:/rcf/c: 0.450401034 0.549598966 0.000000000
TA:/rcf/r: 0.000000000 0.000000000 1.000000000
TJ:/ccc/c: 0.561079137 0.438920863 0.000000000
TJ:/ccc/ccrc: 0.000000000 0.528572174 0.471427826
TJ:/ccc/ccrf: 0.000000000 0.451898252 0.548101748
TJ:/ccc/r: 0.000000000 0.172553132 0.827446868
TJ:/ccrcc/c: 0.430188141 0.569811859 0.000000000
TJ:/ccrcc/ccrc: 0.000000000 0.598017990 0.401982010
TJ:/ccrcc/ccrf: 0.000000000 0.355151070 0.644848930
TJ:/ccrcc/r: 0.000000000 0.938382526 0.061617474
TJ:/ccrfc/: 0.450648258 0.549351742 0.000000000
TJ:/ccrfc/cr: 0.000000000 0.378073911 0.621926089
TJ:/crcc/c: 0.511417723 0.488582277 0.000000000
TJ:/crcc/ccrc: 0.000000000 0.030131221 0.969868779
TJ:/crcc/ccrf: 0.000000000 0.808688288 0.191311712
TJ:/crcc/r: 0.000000000 0.271365756 0.728634244
TJ:/crcf/: 0.208339366 0.791660634 0.000000000
TJ:/crcf/cr: 0.000000000 0.210061963 0.789938037
TJ:/crfc/c: 0.546297155 0.453702845 0.000000000
TJ:/crfc/r: 0.000000000 0.632819615 0.367180385
TJ:/rcc/c: 0.000000000 1.000000000 0.000000000
TJ:/rcc/ccrc: 0.000000000 0.116183988 0.883816012
TJ:/rcc/ccrf: 0.000000000 0.058326054 0.941673946
TJ:/rcc/r: 0.000000000 0.000000000 1.000000000
TJ:/rcf/c: 0.239571204 0.760428796 0.000000000
TJ:/rcf/r: 0.000000000 0.000000000 1.000000000
TK:/ccc/c: 0.209198300 0.790801700 0.000000000
TK:/ccc/ccrc: 0.000000000 0.483926093 0.516073907
TK:/ccc/ccrf: 0.000000000 0.411155982 0.588844018
TK:/ccc/r: 0.000000000 0.000000000 1.000000000
TK:/ccrcc/c: 0.693357960 0.306642040 0.000000000
TK:/ccrcc/ccrc: 0.000000000 0.579623150 0.420376850
TK:/ccrcc/ccrf: 0.000000000 0.402657041 0.597342959
TK:/ccrcc/r: 0.000000000 0.530343657 0.469656343
TK:/ccrfc/: 0.648448203 0.351551797 0.000000000
TK:/ccrfc/cr: 0.000000000 0.389870345 0.610129655
TK:/crcc/c: 0.610337716 0.389662284 0.000000000
TK:/crcc/ccrc: 0.000000000 0.539955801 0.460044199
TK:/crcc/ccrf: 0.000000000 0.479747053 0.520252947
TK:/crcc/r: 0.000000000 0.429653188 0.570346812
TK:/crcf/: 1.000000000 0.000000000 0.000000000
TK:/crcf/cr: 0.000000000 0.000000000 1.000000000
TK:/crfc/c: 0.470368053 0.529631947 0.000000000
TK:/crfc/r: 0.000000000 0.934478067 0.065521933
TK:/rcc/c: 0.021234953 0.978765047 0.000000000
TK:/rcc/ccrc: 0.000000000 0.000000000 1.000000000
TK:/rcc/ccrf: 0.000000000 0.597900285 0.402099715
TK:/rcc/r: 0.000000000 0.000000000 1.000000000
TK:/rcf/c: 0.491262520 0.508737480 0.000000000
TK:/rcf/r: 0.000000000 0.000000000 1.000000000
TQ:/ccc/c: 0.039719169 0.960280831 0.000000000
TQ:/ccc/ccrc: 0.000000000 0.933217807 0.066782193
TQ:/ccc/ccrf: 0.000000000 0.847053313 0.152946687
TQ:/ccc/r: 0.000000000 0.000000000 1.000000000
TQ:/ccrcc/c: 0.680784722 0.319215278 0.000000000
TQ:/ccrcc/ccrc: 0.000000000 0.471709885 0.528290115
TQ:/ccrcc/ccrf: 0.000000000 0.298484274 0.701515726
TQ:/ccrcc/r: 0.000000000 0.781675077 0.218324923
TQ:/ccrfc/: 0.881498858 0.118501142 0.000000000
TQ:/ccrfc/cr: 0.000000000 0.432009401 0.567990599
TQ:/crcc/c: 0.524399430 0.475600570 0.000000000
TQ:/crcc/ccrc: 0.000000000 0.244214724 0.755785276
TQ:/crcc/ccrf: 0.000000000 0.000000000 1.000000000
TQ:/crcc/r: 0.000000000 0.507482013 0.492517987
TQ:/crcf/: 1.000000000 0.000000000 0.000000000
TQ:/crcf/cr: 0.000000000 0.000000000 1.000000000
TQ:/crfc/c: 0.355627567 0.644372433 0.000000000
TQ:/crfc/r: 0.000000000 0.584957580 0.415042420
TQ:/rcc/c: 0.000000000 1.000000000 0.000000000
TQ:/rcc/ccrc: 0.000000000 0.000000000 1.000000000
TQ:/rcc/ccrf: 0.000000000 0.314376633 0.685623367
TQ:/rcc/r: 0.000000000 0.000000000 1.000000000
TQ:/rcf/c: 0.002909889 0.997090111 0.000000000
TQ:/rcf/r: 0.000000000 0.000000000 1.000000000
