A:/cc: 0.215329115 0.784670885 0.000000000
A:/cr: 0.000000000 0.972150446 0.027849554
A:/rc: 0.000000000 1.000000000 0.000000000
A:/rf: 0.000000000 0.615784634 0.384215366
AJ:/ccc/cc: 0.810618671 0.189381329 0.000000000
AJ:/ccc/cr: 0.000000000 0.617590244 0.382409756
AJ:/ccc/rc: 0.000000000 0.735091780 0.264908220
AJ:/ccc/rf: 0.000000000 0.459674222 0.540325778
AJ:/ccrcc/cc: 0.370457873 0.629542127 0.000000000
AJ:/ccrcc/cr: 0.000000000 0.351979937 0.648020063
AJ:/ccrcc/rc: 0.000000000 0.613840812 0.386159188
AJ:/ccrcc/rf: 0.000000000 0.499443751 0.500556249
AJ:/ccrcf/c: 0.489605167 0.510394833 0.000000000
AJ:/ccrcf/r: 0.000000000 0.158321931 0.841678069
AJ:/ccrfc/c: 0.367753292 0.632246708 0.000000000
AJ:/ccrfc/r: 0.000000000 0.482313754 0.517686246
AJ:/crcc/cc: 0.404373973 0.595626027 0.000000000
AJ:/crcc/cr: 0.000000000 0.778479812 0.221520188
AJ:/crcc/rc: 0.000000000 0.577459269 0.422540731
AJ:/crcc/rf: 0.000000000 0.403488464 0.596511536
AJ:/crcf/c: 0.420803957 0.579196043 0.000000000
AJ:/crcf/r: 0.000000000 0.454416763 0.545583237
AJ:/rcc/cc: 0.343253860 0.656746140 0.000000000
AJ:/rcc/cr: 0.000000000 0.825497571 0.174502429
AJ:/rcc/rc: 0.000000000 0.998762404 0.001237596
AJ:/rcc/rf: 0.000000000 0.582758590 0.417241410
AJ:/rfc/c: 0.405378309 0.594621691 0.000000000
AJ:/rfc/r: 0.000000000 0.545631656 0.454368344
AK:/ccc/cc: 0.576482508 0.423517492 0.000000000
AK:/ccc/cr: 0.000000000 0.686975177 0.313024823
AK:/ccc/rc: 0.000000000 0.987735548 0.012264452
AK:/ccc/rf: 0.000000000 0.700300360 0.299699640
AK:/ccrcc/cc: 0.744647811 0.255352189 0.000000000
AK:/ccrcc/cr: 0.000000000 0.961841492 0.038158508
AK:/ccrcc/rc: 0.000000000 0.990910554 0.009089446
AK:/ccrcc/rf: 0.000000000 0.760286083 0.239713917
AK:/ccrcf/c: 0.112624185 0.887375815 0.000000000
AK:/ccrcf/r: 0.000000000 0.898119616 0.101880384
AK:/ccrfc/c: 0.408963760 0.591036240 0.000000000
AK:/ccrfc/r: 0.000000000 0.784847390 0.215152610
AK:/crcc/cc: 0.226071424 0.773928576 0.000000000
AK:/crcc/cr: 0.000000000 0.598713123 0.401286877
AK:/crcc/rc: 0.000000000 0.363530715 0.636469285
AK:/crcc/rf: 0.000000000 0.940584502 0.059415498
AK:/crcf/c: 0.775542786 0.224457214 0.000000000
AK:/crcf/r: 0.000000000 0.744825767 0.255174233
AK:/rcc/cc: 0.000000000 1.000000000 0.000000000
AK:/rcc/cr: 0.000000000 0.877554785 0.122445215
AK:/rcc/rc: 0.000000000 0.926049419 0.073950581
AK:/rcc/rf: 0.000000000 0.271969717 0.728030283
AK:/rfc/c: 0.386243848 0.613756152 0.000000000
AK:/rfc/r: 0.000000000 0.793904581 0.206095419
AQ:/ccc/cc: 0.210217983 0.789782017 0.000000000
AQ:/ccc/cr: 0.000000000 0.781596496 0.218403504
AQ:/ccc/rc: 0.000000000 1.000000000 0.000000000
AQ:/ccc/rf: 0.000000000 0.949156668 0.050843332
AQ:/ccrcc/cc: 0.358073258 0.641926742 0.000000000
AQ:/ccrcc/cr: 0.000000000 0.972459959 0.027540041
AQ:/ccrcc/rc: 0.000000000 0.980933199 0.019066801
AQ:/ccrcc/rf: 0.000000000 0.791330487 0.208669513
AQ:/ccrcf/c: 0.213723899 0.786276101 0.000000000
AQ:/ccrcf/r: 0.000000000 0.403586757 0.596413243
AQ:/ccrfc/c: 0.938301556 0.061698444 0.000000000
AQ:/ccrfc/r: 0.000000000 0.462414216 0.537585784
AQ:/crcc/cc: 0.101992001 0.898007999 0.000000000
AQ:/crcc/cr: 0.000000000 0.699026770 0.300973230
AQ:/crcc/rc: 0.000000000 0.833996761 0.166003239
AQ:/crcc/rf: 0.000000000 0.196320443 0.803679557
AQ:/crcf/c: 0.570816225 0.429183775 0.000000000
AQ:/crcf/r: 0.000000000 0.903871587 0.096128413
AQ:/rcc/cc: 0.356238689 0.643761311 0.000000000
AQ:/rcc/cr: 0.000000000 0.704717389 0.295282611
AQ:/rcc/rc: 0.000000000 0.999375435 0.000624565
AQ:/rcc/rf: 0.000000000 0.422969165 0.577030835
AQ:/rfc/c: 0.417119189 0.582880811 0.000000000
AQ:/rfc/r: 0.000000000 0.661895652 0.338104348
AT:/ccc/cc: 0.356774937 0.643225063 0.000000000
AT:/ccc/cr: 0.000000000 0.975932967 0.024067033
AT:/ccc/rc: 0.000000000 0.364135766 0.635864234
AT:/ccc/rf: 0.000000000 0.413520550 0.586479450
AT:/ccrcc/cc: 0.478735226 0.521264774 0.000000000
AT:/ccrcc/cr: 0.000000000 0.889154372 0.110845628
AT:/ccrcc/rc: 0.000000000 0.649081371 0.350918629
AT:/ccrcc/rf: 0.000000000 0.881000549 0.118999451
AT:/ccrcf/c: 0.489650236 0.510349764 0.000000000
AT:/ccrcf/r: 0.000000000 0.722633826 0.277366174
AT:/ccrfc/c: 0.328606727 0.671393273 0.000000000
AT:/ccrfc/r: 0.000000000 0.566261089 0.433738911
AT:/crcc/cc: 0.334923947 0.665076053 0.000000000
AT:/crcc/cr: 0.000000000 0.699624774 0.300375226
AT:/crcc/rc: 0.000000000 0.957053172 0.042946828
AT:/crcc/rf: 0.000000000 0.558536155 0.441463845
AT:/crcf/c: 0.998100931 0.001899069 0.000000000
AT:/crcf/r: 0.000000000 0.979038810 0.020961190
AT:/rcc/cc: 0.162917002 0.837082998 0.000000000
AT:/rcc/cr: 0.000000000 0.428451023 0.571548977
AT:/rcc/rc: 0.000000000 0.995417929 0.004582071
AT:/rcc/rf: 0.000000000 0.252916317 0.747083683
AT:/rfc/c: 0.518994062 0.481005938 0.000000000
AT:/rfc/r: 0.000000000 0.823661201 0.176338799
J:/cc: 0.500997244 0.499002756 0.000000000
J:/cr: 0.000000000 1.000000000 0.000000000
J:/rc: 0.000000000 0.052331418 0.947668582
J:/rf: 0.000000000 0.300595442 0.699404558
JA:/ccc/cc: 0.393115298 0.606884702 0.000000000
JA:/ccc/cr: 0.000000000 0.392331074 0.607668926
JA:/ccc/rc: 0.000000000 0.409990549 0.590009451
JA:/ccc/rf: 0.000000000 0.619150877 0.380849123
JA:/ccrcc/cc: 0.829356553 0.170643447 0.000000000
JA:/ccrcc/cr: 0.000000000 0.858618117 0.141381883
JA:/ccrcc/rc: 0.000000000 0.967642956 0.032357044
JA:/ccrcc/rf: 0.000000000 0.427719414 0.572280586
JA:/ccrcf/c: 0.756001092 0.243998908 0.000000000
JA:/ccrcf/r: 0.000000000 0.839622487 0.160377513
JA:/ccrfc/c: 0.063362226 0.936637774 0.000000000
JA:/ccrfc/r: 0.000000000 0.444176937 0.555823063
JA:/crcc/cc: 0.246701007 0.753298993 0.000000000
JA:/crcc/cr: 0.000000000 0.918067549 0.081932451
JA:/crcc/rc: 0.000000000 0.304115152 0.695884848
JA:/crcc/rf: 0.000000000 0.282195174 0.717804826
JA:/crcf/c: 0.105714902 0.894285098 0.000000000
JA:/crcf/r: 0.000000000 0.587341338 0.412658662
JA:/rcc/cc: 0.685818233 0.314181767 0.000000000
JA:/rcc/cr: 0.000000000 1.000000000 0.000000000
JA:/rcc/rc: 0.000000000 0.000000000 1.000000000
JA:/rcc/rf: 0.000000000 0.373093138 0.626906862
JA:/rfc/c: 0.079457742 0.920542258 0.000000000
JA:/rfc/r: 0.000000000 0.766917169 0.233082831
JK:/ccc/cc: 0.257181678 0.742818322 0.000000000
JK:/ccc/cr: 0.000000000 0.158266321 0.841733679
JK:/ccc/rc: 0.000000000 0.370445383 0.629554617
JK:/ccc/rf: 0.000000000 0.502891651 0.497108349
JK:/ccrcc/cc: 0.464958262 0.535041738 0.000000000
JK:/ccrcc/cr: 0.000000000 0.155458366 0.844541634
JK:/ccrcc/rc: 0.000000000 0.680066958 0.319933042
JK:/ccrcc/rf: 0.000000000 0.695205664 0.304794336
JK:/ccrcf/c: 0.874694844 0.125305156 0.000000000
JK:/ccrcf/r: 0.000000000 0.809398827 0.190601173
JK:/ccrfc/c: 0.528579929 0.471420071 0.000000000
JK:/ccrfc/r: 0.000000000 0.615042399 0.384957601
JK:/crcc/cc: 0.852911867 0.147088133 0.000000000
JK:/crcc/cr: 0.000000000 0.307316809 0.692683191
JK:/crcc/rc: 0.000000000 0.403146541 0.596853459
JK:/crcc/rf: 0.000000000 0.813420562 0.186579438
JK:/crcf/c: 0.001465969 0.998534031 0.000000000
JK:/crcf/r: 0.000000000 0.618641054 0.381358946
JK:/rcc/cc: 0.000000000 1.000000000 0.000000000
JK:/rcc/cr: 0.000000000 0.171677342 0.828322658
JK:/rcc/rc: 0.000000000 0.000000000 1.000000000
JK:/rcc/rf: 0.000000000 0.561114154 0.438885846
JK:/rfc/c: 0.399423572 0.600576428 0.000000000
JK:/rfc/r: 0.000000000 0.956100226 0.043899774
JQ:/ccc/cc: 0.727255562 0.272744438 0.000000000
JQ:/ccc/cr: 0.000000000 0.210089771 0.789910229
JQ:/ccc/rc: 0.000000000 0.714036797 0.285963203
JQ:/ccc/rf: 0.000000000 0.329943614 0.670056386
JQ:/ccrcc/cc: 0.506743981 0.493256019 0.000000000
JQ:/ccrcc/cr: 0.000000000 0.147562679 0.852437321
JQ:/ccrcc/rc: 0.000000000 0.714831007 0.285168993
JQ:/ccrcc/rf: 0.000000000 0.921990186 0.078009814
JQ:/ccrcf/c: 0.428107570 0.571892430 0.000000000
JQ:/ccrcf/r: 0.000000000 0.392824292 0.607175708
JQ:/ccrfc/c: 0.833959380 0.166040620 0.000000000
JQ:/ccrfc/r: 0.000000000 0.256440789 0.743559211
JQ:/crcc/cc: 0.565266329 0.434733671 0.000000000
JQ:/crcc/cr: 0.000000000 0.453860118 0.546139882
JQ:/crcc/rc: 0.000000000 0.738723101 0.261276899
JQ:/crcc/rf: 0.000000000 0.073828869 0.926171131
JQ:/crcf/c: 0.545787172 0.454212828 0.000000000
JQ:/crcf/r: 0.000000000 0.256650767 0.743349233
JQ:/rcc/cc: 0.899833919 0.100166081 0.000000000
JQ:/rcc/cr: 0.000000000 0.739909616 0.260090384
JQ:/rcc/rc: 0.000000000 0.000000000 1.000000000
JQ:/rcc/rf: 0.000000000 0.380936478 0.619063522
JQ:/rfc/c: 0.456168112 0.543831888 0.000000000
JQ:/rfc/r: 0.000000000 0.335473620 0.664526380
JT:/ccc/cc: 0.071558179 0.928441821 0.000000000
JT:/ccc/cr: 0.000000000 0.690608508 0.309391492
JT:/ccc/rc: 0.000000000 0.333010848 0.666989152
JT:/ccc/rf: 0.000000000 0.254850276 0.745149724
JT:/ccrcc/cc: 0.368846081 0.631153919 0.000000000
JT:/ccrcc/cr: 0.000000000 0.026317409 0.973682591
JT:/ccrcc/rc: 0.000000000 0.009785012 0.990214988
JT:/ccrcc/rf: 0.000000000 0.730364405 0.269635595
JT:/ccrcf/c: 0.575796669 0.424203331 0.000000000
JT:/ccrcf/r: 0.000000000 0.678610954 0.321389046
JT:/ccrfc/c: 0.342518188 0.657481812 0.000000000
JT:/ccrfc/r: 0.000000000 0.622920335 0.377079665
JT:/crcc/cc: 0.571615346 0.428384654 0.000000000
JT:/crcc/cr: 0.000000000 0.852105616 0.147894384
JT:/crcc/rc: 0.000000000 0.671807699 0.328192301
JT:/crcc/rf: 0.000000000 0.065278774 0.934721226
JT:/crcf/c: 0.967648448 0.032351552 0.000000000
JT:/crcf/r: 0.000000000 0.064026004 0.935973996
JT:/rcc/cc: 0.000000131 0.999999869 0.000000000
JT:/rcc/cr: 0.000000000 0.665486194 0.334513806
JT:/rcc/rc: 0.000000000 0.000000000 1.000000000
JT:/rcc/rf: 0.000000000 0.730106626 0.269893374
JT:/rfc/c: 0.520531001 0.479468999 0.000000000
JT:/rfc/r: 0.000000000 0.113632534 0.886367466
K:/cc: 0.379970678 0.620029322 0.000000000
K:/cr: 0.000000000 0.999970447 0.000029553
K:/rc: 0.000000000 1.000000000 0.000000000
K:/rf: 0.000000000 0.634556035 0.365443965
KA:/ccc/cc: 0.648066460 0.351933540 0.000000000
KA:/ccc/cr: 0.000000000 0.886416043 0.113583957
KA:/ccc/rc: 0.000000000 1.000000000 0.000000000
KA:/ccc/rf: 0.000000000 0.440491021 0.559508979
KA:/ccrcc/cc: 0.194950970 0.805049030 0.000000000
KA:/ccrcc/cr: 0.000000000 0.881458214 0.118541786
KA:/ccrcc/rc: 0.000000000 0.970976100 0.029023900
KA:/ccrcc/rf: 0.000000000 0.950169589 0.049830411
KA:/ccrcf/c: 0.270742014 0.729257986 0.000000000
KA:/ccrcf/r: 0.000000000 0.305708383 0.694291617
KA:/ccrfc/c: 0.937730071 0.062269929 0.000000000
KA:/ccrfc/r: 0.000000000 0.369496969 0.630503031
KA:/crcc/cc: 0.618421123 0.381578877 0.000000000
KA:/crcc/cr: 0.000000000 0.206002237 0.793997763
KA:/crcc/rc: 0.000000000 0.496927592 0.503072408
KA:/crcc/rf: 0.000000000 0.826524748 0.173475252
KA:/crcf/c: 0.258538528 0.741461472 0.000000000
KA:/crcf/r: 0.000000000 0.877387462 0.122612538
KA:/rcc/cc: 0.432967805 0.567032195 0.000000000
KA:/rcc/cr: 0.000000000 0.917922251 0.082077749
KA:/rcc/rc: 0.000000000 0.725885463 0.274114537
KA:/rcc/rf: 0.000000000 0.856352439 0.143647561
KA:/rfc/c: 0.596948301 0.403051699 0.000000000
KA:/rfc/r: 0.000000000 0.124529618 0.875470382
KJ:/ccc/cc: 0.324694416 0.675305584 0.000000000
KJ:/ccc/cr: 0.000000000 0.903274711 0.096725289
KJ:/ccc/rc: 0.000000000 0.150315804 0.849684196
KJ:/ccc/rf: 0.000000000 0.047061960 0.952938040
KJ:/ccrcc/cc: 0.092699567 0.907300433 0.000000000
KJ:/ccrcc/cr: 0.000000000 0.955634507 0.044365493
KJ:/ccrcc/rc: 0.000000000 0.642974481 0.357025519
KJ:/ccrcc/rf: 0.000000000 0.442569604 0.557430396
KJ:/ccrcf/c: 0.375193654 0.624806346 0.000000000
KJ:/ccrcf/r: 0.000000000 0.444704542 0.555295458
KJ:/ccrfc/c: 0.474618394 0.525381606 0.000000000
KJ:/ccrfc/r: 0.000000000 0.660856571 0.339143429
KJ:/crcc/cc: 0.540599658 0.459400342 0.000000000
KJ:/crcc/cr: 0.000000000 0.569508736 0.430491264
KJ:/crcc/rc: 0.000000000 0.483320240 0.516679760
KJ:/crcc/rf: 0.000000000 0.646409034 0.353590966
KJ:/crcf/c: 0.461934795 0.538065205 0.000000000
KJ:/crcf/r: 0.000000000 0.515913875 0.484086125
KJ:/rcc/cc: 0.097427651 0.902572349 0.000000000
KJ:/rcc/cr: 0.000000000 0.827086053 0.172913947
KJ:/rcc/rc: 0.000000000 0.480901497 0.519098503
KJ:/rcc/rf: 0.000000000 0.857614389 0.142385611
KJ:/rfc/c: 0.420601606 0.579398394 0.000000000
KJ:/rfc/r: 0.000000000 0.545718638 0.454281362
KQ:/ccc/cc: 0.000000000 1.000000000 0.000000000
KQ:/ccc/cr: 0.000000000 0.351822136 0.648177864
KQ:/ccc/rc: 0.000000000 0.000000000 1.000000000
KQ:/ccc/rf: 0.000000000 0.535826650 0.464173350
KQ:/ccrcc/cc: 0.044153902 0.955846098 0.000000000
KQ:/ccrcc/cr: 0.000000000 0.413733178 0.586266822
KQ:/ccrcc/rc: 0.000000000 0.515427382 0.484572618
KQ:/ccrcc/rf: 0.000000000 0.458622116 0.541377884
KQ:/ccrcf/c: 0.514991342 0.485008658 0.000000000
KQ:/ccrcf/r: 0.000000000 0.809794210 0.190205790
KQ:/ccrfc/c: 0.219216615 0.780783385 0.000000000
KQ:/ccrfc/r: 0.000000000 0.576405776 0.423594224
KQ:/crcc/cc: 0.119560069 0.880439931 0.000000000
KQ:/crcc/cr: 0.000000000 0.975222202 0.024777798
KQ:/crcc/rc: 0.000000000 0.636823208 0.363176792
KQ:/crcc/rf: 0.000000000 0.603091369 0.396908631
KQ:/crcf/c: 0.157830233 0.842169767 0.000000000
KQ:/crcf/r: 0.000000000 0.268065210 0.731934790
KQ:/rcc/cc: 0.271656345 0.728343655 0.000000000
KQ:/rcc/cr: 0.000000000 0.871165850 0.128834150
KQ:/rcc/rc: 0.000000000 0.481001172 0.518998828
KQ:/rcc/rf: 0.000000000 0.524967953 0.475032047
KQ:/rfc/c: 0.153211125 0.846788875 0.000000000
KQ:/rfc/r: 0.000000000 0.562941091 0.437058909
KT:/ccc/cc: 0.604307415 0.395692585 0.000000000
KT:/ccc/cr: 0.000000000 0.452791986 0.547208014
KT:/ccc/rc: 0.000000000 0.318311880 0.681688120
KT:/ccc/rf: 0.000000000 0.136047268 0.863952732
KT:/ccrcc/cc: 0.502676322 0.497323678 0.000000000
KT:/ccrcc/cr: 0.000000000 0.844763230 0.155236770
KT:/ccrcc/rc: 0.000000000 0.999999551 0.000000449
KT:/ccrcc/rf: 0.000000000 0.549281373 0.450718627
KT:/ccrcf/c: 0.840750038 0.159249962 0.000000000
KT:/ccrcf/r: 0.000000000 0.848349672 0.151650328
KT:/ccrfc/c: 0.607002237 0.392997763 0.000000000
KT:/ccrfc/r: 0.000000000 0.245630554 0.754369446
KT:/crcc/cc: 0.794008094 0.205991906 0.000000000
KT:/crcc/cr: 0.000000000 0.863734953 0.136265047
KT:/crcc/rc: 0.000000000 0.789362573 0.210637427
KT:/crcc/rf: 0.000000000 0.530180902 0.469819098
KT:/crcf/c: 0.483480842 0.516519158 0.000000000
KT:/crcf/r: 0.000000000 0.654809268 0.345190732
KT:/rcc/cc: 0.304883714 0.695116286 0.000000000
KT:/rcc/cr: 0.000000000 0.234628916 0.765371084
KT:/rcc/rc: 0.000000000 0.515513968 0.484486032
KT:/rcc/rf: 0.000000000 0.829050803 0.170949197
KT:/rfc/c: 0.236506343 0.763493657 0.000000000
KT:/rfc/r: 0.000000000 0.082884364 0.917115636
Q:/cc: 0.009794776 0.990205224 0.000000000
Q:/cr: 0.000000000 1.000000000 0.000000000
Q:/rc: 0.000000000 0.256344046 0.743655954
Q:/rf: 0.000000000 1.000000000 0.000000000
QA:/ccc/cc: 0.551162901 0.448837099 0.000000000
QA:/ccc/cr: 0.000000000 0.613519311 0.386480689
QA:/ccc/rc: 0.000000000 0.296266200 0.703733800
QA:/ccc/rf: 0.000000000 0.335411907 0.664588093
QA:/ccrcc/cc: 0.284940522 0.715059478 0.000000000
QA:/ccrcc/cr: 0.000000000 0.568218560 0.431781440
QA:/ccrcc/rc: 0.000000000 0.493909706 0.506090294
QA:/ccrcc/rf: 0.000000000 0.769010103 0.230989897
QA:/ccrcf/c: 0.599405179 0.400594821 0.000000000
QA:/ccrcf/r: 0.000000000 0.301101224 0.698898776
QA:/ccrfc/c: 0.734413710 0.265586290 0.000000000
QA:/ccrfc/r: 0.000000000 0.485995460 0.514004540
QA:/crcc/cc: 0.511576835 0.488423165 0.000000000
QA:/crcc/cr: 0.000000000 0.304361121 0.695638879
QA:/crcc/rc: 0.000000000 0.543055780 0.456944220
QA:/crcc/rf: 0.000000000 0.632473563 0.367526437
QA:/crcf/c: 0.491545382 0.508454618 0.000000000
QA:/crcf/r: 0.000000000 0.553865726 0.446134274
QA:/rcc/cc: 0.000000000 1.000000000 0.000000000
QA:/rcc/cr: 0.000000000 0.682821592 0.317178408
QA:/rcc/rc: 0.000000000 0.343237779 0.656762221
QA:/rcc/rf: 0.000000000 0.719072571 0.280927429
QA:/rfc/c: 0.266547961 0.733452039 0.000000000
QA:/rfc/r: 0.000000000 0.363802284 0.636197716
QJ:/ccc/cc: 0.025237028 0.974762972 0.000000000
QJ:/ccc/cr: 0.000000000 0.716161970 0.283838030
QJ:/ccc/rc: 0.000000000 0.473279096 0.526720904
QJ:/ccc/rf: 0.000000000 0.436554943 0.563445057
QJ:/ccrcc/cc: 0.324920862 0.675079138 0.000000000
QJ:/ccrcc/cr: 0.000000000 0.565558121 0.434441879
QJ:/ccrcc/rc: 0.000000000 0.587813302 0.412186698
QJ:/ccrcc/rf: 0.000000000 0.450522134 0.549477866
QJ:/ccrcf/c: 0.724983337 0.275016663 0.000000000
QJ:/ccrcf/r: 0.000000000 0.372667696 0.627332304
QJ:/ccrfc/c: 0.532780154 0.467219846 0.000000000
QJ:/ccrfc/r: 0.000000000 0.902953799 0.097046201
QJ:/crcc/cc: 0.368881370 0.631118630 0.000000000
QJ:/crcc/cr: 0.000000000 0.915654912 0.084345088
QJ:/crcc/rc: 0.000000000 0.251222255 0.748777745
QJ:/crcc/rf: 0.000000000 0.920815683 0.079184317
QJ:/crcf/c: 0.282854793 0.717145207 0.000000000
QJ:/crcf/r: 0.000000000 0.500459131 0.499540869
QJ:/rcc/cc: 0.827410873 0.172589127 0.000000000
QJ:/rcc/cr: 0.000000000 0.462818396 0.537181604
QJ:/rcc/rc: 0.000000000 0.000000000 1.000000000
QJ:/rcc/rf: 0.000000000 0.546139342 0.453860658
QJ:/rfc/c: 0.960841806 0.039158194 0.000000000
QJ:/rfc/r: 0.000000000 0.505545647 0.494454353
QK:/ccc/cc: 0.000026159 0.999973841 0.000000000
QK:/ccc/cr: 0.000000000 0.518035518 0.481964482
QK:/ccc/rc: 0.000000000 0.314740588 0.685259412
QK:/ccc/rf: 0.000000000 0.561342848 0.438657152
QK:/ccrcc/cc: 0.645746752 0.354253248 0.000000000
QK:/ccrcc/cr: 0.000000000 0.687707586 0.312292414
QK:/ccrcc/rc: 0.000000000 0.924044963 0.075955037
QK:/ccrcc/rf: 0.000000000 0.044367022 0.955632978
QK:/ccrcf/c: 0.800485052 0.199514948 0.000000000
QK:/ccrcf/r: 0.000000000 0.520949333 0.479050667
QK:/ccrfc/c: 0.624160525 0.375839475 0.000000000
QK:/ccrfc/r: 0.000000000 0.446336036 0.553663964
QK:/crcc/cc: 0.625407505 0.374592495 0.000000000
QK:/crcc/cr: 0.000000000 0.498737392 0.501262608
QK:/crcc/rc: 0.000000000 0.505014028 0.494985972
QK:/crcc/rf: 0.000000000 0.560125202 0.439874798
QK:/crcf/c: 0.798245067 0.201754933 0.000000000
QK:/crcf/r: 0.000000000 0.663902018 0.336097982
QK:/rcc/cc: 0.000000000 1.000000000 0.000000000
QK:/rcc/cr: 0.000000000 0.563050032 0.436949968
QK:/rcc/rc: 0.000000000 0.000000000 1.000000000
QK:/rcc/rf: 0.000000000 0.206109755 0.793890245
QK:/rfc/c: 0.641497132 0.358502868 0.000000000
QK:/rfc/r: 0.000000000 0.783762134 0.216237866
QT:/ccc/cc: 0.264146707 0.735853293 0.000000000
QT:/ccc/cr: 0.000000000 0.413479220 0.586520780
QT:/ccc/rc: 0.000000000 0.488582396 0.511417604
QT:/ccc/rf: 0.000000000 0.295031947 0.704968053
QT:/ccrcc/cc: 0.890220045 0.109779955 0.000000000
QT:/ccrcc/cr: 0.000000000 0.437182186 0.562817814
QT:/ccrcc/rc: 0.000000000 0.934081669 0.065918331
QT:/ccrcc/rf: 0.000000000 0.708771601 0.291228399
QT:/ccrcf/c: 0.769887866 0.230112134 0.000000000
QT:/ccrcf/r: 0.000000000 0.841672675 0.158327325
QT:/ccrfc/c: 0.251659105 0.748340895 0.000000000
QT:/ccrfc/r: 0.000000000 0.245776251 0.754223749
QT:/crcc/cc: 0.433800209 0.566199791 0.000000000
QT:/crcc/cr: 0.000000000 0.417405824 0.582594176
QT:/crcc/rc: 0.000000000 0.365329074 0.634670926
QT:/crcc/rf: 0.000000000 0.954398289 0.045601711
QT:/crcf/c: 0.166452391 0.833547609 0.000000000
QT:/crcf/r: 0.000000000 0.095279907 0.904720093
QT:/rcc/cc: 0.000000073 0.999999927 0.000000000
QT:/rcc/cr: 0.000000000 0.519024234 0.480975766
QT:/rcc/rc: 0.000000000 0.000000000 1.000000000
QT:/rcc/rf: 0.000000000 0.928814046 0.071185954
QT:/rfc/c: 0.756600787 0.243399213 0.000000000
QT:/rfc/r: 0.000000000 0.747935383 0.252064617
T:/cc: 0.120461255 0.879538745 0.000000000
T:/cr: 0.000000000 0.366069100 0.633930900
T:/rc: 0.000000000 0.078026315 0.921973685
T:/rf: 0.000000000 0.175721354 0.824278646
TA:/ccc/cc: 0.110123838 0.889876162 0.000000000
TA:/ccc/cr: 0.000000000 0.000981059 0.999018941
TA:/ccc/rc: 0.000000000 0.910845314 0.089154686
TA:/ccc/rf: 0.000000000 0.517064148 0.482935852
TA:/ccrcc/cc: 0.202035326 0.797964674 0.000000000
TA:/ccrcc/cr: 0.000000000 0.130638446 0.869361554
TA:/ccrcc/rc: 0.000000000 0.856218406 0.143781594
TA:/ccrcc/rf: 0.000000000 0.653673882 0.346326118
TA:/ccrcf/c: 0.469408204 0.530591796 0.000000000
TA:/ccrcf/r: 0.000000000 0.537339615 0.462660385
TA:/ccrfc/c: 0.358526867 0.641473133 0.000000000
TA:/ccrfc/r: 0.000000000 0.489400135 0.510599865
TA:/crcc/cc: 0.323273233 0.676726767 0.000000000
TA:/crcc/cr: 0.000000000 0.440947383 0.559052617
TA:/crcc/rc: 0.000000000 0.086969279 0.913030721
TA:/crcc/rf: 0.000000000 0.437569377 0.562430623
TA:/crcf/c: 0.347610499 0.652389501 0.000000000
TA:/crcf/r: 0.000000000 0.181677169 0.818322831
TA:/rcc/cc: 1.000000000 0.000000000 0.000000000
TA:/rcc/cr: 0.000000000 0.126396722 0.873603278
TA:/rcc/rc: 0.000000000 0.000000000 1.000000000
TA:/rcc/rf: 0.000000000 0.473716241 0.526283759
TA:/rfc/c: 0.105616195 0.894383805 0.000000000
TA:/rfc/r: 0.000000000 0.400839785 0.599160215
TJ:/ccc/cc: 0.362537718 0.637462282 0.000000000
TJ:/ccc/cr: 0.000000000 0.840429588 0.159570412
TJ:/ccc/rc: 0.000000000 0.571379678 0.428620322
TJ:/ccc/rf: 0.000000000 0.851961269 0.148038731
TJ:/ccrcc/cc: 0.140844525 0.859155475 0.000000000
TJ:/ccrcc/cr: 0.000000000 0.547618029 0.452381971
TJ:/ccrcc/rc: 0.000000000 0.601898517 0.398101483
TJ:/ccrcc/rf: 0.000000000 0.592703365 0.407296635
TJ:/ccrcf/c: 0.788004923 0.211995077 0.000000000
TJ:/ccrcf/r: 0.000000000 0.466606500 0.533393500
TJ:/ccrfc/c: 0.452546916 0.547453084 0.000000000
TJ:/ccrfc/r: 0.000000000 0.340007807 0.659992193
TJ:/crcc/cc: 0.705899935 0.294100065 0.000000000
TJ:/crcc/cr: 0.000000000 0.546559173 0.453440827
TJ:/crcc/rc: 0.000000000 0.932038530 0.067961470
TJ:/crcc/rf: 0.000000000 0.644481863 0.355518137
TJ:/crcf/c: 0.750994843 0.249005157 0.000000000
TJ:/crcf/r: 0.000000000 0.922687996 0.077312004
TJ:/rcc/cc: 0.315386184 0.684613816 0.000000000
TJ:/rcc/cr: 0.000000000 0.606340809 0.393659191
TJ:/rcc/rc: 0.000000000 0.000000000 1.000000000
TJ:/rcc/rf: 0.000000000 0.483826864 0.516173136
TJ:/rfc/c: 0.493154561 0.506845439 0.000000000
TJ:/rfc/r: 0.000000000 0.986072725 0.013927275
TK:/ccc/cc: 0.536186704 0.463813296 0.000000000
TK:/ccc/cr: 0.000000000 0.037525413 0.962474587
TK:/ccc/rc: 0.000000000 0.142938485 0.857061515
TK:/ccc/rf: 0.000000000 0.367546175 0.632453825
TK:/ccrcc/cc: 0.506976602 0.493023398 0.000000000
TK:/ccrcc/cr: 0.000000000 0.499540560 0.500459440
TK:/ccrcc/rc: 0.000000000 0.395131393 0.604868607
TK:/ccrcc/rf: 0.000000000 0.421168952 0.578831048
TK:/ccrcf/c: 0.451838607 0.548161393 0.000000000
TK:/ccrcf/r: 0.000000000 0.382321828 0.617678172
TK:/ccrfc/c: 0.812897356 0.187102644 0.000000000
TK:/ccrfc/r: 0.000000000 0.505388815 0.494611185
TK:/crcc/cc: 0.430488481 0.569511519 0.000000000
TK:/crcc/cr: 0.000000000 0.325086407 0.674913593
TK:/crcc/rc: 0.000000000 0.946454338 0.053545662
TK:/crcc/rf: 0.000000000 0.599068008 0.400931992
TK:/crcf/c: 0.418348639 0.581651361 0.000000000
TK:/crcf/r: 0.000000000 0.863118677 0.136881323
TK:/rcc/cc: 0.000000000 1.000000000 0.000000000
TK:/rcc/cr: 0.000000000 0.067679022 0.932320978
TK:/rcc/rc: 0.000000000 0.000000000 1.000000000
TK:/rcc/rf: 0.000000000 0.756501245 0.243498755
TK:/rfc/c: 0.351739411 0.648260589 0.000000000
TK:/rfc/r: 0.000000000 0.594130653 0.405869347
TQ:/ccc/cc: 0.987105491 0.012894509 0.000000000
TQ:/ccc/cr: 0.000000000 0.322645153 0.677354847
TQ:/ccc/rc: 0.000000000 0.075839596 0.924160404
TQ:/ccc/rf: 0.000000000 0.543275374 0.456724626
TQ:/ccrcc/cc: 0.330001535 0.669998465 0.000000000
TQ:/ccrcc/cr: 0.000000000 0.815873448 0.184126552
TQ:/ccrcc/rc: 0.000000000 0.254620426 0.745379574
TQ:/ccrcc/rf: 0.000000000 0.515464094 0.484535906
TQ:/ccrcf/c: 0.392565096 0.607434904 0.000000000
TQ:/ccrcf/r: 0.000000000 0.620002619 0.379997381
TQ:/ccrfc/c: 0.321337137 0.678662863 0.000000000
TQ:/ccrfc/r: 0.000000000 0.646060039 0.353939961
TQ:/crcc/cc: 0.067695643 0.932304357 0.000000000
TQ:/crcc/cr: 0.000000000 0.738888469 0.261111531
TQ:/crcc/rc: 0.000000000 0.575576017 0.424423983
TQ:/crcc/rf: 0.000000000 0.623207189 0.376792811
TQ:/crcf/c: 0.596727347 0.403272653 0.000000000
TQ:/crcf/r: 0.000000000 0.297620467 0.702379533
TQ:/rcc/cc: 0.862611624 0.137388376 0.000000000
TQ:/rcc/cr: 0.000000000 0.626752439 0.373247561
TQ:/rcc/rc: 0.000000000 0.000000000 1.000000000
TQ:/rcc/rf: 0.000000000 0.634986391 0.365013609
TQ:/rfc/c: 0.294946462 0.705053538 0.000000000
TQ:/rfc/r: 0.000000000 0.516440718 0.483559282
