9:/: 0.017517246 0.982482754 0.000000000
9:/cccr: 0.000016785 0.000000000 0.999983215
9:/cccrccrc: 0.000000000 0.395616922 0.604383078
9:/cccrccrf: 0.000000000 0.187429124 0.812570876
9:/cccrcfrc: 0.000000000 0.575088749 0.424911251
9:/cccrcfrf: 0.000000000 0.107457601 0.892542399
9:/cccrcrcc: 0.000000000 0.517942890 0.482057110
9:/cccrcrcf: 0.000000000 0.133095545 0.866904455
9:/cccrcrfc: 0.000000000 0.242168431 0.757831569
9:/cccrcrff: 0.000000000 0.461038766 0.538961234
9:/ccrc: 0.000025152 0.576191796 0.423783051
9:/ccrccrcc: 0.000000000 0.031036977 0.968963023
9:/ccrccrcf: 0.000000000 0.787610661 0.212389339
9:/ccrccrfc: 0.000000000 0.172639006 0.827360994
9:/ccrccrff: 0.000000000 0.378355596 0.621644404
9:/ccrf: 0.723723949 0.000000000 0.276276051
9:/ccrfcrc: 0.000000000 0.548928965 0.451071035
9:/ccrfcrf: 0.000000000 0.393870129 0.606129871
9:/ccrr: 0.000000000 0.008421154 0.991578846
9:/crcc: 0.000000000 0.441931601 0.558068399
9:/crcf: 0.000000000 0.224988430 0.775011570
9:/crcr: 0.000000000 0.000000000 1.000000000
9:/crfc: 0.002403209 0.000000000 0.997596791
9:/crff: 0.000000000 0.000000000 1.000000000
9:/crfr: 0.000000000 0.000000000 1.000000000
9:/crrc: 0.000000000 0.640180906 0.359819094
9:/crrf: 0.000000000 0.329865643 0.670134357
9:/rccr: 0.000000000 0.895088715 0.104911285
9:/rcfr: 0.000000000 0.000000000 1.000000000
9:/rcrc: 0.000000000 0.155280393 0.844719607
9:/rcrf: 0.000000000 0.325493180 0.674506820
9:/rfcr: 0.000000000 0.066219525 0.933780475
9:/rffr: 0.000000000 0.000000000 1.000000000
9:/rfrc: 0.000000000 0.212093664 0.787906336
9:/rfrf: 0.000000000 0.565505932 0.434494068
9:/rrcc: 0.000000000 0.394268063 0.605731937
9:/rrcf: 0.000000000 0.644585793 0.355414207
9:/rrfc: 0.000000000 0.000000000 1.000000000
9:/rrff: 0.000000000 0.000000000 1.000000000
A:/: 0.494105506 0.505894494 0.000000000
A:/cccr: 0.630354835 0.369645165 0.000000000
A:/cccrccrc: 0.000000000 0.782117958 0.217882042
A:/cccrccrf: 0.000000000 0.822169270 0.177830730
A:/cccrcfrc: 0.000000000 1.000000000 0.000000000
A:/cccrcfrf: 0.000000000 0.550042603 0.449957397
A:/cccrcrcc: 0.000000000 0.986142074 0.013857926
A:/cccrcrcf: 0.000000000 0.992363628 0.007636372
A:/cccrcrfc: 0.000000000 0.894870064 0.105129936
A:/cccrcrff: 0.000000000 0.878470563 0.121529437
A:/ccrc: 0.541227046 0.458772954 0.000000000
A:/ccrccrcc: 0.000000000 0.587300611 0.412699389
A:/ccrccrcf: 0.000000000 0.896265059 0.103734941
A:/ccrccrfc: 0.000000000 0.850657387 0.149342613
A:/ccrccrff: 0.000000000 0.849131527 0.150868473
A:/ccrf: 0.756797353 0.243202647 0.000000000
A:/ccrfcrc: 0.000000000 1.000000000 0.000000000
A:/ccrfcrf: 0.000000000 1.000000000 0.000000000
A:/ccrr: 0.000000000 1.000000000 0.000000000
A:/crcc: 0.487186141 0.189393302 0.323420557
A:/crcf: 0.497246468 0.221237003 0.281516529
A:/crcr: 0.000000000 0.519294864 0.480705136
A:/crfc: 0.605766350 0.394233650 0.000000000
A:/crff: 0.655637515 0.344362485 0.000000000
A:/crfr: 0.000000000 1.000000000 0.000000000
A:/crrc: 0.000000000 0.559810103 0.440189897
A:/crrf: 0.000000000 1.000000000 0.000000000
A:/rccr: 0.000000000 1.000000000 0.000000000
A:/rcfr: 0.000000000 1.000000000 0.000000000
A:/rcrc: 0.000000000 0.504993945 0.495006055
A:/rcrf: 0.000000000 0.628966563 0.371033437
A:/rfcr: 0.000000000 1.000000000 0.000000000
A:/rffr: 0.000000000 1.000000000 0.000000000
A:/rfrc: 0.000000000 1.000000000 0.000000000
A:/rfrf: 0.000000000 0.355260370 0.644739630
A:/rrcc: 0.000000000 0.923235055 0.076764945
A:/rrcf: 0.000000000 0.594627770 0.405372230
A:/rrfc: 0.000000000 0.901032578 0.098967422
A:/rrff: 0.000000000 1.000000000 0.000000000
J:/: 0.016310761 0.983689239 0.000000000
J:/cccr: 0.000180053 0.000000000 0.999819947
J:/cccrccrc: 0.000000000 0.910718414 0.089281586
J:/cccrccrf: 0.000000000 0.627023316 0.372976684
J:/cccrcfrc: 0.000000000 0.000000000 1.000000000
J:/cccrcfrf: 0.000000000 0.627321562 0.372678438
J:/cccrcrcc: 0.000000000 0.547205541 0.452794459
J:/cccrcrcf: 0.000000000 0.396051372 0.603948628
J:/cccrcrfc: 0.000000000 0.506016609 0.493983391
J:/cccrcrff: 0.000000000 0.000000000 1.000000000
J:/ccrc: 0.001091484 0.190266211 0.808642306
J:/ccrccrcc: 0.000000000 0.407272987 0.592727013
J:/ccrccrcf: 0.000000000 0.541171495 0.458828505
J:/ccrccrfc: 0.000000000 0.493884119 0.506115881
J:/ccrccrff: 0.000000000 0.857569859 0.142430141
J:/ccrf: 0.916085526 0.000000000 0.083914474
J:/ccrfcrc: 0.000000000 0.410951847 0.589048153
J:/ccrfcrf: 0.000000000 0.594599989 0.405400011
J:/ccrr: 0.000000000 0.020146069 0.979853931
J:/crcc: 0.002583946 0.164412801 0.833003252
J:/crcf: 0.009665741 0.463693656 0.526640603
J:/crcr: 0.000000000 0.000000000 1.000000000
J:/crfc: 0.027109926 0.251398291 0.721491782
J:/crff: 0.000000000 0.256498404 0.743501596
J:/crfr: 0.000000000 0.135842579 0.864157421
J:/crrc: 0.000000000 0.270526134 0.729473866
J:/crrf: 0.000000000 0.625108220 0.374891780
J:/rccr: 0.000000000 0.575000165 0.424999835
J:/rcfr: 0.000000000 0.000000000 1.000000000
J:/rcrc: 0.000000000 0.220609671 0.779390329
J:/rcrf: 0.000000000 0.472704172 0.527295828
J:/rfcr: 0.000000000 0.778009602 0.221990398
J:/rffr: 0.000000000 0.000000000 1.000000000
J:/rfrc: 0.000000000 0.779345458 0.220654542
J:/rfrf: 0.000000000 0.380752758 0.619247242
J:/rrcc: 0.000000000 0.226561996 0.773438004
J:/rrcf: 0.000000000 0.267972137 0.732027863
J:/rrfc: 0.000000000 0.000000000 1.000000000
J:/rrff: 0.000000000 0.000000000 1.000000000
K:/: 0.373517705 0.626482295 0.000000000
K:/cccr: 0.000717449 0.197988386 0.801294165
K:/cccrccrc: 0.000000000 0.113456600 0.886543400
K:/cccrccrf: 0.000000000 0.693031841 0.306968159
K:/cccrcfrc: 0.000000000 0.470067935 0.529932065
K:/cccrcfrf: 0.000000000 0.660719531 0.339280469
K:/cccrcrcc: 0.000000000 0.007548302 0.992451698
K:/cccrcrcf: 0.000000000 0.139666067 0.860333933
K:/cccrcrfc: 0.000000000 0.440182387 0.559817613
K:/cccrcrff: 0.000000000 0.661988118 0.338011882
K:/ccrc: 0.376366891 0.332360534 0.291272576
K:/ccrccrcc: 0.000000000 0.051224335 0.948775665
K:/ccrccrcf: 0.000000000 0.627243530 0.372756470
K:/ccrccrfc: 0.000000000 0.693489309 0.306510691
K:/ccrccrff: 0.000000000 0.790903631 0.209096369
K:/ccrf: 0.125120710 0.871029217 0.003850073
K:/ccrfcrc: 0.000000000 0.956662819 0.043337181
K:/ccrfcrf: 0.000000000 0.916014589 0.083985411
K:/ccrr: 0.000000000 0.634233816 0.365766184
K:/crcc: 0.254370433 0.435784841 0.309844727
K:/crcf: 0.496472639 0.408540433 0.094986928
K:/crcr: 0.000000000 0.445222145 0.554777855
K:/crfc: 0.105287372 0.657366922 0.237345707
K:/crff: 0.000000000 0.842021104 0.157978896
K:/crfr: 0.000000000 0.481055498 0.518944502
K:/crrc: 0.000000000 0.635496085 0.364503915
K:/crrf: 0.000000000 0.516145332 0.483854668
K:/rccr: 0.000000000 0.958624805 0.041375195
K:/rcfr: 0.000000000 0.052219177 0.947780823
K:/rcrc: 0.000000000 0.907577790 0.092422210
K:/rcrf: 0.000000000 0.873465159 0.126534841
K:/rfcr: 0.000000000 0.665418871 0.334581129
K:/rffr: 0.000000000 0.488598592 0.511401408
K:/rfrc: 0.000000000 0.570191367 0.429808633
K:/rfrf: 0.000000000 0.663547182 0.336452818
K:/rrcc: 0.000000000 0.789485823 0.210514177
K:/rrcf: 0.000000000 0.055220277 0.944779723
K:/rrfc: 0.000000000 0.176917579 0.823082421
K:/rrff: 0.000000000 0.177145411 0.822854589
Q:/: 0.000000000 1.000000000 0.000000000
Q:/cccr: 0.000238164 0.000000000 0.999761836
Q:/cccrccrc: 0.000000000 0.326590360 0.673409640
Q:/cccrccrf: 0.000000000 0.642858728 0.357141272
Q:/cccrcfrc: 0.000000000 0.245330280 0.754669720
Q:/cccrcfrf: 0.000000000 0.467117675 0.532882325
Q:/cccrcrcc: 0.000000000 0.545031163 0.454968837
Q:/cccrcrcf: 0.000000000 0.459852794 0.540147206
Q:/cccrcrfc: 0.000000000 0.559842912 0.440157088
Q:/cccrcrff: 0.000000000 0.562236413 0.437763587
Q:/ccrc: 0.004226961 0.004220232 0.991552807
Q:/ccrccrcc: 0.000000000 0.000000000 1.000000000
Q:/ccrccrcf: 0.000000000 0.504760784 0.495239216
Q:/ccrccrfc: 0.000000000 0.306657563 0.693342437
Q:/ccrccrff: 0.000000000 0.590100870 0.409899130
Q:/ccrf: 0.434093886 0.434902410 0.131003703
Q:/ccrfcrc: 0.000000000 0.538787132 0.461212868
Q:/ccrfcrf: 0.000000000 0.603459392 0.396540608
Q:/ccrr: 0.000000000 0.000000000 1.000000000
Q:/crcc: 0.146458444 0.553694132 0.299847424
Q:/crcf: 0.000000000 0.452016523 0.547983477
Q:/crcr: 0.000000000 0.418446665 0.581553335
Q:/crfc: 0.000000000 0.113391079 0.886608921
Q:/crff: 0.000000000 0.185062897 0.814937103
Q:/crfr: 0.000000000 0.037254903 0.962745097
Q:/crrc: 0.000000000 0.092185364 0.907814636
Q:/crrf: 0.000000000 0.208321211 0.791678789
Q:/rccr: 0.000000000 0.554777742 0.445222258
Q:/rcfr: 0.000000000 0.000000000 1.000000000
Q:/rcrc: 0.000000000 0.697614974 0.302385026
Q:/rcrf: 0.000000000 0.160965865 0.839034135
Q:/rfcr: 0.000000000 0.445265278 0.554734722
Q:/rffr: 0.000000000 0.000000000 1.000000000
Q:/rfrc: 0.000000000 0.537593391 0.462406609
Q:/rfrf: 0.000000000 0.845050683 0.154949317
Q:/rrcc: 0.000000000 0.115862539 0.884137461
Q:/rrcf: 0.000000000 0.550126388 0.449873612
Q:/rrfc: 0.000000000 0.000000000 1.000000000
Q:/rrff: 0.000000000 0.000000000 1.000000000
T:/: 0.239484054 0.760515946 0.000000000
T:/cccr: 0.000098255 0.000000000 0.999901745
T:/cccrccrc: 0.000000000 0.471716017 0.528283983
T:/cccrccrf: 0.000000000 0.553288142 0.446711858
T:/cccrcfrc: 0.000000000 0.265066714 0.734933286
T:/cccrcfrf: 0.000000000 0.430945017 0.569054983
T:/cccrcrcc: 0.000000000 0.456574908 0.543425092
T:/cccrcrcf: 0.000000000 0.000000000 1.000000000
T:/cccrcrfc: 0.000000000 0.236666723 0.763333277
T:/cccrcrff: 0.000000000 0.684059700 0.315940300
T:/ccrc: 0.009125170 0.292683360 0.698191470
T:/ccrccrcc: 0.000000000 0.481333255 0.518666745
T:/ccrccrcf: 0.000000000 0.415644555 0.584355445
T:/ccrccrfc: 0.000000000 0.348683897 0.651316103
T:/ccrccrff: 0.000000000 0.296140604 0.703859396
T:/ccrf: 0.823753453 0.107223288 0.069023259
T:/ccrfcrc: 0.000000000 0.365897549 0.634102451
T:/ccrfcrf: 0.000000000 0.147141096 0.852858904
T:/ccrr: 0.000000000 0.000000000 1.000000000
T:/crcc: 0.107197530 0.558425903 0.334376567
T:/crcf: 0.107704916 0.331401689 0.560893394
T:/crcr: 0.000000000 0.136013770 0.863986230
T:/crfc: 0.003261338 0.000000000 0.996738662
T:/crff: 0.000000000 0.000000000 1.000000000
T:/crfr: 0.000000000 0.000000000 1.000000000
T:/crrc: 0.000000000 0.128695921 0.871304079
T:/crrf: 0.000000000 0.256143749 0.743856251
T:/rccr: 0.000000000 0.428678926 0.571321074
T:/rcfr: 0.000000000 0.000000000 1.000000000
T:/rcrc: 0.000000000 0.417152575 0.582847425
T:/rcrf: 0.000000000 0.690827320 0.309172680
T:/rfcr: 0.000000000 0.104948817 0.895051183
T:/rffr: 0.000000000 0.000000000 1.000000000
T:/rfrc: 0.000000000 0.046290910 0.953709090
T:/rfrf: 0.000000000 0.732239227 0.267760773
T:/rrcc: 0.000000000 0.698017437 0.301982563
T:/rrcf: 0.000000000 0.620798943 0.379201057
T:/rrfc: 0.000000000 0.000000000 1.000000000
T:/rrff: 0.000000000 0.000000000 1.000000000
