9:/cc: 0.382573634 0.617426366 0.000000000
9:/cccrcc: 0.271564474 0.434147280 0.294288246
9:/cccrcf: 0.806896542 0.060160996 0.132942462
9:/cccrcr: 0.000000000 0.559316724 0.440683276
9:/cccrfc: 0.000000000 0.000000000 1.000000000
9:/cccrff: 0.000000000 0.000000000 1.000000000
9:/cccrfr: 0.000000000 0.000000000 1.000000000
9:/cccrrc: 0.000000000 0.806568224 0.193431776
9:/cccrrf: 0.000000000 0.468580099 0.531419901
9:/ccrccr: 0.000000000 0.514852068 0.485147932
9:/ccrcfr: 0.000000000 0.186453672 0.813546328
9:/ccrcrc: 0.000000000 0.302170141 0.697829859
9:/ccrcrf: 0.000000000 0.502108270 0.497891730
9:/ccrfcr: 0.000000000 0.521119855 0.478880145
9:/ccrffr: 0.000000000 0.475167647 0.524832353
9:/ccrfrc: 0.000000000 0.000000000 1.000000000
9:/ccrfrf: 0.000000000 0.517474946 0.482525054
9:/ccrrcc: 0.000000000 0.454102411 0.545897589
9:/ccrrcf: 0.000000000 0.151105894 0.848894106
9:/ccrrfc: 0.000000000 0.196539519 0.803460481
9:/ccrrff: 0.000000000 0.226595725 0.773404275
9:/cr: 0.000000000 0.000000000 1.000000000
9:/crccrc: 0.000000000 0.087741494 0.912258506
9:/crccrf: 0.000000000 0.861354314 0.138645686
9:/crcfrc: 0.000000000 0.108424014 0.891575986
9:/crcfrf: 0.000000000 0.191339704 0.808660296
9:/crcrcc: 0.000000000 0.852680927 0.147319073
9:/crcrcf: 0.000000000 0.926126252 0.073873748
9:/crcrfc: 0.000000000 0.280093262 0.719906738
9:/crcrff: 0.000000000 0.737746630 0.262253370
9:/rc: 0.000000000 0.000000000 1.000000000
9:/rccrcc: 0.000000000 0.139840437 0.860159563
9:/rccrcf: 0.000000000 0.000000000 1.000000000
9:/rccrfc: 0.000000000 0.000000000 1.000000000
9:/rccrff: 0.000000000 0.221634758 0.778365242
9:/rf: 0.000000000 0.000000000 1.000000000
9:/rfcrc: 0.000000000 0.000000000 1.000000000
9:/rfcrf: 0.000000000 0.577515714 0.422484286
9:/rr: 0.000000000 0.000000000 1.000000000
A:/cc: 0.683395367 0.316604633 0.000000000
A:/cccrcc: 0.384916082 0.313657081 0.301426837
A:/cccrcf: 0.447550942 0.450755232 0.101693826
A:/cccrcr: 0.000000000 0.588487182 0.411512818
A:/cccrfc: 0.661015296 0.338984704 0.000000000
A:/cccrff: 0.586114109 0.413885891 0.000000000
A:/cccrfr: 0.000000000 1.000000000 0.000000000
A:/cccrrc: 0.000000000 0.838111685 0.161888315
A:/cccrrf: 0.000000000 0.521835559 0.478164441
A:/ccrccr: 0.000000000 0.848545096 0.151454904
A:/ccrcfr: 0.000000000 0.948415622 0.051584378
A:/ccrcrc: 0.000000000 0.649169719 0.350830281
A:/ccrcrf: 0.000000000 0.179471564 0.820528436
A:/ccrfcr: 0.000000000 0.988056796 0.011943204
A:/ccrffr: 0.000000000 0.904706655 0.095293345
A:/ccrfrc: 0.000000000 1.000000000 0.000000000
A:/ccrfrf: 0.000000000 0.594642637 0.405357363
A:/ccrrcc: 0.000000000 0.324746653 0.675253347
A:/ccrrcf: 0.000000000 0.767749797 0.232250203
A:/ccrrfc: 0.000000000 0.902104731 0.097895269
A:/ccrrff: 0.000000000 0.973062725 0.026937275
A:/cr: 0.734740890 0.265259110 0.000000000
A:/crccrc: 0.000000000 0.119138299 0.880861701
A:/crccrf: 0.000000000 0.376101339 0.623898661
A:/crcfrc: 0.000000000 0.563992042 0.436007958
A:/crcfrf: 0.000000000 0.357894652 0.642105348
A:/crcrcc: 0.000000000 0.475936790 0.524063210
A:/crcrcf: 0.000000000 0.749814917 0.250185083
A:/crcrfc: 0.000000000 1.000000000 0.000000000
A:/crcrff: 0.000000000 0.903743915 0.096256085
A:/rc: 0.807500301 0.192499699 0.000000000
A:/rccrcc: 0.000000000 0.945770881 0.054229119
A:/rccrcf: 0.000000000 1.000000000 0.000000000
A:/rccrfc: 0.000000000 0.745197914 0.254802086
A:/rccrff: 0.000000000 0.828803242 0.171196758
A:/rf: 0.835935492 0.164064508 0.000000000
A:/rfcrc: 0.000000000 1.000000000 0.000000000
A:/rfcrf: 0.000000000 1.000000000 0.000000000
A:/rr: 0.000000000 1.000000000 0.000000000
J:/cc: 0.020696246 0.979303754 0.000000000
J:/cccrcc: 0.385608586 0.394822801 0.219568613
J:/cccrcf: 0.000000000 0.536797309 0.463202691
J:/cccrcr: 0.000000000 0.604354578 0.395645422
J:/cccrfc: 0.000867678 0.086641654 0.912490668
J:/cccrff: 0.000000000 0.133739088 0.866260912
J:/cccrfr: 0.000000000 0.000000000 1.000000000
J:/cccrrc: 0.000000000 0.679224442 0.320775558
J:/cccrrf: 0.000000000 0.627200210 0.372799790
J:/ccrccr: 0.000000000 0.000000000 1.000000000
J:/ccrcfr: 0.000000000 0.476218604 0.523781396
J:/ccrcrc: 0.000000000 0.473366093 0.526633907
J:/ccrcrf: 0.000000000 0.394405395 0.605594605
J:/ccrfcr: 0.000000000 0.214800623 0.785199377
J:/ccrffr: 0.000000000 0.173782930 0.826217070
J:/ccrfrc: 0.000000000 0.370534271 0.629465729
J:/ccrfrf: 0.000000000 0.820244405 0.179755595
J:/ccrrcc: 0.000000000 0.580264542 0.419735458
J:/ccrrcf: 0.000000000 0.344061016 0.655938984
J:/ccrrfc: 0.000000000 0.421165484 0.578834516
J:/ccrrff: 0.000000000 0.214888373 0.785111627
J:/cr: 0.000000000 0.000000000 1.000000000
J:/crccrc: 0.000000000 0.427588533 0.572411467
J:/crccrf: 0.000000000 0.437322069 0.562677931
J:/crcfrc: 0.000000000 0.697216489 0.302783511
J:/crcfrf: 0.000000000 0.570551493 0.429448507
J:/crcrcc: 0.000000000 0.352493826 0.647506174
J:/crcrcf: 0.000000000 0.650662923 0.349337077
J:/crcrfc: 0.000000000 0.447030588 0.552969412
J:/crcrff: 0.000000000 0.526135027 0.473864973
J:/rc: 0.000000000 0.000000000 1.000000000
J:/rccrcc: 0.000000000 0.000000000 1.000000000
J:/rccrcf: 0.000000000 0.690894149 0.309105851
J:/rccrfc: 0.000000000 0.152824451 0.847175549
J:/rccrff: 0.000000000 0.916722810 0.083277190
J:/rf: 0.000000000 0.000000000 1.000000000
J:/rfcrc: 0.000000000 0.641503305 0.358496695
J:/rfcrf: 0.000000000 0.231490574 0.768509426
J:/rr: 0.000000000 0.000000000 1.000000000
K:/cc: 0.001125744 0.998874256 0.000000000
K:/cccrcc: 0.536483033 0.176278173 0.287238794
K:/cccrcf: 0.456891170 0.383245122 0.159863708
K:/cccrcr: 0.000000000 0.847644387 0.152355613
K:/cccrfc: 0.178625807 0.821374193 0.000000000
K:/cccrff: 0.000000000 0.976468467 0.023531533
K:/cccrfr: 0.000000000 0.544143996 0.455856004
K:/cccrrc: 0.000000000 0.368350781 0.631649219
K:/cccrrf: 0.000000000 0.241674000 0.758326000
K:/ccrccr: 0.000000000 0.331244497 0.668755503
K:/ccrcfr: 0.000000000 0.439699603 0.560300397
K:/ccrcrc: 0.000000000 0.668178842 0.331821158
K:/ccrcrf: 0.000000000 0.742634834 0.257365166
K:/ccrfcr: 0.000000000 0.395290666 0.604709334
K:/ccrffr: 0.000000000 0.501910503 0.498089497
K:/ccrfrc: 0.000000000 0.628325280 0.371674720
K:/ccrfrf: 0.000000000 0.490561162 0.509438838
K:/ccrrcc: 0.000000000 0.202998903 0.797001097
K:/ccrrcf: 0.000000000 0.494563689 0.505436311
K:/ccrrfc: 0.000000000 0.000000000 1.000000000
K:/ccrrff: 0.000000000 0.053271672 0.946728328
K:/cr: 0.000000000 0.330317963 0.669682037
K:/crccrc: 0.000000000 0.559973752 0.440026248
K:/crccrf: 0.000000000 0.516972258 0.483027742
K:/crcfrc: 0.000000000 0.497409066 0.502590934
K:/crcfrf: 0.000000000 0.349841839 0.650158161
K:/crcrcc: 0.000000000 0.164736466 0.835263534
K:/crcrcf: 0.000000000 0.153261561 0.846738439
K:/crcrfc: 0.000000000 0.295831511 0.704168489
K:/crcrff: 0.000000000 0.638555593 0.361444407
K:/rc: 0.189550177 0.157154759 0.653295064
K:/rccrcc: 0.000000000 0.723231609 0.276768391
K:/rccrcf: 0.000000000 0.791351405 0.208648595
K:/rccrfc: 0.000000000 0.349541329 0.650458671
K:/rccrff: 0.000000000 0.606158088 0.393841912
K:/rf: 0.051151245 0.253058749 0.695790006
K:/rfcrc: 0.000000000 0.639395676 0.360604324
K:/rfcrf: 0.000000000 0.335168366 0.664831634
K:/rr: 0.000000000 0.000000000 1.000000000
Q:/cc: 0.008405077 0.991594923 0.000000000
Q:/cccrcc: 0.308744017 0.637940403 0.053315580
Q:/cccrcf: 0.152761091 0.406417036 0.440821872
Q:/cccrcr: 0.000000000 0.614759618 0.385240382
Q:/cccrfc: 0.045397135 0.239102773 0.715500093
Q:/cccrff: 0.009794837 0.711876707 0.278328456
Q:/cccrfr: 0.000000000 0.207513788 0.792486212
Q:/cccrrc: 0.000000000 0.436988943 0.563011057
Q:/cccrrf: 0.000000000 0.493323709 0.506676291
Q:/ccrccr: 0.000000000 0.000000000 1.000000000
Q:/ccrcfr: 0.000000000 0.544193561 0.455806439
Q:/ccrcrc: 0.000000000 0.576294515 0.423705485
Q:/ccrcrf: 0.000000000 0.746955452 0.253044548
Q:/ccrfcr: 0.000000000 0.711026285 0.288973715
Q:/ccrffr: 0.000000000 0.943060712 0.056939288
Q:/ccrfrc: 0.000000000 0.000000000 1.000000000
Q:/ccrfrf: 0.000000000 0.440171226 0.559828774
Q:/ccrrcc: 0.000000000 0.483838454 0.516161546
Q:/ccrrcf: 0.000000000 0.309472852 0.690527148
Q:/ccrrfc: 0.000000000 0.290083267 0.709916733
Q:/ccrrff: 0.000000000 0.000000000 1.000000000
Q:/cr: 0.000000000 0.000000000 1.000000000
Q:/crccrc: 0.000000000 0.134002820 0.865997180
Q:/crccrf: 0.000000000 0.733999420 0.266000580
Q:/crcfrc: 0.000000000 0.669728805 0.330271195
Q:/crcfrf: 0.000000000 0.098286873 0.901713127
Q:/crcrcc: 0.000000000 0.591299117 0.408700883
Q:/crcrcf: 0.000000000 0.651459601 0.348540399
Q:/crcrfc: 0.000000000 0.000000000 1.000000000
Q:/crcrff: 0.000000000 0.810918758 0.189081242
Q:/rc: 0.000000000 0.000000000 1.000000000
Q:/rccrcc: 0.000000000 0.000000000 1.000000000
Q:/rccrcf: 0.000000000 0.139361638 0.860638362
Q:/rccrfc: 0.000000000 0.487876235 0.512123765
Q:/rccrff: 0.000000000 0.280875359 0.719124641
Q:/rf: 0.000000000 0.000000000 1.000000000
Q:/rfcrc: 0.000000000 0.286494067 0.713505933
Q:/rfcrf: 0.000000000 0.422030176 0.577969824
Q:/rr: 0.000000000 0.000000000 1.000000000
T:/cc: 0.065483782 0.934516218 0.000000000
T:/cccrcc: 0.028723507 0.447873988 0.523402505
T:/cccrcf: 0.117562693 0.443526145 0.438911161
T:/cccrcr: 0.000000000 0.139684810 0.860315190
T:/cccrfc: 0.000000000 0.000000000 1.000000000
T:/cccrff: 0.000000000 0.019403616 0.980596384
T:/cccrfr: 0.000000000 0.000000000 1.000000000
T:/cccrrc: 0.000000000 0.713014620 0.286985380
T:/cccrrf: 0.000000000 0.418604408 0.581395592
T:/ccrccr: 0.000000000 0.000000000 1.000000000
T:/ccrcfr: 0.000000000 0.000000000 1.000000000
T:/ccrcrc: 0.000000000 0.629025836 0.370974164
T:/ccrcrf: 0.000000000 0.691277759 0.308722241
T:/ccrfcr: 0.000000000 0.318525945 0.681474055
T:/ccrffr: 0.000000000 0.168140537 0.831859463
T:/ccrfrc: 0.000000000 0.000000000 1.000000000
T:/ccrfrf: 0.000000000 0.571323940 0.428676060
T:/ccrrcc: 0.000000000 0.587071797 0.412928203
T:/ccrrcf: 0.000000000 0.543002398 0.456997602
T:/ccrrfc: 0.000000000 0.132639858 0.867360142
T:/ccrrff: 0.000000000 0.000000000 1.000000000
T:/cr: 0.000000000 0.000000000 1.000000000
T:/crccrc: 0.000000000 0.674287653 0.325712347
T:/crccrf: 0.000000000 0.525524694 0.474475306
T:/crcfrc: 0.000000000 0.643079801 0.356920199
T:/crcfrf: 0.000000000 0.639800590 0.360199410
T:/crcrcc: 0.000000000 0.477233374 0.522766626
T:/crcrcf: 0.000000000 0.438428937 0.561571063
T:/crcrfc: 0.000000000 0.000000000 1.000000000
T:/crcrff: 0.000000000 0.303365857 0.696634143
T:/rc: 0.000000000 0.000000000 1.000000000
T:/rccrcc: 0.000000000 0.451803987 0.548196013
T:/rccrcf: 0.000000000 0.244537067 0.755462933
T:/rccrfc: 0.000000000 0.230448559 0.769551441
T:/rccrff: 0.000000000 0.783252847 0.216747153
T:/rf: 0.000000000 0.000000000 1.000000000
T:/rfcrc: 0.000000000 0.000000000 1.000000000
T:/rfcrf: 0.000000000 0.165157726 0.834842274
T:/rr: 0.000000000 0.000000000 1.000000000
