A:/c: 0.965054764 0.034945236 0.000000000
A:/cccrc: 0.000000000 0.780628748 0.219371252
A:/cccrf: 0.000000000 1.000000000 0.000000000
A:/ccrcc: 0.000000000 0.755834328 0.244165672
A:/ccrcf: 0.000000000 1.000000000 0.000000000
A:/ccrfc: 0.000000000 0.621633790 0.378366210
A:/ccrff: 0.000000000 0.999781628 0.000218372
A:/r: 0.000000000 1.000000000 0.000000000
J:/c: 0.480792098 0.519207902 0.000000000
J:/cccrc: 0.000000000 0.489331774 0.510668226
J:/cccrf: 0.000000000 0.301863990 0.698136010
J:/ccrcc: 0.000000000 0.439835416 0.560164584
J:/ccrcf: 0.000000000 0.000000000 1.000000000
J:/ccrfc: 0.000000000 0.111865868 0.888134132
J:/ccrff: 0.000000000 0.000000000 1.000000000
J:/r: 0.000000000 1.000000000 0.000000000
K:/c: 0.000000000 1.000000000 0.000000000
K:/cccrc: 0.000000000 0.607959311 0.392040689
K:/cccrf: 0.000000000 0.999995891 0.000004109
K:/ccrcc: 0.000000000 0.504329361 0.495670639
K:/ccrcf: 0.000000000 0.543892008 0.456107992
K:/ccrfc: 0.000000000 0.492008053 0.507991947
K:/ccrff: 0.000000000 0.560471329 0.439528671
K:/r: 0.000000000 1.000000000 0.000000000
Q:/c: 0.245307478 0.754692522 0.000000000
Q:/cccrc: 0.000000000 0.466935039 0.533064961
Q:/cccrf: 0.000000000 0.101069119 0.898930881
Q:/ccrcc: 0.000000000 0.437846807 0.562153193
Q:/ccrcf: 0.000000000 0.000000000 1.000000000
Q:/ccrfc: 0.000000000 0.025615549 0.974384451
Q:/ccrff: 0.000000000 0.000000000 1.000000000
Q:/r: 0.000000000 1.000000000 0.000000000
T:/c: 0.000265899 0.999734101 0.000000000
T:/cccrc: 0.000000000 0.499682380 0.500317620
T:/cccrf: 0.000000000 0.340450257 0.659549743
T:/ccrcc: 0.000000000 0.441288478 0.558711522
T:/ccrcf: 0.000000000 0.000000000 1.000000000
T:/ccrfc: 0.000000000 0.068892448 0.931107552
T:/ccrff: 0.000000000 0.000000000 1.000000000
T:/r: 0.000000000 1.000000000 0.000000000
