A:/cc: 0.950352552 0.049647448 0.000000000
A:/cccrcc: 0.000000000 1.000000000 0.000000000
A:/cccrcf: 0.000000000 1.000000000 0.000000000
A:/cccrfc: 0.000000000 0.999924684 0.000075316
A:/cccrff: 0.000000000 1.000000000 0.000000000
A:/cr: 0.000000000 1.000000000 0.000000000
A:/rc: 0.000000000 0.999782240 0.000217760
A:/rf: 0.000000000 0.998352228 0.001647772
J:/cc: 0.240577545 0.759422455 0.000000000
J:/cccrcc: 0.000000000 0.382765591 0.617234409
J:/cccrcf: 0.000000000 0.384294910 0.615705090
J:/cccrfc: 0.000000000 0.039471699 0.960528301
J:/cccrff: 0.000000000 0.043170575 0.956829425
J:/cr: 0.000000000 0.000000000 1.000000000
J:/rc: 0.000000000 0.000000000 1.000000000
J:/rf: 0.000000000 0.275218701 0.724781299
K:/cc: 0.002530082 0.997469918 0.000000000
K:/cccrcc: 0.000000000 0.628521752 0.371478248
K:/cccrcf: 0.000000000 0.702226455 0.297773545
K:/cccrfc: 0.000000000 0.736390554 0.263609446
K:/cccrff: 0.000000000 0.763895285 0.236104715
K:/cr: 0.000000000 0.472698404 0.527301596
K:/rc: 0.000000000 0.000000000 1.000000000
K:/rf: 0.000000000 0.685920439 0.314079561
Q:/cc: 0.058663737 0.941336263 0.000000000
Q:/cccrcc: 0.000000000 0.370346164 0.629653836
Q:/cccrcf: 0.000000000 0.358964957 0.641035043
Q:/cccrfc: 0.000000000 0.000000000 1.000000000
Q:/cccrff: 0.000000000 0.000000000 1.000000000
Q:/cr: 0.000000000 0.000000000 1.000000000
Q:/rc: 0.000000000 0.000000000 1.000000000
Q:/rf: 0.000000000 0.287531834 0.712468166
T:/cc: 0.309983537 0.690016463 0.000000000
T:/cccrcc: 0.000000000 0.399103731 0.600896269
T:/cccrcf: 0.000000000 0.400076462 0.599923538
T:/cccrfc: 0.000000000 0.302490989 0.697509011
T:/cccrff: 0.000000000 0.247552381 0.752447619
T:/cr: 0.000000000 0.254051613 0.745948387
T:/rc: 0.000000000 0.000000000 1.000000000
T:/rf: 0.000000000 0.252404275 0.747595725
