8:/: 0.009718445 0.990281555 0.000000000
8:/cccr: 0.000000000 0.000000000 1.000000000
8:/ccrc: 0.000000000 0.000000000 1.000000000
8:/ccrf: 0.000000000 0.000000000 1.000000000
8:/crcc: 0.000000000 0.307181151 0.692818849
8:/crcf: 0.000000000 0.537390305 0.462609695
8:/crfc: 0.000000000 0.197862138 0.802137862
8:/crff: 0.000000000 0.000000000 1.000000000
9:/: 0.017222646 0.982777354 0.000000000
9:/cccr: 0.000000000 0.000000000 1.000000000
9:/ccrc: 0.000000000 0.000000000 1.000000000
9:/ccrf: 0.000000000 0.240018563 0.759981437
9:/crcc: 0.000000000 0.470263945 0.529736055
9:/crcf: 0.000000000 0.034942345 0.965057655
9:/crfc: 0.000000000 0.000000000 1.000000000
9:/crff: 0.000000000 0.000000000 1.000000000
A:/: 0.228458148 0.771541852 0.000000000
A:/cccr: 0.000000000 1.000000000 0.000000000
A:/ccrc: 0.000000000 1.000000000 0.000000000
A:/ccrf: 0.000000000 1.000000000 0.000000000
A:/crcc: 0.000000000 1.000000000 0.000000000
A:/crcf: 0.000000000 1.000000000 0.000000000
A:/crfc: 0.000000000 1.000000000 0.000000000
A:/crff: 0.000000000 1.000000000 0.000000000
J:/: 0.001399075 0.998600925 0.000000000
J:/cccr: 0.000000000 0.000000000 1.000000000
J:/ccrc: 0.000000000 0.000000000 1.000000000
J:/ccrf: 0.000000000 0.581731568 0.418268432
J:/crcc: 0.000000000 0.375052222 0.624947778
J:/crcf: 0.000000000 0.000000000 1.000000000
J:/crfc: 0.000000000 0.359162944 0.640837056
J:/crff: 0.000000000 0.003433429 0.996566571
K:/: 0.002556502 0.997443498 0.000000000
K:/cccr: 0.000000000 0.932242226 0.067757774
K:/ccrc: 0.000000000 0.901770565 0.098229435
K:/ccrf: 0.000000000 0.363576143 0.636423857
K:/crcc: 0.000000000 0.369714870 0.630285130
K:/crcf: 0.000000000 0.995168423 0.004831577
K:/crfc: 0.000000000 0.622080255 0.377919745
K:/crff: 0.000000000 0.882781906 0.117218094
Q:/: 0.004088164 0.995911836 0.000000000
Q:/cccr: 0.000000000 0.623401312 0.376598688
Q:/ccrc: 0.000000000 0.205803496 0.794196504
Q:/ccrf: 0.000000000 0.005195974 0.994804026
Q:/crcc: 0.000000000 0.567696442 0.432303558
Q:/crcf: 0.000000000 0.847631581 0.152368419
Q:/crfc: 0.000000000 0.177860277 0.822139723
Q:/crff: 0.000000000 0.511593391 0.488406609
T:/: 0.050104124 0.949895876 0.000000000
T:/cccr: 0.000000000 0.000000000 1.000000000
T:/ccrc: 0.000000000 0.000000000 1.000000000
T:/ccrf: 0.000000000 0.328075909 0.671924091
T:/crcc: 0.000000000 0.386460687 0.613539313
T:/crcf: 0.000000000 0.186885807 0.813114193
T:/crfc: 0.000000000 0.240909713 0.759090287
T:/crff: 0.000000000 0.035562153 0.964437847
