8:/cc: 0.021252511 0.978747489 0.000000000
8:/cccrcc: 0.000000000 0.447432755 0.552567245
8:/cccrcf: 0.000000000 0.128277804 0.871722196
8:/cccrfc: 0.000000000 0.000000000 1.000000000
8:/cccrff: 0.000000000 0.000000000 1.000000000
8:/cr: 0.000000000 0.000000000 1.000000000
8:/rc: 0.000000000 0.278978292 0.721021708
8:/rf: 0.000000000 0.249145885 0.750854115
9:/cc: 0.020032341 0.979967659 0.000000000
9:/cccrcc: 0.000000000 0.399849239 0.600150761
9:/cccrcf: 0.000000000 0.156354632 0.843645368
9:/cccrfc: 0.000000000 0.057858732 0.942141268
9:/cccrff: 0.000000000 0.000000000 1.000000000
9:/cr: 0.000000000 0.000000000 1.000000000
9:/rc: 0.000000000 0.095651388 0.904348612
9:/rf: 0.000000000 0.000000000 1.000000000
A:/cc: 1.000000000 0.000000000 0.000000000
A:/cccrcc: 0.000000000 0.599349670 0.400650330
A:/cccrcf: 0.000000000 1.000000000 0.000000000
A:/cccrfc: 0.000000000 1.000000000 0.000000000
A:/cccrff: 0.000000000 1.000000000 0.000000000
A:/cr: 0.000000000 1.000000000 0.000000000
A:/rc: 0.000000000 1.000000000 0.000000000
A:/rf: 0.000000000 1.000000000 0.000000000
J:/cc: 0.255091571 0.744908429 0.000000000
J:/cccrcc: 0.000000000 0.416072655 0.583927345
J:/cccrcf: 0.000000000 0.000000000 1.000000000
J:/cccrfc: 0.000000000 0.105025465 0.894974535
J:/cccrff: 0.000000000 0.085269985 0.914730015
J:/cr: 0.000000000 0.000000000 1.000000000
J:/rc: 0.000000000 0.046050604 0.953949396
J:/rf: 0.000000000 0.445240099 0.554759901
K:/cc: 0.886257918 0.113742082 0.000000000
K:/cccrcc: 0.000000000 0.147184219 0.852815781
K:/cccrcf: 0.000000000 0.402833360 0.597166640
K:/cccrfc: 0.000000000 0.975978381 0.024021619
K:/cccrff: 0.000000000 0.945167726 0.054832274
K:/cr: 0.000000000 0.727995558 0.272004442
K:/rc: 0.000000000 0.874641495 0.125358505
K:/rf: 0.000000000 0.488310525 0.511689475
Q:/cc: 0.523548013 0.476451987 0.000000000
Q:/cccrcc: 0.000000000 0.390087248 0.609912752
Q:/cccrcf: 0.000000000 0.293620909 0.706379091
Q:/cccrfc: 0.000000000 0.851299320 0.148700680
Q:/cccrff: 0.000000000 0.778835810 0.221164190
Q:/cr: 0.000000000 0.373884913 0.626115087
Q:/rc: 0.000000000 0.520943226 0.479056774
Q:/rf: 0.000000000 0.253784574 0.746215426
T:/cc: 0.279409485 0.720590515 0.000000000
T:/cccrcc: 0.000000000 0.487236913 0.512763087
T:/cccrcf: 0.000000000 0.165542126 0.834457874
T:/cccrfc: 0.000000000 0.000000000 1.000000000
T:/cccrff: 0.000000000 0.194090651 0.805909349
T:/cr: 0.000000000 0.000000000 1.000000000
T:/rc: 0.000000000 0.297523309 0.702476691
T:/rf: 0.000000000 0.403648222 0.596351778
