A:/: 0.000899258 0.999100742 0.000000000
A:/cccr: 1.000000000 0.000000000 0.000000000
A:/cccrccrc: 0.766921558 0.233078442 0.000000000
A:/cccrccrccrcc: 0.000000000 0.596660193 0.403339807
A:/cccrccrccrcf: 0.000000000 0.910980573 0.089019427
A:/cccrccrccrfc: 0.000000000 0.286345068 0.713654932
A:/cccrccrccrff: 0.000000000 0.431357300 0.568642700
A:/cccrccrf: 0.247801859 0.681571449 0.070626692
A:/cccrccrfcrc: 0.000000000 0.659633836 0.340366164
A:/cccrccrfcrf: 0.000000000 0.765440200 0.234559800
A:/cccrccrr: 0.000000000 0.670103240 0.329896760
A:/cccrcfrc: 1.000000000 0.000000000 0.000000000
A:/cccrcfrf: 0.044792961 0.508017145 0.447189894
A:/cccrcfrr: 0.000000000 1.000000000 0.000000000
A:/cccrcrcc: 0.116962094 0.355377491 0.527660415
A:/cccrcrcf: 0.324884436 0.289627392 0.385488172
A:/cccrcrcr: 0.000000000 0.500988719 0.499011281
A:/cccrcrfc: 0.564440269 0.435559731 0.000000000
A:/cccrcrff: 0.288346187 0.577988335 0.133665478
A:/cccrcrfr: 0.000000000 1.000000000 0.000000000
A:/cccrcrrc: 0.000000000 0.337239268 0.662760732
A:/cccrcrrf: 0.000000000 1.000000000 0.000000000
A:/cccrrccr: 0.000000000 1.000000000 0.000000000
A:/cccrrcfr: 0.000000000 1.000000000 0.000000000
A:/cccrrcrc: 0.000000000 0.692568625 0.307431375
A:/cccrrcrf: 0.000000000 0.951916764 0.048083236
A:/cccrrfcr: 0.000000000 1.000000000 0.000000000
A:/cccrrffr: 0.000000000 1.000000000 0.000000000
A:/cccrrfrc: 0.000000000 1.000000000 0.000000000
A:/cccrrfrf: 0.000000000 0.194283187 0.805716813
A:/cccrrrcc: 0.000000000 1.000000000 0.000000000
A:/cccrrrcf: 0.000000000 1.000000000 0.000000000
A:/cccrrrfc: 0.000000000 1.000000000 0.000000000
A:/cccrrrff: 0.000000000 1.000000000 0.000000000
A:/ccrc: 1.000000000 0.000000000 0.000000000
A:/ccrccrcc: 0.182676267 0.454832090 0.362491644
A:/ccrccrcf: 0.491481850 0.174528930 0.333989220
A:/ccrccrcr: 0.000000000 0.655038332 0.344961668
A:/ccrccrfc: 0.283786779 0.716213221 0.000000000
A:/ccrccrff: 0.160158602 0.839841398 0.000000000
A:/ccrccrfr: 0.000000000 0.589792363 0.410207637
A:/ccrccrrc: 0.000000000 0.524754491 0.475245509
A:/ccrccrrf: 0.000000000 0.454939406 0.545060594
A:/ccrcrccr: 0.000000000 0.999841588 0.000158412
A:/ccrcrcfr: 0.000000000 1.000000000 0.000000000
A:/ccrcrcrc: 0.000000000 0.746424417 0.253575583
A:/ccrcrcrf: 0.000000000 0.047960185 0.952039815
A:/ccrcrfcr: 0.000000000 0.409158148 0.590841852
A:/ccrcrffr: 0.000000000 0.991374476 0.008625524
A:/ccrcrfrc: 0.000000000 0.466507074 0.533492926
A:/ccrcrfrf: 0.000000000 0.472281103 0.527718897
A:/ccrcrrcc: 0.000000000 0.689347033 0.310652967
A:/ccrcrrcf: 0.000000000 0.367532109 0.632467891
A:/ccrcrrfc: 0.000000000 1.000000000 0.000000000
A:/ccrcrrff: 0.000000000 1.000000000 0.000000000
A:/ccrf: 0.094389220 0.905610780 0.000000000
A:/ccrfcrc: 0.336094077 0.290418368 0.373487555
A:/ccrfcrf: 0.612760637 0.140421046 0.246818317
A:/ccrfcrr: 0.000000000 0.910945356 0.089054644
A:/ccrfrcr: 0.000000000 0.993988985 0.006011015
A:/ccrfrfr: 0.000000000 0.610807306 0.389192694
A:/ccrfrrc: 0.000000000 0.734193289 0.265806711
A:/ccrfrrf: 0.000000000 0.992489520 0.007510480
A:/ccrr: 0.923858806 0.076141194 0.000000000
A:/ccrrccrc: 0.000000000 0.444380045 0.555619955
A:/ccrrccrf: 0.000000000 0.530098568 0.469901432
A:/ccrrcfrc: 0.000000000 0.353282144 0.646717856
A:/ccrrcfrf: 0.000000000 0.534343314 0.465656686
A:/ccrrcrcc: 0.000000000 0.907994000 0.092006000
A:/ccrrcrcf: 0.000000000 0.758074851 0.241925149
A:/ccrrcrfc: 0.000000000 1.000000000 0.000000000
A:/ccrrcrff: 0.000000000 1.000000000 0.000000000
A:/crcc: 0.433002260 0.130459373 0.436538367
A:/crccrccr: 0.000000000 0.561258801 0.438741199
A:/crccrcfr: 0.000000000 0.764584823 0.235415177
A:/crccrcrc: 0.000000000 0.967348512 0.032651488
A:/crccrcrf: 0.000000000 0.430382713 0.569617287
A:/crccrfcr: 0.000000000 0.664922384 0.335077616
A:/crccrffr: 0.000000000 0.918255205 0.081744795
A:/crccrfrc: 0.000000000 0.503618986 0.496381014
A:/crccrfrf: 0.000000000 0.730786587 0.269213413
A:/crccrrcc: 0.000000000 0.943896797 0.056103203
A:/crccrrcf: 0.000000000 0.785290148 0.214709852
A:/crccrrfc: 0.000000000 0.320518203 0.679481797
A:/crccrrff: 0.000000000 0.181255570 0.818744430
A:/crcf: 0.294213858 0.582469186 0.123316956
A:/crcfrcr: 0.000000000 0.635787224 0.364212776
A:/crcfrfr: 0.000000000 0.135495273 0.864504727
A:/crcfrrc: 0.000000000 0.740528620 0.259471380
A:/crcfrrf: 0.000000000 0.776335172 0.223664828
A:/crcr: 0.000000000 1.000000000 0.000000000
A:/crcrccrc: 0.000000000 1.000000000 0.000000000
A:/crcrccrf: 0.000000000 1.000000000 0.000000000
A:/crcrcfrc: 0.000000000 1.000000000 0.000000000
A:/crcrcfrf: 0.000000000 0.505672798 0.494327202
A:/crcrcrcc: 0.000000000 1.000000000 0.000000000
A:/crcrcrcf: 0.000000000 1.000000000 0.000000000
A:/crcrcrfc: 0.000000000 1.000000000 0.000000000
A:/crcrcrff: 0.000000000 1.000000000 0.000000000
A:/crfc: 0.173184540 0.826815460 0.000000000
A:/crfcrcr: 0.000000000 0.834172126 0.165827874
A:/crfcrfr: 0.000000000 0.597564629 0.402435371
A:/crfcrrc: 0.000000000 0.761226803 0.238773197
A:/crfcrrf: 0.000000000 0.428743379 0.571256621
A:/crff: 1.000000000 0.000000000 0.000000000
A:/crffrr: 0.000000000 1.000000000 0.000000000
A:/crfr: 0.684185966 0.315814034 0.000000000
A:/crfrcrc: 0.000000000 1.000000000 0.000000000
A:/crfrcrf: 0.000000000 1.000000000 0.000000000
A:/crrc: 0.906247333 0.093752667 0.000000000
A:/crrccrcc: 0.000000000 1.000000000 0.000000000
A:/crrccrcf: 0.000000000 0.622907574 0.377092426
A:/crrccrfc: 0.000000000 0.565509610 0.434490390
A:/crrccrff: 0.000000000 1.000000000 0.000000000
A:/crrf: 0.717541753 0.282458247 0.000000000
A:/crrfcrc: 0.000000000 0.794517570 0.205482430
A:/crrfcrf: 0.000000000 1.000000000 0.000000000
A:/crrr: 0.000000000 1.000000000 0.000000000
A:/rccr: 1.000000000 0.000000000 0.000000000
A:/rccrccrc: 0.000000000 1.000000000 0.000000000
A:/rccrccrf: 0.000000000 0.719330342 0.280669658
A:/rccrcfrc: 0.000000000 0.910914056 0.089085944
A:/rccrcfrf: 0.000000000 0.306689442 0.693310558
A:/rccrcrcc: 0.000000000 0.516515658 0.483484342
A:/rccrcrcf: 0.000000000 0.137789960 0.862210040
A:/rccrcrfc: 0.000000000 1.000000000 0.000000000
A:/rccrcrff: 0.000000000 1.000000000 0.000000000
A:/rcfr: 1.000000000 0.000000000 0.000000000
A:/rcfrcrc: 0.000000000 0.843283635 0.156716365
A:/rcfrcrf: 0.000000000 0.940350825 0.059649175
A:/rcrc: 0.724602597 0.275397403 0.000000000
A:/rcrccrcc: 0.000000000 0.842793665 0.157206335
A:/rcrccrcf: 0.000000000 0.090608309 0.909391691
A:/rcrccrfc: 0.000000000 0.553549413 0.446450587
A:/rcrccrff: 0.000000000 0.489668022 0.510331978
A:/rcrf: 0.887857915 0.112142085 0.000000000
A:/rcrfcrc: 0.000000000 0.782648891 0.217351109
A:/rcrfcrf: 0.000000000 0.684142982 0.315857018
A:/rcrr: 0.000000000 1.000000000 0.000000000
A:/rfcr: 0.454125786 0.545874214 0.000000000
A:/rfcrcrc: 0.000000000 1.000000000 0.000000000
A:/rfcrcrf: 0.000000000 0.604714490 0.395285510
A:/rffr: 0.795926586 0.204073414 0.000000000
A:/rfrc: 1.000000000 0.000000000 0.000000000
A:/rfrf: 0.335464900 0.392490630 0.272044470
A:/rfrr: 0.000000000 1.000000000 0.000000000
A:/rrcc: 0.589721105 0.410278895 0.000000000
A:/rrcf: 0.591239178 0.408760822 0.000000000
A:/rrcr: 0.000000000 1.000000000 0.000000000
A:/rrfc: 1.000000000 0.000000000 0.000000000
A:/rrff: 1.000000000 0.000000000 0.000000000
A:/rrfr: 0.000000000 1.000000000 0.000000000
A:/rrrc: 0.000000000 1.000000000 0.000000000
A:/rrrf: 0.000000000 1.000000000 0.000000000
J:/: 0.000000000 1.000000000 0.000000000
J:/cccr: 0.000000000 0.266645328 0.733354672
J:/cccrccrc: 0.572244395 0.399651851 0.028103754
J:/cccrccrccrcc: 0.000000000 0.304499159 0.695500841
J:/cccrccrccrcf: 0.000000000 0.627404212 0.372595788
J:/cccrccrccrfc: 0.000000000 0.712984053 0.287015947
J:/cccrccrccrff: 0.000000000 0.280156077 0.719843923
J:/cccrccrf: 0.054657044 0.671794612 0.273548344
J:/cccrccrfcrc: 0.000000000 0.046957974 0.953042026
J:/cccrccrfcrf: 0.000000000 0.408496488 0.591503512
J:/cccrccrr: 0.000000000 0.443100997 0.556899003
J:/cccrcfrc: 1.000000000 0.000000000 0.000000000
J:/cccrcfrf: 0.413917936 0.505067785 0.081014279
J:/cccrcfrr: 0.000000000 0.000000000 1.000000000
J:/cccrcrcc: 0.220428737 0.209100485 0.570470779
J:/cccrcrcf: 0.120888971 0.553286522 0.325824507
J:/cccrcrcr: 0.000000000 0.371659926 0.628340074
J:/cccrcrfc: 0.623481679 0.223699651 0.152818671
J:/cccrcrff: 0.770332032 0.000000000 0.229667968
J:/cccrcrfr: 0.000000000 0.326217824 0.673782176
J:/cccrcrrc: 0.000000000 0.192227572 0.807772428
J:/cccrcrrf: 0.000000000 0.058759143 0.941240857
J:/cccrrccr: 0.000000000 0.654830634 0.345169366
J:/cccrrcfr: 0.000000000 0.539891780 0.460108220
J:/cccrrcrc: 0.000000000 0.513772491 0.486227509
J:/cccrrcrf: 0.000000000 0.770138138 0.229861862
J:/cccrrfcr: 0.000000000 0.808578421 0.191421579
J:/cccrrffr: 0.000000000 0.492677985 0.507322015
J:/cccrrfrc: 0.000000000 0.000000000 1.000000000
J:/cccrrfrf: 0.000000000 0.077491361 0.922508639
J:/cccrrrcc: 0.000000000 0.517660444 0.482339556
J:/cccrrrcf: 0.000000000 0.700916172 0.299083828
J:/cccrrrfc: 0.000000000 0.000000000 1.000000000
J:/cccrrrff: 0.000000000 0.669678790 0.330321210
J:/ccrc: 0.211498420 0.024237081 0.764264499
J:/ccrccrcc: 0.038257238 0.502119993 0.459622769
J:/ccrccrcf: 0.368146629 0.301923494 0.329929878
J:/ccrccrcr: 0.000000000 0.310680775 0.689319225
J:/ccrccrfc: 0.661172650 0.338827350 0.000000000
J:/ccrccrff: 0.646727091 0.330092313 0.023180595
J:/ccrccrfr: 0.000000000 0.575099487 0.424900513
J:/ccrccrrc: 0.000000000 0.230343848 0.769656152
J:/ccrccrrf: 0.000000000 0.082821843 0.917178157
J:/ccrcrccr: 0.000000000 0.770383753 0.229616247
J:/ccrcrcfr: 0.000000000 0.323089734 0.676910266
J:/ccrcrcrc: 0.000000000 0.674390474 0.325609526
J:/ccrcrcrf: 0.000000000 0.377856563 0.622143437
J:/ccrcrfcr: 0.000000000 0.194876009 0.805123991
J:/ccrcrffr: 0.000000000 0.315222329 0.684777671
J:/ccrcrfrc: 0.000000000 0.509046341 0.490953659
J:/ccrcrfrf: 0.000000000 0.393167971 0.606832029
J:/ccrcrrcc: 0.000000000 0.507270044 0.492729956
J:/ccrcrrcf: 0.000000000 0.073534396 0.926465604
J:/ccrcrrfc: 0.000000000 0.841446714 0.158553286
J:/ccrcrrff: 0.000000000 0.701768604 0.298231396
J:/ccrf: 0.000417768 0.171543897 0.828038336
J:/ccrfcrc: 0.355363020 0.416232810 0.228404170
J:/ccrfcrf: 0.452431950 0.172648549 0.374919501
J:/ccrfcrr: 0.000000000 0.875993605 0.124006395
J:/ccrfrcr: 0.000000000 0.693857713 0.306142287
J:/ccrfrfr: 0.000000000 0.538652689 0.461347311
J:/ccrfrrc: 0.000000000 0.638525179 0.361474821
J:/ccrfrrf: 0.000000000 0.537849160 0.462150840
J:/ccrr: 0.000000000 0.000000000 1.000000000
J:/ccrrccrc: 0.000000000 0.389606760 0.610393240
J:/ccrrccrf: 0.000000000 0.320683463 0.679316537
J:/ccrrcfrc: 0.000000000 0.360964430 0.639035570
J:/ccrrcfrf: 0.000000000 0.559299158 0.440700842
J:/ccrrcrcc: 0.000000000 0.560083208 0.439916792
J:/ccrrcrcf: 0.000000000 0.743679863 0.256320137
J:/ccrrcrfc: 0.000000000 0.108457060 0.891542940
J:/ccrrcrff: 0.000000000 0.649061209 0.350938791
J:/crcc: 0.000000000 0.000000000 1.000000000
J:/crccrccr: 0.000000000 0.507403246 0.492596754
J:/crccrcfr: 0.000000000 0.039132620 0.960867380
J:/crccrcrc: 0.000000000 0.318706072 0.681293928
J:/crccrcrf: 0.000000000 0.349008237 0.650991763
J:/crccrfcr: 0.000000000 0.455431764 0.544568236
J:/crccrffr: 0.000000000 0.016621122 0.983378878
J:/crccrfrc: 0.000000000 0.458869154 0.541130846
J:/crccrfrf: 0.000000000 0.318642719 0.681357281
J:/crccrrcc: 0.000000000 0.496717952 0.503282048
J:/crccrrcf: 0.000000000 0.440317368 0.559682632
J:/crccrrfc: 0.000000000 0.041162050 0.958837950
J:/crccrrff: 0.000000000 0.709447679 0.290552321
J:/crcf: 0.988259684 0.000000000 0.011740316
J:/crcfrcr: 0.000000000 0.426660443 0.573339557
J:/crcfrfr: 0.000000000 0.433576307 0.566423693
J:/crcfrrc: 0.000000000 0.239618514 0.760381486
J:/crcfrrf: 0.000000000 0.000000000 1.000000000
J:/crcr: 0.000000000 0.000000000 1.000000000
J:/crcrccrc: 0.000000000 0.794374062 0.205625938
J:/crcrccrf: 0.000000000 0.417412749 0.582587251
J:/crcrcfrc: 0.000000000 0.275775232 0.724224768
J:/crcrcfrf: 0.000000000 0.112423843 0.887576157
J:/crcrcrcc: 0.000000000 0.218461409 0.781538591
J:/crcrcrcf: 0.000000000 0.022530640 0.977469360
J:/crcrcrfc: 0.000000000 0.000000000 1.000000000
J:/crcrcrff: 0.000000000 1.000000000 0.000000000
J:/crfc: 0.000000000 0.000000000 1.000000000
J:/crfcrcr: 0.000000000 0.851446915 0.148553085
J:/crfcrfr: 0.000000000 0.908310839 0.091689161
J:/crfcrrc: 0.000000000 0.480349060 0.519650940
J:/crfcrrf: 0.000000000 0.266156893 0.733843107
J:/crff: 0.326436382 0.396289291 0.277274327
J:/crffrr: 0.000000000 0.322232721 0.677767279
J:/crfr: 0.001481978 0.000000000 0.998518022
J:/crfrcrc: 0.000000000 0.031212369 0.968787631
J:/crfrcrf: 0.000000000 0.431459675 0.568540325
J:/crrc: 0.053159324 0.064888937 0.881951739
J:/crrccrcc: 0.000000000 0.473517898 0.526482102
J:/crrccrcf: 0.000000000 0.671421229 0.328578771
J:/crrccrfc: 0.000000000 0.413195025 0.586804975
J:/crrccrff: 0.000000000 0.820541852 0.179458148
J:/crrf: 0.493578316 0.331425421 0.174996264
J:/crrfcrc: 0.000000000 0.147805891 0.852194109
J:/crrfcrf: 0.000000000 0.073959690 0.926040310
J:/crrr: 0.000000000 0.422299711 0.577700289
J:/rccr: 0.983496198 0.000000000 0.016503802
J:/rccrccrc: 0.000000000 0.372467317 0.627532683
J:/rccrccrf: 0.000000000 0.856403425 0.143596575
J:/rccrcfrc: 0.000000000 0.384559895 0.615440105
J:/rccrcfrf: 0.000000000 0.321354669 0.678645331
J:/rccrcrcc: 0.000000000 0.518075954 0.481924046
J:/rccrcrcf: 0.000000000 0.525583240 0.474416760
J:/rccrcrfc: 0.000000000 0.386202569 0.613797431
J:/rccrcrff: 0.000000000 0.477530411 0.522469589
J:/rcfr: 0.843563566 0.000000000 0.156436434
J:/rcfrcrc: 0.000000000 0.429119391 0.570880609
J:/rcfrcrf: 0.000000000 0.813417753 0.186582247
J:/rcrc: 0.850800147 0.110174682 0.039025171
J:/rcrccrcc: 0.000000000 0.315258828 0.684741172
J:/rcrccrcf: 0.000000000 0.164597228 0.835402772
J:/rcrccrfc: 0.000000000 0.316477982 0.683522018
J:/rcrccrff: 0.000000000 0.419153432 0.580846568
J:/rcrf: 0.731222254 0.000000000 0.268777746
J:/rcrfcrc: 0.000000000 0.621837296 0.378162704
J:/rcrfcrf: 0.000000000 0.748293929 0.251706071
J:/rcrr: 0.000000000 0.876959601 0.123040399
J:/rfcr: 0.225638307 0.387039416 0.387322278
J:/rfcrcrc: 0.000000000 0.031731272 0.968268728
J:/rfcrcrf: 0.000000000 0.489425309 0.510574691
J:/rffr: 0.000401060 0.000000000 0.999598940
J:/rfrc: 0.537512746 0.000000000 0.462487254
J:/rfrf: 0.275124754 0.372105708 0.352769538
J:/rfrr: 0.000000000 0.000000000 1.000000000
J:/rrcc: 0.319690572 0.359223359 0.321086068
J:/rrcf: 0.000037382 0.000000000 0.999962618
J:/rrcr: 0.000000000 0.383408484 0.616591516
J:/rrfc: 1.000000000 0.000000000 0.000000000
J:/rrff: 0.000419452 0.000000000 0.999580548
J:/rrfr: 0.000000000 0.000000000 1.000000000
J:/rrrc: 0.000000000 0.000000000 1.000000000
J:/rrrf: 0.000000000 0.000000000 1.000000000
K:/: 0.001066331 0.998933669 0.000000000
K:/cccr: 0.000000000 1.000000000 0.000000000
K:/cccrccrc: 0.462325369 0.353910067 0.183764564
K:/cccrccrccrcc: 0.000000000 1.000000000 0.000000000
K:/cccrccrccrcf: 0.000000000 0.453927628 0.546072372
K:/cccrccrccrfc: 0.000000000 0.330035005 0.669964995
K:/cccrccrccrff: 0.000000000 0.645953511 0.354046489
K:/cccrccrf: 0.648374702 0.074339955 0.277285344
K:/cccrccrfcrc: 0.000000000 0.468079801 0.531920199
K:/cccrccrfcrf: 0.000000000 0.724906967 0.275093033
K:/cccrccrr: 0.000000000 0.346218479 0.653781521
K:/cccrcfrc: 1.000000000 0.000000000 0.000000000
K:/cccrcfrf: 0.371858957 0.337203887 0.290937156
K:/cccrcfrr: 0.000000000 1.000000000 0.000000000
K:/cccrcrcc: 0.330281497 0.339150486 0.330568017
K:/cccrcrcf: 0.519066767 0.443599299 0.037333934
K:/cccrcrcr: 0.000000000 0.258289275 0.741710725
K:/cccrcrfc: 0.637800658 0.157830508 0.204368834
K:/cccrcrff: 0.841302374 0.000000000 0.158697626
K:/cccrcrfr: 0.000000000 1.000000000 0.000000000
K:/cccrcrrc: 0.000000000 0.279039351 0.720960649
K:/cccrcrrf: 0.000000000 0.691310271 0.308689729
K:/cccrrccr: 0.000000000 0.873930376 0.126069624
K:/cccrrcfr: 0.000000000 0.914473516 0.085526484
K:/cccrrcrc: 0.000000000 0.106926635 0.893073365
K:/cccrrcrf: 0.000000000 0.454162483 0.545837517
K:/cccrrfcr: 0.000000000 1.000000000 0.000000000
K:/cccrrffr: 0.000000000 1.000000000 0.000000000
K:/cccrrfrc: 0.000000000 1.000000000 0.000000000
K:/cccrrfrf: 0.000000000 0.151244710 0.848755290
K:/cccrrrcc: 0.000000000 0.470428276 0.529571724
K:/cccrrrcf: 0.000000000 0.501869351 0.498130649
K:/cccrrrfc: 0.000000000 0.610287882 0.389712118
K:/cccrrrff: 0.000000000 0.217636844 0.782363156
K:/ccrc: 0.990523283 0.009476717 0.000000000
K:/ccrccrcc: 0.436320190 0.449952049 0.113727760
K:/ccrccrcf: 0.406553931 0.366410433 0.227035636
K:/ccrccrcr: 0.000000000 0.609424154 0.390575846
K:/ccrccrfc: 0.620183387 0.077353412 0.302463201
K:/ccrccrff: 0.460955994 0.384382830 0.154661177
K:/ccrccrfr: 0.000000000 0.980491248 0.019508752
K:/ccrccrrc: 0.000000000 0.942616987 0.057383013
K:/ccrccrrf: 0.000000000 0.617701351 0.382298649
K:/ccrcrccr: 0.000000000 0.389765237 0.610234763
K:/ccrcrcfr: 0.000000000 0.679117026 0.320882974
K:/ccrcrcrc: 0.000000000 0.508611473 0.491388527
K:/ccrcrcrf: 0.000000000 0.216928611 0.783071389
K:/ccrcrfcr: 0.000000000 0.664562338 0.335437662
K:/ccrcrffr: 0.000000000 0.668542482 0.331457518
K:/ccrcrfrc: 0.000000000 0.732848569 0.267151431
K:/ccrcrfrf: 0.000000000 0.894483576 0.105516424
K:/ccrcrrcc: 0.000000000 0.942218172 0.057781828
K:/ccrcrrcf: 0.000000000 0.419034442 0.580965558
K:/ccrcrrfc: 0.000000000 0.837108384 0.162891616
K:/ccrcrrff: 0.000000000 1.000000000 0.000000000
K:/ccrf: 0.331822729 0.668177271 0.000000000
K:/ccrfcrc: 0.208567882 0.521717977 0.269714142
K:/ccrfcrf: 0.464594918 0.535382197 0.000022884
K:/ccrfcrr: 0.000000000 0.855539945 0.144460055
K:/ccrfrcr: 0.000000000 0.396969157 0.603030843
K:/ccrfrfr: 0.000000000 0.376482085 0.623517915
K:/ccrfrrc: 0.000000000 0.752443962 0.247556038
K:/ccrfrrf: 0.000000000 1.000000000 0.000000000
K:/ccrr: 0.000033590 0.000000000 0.999966410
K:/ccrrccrc: 0.000000000 0.584365437 0.415634563
K:/ccrrccrf: 0.000000000 0.333544756 0.666455244
K:/ccrrcfrc: 0.000000000 0.734179620 0.265820380
K:/ccrrcfrf: 0.000000000 0.518431099 0.481568901
K:/ccrrcrcc: 0.000000000 0.751047865 0.248952135
K:/ccrrcrcf: 0.000000000 0.533960442 0.466039558
K:/ccrrcrfc: 0.000000000 1.000000000 0.000000000
K:/ccrrcrff: 0.000000000 1.000000000 0.000000000
K:/crcc: 1.000000000 0.000000000 0.000000000
K:/crccrccr: 0.000000000 0.222965883 0.777034117
K:/crccrcfr: 0.000000000 0.712310390 0.287689610
K:/crccrcrc: 0.000000000 0.126373054 0.873626946
K:/crccrcrf: 0.000000000 0.827408932 0.172591068
K:/crccrfcr: 0.000000000 0.468752334 0.531247666
K:/crccrffr: 0.000000000 0.556847750 0.443152250
K:/crccrfrc: 0.000000000 0.851796879 0.148203121
K:/crccrfrf: 0.000000000 0.747083196 0.252916804
K:/crccrrcc: 0.000000000 0.000000000 1.000000000
K:/crccrrcf: 0.000000000 1.000000000 0.000000000
K:/crccrrfc: 0.000000000 0.562216013 0.437783987
K:/crccrrff: 0.000000000 1.000000000 0.000000000
K:/crcf: 1.000000000 0.000000000 0.000000000
K:/crcfrcr: 0.000000000 0.905982204 0.094017796
K:/crcfrfr: 0.000000000 0.853150486 0.146849514
K:/crcfrrc: 0.000000000 0.375173751 0.624826249
K:/crcfrrf: 0.000000000 0.999833333 0.000166667
K:/crcr: 0.999728393 0.000271607 0.000000000
K:/crcrccrc: 0.000000000 1.000000000 0.000000000
K:/crcrccrf: 0.000000000 0.519263811 0.480736189
K:/crcrcfrc: 0.000000000 1.000000000 0.000000000
K:/crcrcfrf: 0.000000000 0.364441374 0.635558626
K:/crcrcrcc: 0.000000000 1.000000000 0.000000000
K:/crcrcrcf: 0.000000000 1.000000000 0.000000000
K:/crcrcrfc: 0.000000000 1.000000000 0.000000000
K:/crcrcrff: 0.000000000 1.000000000 0.000000000
K:/crfc: 0.737020826 0.000000000 0.262979174
K:/crfcrcr: 0.000000000 0.500863509 0.499136491
K:/crfcrfr: 0.000000000 0.999982925 0.000017075
K:/crfcrrc: 0.000000000 0.338332862 0.661667138
K:/crfcrrf: 0.000000000 1.000000000 0.000000000
K:/crff: 0.277066259 0.722933741 0.000000000
K:/crffrr: 0.000000000 0.995551722 0.004448278
K:/crfr: 0.630785467 0.369214533 0.000000000
K:/crfrcrc: 0.000000000 1.000000000 0.000000000
K:/crfrcrf: 0.000000000 1.000000000 0.000000000
K:/crrc: 0.417057304 0.000000000 0.582942696
K:/crrccrcc: 0.000000000 0.534762703 0.465237297
K:/crrccrcf: 0.000000000 0.464561396 0.535438604
K:/crrccrfc: 0.000000000 0.385038913 0.614961087
K:/crrccrff: 0.000000000 0.599722876 0.400277124
K:/crrf: 0.623811784 0.147567811 0.228620405
K:/crrfcrc: 0.000000000 0.627532621 0.372467379
K:/crrfcrf: 0.000000000 0.836385878 0.163614122
K:/crrr: 0.000000000 0.996823728 0.003176272
K:/rccr: 1.000000000 0.000000000 0.000000000
K:/rccrccrc: 0.000000000 0.814398761 0.185601239
K:/rccrccrf: 0.000000000 0.314545512 0.685454488
K:/rccrcfrc: 0.000000000 0.545597852 0.454402148
K:/rccrcfrf: 0.000000000 0.476676622 0.523323378
K:/rccrcrcc: 0.000000000 0.600393727 0.399606273
K:/rccrcrcf: 0.000000000 0.389414199 0.610585801
K:/rccrcrfc: 0.000000000 1.000000000 0.000000000
K:/rccrcrff: 0.000000000 1.000000000 0.000000000
K:/rcfr: 0.713616623 0.286383377 0.000000000
K:/rcfrcrc: 0.000000000 0.474981269 0.525018731
K:/rcfrcrf: 0.000000000 0.894540205 0.105459795
K:/rcrc: 0.902474132 0.097525868 0.000000000
K:/rcrccrcc: 0.000000000 0.205246970 0.794753030
K:/rcrccrcf: 0.000000000 0.459573195 0.540426805
K:/rcrccrfc: 0.000000000 0.753046026 0.246953974
K:/rcrccrff: 0.000000000 0.350097621 0.649902379
K:/rcrf: 0.623592095 0.376407905 0.000000000
K:/rcrfcrc: 0.000000000 0.433353757 0.566646243
K:/rcrfcrf: 0.000000000 1.000000000 0.000000000
K:/rcrr: 0.000000000 1.000000000 0.000000000
K:/rfcr: 0.295293994 0.659434741 0.045271265
K:/rfcrcrc: 0.000000000 0.772272182 0.227727818
K:/rfcrcrf: 0.000000000 0.654085911 0.345914089
K:/rffr: 0.299648521 0.700351479 0.000000000
K:/rfrc: 0.926604190 0.073395810 0.000000000
K:/rfrf: 0.436527459 0.501087440 0.062385101
K:/rfrr: 0.000000000 1.000000000 0.000000000
K:/rrcc: 1.000000000 0.000000000 0.000000000
K:/rrcf: 0.000158967 0.089751949 0.910089084
K:/rrcr: 0.000000000 1.000000000 0.000000000
K:/rrfc: 1.000000000 0.000000000 0.000000000
K:/rrff: 0.000448432 0.999551568 0.000000000
K:/rrfr: 0.000000000 1.000000000 0.000000000
K:/rrrc: 0.000000000 0.728476975 0.271523025
K:/rrrf: 0.000000000 0.374831150 0.625168850
Q:/: 0.000000000 1.000000000 0.000000000
Q:/cccr: 0.000000000 0.549105422 0.450894578
Q:/cccrccrc: 0.551056754 0.292569310 0.156373936
Q:/cccrccrccrcc: 0.000000000 0.717025952 0.282974048
Q:/cccrccrccrcf: 0.000000000 0.074216700 0.925783300
Q:/cccrccrccrfc: 0.000000000 0.348946223 0.651053777
Q:/cccrccrccrff: 0.000000000 0.076936327 0.923063673
Q:/cccrccrf: 0.609201840 0.148524699 0.242273461
Q:/cccrccrfcrc: 0.000000000 0.803847641 0.196152359
Q:/cccrccrfcrf: 0.000000000 0.679439473 0.320560527
Q:/cccrccrr: 0.000000000 0.623138112 0.376861888
Q:/cccrcfrc: 1.000000000 0.000000000 0.000000000
Q:/cccrcfrf: 0.349331551 0.412319355 0.238349094
Q:/cccrcfrr: 0.000000000 0.559260202 0.440739798
Q:/cccrcrcc: 0.598401075 0.193513714 0.208085212
Q:/cccrcrcf: 0.193319907 0.719196199 0.087483894
Q:/cccrcrcr: 0.000000000 0.392206122 0.607793878
Q:/cccrcrfc: 0.538315815 0.122090420 0.339593765
Q:/cccrcrff: 0.616134881 0.345294364 0.038570755
Q:/cccrcrfr: 0.000000000 1.000000000 0.000000000
Q:/cccrcrrc: 0.000000000 0.205318638 0.794681362
Q:/cccrcrrf: 0.000000000 0.364661850 0.635338150
Q:/cccrrccr: 0.000000000 0.644115141 0.355884859
Q:/cccrrcfr: 0.000000000 1.000000000 0.000000000
Q:/cccrrcrc: 0.000000000 0.940195500 0.059804500
Q:/cccrrcrf: 0.000000000 0.668038197 0.331961803
Q:/cccrrfcr: 0.000000000 0.993051755 0.006948245
Q:/cccrrffr: 0.000000000 0.925816248 0.074183752
Q:/cccrrfrc: 0.000000000 0.488354938 0.511645062
Q:/cccrrfrf: 0.000000000 0.220313282 0.779686718
Q:/cccrrrcc: 0.000000000 0.650456016 0.349543984
Q:/cccrrrcf: 0.000000000 0.779730596 0.220269404
Q:/cccrrrfc: 0.000000000 0.388372161 0.611627839
Q:/cccrrrff: 0.000000000 0.087535378 0.912464622
Q:/ccrc: 0.978558313 0.000000000 0.021441687
Q:/ccrccrcc: 0.187490282 0.322174810 0.490334908
Q:/ccrccrcf: 0.293039924 0.445147044 0.261813032
Q:/ccrccrcr: 0.000000000 0.891171200 0.108828800
Q:/ccrccrfc: 0.430857354 0.517568528 0.051574118
Q:/ccrccrff: 0.280271300 0.501777829 0.217950870
Q:/ccrccrfr: 0.000000000 0.283803846 0.716196154
Q:/ccrccrrc: 0.000000000 0.797121239 0.202878761
Q:/ccrccrrf: 0.000000000 0.498651863 0.501348137
Q:/ccrcrccr: 0.000000000 0.326165195 0.673834805
Q:/ccrcrcfr: 0.000000000 0.655729049 0.344270951
Q:/ccrcrcrc: 0.000000000 0.699300209 0.300699791
Q:/ccrcrcrf: 0.000000000 0.946247128 0.053752872
Q:/ccrcrfcr: 0.000000000 0.637971707 0.362028293
Q:/ccrcrffr: 0.000000000 0.402859909 0.597140091
Q:/ccrcrfrc: 0.000000000 0.640601280 0.359398720
Q:/ccrcrfrf: 0.000000000 0.777808052 0.222191948
Q:/ccrcrrcc: 0.000000000 0.517283050 0.482716950
Q:/ccrcrrcf: 0.000000000 0.678578284 0.321421716
Q:/ccrcrrfc: 0.000000000 0.691667345 0.308332655
Q:/ccrcrrff: 0.000000000 0.599361886 0.400638114
Q:/ccrf: 0.000328425 0.049033973 0.950637602
Q:/ccrfcrc: 0.058500867 0.573787993 0.367711140
Q:/ccrfcrf: 0.324378930 0.128272996 0.547348074
Q:/ccrfcrr: 0.000000000 0.759970420 0.240029580
Q:/ccrfrcr: 0.000000000 0.099577055 0.900422945
Q:/ccrfrfr: 0.000000000 0.316304745 0.683695255
Q:/ccrfrrc: 0.000000000 0.478742111 0.521257889
Q:/ccrfrrf: 0.000000000 0.665379037 0.334620963
Q:/ccrr: 0.000000000 0.000000000 1.000000000
Q:/ccrrccrc: 0.000000000 0.047814087 0.952185913
Q:/ccrrccrf: 0.000000000 0.504909435 0.495090565
Q:/ccrrcfrc: 0.000000000 0.294232420 0.705767580
Q:/ccrrcfrf: 0.000000000 0.476812266 0.523187734
Q:/ccrrcrcc: 0.000000000 0.530684844 0.469315156
Q:/ccrrcrcf: 0.000000000 0.487990127 0.512009873
Q:/ccrrcrfc: 0.000000000 0.527046152 0.472953848
Q:/ccrrcrff: 0.000000000 0.979671931 0.020328069
Q:/crcc: 0.000000000 0.000000000 1.000000000
Q:/crccrccr: 0.000000000 0.580220041 0.419779959
Q:/crccrcfr: 0.000000000 0.590758590 0.409241410
Q:/crccrcrc: 0.000000000 0.452473045 0.547526955
Q:/crccrcrf: 0.000000000 0.551227181 0.448772819
Q:/crccrfcr: 0.000000000 0.503869819 0.496130181
Q:/crccrffr: 0.000000000 0.244429868 0.755570132
Q:/crccrfrc: 0.000000000 0.271887858 0.728112142
Q:/crccrfrf: 0.000000000 0.442184780 0.557815220
Q:/crccrrcc: 0.000000000 0.272825779 0.727174221
Q:/crccrrcf: 0.000000000 0.840829244 0.159170756
Q:/crccrrfc: 0.000000000 0.625244386 0.374755614
Q:/crccrrff: 0.000000000 0.999971565 0.000028435
Q:/crcf: 1.000000000 0.000000000 0.000000000
Q:/crcfrcr: 0.000000000 0.295477245 0.704522755
Q:/crcfrfr: 0.000000000 0.238481090 0.761518910
Q:/crcfrrc: 0.000000000 0.025076627 0.974923373
Q:/crcfrrf: 0.000000000 0.523017114 0.476982886
Q:/crcr: 0.816123785 0.000000000 0.183876215
Q:/crcrccrc: 0.000000000 0.656399660 0.343600340
Q:/crcrccrf: 0.000000000 0.631237059 0.368762941
Q:/crcrcfrc: 0.000000000 0.840879965 0.159120035
Q:/crcrcfrf: 0.000000000 0.505724656 0.494275344
Q:/crcrcrcc: 0.000000000 0.000000000 1.000000000
Q:/crcrcrcf: 0.000000000 0.999546636 0.000453364
Q:/crcrcrfc: 0.000000000 1.000000000 0.000000000
Q:/crcrcrff: 0.000000000 1.000000000 0.000000000
Q:/crfc: 0.000000000 0.000000000 1.000000000
Q:/crfcrcr: 0.000000000 0.349323357 0.650676643
Q:/crfcrfr: 0.000000000 0.806796285 0.193203715
Q:/crfcrrc: 0.000000000 0.831612732 0.168387268
Q:/crfcrrf: 0.000000000 0.185965401 0.814034599
Q:/crff: 0.859127183 0.137175960 0.003696857
Q:/crffrr: 0.000000000 0.999910125 0.000089875
Q:/crfr: 0.006551149 0.000000000 0.993448851
Q:/crfrcrc: 0.000000000 0.537006796 0.462993204
Q:/crfrcrf: 0.000000000 0.915637587 0.084362413
Q:/crrc: 0.452193217 0.475575476 0.072231308
Q:/crrccrcc: 0.000000000 0.469258487 0.530741513
Q:/crrccrcf: 0.000000000 0.171860035 0.828139965
Q:/crrccrfc: 0.000000000 0.068515676 0.931484324
Q:/crrccrff: 0.000000000 0.878284205 0.121715795
Q:/crrf: 0.000000000 0.637916944 0.362083056
Q:/crrfcrc: 0.000000000 0.451715974 0.548284026
Q:/crrfcrf: 0.000000000 0.333852171 0.666147829
Q:/crrr: 0.000000000 0.731089422 0.268910578
Q:/rccr: 1.000000000 0.000000000 0.000000000
Q:/rccrccrc: 0.000000000 0.176857340 0.823142660
Q:/rccrccrf: 0.000000000 0.498685630 0.501314370
Q:/rccrcfrc: 0.000000000 0.471666073 0.528333927
Q:/rccrcfrf: 0.000000000 0.633702898 0.366297102
Q:/rccrcrcc: 0.000000000 0.812744487 0.187255513
Q:/rccrcrcf: 0.000000000 0.559483077 0.440516923
Q:/rccrcrfc: 0.000000000 0.341947053 0.658052947
Q:/rccrcrff: 0.000000000 0.790447220 0.209552780
Q:/rcfr: 0.586291336 0.413708664 0.000000000
Q:/rcfrcrc: 0.000000000 0.578007440 0.421992560
Q:/rcfrcrf: 0.000000000 0.609275771 0.390724229
Q:/rcrc: 0.806609542 0.193390458 0.000000000
Q:/rcrccrcc: 0.000000000 0.471147711 0.528852289
Q:/rcrccrcf: 0.000000000 0.311029205 0.688970795
Q:/rcrccrfc: 0.000000000 0.462542301 0.537457699
Q:/rcrccrff: 0.000000000 0.304756567 0.695243433
Q:/rcrf: 0.657595268 0.000000000 0.342404732
Q:/rcrfcrc: 0.000000000 0.443942910 0.556057090
Q:/rcrfcrf: 0.000000000 0.383778514 0.616221486
Q:/rcrr: 0.000000000 1.000000000 0.000000000
Q:/rfcr: 0.182432034 0.528477635 0.289090331
Q:/rfcrcrc: 0.000000000 0.004218175 0.995781825
Q:/rfcrcrf: 0.000000000 0.361655995 0.638344005
Q:/rffr: 0.088985644 0.631969410 0.279044947
Q:/rfrc: 0.997433888 0.000000000 0.002566112
Q:/rfrf: 0.816718174 0.170643590 0.012638236
Q:/rfrr: 0.000000000 0.000145263 0.999854737
Q:/rrcc: 0.827882153 0.000000000 0.172117847
Q:/rrcf: 0.000103198 0.012193878 0.987702924
Q:/rrcr: 0.000000000 0.857285147 0.142714853
Q:/rrfc: 1.000000000 0.000000000 0.000000000
Q:/rrff: 0.388505516 0.266896240 0.344598243
Q:/rrfr: 0.000000000 1.000000000 0.000000000
Q:/rrrc: 0.000000000 0.275734928 0.724265072
Q:/rrrf: 0.000000000 0.000005753 0.999994247
T:/: 0.000000000 1.000000000 0.000000000
T:/cccr: 0.000000000 0.192528948 0.807471052
T:/cccrccrc: 0.267709810 0.166327937 0.565962253
T:/cccrccrccrcc: 0.000000000 0.726931359 0.273068641
T:/cccrccrccrcf: 0.000000000 0.512271536 0.487728464
T:/cccrccrccrfc: 0.000000000 0.841125019 0.158874981
T:/cccrccrccrff: 0.000000000 0.404549817 0.595450183
T:/cccrccrf: 0.398504125 0.566084641 0.035411234
T:/cccrccrfcrc: 0.000000000 0.628459498 0.371540502
T:/cccrccrfcrf: 0.000000000 0.768515913 0.231484087
T:/cccrccrr: 0.000000000 0.786567945 0.213432055
T:/cccrcfrc: 1.000000000 0.000000000 0.000000000
T:/cccrcfrf: 0.588962541 0.288886423 0.122151036
T:/cccrcfrr: 0.000000000 0.000000000 1.000000000
T:/cccrcrcc: 0.296230509 0.151502309 0.552267182
T:/cccrcrcf: 0.323425447 0.448215765 0.228358788
T:/cccrcrcr: 0.000000000 0.489742300 0.510257700
T:/cccrcrfc: 0.460891928 0.319329582 0.219778490
T:/cccrcrff: 0.680617037 0.000000000 0.319382963
T:/cccrcrfr: 0.000000000 0.114623331 0.885376669
T:/cccrcrrc: 0.000000000 0.218053337 0.781946663
T:/cccrcrrf: 0.000000000 0.340814693 0.659185307
T:/cccrrccr: 0.000000000 0.364990330 0.635009670
T:/cccrrcfr: 0.000000000 0.534311923 0.465688077
T:/cccrrcrc: 0.000000000 0.392567234 0.607432766
T:/cccrrcrf: 0.000000000 0.099634019 0.900365981
T:/cccrrfcr: 0.000000000 0.833822956 0.166177044
T:/cccrrffr: 0.000000000 0.737995750 0.262004250
T:/cccrrfrc: 0.000000000 0.227379498 0.772620502
T:/cccrrfrf: 0.000000000 0.464651081 0.535348919
T:/cccrrrcc: 0.000000000 0.229368825 0.770631175
T:/cccrrrcf: 0.000000000 0.362554287 0.637445713
T:/cccrrrfc: 0.000000000 0.502016742 0.497983258
T:/cccrrrff: 0.000000000 0.747103311 0.252896689
T:/ccrc: 0.000000000 0.081295829 0.918704171
T:/ccrccrcc: 0.007774716 0.806134813 0.186090471
T:/ccrccrcf: 0.365189005 0.510438095 0.124372899
T:/ccrccrcr: 0.000000000 0.283463659 0.716536341
T:/ccrccrfc: 0.063965925 0.414188759 0.521845316
T:/ccrccrff: 0.728136591 0.078264541 0.193598868
T:/ccrccrfr: 0.000000000 0.533256940 0.466743060
T:/ccrccrrc: 0.000000000 0.323053466 0.676946534
T:/ccrccrrf: 0.000000000 0.251452152 0.748547848
T:/ccrcrccr: 0.000000000 0.619174183 0.380825817
T:/ccrcrcfr: 0.000000000 0.072093306 0.927906694
T:/ccrcrcrc: 0.000000000 0.574964832 0.425035168
T:/ccrcrcrf: 0.000000000 0.421611417 0.578388583
T:/ccrcrfcr: 0.000000000 0.186537090 0.813462910
T:/ccrcrffr: 0.000000000 0.690402669 0.309597331
T:/ccrcrfrc: 0.000000000 0.232706041 0.767293959
T:/ccrcrfrf: 0.000000000 0.694243160 0.305756840
T:/ccrcrrcc: 0.000000000 0.497332020 0.502667980
T:/ccrcrrcf: 0.000000000 0.554388136 0.445611864
T:/ccrcrrfc: 0.000000000 0.266529368 0.733470632
T:/ccrcrrff: 0.000000000 0.401418285 0.598581715
T:/ccrf: 0.043513213 0.289710970 0.666775816
T:/ccrfcrc: 0.023022387 0.579830113 0.397147500
T:/ccrfcrf: 0.458814176 0.223762217 0.317423607
T:/ccrfcrr: 0.000000000 0.164352915 0.835647085
T:/ccrfrcr: 0.000000000 0.826545240 0.173454760
T:/ccrfrfr: 0.000000000 0.308232577 0.691767423
T:/ccrfrrc: 0.000000000 0.308161834 0.691838166
T:/ccrfrrf: 0.000000000 0.644750289 0.355249711
T:/ccrr: 0.000000000 0.000000000 1.000000000
T:/ccrrccrc: 0.000000000 0.670320092 0.329679908
T:/ccrrccrf: 0.000000000 0.385628536 0.614371464
T:/ccrrcfrc: 0.000000000 0.117241540 0.882758460
T:/ccrrcfrf: 0.000000000 0.150984084 0.849015916
T:/ccrrcrcc: 0.000000000 0.559411596 0.440588404
T:/ccrrcrcf: 0.000000000 0.509516837 0.490483163
T:/ccrrcrfc: 0.000000000 0.000000000 1.000000000
T:/ccrrcrff: 0.000000000 0.105280854 0.894719146
T:/crcc: 0.000000000 0.000000000 1.000000000
T:/crccrccr: 0.000000000 0.572996782 0.427003218
T:/crccrcfr: 0.000000000 0.362658870 0.637341130
T:/crccrcrc: 0.000000000 0.532594536 0.467405464
T:/crccrcrf: 0.000000000 0.452282267 0.547717733
T:/crccrfcr: 0.000000000 0.173742382 0.826257618
T:/crccrffr: 0.000000000 0.786778387 0.213221613
T:/crccrfrc: 0.000000000 0.153094093 0.846905907
T:/crccrfrf: 0.000000000 0.992527073 0.007472927
T:/crccrrcc: 0.000000000 0.814610772 0.185389228
T:/crccrrcf: 0.000000000 0.487461050 0.512538950
T:/crccrrfc: 0.000000000 0.346962994 0.653037006
T:/crccrrff: 0.000000000 0.262157280 0.737842720
T:/crcf: 0.677814774 0.000000000 0.322185226
T:/crcfrcr: 0.000000000 0.883246296 0.116753704
T:/crcfrfr: 0.000000000 0.358826930 0.641173070
T:/crcfrrc: 0.000000000 0.000000000 1.000000000
T:/crcfrrf: 0.000000000 0.017826518 0.982173482
T:/crcr: 0.000000000 0.000000000 1.000000000
T:/crcrccrc: 0.000000000 0.783488955 0.216511045
T:/crcrccrf: 0.000000000 0.701793893 0.298206107
T:/crcrcfrc: 0.000000000 0.300444256 0.699555744
T:/crcrcfrf: 0.000000000 0.429867711 0.570132289
T:/crcrcrcc: 0.000000000 0.171400431 0.828599569
T:/crcrcrcf: 0.000000000 0.567089173 0.432910827
T:/crcrcrfc: 0.000000000 0.013748391 0.986251609
T:/crcrcrff: 0.000000000 0.440377444 0.559622556
T:/crfc: 0.000000000 0.000000000 1.000000000
T:/crfcrcr: 0.000000000 0.512990046 0.487009954
T:/crfcrfr: 0.000000000 0.171377094 0.828622906
T:/crfcrrc: 0.000000000 0.495331145 0.504668855
T:/crfcrrf: 0.000000000 0.475859691 0.524140309
T:/crff: 0.386277050 0.162122229 0.451600720
T:/crffrr: 0.000000000 0.323513750 0.676486250
T:/crfr: 0.000081062 0.000000000 0.999918938
T:/crfrcrc: 0.000000000 0.715665795 0.284334205
T:/crfrcrf: 0.000000000 0.594606996 0.405393004
T:/crrc: 0.301342286 0.503710798 0.194946916
T:/crrccrcc: 0.000000000 0.597887218 0.402112782
T:/crrccrcf: 0.000000000 0.578739072 0.421260928
T:/crrccrfc: 0.000000000 0.985969398 0.014030602
T:/crrccrff: 0.000000000 0.007870670 0.992129330
T:/crrf: 0.063821010 0.695263403 0.240915588
T:/crrfcrc: 0.000000000 0.429682317 0.570317683
T:/crrfcrf: 0.000000000 0.301273330 0.698726670
T:/crrr: 0.000000000 0.210810201 0.789189799
T:/rccr: 0.534716923 0.000000000 0.465283077
T:/rccrccrc: 0.000000000 0.014418371 0.985581629
T:/rccrccrf: 0.000000000 0.058202123 0.941797877
T:/rccrcfrc: 0.000000000 0.540745354 0.459254646
T:/rccrcfrf: 0.000000000 0.401627873 0.598372127
T:/rccrcrcc: 0.000000000 0.555002423 0.444997577
T:/rccrcrcf: 0.000000000 0.442855136 0.557144864
T:/rccrcrfc: 0.000000000 0.465944188 0.534055812
T:/rccrcrff: 0.000000000 0.001383616 0.998616384
T:/rcfr: 0.655513937 0.052303112 0.292182950
T:/rcfrcrc: 0.000000000 0.128034309 0.871965691
T:/rcfrcrf: 0.000000000 0.133673527 0.866326473
T:/rcrc: 0.366579580 0.467236107 0.166184313
T:/rcrccrcc: 0.000000000 0.225262578 0.774737422
T:/rcrccrcf: 0.000000000 0.779225936 0.220774064
T:/rcrccrfc: 0.000000000 0.425450306 0.574549694
T:/rcrccrff: 0.000000000 0.326696486 0.673303514
T:/rcrf: 0.453095888 0.289998897 0.256905216
T:/rcrfcrc: 0.000000000 0.365252040 0.634747960
T:/rcrfcrf: 0.000000000 0.512619817 0.487380183
T:/rcrr: 0.000000000 0.440487586 0.559512414
T:/rfcr: 0.000046173 0.000000000 0.999953827
T:/rfcrcrc: 0.000000000 0.451388879 0.548611121
T:/rfcrcrf: 0.000000000 0.320592186 0.679407814
T:/rffr: 0.000229990 0.000000000 0.999770010
T:/rfrc: 0.388866921 0.199351132 0.411781948
T:/rfrf: 0.359480666 0.587380395 0.053138939
T:/rfrr: 0.000000000 0.000000000 1.000000000
T:/rrcc: 0.251603289 0.000000000 0.748396711
T:/rrcf: 0.000058851 0.000000000 0.999941149
T:/rrcr: 0.000000000 0.384108667 0.615891333
T:/rrfc: 0.601375826 0.000000000 0.398624174
T:/rrff: 0.000278570 0.000000000 0.999721430
T:/rrfr: 0.000000000 0.000000000 1.000000000
T:/rrrc: 0.000000000 0.524974685 0.475025315
T:/rrrf: 0.000000000 0.000000000 1.000000000
