A:/cc: 1.000000000 0.000000000 0.000000000
A:/cccrcc: 0.421263604 0.578736396 0.000000000
A:/cccrccrccr: 0.000000000 0.963225431 0.036774569
A:/cccrccrcfr: 0.000000000 0.858717262 0.141282738
A:/cccrccrcrc: 0.000000000 1.000000000 0.000000000
A:/cccrccrcrf: 0.000000000 0.623438740 0.376561260
A:/cccrccrfcr: 0.000000000 0.656387728 0.343612272
A:/cccrccrffr: 0.000000000 0.565882035 0.434117965
A:/cccrccrfrc: 0.000000000 0.905168187 0.094831813
A:/cccrccrfrf: 0.000000000 0.354841408 0.645158592
A:/cccrccrrcc: 0.000000000 0.773594596 0.226405404
A:/cccrccrrcf: 0.000000000 0.786567579 0.213432421
A:/cccrccrrfc: 0.000000000 0.798226448 0.201773552
A:/cccrccrrff: 0.000000000 0.742373095 0.257626905
A:/cccrcf: 1.000000000 0.000000000 0.000000000
A:/cccrcfrcr: 0.000000000 1.000000000 0.000000000
A:/cccrcfrfr: 0.000000000 0.606612093 0.393387907
A:/cccrcfrrc: 0.000000000 1.000000000 0.000000000
A:/cccrcfrrf: 0.000000000 1.000000000 0.000000000
A:/cccrcr: 0.565331114 0.434668886 0.000000000
A:/cccrcrccrc: 0.000000000 0.997638306 0.002361694
A:/cccrcrccrf: 0.000000000 0.639768000 0.360232000
A:/cccrcrcfrc: 0.000000000 0.620630950 0.379369050
A:/cccrcrcfrf: 0.000000000 0.465981385 0.534018615
A:/cccrcrcrcc: 0.000000000 0.263796708 0.736203292
A:/cccrcrcrcf: 0.000000000 0.343574751 0.656425249
A:/cccrcrcrfc: 0.000000000 0.557965854 0.442034146
A:/cccrcrcrff: 0.000000000 0.574312345 0.425687655
A:/cccrfc: 1.000000000 0.000000000 0.000000000
A:/cccrfcrcr: 0.000000000 1.000000000 0.000000000
A:/cccrfcrfr: 0.000000000 1.000000000 0.000000000
A:/cccrfcrrc: 0.000000000 1.000000000 0.000000000
A:/cccrfcrrf: 0.000000000 0.912984261 0.087015739
A:/cccrff: 1.000000000 0.000000000 0.000000000
A:/cccrffrr: 0.000000000 1.000000000 0.000000000
A:/cccrfr: 0.263020694 0.736979306 0.000000000
A:/cccrfrcrc: 0.000000000 1.000000000 0.000000000
A:/cccrfrcrf: 0.000000000 1.000000000 0.000000000
A:/cccrrc: 0.607986217 0.087249980 0.304763803
A:/cccrrccrcc: 0.000000000 0.743626975 0.256373025
A:/cccrrccrcf: 0.000000000 0.282372864 0.717627136
A:/cccrrccrfc: 0.000000000 0.432309069 0.567690931
A:/cccrrccrff: 0.000000000 0.823910968 0.176089032
A:/cccrrf: 0.658689296 0.341310704 0.000000000
A:/cccrrfcrc: 0.000000000 0.852442569 0.147557431
A:/cccrrfcrf: 0.000000000 0.516270299 0.483729701
A:/cccrrr: 0.000000000 0.869771762 0.130228238
A:/ccrccr: 1.000000000 0.000000000 0.000000000
A:/ccrccrccrc: 0.000000000 0.102254653 0.897745347
A:/ccrccrccrf: 0.000000000 0.222314258 0.777685742
A:/ccrccrcfrc: 0.000000000 0.676403694 0.323596306
A:/ccrccrcfrf: 0.000000000 0.477646116 0.522353884
A:/ccrccrcrcc: 0.000000000 1.000000000 0.000000000
A:/ccrccrcrcf: 0.000000000 1.000000000 0.000000000
A:/ccrccrcrfc: 0.000000000 1.000000000 0.000000000
A:/ccrccrcrff: 0.000000000 1.000000000 0.000000000
A:/ccrcfr: 0.332574549 0.667425451 0.000000000
A:/ccrcfrcrc: 0.000000000 1.000000000 0.000000000
A:/ccrcfrcrf: 0.000000000 1.000000000 0.000000000
A:/ccrcrc: 0.873430515 0.126569485 0.000000000
A:/ccrcrccrcc: 0.000000000 0.755018900 0.244981100
A:/ccrcrccrcf: 0.000000000 0.681845951 0.318154049
A:/ccrcrccrfc: 0.000000000 0.993087513 0.006912487
A:/ccrcrccrff: 0.000000000 0.573070291 0.426929709
A:/ccrcrf: 0.753841115 0.246158885 0.000000000
A:/ccrcrfcrc: 0.000000000 0.801899374 0.198100626
A:/ccrcrfcrf: 0.000000000 1.000000000 0.000000000
A:/ccrcrr: 0.000000000 1.000000000 0.000000000
A:/ccrfcr: 0.523112140 0.325966415 0.150921444
A:/ccrfcrcrc: 0.000000000 0.550173926 0.449826074
A:/ccrfcrcrf: 0.000000000 0.416799006 0.583200994
A:/ccrffr: 0.267636430 0.654232921 0.078130649
A:/ccrfrc: 0.205534247 0.198379322 0.596086432
A:/ccrfrf: 0.202594626 0.469880065 0.327525309
A:/ccrfrr: 0.000000000 0.455062349 0.544937651
A:/ccrrcc: 0.411724003 0.099164482 0.489111515
A:/ccrrcf: 0.321391360 0.391032794 0.287575846
A:/ccrrcr: 0.000000000 0.404536028 0.595463972
A:/ccrrfc: 1.000000000 0.000000000 0.000000000
A:/ccrrff: 0.341462260 0.658537740 0.000000000
A:/ccrrfr: 0.000000000 1.000000000 0.000000000
A:/ccrrrc: 0.000000000 1.000000000 0.000000000
A:/ccrrrf: 0.000000000 0.806825403 0.193174597
A:/cr: 0.000000000 1.000000000 0.000000000
A:/crccrc: 0.212093518 0.490995750 0.296910732
A:/crccrccrcc: 0.000000000 0.594838180 0.405161820
A:/crccrccrcf: 0.000000000 0.474551396 0.525448604
A:/crccrccrfc: 0.000000000 0.604548044 0.395451956
A:/crccrccrff: 0.000000000 0.427046539 0.572953461
A:/crccrf: 0.035376777 0.188542127 0.776081096
A:/crccrfcrc: 0.000000000 0.274246378 0.725753622
A:/crccrfcrf: 0.000000000 0.329287837 0.670712163
A:/crccrr: 0.000000000 0.548035362 0.451964638
A:/crcfrc: 0.547135025 0.092910644 0.359954331
A:/crcfrf: 0.490354017 0.053056259 0.456589724
A:/crcfrr: 0.000000000 0.463392848 0.536607152
A:/crcrcc: 0.685209894 0.049245999 0.265544107
A:/crcrcf: 0.597651719 0.402348281 0.000000000
A:/crcrcr: 0.000000000 0.635477430 0.364522570
A:/crcrfc: 0.741235795 0.210325015 0.048439190
A:/crcrff: 1.000000000 0.000000000 0.000000000
A:/crcrfr: 0.000000000 0.452787957 0.547212043
A:/crcrrc: 0.000000000 1.000000000 0.000000000
A:/crcrrf: 0.000000000 1.000000000 0.000000000
A:/crrccr: 0.000000000 1.000000000 0.000000000
A:/crrcfr: 0.000000000 1.000000000 0.000000000
A:/crrcrc: 0.000000000 1.000000000 0.000000000
A:/crrcrf: 0.000000000 1.000000000 0.000000000
A:/crrfcr: 0.000000000 1.000000000 0.000000000
A:/crrffr: 0.000000000 1.000000000 0.000000000
A:/crrfrc: 0.000000000 1.000000000 0.000000000
A:/crrfrf: 0.000000000 0.140556999 0.859443001
A:/crrrcc: 0.000000000 0.841474582 0.158525418
A:/crrrcf: 0.000000000 1.000000000 0.000000000
A:/crrrfc: 0.000000000 1.000000000 0.000000000
A:/crrrff: 0.000000000 0.970378434 0.029621566
A:/rc: 0.390926279 0.609073721 0.000000000
A:/rccrcc: 0.643253290 0.016085773 0.340660936
A:/rccrcf: 0.516216687 0.397223665 0.086559649
A:/rccrcr: 0.000000000 0.463225438 0.536774562
A:/rccrfc: 0.234350978 0.335613044 0.430035978
A:/rccrff: 0.419138363 0.391885842 0.188975796
A:/rccrfr: 0.000000000 0.520943549 0.479056451
A:/rccrrc: 0.000000000 0.709091403 0.290908597
A:/rccrrf: 0.000000000 0.869717259 0.130282741
A:/rcrccr: 0.000000000 0.553888065 0.446111935
A:/rcrcfr: 0.000000000 0.402872772 0.597127228
A:/rcrcrc: 0.000000000 0.815149726 0.184850274
A:/rcrcrf: 0.000000000 0.427882742 0.572117258
A:/rcrfcr: 0.000000000 0.157509446 0.842490554
A:/rcrffr: 0.000000000 0.635902109 0.364097891
A:/rcrfrc: 0.000000000 0.607728879 0.392271121
A:/rcrfrf: 0.000000000 0.215556143 0.784443857
A:/rcrrcc: 0.000000000 0.586786059 0.413213941
A:/rcrrcf: 0.000000000 0.672462341 0.327537659
A:/rcrrfc: 0.000000000 0.192906013 0.807093987
A:/rcrrff: 0.000000000 0.365796470 0.634203530
A:/rf: 0.418988393 0.581011577 0.000000030
A:/rfcrc: 0.330033179 0.578262113 0.091704708
A:/rfcrf: 0.474068579 0.343634939 0.182296482
A:/rfcrr: 0.000000000 0.764237401 0.235762599
A:/rfrcr: 0.000000000 0.525101315 0.474898685
A:/rfrfr: 0.000000000 0.414035946 0.585964054
A:/rfrrc: 0.000000000 0.251004933 0.748995067
A:/rfrrf: 0.000000000 0.543105830 0.456894170
A:/rr: 0.355067472 0.292847449 0.352085079
A:/rrccrc: 0.000000000 0.433331323 0.566668677
A:/rrccrf: 0.000000000 0.476329320 0.523670680
A:/rrcfrc: 0.000000000 0.561687398 0.438312602
A:/rrcfrf: 0.000000000 0.561655930 0.438344070
A:/rrcrcc: 0.000000000 0.883241217 0.116758783
A:/rrcrcf: 0.000000000 1.000000000 0.000000000
A:/rrcrfc: 0.000000000 1.000000000 0.000000000
A:/rrcrff: 0.000000000 0.799075468 0.200924532
J:/cc: 0.781647128 0.218352872 0.000000000
J:/cccrcc: 0.416210235 0.152263824 0.431525941
J:/cccrccrccr: 0.000000000 0.702910931 0.297089069
J:/cccrccrcfr: 0.000000000 0.274003940 0.725996060
J:/cccrccrcrc: 0.000000000 0.452536951 0.547463049
J:/cccrccrcrf: 0.000000000 0.207681886 0.792318114
J:/cccrccrfcr: 0.000000000 0.537940086 0.462059914
J:/cccrccrffr: 0.000000000 0.869369148 0.130630852
J:/cccrccrfrc: 0.000000000 0.435862998 0.564137002
J:/cccrccrfrf: 0.000000000 0.495661721 0.504338279
J:/cccrccrrcc: 0.000000000 0.524061960 0.475938040
J:/cccrccrrcf: 0.000000000 0.417878282 0.582121718
J:/cccrccrrfc: 0.000000000 0.128578401 0.871421599
J:/cccrccrrff: 0.000000000 0.859663946 0.140336054
J:/cccrcf: 1.000000000 0.000000000 0.000000000
J:/cccrcfrcr: 0.000000000 0.487986722 0.512013278
J:/cccrcfrfr: 0.000000000 0.502186456 0.497813544
J:/cccrcfrrc: 0.000000000 0.681791019 0.318208981
J:/cccrcfrrf: 0.000000000 0.648368832 0.351631168
J:/cccrcr: 0.000000000 0.000000000 1.000000000
J:/cccrcrccrc: 0.000000000 0.344587374 0.655412626
J:/cccrcrccrf: 0.000000000 0.629022708 0.370977292
J:/cccrcrcfrc: 0.000000000 0.024376728 0.975623272
J:/cccrcrcfrf: 0.000000000 0.882736224 0.117263776
J:/cccrcrcrcc: 0.000000000 0.853540676 0.146459324
J:/cccrcrcrcf: 0.000000000 0.278306323 0.721693677
J:/cccrcrcrfc: 0.000000000 0.203013470 0.796986530
J:/cccrcrcrff: 0.000000000 0.696617632 0.303382368
J:/cccrfc: 0.021535955 0.093676216 0.884787829
J:/cccrfcrcr: 0.000000000 0.552868025 0.447131975
J:/cccrfcrfr: 0.000000000 0.713684847 0.286315153
J:/cccrfcrrc: 0.000000000 0.588598419 0.411401581
J:/cccrfcrrf: 0.000000000 0.890110959 0.109889041
J:/cccrff: 0.649178808 0.000000000 0.350821192
J:/cccrffrr: 0.000000000 0.097760153 0.902239847
J:/cccrfr: 0.887571508 0.000000000 0.112428492
J:/cccrfrcrc: 0.000000000 0.480405230 0.519594770
J:/cccrfrcrf: 0.000000000 0.984754070 0.015245930
J:/cccrrc: 0.000000000 0.444588246 0.555411754
J:/cccrrccrcc: 0.000000000 0.781427581 0.218572419
J:/cccrrccrcf: 0.000000000 0.866656392 0.133343608
J:/cccrrccrfc: 0.000000000 0.732974827 0.267025173
J:/cccrrccrff: 0.000000000 0.812372152 0.187627848
J:/cccrrf: 0.287497791 0.089004948 0.623497261
J:/cccrrfcrc: 0.000000000 0.598268667 0.401731333
J:/cccrrfcrf: 0.000000000 0.560214191 0.439785809
J:/cccrrr: 0.000000000 0.507169612 0.492830388
J:/ccrccr: 0.000602928 0.000000000 0.999397072
J:/ccrccrccrc: 0.000000000 0.186038074 0.813961926
J:/ccrccrccrf: 0.000000000 0.449394819 0.550605181
J:/ccrccrcfrc: 0.000000000 0.568275629 0.431724371
J:/ccrccrcfrf: 0.000000000 0.009591249 0.990408751
J:/ccrccrcrcc: 0.000000000 0.729863211 0.270136789
J:/ccrccrcrcf: 0.000000000 0.769575824 0.230424176
J:/ccrccrcrfc: 0.000000000 0.343661503 0.656338497
J:/ccrccrcrff: 0.000000000 0.369566845 0.630433155
J:/ccrcfr: 0.310268302 0.661920188 0.027811511
J:/ccrcfrcrc: 0.000000000 0.635390550 0.364609450
J:/ccrcfrcrf: 0.000000000 0.998120989 0.001879011
J:/ccrcrc: 0.000000000 0.389781265 0.610218735
J:/ccrcrccrcc: 0.000000000 0.480567730 0.519432270
J:/ccrcrccrcf: 0.000000000 0.712825994 0.287174006
J:/ccrcrccrfc: 0.000000000 0.462791942 0.537208058
J:/ccrcrccrff: 0.000000000 0.669019477 0.330980523
J:/ccrcrf: 0.000000000 0.095227023 0.904772977
J:/ccrcrfcrc: 0.000000000 0.266402171 0.733597829
J:/ccrcrfcrf: 0.000000000 0.697530488 0.302469512
J:/ccrcrr: 0.000000000 0.000000000 1.000000000
J:/ccrfcr: 0.559578960 0.000000000 0.440421040
J:/ccrfcrcrc: 0.000000000 0.818648773 0.181351227
J:/ccrfcrcrf: 0.000000000 0.520563761 0.479436239
J:/ccrffr: 0.592630394 0.000000000 0.407369606
J:/ccrfrc: 0.997368408 0.000361667 0.002269925
J:/ccrfrf: 0.435727146 0.316425235 0.247847619
J:/ccrfrr: 0.000000000 0.061714944 0.938285056
J:/ccrrcc: 0.025448618 0.402362166 0.572189216
J:/ccrrcf: 0.470250573 0.460373739 0.069375687
J:/ccrrcr: 0.000000000 0.576464329 0.423535671
J:/ccrrfc: 1.000000000 0.000000000 0.000000000
J:/ccrrff: 0.478343667 0.000000000 0.521656333
J:/ccrrfr: 0.000000000 0.174538089 0.825461911
J:/ccrrrc: 0.000000000 0.145946002 0.854053998
J:/ccrrrf: 0.000000000 0.357230577 0.642769423
J:/cr: 0.000000000 0.999873193 0.000126807
J:/crccrc: 0.457047325 0.023041668 0.519911007
J:/crccrccrcc: 0.000000000 0.122939734 0.877060266
J:/crccrccrcf: 0.000000000 0.824052620 0.175947380
J:/crccrccrfc: 0.000000000 0.213466698 0.786533302
J:/crccrccrff: 0.000000000 0.705039320 0.294960680
J:/crccrf: 0.556081151 0.096418322 0.347500527
J:/crccrfcrc: 0.000000000 0.959494105 0.040505895
J:/crccrfcrf: 0.000000000 0.149502546 0.850497454
J:/crccrr: 0.000000000 0.603646665 0.396353335
J:/crcfrc: 1.000000000 0.000000000 0.000000000
J:/crcfrf: 0.308018552 0.236230783 0.455750665
J:/crcfrr: 0.000000000 0.000000000 1.000000000
J:/crcrcc: 0.636410309 0.140578255 0.223011436
J:/crcrcf: 0.922686125 0.077313875 0.000000000
J:/crcrcr: 0.000000000 0.361297105 0.638702895
J:/crcrfc: 0.248242690 0.390699923 0.361057387
J:/crcrff: 1.000000000 0.000000000 0.000000000
J:/crcrfr: 0.000000000 0.184012410 0.815987590
J:/crcrrc: 0.000000000 0.000000000 1.000000000
J:/crcrrf: 0.000000000 0.000000000 1.000000000
J:/crrccr: 0.000000000 0.281908600 0.718091400
J:/crrcfr: 0.000000000 0.752853361 0.247146639
J:/crrcrc: 0.000000000 0.440636165 0.559363835
J:/crrcrf: 0.000000000 0.571848817 0.428151183
J:/crrfcr: 0.000000000 0.000000000 1.000000000
J:/crrffr: 0.000000000 0.509061618 0.490938382
J:/crrfrc: 0.000000000 0.462846616 0.537153384
J:/crrfrf: 0.000000000 0.510821495 0.489178505
J:/crrrcc: 0.000000000 0.417760463 0.582239537
J:/crrrcf: 0.000000000 0.000000000 1.000000000
J:/crrrfc: 0.000000000 0.000000000 1.000000000
J:/crrrff: 0.000000000 0.428674108 0.571325892
J:/rc: 0.026879329 0.769393899 0.203726772
J:/rccrcc: 0.725680746 0.123655764 0.150663490
J:/rccrcf: 0.380504405 0.581331882 0.038163713
J:/rccrcr: 0.000000000 0.004632981 0.995367019
J:/rccrfc: 0.488185007 0.336879826 0.174935167
J:/rccrff: 0.442368666 0.379465097 0.178166237
J:/rccrfr: 0.000000000 0.035744649 0.964255351
J:/rccrrc: 0.000000000 0.947695337 0.052304663
J:/rccrrf: 0.000000000 0.733516408 0.266483592
J:/rcrccr: 0.000000000 0.428791708 0.571208292
J:/rcrcfr: 0.000000000 0.417990741 0.582009259
J:/rcrcrc: 0.000000000 0.436681729 0.563318271
J:/rcrcrf: 0.000000000 0.640036844 0.359963156
J:/rcrfcr: 0.000000000 0.826318405 0.173681595
J:/rcrffr: 0.000000000 0.080650442 0.919349558
J:/rcrfrc: 0.000000000 0.778897820 0.221102180
J:/rcrfrf: 0.000000000 0.625805820 0.374194180
J:/rcrrcc: 0.000000000 0.552228143 0.447771857
J:/rcrrcf: 0.000000000 0.552660395 0.447339605
J:/rcrrfc: 0.000000000 0.423481691 0.576518309
J:/rcrrff: 0.000000000 0.121971090 0.878028910
J:/rf: 0.473361888 0.330238025 0.196400087
J:/rfcrc: 0.540328716 0.298060291 0.161610993
J:/rfcrf: 0.412210385 0.461767110 0.126022505
J:/rfcrr: 0.000000000 0.813668568 0.186331432
J:/rfrcr: 0.000000000 0.717952632 0.282047368
J:/rfrfr: 0.000000000 0.776586826 0.223413174
J:/rfrrc: 0.000000000 0.517635528 0.482364472
J:/rfrrf: 0.000000000 0.318969143 0.681030857
J:/rr: 0.000000000 0.366771396 0.633228604
J:/rrccrc: 0.000000000 0.267663616 0.732336384
J:/rrccrf: 0.000000000 0.515050443 0.484949557
J:/rrcfrc: 0.000000000 0.430217414 0.569782586
J:/rrcfrf: 0.000000000 0.661467360 0.338532640
J:/rrcrcc: 0.000000000 0.320890910 0.679109090
J:/rrcrcf: 0.000000000 0.586402061 0.413597939
J:/rrcrfc: 0.000000000 0.276612645 0.723387355
J:/rrcrff: 0.000000000 0.406130774 0.593869226
K:/cc: 1.000000000 0.000000000 0.000000000
K:/cccrcc: 0.453927373 0.546072627 0.000000000
K:/cccrccrccr: 0.000000000 0.440522579 0.559477421
K:/cccrccrcfr: 0.000000000 0.545792459 0.454207541
K:/cccrccrcrc: 0.000000000 0.457168835 0.542831165
K:/cccrccrcrf: 0.000000000 0.346287150 0.653712850
K:/cccrccrfcr: 0.000000000 0.672042987 0.327957013
K:/cccrccrffr: 0.000000000 0.488980473 0.511019527
K:/cccrccrfrc: 0.000000000 0.722001007 0.277998993
K:/cccrccrfrf: 0.000000000 0.831918659 0.168081341
K:/cccrccrrcc: 0.000000000 0.373246789 0.626753211
K:/cccrccrrcf: 0.000000000 0.164032185 0.835967815
K:/cccrccrrfc: 0.000000000 0.272359694 0.727640306
K:/cccrccrrff: 0.000000000 0.624768906 0.375231094
K:/cccrcf: 1.000000000 0.000000000 0.000000000
K:/cccrcfrcr: 0.000000000 0.600643009 0.399356991
K:/cccrcfrfr: 0.000000000 0.109586172 0.890413828
K:/cccrcfrrc: 0.000000000 0.519743629 0.480256371
K:/cccrcfrrf: 0.000000000 1.000000000 0.000000000
K:/cccrcr: 0.888372322 0.111627678 0.000000000
K:/cccrcrccrc: 0.000000000 0.760999241 0.239000759
K:/cccrcrccrf: 0.000000000 0.564018508 0.435981492
K:/cccrcrcfrc: 0.000000000 0.606849663 0.393150337
K:/cccrcrcfrf: 0.000000000 0.460243629 0.539756371
K:/cccrcrcrcc: 0.000000000 0.312111686 0.687888314
K:/cccrcrcrcf: 0.000000000 0.779408752 0.220591248
K:/cccrcrcrfc: 0.000000000 0.318395737 0.681604263
K:/cccrcrcrff: 0.000000000 1.000000000 0.000000000
K:/cccrfc: 1.000000000 0.000000000 0.000000000
K:/cccrfcrcr: 0.000000000 1.000000000 0.000000000
K:/cccrfcrfr: 0.000000000 1.000000000 0.000000000
K:/cccrfcrrc: 0.000000000 1.000000000 0.000000000
K:/cccrfcrrf: 0.000000000 0.162809449 0.837190551
K:/cccrff: 1.000000000 0.000000000 0.000000000
K:/cccrffrr: 0.000000000 1.000000000 0.000000000
K:/cccrfr: 1.000000000 0.000000000 0.000000000
K:/cccrfrcrc: 0.000000000 0.366175526 0.633824474
K:/cccrfrcrf: 0.000000000 1.000000000 0.000000000
K:/cccrrc: 0.350676244 0.170259627 0.479064128
K:/cccrrccrcc: 0.000000000 0.548253754 0.451746246
K:/cccrrccrcf: 0.000000000 0.844008447 0.155991553
K:/cccrrccrfc: 0.000000000 0.711135227 0.288864773
K:/cccrrccrff: 0.000000000 0.649048031 0.350951969
K:/cccrrf: 0.613792182 0.176784802 0.209423016
K:/cccrrfcrc: 0.000000000 0.200160737 0.799839263
K:/cccrrfcrf: 0.000000000 0.418921097 0.581078903
K:/cccrrr: 0.000000000 0.663742786 0.336257214
K:/ccrccr: 1.000000000 0.000000000 0.000000000
K:/ccrccrccrc: 0.000000000 0.564834219 0.435165781
K:/ccrccrccrf: 0.000000000 0.698339407 0.301660593
K:/ccrccrcfrc: 0.000000000 0.183079882 0.816920118
K:/ccrccrcfrf: 0.000000000 0.781646156 0.218353844
K:/ccrccrcrcc: 0.000000000 0.305220686 0.694779314
K:/ccrccrcrcf: 0.000000000 0.783918663 0.216081337
K:/ccrccrcrfc: 0.000000000 0.554610816 0.445389184
K:/ccrccrcrff: 0.000000000 0.726006070 0.273993930
K:/ccrcfr: 0.698996825 0.301003175 0.000000000
K:/ccrcfrcrc: 0.000000000 1.000000000 0.000000000
K:/ccrcfrcrf: 0.000000000 1.000000000 0.000000000
K:/ccrcrc: 0.423230227 0.287274559 0.289495215
K:/ccrcrccrcc: 0.000000000 0.842546239 0.157453761
K:/ccrcrccrcf: 0.000000000 0.614181055 0.385818945
K:/ccrcrccrfc: 0.000000000 0.974945627 0.025054373
K:/ccrcrccrff: 0.000000000 0.476881460 0.523118540
K:/ccrcrf: 0.316670560 0.683329440 0.000000000
K:/ccrcrfcrc: 0.000000000 0.887482354 0.112517646
K:/ccrcrfcrf: 0.000000000 1.000000000 0.000000000
K:/ccrcrr: 0.000000000 0.860701454 0.139298546
K:/ccrfcr: 0.531925107 0.082543593 0.385531300
K:/ccrfcrcrc: 0.000000000 0.506016754 0.493983246
K:/ccrfcrcrf: 0.000000000 0.544101275 0.455898725
K:/ccrffr: 0.955400629 0.000000000 0.044599371
K:/ccrfrc: 0.655540015 0.000000000 0.344459985
K:/ccrfrf: 0.298928344 0.602873408 0.098198248
K:/ccrfrr: 0.000000000 0.222032667 0.777967333
K:/ccrrcc: 0.158400075 0.302105430 0.539494494
K:/ccrrcf: 0.461976573 0.291508980 0.246514447
K:/ccrrcr: 0.000000000 0.432676336 0.567323664
K:/ccrrfc: 1.000000000 0.000000000 0.000000000
K:/ccrrff: 0.540553131 0.241394877 0.218051992
K:/ccrrfr: 0.000000000 1.000000000 0.000000000
K:/ccrrrc: 0.000000000 1.000000000 0.000000000
K:/ccrrrf: 0.000000000 0.470764985 0.529235015
K:/cr: 0.000171158 0.999828842 0.000000000
K:/crccrc: 0.355266467 0.285101744 0.359631789
K:/crccrccrcc: 0.000000000 0.364042660 0.635957340
K:/crccrccrcf: 0.000000000 0.364988100 0.635011900
K:/crccrccrfc: 0.000000000 0.546116897 0.453883103
K:/crccrccrff: 0.000000000 0.081098771 0.918901229
K:/crccrf: 0.434245307 0.152460815 0.413293878
K:/crccrfcrc: 0.000000000 0.779211940 0.220788060
K:/crccrfcrf: 0.000000000 0.464387832 0.535612168
K:/crccrr: 0.000000000 0.488462189 0.511537811
K:/crcfrc: 1.000000000 0.000000000 0.000000000
K:/crcfrf: 0.352332174 0.422372895 0.225294931
K:/crcfrr: 0.000000000 0.624921054 0.375078946
K:/crcrcc: 0.536200123 0.418626141 0.045173737
K:/crcrcf: 0.653809509 0.346190491 0.000000000
K:/crcrcr: 0.000000000 0.449447744 0.550552256
K:/crcrfc: 1.000000000 0.000000000 0.000000000
K:/crcrff: 1.000000000 0.000000000 0.000000000
K:/crcrfr: 0.000000000 0.463440458 0.536559542
K:/crcrrc: 0.000000000 0.000000000 1.000000000
K:/crcrrf: 0.000000000 0.226935932 0.773064068
K:/crrccr: 0.000000000 0.574603729 0.425396271
K:/crrcfr: 0.000000000 0.545560745 0.454439255
K:/crrcrc: 0.000000000 0.227822951 0.772177049
K:/crrcrf: 0.000000000 0.402750604 0.597249396
K:/crrfcr: 0.000000000 0.772719467 0.227280533
K:/crrffr: 0.000000000 0.778214178 0.221785822
K:/crrfrc: 0.000000000 0.619139194 0.380860806
K:/crrfrf: 0.000000000 0.394657737 0.605342263
K:/crrrcc: 0.000000000 0.385422736 0.614577264
K:/crrrcf: 0.000000000 0.920344382 0.079655618
K:/crrrfc: 0.000000000 0.099026062 0.900973938
K:/crrrff: 0.000000000 1.000000000 0.000000000
K:/rc: 0.272494731 0.409036175 0.318469095
K:/rccrcc: 0.416448304 0.087994972 0.495556725
K:/rccrcf: 0.279786892 0.406950837 0.313262271
K:/rccrcr: 0.000000000 0.927136058 0.072863942
K:/rccrfc: 0.027487162 0.057166064 0.915346773
K:/rccrff: 0.145576780 0.705735391 0.148687829
K:/rccrfr: 0.000000000 0.987898661 0.012101339
K:/rccrrc: 0.000000000 0.043187565 0.956812435
K:/rccrrf: 0.000000000 0.420220744 0.579779256
K:/rcrccr: 0.000000000 0.847895433 0.152104567
K:/rcrcfr: 0.000000000 0.652476526 0.347523474
K:/rcrcrc: 0.000000000 0.591504280 0.408495720
K:/rcrcrf: 0.000000000 0.277395750 0.722604250
K:/rcrfcr: 0.000000000 0.849523796 0.150476204
K:/rcrffr: 0.000000000 0.301997405 0.698002595
K:/rcrfrc: 0.000000000 0.659862027 0.340137973
K:/rcrfrf: 0.000000000 0.451630165 0.548369835
K:/rcrrcc: 0.000000000 0.152745985 0.847254015
K:/rcrrcf: 0.000000000 0.341267076 0.658732924
K:/rcrrfc: 0.000000000 0.316573339 0.683426661
K:/rcrrff: 0.000000000 0.773476435 0.226523565
K:/rf: 0.194521197 0.023351444 0.782127360
K:/rfcrc: 0.292545925 0.312646096 0.394807979
K:/rfcrf: 0.501207452 0.058777531 0.440015017
K:/rfcrr: 0.000000000 0.116101310 0.883898690
K:/rfrcr: 0.000000000 0.465879083 0.534120917
K:/rfrfr: 0.000000000 0.041353050 0.958646950
K:/rfrrc: 0.000000000 0.542757681 0.457242319
K:/rfrrf: 0.000000000 0.365845685 0.634154315
K:/rr: 0.454006989 0.119046212 0.426946799
K:/rrccrc: 0.000000000 0.040583061 0.959416939
K:/rrccrf: 0.000000000 0.743039873 0.256960127
K:/rrcfrc: 0.000000000 0.486234019 0.513765981
K:/rrcfrf: 0.000000000 0.758035406 0.241964594
K:/rrcrcc: 0.000000000 0.478651461 0.521348539
K:/rrcrcf: 0.000000000 0.188132734 0.811867266
K:/rrcrfc: 0.000000000 0.465592714 0.534407286
K:/rrcrff: 0.000000000 0.362213484 0.637786516
Q:/cc: 1.000000000 0.000000000 0.000000000
Q:/cccrcc: 0.616452986 0.214291112 0.169255902
Q:/cccrccrccr: 0.000000000 1.000000000 0.000000000
Q:/cccrccrcfr: 0.000000000 0.579357927 0.420642073
Q:/cccrccrcrc: 0.000000000 0.441489270 0.558510730
Q:/cccrccrcrf: 0.000000000 0.217344839 0.782655161
Q:/cccrccrfcr: 0.000000000 0.650555146 0.349444854
Q:/cccrccrffr: 0.000000000 0.964081622 0.035918378
Q:/cccrccrfrc: 0.000000000 0.173053888 0.826946112
Q:/cccrccrfrf: 0.000000000 0.570030839 0.429969161
Q:/cccrccrrcc: 0.000000000 0.757167602 0.242832398
Q:/cccrccrrcf: 0.000000000 0.924887700 0.075112300
Q:/cccrccrrfc: 0.000000000 0.261560882 0.738439118
Q:/cccrccrrff: 0.000000000 0.461100993 0.538899007
Q:/cccrcf: 1.000000000 0.000000000 0.000000000
Q:/cccrcfrcr: 0.000000000 0.124755724 0.875244276
Q:/cccrcfrfr: 0.000000000 0.510322244 0.489677756
Q:/cccrcfrrc: 0.000000000 0.187130274 0.812869726
Q:/cccrcfrrf: 0.000000000 0.678774712 0.321225288
Q:/cccrcr: 0.339264670 0.000000000 0.660735330
Q:/cccrcrccrc: 0.000000000 0.819193079 0.180806921
Q:/cccrcrccrf: 0.000000000 0.504003058 0.495996942
Q:/cccrcrcfrc: 0.000000000 0.444309939 0.555690061
Q:/cccrcrcfrf: 0.000000000 0.936662547 0.063337453
Q:/cccrcrcrcc: 0.000000000 0.224045974 0.775954026
Q:/cccrcrcrcf: 0.000000000 0.115614400 0.884385600
Q:/cccrcrcrfc: 0.000000000 0.687104327 0.312895673
Q:/cccrcrcrff: 0.000000000 0.873014725 0.126985275
Q:/cccrfc: 0.513398084 0.000000000 0.486601916
Q:/cccrfcrcr: 0.000000000 0.957598910 0.042401090
Q:/cccrfcrfr: 0.000000000 0.712113153 0.287886847
Q:/cccrfcrrc: 0.000000000 0.579878897 0.420121103
Q:/cccrfcrrf: 0.000000000 0.143379130 0.856620870
Q:/cccrff: 1.000000000 0.000000000 0.000000000
Q:/cccrffrr: 0.000000000 0.483053436 0.516946564
Q:/cccrfr: 0.522069514 0.477930486 0.000000000
Q:/cccrfrcrc: 0.000000000 0.218194184 0.781805816
Q:/cccrfrcrf: 0.000000000 0.980378279 0.019621721
Q:/cccrrc: 0.013542345 0.149979096 0.836478558
Q:/cccrrccrcc: 0.000000000 0.807723207 0.192276793
Q:/cccrrccrcf: 0.000000000 0.390797358 0.609202642
Q:/cccrrccrfc: 0.000000000 0.570231037 0.429768963
Q:/cccrrccrff: 0.000000000 0.248945550 0.751054450
Q:/cccrrf: 0.597198694 0.001093735 0.401707571
Q:/cccrrfcrc: 0.000000000 0.416345863 0.583654137
Q:/cccrrfcrf: 0.000000000 0.784798825 0.215201175
Q:/cccrrr: 0.000000000 0.066026302 0.933973698
Q:/ccrccr: 0.678839140 0.000000000 0.321160860
Q:/ccrccrccrc: 0.000000000 0.058869710 0.941130290
Q:/ccrccrccrf: 0.000000000 0.651017526 0.348982474
Q:/ccrccrcfrc: 0.000000000 0.640655315 0.359344685
Q:/ccrccrcfrf: 0.000000000 0.567197248 0.432802752
Q:/ccrccrcrcc: 0.000000000 0.861398785 0.138601215
Q:/ccrccrcrcf: 0.000000000 0.016095795 0.983904205
Q:/ccrccrcrfc: 0.000000000 0.405092989 0.594907011
Q:/ccrccrcrff: 0.000000000 0.971407752 0.028592248
Q:/ccrcfr: 0.896202203 0.103797797 0.000000000
Q:/ccrcfrcrc: 0.000000000 0.461595359 0.538404641
Q:/ccrcfrcrf: 0.000000000 1.000000000 0.000000000
Q:/ccrcrc: 0.000000000 0.418121027 0.581878973
Q:/ccrcrccrcc: 0.000000000 0.650482908 0.349517092
Q:/ccrcrccrcf: 0.000000000 0.695319361 0.304680639
Q:/ccrcrccrfc: 0.000000000 0.707840938 0.292159062
Q:/ccrcrccrff: 0.000000000 0.933712705 0.066287295
Q:/ccrcrf: 0.381186851 0.185962303 0.432850846
Q:/ccrcrfcrc: 0.000000000 0.688596802 0.311403198
Q:/ccrcrfcrf: 0.000000000 0.929793137 0.070206863
Q:/ccrcrr: 0.000000000 0.000000000 1.000000000
Q:/ccrfcr: 0.721902067 0.000000000 0.278097933
Q:/ccrfcrcrc: 0.000000000 0.640117410 0.359882590
Q:/ccrfcrcrf: 0.000000000 0.742277500 0.257722500
Q:/ccrffr: 0.366302304 0.278446791 0.355250905
Q:/ccrfrc: 0.852892713 0.044906278 0.102201009
Q:/ccrfrf: 0.399480164 0.275899846 0.324619990
Q:/ccrfrr: 0.000000000 0.300195882 0.699804118
Q:/ccrrcc: 0.109912647 0.536281451 0.353805902
Q:/ccrrcf: 0.081504728 0.504891521 0.413603751
Q:/ccrrcr: 0.000000000 0.186908936 0.813091064
Q:/ccrrfc: 1.000000000 0.000000000 0.000000000
Q:/ccrrff: 0.701653208 0.048069975 0.250276816
Q:/ccrrfr: 0.000000000 0.945487113 0.054512887
Q:/ccrrrc: 0.000000000 0.508751580 0.491248420
Q:/ccrrrf: 0.000000000 0.894262319 0.105737681
Q:/cr: 0.000000000 0.999894694 0.000105306
Q:/crccrc: 0.316521799 0.276239373 0.407238829
Q:/crccrccrcc: 0.000000000 0.954600906 0.045399094
Q:/crccrccrcf: 0.000000000 0.423587624 0.576412376
Q:/crccrccrfc: 0.000000000 0.547502257 0.452497743
Q:/crccrccrff: 0.000000000 0.747986820 0.252013180
Q:/crccrf: 0.433656587 0.410815745 0.155527668
Q:/crccrfcrc: 0.000000000 0.742496531 0.257503469
Q:/crccrfcrf: 0.000000000 0.604669757 0.395330243
Q:/crccrr: 0.000000000 0.084756635 0.915243365
Q:/crcfrc: 1.000000000 0.000000000 0.000000000
Q:/crcfrf: 0.435531772 0.254620617 0.309847611
Q:/crcfrr: 0.000000000 0.000000000 1.000000000
Q:/crcrcc: 0.765744986 0.234255014 0.000000000
Q:/crcrcf: 1.000000000 0.000000000 0.000000000
Q:/crcrcr: 0.000000000 0.365871646 0.634128354
Q:/crcrfc: 1.000000000 0.000000000 0.000000000
Q:/crcrff: 1.000000000 0.000000000 0.000000000
Q:/crcrfr: 0.000000000 0.000000000 1.000000000
Q:/crcrrc: 0.000000000 0.000000000 1.000000000
Q:/crcrrf: 0.000000000 0.000000000 1.000000000
Q:/crrccr: 0.000000000 0.897990839 0.102009161
Q:/crrcfr: 0.000000000 0.875968181 0.124031819
Q:/crrcrc: 0.000000000 0.417951806 0.582048194
Q:/crrcrf: 0.000000000 0.522360489 0.477639511
Q:/crrfcr: 0.000000000 0.000000000 1.000000000
Q:/crrffr: 0.000000000 0.738633677 0.261366323
Q:/crrfrc: 0.000000000 0.000000000 1.000000000
Q:/crrfrf: 0.000000000 0.729921101 0.270078899
Q:/crrrcc: 0.000000000 0.257523237 0.742476763
Q:/crrrcf: 0.000000000 0.000029270 0.999970730
Q:/crrrfc: 0.000000000 0.000000000 1.000000000
Q:/crrrff: 0.000000000 1.000000000 0.000000000
Q:/rc: 0.285603881 0.397668780 0.316727339
Q:/rccrcc: 0.399879131 0.383994144 0.216126725
Q:/rccrcf: 0.440441994 0.394026174 0.165531832
Q:/rccrcr: 0.000000000 0.400653466 0.599346534
Q:/rccrfc: 0.474945690 0.452869670 0.072184640
Q:/rccrff: 0.330062946 0.349709789 0.320227264
Q:/rccrfr: 0.000000000 0.147740983 0.852259017
Q:/rccrrc: 0.000000000 0.932512254 0.067487746
Q:/rccrrf: 0.000000000 0.525562862 0.474437138
Q:/rcrccr: 0.000000000 0.849684495 0.150315505
Q:/rcrcfr: 0.000000000 0.492237115 0.507762885
Q:/rcrcrc: 0.000000000 0.673734544 0.326265456
Q:/rcrcrf: 0.000000000 0.087954671 0.912045329
Q:/rcrfcr: 0.000000000 0.597474978 0.402525022
Q:/rcrffr: 0.000000000 0.512676420 0.487323580
Q:/rcrfrc: 0.000000000 0.391446292 0.608553708
Q:/rcrfrf: 0.000000000 0.983688728 0.016311272
Q:/rcrrcc: 0.000000000 0.457600705 0.542399295
Q:/rcrrcf: 0.000000000 0.535058013 0.464941987
Q:/rcrrfc: 0.000000000 0.367204640 0.632795360
Q:/rcrrff: 0.000000000 0.717319817 0.282680183
Q:/rf: 0.207706616 0.114892378 0.677401006
Q:/rfcrc: 0.386009089 0.278271307 0.335719605
Q:/rfcrf: 0.509796636 0.179390543 0.310812821
Q:/rfcrr: 0.000000000 0.773667129 0.226332871
Q:/rfrcr: 0.000000000 0.336218251 0.663781749
Q:/rfrfr: 0.000000000 0.569145156 0.430854844
Q:/rfrrc: 0.000000000 0.528270666 0.471729334
Q:/rfrrf: 0.000000000 0.846091772 0.153908228
Q:/rr: 0.080614130 0.325943173 0.593442698
Q:/rrccrc: 0.000000000 0.686487489 0.313512511
Q:/rrccrf: 0.000000000 0.659091389 0.340908611
Q:/rrcfrc: 0.000000000 0.719744790 0.280255210
Q:/rrcfrf: 0.000000000 0.453184850 0.546815150
Q:/rrcrcc: 0.000000000 0.353611872 0.646388128
Q:/rrcrcf: 0.000000000 0.302057059 0.697942941
Q:/rrcrfc: 0.000000000 0.515715745 0.484284255
Q:/rrcrff: 0.000000000 0.280340828 0.719659172
T:/cc: 0.206930990 0.793069010 0.000000000
T:/cccrcc: 0.065865738 0.388833269 0.545300992
T:/cccrccrccr: 0.000000000 0.519185763 0.480814237
T:/cccrccrcfr: 0.000000000 0.393308009 0.606691991
T:/cccrccrcrc: 0.000000000 0.710510993 0.289489007
T:/cccrccrcrf: 0.000000000 0.353877603 0.646122397
T:/cccrccrfcr: 0.000000000 0.695958345 0.304041655
T:/cccrccrffr: 0.000000000 0.534568659 0.465431341
T:/cccrccrfrc: 0.000000000 0.772906283 0.227093717
T:/cccrccrfrf: 0.000000000 0.589981520 0.410018480
T:/cccrccrrcc: 0.000000000 0.584845718 0.415154282
T:/cccrccrrcf: 0.000000000 0.481026303 0.518973697
T:/cccrccrrfc: 0.000000000 0.189675904 0.810324096
T:/cccrccrrff: 0.000000000 0.382547185 0.617452815
T:/cccrcf: 1.000000000 0.000000000 0.000000000
T:/cccrcfrcr: 0.000000000 0.439573200 0.560426800
T:/cccrcfrfr: 0.000000000 0.183934733 0.816065267
T:/cccrcfrrc: 0.000000000 0.089277071 0.910722929
T:/cccrcfrrf: 0.000000000 0.332469655 0.667530345
T:/cccrcr: 0.000000000 0.000000000 1.000000000
T:/cccrcrccrc: 0.000000000 0.433493708 0.566506292
T:/cccrcrccrf: 0.000000000 0.419954698 0.580045302
T:/cccrcrcfrc: 0.000000000 0.455956813 0.544043187
T:/cccrcrcfrf: 0.000000000 0.183590336 0.816409664
T:/cccrcrcrcc: 0.000000000 0.202794361 0.797205639
T:/cccrcrcrcf: 0.000000000 0.835816423 0.164183577
T:/cccrcrcrfc: 0.000000000 0.702280639 0.297719361
T:/cccrcrcrff: 0.000000000 0.306431420 0.693568580
T:/cccrfc: 0.109778420 0.195722152 0.694499428
T:/cccrfcrcr: 0.000000000 0.511389624 0.488610376
T:/cccrfcrfr: 0.000000000 0.703356180 0.296643820
T:/cccrfcrrc: 0.000000000 0.586965241 0.413034759
T:/cccrfcrrf: 0.000000000 0.763067177 0.236932823
T:/cccrff: 0.613709758 0.000000000 0.386290242
T:/cccrffrr: 0.000000000 0.532021397 0.467978603
T:/cccrfr: 0.000000000 0.000000000 1.000000000
T:/cccrfrcrc: 0.000000000 0.000000000 1.000000000
T:/cccrfrcrf: 0.000000000 0.158835587 0.841164413
T:/cccrrc: 0.000000000 0.543218896 0.456781104
T:/cccrrccrcc: 0.000000000 0.131185200 0.868814800
T:/cccrrccrcf: 0.000000000 0.557479445 0.442520555
T:/cccrrccrfc: 0.000000000 0.508922567 0.491077433
T:/cccrrccrff: 0.000000000 0.678865105 0.321134895
T:/cccrrf: 0.228257129 0.509843529 0.261899341
T:/cccrrfcrc: 0.000000000 0.647329550 0.352670450
T:/cccrrfcrf: 0.000000000 0.089286386 0.910713614
T:/cccrrr: 0.000000000 0.267298377 0.732701623
T:/ccrccr: 0.000000000 0.000000000 1.000000000
T:/ccrccrccrc: 0.000000000 0.738414447 0.261585553
T:/ccrccrccrf: 0.000000000 0.030028172 0.969971828
T:/ccrccrcfrc: 0.000000000 0.186792247 0.813207753
T:/ccrccrcfrf: 0.000000000 0.487032431 0.512967569
T:/ccrccrcrcc: 0.000000000 0.615301441 0.384698559
T:/ccrccrcrcf: 0.000000000 0.610013828 0.389986172
T:/ccrccrcrfc: 0.000000000 0.277620194 0.722379806
T:/ccrccrcrff: 0.000000000 0.829528423 0.170471577
T:/ccrcfr: 0.304120192 0.000000000 0.695879808
T:/ccrcfrcrc: 0.000000000 0.539050336 0.460949664
T:/ccrcfrcrf: 0.000000000 0.529849899 0.470150101
T:/ccrcrc: 0.000000000 0.353587773 0.646412227
T:/ccrcrccrcc: 0.000000000 0.576355166 0.423644834
T:/ccrcrccrcf: 0.000000000 0.547467619 0.452532381
T:/ccrcrccrfc: 0.000000000 0.458179173 0.541820827
T:/ccrcrccrff: 0.000000000 0.283382099 0.716617901
T:/ccrcrf: 0.000000000 0.052003137 0.947996863
T:/ccrcrfcrc: 0.000000000 0.468830360 0.531169640
T:/ccrcrfcrf: 0.000000000 0.513826175 0.486173825
T:/ccrcrr: 0.000000000 0.000000000 1.000000000
T:/ccrfcr: 0.495409326 0.000000000 0.504590674
T:/ccrfcrcrc: 0.000000000 0.147991103 0.852008897
T:/ccrfcrcrf: 0.000000000 0.392793328 0.607206672
T:/ccrffr: 0.586244829 0.137032064 0.276723107
T:/ccrfrc: 0.636527243 0.000264348 0.363208408
T:/ccrfrf: 0.433492114 0.059340726 0.507167160
T:/ccrfrr: 0.000000000 0.000000000 1.000000000
T:/ccrrcc: 0.095404774 0.379188046 0.525407180
T:/ccrrcf: 0.448376426 0.202549641 0.349073933
T:/ccrrcr: 0.000000000 0.521106345 0.478893655
T:/ccrrfc: 1.000000000 0.000000000 0.000000000
T:/ccrrff: 0.476849527 0.000000000 0.523150473
T:/ccrrfr: 0.000000000 0.000000000 1.000000000
T:/ccrrrc: 0.000000000 0.411541198 0.588458802
T:/ccrrrf: 0.000000000 0.589518243 0.410481757
T:/cr: 0.000000000 0.999937842 0.000062158
T:/crccrc: 0.278211932 0.417009220 0.304778848
T:/crccrccrcc: 0.000000000 0.495532291 0.504467709
T:/crccrccrcf: 0.000000000 0.563535055 0.436464945
T:/crccrccrfc: 0.000000000 0.590624130 0.409375870
T:/crccrccrff: 0.000000000 0.620277651 0.379722349
T:/crccrf: 0.030386228 0.260756868 0.708856904
T:/crccrfcrc: 0.000000000 0.239660041 0.760339959
T:/crccrfcrf: 0.000000000 0.822394875 0.177605125
T:/crccrr: 0.000000000 0.372699966 0.627300034
T:/crcfrc: 1.000000000 0.000000000 0.000000000
T:/crcfrf: 0.567845067 0.422768133 0.009386800
T:/crcfrr: 0.000000000 0.000000000 1.000000000
T:/crcrcc: 0.682768989 0.000000000 0.317231011
T:/crcrcf: 0.784461031 0.036047111 0.179491858
T:/crcrcr: 0.000000000 0.885661191 0.114338809
T:/crcrfc: 0.422647458 0.099583258 0.477769284
T:/crcrff: 1.000000000 0.000000000 0.000000000
T:/crcrfr: 0.000000000 0.619445202 0.380554798
T:/crcrrc: 0.000000000 0.000000000 1.000000000
T:/crcrrf: 0.000000000 0.000000000 1.000000000
T:/crrccr: 0.000000000 0.296534968 0.703465032
T:/crrcfr: 0.000000000 0.000000000 1.000000000
T:/crrcrc: 0.000000000 0.462549843 0.537450157
T:/crrcrf: 0.000000000 0.018451488 0.981548512
T:/crrfcr: 0.000000000 0.000000000 1.000000000
T:/crrffr: 0.000000000 0.357576945 0.642423055
T:/crrfrc: 0.000000000 0.000000000 1.000000000
T:/crrfrf: 0.000000000 0.001456026 0.998543974
T:/crrrcc: 0.000000000 0.000000000 1.000000000
T:/crrrcf: 0.000000000 0.000000000 1.000000000
T:/crrrfc: 0.000000000 0.088563670 0.911436330
T:/crrrff: 0.000000000 0.269656807 0.730343193
T:/rc: 0.000000000 0.795096794 0.204903206
T:/rccrcc: 0.160658971 0.336241552 0.503099477
T:/rccrcf: 0.263112043 0.311180038 0.425707919
T:/rccrcr: 0.000000000 0.079860999 0.920139001
T:/rccrfc: 0.570697804 0.250150135 0.179152061
T:/rccrff: 0.269129302 0.363528020 0.367342678
T:/rccrfr: 0.000000000 0.249338431 0.750661569
T:/rccrrc: 0.000000000 0.033293469 0.966706531
T:/rccrrf: 0.000000000 0.344260280 0.655739720
T:/rcrccr: 0.000000000 0.507562935 0.492437065
T:/rcrcfr: 0.000000000 0.454963462 0.545036538
T:/rcrcrc: 0.000000000 0.839349981 0.160650019
T:/rcrcrf: 0.000000000 0.510840542 0.489159458
T:/rcrfcr: 0.000000000 0.231560280 0.768439720
T:/rcrffr: 0.000000000 0.067371741 0.932628259
T:/rcrfrc: 0.000000000 0.154369830 0.845630170
T:/rcrfrf: 0.000000000 0.521524523 0.478475477
T:/rcrrcc: 0.000000000 0.760963275 0.239036725
T:/rcrrcf: 0.000000000 0.774663134 0.225336866
T:/rcrrfc: 0.000000000 0.566237488 0.433762512
T:/rcrrff: 0.000000000 0.744498630 0.255501370
T:/rf: 0.392420107 0.152496527 0.455083366
T:/rfcrc: 0.193164344 0.383857252 0.422978405
T:/rfcrf: 0.338417476 0.402346887 0.259235637
T:/rfcrr: 0.000000000 0.164969848 0.835030152
T:/rfrcr: 0.000000000 0.303065038 0.696934962
T:/rfrfr: 0.000000000 0.241481105 0.758518895
T:/rfrrc: 0.000000000 0.143074108 0.856925892
T:/rfrrf: 0.000000000 0.372856125 0.627143875
T:/rr: 0.188891934 0.078513684 0.732594382
T:/rrccrc: 0.000000000 0.038957690 0.961042310
T:/rrccrf: 0.000000000 0.238864447 0.761135553
T:/rrcfrc: 0.000000000 0.462790485 0.537209515
T:/rrcfrf: 0.000000000 0.433694661 0.566305339
T:/rrcrcc: 0.000000000 0.489160322 0.510839678
T:/rrcrcf: 0.000000000 0.601327704 0.398672296
T:/rrcrfc: 0.000000000 0.790147759 0.209852241
T:/rrcrff: 0.000000000 0.632513836 0.367486164
