A:/: 0.996983717 0.003016283 0.000000000
A:/ccr: 0.000000000 1.000000000 0.000000000
A:/crc: 0.000000000 1.000000000 0.000000000
A:/crf: 0.000000000 1.000000000 0.000000000
AJ:/ccc/: 0.994095319 0.005904681 0.000000000
AJ:/ccc/ccr: 0.000000000 1.000000000 0.000000000
AJ:/ccc/crc: 0.000000000 0.737097870 0.262902130
AJ:/ccc/crf: 0.000000000 1.000000000 0.000000000
AJ:/ccrcc/: 0.843998699 0.156001301 0.000000000
AJ:/ccrcc/ccr: 0.000000000 0.166026254 0.833973746
AJ:/ccrcc/crc: 0.000000000 0.908960152 0.091039848
AJ:/ccrcc/crf: 0.000000000 1.000000000 0.000000000
AJ:/ccrcf/: 0.410802747 0.589197253 0.000000000
AJ:/ccrcf/cr: 0.000000000 0.050522217 0.949477783
AJ:/crcc/: 0.000000000 1.000000000 0.000000000
AJ:/crcc/ccr: 0.000000000 1.000000000 0.000000000
AJ:/crcc/crc: 0.000000000 1.000000000 0.000000000
AJ:/crcc/crf: 0.000000000 1.000000000 0.000000000
AJ:/crfc/: 0.690733452 0.309266548 0.000000000
AJ:/crfc/cr: 0.000000000 1.000000000 0.000000000
AJ:/rcc/: 0.551323253 0.448676747 0.000000000
AJ:/rcc/ccr: 0.000000000 0.265700708 0.734299292
AJ:/rcc/crc: 0.000000000 0.520462948 0.479537052
AJ:/rcc/crf: 0.000000000 0.397123487 0.602876513
AJ:/rcf/: 0.999979869 0.000020131 0.000000000
AJ:/rcf/cr: 0.000000000 0.837652180 0.162347820
AJ:/rfc/: 0.812324679 0.187675321 0.000000000
AJ:/rfc/cr: 0.000000000 0.326024058 0.673975942
AK:/ccc/: 0.397020219 0.602979781 0.000000000
AK:/ccc/ccr: 0.000000000 1.000000000 0.000000000
AK:/ccc/crc: 0.000000000 1.000000000 0.000000000
AK:/ccc/crf: 0.000000000 1.000000000 0.000000000
AK:/ccrcc/: 0.530061041 0.469938959 0.000000000
AK:/ccrcc/ccr: 0.000000000 0.571270745 0.428729255
AK:/ccrcc/crc: 0.000000000 1.000000000 0.000000000
AK:/ccrcc/crf: 0.000000000 0.823239274 0.176760726
AK:/ccrcf/: 0.738840150 0.261159850 0.000000000
AK:/ccrcf/cr: 0.000000000 0.241392803 0.758607197
AK:/crcc/: 0.000000000 1.000000000 0.000000000
AK:/crcc/ccr: 0.000000000 0.649839239 0.350160761
AK:/crcc/crc: 0.000000000 0.633016902 0.366983098
AK:/crcc/crf: 0.000000000 1.000000000 0.000000000
AK:/crfc/: 0.564292058 0.435707942 0.000000000
AK:/crfc/cr: 0.000000000 1.000000000 0.000000000
AK:/rcc/: 0.753777682 0.246222318 0.000000000
AK:/rcc/ccr: 0.000000000 0.724430344 0.275569656
AK:/rcc/crc: 0.000000000 0.355585394 0.644414606
AK:/rcc/crf: 0.000000000 0.951157891 0.048842109
AK:/rcf/: 0.637824715 0.362175285 0.000000000
AK:/rcf/cr: 0.000000000 0.840698756 0.159301244
AK:/rfc/: 0.595953164 0.404046836 0.000000000
AK:/rfc/cr: 0.000000000 0.426572843 0.573427157
AQ:/ccc/: 0.999980900 0.000019100 0.000000000
AQ:/ccc/ccr: 0.000000000 1.000000000 0.000000000
AQ:/ccc/crc: 0.000000000 1.000000000 0.000000000
AQ:/ccc/crf: 0.000000000 0.692568047 0.307431953
AQ:/ccrcc/: 0.979905856 0.020094144 0.000000000
AQ:/ccrcc/ccr: 0.000000000 0.581480245 0.418519755
AQ:/ccrcc/crc: 0.000000000 0.757742416 0.242257584
AQ:/ccrcc/crf: 0.000000000 1.000000000 0.000000000
AQ:/ccrcf/: 0.492521583 0.507478417 0.000000000
AQ:/ccrcf/cr: 0.000000000 0.124325419 0.875674581
AQ:/crcc/: 0.892310863 0.107689137 0.000000000
AQ:/crcc/ccr: 0.000000000 0.491300600 0.508699400
AQ:/crcc/crc: 0.000000000 0.472965640 0.527034360
AQ:/crcc/crf: 0.000000000 1.000000000 0.000000000
AQ:/crfc/: 0.286915919 0.713084081 0.000000000
AQ:/crfc/cr: 0.000000000 1.000000000 0.000000000
AQ:/rcc/: 0.755117874 0.244882126 0.000000000
AQ:/rcc/ccr: 0.000000000 0.839317718 0.160682282
AQ:/rcc/crc: 0.000000000 0.020553469 0.979446531
AQ:/rcc/crf: 0.000000000 0.423624403 0.576375597
AQ:/rcf/: 0.647742744 0.352257256 0.000000000
AQ:/rcf/cr: 0.000000000 0.840450214 0.159549786
AQ:/rfc/: 0.283248722 0.716751278 0.000000000
AQ:/rfc/cr: 0.000000000 0.089617321 0.910382679
J:/: 0.000000000 1.000000000 0.000000000
J:/ccr: 0.000000000 0.000000000 1.000000000
J:/crc: 0.000000000 0.000000000 1.000000000
J:/crf: 0.000000000 1.000000000 0.000000000
JA:/ccc/: 0.237614249 0.762385751 0.000000000
JA:/ccc/ccr: 0.000000000 0.679622589 0.320377411
JA:/ccc/crc: 0.000000000 0.386122505 0.613877495
JA:/ccc/crf: 0.000000000 0.360597830 0.639402170
JA:/ccrcc/: 0.585710309 0.414289691 0.000000000
JA:/ccrcc/ccr: 0.000000000 0.535784514 0.464215486
JA:/ccrcc/crc: 0.000000000 0.532205839 0.467794161
JA:/ccrcc/crf: 0.000000000 0.472025133 0.527974867
JA:/ccrcf/: 0.169486494 0.830513506 0.000000000
JA:/ccrcf/cr: 0.000000000 0.530888302 0.469111698
JA:/crcc/: 0.170286669 0.829713331 0.000000000
JA:/crcc/ccr: 0.000000000 0.000000000 1.000000000
JA:/crcc/crc: 0.000000000 0.000000000 1.000000000
JA:/crcc/crf: 0.000000000 0.000000000 1.000000000
JA:/crfc/: 0.410774017 0.589225983 0.000000000
JA:/crfc/cr: 0.000000000 0.352533159 0.647466841
JA:/rcc/: 0.798064411 0.201935589 0.000000000
JA:/rcc/ccr: 0.000000000 0.294037575 0.705962425
JA:/rcc/crc: 0.000000000 0.862301489 0.137698511
JA:/rcc/crf: 0.000000000 0.240672284 0.759327716
JA:/rcf/: 1.000000000 0.000000000 0.000000000
JA:/rcf/cr: 0.000000000 0.000000000 1.000000000
JA:/rfc/: 0.302393666 0.697606334 0.000000000
JA:/rfc/cr: 0.000000000 0.059478202 0.940521798
JK:/ccc/: 0.562526725 0.437473275 0.000000000
JK:/ccc/ccr: 0.000000000 0.746554172 0.253445828
JK:/ccc/crc: 0.000000000 0.000000000 1.000000000
JK:/ccc/crf: 0.000000000 0.322490348 0.677509652
JK:/ccrcc/: 1.000000000 0.000000000 0.000000000
JK:/ccrcc/ccr: 0.000000000 0.043592690 0.956407310
JK:/ccrcc/crc: 0.000000000 0.286625799 0.713374201
JK:/ccrcc/crf: 0.000000000 0.299735813 0.700264187
JK:/ccrcf/: 0.185600325 0.814399675 0.000000000
JK:/ccrcf/cr: 0.000000000 0.767859277 0.232140723
JK:/crcc/: 0.998405591 0.001594409 0.000000000
JK:/crcc/ccr: 0.000000000 0.002474830 0.997525170
JK:/crcc/crc: 0.000000000 0.000000000 1.000000000
JK:/crcc/crf: 0.000000000 0.000000000 1.000000000
JK:/crfc/: 0.508075895 0.491924105 0.000000000
JK:/crfc/cr: 0.000000000 0.578425173 0.421574827
JK:/rcc/: 0.000000000 1.000000000 0.000000000
JK:/rcc/ccr: 0.000000000 0.000154348 0.999845652
JK:/rcc/crc: 0.000000000 0.693645818 0.306354182
JK:/rcc/crf: 0.000000000 0.569888056 0.430111944
JK:/rcf/: 0.001726692 0.998273308 0.000000000
JK:/rcf/cr: 0.000000000 0.000000000 1.000000000
JK:/rfc/: 0.300994560 0.699005440 0.000000000
JK:/rfc/cr: 0.000000000 0.899518847 0.100481153
JQ:/ccc/: 0.506633518 0.493366482 0.000000000
JQ:/ccc/ccr: 0.000000000 0.677049717 0.322950283
JQ:/ccc/crc: 0.000000000 0.881277068 0.118722932
JQ:/ccc/crf: 0.000000000 0.294760045 0.705239955
JQ:/ccrcc/: 0.280427873 0.719572127 0.000000000
JQ:/ccrcc/ccr: 0.000000000 0.219986548 0.780013452
JQ:/ccrcc/crc: 0.000000000 0.520913815 0.479086185
JQ:/ccrcc/crf: 0.000000000 0.000000000 1.000000000
JQ:/ccrcf/: 0.661726161 0.338273839 0.000000000
JQ:/ccrcf/cr: 0.000000000 0.749213701 0.250786299
JQ:/crcc/: 0.000000000 1.000000000 0.000000000
JQ:/crcc/ccr: 0.000000000 0.399359254 0.600640746
JQ:/crcc/crc: 0.000000000 0.000000000 1.000000000
JQ:/crcc/crf: 0.000000000 0.000000000 1.000000000
JQ:/crfc/: 0.645464584 0.354535416 0.000000000
JQ:/crfc/cr: 0.000000000 0.330428203 0.669571797
JQ:/rcc/: 0.448137253 0.551862747 0.000000000
JQ:/rcc/ccr: 0.000000000 0.444334432 0.555665568
JQ:/rcc/crc: 0.000000000 0.483781977 0.516218023
JQ:/rcc/crf: 0.000000000 0.011937779 0.988062221
JQ:/rcf/: 0.000815897 0.999184103 0.000000000
JQ:/rcf/cr: 0.000000000 0.000000000 1.000000000
JQ:/rfc/: 0.405799837 0.594200163 0.000000000
JQ:/rfc/cr: 0.000000000 0.486596714 0.513403286
K:/: 1.000000000 0.000000000 0.000000000
K:/ccr: 0.000000000 0.000000000 1.000000000
K:/crc: 0.000000000 0.998710001 0.001289999
K:/crf: 0.000000000 1.000000000 0.000000000
KA:/ccc/: 0.887667321 0.112332679 0.000000000
KA:/ccc/ccr: 0.000000000 1.000000000 0.000000000
KA:/ccc/crc: 0.000000000 1.000000000 0.000000000
KA:/ccc/crf: 0.000000000 1.000000000 0.000000000
KA:/ccrcc/: 0.688215001 0.311784999 0.000000000
KA:/ccrcc/ccr: 0.000000000 0.713649488 0.286350512
KA:/ccrcc/crc: 0.000000000 1.000000000 0.000000000
KA:/ccrcc/crf: 0.000000000 1.000000000 0.000000000
KA:/ccrcf/: 0.772289363 0.227710637 0.000000000
KA:/ccrcf/cr: 0.000000000 0.030598266 0.969401734
KA:/crcc/: 0.206469474 0.793530526 0.000000000
KA:/crcc/ccr: 0.000000000 0.945360841 0.054639159
KA:/crcc/crc: 0.000000000 0.288199234 0.711800766
KA:/crcc/crf: 0.000000000 1.000000000 0.000000000
KA:/crfc/: 0.871412615 0.128587385 0.000000000
KA:/crfc/cr: 0.000000000 1.000000000 0.000000000
KA:/rcc/: 0.274358494 0.725641506 0.000000000
KA:/rcc/ccr: 0.000000000 0.197921853 0.802078147
KA:/rcc/crc: 0.000000000 0.462154987 0.537845013
KA:/rcc/crf: 0.000000000 0.059037211 0.940962789
KA:/rcf/: 0.313364245 0.686635755 0.000000000
KA:/rcf/cr: 0.000000000 1.000000000 0.000000000
KA:/rfc/: 0.693203913 0.306796087 0.000000000
KA:/rfc/cr: 0.000000000 0.480627911 0.519372089
KJ:/ccc/: 0.335125272 0.664874728 0.000000000
KJ:/ccc/ccr: 0.000000000 0.000000000 1.000000000
KJ:/ccc/crc: 0.000000000 0.375998174 0.624001826
KJ:/ccc/crf: 0.000000000 0.493758440 0.506241560
KJ:/ccrcc/: 0.862241030 0.137758970 0.000000000
KJ:/ccrcc/ccr: 0.000000000 0.506626444 0.493373556
KJ:/ccrcc/crc: 0.000000000 0.803227043 0.196772957
KJ:/ccrcc/crf: 0.000000000 1.000000000 0.000000000
KJ:/ccrcf/: 0.220217492 0.779782508 0.000000000
KJ:/ccrcf/cr: 0.000000000 0.275980701 0.724019299
KJ:/crcc/: 0.998548353 0.001451647 0.000000000
KJ:/crcc/ccr: 0.000000000 0.000000000 1.000000000
KJ:/crcc/crc: 0.000000000 0.000000000 1.000000000
KJ:/crcc/crf: 0.000000000 1.000000000 0.000000000
KJ:/crfc/: 0.267207782 0.732792218 0.000000000
KJ:/crfc/cr: 0.000000000 0.230829332 0.769170668
KJ:/rcc/: 0.676866525 0.323133475 0.000000000
KJ:/rcc/ccr: 0.000000000 0.694211004 0.305788996
KJ:/rcc/crc: 0.000000000 0.224320735 0.775679265
KJ:/rcc/crf: 0.000000000 0.379422348 0.620577652
KJ:/rcf/: 0.000000000 1.000000000 0.000000000
KJ:/rcf/cr: 0.000000000 0.000000000 1.000000000
KJ:/rfc/: 0.424859623 0.575140377 0.000000000
KJ:/rfc/cr: 0.000000000 0.044696540 0.955303460
KQ:/ccc/: 0.772779504 0.227220496 0.000000000
KQ:/ccc/ccr: 0.000000000 0.463314208 0.536685792
KQ:/ccc/crc: 0.000000000 0.504231338 0.495768662
KQ:/ccc/crf: 0.000000000 0.462535291 0.537464709
KQ:/ccrcc/: 0.662516342 0.337483658 0.000000000
KQ:/ccrcc/ccr: 0.000000000 0.834892953 0.165107047
KQ:/ccrcc/crc: 0.000000000 0.674397645 0.325602355
KQ:/ccrcc/crf: 0.000000000 0.948704714 0.051295286
KQ:/ccrcf/: 0.809133983 0.190866017 0.000000000
KQ:/ccrcf/cr: 0.000000000 0.185926230 0.814073770
KQ:/crcc/: 0.242978589 0.757021411 0.000000000
KQ:/crcc/ccr: 0.000000000 0.411873857 0.588126143
KQ:/crcc/crc: 0.000000000 0.608543371 0.391456629
KQ:/crcc/crf: 0.000000000 0.994491596 0.005508404
KQ:/crfc/: 0.999185746 0.000814254 0.000000000
KQ:/crfc/cr: 0.000000000 0.000000000 1.000000000
KQ:/rcc/: 0.169736134 0.830263866 0.000000000
KQ:/rcc/ccr: 0.000000000 0.111990880 0.888009120
KQ:/rcc/crc: 0.000000000 0.699764979 0.300235021
KQ:/rcc/crf: 0.000000000 0.613455489 0.386544511
KQ:/rcf/: 0.000849218 0.999150782 0.000000000
KQ:/rcf/cr: 0.000000000 0.000000000 1.000000000
KQ:/rfc/: 0.497421768 0.502578232 0.000000000
KQ:/rfc/cr: 0.000000000 0.474980816 0.525019184
Q:/: 0.000000000 1.000000000 0.000000000
Q:/ccr: 0.000000000 0.000000000 1.000000000
Q:/crc: 0.000000000 0.000000000 1.000000000
Q:/crf: 0.000000000 1.000000000 0.000000000
QA:/ccc/: 0.186999049 0.813000951 0.000000000
QA:/ccc/ccr: 0.000000000 0.104231840 0.895768160
QA:/ccc/crc: 0.000000000 0.213625760 0.786374240
QA:/ccc/crf: 0.000000000 0.252000330 0.747999670
QA:/ccrcc/: 0.404835250 0.595164750 0.000000000
QA:/ccrcc/ccr: 0.000000000 0.314764352 0.685235648
QA:/ccrcc/crc: 0.000000000 0.190685557 0.809314443
QA:/ccrcc/crf: 0.000000000 1.000000000 0.000000000
QA:/ccrcf/: 0.111544777 0.888455223 0.000000000
QA:/ccrcf/cr: 0.000000000 0.169401902 0.830598098
QA:/crcc/: 0.545482167 0.454517833 0.000000000
QA:/crcc/ccr: 0.000000000 0.579293508 0.420706492
QA:/crcc/crc: 0.000000000 0.350819827 0.649180173
QA:/crcc/crf: 0.000000000 0.984321039 0.015678961
QA:/crfc/: 0.000000000 1.000000000 0.000000000
QA:/crfc/cr: 0.000000000 0.000000000 1.000000000
QA:/rcc/: 0.641171232 0.358828768 0.000000000
QA:/rcc/ccr: 0.000000000 0.735640643 0.264359357
QA:/rcc/crc: 0.000000000 0.074344782 0.925655218
QA:/rcc/crf: 0.000000000 0.638787214 0.361212786
QA:/rcf/: 0.000000000 1.000000000 0.000000000
QA:/rcf/cr: 0.000000000 0.000000000 1.000000000
QA:/rfc/: 0.532351018 0.467648982 0.000000000
QA:/rfc/cr: 0.000000000 0.492580146 0.507419854
QJ:/ccc/: 0.604295914 0.395704086 0.000000000
QJ:/ccc/ccr: 0.000000000 0.887295751 0.112704249
QJ:/ccc/crc: 0.000000000 0.408556569 0.591443431
QJ:/ccc/crf: 0.000000000 0.376828766 0.623171234
QJ:/ccrcc/: 0.990503215 0.009496785 0.000000000
QJ:/ccrcc/ccr: 0.000000000 0.438424387 0.561575613
QJ:/ccrcc/crc: 0.000000000 0.109691862 0.890308138
QJ:/ccrcc/crf: 0.000000000 0.000000000 1.000000000
QJ:/ccrcf/: 0.422745272 0.577254728 0.000000000
QJ:/ccrcf/cr: 0.000000000 0.512936034 0.487063966
QJ:/crcc/: 0.000000000 1.000000000 0.000000000
QJ:/crcc/ccr: 0.000000000 0.000000000 1.000000000
QJ:/crcc/crc: 0.000000000 0.000000000 1.000000000
QJ:/crcc/crf: 0.000000000 0.000000000 1.000000000
QJ:/crfc/: 0.155468599 0.844531401 0.000000000
QJ:/crfc/cr: 0.000000000 0.407960330 0.592039670
QJ:/rcc/: 0.000000000 1.000000000 0.000000000
QJ:/rcc/ccr: 0.000000000 0.542548240 0.457451760
QJ:/rcc/crc: 0.000000000 0.378033907 0.621966093
QJ:/rcc/crf: 0.000000000 0.627178915 0.372821085
QJ:/rcf/: 0.000000000 1.000000000 0.000000000
QJ:/rcf/cr: 0.000000000 0.000000000 1.000000000
QJ:/rfc/: 0.526563750 0.473436250 0.000000000
QJ:/rfc/cr: 0.000000000 0.622497703 0.377502297
QK:/ccc/: 0.000000000 1.000000000 0.000000000
QK:/ccc/ccr: 0.000000000 0.218192386 0.781807614
QK:/ccc/crc: 0.000000000 0.340098681 0.659901319
QK:/ccc/crf: 0.000000000 0.000000000 1.000000000
QK:/ccrcc/: 0.939904571 0.060095429 0.000000000
QK:/ccrcc/ccr: 0.000000000 0.838431816 0.161568184
QK:/ccrcc/crc: 0.000000000 0.392958799 0.607041201
QK:/ccrcc/crf: 0.000000000 1.000000000 0.000000000
QK:/ccrcf/: 0.448717715 0.551282285 0.000000000
QK:/ccrcf/cr: 0.000000000 0.231216027 0.768783973
QK:/crcc/: 0.011629384 0.988370616 0.000000000
QK:/crcc/ccr: 0.000000000 0.610323715 0.389676285
QK:/crcc/crc: 0.000000000 0.248317790 0.751682210
QK:/crcc/crf: 0.000000000 0.300293411 0.699706589
QK:/crfc/: 0.000745230 0.999254770 0.000000000
QK:/crfc/cr: 0.000000000 0.000000000 1.000000000
QK:/rcc/: 0.551924196 0.448075804 0.000000000
QK:/rcc/ccr: 0.000000000 0.728332998 0.271667002
QK:/rcc/crc: 0.000000000 0.294925908 0.705074092
QK:/rcc/crf: 0.000000000 0.597882347 0.402117653
QK:/rcf/: 0.001726692 0.998273308 0.000000000
QK:/rcf/cr: 0.000000000 0.000000000 1.000000000
QK:/rfc/: 0.552498216 0.447501784 0.000000000
QK:/rfc/cr: 0.000000000 0.663654336 0.336345664
