A:/cc: 1.000000000 0.000000000 0.000000000
A:/cr: 0.000000000 1.000000000 0.000000000
A:/rc: 0.000000000 1.000000000 0.000000000
A:/rf: 0.000000000 0.338002705 0.661997295
AJ:/ccc/cc: 0.996851932 0.003148068 0.000000000
AJ:/ccc/cr: 0.000000000 0.294478064 0.705521936
AJ:/ccc/rc: 0.000000000 0.241118745 0.758881255
AJ:/ccc/rf: 0.000000000 0.380630697 0.619369303
AJ:/ccrcc/cc: 0.628089225 0.371910775 0.000000000
AJ:/ccrcc/cr: 0.000000000 0.352642813 0.647357187
AJ:/ccrcc/rc: 0.000000000 0.265013176 0.734986824
AJ:/ccrcc/rf: 0.000000000 0.783449299 0.216550701
AJ:/ccrcf/c: 0.661271919 0.338728081 0.000000000
AJ:/ccrcf/r: 0.000000000 0.429998253 0.570001747
AJ:/ccrfc/c: 0.078326922 0.921673078 0.000000000
AJ:/ccrfc/r: 0.000000000 0.787831386 0.212168614
AJ:/crcc/cc: 0.436817444 0.563182556 0.000000000
AJ:/crcc/cr: 0.000000000 0.545742430 0.454257570
AJ:/crcc/rc: 0.000000000 0.383667480 0.616332520
AJ:/crcc/rf: 0.000000000 0.874767840 0.125232160
AJ:/crcf/c: 0.598763598 0.401236402 0.000000000
AJ:/crcf/r: 0.000000000 0.964807648 0.035192352
AJ:/rcc/cc: 0.506452173 0.493547827 0.000000000
AJ:/rcc/cr: 0.000000000 0.904107287 0.095892713
AJ:/rcc/rc: 0.000000000 0.444099952 0.555900048
AJ:/rcc/rf: 0.000000000 0.260465592 0.739534408
AJ:/rfc/c: 0.593728195 0.406271805 0.000000000
AJ:/rfc/r: 0.000000000 0.452043955 0.547956045
AK:/ccc/cc: 1.000000000 0.000000000 0.000000000
AK:/ccc/cr: 0.000000000 1.000000000 0.000000000
AK:/ccc/rc: 0.000000000 1.000000000 0.000000000
AK:/ccc/rf: 0.000000000 0.442591385 0.557408615
AK:/ccrcc/cc: 0.624169330 0.375830670 0.000000000
AK:/ccrcc/cr: 0.000000000 0.453121321 0.546878679
AK:/ccrcc/rc: 0.000000000 0.889728428 0.110271572
AK:/ccrcc/rf: 0.000000000 0.597340675 0.402659325
AK:/ccrcf/c: 0.434971022 0.565028978 0.000000000
AK:/ccrcf/r: 0.000000000 0.044349321 0.955650679
AK:/ccrfc/c: 0.197716271 0.802283729 0.000000000
AK:/ccrfc/r: 0.000000000 0.861181573 0.138818427
AK:/crcc/cc: 0.617132759 0.382867241 0.000000000
AK:/crcc/cr: 0.000000000 0.995386223 0.004613777
AK:/crcc/rc: 0.000000000 0.899518847 0.100481153
AK:/crcc/rf: 0.000000000 0.300994560 0.699005440
AK:/crcf/c: 0.331920821 0.668079179 0.000000000
AK:/crcf/r: 0.000000000 0.885698751 0.114301249
AK:/rcc/cc: 0.565388283 0.434611717 0.000000000
AK:/rcc/cr: 0.000000000 0.873038176 0.126961824
AK:/rcc/rc: 0.000000000 0.875105598 0.124894402
AK:/rcc/rf: 0.000000000 0.784347554 0.215652446
AK:/rfc/c: 0.078535395 0.921464605 0.000000000
AK:/rfc/r: 0.000000000 0.603799118 0.396200882
AQ:/ccc/cc: 0.619182524 0.380817476 0.000000000
AQ:/ccc/cr: 0.000000000 0.915692791 0.084307209
AQ:/ccc/rc: 0.000000000 0.873537994 0.126462006
AQ:/ccc/rf: 0.000000000 0.735873183 0.264126817
AQ:/ccrcc/cc: 0.641072584 0.358927416 0.000000000
AQ:/ccrcc/cr: 0.000000000 0.859997564 0.140002436
AQ:/ccrcc/rc: 0.000000000 0.238087949 0.761912051
AQ:/ccrcc/rf: 0.000000000 0.615920452 0.384079548
AQ:/ccrcf/c: 0.592755210 0.407244790 0.000000000
AQ:/ccrcf/r: 0.000000000 0.762423202 0.237576798
AQ:/ccrfc/c: 0.532391503 0.467608497 0.000000000
AQ:/ccrfc/r: 0.000000000 0.835878460 0.164121540
AQ:/crcc/cc: 0.364568563 0.635431437 0.000000000
AQ:/crcc/cr: 0.000000000 0.701974029 0.298025971
AQ:/crcc/rc: 0.000000000 0.354020940 0.645979060
AQ:/crcc/rf: 0.000000000 0.677075308 0.322924692
AQ:/crcf/c: 0.039554296 0.960445704 0.000000000
AQ:/crcf/r: 0.000000000 0.835383730 0.164616270
AQ:/rcc/cc: 0.044829713 0.955170287 0.000000000
AQ:/rcc/cr: 0.000000000 0.870205922 0.129794078
AQ:/rcc/rc: 0.000000000 0.875591662 0.124408338
AQ:/rcc/rf: 0.000000000 0.662739492 0.337260508
AQ:/rfc/c: 0.881788065 0.118211935 0.000000000
AQ:/rfc/r: 0.000000000 0.600341720 0.399658280
J:/cc: 0.176718465 0.823281535 0.000000000
J:/cr: 0.000000000 0.097414042 0.902585958
J:/rc: 0.000000000 0.000000000 1.000000000
J:/rf: 0.000000000 0.388650227 0.611349773
JA:/ccc/cc: 0.209421776 0.790578224 0.000000000
JA:/ccc/cr: 0.000000000 0.586999977 0.413000023
JA:/ccc/rc: 0.000000000 0.263001552 0.736998448
JA:/ccc/rf: 0.000000000 0.269861485 0.730138515
JA:/ccrcc/cc: 0.528543683 0.471456317 0.000000000
JA:/ccrcc/cr: 0.000000000 0.728456492 0.271543508
JA:/ccrcc/rc: 0.000000000 0.296671693 0.703328307
JA:/ccrcc/rf: 0.000000000 0.299949496 0.700050504
JA:/ccrcf/c: 0.429155339 0.570844661 0.000000000
JA:/ccrcf/r: 0.000000000 0.531799804 0.468200196
JA:/ccrfc/c: 0.572733110 0.427266890 0.000000000
JA:/ccrfc/r: 0.000000000 0.608174889 0.391825111
JA:/crcc/cc: 0.418376167 0.581623833 0.000000000
JA:/crcc/cr: 0.000000000 0.477245560 0.522754440
JA:/crcc/rc: 0.000000000 0.168700923 0.831299077
JA:/crcc/rf: 0.000000000 0.116495754 0.883504246
JA:/crcf/c: 0.000000016 0.999999984 0.000000000
JA:/crcf/r: 0.000000000 0.000000000 1.000000000
JA:/rcc/cc: 0.000000068 0.999999932 0.000000000
JA:/rcc/cr: 0.000000000 0.999999960 0.000000040
JA:/rcc/rc: 0.000000000 0.000000000 1.000000000
JA:/rcc/rf: 0.000000000 0.497052229 0.502947771
JA:/rfc/c: 0.481705996 0.518294004 0.000000000
JA:/rfc/r: 0.000000000 0.316758896 0.683241104
JK:/ccc/cc: 0.660761947 0.339238053 0.000000000
JK:/ccc/cr: 0.000000000 0.220986656 0.779013344
JK:/ccc/rc: 0.000000000 0.447481184 0.552518816
JK:/ccc/rf: 0.000000000 0.537535797 0.462464203
JK:/ccrcc/cc: 0.702781352 0.297218648 0.000000000
JK:/ccrcc/cr: 0.000000000 0.730669965 0.269330035
JK:/ccrcc/rc: 0.000000000 0.228273541 0.771726459
JK:/ccrcc/rf: 0.000000000 0.285607415 0.714392585
JK:/ccrcf/c: 0.712131605 0.287868395 0.000000000
JK:/ccrcf/r: 0.000000000 0.565784738 0.434215262
JK:/ccrfc/c: 0.170345369 0.829654631 0.000000000
JK:/ccrfc/r: 0.000000000 0.035140133 0.964859867
JK:/crcc/cc: 0.759177427 0.240822573 0.000000000
JK:/crcc/cr: 0.000000000 0.919142872 0.080857128
JK:/crcc/rc: 0.000000000 0.185604507 0.814395493
JK:/crcc/rf: 0.000000000 0.815139511 0.184860489
JK:/crcf/c: 0.000000011 0.999999989 0.000000000
JK:/crcf/r: 0.000000000 0.000000000 1.000000000
JK:/rcc/cc: 0.148976339 0.851023661 0.000000000
JK:/rcc/cr: 0.000000000 0.000000000 1.000000000
JK:/rcc/rc: 0.000000000 0.000000000 1.000000000
JK:/rcc/rf: 0.000000000 0.532380412 0.467619588
JK:/rfc/c: 0.143907640 0.856092360 0.000000000
JK:/rfc/r: 0.000000000 0.894965721 0.105034279
JQ:/ccc/cc: 0.774664446 0.225335554 0.000000000
JQ:/ccc/cr: 0.000000000 0.500968370 0.499031630
JQ:/ccc/rc: 0.000000000 0.734221949 0.265778051
JQ:/ccc/rf: 0.000000000 0.124325419 0.875674581
JQ:/ccrcc/cc: 0.464515979 0.535484021 0.000000000
JQ:/ccrcc/cr: 0.000000000 0.569721803 0.430278197
JQ:/ccrcc/rc: 0.000000000 0.405137814 0.594862186
JQ:/ccrcc/rf: 0.000000000 0.412891485 0.587108515
JQ:/ccrcf/c: 0.491555154 0.508444846 0.000000000
JQ:/ccrcf/r: 0.000000000 0.186665825 0.813334175
JQ:/ccrfc/c: 0.554035609 0.445964391 0.000000000
JQ:/ccrfc/r: 0.000000000 0.008609789 0.991390211
JQ:/crcc/cc: 0.736545042 0.263454958 0.000000000
JQ:/crcc/cr: 0.000000000 0.817116847 0.182883153
JQ:/crcc/rc: 0.000000000 0.006537878 0.993462122
JQ:/crcc/rf: 0.000000000 0.406542497 0.593457503
JQ:/crcf/c: 0.365972431 0.634027569 0.000000000
JQ:/crcf/r: 0.000000000 0.061247989 0.938752011
JQ:/rcc/cc: 0.000000000 1.000000000 0.000000000
JQ:/rcc/cr: 0.000000000 0.000000000 1.000000000
JQ:/rcc/rc: 0.000000000 0.000000000 1.000000000
JQ:/rcc/rf: 0.000000000 0.479201065 0.520798935
JQ:/rfc/c: 0.744489032 0.255510968 0.000000000
JQ:/rfc/r: 0.000000000 0.739467670 0.260532330
K:/cc: 1.000000000 0.000000000 0.000000000
K:/cr: 0.000000000 1.000000000 0.000000000
K:/rc: 0.000000000 0.040122941 0.959877059
K:/rf: 0.000000000 0.525980058 0.474019942
KA:/ccc/cc: 1.000000000 0.000000000 0.000000000
KA:/ccc/cr: 0.000000000 1.000000000 0.000000000
KA:/ccc/rc: 0.000000000 1.000000000 0.000000000
KA:/ccc/rf: 0.000000000 0.861956244 0.138043756
KA:/ccrcc/cc: 0.701760281 0.298239719 0.000000000
KA:/ccrcc/cr: 0.000000000 0.719028436 0.280971564
KA:/ccrcc/rc: 0.000000000 0.790323961 0.209676039
KA:/ccrcc/rf: 0.000000000 0.544891536 0.455108464
KA:/ccrcf/c: 0.517418233 0.482581767 0.000000000
KA:/ccrcf/r: 0.000000000 0.536259911 0.463740089
KA:/ccrfc/c: 0.173441786 0.826558214 0.000000000
KA:/ccrfc/r: 0.000000000 0.833891044 0.166108956
KA:/crcc/cc: 0.455276576 0.544723424 0.000000000
KA:/crcc/cr: 0.000000000 0.671181453 0.328818547
KA:/crcc/rc: 0.000000000 0.089457067 0.910542933
KA:/crcc/rf: 0.000000000 0.302393666 0.697606334
KA:/crcf/c: 0.694106895 0.305893105 0.000000000
KA:/crcf/r: 0.000000000 0.835251756 0.164748244
KA:/rcc/cc: 0.950627480 0.049372520 0.000000000
KA:/rcc/cr: 0.000000000 1.000000000 0.000000000
KA:/rcc/rc: 0.000000000 1.000000000 0.000000000
KA:/rcc/rf: 0.000000000 0.253958809 0.746041191
KA:/rfc/c: 0.737690052 0.262309948 0.000000000
KA:/rfc/r: 0.000000000 0.514885862 0.485114138
KJ:/ccc/cc: 0.519365885 0.480634115 0.000000000
KJ:/ccc/cr: 0.000000000 0.563739266 0.436260734
KJ:/ccc/rc: 0.000000000 0.365633546 0.634366454
KJ:/ccc/rf: 0.000000000 0.426572843 0.573427157
KJ:/ccrcc/cc: 0.340854872 0.659145128 0.000000000
KJ:/ccrcc/cr: 0.000000000 0.806864505 0.193135495
KJ:/ccrcc/rc: 0.000000000 0.828576715 0.171423285
KJ:/ccrcc/rf: 0.000000000 0.615768350 0.384231650
KJ:/ccrcf/c: 0.723041946 0.276958054 0.000000000
KJ:/ccrcf/r: 0.000000000 0.934982248 0.065017752
KJ:/ccrfc/c: 0.257678124 0.742321876 0.000000000
KJ:/ccrfc/r: 0.000000000 0.563536265 0.436463735
KJ:/crcc/cc: 0.432613235 0.567386765 0.000000000
KJ:/crcc/cr: 0.000000000 0.363390427 0.636609573
KJ:/crcc/rc: 0.000000000 0.275497517 0.724502483
KJ:/crcc/rf: 0.000000000 0.226440039 0.773559961
KJ:/crcf/c: 0.000000000 1.000000000 0.000000000
KJ:/crcf/r: 0.000000000 0.000000000 1.000000000
KJ:/rcc/cc: 0.075104848 0.924895152 0.000000000
KJ:/rcc/cr: 0.000000000 0.000000000 1.000000000
KJ:/rcc/rc: 0.000000000 0.437809685 0.562190315
KJ:/rcc/rf: 0.000000000 0.497204824 0.502795176
KJ:/rfc/c: 0.816843594 0.183156406 0.000000000
KJ:/rfc/r: 0.000000000 0.504276332 0.495723668
KQ:/ccc/cc: 0.159146423 0.840853577 0.000000000
KQ:/ccc/cr: 0.000000000 0.000000033 0.999999967
KQ:/ccc/rc: 0.000000000 0.000000000 1.000000000
KQ:/ccc/rf: 0.000000000 0.438042144 0.561957856
KQ:/ccrcc/cc: 0.167825895 0.832174105 0.000000000
KQ:/ccrcc/cr: 0.000000000 0.112470962 0.887529038
KQ:/ccrcc/rc: 0.000000000 0.700324680 0.299675320
KQ:/ccrcc/rf: 0.000000000 0.562030234 0.437969766
KQ:/ccrcf/c: 0.520789741 0.479210259 0.000000000
KQ:/ccrcf/r: 0.000000000 0.355175900 0.644824100
KQ:/ccrfc/c: 0.000866441 0.999133559 0.000000000
KQ:/ccrfc/r: 0.000000000 0.000000000 1.000000000
KQ:/crcc/cc: 0.215406040 0.784593960 0.000000000
KQ:/crcc/cr: 0.000000000 0.333147223 0.666852777
KQ:/crcc/rc: 0.000000000 0.023637831 0.976362169
KQ:/crcc/rf: 0.000000000 0.772534349 0.227465651
KQ:/crcf/c: 0.000000000 1.000000000 0.000000000
KQ:/crcf/r: 0.000000000 0.000000000 1.000000000
KQ:/rcc/cc: 0.647558136 0.352441864 0.000000000
KQ:/rcc/cr: 0.000000000 0.198745613 0.801254387
KQ:/rcc/rc: 0.000000000 0.102564967 0.897435033
KQ:/rcc/rf: 0.000000000 0.402044011 0.597955989
KQ:/rfc/c: 0.235905359 0.764094641 0.000000000
KQ:/rfc/r: 0.000000000 0.419433928 0.580566072
Q:/cc: 0.003410639 0.996589361 0.000000000
Q:/cr: 0.000000000 1.000000000 0.000000000
Q:/rc: 0.000000000 0.000766858 0.999233142
Q:/rf: 0.000000000 0.565187023 0.434812977
QA:/ccc/cc: 0.351412039 0.648587961 0.000000000
QA:/ccc/cr: 0.000000000 0.020767074 0.979232926
QA:/ccc/rc: 0.000000000 0.116290041 0.883709959
QA:/ccc/rf: 0.000000000 0.155646950 0.844353050
QA:/ccrcc/cc: 0.356836372 0.643163628 0.000000000
QA:/ccrcc/cr: 0.000000000 0.393445295 0.606554705
QA:/ccrcc/rc: 0.000000000 0.545487920 0.454512080
QA:/ccrcc/rf: 0.000000000 0.448255066 0.551744934
QA:/ccrcf/c: 0.758697993 0.241302007 0.000000000
QA:/ccrcf/r: 0.000000000 0.663009490 0.336990510
QA:/ccrfc/c: 0.387121762 0.612878238 0.000000000
QA:/ccrfc/r: 0.000000000 0.000000000 1.000000000
QA:/crcc/cc: 0.495145210 0.504854790 0.000000000
QA:/crcc/cr: 0.000000000 0.510215877 0.489784123
QA:/crcc/rc: 0.000000000 0.476727747 0.523272253
QA:/crcc/rf: 0.000000000 0.405799837 0.594200163
QA:/crcf/c: 0.000000000 1.000000000 0.000000000
QA:/crcf/r: 0.000000000 0.000000000 1.000000000
QA:/rcc/cc: 1.000000000 0.000000000 0.000000000
QA:/rcc/cr: 0.000000000 0.999999052 0.000000948
QA:/rcc/rc: 0.000000000 0.350525902 0.649474098
QA:/rcc/rf: 0.000000000 0.496406346 0.503593654
QA:/rfc/c: 0.176431645 0.823568355 0.000000000
QA:/rfc/r: 0.000000000 0.618225223 0.381774777
QJ:/ccc/cc: 0.805229313 0.194770687 0.000000000
QJ:/ccc/cr: 0.000000000 0.194493849 0.805506151
QJ:/ccc/rc: 0.000000000 0.525692949 0.474307051
QJ:/ccc/rf: 0.000000000 0.538685886 0.461314114
QJ:/ccrcc/cc: 0.050522425 0.949477575 0.000000000
QJ:/ccrcc/cr: 0.000000000 0.662556421 0.337443579
QJ:/ccrcc/rc: 0.000000000 0.303684118 0.696315882
QJ:/ccrcc/rf: 0.000000000 0.163954484 0.836045516
QJ:/ccrcf/c: 0.490096533 0.509903467 0.000000000
QJ:/ccrcf/r: 0.000000000 0.418506452 0.581493548
QJ:/ccrfc/c: 0.158715219 0.841284781 0.000000000
QJ:/ccrfc/r: 0.000000000 0.348682170 0.651317830
QJ:/crcc/cc: 0.429262744 0.570737256 0.000000000
QJ:/crcc/cr: 0.000000000 0.568772418 0.431227582
QJ:/crcc/rc: 0.000000000 0.019247124 0.980752876
QJ:/crcc/rf: 0.000000000 0.235002339 0.764997661
QJ:/crcf/c: 0.923416219 0.076583781 0.000000000
QJ:/crcf/r: 0.000000000 0.566378324 0.433621676
QJ:/rcc/cc: 0.090712237 0.909287763 0.000000000
QJ:/rcc/cr: 0.000000000 0.000000000 1.000000000
QJ:/rcc/rc: 0.000000000 0.000000000 1.000000000
QJ:/rcc/rf: 0.000000000 0.289165832 0.710834168
QJ:/rfc/c: 0.923071021 0.076928979 0.000000000
QJ:/rfc/r: 0.000000000 0.812324679 0.187675321
QK:/ccc/cc: 0.000000147 0.999999853 0.000000000
QK:/ccc/cr: 0.000000000 0.883500125 0.116499875
QK:/ccc/rc: 0.000000000 0.000000000 1.000000000
QK:/ccc/rf: 0.000000000 0.454611252 0.545388748
QK:/ccrcc/cc: 0.236990419 0.763009581 0.000000000
QK:/ccrcc/cr: 0.000000000 0.202700416 0.797299584
QK:/ccrcc/rc: 0.000000000 0.448546963 0.551453037
QK:/ccrcc/rf: 0.000000000 0.010494906 0.989505094
QK:/ccrcf/c: 0.995010904 0.004989096 0.000000000
QK:/ccrcf/r: 0.000000000 0.857453160 0.142546840
QK:/ccrfc/c: 0.000000000 1.000000000 0.000000000
QK:/ccrfc/r: 0.000000000 0.418900540 0.581099460
QK:/crcc/cc: 0.847722026 0.152277974 0.000000000
QK:/crcc/cr: 0.000000000 0.674014230 0.325985770
QK:/crcc/rc: 0.000000000 0.426846861 0.573153139
QK:/crcc/rf: 0.000000000 0.931356079 0.068643921
QK:/crcf/c: 0.000000000 1.000000000 0.000000000
QK:/crcf/r: 0.000000000 0.000000000 1.000000000
QK:/rcc/cc: 0.574433880 0.425566120 0.000000000
QK:/rcc/cr: 0.000000000 0.373972635 0.626027365
QK:/rcc/rc: 0.000000000 0.426972348 0.573027652
QK:/rcc/rf: 0.000000000 0.424169000 0.575831000
QK:/rfc/c: 0.408803244 0.591196756 0.000000000
QK:/rfc/r: 0.000000000 0.214463158 0.785536842
