9:/cc: 0.304181419 0.695818581 0.000000000
9:/cccrcc: 0.000000000 0.431331882 0.568668118
9:/cccrcf: 0.294231232 0.293049517 0.412719250
9:/cccrcr: 0.000000000 0.806231730 0.193768270
9:/cccrfc: 0.474615341 0.386451136 0.138933524
9:/cccrff: 0.230120274 0.347219465 0.422660261
9:/cccrfr: 0.000000000 0.761919017 0.238080983
9:/cccrrc: 0.000000000 0.091581595 0.908418405
9:/cccrrf: 0.000000000 0.359159743 0.640840257
9:/ccrccr: 0.000000000 0.460584168 0.539415832
9:/ccrcfr: 0.000000000 0.482919064 0.517080936
9:/ccrcrc: 0.000000000 0.622711823 0.377288177
9:/ccrcrf: 0.000000000 0.642827735 0.357172265
9:/ccrfcr: 0.000000000 0.577837825 0.422162175
9:/ccrffr: 0.000000000 0.318208699 0.681791301
9:/ccrfrc: 0.000000000 0.150739931 0.849260069
9:/ccrfrf: 0.000000000 0.189580039 0.810419961
9:/ccrrcc: 0.000000000 0.698879981 0.301120019
9:/ccrrcf: 0.000000000 0.320643487 0.679356513
9:/ccrrfc: 0.000000000 0.357212872 0.642787128
9:/ccrrff: 0.000000000 0.420683121 0.579316879
9:/cr: 0.206602183 0.405699576 0.387698241
9:/crccrc: 0.000000000 0.433222619 0.566777381
9:/crccrf: 0.000000000 0.513442019 0.486557981
9:/crcfrc: 0.000000000 0.337474430 0.662525570
9:/crcfrf: 0.000000000 0.468339908 0.531660092
9:/crcrcc: 0.000000000 0.034048648 0.965951352
9:/crcrcf: 0.000000000 0.318378300 0.681621700
9:/crcrfc: 0.000000000 0.463008074 0.536991926
9:/crcrff: 0.000000000 0.546143782 0.453856218
9:/rc: 0.000000000 0.000000000 1.000000000
9:/rccrcc: 0.000000000 0.375654129 0.624345871
9:/rccrcf: 0.000000000 0.415169937 0.584830063
9:/rccrfc: 0.000000000 0.802057538 0.197942462
9:/rccrff: 0.000000000 0.000000000 1.000000000
9:/rf: 0.452637743 0.000000000 0.547362257
9:/rfcrc: 0.000000000 0.097388224 0.902611776
9:/rfcrf: 0.000000000 0.363356034 0.636643966
9:/rr: 0.000000000 0.000000000 1.000000000
A:/cc: 0.327368904 0.672631096 0.000000000
A:/cccrcc: 0.419163554 0.284647030 0.296189416
A:/cccrcf: 0.238093781 0.584220815 0.177685404
A:/cccrcr: 0.000000000 0.757102777 0.242897223
A:/cccrfc: 0.545092517 0.052250024 0.402657459
A:/cccrff: 0.508495394 0.231015633 0.260488973
A:/cccrfr: 0.000000000 0.608992097 0.391007903
A:/cccrrc: 0.000000000 0.589908823 0.410091177
A:/cccrrf: 0.000000000 0.122198741 0.877801259
A:/ccrccr: 0.000000000 1.000000000 0.000000000
A:/ccrcfr: 0.000000000 0.891741918 0.108258082
A:/ccrcrc: 0.000000000 0.767333088 0.232666912
A:/ccrcrf: 0.000000000 0.448548904 0.551451096
A:/ccrfcr: 0.000000000 0.452910308 0.547089692
A:/ccrffr: 0.000000000 0.778112128 0.221887872
A:/ccrfrc: 0.000000000 0.959322885 0.040677115
A:/ccrfrf: 0.000000000 0.573088224 0.426911776
A:/ccrrcc: 0.000000000 0.589523983 0.410476017
A:/ccrrcf: 0.000000000 0.472272162 0.527727838
A:/ccrrfc: 0.000000000 0.365147664 0.634852336
A:/ccrrff: 0.000000000 0.686392695 0.313607305
A:/cr: 0.601292938 0.398707062 0.000000000
A:/crccrc: 0.000000000 0.790977420 0.209022580
A:/crccrf: 0.000000000 0.076767418 0.923232582
A:/crcfrc: 0.000000000 0.571875749 0.428124251
A:/crcfrf: 0.000000000 0.419538767 0.580461233
A:/crcrcc: 0.000000000 0.858048592 0.141951408
A:/crcrcf: 0.000000000 0.554426517 0.445573483
A:/crcrfc: 0.000000000 0.547645365 0.452354635
A:/crcrff: 0.000000000 0.642782132 0.357217868
A:/rc: 0.000000000 1.000000000 0.000000000
A:/rccrcc: 0.000000000 0.747227972 0.252772028
A:/rccrcf: 0.000000000 1.000000000 0.000000000
A:/rccrfc: 0.000000000 1.000000000 0.000000000
A:/rccrff: 0.000000000 1.000000000 0.000000000
A:/rf: 0.932062640 0.067937360 0.000000000
A:/rfcrc: 0.000000000 0.934969493 0.065030507
A:/rfcrf: 0.000000000 1.000000000 0.000000000
A:/rr: 0.000000000 1.000000000 0.000000000
J:/cc: 0.673940643 0.326059357 0.000000000
J:/cccrcc: 0.024480694 0.310561149 0.664958157
J:/cccrcf: 0.285577799 0.681268715 0.033153486
J:/cccrcr: 0.000000000 0.582659985 0.417340015
J:/cccrfc: 0.502384851 0.293972463 0.203642685
J:/cccrff: 0.223835227 0.192804475 0.583360298
J:/cccrfr: 0.000000000 0.672025445 0.327974555
J:/cccrrc: 0.000000000 0.599765089 0.400234911
J:/cccrrf: 0.000000000 0.072456327 0.927543673
J:/ccrccr: 0.000000000 0.442539815 0.557460185
J:/ccrcfr: 0.000000000 0.713091890 0.286908110
J:/ccrcrc: 0.000000000 0.085913452 0.914086548
J:/ccrcrf: 0.000000000 0.369666068 0.630333932
J:/ccrfcr: 0.000000000 0.358913830 0.641086170
J:/ccrffr: 0.000000000 0.866372663 0.133627337
J:/ccrfrc: 0.000000000 0.748466862 0.251533138
J:/ccrfrf: 0.000000000 0.254051180 0.745948820
J:/ccrrcc: 0.000000000 0.708080203 0.291919797
J:/ccrrcf: 0.000000000 0.548822981 0.451177019
J:/ccrrfc: 0.000000000 0.264568189 0.735431811
J:/ccrrff: 0.000000000 0.757308638 0.242691362
J:/cr: 0.295506139 0.254731206 0.449762655
J:/crccrc: 0.000000000 0.748242775 0.251757225
J:/crccrf: 0.000000000 0.549724489 0.450275511
J:/crcfrc: 0.000000000 0.383672575 0.616327425
J:/crcfrf: 0.000000000 0.783793129 0.216206871
J:/crcrcc: 0.000000000 0.077739529 0.922260471
J:/crcrcf: 0.000000000 0.377612453 0.622387547
J:/crcrfc: 0.000000000 0.198590646 0.801409354
J:/crcrff: 0.000000000 0.339347210 0.660652790
J:/rc: 0.000000000 0.000000000 1.000000000
J:/rccrcc: 0.000000000 0.469104918 0.530895082
J:/rccrcf: 0.000000000 0.000000000 1.000000000
J:/rccrfc: 0.000000000 0.783660674 0.216339326
J:/rccrff: 0.000000000 1.000000000 0.000000000
J:/rf: 0.418110298 0.000000000 0.581889702
J:/rfcrc: 0.000000000 0.409453564 0.590546436
J:/rfcrf: 0.000000000 0.923862864 0.076137136
J:/rr: 0.000000000 0.000000000 1.000000000
K:/cc: 0.667257474 0.332742526 0.000000000
K:/cccrcc: 0.209109453 0.647628702 0.143261845
K:/cccrcf: 0.306087966 0.276794935 0.417117099
K:/cccrcr: 0.000000000 0.642357223 0.357642777
K:/cccrfc: 0.343146116 0.345940198 0.310913686
K:/cccrff: 0.359571160 0.338976161 0.301452678
K:/cccrfr: 0.000000000 0.682526695 0.317473305
K:/cccrrc: 0.000000000 0.729643241 0.270356759
K:/cccrrf: 0.000000000 0.216966138 0.783033862
K:/ccrccr: 0.000000000 0.527674444 0.472325556
K:/ccrcfr: 0.000000000 0.408779198 0.591220802
K:/ccrcrc: 0.000000000 0.969257717 0.030742283
K:/ccrcrf: 0.000000000 0.088641638 0.911358362
K:/ccrfcr: 0.000000000 0.243214779 0.756785221
K:/ccrffr: 0.000000000 0.464798080 0.535201920
K:/ccrfrc: 0.000000000 0.448113178 0.551886822
K:/ccrfrf: 0.000000000 0.583298029 0.416701971
K:/ccrrcc: 0.000000000 0.308134717 0.691865283
K:/ccrrcf: 0.000000000 0.492911568 0.507088432
K:/ccrrfc: 0.000000000 0.881960673 0.118039327
K:/ccrrff: 0.000000000 0.289130424 0.710869576
K:/cr: 0.167962920 0.282446495 0.549590584
K:/crccrc: 0.000000000 0.288291297 0.711708703
K:/crccrf: 0.000000000 0.830693437 0.169306563
K:/crcfrc: 0.000000000 0.547403101 0.452596899
K:/crcfrf: 0.000000000 0.668698365 0.331301635
K:/crcrcc: 0.000000000 0.269758320 0.730241680
K:/crcrcf: 0.000000000 0.564553444 0.435446556
K:/crcrfc: 0.000000000 0.682309632 0.317690368
K:/crcrff: 0.000000000 0.396061216 0.603938784
K:/rc: 0.000000000 1.000000000 0.000000000
K:/rccrcc: 0.000000000 0.722316799 0.277683201
K:/rccrcf: 0.000000000 1.000000000 0.000000000
K:/rccrfc: 0.000000000 0.638250667 0.361749333
K:/rccrff: 0.000000000 1.000000000 0.000000000
K:/rf: 0.805575567 0.194424433 0.000000000
K:/rfcrc: 0.000000000 0.875448913 0.124551087
K:/rfcrf: 0.000000000 1.000000000 0.000000000
K:/rr: 0.000000000 0.999522627 0.000477373
Q:/cc: 0.383797025 0.616202975 0.000000000
Q:/cccrcc: 0.034511983 0.933895409 0.031592607
Q:/cccrcf: 0.150342916 0.439722219 0.409934865
Q:/cccrcr: 0.000000000 0.448883702 0.551116298
Q:/cccrfc: 0.221301479 0.368019465 0.410679056
Q:/cccrff: 0.483877312 0.234092735 0.282029953
Q:/cccrfr: 0.000000000 0.747756932 0.252243068
Q:/cccrrc: 0.000000000 0.441351255 0.558648745
Q:/cccrrf: 0.000000000 0.324966058 0.675033942
Q:/ccrccr: 0.000000000 0.460631205 0.539368795
Q:/ccrcfr: 0.000000000 0.818820851 0.181179149
Q:/ccrcrc: 0.000000000 0.510569273 0.489430727
Q:/ccrcrf: 0.000000000 0.589782388 0.410217612
Q:/ccrfcr: 0.000000000 0.487629821 0.512370179
Q:/ccrffr: 0.000000000 0.904868010 0.095131990
Q:/ccrfrc: 0.000000000 0.568587736 0.431412264
Q:/ccrfrf: 0.000000000 0.540692477 0.459307523
Q:/ccrrcc: 0.000000000 0.594772437 0.405227563
Q:/ccrrcf: 0.000000000 0.473604595 0.526395405
Q:/ccrrfc: 0.000000000 0.438386754 0.561613246
Q:/ccrrff: 0.000000000 0.610557993 0.389442007
Q:/cr: 0.449365112 0.000000000 0.550634888
Q:/crccrc: 0.000000000 0.333774917 0.666225083
Q:/crccrf: 0.000000000 0.535827446 0.464172554
Q:/crcfrc: 0.000000000 0.599004666 0.400995334
Q:/crcfrf: 0.000000000 0.451838607 0.548161393
Q:/crcrcc: 0.000000000 0.439988680 0.560011320
Q:/crcrcf: 0.000000000 0.641680398 0.358319602
Q:/crcrfc: 0.000000000 0.713500668 0.286499332
Q:/crcrff: 0.000000000 0.524967940 0.475032060
Q:/rc: 0.000000000 1.000000000 0.000000000
Q:/rccrcc: 0.000000000 0.306482898 0.693517102
Q:/rccrcf: 0.000000000 1.000000000 0.000000000
Q:/rccrfc: 0.000000000 0.293834979 0.706165021
Q:/rccrff: 0.000000000 1.000000000 0.000000000
Q:/rf: 0.572079057 0.100668340 0.327252603
Q:/rfcrc: 0.000000000 0.997650700 0.002349300
Q:/rfcrf: 0.000000000 0.585042006 0.414957994
Q:/rr: 0.000000000 0.084831781 0.915168219
T:/cc: 0.005714765 0.994285235 0.000000000
T:/cccrcc: 0.264470523 0.454655338 0.280874139
T:/cccrcf: 0.249706546 0.115555629 0.634737825
T:/cccrcr: 0.000000000 0.268489084 0.731510916
T:/cccrfc: 0.018921864 0.636383967 0.344694169
T:/cccrff: 0.409190437 0.416864282 0.173945281
T:/cccrfr: 0.000000000 0.348660213 0.651339787
T:/cccrrc: 0.000000000 0.405619837 0.594380163
T:/cccrrf: 0.000000000 0.524947816 0.475052184
T:/ccrccr: 0.000000000 0.718370581 0.281629419
T:/ccrcfr: 0.000000000 0.425553499 0.574446501
T:/ccrcrc: 0.000000000 0.760186340 0.239813660
T:/ccrcrf: 0.000000000 0.671558000 0.328442000
T:/ccrfcr: 0.000000000 0.466144225 0.533855775
T:/ccrffr: 0.000000000 0.580986042 0.419013958
T:/ccrfrc: 0.000000000 0.971436128 0.028563872
T:/ccrfrf: 0.000000000 0.383274337 0.616725663
T:/ccrrcc: 0.000000000 0.548973720 0.451026280
T:/ccrrcf: 0.000000000 0.599989680 0.400010320
T:/ccrrfc: 0.000000000 0.439153705 0.560846295
T:/ccrrff: 0.000000000 0.379436254 0.620563746
T:/cr: 0.415543064 0.294687872 0.289769063
T:/crccrc: 0.000000000 0.547225846 0.452774154
T:/crccrf: 0.000000000 0.619009865 0.380990135
T:/crcfrc: 0.000000000 0.508685323 0.491314677
T:/crcfrf: 0.000000000 0.572523591 0.427476409
T:/crcrcc: 0.000000000 0.322799501 0.677200499
T:/crcrcf: 0.000000000 0.757458533 0.242541467
T:/crcrfc: 0.000000000 0.785425450 0.214574550
T:/crcrff: 0.000000000 0.582871193 0.417128807
T:/rc: 0.000000000 0.000000000 1.000000000
T:/rccrcc: 0.000000000 0.455730181 0.544269819
T:/rccrcf: 0.000000000 0.146380320 0.853619680
T:/rccrfc: 0.000000000 0.897378338 0.102621662
T:/rccrff: 0.000000000 1.000000000 0.000000000
T:/rf: 0.289766265 0.000000000 0.710233735
T:/rfcrc: 0.000000000 0.148483187 0.851516813
T:/rfcrf: 0.000000000 0.658116009 0.341883991
T:/rr: 0.000000000 0.000000000 1.000000000
