5:/: 0.207558858 0.792441142 0.000000000
5:/ccr: 0.000000000 0.000000000 1.000000000
5:/ccrcrc: 0.000000000 0.418807830 0.581192170
5:/ccrcrf: 0.403440248 0.167882429 0.428677323
5:/ccrcrr: 0.000000000 0.090085874 0.909914126
5:/ccrrcr: 0.000000000 0.748290628 0.251709372
5:/ccrrfr: 0.000000000 0.359552250 0.640447750
5:/ccrrrc: 0.000000000 0.540639916 0.459360084
5:/ccrrrf: 0.000000000 0.253930705 0.746069295
5:/crc: 0.000000000 0.000000000 1.000000000
5:/crcrcr: 0.000000000 0.723443885 0.276556115
5:/crcrfr: 0.000000000 0.137010360 0.862989640
5:/crcrrc: 0.000000000 0.392379449 0.607620551
5:/crcrrf: 0.000000000 0.513798841 0.486201159
5:/crf: 0.000000000 0.000000000 1.000000000
5:/crfrr: 0.000000000 0.000000000 1.000000000
5:/crr: 0.136533064 0.437882870 0.425584066
5:/crrcrc: 0.000000000 0.568940064 0.431059936
5:/crrcrf: 0.000000000 0.038408923 0.961591077
5:/rcr: 0.751813702 0.248186298 0.000000000
5:/rcrcrc: 0.000000000 0.286268243 0.713731757
5:/rcrcrf: 0.000000000 0.009840127 0.990159873
5:/rfr: 0.315353947 0.423157433 0.261488620
5:/rrc: 0.000000000 0.215958063 0.784041937
5:/rrf: 0.000000000 0.000000000 1.000000000
5:/rrr: 0.000000000 0.279217872 0.720782128
6:/: 0.197766175 0.802233825 0.000000000
6:/ccr: 0.000085732 0.177892048 0.822022220
6:/ccrcrc: 0.000000000 0.263720310 0.736279690
6:/ccrcrf: 0.198685836 0.153454379 0.647859785
6:/ccrcrr: 0.000000000 0.799305611 0.200694389
6:/ccrrcr: 0.000000000 0.895293748 0.104706252
6:/ccrrfr: 0.000000000 0.759330503 0.240669497
6:/ccrrrc: 0.000000000 0.659413722 0.340586278
6:/ccrrrf: 0.000000000 0.000000000 1.000000000
6:/crc: 0.000000000 0.000000000 1.000000000
6:/crcrcr: 0.000000000 0.864030545 0.135969455
6:/crcrfr: 0.000000000 0.297191209 0.702808791
6:/crcrrc: 0.000000000 0.483855857 0.516144143
6:/crcrrf: 0.000000000 0.635251115 0.364748885
6:/crf: 0.000696309 0.000000000 0.999303691
6:/crfrr: 0.000000000 0.000000000 1.000000000
6:/crr: 0.124324189 0.038557053 0.837118759
6:/crrcrc: 0.000000000 0.419272876 0.580727124
6:/crrcrf: 0.000000000 0.691859977 0.308140023
6:/rcr: 0.738517441 0.261482559 0.000000000
6:/rcrcrc: 0.000000000 0.206919860 0.793080140
6:/rcrcrf: 0.000000000 0.145242189 0.854757811
6:/rfr: 0.053608825 0.126592022 0.819799153
6:/rrc: 0.000000000 0.280410217 0.719589783
6:/rrf: 0.000000000 0.000000000 1.000000000
6:/rrr: 0.000000000 0.202135170 0.797864830
7:/: 0.337553855 0.662446145 0.000000000
7:/ccr: 0.000000000 0.000000000 1.000000000
7:/ccrcrc: 0.000000000 0.288273749 0.711726251
7:/ccrcrf: 0.257999871 0.412222105 0.329778023
7:/ccrcrr: 0.000000000 0.000000000 1.000000000
7:/ccrrcr: 0.000000000 0.558712749 0.441287251
7:/ccrrfr: 0.000000000 0.450974058 0.549025942
7:/ccrrrc: 0.000000000 0.187392789 0.812607211
7:/ccrrrf: 0.000000000 0.000000000 1.000000000
7:/crc: 0.000000000 0.000000000 1.000000000
7:/crcrcr: 0.000000000 0.707968247 0.292031753
7:/crcrfr: 0.000000000 0.925248275 0.074751725
7:/crcrrc: 0.000000000 0.316271439 0.683728561
7:/crcrrf: 0.000000000 0.000000000 1.000000000
7:/crf: 0.001500653 0.099769605 0.898729742
7:/crfrr: 0.000000000 0.000000000 1.000000000
7:/crr: 0.240909351 0.000000000 0.759090649
7:/crrcrc: 0.000000000 0.519444580 0.480555420
7:/crrcrf: 0.000000000 0.353656447 0.646343553
7:/rcr: 0.980400715 0.019599285 0.000000000
7:/rcrcrc: 0.000000000 0.815314903 0.184685097
7:/rcrcrf: 0.000000000 0.242432390 0.757567610
7:/rfr: 0.317343599 0.255672926 0.426983475
7:/rrc: 0.000000000 0.238414847 0.761585153
7:/rrf: 0.000000000 0.000000000 1.000000000
7:/rrr: 0.000000000 0.464664544 0.535335456
8:/: 0.016637622 0.983362378 0.000000000
8:/ccr: 0.000085860 0.151142236 0.848771904
8:/ccrcrc: 0.000000000 0.232367669 0.767632331
8:/ccrcrf: 0.628839601 0.028645011 0.342515388
8:/ccrcrr: 0.000000000 0.423665019 0.576334981
8:/ccrrcr: 0.000000000 0.058959138 0.941040862
8:/ccrrfr: 0.000000000 0.648982278 0.351017722
8:/ccrrrc: 0.000000000 0.388494702 0.611505298
8:/ccrrrf: 0.000000000 0.216424256 0.783575744
8:/crc: 0.000000000 0.000000000 1.000000000
8:/crcrcr: 0.000000000 0.164066748 0.835933252
8:/crcrfr: 0.000000000 0.250171473 0.749828527
8:/crcrrc: 0.000000000 0.661494340 0.338505660
8:/crcrrf: 0.000000000 0.339037172 0.660962828
8:/crf: 0.013348136 0.366972740 0.619679124
8:/crfrr: 0.000000000 0.000000000 1.000000000
8:/crr: 0.575551328 0.000000000 0.424448672
8:/crrcrc: 0.000000000 0.951255016 0.048744984
8:/crrcrf: 0.000000000 0.098511814 0.901488186
8:/rcr: 0.749482095 0.250517905 0.000000000
8:/rcrcrc: 0.000000000 0.850275265 0.149724735
8:/rcrcrf: 0.000000000 0.284513727 0.715486273
8:/rfr: 0.614712034 0.120445457 0.264842508
8:/rrc: 0.000000000 0.000000000 1.000000000
8:/rrf: 0.000000000 0.000000000 1.000000000
8:/rrr: 0.000000000 0.099686325 0.900313675
9:/: 0.000979101 0.999020899 0.000000000
9:/ccr: 0.000085860 0.166482959 0.833431181
9:/ccrcrc: 0.144856060 0.340026721 0.515117220
9:/ccrcrf: 0.135858607 0.318752592 0.545388802
9:/ccrcrr: 0.000000000 0.244251092 0.755748908
9:/ccrrcr: 0.000000000 0.113865282 0.886134718
9:/ccrrfr: 0.000000000 0.662045963 0.337954037
9:/ccrrrc: 0.000000000 0.589224158 0.410775842
9:/ccrrrf: 0.000000000 0.469479026 0.530520974
9:/crc: 0.000000000 0.000000000 1.000000000
9:/crcrcr: 0.000000000 0.619794992 0.380205008
9:/crcrfr: 0.000000000 0.952198563 0.047801437
9:/crcrrc: 0.000000000 0.356133065 0.643866935
9:/crcrrf: 0.000000000 0.289369155 0.710630845
9:/crf: 0.022756222 0.470597790 0.506645988
9:/crfrr: 0.000000000 0.000000000 1.000000000
9:/crr: 0.000000000 0.555591014 0.444408986
9:/crrcrc: 0.000000000 0.043682245 0.956317755
9:/crrcrf: 0.000000000 0.463288726 0.536711274
9:/rcr: 0.841867501 0.158132499 0.000000000
9:/rcrcrc: 0.000000000 0.599755992 0.400244008
9:/rcrcrf: 0.000000000 0.447453380 0.552546620
9:/rfr: 0.035398293 0.305521716 0.659079992
9:/rrc: 0.000000000 0.138590033 0.861409967
9:/rrf: 0.000000000 0.000000000 1.000000000
9:/rrr: 0.000000000 0.534168505 0.465831495
A:/: 0.700979687 0.299020313 0.000000000
A:/ccr: 0.001703841 0.998296159 0.000000000
A:/ccrcrc: 0.839309788 0.130653687 0.030036525
A:/ccrcrf: 0.502410201 0.497589799 0.000000000
A:/ccrcrr: 0.000000000 0.292027777 0.707972223
A:/ccrrcr: 0.000000000 0.398868748 0.601131252
A:/ccrrfr: 0.000000000 0.270832795 0.729167205
A:/ccrrrc: 0.000000000 0.453642732 0.546357268
A:/ccrrrf: 0.000000000 1.000000000 0.000000000
A:/crc: 0.535080854 0.464919146 0.000000000
A:/crcrcr: 0.000000000 0.881593905 0.118406095
A:/crcrfr: 0.000000000 0.605741802 0.394258198
A:/crcrrc: 0.000000000 0.845010572 0.154989428
A:/crcrrf: 0.000000000 1.000000000 0.000000000
A:/crf: 1.000000000 0.000000000 0.000000000
A:/crfrr: 0.000000000 1.000000000 0.000000000
A:/crr: 0.712137401 0.287862599 0.000000000
A:/crrcrc: 0.000000000 0.341054086 0.658945914
A:/crrcrf: 0.000000000 1.000000000 0.000000000
A:/rcr: 0.723369732 0.276630268 0.000000000
A:/rcrcrc: 0.000000000 0.992029658 0.007970342
A:/rcrcrf: 0.000000000 0.830023478 0.169976522
A:/rfr: 0.009091840 0.491649614 0.499258546
A:/rrc: 0.587648485 0.412351515 0.000000000
A:/rrf: 0.483317004 0.516682996 0.000000000
A:/rrr: 0.000000000 0.607471278 0.392528722
J:/: 0.000000000 1.000000000 0.000000000
J:/ccr: 0.000044313 0.108923248 0.891032439
J:/ccrcrc: 0.233882406 0.318658660 0.447458934
J:/ccrcrf: 0.000000000 0.459407798 0.540592202
J:/ccrcrr: 0.000000000 0.372079965 0.627920035
J:/ccrrcr: 0.000000000 0.759008966 0.240991034
J:/ccrrfr: 0.000000000 0.585766669 0.414233331
J:/ccrrrc: 0.000000000 0.641318607 0.358681393
J:/ccrrrf: 0.000000000 0.479429386 0.520570614
J:/crc: 0.000000000 0.000000000 1.000000000
J:/crcrcr: 0.000000000 0.016321189 0.983678811
J:/crcrfr: 0.000000000 0.516941664 0.483058336
J:/crcrrc: 0.000000000 0.442616149 0.557383851
J:/crcrrf: 0.000000000 0.295587886 0.704412114
J:/crf: 0.012303858 0.854364289 0.133331853
J:/crfrr: 0.000000000 0.000000000 1.000000000
J:/crr: 0.453766436 0.250007787 0.296225777
J:/crrcrc: 0.000000000 0.685398604 0.314601396
J:/crrcrf: 0.000000000 0.849495068 0.150504932
J:/rcr: 0.617476886 0.382523114 0.000000000
J:/rcrcrc: 0.000000000 0.893284972 0.106715028
J:/rcrcrf: 0.000000000 0.487290747 0.512709253
J:/rfr: 0.029260859 0.349787953 0.620951188
J:/rrc: 0.000000000 0.000000000 1.000000000
J:/rrf: 0.000000000 0.000000000 1.000000000
J:/rrr: 0.000000000 0.111403869 0.888596131
K:/: 0.606338067 0.393661933 0.000000000
K:/ccr: 0.000000398 0.999999602 0.000000000
K:/ccrcrc: 0.323334917 0.355976809 0.320688274
K:/ccrcrf: 0.736879478 0.187749849 0.075370673
K:/ccrcrr: 0.000000000 0.333352392 0.666647608
K:/ccrrcr: 0.000000000 0.888278990 0.111721010
K:/ccrrfr: 0.000000000 0.621030451 0.378969549
K:/ccrrrc: 0.000000000 0.968626619 0.031373381
K:/ccrrrf: 0.000000000 0.870966775 0.129033225
K:/crc: 0.000000000 0.632628673 0.367371327
K:/crcrcr: 0.000000000 0.558415795 0.441584205
K:/crcrfr: 0.000000000 0.323184828 0.676815172
K:/crcrrc: 0.000000000 0.565271910 0.434728090
K:/crcrrf: 0.000000000 0.912388871 0.087611129
K:/crf: 0.000000000 1.000000000 0.000000000
K:/crfrr: 0.000000000 0.000000000 1.000000000
K:/crr: 0.647574235 0.006533294 0.345892471
K:/crrcrc: 0.000000000 0.568156541 0.431843459
K:/crrcrf: 0.000000000 0.581457776 0.418542224
K:/rcr: 0.765715382 0.234284618 0.000000000
K:/rcrcrc: 0.000000000 0.660614014 0.339385986
K:/rcrcrf: 0.000000000 0.788625370 0.211374630
K:/rfr: 0.474555967 0.032958359 0.492485674
K:/rrc: 0.145867799 0.652982160 0.201150042
K:/rrf: 0.000345706 0.939390833 0.060263461
K:/rrr: 0.000000000 0.400879866 0.599120134
Q:/: 0.000000000 1.000000000 0.000000000
Q:/ccr: 0.425454435 0.574545565 0.000000000
Q:/ccrcrc: 0.000000000 0.213870306 0.786129694
Q:/ccrcrf: 0.314979631 0.083302449 0.601717920
Q:/ccrcrr: 0.000000000 0.324455934 0.675544066
Q:/ccrrcr: 0.000000000 0.362625092 0.637374908
Q:/ccrrfr: 0.000000000 0.542520449 0.457479551
Q:/ccrrrc: 0.000000000 0.514346155 0.485653845
Q:/ccrrrf: 0.000000000 0.771377962 0.228622038
Q:/crc: 0.000000000 0.173926307 0.826073693
Q:/crcrcr: 0.000000000 0.536542148 0.463457852
Q:/crcrfr: 0.000000000 0.406467913 0.593532087
Q:/crcrrc: 0.000000000 0.893031685 0.106968315
Q:/crcrrf: 0.000000000 0.850210089 0.149789911
Q:/crf: 0.000674205 0.998303267 0.001022528
Q:/crfrr: 0.000000000 0.000000000 1.000000000
Q:/crr: 0.429939566 0.180981780 0.389078653
Q:/crrcrc: 0.000000000 0.617291961 0.382708039
Q:/crrcrf: 0.000000000 0.958238968 0.041761032
Q:/rcr: 0.557098692 0.442737377 0.000163931
Q:/rcrcrc: 0.000000000 0.469815263 0.530184737
Q:/rcrcrf: 0.000000000 0.805921930 0.194078070
Q:/rfr: 0.063136452 0.506610531 0.430253017
Q:/rrc: 0.000000000 0.620055502 0.379944498
Q:/rrf: 0.000335243 0.998082672 0.001582085
Q:/rrr: 0.000000000 0.234119801 0.765880199
T:/: 0.000447201 0.999552799 0.000000000
T:/ccr: 0.000044318 0.371879892 0.628075790
T:/ccrcrc: 0.051927633 0.294188904 0.653883463
T:/ccrcrf: 0.184710892 0.426616876 0.388672232
T:/ccrcrr: 0.000000000 0.181813225 0.818186775
T:/ccrrcr: 0.000000000 0.182950167 0.817049833
T:/ccrrfr: 0.000000000 0.842399602 0.157600398
T:/ccrrrc: 0.000000000 0.215987599 0.784012401
T:/ccrrrf: 0.000000000 0.638352973 0.361647027
T:/crc: 0.000000000 0.000000000 1.000000000
T:/crcrcr: 0.000000000 0.247407213 0.752592787
T:/crcrfr: 0.000000000 0.321332271 0.678667729
T:/crcrrc: 0.000000000 0.841709294 0.158290706
T:/crcrrf: 0.000000000 0.661969637 0.338030363
T:/crf: 0.012290430 0.904871824 0.082837746
T:/crfrr: 0.000000000 0.000000000 1.000000000
T:/crr: 0.083717826 0.249840529 0.666441645
T:/crrcrc: 0.000000000 0.535425074 0.464574926
T:/crrcrf: 0.000000000 0.529570734 0.470429266
T:/rcr: 0.992768573 0.007231427 0.000000000
T:/rcrcrc: 0.000000000 0.371552829 0.628447171
T:/rcrcrf: 0.000000000 0.416789540 0.583210460
T:/rfr: 0.208796628 0.426660063 0.364543309
T:/rrc: 0.000000000 0.293935846 0.706064154
T:/rrf: 0.000000000 0.000000000 1.000000000
T:/rrr: 0.000000000 0.220694171 0.779305829
