5:/cc: 0.652612334 0.347387666 0.000000000
5:/ccrcr: 0.000000000 0.430792057 0.569207943
5:/ccrcrcrc: 0.000000000 0.026196808 0.973803192
5:/ccrcrcrf: 0.000000000 0.482387107 0.517612893
5:/ccrfr: 0.000541686 0.032616478 0.966841836
5:/ccrrc: 0.271034465 0.307962495 0.421003041
5:/ccrrf: 0.425348255 0.517828516 0.056823229
5:/ccrrr: 0.000000000 0.036880757 0.963119243
5:/cr: 0.000000000 0.000000000 1.000000000
5:/crcrc: 0.067946269 0.460021493 0.472032239
5:/crcrf: 0.221369823 0.439554769 0.339075408
5:/crcrr: 0.000000000 0.777742302 0.222257698
5:/crrcr: 0.000000000 0.000000000 1.000000000
5:/crrfr: 0.000000000 0.000000000 1.000000000
5:/crrrc: 0.000000000 0.000000000 1.000000000
5:/crrrf: 0.000000000 0.498536323 0.501463677
5:/rc: 0.200269713 0.000000000 0.799730287
5:/rcrcr: 0.000000000 0.694335460 0.305664540
5:/rcrfr: 0.000000000 0.452286338 0.547713662
5:/rcrrc: 0.000000000 0.376541088 0.623458912
5:/rcrrf: 0.000000000 0.366123958 0.633876042
5:/rf: 0.271882481 0.389594844 0.338522675
5:/rfrr: 0.000000000 0.547802662 0.452197338
5:/rr: 0.000000000 0.090474486 0.909525514
5:/rrcrc: 0.000000000 0.611181805 0.388818195
5:/rrcrf: 0.000000000 0.439632670 0.560367330
6:/cc: 0.000690898 0.999309102 0.000000000
6:/ccrcr: 0.408810737 0.051146505 0.540042758
6:/ccrcrcrc: 0.000000000 0.428711396 0.571288604
6:/ccrcrcrf: 0.000000000 0.488748628 0.511251372
6:/ccrfr: 0.259284317 0.000000000 0.740715683
6:/ccrrc: 0.013305690 0.662563001 0.324131309
6:/ccrrf: 0.266465667 0.144124385 0.589409948
6:/ccrrr: 0.000000000 0.438719093 0.561280907
6:/cr: 0.000000000 0.000000000 1.000000000
6:/crcrc: 0.342065519 0.285703107 0.372231374
6:/crcrf: 0.374919675 0.308336403 0.316743922
6:/crcrr: 0.000000000 0.121356689 0.878643311
6:/crrcr: 0.000000000 0.000000000 1.000000000
6:/crrfr: 0.000000000 0.000000000 1.000000000
6:/crrrc: 0.000000000 0.000000000 1.000000000
6:/crrrf: 0.000000000 0.834518208 0.165481792
6:/rc: 0.295936668 0.000000000 0.704063332
6:/rcrcr: 0.000000000 0.782375063 0.217624937
6:/rcrfr: 0.000000000 0.332085123 0.667914877
6:/rcrrc: 0.000000000 0.278874015 0.721125985
6:/rcrrf: 0.000000000 0.416445041 0.583554959
6:/rf: 0.101010151 0.562237050 0.336752799
6:/rfrr: 0.000000000 0.977454965 0.022545035
6:/rr: 0.000000000 0.000000000 1.000000000
6:/rrcrc: 0.000000000 0.236314679 0.763685321
6:/rrcrf: 0.000000000 0.646820043 0.353179957
7:/cc: 0.254644735 0.745355265 0.000000000
7:/ccrcr: 0.000000000 0.261192113 0.738807887
7:/ccrcrcrc: 0.000000000 0.693142845 0.306857155
7:/ccrcrcrf: 0.000000000 0.088715422 0.911284578
7:/ccrfr: 0.000562800 0.126947580 0.872489620
7:/ccrrc: 0.313042265 0.116840012 0.570117723
7:/ccrrf: 0.333067128 0.170020492 0.496912381
7:/ccrrr: 0.000000000 0.002713322 0.997286678
7:/cr: 0.000000000 0.000000000 1.000000000
7:/crcrc: 0.143540198 0.692383772 0.164076031
7:/crcrf: 0.057916434 0.318820579 0.623262987
7:/crcrr: 0.000000000 0.813710405 0.186289595
7:/crrcr: 0.000000000 0.000000000 1.000000000
7:/crrfr: 0.000000000 0.000000000 1.000000000
7:/crrrc: 0.000000000 0.000000000 1.000000000
7:/crrrf: 0.000000000 0.482363971 0.517636029
7:/rc: 0.130298502 0.000000000 0.869701498
7:/rcrcr: 0.000000000 0.097649771 0.902350229
7:/rcrfr: 0.000000000 0.492812492 0.507187508
7:/rcrrc: 0.000000000 0.092897653 0.907102347
7:/rcrrf: 0.000000000 0.372156896 0.627843104
7:/rf: 0.244744791 0.290332464 0.464922744
7:/rfrr: 0.000000000 0.060398245 0.939601755
7:/rr: 0.000000000 0.000000000 1.000000000
7:/rrcrc: 0.000000000 0.663783991 0.336216009
7:/rrcrf: 0.000000000 0.001966890 0.998033110
8:/cc: 0.000000000 1.000000000 0.000000000
8:/ccrcr: 0.000000000 0.393462405 0.606537595
8:/ccrcrcrc: 0.000000000 0.319894201 0.680105799
8:/ccrcrcrf: 0.000000000 0.234377080 0.765622920
8:/ccrfr: 0.056702283 0.396124744 0.547172972
8:/ccrrc: 0.271955200 0.688319074 0.039725726
8:/ccrrf: 0.437943957 0.081932781 0.480123262
8:/ccrrr: 0.000000000 0.732620422 0.267379578
8:/cr: 0.000000000 0.000000000 1.000000000
8:/crcrc: 0.500671891 0.410603665 0.088724444
8:/crcrf: 0.312288502 0.318617004 0.369094495
8:/crcrr: 0.000000000 0.214273530 0.785726470
8:/crrcr: 0.000000000 0.197226378 0.802773622
8:/crrfr: 0.000000000 0.000000000 1.000000000
8:/crrrc: 0.000000000 0.272960952 0.727039048
8:/crrrf: 0.000000000 0.990768485 0.009231515
8:/rc: 0.107641560 0.000000000 0.892358440
8:/rcrcr: 0.000000000 0.446757005 0.553242995
8:/rcrfr: 0.000000000 0.223678082 0.776321918
8:/rcrrc: 0.000000000 0.178870691 0.821129309
8:/rcrrf: 0.000000000 0.302944295 0.697055705
8:/rf: 0.394227684 0.335602388 0.270169928
8:/rfrr: 0.000000000 0.542121868 0.457878132
8:/rr: 0.000000000 0.000000000 1.000000000
8:/rrcrc: 0.000000000 0.352197785 0.647802215
8:/rrcrf: 0.000000000 0.579348943 0.420651057
9:/cc: 0.000000000 1.000000000 0.000000000
9:/ccrcr: 0.000000000 0.315822381 0.684177619
9:/ccrcrcrc: 0.000000000 0.607851851 0.392148149
9:/ccrcrcrf: 0.000000000 0.629012205 0.370987795
9:/ccrfr: 0.000179592 0.000000000 0.999820408
9:/ccrrc: 0.305325054 0.266186948 0.428487998
9:/ccrrf: 0.480507646 0.339797897 0.179694457
9:/ccrrr: 0.000000000 0.464726394 0.535273606
9:/cr: 0.190835230 0.000000000 0.809164770
9:/crcrc: 0.371406747 0.397665810 0.230927444
9:/crcrf: 0.087022781 0.619542478 0.293434741
9:/crcrr: 0.000000000 0.433076141 0.566923859
9:/crrcr: 0.000000000 0.000000000 1.000000000
9:/crrfr: 0.000000000 0.000000000 1.000000000
9:/crrrc: 0.000000000 0.000000000 1.000000000
9:/crrrf: 0.000000000 0.501100510 0.498899490
9:/rc: 0.050496847 0.000000000 0.949503153
9:/rcrcr: 0.000000000 0.279324412 0.720675588
9:/rcrfr: 0.000000000 0.721661565 0.278338435
9:/rcrrc: 0.000000000 0.211783697 0.788216303
9:/rcrrf: 0.000000000 0.202885485 0.797114515
9:/rf: 0.801829697 0.144382196 0.053788107
9:/rfrr: 0.000000000 0.682846993 0.317153007
9:/rr: 0.000000000 0.000000000 1.000000000
9:/rrcrc: 0.000000000 0.144831909 0.855168091
9:/rrcrf: 0.000000000 0.280985088 0.719014912
A:/cc: 1.000000000 0.000000000 0.000000000
A:/ccrcr: 0.746418736 0.253581264 0.000000000
A:/ccrcrcrc: 0.000000000 0.864196684 0.135803316
A:/ccrcrcrf: 0.000000000 0.527833936 0.472166064
A:/ccrfr: 0.648857453 0.351142547 0.000000000
A:/ccrrc: 0.378100605 0.351863117 0.270036278
A:/ccrrf: 0.243421254 0.433590928 0.322987818
A:/ccrrr: 0.000000000 0.494303194 0.505696806
A:/cr: 1.000000000 0.000000000 0.000000000
A:/crcrc: 0.454673200 0.522366457 0.022960343
A:/crcrf: 0.248826134 0.495173478 0.256000388
A:/crcrr: 0.000000000 0.359700106 0.640299894
A:/crrcr: 0.000000000 1.000000000 0.000000000
A:/crrfr: 0.000000000 0.957962853 0.042037147
A:/crrrc: 0.000000000 0.982000146 0.017999854
A:/crrrf: 0.000000000 0.569129844 0.430870156
A:/rc: 1.000000000 0.000000000 0.000000000
A:/rcrcr: 0.000000000 1.000000000 0.000000000
A:/rcrfr: 0.000000000 1.000000000 0.000000000
A:/rcrrc: 0.000000000 1.000000000 0.000000000
A:/rcrrf: 0.000000000 0.435566915 0.564433085
A:/rf: 0.054676434 0.481504184 0.463819382
A:/rfrr: 0.000000000 0.600628486 0.399371514
A:/rr: 0.848641153 0.151358847 0.000000000
A:/rrcrc: 0.000000000 0.538498255 0.461501745
A:/rrcrf: 0.000000000 0.348940260 0.651059740
J:/cc: 0.028167159 0.971832841 0.000000000
J:/ccrcr: 0.481663611 0.180240201 0.338096187
J:/ccrcrcrc: 0.000000000 0.412561385 0.587438615
J:/ccrcrcrf: 0.000000000 0.660071511 0.339928489
J:/ccrfr: 0.000000000 0.694506011 0.305493989
J:/ccrrc: 0.097364672 0.396259494 0.506375834
J:/ccrrf: 0.142391085 0.086890885 0.770718030
J:/ccrrr: 0.000000000 0.476009860 0.523990140
J:/cr: 0.000000000 0.000000000 1.000000000
J:/crcrc: 0.471805714 0.164438352 0.363755934
J:/crcrf: 0.018996874 0.441948039 0.539055087
J:/crcrr: 0.000000000 0.288572953 0.711427047
J:/crrcr: 0.000000000 0.374183922 0.625816078
J:/crrfr: 0.000000000 0.000000000 1.000000000
J:/crrrc: 0.000000000 0.207071104 0.792928896
J:/crrrf: 0.000000000 0.416712985 0.583287015
J:/rc: 0.000223202 0.056101052 0.943675746
J:/rcrcr: 0.000000000 0.403265354 0.596734646
J:/rcrfr: 0.000000000 0.349779740 0.650220260
J:/rcrrc: 0.000000000 0.660379587 0.339620413
J:/rcrrf: 0.000000000 0.515813916 0.484186084
J:/rf: 0.305669555 0.304002536 0.390327909
J:/rfrr: 0.000000000 0.472388904 0.527611096
J:/rr: 0.000000000 0.243815846 0.756184154
J:/rrcrc: 0.000000000 0.319944903 0.680055097
J:/rrcrf: 0.000000000 0.520898294 0.479101706
K:/cc: 1.000000000 0.000000000 0.000000000
K:/ccrcr: 0.299617443 0.363085611 0.337296946
K:/ccrcrcrc: 0.000000000 0.986927497 0.013072503
K:/ccrcrcrf: 0.000000000 0.406011047 0.593988953
K:/ccrfr: 0.000000000 0.708508563 0.291491437
K:/ccrrc: 0.613551382 0.175284585 0.211164033
K:/ccrrf: 0.381937452 0.121054921 0.497007627
K:/ccrrr: 0.000000000 0.754488769 0.245511231
K:/cr: 0.000000000 1.000000000 0.000000000
K:/crcrc: 0.869883884 0.099292849 0.030823267
K:/crcrf: 0.479123678 0.311271598 0.209604724
K:/crcrr: 0.000000000 0.412465987 0.587534013
K:/crrcr: 0.000000000 0.537446329 0.462553671
K:/crrfr: 0.000000000 0.251721086 0.748278914
K:/crrrc: 0.000000000 0.279498204 0.720501796
K:/crrrf: 0.000000000 0.685215043 0.314784957
K:/rc: 0.030447590 0.969552410 0.000000000
K:/rcrcr: 0.000000000 0.783696653 0.216303347
K:/rcrfr: 0.000000000 0.670383414 0.329616586
K:/rcrrc: 0.000000000 0.888820753 0.111179247
K:/rcrrf: 0.000000000 0.830211768 0.169788232
K:/rf: 0.283182215 0.091807841 0.625009945
K:/rfrr: 0.000000000 0.450469046 0.549530954
K:/rr: 0.000000000 0.225866095 0.774133905
K:/rrcrc: 0.000000000 0.416176130 0.583823870
K:/rrcrf: 0.000000000 0.398480212 0.601519788
Q:/cc: 1.000000000 0.000000000 0.000000000
Q:/ccrcr: 0.191278249 0.518058998 0.290662753
Q:/ccrcrcrc: 0.000000000 0.054113807 0.945886193
Q:/ccrcrcrf: 0.000000000 0.795127120 0.204872880
Q:/ccrfr: 0.000000000 0.803348198 0.196651802
Q:/ccrrc: 0.299073861 0.359764605 0.341161534
Q:/ccrrf: 0.217124261 0.584566911 0.198308829
Q:/ccrrr: 0.000000000 0.471056535 0.528943465
Q:/cr: 0.000000000 0.610421204 0.389578796
Q:/crcrc: 0.132801469 0.230836549 0.636361982
Q:/crcrf: 0.656990797 0.282489991 0.060519212
Q:/crcrr: 0.000000000 0.629275636 0.370724364
Q:/crrcr: 0.000000000 0.569339126 0.430660874
Q:/crrfr: 0.000000000 0.000000000 1.000000000
Q:/crrrc: 0.000000000 0.083750539 0.916249461
Q:/crrrf: 0.000000000 0.368104882 0.631895118
Q:/rc: 0.000000000 0.999947468 0.000052532
Q:/rcrcr: 0.000000000 0.486270323 0.513729677
Q:/rcrfr: 0.000000000 0.986897699 0.013102301
Q:/rcrrc: 0.000000000 0.120362845 0.879637155
Q:/rcrrf: 0.000000000 0.662779583 0.337220417
Q:/rf: 0.412263447 0.043649726 0.544086827
Q:/rfrr: 0.000000000 0.167945489 0.832054511
Q:/rr: 0.000000000 0.000000000 1.000000000
Q:/rrcrc: 0.000000000 0.209810661 0.790189339
Q:/rrcrf: 0.000000000 0.525699676 0.474300324
T:/cc: 0.000000000 1.000000000 0.000000000
T:/ccrcr: 0.000000000 0.045218733 0.954781267
T:/ccrcrcrc: 0.000000000 0.436268680 0.563731320
T:/ccrcrcrf: 0.000000000 0.740257073 0.259742927
T:/ccrfr: 0.000000000 0.171977525 0.828022475
T:/ccrrc: 0.423332437 0.445169785 0.131497778
T:/ccrrf: 0.485197201 0.409141808 0.105660991
T:/ccrrr: 0.000000000 0.273738022 0.726261978
T:/cr: 0.000267498 0.000000000 0.999732502
T:/crcrc: 0.349082971 0.287225731 0.363691298
T:/crcrf: 0.128785065 0.534644507 0.336570428
T:/crcrr: 0.000000000 0.358098393 0.641901607
T:/crrcr: 0.000000000 0.537981108 0.462018892
T:/crrfr: 0.000000000 0.000000000 1.000000000
T:/crrrc: 0.000000000 0.000000000 1.000000000
T:/crrrf: 0.000000000 0.938052744 0.061947256
T:/rc: 0.049176557 0.000028130 0.950795313
T:/rcrcr: 0.000000000 0.421414699 0.578585301
T:/rcrfr: 0.000000000 0.354825569 0.645174431
T:/rcrrc: 0.000000000 0.162960093 0.837039907
T:/rcrrf: 0.000000000 0.694898852 0.305101148
T:/rf: 0.644009348 0.016631868 0.339358785
T:/rfrr: 0.000000000 0.595475327 0.404524673
T:/rr: 0.000000000 0.196046734 0.803953266
T:/rrcrc: 0.000000000 0.238277882 0.761722118
T:/rrcrf: 0.000000000 0.232505541 0.767494459
