5:/: 0.295516897 0.704483103 0.000000000
5:/ccr: 0.219402078 0.331044643 0.449553279
5:/ccrcrc: 0.022396728 0.228632692 0.748970581
5:/ccrcrf: 0.388743604 0.280713397 0.330542998
5:/ccrcrr: 0.000000000 0.204896446 0.795103554
5:/ccrrcr: 0.000000000 0.499588447 0.500411553
5:/ccrrfr: 0.000000000 0.536846470 0.463153530
5:/ccrrrc: 0.000000000 0.549352932 0.450647068
5:/ccrrrf: 0.000000000 0.202967369 0.797032631
5:/crc: 0.000658115 0.000000000 0.999341885
5:/crcrcr: 0.000000000 1.000000000 0.000000000
5:/crcrfr: 0.000000000 0.357340921 0.642659079
5:/crcrrc: 0.000000000 0.000016028 0.999983972
5:/crcrrf: 0.000000000 0.096772772 0.903227228
5:/crf: 0.003543151 0.000000000 0.996456849
5:/crfrr: 0.000000000 0.000037337 0.999962663
5:/crr: 0.327254088 0.008552041 0.664193871
5:/crrcrc: 0.000000000 0.568432122 0.431567878
5:/crrcrf: 0.000000000 0.562849046 0.437150954
5:/rcr: 0.000117230 0.758809062 0.241073709
5:/rcrcrc: 0.000000000 0.467869608 0.532130392
5:/rcrcrf: 0.000000000 0.443660403 0.556339597
5:/rfr: 0.183290875 0.504626826 0.312082299
5:/rrc: 0.000092774 0.000000000 0.999907226
5:/rrf: 0.001170557 0.001516572 0.997312871
5:/rrr: 0.000000000 0.525646985 0.474353015
6:/: 0.297955498 0.702044502 0.000000000
6:/ccr: 0.490686595 0.000035728 0.509277677
6:/ccrcrc: 0.254656756 0.276224122 0.469119122
6:/ccrcrf: 0.165365614 0.626782463 0.207851923
6:/ccrcrr: 0.000000000 0.692048562 0.307951438
6:/ccrrcr: 0.000000000 0.850608243 0.149391757
6:/ccrrfr: 0.000000000 0.300443779 0.699556221
6:/ccrrrc: 0.000000000 0.548071776 0.451928224
6:/ccrrrf: 0.000000000 0.022414259 0.977585741
6:/crc: 0.000647353 0.000000000 0.999352647
6:/crcrcr: 0.000000000 1.000000000 0.000000000
6:/crcrfr: 0.000000000 0.422576565 0.577423435
6:/crcrrc: 0.000000000 0.378754518 0.621245482
6:/crcrrf: 0.000000000 0.000011356 0.999988644
6:/crf: 0.003136645 0.000000000 0.996863355
6:/crfrr: 0.000000000 0.000037337 0.999962663
6:/crr: 0.290235176 0.015591059 0.694173765
6:/crrcrc: 0.000000000 0.105942116 0.894057884
6:/crrcrf: 0.000000000 0.621780795 0.378219205
6:/rcr: 0.000117120 0.565819545 0.434063335
6:/rcrcrc: 0.000000000 0.329079716 0.670920284
6:/rcrcrf: 0.000000000 0.009624194 0.990375806
6:/rfr: 0.144002472 0.577476524 0.278521003
6:/rrc: 0.000092755 0.000000000 0.999907245
6:/rrf: 0.001169035 0.001510582 0.997320383
6:/rrr: 0.000000000 0.658039811 0.341960189
7:/: 0.014680031 0.985319969 0.000000000
7:/ccr: 0.233996329 0.074379221 0.691624450
7:/ccrcrc: 0.017621518 0.519545414 0.462833068
7:/ccrcrf: 0.000739502 0.286310783 0.712949715
7:/ccrcrr: 0.000000000 0.364540845 0.635459155
7:/ccrrcr: 0.000000000 0.638881069 0.361118931
7:/ccrrfr: 0.000000000 0.390329463 0.609670537
7:/ccrrrc: 0.000000000 0.559714126 0.440285874
7:/ccrrrf: 0.000000000 0.782562606 0.217437394
7:/crc: 0.000636183 0.000000000 0.999363817
7:/crcrcr: 0.000000000 1.000000000 0.000000000
7:/crcrfr: 0.000000000 0.279443876 0.720556124
7:/crcrrc: 0.000000000 0.312556646 0.687443354
7:/crcrrf: 0.000000000 0.415537270 0.584462730
7:/crf: 0.007008131 0.226819723 0.766172146
7:/crfrr: 0.000000000 0.000046671 0.999953329
7:/crr: 0.000000000 0.000000000 1.000000000
7:/crrcrc: 0.000000000 0.690442815 0.309557185
7:/crrcrf: 0.000000000 0.330643054 0.669356946
7:/rcr: 0.000089017 0.531608436 0.468302547
7:/rcrcrc: 0.000000000 0.315236059 0.684763941
7:/rcrcrf: 0.000000000 0.799406894 0.200593106
7:/rfr: 0.022790211 0.312738377 0.664471412
7:/rrc: 0.000092818 0.000000000 0.999907182
7:/rrf: 0.001166715 0.001503699 0.997329586
7:/rrr: 0.000000000 0.000000000 1.000000000
8:/: 0.002050354 0.997949646 0.000000000
8:/ccr: 0.000000000 0.000000000 1.000000000
8:/ccrcrc: 0.057081597 0.746181645 0.196736758
8:/ccrcrf: 0.148733884 0.237432349 0.613833767
8:/ccrcrr: 0.000000000 0.357884877 0.642115123
8:/ccrrcr: 0.000000000 0.453743146 0.546256854
8:/ccrrfr: 0.000000000 0.688361201 0.311638799
8:/ccrrrc: 0.000000000 0.420591911 0.579408089
8:/ccrrrf: 0.000000000 0.477006292 0.522993708
8:/crc: 0.000638494 0.000000000 0.999361506
8:/crcrcr: 0.000000000 1.000000000 0.000000000
8:/crcrfr: 0.000000000 0.766899139 0.233100861
8:/crcrrc: 0.000000000 0.078004538 0.921995462
8:/crcrrf: 0.000000000 0.368814536 0.631185464
8:/crf: 0.021945623 0.451269083 0.526785294
8:/crfrr: 0.000000000 0.000037337 0.999962663
8:/crr: 0.402615498 0.003720969 0.593663532
8:/crrcrc: 0.000000000 0.433529665 0.566470335
8:/crrcrf: 0.000000000 0.529056448 0.470943552
8:/rcr: 0.000000382 0.999999618 0.000000000
8:/rcrcrc: 0.000000000 0.275793744 0.724206256
8:/rcrcrf: 0.000000000 0.539584943 0.460415057
8:/rfr: 0.261031731 0.470658660 0.268309609
8:/rrc: 0.000148384 0.022690369 0.977161247
8:/rrf: 0.000000000 0.000105706 0.999894294
8:/rrr: 0.000000000 0.000000000 1.000000000
9:/: 0.000570735 0.999429265 0.000000000
9:/ccr: 0.704124958 0.072250358 0.223624684
9:/ccrcrc: 0.295266411 0.326030293 0.378703297
9:/ccrcrf: 0.307032297 0.165429649 0.527538054
9:/ccrcrr: 0.000000000 0.139121963 0.860878037
9:/ccrrcr: 0.000000000 0.414975481 0.585024519
9:/ccrrfr: 0.000000000 0.829495365 0.170504635
9:/ccrrrc: 0.000000000 0.575407412 0.424592588
9:/ccrrrf: 0.000000000 0.705547472 0.294452528
9:/crc: 0.000634234 0.000000000 0.999365766
9:/crcrcr: 0.000000000 1.000000000 0.000000000
9:/crcrfr: 0.000000000 0.382895248 0.617104752
9:/crcrrc: 0.000000000 0.163361757 0.836638243
9:/crcrrf: 0.000000000 0.602481076 0.397518924
9:/crf: 0.011963811 0.538141332 0.449894857
9:/crfrr: 0.000000000 0.000046671 0.999953329
9:/crr: 0.186480872 0.000083816 0.813435312
9:/crrcrc: 0.000000000 0.802222912 0.197777088
9:/crrcrf: 0.000000000 0.682941014 0.317058986
9:/rcr: 0.127300521 0.566464652 0.306234827
9:/rcrcrc: 0.000000000 0.316676806 0.683323194
9:/rcrcrf: 0.000000000 0.933564246 0.066435754
9:/rfr: 0.063671024 0.277120652 0.659208324
9:/rrc: 0.000092796 0.000000000 0.999907204
9:/rrf: 0.000000000 0.001605334 0.998394666
9:/rrr: 0.000000000 0.100166464 0.899833536
A:/: 0.790158352 0.209841648 0.000000000
A:/ccr: 0.601135485 0.398864515 0.000000000
A:/ccrcrc: 0.361263096 0.485927291 0.152809614
A:/ccrcrf: 0.239632525 0.336272716 0.424094759
A:/ccrcrr: 0.000000000 0.865752620 0.134247380
A:/ccrrcr: 0.000000000 0.165645990 0.834354010
A:/ccrrfr: 0.000000000 0.446540080 0.553459920
A:/ccrrrc: 0.000000000 0.521660222 0.478339778
A:/ccrrrf: 0.000000000 0.093820742 0.906179258
A:/crc: 0.094204996 0.905795004 0.000000000
A:/crcrcr: 0.000000000 0.823965971 0.176034029
A:/crcrfr: 0.000000000 0.848349672 0.151650328
A:/crcrrc: 0.000000000 0.943120786 0.056879214
A:/crcrrf: 0.000000000 0.828685907 0.171314093
A:/crf: 0.999792976 0.000207024 0.000000000
A:/crfrr: 0.000000000 0.946425352 0.053574648
A:/crr: 0.636829442 0.362519480 0.000651079
A:/crrcrc: 0.000000000 0.882449443 0.117550557
A:/crrcrf: 0.000000000 0.869290657 0.130709343
A:/rcr: 0.000184256 0.796368387 0.203447357
A:/rcrcrc: 0.000000000 0.663820956 0.336179044
A:/rcrcrf: 0.000000000 0.557129861 0.442870139
A:/rfr: 0.176852541 0.448632214 0.374515245
A:/rrc: 0.805269502 0.194730498 0.000000000
A:/rrf: 0.455448762 0.541947654 0.002603584
A:/rrr: 0.000000000 0.873497970 0.126502030
J:/: 0.000000000 1.000000000 0.000000000
J:/ccr: 0.690116902 0.000014407 0.309868692
J:/ccrcrc: 0.000000000 0.279190692 0.720809308
J:/ccrcrf: 0.205508536 0.737197054 0.057294411
J:/ccrcrr: 0.000000000 0.654179211 0.345820789
J:/ccrrcr: 0.000000000 0.347067300 0.652932700
J:/ccrrfr: 0.000000000 0.361910692 0.638089308
J:/ccrrrc: 0.000000000 0.645307983 0.354692017
J:/ccrrrf: 0.000000000 0.527869362 0.472130638
J:/crc: 0.000638780 0.000000000 0.999361220
J:/crcrcr: 0.000000000 1.000000000 0.000000000
J:/crcrfr: 0.000000000 0.511867625 0.488132375
J:/crcrrc: 0.000000000 0.140167636 0.859832364
J:/crcrrf: 0.000000000 0.321428411 0.678571589
J:/crf: 0.006520164 0.575112482 0.418367354
J:/crfrr: 0.000000000 0.000037337 0.999962663
J:/crr: 0.391267927 0.000137622 0.608594451
J:/crrcrc: 0.000000000 0.923821704 0.076178296
J:/crrcrf: 0.000000000 0.199632920 0.800367080
J:/rcr: 0.000107934 0.632654513 0.367237553
J:/rcrcrc: 0.000000000 0.315059764 0.684940236
J:/rcrcrf: 0.000000000 0.318682708 0.681317292
J:/rfr: 0.406165073 0.520831666 0.073003261
J:/rrc: 0.000148326 0.092375988 0.907475686
J:/rrf: 0.000000000 0.801662670 0.198337330
J:/rrr: 0.000000000 0.074521426 0.925478574
K:/: 0.500514240 0.499485760 0.000000000
K:/ccr: 0.596868306 0.402910462 0.000221232
K:/ccrcrc: 0.583093624 0.227261123 0.189645253
K:/ccrcrf: 0.360851790 0.455136412 0.184011798
K:/ccrcrr: 0.000000000 0.599419719 0.400580281
K:/ccrrcr: 0.000000000 0.602564802 0.397435198
K:/ccrrfr: 0.000000000 0.798600055 0.201399945
K:/ccrrrc: 0.000000000 0.298091213 0.701908787
K:/ccrrrf: 0.000000000 0.266937981 0.733062019
K:/crc: 0.000115340 0.873958845 0.125925815
K:/crcrcr: 0.000000000 1.000000000 0.000000000
K:/crcrfr: 0.000000000 0.525029781 0.474970219
K:/crcrrc: 0.000000000 0.354884043 0.645115957
K:/crcrrf: 0.000000000 0.398576053 0.601423947
K:/crf: 0.001101925 0.998898075 0.000000000
K:/crfrr: 0.000000000 0.000046671 0.999953329
K:/crr: 0.883273441 0.000000579 0.116725980
K:/crrcrc: 0.000000000 0.652668700 0.347331300
K:/crrcrf: 0.000000000 0.918149576 0.081850424
K:/rcr: 0.000000000 0.578774833 0.421225167
K:/rcrcrc: 0.000000000 0.993774790 0.006225210
K:/rcrcrf: 0.000000000 0.890772298 0.109227702
K:/rfr: 0.165944633 0.341622386 0.492432980
K:/rrc: 0.000000878 0.648796229 0.351202894
K:/rrf: 0.000000000 0.692898187 0.307101813
K:/rrr: 0.000000000 0.869297744 0.130702256
Q:/: 0.000000000 1.000000000 0.000000000
Q:/ccr: 0.601553680 0.398446320 0.000000000
Q:/ccrcrc: 0.294414245 0.243706640 0.461879116
Q:/ccrcrf: 0.494636232 0.223050218 0.282313550
Q:/ccrcrr: 0.000000000 0.741854544 0.258145456
Q:/ccrrcr: 0.000000000 0.561057516 0.438942484
Q:/ccrrfr: 0.000000000 0.601882620 0.398117380
Q:/ccrrrc: 0.000000000 0.638204759 0.361795241
Q:/ccrrrf: 0.000000000 0.245066594 0.754933406
Q:/crc: 0.000076697 0.393581397 0.606341905
Q:/crcrcr: 0.000000000 1.000000000 0.000000000
Q:/crcrfr: 0.000000000 0.389671158 0.610328842
Q:/crcrrc: 0.000000000 0.712096997 0.287903003
Q:/crcrrf: 0.000000000 0.324486681 0.675513319
Q:/crf: 0.004299356 0.995700644 0.000000000
Q:/crfrr: 0.000000000 0.000046671 0.999953329
Q:/crr: 0.692392143 0.000038514 0.307569343
Q:/crrcrc: 0.000000000 0.376225119 0.623774881
Q:/crrcrf: 0.000000000 0.784700563 0.215299437
Q:/rcr: 0.325853066 0.439295956 0.234850977
Q:/rcrcrc: 0.000000000 0.874547657 0.125452343
Q:/rcrcrf: 0.000000000 0.834602895 0.165397105
Q:/rfr: 0.376130061 0.573675505 0.050194434
Q:/rrc: 0.000148331 0.377520255 0.622331415
Q:/rrf: 0.000000000 0.703757940 0.296242060
Q:/rrr: 0.000000000 0.288448284 0.711551716
T:/: 0.000000000 1.000000000 0.000000000
T:/ccr: 0.206062062 0.201740346 0.592197593
T:/ccrcrc: 0.064993789 0.090713595 0.844292616
T:/ccrcrf: 0.148628319 0.346995572 0.504376109
T:/ccrcrr: 0.000000000 0.349491448 0.650508552
T:/ccrrcr: 0.000000000 0.361826040 0.638173960
T:/ccrrfr: 0.000000000 0.555850803 0.444149197
T:/ccrrrc: 0.000000000 0.600329292 0.399670708
T:/ccrrrf: 0.000000000 0.312478689 0.687521311
T:/crc: 0.000633692 0.000000000 0.999366308
T:/crcrcr: 0.000000000 1.000000000 0.000000000
T:/crcrfr: 0.000000000 0.200324637 0.799675363
T:/crcrrc: 0.000000000 0.395401691 0.604598309
T:/crcrrf: 0.000000000 0.530375095 0.469624905
T:/crf: 0.013700735 0.801283673 0.185015592
T:/crfrr: 0.000000000 0.000037337 0.999962663
T:/crr: 0.303422299 0.000156657 0.696421045
T:/crrcrc: 0.000000000 0.708995831 0.291004169
T:/crrcrf: 0.000000000 0.650755431 0.349244569
T:/rcr: 0.000079713 0.703631923 0.296288364
T:/rcrcrc: 0.000000000 0.843279412 0.156720588
T:/rcrcrf: 0.000000000 0.233096531 0.766903469
T:/rfr: 0.568237352 0.195484691 0.236277957
T:/rrc: 0.000092459 0.000000000 0.999907541
T:/rrf: 0.018107592 0.567532987 0.414359421
T:/rrr: 0.000000000 0.061912889 0.938087111
