5:/c: 0.231682256 0.768317744 0.000000000
5:/ccrc: 0.000000000 0.000000000 1.000000000
5:/ccrcrcr: 0.000000000 0.452342166 0.547657834
5:/ccrcrfr: 0.000000000 0.421657189 0.578342811
5:/ccrcrrc: 0.000000000 0.000000000 1.000000000
5:/ccrcrrf: 0.000000000 0.000000000 1.000000000
5:/ccrf: 0.000000000 0.000000000 1.000000000
5:/ccrfrr: 0.000000000 0.000000000 1.000000000
5:/ccrr: 0.000000000 0.000000000 1.000000000
5:/ccrrcrc: 0.000000000 0.000000000 1.000000000
5:/ccrrcrf: 0.000000000 0.000000000 1.000000000
5:/crcr: 0.000000000 0.247469739 0.752530261
5:/crcrcrc: 0.000000000 0.127771788 0.872228212
5:/crcrcrf: 0.000000000 0.806282423 0.193717577
5:/crfr: 0.000001671 0.000000000 0.999998329
5:/crrc: 0.023627285 0.181294111 0.795078604
5:/crrf: 0.001197111 0.000000000 0.998802889
5:/crrr: 0.000000000 0.000000000 1.000000000
5:/r: 0.000000000 0.000000000 1.000000000
5:/rcrc: 0.000015100 0.093187643 0.906797256
5:/rcrf: 0.000085049 0.000000000 0.999914951
5:/rcrr: 0.000000000 0.000000000 1.000000000
5:/rrcr: 0.000000000 0.284666790 0.715333210
5:/rrfr: 0.000000000 0.000000000 1.000000000
5:/rrrc: 0.000000000 0.639427904 0.360572096
5:/rrrf: 0.000000000 0.169623810 0.830376190
6:/c: 0.361791296 0.638208704 0.000000000
6:/ccrc: 0.000000000 0.000000000 1.000000000
6:/ccrcrcr: 0.000000000 0.045866163 0.954133837
6:/ccrcrfr: 0.000000000 0.264356523 0.735643477
6:/ccrcrrc: 0.000000000 0.000000000 1.000000000
6:/ccrcrrf: 0.000000000 0.084409552 0.915590448
6:/ccrf: 0.000000000 0.000000000 1.000000000
6:/ccrfrr: 0.000000000 0.000000000 1.000000000
6:/ccrr: 0.000000000 0.000000000 1.000000000
6:/ccrrcrc: 0.000000000 0.000000000 1.000000000
6:/ccrrcrf: 0.000000000 0.000000000 1.000000000
6:/crcr: 0.000000000 0.054027094 0.945972906
6:/crcrcrc: 0.000000000 0.694705017 0.305294983
6:/crcrcrf: 0.000000000 0.423639306 0.576360694
6:/crfr: 0.000001855 0.000000000 0.999998145
6:/crrc: 0.000000000 0.000000000 1.000000000
6:/crrf: 0.001191857 0.000000000 0.998808143
6:/crrr: 0.000000000 0.000000000 1.000000000
6:/r: 0.000000000 0.000000000 1.000000000
6:/rcrc: 0.000000000 0.000000000 1.000000000
6:/rcrf: 0.001972856 0.317763130 0.680264014
6:/rcrr: 0.000000000 0.000000000 1.000000000
6:/rrcr: 0.000000000 0.044127370 0.955872630
6:/rrfr: 0.000000000 0.000000000 1.000000000
6:/rrrc: 0.000000000 0.000000000 1.000000000
6:/rrrf: 0.000000000 0.000000000 1.000000000
7:/c: 0.046584514 0.953415486 0.000000000
7:/ccrc: 0.000000000 0.000000000 1.000000000
7:/ccrcrcr: 0.000000000 0.892778731 0.107221269
7:/ccrcrfr: 0.000000000 0.713022552 0.286977448
7:/ccrcrrc: 0.000000000 0.111003148 0.888996852
7:/ccrcrrf: 0.000000000 0.320571182 0.679428818
7:/ccrf: 0.003750820 0.000147551 0.996101630
7:/ccrfrr: 0.000000000 0.000000000 1.000000000
7:/ccrr: 0.000000000 0.000000000 1.000000000
7:/ccrrcrc: 0.000000000 0.000000000 1.000000000
7:/ccrrcrf: 0.000000000 0.194836840 0.805163160
7:/crcr: 0.000000000 0.024911349 0.975088651
7:/crcrcrc: 0.000000000 0.675647691 0.324352309
7:/crcrcrf: 0.000000000 0.387169096 0.612830904
7:/crfr: 0.000000000 0.000000000 1.000000000
7:/crrc: 0.000005614 0.320056074 0.679938311
7:/crrf: 0.000206110 0.000000000 0.999793890
7:/crrr: 0.000000000 0.000000000 1.000000000
7:/r: 0.000000000 0.000000000 1.000000000
7:/rcrc: 0.000158099 0.006571404 0.993270497
7:/rcrf: 0.358708926 0.007721114 0.633569959
7:/rcrr: 0.000000000 0.000000000 1.000000000
7:/rrcr: 0.000000000 0.000000000 1.000000000
7:/rrfr: 0.000000000 0.000000000 1.000000000
7:/rrrc: 0.000000000 0.000000000 1.000000000
7:/rrrf: 0.000000000 0.000000000 1.000000000
8:/c: 0.000634224 0.999365776 0.000000000
8:/ccrc: 0.000000000 0.000000000 1.000000000
8:/ccrcrcr: 0.000000000 0.816783399 0.183216601
8:/ccrcrfr: 0.000000000 0.711766858 0.288233142
8:/ccrcrrc: 0.000000000 0.343417541 0.656582459
8:/ccrcrrf: 0.000000000 0.465826389 0.534173611
8:/ccrf: 0.053975799 0.000185373 0.945838827
8:/ccrfrr: 0.000000000 0.000000000 1.000000000
8:/ccrr: 0.000000000 0.000000000 1.000000000
8:/ccrrcrc: 0.000000000 0.000000000 1.000000000
8:/ccrrcrf: 0.000000000 0.199590474 0.800409526
8:/crcr: 0.000000132 0.114560107 0.885439760
8:/crcrcrc: 0.000000000 0.869492322 0.130507678
8:/crcrcrf: 0.000000000 0.429400866 0.570599134
8:/crfr: 0.000000000 0.000000000 1.000000000
8:/crrc: 0.000021827 0.190328725 0.809649449
8:/crrf: 0.001148446 0.000000000 0.998851554
8:/crrr: 0.000000000 0.000000000 1.000000000
8:/r: 0.029105709 0.000000000 0.970894291
8:/rcrc: 0.000000300 0.000000000 0.999999700
8:/rcrf: 0.000105440 0.340299336 0.659595224
8:/rcrr: 0.000000000 0.000000000 1.000000000
8:/rrcr: 0.000000000 0.026857166 0.973142834
8:/rrfr: 0.000000000 0.000000000 1.000000000
8:/rrrc: 0.000000000 0.027255581 0.972744419
8:/rrrf: 0.000000000 0.000000000 1.000000000
9:/c: 0.000448515 0.999551485 0.000000000
9:/ccrc: 0.007622009 0.000000000 0.992377991
9:/ccrcrcr: 0.000000000 0.506932593 0.493067407
9:/ccrcrfr: 0.000000000 0.823360264 0.176639736
9:/ccrcrrc: 0.000000000 0.247244518 0.752755482
9:/ccrcrrf: 0.000000000 0.255594994 0.744405006
9:/ccrf: 0.014998329 0.984456435 0.000545237
9:/ccrfrr: 0.000000000 0.000000000 1.000000000
9:/ccrr: 0.000000000 0.000000000 1.000000000
9:/ccrrcrc: 0.000000000 0.000000000 1.000000000
9:/ccrrcrf: 0.000000000 0.772729466 0.227270534
9:/crcr: 0.000000000 0.000000000 1.000000000
9:/crcrcrc: 0.000000000 0.687459700 0.312540300
9:/crcrcrf: 0.000000000 0.603486440 0.396513560
9:/crfr: 0.000000000 0.148624856 0.851375144
9:/crrc: 0.190855359 0.217128311 0.592016330
9:/crrf: 0.000132268 0.000462252 0.999405480
9:/crrr: 0.000000000 0.000000000 1.000000000
9:/r: 0.000968061 0.002242716 0.996789223
9:/rcrc: 0.000000431 0.000000000 0.999999569
9:/rcrf: 0.000000000 0.209759778 0.790240222
9:/rcrr: 0.000000000 0.129535102 0.870464898
9:/rrcr: 0.000000000 0.364105114 0.635894886
9:/rrfr: 0.000000000 0.000000000 1.000000000
9:/rrrc: 0.000000000 0.000000000 1.000000000
9:/rrrf: 0.000000000 0.319591393 0.680408607
A:/c: 0.581364925 0.418635075 0.000000000
A:/ccrc: 1.000000000 0.000000000 0.000000000
A:/ccrcrcr: 0.000000000 1.000000000 0.000000000
A:/ccrcrfr: 0.000000000 1.000000000 0.000000000
A:/ccrcrrc: 0.000000000 1.000000000 0.000000000
A:/ccrcrrf: 0.000000000 1.000000000 0.000000000
A:/ccrf: 1.000000000 0.000000000 0.000000000
A:/ccrfrr: 0.000000000 1.000000000 0.000000000
A:/ccrr: 0.999988062 0.000011938 0.000000000
A:/ccrrcrc: 0.000000000 1.000000000 0.000000000
A:/ccrrcrf: 0.000000000 1.000000000 0.000000000
A:/crcr: 0.530379672 0.469620328 0.000000000
A:/crcrcrc: 0.000000000 0.532848773 0.467151227
A:/crcrcrf: 0.000000000 0.075684804 0.924315196
A:/crfr: 0.464177774 0.535822226 0.000000000
A:/crrc: 0.618480535 0.381519465 0.000000000
A:/crrf: 0.776990536 0.223009464 0.000000000
A:/crrr: 0.000000000 1.000000000 0.000000000
A:/r: 1.000000000 0.000000000 0.000000000
A:/rcrc: 0.689232500 0.310767500 0.000000000
A:/rcrf: 0.797825905 0.202174095 0.000000000
A:/rcrr: 0.000000000 1.000000000 0.000000000
A:/rrcr: 0.000000000 1.000000000 0.000000000
A:/rrfr: 0.000000000 1.000000000 0.000000000
A:/rrrc: 0.000000000 1.000000000 0.000000000
A:/rrrf: 0.000000000 1.000000000 0.000000000
J:/c: 0.000000000 1.000000000 0.000000000
J:/ccrc: 0.046664688 0.000072317 0.953262995
J:/ccrcrcr: 0.000000000 1.000000000 0.000000000
J:/ccrcrfr: 0.000000000 1.000000000 0.000000000
J:/ccrcrrc: 0.000000000 0.397509256 0.602490744
J:/ccrcrrf: 0.000000000 0.384237042 0.615762958
J:/ccrf: 0.000157009 0.999361203 0.000481788
J:/ccrfrr: 0.000000000 0.000000000 1.000000000
J:/ccrr: 0.123632951 0.000000000 0.876367049
J:/ccrrcrc: 0.000000000 0.235364938 0.764635062
J:/ccrrcrf: 0.000000000 0.465994832 0.534005168
J:/crcr: 0.000000009 0.273255803 0.726744187
J:/crcrcrc: 0.000000000 0.255004932 0.744995068
J:/crcrcrf: 0.000000000 0.504552002 0.495447998
J:/crfr: 0.000000000 0.406310316 0.593689684
J:/crrc: 0.000034684 0.590814603 0.409150713
J:/crrf: 0.000819774 0.491818392 0.507361834
J:/crrr: 0.000000000 0.000422927 0.999577073
J:/r: 0.000798488 0.668941606 0.330259905
J:/rcrc: 0.000040527 0.020342250 0.979617224
J:/rcrf: 0.000000000 0.132466578 0.867533422
J:/rcrr: 0.000000000 0.036212087 0.963787913
J:/rrcr: 0.000000000 0.473282732 0.526717268
J:/rrfr: 0.000000000 0.000000000 1.000000000
J:/rrrc: 0.000000000 0.207205789 0.792794211
J:/rrrf: 0.000000000 0.431426424 0.568573576
K:/c: 1.000000000 0.000000000 0.000000000
K:/ccrc: 0.000000000 1.000000000 0.000000000
K:/ccrcrcr: 0.000000000 0.981105930 0.018894070
K:/ccrcrfr: 0.000000000 1.000000000 0.000000000
K:/ccrcrrc: 0.000000000 0.784610525 0.215389475
K:/ccrcrrf: 0.000000000 1.000000000 0.000000000
K:/ccrf: 0.142500088 0.857499912 0.000000000
K:/ccrfrr: 0.000000000 1.000000000 0.000000000
K:/ccrr: 0.985403523 0.014532806 0.000063671
K:/ccrrcrc: 0.000000000 0.999746772 0.000253228
K:/ccrrcrf: 0.000000000 1.000000000 0.000000000
K:/crcr: 0.154497939 0.108455225 0.737046835
K:/crcrcrc: 0.000000000 0.448202009 0.551797991
K:/crcrcrf: 0.000000000 0.489891547 0.510108453
K:/crfr: 0.000000000 0.751776042 0.248223958
K:/crrc: 0.122244921 0.357032104 0.520722976
K:/crrf: 0.000960658 0.925835856 0.073203487
K:/crrr: 0.000000000 0.324303134 0.675696866
K:/r: 0.000000000 1.000000000 0.000000000
K:/rcrc: 0.370630113 0.381474146 0.247895742
K:/rcrf: 0.402099436 0.597813910 0.000086654
K:/rcrr: 0.000000000 0.568320487 0.431679513
K:/rrcr: 0.000000000 0.942272119 0.057727881
K:/rrfr: 0.000000000 0.000000000 1.000000000
K:/rrrc: 0.000000000 0.508679713 0.491320287
K:/rrrf: 0.000000000 0.824647195 0.175352805
Q:/c: 0.543767917 0.456232083 0.000000000
Q:/ccrc: 0.000000000 1.000000000 0.000000000
Q:/ccrcrcr: 0.000000000 0.565760929 0.434239071
Q:/ccrcrfr: 0.000000000 1.000000000 0.000000000
Q:/ccrcrrc: 0.000000000 0.857933391 0.142066609
Q:/ccrcrrf: 0.000000000 0.448245612 0.551754388
Q:/ccrf: 0.000000000 0.999863278 0.000136722
Q:/ccrfrr: 0.000000000 0.572336446 0.427663554
Q:/ccrr: 0.010097736 0.000181921 0.989720343
Q:/ccrrcrc: 0.000000000 0.664622425 0.335377575
Q:/ccrrcrf: 0.000000000 0.761866753 0.238133247
Q:/crcr: 0.036539611 0.408008671 0.555451718
Q:/crcrcrc: 0.000000000 0.000000000 1.000000000
Q:/crcrcrf: 0.000000000 0.460432792 0.539567208
Q:/crfr: 0.000000000 0.810290850 0.189709150
Q:/crrc: 0.058933737 0.496195724 0.444870540
Q:/crrf: 0.000895462 0.625549518 0.373555020
Q:/crrr: 0.000000000 0.000784793 0.999215207
Q:/r: 0.000000000 0.997960903 0.002039097
Q:/rcrc: 0.000000448 0.000000000 0.999999552
Q:/rcrf: 0.000000000 0.757233664 0.242766336
Q:/rcrr: 0.000000000 0.277129411 0.722870589
Q:/rrcr: 0.000000000 0.421139173 0.578860827
Q:/rrfr: 0.000000000 0.000000000 1.000000000
Q:/rrrc: 0.000000000 0.531389790 0.468610210
Q:/rrrf: 0.000000000 0.391706489 0.608293511
T:/c: 0.000000000 1.000000000 0.000000000
T:/ccrc: 0.000000000 0.000000000 1.000000000
T:/ccrcrcr: 0.000000000 0.764822890 0.235177110
T:/ccrcrfr: 0.000000000 0.999991527 0.000008473
T:/ccrcrrc: 0.000000000 0.074084635 0.925915365
T:/ccrcrrf: 0.000000000 0.040373574 0.959626426
T:/ccrf: 0.016361788 0.872962344 0.110675867
T:/ccrfrr: 0.000000000 0.000000000 1.000000000
T:/ccrr: 0.000000000 0.000000000 1.000000000
T:/ccrrcrc: 0.000000000 0.017310482 0.982689518
T:/ccrrcrf: 0.000000000 0.348398702 0.651601298
T:/crcr: 0.000000071 0.344386393 0.655613536
T:/crcrcrc: 0.000000000 0.396611431 0.603388569
T:/crcrcrf: 0.000000000 0.701152236 0.298847764
T:/crfr: 0.000000000 0.310574723 0.689425277
T:/crrc: 0.000024093 0.031997142 0.967978765
T:/crrf: 0.000799050 0.047671206 0.951529743
T:/crrr: 0.000000000 0.000172672 0.999827328
T:/r: 0.160597333 0.383404740 0.455997927
T:/rcrc: 0.000040527 0.030179982 0.969779492
T:/rcrf: 0.000000000 0.313399920 0.686600080
T:/rcrr: 0.000000000 0.000000000 1.000000000
T:/rrcr: 0.000000000 0.082886288 0.917113712
T:/rrfr: 0.000000000 0.000000000 1.000000000
T:/rrrc: 0.000000000 0.026227762 0.973772238
T:/rrrf: 0.000000000 0.031041430 0.968958570
