5:/cc: 0.064477191 0.935522809 0.000000000
5:/ccrcr: 0.056176072 0.370262556 0.573561372
5:/ccrcrcrc: 0.000000000 0.142157125 0.857842875
5:/ccrcrcrf: 0.000000000 0.763042691 0.236957309
5:/ccrfr: 0.000668905 0.058016162 0.941314933
5:/ccrrc: 0.021820368 0.516661118 0.461518514
5:/ccrrf: 0.366255847 0.572069035 0.061675118
5:/ccrrr: 0.000000000 0.000000000 1.000000000
5:/cr: 0.002405946 0.000000000 0.997594054
5:/crcrc: 0.000000188 0.600471950 0.399527862
5:/crcrf: 0.443717332 0.455233063 0.101049605
5:/crcrr: 0.000000000 0.277957671 0.722042329
5:/crrcr: 0.000000000 0.704657878 0.295342122
5:/crrfr: 0.000000000 0.000093807 0.999906193
5:/crrrc: 0.000000000 0.000031322 0.999968678
5:/crrrf: 0.000000000 0.866402668 0.133597332
5:/rc: 0.000000000 0.032844806 0.967155194
5:/rcrcr: 0.000000000 0.434365639 0.565634361
5:/rcrfr: 0.000000000 0.023509237 0.976490763
5:/rcrrc: 0.000000000 0.294847925 0.705152075
5:/rcrrf: 0.000000000 0.574673748 0.425326252
5:/rf: 0.234658600 0.337689473 0.427651927
5:/rfrr: 0.000000000 0.734157800 0.265842200
5:/rr: 0.000000000 0.000306065 0.999693935
5:/rrcrc: 0.000000000 0.159512015 0.840487985
5:/rrcrf: 0.000000000 0.342839383 0.657160617
6:/cc: 0.363752921 0.636247079 0.000000000
6:/ccrcr: 0.104825091 0.313637796 0.581537113
6:/ccrcrcrc: 0.000000000 0.399955730 0.600044270
6:/ccrcrcrf: 0.000000000 0.239918241 0.760081759
6:/ccrfr: 0.000655496 0.044013272 0.955331232
6:/ccrrc: 0.118486830 0.538604915 0.342908254
6:/ccrrf: 0.383794684 0.173753712 0.442451604
6:/ccrrr: 0.000000000 0.000000000 1.000000000
6:/cr: 0.001212596 0.001096904 0.997690501
6:/crcrc: 0.075305701 0.572321645 0.352372654
6:/crcrf: 0.032441415 0.509018861 0.458539724
6:/crcrr: 0.000000000 0.761897950 0.238102050
6:/crrcr: 0.000000000 0.649131981 0.350868019
6:/crrfr: 0.000000000 0.000093807 0.999906193
6:/crrrc: 0.000000000 0.000031322 0.999968678
6:/crrrf: 0.000000000 0.638857083 0.361142917
6:/rc: 0.000000000 0.291387776 0.708612224
6:/rcrcr: 0.000000000 0.918347013 0.081652987
6:/rcrfr: 0.000000000 0.702513719 0.297486281
6:/rcrrc: 0.000000000 0.732178875 0.267821125
6:/rcrrf: 0.000000000 0.872916017 0.127083983
6:/rf: 0.330308627 0.261801507 0.407889867
6:/rfrr: 0.000000000 0.515817497 0.484182503
6:/rr: 0.000000000 0.000403072 0.999596928
6:/rrcrc: 0.000000000 0.150888972 0.849111028
6:/rrcrf: 0.000000000 0.289663888 0.710336112
7:/cc: 0.064071526 0.935928474 0.000000000
7:/ccrcr: 0.302847146 0.255438324 0.441714530
7:/ccrcrcrc: 0.000000000 0.341809283 0.658190717
7:/ccrcrcrf: 0.000000000 0.465595112 0.534404888
7:/ccrfr: 0.267472017 0.189489521 0.543038462
7:/ccrrc: 0.343753950 0.264652831 0.391593219
7:/ccrrf: 0.685841593 0.140976280 0.173182127
7:/ccrrr: 0.000000000 0.000000000 1.000000000
7:/cr: 0.207462084 0.001123175 0.791414741
7:/crcrc: 0.271158957 0.480319797 0.248521246
7:/crcrf: 0.151998520 0.603645620 0.244355859
7:/crcrr: 0.000000000 0.382012619 0.617987381
7:/crrcr: 0.000000000 0.847915927 0.152084073
7:/crrfr: 0.000000000 0.000078172 0.999921828
7:/crrrc: 0.000000000 0.000062643 0.999937357
7:/crrrf: 0.000000000 0.698262625 0.301737375
7:/rc: 0.006734485 0.000000000 0.993265515
7:/rcrcr: 0.000000000 0.786127197 0.213872803
7:/rcrfr: 0.000000000 0.163126020 0.836873980
7:/rcrrc: 0.000000000 0.234061523 0.765938477
7:/rcrrf: 0.000000000 0.665119461 0.334880539
7:/rf: 0.328836118 0.215525477 0.455638405
7:/rfrr: 0.000000000 0.838994429 0.161005571
7:/rr: 0.000000000 0.000051468 0.999948532
7:/rrcrc: 0.000000000 0.320457074 0.679542926
7:/rrcrf: 0.000000000 0.255736619 0.744263381
8:/cc: 0.254176256 0.745823744 0.000000000
8:/ccrcr: 0.050532258 0.440909855 0.508557887
8:/ccrcrcrc: 0.000000000 0.367349333 0.632650667
8:/ccrcrcrf: 0.000000000 0.871643553 0.128356447
8:/ccrfr: 0.473508369 0.073281528 0.453210104
8:/ccrrc: 0.204196021 0.307004188 0.488799791
8:/ccrrf: 0.495651241 0.396047103 0.108301655
8:/ccrrr: 0.000000000 0.000000000 1.000000000
8:/cr: 0.001954073 0.001244833 0.996801094
8:/crcrc: 0.385167378 0.208232517 0.406600104
8:/crcrf: 0.235936061 0.721462488 0.042601451
8:/crcrr: 0.000000000 0.206217688 0.793782312
8:/crrcr: 0.000000000 0.672924832 0.327075168
8:/crrfr: 0.000000000 0.000078172 0.999921828
8:/crrrc: 0.000000000 0.000062643 0.999937357
8:/crrrf: 0.000000000 0.865579767 0.134420233
8:/rc: 0.000390480 0.000000000 0.999609520
8:/rcrcr: 0.000000000 0.989961478 0.010038522
8:/rcrfr: 0.000000000 0.580161566 0.419838434
8:/rcrrc: 0.000000000 0.452258555 0.547741445
8:/rcrrf: 0.000000000 0.624917892 0.375082108
8:/rf: 0.333824201 0.338835177 0.327340622
8:/rfrr: 0.000000000 0.708739827 0.291260173
8:/rr: 0.000000000 0.000061171 0.999938829
8:/rrcrc: 0.000000000 0.254248733 0.745751267
8:/rrcrf: 0.000000000 0.611799613 0.388200387
9:/cc: 0.000518453 0.999481547 0.000000000
9:/ccrcr: 0.030342982 0.875447250 0.094209768
9:/ccrcrcrc: 0.000000000 0.438385481 0.561614519
9:/ccrcrcrf: 0.000000000 0.103705973 0.896294027
9:/ccrfr: 0.000000000 0.000000000 1.000000000
9:/ccrrc: 0.000337645 0.243036130 0.756626225
9:/ccrrf: 0.353881906 0.623933654 0.022184440
9:/ccrrr: 0.000000000 0.000000000 1.000000000
9:/cr: 0.004362967 0.001087083 0.994549951
9:/crcrc: 0.086495075 0.354063720 0.559441205
9:/crcrf: 0.478134296 0.301421889 0.220443815
9:/crcrr: 0.000000000 0.530134133 0.469865867
9:/crrcr: 0.000000000 0.479324750 0.520675250
9:/crrfr: 0.000000000 0.000078172 0.999921828
9:/crrrc: 0.000000000 0.000062643 0.999937357
9:/crrrf: 0.000000000 0.532048252 0.467951748
9:/rc: 0.034395546 0.000000000 0.965604454
9:/rcrcr: 0.000000000 0.415355896 0.584644104
9:/rcrfr: 0.000000000 0.073078380 0.926921620
9:/rcrrc: 0.000000000 0.467672199 0.532327801
9:/rcrrf: 0.000000000 0.600840565 0.399159435
9:/rf: 0.014614392 0.431139168 0.554246440
9:/rfrr: 0.000000000 0.998443282 0.001556718
9:/rr: 0.000000000 0.000188901 0.999811099
9:/rrcrc: 0.000000000 0.274257611 0.725742389
9:/rrcrf: 0.000000000 0.294425252 0.705574748
A:/cc: 1.000000000 0.000000000 0.000000000
A:/ccrcr: 0.619712646 0.301901389 0.078385965
A:/ccrcrcrc: 0.000000000 0.406479315 0.593520685
A:/ccrcrcrf: 0.000000000 0.280723674 0.719276326
A:/ccrfr: 0.443463214 0.555939877 0.000596909
A:/ccrrc: 0.806613185 0.193380784 0.000006031
A:/ccrrf: 0.352125420 0.303789148 0.344085432
A:/ccrrr: 0.000000000 0.999919416 0.000080584
A:/cr: 1.000000000 0.000000000 0.000000000
A:/crcrc: 0.305761400 0.340302028 0.353936572
A:/crcrf: 0.243124286 0.452445112 0.304430602
A:/crcrr: 0.000000000 0.468073302 0.531926698
A:/crrcr: 0.000000000 0.955947272 0.044052728
A:/crrfr: 0.000000000 0.893156372 0.106843628
A:/crrrc: 0.000000000 0.999012597 0.000987403
A:/crrrf: 0.000000000 0.083279772 0.916720228
A:/rc: 0.385126355 0.614873645 0.000000000
A:/rcrcr: 0.000000000 0.995174647 0.004825353
A:/rcrfr: 0.000000000 0.898218931 0.101781069
A:/rcrrc: 0.000000000 0.952807504 0.047192496
A:/rcrrf: 0.000000000 0.830146117 0.169853883
A:/rf: 0.347064651 0.183677481 0.469257868
A:/rfrr: 0.000000000 0.671389264 0.328610736
A:/rr: 0.523885512 0.475902386 0.000212102
A:/rrcrc: 0.000000000 1.000000000 0.000000000
A:/rrcrf: 0.000000000 0.640251171 0.359748829
J:/cc: 0.000966067 0.999033933 0.000000000
J:/ccrcr: 0.016475183 0.503248309 0.480276509
J:/ccrcrcrc: 0.000000000 0.609836940 0.390163060
J:/ccrcrcrf: 0.000000000 0.403586757 0.596413243
J:/ccrfr: 0.000089267 0.399616072 0.600294662
J:/ccrrc: 0.157807703 0.061402783 0.780789513
J:/ccrrf: 0.299880907 0.075627340 0.624491752
J:/ccrrr: 0.000000000 0.000000000 1.000000000
J:/cr: 0.001974467 0.001226576 0.996798957
J:/crcrc: 0.443885977 0.269273883 0.286840140
J:/crcrf: 0.068015667 0.353648769 0.578335564
J:/crcrr: 0.000000000 0.558159251 0.441840749
J:/crrcr: 0.000000000 0.049036402 0.950963598
J:/crrfr: 0.000000000 0.000078172 0.999921828
J:/crrrc: 0.000000000 0.000062643 0.999937357
J:/crrrf: 0.000000000 0.382932671 0.617067329
J:/rc: 0.000000000 0.000000000 1.000000000
J:/rcrcr: 0.000000000 0.477576188 0.522423812
J:/rcrfr: 0.000000000 0.214125447 0.785874553
J:/rcrrc: 0.000000000 0.475998300 0.524001700
J:/rcrrf: 0.000000000 0.383760518 0.616239482
J:/rf: 0.249011243 0.114315342 0.636673415
J:/rfrr: 0.000000000 0.401229291 0.598770709
J:/rr: 0.000000000 0.000287526 0.999712474
J:/rrcrc: 0.000000000 0.738167869 0.261832131
J:/rrcrf: 0.000000000 0.557182037 0.442817963
K:/cc: 0.584413916 0.415586084 0.000000000
K:/ccrcr: 0.178968937 0.607496089 0.213534974
K:/ccrcrcrc: 0.000000000 0.616486049 0.383513951
K:/ccrcrcrf: 0.000000000 0.349140108 0.650859892
K:/ccrfr: 0.296542908 0.373891247 0.329565845
K:/ccrrc: 0.438803561 0.561190902 0.000005537
K:/ccrrf: 0.214940183 0.500468814 0.284591003
K:/ccrrr: 0.000000000 0.998188730 0.001811270
K:/cr: 0.000450310 0.999549690 0.000000000
K:/crcrc: 0.000000208 0.673421696 0.326578096
K:/crcrf: 0.396095209 0.189856004 0.414048787
K:/crcrr: 0.000000000 0.505438687 0.494561313
K:/crrcr: 0.000000000 0.456492365 0.543507635
K:/crrfr: 0.000000000 0.000093605 0.999906395
K:/crrrc: 0.000000000 0.000040218 0.999959782
K:/crrrf: 0.000000000 0.922910739 0.077089261
K:/rc: 0.000550242 0.999449758 0.000000000
K:/rcrcr: 0.000000000 0.956351744 0.043648256
K:/rcrfr: 0.000000000 0.758806022 0.241193978
K:/rcrrc: 0.000000000 0.884336675 0.115663325
K:/rcrrf: 0.000000000 0.823074804 0.176925196
K:/rf: 0.511266319 0.194650679 0.294083002
K:/rfrr: 0.000000000 0.211277097 0.788722903
K:/rr: 0.000000000 0.529029208 0.470970792
K:/rrcrc: 0.000000000 0.977741825 0.022258175
K:/rrcrf: 0.000000000 0.518205773 0.481794227
Q:/cc: 0.730358149 0.269641851 0.000000000
Q:/ccrcr: 0.133096575 0.386289026 0.480614398
Q:/ccrcrcrc: 0.000000000 0.394519709 0.605480291
Q:/ccrcrcrf: 0.000000000 0.234269780 0.765730220
Q:/ccrfr: 0.218769401 0.403867401 0.377363198
Q:/ccrrc: 0.696802317 0.277588507 0.025609177
Q:/ccrrf: 0.349967838 0.433764359 0.216267803
Q:/ccrrr: 0.000000000 0.566737978 0.433262022
Q:/cr: 0.001580181 0.997598920 0.000820899
Q:/crcrc: 0.000000206 0.508909392 0.491090402
Q:/crcrf: 0.420408259 0.393641146 0.185950595
Q:/crcrr: 0.000000000 0.904290244 0.095709756
Q:/crrcr: 0.000000000 0.575730258 0.424269742
Q:/crrfr: 0.000000000 0.000078158 0.999921842
Q:/crrrc: 0.000000000 0.000100880 0.999899120
Q:/crrrf: 0.000000000 0.260811914 0.739188086
Q:/rc: 0.018193768 0.981806232 0.000000000
Q:/rcrcr: 0.000000000 0.806046969 0.193953031
Q:/rcrfr: 0.000000000 0.785164574 0.214835426
Q:/rcrrc: 0.000000000 0.634234930 0.365765070
Q:/rcrrf: 0.000000000 0.840984072 0.159015928
Q:/rf: 0.337216461 0.598409665 0.064373874
Q:/rfrr: 0.000000000 0.358178115 0.641821885
Q:/rr: 0.000000000 0.000258633 0.999741367
Q:/rrcrc: 0.000000000 0.493312677 0.506687323
Q:/rrcrf: 0.000000000 0.957902587 0.042097413
T:/cc: 0.023571409 0.976428591 0.000000000
T:/ccrcr: 0.240855152 0.289380892 0.469763955
T:/ccrcrcrc: 0.000000000 0.196282513 0.803717487
T:/ccrcrcrf: 0.000000000 0.451874480 0.548125520
T:/ccrfr: 0.000190877 0.521159503 0.478649620
T:/ccrrc: 0.239516556 0.157318016 0.603165428
T:/ccrrf: 0.152340759 0.100766332 0.746892909
T:/ccrrr: 0.000000000 0.000000000 1.000000000
T:/cr: 0.002251975 0.001177862 0.996570163
T:/crcrc: 0.275549624 0.468724712 0.255725664
T:/crcrf: 0.318050547 0.496059902 0.185889552
T:/crcrr: 0.000000000 0.417570134 0.582429866
T:/crrcr: 0.000000000 0.256817485 0.743182515
T:/crrfr: 0.000000000 0.000078172 0.999921828
T:/crrrc: 0.000000000 0.000062643 0.999937357
T:/crrrf: 0.000000000 0.736296923 0.263703077
T:/rc: 0.000386989 0.067088511 0.932524501
T:/rcrcr: 0.000000000 0.475680847 0.524319153
T:/rcrfr: 0.000000000 0.901250618 0.098749382
T:/rcrrc: 0.000000000 0.362362232 0.637637768
T:/rcrrf: 0.000000000 0.493228212 0.506771788
T:/rf: 0.403427124 0.462035843 0.134537033
T:/rfrr: 0.000000000 0.243824910 0.756175090
T:/rr: 0.000000000 0.001941274 0.998058726
T:/rrcrc: 0.000000000 0.441809154 0.558190846
T:/rrcrf: 0.000000000 0.636730398 0.363269602
