9:/: 1.000000000 0.000000000 0.000000000
9:/cccr: 0.000000000 0.000000000 1.000000000
9:/cccrccrc: 0.000000000 0.207014110 0.792985890
9:/cccrccrf: 0.000000000 0.640722685 0.359277315
9:/cccrcfrc: 0.000000000 0.309769910 0.690230090
9:/cccrcfrf: 0.000000000 0.630440716 0.369559284
9:/cccrcrcc: 0.000000000 0.638443598 0.361556402
9:/cccrcrcf: 0.000000000 0.000000000 1.000000000
9:/cccrcrfc: 0.000000000 0.155495967 0.844504033
9:/cccrcrff: 0.000000000 0.000000000 1.000000000
9:/ccrc: 0.000000000 0.000000000 1.000000000
9:/ccrccrcc: 0.000000000 0.000000000 1.000000000
9:/ccrccrcf: 0.000000000 0.542812706 0.457187294
9:/ccrccrfc: 0.000000000 0.727856315 0.272143685
9:/ccrccrff: 0.000000000 0.378133336 0.621866664
9:/ccrf: 0.096873199 0.903067150 0.000059651
9:/ccrfcrc: 0.000000000 0.365184296 0.634815704
9:/ccrfcrf: 0.000000000 0.217949868 0.782050132
9:/ccrr: 0.000000000 0.000000000 1.000000000
9:/crcc: 0.000000000 0.267402916 0.732597084
9:/crcf: 0.000000000 0.000000000 1.000000000
9:/crcr: 0.000000000 0.000000000 1.000000000
9:/crfc: 0.000040670 0.382743392 0.617215938
9:/crff: 0.140081981 0.000000000 0.859918019
9:/crfr: 0.000000000 0.000000000 1.000000000
9:/crrc: 0.000000000 0.000000000 1.000000000
9:/crrf: 0.000000000 0.631887633 0.368112367
9:/rccr: 0.000000000 0.000000000 1.000000000
9:/rcfr: 0.000000000 0.000000000 1.000000000
9:/rcrc: 0.000000000 0.476079637 0.523920363
9:/rcrf: 0.000000000 0.784601125 0.215398875
9:/rfcr: 0.000000000 0.458015397 0.541984603
9:/rffr: 0.000000000 0.562748243 0.437251757
9:/rfrc: 0.000000000 0.000000000 1.000000000
9:/rfrf: 0.000000000 0.197767822 0.802232178
9:/rrcc: 0.000000000 0.396381716 0.603618284
9:/rrcf: 0.000000000 0.751717985 0.248282015
9:/rrfc: 0.000000000 0.059181436 0.940818564
9:/rrff: 0.000000000 0.031657921 0.968342079
A:/: 0.999245406 0.000754594 0.000000000
A:/cccr: 1.000000000 0.000000000 0.000000000
A:/cccrccrc: 0.000000000 1.000000000 0.000000000
A:/cccrccrf: 0.000000000 0.776710965 0.223289035
A:/cccrcfrc: 0.000000000 1.000000000 0.000000000
A:/cccrcfrf: 0.000000000 0.511503126 0.488496874
A:/cccrcrcc: 0.000000000 1.000000000 0.000000000
A:/cccrcrcf: 0.000000000 1.000000000 0.000000000
A:/cccrcrfc: 0.000000000 1.000000000 0.000000000
A:/cccrcrff: 0.000000000 1.000000000 0.000000000
A:/ccrc: 1.000000000 0.000000000 0.000000000
A:/ccrccrcc: 0.000000000 0.974606227 0.025393773
A:/ccrccrcf: 0.000000000 0.590282781 0.409717219
A:/ccrccrfc: 0.000000000 0.646292713 0.353707287
A:/ccrccrff: 0.000000000 0.453206633 0.546793367
A:/ccrf: 0.541535937 0.458464063 0.000000000
A:/ccrfcrc: 0.000000000 1.000000000 0.000000000
A:/ccrfcrf: 0.000000000 1.000000000 0.000000000
A:/ccrr: 0.000000000 1.000000000 0.000000000
A:/crcc: 1.000000000 0.000000000 0.000000000
A:/crcf: 0.960799660 0.039200340 0.000000000
A:/crcr: 0.000000000 1.000000000 0.000000000
A:/crfc: 0.794185214 0.205814786 0.000000000
A:/crff: 0.611677527 0.388322473 0.000000000
A:/crfr: 0.000000000 1.000000000 0.000000000
A:/crrc: 0.000000000 1.000000000 0.000000000
A:/crrf: 0.000000000 1.000000000 0.000000000
A:/rccr: 0.000000000 1.000000000 0.000000000
A:/rcfr: 0.000000000 1.000000000 0.000000000
A:/rcrc: 0.000000000 0.576421827 0.423578173
A:/rcrf: 0.000000000 0.849833428 0.150166572
A:/rfcr: 0.000000000 1.000000000 0.000000000
A:/rffr: 0.000000000 1.000000000 0.000000000
A:/rfrc: 0.000000000 1.000000000 0.000000000
A:/rfrf: 0.000000000 0.538490058 0.461509942
A:/rrcc: 0.000000000 0.590514794 0.409485206
A:/rrcf: 0.000000000 0.799523555 0.200476445
A:/rrfc: 0.000000000 1.000000000 0.000000000
A:/rrff: 0.000000000 1.000000000 0.000000000
J:/: 0.999687832 0.000312168 0.000000000
J:/cccr: 0.000098423 0.000000000 0.999901577
J:/cccrccrc: 0.000000000 0.697974618 0.302025382
J:/cccrccrf: 0.000000000 0.693647736 0.306352264
J:/cccrcfrc: 0.000000000 0.660575624 0.339424376
J:/cccrcfrf: 0.000000000 0.760196840 0.239803160
J:/cccrcrcc: 0.000000000 0.572950078 0.427049922
J:/cccrcrcf: 0.000000000 0.484597457 0.515402543
J:/cccrcrfc: 0.000000000 0.873828020 0.126171980
J:/cccrcrff: 0.000000000 0.688494829 0.311505171
J:/ccrc: 0.000000000 0.000000000 1.000000000
J:/ccrccrcc: 0.000000000 0.523924523 0.476075477
J:/ccrccrcf: 0.000000000 0.276416844 0.723583156
J:/ccrccrfc: 0.000000000 0.562568459 0.437431541
J:/ccrccrff: 0.000000000 1.000000000 0.000000000
J:/ccrf: 0.262163531 0.737836469 0.000000000
J:/ccrfcrc: 0.000000000 0.710794593 0.289205407
J:/ccrfcrf: 0.000000000 0.285946101 0.714053899
J:/ccrr: 0.000000000 0.000000000 1.000000000
J:/crcc: 0.395940208 0.000000000 0.604059792
J:/crcf: 0.000034835 0.000000000 0.999965165
J:/crcr: 0.000000000 0.258810420 0.741189580
J:/crfc: 1.000000000 0.000000000 0.000000000
J:/crff: 0.749653053 0.141481944 0.108865003
J:/crfr: 0.000000000 0.583690119 0.416309881
J:/crrc: 0.000000000 0.000000000 1.000000000
J:/crrf: 0.000000000 0.000000000 1.000000000
J:/rccr: 0.000000000 0.000000000 1.000000000
J:/rcfr: 0.000000000 0.999961420 0.000038580
J:/rcrc: 0.000000000 0.565364133 0.434635867
J:/rcrf: 0.000000000 0.405103063 0.594896937
J:/rfcr: 0.000000000 0.792106031 0.207893969
J:/rffr: 0.000000000 0.216548039 0.783451961
J:/rfrc: 0.000000000 0.101959993 0.898040007
J:/rfrf: 0.000000000 0.389250711 0.610749289
J:/rrcc: 0.000000000 0.697181969 0.302818031
J:/rrcf: 0.000000000 0.862889626 0.137110374
J:/rrfc: 0.000000000 0.000000000 1.000000000
J:/rrff: 0.000000000 0.000000000 1.000000000
K:/: 0.998715896 0.001284104 0.000000000
K:/cccr: 0.406972393 0.593027607 0.000000000
K:/cccrccrc: 0.000000000 0.745047412 0.254952588
K:/cccrccrf: 0.000000000 0.297543464 0.702456536
K:/cccrcfrc: 0.000000000 0.847427027 0.152572973
K:/cccrcfrf: 0.000000000 0.686336969 0.313663031
K:/cccrcrcc: 0.000000000 0.621121033 0.378878967
K:/cccrcrcf: 0.000000000 1.000000000 0.000000000
K:/cccrcrfc: 0.000000000 0.796544260 0.203455740
K:/cccrcrff: 0.000000000 1.000000000 0.000000000
K:/ccrc: 0.851913773 0.148086227 0.000000000
K:/ccrccrcc: 0.000000000 0.600997698 0.399002302
K:/ccrccrcf: 0.000000000 0.641786460 0.358213540
K:/ccrccrfc: 0.000000000 0.943383387 0.056616613
K:/ccrccrff: 0.000000000 0.491586620 0.508413380
K:/ccrf: 0.512197245 0.487802755 0.000000000
K:/ccrfcrc: 0.000000000 0.226451798 0.773548202
K:/ccrfcrf: 0.000000000 1.000000000 0.000000000
K:/ccrr: 0.000000000 0.982962294 0.017037706
K:/crcc: 1.000000000 0.000000000 0.000000000
K:/crcf: 0.006219668 0.494457601 0.499322731
K:/crcr: 0.000000000 1.000000000 0.000000000
K:/crfc: 1.000000000 0.000000000 0.000000000
K:/crff: 0.535704941 0.464295059 0.000000000
K:/crfr: 0.000000000 1.000000000 0.000000000
K:/crrc: 0.000000000 1.000000000 0.000000000
K:/crrf: 0.000000000 0.647402971 0.352597029
K:/rccr: 0.000000000 1.000000000 0.000000000
K:/rcfr: 0.000000000 1.000000000 0.000000000
K:/rcrc: 0.000000000 0.270944305 0.729055695
K:/rcrf: 0.000000000 0.213432087 0.786567913
K:/rfcr: 0.000000000 0.523504596 0.476495404
K:/rffr: 0.000000000 1.000000000 0.000000000
K:/rfrc: 0.000000000 1.000000000 0.000000000
K:/rfrf: 0.000000000 0.588384085 0.411615915
K:/rrcc: 0.000000000 0.521864063 0.478135937
K:/rrcf: 0.000000000 0.493174970 0.506825030
K:/rrfc: 0.000000000 0.807562108 0.192437892
K:/rrff: 0.000000000 0.432528233 0.567471767
Q:/: 0.999155404 0.000844596 0.000000000
Q:/cccr: 0.449437358 0.000000000 0.550562642
Q:/cccrccrc: 0.000000000 0.511088218 0.488911782
Q:/cccrccrf: 0.000000000 0.553521283 0.446478717
Q:/cccrcfrc: 0.000000000 0.391917100 0.608082900
Q:/cccrcfrf: 0.000000000 0.229019445 0.770980555
Q:/cccrcrcc: 0.000000000 0.538971999 0.461028001
Q:/cccrcrcf: 0.000000000 0.485095954 0.514904046
Q:/cccrcrfc: 0.000000000 0.119439541 0.880560459
Q:/cccrcrff: 0.000000000 1.000000000 0.000000000
Q:/ccrc: 0.497164676 0.000000000 0.502835324
Q:/ccrccrcc: 0.000000000 0.234000141 0.765999859
Q:/ccrccrcf: 0.000000000 0.480425210 0.519574790
Q:/ccrccrfc: 0.000000000 0.718426833 0.281573167
Q:/ccrccrff: 0.000000000 1.000000000 0.000000000
Q:/ccrf: 0.000074235 0.999925765 0.000000000
Q:/ccrfcrc: 0.000000000 0.164549020 0.835450980
Q:/ccrfcrf: 0.000000000 0.694208603 0.305791397
Q:/ccrr: 0.000000000 0.111282411 0.888717589
Q:/crcc: 0.854523267 0.000000000 0.145476733
Q:/crcf: 0.000116892 0.573112213 0.426770895
Q:/crcr: 0.000000000 0.791826511 0.208173489
Q:/crfc: 1.000000000 0.000000000 0.000000000
Q:/crff: 0.710928435 0.289071565 0.000000000
Q:/crfr: 0.000000000 0.628752957 0.371247043
Q:/crrc: 0.000000000 0.474729418 0.525270582
Q:/crrf: 0.000000000 0.371918270 0.628081730
Q:/rccr: 0.000000000 0.207384166 0.792615834
Q:/rcfr: 0.000000000 0.999942137 0.000057863
Q:/rcrc: 0.000000000 0.596855438 0.403144562
Q:/rcrf: 0.000000000 0.294945854 0.705054146
Q:/rfcr: 0.000000000 0.519417500 0.480582500
Q:/rffr: 0.000000000 0.654598174 0.345401826
Q:/rfrc: 0.000000000 1.000000000 0.000000000
Q:/rfrf: 0.000000000 0.822812660 0.177187340
Q:/rrcc: 0.000000000 0.329285234 0.670714766
Q:/rrcf: 0.000000000 0.732432978 0.267567022
Q:/rrfc: 0.000000000 0.000000000 1.000000000
Q:/rrff: 0.000000000 0.050547087 0.949452913
T:/: 0.999914549 0.000085451 0.000000000
T:/cccr: 0.000000000 0.000000000 1.000000000
T:/cccrccrc: 0.000000000 0.210019780 0.789980220
T:/cccrccrf: 0.000000000 0.020899983 0.979100017
T:/cccrcfrc: 0.000000000 0.000000000 1.000000000
T:/cccrcfrf: 0.000000000 0.703908697 0.296091303
T:/cccrcrcc: 0.000000000 0.328472444 0.671527556
T:/cccrcrcf: 0.000000000 0.727007002 0.272992998
T:/cccrcrfc: 0.000000000 0.000000000 1.000000000
T:/cccrcrff: 0.000000000 0.569071223 0.430928777
T:/ccrc: 0.000000000 0.000000000 1.000000000
T:/ccrccrcc: 0.000000000 0.595031976 0.404968024
T:/ccrccrcf: 0.000000000 0.540761344 0.459238656
T:/ccrccrfc: 0.000000000 0.380758399 0.619241601
T:/ccrccrff: 0.000000000 0.652808538 0.347191462
T:/ccrf: 0.000000000 0.999987996 0.000012004
T:/ccrfcrc: 0.000000000 0.313460720 0.686539280
T:/ccrfcrf: 0.000000000 0.231549070 0.768450930
T:/ccrr: 0.000000000 0.000000000 1.000000000
T:/crcc: 0.000008566 0.201051798 0.798939636
T:/crcf: 0.000000000 0.132052400 0.867947600
T:/crcr: 0.000000000 0.521195890 0.478804110
T:/crfc: 0.335778430 0.000000000 0.664221570
T:/crff: 0.497569382 0.064905173 0.437525445
T:/crfr: 0.000000000 0.023274758 0.976725242
T:/crrc: 0.000000000 0.000000000 1.000000000
T:/crrf: 0.000000000 0.101062069 0.898937931
T:/rccr: 0.000000000 0.000000000 1.000000000
T:/rcfr: 0.000000000 0.386550335 0.613449665
T:/rcrc: 0.000000000 0.354548062 0.645451938
T:/rcrf: 0.000000000 0.520332821 0.479667179
T:/rfcr: 0.000000000 0.171408900 0.828591100
T:/rffr: 0.000000000 0.507480053 0.492519947
T:/rfrc: 0.000000000 0.099896903 0.900103097
T:/rfrf: 0.000000000 0.238192035 0.761807965
T:/rrcc: 0.000000000 0.192441680 0.807558320
T:/rrcf: 0.000000000 0.349913661 0.650086339
T:/rrfc: 0.000000000 0.087040005 0.912959995
T:/rrff: 0.000000000 0.000000000 1.000000000
