9:/cc: 0.000000000 1.000000000 0.000000000
9:/cccrcc: 0.154701784 0.567428188 0.277870028
9:/cccrcf: 0.414981620 0.139162138 0.445856242
9:/cccrcr: 0.000000000 0.431476852 0.568523148
9:/cccrfc: 0.352978598 0.397914311 0.249107091
9:/cccrff: 0.575075682 0.390470260 0.034454058
9:/cccrfr: 0.000000000 0.020130275 0.979869725
9:/cccrrc: 0.000000000 0.000000000 1.000000000
9:/cccrrf: 0.000000000 0.190907953 0.809092047
9:/ccrccr: 0.000000000 0.432212948 0.567787052
9:/ccrcfr: 0.000000000 0.959121785 0.040878215
9:/ccrcrc: 0.000000000 0.270416123 0.729583877
9:/ccrcrf: 0.000000000 0.715194228 0.284805772
9:/ccrfcr: 0.000000000 0.190245990 0.809754010
9:/ccrffr: 0.000000000 0.680595482 0.319404518
9:/ccrfrc: 0.000000000 0.773648114 0.226351886
9:/ccrfrf: 0.000000000 0.767382948 0.232617052
9:/ccrrcc: 0.000000000 0.983435601 0.016564399
9:/ccrrcf: 0.000000000 0.525039855 0.474960145
9:/ccrrfc: 0.000000000 0.819939047 0.180060953
9:/ccrrff: 0.000000000 0.873655046 0.126344954
9:/cr: 0.255702726 0.158248623 0.586048650
9:/crccrc: 0.000000000 0.370440722 0.629559278
9:/crccrf: 0.000000000 0.697802992 0.302197008
9:/crcfrc: 0.000000000 0.635428253 0.364571747
9:/crcfrf: 0.000000000 0.432048470 0.567951530
9:/crcrcc: 0.000000000 0.827073093 0.172926907
9:/crcrcf: 0.000000000 0.138550688 0.861449312
9:/crcrfc: 0.000000000 0.214925721 0.785074279
9:/crcrff: 0.000000000 0.205633141 0.794366859
9:/rc: 0.000110000 0.000000000 0.999890000
9:/rccrcc: 0.000000000 0.703462071 0.296537929
9:/rccrcf: 0.000000000 0.275613648 0.724386352
9:/rccrfc: 0.000000000 0.077468907 0.922531093
9:/rccrff: 0.000000000 0.000000000 1.000000000
9:/rf: 0.307223966 0.000000000 0.692776034
9:/rfcrc: 0.000000000 0.311822375 0.688177625
9:/rfcrf: 0.000000000 0.000000000 1.000000000
9:/rr: 0.000000000 0.000000000 1.000000000
A:/cc: 0.676904012 0.323095988 0.000000000
A:/cccrcc: 0.067098783 0.532356345 0.400544873
A:/cccrcf: 0.210454632 0.234845270 0.554700098
A:/cccrcr: 0.000000000 0.819133374 0.180866626
A:/cccrfc: 0.060279335 0.345003294 0.594717371
A:/cccrff: 0.593471954 0.237429561 0.169098485
A:/cccrfr: 0.000000000 0.978984297 0.021015703
A:/cccrrc: 0.000000000 0.543515701 0.456484299
A:/cccrrf: 0.000000000 0.933665433 0.066334567
A:/ccrccr: 0.000000000 0.265274624 0.734725376
A:/ccrcfr: 0.000000000 0.724817665 0.275182335
A:/ccrcrc: 0.000000000 0.261874064 0.738125936
A:/ccrcrf: 0.000000000 0.894340728 0.105659272
A:/ccrfcr: 0.000000000 0.697303449 0.302696551
A:/ccrffr: 0.000000000 0.729117478 0.270882522
A:/ccrfrc: 0.000000000 0.295237653 0.704762347
A:/ccrfrf: 0.000000000 0.444899659 0.555100341
A:/ccrrcc: 0.000000000 0.823295891 0.176704109
A:/ccrrcf: 0.000000000 0.192348569 0.807651431
A:/ccrrfc: 0.000000000 0.637324045 0.362675955
A:/ccrrff: 0.000000000 0.773950743 0.226049257
A:/cr: 0.407864971 0.557849647 0.034285382
A:/crccrc: 0.000000000 0.312746976 0.687253024
A:/crccrf: 0.000000000 0.493342940 0.506657060
A:/crcfrc: 0.000000000 0.085490482 0.914509518
A:/crcfrf: 0.000000000 0.772237507 0.227762493
A:/crcrcc: 0.000000000 0.578643232 0.421356768
A:/crcrcf: 0.000000000 0.691862662 0.308137338
A:/crcrfc: 0.000000000 0.168546842 0.831453158
A:/crcrff: 0.000000000 1.000000000 0.000000000
A:/rc: 0.000000000 1.000000000 0.000000000
A:/rccrcc: 0.000000000 1.000000000 0.000000000
A:/rccrcf: 0.000000000 1.000000000 0.000000000
A:/rccrfc: 0.000000000 0.973891607 0.026108393
A:/rccrff: 0.000000000 1.000000000 0.000000000
A:/rf: 0.471938466 0.528061534 0.000000000
A:/rfcrc: 0.000000000 1.000000000 0.000000000
A:/rfcrf: 0.000000000 1.000000000 0.000000000
A:/rr: 0.000000000 1.000000000 0.000000000
J:/cc: 0.136699597 0.863300403 0.000000000
J:/cccrcc: 0.384203603 0.261659340 0.354137057
J:/cccrcf: 0.630954498 0.299963208 0.069082294
J:/cccrcr: 0.000000000 0.144016727 0.855983273
J:/cccrfc: 0.120214031 0.367500877 0.512285092
J:/cccrff: 0.230514781 0.571532741 0.197952478
J:/cccrfr: 0.000000000 0.544710804 0.455289196
J:/cccrrc: 0.000000000 0.463515730 0.536484270
J:/cccrrf: 0.000000000 0.074339311 0.925660689
J:/ccrccr: 0.000000000 0.673840788 0.326159212
J:/ccrcfr: 0.000000000 0.565202188 0.434797812
J:/ccrcrc: 0.000000000 0.518914948 0.481085052
J:/ccrcrf: 0.000000000 0.364571964 0.635428036
J:/ccrfcr: 0.000000000 0.518599766 0.481400234
J:/ccrffr: 0.000000000 0.609499945 0.390500055
J:/ccrfrc: 0.000000000 0.686351368 0.313648632
J:/ccrfrf: 0.000000000 0.118676238 0.881323762
J:/ccrrcc: 0.000000000 0.283770422 0.716229578
J:/ccrrcf: 0.000000000 0.752203883 0.247796117
J:/ccrrfc: 0.000000000 0.591806799 0.408193201
J:/ccrrff: 0.000000000 0.613187790 0.386812210
J:/cr: 0.070032227 0.446134754 0.483833019
J:/crccrc: 0.000000000 0.472646863 0.527353137
J:/crccrf: 0.000000000 0.237587897 0.762412103
J:/crcfrc: 0.000000000 0.515576448 0.484423552
J:/crcfrf: 0.000000000 0.710521035 0.289478965
J:/crcrcc: 0.000000000 0.309761542 0.690238458
J:/crcrcf: 0.000000000 0.423136823 0.576863177
J:/crcrfc: 0.000000000 0.946196884 0.053803116
J:/crcrff: 0.000000000 0.511754695 0.488245305
J:/rc: 0.000471197 0.000000000 0.999528803
J:/rccrcc: 0.000000000 0.042357205 0.957642795
J:/rccrcf: 0.000000000 0.396834129 0.603165871
J:/rccrfc: 0.000000000 0.088248852 0.911751148
J:/rccrff: 0.000000000 1.000000000 0.000000000
J:/rf: 0.940144977 0.000000000 0.059855023
J:/rfcrc: 0.000000000 0.139418479 0.860581521
J:/rfcrf: 0.000000000 1.000000000 0.000000000
J:/rr: 0.000000000 0.000000000 1.000000000
K:/cc: 0.776082395 0.223917605 0.000000000
K:/cccrcc: 0.065895083 0.232745305 0.701359612
K:/cccrcf: 0.160250358 0.265991999 0.573757643
K:/cccrcr: 0.000000000 0.724803164 0.275196836
K:/cccrfc: 0.392495163 0.341144590 0.266360248
K:/cccrff: 0.209945085 0.220717442 0.569337473
K:/cccrfr: 0.000000000 0.070183101 0.929816899
K:/cccrrc: 0.000000000 0.118840500 0.881159500
K:/cccrrf: 0.000000000 0.478162996 0.521837004
K:/ccrccr: 0.000000000 0.492593854 0.507406146
K:/ccrcfr: 0.000000000 0.379039531 0.620960469
K:/ccrcrc: 0.000000000 0.056190985 0.943809015
K:/ccrcrf: 0.000000000 0.511535538 0.488464462
K:/ccrfcr: 0.000000000 0.361003188 0.638996812
K:/ccrffr: 0.000000000 0.161469020 0.838530980
K:/ccrfrc: 0.000000000 0.772299138 0.227700862
K:/ccrfrf: 0.000000000 0.365460692 0.634539308
K:/ccrrcc: 0.000000000 0.329343024 0.670656976
K:/ccrrcf: 0.000000000 0.126771582 0.873228418
K:/ccrrfc: 0.000000000 0.498657350 0.501342650
K:/ccrrff: 0.000000000 0.310898947 0.689101053
K:/cr: 0.434696809 0.381978463 0.183324727
K:/crccrc: 0.000000000 0.909188519 0.090811481
K:/crccrf: 0.000000000 0.127182390 0.872817610
K:/crcfrc: 0.000000000 0.229045265 0.770954735
K:/crcfrf: 0.000000000 0.470749117 0.529250883
K:/crcrcc: 0.000000000 0.242154224 0.757845776
K:/crcrcf: 0.000000000 0.579109062 0.420890938
K:/crcrfc: 0.000000000 0.195233601 0.804766399
K:/crcrff: 0.000000000 0.531292732 0.468707268
K:/rc: 0.000752346 0.999247654 0.000000000
K:/rccrcc: 0.000000000 0.484625099 0.515374901
K:/rccrcf: 0.000000000 0.784052311 0.215947689
K:/rccrfc: 0.000000000 0.000000000 1.000000000
K:/rccrff: 0.000000000 1.000000000 0.000000000
K:/rf: 1.000000000 0.000000000 0.000000000
K:/rfcrc: 0.000000000 1.000000000 0.000000000
K:/rfcrf: 0.000000000 1.000000000 0.000000000
K:/rr: 0.000000000 0.223512980 0.776487020
Q:/cc: 0.258645493 0.741354507 0.000000000
Q:/cccrcc: 0.503968186 0.309941822 0.186089992
Q:/cccrcf: 0.129465948 0.370478730 0.500055321
Q:/cccrcr: 0.000000000 0.223396614 0.776603386
Q:/cccrfc: 0.339614422 0.347267301 0.313118278
Q:/cccrff: 0.375908352 0.194564473 0.429527175
Q:/cccrfr: 0.000000000 0.812564486 0.187435514
Q:/cccrrc: 0.000000000 0.012427865 0.987572135
Q:/cccrrf: 0.000000000 0.931373712 0.068626288
Q:/ccrccr: 0.000000000 0.733907525 0.266092475
Q:/ccrcfr: 0.000000000 0.917131023 0.082868977
Q:/ccrcrc: 0.000000000 0.690634516 0.309365484
Q:/ccrcrf: 0.000000000 0.183445340 0.816554660
Q:/ccrfcr: 0.000000000 0.096779321 0.903220679
Q:/ccrffr: 0.000000000 0.393855306 0.606144694
Q:/ccrfrc: 0.000000000 0.317512924 0.682487076
Q:/ccrfrf: 0.000000000 0.834087470 0.165912530
Q:/ccrrcc: 0.000000000 0.490583755 0.509416245
Q:/ccrrcf: 0.000000000 0.281776149 0.718223851
Q:/ccrrfc: 0.000000000 0.981996039 0.018003961
Q:/ccrrff: 0.000000000 0.582546696 0.417453304
Q:/cr: 0.040465067 0.485974847 0.473560086
Q:/crccrc: 0.000000000 0.831765024 0.168234976
Q:/crccrf: 0.000000000 0.685064843 0.314935157
Q:/crcfrc: 0.000000000 0.483099453 0.516900547
Q:/crcfrf: 0.000000000 0.793552859 0.206447141
Q:/crcrcc: 0.000000000 0.712700777 0.287299223
Q:/crcrcf: 0.000000000 0.445883451 0.554116549
Q:/crcrfc: 0.000000000 0.329061656 0.670938344
Q:/crcrff: 0.000000000 0.975627931 0.024372069
Q:/rc: 0.000606833 0.999393167 0.000000000
Q:/rccrcc: 0.000000000 0.010671866 0.989328134
Q:/rccrcf: 0.000000000 0.183267140 0.816732860
Q:/rccrfc: 0.000000000 0.554023322 0.445976678
Q:/rccrff: 0.000000000 1.000000000 0.000000000
Q:/rf: 1.000000000 0.000000000 0.000000000
Q:/rfcrc: 0.000000000 0.618058245 0.381941755
Q:/rfcrf: 0.000000000 1.000000000 0.000000000
Q:/rr: 0.000000000 0.000000000 1.000000000
T:/cc: 0.351085233 0.648914767 0.000000000
T:/cccrcc: 0.181112016 0.278307544 0.540580440
T:/cccrcf: 0.295078323 0.327131180 0.377790498
T:/cccrcr: 0.000000000 0.315436455 0.684563545
T:/cccrfc: 0.173818216 0.126439158 0.699742626
T:/cccrff: 0.296330758 0.354112049 0.349557193
T:/cccrfr: 0.000000000 0.194120168 0.805879832
T:/cccrrc: 0.000000000 0.302608953 0.697391047
T:/cccrrf: 0.000000000 0.618726507 0.381273493
T:/ccrccr: 0.000000000 0.096696640 0.903303360
T:/ccrcfr: 0.000000000 0.038855852 0.961144148
T:/ccrcrc: 0.000000000 0.310958182 0.689041818
T:/ccrcrf: 0.000000000 0.005452366 0.994547634
T:/ccrfcr: 0.000000000 0.246384652 0.753615348
T:/ccrffr: 0.000000000 0.669618576 0.330381424
T:/ccrfrc: 0.000000000 0.462832680 0.537167320
T:/ccrfrf: 0.000000000 0.218315951 0.781684049
T:/ccrrcc: 0.000000000 0.788506174 0.211493826
T:/ccrrcf: 0.000000000 0.589653113 0.410346887
T:/ccrrfc: 0.000000000 0.690298283 0.309701717
T:/ccrrff: 0.000000000 0.410040311 0.589959689
T:/cr: 0.063301223 0.530452107 0.406246670
T:/crccrc: 0.000000000 0.277048446 0.722951554
T:/crccrf: 0.000000000 0.509605444 0.490394556
T:/crcfrc: 0.000000000 0.441009011 0.558990989
T:/crcfrf: 0.000000000 0.361594345 0.638405655
T:/crcrcc: 0.000000000 0.487827672 0.512172328
T:/crcrcf: 0.000000000 0.288274865 0.711725135
T:/crcrfc: 0.000000000 0.544388705 0.455611295
T:/crcrff: 0.000000000 0.639574267 0.360425733
T:/rc: 0.000170764 0.000000000 0.999829236
T:/rccrcc: 0.000000000 0.521450554 0.478549446
T:/rccrcf: 0.000000000 0.214904188 0.785095812
T:/rccrfc: 0.000000000 0.213933826 0.786066174
T:/rccrff: 0.000000000 1.000000000 0.000000000
T:/rf: 0.636304178 0.000000000 0.363695822
T:/rfcrc: 0.000000000 0.128781106 0.871218894
T:/rfcrf: 0.000000000 0.758441620 0.241558380
T:/rr: 0.000000000 0.000000000 1.000000000
