8:/: 0.246548140 0.753451860 0.000000000
8:/cccr: 0.000000000 0.000000000 1.000000000
8:/ccrc: 0.000000000 0.000000000 1.000000000
8:/ccrf: 0.000000000 0.592089038 0.407910962
8:/crcc: 0.000000000 0.577490503 0.422509497
8:/crcf: 0.000000000 0.154623284 0.845376716
8:/crfc: 0.000000000 0.000000000 1.000000000
8:/crff: 0.000000000 0.000000000 1.000000000
9:/: 0.027193329 0.972806671 0.000000000
9:/cccr: 0.000000000 0.000000000 1.000000000
9:/ccrc: 0.000000000 0.082973301 0.917026699
9:/ccrf: 0.000000000 0.361004056 0.638995944
9:/crcc: 0.000000000 0.492495609 0.507504391
9:/crcf: 0.000000000 0.303586488 0.696413512
9:/crfc: 0.000000000 0.000000000 1.000000000
9:/crff: 0.000000000 0.000000000 1.000000000
A:/: 0.364178395 0.635821605 0.000000000
A:/cccr: 0.000000000 1.000000000 0.000000000
A:/ccrc: 0.000000000 1.000000000 0.000000000
A:/ccrf: 0.000000000 1.000000000 0.000000000
A:/crcc: 0.000000000 0.892825112 0.107174888
A:/crcf: 0.000000000 1.000000000 0.000000000
A:/crfc: 0.000000000 1.000000000 0.000000000
A:/crff: 0.000000000 1.000000000 0.000000000
J:/: 0.009649691 0.990350309 0.000000000
J:/cccr: 0.000000000 0.010576908 0.989423092
J:/ccrc: 0.000000000 0.123359435 0.876640565
J:/ccrf: 0.000000000 0.323664656 0.676335344
J:/crcc: 0.000000000 0.750819388 0.249180612
J:/crcf: 0.000000000 0.559629003 0.440370997
J:/crfc: 0.000000000 0.125615105 0.874384895
J:/crff: 0.000000000 0.091267685 0.908732315
K:/: 0.509812089 0.490187911 0.000000000
K:/cccr: 0.000000000 1.000000000 0.000000000
K:/ccrc: 0.000000000 0.907914670 0.092085330
K:/ccrf: 0.000000000 1.000000000 0.000000000
K:/crcc: 0.000000000 0.097977971 0.902022029
K:/crcf: 0.000000000 0.847152619 0.152847381
K:/crfc: 0.000000000 0.889683301 0.110316699
K:/crff: 0.000000000 0.919990868 0.080009132
Q:/: 0.082075878 0.917924122 0.000000000
Q:/cccr: 0.000000000 0.274681621 0.725318379
Q:/ccrc: 0.000000000 0.073487303 0.926512697
Q:/ccrf: 0.000000000 0.535504413 0.464495587
Q:/crcc: 0.000000000 0.000000000 1.000000000
Q:/crcf: 0.000000000 0.876873175 0.123126825
Q:/crfc: 0.000000000 0.094191292 0.905808708
Q:/crff: 0.000000000 0.450449437 0.549550563
T:/: 0.068205049 0.931794951 0.000000000
T:/cccr: 0.000000000 0.000000000 1.000000000
T:/ccrc: 0.000000000 0.159020035 0.840979965
T:/ccrf: 0.000000000 0.616288826 0.383711174
T:/crcc: 0.000000000 0.104025427 0.895974573
T:/crcf: 0.000000000 0.000000000 1.000000000
T:/crfc: 0.000000000 0.258877869 0.741122131
T:/crff: 0.000000000 0.000000000 1.000000000
