8:/cc: 0.000000000 1.000000000 0.000000000
8:/cccrcc: 0.000000000 0.357399265 0.642600735
8:/cccrcf: 0.000000000 0.281535685 0.718464315
8:/cccrfc: 0.000000000 0.101787154 0.898212846
8:/cccrff: 0.000000000 0.000000000 1.000000000
8:/cr: 0.000000000 0.000000000 1.000000000
8:/rc: 0.000000000 0.000000000 1.000000000
8:/rf: 0.000000000 0.000000000 1.000000000
9:/cc: 0.324754253 0.675245747 0.000000000
9:/cccrcc: 0.000000000 0.390899900 0.609100100
9:/cccrcf: 0.000000000 0.463171328 0.536828672
9:/cccrfc: 0.000000000 0.023219270 0.976780730
9:/cccrff: 0.000000000 0.314975790 0.685024210
9:/cr: 0.000000000 0.000000000 1.000000000
9:/rc: 0.000000000 0.000000000 1.000000000
9:/rf: 0.000000000 0.140240315 0.859759685
A:/cc: 0.906064136 0.093935864 0.000000000
A:/cccrcc: 0.000000000 0.885168440 0.114831560
A:/cccrcf: 0.000000000 1.000000000 0.000000000
A:/cccrfc: 0.000000000 1.000000000 0.000000000
A:/cccrff: 0.000000000 1.000000000 0.000000000
A:/cr: 0.000000000 1.000000000 0.000000000
A:/rc: 0.000000000 1.000000000 0.000000000
A:/rf: 0.000000000 1.000000000 0.000000000
J:/cc: 0.020154703 0.979845297 0.000000000
J:/cccrcc: 0.000000000 0.450975304 0.549024696
J:/cccrcf: 0.000000000 0.725850572 0.274149428
J:/cccrfc: 0.000000000 0.428431493 0.571568507
J:/cccrff: 0.000000000 0.536460590 0.463539410
J:/cr: 0.000000000 0.222195494 0.777804506
J:/rc: 0.000000000 0.000000000 1.000000000
J:/rf: 0.000000000 0.000000000 1.000000000
K:/cc: 0.340188829 0.659811171 0.000000000
K:/cccrcc: 0.000000000 0.492258142 0.507741858
K:/cccrcf: 0.000000000 0.676163958 0.323836042
K:/cccrfc: 0.000000000 1.000000000 0.000000000
K:/cccrff: 0.000000000 1.000000000 0.000000000
K:/cr: 0.000000000 0.617388156 0.382611844
K:/rc: 0.000000000 0.871749104 0.128250896
K:/rf: 0.000000000 0.966709101 0.033290899
Q:/cc: 0.000000000 1.000000000 0.000000000
Q:/cccrcc: 0.000000000 0.800550456 0.199449544
Q:/cccrcf: 0.000000000 0.005953162 0.994046838
Q:/cccrfc: 0.000000000 0.260698640 0.739301360
Q:/cccrff: 0.000000000 0.472484346 0.527515654
Q:/cr: 0.000000000 0.144531914 0.855468086
Q:/rc: 0.000000000 0.000000000 1.000000000
Q:/rf: 0.000000000 0.442294990 0.557705010
T:/cc: 0.240602686 0.759397314 0.000000000
T:/cccrcc: 0.000000000 0.364871283 0.635128717
T:/cccrcf: 0.000000000 0.248051602 0.751948398
T:/cccrfc: 0.000000000 0.063425878 0.936574122
T:/cccrff: 0.000000000 0.119883420 0.880116580
T:/cr: 0.000000000 0.000000000 1.000000000
T:/rc: 0.000000000 0.000000000 1.000000000
T:/rf: 0.000000000 0.432292012 0.567707988
