8:/: 0.070466813 0.929533187 0.000000000
8:/cccr: 0.000000000 0.000000000 1.000000000
8:/ccrc: 0.000000000 0.295373471 0.704626529
8:/ccrf: 0.000000000 0.565024892 0.434975108
8:/crcc: 0.000000000 0.258561293 0.741438707
8:/crcf: 0.000000000 0.000000000 1.000000000
8:/crfc: 0.000000000 0.000000000 1.000000000
8:/crff: 0.000000000 0.085473963 0.914526037
9:/: 0.000000000 1.000000000 0.000000000
9:/cccr: 0.000000000 0.000000000 1.000000000
9:/ccrc: 0.000000000 0.000000000 1.000000000
9:/ccrf: 0.000000000 0.024332238 0.975667762
9:/crcc: 0.000000000 0.052458872 0.947541128
9:/crcf: 0.000000000 0.000000000 1.000000000
9:/crfc: 0.000000000 0.000000000 1.000000000
9:/crff: 0.000000000 0.014045242 0.985954758
A:/: 0.295908152 0.704091848 0.000000000
A:/cccr: 0.000000000 1.000000000 0.000000000
A:/ccrc: 0.000000000 1.000000000 0.000000000
A:/ccrf: 0.000000000 1.000000000 0.000000000
A:/crcc: 0.000000000 1.000000000 0.000000000
A:/crcf: 0.000000000 1.000000000 0.000000000
A:/crfc: 0.000000000 1.000000000 0.000000000
A:/crff: 0.000000000 0.682008098 0.317991902
J:/: 0.000000000 1.000000000 0.000000000
J:/cccr: 0.000000000 0.000000000 1.000000000
J:/ccrc: 0.000000000 0.000000000 1.000000000
J:/ccrf: 0.000000000 0.226828169 0.773171831
J:/crcc: 0.000000000 0.000000000 1.000000000
J:/crcf: 0.000000000 0.227295060 0.772704940
J:/crfc: 0.000000000 0.099112161 0.900887839
J:/crff: 0.000000000 0.244074870 0.755925130
K:/: 0.000000000 1.000000000 0.000000000
K:/cccr: 0.000000000 0.741374842 0.258625158
K:/ccrc: 0.000000000 0.439520531 0.560479469
K:/ccrf: 0.000000000 0.697461054 0.302538946
K:/crcc: 0.000000000 0.485961750 0.514038250
K:/crcf: 0.000000000 0.625052174 0.374947826
K:/crfc: 0.000000000 0.698914119 0.301085881
K:/crff: 0.000000000 0.542991663 0.457008337
Q:/: 0.048500615 0.951499385 0.000000000
Q:/cccr: 0.000000000 0.673673104 0.326326896
Q:/ccrc: 0.000000000 0.086411335 0.913588665
Q:/ccrf: 0.000000000 0.376115798 0.623884202
Q:/crcc: 0.000000000 0.674586825 0.325413175
Q:/crcf: 0.000000000 0.391907237 0.608092763
Q:/crfc: 0.000000000 0.318239930 0.681760070
Q:/crff: 0.000000000 0.241669982 0.758330018
T:/: 0.029376761 0.970623239 0.000000000
T:/cccr: 0.000000000 0.000000000 1.000000000
T:/ccrc: 0.000000000 0.000000000 1.000000000
T:/ccrf: 0.000000000 0.406049716 0.593950284
T:/crcc: 0.000000000 0.337117739 0.662882261
T:/crcf: 0.000000000 0.145420171 0.854579829
T:/crfc: 0.000000000 0.040125737 0.959874263
T:/crff: 0.000000000 0.018241568 0.981758432
