8:/cc: 0.122534102 0.877465898 0.000000000
8:/cccrcc: 0.000000000 0.096976954 0.903023046
8:/cccrcf: 0.000000000 0.000000000 1.000000000
8:/cccrfc: 0.000000000 0.426769028 0.573230972
8:/cccrff: 0.000000000 0.000000000 1.000000000
8:/cr: 0.000000000 0.000000000 1.000000000
8:/rc: 0.000000000 0.532139885 0.467860115
8:/rf: 0.000000000 0.286778090 0.713221910
9:/cc: 0.143764317 0.856235683 0.000000000
9:/cccrcc: 0.000000000 0.241174673 0.758825327
9:/cccrcf: 0.000000000 0.000000000 1.000000000
9:/cccrfc: 0.000000000 0.229276751 0.770723249
9:/cccrff: 0.000000000 0.000000000 1.000000000
9:/cr: 0.000000000 0.000000000 1.000000000
9:/rc: 0.000000000 0.000000000 1.000000000
9:/rf: 0.000000000 0.318705269 0.681294731
A:/cc: 0.860157958 0.139842042 0.000000000
A:/cccrcc: 0.000000000 1.000000000 0.000000000
A:/cccrcf: 0.000000000 1.000000000 0.000000000
A:/cccrfc: 0.000000000 1.000000000 0.000000000
A:/cccrff: 0.000000000 1.000000000 0.000000000
A:/cr: 0.000000000 1.000000000 0.000000000
A:/rc: 0.000000000 1.000000000 0.000000000
A:/rf: 0.000000000 0.870834469 0.129165531
J:/cc: 0.000000000 1.000000000 0.000000000
J:/cccrcc: 0.000000000 0.132302830 0.867697170
J:/cccrcf: 0.000000000 0.000000000 1.000000000
J:/cccrfc: 0.000000000 0.402112765 0.597887235
J:/cccrff: 0.000000000 0.583717200 0.416282800
J:/cr: 0.000000000 0.000000000 1.000000000
J:/rc: 0.000000000 0.280726864 0.719273136
J:/rf: 0.000000000 0.000000000 1.000000000
K:/cc: 0.590980059 0.409019941 0.000000000
K:/cccrcc: 0.000000000 0.401303914 0.598696086
K:/cccrcf: 0.000000000 0.749169952 0.250830048
K:/cccrfc: 0.000000000 0.188073039 0.811926961
K:/cccrff: 0.000000000 0.657258319 0.342741681
K:/cr: 0.000000000 0.534758809 0.465241191
K:/rc: 0.000000000 0.415729490 0.584270510
K:/rf: 0.000000000 0.431930540 0.568069460
Q:/cc: 0.000000000 1.000000000 0.000000000
Q:/cccrcc: 0.000000000 0.195527325 0.804472675
Q:/cccrcf: 0.000000000 0.080972388 0.919027612
Q:/cccrfc: 0.000000000 0.134422021 0.865577979
Q:/cccrff: 0.000000000 0.538161270 0.461838730
Q:/cr: 0.000000000 0.184631598 0.815368402
Q:/rc: 0.000000000 0.599426292 0.400573708
Q:/rf: 0.000000000 0.379172086 0.620827914
T:/cc: 0.243514516 0.756485484 0.000000000
T:/cccrcc: 0.000000000 0.158371413 0.841628587
T:/cccrcf: 0.000000000 0.066965205 0.933034795
T:/cccrfc: 0.000000000 0.370761734 0.629238266
T:/cccrff: 0.000000000 0.529470199 0.470529801
T:/cr: 0.000000000 0.000000000 1.000000000
T:/rc: 0.000000000 0.659762685 0.340237315
T:/rf: 0.000000000 0.289935694 0.710064306
