A:/: 0.117737147 0.882262853 0.000000000
A:/cccr: 0.132491557 0.862790701 0.004717742
A:/cccrccrc: 0.399615980 0.375413569 0.224970451
A:/cccrccrccrcc: 0.000000000 0.415506625 0.584493375
A:/cccrccrccrcf: 0.000000000 0.438706944 0.561293056
A:/cccrccrccrfc: 0.000000000 0.484299354 0.515700646
A:/cccrccrccrff: 0.000000000 0.048841788 0.951158212
A:/cccrccrf: 0.163152273 0.462768635 0.374079091
A:/cccrccrfcrc: 0.000000000 0.212479571 0.787520429
A:/cccrccrfcrf: 0.000000000 0.482169178 0.517830822
A:/cccrccrr: 0.000000000 0.575238015 0.424761985
A:/cccrcfrc: 0.224218336 0.418622542 0.357159122
A:/cccrcfrf: 0.387568461 0.446775937 0.165655602
A:/cccrcfrr: 0.000000000 0.931807628 0.068192372
A:/cccrcrcc: 0.411918446 0.409200002 0.178881553
A:/cccrcrcf: 0.692650686 0.209813538 0.097535776
A:/cccrcrcr: 0.000000000 0.741074227 0.258925773
A:/cccrcrfc: 0.114676344 0.701305949 0.184017707
A:/cccrcrff: 0.204674368 0.720495498 0.074830134
A:/cccrcrfr: 0.000000000 0.705447320 0.294552680
A:/cccrcrrc: 0.000000000 0.709743275 0.290256725
A:/cccrcrrf: 0.000000000 0.849330653 0.150669347
A:/cccrrccr: 0.000000000 0.770725308 0.229274692
A:/cccrrcfr: 0.000000000 0.771348234 0.228651766
A:/cccrrcrc: 0.000000000 0.750124695 0.249875305
A:/cccrrcrf: 0.000000000 0.952739106 0.047260894
A:/cccrrfcr: 0.000000000 0.934898211 0.065101789
A:/cccrrffr: 0.000000000 0.997093790 0.002906210
A:/cccrrfrc: 0.000000000 0.702538664 0.297461336
A:/cccrrfrf: 0.000000000 0.447850706 0.552149294
A:/cccrrrcc: 0.000000000 0.737414755 0.262585245
A:/cccrrrcf: 0.000000000 0.880869574 0.119130426
A:/cccrrrfc: 0.000000000 0.743279790 0.256720210
A:/cccrrrff: 0.000000000 0.769804372 0.230195628
A:/ccrc: 0.000003302 0.969063316 0.030933383
A:/ccrccrcc: 0.583813034 0.409620618 0.006566348
A:/ccrccrcf: 0.496633152 0.045832123 0.457534725
A:/ccrccrcr: 0.000000000 0.698579858 0.301420142
A:/ccrccrfc: 0.423990127 0.208089744 0.367920129
A:/ccrccrff: 0.808960387 0.191039613 0.000000000
A:/ccrccrfr: 0.000000000 0.574769126 0.425230874
A:/ccrccrrc: 0.000000000 0.992027739 0.007972261
A:/ccrccrrf: 0.000000000 0.701415746 0.298584254
A:/ccrcrccr: 0.000000000 0.161928936 0.838071064
A:/ccrcrcfr: 0.000000000 0.411744599 0.588255401
A:/ccrcrcrc: 0.000000000 0.673017517 0.326982483
A:/ccrcrcrf: 0.000000000 0.420065468 0.579934532
A:/ccrcrfcr: 0.000000000 0.459270558 0.540729442
A:/ccrcrffr: 0.000000000 0.615479837 0.384520163
A:/ccrcrfrc: 0.000000000 0.651689824 0.348310176
A:/ccrcrfrf: 0.000000000 0.380838213 0.619161787
A:/ccrcrrcc: 0.000000000 0.455637707 0.544362293
A:/ccrcrrcf: 0.000000000 0.575271910 0.424728090
A:/ccrcrrfc: 0.000000000 0.368770758 0.631229242
A:/ccrcrrff: 0.000000000 0.409167640 0.590832360
A:/ccrf: 0.310793477 0.574586548 0.114619975
A:/ccrfcrc: 0.554150394 0.196928678 0.248920928
A:/ccrfcrf: 0.625648975 0.372401194 0.001949830
A:/ccrfcrr: 0.000000000 0.915246424 0.084753576
A:/ccrfrcr: 0.000000000 0.596634050 0.403365950
A:/ccrfrfr: 0.000000000 0.395547387 0.604452613
A:/ccrfrrc: 0.000000000 0.752999405 0.247000595
A:/ccrfrrf: 0.000000000 0.748492153 0.251507847
A:/ccrr: 0.750933176 0.249047832 0.000018992
A:/ccrrccrc: 0.000000000 0.667562813 0.332437187
A:/ccrrccrf: 0.000000000 0.349341284 0.650658716
A:/ccrrcfrc: 0.000000000 0.174372678 0.825627322
A:/ccrrcfrf: 0.000000000 0.493641956 0.506358044
A:/ccrrcrcc: 0.000000000 0.642033780 0.357966220
A:/ccrrcrcf: 0.000000000 0.265851214 0.734148786
A:/ccrrcrfc: 0.000000000 0.637914783 0.362085217
A:/ccrrcrff: 0.000000000 0.455070497 0.544929503
A:/crcc: 0.072254626 0.842474174 0.085271201
A:/crccrccr: 0.000000000 0.739115621 0.260884379
A:/crccrcfr: 0.000000000 0.480592519 0.519407481
A:/crccrcrc: 0.000000000 0.498971698 0.501028302
A:/crccrcrf: 0.000000000 0.619874511 0.380125489
A:/crccrfcr: 0.000000000 0.876378254 0.123621746
A:/crccrffr: 0.000000000 0.335777602 0.664222398
A:/crccrfrc: 0.000000000 0.286961540 0.713038460
A:/crccrfrf: 0.000000000 0.879708168 0.120291832
A:/crccrrcc: 0.000000000 0.347231398 0.652768602
A:/crccrrcf: 0.000000000 0.379603693 0.620396307
A:/crccrrfc: 0.000000000 0.367722582 0.632277418
A:/crccrrff: 0.000000000 0.358349619 0.641650381
A:/crcf: 0.483038226 0.347417066 0.169544708
A:/crcfrcr: 0.000000000 0.393753553 0.606246447
A:/crcfrfr: 0.000000000 0.561303094 0.438696906
A:/crcfrrc: 0.000000000 0.831104810 0.168895190
A:/crcfrrf: 0.000000000 0.311865053 0.688134947
A:/crcr: 0.586498417 0.296493713 0.117007870
A:/crcrccrc: 0.000000000 0.393019749 0.606980251
A:/crcrccrf: 0.000000000 0.501408109 0.498591891
A:/crcrcfrc: 0.000000000 0.971753781 0.028246219
A:/crcrcfrf: 0.000000000 0.382573659 0.617426341
A:/crcrcrcc: 0.000000000 0.402158201 0.597841799
A:/crcrcrcf: 0.000000000 0.116055240 0.883944760
A:/crcrcrfc: 0.000000000 0.556364838 0.443635162
A:/crcrcrff: 0.000000000 0.707443197 0.292556803
A:/crfc: 0.404242476 0.586032246 0.009725278
A:/crfcrcr: 0.000000000 0.820471142 0.179528858
A:/crfcrfr: 0.000000000 0.900703468 0.099296532
A:/crfcrrc: 0.000000000 0.791143499 0.208856501
A:/crfcrrf: 0.000000000 0.848515039 0.151484961
A:/crff: 0.722899132 0.277100339 0.000000528
A:/crffrr: 0.000000000 0.897856957 0.102143043
A:/crfr: 0.589718531 0.292694815 0.117586654
A:/crfrcrc: 0.000000000 0.884722971 0.115277029
A:/crfrcrf: 0.000000000 0.964246806 0.035753194
A:/crrc: 0.458098805 0.365388073 0.176513122
A:/crrccrcc: 0.000000000 1.000000000 0.000000000
A:/crrccrcf: 0.000000000 0.618975762 0.381024238
A:/crrccrfc: 0.000000000 0.063378068 0.936621932
A:/crrccrff: 0.000000000 0.546703593 0.453296407
A:/crrf: 0.483811683 0.394631448 0.121556869
A:/crrfcrc: 0.000000000 0.205314138 0.794685862
A:/crrfcrf: 0.000000000 0.945413121 0.054586879
A:/crrr: 0.000000000 0.879229017 0.120770983
A:/rccr: 0.649922029 0.350077971 0.000000000
A:/rccrccrc: 0.000000000 0.468601299 0.531398701
A:/rccrccrf: 0.000000000 0.086090774 0.913909226
A:/rccrcfrc: 0.000000000 0.096177884 0.903822116
A:/rccrcfrf: 0.000000000 0.539383250 0.460616750
A:/rccrcrcc: 0.000000000 0.423140743 0.576859257
A:/rccrcrcf: 0.000000000 0.525039185 0.474960815
A:/rccrcrfc: 0.000000000 0.747745656 0.252254344
A:/rccrcrff: 0.000000000 0.564779773 0.435220227
A:/rcfr: 0.750342297 0.078053624 0.171604079
A:/rcfrcrc: 0.000000000 0.676279714 0.323720286
A:/rcfrcrf: 0.000000000 0.437551027 0.562448973
A:/rcrc: 0.765497956 0.215195424 0.019306620
A:/rcrccrcc: 0.000000000 0.826944805 0.173055195
A:/rcrccrcf: 0.000000000 0.477357010 0.522642990
A:/rcrccrfc: 0.000000000 0.934035720 0.065964280
A:/rcrccrff: 0.000000000 0.707358228 0.292641772
A:/rcrf: 0.527146990 0.346073781 0.126779229
A:/rcrfcrc: 0.000000000 0.478524933 0.521475067
A:/rcrfcrf: 0.000000000 0.315950494 0.684049506
A:/rcrr: 0.000000000 0.796940807 0.203059193
A:/rfcr: 0.000000000 0.449684899 0.550315101
A:/rfcrcrc: 0.000000000 0.626900999 0.373099001
A:/rfcrcrf: 0.000000000 0.522265603 0.477734397
A:/rffr: 0.658297552 0.341702448 0.000000000
A:/rfrc: 0.313406788 0.244046702 0.442546510
A:/rfrf: 0.350170955 0.453541077 0.196287968
A:/rfrr: 0.000000000 0.815400030 0.184599970
A:/rrcc: 0.272890159 0.423128427 0.303981414
A:/rrcf: 0.478489517 0.477097406 0.044413077
A:/rrcr: 0.000000000 0.857362352 0.142637648
A:/rrfc: 0.461144340 0.234403972 0.304451688
A:/rrff: 0.453874743 0.435086450 0.111038807
A:/rrfr: 0.000000000 0.649319543 0.350680457
A:/rrrc: 0.000000000 0.836692984 0.163307016
A:/rrrf: 0.000000000 0.728726005 0.271273995
J:/: 0.000000000 1.000000000 0.000000000
J:/cccr: 0.000000000 0.000000000 1.000000000
J:/cccrccrc: 0.417980454 0.421265072 0.160754474
J:/cccrccrccrcc: 0.000000000 0.621392689 0.378607311
J:/cccrccrccrcf: 0.000000000 0.932402673 0.067597327
J:/cccrccrccrfc: 0.000000000 0.803154250 0.196845750
J:/cccrccrccrff: 0.000000000 0.527276532 0.472723468
J:/cccrccrf: 0.847070179 0.000000000 0.152929821
J:/cccrccrfcrc: 0.000000000 0.348580569 0.651419431
J:/cccrccrfcrf: 0.000000000 0.450425710 0.549574290
J:/cccrccrr: 0.000000000 1.000000000 0.000000000
J:/cccrcfrc: 0.966979197 0.000000000 0.033020803
J:/cccrcfrf: 0.572492441 0.211565917 0.215941642
J:/cccrcfrr: 0.000000000 0.251322851 0.748677149
J:/cccrcrcc: 0.000000000 0.000028625 0.999971375
J:/cccrcrcf: 0.891195258 0.000000000 0.108804742
J:/cccrcrcr: 0.000000000 0.158621615 0.841378385
J:/cccrcrfc: 0.000000000 0.356758224 0.643241776
J:/cccrcrff: 0.382589713 0.617410287 0.000000000
J:/cccrcrfr: 0.000000000 0.000000000 1.000000000
J:/cccrcrrc: 0.000000000 0.595355893 0.404644107
J:/cccrcrrf: 0.000000000 0.507471283 0.492528717
J:/cccrrccr: 0.000000000 0.268797259 0.731202741
J:/cccrrcfr: 0.000000000 0.547790113 0.452209887
J:/cccrrcrc: 0.000000000 0.000000000 1.000000000
J:/cccrrcrf: 0.000000000 0.623986764 0.376013236
J:/cccrrfcr: 0.000000000 0.114198142 0.885801858
J:/cccrrffr: 0.000000000 0.000000000 1.000000000
J:/cccrrfrc: 0.000000000 0.509541768 0.490458232
J:/cccrrfrf: 0.000000000 0.494897143 0.505102857
J:/cccrrrcc: 0.000000000 0.145703140 0.854296860
J:/cccrrrcf: 0.000000000 0.435549209 0.564450791
J:/cccrrrfc: 0.000000000 0.339343567 0.660656433
J:/cccrrrff: 0.000000000 0.999959483 0.000040517
J:/ccrc: 0.000000000 0.543425506 0.456574494
J:/ccrccrcc: 0.382208685 0.042587384 0.575203931
J:/ccrccrcf: 0.200809631 0.520872090 0.278318279
J:/ccrccrcr: 0.000000000 0.484903191 0.515096809
J:/ccrccrfc: 0.200567658 0.493156242 0.306276100
J:/ccrccrff: 0.176303592 0.557163018 0.266533390
J:/ccrccrfr: 0.000000000 0.541450073 0.458549927
J:/ccrccrrc: 0.000000000 0.601563767 0.398436233
J:/ccrccrrf: 0.000000000 0.748947081 0.251052919
J:/ccrcrccr: 0.000000000 0.401358486 0.598641514
J:/ccrcrcfr: 0.000000000 0.400706782 0.599293218
J:/ccrcrcrc: 0.000000000 0.514890306 0.485109694
J:/ccrcrcrf: 0.000000000 0.712692183 0.287307817
J:/ccrcrfcr: 0.000000000 0.739235716 0.260764284
J:/ccrcrffr: 0.000000000 0.439301853 0.560698147
J:/ccrcrfrc: 0.000000000 0.451441356 0.548558644
J:/ccrcrfrf: 0.000000000 0.769974326 0.230025674
J:/ccrcrrcc: 0.000000000 0.924459371 0.075540629
J:/ccrcrrcf: 0.000000000 0.364621673 0.635378327
J:/ccrcrrfc: 0.000000000 0.508868497 0.491131503
J:/ccrcrrff: 0.000000000 0.519035382 0.480964618
J:/ccrf: 0.000000000 0.627585899 0.372414101
J:/ccrfcrc: 0.226109235 0.305110869 0.468779896
J:/ccrfcrf: 0.466717269 0.380569944 0.152712786
J:/ccrfcrr: 0.000000000 0.686091524 0.313908476
J:/ccrfrcr: 0.000000000 0.573307997 0.426692003
J:/ccrfrfr: 0.000000000 0.049750190 0.950249810
J:/ccrfrrc: 0.000000000 0.955911339 0.044088661
J:/ccrfrrf: 0.000000000 0.306673621 0.693326379
J:/ccrr: 0.285818986 0.568237215 0.145943798
J:/ccrrccrc: 0.000000000 0.382898692 0.617101308
J:/ccrrccrf: 0.000000000 0.859449105 0.140550895
J:/ccrrcfrc: 0.000000000 0.253996593 0.746003407
J:/ccrrcfrf: 0.000000000 0.006815635 0.993184365
J:/ccrrcrcc: 0.000000000 0.510381988 0.489618012
J:/ccrrcrcf: 0.000000000 0.718318594 0.281681406
J:/ccrrcrfc: 0.000000000 0.876533368 0.123466632
J:/ccrrcrff: 0.000000000 0.244372808 0.755627192
J:/crcc: 0.000000000 0.552276957 0.447723043
J:/crccrccr: 0.000000000 0.462910667 0.537089333
J:/crccrcfr: 0.000000000 0.750170885 0.249829115
J:/crccrcrc: 0.000000000 0.721873581 0.278126419
J:/crccrcrf: 0.000000000 0.566643224 0.433356776
J:/crccrfcr: 0.000000000 0.901060155 0.098939845
J:/crccrffr: 0.000000000 0.615909184 0.384090816
J:/crccrfrc: 0.000000000 0.558631213 0.441368787
J:/crccrfrf: 0.000000000 0.550818768 0.449181232
J:/crccrrcc: 0.000000000 0.492159498 0.507840502
J:/crccrrcf: 0.000000000 0.069404204 0.930595796
J:/crccrrfc: 0.000000000 0.248805671 0.751194329
J:/crccrrff: 0.000000000 0.674272386 0.325727614
J:/crcf: 0.000000000 0.357711973 0.642288027
J:/crcfrcr: 0.000000000 0.311422783 0.688577217
J:/crcfrfr: 0.000000000 0.924770358 0.075229642
J:/crcfrrc: 0.000000000 0.495978519 0.504021481
J:/crcfrrf: 0.000000000 0.533208295 0.466791705
J:/crcr: 0.144083889 0.000000000 0.855916111
J:/crcrccrc: 0.000000000 0.974493581 0.025506419
J:/crcrccrf: 0.000000000 0.654515437 0.345484563
J:/crcrcfrc: 0.000000000 0.995275248 0.004724752
J:/crcrcfrf: 0.000000000 0.509862266 0.490137734
J:/crcrcrcc: 0.000000000 0.168546558 0.831453442
J:/crcrcrcf: 0.000000000 0.467190762 0.532809238
J:/crcrcrfc: 0.000000000 0.136634940 0.863365060
J:/crcrcrff: 0.000000000 0.898430932 0.101569068
J:/crfc: 0.000000000 0.000000000 1.000000000
J:/crfcrcr: 0.000000000 0.479686241 0.520313759
J:/crfcrfr: 0.000000000 0.811414987 0.188585013
J:/crfcrrc: 0.000000000 0.544981135 0.455018865
J:/crfcrrf: 0.000000000 0.318433510 0.681566490
J:/crff: 0.000213726 0.000000000 0.999786274
J:/crffrr: 0.000000000 0.000000000 1.000000000
J:/crfr: 0.000000000 0.000000000 1.000000000
J:/crfrcrc: 0.000000000 0.431511060 0.568488940
J:/crfrcrf: 0.000000000 0.000000000 1.000000000
J:/crrc: 0.067931392 0.419908305 0.512160303
J:/crrccrcc: 0.000000000 0.686163188 0.313836812
J:/crrccrcf: 0.000000000 0.418624764 0.581375236
J:/crrccrfc: 0.000000000 0.827235515 0.172764485
J:/crrccrff: 0.000000000 0.511892041 0.488107959
J:/crrf: 0.359478727 0.193353681 0.447167592
J:/crrfcrc: 0.000000000 0.322474417 0.677525583
J:/crrfcrf: 0.000000000 0.280415358 0.719584642
J:/crrr: 0.000000000 0.492791603 0.507208397
J:/rccr: 0.000072387 0.000000000 0.999927613
J:/rccrccrc: 0.000000000 0.567982745 0.432017255
J:/rccrccrf: 0.000000000 0.679536309 0.320463691
J:/rccrcfrc: 0.000000000 0.061676186 0.938323814
J:/rccrcfrf: 0.000000000 0.778355372 0.221644628
J:/rccrcrcc: 0.000000000 0.425336159 0.574663841
J:/rccrcrcf: 0.000000000 0.036680271 0.963319729
J:/rccrcrfc: 0.000000000 0.503414149 0.496585851
J:/rccrcrff: 0.000000000 0.142898186 0.857101814
J:/rcfr: 0.000017309 0.000000000 0.999982691
J:/rcfrcrc: 0.000000000 0.215039963 0.784960037
J:/rcfrcrf: 0.000000000 0.447918713 0.552081287
J:/rcrc: 0.516849014 0.467850766 0.015300220
J:/rcrccrcc: 0.000000000 0.611523401 0.388476599
J:/rcrccrcf: 0.000000000 0.449850260 0.550149740
J:/rcrccrfc: 0.000000000 0.053498841 0.946501159
J:/rcrccrff: 0.000000000 0.384982626 0.615017374
J:/rcrf: 0.000000031 0.832084301 0.167915668
J:/rcrfcrc: 0.000000000 0.849112125 0.150887875
J:/rcrfcrf: 0.000000000 0.510212637 0.489787363
J:/rcrr: 0.000000000 0.244698393 0.755301607
J:/rfcr: 0.000000000 0.106921619 0.893078381
J:/rfcrcrc: 0.000000000 0.497189485 0.502810515
J:/rfcrcrf: 0.000000000 0.598915682 0.401084318
J:/rffr: 0.000000000 0.000000000 1.000000000
J:/rfrc: 0.000014472 0.415071979 0.584913549
J:/rfrf: 0.252758902 0.444958376 0.302282721
J:/rfrr: 0.000000000 0.628567863 0.371432137
J:/rrcc: 0.276586560 0.385825009 0.337588432
J:/rrcf: 0.216390397 0.325687800 0.457921803
J:/rrcr: 0.000000000 0.340057937 0.659942063
J:/rrfc: 0.040896959 0.000000057 0.959102984
J:/rrff: 0.077031790 0.058671587 0.864296623
J:/rrfr: 0.000000000 0.000000419 0.999999581
J:/rrrc: 0.000000000 0.559226346 0.440773654
J:/rrrf: 0.000000000 0.264939991 0.735060009
K:/: 0.000000000 1.000000000 0.000000000
K:/cccr: 0.000000000 0.000000000 1.000000000
K:/cccrccrc: 0.405563339 0.414183455 0.180253205
K:/cccrccrccrcc: 0.000000000 0.256093120 0.743906880
K:/cccrccrccrcf: 0.000000000 0.804744333 0.195255667
K:/cccrccrccrfc: 0.000000000 0.352180979 0.647819021
K:/cccrccrccrff: 0.000000000 0.909186716 0.090813284
K:/cccrccrf: 0.367196625 0.238752510 0.394050865
K:/cccrccrfcrc: 0.000000000 0.042432494 0.957567506
K:/cccrccrfcrf: 0.000000000 0.287578917 0.712421083
K:/cccrccrr: 0.000000000 0.800302056 0.199697944
K:/cccrcfrc: 0.740958568 0.039623285 0.219418147
K:/cccrcfrf: 0.111036629 0.503040758 0.385922613
K:/cccrcfrr: 0.000000000 0.424367217 0.575632783
K:/cccrcrcc: 0.370141433 0.443616372 0.186242196
K:/cccrcrcf: 0.403660845 0.485944397 0.110394758
K:/cccrcrcr: 0.000000000 0.291739018 0.708260982
K:/cccrcrfc: 0.000000000 0.381382372 0.618617628
K:/cccrcrff: 0.000589409 0.278600624 0.720809967
K:/cccrcrfr: 0.000000000 0.443235188 0.556764812
K:/cccrcrrc: 0.000000000 0.480880316 0.519119684
K:/cccrcrrf: 0.000000000 1.000000000 0.000000000
K:/cccrrccr: 0.000000000 0.142261457 0.857738543
K:/cccrrcfr: 0.000000000 0.221727588 0.778272412
K:/cccrrcrc: 0.000000000 0.510029094 0.489970906
K:/cccrrcrf: 0.000000000 0.830599529 0.169400471
K:/cccrrfcr: 0.000000000 0.222801372 0.777198628
K:/cccrrffr: 0.000000000 0.000000000 1.000000000
K:/cccrrfrc: 0.000000000 0.222439233 0.777560767
K:/cccrrfrf: 0.000000000 0.786995039 0.213004961
K:/cccrrrcc: 0.000000000 0.000000000 1.000000000
K:/cccrrrcf: 0.000000000 1.000000000 0.000000000
K:/cccrrrfc: 0.000000000 0.582140909 0.417859091
K:/cccrrrff: 0.000000000 0.551294326 0.448705674
K:/ccrc: 0.000000000 0.753906686 0.246093314
K:/ccrccrcc: 0.167174036 0.510251948 0.322574016
K:/ccrccrcf: 0.437607908 0.384394103 0.177997989
K:/ccrccrcr: 0.000000000 0.528217329 0.471782671
K:/ccrccrfc: 0.477913489 0.216843708 0.305242803
K:/ccrccrff: 0.469803535 0.120492048 0.409704417
K:/ccrccrfr: 0.000000000 0.434820393 0.565179607
K:/ccrccrrc: 0.000000000 0.253894375 0.746105625
K:/ccrccrrf: 0.000000000 0.502130107 0.497869893
K:/ccrcrccr: 0.000000000 0.269180312 0.730819688
K:/ccrcrcfr: 0.000000000 0.999861636 0.000138364
K:/ccrcrcrc: 0.000000000 0.212986754 0.787013246
K:/ccrcrcrf: 0.000000000 0.334559850 0.665440150
K:/ccrcrfcr: 0.000000000 0.151130464 0.848869536
K:/ccrcrffr: 0.000000000 0.399605964 0.600394036
K:/ccrcrfrc: 0.000000000 0.746744347 0.253255653
K:/ccrcrfrf: 0.000000000 0.491983379 0.508016621
K:/ccrcrrcc: 0.000000000 0.626623964 0.373376036
K:/ccrcrrcf: 0.000000000 0.753195772 0.246804228
K:/ccrcrrfc: 0.000000000 0.399090806 0.600909194
K:/ccrcrrff: 0.000000000 0.476149773 0.523850227
K:/ccrf: 0.105413681 0.529671707 0.364914612
K:/ccrfcrc: 0.403682993 0.362752041 0.233564966
K:/ccrfcrf: 0.283187645 0.215762907 0.501049448
K:/ccrfcrr: 0.000000000 0.458137162 0.541862838
K:/ccrfrcr: 0.000000000 0.350446197 0.649553803
K:/ccrfrfr: 0.000000000 0.449509459 0.550490541
K:/ccrfrrc: 0.000000000 0.281925161 0.718074839
K:/ccrfrrf: 0.000000000 0.789474904 0.210525096
K:/ccrr: 0.189726947 0.381598713 0.428674340
K:/ccrrccrc: 0.000000000 0.359920428 0.640079572
K:/ccrrccrf: 0.000000000 0.599621532 0.400378468
K:/ccrrcfrc: 0.000000000 0.165952469 0.834047531
K:/ccrrcfrf: 0.000000000 0.844754668 0.155245332
K:/ccrrcrcc: 0.000000000 0.601532130 0.398467870
K:/ccrrcrcf: 0.000000000 0.307653165 0.692346835
K:/ccrrcrfc: 0.000000000 0.064796556 0.935203444
K:/ccrrcrff: 0.000000000 0.313115724 0.686884276
K:/crcc: 0.326778238 0.512575672 0.160646090
K:/crccrccr: 0.000000000 0.456375196 0.543624804
K:/crccrcfr: 0.000000000 0.414700172 0.585299828
K:/crccrcrc: 0.000000000 0.890830438 0.109169562
K:/crccrcrf: 0.000000000 0.381834401 0.618165599
K:/crccrfcr: 0.000000000 0.094819766 0.905180234
K:/crccrffr: 0.000000000 0.611680220 0.388319780
K:/crccrfrc: 0.000000000 0.844230162 0.155769838
K:/crccrfrf: 0.000000000 0.453219417 0.546780583
K:/crccrrcc: 0.000000000 0.706596566 0.293403434
K:/crccrrcf: 0.000000000 0.299906480 0.700093520
K:/crccrrfc: 0.000000000 0.979028877 0.020971123
K:/crccrrff: 0.000000000 0.362422248 0.637577752
K:/crcf: 0.208944108 0.577989561 0.213066331
K:/crcfrcr: 0.000000000 0.452616383 0.547383617
K:/crcfrfr: 0.000000000 0.175719454 0.824280546
K:/crcfrrc: 0.000000000 0.842996849 0.157003151
K:/crcfrrf: 0.000000000 1.000000000 0.000000000
K:/crcr: 0.225851644 0.265678154 0.508470202
K:/crcrccrc: 0.000000000 0.415671860 0.584328140
K:/crcrccrf: 0.000000000 0.423488740 0.576511260
K:/crcrcfrc: 0.000000000 0.538800744 0.461199256
K:/crcrcfrf: 0.000000000 0.503597220 0.496402780
K:/crcrcrcc: 0.000000000 0.934681045 0.065318955
K:/crcrcrcf: 0.000000000 0.501035811 0.498964189
K:/crcrcrfc: 0.000000000 0.311507256 0.688492744
K:/crcrcrff: 0.000000000 0.091438490 0.908561510
K:/crfc: 0.273514824 0.122155310 0.604329866
K:/crfcrcr: 0.000000000 0.543450173 0.456549827
K:/crfcrfr: 0.000000000 0.806971826 0.193028174
K:/crfcrrc: 0.000000000 0.199393205 0.800606795
K:/crfcrrf: 0.000000000 0.007604109 0.992395891
K:/crff: 0.000274208 0.000000000 0.999725792
K:/crffrr: 0.000000000 0.000000000 1.000000000
K:/crfr: 0.000000000 0.000000000 1.000000000
K:/crfrcrc: 0.000000000 0.324227334 0.675772666
K:/crfrcrf: 0.000000000 0.335336808 0.664663192
K:/crrc: 0.452591467 0.235221557 0.312186976
K:/crrccrcc: 0.000000000 0.641087976 0.358912024
K:/crrccrcf: 0.000000000 0.129860056 0.870139944
K:/crrccrfc: 0.000000000 0.514220150 0.485779850
K:/crrccrff: 0.000000000 0.371655351 0.628344649
K:/crrf: 0.124773751 0.705449492 0.169776757
K:/crrfcrc: 0.000000000 0.554108432 0.445891568
K:/crrfcrf: 0.000000000 0.749141720 0.250858280
K:/crrr: 0.000000000 0.365118441 0.634881559
K:/rccr: 0.471318182 0.198748591 0.329933227
K:/rccrccrc: 0.000000000 0.524652202 0.475347798
K:/rccrccrf: 0.000000000 0.659290311 0.340709689
K:/rccrcfrc: 0.000000000 0.386323378 0.613676622
K:/rccrcfrf: 0.000000000 0.464251554 0.535748446
K:/rccrcrcc: 0.000000000 0.237275764 0.762724236
K:/rccrcrcf: 0.000000000 0.474733575 0.525266425
K:/rccrcrfc: 0.000000000 0.736051852 0.263948148
K:/rccrcrff: 0.000000000 0.713889989 0.286110011
K:/rcfr: 0.009164724 0.491632789 0.499202487
K:/rcfrcrc: 0.000000000 0.287778943 0.712221057
K:/rcfrcrf: 0.000000000 0.183505922 0.816494078
K:/rcrc: 0.163217376 0.836782227 0.000000397
K:/rcrccrcc: 0.000000000 0.999999969 0.000000031
K:/rcrccrcf: 0.000000000 0.513072844 0.486927156
K:/rcrccrfc: 0.000000000 0.815768702 0.184231298
K:/rcrccrff: 0.000000000 0.555172906 0.444827094
K:/rcrf: 0.000000150 0.855227335 0.144772514
K:/rcrfcrc: 0.000000000 0.279837877 0.720162123
K:/rcrfcrf: 0.000000000 0.691866925 0.308133075
K:/rcrr: 0.000000000 0.960864823 0.039135177
K:/rfcr: 0.000269138 0.645531359 0.354199502
K:/rfcrcrc: 0.000000000 0.737083776 0.262916224
K:/rfcrcrf: 0.000000000 0.570564075 0.429435925
K:/rffr: 0.000000000 0.000000000 1.000000000
K:/rfrc: 0.336051492 0.420625053 0.243323455
K:/rfrf: 0.373362846 0.220999669 0.405637484
K:/rfrr: 0.000000000 0.926784753 0.073215247
K:/rrcc: 0.505618182 0.064383631 0.429998187
K:/rrcf: 0.365229464 0.312083157 0.322687380
K:/rrcr: 0.000000000 0.669012965 0.330987035
K:/rrfc: 0.099608104 0.115557006 0.784834890
K:/rrff: 0.069758183 0.000000037 0.930241780
K:/rrfr: 0.000000000 0.313101459 0.686898541
K:/rrrc: 0.000000000 0.581781980 0.418218020
K:/rrrf: 0.000000000 0.474717653 0.525282347
Q:/: 0.000000000 1.000000000 0.000000000
Q:/cccr: 0.000000000 0.000000000 1.000000000
Q:/cccrccrc: 0.000000000 0.429172429 0.570827571
Q:/cccrccrccrcc: 0.000000000 0.423640461 0.576359539
Q:/cccrccrccrcf: 0.000000000 0.398774264 0.601225736
Q:/cccrccrccrfc: 0.000000000 0.866045188 0.133954812
Q:/cccrccrccrff: 0.000000000 0.478464683 0.521535317
Q:/cccrccrf: 0.212461166 0.472971612 0.314567223
Q:/cccrccrfcrc: 0.000000000 0.860273890 0.139726110
Q:/cccrccrfcrf: 0.000000000 0.867200808 0.132799192
Q:/cccrccrr: 0.000000000 1.000000000 0.000000000
Q:/cccrcfrc: 1.000000000 0.000000000 0.000000000
Q:/cccrcfrf: 0.563148652 0.159543041 0.277308306
Q:/cccrcfrr: 0.000000000 0.000000000 1.000000000
Q:/cccrcrcc: 0.396392663 0.002342810 0.601264527
Q:/cccrcrcf: 0.753816207 0.000000000 0.246183793
Q:/cccrcrcr: 0.000000000 0.061330400 0.938669600
Q:/cccrcrfc: 0.000000000 0.353432648 0.646567352
Q:/cccrcrff: 0.027362138 0.776732343 0.195905518
Q:/cccrcrfr: 0.000000000 0.319432121 0.680567879
Q:/cccrcrrc: 0.000000000 0.054052590 0.945947410
Q:/cccrcrrf: 0.000000000 0.331761952 0.668238048
Q:/cccrrccr: 0.000000000 0.535258690 0.464741310
Q:/cccrrcfr: 0.000000000 0.304817340 0.695182660
Q:/cccrrcrc: 0.000000000 0.163333831 0.836666169
Q:/cccrrcrf: 0.000000000 0.473515812 0.526484188
Q:/cccrrfcr: 0.000000000 0.165822079 0.834177921
Q:/cccrrffr: 0.000000000 0.000000000 1.000000000
Q:/cccrrfrc: 0.000000000 0.159722986 0.840277014
Q:/cccrrfrf: 0.000000000 0.504977288 0.495022712
Q:/cccrrrcc: 0.000000000 0.098512645 0.901487355
Q:/cccrrrcf: 0.000000000 0.494110693 0.505889307
Q:/cccrrrfc: 0.000000000 0.085820339 0.914179661
Q:/cccrrrff: 0.000000000 1.000000000 0.000000000
Q:/ccrc: 0.020764384 0.455423570 0.523812046
Q:/ccrccrcc: 0.649584182 0.159097837 0.191317981
Q:/ccrccrcf: 0.661743973 0.214460695 0.123795332
Q:/ccrccrcr: 0.000000000 0.374662677 0.625337323
Q:/ccrccrfc: 0.337547167 0.563941938 0.098510894
Q:/ccrccrff: 0.382061570 0.179056774 0.438881656
Q:/ccrccrfr: 0.000000000 0.620482924 0.379517076
Q:/ccrccrrc: 0.000000000 0.226513369 0.773486631
Q:/ccrccrrf: 0.000000000 0.442295168 0.557704832
Q:/ccrcrccr: 0.000000000 0.494465070 0.505534930
Q:/ccrcrcfr: 0.000000000 0.480698620 0.519301380
Q:/ccrcrcrc: 0.000000000 0.667352226 0.332647774
Q:/ccrcrcrf: 0.000000000 0.409918433 0.590081567
Q:/ccrcrfcr: 0.000000000 0.543373528 0.456626472
Q:/ccrcrffr: 0.000000000 0.177321215 0.822678785
Q:/ccrcrfrc: 0.000000000 0.318190640 0.681809360
Q:/ccrcrfrf: 0.000000000 0.976918163 0.023081837
Q:/ccrcrrcc: 0.000000000 0.363997110 0.636002890
Q:/ccrcrrcf: 0.000000000 0.386250609 0.613749391
Q:/ccrcrrfc: 0.000000000 0.875492369 0.124507631
Q:/ccrcrrff: 0.000000000 0.700849519 0.299150481
Q:/ccrf: 0.000000000 0.798046257 0.201953743
Q:/ccrfcrc: 0.353263482 0.285114619 0.361621899
Q:/ccrfcrf: 0.565185809 0.129602762 0.305211429
Q:/ccrfcrr: 0.000000000 0.519233438 0.480766562
Q:/ccrfrcr: 0.000000000 0.388226203 0.611773797
Q:/ccrfrfr: 0.000000000 0.485510259 0.514489741
Q:/ccrfrrc: 0.000000000 0.409777551 0.590222449
Q:/ccrfrrf: 0.000000000 0.488563001 0.511436999
Q:/ccrr: 0.008960306 0.117338526 0.873701167
Q:/ccrrccrc: 0.000000000 0.849060148 0.150939852
Q:/ccrrccrf: 0.000000000 0.702471520 0.297528480
Q:/ccrrcfrc: 0.000000000 0.303757902 0.696242098
Q:/ccrrcfrf: 0.000000000 0.436579100 0.563420900
Q:/ccrrcrcc: 0.000000000 0.354215361 0.645784639
Q:/ccrrcrcf: 0.000000000 0.908717040 0.091282960
Q:/ccrrcrfc: 0.000000000 0.397115987 0.602884013
Q:/ccrrcrff: 0.000000000 0.646708999 0.353291001
Q:/crcc: 0.067308204 0.573984352 0.358707444
Q:/crccrccr: 0.000000000 0.872300672 0.127699328
Q:/crccrcfr: 0.000000000 0.797923274 0.202076726
Q:/crccrcrc: 0.000000000 0.973858223 0.026141777
Q:/crccrcrf: 0.000000000 0.407003615 0.592996385
Q:/crccrfcr: 0.000000000 0.339993893 0.660006107
Q:/crccrffr: 0.000000000 0.430582479 0.569417521
Q:/crccrfrc: 0.000000000 0.199407554 0.800592446
Q:/crccrfrf: 0.000000000 0.482629630 0.517370370
Q:/crccrrcc: 0.000000000 0.381394947 0.618605053
Q:/crccrrcf: 0.000000000 0.579287787 0.420712213
Q:/crccrrfc: 0.000000000 0.317051104 0.682948896
Q:/crccrrff: 0.000000000 0.744955494 0.255044506
Q:/crcf: 0.000000000 0.494616359 0.505383641
Q:/crcfrcr: 0.000000000 0.586404702 0.413595298
Q:/crcfrfr: 0.000000000 0.350594288 0.649405712
Q:/crcfrrc: 0.000000000 0.443521848 0.556478152
Q:/crcfrrf: 0.000000000 0.923960869 0.076039131
Q:/crcr: 0.156981935 0.084599699 0.758418366
Q:/crcrccrc: 0.000000000 0.770479801 0.229520199
Q:/crcrccrf: 0.000000000 0.225751686 0.774248314
Q:/crcrcfrc: 0.000000000 0.175182294 0.824817706
Q:/crcrcfrf: 0.000000000 0.554845813 0.445154187
Q:/crcrcrcc: 0.000000000 0.921256372 0.078743628
Q:/crcrcrcf: 0.000000000 0.699621631 0.300378369
Q:/crcrcrfc: 0.000000000 0.628327754 0.371672246
Q:/crcrcrff: 0.000000000 0.717147085 0.282852915
Q:/crfc: 0.000000000 0.000000000 1.000000000
Q:/crfcrcr: 0.000000000 0.793337620 0.206662380
Q:/crfcrfr: 0.000000000 0.703171357 0.296828643
Q:/crfcrrc: 0.000000000 0.235514286 0.764485714
Q:/crfcrrf: 0.000000000 0.000000000 1.000000000
Q:/crff: 0.000220234 0.000000000 0.999779766
Q:/crffrr: 0.000000000 0.000000000 1.000000000
Q:/crfr: 0.000000000 0.000000000 1.000000000
Q:/crfrcrc: 0.000000000 0.000000000 1.000000000
Q:/crfrcrf: 0.000000000 0.161537957 0.838462043
Q:/crrc: 0.631793529 0.244885268 0.123321203
Q:/crrccrcc: 0.000000000 0.666214713 0.333785287
Q:/crrccrcf: 0.000000000 0.025870934 0.974129066
Q:/crrccrfc: 0.000000000 0.434499587 0.565500413
Q:/crrccrff: 0.000000000 0.534279928 0.465720072
Q:/crrf: 0.484029570 0.364748851 0.151221579
Q:/crrfcrc: 0.000000000 0.770099077 0.229900923
Q:/crrfcrf: 0.000000000 0.198145356 0.801854644
Q:/crrr: 0.000000000 0.263970112 0.736029888
Q:/rccr: 0.000077134 0.000003916 0.999918949
Q:/rccrccrc: 0.000000000 0.998624444 0.001375556
Q:/rccrccrf: 0.000000000 0.505097201 0.494902799
Q:/rccrcfrc: 0.000000000 0.523190626 0.476809374
Q:/rccrcfrf: 0.000000000 0.405774740 0.594225260
Q:/rccrcrcc: 0.000000000 0.213438658 0.786561342
Q:/rccrcrcf: 0.000000000 0.636591910 0.363408090
Q:/rccrcrfc: 0.000000000 0.181245306 0.818754694
Q:/rccrcrff: 0.000000000 0.767179081 0.232820919
Q:/rcfr: 0.000017356 0.000000000 0.999982644
Q:/rcfrcrc: 0.000000000 0.390595507 0.609404493
Q:/rcfrcrf: 0.000000000 0.356008522 0.643991478
Q:/rcrc: 0.474816595 0.518230991 0.006952414
Q:/rcrccrcc: 0.000000000 0.190156306 0.809843694
Q:/rcrccrcf: 0.000000000 0.441301521 0.558698479
Q:/rcrccrfc: 0.000000000 0.837501331 0.162498669
Q:/rcrccrff: 0.000000000 0.092544973 0.907455027
Q:/rcrf: 0.000000046 0.561422980 0.438576974
Q:/rcrfcrc: 0.000000000 0.637726121 0.362273879
Q:/rcrfcrf: 0.000000000 0.706445940 0.293554060
Q:/rcrr: 0.000000000 0.357267584 0.642732416
Q:/rfcr: 0.000000000 0.521200613 0.478799387
Q:/rfcrcrc: 0.000000000 0.250310445 0.749689555
Q:/rfcrcrf: 0.000000000 0.647539825 0.352460175
Q:/rffr: 0.000000000 0.000000000 1.000000000
Q:/rfrc: 0.000014471 0.489963059 0.510022470
Q:/rfrf: 0.647991155 0.131737631 0.220271214
Q:/rfrr: 0.000000000 0.498154739 0.501845261
Q:/rrcc: 0.175238116 0.573532623 0.251229261
Q:/rrcf: 0.004998465 0.425978345 0.569023190
Q:/rrcr: 0.000000000 0.933194562 0.066805438
Q:/rrfc: 0.046967555 0.000000000 0.953032445
Q:/rrff: 0.047878571 0.000000014 0.952121415
Q:/rrfr: 0.000000000 0.036339275 0.963660725
Q:/rrrc: 0.000000000 0.068413128 0.931586872
Q:/rrrf: 0.000000000 0.176601008 0.823398992
T:/: 0.000437173 0.999562827 0.000000000
T:/cccr: 0.000000000 0.000000000 1.000000000
T:/cccrccrc: 0.525160710 0.474839290 0.000000000
T:/cccrccrccrcc: 0.000000000 0.817204415 0.182795585
T:/cccrccrccrcf: 0.000000000 0.442858305 0.557141695
T:/cccrccrccrfc: 0.000000000 0.229063099 0.770936901
T:/cccrccrccrff: 0.000000000 0.527457882 0.472542118
T:/cccrccrf: 1.000000000 0.000000000 0.000000000
T:/cccrccrfcrc: 0.000000000 0.337820551 0.662179449
T:/cccrccrfcrf: 0.000000000 0.235890723 0.764109277
T:/cccrccrr: 0.000000000 1.000000000 0.000000000
T:/cccrcfrc: 0.868800637 0.000000000 0.131199363
T:/cccrcfrf: 0.229602993 0.091370263 0.679026744
T:/cccrcfrr: 0.000000000 0.000000000 1.000000000
T:/cccrcrcc: 0.091002152 0.171812255 0.737185592
T:/cccrcrcf: 0.881848810 0.098847626 0.019303564
T:/cccrcrcr: 0.000000000 0.133025863 0.866974137
T:/cccrcrfc: 0.123842249 0.509383746 0.366774005
T:/cccrcrff: 0.534924532 0.070555509 0.394519958
T:/cccrcrfr: 0.000000000 0.442817898 0.557182102
T:/cccrcrrc: 0.000000000 0.498449268 0.501550732
T:/cccrcrrf: 0.000000000 0.261360874 0.738639126
T:/cccrrccr: 0.000000000 0.567794416 0.432205584
T:/cccrrcfr: 0.000000000 0.708352589 0.291647411
T:/cccrrcrc: 0.000000000 0.122373123 0.877626877
T:/cccrrcrf: 0.000000000 0.551731845 0.448268155
T:/cccrrfcr: 0.000000000 0.000000000 1.000000000
T:/cccrrffr: 0.000000000 0.000000000 1.000000000
T:/cccrrfrc: 0.000000000 0.535668855 0.464331145
T:/cccrrfrf: 0.000000000 0.426712968 0.573287032
T:/cccrrrcc: 0.000000000 0.557612925 0.442387075
T:/cccrrrcf: 0.000000000 0.239258712 0.760741288
T:/cccrrrfc: 0.000000000 0.082286934 0.917713066
T:/cccrrrff: 0.000000000 0.000000000 1.000000000
T:/ccrc: 0.012259882 0.627653008 0.360087109
T:/ccrccrcc: 0.212952085 0.247930760 0.539117154
T:/ccrccrcf: 0.391109941 0.322969830 0.285920229
T:/ccrccrcr: 0.000000000 0.569189399 0.430810601
T:/ccrccrfc: 0.192822695 0.530033842 0.277143463
T:/ccrccrff: 0.020684627 0.444580340 0.534735033
T:/ccrccrfr: 0.000000000 0.125679094 0.874320906
T:/ccrccrrc: 0.000000000 0.526380288 0.473619712
T:/ccrccrrf: 0.000000000 0.477594226 0.522405774
T:/ccrcrccr: 0.000000000 0.208860965 0.791139035
T:/ccrcrcfr: 0.000000000 0.471977153 0.528022847
T:/ccrcrcrc: 0.000000000 0.828200638 0.171799362
T:/ccrcrcrf: 0.000000000 0.179600084 0.820399916
T:/ccrcrfcr: 0.000000000 0.098341159 0.901658841
T:/ccrcrffr: 0.000000000 0.892134858 0.107865142
T:/ccrcrfrc: 0.000000000 0.677045879 0.322954121
T:/ccrcrfrf: 0.000000000 0.510382086 0.489617914
T:/ccrcrrcc: 0.000000000 0.167821267 0.832178733
T:/ccrcrrcf: 0.000000000 0.224565712 0.775434288
T:/ccrcrrfc: 0.000000000 0.600828386 0.399171614
T:/ccrcrrff: 0.000000000 0.295442112 0.704557888
T:/ccrf: 0.000000000 0.409733808 0.590266192
T:/ccrfcrc: 0.424323644 0.289021053 0.286655302
T:/ccrfcrf: 0.598338214 0.255729825 0.145931961
T:/ccrfcrr: 0.000000000 0.754479367 0.245520633
T:/ccrfrcr: 0.000000000 0.400398195 0.599601805
T:/ccrfrfr: 0.000000000 0.694822096 0.305177904
T:/ccrfrrc: 0.000000000 0.924905746 0.075094254
T:/ccrfrrf: 0.000000000 0.432063014 0.567936986
T:/ccrr: 0.021028184 0.168953060 0.810018756
T:/ccrrccrc: 0.000000000 0.389001839 0.610998161
T:/ccrrccrf: 0.000000000 0.132810481 0.867189519
T:/ccrrcfrc: 0.000000000 0.460735702 0.539264298
T:/ccrrcfrf: 0.000000000 0.235438157 0.764561843
T:/ccrrcrcc: 0.000000000 0.597597588 0.402402412
T:/ccrrcrcf: 0.000000000 0.793794569 0.206205431
T:/ccrrcrfc: 0.000000000 0.492058512 0.507941488
T:/ccrrcrff: 0.000000000 0.526250493 0.473749507
T:/crcc: 0.000000000 0.231322208 0.768677792
T:/crccrccr: 0.000000000 0.537693350 0.462306650
T:/crccrcfr: 0.000000000 0.563227042 0.436772958
T:/crccrcrc: 0.000000000 0.678288559 0.321711441
T:/crccrcrf: 0.000000000 0.126091404 0.873908596
T:/crccrfcr: 0.000000000 0.090731266 0.909268734
T:/crccrffr: 0.000000000 0.623719370 0.376280630
T:/crccrfrc: 0.000000000 0.583745746 0.416254254
T:/crccrfrf: 0.000000000 0.787752475 0.212247525
T:/crccrrcc: 0.000000000 0.481825292 0.518174708
T:/crccrrcf: 0.000000000 0.777055079 0.222944921
T:/crccrrfc: 0.000000000 0.404045474 0.595954526
T:/crccrrff: 0.000000000 0.596749986 0.403250014
T:/crcf: 0.000000000 0.498809559 0.501190441
T:/crcfrcr: 0.000000000 0.303844073 0.696155927
T:/crcfrfr: 0.000000000 0.680259190 0.319740810
T:/crcfrrc: 0.000000000 0.287862811 0.712137189
T:/crcfrrf: 0.000000000 0.279865839 0.720134161
T:/crcr: 0.432813384 0.198850748 0.368335868
T:/crcrccrc: 0.000000000 0.626160814 0.373839186
T:/crcrccrf: 0.000000000 0.534896650 0.465103350
T:/crcrcfrc: 0.000000000 0.375637310 0.624362690
T:/crcrcfrf: 0.000000000 0.791831076 0.208168924
T:/crcrcrcc: 0.000000000 0.537826409 0.462173591
T:/crcrcrcf: 0.000000000 0.791881325 0.208118675
T:/crcrcrfc: 0.000000000 0.944900847 0.055099153
T:/crcrcrff: 0.000000000 0.516871432 0.483128568
T:/crfc: 0.000000000 0.000000000 1.000000000
T:/crfcrcr: 0.000000000 0.116177662 0.883822338
T:/crfcrfr: 0.000000000 0.215535674 0.784464326
T:/crfcrrc: 0.000000000 0.125395140 0.874604860
T:/crfcrrf: 0.000000000 0.623462524 0.376537476
T:/crff: 0.000209577 0.000000000 0.999790423
T:/crffrr: 0.000000000 0.000000000 1.000000000
T:/crfr: 0.000000000 0.000000000 1.000000000
T:/crfrcrc: 0.000000000 0.000000000 1.000000000
T:/crfrcrf: 0.000000000 0.193524365 0.806475635
T:/crrc: 0.340817241 0.217425802 0.441756957
T:/crrccrcc: 0.000000000 0.050381887 0.949618113
T:/crrccrcf: 0.000000000 0.707579011 0.292420989
T:/crrccrfc: 0.000000000 0.468739877 0.531260123
T:/crrccrff: 0.000000000 0.478022478 0.521977522
T:/crrf: 0.278647038 0.066891929 0.654461033
T:/crrfcrc: 0.000000000 0.478226584 0.521773416
T:/crrfcrf: 0.000000000 0.442256508 0.557743492
T:/crrr: 0.000000000 0.286837572 0.713162428
T:/rccr: 0.000000000 0.000000000 1.000000000
T:/rccrccrc: 0.000000000 0.968942278 0.031057722
T:/rccrccrf: 0.000000000 0.275572492 0.724427508
T:/rccrcfrc: 0.000000000 0.515309730 0.484690270
T:/rccrcfrf: 0.000000000 0.401747885 0.598252115
T:/rccrcrcc: 0.000000000 0.386947888 0.613052112
T:/rccrcrcf: 0.000000000 0.239300104 0.760699896
T:/rccrcrfc: 0.000000000 0.604677257 0.395322743
T:/rccrcrff: 0.000000000 0.076793021 0.923206979
T:/rcfr: 0.000035379 0.000000000 0.999964621
T:/rcfrcrc: 0.000000000 0.000000622 0.999999378
T:/rcfrcrf: 0.000000000 0.000004594 0.999995406
T:/rcrc: 0.232833296 0.414481434 0.352685270
T:/rcrccrcc: 0.000000000 0.898947601 0.101052399
T:/rcrccrcf: 0.000000000 0.684925787 0.315074213
T:/rcrccrfc: 0.000000000 0.368943970 0.631056030
T:/rcrccrff: 0.000000000 0.850158353 0.149841647
T:/rcrf: 0.000000021 0.999999887 0.000000092
T:/rcrfcrc: 0.000000000 0.590523082 0.409476918
T:/rcrfcrf: 0.000000000 0.034364895 0.965635105
T:/rcrr: 0.000000000 0.388441275 0.611558725
T:/rfcr: 0.000000000 0.337975753 0.662024247
T:/rfcrcrc: 0.000000000 0.163472927 0.836527073
T:/rfcrcrf: 0.000000000 0.704981343 0.295018657
T:/rffr: 0.000000000 0.000000000 1.000000000
T:/rfrc: 0.000014472 0.566015583 0.433969945
T:/rfrf: 0.454426856 0.172248044 0.373325100
T:/rfrr: 0.000000000 0.608288724 0.391711276
T:/rrcc: 0.001971471 0.798393929 0.199634599
T:/rrcf: 0.286067663 0.239920236 0.474012101
T:/rrcr: 0.000000000 0.570027436 0.429972564
T:/rrfc: 0.008605652 0.315745593 0.675648755
T:/rrff: 0.057123831 0.000000000 0.942876169
T:/rrfr: 0.000000000 0.000000558 0.999999442
T:/rrrc: 0.000000000 0.255060120 0.744939880
T:/rrrf: 0.000000000 0.261666465 0.738333535
