A:/c: 0.271951213 0.728048787 0.000000000
A:/cccrc: 0.719798870 0.280061797 0.000139333
A:/cccrccrcc: 0.445176806 0.162600767 0.392222426
A:/cccrccrcf: 0.307562442 0.347642543 0.344795015
A:/cccrccrcr: 0.000000000 0.558822662 0.441177338
A:/cccrccrfc: 0.361684645 0.144852343 0.493463012
A:/cccrccrff: 0.141501706 0.465918591 0.392579703
A:/cccrccrfr: 0.000000000 0.916820978 0.083179022
A:/cccrccrrc: 0.000000000 0.502903705 0.497096295
A:/cccrccrrf: 0.000000000 0.500844687 0.499155313
A:/cccrcrccr: 0.000000000 0.613549261 0.386450739
A:/cccrcrcfr: 0.000000000 0.980710789 0.019289211
A:/cccrcrcrc: 0.000000000 0.284508843 0.715491157
A:/cccrcrcrf: 0.000000000 0.592218402 0.407781598
A:/cccrcrfcr: 0.000000000 0.593092778 0.406907222
A:/cccrcrffr: 0.000000000 0.531437356 0.468562644
A:/cccrcrfrc: 0.000000000 0.602098222 0.397901778
A:/cccrcrfrf: 0.000000000 0.792025177 0.207974823
A:/cccrcrrcc: 0.000000000 0.515527511 0.484472489
A:/cccrcrrcf: 0.000000000 0.658809490 0.341190510
A:/cccrcrrfc: 0.000000000 0.121657451 0.878342549
A:/cccrcrrff: 0.000000000 0.300188066 0.699811934
A:/cccrf: 0.563611872 0.436388128 0.000000000
A:/cccrfcrc: 0.231693238 0.333242230 0.435064532
A:/cccrfcrf: 0.369076353 0.193651999 0.437271647
A:/cccrfcrr: 0.000000000 0.602957273 0.397042727
A:/cccrfrcr: 0.000000000 0.451629843 0.548370157
A:/cccrfrfr: 0.000000000 0.880731413 0.119268587
A:/cccrfrrc: 0.000000000 0.394178068 0.605821932
A:/cccrfrrf: 0.000000000 0.997195862 0.002804138
A:/cccrr: 0.268278556 0.731682407 0.000039037
A:/cccrrccrc: 0.000000000 0.289583858 0.710416142
A:/cccrrccrf: 0.000000000 0.884180680 0.115819320
A:/cccrrcfrc: 0.000000000 0.363474775 0.636525225
A:/cccrrcfrf: 0.000000000 0.288194666 0.711805334
A:/cccrrcrcc: 0.000000000 0.969509520 0.030490480
A:/cccrrcrcf: 0.000000000 0.588333151 0.411666849
A:/cccrrcrfc: 0.000000000 0.815224503 0.184775497
A:/cccrrcrff: 0.000000000 0.263097428 0.736902572
A:/ccrcc: 0.133721019 0.625064904 0.241214077
A:/ccrccrccr: 0.000000000 0.228551107 0.771448893
A:/ccrccrcfr: 0.000000000 0.251230299 0.748769701
A:/ccrccrcrc: 0.000000000 0.586911682 0.413088318
A:/ccrccrcrf: 0.000000000 0.539919290 0.460080710
A:/ccrccrfcr: 0.000000000 0.142908507 0.857091493
A:/ccrccrffr: 0.000000000 0.573561909 0.426438091
A:/ccrccrfrc: 0.000000000 0.241306985 0.758693015
A:/ccrccrfrf: 0.000000000 0.206364914 0.793635086
A:/ccrccrrcc: 0.000000000 0.301854038 0.698145962
A:/ccrccrrcf: 0.000000000 0.742630174 0.257369826
A:/ccrccrrfc: 0.000000000 0.612194820 0.387805180
A:/ccrccrrff: 0.000000000 0.613066318 0.386933682
A:/ccrcf: 0.468172780 0.346593893 0.185233327
A:/ccrcfrcr: 0.000000000 0.541696221 0.458303779
A:/ccrcfrfr: 0.000000000 0.586724200 0.413275800
A:/ccrcfrrc: 0.000000000 1.000000000 0.000000000
A:/ccrcfrrf: 0.000000000 0.656143633 0.343856367
A:/ccrcr: 0.462306985 0.537693015 0.000000000
A:/ccrcrccrc: 0.000000000 0.425509897 0.574490103
A:/ccrcrccrf: 0.000000000 0.176231859 0.823768141
A:/ccrcrcfrc: 0.000000000 0.605462402 0.394537598
A:/ccrcrcfrf: 0.000000000 0.265783559 0.734216441
A:/ccrcrcrcc: 0.000000000 0.250473748 0.749526252
A:/ccrcrcrcf: 0.000000000 0.582050074 0.417949926
A:/ccrcrcrfc: 0.000000000 0.331751643 0.668248357
A:/ccrcrcrff: 0.000000000 0.494002411 0.505997589
A:/ccrfc: 0.000163195 0.997787203 0.002049602
A:/ccrfcrcr: 0.000000000 0.680122919 0.319877081
A:/ccrfcrfr: 0.000000000 0.671062300 0.328937700
A:/ccrfcrrc: 0.000000000 0.850178288 0.149821712
A:/ccrfcrrf: 0.000000000 0.707931742 0.292068258
A:/ccrff: 0.708683056 0.291316944 0.000000000
A:/ccrffrr: 0.000000000 1.000000000 0.000000000
A:/ccrfr: 0.717057011 0.282787903 0.000155086
A:/ccrfrcrc: 0.000000000 0.885782730 0.114217270
A:/ccrfrcrf: 0.000000000 0.998232716 0.001767284
A:/ccrrc: 0.449860858 0.071836042 0.478303100
A:/ccrrccrcc: 0.000000000 0.236188329 0.763811671
A:/ccrrccrcf: 0.000000000 0.515597411 0.484402589
A:/ccrrccrfc: 0.000000000 0.315168532 0.684831468
A:/ccrrccrff: 0.000000000 0.718399714 0.281600286
A:/ccrrf: 0.287805326 0.705842231 0.006352443
A:/ccrrfcrc: 0.000000000 0.257638708 0.742361292
A:/ccrrfcrf: 0.000000000 0.346682570 0.653317430
A:/ccrrr: 0.000000000 0.450677466 0.549322534
A:/crccr: 0.755511492 0.244488508 0.000000000
A:/crccrccrc: 0.000000000 0.527922958 0.472077042
A:/crccrccrf: 0.000000000 0.777370487 0.222629513
A:/crccrcfrc: 0.000000000 0.434703665 0.565296335
A:/crccrcfrf: 0.000000000 0.602978642 0.397021358
A:/crccrcrcc: 0.000000000 0.510098044 0.489901956
A:/crccrcrcf: 0.000000000 0.351200693 0.648799307
A:/crccrcrfc: 0.000000000 0.655548851 0.344451149
A:/crccrcrff: 0.000000000 0.680237124 0.319762876
A:/crcfr: 0.560609362 0.206322267 0.233068371
A:/crcfrcrc: 0.000000000 0.719201998 0.280798002
A:/crcfrcrf: 0.000000000 0.280445122 0.719554878
A:/crcrc: 0.124850733 0.500326708 0.374822559
A:/crcrccrcc: 0.000000000 0.539396240 0.460603760
A:/crcrccrcf: 0.000000000 0.479875667 0.520124333
A:/crcrccrfc: 0.000000000 0.815418173 0.184581827
A:/crcrccrff: 0.000000000 0.374031297 0.625968703
A:/crcrf: 0.626816729 0.358532784 0.014650487
A:/crcrfcrc: 0.000000000 0.996685083 0.003314917
A:/crcrfcrf: 0.000000000 0.606683044 0.393316956
A:/crcrr: 0.000000000 0.709426993 0.290573007
A:/crfcr: 0.538331875 0.118588330 0.343079795
A:/crfcrcrc: 0.000000000 0.167734956 0.832265044
A:/crfcrcrf: 0.000000000 0.296067337 0.703932663
A:/crffr: 0.640064070 0.330629518 0.029306413
A:/crfrc: 0.237215677 0.762784323 0.000000000
A:/crfrf: 0.545286917 0.000488169 0.454224914
A:/crfrr: 0.000000000 1.000000000 0.000000000
A:/crrcc: 0.501881317 0.130500906 0.367617777
A:/crrcf: 0.320937309 0.311204805 0.367857885
A:/crrcr: 0.000000000 0.848853601 0.151146399
A:/crrfc: 0.403869932 0.307473933 0.288656135
A:/crrff: 0.459482855 0.467628071 0.072889074
A:/crrfr: 0.000000000 0.669904054 0.330095946
A:/crrrc: 0.000000000 0.170081638 0.829918362
A:/crrrf: 0.000000000 0.549299450 0.450700550
A:/r: 0.000254351 0.999744083 0.000001565
A:/rccrc: 0.575347135 0.378848910 0.045803955
A:/rccrccrcc: 0.000000000 0.209148352 0.790851648
A:/rccrccrcf: 0.000000000 0.731319282 0.268680718
A:/rccrccrfc: 0.000000000 0.334793851 0.665206149
A:/rccrccrff: 0.000000000 0.557252078 0.442747922
A:/rccrf: 0.419249077 0.496657578 0.084093345
A:/rccrfcrc: 0.000000000 0.645867613 0.354132387
A:/rccrfcrf: 0.000000000 0.404246848 0.595753152
A:/rccrr: 0.000000000 0.781325289 0.218674711
A:/rcfrc: 0.519605795 0.311777282 0.168616923
A:/rcfrf: 0.430280498 0.498807511 0.070911991
A:/rcfrr: 0.000000000 0.876994332 0.123005668
A:/rcrcc: 0.285687978 0.558495452 0.155816570
A:/rcrcf: 0.463407843 0.356317869 0.180274287
A:/rcrcr: 0.000000000 0.926320198 0.073679802
A:/rcrfc: 0.339848568 0.513335346 0.146816086
A:/rcrff: 0.331385470 0.457106307 0.211508223
A:/rcrfr: 0.000000000 0.419328586 0.580671414
A:/rcrrc: 0.000000000 0.628960213 0.371039787
A:/rcrrf: 0.000000000 0.386837581 0.613162419
A:/rrccr: 0.000000000 0.793597836 0.206402164
A:/rrcfr: 0.000000000 0.610857239 0.389142761
A:/rrcrc: 0.000000000 0.354393108 0.645606892
A:/rrcrf: 0.000000000 0.507417540 0.492582460
A:/rrfcr: 0.000000000 0.909791880 0.090208120
A:/rrffr: 0.000000000 0.999639504 0.000360496
A:/rrfrc: 0.000000000 0.896431149 0.103568851
A:/rrfrf: 0.000000000 0.634869271 0.365130729
A:/rrrcc: 0.000000000 0.892418936 0.107581064
A:/rrrcf: 0.000000000 0.999999881 0.000000119
A:/rrrfc: 0.000000000 0.792109053 0.207890947
A:/rrrff: 0.000000000 0.679140322 0.320859678
J:/c: 0.000000000 1.000000000 0.000000000
J:/cccrc: 0.000000000 0.716157248 0.283842752
J:/cccrccrcc: 0.237490279 0.278653538 0.483856183
J:/cccrccrcf: 0.477067280 0.112704914 0.410227807
J:/cccrccrcr: 0.000000000 0.286471223 0.713528777
J:/cccrccrfc: 0.222329929 0.652449854 0.125220217
J:/cccrccrff: 0.440824520 0.072403537 0.486771943
J:/cccrccrfr: 0.000000000 0.754810779 0.245189221
J:/cccrccrrc: 0.000000000 0.741629933 0.258370067
J:/cccrccrrf: 0.000000000 0.457490782 0.542509218
J:/cccrcrccr: 0.000000000 0.513891067 0.486108933
J:/cccrcrcfr: 0.000000000 0.403028839 0.596971161
J:/cccrcrcrc: 0.000000000 0.532210877 0.467789123
J:/cccrcrcrf: 0.000000000 0.722319033 0.277680967
J:/cccrcrfcr: 0.000000000 0.557986077 0.442013923
J:/cccrcrffr: 0.000000000 0.192666796 0.807333204
J:/cccrcrfrc: 0.000000000 0.878734723 0.121265277
J:/cccrcrfrf: 0.000000000 0.424150575 0.575849425
J:/cccrcrrcc: 0.000000000 0.595167426 0.404832574
J:/cccrcrrcf: 0.000000000 0.475973168 0.524026832
J:/cccrcrrfc: 0.000000000 0.122131545 0.877868455
J:/cccrcrrff: 0.000000000 0.287202493 0.712797507
J:/cccrf: 0.000000000 0.000003042 0.999996958
J:/cccrfcrc: 0.237087008 0.351887661 0.411025330
J:/cccrfcrf: 0.498213487 0.140802537 0.360983976
J:/cccrfcrr: 0.000000000 0.341348062 0.658651938
J:/cccrfrcr: 0.000000000 0.374581771 0.625418229
J:/cccrfrfr: 0.000000000 0.401632672 0.598367328
J:/cccrfrrc: 0.000000000 0.609233300 0.390766700
J:/cccrfrrf: 0.000000000 0.246444358 0.753555642
J:/cccrr: 0.000000000 0.000000000 1.000000000
J:/cccrrccrc: 0.000000000 0.579614637 0.420385363
J:/cccrrccrf: 0.000000000 0.360102666 0.639897334
J:/cccrrcfrc: 0.000000000 0.393319734 0.606680266
J:/cccrrcfrf: 0.000000000 0.354097767 0.645902233
J:/cccrrcrcc: 0.000000000 0.475000350 0.524999650
J:/cccrrcrcf: 0.000000000 0.596611201 0.403388799
J:/cccrrcrfc: 0.000000000 0.747919420 0.252080580
J:/cccrrcrff: 0.000000000 0.634696006 0.365303994
J:/ccrcc: 0.000000000 0.333246104 0.666753896
J:/ccrccrccr: 0.000000000 0.581501315 0.418498685
J:/ccrccrcfr: 0.000000000 0.403392047 0.596607953
J:/ccrccrcrc: 0.000000000 0.491052998 0.508947002
J:/ccrccrcrf: 0.000000000 0.024215541 0.975784459
J:/ccrccrfcr: 0.000000000 0.376923832 0.623076168
J:/ccrccrffr: 0.000000000 0.754734638 0.245265362
J:/ccrccrfrc: 0.000000000 0.374527607 0.625472393
J:/ccrccrfrf: 0.000000000 0.555006243 0.444993757
J:/ccrccrrcc: 0.000000000 0.413619589 0.586380411
J:/ccrccrrcf: 0.000000000 0.496091223 0.503908777
J:/ccrccrrfc: 0.000000000 0.445218345 0.554781655
J:/ccrccrrff: 0.000000000 0.060741568 0.939258432
J:/ccrcf: 0.381803844 0.195800927 0.422395229
J:/ccrcfrcr: 0.000000000 0.460062138 0.539937862
J:/ccrcfrfr: 0.000000000 0.378033089 0.621966911
J:/ccrcfrrc: 0.000000000 0.077457052 0.922542948
J:/ccrcfrrf: 0.000000000 0.191129811 0.808870189
J:/ccrcr: 0.315645157 0.348165911 0.336188931
J:/ccrcrccrc: 0.000000000 0.487246027 0.512753973
J:/ccrcrccrf: 0.000000000 0.518985893 0.481014107
J:/ccrcrcfrc: 0.000000000 0.750872600 0.249127400
J:/ccrcrcfrf: 0.000000000 0.595454530 0.404545470
J:/ccrcrcrcc: 0.000000000 0.163225630 0.836774370
J:/ccrcrcrcf: 0.000000000 0.406259775 0.593740225
J:/ccrcrcrfc: 0.000000000 0.635204116 0.364795884
J:/ccrcrcrff: 0.000000000 0.559725385 0.440274615
J:/ccrfc: 0.000001743 0.000000531 0.999997726
J:/ccrfcrcr: 0.000000000 0.523999569 0.476000431
J:/ccrfcrfr: 0.000000000 0.861949518 0.138050482
J:/ccrfcrrc: 0.000000000 0.000126274 0.999873726
J:/ccrfcrrf: 0.000000000 0.000000000 1.000000000
J:/ccrff: 0.000002417 0.000001891 0.999995692
J:/ccrffrr: 0.000000000 0.000000989 0.999999011
J:/ccrfr: 0.000000227 0.000000939 0.999998833
J:/ccrfrcrc: 0.000000000 0.689718171 0.310281829
J:/ccrfrcrf: 0.000000000 0.543017878 0.456982122
J:/ccrrc: 0.011022436 0.822298572 0.166678992
J:/ccrrccrcc: 0.000000000 0.137930935 0.862069065
J:/ccrrccrcf: 0.000000000 0.461227510 0.538772490
J:/ccrrccrfc: 0.000000000 0.552677679 0.447322321
J:/ccrrccrff: 0.000000000 0.440362505 0.559637495
J:/ccrrf: 0.583992886 0.000000000 0.416007114
J:/ccrrfcrc: 0.000000000 0.792716005 0.207283995
J:/ccrrfcrf: 0.000000000 0.390760111 0.609239889
J:/ccrrr: 0.000000000 0.164972896 0.835027104
J:/crccr: 0.138821103 0.000000000 0.861178897
J:/crccrccrc: 0.000000000 0.318108922 0.681891078
J:/crccrccrf: 0.000000000 0.574292888 0.425707112
J:/crccrcfrc: 0.000000000 0.254087972 0.745912028
J:/crccrcfrf: 0.000000000 0.750342381 0.249657619
J:/crccrcrcc: 0.000000000 0.510463222 0.489536778
J:/crccrcrcf: 0.000000000 0.813434132 0.186565868
J:/crccrcrfc: 0.000000000 0.345408870 0.654591130
J:/crccrcrff: 0.000000000 0.309449845 0.690550155
J:/crcfr: 0.017621010 0.000000000 0.982378990
J:/crcfrcrc: 0.000000000 0.258627396 0.741372604
J:/crcfrcrf: 0.000000000 0.726869446 0.273130554
J:/crcrc: 0.000023377 0.693044609 0.306932014
J:/crcrccrcc: 0.000000000 0.775236266 0.224763734
J:/crcrccrcf: 0.000000000 0.194228304 0.805771696
J:/crcrccrfc: 0.000000000 0.547757712 0.452242288
J:/crcrccrff: 0.000000000 0.755197738 0.244802262
J:/crcrf: 0.143592118 0.170015591 0.686392290
J:/crcrfcrc: 0.000000000 0.715685251 0.284314749
J:/crcrfcrf: 0.000000000 0.699264553 0.300735447
J:/crcrr: 0.000000000 0.917889109 0.082110891
J:/crfcr: 0.000550967 0.760245528 0.239203505
J:/crfcrcrc: 0.000000000 0.325067920 0.674932080
J:/crfcrcrf: 0.000000000 0.246331294 0.753668706
J:/crffr: 0.000000000 0.000002083 0.999997917
J:/crfrc: 0.000880625 0.139248796 0.859870578
J:/crfrf: 0.490270806 0.050019100 0.459710095
J:/crfrr: 0.000000000 0.000469629 0.999530371
J:/crrcc: 0.000000000 0.142178977 0.857821023
J:/crrcf: 0.000000000 0.118993739 0.881006261
J:/crrcr: 0.000000000 0.000000000 1.000000000
J:/crrfc: 0.000060684 0.000000000 0.999939316
J:/crrff: 0.071676272 0.025484052 0.902839676
J:/crrfr: 0.000000000 0.000000000 1.000000000
J:/crrrc: 0.000000000 0.182999795 0.817000205
J:/crrrf: 0.000000000 0.000307010 0.999692990
J:/r: 0.000018847 0.000101374 0.999879779
J:/rccrc: 0.316161247 0.390597900 0.293240853
J:/rccrccrcc: 0.000000000 0.933793534 0.066206466
J:/rccrccrcf: 0.000000000 0.663789740 0.336210260
J:/rccrccrfc: 0.000000000 0.437203616 0.562796384
J:/rccrccrff: 0.000000000 0.496512606 0.503487394
J:/rccrf: 0.429038135 0.281578525 0.289383340
J:/rccrfcrc: 0.000000000 0.030985314 0.969014686
J:/rccrfcrf: 0.000000000 0.664713873 0.335286127
J:/rccrr: 0.000000000 0.277633327 0.722366673
J:/rcfrc: 0.252083040 0.385986091 0.361930870
J:/rcfrf: 0.669702875 0.295689736 0.034607389
J:/rcfrr: 0.000000000 0.655830814 0.344169186
J:/rcrcc: 0.000000025 0.366682379 0.633317596
J:/rcrcf: 0.402243268 0.311184900 0.286571831
J:/rcrcr: 0.000000000 0.000000002 0.999999998
J:/rcrfc: 0.129297809 0.101570404 0.769131787
J:/rcrff: 0.249104889 0.405549168 0.345345943
J:/rcrfr: 0.000000000 0.289448174 0.710551826
J:/rcrrc: 0.000000000 0.410332856 0.589667144
J:/rcrrf: 0.000000000 0.818453175 0.181546825
J:/rrccr: 0.000000000 0.651639150 0.348360850
J:/rrcfr: 0.000000000 0.491317619 0.508682381
J:/rrcrc: 0.000000000 0.768431335 0.231568665
J:/rrcrf: 0.000000000 0.454306642 0.545693358
J:/rrfcr: 0.000000000 0.008896041 0.991103959
J:/rrffr: 0.000000000 0.000000000 1.000000000
J:/rrfrc: 0.000000000 0.000000000 1.000000000
J:/rrfrf: 0.000000000 0.808232626 0.191767374
J:/rrrcc: 0.000000000 0.153425525 0.846574475
J:/rrrcf: 0.000000000 0.302225128 0.697774872
J:/rrrfc: 0.000000000 0.722097462 0.277902538
J:/rrrff: 0.000000000 0.283812245 0.716187755
K:/c: 0.000000000 1.000000000 0.000000000
K:/cccrc: 0.542348337 0.448798928 0.008852736
K:/cccrccrcc: 0.226255297 0.557191164 0.216553539
K:/cccrccrcf: 0.177917651 0.589643877 0.232438471
K:/cccrccrcr: 0.000000000 0.091681046 0.908318954
K:/cccrccrfc: 0.367609952 0.314517134 0.317872914
K:/cccrccrff: 0.360828630 0.385389173 0.253782197
K:/cccrccrfr: 0.000000000 0.630691666 0.369308334
K:/cccrccrrc: 0.000000000 0.752106609 0.247893391
K:/cccrccrrf: 0.000000000 0.090076642 0.909923358
K:/cccrcrccr: 0.000000000 0.884215121 0.115784879
K:/cccrcrcfr: 0.000000000 0.617586902 0.382413098
K:/cccrcrcrc: 0.000000000 0.571325091 0.428674909
K:/cccrcrcrf: 0.000000000 0.349827988 0.650172012
K:/cccrcrfcr: 0.000000000 0.498456396 0.501543604
K:/cccrcrffr: 0.000000000 0.576751009 0.423248991
K:/cccrcrfrc: 0.000000000 0.706685691 0.293314309
K:/cccrcrfrf: 0.000000000 0.889728428 0.110271572
K:/cccrcrrcc: 0.000000000 0.688746903 0.311253097
K:/cccrcrrcf: 0.000000000 0.561467743 0.438532257
K:/cccrcrrfc: 0.000000000 0.291126457 0.708873543
K:/cccrcrrff: 0.000000000 0.512703288 0.487296712
K:/cccrf: 0.000358406 0.860453525 0.139188069
K:/cccrfcrc: 0.069638418 0.370089017 0.560272565
K:/cccrfcrf: 0.389273665 0.490767323 0.119959013
K:/cccrfcrr: 0.000000000 0.400515327 0.599484673
K:/cccrfrcr: 0.000000000 0.463099972 0.536900028
K:/cccrfrfr: 0.000000000 0.941870799 0.058129201
K:/cccrfrrc: 0.000000000 0.182530914 0.817469086
K:/cccrfrrf: 0.000000000 0.538172329 0.461827671
K:/cccrr: 0.072415316 0.486934924 0.440649760
K:/cccrrccrc: 0.000000000 0.581603133 0.418396867
K:/cccrrccrf: 0.000000000 0.714219797 0.285780203
K:/cccrrcfrc: 0.000000000 0.393354479 0.606645521
K:/cccrrcfrf: 0.000000000 0.726033622 0.273966378
K:/cccrrcrcc: 0.000000000 0.265273570 0.734726430
K:/cccrrcrcf: 0.000000000 0.141555651 0.858444349
K:/cccrrcrfc: 0.000000000 0.649679127 0.350320873
K:/cccrrcrff: 0.000000000 0.956948395 0.043051605
K:/ccrcc: 0.339311430 0.505976559 0.154712010
K:/ccrccrccr: 0.000000000 0.459939976 0.540060024
K:/ccrccrcfr: 0.000000000 0.063129516 0.936870484
K:/ccrccrcrc: 0.000000000 0.986931607 0.013068393
K:/ccrccrcrf: 0.000000000 0.395037449 0.604962551
K:/ccrccrfcr: 0.000000000 0.264137296 0.735862704
K:/ccrccrffr: 0.000000000 0.450458458 0.549541542
K:/ccrccrfrc: 0.000000000 0.376308306 0.623691694
K:/ccrccrfrf: 0.000000000 0.540620615 0.459379385
K:/ccrccrrcc: 0.000000000 0.499602279 0.500397721
K:/ccrccrrcf: 0.000000000 0.594070551 0.405929449
K:/ccrccrrfc: 0.000000000 0.368003532 0.631996468
K:/ccrccrrff: 0.000000000 0.718581591 0.281418409
K:/ccrcf: 0.533293584 0.393297115 0.073409301
K:/ccrcfrcr: 0.000000000 0.573182528 0.426817472
K:/ccrcfrfr: 0.000000000 0.583160727 0.416839273
K:/ccrcfrrc: 0.000000000 0.373114390 0.626885610
K:/ccrcfrrf: 0.000000000 0.895898164 0.104101836
K:/ccrcr: 0.527134584 0.472865378 0.000000038
K:/ccrcrccrc: 0.000000000 0.518528185 0.481471815
K:/ccrcrccrf: 0.000000000 0.421126829 0.578873171
K:/ccrcrcfrc: 0.000000000 0.484464069 0.515535931
K:/ccrcrcfrf: 0.000000000 0.483153565 0.516846435
K:/ccrcrcrcc: 0.000000000 0.720012485 0.279987515
K:/ccrcrcrcf: 0.000000000 0.682751363 0.317248637
K:/ccrcrcrfc: 0.000000000 0.412139502 0.587860498
K:/ccrcrcrff: 0.000000000 0.767106621 0.232893379
K:/ccrfc: 0.000000888 0.000001503 0.999997609
K:/ccrfcrcr: 0.000000000 0.320342909 0.679657091
K:/ccrfcrfr: 0.000000000 0.999886390 0.000113610
K:/ccrfcrrc: 0.000000000 0.192075585 0.807924415
K:/ccrfcrrf: 0.000000000 0.617089737 0.382910263
K:/ccrff: 0.000002433 0.000001903 0.999995664
K:/ccrffrr: 0.000000000 0.000000996 0.999999004
K:/ccrfr: 0.089931507 0.000030028 0.910038464
K:/ccrfrcrc: 0.000000000 0.949123360 0.050876640
K:/ccrfrcrf: 0.000000000 0.376859242 0.623140758
K:/ccrrc: 0.488080106 0.511919894 0.000000001
K:/ccrrccrcc: 0.000000000 0.538239668 0.461760332
K:/ccrrccrcf: 0.000000000 0.513828908 0.486171092
K:/ccrrccrfc: 0.000000000 0.596156887 0.403843113
K:/ccrrccrff: 0.000000000 0.642326699 0.357673301
K:/ccrrf: 0.466238589 0.008231074 0.525530337
K:/ccrrfcrc: 0.000000000 0.188752602 0.811247398
K:/ccrrfcrf: 0.000000000 0.741606754 0.258393246
K:/ccrrr: 0.000000000 0.658972227 0.341027773
K:/crccr: 0.424925449 0.422984222 0.152090329
K:/crccrccrc: 0.000000000 0.352903672 0.647096328
K:/crccrccrf: 0.000000000 0.372446301 0.627553699
K:/crccrcfrc: 0.000000000 0.411744966 0.588255034
K:/crccrcfrf: 0.000000000 0.383066201 0.616933799
K:/crccrcrcc: 0.000000000 0.433035964 0.566964036
K:/crccrcrcf: 0.000000000 0.596281186 0.403718814
K:/crccrcrfc: 0.000000000 0.634423511 0.365576489
K:/crccrcrff: 0.000000000 0.535288757 0.464711243
K:/crcfr: 0.999999902 0.000000039 0.000000058
K:/crcfrcrc: 0.000000000 0.196240237 0.803759763
K:/crcfrcrf: 0.000000000 0.450142611 0.549857389
K:/crcrc: 0.247824008 0.260212687 0.491963306
K:/crcrccrcc: 0.000000000 0.158397946 0.841602054
K:/crcrccrcf: 0.000000000 0.822797591 0.177202409
K:/crcrccrfc: 0.000000000 0.522469128 0.477530872
K:/crcrccrff: 0.000000000 0.263159762 0.736840238
K:/crcrf: 0.296178646 0.544743488 0.159077865
K:/crcrfcrc: 0.000000000 0.579316936 0.420683064
K:/crcrfcrf: 0.000000000 0.727247796 0.272752204
K:/crcrr: 0.000000000 0.979545236 0.020454764
K:/crfcr: 0.422041913 0.219643897 0.358314190
K:/crfcrcrc: 0.000000000 0.423957419 0.576042581
K:/crfcrcrf: 0.000000000 0.611337360 0.388662640
K:/crffr: 0.000000000 0.000000000 1.000000000
K:/crfrc: 0.567027607 0.000000000 0.432972393
K:/crfrf: 0.312210664 0.321384294 0.366405043
K:/crfrr: 0.000000000 0.014330682 0.985669318
K:/crrcc: 0.000000000 0.271029621 0.728970379
K:/crrcf: 0.000000000 0.217588990 0.782411010
K:/crrcr: 0.000000000 0.000000000 1.000000000
K:/crrfc: 0.383821986 0.000000000 0.616178014
K:/crrff: 0.000343164 0.000000000 0.999656836
K:/crrfr: 0.000000000 0.065099854 0.934900146
K:/crrrc: 0.000000000 0.040164557 0.959835443
K:/crrrf: 0.000000000 0.504272181 0.495727819
K:/r: 0.000012052 0.000093938 0.999894010
K:/rccrc: 0.209042052 0.137401274 0.653556674
K:/rccrccrcc: 0.000000000 0.527526376 0.472473624
K:/rccrccrcf: 0.000000000 0.441359787 0.558640213
K:/rccrccrfc: 0.000000000 0.094553253 0.905446747
K:/rccrccrff: 0.000000000 0.044919041 0.955080959
K:/rccrf: 0.300242280 0.479283045 0.220474675
K:/rccrfcrc: 0.000000000 0.172551368 0.827448632
K:/rccrfcrf: 0.000000000 0.509128874 0.490871126
K:/rccrr: 0.000000000 0.742207759 0.257792241
K:/rcfrc: 0.429351667 0.243851726 0.326796607
K:/rcfrf: 0.194359260 0.374535436 0.431105304
K:/rcfrr: 0.000000000 0.293819660 0.706180340
K:/rcrcc: 0.173153002 0.332740380 0.494106618
K:/rcrcf: 0.234256901 0.577949424 0.187793675
K:/rcrcr: 0.000000000 0.367432172 0.632567828
K:/rcrfc: 0.159309057 0.292043182 0.548647761
K:/rcrff: 0.115000062 0.322097330 0.562902608
K:/rcrfr: 0.000000000 0.638244334 0.361755666
K:/rcrrc: 0.000000000 0.195989673 0.804010327
K:/rcrrf: 0.000000000 0.903371495 0.096628505
K:/rrccr: 0.000000000 0.874446945 0.125553055
K:/rrcfr: 0.000000000 0.960732058 0.039267942
K:/rrcrc: 0.000000000 0.304326891 0.695673109
K:/rrcrf: 0.000000000 0.266580408 0.733419592
K:/rrfcr: 0.000000000 0.504164092 0.495835908
K:/rrffr: 0.000000000 0.000000000 1.000000000
K:/rrfrc: 0.000000000 0.000000000 1.000000000
K:/rrfrf: 0.000000000 0.188237389 0.811762611
K:/rrrcc: 0.000000000 0.777357360 0.222642640
K:/rrrcf: 0.000000000 0.802823279 0.197176721
K:/rrrfc: 0.000000000 0.540028553 0.459971447
K:/rrrff: 0.000000000 0.709469824 0.290530176
Q:/c: 0.000000000 1.000000000 0.000000000
Q:/cccrc: 0.225806740 0.520721277 0.253471983
Q:/cccrccrcc: 0.250284934 0.389737784 0.359977281
Q:/cccrccrcf: 0.173546604 0.251343232 0.575110163
Q:/cccrccrcr: 0.000000000 0.925823398 0.074176602
Q:/cccrccrfc: 0.364968067 0.224558421 0.410473512
Q:/cccrccrff: 0.322265518 0.626991458 0.050743024
Q:/cccrccrfr: 0.000000000 0.143118212 0.856881788
Q:/cccrccrrc: 0.000000000 0.051308927 0.948691073
Q:/cccrccrrf: 0.000000000 0.351935570 0.648064430
Q:/cccrcrccr: 0.000000000 0.527948370 0.472051630
Q:/cccrcrcfr: 0.000000000 0.390175768 0.609824232
Q:/cccrcrcrc: 0.000000000 0.532381368 0.467618632
Q:/cccrcrcrf: 0.000000000 0.409786705 0.590213295
Q:/cccrcrfcr: 0.000000000 0.578260055 0.421739945
Q:/cccrcrffr: 0.000000000 0.052665144 0.947334856
Q:/cccrcrfrc: 0.000000000 0.495892989 0.504107011
Q:/cccrcrfrf: 0.000000000 0.802661565 0.197338435
Q:/cccrcrrcc: 0.000000000 0.826819744 0.173180256
Q:/cccrcrrcf: 0.000000000 0.633840708 0.366159292
Q:/cccrcrrfc: 0.000000000 0.476606836 0.523393164
Q:/cccrcrrff: 0.000000000 0.713521241 0.286478759
Q:/cccrf: 0.000000000 0.128978902 0.871021098
Q:/cccrfcrc: 0.347883210 0.247861297 0.404255494
Q:/cccrfcrf: 0.107583943 0.491871939 0.400544118
Q:/cccrfcrr: 0.000000000 0.417197284 0.582802716
Q:/cccrfrcr: 0.000000000 0.403515393 0.596484607
Q:/cccrfrfr: 0.000000000 0.564270594 0.435729406
Q:/cccrfrrc: 0.000000000 0.314673840 0.685326160
Q:/cccrfrrf: 0.000000000 0.650989870 0.349010130
Q:/cccrr: 0.232871761 0.346946244 0.420181995
Q:/cccrrccrc: 0.000000000 0.191321386 0.808678614
Q:/cccrrccrf: 0.000000000 0.580881115 0.419118885
Q:/cccrrcfrc: 0.000000000 0.103906032 0.896093968
Q:/cccrrcfrf: 0.000000000 0.542858418 0.457141582
Q:/cccrrcrcc: 0.000000000 0.415281965 0.584718035
Q:/cccrrcrcf: 0.000000000 0.953586551 0.046413449
Q:/cccrrcrfc: 0.000000000 0.560349134 0.439650866
Q:/cccrrcrff: 0.000000000 0.622404334 0.377595666
Q:/ccrcc: 0.126052018 0.591950475 0.281997508
Q:/ccrccrccr: 0.000000000 0.982508651 0.017491349
Q:/ccrccrcfr: 0.000000000 0.775420074 0.224579926
Q:/ccrccrcrc: 0.000000000 0.445900991 0.554099009
Q:/ccrccrcrf: 0.000000000 0.396453889 0.603546111
Q:/ccrccrfcr: 0.000000000 0.379718171 0.620281829
Q:/ccrccrffr: 0.000000000 0.786538910 0.213461090
Q:/ccrccrfrc: 0.000000000 0.047908464 0.952091536
Q:/ccrccrfrf: 0.000000000 0.660129738 0.339870262
Q:/ccrccrrcc: 0.000000000 0.820861417 0.179138583
Q:/ccrccrrcf: 0.000000000 0.441486861 0.558513139
Q:/ccrccrrfc: 0.000000000 0.913556879 0.086443121
Q:/ccrccrrff: 0.000000000 0.562733544 0.437266456
Q:/ccrcf: 0.008773126 0.524280127 0.466946746
Q:/ccrcfrcr: 0.000000000 0.460854993 0.539145007
Q:/ccrcfrfr: 0.000000000 0.513960291 0.486039709
Q:/ccrcfrrc: 0.000000000 0.168016942 0.831983058
Q:/ccrcfrrf: 0.000000000 0.249619927 0.750380073
Q:/ccrcr: 0.214707840 0.000000000 0.785292160
Q:/ccrcrccrc: 0.000000000 0.679762467 0.320237533
Q:/ccrcrccrf: 0.000000000 0.564185122 0.435814878
Q:/ccrcrcfrc: 0.000000000 0.389799475 0.610200525
Q:/ccrcrcfrf: 0.000000000 0.469235969 0.530764031
Q:/ccrcrcrcc: 0.000000000 0.537366525 0.462633475
Q:/ccrcrcrcf: 0.000000000 0.973779853 0.026220147
Q:/ccrcrcrfc: 0.000000000 0.262438342 0.737561658
Q:/ccrcrcrff: 0.000000000 0.362892906 0.637107094
Q:/ccrfc: 0.000000557 0.000000208 0.999999235
Q:/ccrfcrcr: 0.000000000 0.608049016 0.391950984
Q:/ccrfcrfr: 0.000000000 0.999965457 0.000034543
Q:/ccrfcrrc: 0.000000000 0.188420256 0.811579744
Q:/ccrfcrrf: 0.000000000 0.043072591 0.956927409
Q:/ccrff: 0.000002773 0.000002169 0.999995057
Q:/ccrffrr: 0.000000000 0.000001135 0.999998865
Q:/ccrfr: 0.000000241 0.000000785 0.999998974
Q:/ccrfrcrc: 0.000000000 0.447506895 0.552493105
Q:/ccrfrcrf: 0.000000000 0.352020766 0.647979234
Q:/ccrrc: 0.335947568 0.570881727 0.093170705
Q:/ccrrccrcc: 0.000000000 0.428195963 0.571804037
Q:/ccrrccrcf: 0.000000000 0.515226691 0.484773309
Q:/ccrrccrfc: 0.000000000 0.452586359 0.547413641
Q:/ccrrccrff: 0.000000000 0.533881143 0.466118857
Q:/ccrrf: 0.520897400 0.000000002 0.479102599
Q:/ccrrfcrc: 0.000000000 0.500061786 0.499938214
Q:/ccrrfcrf: 0.000000000 0.263155557 0.736844443
Q:/ccrrr: 0.000000000 0.165624248 0.834375752
Q:/crccr: 0.000423932 0.000000000 0.999576068
Q:/crccrccrc: 0.000000000 0.644798002 0.355201998
Q:/crccrccrf: 0.000000000 0.301105717 0.698894283
Q:/crccrcfrc: 0.000000000 0.948372541 0.051627459
Q:/crccrcfrf: 0.000000000 0.355507307 0.644492693
Q:/crccrcrcc: 0.000000000 0.000000000 1.000000000
Q:/crccrcrcf: 0.000000000 0.419988988 0.580011012
Q:/crccrcrfc: 0.000000000 0.806866800 0.193133200
Q:/crccrcrff: 0.000000000 0.833271020 0.166728980
Q:/crcfr: 0.088423857 0.386561994 0.525014149
Q:/crcfrcrc: 0.000000000 0.472045909 0.527954091
Q:/crcfrcrf: 0.000000000 0.382876090 0.617123910
Q:/crcrc: 0.119237419 0.639432342 0.241330239
Q:/crcrccrcc: 0.000000000 0.558072063 0.441927937
Q:/crcrccrcf: 0.000000000 0.593045566 0.406954434
Q:/crcrccrfc: 0.000000000 0.189665953 0.810334047
Q:/crcrccrff: 0.000000000 0.840377606 0.159622394
Q:/crcrf: 0.307296930 0.501169181 0.191533889
Q:/crcrfcrc: 0.000000000 0.334540340 0.665459660
Q:/crcrfcrf: 0.000000000 0.021588239 0.978411761
Q:/crcrr: 0.000000000 0.528170357 0.471829643
Q:/crfcr: 0.000553485 0.978429722 0.021016793
Q:/crfcrcrc: 0.000000000 0.410779267 0.589220733
Q:/crfcrcrf: 0.000000000 0.920555572 0.079444428
Q:/crffr: 0.000000000 0.000015847 0.999984153
Q:/crfrc: 0.000817996 0.683624090 0.315557914
Q:/crfrf: 0.021299567 0.547804735 0.430895698
Q:/crfrr: 0.000000000 0.000503541 0.999496459
Q:/crrcc: 0.083512933 0.388968841 0.527518226
Q:/crrcf: 0.000000000 0.767731821 0.232268179
Q:/crrcr: 0.000000000 0.351121289 0.648878711
Q:/crrfc: 0.000032175 0.000000000 0.999967825
Q:/crrff: 0.000364153 0.000000000 0.999635847
Q:/crrfr: 0.000000000 0.000233503 0.999766497
Q:/crrrc: 0.000000000 0.073891180 0.926108820
Q:/crrrf: 0.000000000 0.000256625 0.999743375
Q:/r: 0.000015962 0.000136978 0.999847060
Q:/rccrc: 0.280487407 0.379640994 0.339871599
Q:/rccrccrcc: 0.000000000 0.831963552 0.168036448
Q:/rccrccrcf: 0.000000000 0.109254962 0.890745038
Q:/rccrccrfc: 0.000000000 0.591831671 0.408168329
Q:/rccrccrff: 0.000000000 0.341226264 0.658773736
Q:/rccrf: 0.310387801 0.557134459 0.132477740
Q:/rccrfcrc: 0.000000000 0.524087438 0.475912562
Q:/rccrfcrf: 0.000000000 0.378161215 0.621838785
Q:/rccrr: 0.000000000 0.657943921 0.342056079
Q:/rcfrc: 0.282430996 0.347742182 0.369826822
Q:/rcfrf: 0.295961659 0.379066889 0.324971452
Q:/rcfrr: 0.000000000 0.740987160 0.259012840
Q:/rcrcc: 0.002057292 0.726748152 0.271194556
Q:/rcrcf: 0.054185000 0.565472896 0.380342104
Q:/rcrcr: 0.000000000 0.337558543 0.662441457
Q:/rcrfc: 0.192923171 0.416627429 0.390449400
Q:/rcrff: 0.293430091 0.238314183 0.468255726
Q:/rcrfr: 0.000000000 0.000000001 0.999999999
Q:/rcrrc: 0.000000000 0.429694998 0.570305002
Q:/rcrrf: 0.000000000 0.791607996 0.208392004
Q:/rrccr: 0.000000000 0.027229973 0.972770027
Q:/rrcfr: 0.000000000 0.474881416 0.525118584
Q:/rrcrc: 0.000000000 0.604523478 0.395476522
Q:/rrcrf: 0.000000000 0.610727555 0.389272445
Q:/rrfcr: 0.000000000 0.628808337 0.371191663
Q:/rrffr: 0.000000000 0.464306921 0.535693079
Q:/rrfrc: 0.000000000 0.000000000 1.000000000
Q:/rrfrf: 0.000000000 0.674752187 0.325247813
Q:/rrrcc: 0.000000000 0.315807801 0.684192199
Q:/rrrcf: 0.000000000 0.419110423 0.580889577
Q:/rrrfc: 0.000000000 0.501390973 0.498609027
Q:/rrrff: 0.000000000 0.992374951 0.007625049
T:/c: 0.000000000 1.000000000 0.000000000
T:/cccrc: 0.359846489 0.536477714 0.103675797
T:/cccrccrcc: 0.595283853 0.021198228 0.383517919
T:/cccrccrcf: 0.133730152 0.490494462 0.375775386
T:/cccrccrcr: 0.000000000 0.388226468 0.611773532
T:/cccrccrfc: 0.528052446 0.102126685 0.369820869
T:/cccrccrff: 0.650211317 0.165676839 0.184111843
T:/cccrccrfr: 0.000000000 0.186028645 0.813971355
T:/cccrccrrc: 0.000000000 0.566254447 0.433745553
T:/cccrccrrf: 0.000000000 0.692199393 0.307800607
T:/cccrcrccr: 0.000000000 0.648335457 0.351664543
T:/cccrcrcfr: 0.000000000 0.735279713 0.264720287
T:/cccrcrcrc: 0.000000000 0.557999332 0.442000668
T:/cccrcrcrf: 0.000000000 0.201623587 0.798376413
T:/cccrcrfcr: 0.000000000 0.278381274 0.721618726
T:/cccrcrffr: 0.000000000 0.355900261 0.644099739
T:/cccrcrfrc: 0.000000000 0.090749483 0.909250517
T:/cccrcrfrf: 0.000000000 0.125183897 0.874816103
T:/cccrcrrcc: 0.000000000 0.621717245 0.378282755
T:/cccrcrrcf: 0.000000000 0.518468231 0.481531769
T:/cccrcrrfc: 0.000000000 0.718313849 0.281686151
T:/cccrcrrff: 0.000000000 0.724911190 0.275088810
T:/cccrf: 0.000000000 0.187697055 0.812302945
T:/cccrfcrc: 0.000000000 0.408633697 0.591366303
T:/cccrfcrf: 0.542702244 0.195855498 0.261442259
T:/cccrfcrr: 0.000000000 0.814022914 0.185977086
T:/cccrfrcr: 0.000000000 0.309762000 0.690238000
T:/cccrfrfr: 0.000000000 0.670703670 0.329296330
T:/cccrfrrc: 0.000000000 0.232175925 0.767824075
T:/cccrfrrf: 0.000000000 0.784741576 0.215258424
T:/cccrr: 0.471898905 0.248210314 0.279890780
T:/cccrrccrc: 0.000000000 0.571558493 0.428441507
T:/cccrrccrf: 0.000000000 0.501712037 0.498287963
T:/cccrrcfrc: 0.000000000 0.566965571 0.433034429
T:/cccrrcfrf: 0.000000000 0.749098103 0.250901897
T:/cccrrcrcc: 0.000000000 0.400292687 0.599707313
T:/cccrrcrcf: 0.000000000 0.411084490 0.588915510
T:/cccrrcrfc: 0.000000000 0.525396898 0.474603102
T:/cccrrcrff: 0.000000000 0.124123857 0.875876143
T:/ccrcc: 0.000000000 0.393731963 0.606268037
T:/ccrccrccr: 0.000000000 0.573867654 0.426132346
T:/ccrccrcfr: 0.000000000 0.638023988 0.361976012
T:/ccrccrcrc: 0.000000000 0.665919280 0.334080720
T:/ccrccrcrf: 0.000000000 0.810388844 0.189611156
T:/ccrccrfcr: 0.000000000 0.565065603 0.434934397
T:/ccrccrffr: 0.000000000 0.195193788 0.804806212
T:/ccrccrfrc: 0.000000000 0.794238788 0.205761212
T:/ccrccrfrf: 0.000000000 0.346033895 0.653966105
T:/ccrccrrcc: 0.000000000 0.000000000 1.000000000
T:/ccrccrrcf: 0.000000000 0.512183471 0.487816529
T:/ccrccrrfc: 0.000000000 0.424852210 0.575147790
T:/ccrccrrff: 0.000000000 0.137377033 0.862622967
T:/ccrcf: 0.000000000 0.188022378 0.811977622
T:/ccrcfrcr: 0.000000000 0.767408058 0.232591942
T:/ccrcfrfr: 0.000000000 0.475006252 0.524993748
T:/ccrcfrrc: 0.000000000 0.411337763 0.588662237
T:/ccrcfrrf: 0.000000000 0.595075619 0.404924381
T:/ccrcr: 0.458204959 0.000000000 0.541795041
T:/ccrcrccrc: 0.000000000 0.612410083 0.387589917
T:/ccrcrccrf: 0.000000000 0.516163363 0.483836637
T:/ccrcrcfrc: 0.000000000 0.486216057 0.513783943
T:/ccrcrcfrf: 0.000000000 0.036362938 0.963637062
T:/ccrcrcrcc: 0.000000000 0.539218006 0.460781994
T:/ccrcrcrcf: 0.000000000 0.403475915 0.596524085
T:/ccrcrcrfc: 0.000000000 0.231915860 0.768084140
T:/ccrcrcrff: 0.000000000 0.142477746 0.857522254
T:/ccrfc: 0.000003695 0.000001049 0.999995256
T:/ccrfcrcr: 0.000000000 0.380168880 0.619831120
T:/ccrfcrfr: 0.000000000 0.882872517 0.117127483
T:/ccrfcrrc: 0.000000000 0.000142160 0.999857840
T:/ccrfcrrf: 0.000000000 0.288384169 0.711615831
T:/ccrff: 0.000001963 0.000001535 0.999996502
T:/ccrffrr: 0.000000000 0.000000803 0.999999197
T:/ccrfr: 0.000000233 0.000000757 0.999999010
T:/ccrfrcrc: 0.000000000 0.246478600 0.753521400
T:/ccrfrcrf: 0.000000000 0.635402651 0.364597349
T:/ccrrc: 0.130322241 0.869677758 0.000000001
T:/ccrrccrcc: 0.000000000 0.601833736 0.398166264
T:/ccrrccrcf: 0.000000000 0.269143762 0.730856238
T:/ccrrccrfc: 0.000000000 0.508912255 0.491087745
T:/ccrrccrff: 0.000000000 0.625794196 0.374205804
T:/ccrrf: 0.443198732 0.072069857 0.484731410
T:/ccrrfcrc: 0.000000000 0.550032006 0.449967994
T:/ccrrfcrf: 0.000000000 0.858709682 0.141290318
T:/ccrrr: 0.000000000 0.167467414 0.832532586
T:/crccr: 0.000315900 0.000000000 0.999684100
T:/crccrccrc: 0.000000000 0.447476918 0.552523082
T:/crccrccrf: 0.000000000 0.073394867 0.926605133
T:/crccrcfrc: 0.000000000 0.207226306 0.792773694
T:/crccrcfrf: 0.000000000 0.688422504 0.311577496
T:/crccrcrcc: 0.000000000 0.040053559 0.959946441
T:/crccrcrcf: 0.000000000 0.357029779 0.642970221
T:/crccrcrfc: 0.000000000 0.190234991 0.809765009
T:/crccrcrff: 0.000000000 0.221440190 0.778559810
T:/crcfr: 0.000569889 0.000000000 0.999430111
T:/crcfrcrc: 0.000000000 0.184107450 0.815892550
T:/crcfrcrf: 0.000000000 0.562436244 0.437563756
T:/crcrc: 0.125464426 0.408311565 0.466224008
T:/crcrccrcc: 0.000000000 0.333498504 0.666501496
T:/crcrccrcf: 0.000000000 0.294196077 0.705803923
T:/crcrccrfc: 0.000000000 0.680931821 0.319068179
T:/crcrccrff: 0.000000000 0.619079217 0.380920783
T:/crcrf: 0.353241445 0.147083596 0.499674959
T:/crcrfcrc: 0.000000000 0.304628421 0.695371579
T:/crcrfcrf: 0.000000000 0.905119955 0.094880045
T:/crcrr: 0.000000000 0.858516290 0.141483710
T:/crfcr: 0.000559975 0.740485062 0.258954963
T:/crfcrcrc: 0.000000000 0.634258346 0.365741654
T:/crfcrcrf: 0.000000000 0.468871874 0.531128126
T:/crffr: 0.000000000 0.000008484 0.999991516
T:/crfrc: 0.046155598 0.000000000 0.953844402
T:/crfrf: 0.162023388 0.393494087 0.444482525
T:/crfrr: 0.000000000 0.000475725 0.999524275
T:/crrcc: 0.000000000 0.390233823 0.609766177
T:/crrcf: 0.000000000 0.220613772 0.779386228
T:/crrcr: 0.000000000 0.000000000 1.000000000
T:/crrfc: 0.000073952 0.000000000 0.999926048
T:/crrff: 0.143088749 0.131590458 0.725320792
T:/crrfr: 0.000000000 0.000000000 1.000000000
T:/crrrc: 0.000000000 0.000000000 1.000000000
T:/crrrf: 0.000000000 0.000263410 0.999736590
T:/r: 0.000020441 0.000157853 0.999821707
T:/rccrc: 0.499444797 0.222848661 0.277706543
T:/rccrccrcc: 0.000000000 0.292393346 0.707606654
T:/rccrccrcf: 0.000000000 0.496238308 0.503761692
T:/rccrccrfc: 0.000000000 0.578410348 0.421589652
T:/rccrccrff: 0.000000000 0.079934270 0.920065730
T:/rccrf: 0.490155915 0.203203730 0.306640354
T:/rccrfcrc: 0.000000000 0.037313138 0.962686862
T:/rccrfcrf: 0.000000000 0.509427423 0.490572577
T:/rccrr: 0.000000000 0.732655118 0.267344882
T:/rcfrc: 0.204712075 0.267866681 0.527421244
T:/rcfrf: 0.144141625 0.504910308 0.350948067
T:/rcfrr: 0.000000000 0.954330804 0.045669196
T:/rcrcc: 0.116766854 0.375790262 0.507442884
T:/rcrcf: 0.633207455 0.152790054 0.214002491
T:/rcrcr: 0.000000000 0.294961920 0.705038080
T:/rcrfc: 0.184365008 0.203858353 0.611776639
T:/rcrff: 0.267749305 0.135311750 0.596938945
T:/rcrfr: 0.000000000 0.000000001 0.999999999
T:/rcrrc: 0.000000000 0.416547356 0.583452644
T:/rcrrf: 0.000000000 0.021241953 0.978758047
T:/rrccr: 0.000000000 0.974897493 0.025102507
T:/rrcfr: 0.000000000 0.404950515 0.595049485
T:/rrcrc: 0.000000000 0.991758562 0.008241438
T:/rrcrf: 0.000000000 0.169841864 0.830158136
T:/rrfcr: 0.000000000 0.165218347 0.834781653
T:/rrffr: 0.000000000 0.000000000 1.000000000
T:/rrfrc: 0.000000000 0.000000000 1.000000000
T:/rrfrf: 0.000000000 0.298212092 0.701787908
T:/rrrcc: 0.000000000 0.486286082 0.513713918
T:/rrrcf: 0.000000000 0.263611964 0.736388036
T:/rrrfc: 0.000000000 0.230273761 0.769726239
T:/rrrff: 0.000000000 0.416380901 0.583619099
