A:/cc: 0.016074399 0.983925601 0.000000000
A:/cccrcc: 0.266096691 0.527823789 0.206079520
A:/cccrccrccr: 0.000000000 0.095192505 0.904807495
A:/cccrccrcfr: 0.000000000 0.238730661 0.761269339
A:/cccrccrcrc: 0.000000000 0.334070593 0.665929407
A:/cccrccrcrf: 0.000000000 0.566787731 0.433212269
A:/cccrccrfcr: 0.000000000 0.442576817 0.557423183
A:/cccrccrffr: 0.000000000 0.633245872 0.366754128
A:/cccrccrfrc: 0.000000000 0.708030639 0.291969361
A:/cccrccrfrf: 0.000000000 0.677501164 0.322498836
A:/cccrccrrcc: 0.000000000 0.653695603 0.346304397
A:/cccrccrrcf: 0.000000000 0.835146460 0.164853540
A:/cccrccrrfc: 0.000000000 0.437841441 0.562158559
A:/cccrccrrff: 0.000000000 0.607910368 0.392089632
A:/cccrcf: 0.114847764 0.585435155 0.299717081
A:/cccrcfrcr: 0.000000000 0.922281706 0.077718294
A:/cccrcfrfr: 0.000000000 0.720133512 0.279866488
A:/cccrcfrrc: 0.000000000 0.799264872 0.200735128
A:/cccrcfrrf: 0.000000000 0.605745931 0.394254069
A:/cccrcr: 0.560461624 0.328178262 0.111360115
A:/cccrcrccrc: 0.000000000 0.068615268 0.931384732
A:/cccrcrccrf: 0.000000000 0.563025991 0.436974009
A:/cccrcrcfrc: 0.000000000 0.767414425 0.232585575
A:/cccrcrcfrf: 0.000000000 0.508687067 0.491312933
A:/cccrcrcrcc: 0.000000000 0.371245965 0.628754035
A:/cccrcrcrcf: 0.000000000 0.767783489 0.232216511
A:/cccrcrcrfc: 0.000000000 0.533135287 0.466864713
A:/cccrcrcrff: 0.000000000 0.079850698 0.920149302
A:/cccrfc: 0.097633001 0.794379624 0.107987375
A:/cccrfcrcr: 0.000000000 0.766995065 0.233004935
A:/cccrfcrfr: 0.000000000 0.976482764 0.023517236
A:/cccrfcrrc: 0.000000000 0.765039094 0.234960906
A:/cccrfcrrf: 0.000000000 0.918157503 0.081842497
A:/cccrff: 0.313382571 0.686617429 0.000000000
A:/cccrffrr: 0.000000000 0.880812110 0.119187890
A:/cccrfr: 0.325862628 0.674134596 0.000002777
A:/cccrfrcrc: 0.000000000 0.666378570 0.333621430
A:/cccrfrcrf: 0.000000000 0.739875144 0.260124856
A:/cccrrc: 0.251773106 0.404533721 0.343693173
A:/cccrrccrcc: 0.000000000 0.587045000 0.412955000
A:/cccrrccrcf: 0.000000000 0.388739912 0.611260088
A:/cccrrccrfc: 0.000000000 0.925618008 0.074381992
A:/cccrrccrff: 0.000000000 0.454405715 0.545594285
A:/cccrrf: 0.385406676 0.291812464 0.322780860
A:/cccrrfcrc: 0.000000000 0.867578116 0.132421884
A:/cccrrfcrf: 0.000000000 0.952104199 0.047895801
A:/cccrrr: 0.000000000 0.022223295 0.977776705
A:/ccrccr: 0.514097057 0.485902943 0.000000000
A:/ccrccrccrc: 0.000000000 0.642183739 0.357816261
A:/ccrccrccrf: 0.000000000 0.200528212 0.799471788
A:/ccrccrcfrc: 0.000000000 0.275886403 0.724113597
A:/ccrccrcfrf: 0.000000000 0.233423958 0.766576042
A:/ccrccrcrcc: 0.000000000 0.685176833 0.314823167
A:/ccrccrcrcf: 0.000000000 0.620306362 0.379693638
A:/ccrccrcrfc: 0.000000000 0.656024982 0.343975018
A:/ccrccrcrff: 0.000000000 0.668764838 0.331235162
A:/ccrcfr: 0.244489323 0.478550592 0.276960085
A:/ccrcfrcrc: 0.000000000 0.730515664 0.269484336
A:/ccrcfrcrf: 0.000000000 0.713924104 0.286075896
A:/ccrcrc: 0.355292754 0.310251619 0.334455627
A:/ccrcrccrcc: 0.000000000 0.373658151 0.626341849
A:/ccrcrccrcf: 0.000000000 0.615380241 0.384619759
A:/ccrcrccrfc: 0.000000000 0.806491951 0.193508049
A:/ccrcrccrff: 0.000000000 0.561502401 0.438497599
A:/ccrcrf: 0.347974984 0.146284872 0.505740144
A:/ccrcrfcrc: 0.000000000 0.279138913 0.720861087
A:/ccrcrfcrf: 0.000000000 0.156300846 0.843699154
A:/ccrcrr: 0.000000000 0.744250038 0.255749962
A:/ccrfcr: 0.718133749 0.281866243 0.000000009
A:/ccrfcrcrc: 0.000000000 0.855071986 0.144928014
A:/ccrfcrcrf: 0.000000000 0.617562344 0.382437656
A:/ccrffr: 0.319235401 0.550043943 0.130720655
A:/ccrfrc: 0.331882771 0.079205623 0.588911607
A:/ccrfrf: 0.457220700 0.322056344 0.220722956
A:/ccrfrr: 0.000000000 0.383813814 0.616186186
A:/ccrrcc: 0.758426735 0.241229269 0.000343996
A:/ccrrcf: 0.413486141 0.122402326 0.464111533
A:/ccrrcr: 0.000000000 0.711204904 0.288795096
A:/ccrrfc: 0.371635811 0.621432631 0.006931558
A:/ccrrff: 0.487438059 0.136808540 0.375753401
A:/ccrrfr: 0.000000000 0.564606428 0.435393572
A:/ccrrrc: 0.000000000 0.366789766 0.633210234
A:/ccrrrf: 0.000000000 0.967881169 0.032118831
A:/cr: 0.000000162 0.999999793 0.000000045
A:/crccrc: 0.376524896 0.251366889 0.372108215
A:/crccrccrcc: 0.000000000 0.673894813 0.326105187
A:/crccrccrcf: 0.000000000 0.132637513 0.867362487
A:/crccrccrfc: 0.000000000 0.577189271 0.422810729
A:/crccrccrff: 0.000000000 0.568015036 0.431984964
A:/crccrf: 0.517385611 0.000000006 0.482614383
A:/crccrfcrc: 0.000000000 0.418955224 0.581044776
A:/crccrfcrf: 0.000000000 0.528084483 0.471915517
A:/crccrr: 0.000000000 0.604573902 0.395426098
A:/crcfrc: 0.122993204 0.332000384 0.545006412
A:/crcfrf: 0.209395015 0.505107937 0.285497047
A:/crcfrr: 0.000000000 0.042690448 0.957309552
A:/crcrcc: 0.350689854 0.433157396 0.216152750
A:/crcrcf: 0.473355005 0.142221377 0.384423618
A:/crcrcr: 0.000000000 0.434688924 0.565311076
A:/crcrfc: 0.411025764 0.414215365 0.174758871
A:/crcrff: 0.633365598 0.252137700 0.114496702
A:/crcrfr: 0.000000000 0.737790396 0.262209604
A:/crcrrc: 0.000000000 0.824123895 0.175876105
A:/crcrrf: 0.000000000 0.732878319 0.267121681
A:/crrccr: 0.000000000 0.608957796 0.391042204
A:/crrcfr: 0.000000000 0.423411870 0.576588130
A:/crrcrc: 0.000000000 0.543850882 0.456149118
A:/crrcrf: 0.000000000 0.476389002 0.523610998
A:/crrfcr: 0.000000000 0.201992732 0.798007268
A:/crrffr: 0.000000000 0.851757549 0.148242451
A:/crrfrc: 0.000000000 0.919430282 0.080569718
A:/crrfrf: 0.000000000 0.364526536 0.635473464
A:/crrrcc: 0.000000000 0.792501720 0.207498280
A:/crrrcf: 0.000000000 0.914103556 0.085896444
A:/crrrfc: 0.000000000 0.529746144 0.470253856
A:/crrrff: 0.000000000 0.660311856 0.339688144
A:/rc: 0.000227746 0.739068264 0.260703990
A:/rccrcc: 0.872123153 0.099669143 0.028207704
A:/rccrcf: 0.275323347 0.263692856 0.460983796
A:/rccrcr: 0.000000000 0.664820105 0.335179895
A:/rccrfc: 0.427666625 0.341095608 0.231237767
A:/rccrff: 0.297322302 0.552809476 0.149868222
A:/rccrfr: 0.000000000 0.770320306 0.229679694
A:/rccrrc: 0.000000000 0.599119052 0.400880948
A:/rccrrf: 0.000000000 0.559684440 0.440315560
A:/rcrccr: 0.000000000 0.386790047 0.613209953
A:/rcrcfr: 0.000000000 0.553056640 0.446943360
A:/rcrcrc: 0.000000000 0.749353526 0.250646474
A:/rcrcrf: 0.000000000 0.878353916 0.121646084
A:/rcrfcr: 0.000000000 0.966104266 0.033895734
A:/rcrffr: 0.000000000 0.534494945 0.465505055
A:/rcrfrc: 0.000000000 0.042401588 0.957598412
A:/rcrfrf: 0.000000000 0.055975818 0.944024182
A:/rcrrcc: 0.000000000 0.457009949 0.542990051
A:/rcrrcf: 0.000000000 0.836500624 0.163499376
A:/rcrrfc: 0.000000000 0.890556369 0.109443631
A:/rcrrff: 0.000000000 0.354131037 0.645868963
A:/rf: 0.391440557 0.384707306 0.223852138
A:/rfcrc: 0.579000373 0.242345654 0.178653973
A:/rfcrf: 0.534246637 0.220708634 0.245044729
A:/rfcrr: 0.000000000 0.490886740 0.509113260
A:/rfrcr: 0.000000000 0.353245902 0.646754098
A:/rfrfr: 0.000000000 0.527455576 0.472544424
A:/rfrrc: 0.000000000 0.981046732 0.018953268
A:/rfrrf: 0.000000000 0.312836590 0.687163410
A:/rr: 0.661303262 0.338329959 0.000366779
A:/rrccrc: 0.000000000 0.270147655 0.729852345
A:/rrccrf: 0.000000000 0.488263903 0.511736097
A:/rrcfrc: 0.000000000 0.508531147 0.491468853
A:/rrcfrf: 0.000000000 0.142912144 0.857087856
A:/rrcrcc: 0.000000000 0.535540078 0.464459922
A:/rrcrcf: 0.000000000 0.465725727 0.534274273
A:/rrcrfc: 0.000000000 0.716407657 0.283592343
A:/rrcrff: 0.000000000 0.152098470 0.847901530
J:/cc: 0.002229309 0.997770691 0.000000000
J:/cccrcc: 0.048822093 0.312206431 0.638971477
J:/cccrccrccr: 0.000000000 0.652318935 0.347681065
J:/cccrccrcfr: 0.000000000 0.398645144 0.601354856
J:/cccrccrcrc: 0.000000000 0.960436624 0.039563376
J:/cccrccrcrf: 0.000000000 0.659404537 0.340595463
J:/cccrccrfcr: 0.000000000 0.546946107 0.453053893
J:/cccrccrffr: 0.000000000 0.482558952 0.517441048
J:/cccrccrfrc: 0.000000000 0.379821074 0.620178926
J:/cccrccrfrf: 0.000000000 0.755046605 0.244953395
J:/cccrccrrcc: 0.000000000 0.032731407 0.967268593
J:/cccrccrrcf: 0.000000000 0.245546566 0.754453434
J:/cccrccrrfc: 0.000000000 0.782406626 0.217593374
J:/cccrccrrff: 0.000000000 0.571121671 0.428878329
J:/cccrcf: 0.118275874 0.652455106 0.229269021
J:/cccrcfrcr: 0.000000000 0.146915611 0.853084389
J:/cccrcfrfr: 0.000000000 0.642162249 0.357837751
J:/cccrcfrrc: 0.000000000 0.172733796 0.827266204
J:/cccrcfrrf: 0.000000000 0.673843701 0.326156299
J:/cccrcr: 0.425628513 0.480516361 0.093855126
J:/cccrcrccrc: 0.000000000 0.777214876 0.222785124
J:/cccrcrccrf: 0.000000000 0.198055222 0.801944778
J:/cccrcrcfrc: 0.000000000 0.538921246 0.461078754
J:/cccrcrcfrf: 0.000000000 0.844314860 0.155685140
J:/cccrcrcrcc: 0.000000000 0.140905847 0.859094153
J:/cccrcrcrcf: 0.000000000 0.745965622 0.254034378
J:/cccrcrcrfc: 0.000000000 0.555065428 0.444934572
J:/cccrcrcrff: 0.000000000 0.285150221 0.714849779
J:/cccrfc: 0.000000000 0.000000000 1.000000000
J:/cccrfcrcr: 0.000000000 0.926842727 0.073157273
J:/cccrfcrfr: 0.000000000 0.956809915 0.043190085
J:/cccrfcrrc: 0.000000000 0.000000000 1.000000000
J:/cccrfcrrf: 0.000000000 0.000000000 1.000000000
J:/cccrff: 0.000000000 0.000000000 1.000000000
J:/cccrffrr: 0.000000000 0.000000000 1.000000000
J:/cccrfr: 0.000000326 0.000000000 0.999999674
J:/cccrfrcrc: 0.000000000 0.826563230 0.173436770
J:/cccrfrcrf: 0.000000000 0.536046391 0.463953609
J:/cccrrc: 0.267459091 0.672122825 0.060418083
J:/cccrrccrcc: 0.000000000 0.491459525 0.508540475
J:/cccrrccrcf: 0.000000000 0.532824571 0.467175429
J:/cccrrccrfc: 0.000000000 0.230828888 0.769171112
J:/cccrrccrff: 0.000000000 0.478429754 0.521570246
J:/cccrrf: 0.455142149 0.062924492 0.481933358
J:/cccrrfcrc: 0.000000000 0.493082930 0.506917070
J:/cccrrfcrf: 0.000000000 0.418336660 0.581663340
J:/cccrrr: 0.000000000 0.863863452 0.136136548
J:/ccrccr: 0.000073565 0.000000000 0.999926435
J:/ccrccrccrc: 0.000000000 0.285627166 0.714372834
J:/ccrccrccrf: 0.000000000 0.860916125 0.139083875
J:/ccrccrcfrc: 0.000000000 0.734413651 0.265586349
J:/ccrccrcfrf: 0.000000000 0.037659214 0.962340786
J:/ccrccrcrcc: 0.000000000 0.415138305 0.584861695
J:/ccrccrcrcf: 0.000000000 0.900541160 0.099458840
J:/ccrccrcrfc: 0.000000000 0.567231601 0.432768399
J:/ccrccrcrff: 0.000000000 0.399732657 0.600267343
J:/ccrcfr: 0.051937250 0.405165138 0.542897612
J:/ccrcfrcrc: 0.000000000 0.613097316 0.386902684
J:/ccrcfrcrf: 0.000000000 0.454539239 0.545460761
J:/ccrcrc: 0.187283073 0.400408128 0.412308799
J:/ccrcrccrcc: 0.000000000 0.647968843 0.352031157
J:/ccrcrccrcf: 0.000000000 0.606734280 0.393265720
J:/ccrcrccrfc: 0.000000000 0.307984041 0.692015959
J:/ccrcrccrff: 0.000000000 0.041879652 0.958120348
J:/ccrcrf: 0.138479196 0.000000000 0.861520804
J:/ccrcrfcrc: 0.000000000 0.475454208 0.524545792
J:/ccrcrfcrf: 0.000000000 0.946250670 0.053749330
J:/ccrcrr: 0.000000000 0.658577585 0.341422415
J:/ccrfcr: 0.001324574 0.000000032 0.998675394
J:/ccrfcrcrc: 0.000000000 0.227151164 0.772848836
J:/ccrfcrcrf: 0.000000000 0.532535260 0.467464740
J:/ccrffr: 0.015034528 0.021705473 0.963259999
J:/ccrfrc: 0.408332642 0.332532330 0.259135028
J:/ccrfrf: 0.237646230 0.224736242 0.537617529
J:/ccrfrr: 0.000000000 0.472634621 0.527365379
J:/ccrrcc: 0.000199091 0.000056837 0.999744071
J:/ccrrcf: 1.000000000 0.000000000 0.000000000
J:/ccrrcr: 0.000000000 0.000227772 0.999772228
J:/ccrrfc: 0.000010022 0.000000000 0.999989978
J:/ccrrff: 0.000002602 0.000000000 0.999997398
J:/ccrrfr: 0.000000000 0.000000000 1.000000000
J:/ccrrrc: 0.000000000 0.706329251 0.293670749
J:/ccrrrf: 0.000000000 0.258256112 0.741743888
J:/cr: 0.000000000 0.000000000 1.000000000
J:/crccrc: 0.553147431 0.225402560 0.221450009
J:/crccrccrcc: 0.000000000 0.900227989 0.099772011
J:/crccrccrcf: 0.000000000 0.376645094 0.623354906
J:/crccrccrfc: 0.000000000 0.431315704 0.568684296
J:/crccrccrff: 0.000000000 0.394073776 0.605926224
J:/crccrf: 0.021036327 0.598303227 0.380660446
J:/crccrfcrc: 0.000000000 0.353259405 0.646740595
J:/crccrfcrf: 0.000000000 0.268760606 0.731239394
J:/crccrr: 0.000000000 0.477270978 0.522729022
J:/crcfrc: 0.255754863 0.232574115 0.511671021
J:/crcfrf: 0.343857854 0.403086559 0.253055586
J:/crcfrr: 0.000000000 0.758423139 0.241576861
J:/crcrcc: 0.001282443 0.893859884 0.104857674
J:/crcrcf: 0.303234665 0.407148263 0.289617072
J:/crcrcr: 0.000000000 0.490486689 0.509513311
J:/crcrfc: 0.221194579 0.190065012 0.588740409
J:/crcrff: 0.377567912 0.545765089 0.076666998
J:/crcrfr: 0.000000000 0.817555699 0.182444301
J:/crcrrc: 0.000000000 0.383099586 0.616900414
J:/crcrrf: 0.000000000 0.221564645 0.778435355
J:/crrccr: 0.000000000 0.541777916 0.458222084
J:/crrcfr: 0.000000000 0.456101608 0.543898392
J:/crrcrc: 0.000000000 0.013604018 0.986395982
J:/crrcrf: 0.000000000 0.230901621 0.769098379
J:/crrfcr: 0.000000000 0.108374292 0.891625708
J:/crrffr: 0.000000000 0.000000000 1.000000000
J:/crrfrc: 0.000000000 0.000000000 1.000000000
J:/crrfrf: 0.000000000 0.839689153 0.160310847
J:/crrrcc: 0.000000000 0.573205705 0.426794295
J:/crrrcf: 0.000000000 0.869123770 0.130876230
J:/crrrfc: 0.000000000 0.067469788 0.932530212
J:/crrrff: 0.000000000 0.202460906 0.797539094
J:/rc: 0.000107298 0.098092420 0.901800282
J:/rccrcc: 0.058537320 0.466735770 0.474726909
J:/rccrcf: 0.116147579 0.473848786 0.410003636
J:/rccrcr: 0.000000000 0.262580768 0.737419232
J:/rccrfc: 0.319469347 0.539271774 0.141258878
J:/rccrff: 0.000000555 0.717493734 0.282505712
J:/rccrfr: 0.000000000 0.640621655 0.359378345
J:/rccrrc: 0.000000000 0.608241632 0.391758368
J:/rccrrf: 0.000000000 0.624669977 0.375330023
J:/rcrccr: 0.000000000 0.671519012 0.328480988
J:/rcrcfr: 0.000000000 0.278391895 0.721608105
J:/rcrcrc: 0.000000000 0.608907757 0.391092243
J:/rcrcrf: 0.000000000 0.634001462 0.365998538
J:/rcrfcr: 0.000000000 0.483090145 0.516909855
J:/rcrffr: 0.000000000 0.668180962 0.331819038
J:/rcrfrc: 0.000000000 0.636121880 0.363878120
J:/rcrfrf: 0.000000000 0.508089710 0.491910290
J:/rcrrcc: 0.000000000 0.530661304 0.469338696
J:/rcrrcf: 0.000000000 0.658628725 0.341371275
J:/rcrrfc: 0.000000000 0.695532881 0.304467119
J:/rcrrff: 0.000000000 0.208623002 0.791376998
J:/rf: 0.000000000 0.000000000 1.000000000
J:/rfcrc: 0.000000000 0.482343792 0.517656208
J:/rfcrf: 0.309947340 0.429096817 0.260955843
J:/rfcrr: 0.000000000 0.595274537 0.404725463
J:/rfrcr: 0.000000000 0.510243992 0.489756008
J:/rfrfr: 0.000000000 0.623686402 0.376313598
J:/rfrrc: 0.000000000 0.111618719 0.888381281
J:/rfrrf: 0.000000000 0.458155375 0.541844625
J:/rr: 0.000119110 0.000000000 0.999880890
J:/rrccrc: 0.000000000 0.497789925 0.502210075
J:/rrccrf: 0.000000000 0.477086842 0.522913158
J:/rrcfrc: 0.000000000 0.000004161 0.999995839
J:/rrcfrf: 0.000000000 0.391814739 0.608185261
J:/rrcrcc: 0.000000000 0.529346104 0.470653896
J:/rrcrcf: 0.000000000 0.494505667 0.505494333
J:/rrcrfc: 0.000000000 0.574204201 0.425795799
J:/rrcrff: 0.000000000 0.923116737 0.076883263
K:/cc: 0.001015772 0.998984228 0.000000000
K:/cccrcc: 0.000000000 0.319916200 0.680083800
K:/cccrccrccr: 0.000000000 0.430200505 0.569799495
K:/cccrccrcfr: 0.000000000 0.470679428 0.529320572
K:/cccrccrcrc: 0.000000000 0.204261400 0.795738600
K:/cccrccrcrf: 0.000000000 0.514339729 0.485660271
K:/cccrccrfcr: 0.000000000 0.868181991 0.131818009
K:/cccrccrffr: 0.000000000 0.228214177 0.771785823
K:/cccrccrfrc: 0.000000000 0.835387254 0.164612746
K:/cccrccrfrf: 0.000000000 0.245851979 0.754148021
K:/cccrccrrcc: 0.000000000 0.320721684 0.679278316
K:/cccrccrrcf: 0.000000000 0.621220708 0.378779292
K:/cccrccrrfc: 0.000000000 0.528571367 0.471428633
K:/cccrccrrff: 0.000000000 0.712352229 0.287647771
K:/cccrcf: 0.626378566 0.072970268 0.300651165
K:/cccrcfrcr: 0.000000000 0.189903614 0.810096386
K:/cccrcfrfr: 0.000000000 0.843336471 0.156663529
K:/cccrcfrrc: 0.000000000 0.568898594 0.431101406
K:/cccrcfrrf: 0.000000000 0.604699744 0.395300256
K:/cccrcr: 0.322411032 0.284219532 0.393369436
K:/cccrcrccrc: 0.000000000 0.652246514 0.347753486
K:/cccrcrccrf: 0.000000000 0.607465404 0.392534596
K:/cccrcrcfrc: 0.000000000 0.156219377 0.843780623
K:/cccrcrcfrf: 0.000000000 0.621085516 0.378914484
K:/cccrcrcrcc: 0.000000000 0.608543742 0.391456258
K:/cccrcrcrcf: 0.000000000 0.695978136 0.304021864
K:/cccrcrcrfc: 0.000000000 0.397352824 0.602647176
K:/cccrcrcrff: 0.000000000 0.578083017 0.421916983
K:/cccrfc: 0.000006096 0.000030254 0.999963651
K:/cccrfcrcr: 0.000000000 0.999810895 0.000189105
K:/cccrfcrfr: 0.000000000 0.753361752 0.246638248
K:/cccrfcrrc: 0.000000000 0.289594071 0.710405929
K:/cccrfcrrf: 0.000000000 0.593508796 0.406491204
K:/cccrff: 0.000072002 0.000000000 0.999927998
K:/cccrffrr: 0.000000000 0.000000000 1.000000000
K:/cccrfr: 0.000000000 0.128978584 0.871021416
K:/cccrfrcrc: 0.000000000 0.491459302 0.508540698
K:/cccrfrcrf: 0.000000000 0.561042176 0.438957824
K:/cccrrc: 0.445602183 0.375807707 0.178590110
K:/cccrrccrcc: 0.000000000 0.661447997 0.338552003
K:/cccrrccrcf: 0.000000000 0.887795492 0.112204508
K:/cccrrccrfc: 0.000000000 0.963622197 0.036377803
K:/cccrrccrff: 0.000000000 0.255767310 0.744232690
K:/cccrrf: 0.295570264 0.492082164 0.212347573
K:/cccrrfcrc: 0.000000000 0.163880105 0.836119895
K:/cccrrfcrf: 0.000000000 0.419876850 0.580123150
K:/cccrrr: 0.000000000 0.274455115 0.725544885
K:/ccrccr: 0.736024438 0.263975562 0.000000000
K:/ccrccrccrc: 0.000000000 1.000000000 0.000000000
K:/ccrccrccrf: 0.000000000 0.392247993 0.607752007
K:/ccrccrcfrc: 0.000000000 0.789698019 0.210301981
K:/ccrccrcfrf: 0.000000000 0.795101344 0.204898656
K:/ccrccrcrcc: 0.000000000 0.523934781 0.476065219
K:/ccrccrcrcf: 0.000000000 0.419664915 0.580335085
K:/ccrccrcrfc: 0.000000000 0.143073517 0.856926483
K:/ccrccrcrff: 0.000000000 0.664073226 0.335926774
K:/ccrcfr: 0.896214736 0.000024885 0.103760379
K:/ccrcfrcrc: 0.000000000 0.397592684 0.602407316
K:/ccrcfrcrf: 0.000000000 0.735535768 0.264464232
K:/ccrcrc: 0.126661702 0.353255600 0.520082698
K:/ccrcrccrcc: 0.000000000 0.392234669 0.607765331
K:/ccrcrccrcf: 0.000000000 0.524011230 0.475988770
K:/ccrcrccrfc: 0.000000000 0.726251953 0.273748047
K:/ccrcrccrff: 0.000000000 0.896885215 0.103114785
K:/ccrcrf: 0.213626937 0.272576430 0.513796633
K:/ccrcrfcrc: 0.000000000 0.049679170 0.950320830
K:/ccrcrfcrf: 0.000000000 0.972246253 0.027753747
K:/ccrcrr: 0.000000000 0.410489493 0.589510507
K:/ccrfcr: 0.001522929 0.000000079 0.998476992
K:/ccrfcrcrc: 0.000000000 0.000000006 0.999999994
K:/ccrfcrcrf: 0.000000000 0.351215898 0.648784102
K:/ccrffr: 0.118915262 0.318041895 0.563042843
K:/ccrfrc: 0.395544329 0.272106402 0.332349268
K:/ccrfrf: 0.324341841 0.358474099 0.317184060
K:/ccrfrr: 0.000000000 0.520707068 0.479292932
K:/ccrrcc: 0.000186543 0.000081487 0.999731970
K:/ccrrcf: 1.000000000 0.000000000 0.000000000
K:/ccrrcr: 0.000000000 0.147023674 0.852976326
K:/ccrrfc: 1.000000000 0.000000000 0.000000000
K:/ccrrff: 0.000000000 0.000000000 1.000000000
K:/ccrrfr: 0.000000000 0.000347475 0.999652525
K:/ccrrrc: 0.000000000 0.771490261 0.228509739
K:/ccrrrf: 0.000000000 0.000000000 1.000000000
K:/cr: 0.000000000 0.000000000 1.000000000
K:/crccrc: 0.499193941 0.440153922 0.060652137
K:/crccrccrcc: 0.000000000 0.709372856 0.290627144
K:/crccrccrcf: 0.000000000 0.564674122 0.435325878
K:/crccrccrfc: 0.000000000 0.472259690 0.527740310
K:/crccrccrff: 0.000000000 0.752048939 0.247951061
K:/crccrf: 0.137075137 0.413825824 0.449099039
K:/crccrfcrc: 0.000000000 0.384448929 0.615551071
K:/crccrfcrf: 0.000000000 0.957801047 0.042198953
K:/crccrr: 0.000000000 0.663381447 0.336618553
K:/crcfrc: 0.124234174 0.423529068 0.452236759
K:/crcfrf: 0.223003752 0.496696508 0.280299740
K:/crcfrr: 0.000000000 1.000000000 0.000000000
K:/crcrcc: 0.048153881 0.702039766 0.249806353
K:/crcrcf: 0.410333257 0.444674805 0.144991938
K:/crcrcr: 0.000000000 0.696267215 0.303732785
K:/crcrfc: 0.210492099 0.413352023 0.376155878
K:/crcrff: 0.488894168 0.483177211 0.027928620
K:/crcrfr: 0.000000000 0.207108042 0.792891958
K:/crcrrc: 0.000000000 0.695858795 0.304141205
K:/crcrrf: 0.000000000 0.684706226 0.315293774
K:/crrccr: 0.000000000 0.278069543 0.721930457
K:/crrcfr: 0.000000000 0.158911094 0.841088906
K:/crrcrc: 0.000000000 0.090314343 0.909685657
K:/crrcrf: 0.000000000 0.873187299 0.126812701
K:/crrfcr: 0.000000000 0.449247448 0.550752552
K:/crrffr: 0.000000000 0.195801260 0.804198740
K:/crrfrc: 0.000000000 0.094577895 0.905422105
K:/crrfrf: 0.000000000 0.618765900 0.381234100
K:/crrrcc: 0.000000000 0.490679798 0.509320202
K:/crrrcf: 0.000000000 0.999999982 0.000000018
K:/crrrfc: 0.000000000 0.266435771 0.733564229
K:/crrrff: 0.000000000 0.999997950 0.000002050
K:/rc: 0.000000000 0.662043723 0.337956277
K:/rccrcc: 0.377264718 0.089463963 0.533271319
K:/rccrcf: 0.047011694 0.638962821 0.314025485
K:/rccrcr: 0.000000000 0.829799438 0.170200562
K:/rccrfc: 0.007357322 0.603522310 0.389120368
K:/rccrff: 0.162263724 0.412313588 0.425422688
K:/rccrfr: 0.000000000 0.368281034 0.631718966
K:/rccrrc: 0.000000000 0.814682664 0.185317336
K:/rccrrf: 0.000000000 0.866215591 0.133784409
K:/rcrccr: 0.000000000 0.436065067 0.563934933
K:/rcrcfr: 0.000000000 0.853965727 0.146034273
K:/rcrcrc: 0.000000000 0.523819687 0.476180313
K:/rcrcrf: 0.000000000 0.416590886 0.583409114
K:/rcrfcr: 0.000000000 0.601703506 0.398296494
K:/rcrffr: 0.000000000 0.877613169 0.122386831
K:/rcrfrc: 0.000000000 0.531925746 0.468074254
K:/rcrfrf: 0.000000000 0.550774217 0.449225783
K:/rcrrcc: 0.000000000 0.125892657 0.874107343
K:/rcrrcf: 0.000000000 0.057545906 0.942454094
K:/rcrrfc: 0.000000000 0.577357006 0.422642994
K:/rcrrff: 0.000000000 0.488851825 0.511148175
K:/rf: 0.384238294 0.055687727 0.560073980
K:/rfcrc: 0.327784133 0.246758301 0.425457567
K:/rfcrf: 0.085430919 0.710419531 0.204149550
K:/rfcrr: 0.000000000 0.504922879 0.495077121
K:/rfrcr: 0.000000000 0.083173109 0.916826891
K:/rfrfr: 0.000000000 0.312816292 0.687183708
K:/rfrrc: 0.000000000 0.709746818 0.290253182
K:/rfrrf: 0.000000000 0.688255934 0.311744066
K:/rr: 0.057092727 0.103110851 0.839796421
K:/rrccrc: 0.000000000 0.979279191 0.020720809
K:/rrccrf: 0.000000000 0.049302247 0.950697753
K:/rrcfrc: 0.000000000 0.904460463 0.095539537
K:/rrcfrf: 0.000000000 0.548478686 0.451521314
K:/rrcrcc: 0.000000000 0.608929932 0.391070068
K:/rrcrcf: 0.000000000 0.379744680 0.620255320
K:/rrcrfc: 0.000000000 0.439020035 0.560979965
K:/rrcrff: 0.000000000 0.687415571 0.312584429
Q:/cc: 0.002338809 0.997661191 0.000000000
Q:/cccrcc: 0.000000000 0.816213060 0.183786940
Q:/cccrccrccr: 0.000000000 0.899908170 0.100091830
Q:/cccrccrcfr: 0.000000000 0.766398503 0.233601497
Q:/cccrccrcrc: 0.000000000 0.061320354 0.938679646
Q:/cccrccrcrf: 0.000000000 0.530256325 0.469743675
Q:/cccrccrfcr: 0.000000000 0.324491043 0.675508957
Q:/cccrccrffr: 0.000000000 0.507594973 0.492405027
Q:/cccrccrfrc: 0.000000000 0.486413064 0.513586936
Q:/cccrccrfrf: 0.000000000 0.896471192 0.103528808
Q:/cccrccrrcc: 0.000000000 0.888744836 0.111255164
Q:/cccrccrrcf: 0.000000000 0.392131147 0.607868853
Q:/cccrccrrfc: 0.000000000 0.445576632 0.554423368
Q:/cccrccrrff: 0.000000000 0.434564696 0.565435304
Q:/cccrcf: 0.290339273 0.439094086 0.270566641
Q:/cccrcfrcr: 0.000000000 0.622090804 0.377909196
Q:/cccrcfrfr: 0.000000000 0.512936034 0.487063966
Q:/cccrcfrrc: 0.000000000 0.218116697 0.781883303
Q:/cccrcfrrf: 0.000000000 0.435425918 0.564574082
Q:/cccrcr: 0.362846382 0.484874033 0.152279585
Q:/cccrcrccrc: 0.000000000 0.359311682 0.640688318
Q:/cccrcrccrf: 0.000000000 0.725371549 0.274628451
Q:/cccrcrcfrc: 0.000000000 0.702944377 0.297055623
Q:/cccrcrcfrf: 0.000000000 0.689815764 0.310184236
Q:/cccrcrcrcc: 0.000000000 0.655333839 0.344666161
Q:/cccrcrcrcf: 0.000000000 0.572841958 0.427158042
Q:/cccrcrcrfc: 0.000000000 0.745659629 0.254340371
Q:/cccrcrcrff: 0.000000000 0.294474533 0.705525467
Q:/cccrfc: 0.000000000 0.000000000 1.000000000
Q:/cccrfcrcr: 0.000000000 0.728413848 0.271586152
Q:/cccrfcrfr: 0.000000000 0.716336017 0.283663983
Q:/cccrfcrrc: 0.000000000 0.073512716 0.926487284
Q:/cccrfcrrf: 0.000000000 0.000000000 1.000000000
Q:/cccrff: 0.000000000 0.000000000 1.000000000
Q:/cccrffrr: 0.000000000 0.000000000 1.000000000
Q:/cccrfr: 0.000000244 0.000000000 0.999999756
Q:/cccrfrcrc: 0.000000000 0.011777519 0.988222481
Q:/cccrfrcrf: 0.000000000 0.420314293 0.579685707
Q:/cccrrc: 0.474613681 0.485835551 0.039550768
Q:/cccrrccrcc: 0.000000000 0.910366871 0.089633129
Q:/cccrrccrcf: 0.000000000 0.425040657 0.574959343
Q:/cccrrccrfc: 0.000000000 0.439192660 0.560807340
Q:/cccrrccrff: 0.000000000 0.457305858 0.542694142
Q:/cccrrf: 0.000793038 0.502368236 0.496838726
Q:/cccrrfcrc: 0.000000000 0.137000405 0.862999595
Q:/cccrrfcrf: 0.000000000 0.273151424 0.726848576
Q:/cccrrr: 0.000000000 0.842454905 0.157545095
Q:/ccrccr: 0.000139251 0.390270855 0.609589895
Q:/ccrccrccrc: 0.000000000 0.325031579 0.674968421
Q:/ccrccrccrf: 0.000000000 0.374104989 0.625895011
Q:/ccrccrcfrc: 0.000000000 0.043072185 0.956927815
Q:/ccrccrcfrf: 0.000000000 0.360738714 0.639261286
Q:/ccrccrcrcc: 0.000000000 0.555042071 0.444957929
Q:/ccrccrcrcf: 0.000000000 0.339590633 0.660409367
Q:/ccrccrcrfc: 0.000000000 0.712541214 0.287458786
Q:/ccrccrcrff: 0.000000000 0.973218617 0.026781383
Q:/ccrcfr: 0.000080009 0.317046745 0.682873246
Q:/ccrcfrcrc: 0.000000000 0.464640663 0.535359337
Q:/ccrcfrcrf: 0.000000000 0.371374740 0.628625260
Q:/ccrcrc: 0.165182035 0.476491740 0.358326226
Q:/ccrcrccrcc: 0.000000000 0.574046817 0.425953183
Q:/ccrcrccrcf: 0.000000000 0.631057405 0.368942595
Q:/ccrcrccrfc: 0.000000000 0.210311283 0.789688717
Q:/ccrcrccrff: 0.000000000 0.404443483 0.595556517
Q:/ccrcrf: 0.057225383 0.168487161 0.774287456
Q:/ccrcrfcrc: 0.000000000 0.487444483 0.512555517
Q:/ccrcrfcrf: 0.000000000 0.514439698 0.485560302
Q:/ccrcrr: 0.000000000 0.538669969 0.461330031
Q:/ccrfcr: 0.001153100 0.000000091 0.998846809
Q:/ccrfcrcrc: 0.000000000 0.449881699 0.550118301
Q:/ccrfcrcrf: 0.000000000 0.940351222 0.059648778
Q:/ccrffr: 0.000000000 0.000000000 1.000000000
Q:/ccrfrc: 0.256534749 0.547831143 0.195634108
Q:/ccrfrf: 0.440645797 0.314970582 0.244383620
Q:/ccrfrr: 0.000000000 0.934950437 0.065049563
Q:/ccrrcc: 0.000266124 0.000013417 0.999720459
Q:/ccrrcf: 1.000000000 0.000000000 0.000000000
Q:/ccrrcr: 0.000000000 0.299818439 0.700181561
Q:/ccrrfc: 0.014133845 0.064386355 0.921479800
Q:/ccrrff: 0.000098842 0.009688162 0.990212996
Q:/ccrrfr: 0.000000000 0.000254030 0.999745970
Q:/ccrrrc: 0.000000000 0.000000000 1.000000000
Q:/ccrrrf: 0.000000000 0.000000000 1.000000000
Q:/cr: 0.000000000 0.000000000 1.000000000
Q:/crccrc: 0.000000000 0.231701577 0.768298423
Q:/crccrccrcc: 0.000000000 0.498405730 0.501594270
Q:/crccrccrcf: 0.000000000 0.609893267 0.390106733
Q:/crccrccrfc: 0.000000000 0.704855564 0.295144436
Q:/crccrccrff: 0.000000000 0.467243266 0.532756734
Q:/crccrf: 0.282744506 0.349384990 0.367870504
Q:/crccrfcrc: 0.000000000 0.550234898 0.449765102
Q:/crccrfcrf: 0.000000000 0.433691324 0.566308676
Q:/crccrr: 0.000000000 0.502026027 0.497973973
Q:/crcfrc: 0.084159241 0.318024038 0.597816721
Q:/crcfrf: 0.241032158 0.385441725 0.373526117
Q:/crcfrr: 0.000000000 0.479932665 0.520067335
Q:/crcrcc: 0.252575950 0.420472947 0.326951103
Q:/crcrcf: 0.223994774 0.436087998 0.339917228
Q:/crcrcr: 0.000000000 0.408973746 0.591026254
Q:/crcrfc: 0.109926370 0.326877089 0.563196541
Q:/crcrff: 0.081761664 0.452417001 0.465821335
Q:/crcrfr: 0.000000000 0.420021226 0.579978774
Q:/crcrrc: 0.000000000 0.262380444 0.737619556
Q:/crcrrf: 0.000000000 0.508304494 0.491695506
Q:/crrccr: 0.000000000 0.104760318 0.895239682
Q:/crrcfr: 0.000000000 0.716225453 0.283774547
Q:/crrcrc: 0.000000000 0.722653339 0.277346661
Q:/crrcrf: 0.000000000 0.780709030 0.219290970
Q:/crrfcr: 0.000000000 0.504371517 0.495628483
Q:/crrffr: 0.000000000 0.233394869 0.766605131
Q:/crrfrc: 0.000000000 0.348725887 0.651274113
Q:/crrfrf: 0.000000000 0.252824059 0.747175941
Q:/crrrcc: 0.000000000 0.380274524 0.619725476
Q:/crrrcf: 0.000000000 0.748966039 0.251033961
Q:/crrrfc: 0.000000000 0.299691945 0.700308055
Q:/crrrff: 0.000000000 0.695113770 0.304886230
Q:/rc: 0.000016789 0.087243865 0.912739347
Q:/rccrcc: 0.331881177 0.337988420 0.330130403
Q:/rccrcf: 0.000096398 0.665450364 0.334453239
Q:/rccrcr: 0.000000000 0.760172388 0.239827612
Q:/rccrfc: 0.000071195 0.266316670 0.733612136
Q:/rccrff: 0.254109241 0.183910982 0.561979777
Q:/rccrfr: 0.000000000 0.684295260 0.315704740
Q:/rccrrc: 0.000000000 0.839571524 0.160428476
Q:/rccrrf: 0.000000000 0.015271937 0.984728063
Q:/rcrccr: 0.000000000 0.474413533 0.525586467
Q:/rcrcfr: 0.000000000 0.298125311 0.701874689
Q:/rcrcrc: 0.000000000 0.515406461 0.484593539
Q:/rcrcrf: 0.000000000 0.579071554 0.420928446
Q:/rcrfcr: 0.000000000 0.581178013 0.418821987
Q:/rcrffr: 0.000000000 0.321468343 0.678531657
Q:/rcrfrc: 0.000000000 0.177721371 0.822278629
Q:/rcrfrf: 0.000000000 0.382613014 0.617386986
Q:/rcrrcc: 0.000000000 0.506029202 0.493970798
Q:/rcrrcf: 0.000000000 0.483764345 0.516235655
Q:/rcrrfc: 0.000000000 0.494834054 0.505165946
Q:/rcrrff: 0.000000000 0.228662398 0.771337602
Q:/rf: 0.000000000 0.000000000 1.000000000
Q:/rfcrc: 0.000000000 0.323428294 0.676571706
Q:/rfcrf: 0.042276777 0.457447207 0.500276016
Q:/rfcrr: 0.000000000 0.347200072 0.652799928
Q:/rfrcr: 0.000000000 0.435167118 0.564832882
Q:/rfrfr: 0.000000000 0.464016986 0.535983014
Q:/rfrrc: 0.000000000 0.250811772 0.749188228
Q:/rfrrf: 0.000000000 0.535369906 0.464630094
Q:/rr: 0.000202960 0.000000000 0.999797039
Q:/rrccrc: 0.000000000 0.135586680 0.864413320
Q:/rrccrf: 0.000000000 0.239516209 0.760483791
Q:/rrcfrc: 0.000000000 0.772911350 0.227088650
Q:/rrcfrf: 0.000000000 0.707298490 0.292701510
Q:/rrcrcc: 0.000000000 0.785992732 0.214007268
Q:/rrcrcf: 0.000000000 0.600994781 0.399005219
Q:/rrcrfc: 0.000000000 0.586787019 0.413212981
Q:/rrcrff: 0.000000000 0.389832767 0.610167233
T:/cc: 0.001988969 0.998011031 0.000000000
T:/cccrcc: 0.000000000 0.268682284 0.731317716
T:/cccrccrccr: 0.000000000 0.192197941 0.807802059
T:/cccrccrcfr: 0.000000000 0.130973014 0.869026986
T:/cccrccrcrc: 0.000000000 0.825638370 0.174361630
T:/cccrccrcrf: 0.000000000 0.212142712 0.787857288
T:/cccrccrfcr: 0.000000000 0.736404235 0.263595765
T:/cccrccrffr: 0.000000000 0.457041227 0.542958773
T:/cccrccrfrc: 0.000000000 0.964441724 0.035558276
T:/cccrccrfrf: 0.000000000 0.251458543 0.748541457
T:/cccrccrrcc: 0.000000000 0.152074037 0.847925963
T:/cccrccrrcf: 0.000000000 0.598607508 0.401392492
T:/cccrccrrfc: 0.000000000 0.501189554 0.498810446
T:/cccrccrrff: 0.000000000 0.441825912 0.558174088
T:/cccrcf: 0.027487949 0.455230412 0.517281638
T:/cccrcfrcr: 0.000000000 0.765296070 0.234703930
T:/cccrcfrfr: 0.000000000 0.287487703 0.712512297
T:/cccrcfrrc: 0.000000000 0.022946942 0.977053058
T:/cccrcfrrf: 0.000000000 0.649927136 0.350072864
T:/cccrcr: 0.320032756 0.452793264 0.227173980
T:/cccrcrccrc: 0.000000000 0.255684656 0.744315344
T:/cccrcrccrf: 0.000000000 0.419461299 0.580538701
T:/cccrcrcfrc: 0.000000000 0.554247699 0.445752301
T:/cccrcrcfrf: 0.000000000 0.606502516 0.393497484
T:/cccrcrcrcc: 0.000000000 0.238744379 0.761255621
T:/cccrcrcrcf: 0.000000000 0.512711946 0.487288054
T:/cccrcrcrfc: 0.000000000 0.339729639 0.660270361
T:/cccrcrcrff: 0.000000000 0.488874165 0.511125835
T:/cccrfc: 0.000000000 0.000000000 1.000000000
T:/cccrfcrcr: 0.000000000 0.739419961 0.260580039
T:/cccrfcrfr: 0.000000000 0.124652605 0.875347395
T:/cccrfcrrc: 0.000000000 0.568259098 0.431740902
T:/cccrfcrrf: 0.000000000 0.000000000 1.000000000
T:/cccrff: 0.000000000 0.000000000 1.000000000
T:/cccrffrr: 0.000000000 0.000000000 1.000000000
T:/cccrfr: 0.000000175 0.000000000 0.999999825
T:/cccrfrcrc: 0.000000000 0.441104182 0.558895818
T:/cccrfrcrf: 0.000000000 0.466685601 0.533314399
T:/cccrrc: 0.312829470 0.603795460 0.083375070
T:/cccrrccrcc: 0.000000000 0.721737352 0.278262648
T:/cccrrccrcf: 0.000000000 0.672028344 0.327971656
T:/cccrrccrfc: 0.000000000 0.407548561 0.592451439
T:/cccrrccrff: 0.000000000 0.210098434 0.789901566
T:/cccrrf: 0.126176956 0.268536306 0.605286739
T:/cccrrfcrc: 0.000000000 0.233778405 0.766221595
T:/cccrrfcrf: 0.000000000 0.485418266 0.514581734
T:/cccrrr: 0.000000000 0.703225143 0.296774857
T:/ccrccr: 0.000139808 0.202198618 0.797661574
T:/ccrccrccrc: 0.000000000 0.000000000 1.000000000
T:/ccrccrccrf: 0.000000000 0.409057600 0.590942400
T:/ccrccrcfrc: 0.000000000 0.382254680 0.617745320
T:/ccrccrcfrf: 0.000000000 0.375246399 0.624753601
T:/ccrccrcrcc: 0.000000000 0.487659175 0.512340825
T:/ccrccrcrcf: 0.000000000 0.427239613 0.572760387
T:/ccrccrcrfc: 0.000000000 0.044662913 0.955337087
T:/ccrccrcrff: 0.000000000 0.435341224 0.564658776
T:/ccrcfr: 0.000047107 0.199606356 0.800346537
T:/ccrcfrcrc: 0.000000000 0.237593603 0.762406397
T:/ccrcfrcrf: 0.000000000 0.891541152 0.108458848
T:/ccrcrc: 0.152662101 0.177077524 0.670260374
T:/ccrcrccrcc: 0.000000000 0.461305493 0.538694507
T:/ccrcrccrcf: 0.000000000 0.369379000 0.630621000
T:/ccrcrccrfc: 0.000000000 0.915787718 0.084212282
T:/ccrcrccrff: 0.000000000 0.455180216 0.544819784
T:/ccrcrf: 0.030184079 0.000000000 0.969815921
T:/ccrcrfcrc: 0.000000000 0.601170395 0.398829605
T:/ccrcrfcrf: 0.000000000 0.542811731 0.457188269
T:/ccrcrr: 0.000000000 0.626091018 0.373908982
T:/ccrfcr: 0.001494789 0.000000020 0.998505191
T:/ccrfcrcrc: 0.000000000 0.000000018 0.999999982
T:/ccrfcrcrf: 0.000000000 0.770079596 0.229920404
T:/ccrffr: 0.498104305 0.449305819 0.052589876
T:/ccrfrc: 0.039290981 0.326215404 0.634493615
T:/ccrfrf: 0.235057990 0.386734115 0.378207895
T:/ccrfrr: 0.000000000 0.634317668 0.365682332
T:/ccrrcc: 0.000271611 0.000000000 0.999728389
T:/ccrrcf: 0.751735809 0.174444674 0.073819517
T:/ccrrcr: 0.000000000 0.000144320 0.999855680
T:/ccrrfc: 0.003679020 0.294209047 0.702111933
T:/ccrrff: 0.000038571 0.000000000 0.999961429
T:/ccrrfr: 0.000000000 0.061348768 0.938651232
T:/ccrrrc: 0.000000000 0.000000000 1.000000000
T:/ccrrrf: 0.000000000 0.287546995 0.712453005
T:/cr: 0.000000000 0.000000000 1.000000000
T:/crccrc: 0.150940314 0.578566835 0.270492851
T:/crccrccrcc: 0.000000000 0.973394439 0.026605561
T:/crccrccrcf: 0.000000000 0.403986943 0.596013057
T:/crccrccrfc: 0.000000000 0.872349259 0.127650741
T:/crccrccrff: 0.000000000 0.797579653 0.202420347
T:/crccrf: 0.446533879 0.092363170 0.461102951
T:/crccrfcrc: 0.000000000 0.779313596 0.220686404
T:/crccrfcrf: 0.000000000 0.499709570 0.500290430
T:/crccrr: 0.000000000 0.816732894 0.183267106
T:/crcfrc: 0.000000000 0.368214841 0.631785159
T:/crcfrf: 0.402263205 0.299201702 0.298535093
T:/crcfrr: 0.000000000 0.772113954 0.227886046
T:/crcrcc: 0.351991400 0.334884435 0.313124164
T:/crcrcf: 0.258114064 0.315871638 0.426014298
T:/crcrcr: 0.000000000 0.370788232 0.629211768
T:/crcrfc: 0.140594087 0.513846093 0.345559820
T:/crcrff: 0.336590887 0.475944891 0.187464222
T:/crcrfr: 0.000000000 0.120039214 0.879960786
T:/crcrrc: 0.000000000 0.284746729 0.715253271
T:/crcrrf: 0.000000000 0.627357415 0.372642585
T:/crrccr: 0.000000000 0.662773004 0.337226996
T:/crrcfr: 0.000000000 0.067238362 0.932761638
T:/crrcrc: 0.000000000 0.000000000 1.000000000
T:/crrcrf: 0.000000000 0.639123873 0.360876127
T:/crrfcr: 0.000000000 0.000000000 1.000000000
T:/crrffr: 0.000000000 0.107263525 0.892736475
T:/crrfrc: 0.000000000 0.247353356 0.752646644
T:/crrfrf: 0.000000000 0.752725240 0.247274760
T:/crrrcc: 0.000000000 0.205559183 0.794440817
T:/crrrcf: 0.000000000 0.424957302 0.575042698
T:/crrrfc: 0.000000000 0.459741406 0.540258594
T:/crrrff: 0.000000000 0.527898216 0.472101784
T:/rc: 0.000000000 0.372873584 0.627126416
T:/rccrcc: 0.588842896 0.362930413 0.048226691
T:/rccrcf: 0.202008634 0.292863941 0.505127426
T:/rccrcr: 0.000000000 0.278665186 0.721334814
T:/rccrfc: 0.001368262 0.612893316 0.385738422
T:/rccrff: 0.455180511 0.384460154 0.160359335
T:/rccrfr: 0.000000000 0.364106500 0.635893500
T:/rccrrc: 0.000000000 0.727832494 0.272167506
T:/rccrrf: 0.000000000 0.376598265 0.623401735
T:/rcrccr: 0.000000000 0.746953732 0.253046268
T:/rcrcfr: 0.000000000 0.621377439 0.378622561
T:/rcrcrc: 0.000000000 0.548955432 0.451044568
T:/rcrcrf: 0.000000000 0.505323419 0.494676581
T:/rcrfcr: 0.000000000 0.481942744 0.518057256
T:/rcrffr: 0.000000000 0.426025748 0.573974252
T:/rcrfrc: 0.000000000 0.644930658 0.355069342
T:/rcrfrf: 0.000000000 0.822206256 0.177793744
T:/rcrrcc: 0.000000000 0.197156110 0.802843890
T:/rcrrcf: 0.000000000 0.419022236 0.580977764
T:/rcrrfc: 0.000000000 0.321434403 0.678565597
T:/rcrrff: 0.000000000 0.871348287 0.128651713
T:/rf: 0.000000000 0.000000000 1.000000000
T:/rfcrc: 0.000000000 0.171769004 0.828230996
T:/rfcrf: 0.500300494 0.044118826 0.455580680
T:/rfcrr: 0.000000000 0.108772903 0.891227097
T:/rfrcr: 0.000000000 0.540490804 0.459509196
T:/rfrfr: 0.000000000 0.549377867 0.450622133
T:/rfrrc: 0.000000000 0.120494983 0.879505017
T:/rfrrf: 0.000000000 0.221997403 0.778002597
T:/rr: 0.000000002 0.000000000 0.999999998
T:/rrccrc: 0.000000000 0.661845895 0.338154105
T:/rrccrf: 0.000000000 0.391188369 0.608811631
T:/rrcfrc: 0.000000000 0.574284057 0.425715943
T:/rrcfrf: 0.000000000 0.454547881 0.545452119
T:/rrcrcc: 0.000000000 0.219712219 0.780287781
T:/rrcrcf: 0.000000000 0.362771669 0.637228331
T:/rrcrfc: 0.000000000 0.959727997 0.040272003
T:/rrcrff: 0.000000000 0.419369982 0.580630018
