A:/ccc: 0.732084280 0.267915720 0.000000000
A:/cccrccr: 0.527194233 0.163888919 0.308916848
A:/cccrccrccrc: 0.000000000 0.745257893 0.254742107
A:/cccrccrccrf: 0.000000000 0.736595446 0.263404554
A:/cccrccrcfrc: 0.000000000 0.547223358 0.452776642
A:/cccrccrcfrf: 0.000000000 0.911790117 0.088209883
A:/cccrccrcrcc: 0.000000000 0.566612596 0.433387404
A:/cccrccrcrcf: 0.000000000 0.489537001 0.510462999
A:/cccrccrcrfc: 0.000000000 0.531720016 0.468279984
A:/cccrccrcrff: 0.000000000 0.570530053 0.429469947
A:/cccrcfr: 0.426939829 0.192829060 0.380231111
A:/cccrcfrcrc: 0.000000000 0.254097181 0.745902819
A:/cccrcfrcrf: 0.000000000 0.520047060 0.479952940
A:/cccrcrc: 0.712661451 0.287337891 0.000000658
A:/cccrcrccrcc: 0.000000000 0.116217426 0.883782574
A:/cccrcrccrcf: 0.000000000 0.295294216 0.704705784
A:/cccrcrccrfc: 0.000000000 0.325237064 0.674762936
A:/cccrcrccrff: 0.000000000 0.625935191 0.374064809
A:/cccrcrf: 0.224193140 0.460915207 0.314891654
A:/cccrcrfcrc: 0.000000000 0.563819640 0.436180360
A:/cccrcrfcrf: 0.000000000 0.140871277 0.859128723
A:/cccrcrr: 0.000000000 0.862527859 0.137472141
A:/cccrfcr: 0.603178362 0.310780263 0.086041375
A:/cccrfcrcrc: 0.000000000 0.599223148 0.400776852
A:/cccrfcrcrf: 0.000000000 0.277233523 0.722766477
A:/cccrffr: 0.361328417 0.638671548 0.000000035
A:/cccrfrc: 0.180850679 0.535497324 0.283651997
A:/cccrfrf: 0.566915153 0.076771610 0.356313236
A:/cccrfrr: 0.000000000 0.698896175 0.301103825
A:/cccrrcc: 0.511294952 0.192150092 0.296554956
A:/cccrrcf: 0.812403437 0.122417495 0.065179068
A:/cccrrcr: 0.000000000 0.463793793 0.536206207
A:/cccrrfc: 0.481396282 0.375743868 0.142859850
A:/cccrrff: 0.349629308 0.419200665 0.231170027
A:/cccrrfr: 0.000000000 0.122899900 0.877100100
A:/cccrrrc: 0.000000000 0.852119749 0.147880251
A:/cccrrrf: 0.000000000 0.547280000 0.452720000
A:/ccr: 0.524008120 0.475991880 0.000000000
A:/ccrccrc: 0.142332679 0.709701523 0.147965798
A:/ccrccrccrcc: 0.000000000 0.577894604 0.422105396
A:/ccrccrccrcf: 0.000000000 0.559325703 0.440674297
A:/ccrccrccrfc: 0.000000000 0.788533847 0.211466153
A:/ccrccrccrff: 0.000000000 0.235577725 0.764422275
A:/ccrccrf: 0.637560386 0.316201594 0.046238020
A:/ccrccrfcrc: 0.000000000 0.456636721 0.543363279
A:/ccrccrfcrf: 0.000000000 0.147183876 0.852816124
A:/ccrccrr: 0.000000000 0.590852666 0.409147334
A:/ccrcfrc: 0.402497170 0.406683809 0.190819020
A:/ccrcfrf: 0.293325993 0.430045165 0.276628843
A:/ccrcfrr: 0.000000000 0.417333309 0.582666691
A:/ccrcrcc: 0.102835835 0.297326031 0.599838134
A:/ccrcrcf: 0.102188251 0.475522438 0.422289311
A:/ccrcrcr: 0.000000000 0.333548100 0.666451900
A:/ccrcrfc: 0.098585083 0.450319337 0.451095580
A:/ccrcrff: 0.175077202 0.709725268 0.115197530
A:/ccrcrfr: 0.000000000 0.560534557 0.439465443
A:/ccrcrrc: 0.000000000 0.614861930 0.385138070
A:/ccrcrrf: 0.000000000 0.903821101 0.096178899
A:/ccrrccr: 0.000000000 0.875250451 0.124749549
A:/ccrrcfr: 0.000000000 0.384016953 0.615983047
A:/ccrrcrc: 0.000000000 0.411121113 0.588878887
A:/ccrrcrf: 0.000000000 0.370041250 0.629958750
A:/ccrrfcr: 0.000000000 0.448681598 0.551318402
A:/ccrrffr: 0.000000000 0.864469636 0.135530364
A:/ccrrfrc: 0.000000000 0.904776051 0.095223949
A:/ccrrfrf: 0.000000000 0.173324380 0.826675620
A:/ccrrrcc: 0.000000000 0.584108440 0.415891560
A:/ccrrrcf: 0.000000000 0.526556223 0.473443777
A:/ccrrrfc: 0.000000000 0.676534499 0.323465501
A:/ccrrrff: 0.000000000 0.812089834 0.187910166
A:/crc: 0.462409253 0.537533395 0.000057352
A:/crccrcc: 0.000508593 0.825149710 0.174341697
A:/crccrcf: 0.275373151 0.440083537 0.284543312
A:/crccrcr: 0.000000000 0.868403573 0.131596427
A:/crccrfc: 0.107150881 0.892849119 0.000000000
A:/crccrff: 0.203525170 0.516987063 0.279487766
A:/crccrfr: 0.000000000 0.377009691 0.622990309
A:/crccrrc: 0.000000000 0.144155418 0.855844582
A:/crccrrf: 0.000000000 0.643866527 0.356133473
A:/crcrccr: 0.000000000 0.762608649 0.237391351
A:/crcrcfr: 0.000000000 0.198249893 0.801750107
A:/crcrcrc: 0.000000000 0.448317963 0.551682037
A:/crcrcrf: 0.000000000 0.612126740 0.387873260
A:/crcrfcr: 0.000000000 0.696535374 0.303464626
A:/crcrffr: 0.000000000 0.907365859 0.092634141
A:/crcrfrc: 0.000000000 0.733373148 0.266626852
A:/crcrfrf: 0.000000000 0.567346600 0.432653400
A:/crcrrcc: 0.000000000 0.792577796 0.207422204
A:/crcrrcf: 0.000000000 0.708934147 0.291065853
A:/crcrrfc: 0.000000000 0.756467104 0.243532896
A:/crcrrff: 0.000000000 0.849048986 0.150951014
A:/crf: 0.405908534 0.594091466 0.000000000
A:/crfcrc: 0.318047398 0.680916210 0.001036391
A:/crfcrf: 0.236827428 0.595681952 0.167490619
A:/crfcrr: 0.000000000 0.536448942 0.463551058
A:/crfrcr: 0.000000000 0.856120689 0.143879311
A:/crfrfr: 0.000000000 0.221322904 0.778677096
A:/crfrrc: 0.000000000 0.970376186 0.029623814
A:/crfrrf: 0.000000000 0.616234424 0.383765576
A:/crr: 0.524448085 0.475546908 0.000005007
A:/crrccrc: 0.000000000 0.985800540 0.014199460
A:/crrccrf: 0.000000000 0.527095586 0.472904414
A:/crrcfrc: 0.000000000 0.685518350 0.314481650
A:/crrcfrf: 0.000000000 0.524395367 0.475604633
A:/crrcrcc: 0.000000000 0.196023881 0.803976119
A:/crrcrcf: 0.000000000 0.639127893 0.360872107
A:/crrcrfc: 0.000000000 0.627538569 0.372461431
A:/crrcrff: 0.000000000 0.819573397 0.180426603
A:/rcc: 0.104013578 0.591392362 0.304594060
A:/rccrccr: 0.000000000 0.649210029 0.350789971
A:/rccrcfr: 0.000000000 0.657328735 0.342671265
A:/rccrcrc: 0.000000000 0.640154811 0.359845189
A:/rccrcrf: 0.000000000 0.930329706 0.069670294
A:/rccrfcr: 0.000000000 0.332377291 0.667622709
A:/rccrffr: 0.000000000 0.290148477 0.709851523
A:/rccrfrc: 0.000000000 0.814546661 0.185453339
A:/rccrfrf: 0.000000000 0.549230517 0.450769483
A:/rccrrcc: 0.000000000 0.539791810 0.460208190
A:/rccrrcf: 0.000000000 0.475448554 0.524551446
A:/rccrrfc: 0.000000000 0.489908332 0.510091668
A:/rccrrff: 0.000000000 0.496181529 0.503818471
A:/rcf: 0.086638823 0.913361177 0.000000000
A:/rcfrcr: 0.000000000 0.445990855 0.554009145
A:/rcfrfr: 0.000000000 0.527455576 0.472544424
A:/rcfrrc: 0.000000000 1.000000000 0.000000000
A:/rcfrrf: 0.000000000 0.431927887 0.568072113
A:/rcr: 0.174150085 0.825849915 0.000000000
A:/rcrccrc: 0.000000000 0.874010527 0.125989473
A:/rcrccrf: 0.000000000 0.303613279 0.696386721
A:/rcrcfrc: 0.000000000 0.867841386 0.132158614
A:/rcrcfrf: 0.000000000 0.401358861 0.598641139
A:/rcrcrcc: 0.000000000 0.539701680 0.460298320
A:/rcrcrcf: 0.000000000 0.921547193 0.078452807
A:/rcrcrfc: 0.000000000 0.695819313 0.304180687
A:/rcrcrff: 0.000000000 0.426245166 0.573754834
A:/rfc: 0.354137621 0.645862379 0.000000000
A:/rfcrcr: 0.000000000 0.857411690 0.142588310
A:/rfcrfr: 0.000000000 0.947345828 0.052654172
A:/rfcrrc: 0.000000000 0.626491109 0.373508891
A:/rfcrrf: 0.000000000 0.264352774 0.735647226
A:/rff: 0.435817708 0.564013473 0.000168819
A:/rffrr: 0.000000000 0.884014271 0.115985729
A:/rfr: 0.817503769 0.182306492 0.000189739
A:/rfrcrc: 0.000000000 0.869362038 0.130637962
A:/rfrcrf: 0.000000000 0.828257591 0.171742409
A:/rrc: 0.495239696 0.327981666 0.176778638
A:/rrccrcc: 0.000000000 0.391197267 0.608802733
A:/rrccrcf: 0.000000000 0.681071071 0.318928929
A:/rrccrfc: 0.000000000 0.047241415 0.952758585
A:/rrccrff: 0.000000000 0.252469582 0.747530418
A:/rrf: 0.609913213 0.360973505 0.029113282
A:/rrfcrc: 0.000000000 0.509491252 0.490508748
A:/rrfcrf: 0.000000000 0.950425224 0.049574776
A:/rrr: 0.000000000 0.804928312 0.195071688
J:/ccc: 0.000000000 1.000000000 0.000000000
J:/cccrccr: 0.000054297 0.000000000 0.999945703
J:/cccrccrccrc: 0.000000000 0.220392690 0.779607310
J:/cccrccrccrf: 0.000000000 0.180959700 0.819040300
J:/cccrccrcfrc: 0.000000000 0.364888696 0.635111304
J:/cccrccrcfrf: 0.000000000 0.628089225 0.371910775
J:/cccrccrcrcc: 0.000000000 0.545207546 0.454792454
J:/cccrccrcrcf: 0.000000000 0.637661178 0.362338822
J:/cccrccrcrfc: 0.000000000 0.037034527 0.962965473
J:/cccrccrcrff: 0.000000000 0.040475877 0.959524123
J:/cccrcfr: 0.553415215 0.446584785 0.000000000
J:/cccrcfrcrc: 0.000000000 0.521517115 0.478482885
J:/cccrcfrcrf: 0.000000000 0.072144648 0.927855352
J:/cccrcrc: 0.267914555 0.003141922 0.728943523
J:/cccrcrccrcc: 0.000000000 0.236565238 0.763434762
J:/cccrcrccrcf: 0.000000000 0.279912163 0.720087837
J:/cccrcrccrfc: 0.000000000 0.535070578 0.464929422
J:/cccrcrccrff: 0.000000000 0.311659753 0.688340247
J:/cccrcrf: 0.408808424 0.027381722 0.563809854
J:/cccrcrfcrc: 0.000000000 0.475079391 0.524920609
J:/cccrcrfcrf: 0.000000000 0.831284655 0.168715345
J:/cccrcrr: 0.000000000 0.000000000 1.000000000
J:/cccrfcr: 0.001028132 0.404936418 0.594035449
J:/cccrfcrcrc: 0.000000000 0.435073140 0.564926860
J:/cccrfcrcrf: 0.000000000 0.007767529 0.992232471
J:/cccrffr: 0.000435723 0.000000000 0.999564277
J:/cccrfrc: 0.000007139 0.662518581 0.337474279
J:/cccrfrf: 0.844307529 0.052107914 0.103584558
J:/cccrfrr: 0.000000000 0.152657808 0.847342192
J:/cccrrcc: 0.000000000 0.393444987 0.606555013
J:/cccrrcf: 0.281477237 0.103783458 0.614739305
J:/cccrrcr: 0.000000000 0.252763617 0.747236383
J:/cccrrfc: 0.209732134 0.183930588 0.606337278
J:/cccrrff: 0.152348788 0.295573509 0.552077703
J:/cccrrfr: 0.000000000 0.173025716 0.826974284
J:/cccrrrc: 0.000000000 0.337335497 0.662664503
J:/cccrrrf: 0.000000000 0.305774468 0.694225532
J:/ccr: 0.000000000 0.000017285 0.999982715
J:/ccrccrc: 0.372935008 0.461388547 0.165676445
J:/ccrccrccrcc: 0.000000000 0.582450134 0.417549866
J:/ccrccrccrcf: 0.000000000 0.585627413 0.414372587
J:/ccrccrccrfc: 0.000000000 0.608562269 0.391437731
J:/ccrccrccrff: 0.000000000 0.783930437 0.216069563
J:/ccrccrf: 0.601715460 0.051473409 0.346811131
J:/ccrccrfcrc: 0.000000000 0.913566998 0.086433002
J:/ccrccrfcrf: 0.000000000 0.849789995 0.150210005
J:/ccrccrr: 0.000000000 0.387639880 0.612360120
J:/ccrcfrc: 0.508159098 0.060679268 0.431161634
J:/ccrcfrf: 0.499476342 0.479439095 0.021084563
J:/ccrcfrr: 0.000000000 0.116553906 0.883446094
J:/ccrcrcc: 0.041885939 0.332548067 0.625565994
J:/ccrcrcf: 0.095844295 0.527310900 0.376844805
J:/ccrcrcr: 0.000000000 0.406359659 0.593640341
J:/ccrcrfc: 0.353387849 0.380087240 0.266524911
J:/ccrcrff: 0.503679808 0.042416637 0.453903554
J:/ccrcrfr: 0.000000000 0.344405183 0.655594817
J:/ccrcrrc: 0.000000000 0.265837163 0.734162837
J:/ccrcrrf: 0.000000000 0.724790451 0.275209549
J:/ccrrccr: 0.000000000 0.000000000 1.000000000
J:/ccrrcfr: 0.000000000 0.649808615 0.350191385
J:/ccrrcrc: 0.000000000 0.325325672 0.674674328
J:/ccrrcrf: 0.000000000 0.628956406 0.371043594
J:/ccrrfcr: 0.000000000 0.389504352 0.610495648
J:/ccrrffr: 0.000000000 0.000002758 0.999997242
J:/ccrrfrc: 0.000000000 0.000000000 1.000000000
J:/ccrrfrf: 0.000000000 0.410039333 0.589960667
J:/ccrrrcc: 0.000000000 0.716829872 0.283170128
J:/ccrrrcf: 0.000000000 0.502654307 0.497345693
J:/ccrrrfc: 0.000000000 0.266721995 0.733278005
J:/ccrrrff: 0.000000000 0.455476384 0.544523616
J:/crc: 0.000000000 0.487577974 0.512422026
J:/crccrcc: 0.349866561 0.500898204 0.149235235
J:/crccrcf: 0.053797248 0.347636510 0.598566242
J:/crccrcr: 0.000000000 0.133037336 0.866962664
J:/crccrfc: 0.488311910 0.089626640 0.422061450
J:/crccrff: 0.017385302 0.469449905 0.513164793
J:/crccrfr: 0.000000000 0.510085909 0.489914091
J:/crccrrc: 0.000000000 0.864377849 0.135622151
J:/crccrrf: 0.000000000 0.322800527 0.677199473
J:/crcrccr: 0.000000000 0.465137614 0.534862386
J:/crcrcfr: 0.000000000 0.597807365 0.402192635
J:/crcrcrc: 0.000000000 0.395557174 0.604442826
J:/crcrcrf: 0.000000000 0.389358151 0.610641849
J:/crcrfcr: 0.000000000 0.334039398 0.665960602
J:/crcrffr: 0.000000000 0.872384763 0.127615237
J:/crcrfrc: 0.000000000 0.684591706 0.315408294
J:/crcrfrf: 0.000000000 0.464748048 0.535251952
J:/crcrrcc: 0.000000000 0.628042790 0.371957210
J:/crcrrcf: 0.000000000 0.517455031 0.482544969
J:/crcrrfc: 0.000000000 0.310892065 0.689107935
J:/crcrrff: 0.000000000 0.379406231 0.620593769
J:/crf: 0.326485325 0.000000000 0.673514675
J:/crfcrc: 0.000000000 0.237937120 0.762062880
J:/crfcrf: 0.649557279 0.137511892 0.212930829
J:/crfcrr: 0.000000000 0.294895176 0.705104824
J:/crfrcr: 0.000000000 0.737199744 0.262800256
J:/crfrfr: 0.000000000 0.182889418 0.817110582
J:/crfrrc: 0.000000000 0.544026613 0.455973387
J:/crfrrf: 0.000000000 0.397673736 0.602326264
J:/crr: 0.000000000 0.000000000 1.000000000
J:/crrccrc: 0.000000000 0.497628299 0.502371701
J:/crrccrf: 0.000000000 0.679013533 0.320986467
J:/crrcfrc: 0.000000000 0.367007992 0.632992008
J:/crrcfrf: 0.000000000 0.500386854 0.499613146
J:/crrcrcc: 0.000000000 0.126712397 0.873287603
J:/crrcrcf: 0.000000000 0.541667232 0.458332768
J:/crrcrfc: 0.000000000 0.344416056 0.655583944
J:/crrcrff: 0.000000000 0.094839910 0.905160090
J:/rcc: 0.004569719 0.245333580 0.750096701
J:/rccrccr: 0.000000000 0.533600622 0.466399378
J:/rccrcfr: 0.000000000 0.456081516 0.543918484
J:/rccrcrc: 0.000000000 0.826857330 0.173142670
J:/rccrcrf: 0.000000000 0.581152751 0.418847249
J:/rccrfcr: 0.000000000 0.484269907 0.515730093
J:/rccrffr: 0.000000000 0.353587860 0.646412140
J:/rccrfrc: 0.000000000 0.698061458 0.301938542
J:/rccrfrf: 0.000000000 0.151491442 0.848508558
J:/rccrrcc: 0.000000000 0.529452246 0.470547754
J:/rccrrcf: 0.000000000 0.269760451 0.730239549
J:/rccrrfc: 0.000000000 0.874534395 0.125465605
J:/rccrrff: 0.000000000 0.027939253 0.972060747
J:/rcf: 0.000000000 0.000000007 0.999999993
J:/rcfrcr: 0.000000000 0.533042256 0.466957744
J:/rcfrfr: 0.000000000 0.464016986 0.535983014
J:/rcfrrc: 0.000000000 0.593030769 0.406969231
J:/rcfrrf: 0.000000000 0.269808633 0.730191367
J:/rcr: 0.000000000 0.065528335 0.934471665
J:/rcrccrc: 0.000000000 0.509760779 0.490239221
J:/rcrccrf: 0.000000000 0.492029375 0.507970625
J:/rcrcfrc: 0.000000000 0.850169210 0.149830790
J:/rcrcfrf: 0.000000000 0.485674040 0.514325960
J:/rcrcrcc: 0.000000000 0.254535432 0.745464568
J:/rcrcrcf: 0.000000000 0.619063608 0.380936392
J:/rcrcrfc: 0.000000000 0.213901204 0.786098796
J:/rcrcrff: 0.000000000 0.915949748 0.084050252
J:/rfc: 0.000000000 0.000000000 1.000000000
J:/rfcrcr: 0.000000000 0.416938641 0.583061359
J:/rfcrfr: 0.000000000 0.005392861 0.994607139
J:/rfcrrc: 0.000000000 0.240428481 0.759571519
J:/rfcrrf: 0.000000000 0.856348350 0.143651650
J:/rff: 0.000043442 0.000000000 0.999956558
J:/rffrr: 0.000000000 0.000014477 0.999985523
J:/rfr: 0.000027681 0.000016475 0.999955844
J:/rfrcrc: 0.000000000 0.402513851 0.597486149
J:/rfrcrf: 0.000000000 0.040378171 0.959621829
J:/rrc: 0.000024972 0.445438335 0.554536693
J:/rrccrcc: 0.000000000 0.607585100 0.392414900
J:/rrccrcf: 0.000000000 0.610495007 0.389504993
J:/rrccrfc: 0.000000000 0.386757631 0.613242369
J:/rrccrff: 0.000000000 0.235502110 0.764497890
J:/rrf: 0.368102687 0.149673761 0.482223552
J:/rrfcrc: 0.000000000 0.117587215 0.882412785
J:/rrfcrf: 0.000000000 0.523192145 0.476807855
J:/rrr: 0.000000000 0.729955989 0.270044011
K:/ccc: 0.000000000 1.000000000 0.000000000
K:/cccrccr: 0.798791049 0.038423852 0.162785098
K:/cccrccrccrc: 0.000000000 0.999998809 0.000001191
K:/cccrccrccrf: 0.000000000 0.539245585 0.460754415
K:/cccrccrcfrc: 0.000000000 0.546802998 0.453197002
K:/cccrccrcfrf: 0.000000000 0.188299530 0.811700470
K:/cccrccrcrcc: 0.000000000 0.351534920 0.648465080
K:/cccrccrcrcf: 0.000000000 0.560422029 0.439577971
K:/cccrccrcrfc: 0.000000000 0.688687168 0.311312832
K:/cccrccrcrff: 0.000000000 0.386088325 0.613911675
K:/cccrcfr: 0.318159585 0.322952983 0.358887432
K:/cccrcfrcrc: 0.000000000 0.811507518 0.188492482
K:/cccrcfrcrf: 0.000000000 0.468097396 0.531902604
K:/cccrcrc: 0.546197779 0.169047404 0.284754817
K:/cccrcrccrcc: 0.000000000 0.713977460 0.286022540
K:/cccrcrccrcf: 0.000000000 0.665384269 0.334615731
K:/cccrcrccrfc: 0.000000000 0.528414039 0.471585961
K:/cccrcrccrff: 0.000000000 0.181677324 0.818322676
K:/cccrcrf: 0.370361927 0.408054492 0.221583582
K:/cccrcrfcrc: 0.000000000 0.486061167 0.513938833
K:/cccrcrfcrf: 0.000000000 0.369632423 0.630367577
K:/cccrcrr: 0.000000000 0.551980621 0.448019379
K:/cccrfcr: 0.254979502 0.288298915 0.456721582
K:/cccrfcrcrc: 0.000000000 0.047128086 0.952871914
K:/cccrfcrcrf: 0.000000000 0.566734275 0.433265725
K:/cccrffr: 0.000574011 0.000000000 0.999425989
K:/cccrfrc: 0.381967006 0.422902230 0.195130765
K:/cccrfrf: 0.669447187 0.328679433 0.001873380
K:/cccrfrr: 0.000000000 0.376384617 0.623615383
K:/cccrrcc: 0.152912550 0.158873996 0.688213454
K:/cccrrcf: 0.477569276 0.445949827 0.076480897
K:/cccrrcr: 0.000000000 0.499369815 0.500630185
K:/cccrrfc: 0.000000000 0.148505644 0.851494356
K:/cccrrff: 0.000000000 0.238396181 0.761603819
K:/cccrrfr: 0.000000000 0.599988119 0.400011881
K:/cccrrrc: 0.000000000 0.000000000 1.000000000
K:/cccrrrf: 0.000000000 0.691805393 0.308194607
K:/ccr: 0.000000000 0.000022153 0.999977847
K:/ccrccrc: 0.335820683 0.373250220 0.290929097
K:/ccrccrccrcc: 0.000000000 0.474374781 0.525625219
K:/ccrccrccrcf: 0.000000000 0.980618521 0.019381479
K:/ccrccrccrfc: 0.000000000 0.421686011 0.578313989
K:/ccrccrccrff: 0.000000000 0.039797210 0.960202790
K:/ccrccrf: 0.381581851 0.149533863 0.468884286
K:/ccrccrfcrc: 0.000000000 0.330594200 0.669405800
K:/ccrccrfcrf: 0.000000000 0.293709627 0.706290373
K:/ccrccrr: 0.000000000 0.747111565 0.252888435
K:/ccrcfrc: 0.358502934 0.021940813 0.619556253
K:/ccrcfrf: 0.452076001 0.373543081 0.174380917
K:/ccrcfrr: 0.000000000 0.726963726 0.273036274
K:/ccrcrcc: 0.340366080 0.475219213 0.184414707
K:/ccrcrcf: 0.428549403 0.347951816 0.223498782
K:/ccrcrcr: 0.000000000 0.776003420 0.223996580
K:/ccrcrfc: 0.423462305 0.129055437 0.447482257
K:/ccrcrff: 0.228920256 0.340972339 0.430107405
K:/ccrcrfr: 0.000000000 0.743637157 0.256362843
K:/ccrcrrc: 0.000000000 0.566454520 0.433545480
K:/ccrcrrf: 0.000000000 0.560627581 0.439372419
K:/ccrrccr: 0.000000000 0.000000000 1.000000000
K:/ccrrcfr: 0.000000000 0.994940224 0.005059776
K:/ccrrcrc: 0.000000000 0.000000000 1.000000000
K:/ccrrcrf: 0.000000000 1.000000000 0.000000000
K:/ccrrfcr: 0.000000000 0.632690962 0.367309038
K:/ccrrffr: 0.000000000 0.000002389 0.999997611
K:/ccrrfrc: 0.000000000 0.000000000 1.000000000
K:/ccrrfrf: 0.000000000 0.906105319 0.093894681
K:/ccrrrcc: 0.000000000 0.127916204 0.872083796
K:/ccrrrcf: 0.000000000 0.771388664 0.228611336
K:/ccrrrfc: 0.000000000 0.463104453 0.536895547
K:/ccrrrff: 0.000000000 0.974626495 0.025373505
K:/crc: 0.002679226 0.662649624 0.334671150
K:/crccrcc: 0.308444890 0.080186407 0.611368703
K:/crccrcf: 0.390078773 0.262056200 0.347865027
K:/crccrcr: 0.000000000 0.656767733 0.343232267
K:/crccrfc: 0.065758751 0.251060915 0.683180335
K:/crccrff: 0.477909103 0.142744220 0.379346677
K:/crccrfr: 0.000000000 0.734536899 0.265463101
K:/crccrrc: 0.000000000 0.903980012 0.096019988
K:/crccrrf: 0.000000000 0.603707691 0.396292309
K:/crcrccr: 0.000000000 0.736644161 0.263355839
K:/crcrcfr: 0.000000000 0.597630295 0.402369705
K:/crcrcrc: 0.000000000 0.272574915 0.727425085
K:/crcrcrf: 0.000000000 0.690012707 0.309987293
K:/crcrfcr: 0.000000000 0.562983181 0.437016819
K:/crcrffr: 0.000000000 0.593056622 0.406943378
K:/crcrfrc: 0.000000000 0.470087461 0.529912539
K:/crcrfrf: 0.000000000 0.755515475 0.244484525
K:/crcrrcc: 0.000000000 0.217413874 0.782586126
K:/crcrrcf: 0.000000000 0.460052944 0.539947056
K:/crcrrfc: 0.000000000 0.641713117 0.358286883
K:/crcrrff: 0.000000000 0.295120400 0.704879600
K:/crf: 0.183460087 0.585202698 0.231337216
K:/crfcrc: 0.345776774 0.336242505 0.317980721
K:/crfcrf: 0.496964160 0.409645310 0.093390530
K:/crfcrr: 0.000000000 0.899990388 0.100009612
K:/crfrcr: 0.000000000 0.507089306 0.492910694
K:/crfrfr: 0.000000000 0.548653651 0.451346349
K:/crfrrc: 0.000000000 0.082254576 0.917745424
K:/crfrrf: 0.000000000 0.878998584 0.121001416
K:/crr: 0.631009284 0.000000000 0.368990716
K:/crrccrc: 0.000000000 0.157927110 0.842072890
K:/crrccrf: 0.000000000 0.893034269 0.106965731
K:/crrcfrc: 0.000000000 0.997650792 0.002349208
K:/crrcfrf: 0.000000000 0.647957958 0.352042042
K:/crrcrcc: 0.000000000 0.595964947 0.404035053
K:/crrcrcf: 0.000000000 0.492884556 0.507115444
K:/crrcrfc: 0.000000000 0.148823205 0.851176795
K:/crrcrff: 0.000000000 0.485158294 0.514841706
K:/rcc: 0.251981239 0.415722756 0.332296005
K:/rccrccr: 0.000000000 0.239105746 0.760894254
K:/rccrcfr: 0.000000000 0.618829360 0.381170640
K:/rccrcrc: 0.000000000 0.827259604 0.172740396
K:/rccrcrf: 0.000000000 0.884897286 0.115102714
K:/rccrfcr: 0.000000000 0.546764383 0.453235617
K:/rccrffr: 0.000000000 0.722072985 0.277927015
K:/rccrfrc: 0.000000000 0.385978132 0.614021868
K:/rccrfrf: 0.000000000 0.033248303 0.966751697
K:/rccrrcc: 0.000000000 0.515319474 0.484680526
K:/rccrrcf: 0.000000000 0.837632093 0.162367907
K:/rccrrfc: 0.000000000 0.837917707 0.162082293
K:/rccrrff: 0.000000000 0.843207505 0.156792495
K:/rcf: 0.144475174 0.496875417 0.358649409
K:/rcfrcr: 0.000000000 0.120136439 0.879863561
K:/rcfrfr: 0.000000000 0.312816292 0.687183708
K:/rcfrrc: 0.000000000 0.702827783 0.297172217
K:/rcfrrf: 0.000000000 0.611703905 0.388296095
K:/rcr: 0.256568392 0.542552884 0.200878724
K:/rcrccrc: 0.000000000 0.401604343 0.598395657
K:/rcrccrf: 0.000000000 0.595782603 0.404217397
K:/rcrcfrc: 0.000000000 0.646253914 0.353746086
K:/rcrcfrf: 0.000000000 0.680165592 0.319834408
K:/rcrcrcc: 0.000000000 0.266665581 0.733334419
K:/rcrcrcf: 0.000000000 0.610856038 0.389143962
K:/rcrcrfc: 0.000000000 0.437648227 0.562351773
K:/rcrcrff: 0.000000000 0.044089381 0.955910619
K:/rfc: 0.207183199 0.308524155 0.484292646
K:/rfcrcr: 0.000000000 0.373168593 0.626831407
K:/rfcrfr: 0.000000000 0.809721374 0.190278626
K:/rfcrrc: 0.000000000 0.653540642 0.346459358
K:/rfcrrf: 0.000000000 0.595309759 0.404690241
K:/rff: 0.000000000 0.000000000 1.000000000
K:/rffrr: 0.000000000 0.000000011 0.999999989
K:/rfr: 0.243461566 0.157331819 0.599206615
K:/rfrcrc: 0.000000000 0.615815579 0.384184421
K:/rfrcrf: 0.000000000 0.188730958 0.811269042
K:/rrc: 0.079547842 0.547399107 0.373053051
K:/rrccrcc: 0.000000000 0.342793508 0.657206492
K:/rrccrcf: 0.000000000 0.448562741 0.551437259
K:/rrccrfc: 0.000000000 0.648921567 0.351078433
K:/rrccrff: 0.000000000 0.987045656 0.012954344
K:/rrf: 0.495226022 0.358406321 0.146367656
K:/rrfcrc: 0.000000000 0.929567780 0.070432220
K:/rrfcrf: 0.000000000 0.649702392 0.350297608
K:/rrr: 0.000000000 0.672889839 0.327110161
Q:/ccc: 0.000000000 1.000000000 0.000000000
Q:/cccrccr: 0.000127729 0.233400017 0.766472254
Q:/cccrccrccrc: 0.000000000 0.425500587 0.574499413
Q:/cccrccrccrf: 0.000000000 0.000003564 0.999996436
Q:/cccrccrcfrc: 0.000000000 0.624564176 0.375435824
Q:/cccrccrcfrf: 0.000000000 0.769192113 0.230807887
Q:/cccrccrcrcc: 0.000000000 0.184868307 0.815131693
Q:/cccrccrcrcf: 0.000000000 0.691605002 0.308394998
Q:/cccrccrcrfc: 0.000000000 0.380271563 0.619728437
Q:/cccrccrcrff: 0.000000000 0.218669919 0.781330081
Q:/cccrcfr: 0.524728197 0.225603940 0.249667863
Q:/cccrcfrcrc: 0.000000000 0.880535671 0.119464329
Q:/cccrcfrcrf: 0.000000000 0.506233670 0.493766330
Q:/cccrcrc: 0.378222346 0.167721505 0.454056150
Q:/cccrcrccrcc: 0.000000000 0.105654028 0.894345972
Q:/cccrcrccrcf: 0.000000000 0.177926896 0.822073104
Q:/cccrcrccrfc: 0.000000000 0.514151767 0.485848233
Q:/cccrcrccrff: 0.000000000 0.706153533 0.293846467
Q:/cccrcrf: 0.000000000 0.488697330 0.511302670
Q:/cccrcrfcrc: 0.000000000 0.174858426 0.825141574
Q:/cccrcrfcrf: 0.000000000 0.129961071 0.870038929
Q:/cccrcrr: 0.000000000 0.218006867 0.781993133
Q:/cccrfcr: 0.000913170 0.296243010 0.702843820
Q:/cccrfcrcrc: 0.000000000 0.223733784 0.776266216
Q:/cccrfcrcrf: 0.000000000 0.382881304 0.617118696
Q:/cccrffr: 0.000456446 0.000000000 0.999543554
Q:/cccrfrc: 0.000007160 0.496095753 0.503897087
Q:/cccrfrf: 0.359447846 0.535518801 0.105033354
Q:/cccrfrr: 0.000000000 0.853737667 0.146262333
Q:/cccrrcc: 0.000000000 0.380583330 0.619416670
Q:/cccrrcf: 0.231927651 0.450474288 0.317598061
Q:/cccrrcr: 0.000000000 0.081102091 0.918897909
Q:/cccrrfc: 0.000000000 0.461421016 0.538578984
Q:/cccrrff: 0.000000000 0.391525322 0.608474678
Q:/cccrrfr: 0.000000000 0.000008107 0.999991893
Q:/cccrrrc: 0.000000000 0.217189538 0.782810462
Q:/cccrrrf: 0.000000000 0.466561086 0.533438914
Q:/ccr: 0.000000000 0.000016665 0.999983335
Q:/ccrccrc: 0.437133679 0.359697456 0.203168865
Q:/ccrccrccrcc: 0.000000000 0.379516457 0.620483543
Q:/ccrccrccrcf: 0.000000000 0.830448212 0.169551788
Q:/ccrccrccrfc: 0.000000000 0.403840470 0.596159530
Q:/ccrccrccrff: 0.000000000 0.480954661 0.519045339
Q:/ccrccrf: 0.667526879 0.243356190 0.089116930
Q:/ccrccrfcrc: 0.000000000 0.549819551 0.450180449
Q:/ccrccrfcrf: 0.000000000 0.795663422 0.204336578
Q:/ccrccrr: 0.000000000 0.370805771 0.629194229
Q:/ccrcfrc: 0.516236573 0.000268430 0.483494996
Q:/ccrcfrf: 0.352412060 0.589060008 0.058527932
Q:/ccrcfrr: 0.000000000 0.328915250 0.671084750
Q:/ccrcrcc: 0.159494874 0.180968984 0.659536142
Q:/ccrcrcf: 0.250232124 0.452784704 0.296983172
Q:/ccrcrcr: 0.000000000 0.397436876 0.602563124
Q:/ccrcrfc: 0.425023093 0.384318871 0.190658036
Q:/ccrcrff: 0.549961337 0.302251770 0.147786893
Q:/ccrcrfr: 0.000000000 0.958682283 0.041317717
Q:/ccrcrrc: 0.000000000 0.635008730 0.364991270
Q:/ccrcrrf: 0.000000000 0.671175260 0.328824740
Q:/ccrrccr: 0.000000000 0.000000000 1.000000000
Q:/ccrrcfr: 0.000000000 0.584123682 0.415876318
Q:/ccrrcrc: 0.000000000 0.413008777 0.586991223
Q:/ccrrcrf: 0.000000000 0.704265392 0.295734608
Q:/ccrrfcr: 0.000000000 0.520513448 0.479486552
Q:/ccrrffr: 0.000000000 0.450817919 0.549182081
Q:/ccrrfrc: 0.000000000 0.021040025 0.978959975
Q:/ccrrfrf: 0.000000000 0.377373085 0.622626915
Q:/ccrrrcc: 0.000000000 0.449866823 0.550133177
Q:/ccrrrcf: 0.000000000 0.564266620 0.435733380
Q:/ccrrrfc: 0.000000000 0.291011123 0.708988877
Q:/ccrrrff: 0.000000000 0.999999552 0.000000448
Q:/crc: 0.054764263 0.533651570 0.411584167
Q:/crccrcc: 0.248103319 0.251295460 0.500601221
Q:/crccrcf: 0.449472882 0.076042877 0.474484242
Q:/crccrcr: 0.000000000 0.414674019 0.585325981
Q:/crccrfc: 0.386683971 0.319582621 0.293733409
Q:/crccrff: 0.338703158 0.529456200 0.131840642
Q:/crccrfr: 0.000000000 0.467874013 0.532125987
Q:/crccrrc: 0.000000000 0.331240211 0.668759789
Q:/crccrrf: 0.000000000 0.424978438 0.575021562
Q:/crcrccr: 0.000000000 0.952637362 0.047362638
Q:/crcrcfr: 0.000000000 0.396515416 0.603484584
Q:/crcrcrc: 0.000000000 0.320709560 0.679290440
Q:/crcrcrf: 0.000000000 0.748463656 0.251536344
Q:/crcrfcr: 0.000000000 0.253355720 0.746644280
Q:/crcrffr: 0.000000000 0.471783358 0.528216642
Q:/crcrfrc: 0.000000000 0.865393211 0.134606789
Q:/crcrfrf: 0.000000000 0.797617626 0.202382374
Q:/crcrrcc: 0.000000000 0.332013367 0.667986633
Q:/crcrrcf: 0.000000000 0.458335663 0.541664337
Q:/crcrrfc: 0.000000000 0.402053371 0.597946629
Q:/crcrrff: 0.000000000 0.629273204 0.370726796
Q:/crf: 0.373173971 0.000000000 0.626826029
Q:/crfcrc: 0.082101330 0.312482450 0.605416220
Q:/crfcrf: 0.146259060 0.594979188 0.258761753
Q:/crfcrr: 0.000000000 0.392746400 0.607253600
Q:/crfrcr: 0.000000000 0.080034669 0.919965331
Q:/crfrfr: 0.000000000 0.795633276 0.204366724
Q:/crfrrc: 0.000000000 0.097870150 0.902129850
Q:/crfrrf: 0.000000000 0.512250853 0.487749147
Q:/crr: 0.005005247 0.686311391 0.308683362
Q:/crrccrc: 0.000000000 0.627702152 0.372297848
Q:/crrccrf: 0.000000000 0.702183088 0.297816912
Q:/crrcfrc: 0.000000000 0.757015840 0.242984160
Q:/crrcfrf: 0.000000000 0.218434351 0.781565649
Q:/crrcrcc: 0.000000000 0.376244702 0.623755298
Q:/crrcrcf: 0.000000000 0.396642684 0.603357316
Q:/crrcrfc: 0.000000000 0.917500161 0.082499839
Q:/crrcrff: 0.000000000 0.695271867 0.304728133
Q:/rcc: 0.005943293 0.690663348 0.303393359
Q:/rccrccr: 0.000000000 0.464952289 0.535047711
Q:/rccrcfr: 0.000000000 0.646218432 0.353781568
Q:/rccrcrc: 0.000000000 0.313411177 0.686588823
Q:/rccrcrf: 0.000000000 0.684994877 0.315005123
Q:/rccrfcr: 0.000000000 0.695293675 0.304706325
Q:/rccrffr: 0.000000000 0.586840569 0.413159431
Q:/rccrfrc: 0.000000000 0.380659301 0.619340699
Q:/rccrfrf: 0.000000000 0.030198795 0.969801205
Q:/rccrrcc: 0.000000000 0.466781012 0.533218988
Q:/rccrrcf: 0.000000000 0.428985447 0.571014553
Q:/rccrrfc: 0.000000000 0.739606519 0.260393481
Q:/rccrrff: 0.000000000 0.372181510 0.627818490
Q:/rcf: 0.000000044 0.277366072 0.722633885
Q:/rcfrcr: 0.000000000 0.618353697 0.381646303
Q:/rcfrfr: 0.000000000 0.549377867 0.450622133
Q:/rcfrrc: 0.000000000 0.433473964 0.566526036
Q:/rcfrrf: 0.000000000 0.230414018 0.769585982
Q:/rcr: 0.000000000 0.264580976 0.735419024
Q:/rcrccrc: 0.000000000 0.113121193 0.886878807
Q:/rcrccrf: 0.000000000 0.538915312 0.461084688
Q:/rcrcfrc: 0.000000000 0.436718259 0.563281741
Q:/rcrcfrf: 0.000000000 0.462892438 0.537107562
Q:/rcrcrcc: 0.000000000 0.375363804 0.624636196
Q:/rcrcrcf: 0.000000000 0.190014553 0.809985447
Q:/rcrcrfc: 0.000000000 0.430100106 0.569899894
Q:/rcrcrff: 0.000000000 0.847364470 0.152635530
Q:/rfc: 0.000000000 0.000000000 1.000000000
Q:/rfcrcr: 0.000000000 0.000001111 0.999998889
Q:/rfcrfr: 0.000000000 0.447654873 0.552345127
Q:/rfcrrc: 0.000000000 0.231145206 0.768854794
Q:/rfcrrf: 0.000000000 0.549249257 0.450750743
Q:/rff: 0.000043441 0.000000000 0.999956559
Q:/rffrr: 0.000000000 0.000014477 0.999985523
Q:/rfr: 0.000026276 0.000019285 0.999954439
Q:/rfrcrc: 0.000000000 0.784273901 0.215726099
Q:/rfrcrf: 0.000000000 0.492079641 0.507920359
Q:/rrc: 0.152348800 0.349536776 0.498114423
Q:/rrccrcc: 0.000000000 0.370701910 0.629298090
Q:/rrccrcf: 0.000000000 0.986379373 0.013620627
Q:/rrccrfc: 0.000000000 0.438987855 0.561012145
Q:/rrccrff: 0.000000000 0.756175619 0.243824381
Q:/rrf: 0.513341457 0.000000000 0.486658543
Q:/rrfcrc: 0.000000000 0.215180190 0.784819810
Q:/rrfcrf: 0.000000000 0.816824624 0.183175376
Q:/rrr: 0.000000000 0.192847499 0.807152501
T:/ccc: 0.000000000 1.000000000 0.000000000
T:/cccrccr: 0.000061283 0.000000000 0.999938717
T:/cccrccrccrc: 0.000000000 0.357477296 0.642522704
T:/cccrccrccrf: 0.000000000 0.153383874 0.846616126
T:/cccrccrcfrc: 0.000000000 0.590973619 0.409026381
T:/cccrccrcfrf: 0.000000000 0.151412840 0.848587160
T:/cccrccrcrcc: 0.000000000 0.030312889 0.969687111
T:/cccrccrcrcf: 0.000000000 0.000000000 1.000000000
T:/cccrccrcrfc: 0.000000000 0.300622512 0.699377488
T:/cccrccrcrff: 0.000000000 0.859483488 0.140516512
T:/cccrcfr: 0.484663992 0.515336008 0.000000000
T:/cccrcfrcrc: 0.000000000 0.389057593 0.610942407
T:/cccrcfrcrf: 0.000000000 0.847599186 0.152400814
T:/cccrcrc: 0.000000000 0.085168089 0.914831911
T:/cccrcrccrcc: 0.000000000 0.456172827 0.543827173
T:/cccrcrccrcf: 0.000000000 0.545953839 0.454046161
T:/cccrcrccrfc: 0.000000000 0.515454412 0.484545588
T:/cccrcrccrff: 0.000000000 0.380123397 0.619876603
T:/cccrcrf: 0.283935294 0.493236108 0.222828598
T:/cccrcrfcrc: 0.000000000 0.632637148 0.367362852
T:/cccrcrfcrf: 0.000000000 0.614657420 0.385342580
T:/cccrcrr: 0.000000000 0.023921235 0.976078765
T:/cccrfcr: 0.000883492 0.234321250 0.764795259
T:/cccrfcrcrc: 0.000000000 0.662565236 0.337434764
T:/cccrfcrcrf: 0.000000000 0.386998977 0.613001023
T:/cccrffr: 0.000465956 0.000000000 0.999534044
T:/cccrfrc: 0.000007182 0.657457700 0.342535118
T:/cccrfrf: 0.478338940 0.369373035 0.152288025
T:/cccrfrr: 0.000000000 0.008842230 0.991157770
T:/cccrrcc: 0.000000000 0.113247322 0.886752678
T:/cccrrcf: 0.312155186 0.242573879 0.445270936
T:/cccrrcr: 0.000000000 0.000000000 1.000000000
T:/cccrrfc: 0.000000000 0.545992106 0.454007894
T:/cccrrff: 0.000000000 0.069901442 0.930098558
T:/cccrrfr: 0.000000000 0.240673949 0.759326051
T:/cccrrrc: 0.000000000 0.348651563 0.651348437
T:/cccrrrf: 0.000000000 0.460733514 0.539266486
T:/ccr: 0.000000000 0.000017648 0.999982352
T:/ccrccrc: 0.520280861 0.434478846 0.045240293
T:/ccrccrccrcc: 0.000000000 0.514670126 0.485329874
T:/ccrccrccrcf: 0.000000000 0.228641782 0.771358218
T:/ccrccrccrfc: 0.000000000 0.136185941 0.863814059
T:/ccrccrccrff: 0.000000000 0.495553522 0.504446478
T:/ccrccrf: 0.232880045 0.333796664 0.433323291
T:/ccrccrfcrc: 0.000000000 0.536948087 0.463051913
T:/ccrccrfcrf: 0.000000000 0.779838021 0.220161979
T:/ccrccrr: 0.000000000 0.413854284 0.586145716
T:/ccrcfrc: 0.505574718 0.000451639 0.493973643
T:/ccrcfrf: 0.314802514 0.639005713 0.046191773
T:/ccrcfrr: 0.000000000 0.154740630 0.845259370
T:/ccrcrcc: 0.093923083 0.306640393 0.599436525
T:/ccrcrcf: 0.234972194 0.608982405 0.156045402
T:/ccrcrcr: 0.000000000 0.285346115 0.714653885
T:/ccrcrfc: 0.071803789 0.647123077 0.281073134
T:/ccrcrff: 0.290489984 0.401288291 0.308221725
T:/ccrcrfr: 0.000000000 0.456252583 0.543747417
T:/ccrcrrc: 0.000000000 0.382197624 0.617802376
T:/ccrcrrf: 0.000000000 0.202051068 0.797948932
T:/ccrrccr: 0.000000000 0.348175762 0.651824238
T:/ccrrcfr: 0.000000000 0.411520018 0.588479982
T:/ccrrcrc: 0.000000000 0.234000779 0.765999221
T:/ccrrcrf: 0.000000000 0.999997933 0.000002067
T:/ccrrfcr: 0.000000000 0.639301676 0.360698324
T:/ccrrffr: 0.000000000 0.000001891 0.999998109
T:/ccrrfrc: 0.000000000 0.000000000 1.000000000
T:/ccrrfrf: 0.000000000 0.615482973 0.384517027
T:/ccrrrcc: 0.000000000 0.254077382 0.745922618
T:/ccrrrcf: 0.000000000 0.649712227 0.350287773
T:/ccrrrfc: 0.000000000 0.266297062 0.733702938
T:/ccrrrff: 0.000000000 0.309081868 0.690918132
T:/crc: 0.000760046 0.652395504 0.346844449
T:/crccrcc: 0.405117889 0.305248119 0.289633992
T:/crccrcf: 0.127527190 0.440642183 0.431830628
T:/crccrcr: 0.000000000 0.477371064 0.522628936
T:/crccrfc: 0.320810542 0.136408213 0.542781244
T:/crccrff: 0.364094539 0.104782399 0.531123062
T:/crccrfr: 0.000000000 0.866211694 0.133788306
T:/crccrrc: 0.000000000 0.080604408 0.919395592
T:/crccrrf: 0.000000000 0.570443014 0.429556986
T:/crcrccr: 0.000000000 0.873432999 0.126567001
T:/crcrcfr: 0.000000000 0.363625554 0.636374446
T:/crcrcrc: 0.000000000 0.962916501 0.037083499
T:/crcrcrf: 0.000000000 0.356080860 0.643919140
T:/crcrfcr: 0.000000000 0.912272899 0.087727101
T:/crcrffr: 0.000000000 0.465337657 0.534662343
T:/crcrfrc: 0.000000000 0.425737848 0.574262152
T:/crcrfrf: 0.000000000 0.393414799 0.606585201
T:/crcrrcc: 0.000000000 0.803258682 0.196741318
T:/crcrrcf: 0.000000000 0.956455098 0.043544902
T:/crcrrfc: 0.000000000 0.658655054 0.341344946
T:/crcrrff: 0.000000000 0.284161194 0.715838806
T:/crf: 0.296143584 0.000000000 0.703856416
T:/crfcrc: 0.000000000 0.302458945 0.697541055
T:/crfcrf: 0.380991018 0.208986641 0.410022340
T:/crfcrr: 0.000000000 0.097188594 0.902811406
T:/crfrcr: 0.000000000 0.049814710 0.950185290
T:/crfrfr: 0.000000000 0.500477108 0.499522892
T:/crfrrc: 0.000000000 0.863736659 0.136263341
T:/crfrrf: 0.000000000 0.260541424 0.739458576
T:/crr: 0.000003052 0.161500792 0.838496156
T:/crrccrc: 0.000000000 0.258855511 0.741144489
T:/crrccrf: 0.000000000 0.003416508 0.996583492
T:/crrcfrc: 0.000000000 0.413423972 0.586576028
T:/crrcfrf: 0.000000000 0.419907841 0.580092159
T:/crrcrcc: 0.000000000 0.697353846 0.302646154
T:/crrcrcf: 0.000000000 0.138713530 0.861286470
T:/crrcrfc: 0.000000000 0.919417938 0.080582062
T:/crrcrff: 0.000000000 0.480238847 0.519761153
T:/rcc: 0.333815286 0.239665047 0.426519667
T:/rccrccr: 0.000000000 0.400059879 0.599940121
T:/rccrcfr: 0.000000000 0.867527411 0.132472589
T:/rccrcrc: 0.000000000 0.322149348 0.677850652
T:/rccrcrf: 0.000000000 0.243941252 0.756058748
T:/rccrfcr: 0.000000000 0.391285807 0.608714193
T:/rccrffr: 0.000000000 0.301903663 0.698096337
T:/rccrfrc: 0.000000000 0.633530096 0.366469904
T:/rccrfrf: 0.000000000 0.515582432 0.484417568
T:/rccrrcc: 0.000000000 0.472243175 0.527756825
T:/rccrrcf: 0.000000000 0.644419260 0.355580740
T:/rccrrfc: 0.000000000 0.681586544 0.318413456
T:/rccrrff: 0.000000000 0.654634680 0.345365320
T:/rcf: 0.000003381 0.066077447 0.933919172
T:/rcfrcr: 0.000000000 0.550870256 0.449129744
T:/rcfrfr: 0.000000000 0.623686402 0.376313598
T:/rcfrrc: 0.000000000 0.446888219 0.553111781
T:/rcfrrf: 0.000000000 0.249560918 0.750439082
T:/rcr: 0.000000000 0.916759681 0.083240319
T:/rcrccrc: 0.000000000 0.549687323 0.450312677
T:/rcrccrf: 0.000000000 0.033505009 0.966494991
T:/rcrcfrc: 0.000000000 0.417233285 0.582766715
T:/rcrcfrf: 0.000000000 0.889359040 0.110640960
T:/rcrcrcc: 0.000000000 0.973121647 0.026878353
T:/rcrcrcf: 0.000000000 0.979398073 0.020601927
T:/rcrcrfc: 0.000000000 0.472893061 0.527106939
T:/rcrcrff: 0.000000000 0.803483678 0.196516322
T:/rfc: 0.001310505 0.116605990 0.882083505
T:/rfcrcr: 0.000000000 0.000001090 0.999998910
T:/rfcrfr: 0.000000000 0.471449437 0.528550563
T:/rfcrrc: 0.000000000 0.028744910 0.971255090
T:/rfcrrf: 0.000000000 0.526933777 0.473066223
T:/rff: 0.000043982 0.000000000 0.999956018
T:/rffrr: 0.000000000 0.000014477 0.999985523
T:/rfr: 0.000027713 0.000017703 0.999954585
T:/rfrcrc: 0.000000000 0.381630567 0.618369433
T:/rfrcrf: 0.000000000 0.287825383 0.712174617
T:/rrc: 0.128910815 0.484085169 0.387004016
T:/rrccrcc: 0.000000000 0.510349848 0.489650152
T:/rrccrcf: 0.000000000 0.602285772 0.397714228
T:/rrccrfc: 0.000000000 0.923689329 0.076310671
T:/rrccrff: 0.000000000 0.570812632 0.429187368
T:/rrf: 0.349192827 0.341962659 0.308844515
T:/rrfcrc: 0.000000000 0.438421167 0.561578833
T:/rrfcrf: 0.000000000 0.594680313 0.405319687
T:/rrr: 0.000000000 0.441526858 0.558473142
