A:/: 0.000014644 0.999985356 0.000000000
A:/cccr: 0.610335763 0.389664237 0.000000000
A:/cccrccrc: 0.000000000 1.000000000 0.000000000
A:/cccrccrf: 0.000000000 0.849277253 0.150722747
A:/cccrcfrc: 0.000000000 1.000000000 0.000000000
A:/cccrcfrf: 0.000000000 0.230510826 0.769489174
A:/cccrcrcc: 0.000000000 1.000000000 0.000000000
A:/cccrcrcf: 0.000000000 0.929511319 0.070488681
A:/cccrcrfc: 0.000000000 0.954196598 0.045803402
A:/cccrcrff: 0.000000000 0.657339743 0.342660257
A:/ccrc: 0.656566180 0.343433820 0.000000000
A:/ccrccrcc: 0.000000000 1.000000000 0.000000000
A:/ccrccrcf: 0.000000000 0.800250538 0.199749462
A:/ccrccrfc: 0.000000000 1.000000000 0.000000000
A:/ccrccrff: 0.000000000 0.653401074 0.346598926
A:/ccrf: 0.388887003 0.611112997 0.000000000
A:/ccrfcrc: 0.000000000 1.000000000 0.000000000
A:/ccrfcrf: 0.000000000 1.000000000 0.000000000
A:/ccrr: 0.000000000 0.542343751 0.457656249
A:/crcc: 0.341424872 0.398456382 0.260118746
A:/crcf: 0.188885567 0.651127812 0.159986621
A:/crcr: 0.000000000 0.724081464 0.275918536
A:/crfc: 0.727131860 0.272868140 0.000000000
A:/crff: 0.395004155 0.604995845 0.000000000
A:/crfr: 0.000000000 0.867048277 0.132951723
A:/crrc: 0.000000000 0.574250793 0.425749207
A:/crrf: 0.000000000 0.512488904 0.487511096
A:/rccr: 0.000000000 1.000000000 0.000000000
A:/rcfr: 0.000000000 0.823741876 0.176258124
A:/rcrc: 0.000000000 0.247969105 0.752030895
A:/rcrf: 0.000000000 0.733293888 0.266706112
A:/rfcr: 0.000000000 1.000000000 0.000000000
A:/rffr: 0.000000000 1.000000000 0.000000000
A:/rfrc: 0.000000000 1.000000000 0.000000000
A:/rfrf: 0.000000000 0.324529512 0.675470488
A:/rrcc: 0.000000000 0.467486581 0.532513419
A:/rrcf: 0.000000000 0.492086857 0.507913143
A:/rrfc: 0.000000000 0.790992789 0.209007211
A:/rrff: 0.000000000 1.000000000 0.000000000
J:/: 0.000880670 0.999119330 0.000000000
J:/cccr: 0.000845706 0.000000000 0.999154294
J:/cccrccrc: 0.000000000 0.392221302 0.607778698
J:/cccrccrf: 0.000000000 0.655645947 0.344354053
J:/cccrcfrc: 0.000000000 0.000000000 1.000000000
J:/cccrcfrf: 0.000000000 0.133536795 0.866463205
J:/cccrcrcc: 0.000000000 0.284580186 0.715419814
J:/cccrcrcf: 0.000000000 0.160265972 0.839734028
J:/cccrcrfc: 0.000000000 0.211984668 0.788015332
J:/cccrcrff: 0.000000000 0.350138192 0.649861808
J:/ccrc: 0.000045531 0.000000000 0.999954469
J:/ccrccrcc: 0.000000000 0.545648283 0.454351717
J:/ccrccrcf: 0.000000000 0.000000000 1.000000000
J:/ccrccrfc: 0.000000000 0.312571777 0.687428223
J:/ccrccrff: 0.000000000 0.235993463 0.764006537
J:/ccrf: 0.000000000 0.053262908 0.946737092
J:/ccrfcrc: 0.000000000 0.401223854 0.598776146
J:/ccrfcrf: 0.000000000 0.000000000 1.000000000
J:/ccrr: 0.000000000 0.000000000 1.000000000
J:/crcc: 0.267821544 0.346998773 0.385179683
J:/crcf: 0.081970576 0.816139482 0.101889942
J:/crcr: 0.000000000 0.433503166 0.566496834
J:/crfc: 0.000000000 0.000000000 1.000000000
J:/crff: 0.000000000 0.000000000 1.000000000
J:/crfr: 0.000000000 0.000000000 1.000000000
J:/crrc: 0.000000000 0.116731729 0.883268271
J:/crrf: 0.000000000 0.427769918 0.572230082
J:/rccr: 0.000000000 0.000000000 1.000000000
J:/rcfr: 0.000000000 0.000000000 1.000000000
J:/rcrc: 0.000000000 0.343354478 0.656645522
J:/rcrf: 0.000000000 0.120299655 0.879700345
J:/rfcr: 0.000000000 0.000000000 1.000000000
J:/rffr: 0.000000000 0.007882719 0.992117281
J:/rfrc: 0.000000000 0.000000000 1.000000000
J:/rfrf: 0.000000000 0.755816073 0.244183927
J:/rrcc: 0.000000000 0.507938669 0.492061331
J:/rrcf: 0.000000000 0.705594642 0.294405358
J:/rrfc: 0.000000000 0.000000000 1.000000000
J:/rrff: 0.000000000 0.012901755 0.987098245
K:/: 0.000695340 0.999304660 0.000000000
K:/cccr: 0.001877423 0.000000000 0.998122577
K:/cccrccrc: 0.000000000 0.028596475 0.971403525
K:/cccrccrf: 0.000000000 1.000000000 0.000000000
K:/cccrcfrc: 0.000000000 0.285484467 0.714515533
K:/cccrcfrf: 0.000000000 0.444704542 0.555295458
K:/cccrcrcc: 0.000000000 0.289816976 0.710183024
K:/cccrcrcf: 0.000000000 0.970700691 0.029299309
K:/cccrcrfc: 0.000000000 0.210454119 0.789545881
K:/cccrcrff: 0.000000000 0.971097197 0.028902803
K:/ccrc: 0.000107308 0.000000000 0.999892692
K:/ccrccrcc: 0.000000000 0.376022861 0.623977139
K:/ccrccrcf: 0.000000000 0.965341200 0.034658800
K:/ccrccrfc: 0.000000000 0.124680866 0.875319134
K:/ccrccrff: 0.000000000 0.690412257 0.309587743
K:/ccrf: 0.000000000 0.116838785 0.883161215
K:/ccrfcrc: 0.000000000 0.133099058 0.866900942
K:/ccrfcrf: 0.000000000 0.312171575 0.687828425
K:/ccrr: 0.000000000 0.000000000 1.000000000
K:/crcc: 0.686174962 0.166178340 0.147646698
K:/crcf: 0.184620047 0.703794135 0.111585818
K:/crcr: 0.000000000 0.318811948 0.681188052
K:/crfc: 0.001833042 0.086358868 0.911808089
K:/crff: 0.000000000 0.085048452 0.914951548
K:/crfr: 0.000000000 0.034381453 0.965618547
K:/crrc: 0.000000000 0.557862592 0.442137408
K:/crrf: 0.000000000 0.783837692 0.216162308
K:/rccr: 0.000000000 0.879126141 0.120873859
K:/rcfr: 0.000000000 0.980057707 0.019942293
K:/rcrc: 0.000000000 0.548317031 0.451682969
K:/rcrf: 0.000000000 0.504754992 0.495245008
K:/rfcr: 0.000000000 0.008054811 0.991945189
K:/rffr: 0.000000000 0.099802130 0.900197870
K:/rfrc: 0.000000000 0.011948312 0.988051688
K:/rfrf: 0.000000000 0.520949333 0.479050667
K:/rrcc: 0.000000000 0.000000000 1.000000000
K:/rrcf: 0.000000000 0.091347444 0.908652556
K:/rrfc: 0.000000000 0.000000000 1.000000000
K:/rrff: 0.000000000 0.197265997 0.802734003
Q:/: 0.000928363 0.999071637 0.000000000
Q:/cccr: 0.001019906 0.000000000 0.998980094
Q:/cccrccrc: 0.000000000 0.482816977 0.517183023
Q:/cccrccrf: 0.000000000 0.735251788 0.264748212
Q:/cccrcfrc: 0.000000000 0.018930007 0.981069993
Q:/cccrcfrf: 0.000000000 0.752498117 0.247501883
Q:/cccrcrcc: 0.000000000 0.030269302 0.969730698
Q:/cccrcrcf: 0.000000000 0.265142175 0.734857825
Q:/cccrcrfc: 0.000000000 0.040816121 0.959183879
Q:/cccrcrff: 0.000000000 0.773296749 0.226703251
Q:/ccrc: 0.000000003 0.048956300 0.951043697
Q:/ccrccrcc: 0.000000000 0.030578868 0.969421132
Q:/ccrccrcf: 0.000000000 0.537847149 0.462152851
Q:/ccrccrfc: 0.000000000 0.130282037 0.869717963
Q:/ccrccrff: 0.000000000 0.701127199 0.298872801
Q:/ccrf: 0.400801650 0.000000000 0.599198350
Q:/ccrfcrc: 0.000000000 0.735182554 0.264817446
Q:/ccrfcrf: 0.000000000 0.968504702 0.031495298
Q:/ccrr: 0.000000000 0.000000000 1.000000000
Q:/crcc: 0.196740933 0.205924694 0.597334374
Q:/crcf: 0.486923341 0.379806826 0.133269833
Q:/crcr: 0.000000000 0.282234347 0.717765653
Q:/crfc: 0.000000000 0.000000000 1.000000000
Q:/crff: 0.000000000 0.000000000 1.000000000
Q:/crfr: 0.000000000 0.010200387 0.989799613
Q:/crrc: 0.000000000 0.686948184 0.313051816
Q:/crrf: 0.000000000 0.337674568 0.662325432
Q:/rccr: 0.000000000 0.000000000 1.000000000
Q:/rcfr: 0.000000000 0.290561679 0.709438321
Q:/rcrc: 0.000000000 0.287385341 0.712614659
Q:/rcrf: 0.000000000 0.263351378 0.736648622
Q:/rfcr: 0.000000000 0.000000000 1.000000000
Q:/rffr: 0.000000000 0.048798567 0.951201433
Q:/rfrc: 0.000000000 0.000000000 1.000000000
Q:/rfrf: 0.000000000 0.547529805 0.452470195
Q:/rrcc: 0.000000000 0.467540020 0.532459980
Q:/rrcf: 0.000000000 0.482419284 0.517580716
Q:/rrfc: 0.000000000 0.000000000 1.000000000
Q:/rrff: 0.000000000 0.000000000 1.000000000
T:/: 0.000963092 0.999036908 0.000000000
T:/cccr: 0.000981181 0.000000000 0.999018819
T:/cccrccrc: 0.000000000 0.590259155 0.409740845
T:/cccrccrf: 0.000000000 0.402248204 0.597751796
T:/cccrcfrc: 0.000000000 0.000000000 1.000000000
T:/cccrcfrf: 0.000000000 0.108436721 0.891563279
T:/cccrcrcc: 0.000000000 0.042461473 0.957538527
T:/cccrcrcf: 0.000000000 0.000000000 1.000000000
T:/cccrcrfc: 0.000000000 0.166479007 0.833520993
T:/cccrcrff: 0.000000000 0.485633452 0.514366548
T:/ccrc: 0.000003125 0.000000000 0.999996875
T:/ccrccrcc: 0.000000000 0.456593838 0.543406162
T:/ccrccrcf: 0.000000000 0.470872778 0.529127222
T:/ccrccrfc: 0.000000000 0.000000000 1.000000000
T:/ccrccrff: 0.000000000 0.761376786 0.238623214
T:/ccrf: 0.000000000 0.000000000 1.000000000
T:/ccrfcrc: 0.000000000 0.854484444 0.145515556
T:/ccrfcrf: 0.000000000 0.349362979 0.650637021
T:/ccrr: 0.000000000 0.000000000 1.000000000
T:/crcc: 0.126659050 0.569749852 0.303591098
T:/crcf: 0.104066866 0.542328125 0.353605010
T:/crcr: 0.000000000 0.488049472 0.511950528
T:/crfc: 0.000000000 0.165458099 0.834541901
T:/crff: 0.000000000 0.165159789 0.834840211
T:/crfr: 0.000000000 0.005764678 0.994235322
T:/crrc: 0.000000000 0.486304639 0.513695361
T:/crrf: 0.000000000 0.357708642 0.642291358
T:/rccr: 0.000000000 0.000000000 1.000000000
T:/rcfr: 0.000000000 0.000000000 1.000000000
T:/rcrc: 0.000000000 0.544531965 0.455468035
T:/rcrf: 0.000000000 0.118659838 0.881340162
T:/rfcr: 0.000000000 0.000000000 1.000000000
T:/rffr: 0.000000000 0.000000000 1.000000000
T:/rfrc: 0.000000000 0.000000000 1.000000000
T:/rfrf: 0.000000000 0.763285358 0.236714642
T:/rrcc: 0.000000000 0.745764519 0.254235481
T:/rrcf: 0.000000000 0.458387662 0.541612338
T:/rrfc: 0.000000000 0.006068613 0.993931387
T:/rrff: 0.000000000 0.000000000 1.000000000
