A:/cc: 0.375211214 0.624788786 0.000000000
A:/cccrcc: 0.091782924 0.087471401 0.820745675
A:/cccrcf: 0.520937463 0.202707400 0.276355137
A:/cccrcr: 0.000000000 0.527690486 0.472309514
A:/cccrfc: 0.906950876 0.093049124 0.000000000
A:/cccrff: 0.497124175 0.502875825 0.000000000
A:/cccrfr: 0.000000000 1.000000000 0.000000000
A:/cccrrc: 0.000000000 0.826338190 0.173661810
A:/cccrrf: 0.000000000 0.403335336 0.596664664
A:/ccrccr: 0.000000000 0.473841186 0.526158814
A:/ccrcfr: 0.000000000 0.936673551 0.063326449
A:/ccrcrc: 0.000000000 0.477383240 0.522616760
A:/ccrcrf: 0.000000000 0.517495503 0.482504497
A:/ccrfcr: 0.000000000 0.916900974 0.083099026
A:/ccrffr: 0.000000000 1.000000000 0.000000000
A:/ccrfrc: 0.000000000 0.991611635 0.008388365
A:/ccrfrf: 0.000000000 0.969776575 0.030223425
A:/ccrrcc: 0.000000000 0.265163675 0.734836325
A:/ccrrcf: 0.000000000 0.152893660 0.847106340
A:/ccrrfc: 0.000000000 0.815723246 0.184276754
A:/ccrrff: 0.000000000 1.000000000 0.000000000
A:/cr: 0.697077350 0.302922650 0.000000000
A:/crccrc: 0.000000000 0.830084317 0.169915683
A:/crccrf: 0.000000000 0.373168279 0.626831721
A:/crcfrc: 0.000000000 0.735217056 0.264782944
A:/crcfrf: 0.000000000 0.767415481 0.232584519
A:/crcrcc: 0.000000000 0.956687518 0.043312482
A:/crcrcf: 0.000000000 0.914672241 0.085327759
A:/crcrfc: 0.000000000 0.777118237 0.222881763
A:/crcrff: 0.000000000 0.749411841 0.250588159
A:/rc: 0.491534127 0.508465873 0.000000000
A:/rccrcc: 0.000000000 0.592051713 0.407948287
A:/rccrcf: 0.000000000 0.656584238 0.343415762
A:/rccrfc: 0.000000000 0.561785318 0.438214682
A:/rccrff: 0.000000000 0.601892877 0.398107123
A:/rf: 0.479817607 0.520182393 0.000000000
A:/rfcrc: 0.000000000 0.912712562 0.087287438
A:/rfcrf: 0.000000000 1.000000000 0.000000000
A:/rr: 0.000000000 0.987281640 0.012718360
J:/cc: 0.000000000 1.000000000 0.000000000
J:/cccrcc: 0.340070346 0.331240076 0.328689577
J:/cccrcf: 0.140384700 0.450828947 0.408786353
J:/cccrcr: 0.000000000 0.727412717 0.272587283
J:/cccrfc: 0.000000000 0.000000000 1.000000000
J:/cccrff: 0.073083131 0.002882355 0.924034514
J:/cccrfr: 0.000000000 0.000000000 1.000000000
J:/cccrrc: 0.000000000 0.057072467 0.942927533
J:/cccrrf: 0.000000000 0.310947426 0.689052574
J:/ccrccr: 0.000000000 0.390512340 0.609487660
J:/ccrcfr: 0.000000000 0.000000000 1.000000000
J:/ccrcrc: 0.000000000 0.225435171 0.774564829
J:/ccrcrf: 0.000000000 0.305713071 0.694286929
J:/ccrfcr: 0.000000000 0.039472725 0.960527275
J:/ccrffr: 0.000000000 0.000000000 1.000000000
J:/ccrfrc: 0.000000000 0.000000000 1.000000000
J:/ccrfrf: 0.000000000 0.083845295 0.916154705
J:/ccrrcc: 0.000000000 0.890681067 0.109318933
J:/ccrrcf: 0.000000000 0.515480857 0.484519143
J:/ccrrfc: 0.000000000 0.000000000 1.000000000
J:/ccrrff: 0.000000000 0.000000000 1.000000000
J:/cr: 0.000000000 0.000000000 1.000000000
J:/crccrc: 0.000000000 0.410504530 0.589495470
J:/crccrf: 0.000000000 0.796868739 0.203131261
J:/crcfrc: 0.000000000 0.000000000 1.000000000
J:/crcfrf: 0.000000000 0.108656318 0.891343682
J:/crcrcc: 0.000000000 0.000000000 1.000000000
J:/crcrcf: 0.000000000 0.277263504 0.722736496
J:/crcrfc: 0.000000000 0.289308897 0.710691103
J:/crcrff: 0.000000000 0.988232837 0.011767163
J:/rc: 0.000000000 0.373551964 0.626448036
J:/rccrcc: 0.000000000 0.133713311 0.866286689
J:/rccrcf: 0.000000000 0.343329186 0.656670814
J:/rccrfc: 0.000000000 0.611686108 0.388313892
J:/rccrff: 0.000000000 0.570133182 0.429866818
J:/rf: 0.221247226 0.130700928 0.648051846
J:/rfcrc: 0.000000000 0.378248966 0.621751034
J:/rfcrf: 0.000000000 0.396778150 0.603221850
J:/rr: 0.000000000 0.000000000 1.000000000
K:/cc: 0.000000000 1.000000000 0.000000000
K:/cccrcc: 0.145278274 0.672065611 0.182656115
K:/cccrcf: 0.366752304 0.294381376 0.338866320
K:/cccrcr: 0.000000000 0.660194665 0.339805335
K:/cccrfc: 0.000000000 0.000000000 1.000000000
K:/cccrff: 0.096521090 0.230988480 0.672490431
K:/cccrfr: 0.000000000 0.000000000 1.000000000
K:/cccrrc: 0.000000000 0.510597976 0.489402024
K:/cccrrf: 0.000000000 0.533324306 0.466675694
K:/ccrccr: 0.000000000 0.726106970 0.273893030
K:/ccrcfr: 0.000000000 0.364911591 0.635088409
K:/ccrcrc: 0.000000000 0.709882044 0.290117956
K:/ccrcrf: 0.000000000 0.013112810 0.986887190
K:/ccrfcr: 0.000000000 0.000000000 1.000000000
K:/ccrffr: 0.000000000 0.000000000 1.000000000
K:/ccrfrc: 0.000000000 0.000000000 1.000000000
K:/ccrfrf: 0.000000000 0.550757387 0.449242613
K:/ccrrcc: 0.000000000 0.298569282 0.701430718
K:/ccrrcf: 0.000000000 0.916923302 0.083076698
K:/ccrrfc: 0.000000000 0.000000000 1.000000000
K:/ccrrff: 0.000000000 0.343551450 0.656448550
K:/cr: 0.000000000 0.000004511 0.999995489
K:/crccrc: 0.000000000 0.643600245 0.356399755
K:/crccrf: 0.000000000 0.553593523 0.446406477
K:/crcfrc: 0.000000000 0.642681591 0.357318409
K:/crcfrf: 0.000000000 0.934970755 0.065029245
K:/crcrcc: 0.000000000 0.026594512 0.973405488
K:/crcrcf: 0.000000000 0.642431065 0.357568935
K:/crcrfc: 0.000000000 0.041579628 0.958420372
K:/crcrff: 0.000000000 0.955628345 0.044371655
K:/rc: 0.000000000 0.367868363 0.632131637
K:/rccrcc: 0.000000000 0.876223636 0.123776364
K:/rccrcf: 0.000000000 0.314347758 0.685652242
K:/rccrfc: 0.000000000 0.453053838 0.546946162
K:/rccrff: 0.000000000 0.398626867 0.601373133
K:/rf: 0.204038354 0.354368185 0.441593460
K:/rfcrc: 0.000000000 0.283188557 0.716811443
K:/rfcrf: 0.000000000 0.415516733 0.584483267
K:/rr: 0.000000000 0.353779278 0.646220722
Q:/cc: 0.244217913 0.755782087 0.000000000
Q:/cccrcc: 0.240613938 0.474460584 0.284925478
Q:/cccrcf: 0.693233915 0.038217355 0.268548730
Q:/cccrcr: 0.000000000 0.190918227 0.809081773
Q:/cccrfc: 0.000000000 0.000000000 1.000000000
Q:/cccrff: 0.015379021 0.154190592 0.830430387
Q:/cccrfr: 0.000000000 0.000000000 1.000000000
Q:/cccrrc: 0.000000000 0.481048318 0.518951682
Q:/cccrrf: 0.000000000 0.235128408 0.764871592
Q:/ccrccr: 0.000000000 0.187455649 0.812544351
Q:/ccrcfr: 0.000000000 0.000000117 0.999999883
Q:/ccrcrc: 0.000000000 0.167833266 0.832166734
Q:/ccrcrf: 0.000000000 0.281027041 0.718972959
Q:/ccrfcr: 0.000000000 0.182579223 0.817420777
Q:/ccrffr: 0.000000000 0.000000000 1.000000000
Q:/ccrfrc: 0.000000000 0.000000000 1.000000000
Q:/ccrfrf: 0.000000000 0.768284983 0.231715017
Q:/ccrrcc: 0.000000000 0.661718346 0.338281654
Q:/ccrrcf: 0.000000000 0.075650106 0.924349894
Q:/ccrrfc: 0.000000000 0.000000000 1.000000000
Q:/ccrrff: 0.000000000 0.000000000 1.000000000
Q:/cr: 0.000000000 0.000000000 1.000000000
Q:/crccrc: 0.000000000 0.232433255 0.767566745
Q:/crccrf: 0.000000000 0.443622155 0.556377845
Q:/crcfrc: 0.000000000 0.724944606 0.275055394
Q:/crcfrf: 0.000000000 0.113632534 0.886367466
Q:/crcrcc: 0.000000000 0.270235489 0.729764511
Q:/crcrcf: 0.000000000 0.350139781 0.649860219
Q:/crcrfc: 0.000000000 0.342584087 0.657415913
Q:/crcrff: 0.000000000 0.442989789 0.557010211
Q:/rc: 0.016645165 0.516177722 0.467177113
Q:/rccrcc: 0.000000000 0.400509007 0.599490993
Q:/rccrcf: 0.000000000 0.581963863 0.418036137
Q:/rccrfc: 0.000000000 0.902686530 0.097313470
Q:/rccrff: 0.000000000 0.015569400 0.984430600
Q:/rf: 0.273573630 0.182663049 0.543763321
Q:/rfcrc: 0.000000000 0.881438567 0.118561433
Q:/rfcrf: 0.000000000 0.475401075 0.524598925
Q:/rr: 0.000000000 0.133892209 0.866107791
T:/cc: 0.000000000 1.000000000 0.000000000
T:/cccrcc: 0.402180759 0.365696951 0.232122289
T:/cccrcf: 0.582816280 0.164527584 0.252656136
T:/cccrcr: 0.000000000 0.510250060 0.489749940
T:/cccrfc: 0.000000000 0.000000000 1.000000000
T:/cccrff: 0.074525417 0.000000000 0.925474583
T:/cccrfr: 0.000000000 0.000000000 1.000000000
T:/cccrrc: 0.000000000 0.817148129 0.182851871
T:/cccrrf: 0.000000000 0.358287619 0.641712381
T:/ccrccr: 0.000000000 0.426880446 0.573119554
T:/ccrcfr: 0.000000000 0.000000000 1.000000000
T:/ccrcrc: 0.000000000 0.462672332 0.537327668
T:/ccrcrf: 0.000000000 0.798035944 0.201964056
T:/ccrfcr: 0.000000000 0.378778340 0.621221660
T:/ccrffr: 0.000000000 0.000000000 1.000000000
T:/ccrfrc: 0.000000000 0.000000000 1.000000000
T:/ccrfrf: 0.000000000 0.766917169 0.233082831
T:/ccrrcc: 0.000000000 0.361518123 0.638481877
T:/ccrrcf: 0.000000000 0.950743365 0.049256635
T:/ccrrfc: 0.000000000 0.000000000 1.000000000
T:/ccrrff: 0.000000000 0.000000000 1.000000000
T:/cr: 0.000000000 0.000000000 1.000000000
T:/crccrc: 0.000000000 0.379432846 0.620567154
T:/crccrf: 0.000000000 0.552225772 0.447774228
T:/crcfrc: 0.000000000 0.833627533 0.166372467
T:/crcfrf: 0.000000000 0.752989290 0.247010710
T:/crcrcc: 0.000000000 0.547775351 0.452224649
T:/crcrcf: 0.000000000 0.498390749 0.501609251
T:/crcrfc: 0.000000000 0.487961039 0.512038961
T:/crcrff: 0.000000000 0.373908610 0.626091390
T:/rc: 0.000000000 0.799727102 0.200272898
T:/rccrcc: 0.000000000 0.591712140 0.408287860
T:/rccrcf: 0.000000000 0.343277794 0.656722206
T:/rccrfc: 0.000000000 0.235355823 0.764644177
T:/rccrff: 0.000000000 0.303872981 0.696127019
T:/rf: 0.294799396 0.221973186 0.483227418
T:/rfcrc: 0.000000000 0.679766324 0.320233676
T:/rfcrf: 0.000000000 0.838095368 0.161904632
T:/rr: 0.000000000 0.466219643 0.533780357
