5:/: 0.080800928 0.919199072 0.000000000
5:/ccr: 0.000250989 0.441757610 0.557991401
5:/ccrcrc: 0.041153572 0.495012798 0.463833630
5:/ccrcrf: 0.461379434 0.228826898 0.309793668
5:/ccrcrr: 0.000000000 0.026157954 0.973842046
5:/ccrrcr: 0.000000000 0.706705777 0.293294223
5:/ccrrfr: 0.000000000 0.359552250 0.640447750
5:/ccrrrc: 0.000000000 0.495662784 0.504337216
5:/ccrrrf: 0.000000000 0.367020180 0.632979820
5:/crc: 0.000000000 0.000001361 0.999998639
5:/crcrcr: 0.000000000 0.826211532 0.173788468
5:/crcrfr: 0.000000000 0.137010360 0.862989640
5:/crcrrc: 0.000000000 0.498306654 0.501693346
5:/crcrrf: 0.000000000 0.527773266 0.472226734
5:/crf: 0.000000000 0.000322336 0.999677664
5:/crfrr: 0.000000000 0.000000000 1.000000000
5:/crr: 0.137097167 0.736117432 0.126785401
5:/crrcrc: 0.000000000 0.574624923 0.425375077
5:/crrcrf: 0.000000000 0.073053941 0.926946059
5:/rcr: 0.829807003 0.132397402 0.037795595
5:/rcrcrc: 0.000000000 0.439369750 0.560630250
5:/rcrcrf: 0.000000000 0.084033731 0.915966269
5:/rfr: 0.315353947 0.423157433 0.261488620
5:/rrc: 0.000289241 0.000000000 0.999710759
5:/rrf: 0.000233455 0.000325031 0.999441514
5:/rrr: 0.000000000 0.219453437 0.780546563
6:/: 0.074950712 0.925049288 0.000000000
6:/ccr: 0.000230439 0.482903906 0.516865654
6:/ccrcrc: 0.183333005 0.268896758 0.547770237
6:/ccrcrf: 0.311801067 0.204187076 0.484011857
6:/ccrcrr: 0.000000000 0.740904122 0.259095878
6:/ccrrcr: 0.000000000 0.884169956 0.115830044
6:/ccrrfr: 0.000000000 0.759330503 0.240669497
6:/ccrrrc: 0.000000000 0.620440650 0.379559350
6:/ccrrrf: 0.000000000 0.092225654 0.907774346
6:/crc: 0.000000000 0.000002758 0.999997242
6:/crcrcr: 0.000000000 0.964671263 0.035328737
6:/crcrfr: 0.000000000 0.297191209 0.702808791
6:/crcrrc: 0.000000000 0.573169626 0.426830374
6:/crcrrf: 0.000000000 0.653163582 0.346836418
6:/crf: 0.000000000 0.000983534 0.999016466
6:/crfrr: 0.000000000 0.000000000 1.000000000
6:/crr: 0.110481494 0.334398455 0.555120051
6:/crrcrc: 0.000000000 0.425126804 0.574873196
6:/crrcrf: 0.000000000 0.716179229 0.283820771
6:/rcr: 0.787201569 0.011003762 0.201794668
6:/rcrcrc: 0.000000000 0.337279340 0.662720660
6:/rcrcrf: 0.000000000 0.216649393 0.783350607
6:/rfr: 0.053608825 0.126592022 0.819799153
6:/rrc: 0.000315468 0.000000000 0.999684532
6:/rrf: 0.000233979 0.000338216 0.999427806
6:/rrr: 0.000000000 0.134112426 0.865887574
7:/: 0.001313978 0.998686022 0.000000000
7:/ccr: 0.000108978 0.000014319 0.999876703
7:/ccrcrc: 0.064468203 0.359896698 0.575635099
7:/ccrcrf: 0.310004987 0.451584851 0.238410162
7:/ccrcrr: 0.000000000 0.000000000 1.000000000
7:/ccrrcr: 0.000000000 0.542314862 0.457685138
7:/ccrrfr: 0.000000000 0.450974058 0.549025942
7:/ccrrrc: 0.000000000 0.148497601 0.851502399
7:/ccrrrf: 0.000000000 0.011842268 0.988157732
7:/crc: 0.000000000 0.000000079 0.999999921
7:/crcrcr: 0.000000000 0.815844288 0.184155712
7:/crcrfr: 0.000000000 0.925248275 0.074751725
7:/crcrrc: 0.000000000 0.421394538 0.578605462
7:/crcrrf: 0.000000000 0.000000000 1.000000000
7:/crf: 0.055423705 0.128591536 0.815984759
7:/crfrr: 0.000000000 0.000000000 1.000000000
7:/crr: 0.282689805 0.188972885 0.528337310
7:/crrcrc: 0.000000000 0.525096901 0.474903099
7:/crrcrf: 0.000000000 0.375519208 0.624480792
7:/rcr: 0.794009387 0.000000000 0.205990613
7:/rcrcrc: 0.000000000 0.983292082 0.016707918
7:/rcrcrf: 0.000000000 0.313529936 0.686470064
7:/rfr: 0.317343599 0.255672926 0.426983475
7:/rrc: 0.000322885 0.000000000 0.999677115
7:/rrf: 0.000235877 0.000339112 0.999425011
7:/rrr: 0.000000000 0.393675952 0.606324048
8:/: 0.000549310 0.999450690 0.000000000
8:/ccr: 0.000317460 0.723951557 0.275730982
8:/ccrcrc: 0.025269254 0.315705559 0.659025187
8:/ccrcrf: 0.730050593 0.068791872 0.201157534
8:/ccrcrr: 0.000000000 0.354380948 0.645619052
8:/ccrrcr: 0.000000000 0.001798108 0.998201892
8:/ccrrfr: 0.000000000 0.648982278 0.351017722
8:/ccrrrc: 0.000000000 0.329703943 0.670296057
8:/ccrrrf: 0.000000000 0.299268264 0.700731736
8:/crc: 0.000000000 0.000000000 1.000000000
8:/crcrcr: 0.000000000 0.273378064 0.726621936
8:/crcrfr: 0.000000000 0.250171473 0.749828527
8:/crcrrc: 0.000000000 0.753272522 0.246727478
8:/crcrrf: 0.000000000 0.323778623 0.676221377
8:/crf: 0.010112410 0.400554591 0.589332999
8:/crfrr: 0.000000000 0.000000000 1.000000000
8:/crr: 0.627265716 0.132150536 0.240583748
8:/crrcrc: 0.000000000 0.956935722 0.043064278
8:/crrcrf: 0.000000000 0.120684421 0.879315579
8:/rcr: 0.741410572 0.188528768 0.070060660
8:/rcrcrc: 0.000000000 0.999997984 0.000002016
8:/rcrcrf: 0.000000000 0.353796623 0.646203377
8:/rfr: 0.614712034 0.120445457 0.264842508
8:/rrc: 0.000316156 0.000000000 0.999683844
8:/rrf: 0.000237178 0.000332064 0.999430758
8:/rrr: 0.000000000 0.028100429 0.971899571
9:/: 0.000000000 1.000000000 0.000000000
9:/ccr: 0.000295189 0.738556543 0.261148268
9:/ccrcrc: 0.365574845 0.324940887 0.309484268
9:/ccrcrf: 0.247985586 0.352585251 0.399429163
9:/ccrcrr: 0.000000000 0.175046787 0.824953213
9:/ccrrcr: 0.000000000 0.044546030 0.955453970
9:/ccrrfr: 0.000000000 0.662045963 0.337954037
9:/ccrrrc: 0.000000000 0.528501605 0.471498395
9:/ccrrrf: 0.000000000 0.506315870 0.493684130
9:/crc: 0.000000000 0.089762041 0.910237959
9:/crcrcr: 0.000000000 0.729498692 0.270501308
9:/crcrfr: 0.000000000 0.952198563 0.047801437
9:/crcrrc: 0.000000000 0.452482217 0.547517783
9:/crcrrf: 0.000000000 0.233732183 0.766267817
9:/crf: 0.018357451 0.461785448 0.519857101
9:/crfrr: 0.000000000 0.000000000 1.000000000
9:/crr: 0.198993771 0.681748759 0.119257470
9:/crrcrc: 0.000000000 0.047962795 0.952037205
9:/crrcrf: 0.000000000 0.464704221 0.535295779
9:/rcr: 0.805205041 0.026577235 0.168217725
9:/rcrcrc: 0.000000000 0.764998351 0.235001649
9:/rcrcrf: 0.000000000 0.518207752 0.481792248
9:/rfr: 0.035398293 0.305521716 0.659079992
9:/rrc: 0.000315508 0.000000000 0.999684492
9:/rrf: 0.000238493 0.000327655 0.999433851
9:/rrr: 0.000000000 0.461238315 0.538761685
A:/: 0.377989972 0.622010028 0.000000000
A:/ccr: 0.012573779 0.987426221 0.000000000
A:/ccrcrc: 0.796989072 0.117422960 0.085587968
A:/ccrcrf: 0.302472417 0.353460792 0.344066791
A:/ccrcrr: 0.000000000 0.204278411 0.795721589
A:/ccrrcr: 0.000000000 0.088387061 0.911612939
A:/ccrrfr: 0.000000000 0.270832795 0.729167205
A:/ccrrrc: 0.000000000 0.445463830 0.554536170
A:/ccrrrf: 0.000000000 0.348794920 0.651205080
A:/crc: 0.302767462 0.691714641 0.005517898
A:/crcrcr: 0.000000000 0.818451388 0.181548612
A:/crcrfr: 0.000000000 0.605741802 0.394258198
A:/crcrrc: 0.000000000 0.825998041 0.174001959
A:/crcrrf: 0.000000000 0.795154938 0.204845062
A:/crf: 1.000000000 0.000000000 0.000000000
A:/crfrr: 0.000000000 0.900332234 0.099667766
A:/crr: 0.650748740 0.198088898 0.151162362
A:/crrcrc: 0.000000000 0.328845880 0.671154120
A:/crrcrf: 0.000000000 0.999864349 0.000135651
A:/rcr: 0.417506394 0.381053534 0.201440072
A:/rcrcrc: 0.000000000 0.642392219 0.357607781
A:/rcrcrf: 0.000000000 0.589961269 0.410038731
A:/rfr: 0.009091840 0.491649614 0.499258546
A:/rrc: 0.607838195 0.392161805 0.000000000
A:/rrf: 0.299613432 0.569408520 0.130978048
A:/rrr: 0.000000000 0.540675136 0.459324864
J:/: 0.000000000 1.000000000 0.000000000
J:/ccr: 0.000378126 0.710781357 0.288840517
J:/ccrcrc: 0.489320056 0.293700753 0.216979191
J:/ccrcrf: 0.079274586 0.489054556 0.431670858
J:/ccrcrr: 0.000000000 0.301941698 0.698058302
J:/ccrrcr: 0.000000000 0.680143249 0.319856751
J:/ccrrfr: 0.000000000 0.585766669 0.414233331
J:/ccrrrc: 0.000000000 0.556495410 0.443504590
J:/ccrrrf: 0.000000000 0.487809395 0.512190605
J:/crc: 0.000000000 0.357528811 0.642471189
J:/crcrcr: 0.000000000 0.171544042 0.828455958
J:/crcrfr: 0.000000000 0.516941664 0.483058336
J:/crcrrc: 0.000000000 0.533024241 0.466975759
J:/crcrrf: 0.000000000 0.208631471 0.791368529
J:/crf: 0.000000000 0.995400548 0.004599452
J:/crfrr: 0.000000000 0.000000000 1.000000000
J:/crr: 0.416647764 0.520768559 0.062583677
J:/crrcrc: 0.000000000 0.690439253 0.309560747
J:/crrcrf: 0.000000000 0.859756482 0.140243518
J:/rcr: 0.464499898 0.515538113 0.019961989
J:/rcrcrc: 0.000000000 0.999998116 0.000001884
J:/rcrcrf: 0.000000000 0.542925278 0.457074722
J:/rfr: 0.029260859 0.349787953 0.620951188
J:/rrc: 0.000255557 0.000000000 0.999744443
J:/rrf: 0.000634379 0.000000000 0.999365621
J:/rrr: 0.000000000 0.058350162 0.941649838
K:/: 0.000717095 0.999282905 0.000000000
K:/ccr: 0.003199390 0.996800610 0.000000000
K:/ccrcrc: 0.386406215 0.373119076 0.240474709
K:/ccrcrf: 0.766315791 0.082246062 0.151438146
K:/ccrcrr: 0.000000000 0.278500975 0.721499025
K:/ccrrcr: 0.000000000 0.604856901 0.395143099
K:/ccrrfr: 0.000000000 0.621030451 0.378969549
K:/ccrrrc: 0.000000000 1.000000000 0.000000000
K:/ccrrrf: 0.000000000 0.999882091 0.000117909
K:/crc: 0.000000000 0.858076106 0.141923894
K:/crcrcr: 0.000000000 0.668790348 0.331209652
K:/crcrfr: 0.000000000 0.323184828 0.676815172
K:/crcrrc: 0.000000000 0.615474436 0.384525564
K:/crcrrf: 0.000000000 0.806839045 0.193160955
K:/crf: 0.000778916 0.997718281 0.001502804
K:/crfrr: 0.000000000 0.000000000 1.000000000
K:/crr: 0.761582352 0.061282636 0.177135011
K:/crrcrc: 0.000000000 0.570717144 0.429282856
K:/crrcrf: 0.000000000 0.577438069 0.422561931
K:/rcr: 0.577248255 0.000062328 0.422689416
K:/rcrcrc: 0.000000000 0.536213336 0.463786664
K:/rcrcrf: 0.000000000 0.680986090 0.319013910
K:/rfr: 0.474555967 0.032958359 0.492485674
K:/rrc: 0.000445285 0.618251571 0.381303144
K:/rrf: 0.000525423 0.000000000 0.999474577
K:/rrr: 0.000000000 0.310031477 0.689968523
Q:/: 0.000302746 0.999697254 0.000000000
Q:/ccr: 0.084926222 0.915031803 0.000041975
Q:/ccrcrc: 0.173656057 0.227700418 0.598643525
Q:/ccrcrf: 0.313732620 0.082148462 0.604118918
Q:/ccrcrr: 0.000000000 0.233579051 0.766420949
Q:/ccrrcr: 0.000000000 0.231818813 0.768181187
Q:/ccrrfr: 0.000000000 0.542520449 0.457479551
Q:/ccrrrc: 0.000000000 0.425305183 0.574694817
Q:/ccrrrf: 0.000000000 0.784597607 0.215402393
Q:/crc: 0.000000000 0.470402266 0.529597734
Q:/crcrcr: 0.000000000 0.463662409 0.536337591
Q:/crcrfr: 0.000000000 0.406467913 0.593532087
Q:/crcrrc: 0.000000000 0.920444288 0.079555712
Q:/crcrrf: 0.000000000 0.707976795 0.292023205
Q:/crf: 0.000000000 0.995940014 0.004059986
Q:/crfrr: 0.000000000 0.000000000 1.000000000
Q:/crr: 0.460403630 0.394516153 0.145080217
Q:/crrcrc: 0.000000000 0.627594917 0.372405083
Q:/crrcrf: 0.000000000 0.971767033 0.028232967
Q:/rcr: 0.956888616 0.014848458 0.028262926
Q:/rcrcrc: 0.000000000 0.501150894 0.498849106
Q:/rcrcrf: 0.000000000 0.774691543 0.225308457
Q:/rfr: 0.063136452 0.506610531 0.430253017
Q:/rrc: 0.000502044 0.337641003 0.661856953
Q:/rrf: 0.000891781 0.249981683 0.749126535
Q:/rrr: 0.000000000 0.167290794 0.832709206
T:/: 0.000000000 1.000000000 0.000000000
T:/ccr: 0.000306113 0.863931083 0.135762804
T:/ccrcrc: 0.279775462 0.275903588 0.444320950
T:/ccrcrf: 0.302020833 0.451902580 0.246076586
T:/ccrcrr: 0.000000000 0.110405414 0.889594586
T:/ccrrcr: 0.000000000 0.100395029 0.899604971
T:/ccrrfr: 0.000000000 0.842399602 0.157600398
T:/ccrrrc: 0.000000000 0.147986603 0.852013397
T:/ccrrrf: 0.000000000 0.677213783 0.322786217
T:/crc: 0.000000000 0.186213405 0.813786595
T:/crcrcr: 0.000000000 0.377163180 0.622836820
T:/crcrfr: 0.000000000 0.321332271 0.678667729
T:/crcrrc: 0.000000000 0.930804151 0.069195849
T:/crcrrf: 0.000000000 0.595021113 0.404978887
T:/crf: 0.038913508 0.859465592 0.101620899
T:/crfrr: 0.000000000 0.000000000 1.000000000
T:/crr: 0.070986732 0.513131689 0.415881579
T:/crrcrc: 0.000000000 0.540506361 0.459493639
T:/crrcrf: 0.000000000 0.552002720 0.447997280
T:/rcr: 1.000000000 0.000000000 0.000000000
T:/rcrcrc: 0.000000000 0.529575267 0.470424733
T:/rcrcrf: 0.000000000 0.483430421 0.516569579
T:/rfr: 0.208796628 0.426660063 0.364543309
T:/rrc: 0.000261571 0.000000000 0.999738429
T:/rrf: 0.000240101 0.000299094 0.999460805
T:/rrr: 0.000000000 0.143946855 0.856053145
