5:/c: 0.277393052 0.722606948 0.000000000
5:/ccrc: 0.000000000 0.000000000 1.000000000
5:/ccrcrcr: 0.000000000 0.000000000 1.000000000
5:/ccrcrfr: 0.000000000 0.170122615 0.829877385
5:/ccrcrrc: 0.000000000 0.485716938 0.514283062
5:/ccrcrrf: 0.000000000 0.000000000 1.000000000
5:/ccrf: 0.000000000 0.000000000 1.000000000
5:/ccrfrr: 0.000000000 0.000000000 1.000000000
5:/ccrr: 0.000000000 0.000000000 1.000000000
5:/ccrrcrc: 0.000000000 0.194391705 0.805608295
5:/ccrrcrf: 0.000000000 0.150184052 0.849815948
5:/crcr: 0.000000000 0.162292084 0.837707916
5:/crcrcrc: 0.000000000 0.714911407 0.285088593
5:/crcrcrf: 0.000000000 0.829553771 0.170446229
5:/crfr: 0.000000000 0.000000000 1.000000000
5:/crrc: 0.000000000 0.000000000 1.000000000
5:/crrf: 0.000000000 0.000000000 1.000000000
5:/crrr: 0.000000000 0.000000000 1.000000000
5:/r: 0.000000000 0.000000000 1.000000000
5:/rcrc: 0.000000630 0.410146466 0.589852905
5:/rcrf: 0.234629331 0.231214788 0.534155881
5:/rcrr: 0.000000000 0.000000000 1.000000000
5:/rrcr: 0.000000000 0.000000000 1.000000000
5:/rrfr: 0.000000000 0.000000000 1.000000000
5:/rrrc: 0.000000000 0.235173344 0.764826656
5:/rrrf: 0.000000000 0.000000000 1.000000000
6:/c: 0.226874656 0.773125344 0.000000000
6:/ccrc: 0.000000000 0.000000000 1.000000000
6:/ccrcrcr: 0.000000000 0.000000000 1.000000000
6:/ccrcrfr: 0.000000000 0.000000000 1.000000000
6:/ccrcrrc: 0.000000000 0.306140190 0.693859810
6:/ccrcrrf: 0.000000000 0.000000000 1.000000000
6:/ccrf: 0.000000000 0.000000000 1.000000000
6:/ccrfrr: 0.000000000 0.000000000 1.000000000
6:/ccrr: 0.000000000 0.000000000 1.000000000
6:/ccrrcrc: 0.000000000 0.781266918 0.218733082
6:/ccrrcrf: 0.000000000 0.000000000 1.000000000
6:/crcr: 0.067988446 0.005323061 0.926688493
6:/crcrcrc: 0.000000000 0.000000000 1.000000000
6:/crcrcrf: 0.000000000 0.676130475 0.323869525
6:/crfr: 0.000000000 0.000000000 1.000000000
6:/crrc: 0.000000000 0.000000000 1.000000000
6:/crrf: 0.000000000 0.000000000 1.000000000
6:/crrr: 0.000000000 0.000000000 1.000000000
6:/r: 0.000000000 0.000035822 0.999964178
6:/rcrc: 0.000000000 0.320812246 0.679187754
6:/rcrf: 0.294430785 0.415682920 0.289886295
6:/rcrr: 0.000000000 0.414780133 0.585219867
6:/rrcr: 0.000000000 0.135304131 0.864695869
6:/rrfr: 0.000000000 0.000000000 1.000000000
6:/rrrc: 0.000000000 0.478368008 0.521631992
6:/rrrf: 0.000000000 0.063462344 0.936537656
7:/c: 0.000801702 0.999198298 0.000000000
7:/ccrc: 0.000000000 0.000000000 1.000000000
7:/ccrcrcr: 0.000000000 0.000000000 1.000000000
7:/ccrcrfr: 0.000000000 0.621255877 0.378744123
7:/ccrcrrc: 0.000000000 0.000000000 1.000000000
7:/ccrcrrf: 0.000000000 0.000000000 1.000000000
7:/ccrf: 0.000000000 0.000000000 1.000000000
7:/ccrfrr: 0.000000000 0.000000000 1.000000000
7:/ccrr: 0.000000000 0.000000000 1.000000000
7:/ccrrcrc: 0.000000000 0.493357989 0.506642011
7:/ccrrcrf: 0.000000000 0.067763142 0.932236858
7:/crcr: 0.000000000 0.383259684 0.616740316
7:/crcrcrc: 0.000000000 0.366741921 0.633258079
7:/crcrcrf: 0.000000000 0.152823551 0.847176449
7:/crfr: 0.000000000 0.000000000 1.000000000
7:/crrc: 0.000000000 0.000000000 1.000000000
7:/crrf: 0.000000000 0.000000000 1.000000000
7:/crrr: 0.000000000 0.000000000 1.000000000
7:/r: 0.000610016 0.000284481 0.999105502
7:/rcrc: 0.000000000 0.343170155 0.656829845
7:/rcrf: 0.020067792 0.326390881 0.653541327
7:/rcrr: 0.000000000 0.338789684 0.661210316
7:/rrcr: 0.000000000 0.000000000 1.000000000
7:/rrfr: 0.000000000 0.000000000 1.000000000
7:/rrrc: 0.000000000 0.093808566 0.906191434
7:/rrrf: 0.000000000 0.202404190 0.797595810
8:/c: 0.001049618 0.998950382 0.000000000
8:/ccrc: 0.000000000 0.000000000 1.000000000
8:/ccrcrcr: 0.000000000 0.000000000 1.000000000
8:/ccrcrfr: 0.000000000 1.000000000 0.000000000
8:/ccrcrrc: 0.000000000 0.596805127 0.403194873
8:/ccrcrrf: 0.000000000 0.000000000 1.000000000
8:/ccrf: 0.043931903 0.491559969 0.464508128
8:/ccrfrr: 0.000000000 0.000000000 1.000000000
8:/ccrr: 0.000000000 0.000000000 1.000000000
8:/ccrrcrc: 0.000000000 0.774974214 0.225025786
8:/ccrrcrf: 0.000000000 0.377339780 0.622660220
8:/crcr: 0.000000000 0.000000000 1.000000000
8:/crcrcrc: 0.000000000 0.254183000 0.745817000
8:/crcrcrf: 0.000000000 0.610306617 0.389693383
8:/crfr: 0.000000000 0.000000000 1.000000000
8:/crrc: 0.000000000 0.000000000 1.000000000
8:/crrf: 0.000000000 0.000000000 1.000000000
8:/crrr: 0.000000000 0.000000000 1.000000000
8:/r: 0.000613340 0.000400372 0.998986288
8:/rcrc: 0.000000000 0.060292733 0.939707267
8:/rcrf: 0.122168710 0.239129672 0.638701618
8:/rcrr: 0.000000000 0.073574229 0.926425771
8:/rrcr: 0.000000000 0.000000000 1.000000000
8:/rrfr: 0.000000000 0.000000000 1.000000000
8:/rrrc: 0.000000000 0.534231910 0.465768090
8:/rrrf: 0.000000000 0.000000000 1.000000000
9:/c: 0.000624742 0.999375258 0.000000000
9:/ccrc: 0.000000000 0.000000000 1.000000000
9:/ccrcrcr: 0.000000000 0.000000000 1.000000000
9:/ccrcrfr: 0.000000000 1.000000000 0.000000000
9:/ccrcrrc: 0.000000000 0.145947319 0.854052681
9:/ccrcrrf: 0.000000000 0.000000000 1.000000000
9:/ccrf: 0.000220614 0.691231590 0.308547796
9:/ccrfrr: 0.000000000 0.000000000 1.000000000
9:/ccrr: 0.000000000 0.000000000 1.000000000
9:/ccrrcrc: 0.000000000 0.718156712 0.281843288
9:/ccrrcrf: 0.000000000 0.421895656 0.578104344
9:/crcr: 0.000000000 0.216010459 0.783989541
9:/crcrcrc: 0.000000000 0.571930325 0.428069675
9:/crcrcrf: 0.000000000 0.254572762 0.745427238
9:/crfr: 0.031491182 0.091610048 0.876898770
9:/crrc: 0.000000000 0.000000000 1.000000000
9:/crrf: 0.000000000 0.000000000 1.000000000
9:/crrr: 0.000000000 0.000000000 1.000000000
9:/r: 0.000600529 0.000479152 0.998920318
9:/rcrc: 0.000000000 0.313862737 0.686137263
9:/rcrf: 0.000352682 0.406382799 0.593264519
9:/rcrr: 0.000000000 0.000000000 1.000000000
9:/rrcr: 0.000000000 0.296835923 0.703164077
9:/rrfr: 0.000000000 0.000000000 1.000000000
9:/rrrc: 0.000000000 0.248042499 0.751957501
9:/rrrf: 0.000000000 0.196300847 0.803699153
A:/c: 0.636114942 0.363885058 0.000000000
A:/ccrc: 1.000000000 0.000000000 0.000000000
A:/ccrcrcr: 0.000000000 1.000000000 0.000000000
A:/ccrcrfr: 0.000000000 1.000000000 0.000000000
A:/ccrcrrc: 0.000000000 1.000000000 0.000000000
A:/ccrcrrf: 0.000000000 1.000000000 0.000000000
A:/ccrf: 1.000000000 0.000000000 0.000000000
A:/ccrfrr: 0.000000000 1.000000000 0.000000000
A:/ccrr: 0.997039079 0.002960921 0.000000000
A:/ccrrcrc: 0.000000000 1.000000000 0.000000000
A:/ccrrcrf: 0.000000000 1.000000000 0.000000000
A:/crcr: 0.295405499 0.704594501 0.000000000
A:/crcrcrc: 0.000000000 0.901244100 0.098755900
A:/crcrcrf: 0.000000000 0.829670610 0.170329390
A:/crfr: 0.468375536 0.531624464 0.000000000
A:/crrc: 0.683818902 0.316181098 0.000000000
A:/crrf: 0.681057201 0.318942799 0.000000000
A:/crrr: 0.000000000 1.000000000 0.000000000
A:/r: 0.474353979 0.525646021 0.000000000
A:/rcrc: 0.441767659 0.558232341 0.000000000
A:/rcrf: 0.981939174 0.018060826 0.000000000
A:/rcrr: 0.000000000 1.000000000 0.000000000
A:/rrcr: 0.000000000 1.000000000 0.000000000
A:/rrfr: 0.000000000 1.000000000 0.000000000
A:/rrrc: 0.000000000 1.000000000 0.000000000
A:/rrrf: 0.000000000 1.000000000 0.000000000
J:/c: 0.082570434 0.917429566 0.000000000
J:/ccrc: 0.065914801 0.314246544 0.619838655
J:/ccrcrcr: 0.000000000 0.992812527 0.007187473
J:/ccrcrfr: 0.000000000 1.000000000 0.000000000
J:/ccrcrrc: 0.000000000 0.470517692 0.529482308
J:/ccrcrrf: 0.000000000 0.000000000 1.000000000
J:/ccrf: 0.000216864 0.902732540 0.097050597
J:/ccrfrr: 0.000000000 0.175060253 0.824939747
J:/ccrr: 0.000000000 0.000000000 1.000000000
J:/ccrrcrc: 0.000000000 0.838711983 0.161288017
J:/ccrrcrf: 0.000000000 0.597989785 0.402010215
J:/crcr: 0.000000000 0.049698421 0.950301579
J:/crcrcrc: 0.000000000 0.785564575 0.214435425
J:/crcrcrf: 0.000000000 0.538064959 0.461935041
J:/crfr: 0.000000000 0.586911719 0.413088281
J:/crrc: 0.000000000 0.000232739 0.999767261
J:/crrf: 0.000000000 0.095025482 0.904974518
J:/crrr: 0.000000000 0.000000000 1.000000000
J:/r: 0.066422709 0.698134165 0.235443126
J:/rcrc: 0.192792037 0.224385846 0.582822117
J:/rcrf: 0.048241346 0.513966483 0.437792171
J:/rcrr: 0.000000000 0.000000000 1.000000000
J:/rrcr: 0.000000000 0.000000000 1.000000000
J:/rrfr: 0.000000000 0.000000000 1.000000000
J:/rrrc: 0.000000000 0.237470424 0.762529576
J:/rrrf: 0.000000000 0.000000000 1.000000000
K:/c: 0.999940517 0.000059483 0.000000000
K:/ccrc: 0.061062128 0.938937872 0.000000000
K:/ccrcrcr: 0.000000000 0.999020297 0.000979703
K:/ccrcrfr: 0.000000000 1.000000000 0.000000000
K:/ccrcrrc: 0.000000000 0.634011514 0.365988486
K:/ccrcrrf: 0.000000000 1.000000000 0.000000000
K:/ccrf: 0.000000000 1.000000000 0.000000000
K:/ccrfrr: 0.000000000 0.644181874 0.355818126
K:/ccrr: 0.645742347 0.354257653 0.000000000
K:/ccrrcrc: 0.000000000 0.599179181 0.400820819
K:/ccrrcrf: 0.000000000 0.312446600 0.687553400
K:/crcr: 0.404318435 0.302683365 0.292998200
K:/crcrcrc: 0.000000000 0.990734002 0.009265998
K:/crcrcrf: 0.000000000 0.560186281 0.439813719
K:/crfr: 0.000000000 0.814990464 0.185009536
K:/crrc: 0.000205305 0.566361410 0.433433285
K:/crrf: 0.000000000 0.632390054 0.367609946
K:/crrr: 0.000000000 0.000425593 0.999574407
K:/r: 0.000000000 0.999502942 0.000497058
K:/rcrc: 0.458369743 0.365952724 0.175677533
K:/rcrf: 0.392348054 0.161046855 0.446605091
K:/rcrr: 0.000000000 0.705467855 0.294532145
K:/rrcr: 0.000000000 0.640827718 0.359172282
K:/rrfr: 0.000000000 0.000000000 1.000000000
K:/rrrc: 0.000000000 0.424904949 0.575095051
K:/rrrf: 0.000000000 0.738670452 0.261329548
Q:/c: 0.000000000 1.000000000 0.000000000
Q:/ccrc: 0.000000000 1.000000000 0.000000000
Q:/ccrcrcr: 0.000000000 0.544138367 0.455861633
Q:/ccrcrfr: 0.000000000 1.000000000 0.000000000
Q:/ccrcrrc: 0.000000000 0.257972850 0.742027150
Q:/ccrcrrf: 0.000000000 0.265889311 0.734110689
Q:/ccrf: 0.000005896 0.999938006 0.000056098
Q:/ccrfrr: 0.000000000 0.015798433 0.984201567
Q:/ccrr: 0.457765188 0.053342885 0.488891927
Q:/ccrrcrc: 0.000000000 0.638204267 0.361795733
Q:/ccrrcrf: 0.000000000 0.612342099 0.387657901
Q:/crcr: 0.061227264 0.554651915 0.384120821
Q:/crcrcrc: 0.000000000 0.646424680 0.353575320
Q:/crcrcrf: 0.000000000 0.499322340 0.500677660
Q:/crfr: 0.000000000 0.596262627 0.403737373
Q:/crrc: 0.000143983 0.022821775 0.977034242
Q:/crrf: 0.000000000 0.088514716 0.911485284
Q:/crrr: 0.000000000 0.000057512 0.999942488
Q:/r: 0.000698853 0.998756558 0.000544589
Q:/rcrc: 0.005077540 0.315537629 0.679384831
Q:/rcrf: 0.045820171 0.511702929 0.442476900
Q:/rcrr: 0.000000000 0.079143285 0.920856715
Q:/rrcr: 0.000000000 0.168638786 0.831361214
Q:/rrfr: 0.000000000 0.000000000 1.000000000
Q:/rrrc: 0.000000000 0.402327255 0.597672745
Q:/rrrf: 0.000000000 0.494659968 0.505340032
T:/c: 0.013262462 0.986737538 0.000000000
T:/ccrc: 0.000165630 0.000000000 0.999834370
T:/ccrcrcr: 0.000000000 0.667459294 0.332540706
T:/ccrcrfr: 0.000000000 1.000000000 0.000000000
T:/ccrcrrc: 0.000000000 0.483841896 0.516158104
T:/ccrcrrf: 0.000000000 0.000000000 1.000000000
T:/ccrf: 0.021669769 0.596742682 0.381587549
T:/ccrfrr: 0.000000000 0.000000000 1.000000000
T:/ccrr: 0.000000000 0.000000000 1.000000000
T:/ccrrcrc: 0.000000000 0.362880723 0.637119277
T:/ccrrcrf: 0.000000000 0.776431151 0.223568849
T:/crcr: 0.052958641 0.413030169 0.534011190
T:/crcrcrc: 0.000000000 0.173813900 0.826186100
T:/crcrcrf: 0.000000000 0.031651784 0.968348216
T:/crfr: 0.000000000 0.040230645 0.959769355
T:/crrc: 0.000000000 0.000000000 1.000000000
T:/crrf: 0.000000000 0.000094190 0.999905810
T:/crrr: 0.000000000 0.000000000 1.000000000
T:/r: 0.000748977 0.000545256 0.998705767
T:/rcrc: 0.000000000 0.441169694 0.558830306
T:/rcrf: 0.121218668 0.119047568 0.759733764
T:/rcrr: 0.000000000 0.328877519 0.671122481
T:/rrcr: 0.000000000 0.334380187 0.665619813
T:/rrfr: 0.000000000 0.000000000 1.000000000
T:/rrrc: 0.000000000 0.082695417 0.917304583
T:/rrrf: 0.000000000 0.000000000 1.000000000
