5:/cc: 0.088678808 0.911321192 0.000000000
5:/ccrcr: 0.007409093 0.372493397 0.620097510
5:/ccrcrcrc: 0.000000000 0.000000000 1.000000000
5:/ccrcrcrf: 0.000000000 0.482387107 0.517612893
5:/ccrfr: 0.162753299 0.185471229 0.651775472
5:/ccrrc: 0.210819827 0.349957284 0.439222889
5:/ccrrf: 0.425348255 0.517828516 0.056823229
5:/ccrrr: 0.000000000 0.076629429 0.923370571
5:/cr: 0.001165361 0.001182654 0.997651985
5:/crcrc: 0.000000000 0.493291816 0.506708184
5:/crcrf: 0.221369823 0.439554769 0.339075408
5:/crcrr: 0.000000000 0.768583540 0.231416460
5:/crrcr: 0.000000000 0.000000000 1.000000000
5:/crrfr: 0.000000000 0.636532108 0.363467892
5:/crrrc: 0.000000000 0.000000000 1.000000000
5:/crrrf: 0.000000000 0.498536323 0.501463677
5:/rc: 0.000282035 0.391396431 0.608321533
5:/rcrcr: 0.000000000 0.725569294 0.274430706
5:/rcrfr: 0.000000000 0.426041233 0.573958767
5:/rcrrc: 0.000000000 0.521988303 0.478011697
5:/rcrrf: 0.000000000 0.366123958 0.633876042
5:/rf: 0.271793712 0.389639229 0.338567059
5:/rfrr: 0.000000000 0.547802662 0.452197338
5:/rr: 0.019204580 0.244721027 0.736074392
5:/rrcrc: 0.000000000 0.614475491 0.385524509
5:/rrcrf: 0.000000000 0.439632670 0.560367330
6:/cc: 0.087609528 0.912390472 0.000000000
6:/ccrcr: 0.562494702 0.000082353 0.437422945
6:/ccrcrcrc: 0.000000000 0.247395360 0.752604640
6:/ccrcrcrf: 0.000000000 0.488748628 0.511251372
6:/ccrfr: 0.465432209 0.126732418 0.407835373
6:/ccrrc: 0.000000000 0.681893980 0.318106020
6:/ccrrf: 0.266465667 0.144124385 0.589409948
6:/ccrrr: 0.000000000 0.480953794 0.519046206
6:/cr: 0.000778185 0.000847758 0.998374057
6:/crcrc: 0.253457474 0.330638117 0.415904408
6:/crcrf: 0.374919675 0.308336403 0.316743922
6:/crcrr: 0.000000000 0.116814817 0.883185183
6:/crrcr: 0.000000000 0.000000000 1.000000000
6:/crrfr: 0.000000000 0.397653696 0.602346304
6:/crrrc: 0.000000000 0.000000000 1.000000000
6:/crrrf: 0.000000000 0.834518208 0.165481792
6:/rc: 0.000290296 0.218262229 0.781447475
6:/rcrcr: 0.000000000 0.807511521 0.192488479
6:/rcrfr: 0.000000000 0.307433258 0.692566742
6:/rcrrc: 0.000000000 0.448534745 0.551465255
6:/rcrrf: 0.000000000 0.416445041 0.583554959
6:/rf: 0.100868868 0.562307691 0.336823441
6:/rfrr: 0.000000000 0.977454965 0.022545035
6:/rr: 0.000024778 0.097670418 0.902304803
6:/rrcrc: 0.000000000 0.239284513 0.760715487
6:/rrcrf: 0.000000000 0.646820043 0.353179957
7:/cc: 0.659719493 0.340280507 0.000000000
7:/ccrcr: 0.062192263 0.045262994 0.892544744
7:/ccrcrcrc: 0.000000000 0.494622490 0.505377510
7:/ccrcrcrf: 0.000000000 0.088715422 0.911284578
7:/ccrfr: 0.080406130 0.355592120 0.564001750
7:/ccrrc: 0.268244397 0.151941031 0.579814572
7:/ccrrf: 0.333067128 0.170020492 0.496912381
7:/ccrrr: 0.000000000 0.046978149 0.953021851
7:/cr: 0.001126368 0.000816779 0.998056853
7:/crcrc: 0.062164224 0.731053401 0.206782375
7:/crcrf: 0.057916434 0.318820579 0.623262987
7:/crcrr: 0.000000000 0.804146849 0.195853151
7:/crrcr: 0.000000000 0.000000000 1.000000000
7:/crrfr: 0.000000000 0.623729060 0.376270940
7:/crrrc: 0.000000000 0.000000000 1.000000000
7:/crrrf: 0.000000000 0.482363971 0.517636029
7:/rc: 0.000407676 0.026093723 0.973498601
7:/rcrcr: 0.000000000 0.104465842 0.895534158
7:/rcrfr: 0.000000000 0.509847615 0.490152385
7:/rcrrc: 0.000000000 0.230850751 0.769149249
7:/rcrrf: 0.000000000 0.372156896 0.627843104
7:/rf: 0.244624825 0.290392448 0.464982727
7:/rfrr: 0.000000000 0.060398245 0.939601755
7:/rr: 0.000044642 0.065445593 0.934509765
7:/rrcrc: 0.000000000 0.666081856 0.333918144
7:/rrcrf: 0.000000000 0.001966890 0.998033110
8:/cc: 0.000618488 0.999381512 0.000000000
8:/ccrcr: 0.042110290 0.154819091 0.803070620
8:/ccrcrcrc: 0.000000000 0.120745710 0.879254290
8:/ccrcrcrf: 0.000000000 0.234377080 0.765622920
8:/ccrfr: 0.059739401 0.569536955 0.370723644
8:/ccrrc: 0.208212770 0.729620243 0.062166987
8:/ccrrf: 0.437943957 0.081932781 0.480123262
8:/ccrrr: 0.000000000 0.769104802 0.230895198
8:/cr: 0.001052261 0.000860888 0.998086851
8:/crcrc: 0.418622210 0.449416516 0.131961275
8:/crcrf: 0.312288502 0.318617004 0.369094495
8:/crcrr: 0.000000000 0.205103221 0.794896779
8:/crrcr: 0.000000000 0.000000000 1.000000000
8:/crrfr: 0.000000000 0.086101346 0.913898654
8:/crrrc: 0.000000000 0.000000000 1.000000000
8:/crrrf: 0.000000000 0.990768485 0.009231515
8:/rc: 0.000407778 0.308087215 0.691505007
8:/rcrcr: 0.000000000 0.480305228 0.519694772
8:/rcrfr: 0.000000000 0.248066721 0.751933279
8:/rcrrc: 0.000000000 0.385092771 0.614907229
8:/rcrrf: 0.000000000 0.302944295 0.697055705
8:/rf: 0.394077854 0.335677303 0.270244843
8:/rfrr: 0.000000000 0.542121868 0.457878132
8:/rr: 0.000044665 0.096160010 0.903795325
8:/rrcrc: 0.000000000 0.354244756 0.645755244
8:/rrcrf: 0.000000000 0.579348943 0.420651057
9:/cc: 0.000687794 0.999312206 0.000000000
9:/ccrcr: 0.002523424 0.297412612 0.700063965
9:/ccrcrcrc: 0.000000000 0.448319244 0.551680756
9:/ccrcrcrf: 0.000000000 0.629012205 0.370987795
9:/ccrfr: 0.000031067 0.236317624 0.763651309
9:/ccrrc: 0.256609557 0.303239056 0.440151387
9:/ccrrf: 0.480507646 0.339797897 0.179694457
9:/ccrrr: 0.000000000 0.510089622 0.489910378
9:/cr: 0.071089123 0.000693524 0.928217353
9:/crcrc: 0.304441565 0.430801598 0.264756837
9:/crcrf: 0.087022781 0.619542478 0.293434741
9:/crcrr: 0.000000000 0.421791190 0.578208810
9:/crrcr: 0.000000000 0.000000000 1.000000000
9:/crrfr: 0.000000000 0.035058090 0.964941910
9:/crrrc: 0.000000000 0.000000000 1.000000000
9:/crrrf: 0.000000000 0.501100510 0.498899490
9:/rc: 0.000411023 0.145120566 0.854468412
9:/rcrcr: 0.000000000 0.316017772 0.683982228
9:/rcrfr: 0.000000000 0.736847374 0.263152626
9:/rcrrc: 0.000000000 0.418178690 0.581821310
9:/rcrrf: 0.000000000 0.202885485 0.797114515
9:/rf: 0.801677884 0.144458102 0.053864014
9:/rfrr: 0.000000000 0.682846993 0.317153007
9:/rr: 0.000044642 0.095937927 0.904017431
9:/rrcrc: 0.000000000 0.146372246 0.853627754
9:/rrcrf: 0.000000000 0.280985088 0.719014912
A:/cc: 1.000000000 0.000000000 0.000000000
A:/ccrcr: 0.724839668 0.275004383 0.000155948
A:/ccrcrcrc: 0.000000000 0.877273186 0.122726814
A:/ccrcrcrf: 0.000000000 0.527833936 0.472166064
A:/ccrfr: 0.627316985 0.372107890 0.000575125
A:/ccrrc: 0.236778669 0.321705316 0.441516015
A:/ccrrf: 0.243421254 0.433590928 0.322987818
A:/ccrrr: 0.000000000 0.374358851 0.625641149
A:/cr: 0.494152116 0.505847884 0.000000000
A:/crcrc: 0.470240621 0.529759379 0.000000000
A:/crcrf: 0.248826134 0.495173478 0.256000388
A:/crcrr: 0.000000000 0.368266684 0.631733316
A:/crrcr: 0.000000000 0.944238531 0.055761469
A:/crrfr: 0.000000000 0.879974523 0.120025477
A:/crrrc: 0.000000000 1.000000000 0.000000000
A:/crrrf: 0.000000000 0.569129844 0.430870156
A:/rc: 0.197747870 0.690676888 0.111575242
A:/rcrcr: 0.000000000 0.834634340 0.165365660
A:/rcrfr: 0.000000000 0.780488918 0.219511082
A:/rcrrc: 0.000000000 0.935800630 0.064199370
A:/rcrrf: 0.000000000 0.435566915 0.564433085
A:/rf: 0.054463833 0.481610484 0.463925682
A:/rfrr: 0.000000000 0.600628486 0.399371514
A:/rr: 0.818053711 0.110987492 0.070958797
A:/rrcrc: 0.000000000 0.515486320 0.484513680
A:/rrcrf: 0.000000000 0.348940260 0.651059740
J:/cc: 0.000196310 0.999803690 0.000000000
J:/ccrcr: 0.073523985 0.149587881 0.776888133
J:/ccrcrcrc: 0.000000000 0.256565974 0.743434026
J:/ccrcrcrf: 0.000000000 0.660071511 0.339928489
J:/ccrfr: 0.081628523 0.781694385 0.136677092
J:/ccrrc: 0.036529479 0.432152019 0.531318502
J:/ccrrf: 0.142391085 0.086890885 0.770718030
J:/ccrrr: 0.000000000 0.523051008 0.476948992
J:/cr: 0.001205334 0.000634297 0.998160369
J:/crcrc: 0.424315814 0.192085800 0.383598386
J:/crcrf: 0.018996874 0.441948039 0.539055087
J:/crcrr: 0.000000000 0.279972928 0.720027072
J:/crrcr: 0.000000000 0.000000000 1.000000000
J:/crrfr: 0.000000000 0.019428159 0.980571841
J:/crrrc: 0.000000000 0.000000000 1.000000000
J:/crrrf: 0.000000000 0.416712985 0.583287015
J:/rc: 0.000279611 0.292897727 0.706822662
J:/rcrcr: 0.000000000 0.436164004 0.563835996
J:/rcrfr: 0.000000000 0.400151597 0.599848403
J:/rcrrc: 0.000000000 0.838748792 0.161251208
J:/rcrrf: 0.000000000 0.515813916 0.484186084
J:/rf: 0.305474099 0.304100264 0.390425637
J:/rfrr: 0.000000000 0.472388904 0.527611096
J:/rr: 0.041030342 0.402789035 0.556180622
J:/rrcrc: 0.000000000 0.319535253 0.680464747
J:/rrcrf: 0.000000000 0.520898294 0.479101706
K:/cc: 1.000000000 0.000000000 0.000000000
K:/ccrcr: 0.338795665 0.428984645 0.232219690
K:/ccrcrcrc: 0.000000000 0.926523686 0.073476314
K:/ccrcrcrf: 0.000000000 0.406011047 0.593988953
K:/ccrfr: 0.055683702 0.588456529 0.355859769
K:/ccrrc: 0.475299529 0.187174221 0.337526250
K:/ccrrf: 0.381937452 0.121054921 0.497007627
K:/ccrrr: 0.000000000 0.738006440 0.261993560
K:/cr: 0.000000000 0.998662166 0.001337834
K:/crcrc: 0.854347419 0.117473464 0.028179116
K:/crcrf: 0.479123678 0.311271598 0.209604724
K:/crcrr: 0.000000000 0.411786284 0.588213716
K:/crrcr: 0.000000000 0.000000000 1.000000000
K:/crrfr: 0.000000000 0.281289243 0.718710757
K:/crrrc: 0.000000000 0.000000000 1.000000000
K:/crrrf: 0.000000000 0.685215043 0.314784957
K:/rc: 0.000056640 0.946648520 0.053294841
K:/rcrcr: 0.000000000 0.691384434 0.308615566
K:/rcrfr: 0.000000000 0.999991279 0.000008721
K:/rcrrc: 0.000000000 0.374530206 0.625469794
K:/rcrrf: 0.000000000 0.830211768 0.169788232
K:/rf: 0.283136381 0.091830757 0.625032861
K:/rfrr: 0.000000000 0.450469046 0.549530954
K:/rr: 0.000068870 0.263548944 0.736382186
K:/rrcrc: 0.000000000 0.403692829 0.596307171
K:/rrcrf: 0.000000000 0.398480212 0.601519788
Q:/cc: 0.218970655 0.781029345 0.000000000
Q:/ccrcr: 0.288557706 0.595176779 0.116265515
Q:/ccrcrcrc: 0.000000000 0.030057663 0.969942337
Q:/ccrcrcrf: 0.000000000 0.795127120 0.204872880
Q:/ccrfr: 0.017175069 0.698222790 0.284602141
Q:/ccrrc: 0.236869865 0.371087258 0.392042878
Q:/ccrrf: 0.217124261 0.584566911 0.198308829
Q:/ccrrr: 0.000000000 0.505567514 0.494432486
Q:/cr: 0.001628445 0.170989451 0.827382104
Q:/crcrc: 0.101632043 0.250854761 0.647513196
Q:/crcrf: 0.656990797 0.282489991 0.060519212
Q:/crcrr: 0.000000000 0.628720531 0.371279469
Q:/crrcr: 0.000000000 0.000000000 1.000000000
Q:/crrfr: 0.000000000 0.035249266 0.964750734
Q:/crrrc: 0.000000000 0.000000000 1.000000000
Q:/crrrf: 0.000000000 0.368104882 0.631895118
Q:/rc: 0.000182398 0.894766331 0.105051271
Q:/rcrcr: 0.000000000 0.447781350 0.552218650
Q:/rcrfr: 0.000000000 1.000000000 0.000000000
Q:/rcrrc: 0.000000000 0.124387219 0.875612781
Q:/rcrrf: 0.000000000 0.662779583 0.337220417
Q:/rf: 0.412049083 0.043756908 0.544194009
Q:/rfrr: 0.000000000 0.167945489 0.832054511
Q:/rr: 0.014450066 0.075482193 0.910067741
Q:/rrcrc: 0.000000000 0.209439283 0.790560717
Q:/rrcrf: 0.000000000 0.525699676 0.474300324
T:/cc: 0.002092057 0.997907943 0.000000000
T:/ccrcr: 0.001672264 0.000133325 0.998194411
T:/ccrcrcrc: 0.000000000 0.266135722 0.733864278
T:/ccrcrcrf: 0.000000000 0.740257073 0.259742927
T:/ccrfr: 0.365276593 0.352649096 0.282074311
T:/ccrrc: 0.360636169 0.487859015 0.151504816
T:/ccrrf: 0.485197201 0.409141808 0.105660991
T:/ccrrr: 0.000000000 0.317974524 0.682025476
T:/cr: 0.001436010 0.000663593 0.997900397
T:/crcrc: 0.294827155 0.316676824 0.388496021
T:/crcrf: 0.128785065 0.534644507 0.336570428
T:/crcrr: 0.000000000 0.345331583 0.654668417
T:/crrcr: 0.000000000 0.000000000 1.000000000
T:/crrfr: 0.000000000 0.208067367 0.791932633
T:/crrrc: 0.000000000 0.000000000 1.000000000
T:/crrrf: 0.000000000 0.938052744 0.061947256
T:/rc: 0.000409545 0.379243630 0.620346825
T:/rcrcr: 0.000000000 0.467447970 0.532552030
T:/rcrfr: 0.000000000 0.380479282 0.619520718
T:/rcrrc: 0.000000000 0.369233385 0.630766615
T:/rcrrf: 0.000000000 0.694898852 0.305101148
T:/rf: 0.643851118 0.016710982 0.339437899
T:/rfrr: 0.000000000 0.595475327 0.404524673
T:/rr: 0.000044632 0.367195028 0.632760340
T:/rrcrc: 0.000000000 0.240275460 0.759724540
T:/rrcrf: 0.000000000 0.232505541 0.767494459
