2:/: 0.360123336 0.639876664 0.000000000
2:/ccr: 0.000000000 0.000000000 1.000000000
2:/ccrcrc: 0.000000000 0.483454944 0.516545056
2:/ccrcrf: 0.120226454 0.329535652 0.550237893
2:/ccrcrr: 0.000000000 0.265201313 0.734798687
2:/ccrrcr: 0.000000000 0.620382676 0.379617324
2:/ccrrfr: 0.000000000 0.201149617 0.798850383
2:/ccrrrc: 0.000000000 0.191663328 0.808336672
2:/ccrrrf: 0.000000000 0.620173077 0.379826923
2:/crc: 0.000171731 0.000000000 0.999828269
2:/crcrcr: 0.000000000 0.340469017 0.659530983
2:/crcrfr: 0.000000000 0.685689914 0.314310086
2:/crcrrc: 0.000000000 0.392233351 0.607766649
2:/crcrrf: 0.000000000 0.150500700 0.849499300
2:/crf: 0.000000000 0.000000000 1.000000000
2:/crfrr: 0.000000000 0.000000000 1.000000000
2:/crr: 0.586327753 0.000000000 0.413672247
2:/crrcrc: 0.000000000 0.373259432 0.626740568
2:/crrcrf: 0.000000000 0.231448968 0.768551032
2:/rcr: 0.165314918 0.270034340 0.564650742
2:/rcrcrc: 0.000000000 0.488090912 0.511909088
2:/rcrcrf: 0.000000000 0.458036721 0.541963279
2:/rfr: 0.056794704 0.743882022 0.199323274
2:/rrc: 0.000098572 0.653596638 0.346304789
2:/rrf: 0.000000000 0.000000000 1.000000000
2:/rrr: 0.000000000 0.000000000 1.000000000
3:/: 0.360416764 0.639583236 0.000000000
3:/ccr: 0.000000000 0.000000000 1.000000000
3:/ccrcrc: 0.126253910 0.447933499 0.425812591
3:/ccrcrf: 0.099126892 0.338982971 0.561890138
3:/ccrcrr: 0.000000000 0.255441462 0.744558538
3:/ccrrcr: 0.000000000 0.160038360 0.839961640
3:/ccrrfr: 0.000000000 0.216157283 0.783842717
3:/ccrrrc: 0.000000000 0.001676379 0.998323621
3:/ccrrrf: 0.000000000 0.345450544 0.654549456
3:/crc: 0.000163016 0.000000000 0.999836984
3:/crcrcr: 0.000000000 0.983291306 0.016708694
3:/crcrfr: 0.000000000 0.704926463 0.295073537
3:/crcrrc: 0.000000000 0.375577915 0.624422085
3:/crcrrf: 0.000000000 0.263357545 0.736642455
3:/crf: 0.000000000 0.000000000 1.000000000
3:/crfrr: 0.000000000 0.087808030 0.912191970
3:/crr: 0.124908943 0.097811987 0.777279070
3:/crrcrc: 0.000000000 0.434962252 0.565037748
3:/crrcrf: 0.000000000 0.572447870 0.427552130
3:/rcr: 0.498815066 0.165378645 0.335806290
3:/rcrcrc: 0.000000000 0.560348419 0.439651581
3:/rcrcrf: 0.000000000 0.273731052 0.726268948
3:/rfr: 0.304084553 0.395934909 0.299980537
3:/rrc: 0.000103316 0.206323974 0.793572709
3:/rrf: 0.000000000 0.000000000 1.000000000
3:/rrr: 0.000000000 0.368607020 0.631392980
4:/: 0.074621586 0.925378414 0.000000000
4:/ccr: 0.000010573 0.190839710 0.809149717
4:/ccrcrc: 0.000000000 0.168802292 0.831197708
4:/ccrcrf: 0.000000000 0.403531966 0.596468034
4:/ccrcrr: 0.000000000 0.265510593 0.734489407
4:/ccrrcr: 0.000000000 0.992891103 0.007108897
4:/ccrrfr: 0.000000000 0.487575988 0.512424012
4:/ccrrrc: 0.000000000 0.028322460 0.971677540
4:/ccrrrf: 0.000000000 0.497714416 0.502285584
4:/crc: 0.000160059 0.000000000 0.999839941
4:/crcrcr: 0.000000000 0.310064134 0.689935866
4:/crcrfr: 0.000000000 0.458330102 0.541669898
4:/crcrrc: 0.000000000 0.454282543 0.545717457
4:/crcrrf: 0.000000000 0.777342165 0.222657835
4:/crf: 0.002017291 0.254597013 0.743385696
4:/crfrr: 0.000000000 0.000000000 1.000000000
4:/crr: 0.281658885 0.035634597 0.682706518
4:/crrcrc: 0.000000000 0.724547425 0.275452575
4:/crrcrf: 0.000000000 0.248018592 0.751981408
4:/rcr: 0.744102105 0.083885883 0.172012012
4:/rcrcrc: 0.000000000 0.789178143 0.210821857
4:/rcrcrf: 0.000000000 0.522817964 0.477182036
4:/rfr: 0.131131764 0.341826481 0.527041755
4:/rrc: 0.000113644 0.628239584 0.371646772
4:/rrf: 0.390679574 0.000000000 0.609320426
4:/rrr: 0.000000000 0.246258291 0.753741709
5:/: 0.000115012 0.999884988 0.000000000
5:/ccr: 0.177167477 0.049057782 0.773774741
5:/ccrcrc: 0.019314421 0.315356289 0.665329290
5:/ccrcrf: 0.181858406 0.380306495 0.437835099
5:/ccrcrr: 0.000000000 0.169367716 0.830632284
5:/ccrrcr: 0.000000000 0.374963245 0.625036755
5:/ccrrfr: 0.000000000 0.694687503 0.305312497
5:/ccrrrc: 0.000000000 0.000000000 1.000000000
5:/ccrrrf: 0.000000000 0.607302281 0.392697719
5:/crc: 0.000160727 0.000000000 0.999839273
5:/crcrcr: 0.000000000 0.868533658 0.131466342
5:/crcrfr: 0.000000000 0.794569941 0.205430059
5:/crcrrc: 0.000000000 0.380959859 0.619040141
5:/crcrrf: 0.000000000 0.464201840 0.535798160
5:/crf: 0.002986284 0.233058463 0.763955253
5:/crfrr: 0.000000000 0.000000000 1.000000000
5:/crr: 0.050591957 0.010629999 0.938778044
5:/crrcrc: 0.000000000 0.493872362 0.506127638
5:/crrcrf: 0.000000000 0.824197705 0.175802295
5:/rcr: 0.239334646 0.155684319 0.604981034
5:/rcrcrc: 0.000000000 0.807374782 0.192625218
5:/rcrcrf: 0.000000000 0.000000000 1.000000000
5:/rfr: 0.251014296 0.543478259 0.205507445
5:/rrc: 0.000113644 0.394595235 0.605291121
5:/rrf: 0.000000000 0.000000000 1.000000000
5:/rrr: 0.000000000 0.348176508 0.651823492
6:/: 0.000000000 1.000000000 0.000000000
6:/ccr: 0.186002625 0.176875769 0.637121606
6:/ccrcrc: 0.000000000 0.481128317 0.518871683
6:/ccrcrf: 0.210596457 0.313288376 0.476115167
6:/ccrcrr: 0.000000000 0.240113142 0.759886858
6:/ccrrcr: 0.000000000 0.598793981 0.401206019
6:/ccrrfr: 0.000000000 0.073089928 0.926910072
6:/ccrrrc: 0.000000000 0.258626751 0.741373249
6:/ccrrrf: 0.000000000 0.390053581 0.609946419
6:/crc: 0.000169924 0.000000000 0.999830076
6:/crcrcr: 0.000000000 0.715591927 0.284408073
6:/crcrfr: 0.000000000 0.240295131 0.759704869
6:/crcrrc: 0.000000000 0.322184878 0.677815122
6:/crcrrf: 0.000000000 0.095283534 0.904716466
6:/crf: 0.000363861 0.305334829 0.694301310
6:/crfrr: 0.000000000 0.000000000 1.000000000
6:/crr: 0.000000000 0.630696747 0.369303253
6:/crrcrc: 0.000000000 0.330984524 0.669015476
6:/crrcrf: 0.000000000 0.581919229 0.418080771
6:/rcr: 0.009446340 0.478870166 0.511683494
6:/rcrcrc: 0.000000000 0.000000000 1.000000000
6:/rcrcrf: 0.000000000 0.643906887 0.356093113
6:/rfr: 0.410480404 0.251443503 0.338076093
6:/rrc: 0.000108405 0.227988913 0.771902681
6:/rrf: 0.071408659 0.000000000 0.928591341
6:/rrr: 0.000000000 0.320090366 0.679909634
7:/: 0.000000000 1.000000000 0.000000000
7:/ccr: 0.000010573 0.131746161 0.868243266
7:/ccrcrc: 0.000000000 0.418006616 0.581993384
7:/ccrcrf: 0.309705942 0.210954298 0.479339760
7:/ccrcrr: 0.000000000 0.246470077 0.753529923
7:/ccrrcr: 0.000000000 0.582037995 0.417962005
7:/ccrrfr: 0.000000000 0.358155855 0.641844145
7:/ccrrrc: 0.000000000 0.388142557 0.611857443
7:/ccrrrf: 0.000000000 0.130424280 0.869575720
7:/crc: 0.000164973 0.000000000 0.999835027
7:/crcrcr: 0.000000000 0.670724082 0.329275918
7:/crcrfr: 0.000000000 0.303522396 0.696477604
7:/crcrrc: 0.000000000 0.255484214 0.744515786
7:/crcrrf: 0.000000000 0.485967466 0.514032534
7:/crf: 0.023499381 0.320053973 0.656446646
7:/crfrr: 0.000000000 0.000000000 1.000000000
7:/crr: 0.658080856 0.000000000 0.341919144
7:/crrcrc: 0.000000000 0.773202096 0.226797904
7:/crrcrf: 0.000000000 0.043028473 0.956971527
7:/rcr: 0.557697014 0.058305663 0.383997323
7:/rcrcrc: 0.000000000 0.014008988 0.985991012
7:/rcrcrf: 0.000000000 0.743271336 0.256728664
7:/rfr: 0.438279558 0.526041251 0.035679191
7:/rrc: 0.000112766 0.151065208 0.848822026
7:/rrf: 0.067896499 0.098231731 0.833871770
7:/rrr: 0.000000000 0.080623879 0.919376121
8:/: 0.000000000 1.000000000 0.000000000
8:/ccr: 0.321075720 0.116377694 0.562546586
8:/ccrcrc: 0.000000000 0.706098493 0.293901507
8:/ccrcrf: 0.246258733 0.355162324 0.398578943
8:/ccrcrr: 0.000000000 0.000000000 1.000000000
8:/ccrrcr: 0.000000000 0.783857463 0.216142537
8:/ccrrfr: 0.000000000 0.228621088 0.771378912
8:/ccrrrc: 0.000000000 0.577963284 0.422036716
8:/ccrrrf: 0.000000000 0.405871451 0.594128549
8:/crc: 0.001148079 0.053827979 0.945023942
8:/crcrcr: 0.000000000 0.831867607 0.168132393
8:/crcrfr: 0.000000000 0.050898509 0.949101491
8:/crcrrc: 0.000000000 0.272204395 0.727795605
8:/crcrrf: 0.000000000 0.371354775 0.628645225
8:/crf: 0.018187441 0.680797518 0.301015041
8:/crfrr: 0.000000000 0.000000000 1.000000000
8:/crr: 0.301977517 0.491470568 0.206551915
8:/crrcrc: 0.000000000 0.438572194 0.561427806
8:/crrcrf: 0.000000000 0.747376101 0.252623899
8:/rcr: 0.681501819 0.105495267 0.213002914
8:/rcrcrc: 0.000000000 0.163906759 0.836093241
8:/rcrcrf: 0.000000000 0.318154429 0.681845571
8:/rfr: 0.663345688 0.221021051 0.115633262
8:/rrc: 0.000108035 0.203961973 0.795929992
8:/rrf: 0.000000000 0.000000000 1.000000000
8:/rrr: 0.000000000 0.135249182 0.864750818
9:/: 0.000000000 1.000000000 0.000000000
9:/ccr: 0.157037541 0.140139242 0.702823217
9:/ccrcrc: 0.113764709 0.459900645 0.426334646
9:/ccrcrf: 0.312366676 0.513678214 0.173955110
9:/ccrcrr: 0.000000000 0.586579641 0.413420359
9:/ccrrcr: 0.000000000 0.023005644 0.976994356
9:/ccrrfr: 0.000000000 0.198016609 0.801983391
9:/ccrrrc: 0.000000000 0.593740850 0.406259150
9:/ccrrrf: 0.000000000 0.874244249 0.125755751
9:/crc: 0.000129181 0.000000000 0.999870819
9:/crcrcr: 0.000000000 0.647420980 0.352579020
9:/crcrfr: 0.000000000 0.656930541 0.343069459
9:/crcrrc: 0.000000000 0.378017816 0.621982184
9:/crcrrf: 0.000000000 0.664081633 0.335918367
9:/crf: 0.000172895 0.839624678 0.160202427
9:/crfrr: 0.000000000 0.474941291 0.525058709
9:/crr: 0.107730424 0.336553848 0.555715729
9:/crrcrc: 0.000000000 0.554654325 0.445345675
9:/crrcrf: 0.000000000 0.662945336 0.337054664
9:/rcr: 0.045047895 0.002141832 0.952810273
9:/rcrcrc: 0.000000000 0.767675971 0.232324029
9:/rcrcrf: 0.000000000 0.593912884 0.406087116
9:/rfr: 0.278092258 0.296086475 0.425821267
9:/rrc: 0.000101502 0.185181206 0.814717292
9:/rrf: 0.044168122 0.000000000 0.955831878
9:/rrr: 0.000000000 0.262327803 0.737672197
A:/: 0.988286601 0.011713399 0.000000000
A:/ccr: 0.704054553 0.295945447 0.000000000
A:/ccrcrc: 0.661933472 0.211597802 0.126468726
A:/ccrcrf: 0.236721528 0.598013997 0.165264475
A:/ccrcrr: 0.000000000 0.396848994 0.603151006
A:/ccrrcr: 0.000000000 0.872779983 0.127220017
A:/ccrrfr: 0.000000000 0.108200858 0.891799142
A:/ccrrrc: 0.000000000 0.785653152 0.214346848
A:/ccrrrf: 0.000000000 1.000000000 0.000000000
A:/crc: 0.704300249 0.295699751 0.000000000
A:/crcrcr: 0.000000000 1.000000000 0.000000000
A:/crcrfr: 0.000000000 0.311620195 0.688379805
A:/crcrrc: 0.000000000 0.966273686 0.033726314
A:/crcrrf: 0.000000000 1.000000000 0.000000000
A:/crf: 1.000000000 0.000000000 0.000000000
A:/crfrr: 0.000000000 1.000000000 0.000000000
A:/crr: 0.771355882 0.228644118 0.000000000
A:/crrcrc: 0.000000000 0.616655872 0.383344128
A:/crrcrf: 0.000000000 0.870182984 0.129817016
A:/rcr: 0.783038903 0.216961097 0.000000000
A:/rcrcrc: 0.000000000 1.000000000 0.000000000
A:/rcrcrf: 0.000000000 1.000000000 0.000000000
A:/rfr: 0.425227422 0.078234259 0.496538319
A:/rrc: 0.584555950 0.415444050 0.000000000
A:/rrf: 0.424790158 0.575209842 0.000000000
A:/rrr: 0.000000000 0.963335080 0.036664920
J:/: 0.000000000 1.000000000 0.000000000
J:/ccr: 0.624355483 0.369457768 0.006186748
J:/ccrcrc: 0.309767463 0.374284630 0.315947908
J:/ccrcrf: 0.515506096 0.139653627 0.344840277
J:/ccrcrr: 0.000000000 0.661616921 0.338383079
J:/ccrrcr: 0.000000000 0.368452572 0.631547428
J:/ccrrfr: 0.000000000 0.468098720 0.531901280
J:/ccrrrc: 0.000000000 0.787158739 0.212841261
J:/ccrrrf: 0.000000000 0.913095053 0.086904947
J:/crc: 0.000055403 0.060277794 0.939666803
J:/crcrcr: 0.000000000 0.879898953 0.120101047
J:/crcrfr: 0.000000000 0.470038100 0.529961900
J:/crcrrc: 0.000000000 0.406819986 0.593180014
J:/crcrrf: 0.000000000 0.652143278 0.347856722
J:/crf: 0.000137552 0.999267843 0.000594605
J:/crfrr: 0.000000000 0.465824830 0.534175170
J:/crr: 0.583397894 0.300301952 0.116300153
J:/crrcrc: 0.000000000 0.675358146 0.324641854
J:/crrcrf: 0.000000000 0.559698159 0.440301841
J:/rcr: 0.090564536 0.692823398 0.216612066
J:/rcrcrc: 0.000000000 0.584763420 0.415236580
J:/rcrcrf: 0.000000000 0.785971779 0.214028221
J:/rfr: 0.514663049 0.000625985 0.484710965
J:/rrc: 0.000108090 0.359941729 0.639950181
J:/rrf: 0.000000000 0.386446155 0.613553845
J:/rrr: 0.000000000 0.265118284 0.734881716
K:/: 0.618458873 0.381541127 0.000000000
K:/ccr: 0.792546591 0.207453409 0.000000000
K:/ccrcrc: 0.088834561 0.434463540 0.476701899
K:/ccrcrf: 0.427461401 0.529865300 0.042673299
K:/ccrcrr: 0.000000000 0.692421867 0.307578133
K:/ccrrcr: 0.000000000 0.548104175 0.451895825
K:/ccrrfr: 0.000000000 0.463778476 0.536221524
K:/ccrrrc: 0.000000000 0.414805921 0.585194079
K:/ccrrrf: 0.000000000 0.998548400 0.001451600
K:/crc: 0.000000000 1.000000000 0.000000000
K:/crcrcr: 0.000000000 0.620079495 0.379920505
K:/crcrfr: 0.000000000 0.413514080 0.586485920
K:/crcrrc: 0.000000000 0.249348412 0.750651588
K:/crcrrf: 0.000000000 0.317202086 0.682797914
K:/crf: 0.641011358 0.358988642 0.000000000
K:/crfrr: 0.000000000 0.870097630 0.129902370
K:/crr: 0.581216841 0.418783159 0.000000000
K:/crrcrc: 0.000000000 0.683199496 0.316800504
K:/crrcrf: 0.000000000 0.925738484 0.074261516
K:/rcr: 0.436925888 0.563074112 0.000000000
K:/rcrcrc: 0.000000000 0.825648789 0.174351211
K:/rcrcrf: 0.000000000 0.945698687 0.054301313
K:/rfr: 0.374635216 0.250361880 0.375002904
K:/rrc: 0.000084943 0.750350027 0.249565030
K:/rrf: 0.089514654 0.526333788 0.384151558
K:/rrr: 0.000000000 0.154044618 0.845955382
Q:/: 0.000000000 1.000000000 0.000000000
Q:/ccr: 0.236966827 0.763033173 0.000000000
Q:/ccrcrc: 0.688529333 0.227995759 0.083474908
Q:/ccrcrf: 0.845199989 0.123523877 0.031276134
Q:/ccrcrr: 0.000000000 0.591483588 0.408516412
Q:/ccrrcr: 0.000000000 0.498665757 0.501334243
Q:/ccrrfr: 0.000000000 0.568208722 0.431791278
Q:/ccrrrc: 0.000000000 0.394366539 0.605633461
Q:/ccrrrf: 0.000000000 0.595514544 0.404485456
Q:/crc: 0.000064666 0.479129668 0.520805666
Q:/crcrcr: 0.000000000 0.865691347 0.134308653
Q:/crcrfr: 0.000000000 0.488821762 0.511178238
Q:/crcrrc: 0.000000000 0.628638002 0.371361998
Q:/crcrrf: 0.000000000 0.889135243 0.110864757
Q:/crf: 0.000000000 1.000000000 0.000000000
Q:/crfrr: 0.000000000 0.488229934 0.511770066
Q:/crr: 0.532647626 0.235377489 0.231974884
Q:/crrcrc: 0.000000000 0.699410640 0.300589360
Q:/crrcrf: 0.000000000 0.886708895 0.113291105
Q:/rcr: 0.391276805 0.608723195 0.000000000
Q:/rcrcrc: 0.000000000 0.589977299 0.410022701
Q:/rcrcrf: 0.000000000 0.745075878 0.254924122
Q:/rfr: 0.286969479 0.161363912 0.551666609
Q:/rrc: 0.000097868 0.637993768 0.361908363
Q:/rrf: 0.000000000 0.945413713 0.054586287
Q:/rrr: 0.000000000 0.861563325 0.138436675
T:/: 0.000000000 1.000000000 0.000000000
T:/ccr: 0.382694520 0.234396851 0.382908629
T:/ccrcrc: 0.000000000 0.866500931 0.133499069
T:/ccrcrf: 0.359959308 0.314778372 0.325262320
T:/ccrcrr: 0.000000000 0.760212173 0.239787827
T:/ccrrcr: 0.000000000 0.548405893 0.451594107
T:/ccrrfr: 0.000000000 0.797188499 0.202811501
T:/ccrrrc: 0.000000000 0.917040062 0.082959938
T:/ccrrrf: 0.000000000 0.291861351 0.708138649
T:/crc: 0.000132956 0.000000000 0.999867044
T:/crcrcr: 0.000000000 0.720316964 0.279683036
T:/crcrfr: 0.000000000 0.188921382 0.811078618
T:/crcrrc: 0.000000000 0.858926190 0.141073810
T:/crcrrf: 0.000000000 0.422921402 0.577078598
T:/crf: 0.000236649 0.730663378 0.269099974
T:/crfrr: 0.000000000 0.261505785 0.738494215
T:/crr: 0.403051970 0.198225990 0.398722040
T:/crrcrc: 0.000000000 0.481646224 0.518353776
T:/crrcrf: 0.000000000 0.992989985 0.007010015
T:/rcr: 0.054613553 0.000000000 0.945386447
T:/rcrcrc: 0.000000000 0.488820601 0.511179399
T:/rcrcrf: 0.000000000 0.356254305 0.643745695
T:/rfr: 0.448115627 0.329036666 0.222847706
T:/rrc: 0.000099301 0.461794823 0.538105875
T:/rrf: 0.000000000 0.000000000 1.000000000
T:/rrr: 0.000000000 0.287710820 0.712289180
