2:/cc: 0.476206959 0.523793041 0.000000000
2:/ccrcr: 0.000000000 0.366476198 0.633523802
2:/ccrcrcrc: 0.000000000 0.188433271 0.811566729
2:/ccrcrcrf: 0.000000000 0.310654780 0.689345220
2:/ccrfr: 0.000890380 0.007465332 0.991644288
2:/ccrrc: 0.320221577 0.471785634 0.207992789
2:/ccrrf: 0.357302139 0.375511100 0.267186760
2:/ccrrr: 0.000000000 0.000000000 1.000000000
2:/cr: 0.000000000 0.000000000 1.000000000
2:/crcrc: 0.099379967 0.624862015 0.275758018
2:/crcrf: 0.271131977 0.365714876 0.363153147
2:/crcrr: 0.000000000 0.388841726 0.611158274
2:/crrcr: 0.000000000 0.751325229 0.248674771
2:/crrfr: 0.000000000 0.000000000 1.000000000
2:/crrrc: 0.000000000 0.141474760 0.858525240
2:/crrrf: 0.000000000 0.632706449 0.367293551
2:/rc: 0.291977212 0.021853820 0.686168968
2:/rcrcr: 0.000000000 0.227598815 0.772401185
2:/rcrfr: 0.000000000 0.601810220 0.398189780
2:/rcrrc: 0.000000000 0.273687019 0.726312981
2:/rcrrf: 0.000000000 0.942273578 0.057726422
2:/rf: 0.163616280 0.416283010 0.420100710
2:/rfrr: 0.000000000 0.766696156 0.233303844
2:/rr: 0.000000000 0.304281061 0.695718939
2:/rrcrc: 0.000000000 0.370587766 0.629412234
2:/rrcrf: 0.000000000 0.047164806 0.952835194
3:/cc: 0.498961342 0.501038658 0.000000000
3:/ccrcr: 0.119105010 0.352054110 0.528840880
3:/ccrcrcrc: 0.000000000 0.606516945 0.393483055
3:/ccrcrcrf: 0.000000000 0.509633210 0.490366790
3:/ccrfr: 0.324323234 0.000000000 0.675676766
3:/ccrrc: 0.011671710 0.495456006 0.492872284
3:/ccrrf: 0.536029348 0.235582846 0.228387806
3:/ccrrr: 0.000000000 0.000000000 1.000000000
3:/cr: 0.000000000 0.000000000 1.000000000
3:/crcrc: 0.368884913 0.374062480 0.257052607
3:/crcrf: 0.283454430 0.328403549 0.388142021
3:/crcrr: 0.000000000 0.724940387 0.275059613
3:/crrcr: 0.000000000 0.431046667 0.568953333
3:/crrfr: 0.000000000 0.364842476 0.635157524
3:/crrrc: 0.000000000 0.482966228 0.517033772
3:/crrrf: 0.000000000 0.552884594 0.447115406
3:/rc: 0.099011664 0.242733121 0.658255215
3:/rcrcr: 0.000000000 0.512613659 0.487386341
3:/rcrfr: 0.000000000 0.717972849 0.282027151
3:/rcrrc: 0.000000000 0.069400988 0.930599012
3:/rcrrf: 0.000000000 0.491512929 0.508487071
3:/rf: 0.555974295 0.098584550 0.345441155
3:/rfrr: 0.000000000 0.529338842 0.470661158
3:/rr: 0.056764191 0.212007314 0.731228495
3:/rrcrc: 0.000000000 0.480016731 0.519983269
3:/rrcrf: 0.000000000 0.447049970 0.552950030
4:/cc: 0.000132474 0.999867526 0.000000000
4:/ccrcr: 0.177438117 0.284517569 0.538044314
4:/ccrcrcrc: 0.000000000 0.600721361 0.399278639
4:/ccrcrcrf: 0.000000000 0.085922393 0.914077607
4:/ccrfr: 0.323261800 0.023687133 0.653051067
4:/ccrrc: 0.209021038 0.582622414 0.208356549
4:/ccrrf: 0.072684424 0.921767563 0.005548013
4:/ccrrr: 0.000000000 0.000000000 1.000000000
4:/cr: 0.000054496 0.000000000 0.999945504
4:/crcrc: 0.007513582 0.160646358 0.831840060
4:/crcrf: 0.363401869 0.341119403 0.295478728
4:/crcrr: 0.000000000 0.169766118 0.830233882
4:/crrcr: 0.000000000 0.042472653 0.957527347
4:/crrfr: 0.000000000 0.211463637 0.788536363
4:/crrrc: 0.000000000 0.201926985 0.798073015
4:/crrrf: 0.000000000 0.490251068 0.509748932
4:/rc: 0.037670373 0.000000000 0.962329627
4:/rcrcr: 0.000000000 0.443606134 0.556393866
4:/rcrfr: 0.000000000 0.198897556 0.801102444
4:/rcrrc: 0.000000000 0.497904843 0.502095157
4:/rcrrf: 0.000000000 0.279428153 0.720571847
4:/rf: 0.364270831 0.254762467 0.380966702
4:/rfrr: 0.000000000 0.361196056 0.638803944
4:/rr: 0.144695660 0.000000000 0.855304340
4:/rrcrc: 0.000000000 0.461488063 0.538511937
4:/rrcrf: 0.000000000 0.289863955 0.710136045
5:/cc: 0.000080260 0.999919740 0.000000000
5:/ccrcr: 0.244695585 0.192233061 0.563071353
5:/ccrcrcrc: 0.000000000 0.430251523 0.569748477
5:/ccrcrcrf: 0.000000000 0.233068738 0.766931262
5:/ccrfr: 0.028250583 0.000000000 0.971749417
5:/ccrrc: 0.228778753 0.409031666 0.362189581
5:/ccrrf: 0.259176110 0.464464468 0.276359422
5:/ccrrr: 0.000000000 0.064091965 0.935908035
5:/cr: 0.000147960 0.000000000 0.999852040
5:/crcrc: 0.354615642 0.404261147 0.241123211
5:/crcrf: 0.143540038 0.619231670 0.237228291
5:/crcrr: 0.000000000 0.244847819 0.755152181
5:/crrcr: 0.000000000 0.397747247 0.602252753
5:/crrfr: 0.000000000 0.196291200 0.803708800
5:/crrrc: 0.000000000 0.199738651 0.800261349
5:/crrrf: 0.000000000 0.402407966 0.597592034
5:/rc: 0.039479695 0.270401965 0.690118340
5:/rcrcr: 0.000000000 0.591223600 0.408776400
5:/rcrfr: 0.000000000 0.626892070 0.373107930
5:/rcrrc: 0.000000000 0.000000000 1.000000000
5:/rcrrf: 0.000000000 0.907115003 0.092884997
5:/rf: 0.025757616 0.805809005 0.168433379
5:/rfrr: 0.000000000 0.795145974 0.204854026
5:/rr: 0.000000000 0.000000000 1.000000000
5:/rrcrc: 0.000000000 0.222878187 0.777121813
5:/rrcrf: 0.000000000 0.134844093 0.865155907
6:/cc: 0.000250662 0.999749338 0.000000000
6:/ccrcr: 0.183203391 0.331326467 0.485470143
6:/ccrcrcrc: 0.000000000 0.499127853 0.500872147
6:/ccrcrcrf: 0.000000000 0.841741032 0.158258968
6:/ccrfr: 0.274289440 0.020012266 0.705698294
6:/ccrrc: 0.422794294 0.337681158 0.239524548
6:/ccrrf: 0.193370407 0.652441364 0.154188229
6:/ccrrr: 0.000000000 0.003651211 0.996348789
6:/cr: 0.217264783 0.000000000 0.782735217
6:/crcrc: 0.422285628 0.557403013 0.020311359
6:/crcrf: 0.177505646 0.562187675 0.260306679
6:/crcrr: 0.000000000 0.000000000 1.000000000
6:/crrcr: 0.000000000 0.286473059 0.713526941
6:/crrfr: 0.000000000 0.336709691 0.663290309
6:/crrrc: 0.000000000 0.087366306 0.912633694
6:/crrrf: 0.000000000 0.409990145 0.590009855
6:/rc: 0.334351307 0.000000000 0.665648693
6:/rcrcr: 0.000000000 0.233333826 0.766666174
6:/rcrfr: 0.000000000 0.051487063 0.948512937
6:/rcrrc: 0.000000000 0.456797119 0.543202881
6:/rcrrf: 0.000000000 0.326335600 0.673664400
6:/rf: 0.613135284 0.248209107 0.138655609
6:/rfrr: 0.000000000 0.444856779 0.555143221
6:/rr: 0.000000000 0.104268026 0.895731974
6:/rrcrc: 0.000000000 0.276849101 0.723150899
6:/rrcrf: 0.000000000 0.565210100 0.434789900
7:/cc: 0.000160840 0.999839160 0.000000000
7:/ccrcr: 0.231411590 0.464959453 0.303628957
7:/ccrcrcrc: 0.000000000 0.807975866 0.192024134
7:/ccrcrcrf: 0.000000000 0.573401802 0.426598198
7:/ccrfr: 0.061295992 0.263634977 0.675069030
7:/ccrrc: 0.286372767 0.319582880 0.394044354
7:/ccrrf: 0.110399399 0.447126557 0.442474044
7:/ccrrr: 0.000000000 0.000000000 1.000000000
7:/cr: 0.000000000 0.000000000 1.000000000
7:/crcrc: 0.402582607 0.075197854 0.522219539
7:/crcrf: 0.544945171 0.159981346 0.295073483
7:/crcrr: 0.000000000 0.621469398 0.378530602
7:/crrcr: 0.000000000 0.501163474 0.498836526
7:/crrfr: 0.000000000 0.228498865 0.771501135
7:/crrrc: 0.000000000 0.443904446 0.556095554
7:/crrrf: 0.000000000 0.476585558 0.523414442
7:/rc: 0.061552697 0.000000000 0.938447303
7:/rcrcr: 0.000000000 0.143465230 0.856534770
7:/rcrfr: 0.000000000 0.086853984 0.913146016
7:/rcrrc: 0.000000000 0.378481003 0.621518997
7:/rcrrf: 0.000000000 0.531274222 0.468725778
7:/rf: 0.410258391 0.282173004 0.307568605
7:/rfrr: 0.000000000 0.537276517 0.462723483
7:/rr: 0.000000000 0.017811722 0.982188278
7:/rrcrc: 0.000000000 0.411416841 0.588583159
7:/rrcrf: 0.000000000 0.086531145 0.913468855
8:/cc: 0.000266347 0.999733653 0.000000000
8:/ccrcr: 0.210901326 0.271201745 0.517896929
8:/ccrcrcrc: 0.000000000 0.340351177 0.659648823
8:/ccrcrcrf: 0.000000000 0.481310797 0.518689203
8:/ccrfr: 0.267137432 0.197090976 0.535771592
8:/ccrrc: 0.338289977 0.411979547 0.249730477
8:/ccrrf: 0.355136792 0.090349805 0.554513402
8:/ccrrr: 0.000000000 0.227819427 0.772180573
8:/cr: 0.000170283 0.092619924 0.907209793
8:/crcrc: 0.232268667 0.109324322 0.658407011
8:/crcrf: 0.367320381 0.395496371 0.237183248
8:/crcrr: 0.000000000 0.169609514 0.830390486
8:/crrcr: 0.000000000 0.288333665 0.711666335
8:/crrfr: 0.000000000 0.303787647 0.696212353
8:/crrrc: 0.000000000 0.327753913 0.672246087
8:/crrrf: 0.000000000 0.947359858 0.052640142
8:/rc: 0.186095240 0.038393280 0.775511480
8:/rcrcr: 0.000000000 0.000000000 1.000000000
8:/rcrfr: 0.000000000 0.863595767 0.136404233
8:/rcrrc: 0.000000000 0.504787349 0.495212651
8:/rcrrf: 0.000000000 0.504057794 0.495942206
8:/rf: 0.899016435 0.049411360 0.051572206
8:/rfrr: 0.000000000 0.441818897 0.558181103
8:/rr: 0.000000000 0.114389283 0.885610717
8:/rrcrc: 0.000000000 0.438335058 0.561664942
8:/rrcrf: 0.000000000 0.095992006 0.904007994
9:/cc: 0.000094659 0.999905341 0.000000000
9:/ccrcr: 0.295135233 0.032721550 0.672143216
9:/ccrcrcrc: 0.000000000 0.337237908 0.662762092
9:/ccrcrcrf: 0.000000000 0.340405312 0.659594688
9:/ccrfr: 0.165613864 0.476869352 0.357516784
9:/ccrrc: 0.093078517 0.621506823 0.285414660
9:/ccrrf: 0.427621985 0.485907505 0.086470510
9:/ccrrr: 0.000000000 0.206109600 0.793890400
9:/cr: 0.000224836 0.164059102 0.835716062
9:/crcrc: 0.527318491 0.145758533 0.326922976
9:/crcrf: 0.390978480 0.204545877 0.404475643
9:/crcrr: 0.000000000 0.468306067 0.531693933
9:/crrcr: 0.000000000 0.535772541 0.464227459
9:/crrfr: 0.000000000 0.563202901 0.436797099
9:/crrrc: 0.000000000 0.719333379 0.280666621
9:/crrrf: 0.000000000 0.452791405 0.547208595
9:/rc: 0.171582899 0.000000000 0.828417101
9:/rcrcr: 0.000000000 0.685932147 0.314067853
9:/rcrfr: 0.000000000 0.321553148 0.678446852
9:/rcrrc: 0.000000000 0.359579911 0.640420089
9:/rcrrf: 0.000000000 0.336107458 0.663892542
9:/rf: 0.270930171 0.342609868 0.386459961
9:/rfrr: 0.000000000 0.620402171 0.379597829
9:/rr: 0.000000000 0.243756269 0.756243731
9:/rrcrc: 0.000000000 0.333557034 0.666442966
9:/rrcrf: 0.000000000 0.552196029 0.447803971
A:/cc: 1.000000000 0.000000000 0.000000000
A:/ccrcr: 0.524566927 0.475433073 0.000000000
A:/ccrcrcrc: 0.000000000 0.767935508 0.232064492
A:/ccrcrcrf: 0.000000000 0.128244953 0.871755047
A:/ccrfr: 0.619475615 0.380524385 0.000000000
A:/ccrrc: 0.795396734 0.204603266 0.000000000
A:/ccrrf: 0.122700942 0.487297445 0.390001613
A:/ccrrr: 0.000000000 1.000000000 0.000000000
A:/cr: 1.000000000 0.000000000 0.000000000
A:/crcrc: 0.398312646 0.543791235 0.057896119
A:/crcrf: 0.183354627 0.511347408 0.305297966
A:/crcrr: 0.000000000 0.886363160 0.113636840
A:/crrcr: 0.000000000 1.000000000 0.000000000
A:/crrfr: 0.000000000 0.892773719 0.107226281
A:/crrrc: 0.000000000 1.000000000 0.000000000
A:/crrrf: 0.000000000 0.562885513 0.437114487
A:/rc: 0.342842948 0.657157052 0.000000000
A:/rcrcr: 0.000000000 0.585031018 0.414968982
A:/rcrfr: 0.000000000 1.000000000 0.000000000
A:/rcrrc: 0.000000000 1.000000000 0.000000000
A:/rcrrf: 0.000000000 0.848775510 0.151224490
A:/rf: 0.161002641 0.436214819 0.402782540
A:/rfrr: 0.000000000 0.414174691 0.585825309
A:/rr: 0.704879546 0.295120454 0.000000000
A:/rrcrc: 0.000000000 0.188858662 0.811141338
A:/rrcrf: 0.000000000 0.002801989 0.997198011
J:/cc: 0.646031279 0.353968721 0.000000000
J:/ccrcr: 0.322647714 0.512910536 0.164441750
J:/ccrcrcrc: 0.000000000 0.434753566 0.565246434
J:/ccrcrcrf: 0.000000000 0.960838497 0.039161503
J:/ccrfr: 0.355983555 0.343102356 0.300914088
J:/ccrrc: 0.533514738 0.120632242 0.345853019
J:/ccrrf: 0.374332751 0.432804212 0.192863037
J:/ccrrr: 0.000000000 0.492251416 0.507748584
J:/cr: 0.000000000 0.911218091 0.088781909
J:/crcrc: 0.135184797 0.097954033 0.766861170
J:/crcrf: 0.341994388 0.245075510 0.412930102
J:/crcrr: 0.000000000 0.446589609 0.553410391
J:/crrcr: 0.000000000 0.084242518 0.915757482
J:/crrfr: 0.000000000 0.131574110 0.868425890
J:/crrrc: 0.000000000 0.018230248 0.981769752
J:/crrrf: 0.000000000 0.156467053 0.843532947
J:/rc: 0.302102379 0.560400212 0.137497409
J:/rcrcr: 0.000000000 0.920660817 0.079339183
J:/rcrfr: 0.000000000 0.824884724 0.175115276
J:/rcrrc: 0.000000000 0.489135089 0.510864911
J:/rcrrf: 0.000000000 0.748261340 0.251738660
J:/rf: 0.599586791 0.206792785 0.193620424
J:/rfrr: 0.000000000 0.491258308 0.508741692
J:/rr: 0.295239394 0.108012226 0.596748380
J:/rrcrc: 0.000000000 0.118356728 0.881643272
J:/rrcrf: 0.000000000 0.146253211 0.853746789
K:/cc: 0.783828410 0.216171590 0.000000000
K:/ccrcr: 0.283196932 0.435872920 0.280930148
K:/ccrcrcrc: 0.000000000 0.587811563 0.412188437
K:/ccrcrcrf: 0.000000000 0.508589928 0.491410072
K:/ccrfr: 0.000000000 0.491651540 0.508348460
K:/ccrrc: 0.615062417 0.047326772 0.337610811
K:/ccrrf: 0.140718173 0.510280817 0.349001010
K:/ccrrr: 0.000000000 0.791598043 0.208401957
K:/cr: 0.000000000 1.000000000 0.000000000
K:/crcrc: 0.267969916 0.211589598 0.520440487
K:/crcrf: 0.472632579 0.182039561 0.345327860
K:/crcrr: 0.000000000 0.805244557 0.194755443
K:/crrcr: 0.000000000 0.766610261 0.233389739
K:/crrfr: 0.000000000 0.738722869 0.261277131
K:/crrrc: 0.000000000 0.731478801 0.268521199
K:/crrrf: 0.000000000 0.544044769 0.455955231
K:/rc: 0.615115634 0.384884366 0.000000000
K:/rcrcr: 0.000000000 0.956549532 0.043450468
K:/rcrfr: 0.000000000 0.987148397 0.012851603
K:/rcrrc: 0.000000000 0.492490566 0.507509434
K:/rcrrf: 0.000000000 0.504216637 0.495783363
K:/rf: 0.402388452 0.258610852 0.339000696
K:/rfrr: 0.000000000 0.474939813 0.525060187
K:/rr: 0.264703570 0.592991024 0.142305406
K:/rrcrc: 0.000000000 0.521627401 0.478372599
K:/rrcrf: 0.000000000 0.420976478 0.579023522
Q:/cc: 1.000000000 0.000000000 0.000000000
Q:/ccrcr: 0.032545693 0.570293772 0.397160536
Q:/ccrcrcrc: 0.000000000 0.664674255 0.335325745
Q:/ccrcrcrf: 0.000000000 0.068180447 0.931819553
Q:/ccrfr: 0.296286372 0.582928480 0.120785148
Q:/ccrrc: 0.465448760 0.479957111 0.054594129
Q:/ccrrf: 0.107571440 0.886611442 0.005817118
Q:/ccrrr: 0.000000000 0.623841406 0.376158594
Q:/cr: 0.000000000 1.000000000 0.000000000
Q:/crcrc: 0.448859433 0.173948654 0.377191913
Q:/crcrf: 0.695915359 0.111452757 0.192631884
Q:/crcrr: 0.000000000 0.378391767 0.621608233
Q:/crrcr: 0.000000000 0.676006768 0.323993232
Q:/crrfr: 0.000000000 0.079040379 0.920959621
Q:/crrrc: 0.000000000 0.269102416 0.730897584
Q:/crrrf: 0.000000000 0.447690890 0.552309110
Q:/rc: 0.307902498 0.692097502 0.000000000
Q:/rcrcr: 0.000000000 0.387672180 0.612327820
Q:/rcrfr: 0.000000000 0.783296219 0.216703781
Q:/rcrrc: 0.000000000 0.428302464 0.571697536
Q:/rcrrf: 0.000000000 0.525755105 0.474244895
Q:/rf: 0.142675167 0.086748844 0.770575989
Q:/rfrr: 0.000000000 0.336055876 0.663944124
Q:/rr: 0.000000000 0.336284967 0.663715033
Q:/rrcrc: 0.000000000 0.721491915 0.278508085
Q:/rrcrf: 0.000000000 0.591915420 0.408084580
T:/cc: 0.000111769 0.999888231 0.000000000
T:/ccrcr: 0.716005093 0.082101617 0.201893290
T:/ccrcrcrc: 0.000000000 0.034420290 0.965579710
T:/ccrcrcrf: 0.000000000 0.610614672 0.389385328
T:/ccrfr: 0.060270014 0.686740186 0.252989800
T:/ccrrc: 0.405772588 0.488658634 0.105568778
T:/ccrrf: 0.296189222 0.225079126 0.478731653
T:/ccrrr: 0.000000000 0.316973867 0.683026133
T:/cr: 0.000049350 0.108338557 0.891612094
T:/crcrc: 0.337176413 0.287231859 0.375591728
T:/crcrf: 0.407800098 0.451654487 0.140545415
T:/crcrr: 0.000000000 0.499098611 0.500901389
T:/crrcr: 0.000000000 0.794073523 0.205926477
T:/crrfr: 0.000000000 0.592982531 0.407017469
T:/crrrc: 0.000000000 0.243698438 0.756301562
T:/crrrf: 0.000000000 0.645694913 0.354305087
T:/rc: 0.000000000 0.081120085 0.918879915
T:/rcrcr: 0.000000000 0.447780604 0.552219396
T:/rcrfr: 0.000000000 0.565187269 0.434812731
T:/rcrrc: 0.000000000 0.751659234 0.248340766
T:/rcrrf: 0.000000000 0.719828877 0.280171123
T:/rf: 0.409652509 0.152590428 0.437757063
T:/rfrr: 0.000000000 0.579348943 0.420651057
T:/rr: 0.000000000 0.316883154 0.683116846
T:/rrcrc: 0.000000000 0.942331677 0.057668323
T:/rrcrf: 0.000000000 0.334696956 0.665303044
