8:/c: 0.000000000 1.000000000 0.000000000
8:/cccrc: 0.000000000 0.370420375 0.629579625
8:/cccrf: 0.000000000 0.266188667 0.733811333
8:/ccrcc: 0.000000000 0.170303309 0.829696691
8:/ccrcf: 0.000000000 0.511396317 0.488603683
8:/ccrfc: 0.000000000 0.017966509 0.982033491
8:/ccrff: 0.000000000 0.739080444 0.260919556
8:/r: 0.000000000 0.233893401 0.766106599
9:/c: 0.110241218 0.889758782 0.000000000
9:/cccrc: 0.000000000 0.088043684 0.911956316
9:/cccrf: 0.000000000 0.698730271 0.301269729
9:/ccrcc: 0.000000000 0.617950355 0.382049645
9:/ccrcf: 0.000000000 0.477382256 0.522617744
9:/ccrfc: 0.000000000 0.297118376 0.702881624
9:/ccrff: 0.000000000 0.445266101 0.554733899
9:/r: 0.000000000 0.000000000 1.000000000
A:/c: 0.920103111 0.079896889 0.000000000
A:/cccrc: 0.000000000 0.672058380 0.327941620
A:/cccrf: 0.000000000 0.593984486 0.406015514
A:/ccrcc: 0.000000000 1.000000000 0.000000000
A:/ccrcf: 0.000000000 1.000000000 0.000000000
A:/ccrfc: 0.000000000 0.944768182 0.055231818
A:/ccrff: 0.000000000 0.990075247 0.009924753
A:/r: 0.000000000 1.000000000 0.000000000
J:/c: 0.886804249 0.113195751 0.000000000
J:/cccrc: 0.000000000 0.396969346 0.603030654
J:/cccrf: 0.000000000 0.539187155 0.460812845
J:/ccrcc: 0.000000000 0.397539769 0.602460231
J:/ccrcf: 0.000000000 0.609721920 0.390278080
J:/ccrfc: 0.000000000 0.709248957 0.290751043
J:/ccrff: 0.000000000 0.352773810 0.647226190
J:/r: 0.000000000 0.976985906 0.023014094
K:/c: 0.999971276 0.000028724 0.000000000
K:/cccrc: 0.000000000 0.885019449 0.114980551
K:/cccrf: 0.000000000 0.565243163 0.434756837
K:/ccrcc: 0.000000000 0.804169374 0.195830626
K:/ccrcf: 0.000000000 0.968093711 0.031906289
K:/ccrfc: 0.000000000 0.917644335 0.082355665
K:/ccrff: 0.000000000 0.999968774 0.000031226
K:/r: 0.000000000 1.000000000 0.000000000
Q:/c: 0.031053021 0.968946979 0.000000000
Q:/cccrc: 0.000000000 0.354702973 0.645297027
Q:/cccrf: 0.000000000 0.636040110 0.363959890
Q:/ccrcc: 0.000000000 0.102165887 0.897834113
Q:/ccrcf: 0.000000000 0.970959817 0.029040183
Q:/ccrfc: 0.000000000 0.757562946 0.242437054
Q:/ccrff: 0.000000000 0.989832239 0.010167761
Q:/r: 0.000000000 1.000000000 0.000000000
T:/c: 0.415792934 0.584207066 0.000000000
T:/cccrc: 0.000000000 0.105419924 0.894580076
T:/cccrf: 0.000000000 0.949416718 0.050583282
T:/ccrcc: 0.000000000 0.376541924 0.623458076
T:/ccrcf: 0.000000000 0.674824243 0.325175757
T:/ccrfc: 0.000000000 0.439416961 0.560583039
T:/ccrff: 0.000000000 0.320233709 0.679766291
T:/r: 0.000000000 0.000000000 1.000000000
