8:/cc: 0.519020622 0.480979378 0.000000000
8:/cccrcc: 0.000000000 0.429148886 0.570851114
8:/cccrcf: 0.000000000 0.522478529 0.477521471
8:/cccrfc: 0.000000000 0.216607220 0.783392780
8:/cccrff: 0.000000000 0.701757998 0.298242002
8:/cr: 0.000000000 0.748734866 0.251265134
8:/rc: 0.000000000 0.000000000 1.000000000
8:/rf: 0.000000000 0.459801021 0.540198979
9:/cc: 0.678426265 0.321573735 0.000000000
9:/cccrcc: 0.000000000 0.566695483 0.433304517
9:/cccrcf: 0.000000000 0.284070693 0.715929307
9:/cccrfc: 0.000000000 0.333288691 0.666711309
9:/cccrff: 0.000000000 0.948890640 0.051109360
9:/cr: 0.000000000 0.858819430 0.141180570
9:/rc: 0.000000000 0.000000000 1.000000000
9:/rf: 0.000000000 0.248832105 0.751167895
A:/cc: 0.154673735 0.845326265 0.000000000
A:/cccrcc: 0.000000000 0.683559826 0.316440174
A:/cccrcf: 0.000000000 0.343717077 0.656282923
A:/cccrfc: 0.000000000 0.150180299 0.849819701
A:/cccrff: 0.000000000 0.524462746 0.475537254
A:/cr: 0.000000000 0.328743613 0.671256387
A:/rc: 0.000000000 1.000000000 0.000000000
A:/rf: 0.000000000 1.000000000 0.000000000
J:/cc: 0.008448906 0.991551094 0.000000000
J:/cccrcc: 0.000000000 0.818334232 0.181665768
J:/cccrcf: 0.000000000 0.705395738 0.294604262
J:/cccrfc: 0.000000000 0.284391007 0.715608993
J:/cccrff: 0.000000000 0.595688092 0.404311908
J:/cr: 0.000000000 0.747402051 0.252597949
J:/rc: 0.000000000 0.000000000 1.000000000
J:/rf: 0.000000000 0.000010742 0.999989258
K:/cc: 0.180067512 0.819932488 0.000000000
K:/cccrcc: 0.000000000 0.125396173 0.874603827
K:/cccrcf: 0.000000000 0.871962970 0.128037030
K:/cccrfc: 0.000000000 0.468698412 0.531301588
K:/cccrff: 0.000000000 0.271510082 0.728489918
K:/cr: 0.000000000 0.663523967 0.336476033
K:/rc: 0.000000000 1.000000000 0.000000000
K:/rf: 0.000000000 1.000000000 0.000000000
Q:/cc: 0.800205572 0.199794428 0.000000000
Q:/cccrcc: 0.000000000 0.962353817 0.037646183
Q:/cccrcf: 0.000000000 0.663364029 0.336635971
Q:/cccrfc: 0.000000000 0.789060709 0.210939291
Q:/cccrff: 0.000000000 0.532388516 0.467611484
Q:/cr: 0.000000000 0.473312650 0.526687350
Q:/rc: 0.000000000 0.000000000 1.000000000
Q:/rf: 0.000000000 0.999988772 0.000011228
T:/cc: 0.878985978 0.121014022 0.000000000
T:/cccrcc: 0.000000000 0.862059235 0.137940765
T:/cccrcf: 0.000000000 0.272736855 0.727263145
T:/cccrfc: 0.000000000 0.457467537 0.542532463
T:/cccrff: 0.000000000 0.497818867 0.502181133
T:/cr: 0.000000000 0.728673556 0.271326444
T:/rc: 0.000000000 0.000000000 1.000000000
T:/rf: 0.000000000 0.478167929 0.521832071
