A:/: 0.052674136 0.947325864 0.000000000
A:/cccr: 0.794322882 0.205677118 0.000000000
A:/cccrccrc: 0.000000000 0.734781770 0.265218230
A:/cccrccrf: 0.000000000 0.747632751 0.252367249
A:/cccrcfrc: 0.000000000 0.984646117 0.015353883
A:/cccrcfrf: 0.000000000 0.265611502 0.734388498
A:/cccrcrcc: 0.000000000 0.956075722 0.043924278
A:/cccrcrcf: 0.000000000 0.904205318 0.095794682
A:/cccrcrfc: 0.000000000 0.785360578 0.214639422
A:/cccrcrff: 0.000000000 0.814081847 0.185918153
A:/ccrc: 0.567034143 0.432965857 0.000000000
A:/ccrccrcc: 0.000000000 0.610517385 0.389482615
A:/ccrccrcf: 0.000000000 0.564461881 0.435538119
A:/ccrccrfc: 0.000000000 0.596708661 0.403291339
A:/ccrccrff: 0.000000000 0.251847728 0.748152272
A:/ccrf: 0.661850894 0.338149106 0.000000000
A:/ccrfcrc: 0.000000000 0.970807429 0.029192571
A:/ccrfcrf: 0.000000000 0.596034195 0.403965805
A:/ccrr: 0.000000000 1.000000000 0.000000000
A:/crcc: 0.324119230 0.407965989 0.267914780
A:/crcf: 0.379477893 0.620522107 0.000000000
A:/crcr: 0.000000000 0.619168590 0.380831410
A:/crfc: 0.394733169 0.540635957 0.064630874
A:/crff: 0.559368919 0.440631081 0.000000000
A:/crfr: 0.000000000 0.771660670 0.228339330
A:/crrc: 0.000000000 0.938226320 0.061773680
A:/crrf: 0.000000000 0.294553244 0.705446756
A:/rccr: 0.000000000 0.758614657 0.241385343
A:/rcfr: 0.000000000 0.794199245 0.205800755
A:/rcrc: 0.000000000 0.828228767 0.171771233
A:/rcrf: 0.000000000 1.000000000 0.000000000
A:/rfcr: 0.000000000 0.890066989 0.109933011
A:/rffr: 0.000000000 1.000000000 0.000000000
A:/rfrc: 0.000000000 1.000000000 0.000000000
A:/rfrf: 0.000000000 0.651982798 0.348017202
A:/rrcc: 0.000000000 1.000000000 0.000000000
A:/rrcf: 0.000000000 1.000000000 0.000000000
A:/rrfc: 0.000000000 0.896255682 0.103744318
A:/rrff: 0.000000000 1.000000000 0.000000000
J:/: 0.000000000 1.000000000 0.000000000
J:/cccr: 0.000000000 0.000000000 1.000000000
J:/cccrccrc: 0.000000000 0.000000000 1.000000000
J:/cccrccrf: 0.000000000 1.000000000 0.000000000
J:/cccrcfrc: 0.000000000 0.292424337 0.707575663
J:/cccrcfrf: 0.000000000 0.849407486 0.150592514
J:/cccrcrcc: 0.000000000 0.000000000 1.000000000
J:/cccrcrcf: 0.000000000 0.408126073 0.591873927
J:/cccrcrfc: 0.000000000 0.429146329 0.570853671
J:/cccrcrff: 0.000000000 0.536699913 0.463300087
J:/ccrc: 0.160330624 0.307887656 0.531781719
J:/ccrccrcc: 0.000000000 0.501509719 0.498490281
J:/ccrccrcf: 0.000000000 0.305997769 0.694002231
J:/ccrccrfc: 0.000000000 0.836002977 0.163997023
J:/ccrccrff: 0.000000000 0.284044894 0.715955106
J:/ccrf: 0.157889178 0.635439292 0.206671529
J:/ccrfcrc: 0.000000000 0.548942724 0.451057276
J:/ccrfcrf: 0.000000000 0.613796256 0.386203744
J:/ccrr: 0.000000000 0.345817872 0.654182128
J:/crcc: 0.381750924 0.319085075 0.299164001
J:/crcf: 0.360527436 0.269441404 0.370031160
J:/crcr: 0.000000000 0.215352217 0.784647783
J:/crfc: 0.000000000 0.000000000 1.000000000
J:/crff: 0.000250000 0.000000000 0.999750000
J:/crfr: 0.000000000 0.000000000 1.000000000
J:/crrc: 0.000000000 0.425698742 0.574301258
J:/crrf: 0.000000000 0.547738241 0.452261759
J:/rccr: 0.000000000 0.000000000 1.000000000
J:/rcfr: 0.000000000 0.086196934 0.913803066
J:/rcrc: 0.000000000 0.000000000 1.000000000
J:/rcrf: 0.000000000 0.000000000 1.000000000
J:/rfcr: 0.000000000 0.000000000 1.000000000
J:/rffr: 0.000000000 0.000000000 1.000000000
J:/rfrc: 0.000000000 0.000000000 1.000000000
J:/rfrf: 0.000000000 0.008104521 0.991895479
J:/rrcc: 0.000000000 0.083977266 0.916022734
J:/rrcf: 0.000000000 0.336988477 0.663011523
J:/rrfc: 0.000000000 0.447589495 0.552410505
J:/rrff: 0.000000000 0.445141090 0.554858910
K:/: 0.000000000 1.000000000 0.000000000
K:/cccr: 0.000000000 0.000000000 1.000000000
K:/cccrccrc: 0.000000000 0.110192185 0.889807815
K:/cccrccrf: 0.000000000 1.000000000 0.000000000
K:/cccrcfrc: 0.000000000 0.164904951 0.835095049
K:/cccrcfrf: 0.000000000 0.797339398 0.202660602
K:/cccrcrcc: 0.000000000 0.000000000 1.000000000
K:/cccrcrcf: 0.000000000 0.709386857 0.290613143
K:/cccrcrfc: 0.000000000 0.026098958 0.973901042
K:/cccrcrff: 0.000000000 1.000000000 0.000000000
K:/ccrc: 0.482339789 0.217718647 0.299941564
K:/ccrccrcc: 0.000000000 0.883621177 0.116378823
K:/ccrccrcf: 0.000000000 0.663118245 0.336881755
K:/ccrccrfc: 0.000000000 0.356339231 0.643660769
K:/ccrccrff: 0.000000000 0.812852108 0.187147892
K:/ccrf: 0.173889050 0.778702678 0.047408271
K:/ccrfcrc: 0.000000000 0.296288561 0.703711439
K:/ccrfcrf: 0.000000000 0.542813423 0.457186577
K:/ccrr: 0.000000000 0.326785992 0.673214008
K:/crcc: 0.467039593 0.101871978 0.431088429
K:/crcf: 0.345202493 0.273207517 0.381589989
K:/crcr: 0.000000000 0.364383104 0.635616896
K:/crfc: 0.000041594 0.000000000 0.999958406
K:/crff: 0.000250000 0.000000000 0.999750000
K:/crfr: 0.000000000 0.000000000 1.000000000
K:/crrc: 0.000000000 0.869856415 0.130143585
K:/crrf: 0.000000000 0.000000000 1.000000000
K:/rccr: 0.000000000 0.166124256 0.833875744
K:/rcfr: 0.000000000 1.000000000 0.000000000
K:/rcrc: 0.000000000 0.032410744 0.967589256
K:/rcrf: 0.000000000 0.000000000 1.000000000
K:/rfcr: 0.000000000 0.000000000 1.000000000
K:/rffr: 0.000000000 0.000000000 1.000000000
K:/rfrc: 0.000000000 0.000000000 1.000000000
K:/rfrf: 0.000000000 0.508465922 0.491534078
K:/rrcc: 0.000000000 0.366971670 0.633028330
K:/rrcf: 0.000000000 0.124015350 0.875984650
K:/rrfc: 0.000000000 0.516540979 0.483459021
K:/rrff: 0.000000000 0.734320504 0.265679496
Q:/: 0.000000000 1.000000000 0.000000000
Q:/cccr: 0.000000000 0.000000000 1.000000000
Q:/cccrccrc: 0.000000000 0.204832715 0.795167285
Q:/cccrccrf: 0.000000000 0.987852957 0.012147043
Q:/cccrcfrc: 0.000000000 0.622754802 0.377245198
Q:/cccrcfrf: 0.000000000 0.184383731 0.815616269
Q:/cccrcrcc: 0.000000000 0.571880518 0.428119482
Q:/cccrcrcf: 0.000000000 0.441920341 0.558079659
Q:/cccrcrfc: 0.000000000 0.400207481 0.599792519
Q:/cccrcrff: 0.000000000 0.534510766 0.465489234
Q:/ccrc: 0.598725891 0.061158319 0.340115790
Q:/ccrccrcc: 0.000000000 0.703882107 0.296117893
Q:/ccrccrcf: 0.000000000 0.497435473 0.502564527
Q:/ccrccrfc: 0.000000000 0.667379596 0.332620404
Q:/ccrccrff: 0.000000000 0.707174292 0.292825708
Q:/ccrf: 0.265091785 0.351827376 0.383080838
Q:/ccrfcrc: 0.000000000 0.559039953 0.440960047
Q:/ccrfcrf: 0.000000000 0.640604326 0.359395674
Q:/ccrr: 0.000000000 0.328033686 0.671966314
Q:/crcc: 0.342739898 0.296024483 0.361235619
Q:/crcf: 0.397274253 0.375565388 0.227160359
Q:/crcr: 0.000000000 0.632824429 0.367175571
Q:/crfc: 0.000000000 0.000000000 1.000000000
Q:/crff: 0.000250000 0.000000000 0.999750000
Q:/crfr: 0.000000000 0.000000000 1.000000000
Q:/crrc: 0.000000000 0.520352309 0.479647691
Q:/crrf: 0.000000000 0.474794989 0.525205011
Q:/rccr: 0.000000000 0.268057011 0.731942989
Q:/rcfr: 0.000000000 0.335013736 0.664986264
Q:/rcrc: 0.000000000 0.018525780 0.981474220
Q:/rcrf: 0.000000000 0.018520795 0.981479205
Q:/rfcr: 0.000000000 0.000000000 1.000000000
Q:/rffr: 0.000000000 0.000000000 1.000000000
Q:/rfrc: 0.000000000 0.000000000 1.000000000
Q:/rfrf: 0.000000000 0.507506237 0.492493763
Q:/rrcc: 0.000000000 0.396786825 0.603213175
Q:/rrcf: 0.000000000 0.307458531 0.692541469
Q:/rrfc: 0.000000000 0.483625015 0.516374985
Q:/rrff: 0.000000000 0.498240559 0.501759441
T:/: 0.000000000 1.000000000 0.000000000
T:/cccr: 0.000000000 0.000000000 1.000000000
T:/cccrccrc: 0.000000000 0.000000000 1.000000000
T:/cccrccrf: 0.000000000 0.343001093 0.656998907
T:/cccrcfrc: 0.000000000 0.038328108 0.961671892
T:/cccrcfrf: 0.000000000 0.878576301 0.121423699
T:/cccrcrcc: 0.000000000 0.133798066 0.866201934
T:/cccrcrcf: 0.000000000 0.094515247 0.905484753
T:/cccrcrfc: 0.000000000 0.077597691 0.922402309
T:/cccrcrff: 0.000000000 0.661027749 0.338972251
T:/ccrc: 0.091308003 0.247083893 0.661608103
T:/ccrccrcc: 0.000000000 0.133202560 0.866797440
T:/ccrccrcf: 0.000000000 0.987375702 0.012624298
T:/ccrccrfc: 0.000000000 0.325823504 0.674176496
T:/ccrccrff: 0.000000000 0.279119158 0.720880842
T:/ccrf: 0.254361082 0.258755557 0.486883362
T:/ccrfcrc: 0.000000000 0.249193565 0.750806435
T:/ccrfcrf: 0.000000000 0.402420905 0.597579095
T:/ccrr: 0.000000000 0.333706654 0.666293346
T:/crcc: 0.116772587 0.496757477 0.386469936
T:/crcf: 0.331711189 0.093734036 0.574554776
T:/crcr: 0.000000000 0.412566242 0.587433758
T:/crfc: 0.000000000 0.000000000 1.000000000
T:/crff: 0.000250000 0.000000000 0.999750000
T:/crfr: 0.000000000 0.000000000 1.000000000
T:/crrc: 0.000000000 0.415405134 0.584594866
T:/crrf: 0.000000000 0.156833316 0.843166684
T:/rccr: 0.000000000 0.000000000 1.000000000
T:/rcfr: 0.000000000 0.000000000 1.000000000
T:/rcrc: 0.000000000 0.000000000 1.000000000
T:/rcrf: 0.000000000 0.000000000 1.000000000
T:/rfcr: 0.000000000 0.000000000 1.000000000
T:/rffr: 0.000000000 0.000000000 1.000000000
T:/rfrc: 0.000000000 0.000000000 1.000000000
T:/rfrf: 0.000000000 0.436865851 0.563134149
T:/rrcc: 0.000000000 0.000000000 1.000000000
T:/rrcf: 0.000000000 0.034339082 0.965660918
T:/rrfc: 0.000000000 0.211180870 0.788819130
T:/rrff: 0.000000000 0.187853371 0.812146629
