A:/cc: 0.132502850 0.867497150 0.000000000
A:/cccrcc: 0.283094814 0.207443297 0.509461889
A:/cccrcf: 0.107053767 0.497990909 0.394955324
A:/cccrcr: 0.000000000 0.758472771 0.241527229
A:/cccrfc: 0.336188718 0.585523126 0.078288156
A:/cccrff: 0.679922686 0.320077314 0.000000000
A:/cccrfr: 0.000000000 0.901404627 0.098595373
A:/cccrrc: 0.000000000 0.911651417 0.088348583
A:/cccrrf: 0.000000000 0.787792497 0.212207503
A:/ccrccr: 0.000000000 0.855689989 0.144310011
A:/ccrcfr: 0.000000000 0.928033196 0.071966804
A:/ccrcrc: 0.000000000 0.606204433 0.393795567
A:/ccrcrf: 0.000000000 0.929894900 0.070105100
A:/ccrfcr: 0.000000000 1.000000000 0.000000000
A:/ccrffr: 0.000000000 0.901182501 0.098817499
A:/ccrfrc: 0.000000000 0.915347118 0.084652882
A:/ccrfrf: 0.000000000 0.260903432 0.739096568
A:/ccrrcc: 0.000000000 0.578871232 0.421128768
A:/ccrrcf: 0.000000000 0.825934904 0.174065096
A:/ccrrfc: 0.000000000 0.832747645 0.167252355
A:/ccrrff: 0.000000000 1.000000000 0.000000000
A:/cr: 0.999291920 0.000708080 0.000000000
A:/crccrc: 0.000000000 0.624427259 0.375572741
A:/crccrf: 0.000000000 0.445031348 0.554968652
A:/crcfrc: 0.000000000 0.792289787 0.207710213
A:/crcfrf: 0.000000000 0.495661721 0.504338279
A:/crcrcc: 0.000000000 0.755324835 0.244675165
A:/crcrcf: 0.000000000 0.907175658 0.092824342
A:/crcrfc: 0.000000000 0.714964378 0.285035622
A:/crcrff: 0.000000000 0.680733783 0.319266217
A:/rc: 0.289164661 0.710835339 0.000000000
A:/rccrcc: 0.000000000 0.496748863 0.503251137
A:/rccrcf: 0.000000000 0.466279414 0.533720586
A:/rccrfc: 0.000000000 0.521718575 0.478281425
A:/rccrff: 0.000000000 0.113299936 0.886700064
A:/rf: 0.155437838 0.844562162 0.000000000
A:/rfcrc: 0.000000000 1.000000000 0.000000000
A:/rfcrf: 0.000000000 0.867176665 0.132823335
A:/rr: 0.000000000 0.323668895 0.676331105
J:/cc: 0.000590330 0.999409670 0.000000000
J:/cccrcc: 0.116447855 0.529432405 0.354119740
J:/cccrcf: 0.178944175 0.350271099 0.470784726
J:/cccrcr: 0.000000000 0.842295953 0.157704047
J:/cccrfc: 0.000000000 0.000000000 1.000000000
J:/cccrff: 0.000249989 0.000000000 0.999750011
J:/cccrfr: 0.000000000 0.000000000 1.000000000
J:/cccrrc: 0.000000000 0.213438710 0.786561290
J:/cccrrf: 0.000000000 0.000000000 1.000000000
J:/ccrccr: 0.000000000 0.000000000 1.000000000
J:/ccrcfr: 0.000000000 0.000000000 1.000000000
J:/ccrcrc: 0.000000000 0.094239386 0.905760614
J:/ccrcrf: 0.000000000 0.000195427 0.999804573
J:/ccrfcr: 0.000000000 0.000000000 1.000000000
J:/ccrffr: 0.000000000 0.000000000 1.000000000
J:/ccrfrc: 0.000000000 0.000000000 1.000000000
J:/ccrfrf: 0.000000000 0.269952386 0.730047614
J:/ccrrcc: 0.000000000 0.456857916 0.543142084
J:/ccrrcf: 0.000000000 0.611911543 0.388088457
J:/ccrrfc: 0.000000000 0.000000000 1.000000000
J:/ccrrff: 0.000000000 0.063617212 0.936382788
J:/cr: 0.000000000 0.000000000 1.000000000
J:/crccrc: 0.000000000 0.239385858 0.760614142
J:/crccrf: 0.000000000 0.898943816 0.101056184
J:/crcfrc: 0.000000000 0.000000000 1.000000000
J:/crcfrf: 0.000000000 0.651556700 0.348443300
J:/crcrcc: 0.000000000 0.000000000 1.000000000
J:/crcrcf: 0.000000000 0.464267535 0.535732465
J:/crcrfc: 0.000000000 0.594342306 0.405657694
J:/crcrff: 0.000000000 0.111898906 0.888101094
J:/rc: 0.446227770 0.295365641 0.258406589
J:/rccrcc: 0.000000000 0.184612369 0.815387631
J:/rccrcf: 0.000000000 0.279437841 0.720562159
J:/rccrfc: 0.000000000 0.647979809 0.352020191
J:/rccrff: 0.000000000 0.692385544 0.307614456
J:/rf: 0.502599985 0.143347070 0.354052945
J:/rfcrc: 0.000000000 0.178020631 0.821979369
J:/rfcrf: 0.000000000 0.632241394 0.367758606
J:/rr: 0.000000000 0.481940126 0.518059874
K:/cc: 0.000000000 1.000000000 0.000000000
K:/cccrcc: 0.514796471 0.175292047 0.309911482
K:/cccrcf: 0.074963534 0.410644644 0.514391822
K:/cccrcr: 0.000000000 0.612787251 0.387212749
K:/cccrfc: 0.000374976 0.000000000 0.999625024
K:/cccrff: 0.000249984 0.000000000 0.999750016
K:/cccrfr: 0.000000000 0.000000000 1.000000000
K:/cccrrc: 0.000000000 0.931168145 0.068831855
K:/cccrrf: 0.000000000 0.349892061 0.650107939
K:/ccrccr: 0.000000000 0.479897023 0.520102977
K:/ccrcfr: 0.000000000 0.082746798 0.917253202
K:/ccrcrc: 0.000000000 0.000003095 0.999996905
K:/ccrcrf: 0.000000000 0.000084248 0.999915752
K:/ccrfcr: 0.000000000 0.000000000 1.000000000
K:/ccrffr: 0.000000000 0.000000000 1.000000000
K:/ccrfrc: 0.000000000 0.000000000 1.000000000
K:/ccrfrf: 0.000000000 0.552852921 0.447147079
K:/ccrrcc: 0.000000000 0.341626407 0.658373593
K:/ccrrcf: 0.000000000 0.190628328 0.809371672
K:/ccrrfc: 0.000000000 0.033433102 0.966566898
K:/ccrrff: 0.000000000 0.188712936 0.811287064
K:/cr: 0.000000000 0.000000000 1.000000000
K:/crccrc: 0.000000000 0.335157820 0.664842180
K:/crccrf: 0.000000000 0.767252862 0.232747138
K:/crcfrc: 0.000000000 0.477998013 0.522001987
K:/crcfrf: 0.000000000 0.385111007 0.614888993
K:/crcrcc: 0.000000000 0.322760702 0.677239298
K:/crcrcf: 0.000000000 0.518150484 0.481849516
K:/crcrfc: 0.000000000 0.190733934 0.809266066
K:/crcrff: 0.000000000 1.000000000 0.000000000
K:/rc: 0.319499689 0.309084265 0.371416046
K:/rccrcc: 0.000000000 0.679347473 0.320652527
K:/rccrcf: 0.000000000 0.654713331 0.345286669
K:/rccrfc: 0.000000000 0.714735843 0.285264157
K:/rccrff: 0.000000000 0.453292666 0.546707334
K:/rf: 0.248973552 0.418215899 0.332810549
K:/rfcrc: 0.000000000 0.467556013 0.532443987
K:/rfcrf: 0.000000000 0.617691615 0.382308385
K:/rr: 0.000000000 0.324255879 0.675744121
Q:/cc: 0.000496859 0.999503141 0.000000000
Q:/cccrcc: 0.049784148 0.597847433 0.352368418
Q:/cccrcf: 0.344669552 0.133579427 0.521751021
Q:/cccrcr: 0.000000000 0.626074132 0.373925868
Q:/cccrfc: 0.000000000 0.000000000 1.000000000
Q:/cccrff: 0.000249984 0.000000000 0.999750016
Q:/cccrfr: 0.000000000 0.000000000 1.000000000
Q:/cccrrc: 0.000000000 0.397508289 0.602491711
Q:/cccrrf: 0.000000000 0.376985674 0.623014326
Q:/ccrccr: 0.000000000 0.000038858 0.999961142
Q:/ccrcfr: 0.000000000 0.000060314 0.999939686
Q:/ccrcrc: 0.000000000 0.000004707 0.999995293
Q:/ccrcrf: 0.000000000 0.000074537 0.999925463
Q:/ccrfcr: 0.000000000 0.000000000 1.000000000
Q:/ccrffr: 0.000000000 0.000000000 1.000000000
Q:/ccrfrc: 0.000000000 0.000000000 1.000000000
Q:/ccrfrf: 0.000000000 0.801252766 0.198747234
Q:/ccrrcc: 0.000000000 0.372244968 0.627755032
Q:/ccrrcf: 0.000000000 0.306456773 0.693543227
Q:/ccrrfc: 0.000000000 0.133112473 0.866887527
Q:/ccrrff: 0.000000000 0.000000000 1.000000000
Q:/cr: 0.000000000 0.000000000 1.000000000
Q:/crccrc: 0.000000000 0.232707052 0.767292948
Q:/crccrf: 0.000000000 0.531784445 0.468215555
Q:/crcfrc: 0.000000000 0.055401979 0.944598021
Q:/crcfrf: 0.000000000 0.970044724 0.029955276
Q:/crcrcc: 0.000000000 0.202175078 0.797824922
Q:/crcrcf: 0.000000000 0.774610910 0.225389090
Q:/crcrfc: 0.000000000 0.533284981 0.466715019
Q:/crcrff: 0.000000000 0.447722763 0.552277237
Q:/rc: 0.304687532 0.268753733 0.426558735
Q:/rccrcc: 0.000000000 0.877957219 0.122042781
Q:/rccrcf: 0.000000000 0.267467997 0.732532003
Q:/rccrfc: 0.000000000 0.600043634 0.399956366
Q:/rccrff: 0.000000000 0.744972004 0.255027996
Q:/rf: 0.331496268 0.000000000 0.668503732
Q:/rfcrc: 0.000000000 0.468253220 0.531746780
Q:/rfcrf: 0.000000000 0.420180809 0.579819191
Q:/rr: 0.000000000 0.782382360 0.217617640
T:/cc: 0.000543492 0.999456508 0.000000000
T:/cccrcc: 0.352808691 0.302264085 0.344927224
T:/cccrcf: 0.362826894 0.245415913 0.391757193
T:/cccrcr: 0.000000000 0.271616758 0.728383242
T:/cccrfc: 0.000000000 0.000000000 1.000000000
T:/cccrff: 0.000249995 0.000000000 0.999750005
T:/cccrfr: 0.000000000 0.000000000 1.000000000
T:/cccrrc: 0.000000000 0.562352417 0.437647583
T:/cccrrf: 0.000000000 0.000000000 1.000000000
T:/ccrccr: 0.000000000 0.168655891 0.831344109
T:/ccrcfr: 0.000000000 0.000000000 1.000000000
T:/ccrcrc: 0.000000000 0.000000000 1.000000000
T:/ccrcrf: 0.000000000 0.000116832 0.999883168
T:/ccrfcr: 0.000000000 0.000000000 1.000000000
T:/ccrffr: 0.000000000 0.000000000 1.000000000
T:/ccrfrc: 0.000000000 0.000000000 1.000000000
T:/ccrfrf: 0.000000000 0.570718529 0.429281471
T:/ccrrcc: 0.000000000 0.651638890 0.348361110
T:/ccrrcf: 0.000000000 0.000000000 1.000000000
T:/ccrrfc: 0.000000000 0.000000000 1.000000000
T:/ccrrff: 0.000000000 0.120910835 0.879089165
T:/cr: 0.000000000 0.000000000 1.000000000
T:/crccrc: 0.000000000 0.598269905 0.401730095
T:/crccrf: 0.000000000 0.706729773 0.293270227
T:/crcfrc: 0.000000000 0.765116160 0.234883840
T:/crcfrf: 0.000000000 0.764421286 0.235578714
T:/crcrcc: 0.000000000 0.000000000 1.000000000
T:/crcrcf: 0.000000000 0.358491511 0.641508489
T:/crcrfc: 0.000000000 0.188539232 0.811460768
T:/crcrff: 0.000000000 0.349973917 0.650026083
T:/rc: 0.595108092 0.221376830 0.183515078
T:/rccrcc: 0.000000000 0.533808494 0.466191506
T:/rccrcf: 0.000000000 0.541067103 0.458932897
T:/rccrfc: 0.000000000 0.728788779 0.271211221
T:/rccrff: 0.000000000 0.919992360 0.080007640
T:/rf: 0.292570689 0.307260437 0.400168874
T:/rfcrc: 0.000000000 0.643476961 0.356523039
T:/rfcrf: 0.000000000 0.334362427 0.665637573
T:/rr: 0.000000000 0.502654301 0.497345699
