A:/: 1.000000000 0.000000000 0.000000000
A:/ccr: 0.000000000 1.000000000 0.000000000
A:/crc: 0.000000000 1.000000000 0.000000000
A:/crf: 0.000000000 1.000000000 0.000000000
AJ:/ccc/: 0.913838770 0.086161230 0.000000000
AJ:/ccc/ccr: 0.000000000 0.999972304 0.000027696
AJ:/ccc/crc: 0.000000000 0.542057257 0.457942743
AJ:/ccc/crf: 0.000000000 0.840842668 0.159157332
AJ:/ccrcc/: 0.000130931 0.999869069 0.000000000
AJ:/ccrcc/ccr: 0.000000000 0.364017528 0.635982472
AJ:/ccrcc/crc: 0.000000000 0.929549892 0.070450108
AJ:/ccrcc/crf: 0.000000000 0.000000000 1.000000000
AJ:/ccrcf/: 0.418506452 0.581493548 0.000000000
AJ:/ccrcf/cr: 0.000000000 0.050522217 0.949477783
AJ:/crcc/: 0.000000000 1.000000000 0.000000000
AJ:/crcc/ccr: 0.000000000 1.000000000 0.000000000
AJ:/crcc/crc: 0.000000000 0.999381733 0.000618267
AJ:/crcc/crf: 0.000000000 0.999459016 0.000540984
AJ:/crfc/: 0.660131895 0.339868105 0.000000000
AJ:/crfc/cr: 0.000000000 1.000000000 0.000000000
AJ:/rcc/: 0.424130398 0.575869602 0.000000000
AJ:/rcc/ccr: 0.000000000 0.244531677 0.755468323
AJ:/rcc/crc: 0.000000000 0.508548999 0.491451001
AJ:/rcc/crf: 0.000000000 0.193864474 0.806135526
AJ:/rcf/: 0.831795858 0.168204142 0.000000000
AJ:/rcf/cr: 0.000000000 0.866815287 0.133184713
AJ:/rfc/: 0.812324679 0.187675321 0.000000000
AJ:/rfc/cr: 0.000000000 0.326024058 0.673975942
AK:/ccc/: 0.000868056 0.999131944 0.000000000
AK:/ccc/ccr: 0.000000000 0.999907495 0.000092505
AK:/ccc/crc: 0.000000000 0.842134242 0.157865758
AK:/ccc/crf: 0.000000000 0.723630599 0.276369401
AK:/ccrcc/: 0.554882676 0.445117324 0.000000000
AK:/ccrcc/ccr: 0.000000000 0.661556416 0.338443584
AK:/ccrcc/crc: 0.000000000 0.686982820 0.313017180
AK:/ccrcc/crf: 0.000000000 0.592708267 0.407291733
AK:/ccrcf/: 0.739467670 0.260532330 0.000000000
AK:/ccrcf/cr: 0.000000000 0.241392803 0.758607197
AK:/crcc/: 0.000104403 0.999895597 0.000000000
AK:/crcc/ccr: 0.000000000 0.848722665 0.151277335
AK:/crcc/crc: 0.000000000 0.839122165 0.160877835
AK:/crcc/crf: 0.000000000 0.000000000 1.000000000
AK:/crfc/: 0.874473239 0.125526761 0.000000000
AK:/crfc/cr: 0.000000000 0.999999986 0.000000014
AK:/rcc/: 0.779832458 0.220167542 0.000000000
AK:/rcc/ccr: 0.000000000 0.772475194 0.227524806
AK:/rcc/crc: 0.000000000 0.382627921 0.617372079
AK:/rcc/crf: 0.000000000 0.929263175 0.070736825
AK:/rcf/: 0.355320215 0.644679785 0.000000000
AK:/rcf/cr: 0.000000000 0.846587099 0.153412901
AK:/rfc/: 0.595967553 0.404032447 0.000000000
AK:/rfc/cr: 0.000000000 0.426572843 0.573427157
AQ:/ccc/: 0.799793065 0.200206935 0.000000000
AQ:/ccc/ccr: 0.000000000 0.962332187 0.037667813
AQ:/ccc/crc: 0.000000000 0.951843340 0.048156660
AQ:/ccc/crf: 0.000000000 0.762306908 0.237693092
AQ:/ccrcc/: 1.000000000 0.000000000 0.000000000
AQ:/ccrcc/ccr: 0.000000000 0.575815329 0.424184671
AQ:/ccrcc/crc: 0.000000000 0.705068646 0.294931354
AQ:/ccrcc/crf: 0.000000000 0.997737765 0.002262235
AQ:/ccrcf/: 0.497590501 0.502409499 0.000000000
AQ:/ccrcf/cr: 0.000000000 0.124325419 0.875674581
AQ:/crcc/: 0.852587722 0.147412278 0.000000000
AQ:/crcc/ccr: 0.000000000 0.587083911 0.412916089
AQ:/crcc/crc: 0.000000000 0.000000000 1.000000000
AQ:/crcc/crf: 0.000000000 0.077513377 0.922486623
AQ:/crfc/: 0.067251473 0.932748527 0.000000000
AQ:/crfc/cr: 0.000000000 0.998993367 0.001006633
AQ:/rcc/: 0.858248618 0.141751382 0.000000000
AQ:/rcc/ccr: 0.000000000 0.929124861 0.070875139
AQ:/rcc/crc: 0.000000000 0.030687713 0.969312287
AQ:/rcc/crf: 0.000000000 0.604378041 0.395621959
AQ:/rcf/: 0.604594836 0.395405164 0.000000000
AQ:/rcf/cr: 0.000000000 0.845129515 0.154870485
AQ:/rfc/: 0.283252862 0.716747138 0.000000000
AQ:/rfc/cr: 0.000000000 0.089617321 0.910382679
J:/: 0.000000000 1.000000000 0.000000000
J:/ccr: 0.000000000 0.000000000 1.000000000
J:/crc: 0.000000000 0.001813654 0.998186346
J:/crf: 0.000000000 1.000000000 0.000000000
JA:/ccc/: 0.576542291 0.423457709 0.000000000
JA:/ccc/ccr: 0.000000000 0.689191031 0.310808969
JA:/ccc/crc: 0.000000000 0.109066325 0.890933675
JA:/ccc/crf: 0.000000000 0.704830603 0.295169397
JA:/ccrcc/: 0.999096550 0.000903450 0.000000000
JA:/ccrcc/ccr: 0.000000000 0.696863634 0.303136366
JA:/ccrcc/crc: 0.000000000 0.523659081 0.476340919
JA:/ccrcc/crf: 0.000000000 0.850975504 0.149024496
JA:/ccrcf/: 0.173441786 0.826558214 0.000000000
JA:/ccrcf/cr: 0.000000000 0.530888302 0.469111698
JA:/crcc/: 0.003400321 0.996599679 0.000000000
JA:/crcc/ccr: 0.000000000 0.000000000 1.000000000
JA:/crcc/crc: 0.000000000 0.000000000 1.000000000
JA:/crcc/crf: 0.000000000 0.000000000 1.000000000
JA:/crfc/: 0.444755307 0.555244693 0.000000000
JA:/crfc/cr: 0.000000000 0.405989002 0.594010998
JA:/rcc/: 0.786235164 0.213764836 0.000000000
JA:/rcc/ccr: 0.000000000 0.279071499 0.720928501
JA:/rcc/crc: 0.000000000 0.903685065 0.096314935
JA:/rcc/crf: 0.000000000 0.239112258 0.760887742
JA:/rcf/: 0.993060897 0.006939103 0.000000000
JA:/rcf/cr: 0.000000000 0.000000000 1.000000000
JA:/rfc/: 0.302393666 0.697606334 0.000000000
JA:/rfc/cr: 0.000000000 0.059478202 0.940521798
JK:/ccc/: 0.998087401 0.001912599 0.000000000
JK:/ccc/ccr: 0.000000000 0.656692972 0.343307028
JK:/ccc/crc: 0.000000000 0.000000000 1.000000000
JK:/ccc/crf: 0.000000000 1.000000000 0.000000000
JK:/ccrcc/: 0.999498770 0.000501230 0.000000000
JK:/ccrcc/ccr: 0.000000000 0.000225798 0.999774202
JK:/ccrcc/crc: 0.000000000 0.335762733 0.664237267
JK:/ccrcc/crf: 0.000000000 0.387577845 0.612422155
JK:/ccrcf/: 0.188298961 0.811701039 0.000000000
JK:/ccrcf/cr: 0.000000000 0.767859277 0.232140723
JK:/crcc/: 0.998712434 0.001287566 0.000000000
JK:/crcc/ccr: 0.000000000 0.004109302 0.995890698
JK:/crcc/crc: 0.000000000 0.153978873 0.846021127
JK:/crcc/crf: 0.000000000 0.000548606 0.999451394
JK:/crfc/: 0.497620880 0.502379120 0.000000000
JK:/crfc/cr: 0.000000000 0.539713089 0.460286911
JK:/rcc/: 0.000800278 0.999199722 0.000000000
JK:/rcc/ccr: 0.000000000 0.004579883 0.995420117
JK:/rcc/crc: 0.000000000 0.689485016 0.310514984
JK:/rcc/crf: 0.000000000 1.000000000 0.000000000
JK:/rcf/: 0.004340278 0.995659722 0.000000000
JK:/rcf/cr: 0.000000000 0.000000000 1.000000000
JK:/rfc/: 0.300994560 0.699005440 0.000000000
JK:/rfc/cr: 0.000000000 0.899518847 0.100481153
JQ:/ccc/: 0.541534649 0.458465351 0.000000000
JQ:/ccc/ccr: 0.000000000 0.667197189 0.332802811
JQ:/ccc/crc: 0.000000000 0.879403576 0.120596424
JQ:/ccc/crf: 0.000000000 0.191691051 0.808308949
JQ:/ccrcc/: 0.000000000 1.000000000 0.000000000
JQ:/ccrcc/ccr: 0.000000000 0.029201506 0.970798494
JQ:/ccrcc/crc: 0.000000000 0.603767493 0.396232507
JQ:/ccrcc/crf: 0.000000000 0.000000000 1.000000000
JQ:/ccrcf/: 0.662739492 0.337260508 0.000000000
JQ:/ccrcf/cr: 0.000000000 0.749213701 0.250786299
JQ:/crcc/: 0.000000000 1.000000000 0.000000000
JQ:/crcc/ccr: 0.000000000 0.000000000 1.000000000
JQ:/crcc/crc: 0.000000000 0.000381812 0.999618188
JQ:/crcc/crf: 0.000000000 0.000000000 1.000000000
JQ:/crfc/: 0.615623387 0.384376613 0.000000000
JQ:/crfc/cr: 0.000000000 0.308558424 0.691441576
JQ:/rcc/: 0.000702471 0.999297529 0.000000000
JQ:/rcc/ccr: 0.000000000 1.000000000 0.000000000
JQ:/rcc/crc: 0.000000000 0.528406786 0.471593214
JQ:/rcc/crf: 0.000000000 0.873051735 0.126948265
JQ:/rcf/: 0.004340278 0.995659722 0.000000000
JQ:/rcf/cr: 0.000000000 0.000000000 1.000000000
JQ:/rfc/: 0.405799837 0.594200163 0.000000000
JQ:/rfc/cr: 0.000000000 0.486596714 0.513403286
K:/: 0.999488458 0.000511542 0.000000000
K:/ccr: 0.000000000 0.992613288 0.007386712
K:/crc: 0.000000000 0.998671920 0.001328080
K:/crf: 0.000000000 0.997868643 0.002131357
KA:/ccc/: 0.001277828 0.998722172 0.000000000
KA:/ccc/ccr: 0.000000000 0.765063801 0.234936199
KA:/ccc/crc: 0.000000000 0.816288550 0.183711450
KA:/ccc/crf: 0.000000000 0.768850201 0.231149799
KA:/ccrcc/: 0.004851564 0.995148436 0.000000000
KA:/ccrcc/ccr: 0.000000000 0.000000000 1.000000000
KA:/ccrcc/crc: 0.000000000 0.272828008 0.727171992
KA:/ccrcc/crf: 0.000000000 0.000925649 0.999074351
KA:/ccrcf/: 0.772534349 0.227465651 0.000000000
KA:/ccrcf/cr: 0.000000000 0.030598266 0.969401734
KA:/crcc/: 0.266353930 0.733646070 0.000000000
KA:/crcc/ccr: 0.000000000 1.000000000 0.000000000
KA:/crcc/crc: 0.000000000 0.530041565 0.469958435
KA:/crcc/crf: 0.000000000 0.006911846 0.993088154
KA:/crfc/: 0.851566946 0.148433054 0.000000000
KA:/crfc/cr: 0.000000000 1.000000000 0.000000000
KA:/rcc/: 0.365713274 0.634286726 0.000000000
KA:/rcc/ccr: 0.000000000 0.197313357 0.802686643
KA:/rcc/crc: 0.000000000 0.842758257 0.157241743
KA:/rcc/crf: 0.000000000 0.048634167 0.951365833
KA:/rcf/: 0.031978728 0.968021272 0.000000000
KA:/rcf/cr: 0.000000000 0.999123480 0.000876520
KA:/rfc/: 0.693206593 0.306793407 0.000000000
KA:/rfc/cr: 0.000000000 0.480627911 0.519372089
KJ:/ccc/: 0.001365285 0.998634715 0.000000000
KJ:/ccc/ccr: 0.000000000 0.000000000 1.000000000
KJ:/ccc/crc: 0.000000000 0.399508101 0.600491899
KJ:/ccc/crf: 0.000000000 0.798820952 0.201179048
KJ:/ccrcc/: 0.999832524 0.000167476 0.000000000
KJ:/ccrcc/ccr: 0.000000000 0.712026675 0.287973325
KJ:/ccrcc/crc: 0.000000000 0.841861115 0.158138885
KJ:/ccrcc/crf: 0.000000000 0.811745160 0.188254840
KJ:/ccrcf/: 0.226440039 0.773559961 0.000000000
KJ:/ccrcf/cr: 0.000000000 0.275980701 0.724019299
KJ:/crcc/: 0.998630404 0.001369596 0.000000000
KJ:/crcc/ccr: 0.000000000 0.523335756 0.476664244
KJ:/crcc/crc: 0.000000000 0.000157266 0.999842734
KJ:/crcc/crf: 0.000000000 0.999728737 0.000271263
KJ:/crfc/: 0.290375155 0.709624845 0.000000000
KJ:/crfc/cr: 0.000000000 0.228410031 0.771589969
KJ:/rcc/: 0.667771001 0.332228999 0.000000000
KJ:/rcc/ccr: 0.000000000 0.692039397 0.307960603
KJ:/rcc/crc: 0.000000000 0.228197491 0.771802509
KJ:/rcc/crf: 0.000000000 0.440255387 0.559744613
KJ:/rcf/: 0.001742490 0.998257510 0.000000000
KJ:/rcf/cr: 0.000000000 0.000000000 1.000000000
KJ:/rfc/: 0.424859623 0.575140377 0.000000000
KJ:/rfc/cr: 0.000000000 0.044696540 0.955303460
KQ:/ccc/: 0.000597074 0.999402926 0.000000000
KQ:/ccc/ccr: 0.000000000 0.147176895 0.852823105
KQ:/ccc/crc: 0.000000000 0.000000000 1.000000000
KQ:/ccc/crf: 0.000000000 0.215645696 0.784354304
KQ:/ccrcc/: 0.780825556 0.219174444 0.000000000
KQ:/ccrcc/ccr: 0.000000000 0.635240000 0.364760000
KQ:/ccrcc/crc: 0.000000000 0.403844448 0.596155552
KQ:/ccrcc/crf: 0.000000000 0.170223501 0.829776499
KQ:/ccrcf/: 0.815139511 0.184860489 0.000000000
KQ:/ccrcf/cr: 0.000000000 0.185926230 0.814073770
KQ:/crcc/: 0.082070353 0.917929647 0.000000000
KQ:/crcc/ccr: 0.000000000 0.190637395 0.809362605
KQ:/crcc/crc: 0.000000000 0.771711829 0.228288171
KQ:/crcc/crf: 0.000000000 0.998444818 0.001555182
KQ:/crfc/: 0.000000000 1.000000000 0.000000000
KQ:/crfc/cr: 0.000000000 0.000215511 0.999784489
KQ:/rcc/: 0.225363619 0.774636381 0.000000000
KQ:/rcc/ccr: 0.000000000 0.000000000 1.000000000
KQ:/rcc/crc: 0.000000000 0.696481068 0.303518932
KQ:/rcc/crf: 0.000000000 0.601944028 0.398055972
KQ:/rcf/: 0.004340278 0.995659722 0.000000000
KQ:/rcf/cr: 0.000000000 0.000000000 1.000000000
KQ:/rfc/: 0.497451773 0.502548227 0.000000000
KQ:/rfc/cr: 0.000000000 0.474980816 0.525019184
Q:/: 0.995827009 0.004172991 0.000000000
Q:/ccr: 0.000000000 0.000000000 1.000000000
Q:/crc: 0.000000000 0.001868589 0.998131411
Q:/crf: 0.000000000 1.000000000 0.000000000
QA:/ccc/: 0.336707631 0.663292369 0.000000000
QA:/ccc/ccr: 0.000000000 0.126385361 0.873614639
QA:/ccc/crc: 0.000000000 0.184638321 0.815361679
QA:/ccc/crf: 0.000000000 0.391567098 0.608432902
QA:/ccrcc/: 0.641929441 0.358070559 0.000000000
QA:/ccrcc/ccr: 0.000000000 0.383960595 0.616039405
QA:/ccrcc/crc: 0.000000000 0.164842046 0.835157954
QA:/ccrcc/crf: 0.000000000 0.682530358 0.317469642
QA:/ccrcf/: 0.116495754 0.883504246 0.000000000
QA:/ccrcf/cr: 0.000000000 0.169401902 0.830598098
QA:/crcc/: 0.000970441 0.999029559 0.000000000
QA:/crcc/ccr: 0.000000000 0.000175981 0.999824019
QA:/crcc/crc: 0.000000000 0.486197589 0.513802411
QA:/crcc/crf: 0.000000000 0.993713437 0.006286563
QA:/crfc/: 0.000000000 1.000000000 0.000000000
QA:/crfc/cr: 0.000000000 0.000000000 1.000000000
QA:/rcc/: 0.660938567 0.339061433 0.000000000
QA:/rcc/ccr: 0.000000000 0.734677992 0.265322008
QA:/rcc/crc: 0.000000000 0.026816107 0.973183893
QA:/rcc/crf: 0.000000000 0.620866829 0.379133171
QA:/rcf/: 0.005210597 0.994789403 0.000000000
QA:/rcf/cr: 0.000000000 0.681304326 0.318695674
QA:/rfc/: 0.532391503 0.467608497 0.000000000
QA:/rfc/cr: 0.000000000 0.492580146 0.507419854
QJ:/ccc/: 0.620028915 0.379971085 0.000000000
QJ:/ccc/ccr: 0.000000000 0.798443232 0.201556768
QJ:/ccc/crc: 0.000000000 0.419002705 0.580997295
QJ:/ccc/crf: 0.000000000 0.256874151 0.743125849
QJ:/ccrcc/: 1.000000000 0.000000000 0.000000000
QJ:/ccrcc/ccr: 0.000000000 0.825540223 0.174459777
QJ:/ccrcc/crc: 0.000000000 0.000000000 1.000000000
QJ:/ccrcc/crf: 0.000000000 0.052530170 0.947469830
QJ:/ccrcf/: 0.424169000 0.575831000 0.000000000
QJ:/ccrcf/cr: 0.000000000 0.512936034 0.487063966
QJ:/crcc/: 0.005013742 0.994986258 0.000000000
QJ:/crcc/ccr: 0.000000000 0.000695140 0.999304860
QJ:/crcc/crc: 0.000000000 0.000157266 0.999842734
QJ:/crcc/crf: 0.000000000 0.000234549 0.999765451
QJ:/crfc/: 0.213065750 0.786934250 0.000000000
QJ:/crfc/cr: 0.000000000 0.404822966 0.595177034
QJ:/rcc/: 0.000000000 1.000000000 0.000000000
QJ:/rcc/ccr: 0.000000000 0.512737607 0.487262393
QJ:/rcc/crc: 0.000000000 0.448533333 0.551466667
QJ:/rcc/crf: 0.000000000 0.874541777 0.125458223
QJ:/rcf/: 0.001737209 0.998262791 0.000000000
QJ:/rcf/cr: 0.000000000 0.000000000 1.000000000
QJ:/rfc/: 0.526563750 0.473436250 0.000000000
QJ:/rfc/cr: 0.000000000 0.622497703 0.377502297
QK:/ccc/: 0.000000000 1.000000000 0.000000000
QK:/ccc/ccr: 0.000000000 0.164401063 0.835598937
QK:/ccc/crc: 0.000000000 0.234994101 0.765005899
QK:/ccc/crf: 0.000000000 0.000000000 1.000000000
QK:/ccrcc/: 0.533546399 0.466453601 0.000000000
QK:/ccrcc/ccr: 0.000000000 1.000000000 0.000000000
QK:/ccrcc/crc: 0.000000000 0.103301325 0.896698675
QK:/ccrcc/crf: 0.000000000 0.838698940 0.161301060
QK:/ccrcf/: 0.452043955 0.547956045 0.000000000
QK:/ccrcf/cr: 0.000000000 0.231216027 0.768783973
QK:/crcc/: 0.000000000 1.000000000 0.000000000
QK:/crcc/ccr: 0.000000000 0.413552833 0.586447167
QK:/crcc/crc: 0.000000000 0.533166838 0.466833162
QK:/crcc/crf: 0.000000000 0.000000000 1.000000000
QK:/crfc/: 0.001838105 0.998161895 0.000000000
QK:/crfc/cr: 0.000000000 0.000425552 0.999574448
QK:/rcc/: 0.573698572 0.426301428 0.000000000
QK:/rcc/ccr: 0.000000000 0.718776042 0.281223958
QK:/rcc/crc: 0.000000000 0.291703423 0.708296577
QK:/rcc/crf: 0.000000000 0.295252751 0.704747249
QK:/rcf/: 0.004340278 0.995659722 0.000000000
QK:/rcf/cr: 0.000000000 0.000000000 1.000000000
QK:/rfc/: 0.552498454 0.447501546 0.000000000
QK:/rfc/cr: 0.000000000 0.663654336 0.336345664
