A:/c: 0.818443041 0.181556959 0.000000000
A:/ccrc: 0.000000000 1.000000000 0.000000000
A:/ccrf: 0.000000000 1.000000000 0.000000000
A:/r: 0.000000000 1.000000000 0.000000000
AJ:/ccc/c: 1.000000000 0.000000000 0.000000000
AJ:/ccc/ccrc: 0.000000000 0.381482731 0.618517269
AJ:/ccc/ccrf: 0.000000000 0.320608073 0.679391927
AJ:/ccc/r: 0.000000000 0.497640315 0.502359685
AJ:/ccrcc/c: 0.708593856 0.291406144 0.000000000
AJ:/ccrcc/ccrc: 0.000000000 0.627938680 0.372061320
AJ:/ccrcc/ccrf: 0.000000000 0.539038151 0.460961849
AJ:/ccrcc/r: 0.000000000 0.798982057 0.201017943
AJ:/ccrfc/: 0.611762591 0.388237409 0.000000000
AJ:/ccrfc/cr: 0.000000000 0.985769959 0.014230041
AJ:/crcc/c: 0.442720589 0.557279411 0.000000000
AJ:/crcc/ccrc: 0.000000000 0.705538334 0.294461666
AJ:/crcc/ccrf: 0.000000000 0.813077032 0.186922968
AJ:/crcc/r: 0.000000000 0.907575215 0.092424785
AJ:/crcf/: 0.550363691 0.449636309 0.000000000
AJ:/crcf/cr: 0.000000000 1.000000000 0.000000000
AJ:/crfc/c: 0.961132336 0.038867664 0.000000000
AJ:/crfc/r: 0.000000000 0.674798282 0.325201718
AJ:/rcc/c: 0.882206430 0.117793570 0.000000000
AJ:/rcc/ccrc: 0.000000000 0.828018912 0.171981088
AJ:/rcc/ccrf: 0.000000000 0.963821372 0.036178628
AJ:/rcc/r: 0.000000000 0.793649825 0.206350175
AJ:/rcf/c: 1.000000000 0.000000000 0.000000000
AJ:/rcf/r: 0.000000000 1.000000000 0.000000000
AK:/ccc/c: 1.000000000 0.000000000 0.000000000
AK:/ccc/ccrc: 0.000000000 0.859103330 0.140896670
AK:/ccc/ccrf: 0.000000000 1.000000000 0.000000000
AK:/ccc/r: 0.000000000 1.000000000 0.000000000
AK:/ccrcc/c: 0.548168765 0.451831235 0.000000000
AK:/ccrcc/ccrc: 0.000000000 0.633393739 0.366606261
AK:/ccrcc/ccrf: 0.000000000 0.162624802 0.837375198
AK:/ccrcc/r: 0.000000000 0.498195993 0.501804007
AK:/ccrfc/: 0.187825969 0.812174031 0.000000000
AK:/ccrfc/cr: 0.000000000 1.000000000 0.000000000
AK:/crcc/c: 0.772190696 0.227809304 0.000000000
AK:/crcc/ccrc: 0.000000000 0.710414027 0.289585973
AK:/crcc/ccrf: 0.000000000 1.000000000 0.000000000
AK:/crcc/r: 0.000000000 0.965008996 0.034991004
AK:/crcf/: 0.369726141 0.630273859 0.000000000
AK:/crcf/cr: 0.000000000 1.000000000 0.000000000
AK:/crfc/c: 0.598987679 0.401012321 0.000000000
AK:/crfc/r: 0.000000000 0.941136705 0.058863295
AK:/rcc/c: 0.588264266 0.411735734 0.000000000
AK:/rcc/ccrc: 0.000000000 0.836594536 0.163405464
AK:/rcc/ccrf: 0.000000000 0.780447174 0.219552826
AK:/rcc/r: 0.000000000 0.871259062 0.128740938
AK:/rcf/c: 0.142114343 0.857885657 0.000000000
AK:/rcf/r: 0.000000000 1.000000000 0.000000000
AQ:/ccc/c: 0.317356746 0.682643254 0.000000000
AQ:/ccc/ccrc: 0.000000000 0.483157938 0.516842062
AQ:/ccc/ccrf: 0.000000000 0.677931895 0.322068105
AQ:/ccc/r: 0.000000000 0.557143016 0.442856984
AQ:/ccrcc/c: 0.532788876 0.467211124 0.000000000
AQ:/ccrcc/ccrc: 0.000000000 0.624539378 0.375460622
AQ:/ccrcc/ccrf: 0.000000000 0.739167606 0.260832394
AQ:/ccrcc/r: 0.000000000 0.956216636 0.043783364
AQ:/ccrfc/: 0.603772699 0.396227301 0.000000000
AQ:/ccrfc/cr: 0.000000000 1.000000000 0.000000000
AQ:/crcc/c: 0.537425447 0.462574553 0.000000000
AQ:/crcc/ccrc: 0.000000000 0.225641873 0.774358127
AQ:/crcc/ccrf: 0.000000000 0.553752694 0.446247306
AQ:/crcc/r: 0.000000000 0.675071740 0.324928260
AQ:/crcf/: 0.883875288 0.116124712 0.000000000
AQ:/crcf/cr: 0.000000000 1.000000000 0.000000000
AQ:/crfc/c: 0.303343131 0.696656869 0.000000000
AQ:/crfc/r: 0.000000000 0.831946958 0.168053042
AQ:/rcc/c: 0.711671690 0.288328310 0.000000000
AQ:/rcc/ccrc: 0.000000000 0.750090694 0.249909306
AQ:/rcc/ccrf: 0.000000000 0.360711897 0.639288103
AQ:/rcc/r: 0.000000000 0.216073003 0.783926997
AQ:/rcf/c: 0.522129853 0.477870147 0.000000000
AQ:/rcf/r: 0.000000000 1.000000000 0.000000000
J:/c: 0.222097386 0.777902614 0.000000000
J:/ccrc: 0.000000000 0.094348630 0.905651370
J:/ccrf: 0.000000000 1.000000000 0.000000000
J:/r: 0.000000000 1.000000000 0.000000000
JA:/ccc/c: 0.569689280 0.430310720 0.000000000
JA:/ccc/ccrc: 0.000000000 0.119905080 0.880094920
JA:/ccc/ccrf: 0.000000000 0.289415064 0.710584936
JA:/ccc/r: 0.000000000 0.599441627 0.400558373
JA:/ccrcc/c: 0.748839341 0.251160659 0.000000000
JA:/ccrcc/ccrc: 0.000000000 0.350153251 0.649846749
JA:/ccrcc/ccrf: 0.000000000 0.660868315 0.339131685
JA:/ccrcc/r: 0.000000000 0.398661746 0.601338254
JA:/ccrfc/: 0.415200599 0.584799401 0.000000000
JA:/ccrfc/cr: 0.000000000 0.866940342 0.133059658
JA:/crcc/c: 0.479505645 0.520494355 0.000000000
JA:/crcc/ccrc: 0.000000000 0.386017112 0.613982888
JA:/crcc/ccrf: 0.000000000 0.506958778 0.493041222
JA:/crcc/r: 0.000000000 0.412220362 0.587779638
JA:/crcf/: 0.380046848 0.619953152 0.000000000
JA:/crcf/cr: 0.000000000 0.599603586 0.400396414
JA:/crfc/c: 0.410057461 0.589942539 0.000000000
JA:/crfc/r: 0.000000000 0.567112008 0.432887992
JA:/rcc/c: 0.410509493 0.589490507 0.000000000
JA:/rcc/ccrc: 0.000000000 0.439033219 0.560966781
JA:/rcc/ccrf: 0.000000000 0.406898761 0.593101239
JA:/rcc/r: 0.000000000 0.346947204 0.653052796
JA:/rcf/c: 0.166551078 0.833448922 0.000000000
JA:/rcf/r: 0.000000000 0.000000000 1.000000000
JK:/ccc/c: 0.112785191 0.887214809 0.000000000
JK:/ccc/ccrc: 0.000000000 0.442293388 0.557706612
JK:/ccc/ccrf: 0.000000000 0.902592608 0.097407392
JK:/ccc/r: 0.000000000 0.176792102 0.823207898
JK:/ccrcc/c: 0.980778939 0.019221061 0.000000000
JK:/ccrcc/ccrc: 0.000000000 0.230438461 0.769561539
JK:/ccrcc/ccrf: 0.000000000 0.843684241 0.156315759
JK:/ccrcc/r: 0.000000000 0.186268671 0.813731329
JK:/ccrfc/: 0.712387082 0.287612918 0.000000000
JK:/ccrfc/cr: 0.000000000 0.439364591 0.560635409
JK:/crcc/c: 0.886004676 0.113995324 0.000000000
JK:/crcc/ccrc: 0.000000000 0.819949809 0.180050191
JK:/crcc/ccrf: 0.000000000 0.672836527 0.327163473
JK:/crcc/r: 0.000000000 0.435411628 0.564588372
JK:/crcf/: 0.505867852 0.494132148 0.000000000
JK:/crcf/cr: 0.000000000 0.030545862 0.969454138
JK:/crfc/c: 0.027139623 0.972860377 0.000000000
JK:/crfc/r: 0.000000000 0.437985547 0.562014453
JK:/rcc/c: 0.000000000 1.000000000 0.000000000
JK:/rcc/ccrc: 0.000000000 0.000000000 1.000000000
JK:/rcc/ccrf: 0.000000000 0.000000000 1.000000000
JK:/rcc/r: 0.000000000 0.000000000 1.000000000
JK:/rcf/c: 0.000000000 1.000000000 0.000000000
JK:/rcf/r: 0.000000000 0.000000000 1.000000000
JQ:/ccc/c: 0.889074595 0.110925405 0.000000000
JQ:/ccc/ccrc: 0.000000000 0.169849336 0.830150664
JQ:/ccc/ccrf: 0.000000000 0.815130683 0.184869317
JQ:/ccc/r: 0.000000000 0.121840266 0.878159734
JQ:/ccrcc/c: 0.596430464 0.403569536 0.000000000
JQ:/ccrcc/ccrc: 0.000000000 0.452622734 0.547377266
JQ:/ccrcc/ccrf: 0.000000000 0.487963954 0.512036046
JQ:/ccrcc/r: 0.000000000 0.474294708 0.525705292
JQ:/ccrfc/: 0.540132856 0.459867144 0.000000000
JQ:/ccrfc/cr: 0.000000000 0.739651309 0.260348691
JQ:/crcc/c: 0.576178184 0.423821816 0.000000000
JQ:/crcc/ccrc: 0.000000000 0.159651906 0.840348094
JQ:/crcc/ccrf: 0.000000000 0.519990236 0.480009764
JQ:/crcc/r: 0.000000000 0.189638327 0.810361673
JQ:/crcf/: 0.166338416 0.833661584 0.000000000
JQ:/crcf/cr: 0.000000000 0.542038796 0.457961204
JQ:/crfc/c: 0.355143886 0.644856114 0.000000000
JQ:/crfc/r: 0.000000000 0.156356682 0.843643318
JQ:/rcc/c: 0.000000000 1.000000000 0.000000000
JQ:/rcc/ccrc: 0.000000000 0.323807717 0.676192283
JQ:/rcc/ccrf: 0.000000000 0.000000000 1.000000000
JQ:/rcc/r: 0.000000000 0.000000000 1.000000000
JQ:/rcf/c: 0.000842461 0.999157539 0.000000000
JQ:/rcf/r: 0.000000000 0.000000000 1.000000000
K:/c: 0.999566789 0.000433211 0.000000000
K:/ccrc: 0.000000000 0.323886063 0.676113937
K:/ccrf: 0.000000000 1.000000000 0.000000000
K:/r: 0.000000000 1.000000000 0.000000000
KA:/ccc/c: 0.884995006 0.115004994 0.000000000
KA:/ccc/ccrc: 0.000000000 1.000000000 0.000000000
KA:/ccc/ccrf: 0.000000000 1.000000000 0.000000000
KA:/ccc/r: 0.000000000 1.000000000 0.000000000
KA:/ccrcc/c: 0.552295466 0.447704534 0.000000000
KA:/ccrcc/ccrc: 0.000000000 0.777047074 0.222952926
KA:/ccrcc/ccrf: 0.000000000 0.606072033 0.393927967
KA:/ccrcc/r: 0.000000000 0.726919633 0.273080367
KA:/ccrfc/: 0.271708916 0.728291084 0.000000000
KA:/ccrfc/cr: 0.000000000 1.000000000 0.000000000
KA:/crcc/c: 0.506930611 0.493069389 0.000000000
KA:/crcc/ccrc: 0.000000000 0.386657795 0.613342205
KA:/crcc/ccrf: 0.000000000 0.682267707 0.317732293
KA:/crcc/r: 0.000000000 0.426240416 0.573759584
KA:/crcf/: 0.822937109 0.177062891 0.000000000
KA:/crcf/cr: 0.000000000 1.000000000 0.000000000
KA:/crfc/c: 0.545969812 0.454030188 0.000000000
KA:/crfc/r: 0.000000000 0.869020806 0.130979194
KA:/rcc/c: 0.837736564 0.162263436 0.000000000
KA:/rcc/ccrc: 0.000000000 0.282896402 0.717103598
KA:/rcc/ccrf: 0.000000000 0.325897147 0.674102853
KA:/rcc/r: 0.000000000 1.000000000 0.000000000
KA:/rcf/c: 1.000000000 0.000000000 0.000000000
KA:/rcf/r: 0.000000000 1.000000000 0.000000000
KJ:/ccc/c: 0.844355882 0.155644118 0.000000000
KJ:/ccc/ccrc: 0.000000000 0.461479621 0.538520379
KJ:/ccc/ccrf: 0.000000000 0.194633437 0.805366563
KJ:/ccc/r: 0.000000000 0.566941637 0.433058363
KJ:/ccrcc/c: 0.634671983 0.365328017 0.000000000
KJ:/ccrcc/ccrc: 0.000000000 0.581478209 0.418521791
KJ:/ccrcc/ccrf: 0.000000000 0.795734008 0.204265992
KJ:/ccrcc/r: 0.000000000 0.940452541 0.059547459
KJ:/ccrfc/: 0.930019148 0.069980852 0.000000000
KJ:/ccrfc/cr: 0.000000000 0.087303615 0.912696385
KJ:/crcc/c: 0.178060984 0.821939016 0.000000000
KJ:/crcc/ccrc: 0.000000000 0.270293961 0.729706039
KJ:/crcc/ccrf: 0.000000000 0.303057819 0.696942181
KJ:/crcc/r: 0.000000000 0.686071092 0.313928908
KJ:/crcf/: 0.681426553 0.318573447 0.000000000
KJ:/crcf/cr: 0.000000000 0.264630588 0.735369412
KJ:/crfc/c: 0.553924754 0.446075246 0.000000000
KJ:/crfc/r: 0.000000000 0.464760440 0.535239560
KJ:/rcc/c: 0.000000000 1.000000000 0.000000000
KJ:/rcc/ccrc: 0.000000000 0.000000000 1.000000000
KJ:/rcc/ccrf: 0.000000000 0.000000000 1.000000000
KJ:/rcc/r: 0.000000000 0.446033938 0.553966062
KJ:/rcf/c: 0.000835734 0.999164266 0.000000000
KJ:/rcf/r: 0.000000000 0.000000000 1.000000000
KQ:/ccc/c: 0.924944974 0.075055026 0.000000000
KQ:/ccc/ccrc: 0.000000000 0.354308037 0.645691963
KQ:/ccc/ccrf: 0.000000000 0.494886554 0.505113446
KQ:/ccc/r: 0.000000000 0.782693813 0.217306187
KQ:/ccrcc/c: 0.717392365 0.282607635 0.000000000
KQ:/ccrcc/ccrc: 0.000000000 0.000000000 1.000000000
KQ:/ccrcc/ccrf: 0.000000000 0.528315437 0.471684563
KQ:/ccrcc/r: 0.000000000 0.460198449 0.539801551
KQ:/ccrfc/: 0.005156962 0.994843038 0.000000000
KQ:/ccrfc/cr: 0.000000000 0.000000000 1.000000000
KQ:/crcc/c: 0.419276260 0.580723740 0.000000000
KQ:/crcc/ccrc: 0.000000000 0.266424534 0.733575466
KQ:/crcc/ccrf: 0.000000000 0.093332229 0.906667771
KQ:/crcc/r: 0.000000000 0.339163819 0.660836181
KQ:/crcf/: 0.001717034 0.998282966 0.000000000
KQ:/crcf/cr: 0.000000000 0.000000000 1.000000000
KQ:/crfc/c: 0.193273668 0.806726332 0.000000000
KQ:/crfc/r: 0.000000000 0.626302832 0.373697168
KQ:/rcc/c: 0.702957926 0.297042074 0.000000000
KQ:/rcc/ccrc: 0.000000000 0.327037669 0.672962331
KQ:/rcc/ccrf: 0.000000000 0.836286177 0.163713823
KQ:/rcc/r: 0.000000000 0.000000000 1.000000000
KQ:/rcf/c: 0.000834663 0.999165337 0.000000000
KQ:/rcf/r: 0.000000000 0.000000000 1.000000000
Q:/c: 0.000000916 0.999999084 0.000000000
Q:/ccrc: 0.000000000 0.425942379 0.574057621
Q:/ccrf: 0.000000000 1.000000000 0.000000000
Q:/r: 0.000000000 1.000000000 0.000000000
QA:/ccc/c: 0.485110875 0.514889125 0.000000000
QA:/ccc/ccrc: 0.000000000 0.703089226 0.296910774
QA:/ccc/ccrf: 0.000000000 0.572395573 0.427604427
QA:/ccc/r: 0.000000000 0.344308549 0.655691451
QA:/ccrcc/c: 0.626712375 0.373287625 0.000000000
QA:/ccrcc/ccrc: 0.000000000 0.617041595 0.382958405
QA:/ccrcc/ccrf: 0.000000000 0.769136005 0.230863995
QA:/ccrcc/r: 0.000000000 0.733840837 0.266159163
QA:/ccrfc/: 0.001721496 0.998278504 0.000000000
QA:/ccrfc/cr: 0.000000000 0.000000000 1.000000000
QA:/crcc/c: 0.420376233 0.579623767 0.000000000
QA:/crcc/ccrc: 0.000000000 0.657562593 0.342437407
QA:/crcc/ccrf: 0.000000000 0.608965390 0.391034610
QA:/crcc/r: 0.000000000 0.706162558 0.293837442
QA:/crcf/: 0.001708810 0.998291190 0.000000000
QA:/crcf/cr: 0.000000000 0.000000000 1.000000000
QA:/crfc/c: 0.550268133 0.449731867 0.000000000
QA:/crfc/r: 0.000000000 0.139216551 0.860783449
QA:/rcc/c: 0.086168407 0.913831593 0.000000000
QA:/rcc/ccrc: 0.000000000 0.659765659 0.340234341
QA:/rcc/ccrf: 0.000000000 0.561850321 0.438149679
QA:/rcc/r: 0.000000000 0.709809749 0.290190251
QA:/rcf/c: 0.000000000 1.000000000 0.000000000
QA:/rcf/r: 0.000000000 0.000997818 0.999002182
QJ:/ccc/c: 0.741458348 0.258541652 0.000000000
QJ:/ccc/ccrc: 0.000000000 0.239378335 0.760621665
QJ:/ccc/ccrf: 0.000000000 0.739467506 0.260532494
QJ:/ccc/r: 0.000000000 0.116018539 0.883981461
QJ:/ccrcc/c: 0.550067683 0.449932317 0.000000000
QJ:/ccrcc/ccrc: 0.000000000 0.422450594 0.577549406
QJ:/ccrcc/ccrf: 0.000000000 0.556927302 0.443072698
QJ:/ccrcc/r: 0.000000000 0.424508174 0.575491826
QJ:/ccrfc/: 0.474333918 0.525666082 0.000000000
QJ:/ccrfc/cr: 0.000000000 0.455634270 0.544365730
QJ:/crcc/c: 0.330011216 0.669988784 0.000000000
QJ:/crcc/ccrc: 0.000000000 0.599640619 0.400359381
QJ:/crcc/ccrf: 0.000000000 0.801804781 0.198195219
QJ:/crcc/r: 0.000000000 0.673298767 0.326701233
QJ:/crcf/: 0.723837376 0.276162624 0.000000000
QJ:/crcf/cr: 0.000000000 0.914963595 0.085036405
QJ:/crfc/c: 0.256710536 0.743289464 0.000000000
QJ:/crfc/r: 0.000000000 0.735375339 0.264624661
QJ:/rcc/c: 0.000000000 1.000000000 0.000000000
QJ:/rcc/ccrc: 0.000000000 0.000000000 1.000000000
QJ:/rcc/ccrf: 0.000000000 0.000000000 1.000000000
QJ:/rcc/r: 0.000000000 0.000000000 1.000000000
QJ:/rcf/c: 0.000837422 0.999162578 0.000000000
QJ:/rcf/r: 0.000000000 0.000000000 1.000000000
QK:/ccc/c: 0.982802173 0.017197827 0.000000000
QK:/ccc/ccrc: 0.000000000 0.589023114 0.410976886
QK:/ccc/ccrf: 0.000000000 0.535383077 0.464616923
QK:/ccc/r: 0.000000000 0.803529129 0.196470871
QK:/ccrcc/c: 0.215357074 0.784642926 0.000000000
QK:/ccrcc/ccrc: 0.000000000 0.414168081 0.585831919
QK:/ccrcc/ccrf: 0.000000000 0.042109349 0.957890651
QK:/ccrcc/r: 0.000000000 0.345236809 0.654763191
QK:/ccrfc/: 0.001714925 0.998285075 0.000000000
QK:/ccrfc/cr: 0.000000000 0.000000000 1.000000000
QK:/crcc/c: 0.519053265 0.480946735 0.000000000
QK:/crcc/ccrc: 0.000000000 0.365712593 0.634287407
QK:/crcc/ccrf: 0.000000000 0.459649163 0.540350837
QK:/crcc/r: 0.000000000 0.049074789 0.950925211
QK:/crcf/: 0.001715186 0.998284814 0.000000000
QK:/crcf/cr: 0.000000000 0.000000000 1.000000000
QK:/crfc/c: 0.475862653 0.524137347 0.000000000
QK:/crfc/r: 0.000000000 0.417197834 0.582802166
QK:/rcc/c: 0.702435490 0.297564510 0.000000000
QK:/rcc/ccrc: 0.000000000 0.232286858 0.767713142
QK:/rcc/ccrf: 0.000000000 0.691690066 0.308309934
QK:/rcc/r: 0.000000000 0.000000000 1.000000000
QK:/rcf/c: 0.000000000 1.000000000 0.000000000
QK:/rcf/r: 0.000000000 0.000000000 1.000000000
