A:/cc: 1.000000000 0.000000000 0.000000000
A:/cr: 0.000000000 0.999518968 0.000481032
A:/rc: 0.000000000 1.000000000 0.000000000
A:/rf: 0.000000000 0.307305430 0.692694570
AJ:/ccc/cc: 0.992330245 0.007669755 0.000000000
AJ:/ccc/cr: 0.000000000 0.186457277 0.813542723
AJ:/ccc/rc: 0.000000000 0.160885510 0.839114490
AJ:/ccc/rf: 0.000000000 0.380630697 0.619369303
AJ:/ccrcc/cc: 0.626980606 0.373019394 0.000000000
AJ:/ccrcc/cr: 0.000000000 0.358670870 0.641329130
AJ:/ccrcc/rc: 0.000000000 0.256882104 0.743117896
AJ:/ccrcc/rf: 0.000000000 0.783449299 0.216550701
AJ:/ccrcf/c: 0.661271919 0.338728081 0.000000000
AJ:/ccrcf/r: 0.000000000 0.429998253 0.570001747
AJ:/ccrfc/c: 0.076066935 0.923933065 0.000000000
AJ:/ccrfc/r: 0.000000000 0.290906018 0.709093982
AJ:/crcc/cc: 0.423638116 0.576361884 0.000000000
AJ:/crcc/cr: 0.000000000 0.510603494 0.489396506
AJ:/crcc/rc: 0.000000000 0.389292639 0.610707361
AJ:/crcc/rf: 0.000000000 0.874767840 0.125232160
AJ:/crcf/c: 0.597667954 0.402332046 0.000000000
AJ:/crcf/r: 0.000000000 0.703889468 0.296110532
AJ:/rcc/cc: 0.391224557 0.608775443 0.000000000
AJ:/rcc/cr: 0.000000000 0.875957151 0.124042849
AJ:/rcc/rc: 0.000000000 0.377094001 0.622905999
AJ:/rcc/rf: 0.000000000 0.260465592 0.739534408
AJ:/rfc/c: 0.593728195 0.406271805 0.000000000
AJ:/rfc/r: 0.000000000 0.452043955 0.547956045
AK:/ccc/cc: 0.750620423 0.249379577 0.000000000
AK:/ccc/cr: 0.000000000 0.000060776 0.999939224
AK:/ccc/rc: 0.000000000 0.799258961 0.200741039
AK:/ccc/rf: 0.000000000 0.442591385 0.557408615
AK:/ccrcc/cc: 0.624196432 0.375803568 0.000000000
AK:/ccrcc/cr: 0.000000000 0.482861866 0.517138134
AK:/ccrcc/rc: 0.000000000 0.880542510 0.119457490
AK:/ccrcc/rf: 0.000000000 0.597340675 0.402659325
AK:/ccrcf/c: 0.434971022 0.565028978 0.000000000
AK:/ccrcf/r: 0.000000000 0.044349321 0.955650679
AK:/ccrfc/c: 0.142654834 0.857345166 0.000000000
AK:/ccrfc/r: 0.000000000 0.837401050 0.162598950
AK:/crcc/cc: 0.609088141 0.390911859 0.000000000
AK:/crcc/cr: 0.000000000 0.919757312 0.080242688
AK:/crcc/rc: 0.000000000 0.907477151 0.092522849
AK:/crcc/rf: 0.000000000 0.300994560 0.699005440
AK:/crcf/c: 0.330704037 0.669295963 0.000000000
AK:/crcf/r: 0.000000000 0.836748086 0.163251914
AK:/rcc/cc: 0.492900612 0.507099388 0.000000000
AK:/rcc/cr: 0.000000000 0.909766850 0.090233150
AK:/rcc/rc: 0.000000000 0.876784562 0.123215438
AK:/rcc/rf: 0.000000000 0.784347554 0.215652446
AK:/rfc/c: 0.078535395 0.921464605 0.000000000
AK:/rfc/r: 0.000000000 0.603799118 0.396200882
AQ:/ccc/cc: 0.541529345 0.458470655 0.000000000
AQ:/ccc/cr: 0.000000000 0.730231406 0.269768594
AQ:/ccc/rc: 0.000000000 0.621305634 0.378694366
AQ:/ccc/rf: 0.000000000 0.735873183 0.264126817
AQ:/ccrcc/cc: 0.639596327 0.360403673 0.000000000
AQ:/ccrcc/cr: 0.000000000 0.869828241 0.130171759
AQ:/ccrcc/rc: 0.000000000 0.295516421 0.704483579
AQ:/ccrcc/rf: 0.000000000 0.615920452 0.384079548
AQ:/ccrcf/c: 0.592755210 0.407244790 0.000000000
AQ:/ccrcf/r: 0.000000000 0.762423202 0.237576798
AQ:/ccrfc/c: 0.529569217 0.470430783 0.000000000
AQ:/ccrfc/r: 0.000000000 0.833732878 0.166267122
AQ:/crcc/cc: 0.360483882 0.639516118 0.000000000
AQ:/crcc/cr: 0.000000000 0.709844717 0.290155283
AQ:/crcc/rc: 0.000000000 0.302627171 0.697372829
AQ:/crcc/rf: 0.000000000 0.677075308 0.322924692
AQ:/crcf/c: 0.016279563 0.983720437 0.000000000
AQ:/crcf/r: 0.000000000 0.836393123 0.163606877
AQ:/rcc/cc: 0.000000000 1.000000000 0.000000000
AQ:/rcc/cr: 0.000000000 0.983130683 0.016869317
AQ:/rcc/rc: 0.000000000 0.876142845 0.123857155
AQ:/rcc/rf: 0.000000000 0.662739492 0.337260508
AQ:/rfc/c: 0.881788065 0.118211935 0.000000000
AQ:/rfc/r: 0.000000000 0.600341720 0.399658280
J:/cc: 0.410097679 0.589902321 0.000000000
J:/cr: 0.000000000 0.000000000 1.000000000
J:/rc: 0.000000000 0.010483006 0.989516994
J:/rf: 0.000000000 0.454290453 0.545709547
JA:/ccc/cc: 0.205105551 0.794894449 0.000000000
JA:/ccc/cr: 0.000000000 0.660744877 0.339255123
JA:/ccc/rc: 0.000000000 0.277194240 0.722805760
JA:/ccc/rf: 0.000000000 0.269861485 0.730138515
JA:/ccrcc/cc: 0.518565943 0.481434057 0.000000000
JA:/ccrcc/cr: 0.000000000 0.727654892 0.272345108
JA:/ccrcc/rc: 0.000000000 0.296879036 0.703120964
JA:/ccrcc/rf: 0.000000000 0.299949496 0.700050504
JA:/ccrcf/c: 0.429155339 0.570844661 0.000000000
JA:/ccrcf/r: 0.000000000 0.531799804 0.468200196
JA:/ccrfc/c: 0.583669082 0.416330918 0.000000000
JA:/ccrfc/r: 0.000000000 0.672634648 0.327365352
JA:/crcc/cc: 0.421515089 0.578484911 0.000000000
JA:/crcc/cr: 0.000000000 0.481651402 0.518348598
JA:/crcc/rc: 0.000000000 0.184599048 0.815400952
JA:/crcc/rf: 0.000000000 0.116495754 0.883504246
JA:/crcf/c: 0.620349229 0.379650771 0.000000000
JA:/crcf/r: 0.000000000 0.217995821 0.782004179
JA:/rcc/cc: 0.000000000 1.000000000 0.000000000
JA:/rcc/cr: 0.000000000 1.000000000 0.000000000
JA:/rcc/rc: 0.000000000 0.000000000 1.000000000
JA:/rcc/rf: 0.000000000 0.497052229 0.502947771
JA:/rfc/c: 0.481705996 0.518294004 0.000000000
JA:/rfc/r: 0.000000000 0.316758896 0.683241104
JK:/ccc/cc: 0.899154351 0.100845649 0.000000000
JK:/ccc/cr: 0.000000000 0.360340745 0.639659255
JK:/ccc/rc: 0.000000000 0.456933759 0.543066241
JK:/ccc/rf: 0.000000000 0.537535797 0.462464203
JK:/ccrcc/cc: 0.690406345 0.309593655 0.000000000
JK:/ccrcc/cr: 0.000000000 0.751675673 0.248324327
JK:/ccrcc/rc: 0.000000000 0.229420670 0.770579330
JK:/ccrcc/rf: 0.000000000 0.285607415 0.714392585
JK:/ccrcf/c: 0.712131605 0.287868395 0.000000000
JK:/ccrcf/r: 0.000000000 0.565784738 0.434215262
JK:/ccrfc/c: 0.468844206 0.531155794 0.000000000
JK:/ccrfc/r: 0.000000000 0.042339238 0.957660762
JK:/crcc/cc: 0.736459167 0.263540833 0.000000000
JK:/crcc/cr: 0.000000000 0.964064978 0.035935022
JK:/crcc/rc: 0.000000000 0.184402326 0.815597674
JK:/crcc/rf: 0.000000000 0.815139511 0.184860489
JK:/crcf/c: 0.614552465 0.385447535 0.000000000
JK:/crcf/r: 0.000000000 0.682301198 0.317698802
JK:/rcc/cc: 0.298088923 0.701911077 0.000000000
JK:/rcc/cr: 0.000000000 0.220155132 0.779844868
JK:/rcc/rc: 0.000000000 0.000000000 1.000000000
JK:/rcc/rf: 0.000000000 0.532380412 0.467619588
JK:/rfc/c: 0.143907640 0.856092360 0.000000000
JK:/rfc/r: 0.000000000 0.894965721 0.105034279
JQ:/ccc/cc: 0.757074290 0.242925710 0.000000000
JQ:/ccc/cr: 0.000000000 0.497944704 0.502055296
JQ:/ccc/rc: 0.000000000 0.739734760 0.260265240
JQ:/ccc/rf: 0.000000000 0.124325419 0.875674581
JQ:/ccrcc/cc: 0.449252416 0.550747584 0.000000000
JQ:/ccrcc/cr: 0.000000000 0.575825424 0.424174576
JQ:/ccrcc/rc: 0.000000000 0.404582126 0.595417874
JQ:/ccrcc/rf: 0.000000000 0.412891485 0.587108515
JQ:/ccrcf/c: 0.491555154 0.508444846 0.000000000
JQ:/ccrcf/r: 0.000000000 0.186665825 0.813334175
JQ:/ccrfc/c: 0.554068620 0.445931380 0.000000000
JQ:/ccrfc/r: 0.000000000 0.006569584 0.993430416
JQ:/crcc/cc: 0.683943961 0.316056039 0.000000000
JQ:/crcc/cr: 0.000000000 0.809557728 0.190442272
JQ:/crcc/rc: 0.000000000 0.006401872 0.993598128
JQ:/crcc/rf: 0.000000000 0.406542497 0.593457503
JQ:/crcf/c: 0.366490388 0.633509612 0.000000000
JQ:/crcf/r: 0.000000000 0.056246519 0.943753481
JQ:/rcc/cc: 0.999405115 0.000594885 0.000000000
JQ:/rcc/cr: 0.000000000 0.000101310 0.999898690
JQ:/rcc/rc: 0.000000000 0.000000000 1.000000000
JQ:/rcc/rf: 0.000000000 0.479201065 0.520798935
JQ:/rfc/c: 0.744489032 0.255510968 0.000000000
JQ:/rfc/r: 0.000000000 0.739467670 0.260532330
K:/cc: 0.998556873 0.001443127 0.000000000
K:/cr: 0.000000000 0.999949472 0.000050528
K:/rc: 0.000000000 0.001499364 0.998500636
K:/rf: 0.000000000 0.608710348 0.391289652
KA:/ccc/cc: 0.080675811 0.919324189 0.000000000
KA:/ccc/cr: 0.000000000 0.674195428 0.325804572
KA:/ccc/rc: 0.000000000 0.805127365 0.194872635
KA:/ccc/rf: 0.000000000 0.861956244 0.138043756
KA:/ccrcc/cc: 0.698949100 0.301050900 0.000000000
KA:/ccrcc/cr: 0.000000000 0.698320609 0.301679391
KA:/ccrcc/rc: 0.000000000 0.813204109 0.186795891
KA:/ccrcc/rf: 0.000000000 0.544891536 0.455108464
KA:/ccrcf/c: 0.517418233 0.482581767 0.000000000
KA:/ccrcf/r: 0.000000000 0.536259911 0.463740089
KA:/ccrfc/c: 0.059107801 0.940892199 0.000000000
KA:/ccrfc/r: 0.000000000 0.836145371 0.163854629
KA:/crcc/cc: 0.451167392 0.548832608 0.000000000
KA:/crcc/cr: 0.000000000 0.656041021 0.343958979
KA:/crcc/rc: 0.000000000 0.032183562 0.967816438
KA:/crcc/rf: 0.000000000 0.302393666 0.697606334
KA:/crcf/c: 0.660900145 0.339099855 0.000000000
KA:/crcf/r: 0.000000000 0.837970864 0.162029136
KA:/rcc/cc: 0.000038357 0.999961643 0.000000000
KA:/rcc/cr: 0.000000000 0.259039964 0.740960036
KA:/rcc/rc: 0.000000000 0.993849455 0.006150545
KA:/rcc/rf: 0.000000000 0.253958809 0.746041191
KA:/rfc/c: 0.737690052 0.262309948 0.000000000
KA:/rfc/r: 0.000000000 0.514885862 0.485114138
KJ:/ccc/cc: 0.570306176 0.429693824 0.000000000
KJ:/ccc/cr: 0.000000000 0.635358846 0.364641154
KJ:/ccc/rc: 0.000000000 0.486609696 0.513390304
KJ:/ccc/rf: 0.000000000 0.426572843 0.573427157
KJ:/ccrcc/cc: 0.331335195 0.668664805 0.000000000
KJ:/ccrcc/cr: 0.000000000 0.811793682 0.188206318
KJ:/ccrcc/rc: 0.000000000 0.829950420 0.170049580
KJ:/ccrcc/rf: 0.000000000 0.615768350 0.384231650
KJ:/ccrcf/c: 0.723041946 0.276958054 0.000000000
KJ:/ccrcf/r: 0.000000000 0.934982248 0.065017752
KJ:/ccrfc/c: 0.253784453 0.746215547 0.000000000
KJ:/ccrfc/r: 0.000000000 0.860427983 0.139572017
KJ:/crcc/cc: 0.413676819 0.586323181 0.000000000
KJ:/crcc/cr: 0.000000000 0.380444900 0.619555100
KJ:/crcc/rc: 0.000000000 0.274322577 0.725677423
KJ:/crcc/rf: 0.000000000 0.226440039 0.773559961
KJ:/crcf/c: 0.550525777 0.449474223 0.000000000
KJ:/crcf/r: 0.000000000 0.536782689 0.463217311
KJ:/rcc/cc: 0.943995702 0.056004298 0.000000000
KJ:/rcc/cr: 0.000000000 1.000000000 0.000000000
KJ:/rcc/rc: 0.000000000 0.437878126 0.562121874
KJ:/rcc/rf: 0.000000000 0.497204824 0.502795176
KJ:/rfc/c: 0.816843594 0.183156406 0.000000000
KJ:/rfc/r: 0.000000000 0.504276332 0.495723668
KQ:/ccc/cc: 0.000241743 0.999758257 0.000000000
KQ:/ccc/cr: 0.000000000 0.000000000 1.000000000
KQ:/ccc/rc: 0.000000000 0.000000000 1.000000000
KQ:/ccc/rf: 0.000000000 0.438042144 0.561957856
KQ:/ccrcc/cc: 0.163620249 0.836379751 0.000000000
KQ:/ccrcc/cr: 0.000000000 0.105935798 0.894064202
KQ:/ccrcc/rc: 0.000000000 0.695672242 0.304327758
KQ:/ccrcc/rf: 0.000000000 0.562030234 0.437969766
KQ:/ccrcf/c: 0.520789741 0.479210259 0.000000000
KQ:/ccrcf/r: 0.000000000 0.355175900 0.644824100
KQ:/ccrfc/c: 0.000000000 1.000000000 0.000000000
KQ:/ccrfc/r: 0.000000000 0.000475789 0.999524211
KQ:/crcc/cc: 0.194176539 0.805823461 0.000000000
KQ:/crcc/cr: 0.000000000 0.343045865 0.656954135
KQ:/crcc/rc: 0.000000000 0.040933256 0.959066744
KQ:/crcc/rf: 0.000000000 0.772534349 0.227465651
KQ:/crcf/c: 0.000082502 0.999917498 0.000000000
KQ:/crcf/r: 0.000000000 0.001255902 0.998744098
KQ:/rcc/cc: 0.000044092 0.999955908 0.000000000
KQ:/rcc/cr: 0.000000000 0.100698222 0.899301778
KQ:/rcc/rc: 0.000000000 0.000000000 1.000000000
KQ:/rcc/rf: 0.000000000 0.402044011 0.597955989
KQ:/rfc/c: 0.235905359 0.764094641 0.000000000
KQ:/rfc/r: 0.000000000 0.419433928 0.580566072
Q:/cc: 0.000001699 0.999998301 0.000000000
Q:/cr: 0.000000000 1.000000000 0.000000000
Q:/rc: 0.000000000 0.003443129 0.996556871
Q:/rf: 0.000000000 0.567553709 0.432446291
QA:/ccc/cc: 0.541210995 0.458789005 0.000000000
QA:/ccc/cr: 0.000000000 0.510005251 0.489994749
QA:/ccc/rc: 0.000000000 0.000016448 0.999983552
QA:/ccc/rf: 0.000000000 0.155646950 0.844353050
QA:/ccrcc/cc: 0.353346038 0.646653962 0.000000000
QA:/ccrcc/cr: 0.000000000 0.402350151 0.597649849
QA:/ccrcc/rc: 0.000000000 0.538089377 0.461910623
QA:/ccrcc/rf: 0.000000000 0.448255066 0.551744934
QA:/ccrcf/c: 0.758697993 0.241302007 0.000000000
QA:/ccrcf/r: 0.000000000 0.663009490 0.336990510
QA:/ccrfc/c: 0.405800869 0.594199131 0.000000000
QA:/ccrfc/r: 0.000000000 0.205996749 0.794003251
QA:/crcc/cc: 0.479158189 0.520841811 0.000000000
QA:/crcc/cr: 0.000000000 0.520445917 0.479554083
QA:/crcc/rc: 0.000000000 0.483560462 0.516439538
QA:/crcc/rf: 0.000000000 0.405799837 0.594200163
QA:/crcf/c: 0.000153700 0.999846300 0.000000000
QA:/crcf/r: 0.000000000 0.000000000 1.000000000
QA:/rcc/cc: 0.769011000 0.230989000 0.000000000
QA:/rcc/cr: 0.000000000 1.000000000 0.000000000
QA:/rcc/rc: 0.000000000 0.000000000 1.000000000
QA:/rcc/rf: 0.000000000 0.496406346 0.503593654
QA:/rfc/c: 0.176431645 0.823568355 0.000000000
QA:/rfc/r: 0.000000000 0.618225223 0.381774777
QJ:/ccc/cc: 0.804242167 0.195757833 0.000000000
QJ:/ccc/cr: 0.000000000 0.191886852 0.808113148
QJ:/ccc/rc: 0.000000000 0.537744611 0.462255389
QJ:/ccc/rf: 0.000000000 0.538685886 0.461314114
QJ:/ccrcc/cc: 0.069318060 0.930681940 0.000000000
QJ:/ccrcc/cr: 0.000000000 0.669020897 0.330979103
QJ:/ccrcc/rc: 0.000000000 0.314179264 0.685820736
QJ:/ccrcc/rf: 0.000000000 0.163954484 0.836045516
QJ:/ccrcf/c: 0.490096533 0.509903467 0.000000000
QJ:/ccrcf/r: 0.000000000 0.418506452 0.581493548
QJ:/ccrfc/c: 0.158767234 0.841232766 0.000000000
QJ:/ccrfc/r: 0.000000000 0.346662016 0.653337984
QJ:/crcc/cc: 0.426590532 0.573409468 0.000000000
QJ:/crcc/cr: 0.000000000 0.570183614 0.429816386
QJ:/crcc/rc: 0.000000000 0.040765921 0.959234079
QJ:/crcc/rf: 0.000000000 0.235002339 0.764997661
QJ:/crcf/c: 0.920659563 0.079340437 0.000000000
QJ:/crcf/r: 0.000000000 0.565819805 0.434180195
QJ:/rcc/cc: 0.276981621 0.723018379 0.000000000
QJ:/rcc/cr: 0.000000000 0.000313643 0.999686357
QJ:/rcc/rc: 0.000000000 0.000000000 1.000000000
QJ:/rcc/rf: 0.000000000 0.289165832 0.710834168
QJ:/rfc/c: 0.923071021 0.076928979 0.000000000
QJ:/rfc/r: 0.000000000 0.812324679 0.187675321
QK:/ccc/cc: 0.106566032 0.893433968 0.000000000
QK:/ccc/cr: 0.000000000 1.000000000 0.000000000
QK:/ccc/rc: 0.000000000 0.000000000 1.000000000
QK:/ccc/rf: 0.000000000 0.454611252 0.545388748
QK:/ccrcc/cc: 0.237742951 0.762257049 0.000000000
QK:/ccrcc/cr: 0.000000000 0.202694968 0.797305032
QK:/ccrcc/rc: 0.000000000 0.444814546 0.555185454
QK:/ccrcc/rf: 0.000000000 0.010494906 0.989505094
QK:/ccrcf/c: 0.995010904 0.004989096 0.000000000
QK:/ccrcf/r: 0.000000000 0.857453160 0.142546840
QK:/ccrfc/c: 0.002376123 0.997623877 0.000000000
QK:/ccrfc/r: 0.000000000 0.000000000 1.000000000
QK:/crcc/cc: 0.832373892 0.167626108 0.000000000
QK:/crcc/cr: 0.000000000 0.721007039 0.278992961
QK:/crcc/rc: 0.000000000 0.425122559 0.574877441
QK:/crcc/rf: 0.000000000 0.931356079 0.068643921
QK:/crcf/c: 0.000895559 0.999104441 0.000000000
QK:/crcf/r: 0.000000000 0.000262673 0.999737327
QK:/rcc/cc: 0.453672967 0.546327033 0.000000000
QK:/rcc/cr: 0.000000000 0.303274343 0.696725657
QK:/rcc/rc: 0.000000000 0.000000000 1.000000000
QK:/rcc/rf: 0.000000000 0.424169000 0.575831000
QK:/rfc/c: 0.408803244 0.591196756 0.000000000
QK:/rfc/r: 0.000000000 0.214463158 0.785536842
