8:/: 0.000000000 1.000000000 0.000000000
8:/cccr: 0.000000000 0.000000000 1.000000000
8:/cccrccrc: 0.000000000 0.000000000 1.000000000
8:/cccrccrf: 0.000000000 0.424449929 0.575550071
8:/cccrcfrc: 0.000000000 0.214053696 0.785946304
8:/cccrcfrf: 0.000000000 0.422258376 0.577741624
8:/cccrcrcc: 0.000000000 0.338937780 0.661062220
8:/cccrcrcf: 0.000000000 0.686864242 0.313135758
8:/cccrcrfc: 0.000000000 0.504316093 0.495683907
8:/cccrcrff: 0.000000000 0.366411157 0.633588843
8:/ccrc: 0.241503062 0.325437485 0.433059453
8:/ccrccrcc: 0.000000000 0.082171420 0.917828580
8:/ccrccrcf: 0.000000000 0.327867746 0.672132254
8:/ccrccrfc: 0.000000000 0.473966908 0.526033092
8:/ccrccrff: 0.000000000 0.358461685 0.641538315
8:/ccrf: 0.276543061 0.557247209 0.166209730
8:/ccrfcrc: 0.000000000 0.557036585 0.442963415
8:/ccrfcrf: 0.000000000 0.040008513 0.959991487
8:/ccrr: 0.000000000 0.334330238 0.665669762
8:/crcc: 0.270608099 0.357969700 0.371422201
8:/crcf: 0.289280223 0.305919845 0.404799933
8:/crcr: 0.000000000 0.000000000 1.000000000
8:/crfc: 0.999829969 0.000000000 0.000170031
8:/crff: 0.443749117 0.053864365 0.502386518
8:/crfr: 0.000000000 0.000000000 1.000000000
8:/crrc: 0.000000000 0.827499392 0.172500608
8:/crrf: 0.000000000 0.385920274 0.614079726
8:/rccr: 0.000000000 0.308648116 0.691351884
8:/rcfr: 0.000000000 0.000000000 1.000000000
8:/rcrc: 0.000000000 0.594625355 0.405374645
8:/rcrf: 0.000000000 0.180846023 0.819153977
8:/rfcr: 0.000000000 0.980469798 0.019530202
8:/rffr: 0.000000000 0.492700492 0.507299508
8:/rfrc: 0.000000000 0.000000000 1.000000000
8:/rfrf: 0.000000000 0.607734439 0.392265561
8:/rrcc: 0.000000000 0.437238809 0.562761191
8:/rrcf: 0.000000000 0.508615395 0.491384605
8:/rrfc: 0.000000000 0.027428083 0.972571917
8:/rrff: 0.000000000 0.000000000 1.000000000
9:/: 0.000000000 1.000000000 0.000000000
9:/cccr: 0.000000000 0.000000000 1.000000000
9:/cccrccrc: 0.000000000 0.019213466 0.980786534
9:/cccrccrf: 0.000000000 0.391959472 0.608040528
9:/cccrcfrc: 0.000000000 0.118524097 0.881475903
9:/cccrcfrf: 0.000000000 0.422311629 0.577688371
9:/cccrcrcc: 0.000000000 0.289035813 0.710964187
9:/cccrcrcf: 0.000000000 0.586693498 0.413306502
9:/cccrcrfc: 0.000000000 0.654185200 0.345814800
9:/cccrcrff: 0.000000000 0.457798149 0.542201851
9:/ccrc: 0.136752998 0.271591292 0.591655710
9:/ccrccrcc: 0.000000000 0.483373815 0.516626185
9:/ccrccrcf: 0.000000000 0.565977499 0.434022501
9:/ccrccrfc: 0.000000000 0.000000000 1.000000000
9:/ccrccrff: 0.000000000 0.154667503 0.845332497
9:/ccrf: 0.541296626 0.458702726 0.000000648
9:/ccrfcrc: 0.000000000 0.225394338 0.774605662
9:/ccrfcrf: 0.000000000 0.414000601 0.585999399
9:/ccrr: 0.000000000 0.302842313 0.697157687
9:/crcc: 0.505883241 0.142815195 0.351301564
9:/crcf: 0.204425907 0.289698313 0.505875780
9:/crcr: 0.000000000 0.000000000 1.000000000
9:/crfc: 0.999829969 0.000000000 0.000170031
9:/crff: 0.697743168 0.025474111 0.276782721
9:/crfr: 0.000000000 0.082747654 0.917252346
9:/crrc: 0.000000000 0.316984094 0.683015906
9:/crrf: 0.000000000 0.000000000 1.000000000
9:/rccr: 0.000000000 0.717936572 0.282063428
9:/rcfr: 0.000000000 0.000000000 1.000000000
9:/rcrc: 0.000000000 0.083038738 0.916961262
9:/rcrf: 0.000000000 0.261343117 0.738656883
9:/rfcr: 0.000000000 0.463063631 0.536936369
9:/rffr: 0.000000000 0.136168508 0.863831492
9:/rfrc: 0.000000000 0.072086023 0.927913977
9:/rfrf: 0.000000000 0.544633544 0.455366456
9:/rrcc: 0.000000000 0.450844751 0.549155249
9:/rrcf: 0.000000000 0.499837326 0.500162674
9:/rrfc: 0.000000000 0.000000000 1.000000000
9:/rrff: 0.000000000 0.081558838 0.918441162
A:/: 0.000000000 1.000000000 0.000000000
A:/cccr: 0.000000000 1.000000000 0.000000000
A:/cccrccrc: 0.000000000 1.000000000 0.000000000
A:/cccrccrf: 0.000000000 0.682055477 0.317944523
A:/cccrcfrc: 0.000000000 0.874105804 0.125894196
A:/cccrcfrf: 0.000000000 0.589622435 0.410377565
A:/cccrcrcc: 0.000000000 0.482959620 0.517040380
A:/cccrcrcf: 0.000000000 0.635066893 0.364933107
A:/cccrcrfc: 0.000000000 0.865546404 0.134453596
A:/cccrcrff: 0.000000000 1.000000000 0.000000000
A:/ccrc: 0.734502401 0.265497599 0.000000000
A:/ccrccrcc: 0.000000000 0.486634830 0.513365170
A:/ccrccrcf: 0.000000000 0.460228547 0.539771453
A:/ccrccrfc: 0.000000000 1.000000000 0.000000000
A:/ccrccrff: 0.000000000 0.904149495 0.095850505
A:/ccrf: 0.517732878 0.482267122 0.000000000
A:/ccrfcrc: 0.000000000 1.000000000 0.000000000
A:/ccrfcrf: 0.000000000 0.897089217 0.102910783
A:/ccrr: 0.000000000 0.989586953 0.010413047
A:/crcc: 0.430147042 0.452655729 0.117197228
A:/crcf: 0.585074929 0.179545813 0.235379258
A:/crcr: 0.000000000 0.860062018 0.139937982
A:/crfc: 1.000000000 0.000000000 0.000000000
A:/crff: 0.486964225 0.513035775 0.000000000
A:/crfr: 0.000000000 0.787709082 0.212290918
A:/crrc: 0.000000000 0.637820363 0.362179637
A:/crrf: 0.000000000 0.812640250 0.187359750
A:/rccr: 0.000000000 1.000000000 0.000000000
A:/rcfr: 0.000000000 1.000000000 0.000000000
A:/rcrc: 0.000000000 0.861955380 0.138044620
A:/rcrf: 0.000000000 0.979326754 0.020673246
A:/rfcr: 0.000000000 0.773244288 0.226755712
A:/rffr: 0.000000000 1.000000000 0.000000000
A:/rfrc: 0.000000000 1.000000000 0.000000000
A:/rfrf: 0.000000000 0.574580374 0.425419626
A:/rrcc: 0.000000000 0.233206289 0.766793711
A:/rrcf: 0.000000000 0.283831929 0.716168071
A:/rrfc: 0.000000000 1.000000000 0.000000000
A:/rrff: 0.000000000 1.000000000 0.000000000
J:/: 0.000000000 1.000000000 0.000000000
J:/cccr: 0.000000000 0.000000000 1.000000000
J:/cccrccrc: 0.000000000 1.000000000 0.000000000
J:/cccrccrf: 0.000000000 0.423560433 0.576439567
J:/cccrcfrc: 0.000000000 0.076021224 0.923978776
J:/cccrcfrf: 0.000000000 0.103754429 0.896245571
J:/cccrcrcc: 0.000000000 0.440005469 0.559994531
J:/cccrcrcf: 0.000000000 0.712858944 0.287141056
J:/cccrcrfc: 0.000000000 0.165412793 0.834587207
J:/cccrcrff: 0.000000000 0.557709882 0.442290118
J:/ccrc: 0.155592457 0.289889616 0.554517927
J:/ccrccrcc: 0.000000000 0.069339918 0.930660082
J:/ccrccrcf: 0.000000000 0.506958764 0.493041236
J:/ccrccrfc: 0.000000000 0.173133074 0.826866926
J:/ccrccrff: 0.000000000 0.526049306 0.473950694
J:/ccrf: 0.692739273 0.307259277 0.000001451
J:/ccrfcrc: 0.000000000 0.719287746 0.280712254
J:/ccrfcrf: 0.000000000 0.342906279 0.657093721
J:/ccrr: 0.000000000 0.343397605 0.656602395
J:/crcc: 0.526706980 0.255921595 0.217371424
J:/crcf: 0.492723120 0.165224771 0.342052109
J:/crcr: 0.000000000 0.167596118 0.832403882
J:/crfc: 0.999829969 0.000000000 0.000170031
J:/crff: 0.769468027 0.230531973 0.000000000
J:/crfr: 0.000000000 0.345778916 0.654221084
J:/crrc: 0.000000000 0.000000000 1.000000000
J:/crrf: 0.000000000 0.751408333 0.248591667
J:/rccr: 0.000000000 1.000000000 0.000000000
J:/rcfr: 0.000000000 0.531792009 0.468207991
J:/rcrc: 0.000000000 0.457783177 0.542216823
J:/rcrf: 0.000000000 0.694202219 0.305797781
J:/rfcr: 0.000000000 0.453246568 0.546753432
J:/rffr: 0.000000000 0.999292630 0.000707370
J:/rfrc: 0.000000000 0.963026716 0.036973284
J:/rfrf: 0.000000000 0.426082648 0.573917352
J:/rrcc: 0.000000000 0.449311932 0.550688068
J:/rrcf: 0.000000000 0.496654379 0.503345621
J:/rrfc: 0.000000000 0.110602750 0.889397250
J:/rrff: 0.000000000 0.999901339 0.000098661
K:/: 0.000000000 1.000000000 0.000000000
K:/cccr: 0.000000000 1.000000000 0.000000000
K:/cccrccrc: 0.000000000 1.000000000 0.000000000
K:/cccrccrf: 0.000000000 0.888258137 0.111741863
K:/cccrcfrc: 0.000000000 0.683595014 0.316404986
K:/cccrcfrf: 0.000000000 0.395244463 0.604755537
K:/cccrcrcc: 0.000000000 0.456379008 0.543620992
K:/cccrcrcf: 0.000000000 0.146694408 0.853305592
K:/cccrcrfc: 0.000000000 0.488836425 0.511163575
K:/cccrcrff: 0.000000000 0.633844910 0.366155090
K:/ccrc: 0.380829011 0.005123211 0.614047778
K:/ccrccrcc: 0.000000000 0.763150883 0.236849117
K:/ccrccrcf: 0.000000000 0.520219538 0.479780462
K:/ccrccrfc: 0.000000000 0.559667937 0.440332063
K:/ccrccrff: 0.000000000 0.338001994 0.661998006
K:/ccrf: 0.457176763 0.542823237 0.000000000
K:/ccrfcrc: 0.000000000 0.925754815 0.074245185
K:/ccrfcrf: 0.000000000 1.000000000 0.000000000
K:/ccrr: 0.000000000 0.965019648 0.034980352
K:/crcc: 0.449257421 0.324715987 0.226026592
K:/crcf: 0.582719345 0.292817031 0.124463624
K:/crcr: 0.000000000 0.710854337 0.289145663
K:/crfc: 0.999951409 0.000000000 0.000048591
K:/crff: 0.328239291 0.671760709 0.000000000
K:/crfr: 0.000000000 0.872469945 0.127530055
K:/crrc: 0.000000000 0.799638303 0.200361697
K:/crrf: 0.000000000 0.029959452 0.970040548
K:/rccr: 0.000000000 0.814646480 0.185353520
K:/rcfr: 0.000000000 1.000000000 0.000000000
K:/rcrc: 0.000000000 0.682216645 0.317783355
K:/rcrf: 0.000000000 0.838693224 0.161306776
K:/rfcr: 0.000000000 0.314487276 0.685512724
K:/rffr: 0.000000000 0.999961878 0.000038122
K:/rfrc: 0.000000000 0.999919081 0.000080919
K:/rfrf: 0.000000000 0.183590336 0.816409664
K:/rrcc: 0.000000000 0.363481277 0.636518723
K:/rrcf: 0.000000000 0.547017373 0.452982627
K:/rrfc: 0.000000000 1.000000000 0.000000000
K:/rrff: 0.000000000 0.999881131 0.000118869
Q:/: 0.000000000 1.000000000 0.000000000
Q:/cccr: 0.000000000 1.000000000 0.000000000
Q:/cccrccrc: 0.000000000 1.000000000 0.000000000
Q:/cccrccrf: 0.000000000 0.811477730 0.188522270
Q:/cccrcfrc: 0.000000000 0.560559317 0.439440683
Q:/cccrcfrf: 0.000000000 0.662018109 0.337981891
Q:/cccrcrcc: 0.000000000 0.347160021 0.652839979
Q:/cccrcrcf: 0.000000000 0.650512412 0.349487588
Q:/cccrcrfc: 0.000000000 0.000000000 1.000000000
Q:/cccrcrff: 0.000000000 0.865983064 0.134016936
Q:/ccrc: 0.206065469 0.425289921 0.368644610
Q:/ccrccrcc: 0.000000000 0.827106800 0.172893200
Q:/ccrccrcf: 0.000000000 0.586405905 0.413594095
Q:/ccrccrfc: 0.000000000 0.407747871 0.592252129
Q:/ccrccrff: 0.000000000 0.582096107 0.417903893
Q:/ccrf: 0.436628116 0.563371747 0.000000137
Q:/ccrfcrc: 0.000000000 0.221830008 0.778169992
Q:/ccrfcrf: 0.000000000 0.773562349 0.226437651
Q:/ccrr: 0.000000000 0.604239544 0.395760456
Q:/crcc: 0.097869603 0.274499852 0.627630545
Q:/crcf: 0.246521916 0.004066034 0.749412050
Q:/crcr: 0.000000000 0.379471207 0.620528793
Q:/crfc: 0.999902818 0.000000000 0.000097182
Q:/crff: 0.516914670 0.483085330 0.000000000
Q:/crfr: 0.000000000 0.912627135 0.087372865
Q:/crrc: 0.000000000 0.048981928 0.951018072
Q:/crrf: 0.000000000 0.468525009 0.531474991
Q:/rccr: 0.000000000 0.835434415 0.164565585
Q:/rcfr: 0.000000000 1.000000000 0.000000000
Q:/rcrc: 0.000000000 0.545752460 0.454247540
Q:/rcrf: 0.000000000 0.398817249 0.601182751
Q:/rfcr: 0.000000000 0.535651903 0.464348097
Q:/rffr: 0.000000000 0.999961902 0.000038098
Q:/rfrc: 0.000000000 0.999242631 0.000757369
Q:/rfrf: 0.000000000 0.206222212 0.793777788
Q:/rrcc: 0.000000000 0.017689215 0.982310785
Q:/rrcf: 0.000000000 0.365108677 0.634891323
Q:/rrfc: 0.000000000 1.000000000 0.000000000
Q:/rrff: 0.000000000 0.999898731 0.000101269
T:/: 0.000000000 1.000000000 0.000000000
T:/cccr: 0.000000000 0.000000000 1.000000000
T:/cccrccrc: 0.000000000 0.352217916 0.647782084
T:/cccrccrf: 0.000000000 0.629279706 0.370720294
T:/cccrcfrc: 0.000000000 0.327446809 0.672553191
T:/cccrcfrf: 0.000000000 0.202650907 0.797349093
T:/cccrcrcc: 0.000000000 0.458941877 0.541058123
T:/cccrcrcf: 0.000000000 0.667740337 0.332259663
T:/cccrcrfc: 0.000000000 0.475576676 0.524423324
T:/cccrcrff: 0.000000000 0.350145893 0.649854107
T:/ccrc: 0.016244619 0.318670611 0.665084770
T:/ccrccrcc: 0.000000000 0.172467226 0.827532774
T:/ccrccrcf: 0.000000000 0.561664805 0.438335195
T:/ccrccrfc: 0.000000000 0.123622284 0.876377716
T:/ccrccrff: 0.000000000 0.416354789 0.583645211
T:/ccrf: 0.834619520 0.165379532 0.000000947
T:/ccrfcrc: 0.000000000 0.531543715 0.468456285
T:/ccrfcrf: 0.000000000 0.644681744 0.355318256
T:/ccrr: 0.000000000 0.160069242 0.839930758
T:/crcc: 0.378833854 0.311270610 0.309895536
T:/crcf: 0.662407187 0.013640176 0.323952637
T:/crcr: 0.000000000 0.000000000 1.000000000
T:/crfc: 0.999829969 0.000000000 0.000170031
T:/crff: 0.295262219 0.299337473 0.405400308
T:/crfr: 0.000000000 0.504299296 0.495700704
T:/crrc: 0.000000000 0.196091778 0.803908222
T:/crrf: 0.000000000 0.136257925 0.863742075
T:/rccr: 0.000000000 0.112949148 0.887050852
T:/rcfr: 0.000000000 0.438113232 0.561886768
T:/rcrc: 0.000000000 0.569203631 0.430796369
T:/rcrf: 0.000000000 0.321009642 0.678990358
T:/rfcr: 0.000000000 0.501459763 0.498540237
T:/rffr: 0.000000000 0.562227727 0.437772273
T:/rfrc: 0.000000000 0.267550747 0.732449253
T:/rfrf: 0.000000000 0.170376863 0.829623137
T:/rrcc: 0.000000000 0.003933615 0.996066385
T:/rrcf: 0.000000000 0.231640075 0.768359925
T:/rrfc: 0.000000000 0.000000000 1.000000000
T:/rrff: 0.000000000 0.550210680 0.449789320
