8:/cc: 0.000000000 1.000000000 0.000000000
8:/cccrcc: 1.000000000 0.000000000 0.000000000
8:/cccrcf: 0.165207931 0.408765204 0.426026864
8:/cccrcr: 0.000000000 0.570793969 0.429206031
8:/cccrfc: 0.425099292 0.090924856 0.483975852
8:/cccrff: 1.000000000 0.000000000 0.000000000
8:/cccrfr: 0.000000000 0.632320037 0.367679963
8:/cccrrc: 0.000000000 0.447080780 0.552919220
8:/cccrrf: 0.000000000 0.509083427 0.490916573
8:/ccrccr: 0.000000000 0.247607635 0.752392365
8:/ccrcfr: 0.000000000 0.481521079 0.518478921
8:/ccrcrc: 0.000000000 0.723343825 0.276656175
8:/ccrcrf: 0.000000000 0.806557791 0.193442209
8:/ccrfcr: 0.000000000 0.565611752 0.434388248
8:/ccrffr: 0.000000000 0.840363694 0.159636306
8:/ccrfrc: 0.000000000 0.197652255 0.802347745
8:/ccrfrf: 0.000000000 0.594239119 0.405760881
8:/ccrrcc: 0.000000000 0.450208166 0.549791834
8:/ccrrcf: 0.000000000 0.128637757 0.871362243
8:/ccrrfc: 0.000000000 0.513602626 0.486397374
8:/ccrrff: 0.000000000 0.353610536 0.646389464
8:/cr: 0.000179413 0.000000000 0.999820587
8:/crccrc: 0.000000000 0.583712555 0.416287445
8:/crccrf: 0.000000000 0.468870853 0.531129147
8:/crcfrc: 0.000000000 0.142614277 0.857385723
8:/crcfrf: 0.000000000 0.287056867 0.712943133
8:/crcrcc: 0.000000000 0.466584457 0.533415543
8:/crcrcf: 0.000000000 0.394824859 0.605175141
8:/crcrfc: 0.000000000 0.000000000 1.000000000
8:/crcrff: 0.000000000 0.320228411 0.679771589
8:/rc: 0.003743262 0.000000000 0.996256738
8:/rccrcc: 0.000000000 0.217059537 0.782940463
8:/rccrcf: 0.000000000 0.000000000 1.000000000
8:/rccrfc: 0.000000000 0.059891764 0.940108236
8:/rccrff: 0.000000000 0.545250784 0.454749216
8:/rf: 0.571867198 0.000008427 0.428124374
8:/rfcrc: 0.000000000 0.576768860 0.423231140
8:/rfcrf: 0.000000000 0.386302284 0.613697716
8:/rr: 0.000000000 0.000000000 1.000000000
9:/cc: 0.000000000 1.000000000 0.000000000
9:/cccrcc: 1.000000000 0.000000000 0.000000000
9:/cccrcf: 0.204150490 0.413073613 0.382775897
9:/cccrcr: 0.000000000 0.052529893 0.947470107
9:/cccrfc: 0.349684483 0.279728541 0.370586976
9:/cccrff: 1.000000000 0.000000000 0.000000000
9:/cccrfr: 0.000000000 0.239510306 0.760489694
9:/cccrrc: 0.000000000 0.488291718 0.511708282
9:/cccrrf: 0.000000000 0.063028929 0.936971071
9:/ccrccr: 0.000000000 0.383579218 0.616420782
9:/ccrcfr: 0.000000000 0.531249335 0.468750665
9:/ccrcrc: 0.000000000 0.174879738 0.825120262
9:/ccrcrf: 0.000000000 0.885755422 0.114244578
9:/ccrfcr: 0.000000000 0.188618801 0.811381199
9:/ccrffr: 0.000000000 0.584179248 0.415820752
9:/ccrfrc: 0.000000000 0.275848816 0.724151184
9:/ccrfrf: 0.000000000 0.734831327 0.265168673
9:/ccrrcc: 0.000000000 0.669335433 0.330664567
9:/ccrrcf: 0.000000000 0.678238808 0.321761192
9:/ccrrfc: 0.000000000 0.326113982 0.673886018
9:/ccrrff: 0.000000000 0.000124740 0.999875260
9:/cr: 0.000152779 0.000000000 0.999847221
9:/crccrc: 0.000000000 0.643512909 0.356487091
9:/crccrf: 0.000000000 0.578836554 0.421163446
9:/crcfrc: 0.000000000 0.114754490 0.885245510
9:/crcfrf: 0.000000000 0.510378759 0.489621241
9:/crcrcc: 0.000000000 0.396192500 0.603807500
9:/crcrcf: 0.000000000 0.644104111 0.355895889
9:/crcrfc: 0.000000000 0.000000000 1.000000000
9:/crcrff: 0.000000000 0.958361161 0.041638839
9:/rc: 0.073878498 0.000000000 0.926121502
9:/rccrcc: 0.000000000 0.491730088 0.508269912
9:/rccrcf: 0.000000000 0.000000000 1.000000000
9:/rccrfc: 0.000000000 0.355625910 0.644374090
9:/rccrff: 0.000000000 0.485264831 0.514735169
9:/rf: 0.648120987 0.000008483 0.351870531
9:/rfcrc: 0.000000000 0.374199324 0.625800676
9:/rfcrf: 0.000000000 0.521197776 0.478802224
9:/rr: 0.000000000 0.000000000 1.000000000
A:/cc: 0.000000000 1.000000000 0.000000000
A:/cccrcc: 1.000000000 0.000000000 0.000000000
A:/cccrcf: 0.224524987 0.626996185 0.148478827
A:/cccrcr: 0.000000000 0.750024049 0.249975951
A:/cccrfc: 0.660757860 0.168628309 0.170613831
A:/cccrff: 1.000000000 0.000000000 0.000000000
A:/cccrfr: 0.000000000 0.846822646 0.153177354
A:/cccrrc: 0.000000000 0.230753900 0.769246100
A:/cccrrf: 0.000000000 0.229809564 0.770190436
A:/ccrccr: 0.000000000 0.803351202 0.196648798
A:/ccrcfr: 0.000000000 1.000000000 0.000000000
A:/ccrcrc: 0.000000000 0.597923720 0.402076280
A:/ccrcrf: 0.000000000 0.411917008 0.588082992
A:/ccrfcr: 0.000000000 1.000000000 0.000000000
A:/ccrffr: 0.000000000 0.565868254 0.434131746
A:/ccrfrc: 0.000000000 1.000000000 0.000000000
A:/ccrfrf: 0.000000000 0.597379813 0.402620187
A:/ccrrcc: 0.000000000 1.000000000 0.000000000
A:/ccrrcf: 0.000000000 1.000000000 0.000000000
A:/ccrrfc: 0.000000000 0.352237744 0.647762256
A:/ccrrff: 0.000000000 1.000000000 0.000000000
A:/cr: 0.149054761 0.850945239 0.000000000
A:/crccrc: 0.000000000 0.930127732 0.069872268
A:/crccrf: 0.000000000 1.000000000 0.000000000
A:/crcfrc: 0.000000000 0.718521482 0.281478518
A:/crcfrf: 0.000000000 0.154470310 0.845529690
A:/crcrcc: 0.000000000 1.000000000 0.000000000
A:/crcrcf: 0.000000000 1.000000000 0.000000000
A:/crcrfc: 0.000000000 1.000000000 0.000000000
A:/crcrff: 0.000000000 0.835301528 0.164698472
A:/rc: 0.411241777 0.588758223 0.000000000
A:/rccrcc: 0.000000000 1.000000000 0.000000000
A:/rccrcf: 0.000000000 1.000000000 0.000000000
A:/rccrfc: 0.000000000 1.000000000 0.000000000
A:/rccrff: 0.000000000 1.000000000 0.000000000
A:/rf: 0.810185714 0.189814286 0.000000000
A:/rfcrc: 0.000000000 1.000000000 0.000000000
A:/rfcrf: 0.000000000 1.000000000 0.000000000
A:/rr: 0.000000000 1.000000000 0.000000000
J:/cc: 0.000000000 1.000000000 0.000000000
J:/cccrcc: 1.000000000 0.000000000 0.000000000
J:/cccrcf: 0.412924174 0.138753389 0.448322437
J:/cccrcr: 0.000000000 0.345730890 0.654269110
J:/cccrfc: 0.467602739 0.006365404 0.526031857
J:/cccrff: 1.000000000 0.000000000 0.000000000
J:/cccrfr: 0.000000000 0.408633876 0.591366124
J:/cccrrc: 0.000000000 0.534572880 0.465427120
J:/cccrrf: 0.000000000 0.322788948 0.677211052
J:/ccrccr: 0.000000000 0.513315150 0.486684850
J:/ccrcfr: 0.000000000 0.862346915 0.137653085
J:/ccrcrc: 0.000000000 0.837718357 0.162281643
J:/ccrcrf: 0.000000000 0.310186274 0.689813726
J:/ccrfcr: 0.000000000 0.747982457 0.252017543
J:/ccrffr: 0.000000000 0.639114098 0.360885902
J:/ccrfrc: 0.000000000 0.210767130 0.789232870
J:/ccrfrf: 0.000000000 0.665416721 0.334583279
J:/ccrrcc: 0.000000000 0.576435438 0.423564562
J:/ccrrcf: 0.000000000 0.000000000 1.000000000
J:/ccrrfc: 0.000000000 0.541565236 0.458434764
J:/ccrrff: 0.000000000 0.449342394 0.550657606
J:/cr: 0.000173797 0.000000000 0.999826203
J:/crccrc: 0.000000000 0.644613316 0.355386684
J:/crccrf: 0.000000000 0.423517435 0.576482565
J:/crcfrc: 0.000000000 0.529871085 0.470128915
J:/crcfrf: 0.000000000 0.432643950 0.567356050
J:/crcrcc: 0.000000000 0.145763007 0.854236993
J:/crcrcf: 0.000000000 0.713211814 0.286788186
J:/crcrfc: 0.000000000 0.995108444 0.004891556
J:/crcrff: 0.000000000 0.072066849 0.927933151
J:/rc: 0.007881916 0.197378725 0.794739359
J:/rccrcc: 0.000000000 0.381223868 0.618776132
J:/rccrcf: 0.000000000 0.908764159 0.091235841
J:/rccrfc: 0.000000000 0.459497907 0.540502093
J:/rccrff: 0.000000000 0.991169223 0.008830777
J:/rf: 0.846518938 0.000006862 0.153474200
J:/rfcrc: 0.000000000 0.925085227 0.074914773
J:/rfcrf: 0.000000000 0.712532082 0.287467918
J:/rr: 0.000000000 0.000000000 1.000000000
K:/cc: 0.000000000 1.000000000 0.000000000
K:/cccrcc: 0.989978994 0.010021006 0.000000000
K:/cccrcf: 0.421134913 0.381262749 0.197602339
K:/cccrcr: 0.000000000 0.749725037 0.250274963
K:/cccrfc: 0.168208334 0.450045477 0.381746188
K:/cccrff: 1.000000000 0.000000000 0.000000000
K:/cccrfr: 0.000000000 0.383920933 0.616079067
K:/cccrrc: 0.000000000 0.270543875 0.729456125
K:/cccrrf: 0.000000000 0.932277743 0.067722257
K:/ccrccr: 0.000000000 0.848382187 0.151617813
K:/ccrcfr: 0.000000000 0.799984367 0.200015633
K:/ccrcrc: 0.000000000 0.486820075 0.513179925
K:/ccrcrf: 0.000000000 0.687631841 0.312368159
K:/ccrfcr: 0.000000000 0.865440712 0.134559288
K:/ccrffr: 0.000000000 0.802879059 0.197120941
K:/ccrfrc: 0.000000000 0.990785327 0.009214673
K:/ccrfrf: 0.000000000 0.299945795 0.700054205
K:/ccrrcc: 0.000000000 0.214790866 0.785209134
K:/ccrrcf: 0.000000000 0.854240730 0.145759270
K:/ccrrfc: 0.000000000 0.667467522 0.332532478
K:/ccrrff: 0.000000000 0.506877123 0.493122877
K:/cr: 0.258345022 0.741335996 0.000318982
K:/crccrc: 0.000000000 0.114896724 0.885103276
K:/crccrf: 0.000000000 0.756921699 0.243078301
K:/crcfrc: 0.000000000 0.644228612 0.355771388
K:/crcfrf: 0.000000000 0.615160747 0.384839253
K:/crcrcc: 0.000000000 0.449823981 0.550176019
K:/crcrcf: 0.000000000 0.689207800 0.310792200
K:/crcrfc: 0.000000000 0.997234143 0.002765857
K:/crcrff: 0.000000000 0.363435483 0.636564517
K:/rc: 0.192974442 0.807025558 0.000000000
K:/rccrcc: 0.000000000 0.664330681 0.335669319
K:/rccrcf: 0.000000000 0.926230652 0.073769348
K:/rccrfc: 0.000000000 0.652516833 0.347483167
K:/rccrff: 0.000000000 0.357626040 0.642373960
K:/rf: 0.891993763 0.107902926 0.000103312
K:/rfcrc: 0.000000000 0.999589078 0.000410922
K:/rfcrf: 0.000000000 0.999915676 0.000084324
K:/rr: 0.000000000 0.831785084 0.168214916
Q:/cc: 0.000000000 1.000000000 0.000000000
Q:/cccrcc: 0.913124338 0.086875662 0.000000000
Q:/cccrcf: 0.277194448 0.426374887 0.296430666
Q:/cccrcr: 0.000000000 0.559409500 0.440590500
Q:/cccrfc: 0.094647604 0.403775811 0.501576585
Q:/cccrff: 1.000000000 0.000000000 0.000000000
Q:/cccrfr: 0.000000000 0.528286842 0.471713158
Q:/cccrrc: 0.000000000 0.718916159 0.281083841
Q:/cccrrf: 0.000000000 0.776432333 0.223567667
Q:/ccrccr: 0.000000000 0.488139906 0.511860094
Q:/ccrcfr: 0.000000000 0.558877217 0.441122783
Q:/ccrcrc: 0.000000000 0.109476026 0.890523974
Q:/ccrcrf: 0.000000000 0.173673055 0.826326945
Q:/ccrfcr: 0.000000000 0.478043916 0.521956084
Q:/ccrffr: 0.000000000 0.661917047 0.338082953
Q:/ccrfrc: 0.000000000 0.278479813 0.721520187
Q:/ccrfrf: 0.000000000 0.823478240 0.176521760
Q:/ccrrcc: 0.000000000 0.225133774 0.774866226
Q:/ccrrcf: 0.000000000 0.359360067 0.640639933
Q:/ccrrfc: 0.000000000 0.473860181 0.526139819
Q:/ccrrff: 0.000000000 0.420528074 0.579471926
Q:/cr: 0.001769889 0.000000000 0.998230111
Q:/crccrc: 0.000000000 0.248278184 0.751721816
Q:/crccrf: 0.000000000 0.387623335 0.612376665
Q:/crcfrc: 0.000000000 0.177960877 0.822039123
Q:/crcfrf: 0.000000000 0.558374291 0.441625709
Q:/crcrcc: 0.000000000 0.526115370 0.473884630
Q:/crcrcf: 0.000000000 0.944113644 0.055886356
Q:/crcrfc: 0.000000000 0.994821798 0.005178202
Q:/crcrff: 0.000000000 0.547814781 0.452185219
Q:/rc: 0.000000677 0.999996585 0.000002738
Q:/rccrcc: 0.000000000 0.043921076 0.956078924
Q:/rccrcf: 0.000000000 0.425978670 0.574021330
Q:/rccrfc: 0.000000000 0.224556853 0.775443147
Q:/rccrff: 0.000000000 0.999999998 0.000000002
Q:/rf: 0.898663277 0.100239017 0.001097705
Q:/rfcrc: 0.000000000 0.819596451 0.180403549
Q:/rfcrf: 0.000000000 0.998036461 0.001963539
Q:/rr: 0.000000000 0.107342759 0.892657241
T:/cc: 0.000000000 1.000000000 0.000000000
T:/cccrcc: 1.000000000 0.000000000 0.000000000
T:/cccrcf: 0.116381188 0.385336063 0.498282749
T:/cccrcr: 0.000000000 0.217218636 0.782781364
T:/cccrfc: 0.590547214 0.166521969 0.242930818
T:/cccrff: 1.000000000 0.000000000 0.000000000
T:/cccrfr: 0.000000000 0.527130460 0.472869540
T:/cccrrc: 0.000000000 0.441969441 0.558030559
T:/cccrrf: 0.000000000 0.135435514 0.864564486
T:/ccrccr: 0.000000000 0.648788157 0.351211843
T:/ccrcfr: 0.000000000 0.124664541 0.875335459
T:/ccrcrc: 0.000000000 0.857622732 0.142377268
T:/ccrcrf: 0.000000000 0.042508605 0.957491395
T:/ccrfcr: 0.000000000 0.519361749 0.480638251
T:/ccrffr: 0.000000000 0.449919322 0.550080678
T:/ccrfrc: 0.000000000 0.259473391 0.740526609
T:/ccrfrf: 0.000000000 0.203736175 0.796263825
T:/ccrrcc: 0.000000000 0.677227949 0.322772051
T:/ccrrcf: 0.000000000 0.442507378 0.557492622
T:/ccrrfc: 0.000000000 0.537827380 0.462172620
T:/ccrrff: 0.000000000 0.218045665 0.781954335
T:/cr: 0.000159663 0.000000000 0.999840337
T:/crccrc: 0.000000000 0.497901872 0.502098128
T:/crccrf: 0.000000000 0.188847802 0.811152198
T:/crcfrc: 0.000000000 0.482308150 0.517691850
T:/crcfrf: 0.000000000 0.778963465 0.221036535
T:/crcrcc: 0.000000000 0.441078758 0.558921242
T:/crcrcf: 0.000000000 0.442627736 0.557372264
T:/crcrfc: 0.000000000 0.000000000 1.000000000
T:/crcrff: 0.000000000 0.579331765 0.420668235
T:/rc: 0.018021121 0.000021635 0.981957244
T:/rccrcc: 0.000000000 0.288744195 0.711255805
T:/rccrcf: 0.000000000 0.279083855 0.720916145
T:/rccrfc: 0.000000000 0.460506548 0.539493452
T:/rccrff: 0.000000000 0.659642237 0.340357763
T:/rf: 0.365458981 0.000007920 0.634533099
T:/rfcrc: 0.000000000 0.927247232 0.072752768
T:/rfcrf: 0.000000000 0.721438790 0.278561210
T:/rr: 0.000000000 0.000000000 1.000000000
