A:/: 0.999502258 0.000497742 0.000000000
A:/ccr: 0.000000000 1.000000000 0.000000000
A:/crc: 0.000000000 1.000000000 0.000000000
A:/crf: 0.000000000 1.000000000 0.000000000
AJ:/ccc/: 0.853284550 0.146715450 0.000000000
AJ:/ccc/ccr: 0.000000000 0.463568346 0.536431654
AJ:/ccc/crc: 0.000000000 0.870917129 0.129082871
AJ:/ccc/crf: 0.000000000 0.924367107 0.075632893
AJ:/ccrcc/: 0.792225973 0.207774027 0.000000000
AJ:/ccrcc/ccr: 0.000000000 0.321586319 0.678413681
AJ:/ccrcc/crc: 0.000000000 0.202740528 0.797259472
AJ:/ccrcc/crf: 0.000000000 1.000000000 0.000000000
AJ:/ccrcf/: 0.393171920 0.606828080 0.000000000
AJ:/ccrcf/cr: 0.000000000 0.124325419 0.875674581
AJ:/crcc/: 0.954707395 0.045292605 0.000000000
AJ:/crcc/ccr: 0.000000000 1.000000000 0.000000000
AJ:/crcc/crc: 0.000000000 1.000000000 0.000000000
AJ:/crcc/crf: 0.000000000 1.000000000 0.000000000
AJ:/crfc/: 1.000000000 0.000000000 0.000000000
AJ:/crfc/cr: 0.000000000 1.000000000 0.000000000
AJ:/rcc/: 0.384306632 0.615693368 0.000000000
AJ:/rcc/ccr: 0.000000000 0.701653357 0.298346643
AJ:/rcc/crc: 0.000000000 0.252806478 0.747193522
AJ:/rcc/crf: 0.000000000 1.000000000 0.000000000
AJ:/rcf/: 0.999905789 0.000094211 0.000000000
AJ:/rcf/cr: 0.000000000 1.000000000 0.000000000
AJ:/rfc/: 0.761039667 0.238960333 0.000000000
AJ:/rfc/cr: 0.000000000 0.185926230 0.814073770
AK:/ccc/: 0.999149130 0.000850870 0.000000000
AK:/ccc/ccr: 0.000000000 1.000000000 0.000000000
AK:/ccc/crc: 0.000000000 0.721099427 0.278900573
AK:/ccc/crf: 0.000000000 1.000000000 0.000000000
AK:/ccrcc/: 0.263311345 0.736688655 0.000000000
AK:/ccrcc/ccr: 0.000000000 0.773867755 0.226132245
AK:/ccrcc/crc: 0.000000000 1.000000000 0.000000000
AK:/ccrcc/crf: 0.000000000 0.510257266 0.489742734
AK:/ccrcf/: 0.364276376 0.635723624 0.000000000
AK:/ccrcf/cr: 0.000000000 0.324015455 0.675984545
AK:/crcc/: 0.775514035 0.224485965 0.000000000
AK:/crcc/ccr: 0.000000000 1.000000000 0.000000000
AK:/crcc/crc: 0.000000000 1.000000000 0.000000000
AK:/crcc/crf: 0.000000000 1.000000000 0.000000000
AK:/crfc/: 0.358733719 0.641266281 0.000000000
AK:/crfc/cr: 0.000000000 1.000000000 0.000000000
AK:/rcc/: 0.652990492 0.347009508 0.000000000
AK:/rcc/ccr: 0.000000000 0.942704658 0.057295342
AK:/rcc/crc: 0.000000000 0.807055321 0.192944679
AK:/rcc/crf: 0.000000000 0.690519328 0.309480672
AK:/rcf/: 0.773720728 0.226279272 0.000000000
AK:/rcf/cr: 0.000000000 1.000000000 0.000000000
AK:/rfc/: 0.442591385 0.557408615 0.000000000
AK:/rfc/cr: 0.000000000 0.767859277 0.232140723
AQ:/ccc/: 0.999999247 0.000000753 0.000000000
AQ:/ccc/ccr: 0.000000000 0.811134711 0.188865289
AQ:/ccc/crc: 0.000000000 0.930635750 0.069364250
AQ:/ccc/crf: 0.000000000 1.000000000 0.000000000
AQ:/ccrcc/: 0.695458901 0.304541099 0.000000000
AQ:/ccrcc/ccr: 0.000000000 0.675009099 0.324990901
AQ:/ccrcc/crc: 0.000000000 0.908937744 0.091062256
AQ:/ccrcc/crf: 0.000000000 0.728363623 0.271636377
AQ:/ccrcf/: 0.351744651 0.648255349 0.000000000
AQ:/ccrcf/cr: 0.000000000 0.380630697 0.619369303
AQ:/crcc/: 0.948742092 0.051257908 0.000000000
AQ:/crcc/ccr: 0.000000000 1.000000000 0.000000000
AQ:/crcc/crc: 0.000000000 1.000000000 0.000000000
AQ:/crcc/crf: 0.000000000 1.000000000 0.000000000
AQ:/crfc/: 0.491771680 0.508228320 0.000000000
AQ:/crfc/cr: 0.000000000 1.000000000 0.000000000
AQ:/rcc/: 0.514172558 0.485827442 0.000000000
AQ:/rcc/ccr: 0.000000000 0.334604578 0.665395422
AQ:/rcc/crc: 0.000000000 0.266231717 0.733768283
AQ:/rcc/crf: 0.000000000 1.000000000 0.000000000
AQ:/rcf/: 1.000000000 0.000000000 0.000000000
AQ:/rcf/cr: 0.000000000 1.000000000 0.000000000
AQ:/rfc/: 0.269861485 0.730138515 0.000000000
AQ:/rfc/cr: 0.000000000 0.663654336 0.336345664
AT:/ccc/: 0.977541759 0.022458241 0.000000000
AT:/ccc/ccr: 0.000000000 0.656514778 0.343485222
AT:/ccc/crc: 0.000000000 0.623638532 0.376361468
AT:/ccc/crf: 0.000000000 1.000000000 0.000000000
AT:/ccrcc/: 0.746841462 0.253158538 0.000000000
AT:/ccrcc/ccr: 0.000000000 0.371837173 0.628162827
AT:/ccrcc/crc: 0.000000000 0.658487183 0.341512817
AT:/ccrcc/crf: 0.000000000 0.929393363 0.070606637
AT:/ccrcf/: 0.013966044 0.986033956 0.000000000
AT:/ccrcf/cr: 0.000000000 0.464518563 0.535481437
AT:/crcc/: 0.797739508 0.202260492 0.000000000
AT:/crcc/ccr: 0.000000000 0.394466285 0.605533715
AT:/crcc/crc: 0.000000000 0.437083915 0.562916085
AT:/crcc/crf: 0.000000000 1.000000000 0.000000000
AT:/crfc/: 1.000000000 0.000000000 0.000000000
AT:/crfc/cr: 0.000000000 1.000000000 0.000000000
AT:/rcc/: 0.541881289 0.458118711 0.000000000
AT:/rcc/ccr: 0.000000000 1.000000000 0.000000000
AT:/rcc/crc: 0.000000000 0.569356153 0.430643847
AT:/rcc/crf: 0.000000000 1.000000000 0.000000000
AT:/rcf/: 1.000000000 0.000000000 0.000000000
AT:/rcf/cr: 0.000000000 1.000000000 0.000000000
AT:/rfc/: 0.578582472 0.421417528 0.000000000
AT:/rfc/cr: 0.000000000 0.749714203 0.250285797
J:/: 1.000000000 0.000000000 0.000000000
J:/ccr: 0.000000000 0.000529629 0.999470371
J:/crc: 0.000000000 0.000000000 1.000000000
J:/crf: 0.000000000 1.000000000 0.000000000
JA:/ccc/: 0.999965873 0.000034127 0.000000000
JA:/ccc/ccr: 0.000000000 0.541106888 0.458893112
JA:/ccc/crc: 0.000000000 0.504982518 0.495017482
JA:/ccc/crf: 0.000000000 0.697181255 0.302818745
JA:/ccrcc/: 0.453584639 0.546415361 0.000000000
JA:/ccrcc/ccr: 0.000000000 0.486288210 0.513711790
JA:/ccrcc/crc: 0.000000000 0.248548461 0.751451539
JA:/ccrcc/crf: 0.000000000 0.606229272 0.393770728
JA:/ccrcf/: 0.326194784 0.673805216 0.000000000
JA:/ccrcf/cr: 0.000000000 0.142033494 0.857966506
JA:/crcc/: 0.999944203 0.000055797 0.000000000
JA:/crcc/ccr: 0.000000000 0.611927152 0.388072848
JA:/crcc/crc: 0.000000000 0.290858963 0.709141037
JA:/crcc/crf: 0.000000000 0.936048539 0.063951461
JA:/crfc/: 0.290646132 0.709353868 0.000000000
JA:/crfc/cr: 0.000000000 0.787948930 0.212051070
JA:/rcc/: 0.359517888 0.640482112 0.000000000
JA:/rcc/ccr: 0.000000000 0.280500694 0.719499306
JA:/rcc/crc: 0.000000000 0.524698118 0.475301882
JA:/rcc/crf: 0.000000000 0.851437305 0.148562695
JA:/rcf/: 0.000000000 1.000000000 0.000000000
JA:/rcf/cr: 0.000000000 0.614418910 0.385581090
JA:/rfc/: 0.355250903 0.644749097 0.000000000
JA:/rfc/cr: 0.000000000 0.879708168 0.120291832
JK:/ccc/: 1.000000000 0.000000000 0.000000000
JK:/ccc/ccr: 0.000000000 0.732654671 0.267345329
JK:/ccc/crc: 0.000000000 0.067657742 0.932342258
JK:/ccc/crf: 0.000000000 0.231653237 0.768346763
JK:/ccrcc/: 0.252246138 0.747753862 0.000000000
JK:/ccrcc/ccr: 0.000000000 0.687736002 0.312263998
JK:/ccrcc/crc: 0.000000000 0.831274657 0.168725343
JK:/ccrcc/crf: 0.000000000 0.325245033 0.674754967
JK:/ccrcf/: 0.750549083 0.249450917 0.000000000
JK:/ccrcf/cr: 0.000000000 0.460061635 0.539938365
JK:/crcc/: 0.999730998 0.000269002 0.000000000
JK:/crcc/ccr: 0.000000000 0.588453012 0.411546988
JK:/crcc/crc: 0.000000000 0.000000000 1.000000000
JK:/crcc/crf: 0.000000000 0.515400654 0.484599346
JK:/crfc/: 0.999877864 0.000122136 0.000000000
JK:/crfc/cr: 0.000000000 0.832773687 0.167226313
JK:/rcc/: 0.154554482 0.845445518 0.000000000
JK:/rcc/ccr: 0.000000000 0.641662598 0.358337402
JK:/rcc/crc: 0.000000000 0.666318170 0.333681830
JK:/rcc/crf: 0.000000000 0.361860688 0.638139312
JK:/rcf/: 0.148668521 0.851331479 0.000000000
JK:/rcf/cr: 0.000000000 0.518424953 0.481575047
JK:/rfc/: 0.653034650 0.346965350 0.000000000
JK:/rfc/cr: 0.000000000 0.625848174 0.374151826
JQ:/ccc/: 0.928530549 0.071469451 0.000000000
JQ:/ccc/ccr: 0.000000000 0.418576970 0.581423030
JQ:/ccc/crc: 0.000000000 0.479231401 0.520768599
JQ:/ccc/crf: 0.000000000 0.576541339 0.423458661
JQ:/ccrcc/: 1.000000000 0.000000000 0.000000000
JQ:/ccrcc/ccr: 0.000000000 0.674919863 0.325080137
JQ:/ccrcc/crc: 0.000000000 0.764905927 0.235094073
JQ:/ccrcc/crf: 0.000000000 0.519172501 0.480827499
JQ:/ccrcf/: 0.155476450 0.844523550 0.000000000
JQ:/ccrcf/cr: 0.000000000 0.375241166 0.624758834
JQ:/crcc/: 0.999590780 0.000409220 0.000000000
JQ:/crcc/ccr: 0.000000000 0.534712530 0.465287470
JQ:/crcc/crc: 0.000000000 0.000000000 1.000000000
JQ:/crcc/crf: 0.000000000 0.999888953 0.000111047
JQ:/crfc/: 0.752032514 0.247967486 0.000000000
JQ:/crfc/cr: 0.000000000 0.727051569 0.272948431
JQ:/rcc/: 0.000000000 1.000000000 0.000000000
JQ:/rcc/ccr: 0.000000000 0.462426653 0.537573347
JQ:/rcc/crc: 0.000000000 0.203419916 0.796580084
JQ:/rcc/crf: 0.000000000 0.070229806 0.929770194
JQ:/rcf/: 0.101155216 0.898844784 0.000000000
JQ:/rcf/cr: 0.000000000 0.000000000 1.000000000
JQ:/rfc/: 0.490244159 0.509755841 0.000000000
JQ:/rfc/cr: 0.000000000 0.506405288 0.493594712
JT:/ccc/: 0.912958476 0.087041524 0.000000000
JT:/ccc/ccr: 0.000000000 0.174180677 0.825819323
JT:/ccc/crc: 0.000000000 0.724001619 0.275998381
JT:/ccc/crf: 0.000000000 0.424326677 0.575673323
JT:/ccrcc/: 1.000000000 0.000000000 0.000000000
JT:/ccrcc/ccr: 0.000000000 0.713913044 0.286086956
JT:/ccrcc/crc: 0.000000000 0.675807305 0.324192695
JT:/ccrcc/crf: 0.000000000 0.282429041 0.717570959
JT:/ccrcf/: 0.132625106 0.867374894 0.000000000
JT:/ccrcf/cr: 0.000000000 0.572784350 0.427215650
JT:/crcc/: 0.164729508 0.835270492 0.000000000
JT:/crcc/ccr: 0.000000000 0.539989189 0.460010811
JT:/crcc/crc: 0.000000000 0.380592503 0.619407497
JT:/crcc/crf: 0.000000000 0.000000000 1.000000000
JT:/crfc/: 0.055141918 0.944858082 0.000000000
JT:/crfc/cr: 0.000000000 0.000000000 1.000000000
JT:/rcc/: 0.000000000 1.000000000 0.000000000
JT:/rcc/ccr: 0.000000000 0.280308067 0.719691933
JT:/rcc/crc: 0.000000000 0.000000000 1.000000000
JT:/rcc/crf: 0.000000000 0.000000000 1.000000000
JT:/rcf/: 0.180844678 0.819155322 0.000000000
JT:/rcf/cr: 0.000000000 0.000000000 1.000000000
JT:/rfc/: 0.888854703 0.111145297 0.000000000
JT:/rfc/cr: 0.000000000 0.424893850 0.575106150
K:/: 0.999668088 0.000331912 0.000000000
K:/ccr: 0.000000000 1.000000000 0.000000000
K:/crc: 0.000000000 1.000000000 0.000000000
K:/crf: 0.000000000 1.000000000 0.000000000
KA:/ccc/: 0.581487289 0.418512711 0.000000000
KA:/ccc/ccr: 0.000000000 1.000000000 0.000000000
KA:/ccc/crc: 0.000000000 0.756974588 0.243025412
KA:/ccc/crf: 0.000000000 1.000000000 0.000000000
KA:/ccrcc/: 0.230122688 0.769877312 0.000000000
KA:/ccrcc/ccr: 0.000000000 0.474433824 0.525566176
KA:/ccrcc/crc: 0.000000000 0.705645313 0.294354687
KA:/ccrcc/crf: 0.000000000 0.666040843 0.333959157
KA:/ccrcf/: 0.922594023 0.077405977 0.000000000
KA:/ccrcf/cr: 0.000000000 0.773163963 0.226836037
KA:/crcc/: 0.898666423 0.101333577 0.000000000
KA:/crcc/ccr: 0.000000000 1.000000000 0.000000000
KA:/crcc/crc: 0.000000000 1.000000000 0.000000000
KA:/crcc/crf: 0.000000000 1.000000000 0.000000000
KA:/crfc/: 0.002530073 0.997469927 0.000000000
KA:/crfc/cr: 0.000000000 1.000000000 0.000000000
KA:/rcc/: 0.653230525 0.346769475 0.000000000
KA:/rcc/ccr: 0.000000000 0.669459471 0.330540529
KA:/rcc/crc: 0.000000000 1.000000000 0.000000000
KA:/rcc/crf: 0.000000000 0.638264137 0.361735863
KA:/rcf/: 0.684617075 0.315382925 0.000000000
KA:/rcf/cr: 0.000000000 1.000000000 0.000000000
KA:/rfc/: 0.320339882 0.679660118 0.000000000
KA:/rfc/cr: 0.000000000 0.873477484 0.126522516
KJ:/ccc/: 0.966684902 0.033315098 0.000000000
KJ:/ccc/ccr: 0.000000000 0.699379912 0.300620088
KJ:/ccc/crc: 0.000000000 0.223998442 0.776001558
KJ:/ccc/crf: 0.000000000 0.814847720 0.185152280
KJ:/ccrcc/: 0.635494082 0.364505918 0.000000000
KJ:/ccrcc/ccr: 0.000000000 0.383912909 0.616087091
KJ:/ccrcc/crc: 0.000000000 0.546251743 0.453748257
KJ:/ccrcc/crf: 0.000000000 0.680002152 0.319997848
KJ:/ccrcf/: 0.588089741 0.411910259 0.000000000
KJ:/ccrcf/cr: 0.000000000 0.447850706 0.552149294
KJ:/crcc/: 1.000000000 0.000000000 0.000000000
KJ:/crcc/ccr: 0.000000000 0.515251225 0.484748775
KJ:/crcc/crc: 0.000000000 1.000000000 0.000000000
KJ:/crcc/crf: 0.000000000 1.000000000 0.000000000
KJ:/crfc/: 0.918072609 0.081927391 0.000000000
KJ:/crfc/cr: 0.000000000 1.000000000 0.000000000
KJ:/rcc/: 0.000000000 1.000000000 0.000000000
KJ:/rcc/ccr: 0.000000000 0.704126917 0.295873083
KJ:/rcc/crc: 0.000000000 0.757319178 0.242680822
KJ:/rcc/crf: 0.000000000 0.577733589 0.422266411
KJ:/rcf/: 0.000000000 1.000000000 0.000000000
KJ:/rcf/cr: 0.000000000 0.833985645 0.166014355
KJ:/rfc/: 0.668934576 0.331065424 0.000000000
KJ:/rfc/cr: 0.000000000 0.726033622 0.273966378
KQ:/ccc/: 0.564435658 0.435564342 0.000000000
KQ:/ccc/ccr: 0.000000000 1.000000000 0.000000000
KQ:/ccc/crc: 0.000000000 0.761927880 0.238072120
KQ:/ccc/crf: 0.000000000 0.975277203 0.024722797
KQ:/ccrcc/: 0.678635135 0.321364865 0.000000000
KQ:/ccrcc/ccr: 0.000000000 0.614316405 0.385683595
KQ:/ccrcc/crc: 0.000000000 0.184120440 0.815879560
KQ:/ccrcc/crf: 0.000000000 0.540074908 0.459925092
KQ:/ccrcf/: 0.914465987 0.085534013 0.000000000
KQ:/ccrcf/cr: 0.000000000 0.634909119 0.365090881
KQ:/crcc/: 0.999840318 0.000159682 0.000000000
KQ:/crcc/ccr: 0.000000000 0.752412729 0.247587271
KQ:/crcc/crc: 0.000000000 1.000000000 0.000000000
KQ:/crcc/crf: 0.000000000 1.000000000 0.000000000
KQ:/crfc/: 0.164294970 0.835705030 0.000000000
KQ:/crfc/cr: 0.000000000 0.999922173 0.000077827
KQ:/rcc/: 0.448758117 0.551241883 0.000000000
KQ:/rcc/ccr: 0.000000000 0.809971642 0.190028358
KQ:/rcc/crc: 0.000000000 0.545109309 0.454890691
KQ:/rcc/crf: 0.000000000 0.643651988 0.356348012
KQ:/rcf/: 0.247357677 0.752642323 0.000000000
KQ:/rcf/cr: 0.000000000 0.834057152 0.165942848
KQ:/rfc/: 0.503803862 0.496196138 0.000000000
KQ:/rfc/cr: 0.000000000 0.133432631 0.866567369
KT:/ccc/: 0.955518764 0.044481236 0.000000000
KT:/ccc/ccr: 0.000000000 1.000000000 0.000000000
KT:/ccc/crc: 0.000000000 0.598774756 0.401225244
KT:/ccc/crf: 0.000000000 0.818444354 0.181555646
KT:/ccrcc/: 0.830515034 0.169484966 0.000000000
KT:/ccrcc/ccr: 0.000000000 0.910371203 0.089628797
KT:/ccrcc/crc: 0.000000000 0.280701978 0.719298022
KT:/ccrcc/crf: 0.000000000 1.000000000 0.000000000
KT:/ccrcf/: 0.245378254 0.754621746 0.000000000
KT:/ccrcf/cr: 0.000000000 0.574193231 0.425806769
KT:/crcc/: 0.593596093 0.406403907 0.000000000
KT:/crcc/ccr: 0.000000000 0.173516311 0.826483689
KT:/crcc/crc: 0.000000000 0.736865378 0.263134622
KT:/crcc/crf: 0.000000000 1.000000000 0.000000000
KT:/crfc/: 0.999908236 0.000091764 0.000000000
KT:/crfc/cr: 0.000000000 1.000000000 0.000000000
KT:/rcc/: 0.000000000 1.000000000 0.000000000
KT:/rcc/ccr: 0.000000000 0.554044690 0.445955310
KT:/rcc/crc: 0.000000000 0.546365280 0.453634720
KT:/rcc/crf: 0.000000000 0.873117393 0.126882607
KT:/rcf/: 0.151415896 0.848584104 0.000000000
KT:/rcf/cr: 0.000000000 0.834022385 0.165977615
KT:/rfc/: 0.159545139 0.840454861 0.000000000
KT:/rfc/cr: 0.000000000 0.365265496 0.634734504
Q:/: 1.000000000 0.000000000 0.000000000
Q:/ccr: 0.000000000 0.000239934 0.999760066
Q:/crc: 0.000000000 0.999547623 0.000452377
Q:/crf: 0.000000000 1.000000000 0.000000000
QA:/ccc/: 0.653724445 0.346275555 0.000000000
QA:/ccc/ccr: 0.000000000 0.354985373 0.645014627
QA:/ccc/crc: 0.000000000 0.510712349 0.489287651
QA:/ccc/crf: 0.000000000 0.967492070 0.032507930
QA:/ccrcc/: 0.301734697 0.698265303 0.000000000
QA:/ccrcc/ccr: 0.000000000 0.504750339 0.495249661
QA:/ccrcc/crc: 0.000000000 0.273202053 0.726797947
QA:/ccrcc/crf: 0.000000000 0.200141204 0.799858796
QA:/ccrcf/: 0.144141454 0.855858546 0.000000000
QA:/ccrcf/cr: 0.000000000 0.676070926 0.323929074
QA:/crcc/: 0.999889654 0.000110346 0.000000000
QA:/crcc/ccr: 0.000000000 1.000000000 0.000000000
QA:/crcc/crc: 0.000000000 1.000000000 0.000000000
QA:/crcc/crf: 0.000000000 1.000000000 0.000000000
QA:/crfc/: 0.938793026 0.061206974 0.000000000
QA:/crfc/cr: 0.000000000 0.999903565 0.000096435
QA:/rcc/: 0.703835153 0.296164847 0.000000000
QA:/rcc/ccr: 0.000000000 0.457709466 0.542290534
QA:/rcc/crc: 0.000000000 0.476442260 0.523557740
QA:/rcc/crf: 0.000000000 0.491073126 0.508926874
QA:/rcf/: 0.441432871 0.558567129 0.000000000
QA:/rcf/cr: 0.000000000 0.999805301 0.000194699
QA:/rfc/: 0.937889975 0.062110025 0.000000000
QA:/rfc/cr: 0.000000000 0.483153565 0.516846435
QJ:/ccc/: 1.000000000 0.000000000 0.000000000
QJ:/ccc/ccr: 0.000000000 0.827397117 0.172602883
QJ:/ccc/crc: 0.000000000 0.471793841 0.528206159
QJ:/ccc/crf: 0.000000000 0.587579553 0.412420447
QJ:/ccrcc/: 0.318374872 0.681625128 0.000000000
QJ:/ccrcc/ccr: 0.000000000 0.582283368 0.417716632
QJ:/ccrcc/crc: 0.000000000 0.214842989 0.785157011
QJ:/ccrcc/crf: 0.000000000 0.731678418 0.268321582
QJ:/ccrcf/: 0.518526345 0.481473655 0.000000000
QJ:/ccrcf/cr: 0.000000000 0.620363215 0.379636785
QJ:/crcc/: 0.999681120 0.000318880 0.000000000
QJ:/crcc/ccr: 0.000000000 0.347521135 0.652478865
QJ:/crcc/crc: 0.000000000 0.163259709 0.836740291
QJ:/crcc/crf: 0.000000000 0.000000000 1.000000000
QJ:/crfc/: 0.743560498 0.256439502 0.000000000
QJ:/crfc/cr: 0.000000000 0.232882443 0.767117557
QJ:/rcc/: 0.000000000 1.000000000 0.000000000
QJ:/rcc/ccr: 0.000000000 0.204073063 0.795926937
QJ:/rcc/crc: 0.000000000 0.052388141 0.947611859
QJ:/rcc/crf: 0.000000000 0.061452721 0.938547279
QJ:/rcf/: 0.068850645 0.931149355 0.000000000
QJ:/rcf/cr: 0.000000000 0.000000000 1.000000000
QJ:/rfc/: 0.722884904 0.277115096 0.000000000
QJ:/rfc/cr: 0.000000000 0.380838213 0.619161787
QK:/ccc/: 0.910848326 0.089151674 0.000000000
QK:/ccc/ccr: 0.000000000 0.932756903 0.067243097
QK:/ccc/crc: 0.000000000 0.211811152 0.788188848
QK:/ccc/crf: 0.000000000 1.000000000 0.000000000
QK:/ccrcc/: 0.546744006 0.453255994 0.000000000
QK:/ccrcc/ccr: 0.000000000 0.440192394 0.559807606
QK:/ccrcc/crc: 0.000000000 0.382254979 0.617745021
QK:/ccrcc/crf: 0.000000000 0.751096531 0.248903469
QK:/ccrcf/: 0.228968634 0.771031366 0.000000000
QK:/ccrcf/cr: 0.000000000 0.725681458 0.274318542
QK:/crcc/: 0.891576461 0.108423539 0.000000000
QK:/crcc/ccr: 0.000000000 0.575000474 0.424999526
QK:/crcc/crc: 0.000000000 1.000000000 0.000000000
QK:/crcc/crf: 0.000000000 1.000000000 0.000000000
QK:/crfc/: 0.711164589 0.288835411 0.000000000
QK:/crfc/cr: 0.000000000 0.999922173 0.000077827
QK:/rcc/: 0.463482140 0.536517860 0.000000000
QK:/rcc/ccr: 0.000000000 0.331572796 0.668427204
QK:/rcc/crc: 0.000000000 0.375331212 0.624668788
QK:/rcc/crf: 0.000000000 0.633219839 0.366780161
QK:/rcf/: 0.017190258 0.982809742 0.000000000
QK:/rcf/cr: 0.000000000 0.999805301 0.000194699
QK:/rfc/: 0.650147800 0.349852200 0.000000000
QK:/rfc/cr: 0.000000000 0.449944905 0.550055095
QT:/ccc/: 0.931659363 0.068340637 0.000000000
QT:/ccc/ccr: 0.000000000 0.402205092 0.597794908
QT:/ccc/crc: 0.000000000 0.705710517 0.294289483
QT:/ccc/crf: 0.000000000 0.529043946 0.470956054
QT:/ccrcc/: 0.800017730 0.199982270 0.000000000
QT:/ccrcc/ccr: 0.000000000 0.595895234 0.404104766
QT:/ccrcc/crc: 0.000000000 0.358502732 0.641497268
QT:/ccrcc/crf: 0.000000000 0.707769303 0.292230697
QT:/ccrcf/: 0.706311803 0.293688197 0.000000000
QT:/ccrcf/cr: 0.000000000 0.858314336 0.141685664
QT:/crcc/: 0.193985916 0.806014084 0.000000000
QT:/crcc/ccr: 0.000000000 0.391343031 0.608656969
QT:/crcc/crc: 0.000000000 0.232878466 0.767121534
QT:/crcc/crf: 0.000000000 0.693355613 0.306644387
QT:/crfc/: 0.596597196 0.403402804 0.000000000
QT:/crfc/cr: 0.000000000 0.223304870 0.776695130
QT:/rcc/: 0.000000000 1.000000000 0.000000000
QT:/rcc/ccr: 0.000000000 0.154757467 0.845242533
QT:/rcc/crc: 0.000000000 0.000000000 1.000000000
QT:/rcc/crf: 0.000000000 0.000000000 1.000000000
QT:/rcf/: 0.154262232 0.845737768 0.000000000
QT:/rcf/cr: 0.000000000 0.000000000 1.000000000
QT:/rfc/: 0.159334434 0.840665566 0.000000000
QT:/rfc/cr: 0.000000000 0.427226908 0.572773092
T:/: 1.000000000 0.000000000 0.000000000
T:/ccr: 0.000000000 0.000348791 0.999651209
T:/crc: 0.000000000 0.000000000 1.000000000
T:/crf: 0.000000000 1.000000000 0.000000000
TA:/ccc/: 0.999972513 0.000027487 0.000000000
TA:/ccc/ccr: 0.000000000 0.000000000 1.000000000
TA:/ccc/crc: 0.000000000 0.523934951 0.476065049
TA:/ccc/crf: 0.000000000 0.000000000 1.000000000
TA:/ccrcc/: 0.614784187 0.385215813 0.000000000
TA:/ccrcc/ccr: 0.000000000 0.481545252 0.518454748
TA:/ccrcc/crc: 0.000000000 0.765542546 0.234457454
TA:/ccrcc/crf: 0.000000000 0.565179529 0.434820471
TA:/ccrcf/: 0.168277192 0.831722808 0.000000000
TA:/ccrcf/cr: 0.000000000 0.771023542 0.228976458
TA:/crcc/: 0.893489086 0.106510914 0.000000000
TA:/crcc/ccr: 0.000000000 0.270320512 0.729679488
TA:/crcc/crc: 0.000000000 0.000000000 1.000000000
TA:/crcc/crf: 0.000000000 0.000000000 1.000000000
TA:/crfc/: 0.000000000 1.000000000 0.000000000
TA:/crfc/cr: 0.000000000 0.000000000 1.000000000
TA:/rcc/: 0.335466670 0.664533330 0.000000000
TA:/rcc/ccr: 0.000000000 0.573452505 0.426547495
TA:/rcc/crc: 0.000000000 0.887017476 0.112982524
TA:/rcc/crf: 0.000000000 0.259549742 0.740450258
TA:/rcf/: 0.339774247 0.660225753 0.000000000
TA:/rcf/cr: 0.000000000 0.000000000 1.000000000
TA:/rfc/: 0.073037280 0.926962720 0.000000000
TA:/rfc/cr: 0.000000000 0.340846051 0.659153949
TJ:/ccc/: 0.531964540 0.468035460 0.000000000
TJ:/ccc/ccr: 0.000000000 0.207773473 0.792226527
TJ:/ccc/crc: 0.000000000 0.582159903 0.417840097
TJ:/ccc/crf: 0.000000000 0.820558010 0.179441990
TJ:/ccrcc/: 0.475727308 0.524272692 0.000000000
TJ:/ccrcc/ccr: 0.000000000 0.522246705 0.477753295
TJ:/ccrcc/crc: 0.000000000 0.156124112 0.843875888
TJ:/ccrcc/crf: 0.000000000 0.157589872 0.842410128
TJ:/ccrcf/: 0.249982636 0.750017364 0.000000000
TJ:/ccrcf/cr: 0.000000000 0.965153067 0.034846933
TJ:/crcc/: 0.098240266 0.901759734 0.000000000
TJ:/crcc/ccr: 0.000000000 0.738507304 0.261492696
TJ:/crcc/crc: 0.000000000 0.000000000 1.000000000
TJ:/crcc/crf: 0.000000000 0.217745713 0.782254287
TJ:/crfc/: 0.152450656 0.847549344 0.000000000
TJ:/crfc/cr: 0.000000000 0.000000000 1.000000000
TJ:/rcc/: 0.000258053 0.999741947 0.000000000
TJ:/rcc/ccr: 0.000000000 0.388574938 0.611425062
TJ:/rcc/crc: 0.000000000 0.204090976 0.795909024
TJ:/rcc/crf: 0.000000000 0.000000000 1.000000000
TJ:/rcf/: 0.284839587 0.715160413 0.000000000
TJ:/rcf/cr: 0.000000000 0.000000000 1.000000000
TJ:/rfc/: 0.373558300 0.626441700 0.000000000
TJ:/rfc/cr: 0.000000000 0.952994288 0.047005712
TK:/ccc/: 0.905867917 0.094132083 0.000000000
TK:/ccc/ccr: 0.000000000 0.332031073 0.667968927
TK:/ccc/crc: 0.000000000 0.423006942 0.576993058
TK:/ccc/crf: 0.000000000 0.439825445 0.560174555
TK:/ccrcc/: 0.087476955 0.912523045 0.000000000
TK:/ccrcc/ccr: 0.000000000 0.086206282 0.913793718
TK:/ccrcc/crc: 0.000000000 0.595780594 0.404219406
TK:/ccrcc/crf: 0.000000000 0.068139915 0.931860085
TK:/ccrcf/: 0.134314681 0.865685319 0.000000000
TK:/ccrcf/cr: 0.000000000 0.690167778 0.309832222
TK:/crcc/: 0.326834843 0.673165157 0.000000000
TK:/crcc/ccr: 0.000000000 0.116045530 0.883954470
TK:/crcc/crc: 0.000000000 0.327035712 0.672964288
TK:/crcc/crf: 0.000000000 0.051220771 0.948779229
TK:/crfc/: 0.000000000 1.000000000 0.000000000
TK:/crfc/cr: 0.000000000 0.000000000 1.000000000
TK:/rcc/: 0.096642951 0.903357049 0.000000000
TK:/rcc/ccr: 0.000000000 0.681041317 0.318958683
TK:/rcc/crc: 0.000000000 0.515677423 0.484322577
TK:/rcc/crf: 0.000000000 0.346316439 0.653683561
TK:/rcf/: 0.287656465 0.712343535 0.000000000
TK:/rcf/cr: 0.000000000 0.000000000 1.000000000
TK:/rfc/: 0.533528879 0.466471121 0.000000000
TK:/rfc/cr: 0.000000000 0.512590806 0.487409194
TQ:/ccc/: 0.956513285 0.043486715 0.000000000
TQ:/ccc/ccr: 0.000000000 0.427918676 0.572081324
TQ:/ccc/crc: 0.000000000 0.645240886 0.354759114
TQ:/ccc/crf: 0.000000000 0.732733318 0.267266682
TQ:/ccrcc/: 0.824970160 0.175029840 0.000000000
TQ:/ccrcc/ccr: 0.000000000 0.382478255 0.617521745
TQ:/ccrcc/crc: 0.000000000 0.506233224 0.493766776
TQ:/ccrcc/crf: 0.000000000 0.345979055 0.654020945
TQ:/ccrcf/: 0.484492041 0.515507959 0.000000000
TQ:/ccrcf/cr: 0.000000000 0.485983941 0.514016059
TQ:/crcc/: 0.544168305 0.455831695 0.000000000
TQ:/crcc/ccr: 0.000000000 0.392836244 0.607163756
TQ:/crcc/crc: 0.000000000 0.370582301 0.629417699
TQ:/crcc/crf: 0.000000000 0.000000000 1.000000000
TQ:/crfc/: 0.000216962 0.999783038 0.000000000
TQ:/crfc/cr: 0.000000000 0.000000000 1.000000000
TQ:/rcc/: 0.000000000 1.000000000 0.000000000
TQ:/rcc/ccr: 0.000000000 0.407843961 0.592156039
TQ:/rcc/crc: 0.000000000 0.000000000 1.000000000
TQ:/rcc/crf: 0.000000000 0.000000000 1.000000000
TQ:/rcf/: 0.235796809 0.764203191 0.000000000
TQ:/rcf/cr: 0.000000000 0.000000000 1.000000000
TQ:/rfc/: 0.897308661 0.102691339 0.000000000
TQ:/rfc/cr: 0.000000000 0.595734671 0.404265329
