A:/cc: 0.767350754 0.232649246 0.000000000
A:/cr: 0.000000000 0.712430232 0.287569768
A:/rc: 0.000000000 1.000000000 0.000000000
A:/rf: 0.000000000 0.581523415 0.418476585
AJ:/ccc/cc: 0.854916965 0.145083035 0.000000000
AJ:/ccc/cr: 0.000000000 0.647663161 0.352336839
AJ:/ccc/rc: 0.000000000 0.389423212 0.610576788
AJ:/ccc/rf: 0.000000000 0.155534421 0.844465579
AJ:/ccrcc/cc: 0.544472814 0.455527186 0.000000000
AJ:/ccrcc/cr: 0.000000000 0.839100303 0.160899697
AJ:/ccrcc/rc: 0.000000000 0.348828248 0.651171752
AJ:/ccrcc/rf: 0.000000000 0.690353597 0.309646403
AJ:/ccrcf/c: 0.376280354 0.623719646 0.000000000
AJ:/ccrcf/r: 0.000000000 0.702642423 0.297357577
AJ:/ccrfc/c: 0.508223184 0.491776816 0.000000000
AJ:/ccrfc/r: 0.000000000 0.840708665 0.159291335
AJ:/crcc/cc: 0.490244169 0.509755831 0.000000000
AJ:/crcc/cr: 0.000000000 0.548725599 0.451274401
AJ:/crcc/rc: 0.000000000 0.451805211 0.548194789
AJ:/crcc/rf: 0.000000000 0.888854703 0.111145297
AJ:/crcf/c: 0.522260334 0.477739666 0.000000000
AJ:/crcf/r: 0.000000000 0.640307907 0.359692093
AJ:/rcc/cc: 1.000000000 0.000000000 0.000000000
AJ:/rcc/cr: 0.000000000 1.000000000 0.000000000
AJ:/rcc/rc: 0.000000000 0.211312086 0.788687914
AJ:/rcc/rf: 0.000000000 0.084233240 0.915766760
AJ:/rfc/c: 0.384941855 0.615058145 0.000000000
AJ:/rfc/r: 0.000000000 0.866819793 0.133180207
AK:/ccc/cc: 0.185887683 0.814112317 0.000000000
AK:/ccc/cr: 0.000000000 0.299038837 0.700961163
AK:/ccc/rc: 0.000000000 0.513980764 0.486019236
AK:/ccc/rf: 0.000000000 0.613371151 0.386628849
AK:/ccrcc/cc: 0.120037170 0.879962830 0.000000000
AK:/ccrcc/cr: 0.000000000 0.645147077 0.354852923
AK:/ccrcc/rc: 0.000000000 0.388560318 0.611439682
AK:/ccrcc/rf: 0.000000000 0.470991716 0.529008284
AK:/ccrcf/c: 0.117955408 0.882044592 0.000000000
AK:/ccrcf/r: 0.000000000 0.091722271 0.908277729
AK:/ccrfc/c: 0.134371324 0.865628676 0.000000000
AK:/ccrfc/r: 0.000000000 0.737101557 0.262898443
AK:/crcc/cc: 0.504650287 0.495349713 0.000000000
AK:/crcc/cr: 0.000000000 0.582787637 0.417212363
AK:/crcc/rc: 0.000000000 0.535973323 0.464026677
AK:/crcc/rf: 0.000000000 0.533528879 0.466471121
AK:/crcf/c: 0.656488694 0.343511306 0.000000000
AK:/crcf/r: 0.000000000 0.441870616 0.558129384
AK:/rcc/cc: 0.504024791 0.495975209 0.000000000
AK:/rcc/cr: 0.000000000 0.983334933 0.016665067
AK:/rcc/rc: 0.000000000 0.891993111 0.108006889
AK:/rcc/rf: 0.000000000 0.428244099 0.571755901
AK:/rfc/c: 0.345279048 0.654720952 0.000000000
AK:/rfc/r: 0.000000000 0.140757141 0.859242859
AQ:/ccc/cc: 0.899678133 0.100321867 0.000000000
AQ:/ccc/cr: 0.000000000 0.621884920 0.378115080
AQ:/ccc/rc: 0.000000000 0.612320780 0.387679220
AQ:/ccc/rf: 0.000000000 0.474356719 0.525643281
AQ:/ccrcc/cc: 0.443668680 0.556331320 0.000000000
AQ:/ccrcc/cr: 0.000000000 0.391987707 0.608012293
AQ:/ccrcc/rc: 0.000000000 0.532244158 0.467755842
AQ:/ccrcc/rf: 0.000000000 0.443612136 0.556387864
AQ:/ccrcf/c: 0.250018636 0.749981364 0.000000000
AQ:/ccrcf/r: 0.000000000 0.965153067 0.034846933
AQ:/ccrfc/c: 0.484526672 0.515473328 0.000000000
AQ:/ccrfc/r: 0.000000000 0.549552438 0.450447562
AQ:/crcc/cc: 0.203921562 0.796078438 0.000000000
AQ:/crcc/cr: 0.000000000 0.184818652 0.815181348
AQ:/crcc/rc: 0.000000000 0.389309494 0.610690506
AQ:/crcc/rf: 0.000000000 0.782671094 0.217328906
AQ:/crcf/c: 0.611478205 0.388521795 0.000000000
AQ:/crcf/r: 0.000000000 0.610698379 0.389301621
AQ:/rcc/cc: 0.734010604 0.265989396 0.000000000
AQ:/rcc/cr: 0.000000000 1.000000000 0.000000000
AQ:/rcc/rc: 0.000000000 0.887013029 0.112986971
AQ:/rcc/rf: 0.000000000 0.434013070 0.565986930
AQ:/rfc/c: 0.164227493 0.835772507 0.000000000
AQ:/rfc/r: 0.000000000 0.254048492 0.745951508
AT:/ccc/cc: 0.132753375 0.867246625 0.000000000
AT:/ccc/cr: 0.000000000 0.576481618 0.423518382
AT:/ccc/rc: 0.000000000 0.706072302 0.293927698
AT:/ccc/rf: 0.000000000 0.606494624 0.393505376
AT:/ccrcc/cc: 0.758024769 0.241975231 0.000000000
AT:/ccrcc/cr: 0.000000000 0.313871236 0.686128764
AT:/ccrcc/rc: 0.000000000 0.545089414 0.454910586
AT:/ccrcc/rf: 0.000000000 0.776544659 0.223455341
AT:/ccrcf/c: 0.578056943 0.421943057 0.000000000
AT:/ccrcf/r: 0.000000000 0.182430955 0.817569045
AT:/ccrfc/c: 0.827605128 0.172394872 0.000000000
AT:/ccrfc/r: 0.000000000 0.743528562 0.256471438
AT:/crcc/cc: 0.242094412 0.757905588 0.000000000
AT:/crcc/cr: 0.000000000 0.700357037 0.299642963
AT:/crcc/rc: 0.000000000 0.587813838 0.412186162
AT:/crcc/rf: 0.000000000 0.449595346 0.550404654
AT:/crcf/c: 0.236027214 0.763972786 0.000000000
AT:/crcf/r: 0.000000000 0.778650124 0.221349876
AT:/rcc/cc: 1.000000000 0.000000000 0.000000000
AT:/rcc/cr: 0.000000000 1.000000000 0.000000000
AT:/rcc/rc: 0.000000000 0.952567071 0.047432929
AT:/rcc/rf: 0.000000000 0.192249132 0.807750868
AT:/rfc/c: 0.115987124 0.884012876 0.000000000
AT:/rfc/r: 0.000000000 0.503279995 0.496720005
J:/cc: 0.393310041 0.606689959 0.000000000
J:/cr: 0.000000000 0.024814514 0.975185486
J:/rc: 0.000000000 0.091693914 0.908306086
J:/rf: 0.000000000 0.767859277 0.232140723
JA:/ccc/cc: 0.283117131 0.716882869 0.000000000
JA:/ccc/cr: 0.000000000 0.853144618 0.146855382
JA:/ccc/rc: 0.000000000 0.556043423 0.443956577
JA:/ccc/rf: 0.000000000 0.874959954 0.125040046
JA:/ccrcc/cc: 0.653034650 0.346965350 0.000000000
JA:/ccrcc/cr: 0.000000000 0.622707038 0.377292962
JA:/ccrcc/rc: 0.000000000 0.203899974 0.796100026
JA:/ccrcc/rf: 0.000000000 0.803105959 0.196894041
JA:/ccrcf/c: 0.576924146 0.423075854 0.000000000
JA:/ccrcf/r: 0.000000000 0.384744144 0.615255856
JA:/ccrfc/c: 0.170972195 0.829027805 0.000000000
JA:/ccrfc/r: 0.000000000 0.581407016 0.418592984
JA:/crcc/cc: 0.384444721 0.615555279 0.000000000
JA:/crcc/cr: 0.000000000 0.716297111 0.283702889
JA:/crcc/rc: 0.000000000 0.429673518 0.570326482
JA:/crcc/rf: 0.000000000 0.699881746 0.300118254
JA:/crcf/c: 0.419996377 0.580003623 0.000000000
JA:/crcf/r: 0.000000000 0.608385484 0.391614516
JA:/rcc/cc: 1.000000000 0.000000000 0.000000000
JA:/rcc/cr: 0.000000000 0.000000000 1.000000000
JA:/rcc/rc: 0.000000000 0.000000000 1.000000000
JA:/rcc/rf: 0.000000000 0.400120860 0.599879140
JA:/rfc/c: 0.339010099 0.660989901 0.000000000
JA:/rfc/r: 0.000000000 0.617210424 0.382789576
JK:/ccc/cc: 0.352881436 0.647118564 0.000000000
JK:/ccc/cr: 0.000000000 0.582968539 0.417031461
JK:/ccc/rc: 0.000000000 0.228906641 0.771093359
JK:/ccc/rf: 0.000000000 0.712958404 0.287041596
JK:/ccrcc/cc: 0.456517265 0.543482735 0.000000000
JK:/ccrcc/cr: 0.000000000 0.548899544 0.451100456
JK:/ccrcc/rc: 0.000000000 0.486245595 0.513754405
JK:/ccrcc/rf: 0.000000000 0.495198515 0.504801485
JK:/ccrcf/c: 0.654025182 0.345974818 0.000000000
JK:/ccrcf/r: 0.000000000 0.363424138 0.636575862
JK:/ccrfc/c: 0.637499025 0.362500975 0.000000000
JK:/ccrfc/r: 0.000000000 0.588666851 0.411333149
JK:/crcc/cc: 0.742812613 0.257187387 0.000000000
JK:/crcc/cr: 0.000000000 0.890532361 0.109467639
JK:/crcc/rc: 0.000000000 0.390258974 0.609741026
JK:/crcc/rf: 0.000000000 0.642632832 0.357367168
JK:/crcf/c: 0.713527064 0.286472936 0.000000000
JK:/crcf/r: 0.000000000 0.874224223 0.125775777
JK:/rcc/cc: 1.000000000 0.000000000 0.000000000
JK:/rcc/cr: 0.000000000 0.102459167 0.897540833
JK:/rcc/rc: 0.000000000 0.000000000 1.000000000
JK:/rcc/rf: 0.000000000 0.205705616 0.794294384
JK:/rfc/c: 0.029647932 0.970352068 0.000000000
JK:/rfc/r: 0.000000000 0.910649172 0.089350828
JQ:/ccc/cc: 0.516175211 0.483824789 0.000000000
JQ:/ccc/cr: 0.000000000 0.512404893 0.487595107
JQ:/ccc/rc: 0.000000000 0.379431708 0.620568292
JQ:/ccc/rf: 0.000000000 0.351892086 0.648107914
JQ:/ccrcc/cc: 0.528540682 0.471459318 0.000000000
JQ:/ccrcc/cr: 0.000000000 0.296221358 0.703778642
JQ:/ccrcc/rc: 0.000000000 0.168953374 0.831046626
JQ:/ccrcc/rf: 0.000000000 0.418338127 0.581661873
JQ:/ccrcf/c: 0.506452173 0.493547827 0.000000000
JQ:/ccrcf/r: 0.000000000 0.220858865 0.779141135
JQ:/ccrfc/c: 0.436689028 0.563310972 0.000000000
JQ:/ccrfc/r: 0.000000000 0.411094769 0.588905231
JQ:/crcc/cc: 0.155646847 0.844353153 0.000000000
JQ:/crcc/cr: 0.000000000 0.887743682 0.112256318
JQ:/crcc/rc: 0.000000000 0.563434244 0.436565756
JQ:/crcc/rf: 0.000000000 0.356836372 0.643163628
JQ:/crcf/c: 0.352606994 0.647393006 0.000000000
JQ:/crcf/r: 0.000000000 0.325665592 0.674334408
JQ:/rcc/cc: 1.000000000 0.000000000 0.000000000
JQ:/rcc/cr: 0.000000000 0.000000000 1.000000000
JQ:/rcc/rc: 0.000000000 0.000000000 1.000000000
JQ:/rcc/rf: 0.000000000 0.701760281 0.298239719
JQ:/rfc/c: 0.624169330 0.375830670 0.000000000
JQ:/rfc/r: 0.000000000 0.889728428 0.110271572
JT:/ccc/cc: 0.430212168 0.569787832 0.000000000
JT:/ccc/cr: 0.000000000 0.626836330 0.373163670
JT:/ccc/rc: 0.000000000 0.622476855 0.377523145
JT:/ccc/rf: 0.000000000 0.264504574 0.735495426
JT:/ccrcc/cc: 0.600002053 0.399997947 0.000000000
JT:/ccrcc/cr: 0.000000000 0.085933344 0.914066656
JT:/ccrcc/rc: 0.000000000 0.492567986 0.507432014
JT:/ccrcc/rf: 0.000000000 0.735873183 0.264126817
JT:/ccrcf/c: 0.269861485 0.730138515 0.000000000
JT:/ccrcf/r: 0.000000000 0.663654336 0.336345664
JT:/ccrfc/c: 0.550638304 0.449361696 0.000000000
JT:/ccrfc/r: 0.000000000 0.229290058 0.770709942
JT:/crcc/cc: 0.490682506 0.509317494 0.000000000
JT:/crcc/cr: 0.000000000 0.476062941 0.523937059
JT:/crcc/rc: 0.000000000 0.479319350 0.520680650
JT:/crcc/rf: 0.000000000 0.479606773 0.520393227
JT:/crcf/c: 0.058433214 0.941566786 0.000000000
JT:/crcf/r: 0.000000000 0.747004127 0.252995873
JT:/rcc/cc: 1.000000000 0.000000000 0.000000000
JT:/rcc/cr: 0.000000000 0.000000000 1.000000000
JT:/rcc/rc: 0.000000000 0.676581411 0.323418589
JT:/rcc/rf: 0.000000000 0.773983629 0.226016371
JT:/rfc/c: 0.617132758 0.382867242 0.000000000
JT:/rfc/r: 0.000000000 0.899518847 0.100481153
K:/cc: 0.146272388 0.853727612 0.000000000
K:/cr: 0.000000000 0.771976694 0.228023306
K:/rc: 0.000000000 1.000000000 0.000000000
K:/rf: 0.000000000 0.680279814 0.319720186
KA:/ccc/cc: 0.933200008 0.066799992 0.000000000
KA:/ccc/cr: 0.000000000 0.164394239 0.835605761
KA:/ccc/rc: 0.000000000 0.758643433 0.241356567
KA:/ccc/rf: 0.000000000 0.012077355 0.987922645
KA:/ccrcc/cc: 0.617154343 0.382845657 0.000000000
KA:/ccrcc/cr: 0.000000000 0.850940680 0.149059320
KA:/ccrcc/rc: 0.000000000 0.541261892 0.458738108
KA:/ccrcc/rf: 0.000000000 0.472954004 0.527045996
KA:/ccrcf/c: 0.518866766 0.481133234 0.000000000
KA:/ccrcf/r: 0.000000000 0.489809736 0.510190264
KA:/ccrfc/c: 0.168482253 0.831517747 0.000000000
KA:/ccrfc/r: 0.000000000 0.817957321 0.182042679
KA:/crcc/cc: 0.434783738 0.565216262 0.000000000
KA:/crcc/cr: 0.000000000 0.037730617 0.962269383
KA:/crcc/rc: 0.000000000 0.355741240 0.644258760
KA:/crcc/rf: 0.000000000 0.073037280 0.926962720
KA:/crcf/c: 0.465056464 0.534943536 0.000000000
KA:/crcf/r: 0.000000000 0.658998614 0.341001386
KA:/rcc/cc: 0.560500938 0.439499062 0.000000000
KA:/rcc/cr: 0.000000000 1.000000000 0.000000000
KA:/rcc/rc: 0.000000000 1.000000000 0.000000000
KA:/rcc/rf: 0.000000000 0.534670632 0.465329368
KA:/rfc/c: 0.209157368 0.790842632 0.000000000
KA:/rfc/r: 0.000000000 0.601924723 0.398075277
KJ:/ccc/cc: 0.194519341 0.805480659 0.000000000
KJ:/ccc/cr: 0.000000000 0.813928098 0.186071902
KJ:/ccc/rc: 0.000000000 0.278119810 0.721880190
KJ:/ccc/rf: 0.000000000 0.239206707 0.760793293
KJ:/ccrcc/cc: 0.614068686 0.385931314 0.000000000
KJ:/ccrcc/cr: 0.000000000 0.463720937 0.536279063
KJ:/ccrcc/rc: 0.000000000 0.782955459 0.217044541
KJ:/ccrcc/rf: 0.000000000 0.923012927 0.076987073
KJ:/ccrcf/c: 0.481070266 0.518929734 0.000000000
KJ:/ccrcf/r: 0.000000000 0.510234412 0.489765588
KJ:/ccrfc/c: 0.486428895 0.513571105 0.000000000
KJ:/ccrfc/r: 0.000000000 0.413794052 0.586205948
KJ:/crcc/cc: 0.320340007 0.679659993 0.000000000
KJ:/crcc/cr: 0.000000000 0.883626997 0.116373003
KJ:/crcc/rc: 0.000000000 0.805945112 0.194054888
KJ:/crcc/rf: 0.000000000 0.149029635 0.850970365
KJ:/crcf/c: 0.700255297 0.299744703 0.000000000
KJ:/crcf/r: 0.000000000 0.230544100 0.769455900
KJ:/rcc/cc: 0.205979921 0.794020079 0.000000000
KJ:/rcc/cr: 0.000000000 0.491512634 0.508487366
KJ:/rcc/rc: 0.000000000 0.947915024 0.052084976
KJ:/rcc/rf: 0.000000000 0.260140897 0.739859103
KJ:/rfc/c: 0.946707008 0.053292992 0.000000000
KJ:/rfc/r: 0.000000000 0.749088023 0.250911977
KQ:/ccc/cc: 0.566132928 0.433867072 0.000000000
KQ:/ccc/cr: 0.000000000 0.356622515 0.643377485
KQ:/ccc/rc: 0.000000000 0.385264526 0.614735474
KQ:/ccc/rf: 0.000000000 0.228724005 0.771275995
KQ:/ccrcc/cc: 0.650147790 0.349852210 0.000000000
KQ:/ccrcc/cr: 0.000000000 0.449961491 0.550038509
KQ:/ccrcc/rc: 0.000000000 0.732929405 0.267070595
KQ:/ccrcc/rf: 0.000000000 0.267238179 0.732761821
KQ:/ccrcf/c: 0.343922944 0.656077056 0.000000000
KQ:/ccrcf/r: 0.000000000 0.980002729 0.019997271
KQ:/ccrfc/c: 0.071012520 0.928987480 0.000000000
KQ:/ccrfc/r: 0.000000000 0.294599054 0.705400946
KQ:/crcc/cc: 0.615900574 0.384099426 0.000000000
KQ:/crcc/cr: 0.000000000 0.356141188 0.643858812
KQ:/crcc/rc: 0.000000000 0.112335316 0.887664684
KQ:/crcc/rf: 0.000000000 0.163234035 0.836765965
KQ:/crcf/c: 0.432326508 0.567673492 0.000000000
KQ:/crcf/r: 0.000000000 0.515495147 0.484504853
KQ:/rcc/cc: 0.144221429 0.855778571 0.000000000
KQ:/rcc/cr: 0.000000000 0.568216763 0.431783237
KQ:/rcc/rc: 0.000000000 0.443859303 0.556140697
KQ:/rcc/rf: 0.000000000 0.153273114 0.846726886
KQ:/rfc/c: 0.249038805 0.750961195 0.000000000
KQ:/rfc/r: 0.000000000 0.594039059 0.405960941
KT:/ccc/cc: 0.574635927 0.425364073 0.000000000
KT:/ccc/cr: 0.000000000 0.999999972 0.000000028
KT:/ccc/rc: 0.000000000 0.150706721 0.849293279
KT:/ccc/rf: 0.000000000 0.503803862 0.496196138
KT:/ccrcc/cc: 0.006858749 0.993141251 0.000000000
KT:/ccrcc/cr: 0.000000000 0.442965868 0.557034132
KT:/ccrcc/rc: 0.000000000 0.386216220 0.613783780
KT:/ccrcc/rf: 0.000000000 0.479419073 0.520580927
KT:/ccrcf/c: 0.320108911 0.679891089 0.000000000
KT:/ccrcf/r: 0.000000000 0.301867358 0.698132642
KT:/ccrfc/c: 0.634856276 0.365143724 0.000000000
KT:/ccrfc/r: 0.000000000 0.822310767 0.177689233
KT:/crcc/cc: 0.464370123 0.535629877 0.000000000
KT:/crcc/cr: 0.000000000 0.547895085 0.452104915
KT:/crcc/rc: 0.000000000 0.911682899 0.088317101
KT:/crcc/rf: 0.000000000 0.243458559 0.756541441
KT:/crcf/c: 0.892948672 0.107051328 0.000000000
KT:/crcf/r: 0.000000000 0.922829259 0.077170741
KT:/rcc/cc: 0.175432365 0.824567635 0.000000000
KT:/rcc/cr: 0.000000000 0.498547742 0.501452258
KT:/rcc/rc: 0.000000000 0.619630751 0.380369249
KT:/rcc/rf: 0.000000000 0.706411189 0.293588811
KT:/rfc/c: 0.510374163 0.489625837 0.000000000
KT:/rfc/r: 0.000000000 0.530973095 0.469026905
Q:/cc: 0.525477583 0.474522417 0.000000000
Q:/cr: 0.000000000 0.495688114 0.504311886
Q:/rc: 0.000000000 0.203853214 0.796146786
Q:/rf: 0.000000000 0.185926230 0.814073770
QA:/ccc/cc: 0.249293369 0.750706631 0.000000000
QA:/ccc/cr: 0.000000000 0.535600932 0.464399068
QA:/ccc/rc: 0.000000000 0.591783970 0.408216030
QA:/ccc/rf: 0.000000000 0.314908039 0.685091961
QA:/ccrcc/cc: 0.897308661 0.102691339 0.000000000
QA:/ccrcc/cr: 0.000000000 0.594445320 0.405554680
QA:/ccrcc/rc: 0.000000000 0.951839336 0.048160664
QA:/ccrcc/rf: 0.000000000 0.373558300 0.626441700
QA:/ccrcf/c: 0.862080924 0.137919076 0.000000000
QA:/ccrcf/r: 0.000000000 0.382573659 0.617426341
QA:/ccrfc/c: 0.549471271 0.450528729 0.000000000
QA:/ccrfc/r: 0.000000000 0.686461945 0.313538055
QA:/crcc/cc: 0.455715678 0.544284322 0.000000000
QA:/crcc/cr: 0.000000000 0.507803746 0.492196254
QA:/crcc/rc: 0.000000000 0.406354045 0.593645955
QA:/crcc/rf: 0.000000000 0.541106352 0.458893648
QA:/crcf/c: 0.507615916 0.492384084 0.000000000
QA:/crcf/r: 0.000000000 0.534965613 0.465034387
QA:/rcc/cc: 0.099102566 0.900897434 0.000000000
QA:/rcc/cr: 0.000000000 0.033871678 0.966128322
QA:/rcc/rc: 0.000000000 0.000000000 1.000000000
QA:/rcc/rf: 0.000000000 0.477868258 0.522131742
QA:/rfc/c: 0.457148646 0.542851354 0.000000000
QA:/rfc/r: 0.000000000 0.371565594 0.628434406
QJ:/ccc/cc: 0.353822338 0.646177662 0.000000000
QJ:/ccc/cr: 0.000000000 0.056948629 0.943051371
QJ:/ccc/rc: 0.000000000 0.581419500 0.418580500
QJ:/ccc/rf: 0.000000000 0.303975809 0.696024191
QJ:/ccrcc/cc: 0.734372057 0.265627943 0.000000000
QJ:/ccrcc/cr: 0.000000000 0.007337861 0.992662139
QJ:/ccrcc/rc: 0.000000000 0.240822140 0.759177860
QJ:/ccrcc/rf: 0.000000000 0.388650227 0.611349773
QJ:/ccrcf/c: 0.014014608 0.985985392 0.000000000
QJ:/ccrcf/r: 0.000000000 0.464518563 0.535481437
QJ:/ccrfc/c: 0.461901122 0.538098878 0.000000000
QJ:/ccrfc/r: 0.000000000 0.515275880 0.484724120
QJ:/crcc/cc: 0.704638575 0.295361425 0.000000000
QJ:/crcc/cr: 0.000000000 0.413161328 0.586838672
QJ:/crcc/rc: 0.000000000 0.457171557 0.542828443
QJ:/crcc/rf: 0.000000000 0.435518192 0.564481808
QJ:/crcf/c: 0.816039506 0.183960494 0.000000000
QJ:/crcf/r: 0.000000000 0.944282573 0.055717427
QJ:/rcc/cc: 0.999766485 0.000233515 0.000000000
QJ:/rcc/cr: 0.000000000 0.000000000 1.000000000
QJ:/rcc/rc: 0.000000000 0.110449725 0.889550275
QJ:/rcc/rf: 0.000000000 0.661668553 0.338331447
QJ:/rfc/c: 0.578582472 0.421417528 0.000000000
QJ:/rfc/r: 0.000000000 0.749714203 0.250285797
QK:/ccc/cc: 0.176992179 0.823007821 0.000000000
QK:/ccc/cr: 0.000000000 0.247231983 0.752768017
QK:/ccc/rc: 0.000000000 0.147970635 0.852029365
QK:/ccc/rf: 0.000000000 0.687728645 0.312271355
QK:/ccrcc/cc: 0.937889975 0.062110025 0.000000000
QK:/ccrcc/cr: 0.000000000 0.483185827 0.516814173
QK:/ccrcc/rc: 0.000000000 0.601952109 0.398047891
QK:/ccrcc/rf: 0.000000000 0.605301697 0.394698303
QK:/ccrcf/c: 0.396323291 0.603676709 0.000000000
QK:/ccrcf/r: 0.000000000 0.336382924 0.663617076
QK:/ccrfc/c: 0.523382609 0.476617391 0.000000000
QK:/ccrfc/r: 0.000000000 0.531039508 0.468960492
QK:/crcc/cc: 0.453332122 0.546667878 0.000000000
QK:/crcc/cr: 0.000000000 0.450952464 0.549047536
QK:/crcc/rc: 0.000000000 0.428931366 0.571068634
QK:/crcc/rf: 0.000000000 0.487464958 0.512535042
QK:/crcf/c: 0.771944085 0.228055915 0.000000000
QK:/crcf/r: 0.000000000 0.576684984 0.423315016
QK:/rcc/cc: 0.000000000 1.000000000 0.000000000
QK:/rcc/cr: 0.000000000 0.091465585 0.908534415
QK:/rcc/rc: 0.000000000 0.000000000 1.000000000
QK:/rcc/rf: 0.000000000 0.914523500 0.085476500
QK:/rfc/c: 0.442047411 0.557952589 0.000000000
QK:/rfc/r: 0.000000000 0.392950438 0.607049562
QT:/ccc/cc: 0.445039518 0.554960482 0.000000000
QT:/ccc/cr: 0.000000000 0.027110562 0.972889438
QT:/ccc/rc: 0.000000000 0.323498433 0.676501567
QT:/ccc/rf: 0.000000000 0.753191016 0.246808984
QT:/ccrcc/cc: 0.378222605 0.621777395 0.000000000
QT:/ccrcc/cr: 0.000000000 0.466027634 0.533972366
QT:/ccrcc/rc: 0.000000000 0.425203641 0.574796359
QT:/ccrcc/rf: 0.000000000 0.847960269 0.152039731
QT:/ccrcf/c: 0.405237997 0.594762003 0.000000000
QT:/ccrcf/r: 0.000000000 0.089617321 0.910382679
QT:/ccrfc/c: 0.393210863 0.606789137 0.000000000
QT:/ccrfc/r: 0.000000000 0.123128942 0.876871058
QT:/crcc/cc: 0.533524198 0.466475802 0.000000000
QT:/crcc/cr: 0.000000000 0.055373397 0.944626603
QT:/crcc/rc: 0.000000000 0.223208351 0.776791649
QT:/crcc/rf: 0.000000000 0.702781394 0.297218606
QT:/crcf/c: 0.419304184 0.580695816 0.000000000
QT:/crcf/r: 0.000000000 0.285475407 0.714524593
QT:/rcc/cc: 1.000000000 0.000000000 0.000000000
QT:/rcc/cr: 0.000000000 0.000000000 1.000000000
QT:/rcc/rc: 0.000000000 0.381603249 0.618396751
QT:/rcc/rf: 0.000000000 0.236985934 0.763014066
QT:/rfc/c: 0.438042144 0.561957856 0.000000000
QT:/rfc/r: 0.000000000 0.474980816 0.525019184
T:/cc: 0.395553850 0.604446150 0.000000000
T:/cr: 0.000000000 0.659483712 0.340516288
T:/rc: 0.000000000 0.040128894 0.959871106
T:/rf: 0.000000000 0.709861111 0.290138889
TA:/ccc/cc: 0.599099243 0.400900757 0.000000000
TA:/ccc/cr: 0.000000000 0.326636763 0.673363237
TA:/ccc/rc: 0.000000000 0.405803726 0.594196274
TA:/ccc/rf: 0.000000000 0.213568324 0.786431676
TA:/ccrcc/cc: 0.355250903 0.644749097 0.000000000
TA:/ccrcc/cr: 0.000000000 0.876631031 0.123368969
TA:/ccrcc/rc: 0.000000000 0.337656120 0.662343880
TA:/ccrcc/rf: 0.000000000 0.359902129 0.640097871
TA:/ccrcf/c: 0.268359918 0.731640082 0.000000000
TA:/ccrcf/r: 0.000000000 0.549797786 0.450202214
TA:/ccrfc/c: 0.833697296 0.166302704 0.000000000
TA:/ccrfc/r: 0.000000000 0.875702541 0.124297459
TA:/crcc/cc: 0.942241306 0.057758694 0.000000000
TA:/crcc/cr: 0.000000000 0.609312383 0.390687617
TA:/crcc/rc: 0.000000000 0.460341628 0.539658372
TA:/crcc/rf: 0.000000000 0.447038725 0.552961275
TA:/crcf/c: 0.457418587 0.542581413 0.000000000
TA:/crcf/r: 0.000000000 0.271219075 0.728780925
TA:/rcc/cc: 1.000000000 0.000000000 0.000000000
TA:/rcc/cr: 0.000000000 0.336522481 0.663477519
TA:/rcc/rc: 0.000000000 0.000000000 1.000000000
TA:/rcc/rf: 0.000000000 0.524600788 0.475399212
TA:/rfc/c: 0.624150214 0.375849786 0.000000000
TA:/rfc/r: 0.000000000 0.473622058 0.526377942
TJ:/ccc/cc: 0.244998764 0.755001236 0.000000000
TJ:/ccc/cr: 0.000000000 0.572329816 0.427670184
TJ:/ccc/rc: 0.000000000 0.388687505 0.611312495
TJ:/ccc/rf: 0.000000000 0.491378869 0.508621131
TJ:/ccrcc/cc: 0.152106722 0.847893278 0.000000000
TJ:/ccrcc/cr: 0.000000000 0.688285369 0.311714631
TJ:/ccrcc/rc: 0.000000000 0.523783656 0.476216344
TJ:/ccrcc/rf: 0.000000000 0.584175100 0.415824900
TJ:/ccrcf/c: 0.641971126 0.358028874 0.000000000
TJ:/ccrcf/r: 0.000000000 0.720059695 0.279940305
TJ:/ccrfc/c: 0.772453079 0.227546921 0.000000000
TJ:/ccrfc/r: 0.000000000 0.881044970 0.118955030
TJ:/crcc/cc: 0.082173383 0.917826617 0.000000000
TJ:/crcc/cr: 0.000000000 0.386020741 0.613979259
TJ:/crcc/rc: 0.000000000 0.283102357 0.716897643
TJ:/crcc/rf: 0.000000000 0.292088208 0.707911792
TJ:/crcf/c: 0.427507550 0.572492450 0.000000000
TJ:/crcf/r: 0.000000000 0.723088116 0.276911884
TJ:/rcc/cc: 0.999785532 0.000214468 0.000000000
TJ:/rcc/cr: 0.000000000 0.000000000 1.000000000
TJ:/rcc/rc: 0.000000000 0.506931576 0.493068424
TJ:/rcc/rf: 0.000000000 0.447929301 0.552070699
TJ:/rfc/c: 0.033117367 0.966882633 0.000000000
TJ:/rfc/r: 0.000000000 0.591043331 0.408956669
TK:/ccc/cc: 0.722835556 0.277164444 0.000000000
TK:/ccc/cr: 0.000000000 0.379082197 0.620917803
TK:/ccc/rc: 0.000000000 0.424440121 0.575559879
TK:/ccc/rf: 0.000000000 0.159334434 0.840665566
TK:/ccrcc/cc: 0.251816962 0.748183038 0.000000000
TK:/ccrcc/cr: 0.000000000 0.320815873 0.679184127
TK:/ccrcc/rc: 0.000000000 0.540205819 0.459794181
TK:/ccrcc/rf: 0.000000000 0.229024159 0.770975841
TK:/ccrcf/c: 0.575199100 0.424800900 0.000000000
TK:/ccrcf/r: 0.000000000 0.217891589 0.782108411
TK:/ccrfc/c: 0.311515919 0.688484081 0.000000000
TK:/ccrfc/r: 0.000000000 0.487036490 0.512963510
TK:/crcc/cc: 0.331356769 0.668643231 0.000000000
TK:/crcc/cr: 0.000000000 0.364418414 0.635581586
TK:/crcc/rc: 0.000000000 0.428052297 0.571947703
TK:/crcc/rf: 0.000000000 0.644037101 0.355962899
TK:/crcf/c: 0.607067157 0.392932843 0.000000000
TK:/crcf/r: 0.000000000 0.104968045 0.895031955
TK:/rcc/cc: 1.000000000 0.000000000 0.000000000
TK:/rcc/cr: 0.000000000 0.339904005 0.660095995
TK:/rcc/rc: 0.000000000 0.000000000 1.000000000
TK:/rcc/rf: 0.000000000 0.423337404 0.576662596
TK:/rfc/c: 0.902011964 0.097988036 0.000000000
TK:/rfc/r: 0.000000000 0.046700593 0.953299407
TQ:/ccc/cc: 0.283176207 0.716823793 0.000000000
TQ:/ccc/cr: 0.000000000 0.333812215 0.666187785
TQ:/ccc/rc: 0.000000000 0.446575772 0.553424228
TQ:/ccc/rf: 0.000000000 0.588188524 0.411811476
TQ:/ccrcc/cc: 0.397326766 0.602673234 0.000000000
TQ:/ccrcc/cr: 0.000000000 0.460705068 0.539294932
TQ:/ccrcc/rc: 0.000000000 0.399537044 0.600462956
TQ:/ccrcc/rf: 0.000000000 0.749231901 0.250768099
TQ:/ccrcf/c: 0.876423724 0.123576276 0.000000000
TQ:/ccrcf/r: 0.000000000 0.277740042 0.722259958
TQ:/ccrfc/c: 0.502723791 0.497276209 0.000000000
TQ:/ccrfc/r: 0.000000000 0.437255503 0.562744497
TQ:/crcc/cc: 0.641087295 0.358912705 0.000000000
TQ:/crcc/cr: 0.000000000 0.718336563 0.281663437
TQ:/crcc/rc: 0.000000000 0.360013496 0.639986504
TQ:/crcc/rf: 0.000000000 0.159545139 0.840454861
TQ:/crcf/c: 0.343447893 0.656552107 0.000000000
TQ:/crcf/r: 0.000000000 0.206148271 0.793851729
TQ:/rcc/cc: 1.000000000 0.000000000 0.000000000
TQ:/rcc/cr: 0.000000000 0.000000000 1.000000000
TQ:/rcc/rc: 0.000000000 0.000000000 1.000000000
TQ:/rcc/rf: 0.000000000 0.674902713 0.325097287
TQ:/rfc/c: 0.571534712 0.428465288 0.000000000
TQ:/rfc/r: 0.000000000 0.748059047 0.251940953
