A:/c: 0.896191791 0.103808209 0.000000000
A:/cccrc: 0.000000000 0.540692477 0.459307523
A:/cccrf: 0.000000000 0.545172927 0.454827073
A:/ccrcc: 0.000000000 0.516440718 0.483559282
A:/ccrcf: 0.000000000 0.936010982 0.063989018
A:/ccrfc: 0.000000000 0.604061069 0.395938931
A:/ccrff: 0.000000000 0.940078125 0.059921875
A:/r: 0.000000000 0.823357970 0.176642030
J:/c: 0.257201707 0.742798293 0.000000000
J:/cccrc: 0.000000000 0.168257355 0.831742645
J:/cccrf: 0.000000000 0.392824292 0.607175708
J:/ccrcc: 0.000000000 0.741980837 0.258019163
J:/ccrcf: 0.000000000 0.077581518 0.922418482
J:/ccrfc: 0.000000000 0.691425109 0.308574891
J:/ccrff: 0.000000000 0.044267793 0.955732207
J:/r: 0.000000000 0.676730769 0.323269231
K:/c: 0.748124604 0.251875396 0.000000000
K:/cccrc: 0.000000000 0.907339991 0.092660009
K:/cccrf: 0.000000000 0.479271205 0.520728795
K:/ccrcc: 0.000000000 0.185499255 0.814500745
K:/ccrcf: 0.000000000 0.448989018 0.551010982
K:/ccrfc: 0.000000000 0.622486117 0.377513883
K:/ccrff: 0.000000000 0.372667696 0.627332304
K:/r: 0.000000000 0.357977749 0.642022251
Q:/c: 0.243256023 0.756743977 0.000000000
Q:/cccrc: 0.000000000 0.505545647 0.494454353
Q:/cccrf: 0.000000000 0.375564123 0.624435877
Q:/ccrcc: 0.000000000 0.234269780 0.765730220
Q:/ccrcf: 0.000000000 0.768284983 0.231715017
Q:/ccrfc: 0.000000000 0.642146230 0.357853770
Q:/ccrff: 0.000000000 0.364818441 0.635181559
Q:/r: 0.000000000 0.689470258 0.310529742
T:/c: 0.335473620 0.664526380 0.000000000
T:/cccrc: 0.000000000 0.712791796 0.287208204
T:/cccrf: 0.000000000 0.136024211 0.863975789
T:/ccrcc: 0.000000000 0.646649787 0.353350213
T:/ccrcf: 0.000000000 0.842308250 0.157691750
T:/ccrfc: 0.000000000 0.379589949 0.620410051
T:/ccrff: 0.000000000 0.504096919 0.495903081
T:/r: 0.000000000 0.620002619 0.379997381
