8:/: 0.999625215 0.000374785 0.000000000
8:/cccr: 0.000000000 0.154811023 0.845188977
8:/ccrc: 0.000000000 0.000000000 1.000000000
8:/ccrf: 0.000000000 0.009435026 0.990564974
8:/crcc: 0.000000000 0.000118364 0.999881636
8:/crcf: 0.000000000 0.000000000 1.000000000
8:/crfc: 0.000000000 0.060783536 0.939216464
8:/crff: 0.000000000 0.386766572 0.613233428
9:/: 0.999518996 0.000481004 0.000000000
9:/cccr: 0.000000000 0.005897027 0.994102973
9:/ccrc: 0.000000000 0.000000000 1.000000000
9:/ccrf: 0.000000000 0.066391464 0.933608536
9:/crcc: 0.000000000 0.000112551 0.999887449
9:/crcf: 0.000000000 0.000000000 1.000000000
9:/crfc: 0.000000000 0.000000000 1.000000000
9:/crff: 0.000000000 0.113416786 0.886583214
A:/: 1.000000000 0.000000000 0.000000000
A:/cccr: 0.000000000 1.000000000 0.000000000
A:/ccrc: 0.000000000 1.000000000 0.000000000
A:/ccrf: 0.000000000 1.000000000 0.000000000
A:/crcc: 0.000000000 0.999386749 0.000613251
A:/crcf: 0.000000000 1.000000000 0.000000000
A:/crfc: 0.000000000 0.597280248 0.402719752
A:/crff: 0.000000000 0.364751930 0.635248070
J:/: 0.999301957 0.000698043 0.000000000
J:/cccr: 0.000000000 0.810439114 0.189560886
J:/ccrc: 0.000000000 0.000000000 1.000000000
J:/ccrf: 0.000000000 0.707775898 0.292224102
J:/crcc: 0.000000000 0.000043148 0.999956852
J:/crcf: 0.000000000 0.000028326 0.999971674
J:/crfc: 0.000000000 0.622106029 0.377893971
J:/crff: 0.000000000 0.981850120 0.018149880
K:/: 1.000000000 0.000000000 0.000000000
K:/cccr: 0.000000000 0.999934843 0.000065157
K:/ccrc: 0.000000000 1.000000000 0.000000000
K:/ccrf: 0.000000000 0.764638117 0.235361883
K:/crcc: 0.000000000 0.999813254 0.000186746
K:/crcf: 0.000000000 1.000000000 0.000000000
K:/crfc: 0.000000000 0.712057903 0.287942097
K:/crff: 0.000000000 0.698116025 0.301883975
Q:/: 0.999154685 0.000845315 0.000000000
Q:/cccr: 0.000000000 1.000000000 0.000000000
Q:/ccrc: 0.000000000 0.627035330 0.372964670
Q:/ccrf: 0.000000000 0.319335769 0.680664231
Q:/crcc: 0.000000000 0.562648901 0.437351099
Q:/crcf: 0.000000000 1.000000000 0.000000000
Q:/crfc: 0.000000000 0.666328472 0.333671528
Q:/crff: 0.000000000 1.000000000 0.000000000
T:/: 0.999492829 0.000507171 0.000000000
T:/cccr: 0.000000000 0.569002751 0.430997249
T:/ccrc: 0.000000000 0.000000000 1.000000000
T:/ccrf: 0.000000000 0.294718510 0.705281490
T:/crcc: 0.000000000 0.000075522 0.999924478
T:/crcf: 0.000000000 0.000000000 1.000000000
T:/crfc: 0.000000000 0.436228527 0.563771473
T:/crff: 0.000000000 0.781170313 0.218829687
