8:/c: 0.143508338 0.856491662 0.000000000
8:/cccrc: 0.000000000 0.309453077 0.690546923
8:/cccrf: 0.000000000 0.027464815 0.972535185
8:/ccrcc: 0.000000000 0.248215455 0.751784545
8:/ccrcf: 0.000000000 0.396247686 0.603752314
8:/ccrfc: 0.000000000 0.168197756 0.831802244
8:/ccrff: 0.000000000 0.103191443 0.896808557
8:/r: 0.000000000 1.000000000 0.000000000
9:/c: 0.531126157 0.468873843 0.000000000
9:/cccrc: 0.000000000 0.425320237 0.574679763
9:/cccrf: 0.000000000 0.559298255 0.440701745
9:/ccrcc: 0.000000000 0.489701554 0.510298446
9:/ccrcf: 0.000000000 0.635887779 0.364112221
9:/ccrfc: 0.000000000 0.556791649 0.443208351
9:/ccrff: 0.000000000 0.452354821 0.547645179
9:/r: 0.000000000 1.000000000 0.000000000
A:/c: 0.914261140 0.085738860 0.000000000
A:/cccrc: 0.000000000 0.412061685 0.587938315
A:/cccrf: 0.000000000 0.727513120 0.272486880
A:/ccrcc: 0.000000000 0.981531420 0.018468580
A:/ccrcf: 0.000000000 0.963105599 0.036894401
A:/ccrfc: 0.000000000 0.999960085 0.000039915
A:/ccrff: 0.000000000 0.999910600 0.000089400
A:/r: 0.000000000 1.000000000 0.000000000
J:/c: 0.891074308 0.108925692 0.000000000
J:/cccrc: 0.000000000 0.062177433 0.937822567
J:/cccrf: 0.000000000 0.628069931 0.371930069
J:/ccrcc: 0.000000000 0.653953189 0.346046811
J:/ccrcf: 0.000000000 0.414044401 0.585955599
J:/ccrfc: 0.000000000 0.637786970 0.362213030
J:/ccrff: 0.000000000 0.821797317 0.178202683
J:/r: 0.000000000 1.000000000 0.000000000
K:/c: 0.955896383 0.044103617 0.000000000
K:/cccrc: 0.000000000 0.799992024 0.200007976
K:/cccrf: 0.000000000 0.367987611 0.632012389
K:/ccrcc: 0.000000000 0.549062811 0.450937189
K:/ccrcf: 0.000000000 0.999967550 0.000032450
K:/ccrfc: 0.000000000 0.889400016 0.110599984
K:/ccrff: 0.000000000 0.999809065 0.000190935
K:/r: 0.000000000 1.000000000 0.000000000
Q:/c: 0.999989351 0.000010649 0.000000000
Q:/cccrc: 0.000000000 0.339170165 0.660829835
Q:/cccrf: 0.000000000 0.114285851 0.885714149
Q:/ccrcc: 0.000000000 0.693897733 0.306102267
Q:/ccrcf: 0.000000000 0.666719272 0.333280728
Q:/ccrfc: 0.000000000 0.796914210 0.203085790
Q:/ccrff: 0.000000000 0.879616657 0.120383343
Q:/r: 0.000000000 1.000000000 0.000000000
T:/c: 0.603082066 0.396917934 0.000000000
T:/cccrc: 0.000000000 0.688896463 0.311103537
T:/cccrf: 0.000000000 0.087481240 0.912518760
T:/ccrcc: 0.000000000 0.079385403 0.920614597
T:/ccrcf: 0.000000000 0.693519022 0.306480978
T:/ccrfc: 0.000000000 0.540707047 0.459292953
T:/ccrff: 0.000000000 0.621658846 0.378341154
T:/r: 0.000000000 1.000000000 0.000000000
