8:/cc: 0.548315085 0.451684915 0.000000000
8:/cccrcc: 0.000000000 0.664007036 0.335992964
8:/cccrcf: 0.000000000 0.555317534 0.444682466
8:/cccrfc: 0.000000000 0.431199641 0.568800359
8:/cccrff: 0.000000000 0.550409144 0.449590856
8:/cr: 0.000000000 0.689379783 0.310620217
8:/rc: 0.000000000 0.000000000 1.000000000
8:/rf: 0.000000000 0.431348216 0.568651784
9:/cc: 0.539851855 0.460148145 0.000000000
9:/cccrcc: 0.000000000 0.606115545 0.393884455
9:/cccrcf: 0.000000000 0.609663782 0.390336218
9:/cccrfc: 0.000000000 0.714988228 0.285011772
9:/cccrff: 0.000000000 0.111936586 0.888063414
9:/cr: 0.000000000 0.935586145 0.064413855
9:/rc: 0.000000000 0.000000000 1.000000000
9:/rf: 0.000000000 0.011277736 0.988722264
A:/cc: 0.596906913 0.403093087 0.000000000
A:/cccrcc: 0.000000000 0.538241154 0.461758846
A:/cccrcf: 0.000000000 0.681453487 0.318546513
A:/cccrfc: 0.000000000 0.162490694 0.837509306
A:/cccrff: 0.000000000 0.715124507 0.284875493
A:/cr: 0.000000000 0.475625944 0.524374056
A:/rc: 0.000000000 1.000000000 0.000000000
A:/rf: 0.000000000 1.000000000 0.000000000
J:/cc: 0.691825878 0.308174122 0.000000000
J:/cccrcc: 0.000000000 0.660513379 0.339486621
J:/cccrcf: 0.000000000 0.283772710 0.716227290
J:/cccrfc: 0.000000000 0.280078491 0.719921509
J:/cccrff: 0.000000000 0.126479118 0.873520882
J:/cr: 0.000000000 0.569493720 0.430506280
J:/rc: 0.000000000 0.000000000 1.000000000
J:/rf: 0.000000000 0.586280646 0.413719354
K:/cc: 0.378053805 0.621946195 0.000000000
K:/cccrcc: 0.000000000 0.281251054 0.718748946
K:/cccrcf: 0.000000000 0.267894647 0.732105353
K:/cccrfc: 0.000000000 0.320124192 0.679875808
K:/cccrff: 0.000000000 0.175611972 0.824388028
K:/cr: 0.000000000 0.536113857 0.463886143
K:/rc: 0.000000000 1.000000000 0.000000000
K:/rf: 0.000000000 0.470602129 0.529397871
Q:/cc: 0.633492408 0.366507592 0.000000000
Q:/cccrcc: 0.000000000 0.526393894 0.473606106
Q:/cccrcf: 0.000000000 0.389359306 0.610640694
Q:/cccrfc: 0.000000000 0.613841185 0.386158815
Q:/cccrff: 0.000000000 0.395097691 0.604902309
Q:/cr: 0.000000000 0.880060065 0.119939935
Q:/rc: 0.000000000 1.000000000 0.000000000
Q:/rf: 0.000000000 0.464463932 0.535536068
T:/cc: 0.828547687 0.171452313 0.000000000
T:/cccrcc: 0.000000000 0.655090363 0.344909637
T:/cccrcf: 0.000000000 0.567828416 0.432171584
T:/cccrfc: 0.000000000 0.067868851 0.932131149
T:/cccrff: 0.000000000 0.636286444 0.363713556
T:/cr: 0.000000000 0.472045073 0.527954927
T:/rc: 0.000000000 0.000000000 1.000000000
T:/rf: 0.000000000 0.581615135 0.418384865
