8:/ccc: 0.508064741 0.491935259 0.000000000
8:/ccr: 0.000000000 0.063601703 0.936398297
8:/crc: 0.000000000 0.473653311 0.526346689
8:/crf: 0.000000000 0.696360111 0.303639889
8:/rcc: 0.000000000 0.000000000 1.000000000
8:/rcf: 0.000000000 0.000000000 1.000000000
8:/rfc: 0.000000000 0.711494358 0.288505642
8:/rff: 0.000000000 0.564510189 0.435489811
9:/ccc: 0.849340135 0.150659865 0.000000000
9:/ccr: 0.000000000 0.587851272 0.412148728
9:/crc: 0.000000000 0.439327530 0.560672470
9:/crf: 0.000000000 0.048399351 0.951600649
9:/rcc: 0.000000000 0.000000000 1.000000000
9:/rcf: 0.000000000 0.000000000 1.000000000
9:/rfc: 0.000000000 0.393655424 0.606344576
9:/rff: 0.000000000 0.640563976 0.359436024
A:/ccc: 0.537278025 0.462721975 0.000000000
A:/ccr: 0.000000000 0.999918009 0.000081991
A:/crc: 0.000000000 0.999983799 0.000016201
A:/crf: 0.000000000 0.307183136 0.692816864
A:/rcc: 0.000000000 1.000000000 0.000000000
A:/rcf: 0.000000000 1.000000000 0.000000000
A:/rfc: 0.000000000 0.494252100 0.505747900
A:/rff: 0.000000000 0.484040776 0.515959224
J:/ccc: 0.623012149 0.376987851 0.000000000
J:/ccr: 0.000000000 0.363616121 0.636383879
J:/crc: 0.000000000 0.229754184 0.770245816
J:/crf: 0.000000000 0.641247039 0.358752961
J:/rcc: 0.000000000 0.000000000 1.000000000
J:/rcf: 0.000000000 0.000000000 1.000000000
J:/rfc: 0.000000000 0.907319685 0.092680315
J:/rff: 0.000000000 0.479958336 0.520041664
K:/ccc: 0.309091391 0.690908609 0.000000000
K:/ccr: 0.000000000 0.574605817 0.425394183
K:/crc: 0.000000000 0.629769877 0.370230123
K:/crf: 0.000000000 0.481997363 0.518002637
K:/rcc: 0.000000000 1.000000000 0.000000000
K:/rcf: 0.000000000 1.000000000 0.000000000
K:/rfc: 0.000000000 0.271240284 0.728759716
K:/rff: 0.000000000 0.305533353 0.694466647
Q:/ccc: 0.561037684 0.438962316 0.000000000
Q:/ccr: 0.000000000 0.798073379 0.201926621
Q:/crc: 0.000000000 0.500170612 0.499829388
Q:/crf: 0.000000000 0.485551759 0.514448241
Q:/rcc: 0.000000000 0.000000000 1.000000000
Q:/rcf: 0.000000000 1.000000000 0.000000000
Q:/rfc: 0.000000000 0.589541720 0.410458280
Q:/rff: 0.000000000 0.621977569 0.378022431
T:/ccc: 0.721627594 0.278372406 0.000000000
T:/ccr: 0.000000000 0.082175511 0.917824489
T:/crc: 0.000000000 0.084012538 0.915987462
T:/crf: 0.000000000 0.283011729 0.716988271
T:/rcc: 0.000000000 0.000000000 1.000000000
T:/rcf: 0.000000000 0.000000000 1.000000000
T:/rfc: 0.000000000 0.570490252 0.429509748
T:/rff: 0.000000000 0.658572982 0.341427018
