A:/: 0.001233060 0.998766940 0.000000000
A:/cccr: 0.864918978 0.135081022 0.000000000
A:/cccrccrc: 0.474919452 0.485879797 0.039200751
A:/cccrccrccrcc: 0.000000000 0.924371483 0.075628517
A:/cccrccrccrcf: 0.000000000 0.371847468 0.628152532
A:/cccrccrccrfc: 0.000000000 0.896533646 0.103466354
A:/cccrccrccrff: 0.000000000 0.894161205 0.105838795
A:/cccrccrf: 0.454457763 0.545542237 0.000000000
A:/cccrccrfcrc: 0.000000000 0.563570324 0.436429676
A:/cccrccrfcrf: 0.000000000 1.000000000 0.000000000
A:/cccrccrr: 0.000000000 1.000000000 0.000000000
A:/cccrcfrc: 1.000000000 0.000000000 0.000000000
A:/cccrcfrf: 0.281194964 0.306351891 0.412453145
A:/cccrcfrr: 0.000000000 1.000000000 0.000000000
A:/cccrcrcc: 0.712965732 0.287034268 0.000000000
A:/cccrcrcf: 0.105936013 0.516230878 0.377833109
A:/cccrcrcr: 0.000000000 0.859613643 0.140386357
A:/cccrcrfc: 0.282845484 0.717154516 0.000000000
A:/cccrcrff: 0.059348633 0.437106510 0.503544857
A:/cccrcrfr: 0.000000000 0.544194299 0.455805701
A:/cccrcrrc: 0.000000000 0.274447596 0.725552404
A:/cccrcrrf: 0.000000000 0.336375442 0.663624558
A:/cccrrccr: 0.000000000 0.567223213 0.432776787
A:/cccrrcfr: 0.000000000 0.568801569 0.431198431
A:/cccrrcrc: 0.000000000 0.226960897 0.773039103
A:/cccrrcrf: 0.000000000 1.000000000 0.000000000
A:/cccrrfcr: 0.000000000 1.000000000 0.000000000
A:/cccrrffr: 0.000000000 1.000000000 0.000000000
A:/cccrrfrc: 0.000000000 1.000000000 0.000000000
A:/cccrrfrf: 0.000000000 0.645296752 0.354703248
A:/cccrrrcc: 0.000000000 1.000000000 0.000000000
A:/cccrrrcf: 0.000000000 0.774708373 0.225291627
A:/cccrrrfc: 0.000000000 1.000000000 0.000000000
A:/cccrrrff: 0.000000000 1.000000000 0.000000000
A:/ccrc: 0.413630765 0.429287318 0.157081916
A:/ccrccrcc: 0.453251933 0.042649178 0.504098888
A:/ccrccrcf: 0.150288248 0.367459985 0.482251767
A:/ccrccrcr: 0.000000000 0.497178929 0.502821071
A:/ccrccrfc: 0.951779678 0.012815514 0.035404808
A:/ccrccrff: 0.050574876 0.543629796 0.405795328
A:/ccrccrfr: 0.000000000 0.453847465 0.546152535
A:/ccrccrrc: 0.000000000 0.538934675 0.461065325
A:/ccrccrrf: 0.000000000 0.493946405 0.506053595
A:/ccrcrccr: 0.000000000 0.339291123 0.660708877
A:/ccrcrcfr: 0.000000000 0.375283628 0.624716372
A:/ccrcrcrc: 0.000000000 0.242816026 0.757183974
A:/ccrcrcrf: 0.000000000 0.945023268 0.054976732
A:/ccrcrfcr: 0.000000000 0.371199292 0.628800708
A:/ccrcrffr: 0.000000000 0.935224279 0.064775721
A:/ccrcrfrc: 0.000000000 0.094107315 0.905892685
A:/ccrcrfrf: 0.000000000 0.250212980 0.749787020
A:/ccrcrrcc: 0.000000000 0.863413583 0.136586417
A:/ccrcrrcf: 0.000000000 0.019485952 0.980514048
A:/ccrcrrfc: 0.000000000 0.625391672 0.374608328
A:/ccrcrrff: 0.000000000 0.248016569 0.751983431
A:/ccrf: 0.368915844 0.110997518 0.520086637
A:/ccrfcrc: 0.223155606 0.457779486 0.319064908
A:/ccrfcrf: 0.368336007 0.115662482 0.516001511
A:/ccrfcrr: 0.000000000 0.649490409 0.350509591
A:/ccrfrcr: 0.000000000 0.722663428 0.277336572
A:/ccrfrfr: 0.000000000 0.187693220 0.812306780
A:/ccrfrrc: 0.000000000 0.112088164 0.887911836
A:/ccrfrrf: 0.000000000 0.506348791 0.493651209
A:/ccrr: 0.765188454 0.119381544 0.115430002
A:/ccrrccrc: 0.000000000 0.589754494 0.410245506
A:/ccrrccrf: 0.000000000 0.296594009 0.703405991
A:/ccrrcfrc: 0.000000000 0.224220488 0.775779512
A:/ccrrcfrf: 0.000000000 0.565210246 0.434789754
A:/ccrrcrcc: 0.000000000 0.543748400 0.456251600
A:/ccrrcrcf: 0.000000000 0.631126508 0.368873492
A:/ccrrcrfc: 0.000000000 0.260300791 0.739699209
A:/ccrrcrff: 0.000000000 0.546839387 0.453160613
A:/crcc: 0.413146747 0.586853253 0.000000000
A:/crccrccr: 0.000000000 0.387427432 0.612572568
A:/crccrcfr: 0.000000000 0.737634574 0.262365426
A:/crccrcrc: 0.000000000 0.133824439 0.866175561
A:/crccrcrf: 0.000000000 0.620496755 0.379503245
A:/crccrfcr: 0.000000000 0.570726333 0.429273667
A:/crccrffr: 0.000000000 0.116110446 0.883889554
A:/crccrfrc: 0.000000000 0.294232921 0.705767079
A:/crccrfrf: 0.000000000 0.459687416 0.540312584
A:/crccrrcc: 0.000000000 0.721384576 0.278615424
A:/crccrrcf: 0.000000000 0.596243951 0.403756049
A:/crccrrfc: 0.000000000 0.572900356 0.427099644
A:/crccrrff: 0.000000000 0.798602763 0.201397237
A:/crcf: 0.253965013 0.746034987 0.000000000
A:/crcfrcr: 0.000000000 0.118401430 0.881598570
A:/crcfrfr: 0.000000000 0.455109133 0.544890867
A:/crcfrrc: 0.000000000 0.544029804 0.455970196
A:/crcfrrf: 0.000000000 0.727506448 0.272493552
A:/crcr: 0.831401784 0.153715670 0.014882546
A:/crcrccrc: 0.000000000 0.722030344 0.277969656
A:/crcrccrf: 0.000000000 0.667999392 0.332000608
A:/crcrcfrc: 0.000000000 0.702011035 0.297988965
A:/crcrcfrf: 0.000000000 0.423103737 0.576896263
A:/crcrcrcc: 0.000000000 0.870472442 0.129527558
A:/crcrcrcf: 0.000000000 0.350716941 0.649283059
A:/crcrcrfc: 0.000000000 1.000000000 0.000000000
A:/crcrcrff: 0.000000000 0.294168793 0.705831207
A:/crfc: 0.545140135 0.320676643 0.134183222
A:/crfcrcr: 0.000000000 0.892657508 0.107342492
A:/crfcrfr: 0.000000000 0.524353582 0.475646418
A:/crfcrrc: 0.000000000 0.703497979 0.296502021
A:/crfcrrf: 0.000000000 0.623093732 0.376906268
A:/crff: 0.111503805 0.594521650 0.293974546
A:/crffrr: 0.000000000 0.597378176 0.402621824
A:/crfr: 0.000000000 1.000000000 0.000000000
A:/crfrcrc: 0.000000000 1.000000000 0.000000000
A:/crfrcrf: 0.000000000 1.000000000 0.000000000
A:/crrc: 0.000000000 0.720373556 0.279626444
A:/crrccrcc: 0.000000000 1.000000000 0.000000000
A:/crrccrcf: 0.000000000 0.198630360 0.801369640
A:/crrccrfc: 0.000000000 0.611196123 0.388803877
A:/crrccrff: 0.000000000 0.213952066 0.786047934
A:/crrf: 0.854049986 0.145950014 0.000000000
A:/crrfcrc: 0.000000000 0.809851666 0.190148334
A:/crrfcrf: 0.000000000 0.228004304 0.771995696
A:/crrr: 0.000000000 0.898430006 0.101569994
A:/rccr: 1.000000000 0.000000000 0.000000000
A:/rccrccrc: 0.000000000 0.688109634 0.311890366
A:/rccrccrf: 0.000000000 0.282067282 0.717932718
A:/rccrcfrc: 0.000000000 0.679018325 0.320981675
A:/rccrcfrf: 0.000000000 0.252074553 0.747925447
A:/rccrcrcc: 0.000000000 1.000000000 0.000000000
A:/rccrcrcf: 0.000000000 0.469753599 0.530246401
A:/rccrcrfc: 0.000000000 1.000000000 0.000000000
A:/rccrcrff: 0.000000000 1.000000000 0.000000000
A:/rcfr: 1.000000000 0.000000000 0.000000000
A:/rcfrcrc: 0.000000000 1.000000000 0.000000000
A:/rcfrcrf: 0.000000000 1.000000000 0.000000000
A:/rcrc: 0.925958656 0.074041344 0.000000000
A:/rcrccrcc: 0.000000000 1.000000000 0.000000000
A:/rcrccrcf: 0.000000000 0.697736562 0.302263438
A:/rcrccrfc: 0.000000000 0.862990795 0.137009205
A:/rcrccrff: 0.000000000 0.872451319 0.127548681
A:/rcrf: 1.000000000 0.000000000 0.000000000
A:/rcrfcrc: 0.000000000 1.000000000 0.000000000
A:/rcrfcrf: 0.000000000 0.841834737 0.158165263
A:/rcrr: 0.000000000 1.000000000 0.000000000
A:/rfcr: 0.513200835 0.486799165 0.000000000
A:/rfcrcrc: 0.000000000 1.000000000 0.000000000
A:/rfcrcrf: 0.000000000 0.339055351 0.660944649
A:/rffr: 0.752870671 0.247129329 0.000000000
A:/rfrc: 0.720155221 0.279844779 0.000000000
A:/rfrf: 0.495474250 0.313262634 0.191263115
A:/rfrr: 0.000000000 1.000000000 0.000000000
A:/rrcc: 1.000000000 0.000000000 0.000000000
A:/rrcf: 0.819205395 0.180794605 0.000000000
A:/rrcr: 0.000000000 1.000000000 0.000000000
A:/rrfc: 1.000000000 0.000000000 0.000000000
A:/rrff: 0.422695535 0.577304465 0.000000000
A:/rrfr: 0.000000000 1.000000000 0.000000000
A:/rrrc: 0.000000000 1.000000000 0.000000000
A:/rrrf: 0.000000000 1.000000000 0.000000000
J:/: 0.000000000 1.000000000 0.000000000
J:/cccr: 0.826710300 0.000000000 0.173289700
J:/cccrccrc: 0.500791883 0.223856719 0.275351398
J:/cccrccrccrcc: 0.000000000 0.433636263 0.566363737
J:/cccrccrccrcf: 0.000000000 0.907173175 0.092826825
J:/cccrccrccrfc: 0.000000000 0.323689300 0.676310700
J:/cccrccrccrff: 0.000000000 0.960441824 0.039558176
J:/cccrccrf: 0.745510521 0.254489479 0.000000000
J:/cccrccrfcrc: 0.000000000 0.748159838 0.251840162
J:/cccrccrfcrf: 0.000000000 0.937556515 0.062443485
J:/cccrccrr: 0.000000000 0.000000000 1.000000000
J:/cccrcfrc: 1.000000000 0.000000000 0.000000000
J:/cccrcfrf: 0.174862794 0.314331482 0.510805725
J:/cccrcfrr: 0.000000000 0.511644082 0.488355918
J:/cccrcrcc: 0.110704594 0.325937134 0.563358272
J:/cccrcrcf: 0.256736744 0.156744166 0.586519090
J:/cccrcrcr: 0.000000000 0.200669791 0.799330209
J:/cccrcrfc: 0.529510074 0.068648569 0.401841357
J:/cccrcrff: 0.692924533 0.036592940 0.270482526
J:/cccrcrfr: 0.000000000 0.221466135 0.778533865
J:/cccrcrrc: 0.000000000 0.624424337 0.375575663
J:/cccrcrrf: 0.000000000 0.341822910 0.658177090
J:/cccrrccr: 0.000000000 0.830153320 0.169846680
J:/cccrrcfr: 0.000000000 0.059583950 0.940416050
J:/cccrrcrc: 0.000000000 0.764450381 0.235549619
J:/cccrrcrf: 0.000000000 0.310948853 0.689051147
J:/cccrrfcr: 0.000000000 0.393910156 0.606089844
J:/cccrrffr: 0.000000000 0.432442395 0.567557605
J:/cccrrfrc: 0.000000000 0.000000000 1.000000000
J:/cccrrfrf: 0.000000000 0.985074395 0.014925605
J:/cccrrrcc: 0.000000000 0.669811149 0.330188851
J:/cccrrrcf: 0.000000000 0.381830106 0.618169894
J:/cccrrrfc: 0.000000000 0.499370928 0.500629072
J:/cccrrrff: 0.000000000 0.000000000 1.000000000
J:/ccrc: 0.000000000 0.500927847 0.499072153
J:/ccrccrcc: 0.213615491 0.498709687 0.287674822
J:/ccrccrcf: 0.068140652 0.426780058 0.505079291
J:/ccrccrcr: 0.000000000 0.812001980 0.187998020
J:/ccrccrfc: 0.487387705 0.457467636 0.055144659
J:/ccrccrff: 0.846533840 0.027528752 0.125937408
J:/ccrccrfr: 0.000000000 0.428724280 0.571275720
J:/ccrccrrc: 0.000000000 0.415515426 0.584484574
J:/ccrccrrf: 0.000000000 0.546615840 0.453384160
J:/ccrcrccr: 0.000000000 0.314169688 0.685830312
J:/ccrcrcfr: 0.000000000 0.019515573 0.980484427
J:/ccrcrcrc: 0.000000000 0.402986576 0.597013424
J:/ccrcrcrf: 0.000000000 0.538542834 0.461457166
J:/ccrcrfcr: 0.000000000 0.647659924 0.352340076
J:/ccrcrffr: 0.000000000 0.830175927 0.169824073
J:/ccrcrfrc: 0.000000000 0.822452709 0.177547291
J:/ccrcrfrf: 0.000000000 0.310439576 0.689560424
J:/ccrcrrcc: 0.000000000 0.406975737 0.593024263
J:/ccrcrrcf: 0.000000000 0.507636877 0.492363123
J:/ccrcrrfc: 0.000000000 0.728095516 0.271904484
J:/ccrcrrff: 0.000000000 0.369528172 0.630471828
J:/ccrf: 0.360238784 0.254140942 0.385620274
J:/ccrfcrc: 0.107234312 0.298553251 0.594212437
J:/ccrfcrf: 0.494254360 0.347631016 0.158114624
J:/ccrfcrr: 0.000000000 0.447235375 0.552764625
J:/ccrfrcr: 0.000000000 0.349910941 0.650089059
J:/ccrfrfr: 0.000000000 0.649061441 0.350938559
J:/ccrfrrc: 0.000000000 0.433535348 0.566464652
J:/ccrfrrf: 0.000000000 0.707877344 0.292122656
J:/ccrr: 0.000000000 0.298209993 0.701790007
J:/ccrrccrc: 0.000000000 0.946651339 0.053348661
J:/ccrrccrf: 0.000000000 0.772208642 0.227791358
J:/ccrrcfrc: 0.000000000 0.234958106 0.765041894
J:/ccrrcfrf: 0.000000000 0.581372128 0.418627872
J:/ccrrcrcc: 0.000000000 0.490806026 0.509193974
J:/ccrrcrcf: 0.000000000 0.629667551 0.370332449
J:/ccrrcrfc: 0.000000000 0.811229978 0.188770022
J:/ccrrcrff: 0.000000000 0.550271858 0.449728142
J:/crcc: 0.790719208 0.115975092 0.093305701
J:/crccrccr: 0.000000000 0.526193667 0.473806333
J:/crccrcfr: 0.000000000 0.245689530 0.754310470
J:/crccrcrc: 0.000000000 0.494443201 0.505556799
J:/crccrcrf: 0.000000000 0.155850917 0.844149083
J:/crccrfcr: 0.000000000 0.661373679 0.338626321
J:/crccrffr: 0.000000000 0.273857309 0.726142691
J:/crccrfrc: 0.000000000 0.417484795 0.582515205
J:/crccrfrf: 0.000000000 0.487077925 0.512922075
J:/crccrrcc: 0.000000000 0.032960274 0.967039726
J:/crccrrcf: 0.000000000 0.212985066 0.787014934
J:/crccrrfc: 0.000000000 0.833634409 0.166365591
J:/crccrrff: 0.000000000 0.492977005 0.507022995
J:/crcf: 0.001884149 0.574167093 0.423948758
J:/crcfrcr: 0.000000000 0.194877606 0.805122394
J:/crcfrfr: 0.000000000 0.233376057 0.766623943
J:/crcfrrc: 0.000000000 0.291864332 0.708135668
J:/crcfrrf: 0.000000000 0.866779915 0.133220085
J:/crcr: 0.285997109 0.000000000 0.714002891
J:/crcrccrc: 0.000000000 0.357914386 0.642085614
J:/crcrccrf: 0.000000000 0.807723849 0.192276151
J:/crcrcfrc: 0.000000000 0.337687913 0.662312087
J:/crcrcfrf: 0.000000000 0.446142133 0.553857867
J:/crcrcrcc: 0.000000000 0.673494668 0.326505332
J:/crcrcrcf: 0.000000000 0.953511038 0.046488962
J:/crcrcrfc: 0.000000000 0.453935099 0.546064901
J:/crcrcrff: 0.000000000 0.791651590 0.208348410
J:/crfc: 0.000000000 0.000000000 1.000000000
J:/crfcrcr: 0.000000000 0.000000000 1.000000000
J:/crfcrfr: 0.000000000 0.697913793 0.302086207
J:/crfcrrc: 0.000000000 0.304188567 0.695811433
J:/crfcrrf: 0.000000000 0.547073648 0.452926352
J:/crff: 1.000000000 0.000000000 0.000000000
J:/crffrr: 0.000000000 0.000000000 1.000000000
J:/crfr: 1.000000000 0.000000000 0.000000000
J:/crfrcrc: 0.000000000 0.000000000 1.000000000
J:/crfrcrf: 0.000000000 1.000000000 0.000000000
J:/crrc: 0.000000000 0.225762346 0.774237654
J:/crrccrcc: 0.000000000 0.490813745 0.509186255
J:/crrccrcf: 0.000000000 0.643909740 0.356090260
J:/crrccrfc: 0.000000000 0.987265215 0.012734785
J:/crrccrff: 0.000000000 0.466495300 0.533504700
J:/crrf: 0.062404656 0.000000000 0.937595344
J:/crrfcrc: 0.000000000 0.390494317 0.609505683
J:/crrfcrf: 0.000000000 0.263215416 0.736784584
J:/crrr: 0.000000000 0.000000000 1.000000000
J:/rccr: 0.826648721 0.000000000 0.173351279
J:/rccrccrc: 0.000000000 0.906890695 0.093109305
J:/rccrccrf: 0.000000000 0.502397840 0.497602160
J:/rccrcfrc: 0.000000000 0.471106675 0.528893325
J:/rccrcfrf: 0.000000000 0.441304243 0.558695757
J:/rccrcrcc: 0.000000000 0.874989673 0.125010327
J:/rccrcrcf: 0.000000000 0.259365146 0.740634854
J:/rccrcrfc: 0.000000000 0.898631914 0.101368086
J:/rccrcrff: 0.000000000 0.144356295 0.855643705
J:/rcfr: 1.000000000 0.000000000 0.000000000
J:/rcfrcrc: 0.000000000 0.511468529 0.488531471
J:/rcfrcrf: 0.000000000 0.327317897 0.672682103
J:/rcrc: 0.747010279 0.206333213 0.046656508
J:/rcrccrcc: 0.000000000 0.217691090 0.782308910
J:/rcrccrcf: 0.000000000 0.123873693 0.876126307
J:/rcrccrfc: 0.000000000 0.153892033 0.846107967
J:/rcrccrff: 0.000000000 0.628170086 0.371829914
J:/rcrf: 0.279118531 0.671395572 0.049485896
J:/rcrfcrc: 0.000000000 0.400430886 0.599569114
J:/rcrfcrf: 0.000000000 0.158960869 0.841039131
J:/rcrr: 0.000000000 0.690837858 0.309162142
J:/rfcr: 0.000415679 0.000000000 0.999584321
J:/rfcrcrc: 0.000000000 0.278275351 0.721724649
J:/rfcrcrf: 0.000000000 0.234289718 0.765710282
J:/rffr: 0.004218794 0.000000000 0.995781206
J:/rfrc: 0.479278887 0.045542115 0.475178998
J:/rfrf: 0.207781916 0.216027147 0.576190937
J:/rfrr: 0.000000000 0.727840922 0.272159078
J:/rrcc: 0.000000000 0.000000000 1.000000000
J:/rrcf: 0.000070636 0.000000000 0.999929364
J:/rrcr: 0.000000000 0.000000000 1.000000000
J:/rrfc: 1.000000000 0.000000000 0.000000000
J:/rrff: 0.505352730 0.000000000 0.494647270
J:/rrfr: 0.000000000 0.429026306 0.570973694
J:/rrrc: 0.000000000 0.000000000 1.000000000
J:/rrrf: 0.000000000 0.000000000 1.000000000
K:/: 0.001568561 0.998431439 0.000000000
K:/cccr: 0.213770430 0.786229570 0.000000000
K:/cccrccrc: 0.394345497 0.000000000 0.605654503
K:/cccrccrccrcc: 0.000000000 0.644939363 0.355060637
K:/cccrccrccrcf: 0.000000000 0.312376078 0.687623922
K:/cccrccrccrfc: 0.000000000 0.116786601 0.883213399
K:/cccrccrccrff: 0.000000000 1.000000000 0.000000000
K:/cccrccrf: 0.417636699 0.474105542 0.108257758
K:/cccrccrfcrc: 0.000000000 0.528700571 0.471299429
K:/cccrccrfcrf: 0.000000000 1.000000000 0.000000000
K:/cccrccrr: 0.000000000 0.631844851 0.368155149
K:/cccrcfrc: 1.000000000 0.000000000 0.000000000
K:/cccrcfrf: 0.545814938 0.158270849 0.295914213
K:/cccrcfrr: 0.000000000 1.000000000 0.000000000
K:/cccrcrcc: 0.719770783 0.027028132 0.253201085
K:/cccrcrcf: 0.636116317 0.000000000 0.363883683
K:/cccrcrcr: 0.000000000 0.947744832 0.052255168
K:/cccrcrfc: 0.768344720 0.217027052 0.014628229
K:/cccrcrff: 0.997240553 0.000000000 0.002759447
K:/cccrcrfr: 0.000000000 0.830798940 0.169201060
K:/cccrcrrc: 0.000000000 0.674402115 0.325597885
K:/cccrcrrf: 0.000000000 0.033371003 0.966628997
K:/cccrrccr: 0.000000000 0.518170710 0.481829290
K:/cccrrcfr: 0.000000000 0.525282534 0.474717466
K:/cccrrcrc: 0.000000000 0.591612614 0.408387386
K:/cccrrcrf: 0.000000000 0.282848455 0.717151545
K:/cccrrfcr: 0.000000000 1.000000000 0.000000000
K:/cccrrffr: 0.000000000 1.000000000 0.000000000
K:/cccrrfrc: 0.000000000 1.000000000 0.000000000
K:/cccrrfrf: 0.000000000 0.277791449 0.722208551
K:/cccrrrcc: 0.000000000 0.498232088 0.501767912
K:/cccrrrcf: 0.000000000 0.990177024 0.009822976
K:/cccrrrfc: 0.000000000 1.000000000 0.000000000
K:/cccrrrff: 0.000000000 1.000000000 0.000000000
K:/ccrc: 0.307267195 0.078397081 0.614335724
K:/ccrccrcc: 0.418915974 0.251752493 0.329331533
K:/ccrccrcf: 0.026470630 0.520012349 0.453517021
K:/ccrccrcr: 0.000000000 0.199771252 0.800228748
K:/ccrccrfc: 0.149872511 0.233234757 0.616892732
K:/ccrccrff: 0.512098234 0.384755782 0.103145984
K:/ccrccrfr: 0.000000000 0.624563829 0.375436171
K:/ccrccrrc: 0.000000000 0.405560225 0.594439775
K:/ccrccrrf: 0.000000000 0.039383537 0.960616463
K:/ccrcrccr: 0.000000000 0.945198492 0.054801508
K:/ccrcrcfr: 0.000000000 0.708792844 0.291207156
K:/ccrcrcrc: 0.000000000 0.630342547 0.369657453
K:/ccrcrcrf: 0.000000000 0.405064743 0.594935257
K:/ccrcrfcr: 0.000000000 0.830470782 0.169529218
K:/ccrcrffr: 0.000000000 0.413107069 0.586892931
K:/ccrcrfrc: 0.000000000 0.830412345 0.169587655
K:/ccrcrfrf: 0.000000000 0.533072086 0.466927914
K:/ccrcrrcc: 0.000000000 0.287935197 0.712064803
K:/ccrcrrcf: 0.000000000 0.571540625 0.428459375
K:/ccrcrrfc: 0.000000000 0.711576443 0.288423557
K:/ccrcrrff: 0.000000000 0.974904594 0.025095406
K:/ccrf: 0.498751071 0.397770943 0.103477986
K:/ccrfcrc: 0.259176076 0.432252147 0.308571778
K:/ccrfcrf: 0.314902698 0.374003755 0.311093547
K:/ccrfcrr: 0.000000000 0.266689576 0.733310424
K:/ccrfrcr: 0.000000000 0.130503235 0.869496765
K:/ccrfrfr: 0.000000000 0.546535259 0.453464741
K:/ccrfrrc: 0.000000000 0.767384843 0.232615157
K:/ccrfrrf: 0.000000000 0.898121475 0.101878525
K:/ccrr: 0.647651449 0.066682162 0.285666389
K:/ccrrccrc: 0.000000000 0.486213587 0.513786413
K:/ccrrccrf: 0.000000000 0.974730144 0.025269856
K:/ccrrcfrc: 0.000000000 0.489041412 0.510958588
K:/ccrrcfrf: 0.000000000 0.348418231 0.651581769
K:/ccrrcrcc: 0.000000000 0.105154964 0.894845036
K:/ccrrcrcf: 0.000000000 0.712698114 0.287301886
K:/ccrrcrfc: 0.000000000 0.593821297 0.406178703
K:/ccrrcrff: 0.000000000 0.681081620 0.318918380
K:/crcc: 0.338068805 0.661931195 0.000000000
K:/crccrccr: 0.000000000 0.533211428 0.466788572
K:/crccrcfr: 0.000000000 0.143165772 0.856834228
K:/crccrcrc: 0.000000000 0.561325969 0.438674031
K:/crccrcrf: 0.000000000 0.188919400 0.811080600
K:/crccrfcr: 0.000000000 0.946816982 0.053183018
K:/crccrffr: 0.000000000 0.734983208 0.265016792
K:/crccrfrc: 0.000000000 0.608027006 0.391972994
K:/crccrfrf: 0.000000000 0.406759620 0.593240380
K:/crccrrcc: 0.000000000 0.589147979 0.410852021
K:/crccrrcf: 0.000000000 0.334498242 0.665501758
K:/crccrrfc: 0.000000000 0.582323377 0.417676623
K:/crccrrff: 0.000000000 0.260858756 0.739141244
K:/crcf: 0.338427762 0.421858983 0.239713255
K:/crcfrcr: 0.000000000 0.495475082 0.504524918
K:/crcfrfr: 0.000000000 0.420234321 0.579765679
K:/crcfrrc: 0.000000000 0.203906975 0.796093025
K:/crcfrrf: 0.000000000 1.000000000 0.000000000
K:/crcr: 0.759356678 0.240643322 0.000000000
K:/crcrccrc: 0.000000000 0.374828630 0.625171370
K:/crcrccrf: 0.000000000 0.232251684 0.767748316
K:/crcrcfrc: 0.000000000 0.664304035 0.335695965
K:/crcrcfrf: 0.000000000 0.468377780 0.531622220
K:/crcrcrcc: 0.000000000 0.711683225 0.288316775
K:/crcrcrcf: 0.000000000 0.289031004 0.710968996
K:/crcrcrfc: 0.000000000 0.652779588 0.347220412
K:/crcrcrff: 0.000000000 0.244419579 0.755580421
K:/crfc: 0.905599772 0.000000000 0.094400228
K:/crfcrcr: 0.000000000 0.441881054 0.558118946
K:/crfcrfr: 0.000000000 0.775338485 0.224661515
K:/crfcrrc: 0.000000000 0.585994616 0.414005384
K:/crfcrrf: 0.000000000 0.753891341 0.246108659
K:/crff: 1.000000000 0.000000000 0.000000000
K:/crffrr: 0.000000000 0.810833333 0.189166667
K:/crfr: 0.000000000 1.000000000 0.000000000
K:/crfrcrc: 0.000000000 0.637501407 0.362498593
K:/crfrcrf: 0.000000000 1.000000000 0.000000000
K:/crrc: 0.000000000 0.914397210 0.085602790
K:/crrccrcc: 0.000000000 0.388169704 0.611830296
K:/crrccrcf: 0.000000000 0.503817121 0.496182879
K:/crrccrfc: 0.000000000 0.535190699 0.464809301
K:/crrccrff: 0.000000000 0.714467149 0.285532851
K:/crrf: 0.513570683 0.379744418 0.106684899
K:/crrfcrc: 0.000000000 0.373668963 0.626331037
K:/crrfcrf: 0.000000000 0.823159948 0.176840052
K:/crrr: 0.000000000 0.821100425 0.178899575
K:/rccr: 0.776662024 0.223337976 0.000000000
K:/rccrccrc: 0.000000000 1.000000000 0.000000000
K:/rccrccrf: 0.000000000 0.423944945 0.576055055
K:/rccrcfrc: 0.000000000 0.669299897 0.330700103
K:/rccrcfrf: 0.000000000 0.489888535 0.510111465
K:/rccrcrcc: 0.000000000 1.000000000 0.000000000
K:/rccrcrcf: 0.000000000 0.698806127 0.301193873
K:/rccrcrfc: 0.000000000 1.000000000 0.000000000
K:/rccrcrff: 0.000000000 0.399469219 0.600530781
K:/rcfr: 1.000000000 0.000000000 0.000000000
K:/rcfrcrc: 0.000000000 1.000000000 0.000000000
K:/rcfrcrf: 0.000000000 1.000000000 0.000000000
K:/rcrc: 1.000000000 0.000000000 0.000000000
K:/rcrccrcc: 0.000000000 0.872045355 0.127954645
K:/rcrccrcf: 0.000000000 0.924349079 0.075650921
K:/rcrccrfc: 0.000000000 1.000000000 0.000000000
K:/rcrccrff: 0.000000000 0.497886858 0.502113142
K:/rcrf: 1.000000000 0.000000000 0.000000000
K:/rcrfcrc: 0.000000000 0.804198485 0.195801515
K:/rcrfcrf: 0.000000000 0.419031549 0.580968451
K:/rcrr: 0.000000000 1.000000000 0.000000000
K:/rfcr: 0.007376364 0.546855915 0.445767722
K:/rfcrcrc: 0.000000000 0.805068905 0.194931095
K:/rfcrcrf: 0.000000000 0.411635970 0.588364030
K:/rffr: 0.000274762 0.999725238 0.000000000
K:/rfrc: 1.000000000 0.000000000 0.000000000
K:/rfrf: 0.361135556 0.223480622 0.415383822
K:/rfrr: 0.000000000 1.000000000 0.000000000
K:/rrcc: 1.000000000 0.000000000 0.000000000
K:/rrcf: 0.000266536 0.818033281 0.181700183
K:/rrcr: 0.000000000 1.000000000 0.000000000
K:/rrfc: 1.000000000 0.000000000 0.000000000
K:/rrff: 0.000217052 0.999782948 0.000000000
K:/rrfr: 0.000000000 1.000000000 0.000000000
K:/rrrc: 0.000000000 1.000000000 0.000000000
K:/rrrf: 0.000000000 0.000178050 0.999821950
Q:/: 0.000000000 1.000000000 0.000000000
Q:/cccr: 0.000000000 1.000000000 0.000000000
Q:/cccrccrc: 0.416958612 0.141365017 0.441676370
Q:/cccrccrccrcc: 0.000000000 0.543741634 0.456258366
Q:/cccrccrccrcf: 0.000000000 0.417438131 0.582561869
Q:/cccrccrccrfc: 0.000000000 0.554995597 0.445004403
Q:/cccrccrccrff: 0.000000000 0.287737683 0.712262317
Q:/cccrccrf: 0.702107771 0.147566874 0.150325355
Q:/cccrccrfcrc: 0.000000000 0.338802674 0.661197326
Q:/cccrccrfcrf: 0.000000000 0.552048293 0.447951707
Q:/cccrccrr: 0.000000000 0.511557159 0.488442841
Q:/cccrcfrc: 1.000000000 0.000000000 0.000000000
Q:/cccrcfrf: 0.179812729 0.357180770 0.463006501
Q:/cccrcfrr: 0.000000000 1.000000000 0.000000000
Q:/cccrcrcc: 0.508610179 0.029979104 0.461410717
Q:/cccrcrcf: 0.537744072 0.264788460 0.197467468
Q:/cccrcrcr: 0.000000000 0.469424619 0.530575381
Q:/cccrcrfc: 0.697686897 0.114758613 0.187554490
Q:/cccrcrff: 0.675437138 0.000000000 0.324562862
Q:/cccrcrfr: 0.000000000 0.548261003 0.451738997
Q:/cccrcrrc: 0.000000000 0.131756219 0.868243781
Q:/cccrcrrf: 0.000000000 0.021644372 0.978355628
Q:/cccrrccr: 0.000000000 0.323450818 0.676549182
Q:/cccrrcfr: 0.000000000 0.856994507 0.143005493
Q:/cccrrcrc: 0.000000000 0.161246288 0.838753712
Q:/cccrrcrf: 0.000000000 0.304598614 0.695401386
Q:/cccrrfcr: 0.000000000 1.000000000 0.000000000
Q:/cccrrffr: 0.000000000 1.000000000 0.000000000
Q:/cccrrfrc: 0.000000000 0.599533542 0.400466458
Q:/cccrrfrf: 0.000000000 0.020144347 0.979855653
Q:/cccrrrcc: 0.000000000 0.900044241 0.099955759
Q:/cccrrrcf: 0.000000000 0.006131965 0.993868035
Q:/cccrrrfc: 0.000000000 0.412326329 0.587673671
Q:/cccrrrff: 0.000000000 0.008338493 0.991661507
Q:/ccrc: 0.041819346 0.338727414 0.619453241
Q:/ccrccrcc: 0.258027138 0.355751762 0.386221100
Q:/ccrccrcf: 0.278378272 0.366633542 0.354988186
Q:/ccrccrcr: 0.000000000 0.374498052 0.625501948
Q:/ccrccrfc: 0.507393325 0.492606675 0.000000000
Q:/ccrccrff: 0.385394072 0.418216953 0.196388974
Q:/ccrccrfr: 0.000000000 0.651964355 0.348035645
Q:/ccrccrrc: 0.000000000 0.664969616 0.335030384
Q:/ccrccrrf: 0.000000000 0.085794811 0.914205189
Q:/ccrcrccr: 0.000000000 0.401747235 0.598252765
Q:/ccrcrcfr: 0.000000000 0.313727940 0.686272060
Q:/ccrcrcrc: 0.000000000 0.900295462 0.099704538
Q:/ccrcrcrf: 0.000000000 0.471873076 0.528126924
Q:/ccrcrfcr: 0.000000000 0.924756976 0.075243024
Q:/ccrcrffr: 0.000000000 0.539323066 0.460676934
Q:/ccrcrfrc: 0.000000000 0.811355237 0.188644763
Q:/ccrcrfrf: 0.000000000 0.504204808 0.495795192
Q:/ccrcrrcc: 0.000000000 0.440773618 0.559226382
Q:/ccrcrrcf: 0.000000000 0.497250023 0.502749977
Q:/ccrcrrfc: 0.000000000 0.626513247 0.373486753
Q:/ccrcrrff: 0.000000000 0.436269093 0.563730907
Q:/ccrf: 0.281483112 0.176348594 0.542168294
Q:/ccrfcrc: 0.405763062 0.038930972 0.555305966
Q:/ccrfcrf: 0.315541617 0.192992184 0.491466199
Q:/ccrfcrr: 0.000000000 0.336867646 0.663132354
Q:/ccrfrcr: 0.000000000 0.218978991 0.781021009
Q:/ccrfrfr: 0.000000000 0.621405896 0.378594104
Q:/ccrfrrc: 0.000000000 0.297548073 0.702451927
Q:/ccrfrrf: 0.000000000 0.478835774 0.521164226
Q:/ccrr: 0.124978141 0.044116535 0.830905324
Q:/ccrrccrc: 0.000000000 0.180415966 0.819584034
Q:/ccrrccrf: 0.000000000 0.586163045 0.413836955
Q:/ccrrcfrc: 0.000000000 0.324918759 0.675081241
Q:/ccrrcfrf: 0.000000000 0.439940647 0.560059353
Q:/ccrrcrcc: 0.000000000 0.590092456 0.409907544
Q:/ccrrcrcf: 0.000000000 0.874293059 0.125706941
Q:/ccrrcrfc: 0.000000000 0.718229275 0.281770725
Q:/ccrrcrff: 0.000000000 0.628020604 0.371979396
Q:/crcc: 0.138960480 0.454178016 0.406861504
Q:/crccrccr: 0.000000000 0.306459084 0.693540916
Q:/crccrcfr: 0.000000000 0.397944892 0.602055108
Q:/crccrcrc: 0.000000000 0.589201299 0.410798701
Q:/crccrcrf: 0.000000000 0.138307503 0.861692497
Q:/crccrfcr: 0.000000000 0.714326039 0.285673961
Q:/crccrffr: 0.000000000 0.113939547 0.886060453
Q:/crccrfrc: 0.000000000 0.078543358 0.921456642
Q:/crccrfrf: 0.000000000 0.520422305 0.479577695
Q:/crccrrcc: 0.000000000 0.304889846 0.695110154
Q:/crccrrcf: 0.000000000 0.727873718 0.272126282
Q:/crccrrfc: 0.000000000 0.836462810 0.163537190
Q:/crccrrff: 0.000000000 0.514922843 0.485077157
Q:/crcf: 0.721855048 0.080839217 0.197305734
Q:/crcfrcr: 0.000000000 0.047262740 0.952737260
Q:/crcfrfr: 0.000000000 0.621507007 0.378492993
Q:/crcfrrc: 0.000000000 0.881859062 0.118140938
Q:/crcfrrf: 0.000000000 0.613044187 0.386955813
Q:/crcr: 0.392917376 0.000000000 0.607082624
Q:/crcrccrc: 0.000000000 0.506940477 0.493059523
Q:/crcrccrf: 0.000000000 0.579332677 0.420667323
Q:/crcrcfrc: 0.000000000 0.402309793 0.597690207
Q:/crcrcfrf: 0.000000000 0.365460692 0.634539308
Q:/crcrcrcc: 0.000000000 0.640902491 0.359097509
Q:/crcrcrcf: 0.000000000 0.581644380 0.418355620
Q:/crcrcrfc: 0.000000000 0.566716322 0.433283678
Q:/crcrcrff: 0.000000000 0.262602603 0.737397397
Q:/crfc: 0.000000000 0.000000000 1.000000000
Q:/crfcrcr: 0.000000000 0.769271475 0.230728525
Q:/crfcrfr: 0.000000000 0.126405680 0.873594320
Q:/crfcrrc: 0.000000000 0.350897350 0.649102650
Q:/crfcrrf: 0.000000000 0.366955060 0.633044940
Q:/crff: 0.974255631 0.025649170 0.000095199
Q:/crffrr: 0.000000000 0.574860109 0.425139891
Q:/crfr: 0.000000000 1.000000000 0.000000000
Q:/crfrcrc: 0.000000000 0.341173869 0.658826131
Q:/crfrcrf: 0.000000000 1.000000000 0.000000000
Q:/crrc: 0.000000000 1.000000000 0.000000000
Q:/crrccrcc: 0.000000000 0.304086564 0.695913436
Q:/crrccrcf: 0.000000000 0.210938901 0.789061099
Q:/crrccrfc: 0.000000000 0.777687083 0.222312917
Q:/crrccrff: 0.000000000 0.708574115 0.291425885
Q:/crrf: 0.016028870 0.000000000 0.983971130
Q:/crrfcrc: 0.000000000 0.364939605 0.635060395
Q:/crrfcrf: 0.000000000 0.110664702 0.889335298
Q:/crrr: 0.000000000 0.000000000 1.000000000
Q:/rccr: 1.000000000 0.000000000 0.000000000
Q:/rccrccrc: 0.000000000 0.196668763 0.803331237
Q:/rccrccrf: 0.000000000 0.842936634 0.157063366
Q:/rccrcfrc: 0.000000000 0.893996481 0.106003519
Q:/rccrcfrf: 0.000000000 0.821335523 0.178664477
Q:/rccrcrcc: 0.000000000 0.168625848 0.831374152
Q:/rccrcrcf: 0.000000000 0.660563930 0.339436070
Q:/rccrcrfc: 0.000000000 0.727505341 0.272494659
Q:/rccrcrff: 0.000000000 0.714069142 0.285930858
Q:/rcfr: 1.000000000 0.000000000 0.000000000
Q:/rcfrcrc: 0.000000000 0.455055209 0.544944791
Q:/rcfrcrf: 0.000000000 0.920072949 0.079927051
Q:/rcrc: 1.000000000 0.000000000 0.000000000
Q:/rcrccrcc: 0.000000000 0.369650432 0.630349568
Q:/rcrccrcf: 0.000000000 0.227699248 0.772300752
Q:/rcrccrfc: 0.000000000 0.399065258 0.600934742
Q:/rcrccrff: 0.000000000 0.737887634 0.262112366
Q:/rcrf: 0.486198012 0.513801988 0.000000000
Q:/rcrfcrc: 0.000000000 0.901233752 0.098766248
Q:/rcrfcrf: 0.000000000 0.947333269 0.052666731
Q:/rcrr: 0.000000000 1.000000000 0.000000000
Q:/rfcr: 0.000145076 0.282103352 0.717751573
Q:/rfcrcrc: 0.000000000 0.405061416 0.594938584
Q:/rfcrcrf: 0.000000000 0.719887057 0.280112943
Q:/rffr: 0.544010863 0.455989137 0.000000000
Q:/rfrc: 1.000000000 0.000000000 0.000000000
Q:/rfrf: 0.088868655 0.345693163 0.565438183
Q:/rfrr: 0.000000000 0.000248953 0.999751047
Q:/rrcc: 1.000000000 0.000000000 0.000000000
Q:/rrcf: 0.000184838 0.000000000 0.999815162
Q:/rrcr: 0.000000000 0.891634509 0.108365491
Q:/rrfc: 1.000000000 0.000000000 0.000000000
Q:/rrff: 0.177154760 0.822845240 0.000000000
Q:/rrfr: 0.000000000 1.000000000 0.000000000
Q:/rrrc: 0.000000000 0.000000000 1.000000000
Q:/rrrf: 0.000000000 0.000015089 0.999984911
T:/: 0.000000000 1.000000000 0.000000000
T:/cccr: 0.037187192 0.000000000 0.962812808
T:/cccrccrc: 0.000000000 0.458169926 0.541830074
T:/cccrccrccrcc: 0.000000000 0.414071274 0.585928726
T:/cccrccrccrcf: 0.000000000 0.498341056 0.501658944
T:/cccrccrccrfc: 0.000000000 0.919358069 0.080641931
T:/cccrccrccrff: 0.000000000 0.698699610 0.301300390
T:/cccrccrf: 0.441193330 0.000000000 0.558806670
T:/cccrccrfcrc: 0.000000000 0.385298863 0.614701137
T:/cccrccrfcrf: 0.000000000 0.724935008 0.275064992
T:/cccrccrr: 0.000000000 0.466576084 0.533423916
T:/cccrcfrc: 1.000000000 0.000000000 0.000000000
T:/cccrcfrf: 0.040785425 0.668397859 0.290816716
T:/cccrcfrr: 0.000000000 0.000000000 1.000000000
T:/cccrcrcc: 0.114459888 0.366030525 0.519509587
T:/cccrcrcf: 0.392806717 0.297026581 0.310166702
T:/cccrcrcr: 0.000000000 0.613576902 0.386423098
T:/cccrcrfc: 0.836632046 0.015310643 0.148057311
T:/cccrcrff: 0.564151554 0.000000000 0.435848446
T:/cccrcrfr: 0.000000000 0.258676499 0.741323501
T:/cccrcrrc: 0.000000000 0.232068539 0.767931461
T:/cccrcrrf: 0.000000000 0.414124224 0.585875776
T:/cccrrccr: 0.000000000 0.437544991 0.562455009
T:/cccrrcfr: 0.000000000 0.625571126 0.374428874
T:/cccrrcrc: 0.000000000 0.367278524 0.632721476
T:/cccrrcrf: 0.000000000 0.389245367 0.610754633
T:/cccrrfcr: 0.000000000 0.382343807 0.617656193
T:/cccrrffr: 0.000000000 0.145764968 0.854235032
T:/cccrrfrc: 0.000000000 0.000000000 1.000000000
T:/cccrrfrf: 0.000000000 0.553812298 0.446187702
T:/cccrrrcc: 0.000000000 0.308176642 0.691823358
T:/cccrrrcf: 0.000000000 0.505863355 0.494136645
T:/cccrrrfc: 0.000000000 0.325200587 0.674799413
T:/cccrrrff: 0.000000000 0.653302045 0.346697955
T:/ccrc: 0.000000000 0.544347798 0.455652202
T:/ccrccrcc: 0.344602721 0.187667963 0.467729317
T:/ccrccrcf: 0.268093374 0.449737511 0.282169114
T:/ccrccrcr: 0.000000000 0.149777917 0.850222083
T:/ccrccrfc: 0.410154474 0.224644623 0.365200903
T:/ccrccrff: 0.422790298 0.288421442 0.288788260
T:/ccrccrfr: 0.000000000 0.629942568 0.370057432
T:/ccrccrrc: 0.000000000 0.317535206 0.682464794
T:/ccrccrrf: 0.000000000 0.965175405 0.034824595
T:/ccrcrccr: 0.000000000 0.800417825 0.199582175
T:/ccrcrcfr: 0.000000000 0.531063417 0.468936583
T:/ccrcrcrc: 0.000000000 0.451947681 0.548052319
T:/ccrcrcrf: 0.000000000 0.407392924 0.592607076
T:/ccrcrfcr: 0.000000000 0.468210616 0.531789384
T:/ccrcrffr: 0.000000000 0.206472654 0.793527346
T:/ccrcrfrc: 0.000000000 0.422059467 0.577940533
T:/ccrcrfrf: 0.000000000 0.680085635 0.319914365
T:/ccrcrrcc: 0.000000000 0.925625862 0.074374138
T:/ccrcrrcf: 0.000000000 0.637156017 0.362843983
T:/ccrcrrfc: 0.000000000 0.462778163 0.537221837
T:/ccrcrrff: 0.000000000 0.489560958 0.510439042
T:/ccrf: 0.323577936 0.000000000 0.676422064
T:/ccrfcrc: 0.334093256 0.313100203 0.352806541
T:/ccrfcrf: 0.222751855 0.178400978 0.598847167
T:/ccrfcrr: 0.000000000 0.732645438 0.267354562
T:/ccrfrcr: 0.000000000 0.550268788 0.449731212
T:/ccrfrfr: 0.000000000 0.595643312 0.404356688
T:/ccrfrrc: 0.000000000 0.216373924 0.783626076
T:/ccrfrrf: 0.000000000 0.917778907 0.082221093
T:/ccrr: 0.000000000 0.006700862 0.993299138
T:/ccrrccrc: 0.000000000 0.292700720 0.707299280
T:/ccrrccrf: 0.000000000 0.403256158 0.596743842
T:/ccrrcfrc: 0.000000000 0.788170344 0.211829656
T:/ccrrcfrf: 0.000000000 0.375701383 0.624298617
T:/ccrrcrcc: 0.000000000 0.316470394 0.683529606
T:/ccrrcrcf: 0.000000000 0.176213307 0.823786693
T:/ccrrcrfc: 0.000000000 0.790088829 0.209911171
T:/ccrrcrff: 0.000000000 0.334580137 0.665419863
T:/crcc: 0.396699270 0.267320218 0.335980511
T:/crccrccr: 0.000000000 0.935726069 0.064273931
T:/crccrcfr: 0.000000000 0.847599303 0.152400697
T:/crccrcrc: 0.000000000 0.678758110 0.321241890
T:/crccrcrf: 0.000000000 0.905749849 0.094250151
T:/crccrfcr: 0.000000000 0.848836800 0.151163200
T:/crccrffr: 0.000000000 0.316670081 0.683329919
T:/crccrfrc: 0.000000000 0.128925375 0.871074625
T:/crccrfrf: 0.000000000 0.642698201 0.357301799
T:/crccrrcc: 0.000000000 0.570927639 0.429072361
T:/crccrrcf: 0.000000000 0.451575526 0.548424474
T:/crccrrfc: 0.000000000 0.202538871 0.797461129
T:/crccrrff: 0.000000000 0.418015052 0.581984948
T:/crcf: 0.064497798 0.407871508 0.527630694
T:/crcfrcr: 0.000000000 0.764212816 0.235787184
T:/crcfrfr: 0.000000000 0.172382806 0.827617194
T:/crcfrrc: 0.000000000 0.125541217 0.874458783
T:/crcfrrf: 0.000000000 0.349937466 0.650062534
T:/crcr: 0.586858346 0.000000000 0.413141654
T:/crcrccrc: 0.000000000 0.439796072 0.560203928
T:/crcrccrf: 0.000000000 0.652633068 0.347366932
T:/crcrcfrc: 0.000000000 0.754294973 0.245705027
T:/crcrcfrf: 0.000000000 0.763222862 0.236777138
T:/crcrcrcc: 0.000000000 0.263871776 0.736128224
T:/crcrcrcf: 0.000000000 0.515840658 0.484159342
T:/crcrcrfc: 0.000000000 0.354391960 0.645608040
T:/crcrcrff: 0.000000000 0.437703251 0.562296749
T:/crfc: 0.000000000 0.000000000 1.000000000
T:/crfcrcr: 0.000000000 0.750629825 0.249370175
T:/crfcrfr: 0.000000000 0.171264746 0.828735254
T:/crfcrrc: 0.000000000 0.398189912 0.601810088
T:/crfcrrf: 0.000000000 0.559727931 0.440272069
T:/crff: 0.574501012 0.000000000 0.425498988
T:/crffrr: 0.000000000 0.250471779 0.749528221
T:/crfr: 0.459185822 0.000000000 0.540814178
T:/crfrcrc: 0.000000000 0.480815263 0.519184737
T:/crfrcrf: 0.000000000 0.000000000 1.000000000
T:/crrc: 0.000000000 0.212627771 0.787372229
T:/crrccrcc: 0.000000000 0.088687075 0.911312925
T:/crrccrcf: 0.000000000 0.526784030 0.473215970
T:/crrccrfc: 0.000000000 0.138544979 0.861455021
T:/crrccrff: 0.000000000 0.566051189 0.433948811
T:/crrf: 0.000000000 0.000000000 1.000000000
T:/crrfcrc: 0.000000000 0.673001667 0.326998333
T:/crrfcrf: 0.000000000 0.699512182 0.300487818
T:/crrr: 0.000000000 0.000000000 1.000000000
T:/rccr: 0.000000000 0.000000000 1.000000000
T:/rccrccrc: 0.000000000 0.734441750 0.265558250
T:/rccrccrf: 0.000000000 0.610270286 0.389729714
T:/rccrcfrc: 0.000000000 0.158369811 0.841630189
T:/rccrcfrf: 0.000000000 0.032284195 0.967715805
T:/rccrcrcc: 0.000000000 0.243152669 0.756847331
T:/rccrcrcf: 0.000000000 0.056424703 0.943575297
T:/rccrcrfc: 0.000000000 0.443344942 0.556655058
T:/rccrcrff: 0.000000000 0.650214716 0.349785284
T:/rcfr: 0.641809851 0.000000000 0.358190149
T:/rcfrcrc: 0.000000000 0.557458112 0.442541888
T:/rcfrcrf: 0.000000000 0.631865062 0.368134938
T:/rcrc: 0.307646436 0.013708030 0.678645534
T:/rcrccrcc: 0.000000000 0.514044667 0.485955333
T:/rcrccrcf: 0.000000000 0.596976274 0.403023726
T:/rcrccrfc: 0.000000000 0.487502889 0.512497111
T:/rcrccrff: 0.000000000 0.215269309 0.784730691
T:/rcrf: 0.000000000 0.605220102 0.394779898
T:/rcrfcrc: 0.000000000 0.456316017 0.543683983
T:/rcrfcrf: 0.000000000 0.326993572 0.673006428
T:/rcrr: 0.000000000 0.831384058 0.168615942
T:/rfcr: 0.000080974 0.000000000 0.999919026
T:/rfcrcrc: 0.000000000 0.709832400 0.290167600
T:/rfcrcrf: 0.000000000 0.130269716 0.869730284
T:/rffr: 0.000197800 0.000000000 0.999802200
T:/rfrc: 0.589789328 0.000000000 0.410210672
T:/rfrf: 0.499789106 0.308195622 0.192015272
T:/rfrr: 0.000000000 0.000064307 0.999935693
T:/rrcc: 0.000000000 0.330864711 0.669135289
T:/rrcf: 0.000000000 0.000000000 1.000000000
T:/rrcr: 0.000000000 0.000000000 1.000000000
T:/rrfc: 0.792475841 0.000000000 0.207524159
T:/rrff: 0.000213380 0.000000000 0.999786620
T:/rrfr: 0.000000000 0.000000000 1.000000000
T:/rrrc: 0.000000000 0.000000000 1.000000000
T:/rrrf: 0.000000000 0.000000000 1.000000000
