A:/cc: 0.449079726 0.550920274 0.000000000
A:/cccrcc: 0.780753801 0.219246199 0.000000000
A:/cccrccrccr: 0.000000000 0.479649771 0.520350229
A:/cccrccrcfr: 0.000000000 0.875545451 0.124454549
A:/cccrccrcrc: 0.000000000 0.361367999 0.638632001
A:/cccrccrcrf: 0.000000000 0.293514609 0.706485391
A:/cccrccrfcr: 0.000000000 0.345477545 0.654522455
A:/cccrccrffr: 0.000000000 0.677448784 0.322551216
A:/cccrccrfrc: 0.000000000 0.548916826 0.451083174
A:/cccrccrfrf: 0.000000000 0.345394864 0.654605136
A:/cccrccrrcc: 0.000000000 0.717343193 0.282656807
A:/cccrccrrcf: 0.000000000 0.279324477 0.720675523
A:/cccrccrrfc: 0.000000000 0.681338172 0.318661828
A:/cccrccrrff: 0.000000000 0.581298825 0.418701175
A:/cccrcf: 1.000000000 0.000000000 0.000000000
A:/cccrcfrcr: 0.000000000 1.000000000 0.000000000
A:/cccrcfrfr: 0.000000000 0.447262525 0.552737475
A:/cccrcfrrc: 0.000000000 1.000000000 0.000000000
A:/cccrcfrrf: 0.000000000 0.749345033 0.250654967
A:/cccrcr: 0.228159803 0.771840197 0.000000000
A:/cccrcrccrc: 0.000000000 0.361367669 0.638632331
A:/cccrcrccrf: 0.000000000 0.134684673 0.865315327
A:/cccrcrcfrc: 0.000000000 0.762084801 0.237915199
A:/cccrcrcfrf: 0.000000000 0.815777911 0.184222089
A:/cccrcrcrcc: 0.000000000 0.586780624 0.413219376
A:/cccrcrcrcf: 0.000000000 0.997568235 0.002431765
A:/cccrcrcrfc: 0.000000000 0.814572114 0.185427886
A:/cccrcrcrff: 0.000000000 0.916225471 0.083774529
A:/cccrfc: 0.702674844 0.297325156 0.000000000
A:/cccrfcrcr: 0.000000000 0.774415133 0.225584867
A:/cccrfcrfr: 0.000000000 0.622590923 0.377409077
A:/cccrfcrrc: 0.000000000 1.000000000 0.000000000
A:/cccrfcrrf: 0.000000000 1.000000000 0.000000000
A:/cccrff: 1.000000000 0.000000000 0.000000000
A:/cccrffrr: 0.000000000 1.000000000 0.000000000
A:/cccrfr: 0.511851751 0.167442619 0.320705630
A:/cccrfrcrc: 0.000000000 0.777925569 0.222074431
A:/cccrfrcrf: 0.000000000 0.390771342 0.609228658
A:/cccrrc: 0.918034699 0.081965301 0.000000000
A:/cccrrccrcc: 0.000000000 0.622200227 0.377799773
A:/cccrrccrcf: 0.000000000 0.593326267 0.406673733
A:/cccrrccrfc: 0.000000000 0.693154405 0.306845595
A:/cccrrccrff: 0.000000000 0.956008700 0.043991300
A:/cccrrf: 0.766508839 0.233491161 0.000000000
A:/cccrrfcrc: 0.000000000 1.000000000 0.000000000
A:/cccrrfcrf: 0.000000000 1.000000000 0.000000000
A:/cccrrr: 0.000000000 1.000000000 0.000000000
A:/ccrccr: 1.000000000 0.000000000 0.000000000
A:/ccrccrccrc: 0.000000000 0.621836806 0.378163194
A:/ccrccrccrf: 0.000000000 0.616996314 0.383003686
A:/ccrccrcfrc: 0.000000000 0.521288150 0.478711850
A:/ccrccrcfrf: 0.000000000 0.351315713 0.648684287
A:/ccrccrcrcc: 0.000000000 0.903591849 0.096408151
A:/ccrccrcrcf: 0.000000000 0.433923926 0.566076074
A:/ccrccrcrfc: 0.000000000 1.000000000 0.000000000
A:/ccrccrcrff: 0.000000000 1.000000000 0.000000000
A:/ccrcfr: 0.729249770 0.270750230 0.000000000
A:/ccrcfrcrc: 0.000000000 1.000000000 0.000000000
A:/ccrcfrcrf: 0.000000000 1.000000000 0.000000000
A:/ccrcrc: 0.404876123 0.375728328 0.219395549
A:/ccrcrccrcc: 0.000000000 0.621001714 0.378998286
A:/ccrcrccrcf: 0.000000000 0.330121323 0.669878677
A:/ccrcrccrfc: 0.000000000 0.231003530 0.768996470
A:/ccrcrccrff: 0.000000000 0.835915356 0.164084644
A:/ccrcrf: 0.551035124 0.187178689 0.261786187
A:/ccrcrfcrc: 0.000000000 0.208511881 0.791488119
A:/ccrcrfcrf: 0.000000000 0.473215702 0.526784298
A:/ccrcrr: 0.000000000 0.880566234 0.119433766
A:/ccrfcr: 0.409274832 0.499308130 0.091417037
A:/ccrfcrcrc: 0.000000000 0.966427682 0.033572318
A:/ccrfcrcrf: 0.000000000 0.391849114 0.608150886
A:/ccrffr: 0.647388389 0.352611611 0.000000000
A:/ccrfrc: 0.221239799 0.580883119 0.197877082
A:/ccrfrf: 0.119694918 0.478896183 0.401408898
A:/ccrfrr: 0.000000000 1.000000000 0.000000000
A:/ccrrcc: 0.466737102 0.533262898 0.000000000
A:/ccrrcf: 0.657714472 0.342285528 0.000000000
A:/ccrrcr: 0.000000000 1.000000000 0.000000000
A:/ccrrfc: 1.000000000 0.000000000 0.000000000
A:/ccrrff: 0.985353423 0.014646577 0.000000000
A:/ccrrfr: 0.000000000 1.000000000 0.000000000
A:/ccrrrc: 0.000000000 0.809688224 0.190311776
A:/ccrrrf: 0.000000000 0.806252666 0.193747334
A:/cr: 1.000000000 0.000000000 0.000000000
A:/crccrc: 0.575559478 0.424440522 0.000000000
A:/crccrccrcc: 0.000000000 1.000000000 0.000000000
A:/crccrccrcf: 0.000000000 1.000000000 0.000000000
A:/crccrccrfc: 0.000000000 1.000000000 0.000000000
A:/crccrccrff: 0.000000000 1.000000000 0.000000000
A:/crccrf: 0.410662519 0.589337481 0.000000000
A:/crccrfcrc: 0.000000000 1.000000000 0.000000000
A:/crccrfcrf: 0.000000000 1.000000000 0.000000000
A:/crccrr: 0.000000000 1.000000000 0.000000000
A:/crcfrc: 0.875138289 0.124861711 0.000000000
A:/crcfrf: 0.591366158 0.179275893 0.229357948
A:/crcfrr: 0.000000000 1.000000000 0.000000000
A:/crcrcc: 0.355458981 0.386476423 0.258064596
A:/crcrcf: 0.424923492 0.119437043 0.455639464
A:/crcrcr: 0.000000000 1.000000000 0.000000000
A:/crcrfc: 0.991585603 0.008414397 0.000000000
A:/crcrff: 0.709052247 0.290947753 0.000000000
A:/crcrfr: 0.000000000 1.000000000 0.000000000
A:/crcrrc: 0.000000000 1.000000000 0.000000000
A:/crcrrf: 0.000000000 1.000000000 0.000000000
A:/crrccr: 0.000000000 1.000000000 0.000000000
A:/crrcfr: 0.000000000 1.000000000 0.000000000
A:/crrcrc: 0.000000000 0.848628742 0.151371258
A:/crrcrf: 0.000000000 0.547358787 0.452641213
A:/crrfcr: 0.000000000 1.000000000 0.000000000
A:/crrffr: 0.000000000 0.976442980 0.023557020
A:/crrfrc: 0.000000000 0.388705808 0.611294192
A:/crrfrf: 0.000000000 0.450005745 0.549994255
A:/crrrcc: 0.000000000 0.651899517 0.348100483
A:/crrrcf: 0.000000000 0.726735006 0.273264994
A:/crrrfc: 0.000000000 1.000000000 0.000000000
A:/crrrff: 0.000000000 1.000000000 0.000000000
A:/rc: 0.445720254 0.243322593 0.310957153
A:/rccrcc: 0.358266034 0.446022779 0.195711187
A:/rccrcf: 0.110380158 0.539691102 0.349928740
A:/rccrcr: 0.000000000 0.259927599 0.740072401
A:/rccrfc: 0.502259374 0.311686882 0.186053744
A:/rccrff: 0.401851345 0.459884615 0.138264040
A:/rccrfr: 0.000000000 0.608904347 0.391095653
A:/rccrrc: 0.000000000 0.639536014 0.360463986
A:/rccrrf: 0.000000000 0.486970280 0.513029720
A:/rcrccr: 0.000000000 0.492959831 0.507040169
A:/rcrcfr: 0.000000000 0.516991732 0.483008268
A:/rcrcrc: 0.000000000 0.619652777 0.380347223
A:/rcrcrf: 0.000000000 0.402815056 0.597184944
A:/rcrfcr: 0.000000000 0.787914108 0.212085892
A:/rcrffr: 0.000000000 0.650567566 0.349432434
A:/rcrfrc: 0.000000000 0.375447373 0.624552627
A:/rcrfrf: 0.000000000 0.446129250 0.553870750
A:/rcrrcc: 0.000000000 0.597317328 0.402682672
A:/rcrrcf: 0.000000000 0.635256537 0.364743463
A:/rcrrfc: 0.000000000 0.005970577 0.994029423
A:/rcrrff: 0.000000000 0.447120282 0.552879718
A:/rf: 0.492785235 0.125428840 0.381785926
A:/rfcrc: 0.147152248 0.691338497 0.161509255
A:/rfcrf: 0.589399979 0.154749854 0.255850166
A:/rfcrr: 0.000000000 0.928160734 0.071839266
A:/rfrcr: 0.000000000 0.568008808 0.431991192
A:/rfrfr: 0.000000000 0.629079329 0.370920671
A:/rfrrc: 0.000000000 0.878626346 0.121373654
A:/rfrrf: 0.000000000 0.242481805 0.757518195
A:/rr: 0.175990548 0.502248367 0.321761085
A:/rrccrc: 0.000000000 0.159487831 0.840512169
A:/rrccrf: 0.000000000 0.706337775 0.293662225
A:/rrcfrc: 0.000000000 0.456280313 0.543719687
A:/rrcfrf: 0.000000000 0.671753928 0.328246072
A:/rrcrcc: 0.000000000 0.532722206 0.467277794
A:/rrcrcf: 0.000000000 0.531293970 0.468706030
A:/rrcrfc: 0.000000000 0.720449278 0.279550722
A:/rrcrff: 0.000000000 0.654325345 0.345674655
J:/cc: 0.000000000 1.000000000 0.000000000
J:/cccrcc: 1.000000000 0.000000000 0.000000000
J:/cccrccrccr: 0.000000000 0.067521895 0.932478105
J:/cccrccrcfr: 0.000000000 1.000000000 0.000000000
J:/cccrccrcrc: 0.000000000 0.648779159 0.351220841
J:/cccrccrcrf: 0.000000000 0.675390010 0.324609990
J:/cccrccrfcr: 0.000000000 0.743045621 0.256954379
J:/cccrccrffr: 0.000000000 0.959772605 0.040227395
J:/cccrccrfrc: 0.000000000 0.833414005 0.166585995
J:/cccrccrfrf: 0.000000000 0.473061322 0.526938678
J:/cccrccrrcc: 0.000000000 0.391833400 0.608166600
J:/cccrccrrcf: 0.000000000 0.418291159 0.581708841
J:/cccrccrrfc: 0.000000000 0.263259996 0.736740004
J:/cccrccrrff: 0.000000000 0.251084973 0.748915027
J:/cccrcf: 1.000000000 0.000000000 0.000000000
J:/cccrcfrcr: 0.000000000 0.369795923 0.630204077
J:/cccrcfrfr: 0.000000000 0.276408564 0.723591436
J:/cccrcfrrc: 0.000000000 0.473179090 0.526820910
J:/cccrcfrrf: 0.000000000 0.624787294 0.375212706
J:/cccrcr: 0.019886073 0.239750225 0.740363702
J:/cccrcrccrc: 0.000000000 0.261083025 0.738916975
J:/cccrcrccrf: 0.000000000 0.439664983 0.560335017
J:/cccrcrcfrc: 0.000000000 0.467367683 0.532632317
J:/cccrcrcfrf: 0.000000000 0.360498107 0.639501893
J:/cccrcrcrcc: 0.000000000 0.125471638 0.874528362
J:/cccrcrcrcf: 0.000000000 0.525120657 0.474879343
J:/cccrcrcrfc: 0.000000000 0.049504954 0.950495046
J:/cccrcrcrff: 0.000000000 0.911873134 0.088126866
J:/cccrfc: 0.000000000 0.276459400 0.723540600
J:/cccrfcrcr: 0.000000000 0.479797622 0.520202378
J:/cccrfcrfr: 0.000000000 0.055795384 0.944204616
J:/cccrfcrrc: 0.000000000 0.420086454 0.579913546
J:/cccrfcrrf: 0.000000000 0.181174683 0.818825317
J:/cccrff: 0.970187716 0.000000000 0.029812284
J:/cccrffrr: 0.000000000 0.371333582 0.628666418
J:/cccrfr: 0.034360462 0.044630364 0.921009174
J:/cccrfrcrc: 0.000000000 0.923345118 0.076654882
J:/cccrfrcrf: 0.000000000 0.832760075 0.167239925
J:/cccrrc: 0.228640253 0.418228834 0.353130913
J:/cccrrccrcc: 0.000000000 0.041356074 0.958643926
J:/cccrrccrcf: 0.000000000 0.397616011 0.602383989
J:/cccrrccrfc: 0.000000000 0.706821770 0.293178230
J:/cccrrccrff: 0.000000000 0.840698245 0.159301755
J:/cccrrf: 0.189035010 0.376559832 0.434405158
J:/cccrrfcrc: 0.000000000 0.264362339 0.735637661
J:/cccrrfcrf: 0.000000000 0.488878069 0.511121931
J:/cccrrr: 0.000000000 0.110212781 0.889787219
J:/ccrccr: 0.658322214 0.037941222 0.303736565
J:/ccrccrccrc: 0.000000000 0.573363165 0.426636835
J:/ccrccrccrf: 0.000000000 0.798568189 0.201431811
J:/ccrccrcfrc: 0.000000000 0.363764760 0.636235240
J:/ccrccrcfrf: 0.000000000 0.596027741 0.403972259
J:/ccrccrcrcc: 0.000000000 0.501706782 0.498293218
J:/ccrccrcrcf: 0.000000000 0.238930159 0.761069841
J:/ccrccrcrfc: 0.000000000 0.172758011 0.827241989
J:/ccrccrcrff: 0.000000000 0.612090839 0.387909161
J:/ccrcfr: 1.000000000 0.000000000 0.000000000
J:/ccrcfrcrc: 0.000000000 0.728572662 0.271427338
J:/ccrcfrcrf: 0.000000000 0.830323663 0.169676337
J:/ccrcrc: 0.220292489 0.234074186 0.545633326
J:/ccrcrccrcc: 0.000000000 0.092178260 0.907821740
J:/ccrcrccrcf: 0.000000000 0.098511842 0.901488158
J:/ccrcrccrfc: 0.000000000 0.679779119 0.320220881
J:/ccrcrccrff: 0.000000000 0.656589012 0.343410988
J:/ccrcrf: 0.000000000 0.387861283 0.612138717
J:/ccrcrfcrc: 0.000000000 0.516871930 0.483128070
J:/ccrcrfcrf: 0.000000000 0.780878310 0.219121690
J:/ccrcrr: 0.000000000 0.275156398 0.724843602
J:/ccrfcr: 0.000577973 0.068937626 0.930484401
J:/ccrfcrcrc: 0.000000000 0.638033281 0.361966719
J:/ccrfcrcrf: 0.000000000 0.045848469 0.954151531
J:/ccrffr: 0.000275360 0.000000000 0.999724640
J:/ccrfrc: 0.000000000 0.236687050 0.763312950
J:/ccrfrf: 0.110845459 0.451080477 0.438074064
J:/ccrfrr: 0.000000000 0.000000000 1.000000000
J:/ccrrcc: 0.228035620 0.320991934 0.450972446
J:/ccrrcf: 0.231456819 0.579847644 0.188695538
J:/ccrrcr: 0.000000000 0.918524128 0.081475872
J:/ccrrfc: 1.000000000 0.000000000 0.000000000
J:/ccrrff: 1.000000000 0.000000000 0.000000000
J:/ccrrfr: 0.000000000 0.059212800 0.940787200
J:/ccrrrc: 0.000000000 0.182126298 0.817873702
J:/ccrrrf: 0.000000000 0.518586231 0.481413769
J:/cr: 0.000000000 0.000000000 1.000000000
J:/crccrc: 0.439869067 0.048963777 0.511167156
J:/crccrccrcc: 0.000000000 0.533102281 0.466897719
J:/crccrccrcf: 0.000000000 0.165505887 0.834494113
J:/crccrccrfc: 0.000000000 0.504515688 0.495484312
J:/crccrccrff: 0.000000000 0.152555815 0.847444185
J:/crccrf: 0.138700146 0.813448602 0.047851252
J:/crccrfcrc: 0.000000000 0.633240420 0.366759580
J:/crccrfcrf: 0.000000000 0.914520937 0.085479063
J:/crccrr: 0.000000000 0.000000000 1.000000000
J:/crcfrc: 0.941996938 0.000000000 0.058003062
J:/crcfrf: 0.328279946 0.332242589 0.339477465
J:/crcfrr: 0.000000000 0.000000000 1.000000000
J:/crcrcc: 0.421889506 0.282395003 0.295715491
J:/crcrcf: 0.367834088 0.367384921 0.264780991
J:/crcrcr: 0.000000000 0.636692200 0.363307800
J:/crcrfc: 1.000000000 0.000000000 0.000000000
J:/crcrff: 1.000000000 0.000000000 0.000000000
J:/crcrfr: 0.000000000 0.076764568 0.923235432
J:/crcrrc: 0.000000000 0.000000000 1.000000000
J:/crcrrf: 0.000000000 0.000000000 1.000000000
J:/crrccr: 0.000000000 1.000000000 0.000000000
J:/crrcfr: 0.000000000 1.000000000 0.000000000
J:/crrcrc: 0.000000000 0.781370400 0.218629600
J:/crrcrf: 0.000000000 0.451491083 0.548508917
J:/crrfcr: 0.000000000 0.413015910 0.586984090
J:/crrffr: 0.000000000 0.129188415 0.870811585
J:/crrfrc: 0.000000000 0.334446106 0.665553894
J:/crrfrf: 0.000000000 0.715239855 0.284760145
J:/crrrcc: 0.000000000 0.706698073 0.293301927
J:/crrrcf: 0.000000000 0.283325327 0.716674673
J:/crrrfc: 0.000000000 0.213342325 0.786657675
J:/crrrff: 0.000000000 0.080404962 0.919595038
J:/rc: 0.431963944 0.487170334 0.080865722
J:/rccrcc: 0.407037128 0.582468879 0.010493993
J:/rccrcf: 0.318615404 0.229081883 0.452302713
J:/rccrcr: 0.000000000 0.547567395 0.452432605
J:/rccrfc: 0.015833258 0.178189139 0.805977603
J:/rccrff: 0.396795616 0.423807192 0.179397192
J:/rccrfr: 0.000000000 0.480499483 0.519500517
J:/rccrrc: 0.000000000 0.927650366 0.072349634
J:/rccrrf: 0.000000000 0.026838951 0.973161049
J:/rcrccr: 0.000000000 0.629134610 0.370865390
J:/rcrcfr: 0.000000000 0.605984826 0.394015174
J:/rcrcrc: 0.000000000 0.700045553 0.299954447
J:/rcrcrf: 0.000000000 0.309671835 0.690328165
J:/rcrfcr: 0.000000000 0.604303328 0.395696672
J:/rcrffr: 0.000000000 0.516755873 0.483244127
J:/rcrfrc: 0.000000000 0.036745810 0.963254190
J:/rcrfrf: 0.000000000 0.760196840 0.239803160
J:/rcrrcc: 0.000000000 0.479491498 0.520508502
J:/rcrrcf: 0.000000000 0.145597776 0.854402224
J:/rcrrfc: 0.000000000 0.500352518 0.499647482
J:/rcrrff: 0.000000000 0.789168364 0.210831636
J:/rf: 0.791112659 0.106596441 0.102290899
J:/rfcrc: 0.332898659 0.559834890 0.107266451
J:/rfcrf: 0.285557802 0.357186927 0.357255271
J:/rfcrr: 0.000000000 0.633822244 0.366177756
J:/rfrcr: 0.000000000 0.398103433 0.601896567
J:/rfrfr: 0.000000000 0.478582230 0.521417770
J:/rfrrc: 0.000000000 0.752614066 0.247385934
J:/rfrrf: 0.000000000 0.601293520 0.398706480
J:/rr: 0.410567053 0.294223581 0.295209365
J:/rrccrc: 0.000000000 0.847314029 0.152685971
J:/rrccrf: 0.000000000 0.122741137 0.877258863
J:/rrcfrc: 0.000000000 0.993078208 0.006921792
J:/rrcfrf: 0.000000000 0.501666386 0.498333614
J:/rrcrcc: 0.000000000 0.616497424 0.383502576
J:/rrcrcf: 0.000000000 0.675025468 0.324974532
J:/rrcrfc: 0.000000000 0.512917365 0.487082635
J:/rrcrff: 0.000000000 0.269926913 0.730073087
K:/cc: 0.179643331 0.820356669 0.000000000
K:/cccrcc: 0.610934843 0.163608836 0.225456321
K:/cccrccrccr: 0.000000000 0.387830418 0.612169582
K:/cccrccrcfr: 0.000000000 0.342684107 0.657315893
K:/cccrccrcrc: 0.000000000 0.576188594 0.423811406
K:/cccrccrcrf: 0.000000000 0.653109295 0.346890705
K:/cccrccrfcr: 0.000000000 0.603697101 0.396302899
K:/cccrccrffr: 0.000000000 0.385571257 0.614428743
K:/cccrccrfrc: 0.000000000 0.460730765 0.539269235
K:/cccrccrfrf: 0.000000000 0.178896978 0.821103022
K:/cccrccrrcc: 0.000000000 0.169872890 0.830127110
K:/cccrccrrcf: 0.000000000 0.499728089 0.500271911
K:/cccrccrrfc: 0.000000000 0.996462121 0.003537879
K:/cccrccrrff: 0.000000000 0.365534438 0.634465562
K:/cccrcf: 1.000000000 0.000000000 0.000000000
K:/cccrcfrcr: 0.000000000 0.742742591 0.257257409
K:/cccrcfrfr: 0.000000000 0.182773725 0.817226275
K:/cccrcfrrc: 0.000000000 0.409989942 0.590010058
K:/cccrcfrrf: 0.000000000 1.000000000 0.000000000
K:/cccrcr: 0.000000000 0.117254685 0.882745315
K:/cccrcrccrc: 0.000000000 0.692533103 0.307466897
K:/cccrcrccrf: 0.000000000 0.014699087 0.985300913
K:/cccrcrcfrc: 0.000000000 0.673143149 0.326856851
K:/cccrcrcfrf: 0.000000000 0.068962885 0.931037115
K:/cccrcrcrcc: 0.000000000 0.456196573 0.543803427
K:/cccrcrcrcf: 0.000000000 0.566132702 0.433867298
K:/cccrcrcrfc: 0.000000000 0.693700377 0.306299623
K:/cccrcrcrff: 0.000000000 0.903208253 0.096791747
K:/cccrfc: 0.377696969 0.176328559 0.445974472
K:/cccrfcrcr: 0.000000000 0.307530678 0.692469322
K:/cccrfcrfr: 0.000000000 0.485593819 0.514406181
K:/cccrfcrrc: 0.000000000 0.624618606 0.375381394
K:/cccrfcrrf: 0.000000000 0.703087156 0.296912844
K:/cccrff: 1.000000000 0.000000000 0.000000000
K:/cccrffrr: 0.000000000 1.000000000 0.000000000
K:/cccrfr: 0.349968230 0.133931626 0.516100144
K:/cccrfrcrc: 0.000000000 0.868207743 0.131792257
K:/cccrfrcrf: 0.000000000 0.831419862 0.168580138
K:/cccrrc: 0.809411155 0.174015758 0.016573087
K:/cccrrccrcc: 0.000000000 0.424260406 0.575739594
K:/cccrrccrcf: 0.000000000 0.618950084 0.381049916
K:/cccrrccrfc: 0.000000000 0.725987663 0.274012337
K:/cccrrccrff: 0.000000000 0.733818429 0.266181571
K:/cccrrf: 1.000000000 0.000000000 0.000000000
K:/cccrrfcrc: 0.000000000 1.000000000 0.000000000
K:/cccrrfcrf: 0.000000000 1.000000000 0.000000000
K:/cccrrr: 0.000000000 1.000000000 0.000000000
K:/ccrccr: 1.000000000 0.000000000 0.000000000
K:/ccrccrccrc: 0.000000000 0.716459204 0.283540796
K:/ccrccrccrf: 0.000000000 0.534954876 0.465045124
K:/ccrccrcfrc: 0.000000000 0.688559177 0.311440823
K:/ccrccrcfrf: 0.000000000 0.126727591 0.873272409
K:/ccrccrcrcc: 0.000000000 0.222651570 0.777348430
K:/ccrccrcrcf: 0.000000000 0.705712517 0.294287483
K:/ccrccrcrfc: 0.000000000 0.292970284 0.707029716
K:/ccrccrcrff: 0.000000000 0.551422205 0.448577795
K:/ccrcfr: 0.856339478 0.143660522 0.000000000
K:/ccrcfrcrc: 0.000000000 1.000000000 0.000000000
K:/ccrcfrcrf: 0.000000000 1.000000000 0.000000000
K:/ccrcrc: 0.660802042 0.339197958 0.000000000
K:/ccrcrccrcc: 0.000000000 0.396024079 0.603975921
K:/ccrcrccrcf: 0.000000000 0.499168289 0.500831711
K:/ccrcrccrfc: 0.000000000 0.784855585 0.215144415
K:/ccrcrccrff: 0.000000000 1.000000000 0.000000000
K:/ccrcrf: 0.479149556 0.395883892 0.124966553
K:/ccrcrfcrc: 0.000000000 0.605803782 0.394196218
K:/ccrcrfcrf: 0.000000000 0.951474109 0.048525891
K:/ccrcrr: 0.000000000 1.000000000 0.000000000
K:/ccrfcr: 0.000389630 0.208971280 0.790639090
K:/ccrfcrcrc: 0.000000000 0.747071592 0.252928408
K:/ccrfcrcrf: 0.000000000 0.151256921 0.848743079
K:/ccrffr: 0.000334152 0.000000000 0.999665848
K:/ccrfrc: 0.128058038 0.599108036 0.272833926
K:/ccrfrf: 0.453204116 0.109626523 0.437169361
K:/ccrfrr: 0.000000000 0.000000000 1.000000000
K:/ccrrcc: 0.847983271 0.152016729 0.000000000
K:/ccrrcf: 0.788266144 0.211733856 0.000000000
K:/ccrrcr: 0.000000000 1.000000000 0.000000000
K:/ccrrfc: 1.000000000 0.000000000 0.000000000
K:/ccrrff: 0.872346431 0.127653569 0.000000000
K:/ccrrfr: 0.000000000 1.000000000 0.000000000
K:/ccrrrc: 0.000000000 0.581171036 0.418828964
K:/ccrrrf: 0.000000000 0.297351013 0.702648987
K:/cr: 1.000000000 0.000000000 0.000000000
K:/crccrc: 1.000000000 0.000000000 0.000000000
K:/crccrccrcc: 0.000000000 0.569514787 0.430485213
K:/crccrccrcf: 0.000000000 0.369058430 0.630941570
K:/crccrccrfc: 0.000000000 0.657912374 0.342087626
K:/crccrccrff: 0.000000000 0.505828678 0.494171322
K:/crccrf: 0.974044064 0.025955936 0.000000000
K:/crccrfcrc: 0.000000000 0.971566644 0.028433356
K:/crccrfcrf: 0.000000000 1.000000000 0.000000000
K:/crccrr: 0.000000000 0.999957720 0.000042280
K:/crcfrc: 0.755358867 0.098924332 0.145716800
K:/crcfrf: 0.167057633 0.677658314 0.155284053
K:/crcfrr: 0.000000000 0.856173575 0.143826425
K:/crcrcc: 0.699400528 0.099586458 0.201013014
K:/crcrcf: 0.404017090 0.447147753 0.148835156
K:/crcrcr: 0.000000000 0.283757645 0.716242355
K:/crcrfc: 1.000000000 0.000000000 0.000000000
K:/crcrff: 1.000000000 0.000000000 0.000000000
K:/crcrfr: 0.000000000 0.999935769 0.000064231
K:/crcrrc: 0.000000000 0.999929679 0.000070321
K:/crcrrf: 0.000000000 1.000000000 0.000000000
K:/crrccr: 0.000000000 1.000000000 0.000000000
K:/crrcfr: 0.000000000 1.000000000 0.000000000
K:/crrcrc: 0.000000000 0.636961558 0.363038442
K:/crrcrf: 0.000000000 0.430311884 0.569688116
K:/crrfcr: 0.000000000 0.396823807 0.603176193
K:/crrffr: 0.000000000 0.360190872 0.639809128
K:/crrfrc: 0.000000000 0.562338971 0.437661029
K:/crrfrf: 0.000000000 0.551514199 0.448485801
K:/crrrcc: 0.000000000 0.318629161 0.681370839
K:/crrrcf: 0.000000000 0.543292803 0.456707197
K:/crrrfc: 0.000000000 0.000000000 1.000000000
K:/crrrff: 0.000000000 0.304631492 0.695368508
K:/rc: 0.426245813 0.559684891 0.014069296
K:/rccrcc: 0.046934581 0.354255279 0.598810140
K:/rccrcf: 0.177664266 0.190622467 0.631713268
K:/rccrcr: 0.000000000 0.603500870 0.396499130
K:/rccrfc: 0.198296508 0.209030375 0.592673116
K:/rccrff: 0.171377566 0.291320552 0.537301881
K:/rccrfr: 0.000000000 0.702774934 0.297225066
K:/rccrrc: 0.000000000 0.123129084 0.876870916
K:/rccrrf: 0.000000000 0.305913380 0.694086620
K:/rcrccr: 0.000000000 0.571037776 0.428962224
K:/rcrcfr: 0.000000000 0.458300324 0.541699676
K:/rcrcrc: 0.000000000 0.514397539 0.485602461
K:/rcrcrf: 0.000000000 0.591323746 0.408676254
K:/rcrfcr: 0.000000000 0.739710913 0.260289087
K:/rcrffr: 0.000000000 0.169910881 0.830089119
K:/rcrfrc: 0.000000000 0.096891353 0.903108647
K:/rcrfrf: 0.000000000 0.450974058 0.549025942
K:/rcrrcc: 0.000000000 0.322548798 0.677451202
K:/rcrrcf: 0.000000000 0.270389732 0.729610268
K:/rcrrfc: 0.000000000 0.567408994 0.432591006
K:/rcrrff: 0.000000000 0.022059361 0.977940639
K:/rf: 0.152346231 0.494203586 0.353450184
K:/rfcrc: 0.152037052 0.508944047 0.339018902
K:/rfcrf: 0.574519017 0.091968250 0.333512733
K:/rfcrr: 0.000000000 0.527679679 0.472320321
K:/rfrcr: 0.000000000 0.562439436 0.437560564
K:/rfrfr: 0.000000000 0.558016229 0.441983771
K:/rfrrc: 0.000000000 0.567222682 0.432777318
K:/rfrrf: 0.000000000 0.532267120 0.467732880
K:/rr: 0.310601987 0.342271279 0.347126734
K:/rrccrc: 0.000000000 0.501318904 0.498681096
K:/rrccrf: 0.000000000 0.652273391 0.347726609
K:/rrcfrc: 0.000000000 0.440130987 0.559869013
K:/rrcfrf: 0.000000000 0.709966407 0.290033593
K:/rrcrcc: 0.000000000 0.682465301 0.317534699
K:/rrcrcf: 0.000000000 0.215782520 0.784217480
K:/rrcrfc: 0.000000000 0.333843390 0.666156610
K:/rrcrff: 0.000000000 0.227633094 0.772366906
Q:/cc: 0.000106204 0.999893796 0.000000000
Q:/cccrcc: 0.537251740 0.462748260 0.000000000
Q:/cccrccrccr: 0.000000000 0.197235625 0.802764375
Q:/cccrccrcfr: 0.000000000 0.829323212 0.170676788
Q:/cccrccrcrc: 0.000000000 0.067011196 0.932988804
Q:/cccrccrcrf: 0.000000000 0.194754946 0.805245054
Q:/cccrccrfcr: 0.000000000 0.349302018 0.650697982
Q:/cccrccrffr: 0.000000000 0.416764548 0.583235452
Q:/cccrccrfrc: 0.000000000 0.840840728 0.159159272
Q:/cccrccrfrf: 0.000000000 0.270832795 0.729167205
Q:/cccrccrrcc: 0.000000000 0.036730463 0.963269537
Q:/cccrccrrcf: 0.000000000 0.521412205 0.478587795
Q:/cccrccrrfc: 0.000000000 0.667955615 0.332044385
Q:/cccrccrrff: 0.000000000 0.853468464 0.146531536
Q:/cccrcf: 1.000000000 0.000000000 0.000000000
Q:/cccrcfrcr: 0.000000000 0.580556552 0.419443448
Q:/cccrcfrfr: 0.000000000 0.795127120 0.204872880
Q:/cccrcfrrc: 0.000000000 0.000000000 1.000000000
Q:/cccrcfrrf: 0.000000000 0.506932798 0.493067202
Q:/cccrcr: 0.000168368 0.262386639 0.737444993
Q:/cccrcrccrc: 0.000000000 0.747378124 0.252621876
Q:/cccrcrccrf: 0.000000000 0.458978304 0.541021696
Q:/cccrcrcfrc: 0.000000000 0.828282530 0.171717470
Q:/cccrcrcfrf: 0.000000000 0.389205651 0.610794349
Q:/cccrcrcrcc: 0.000000000 0.434716067 0.565283933
Q:/cccrcrcrcf: 0.000000000 0.918579008 0.081420992
Q:/cccrcrcrfc: 0.000000000 0.697613170 0.302386830
Q:/cccrcrcrff: 0.000000000 0.569039322 0.430960678
Q:/cccrfc: 0.709662857 0.006249991 0.284087152
Q:/cccrfcrcr: 0.000000000 0.071231048 0.928768952
Q:/cccrfcrfr: 0.000000000 0.182039793 0.817960207
Q:/cccrfcrrc: 0.000000000 0.538296443 0.461703557
Q:/cccrfcrrf: 0.000000000 0.330449108 0.669550892
Q:/cccrff: 1.000000000 0.000000000 0.000000000
Q:/cccrffrr: 0.000000000 1.000000000 0.000000000
Q:/cccrfr: 0.000000000 0.456837797 0.543162203
Q:/cccrfrcrc: 0.000000000 0.774343081 0.225656919
Q:/cccrfrcrf: 0.000000000 0.496306659 0.503693341
Q:/cccrrc: 0.460461277 0.000068474 0.539470249
Q:/cccrrccrcc: 0.000000000 0.548440259 0.451559741
Q:/cccrrccrcf: 0.000000000 0.334707550 0.665292450
Q:/cccrrccrfc: 0.000000000 0.121510794 0.878489206
Q:/cccrrccrff: 0.000000000 0.415083480 0.584916520
Q:/cccrrf: 1.000000000 0.000000000 0.000000000
Q:/cccrrfcrc: 0.000000000 0.249920322 0.750079678
Q:/cccrrfcrf: 0.000000000 1.000000000 0.000000000
Q:/cccrrr: 0.000000000 0.000056448 0.999943552
Q:/ccrccr: 1.000000000 0.000000000 0.000000000
Q:/ccrccrccrc: 0.000000000 0.697197850 0.302802150
Q:/ccrccrccrf: 0.000000000 0.087708444 0.912291556
Q:/ccrccrcfrc: 0.000000000 0.068929908 0.931070092
Q:/ccrccrcfrf: 0.000000000 0.167945489 0.832054511
Q:/ccrccrcrcc: 0.000000000 0.465699242 0.534300758
Q:/ccrccrcrcf: 0.000000000 0.972776076 0.027223924
Q:/ccrccrcrfc: 0.000000000 0.603574827 0.396425173
Q:/ccrccrcrff: 0.000000000 1.000000000 0.000000000
Q:/ccrcfr: 1.000000000 0.000000000 0.000000000
Q:/ccrcfrcrc: 0.000000000 0.213676312 0.786323688
Q:/ccrcfrcrf: 0.000000000 0.889962994 0.110037006
Q:/ccrcrc: 0.483234734 0.251160931 0.265604335
Q:/ccrcrccrcc: 0.000000000 0.656379005 0.343620995
Q:/ccrcrccrcf: 0.000000000 0.536878162 0.463121838
Q:/ccrcrccrfc: 0.000000000 0.644968060 0.355031940
Q:/ccrcrccrff: 0.000000000 0.344658192 0.655341808
Q:/ccrcrf: 0.372364706 0.422825923 0.204809371
Q:/ccrcrfcrc: 0.000000000 0.322950895 0.677049105
Q:/ccrcrfcrf: 0.000000000 0.502400471 0.497599529
Q:/ccrcrr: 0.000000000 0.989144847 0.010855153
Q:/ccrfcr: 0.000600977 0.014278518 0.985120505
Q:/ccrfcrcrc: 0.000000000 0.330776797 0.669223203
Q:/ccrfcrcrf: 0.000000000 0.290199693 0.709800307
Q:/ccrffr: 0.000242744 0.000000000 0.999757256
Q:/ccrfrc: 0.197460537 0.146045805 0.656493658
Q:/ccrfrf: 0.463976686 0.477314796 0.058708519
Q:/ccrfrr: 0.000000000 0.000000000 1.000000000
Q:/ccrrcc: 0.496912502 0.015009331 0.488078168
Q:/ccrrcf: 0.712251242 0.000000000 0.287748758
Q:/ccrrcr: 0.000000000 0.831643313 0.168356687
Q:/ccrrfc: 1.000000000 0.000000000 0.000000000
Q:/ccrrff: 1.000000000 0.000000000 0.000000000
Q:/ccrrfr: 0.000000000 1.000000000 0.000000000
Q:/ccrrrc: 0.000000000 0.068572276 0.931427724
Q:/ccrrrf: 0.000000000 0.309760678 0.690239322
Q:/cr: 0.000000000 0.000000000 1.000000000
Q:/crccrc: 1.000000000 0.000000000 0.000000000
Q:/crccrccrcc: 0.000000000 0.050918147 0.949081853
Q:/crccrccrcf: 0.000000000 0.622914427 0.377085573
Q:/crccrccrfc: 0.000000000 0.326906823 0.673093177
Q:/crccrccrff: 0.000000000 0.852733019 0.147266981
Q:/crccrf: 0.536326964 0.463673036 0.000000000
Q:/crccrfcrc: 0.000000000 0.657870057 0.342129943
Q:/crccrfcrf: 0.000000000 1.000000000 0.000000000
Q:/crccrr: 0.000000000 0.748319216 0.251680784
Q:/crcfrc: 0.627827871 0.058749276 0.313422852
Q:/crcfrf: 0.065312605 0.512866139 0.421821256
Q:/crcfrr: 0.000000000 0.395004177 0.604995823
Q:/crcrcc: 0.326602059 0.000000000 0.673397941
Q:/crcrcf: 0.372371892 0.310837885 0.316790223
Q:/crcrcr: 0.000000000 0.999990857 0.000009143
Q:/crcrfc: 1.000000000 0.000000000 0.000000000
Q:/crcrff: 1.000000000 0.000000000 0.000000000
Q:/crcrfr: 0.000000000 0.400476941 0.599523059
Q:/crcrrc: 0.000000000 0.168576143 0.831423857
Q:/crcrrf: 0.000000000 0.527679170 0.472320830
Q:/crrccr: 0.000000000 1.000000000 0.000000000
Q:/crrcfr: 0.000000000 1.000000000 0.000000000
Q:/crrcrc: 0.000000000 0.822140617 0.177859383
Q:/crrcrf: 0.000000000 0.902081546 0.097918454
Q:/crrfcr: 0.000000000 0.452423978 0.547576022
Q:/crrffr: 0.000000000 0.272755061 0.727244939
Q:/crrfrc: 0.000000000 0.362316223 0.637683777
Q:/crrfrf: 0.000000000 0.256924590 0.743075410
Q:/crrrcc: 0.000000000 0.412010519 0.587989481
Q:/crrrcf: 0.000000000 0.000000000 1.000000000
Q:/crrrfc: 0.000000000 0.469278817 0.530721183
Q:/crrrff: 0.000000000 0.136235294 0.863764706
Q:/rc: 0.199689618 0.152442005 0.647868377
Q:/rccrcc: 0.241717096 0.338841398 0.419441506
Q:/rccrcf: 0.386903060 0.368261529 0.244835411
Q:/rccrcr: 0.000000000 0.198847001 0.801152999
Q:/rccrfc: 0.456284958 0.489518850 0.054196193
Q:/rccrff: 0.392092720 0.077947003 0.529960276
Q:/rccrfr: 0.000000000 0.748956363 0.251043637
Q:/rccrrc: 0.000000000 0.662446383 0.337553617
Q:/rccrrf: 0.000000000 0.024580470 0.975419530
Q:/rcrccr: 0.000000000 0.591525271 0.408474729
Q:/rcrcfr: 0.000000000 0.633448089 0.366551911
Q:/rcrcrc: 0.000000000 0.043980746 0.956019254
Q:/rcrcrf: 0.000000000 0.430387465 0.569612535
Q:/rcrfcr: 0.000000000 0.523421049 0.476578951
Q:/rcrffr: 0.000000000 0.634787453 0.365212547
Q:/rcrfrc: 0.000000000 0.201942579 0.798057421
Q:/rcrfrf: 0.000000000 0.969746147 0.030253853
Q:/rcrrcc: 0.000000000 0.933785252 0.066214748
Q:/rcrrcf: 0.000000000 0.891061672 0.108938328
Q:/rcrrfc: 0.000000000 0.805686283 0.194313717
Q:/rcrrff: 0.000000000 0.903840629 0.096159371
Q:/rf: 0.000000000 0.413367086 0.586632914
Q:/rfcrc: 0.158179415 0.396609007 0.445211578
Q:/rfcrf: 0.096150625 0.628204139 0.275645236
Q:/rfcrr: 0.000000000 0.549965255 0.450034745
Q:/rfrcr: 0.000000000 0.796999690 0.203000310
Q:/rfrfr: 0.000000000 0.738517010 0.261482990
Q:/rfrrc: 0.000000000 0.272856124 0.727143876
Q:/rfrrf: 0.000000000 0.549676602 0.450323398
Q:/rr: 0.223264159 0.204497423 0.572238418
Q:/rrccrc: 0.000000000 0.202577635 0.797422365
Q:/rrccrf: 0.000000000 0.585187410 0.414812590
Q:/rrcfrc: 0.000000000 0.508238470 0.491761530
Q:/rrcfrf: 0.000000000 0.748677537 0.251322463
Q:/rrcrcc: 0.000000000 0.350604072 0.649395928
Q:/rrcrcf: 0.000000000 0.377222030 0.622777970
Q:/rrcrfc: 0.000000000 0.564361893 0.435638107
Q:/rrcrff: 0.000000000 0.712697026 0.287302974
T:/cc: 0.000000000 1.000000000 0.000000000
T:/cccrcc: 0.255832347 0.423376290 0.320791363
T:/cccrccrccr: 0.000000000 0.032406150 0.967593850
T:/cccrccrcfr: 0.000000000 0.541403304 0.458596696
T:/cccrccrcrc: 0.000000000 0.661530097 0.338469903
T:/cccrccrcrf: 0.000000000 0.142501505 0.857498495
T:/cccrccrfcr: 0.000000000 0.567588656 0.432411344
T:/cccrccrffr: 0.000000000 0.562115846 0.437884154
T:/cccrccrfrc: 0.000000000 0.832883802 0.167116198
T:/cccrccrfrf: 0.000000000 0.610614672 0.389385328
T:/cccrccrrcc: 0.000000000 0.936839497 0.063160503
T:/cccrccrrcf: 0.000000000 0.554881163 0.445118837
T:/cccrccrrfc: 0.000000000 0.017419126 0.982580874
T:/cccrccrrff: 0.000000000 0.894678272 0.105321728
T:/cccrcf: 1.000000000 0.000000000 0.000000000
T:/cccrcfrcr: 0.000000000 0.543726041 0.456273959
T:/cccrcfrfr: 0.000000000 0.312690227 0.687309773
T:/cccrcfrrc: 0.000000000 0.356429815 0.643570185
T:/cccrcfrrf: 0.000000000 0.887804277 0.112195723
T:/cccrcr: 0.019584021 0.179379586 0.801036392
T:/cccrcrccrc: 0.000000000 0.538111750 0.461888250
T:/cccrcrccrf: 0.000000000 0.051327032 0.948672968
T:/cccrcrcfrc: 0.000000000 0.339774463 0.660225537
T:/cccrcrcfrf: 0.000000000 0.664904616 0.335095384
T:/cccrcrcrcc: 0.000000000 0.233707248 0.766292752
T:/cccrcrcrcf: 0.000000000 0.567394049 0.432605951
T:/cccrcrcrfc: 0.000000000 0.638387148 0.361612852
T:/cccrcrcrff: 0.000000000 0.438577672 0.561422328
T:/cccrfc: 0.450683014 0.403189297 0.146127688
T:/cccrfcrcr: 0.000000000 0.841242135 0.158757865
T:/cccrfcrfr: 0.000000000 0.828948069 0.171051931
T:/cccrfcrrc: 0.000000000 0.066424989 0.933575011
T:/cccrfcrrf: 0.000000000 0.419982806 0.580017194
T:/cccrff: 0.839293486 0.000000000 0.160706514
T:/cccrffrr: 0.000000000 0.000000000 1.000000000
T:/cccrfr: 0.687055693 0.181490918 0.131453389
T:/cccrfrcrc: 0.000000000 0.184803242 0.815196758
T:/cccrfrcrf: 0.000000000 0.521428148 0.478571852
T:/cccrrc: 0.037267420 0.000251091 0.962481488
T:/cccrrccrcc: 0.000000000 0.412863609 0.587136391
T:/cccrrccrcf: 0.000000000 0.213577727 0.786422273
T:/cccrrccrfc: 0.000000000 0.291803957 0.708196043
T:/cccrrccrff: 0.000000000 0.498203759 0.501796241
T:/cccrrf: 0.037587363 0.000000000 0.962412637
T:/cccrrfcrc: 0.000000000 0.319135761 0.680864239
T:/cccrrfcrf: 0.000000000 0.381430130 0.618569870
T:/cccrrr: 0.000000000 0.000000000 1.000000000
T:/ccrccr: 0.240318265 0.000000000 0.759681735
T:/ccrccrccrc: 0.000000000 0.580244914 0.419755086
T:/ccrccrccrf: 0.000000000 0.704491405 0.295508595
T:/ccrccrcfrc: 0.000000000 0.910599921 0.089400079
T:/ccrccrcfrf: 0.000000000 0.500927309 0.499072691
T:/ccrccrcrcc: 0.000000000 0.635988683 0.364011317
T:/ccrccrcrcf: 0.000000000 0.428777841 0.571222159
T:/ccrccrcrfc: 0.000000000 0.506989620 0.493010380
T:/ccrccrcrff: 0.000000000 0.508090848 0.491909152
T:/ccrcfr: 1.000000000 0.000000000 0.000000000
T:/ccrcfrcrc: 0.000000000 0.710589263 0.289410737
T:/ccrcfrcrf: 0.000000000 0.390467808 0.609532192
T:/ccrcrc: 0.088559295 0.280028586 0.631412119
T:/ccrcrccrcc: 0.000000000 0.000000000 1.000000000
T:/ccrcrccrcf: 0.000000000 0.583843839 0.416156161
T:/ccrcrccrfc: 0.000000000 0.852525790 0.147474210
T:/ccrcrccrff: 0.000000000 0.700884322 0.299115678
T:/ccrcrf: 0.000000000 0.410297891 0.589702109
T:/ccrcrfcrc: 0.000000000 0.902237814 0.097762186
T:/ccrcrfcrf: 0.000000000 0.230455875 0.769544125
T:/ccrcrr: 0.000000000 0.144907266 0.855092734
T:/ccrfcr: 0.000514633 0.000000000 0.999485367
T:/ccrfcrcrc: 0.000000000 0.738987453 0.261012547
T:/ccrfcrcrf: 0.000000000 0.426794920 0.573205080
T:/ccrffr: 0.000343637 0.030093388 0.969562975
T:/ccrfrc: 0.024459201 0.253712553 0.721828246
T:/ccrfrf: 0.157809481 0.343898155 0.498292364
T:/ccrfrr: 0.000000000 0.000000000 1.000000000
T:/ccrrcc: 0.134620251 0.146782849 0.718596901
T:/ccrrcf: 0.249834332 0.497792786 0.252372882
T:/ccrrcr: 0.000000000 0.395917817 0.604082183
T:/ccrrfc: 0.683138856 0.000000000 0.316861144
T:/ccrrff: 1.000000000 0.000000000 0.000000000
T:/ccrrfr: 0.000000000 0.182479563 0.817520437
T:/ccrrrc: 0.000000000 0.565334496 0.434665504
T:/ccrrrf: 0.000000000 0.369516716 0.630483284
T:/cr: 0.000000000 0.000000000 1.000000000
T:/crccrc: 0.000056510 0.144032412 0.855911078
T:/crccrccrcc: 0.000000000 0.570081872 0.429918128
T:/crccrccrcf: 0.000000000 0.114912010 0.885087990
T:/crccrccrfc: 0.000000000 0.273645257 0.726354743
T:/crccrccrff: 0.000000000 0.331102377 0.668897623
T:/crccrf: 0.507567766 0.039401632 0.453030602
T:/crccrfcrc: 0.000000000 0.252217519 0.747782481
T:/crccrfcrf: 0.000000000 0.821195650 0.178804350
T:/crccrr: 0.000000000 0.000000000 1.000000000
T:/crcfrc: 0.580632924 0.130540865 0.288826211
T:/crcfrf: 0.024310318 0.475098211 0.500591471
T:/crcfrr: 0.000000000 0.000000000 1.000000000
T:/crcrcc: 0.322779049 0.275242874 0.401978077
T:/crcrcf: 0.186687253 0.414926394 0.398386353
T:/crcrcr: 0.000000000 0.548761915 0.451238085
T:/crcrfc: 0.994848819 0.000000000 0.005151181
T:/crcrff: 1.000000000 0.000000000 0.000000000
T:/crcrfr: 0.000000000 0.000000000 1.000000000
T:/crcrrc: 0.000000000 0.122107264 0.877892736
T:/crcrrf: 0.000000000 0.000000000 1.000000000
T:/crrccr: 0.000000000 0.000000000 1.000000000
T:/crrcfr: 0.000000000 0.000000000 1.000000000
T:/crrcrc: 0.000000000 0.032382605 0.967617395
T:/crrcrf: 0.000000000 0.600786631 0.399213369
T:/crrfcr: 0.000000000 0.661504498 0.338495502
T:/crrffr: 0.000000000 0.181937984 0.818062016
T:/crrfrc: 0.000000000 0.000000000 1.000000000
T:/crrfrf: 0.000000000 0.493367770 0.506632230
T:/crrrcc: 0.000000000 0.187571051 0.812428949
T:/crrrcf: 0.000000000 0.477766796 0.522233204
T:/crrrfc: 0.000000000 0.066461795 0.933538205
T:/crrrff: 0.000000000 0.000000000 1.000000000
T:/rc: 0.296062589 0.210028827 0.493908584
T:/rccrcc: 0.244494127 0.439860734 0.315645139
T:/rccrcf: 0.763994050 0.109563651 0.126442299
T:/rccrcr: 0.000000000 0.441189422 0.558810578
T:/rccrfc: 0.063520688 0.839970356 0.096508957
T:/rccrff: 0.147191601 0.765448587 0.087359812
T:/rccrfr: 0.000000000 0.062250608 0.937749392
T:/rccrrc: 0.000000000 0.694580813 0.305419187
T:/rccrrf: 0.000000000 0.707444355 0.292555645
T:/rcrccr: 0.000000000 0.405968746 0.594031254
T:/rcrcfr: 0.000000000 0.883042473 0.116957527
T:/rcrcrc: 0.000000000 0.044500778 0.955499222
T:/rcrcrf: 0.000000000 0.513624677 0.486375323
T:/rcrfcr: 0.000000000 0.474655052 0.525344948
T:/rcrffr: 0.000000000 0.734111501 0.265888499
T:/rcrfrc: 0.000000000 0.724161983 0.275838017
T:/rcrfrf: 0.000000000 0.225813408 0.774186592
T:/rcrrcc: 0.000000000 0.734461394 0.265538606
T:/rcrrcf: 0.000000000 0.265152905 0.734847095
T:/rcrrfc: 0.000000000 0.068645085 0.931354915
T:/rcrrff: 0.000000000 0.511483716 0.488516284
T:/rf: 0.313609379 0.202512925 0.483877696
T:/rfcrc: 0.561361628 0.245067437 0.193570935
T:/rfcrf: 0.229629859 0.619447061 0.150923080
T:/rfcrr: 0.000000000 0.536832047 0.463167953
T:/rfrcr: 0.000000000 0.433427998 0.566572002
T:/rfrfr: 0.000000000 0.745023049 0.254976951
T:/rfrrc: 0.000000000 0.137794857 0.862205143
T:/rfrrf: 0.000000000 0.320660156 0.679339844
T:/rr: 0.478551039 0.465787140 0.055661821
T:/rrccrc: 0.000000000 0.386920345 0.613079655
T:/rrccrf: 0.000000000 0.118928869 0.881071131
T:/rrcfrc: 0.000000000 0.426172940 0.573827060
T:/rrcfrf: 0.000000000 0.593032766 0.406967234
T:/rrcrcc: 0.000000000 0.283656799 0.716343201
T:/rrcrcf: 0.000000000 0.929012712 0.070987288
T:/rrcrfc: 0.000000000 0.554120495 0.445879505
T:/rrcrff: 0.000000000 0.506805562 0.493194438
