9:/: 0.000073209 0.999926791 0.000000000
9:/cccr: 0.000078670 0.000000000 0.999921330
9:/cccrccrc: 0.000000000 0.233757889 0.766242111
9:/cccrccrf: 0.000000000 0.625473685 0.374526315
9:/cccrcfrc: 0.000000000 0.000000000 1.000000000
9:/cccrcfrf: 0.000000000 0.959070941 0.040929059
9:/cccrcrcc: 0.000000000 0.000000000 1.000000000
9:/cccrcrcf: 0.000000000 0.132283951 0.867716049
9:/cccrcrfc: 0.000000000 0.614189220 0.385810780
9:/cccrcrff: 0.000000000 0.216769292 0.783230708
9:/ccrc: 0.006690420 0.157742938 0.835566643
9:/ccrccrcc: 0.000000000 0.423008324 0.576991676
9:/ccrccrcf: 0.000000000 0.433427603 0.566572397
9:/ccrccrfc: 0.000000000 0.382900284 0.617099716
9:/ccrccrff: 0.000000000 0.693285556 0.306714444
9:/ccrf: 0.847689685 0.000000000 0.152310315
9:/ccrfcrc: 0.000000000 0.541049147 0.458950853
9:/ccrfcrf: 0.000000000 0.200242398 0.799757602
9:/ccrr: 0.000000000 0.507788841 0.492211159
9:/crcc: 0.000000028 0.564013494 0.435986478
9:/crcf: 0.389509620 0.316500789 0.293989591
9:/crcr: 0.000000000 0.674442047 0.325557953
9:/crfc: 0.007218088 0.000000000 0.992781912
9:/crff: 0.000000000 0.000000000 1.000000000
9:/crfr: 0.000000000 0.000000000 1.000000000
9:/crrc: 0.000000000 0.322851060 0.677148940
9:/crrf: 0.000000000 0.488234730 0.511765270
9:/rccr: 0.000000000 0.060541086 0.939458914
9:/rcfr: 0.000000000 0.000000000 1.000000000
9:/rcrc: 0.000000000 0.619270063 0.380729937
9:/rcrf: 0.000000000 0.634143359 0.365856641
9:/rfcr: 0.000000000 0.132420044 0.867579956
9:/rffr: 0.000000000 0.000000000 1.000000000
9:/rfrc: 0.000000000 0.312960690 0.687039310
9:/rfrf: 0.000000000 0.016783493 0.983216507
9:/rrcc: 0.000000000 0.559558099 0.440441901
9:/rrcf: 0.000000000 0.000000000 1.000000000
9:/rrfc: 0.000000000 0.000000000 1.000000000
9:/rrff: 0.000000000 0.486911311 0.513088689
A:/: 0.099523424 0.900476576 0.000000000
A:/cccr: 0.703307471 0.296692529 0.000000000
A:/cccrccrc: 0.000000000 0.308836989 0.691163011
A:/cccrccrf: 0.000000000 0.929347003 0.070652997
A:/cccrcfrc: 0.000000000 0.913545024 0.086454976
A:/cccrcfrf: 0.000000000 0.920815683 0.079184317
A:/cccrcrcc: 0.000000000 1.000000000 0.000000000
A:/cccrcrcf: 0.000000000 0.736253241 0.263746759
A:/cccrcrfc: 0.000000000 1.000000000 0.000000000
A:/cccrcrff: 0.000000000 1.000000000 0.000000000
A:/ccrc: 0.486722474 0.513277526 0.000000000
A:/ccrccrcc: 0.000000000 0.749912749 0.250087251
A:/ccrccrcf: 0.000000000 0.841961648 0.158038352
A:/ccrccrfc: 0.000000000 0.614756004 0.385243996
A:/ccrccrff: 0.000000000 0.377547715 0.622452285
A:/ccrf: 0.715994791 0.284005209 0.000000000
A:/ccrfcrc: 0.000000000 0.800775882 0.199224118
A:/ccrfcrf: 0.000000000 1.000000000 0.000000000
A:/ccrr: 0.000000000 1.000000000 0.000000000
A:/crcc: 0.361079366 0.311429852 0.327490782
A:/crcf: 0.412301265 0.418125390 0.169573346
A:/crcr: 0.000000000 0.687904696 0.312095304
A:/crfc: 0.805713391 0.194286609 0.000000000
A:/crff: 0.619181593 0.380818407 0.000000000
A:/crfr: 0.000000000 1.000000000 0.000000000
A:/crrc: 0.000000000 0.734245602 0.265754398
A:/crrf: 0.000000000 0.995525203 0.004474797
A:/rccr: 0.000000000 1.000000000 0.000000000
A:/rcfr: 0.000000000 1.000000000 0.000000000
A:/rcrc: 0.000000000 1.000000000 0.000000000
A:/rcrf: 0.000000000 0.763858021 0.236141979
A:/rfcr: 0.000000000 0.894406608 0.105593392
A:/rffr: 0.000000000 1.000000000 0.000000000
A:/rfrc: 0.000000000 1.000000000 0.000000000
A:/rfrf: 0.000000000 0.489605167 0.510394833
A:/rrcc: 0.000000000 0.817796531 0.182203469
A:/rrcf: 0.000000000 1.000000000 0.000000000
A:/rrfc: 0.000000000 0.836928861 0.163071139
A:/rrff: 0.000000000 1.000000000 0.000000000
J:/: 0.000061528 0.999938472 0.000000000
J:/cccr: 0.000226020 0.000000000 0.999773980
J:/cccrccrc: 0.000000000 0.450378929 0.549621071
J:/cccrccrf: 0.000000000 0.506432753 0.493567247
J:/cccrcfrc: 0.000000000 0.336231197 0.663768803
J:/cccrcfrf: 0.000000000 0.305190292 0.694809708
J:/cccrcrcc: 0.000000000 0.783637228 0.216362772
J:/cccrcrcf: 0.000000000 0.000847191 0.999152809
J:/cccrcrfc: 0.000000000 0.175311548 0.824688452
J:/cccrcrff: 0.000000000 0.209807286 0.790192714
J:/ccrc: 0.007126365 0.541431395 0.451442240
J:/ccrccrcc: 0.000000000 0.454336740 0.545663260
J:/ccrccrcf: 0.000000000 0.354591108 0.645408892
J:/ccrccrfc: 0.000000000 0.339269065 0.660730935
J:/ccrccrff: 0.000000000 0.274188490 0.725811510
J:/ccrf: 0.296869054 0.279469190 0.423661756
J:/ccrfcrc: 0.000000000 0.166382272 0.833617728
J:/ccrfcrf: 0.000000000 0.635714459 0.364285541
J:/ccrr: 0.000000000 0.210602785 0.789397215
J:/crcc: 0.226721192 0.329222665 0.444056143
J:/crcf: 0.285630911 0.422747168 0.291621922
J:/crcr: 0.000000000 0.310427980 0.689572020
J:/crfc: 0.006127351 0.000000000 0.993872649
J:/crff: 0.000000000 0.006684601 0.993315399
J:/crfr: 0.000000000 0.000000000 1.000000000
J:/crrc: 0.000000000 0.433607084 0.566392916
J:/crrf: 0.000000000 0.406457613 0.593542387
J:/rccr: 0.000000000 0.212651607 0.787348393
J:/rcfr: 0.000000000 0.000318278 0.999681722
J:/rcrc: 0.000000000 0.881111781 0.118888219
J:/rcrf: 0.000000000 0.586797166 0.413202834
J:/rfcr: 0.000000000 0.000000000 1.000000000
J:/rffr: 0.000000000 0.000000000 1.000000000
J:/rfrc: 0.000000000 0.000000000 1.000000000
J:/rfrf: 0.000000000 0.426243878 0.573756122
J:/rrcc: 0.000000000 0.540527764 0.459472236
J:/rrcf: 0.000000000 0.193974596 0.806025404
J:/rrfc: 0.000000000 0.480755089 0.519244911
J:/rrff: 0.000000000 0.528361061 0.471638939
K:/: 0.000000000 1.000000000 0.000000000
K:/cccr: 0.000455909 0.000000000 0.999544091
K:/cccrccrc: 0.000000000 0.262902438 0.737097562
K:/cccrccrf: 0.000000000 0.899866468 0.100133532
K:/cccrcfrc: 0.000000000 0.689808756 0.310191244
K:/cccrcfrf: 0.000000000 0.468509077 0.531490923
K:/cccrcrcc: 0.000000000 0.572017547 0.427982453
K:/cccrcrcf: 0.000000000 0.392911823 0.607088177
K:/cccrcrfc: 0.000000000 0.672022285 0.327977715
K:/cccrcrff: 0.000000000 0.708440386 0.291559614
K:/ccrc: 0.329473565 0.361535696 0.308990739
K:/ccrccrcc: 0.000000000 0.519761050 0.480238950
K:/ccrccrcf: 0.000000000 0.941258333 0.058741667
K:/ccrccrfc: 0.000000000 0.708478274 0.291521726
K:/ccrccrff: 0.000000000 0.841730433 0.158269567
K:/ccrf: 0.787863500 0.150175198 0.061961302
K:/ccrfcrc: 0.000000000 0.367603597 0.632396403
K:/ccrfcrf: 0.000000000 0.726354844 0.273645156
K:/ccrr: 0.000000000 0.419890580 0.580109420
K:/crcc: 0.356848601 0.292838481 0.350312918
K:/crcf: 0.410295990 0.336392754 0.253311256
K:/crcr: 0.000000000 0.741513470 0.258486530
K:/crfc: 0.000000000 0.520711416 0.479288584
K:/crff: 0.000000000 0.743364918 0.256635082
K:/crfr: 0.000000000 0.254309185 0.745690815
K:/crrc: 0.000000000 0.202802392 0.797197608
K:/crrf: 0.000000000 0.324255975 0.675744025
K:/rccr: 0.000000000 0.396854639 0.603145361
K:/rcfr: 0.000000000 0.363136212 0.636863788
K:/rcrc: 0.000000000 0.688900123 0.311099877
K:/rcrf: 0.000000000 0.764244424 0.235755576
K:/rfcr: 0.000000000 0.000000000 1.000000000
K:/rffr: 0.000000000 0.000000000 1.000000000
K:/rfrc: 0.000000000 0.000000000 1.000000000
K:/rfrf: 0.000000000 0.749518569 0.250481431
K:/rrcc: 0.000000000 0.766614766 0.233385234
K:/rrcf: 0.000000000 0.802293899 0.197706101
K:/rrfc: 0.000000000 0.000000000 1.000000000
K:/rrff: 0.000000000 0.562362078 0.437637922
Q:/: 0.000000000 1.000000000 0.000000000
Q:/cccr: 0.000293070 0.000000000 0.999706930
Q:/cccrccrc: 0.000000000 0.626930877 0.373069123
Q:/cccrccrf: 0.000000000 0.769043849 0.230956151
Q:/cccrcfrc: 0.000000000 0.729545130 0.270454870
Q:/cccrcfrf: 0.000000000 0.540861698 0.459138302
Q:/cccrcrcc: 0.000000000 0.163150037 0.836849963
Q:/cccrcrcf: 0.000000000 0.788374214 0.211625786
Q:/cccrcrfc: 0.000000000 0.311444899 0.688555101
Q:/cccrcrff: 0.000000000 0.235419818 0.764580182
Q:/ccrc: 0.094622800 0.362392619 0.542984580
Q:/ccrccrcc: 0.000000000 0.303689248 0.696310752
Q:/ccrccrcf: 0.000000000 0.591221362 0.408778638
Q:/ccrccrfc: 0.000000000 0.846499441 0.153500559
Q:/ccrccrff: 0.000000000 0.080287533 0.919712467
Q:/ccrf: 0.691049184 0.090535965 0.218414851
Q:/ccrfcrc: 0.000000000 0.376393977 0.623606023
Q:/ccrfcrf: 0.000000000 0.715917351 0.284082649
Q:/ccrr: 0.000000000 0.111300211 0.888699789
Q:/crcc: 0.206021226 0.216493079 0.577485695
Q:/crcf: 0.000000031 0.081216119 0.918783850
Q:/crcr: 0.000000000 0.416296255 0.583703745
Q:/crfc: 0.061361194 0.143405740 0.795233066
Q:/crff: 0.000000000 0.299773130 0.700226870
Q:/crfr: 0.000000000 0.115926029 0.884073971
Q:/crrc: 0.000000000 0.779486901 0.220513099
Q:/crrf: 0.000000000 0.478815517 0.521184483
Q:/rccr: 0.000000000 0.000000000 1.000000000
Q:/rcfr: 0.000000000 0.035988662 0.964011338
Q:/rcrc: 0.000000000 0.000000000 1.000000000
Q:/rcrf: 0.000000000 0.195345794 0.804654206
Q:/rfcr: 0.000000000 0.153192094 0.846807906
Q:/rffr: 0.000000000 0.000000000 1.000000000
Q:/rfrc: 0.000000000 0.000000000 1.000000000
Q:/rfrf: 0.000000000 0.563208621 0.436791379
Q:/rrcc: 0.000000000 0.295529207 0.704470793
Q:/rrcf: 0.000000000 0.280772187 0.719227813
Q:/rrfc: 0.000000000 0.149499406 0.850500594
Q:/rrff: 0.000000000 0.752555543 0.247444457
T:/: 0.044560396 0.955439604 0.000000000
T:/cccr: 0.000147474 0.000000000 0.999852526
T:/cccrccrc: 0.000000000 0.489232302 0.510767698
T:/cccrccrf: 0.000000000 0.931000687 0.068999313
T:/cccrcfrc: 0.000000000 0.375833352 0.624166648
T:/cccrcfrf: 0.000000000 0.191897255 0.808102745
T:/cccrcrcc: 0.000000000 0.271983267 0.728016733
T:/cccrcrcf: 0.000000000 0.372820065 0.627179935
T:/cccrcrfc: 0.000000000 0.341999849 0.658000151
T:/cccrcrff: 0.000000000 0.393739766 0.606260234
T:/ccrc: 0.202478471 0.374464540 0.423056988
T:/ccrccrcc: 0.000000000 0.326475732 0.673524268
T:/ccrccrcf: 0.000000000 0.474435205 0.525564795
T:/ccrccrfc: 0.000000000 0.661883909 0.338116091
T:/ccrccrff: 0.000000000 0.423656142 0.576343858
T:/ccrf: 0.436816825 0.162933747 0.400249428
T:/ccrfcrc: 0.000000000 0.548762742 0.451237258
T:/ccrfcrf: 0.000000000 0.086780983 0.913219017
T:/ccrr: 0.000000000 0.241624980 0.758375020
T:/crcc: 0.609356723 0.180685847 0.209957430
T:/crcf: 0.320628012 0.523173902 0.156198086
T:/crcr: 0.000000000 0.148262535 0.851737465
T:/crfc: 0.006880451 0.000000000 0.993119549
T:/crff: 0.000000000 0.000000000 1.000000000
T:/crfr: 0.000000000 0.000000000 1.000000000
T:/crrc: 0.000000000 0.598585591 0.401414409
T:/crrf: 0.000000000 0.275825484 0.724174516
T:/rccr: 0.000000000 0.347483225 0.652516775
T:/rcfr: 0.000000000 0.000000000 1.000000000
T:/rcrc: 0.000000000 0.182551626 0.817448374
T:/rcrf: 0.000000000 0.189487678 0.810512322
T:/rfcr: 0.000000000 0.000000000 1.000000000
T:/rffr: 0.000000000 0.000000000 1.000000000
T:/rfrc: 0.000000000 0.000000000 1.000000000
T:/rfrf: 0.000000000 0.571170179 0.428829821
T:/rrcc: 0.000000000 0.234810293 0.765189707
T:/rrcf: 0.000000000 0.235187394 0.764812606
T:/rrfc: 0.000000000 0.060245238 0.939754762
T:/rrff: 0.000000000 0.000000000 1.000000000
