9:/cc: 0.012517478 0.987482522 0.000000000
9:/cccrcc: 0.000000000 0.410950097 0.589049903
9:/cccrcf: 0.033458531 0.337925066 0.628616404
9:/cccrcr: 0.000000000 0.624443204 0.375556796
9:/cccrfc: 0.000302390 0.000000000 0.999697610
9:/cccrff: 0.000000000 0.000000000 1.000000000
9:/cccrfr: 0.000000000 0.000000000 1.000000000
9:/cccrrc: 0.000000000 0.060534438 0.939465562
9:/cccrrf: 0.000000000 0.264720146 0.735279854
9:/ccrccr: 0.000000000 0.185243743 0.814756257
9:/ccrcfr: 0.000000000 0.105063099 0.894936901
9:/ccrcrc: 0.000000000 0.581103095 0.418896905
9:/ccrcrf: 0.000000000 0.529041111 0.470958889
9:/ccrfcr: 0.000000000 0.443404523 0.556595477
9:/ccrffr: 0.000000000 0.161045222 0.838954778
9:/ccrfrc: 0.000000000 0.000000000 1.000000000
9:/ccrfrf: 0.000000000 0.189580039 0.810419961
9:/ccrrcc: 0.000000000 0.535457876 0.464542124
9:/ccrrcf: 0.000000000 0.226533161 0.773466839
9:/ccrrfc: 0.000000000 0.100570396 0.899429604
9:/ccrrff: 0.000000000 0.065492786 0.934507214
9:/cr: 0.000000000 0.000000000 1.000000000
9:/crccrc: 0.000000000 0.357374786 0.642625214
9:/crccrf: 0.000000000 0.790516652 0.209483348
9:/crcfrc: 0.000000000 0.171199229 0.828800771
9:/crcfrf: 0.000000000 0.468339908 0.531660092
9:/crcrcc: 0.000000000 0.000000000 1.000000000
9:/crcrcf: 0.000000000 0.236372424 0.763627576
9:/crcrfc: 0.000000000 0.229913052 0.770086948
9:/crcrff: 0.000000000 0.423554815 0.576445185
9:/rc: 0.112846309 0.000000000 0.887153691
9:/rccrcc: 0.000000000 0.366545177 0.633454823
9:/rccrcf: 0.000000000 0.916392754 0.083607246
9:/rccrfc: 0.000000000 0.808271762 0.191728238
9:/rccrff: 0.000000000 0.930077429 0.069922571
9:/rf: 0.470352875 0.000000000 0.529647125
9:/rfcrc: 0.000000000 0.079837980 0.920162020
9:/rfcrf: 0.000000000 0.256685186 0.743314814
9:/rr: 0.000000000 0.198747680 0.801252320
A:/cc: 0.628290083 0.371709917 0.000000000
A:/cccrcc: 0.433720251 0.293829487 0.272450263
A:/cccrcf: 0.320690113 0.633097341 0.046212546
A:/cccrcr: 0.000000000 0.956631819 0.043368181
A:/cccrfc: 0.960416709 0.039583291 0.000000000
A:/cccrff: 0.744367288 0.255632712 0.000000000
A:/cccrfr: 0.000000000 1.000000000 0.000000000
A:/cccrrc: 0.000000000 0.581393420 0.418606580
A:/cccrrf: 0.000000000 0.190857669 0.809142331
A:/ccrccr: 0.000000000 1.000000000 0.000000000
A:/ccrcfr: 0.000000000 0.893108691 0.106891309
A:/ccrcrc: 0.000000000 0.777057008 0.222942992
A:/ccrcrf: 0.000000000 1.000000000 0.000000000
A:/ccrfcr: 0.000000000 0.940418017 0.059581983
A:/ccrffr: 0.000000000 1.000000000 0.000000000
A:/ccrfrc: 0.000000000 1.000000000 0.000000000
A:/ccrfrf: 0.000000000 0.573088224 0.426911776
A:/ccrrcc: 0.000000000 0.782428382 0.217571618
A:/ccrrcf: 0.000000000 1.000000000 0.000000000
A:/ccrrfc: 0.000000000 0.712109767 0.287890233
A:/ccrrff: 0.000000000 1.000000000 0.000000000
A:/cr: 0.840930372 0.159069628 0.000000000
A:/crccrc: 0.000000000 0.791427770 0.208572230
A:/crccrf: 0.000000000 0.450508644 0.549491356
A:/crcfrc: 0.000000000 0.882137409 0.117862591
A:/crcfrf: 0.000000000 0.419538767 0.580461233
A:/crcrcc: 0.000000000 0.970687645 0.029312355
A:/crcrcf: 0.000000000 0.796848351 0.203151649
A:/crcrfc: 0.000000000 0.649930994 0.350069006
A:/crcrff: 0.000000000 0.858674485 0.141325515
A:/rc: 0.889972967 0.110027033 0.000000000
A:/rccrcc: 0.000000000 0.514886092 0.485113908
A:/rccrcf: 0.000000000 0.436397881 0.563602119
A:/rccrfc: 0.000000000 1.000000000 0.000000000
A:/rccrff: 0.000000000 0.871379685 0.128620315
A:/rf: 0.732920280 0.267079720 0.000000000
A:/rfcrc: 0.000000000 0.876423999 0.123576001
A:/rfcrf: 0.000000000 1.000000000 0.000000000
A:/rr: 0.000000000 1.000000000 0.000000000
J:/cc: 0.144346661 0.855653339 0.000000000
J:/cccrcc: 0.000000000 0.304362549 0.695637451
J:/cccrcf: 0.019669229 0.727124512 0.253206260
J:/cccrcr: 0.000000000 0.460141004 0.539858996
J:/cccrfc: 0.000000000 0.000000000 1.000000000
J:/cccrff: 0.000000000 0.000000000 1.000000000
J:/cccrfr: 0.000000000 0.046094634 0.953905366
J:/cccrrc: 0.000000000 0.569842136 0.430157864
J:/cccrrf: 0.000000000 0.000000000 1.000000000
J:/ccrccr: 0.000000000 0.250105562 0.749894438
J:/ccrcfr: 0.000000000 0.230081982 0.769918018
J:/ccrcrc: 0.000000000 0.074181229 0.925818771
J:/ccrcrf: 0.000000000 0.226601224 0.773398776
J:/ccrfcr: 0.000000000 0.264658272 0.735341728
J:/ccrffr: 0.000000000 0.763349552 0.236650448
J:/ccrfrc: 0.000000000 0.191041029 0.808958971
J:/ccrfrf: 0.000000000 0.254051180 0.745948820
J:/ccrrcc: 0.000000000 0.491784569 0.508215431
J:/ccrrcf: 0.000000000 0.419316813 0.580683187
J:/ccrrfc: 0.000000000 0.152805177 0.847194823
J:/ccrrff: 0.000000000 0.342960023 0.657039977
J:/cr: 0.000000000 0.000000000 1.000000000
J:/crccrc: 0.000000000 0.686160105 0.313839895
J:/crccrf: 0.000000000 0.738335199 0.261664801
J:/crcfrc: 0.000000000 0.195846594 0.804153406
J:/crcfrf: 0.000000000 0.783793129 0.216206871
J:/crcrcc: 0.000000000 0.000000000 1.000000000
J:/crcrcf: 0.000000000 0.305360713 0.694639287
J:/crcrfc: 0.000000000 0.025300828 0.974699172
J:/crcrff: 0.000000000 0.356662449 0.643337551
J:/rc: 0.147046331 0.000000000 0.852953669
J:/rccrcc: 0.000000000 0.457373650 0.542626350
J:/rccrcf: 0.000000000 0.060320678 0.939679322
J:/rccrfc: 0.000000000 0.694701347 0.305298653
J:/rccrff: 0.000000000 0.732270831 0.267729169
J:/rf: 0.302050721 0.000000000 0.697949279
J:/rfcrc: 0.000000000 0.400837487 0.599162513
J:/rfcrf: 0.000000000 0.687618666 0.312381334
J:/rr: 0.000000000 0.389368792 0.610631208
K:/cc: 0.000000000 1.000000000 0.000000000
K:/cccrcc: 0.201397888 0.648828852 0.149773260
K:/cccrcf: 0.271857332 0.298639837 0.429502831
K:/cccrcr: 0.000000000 0.607684129 0.392315871
K:/cccrfc: 0.000000000 0.830609033 0.169390967
K:/cccrff: 0.000152442 0.895339258 0.104508300
K:/cccrfr: 0.000000000 0.457575427 0.542424573
K:/cccrrc: 0.000000000 0.711336697 0.288663303
K:/cccrrf: 0.000000000 0.187849312 0.812150688
K:/ccrccr: 0.000000000 0.321858319 0.678141681
K:/ccrcfr: 0.000000000 0.000000000 1.000000000
K:/ccrcrc: 0.000000000 0.948481383 0.051518617
K:/ccrcrf: 0.000000000 0.009756338 0.990243662
K:/ccrfcr: 0.000000000 0.343875183 0.656124817
K:/ccrffr: 0.000000000 0.447918650 0.552081350
K:/ccrfrc: 0.000000000 0.287587414 0.712412586
K:/ccrfrf: 0.000000000 0.583298029 0.416701971
K:/ccrrcc: 0.000000000 0.217129314 0.782870686
K:/ccrrcf: 0.000000000 0.606023980 0.393976020
K:/ccrrfc: 0.000000000 0.715649317 0.284350683
K:/ccrrff: 0.000000000 0.149754011 0.850245989
K:/cr: 0.000000000 0.000000000 1.000000000
K:/crccrc: 0.000000000 0.244508013 0.755491987
K:/crccrf: 0.000000000 0.900176172 0.099823828
K:/crcfrc: 0.000000000 0.617844924 0.382155076
K:/crcfrf: 0.000000000 0.668698365 0.331301635
K:/crcrcc: 0.000000000 0.130482961 0.869517039
K:/crcrcf: 0.000000000 0.709336499 0.290663501
K:/crcrfc: 0.000000000 0.458442800 0.541557200
K:/crcrff: 0.000000000 0.662655986 0.337344014
K:/rc: 0.502964470 0.356704241 0.140331289
K:/rccrcc: 0.000000000 0.602848104 0.397151896
K:/rccrcf: 0.000000000 0.776356813 0.223643187
K:/rccrfc: 0.000000000 0.460109959 0.539890041
K:/rccrff: 0.000000000 0.313986498 0.686013502
K:/rf: 0.518689546 0.355558219 0.125752235
K:/rfcrc: 0.000000000 0.816550763 0.183449237
K:/rfcrf: 0.000000000 0.817953859 0.182046141
K:/rr: 0.000000000 0.567425081 0.432574919
Q:/cc: 0.000000000 1.000000000 0.000000000
Q:/cccrcc: 0.000000000 0.933090075 0.066909925
Q:/cccrcf: 0.000000000 0.447095618 0.552904382
Q:/cccrcr: 0.000000000 0.370893231 0.629106769
Q:/cccrfc: 0.067055641 0.239415237 0.693529122
Q:/cccrff: 0.000152429 0.535686277 0.464161294
Q:/cccrfr: 0.000000000 0.103451216 0.896548784
Q:/cccrrc: 0.000000000 0.420513812 0.579486188
Q:/cccrrf: 0.000000000 0.245978934 0.754021066
Q:/ccrccr: 0.000000000 0.188174821 0.811825179
Q:/ccrcfr: 0.000000000 0.351391747 0.648608253
Q:/ccrcrc: 0.000000000 0.475856985 0.524143015
Q:/ccrcrf: 0.000000000 0.484312223 0.515687777
Q:/ccrfcr: 0.000000000 0.402209268 0.597790732
Q:/ccrffr: 0.000000000 0.825146986 0.174853014
Q:/ccrfrc: 0.000000000 0.085703373 0.914296627
Q:/ccrfrf: 0.000000000 0.540692477 0.459307523
Q:/ccrrcc: 0.000000000 0.389423121 0.610576879
Q:/ccrrcf: 0.000000000 0.335790371 0.664209629
Q:/ccrrfc: 0.000000000 0.282202410 0.717797590
Q:/ccrrff: 0.000000000 0.271062864 0.728937136
Q:/cr: 0.000000000 0.000000000 1.000000000
Q:/crccrc: 0.000000000 0.276875836 0.723124164
Q:/crccrf: 0.000000000 0.747570857 0.252429143
Q:/crcfrc: 0.000000000 0.423448076 0.576551924
Q:/crcfrf: 0.000000000 0.451838607 0.548161393
Q:/crcrcc: 0.000000000 0.239812850 0.760187150
Q:/crcrcf: 0.000000000 0.619638298 0.380361702
Q:/crcrfc: 0.000000000 0.501868479 0.498131521
Q:/crcrff: 0.000000000 0.588275068 0.411724932
Q:/rc: 0.037633418 0.347084521 0.615282061
Q:/rccrcc: 0.000000000 0.292952097 0.707047903
Q:/rccrcf: 0.000000000 0.436329507 0.563670493
Q:/rccrfc: 0.000000000 0.204317823 0.795682177
Q:/rccrff: 0.000000000 0.914572296 0.085427704
Q:/rf: 0.063088626 0.217277355 0.719634019
Q:/rfcrc: 0.000000000 0.952920306 0.047079694
Q:/rfcrf: 0.000000000 0.221259656 0.778740344
Q:/rr: 0.000000000 0.033403390 0.966596610
T:/cc: 0.167955220 0.832044780 0.000000000
T:/cccrcc: 0.180787939 0.468171730 0.351040332
T:/cccrcf: 0.002326381 0.158106117 0.839567502
T:/cccrcr: 0.000000000 0.115261019 0.884738981
T:/cccrfc: 0.000551120 0.000000000 0.999448880
T:/cccrff: 0.000000000 0.000000000 1.000000000
T:/cccrfr: 0.000000000 0.000000000 1.000000000
T:/cccrrc: 0.000000000 0.375317461 0.624682539
T:/cccrrf: 0.000000000 0.429523232 0.570476768
T:/ccrccr: 0.000000000 0.443444698 0.556555302
T:/ccrcfr: 0.000000000 0.000000000 1.000000000
T:/ccrcrc: 0.000000000 0.728091004 0.271908996
T:/ccrcrf: 0.000000000 0.546914577 0.453085423
T:/ccrfcr: 0.000000000 0.374515179 0.625484821
T:/ccrffr: 0.000000000 0.448548562 0.551451438
T:/ccrfrc: 0.000000000 0.424421457 0.575578543
T:/ccrfrf: 0.000000000 0.383274337 0.616725663
T:/ccrrcc: 0.000000000 0.341172572 0.658827428
T:/ccrrcf: 0.000000000 0.444664030 0.555335970
T:/ccrrfc: 0.000000000 0.185310742 0.814689258
T:/ccrrff: 0.000000000 0.028161557 0.971838443
T:/cr: 0.000000000 0.000000000 1.000000000
T:/crccrc: 0.000000000 0.507010780 0.492989220
T:/crccrf: 0.000000000 0.736362623 0.263637377
T:/crcfrc: 0.000000000 0.307224491 0.692775509
T:/crcfrf: 0.000000000 0.572523591 0.427476409
T:/crcrcc: 0.000000000 0.117887488 0.882112512
T:/crcrcf: 0.000000000 0.634417234 0.365582766
T:/crcrfc: 0.000000000 0.589090491 0.410909509
T:/crcrff: 0.000000000 0.544283722 0.455716278
T:/rc: 0.183452778 0.331941992 0.484605229
T:/rccrcc: 0.000000000 0.474411664 0.525588336
T:/rccrcf: 0.000000000 0.455465215 0.544534785
T:/rccrfc: 0.000000000 0.928513100 0.071486900
T:/rccrff: 0.000000000 0.000000000 1.000000000
T:/rf: 0.002377445 0.050869328 0.946753227
T:/rfcrc: 0.000000000 0.142266369 0.857733631
T:/rfcrf: 0.000000000 0.625630913 0.374369087
T:/rr: 0.000000000 0.327713982 0.672286018
