2:/: 1.000000000 0.000000000 0.000000000
2:/ccr: 0.296607674 0.703392326 0.000000000
2:/ccrcrc: 0.000058299 0.495536722 0.504404979
2:/ccrcrf: 0.045015518 0.632767887 0.322216595
2:/ccrcrr: 0.000000000 0.068959660 0.931040340
2:/ccrrcr: 0.000000000 0.515231573 0.484768427
2:/ccrrfr: 0.000000000 0.498538528 0.501461472
2:/ccrrrc: 0.000000000 0.961456952 0.038543048
2:/ccrrrf: 0.000000000 0.000251780 0.999748220
2:/crc: 0.000000000 0.000733646 0.999266354
2:/crcrcr: 0.000000000 0.711128544 0.288871456
2:/crcrfr: 0.000000000 0.534326820 0.465673180
2:/crcrrc: 0.000000000 0.000000000 1.000000000
2:/crcrrf: 0.000000000 0.000000000 1.000000000
2:/crf: 0.035098088 0.001867279 0.963034633
2:/crfrr: 0.000000000 0.000000000 1.000000000
2:/crr: 0.997324260 0.002288593 0.000387148
2:/crrcrc: 0.000000000 0.000000000 1.000000000
2:/crrcrf: 0.000000000 0.510318861 0.489681139
2:/rcr: 0.287297294 0.502557104 0.210145601
2:/rcrcrc: 0.000000000 0.456019444 0.543980556
2:/rcrcrf: 0.000000000 0.544842025 0.455157975
2:/rfr: 0.460335987 0.498946449 0.040717564
2:/rrc: 0.013376873 0.139294921 0.847328206
2:/rrf: 0.008720587 0.000464379 0.990815035
2:/rrr: 0.000000000 0.000000000 1.000000000
3:/: 1.000000000 0.000000000 0.000000000
3:/ccr: 0.116016768 0.883983232 0.000000000
3:/ccrcrc: 0.006793482 0.806553908 0.186652610
3:/ccrcrf: 0.082504155 0.273140083 0.644355761
3:/ccrcrr: 0.000000000 0.059146618 0.940853382
3:/ccrrcr: 0.000000000 0.535192736 0.464807264
3:/ccrrfr: 0.000000000 0.655594374 0.344405626
3:/ccrrrc: 0.000000000 0.995852476 0.004147524
3:/ccrrrf: 0.000000000 0.900426986 0.099573014
3:/crc: 0.001740683 0.001726594 0.996532723
3:/crcrcr: 0.000000000 0.754379599 0.245620401
3:/crcrfr: 0.000000000 0.765887747 0.234112253
3:/crcrrc: 0.000000000 0.000000000 1.000000000
3:/crcrrf: 0.000000000 0.230008939 0.769991061
3:/crf: 0.006760096 0.003630406 0.989609498
3:/crfrr: 0.000000000 0.000000000 1.000000000
3:/crr: 0.996816252 0.002724873 0.000458875
3:/crrcrc: 0.000000000 0.690423994 0.309576006
3:/crrcrf: 0.000000000 0.304286372 0.695713628
3:/rcr: 0.193805494 0.276913771 0.529280735
3:/rcrcrc: 0.000000000 0.240226609 0.759773391
3:/rcrcrf: 0.000000000 0.000000000 1.000000000
3:/rfr: 0.808141450 0.063267696 0.128590854
3:/rrc: 0.011934158 0.196146612 0.791919230
3:/rrf: 0.006887973 0.000458314 0.992653713
3:/rrr: 0.000000000 0.594963564 0.405036436
4:/: 1.000000000 0.000000000 0.000000000
4:/ccr: 0.020514792 0.979485208 0.000000000
4:/ccrcrc: 0.033008636 0.337336496 0.629654869
4:/ccrcrf: 0.000597105 0.769732377 0.229670519
4:/ccrcrr: 0.000000000 0.533087848 0.466912152
4:/ccrrcr: 0.000000000 0.815200760 0.184799240
4:/ccrrfr: 0.000000000 0.409359527 0.590640473
4:/ccrrrc: 0.000000000 0.192873647 0.807126353
4:/ccrrrf: 0.000000000 0.225909059 0.774090941
4:/crc: 0.000000000 0.001009490 0.998990510
4:/crcrcr: 0.000000000 1.000000000 0.000000000
4:/crcrfr: 0.000000000 0.512918687 0.487081313
4:/crcrrc: 0.000000000 0.258769671 0.741230329
4:/crcrrf: 0.000000000 0.211296854 0.788703146
4:/crf: 0.010753591 0.006701636 0.982544772
4:/crfrr: 0.000000000 0.000815234 0.999184766
4:/crr: 0.917384488 0.082269347 0.000346165
4:/crrcrc: 0.000000000 0.000000000 1.000000000
4:/crrcrf: 0.000000000 0.737355624 0.262644376
4:/rcr: 0.270185322 0.729814678 0.000000000
4:/rcrcrc: 0.000000000 0.561943761 0.438056239
4:/rcrcrf: 0.000000000 0.628617964 0.371382036
4:/rfr: 0.091171020 0.104156859 0.804672121
4:/rrc: 0.011130908 0.148872309 0.839996783
4:/rrf: 0.005304489 0.000452826 0.994242685
4:/rrr: 0.000000000 0.437958900 0.562041100
5:/: 1.000000000 0.000000000 0.000000000
5:/ccr: 0.000943887 0.999056113 0.000000000
5:/ccrcrc: 0.009536452 0.403374501 0.587089048
5:/ccrcrf: 0.002973928 0.224159647 0.772866425
5:/ccrcrr: 0.000000000 0.329948979 0.670051021
5:/ccrrcr: 0.000000000 0.529744197 0.470255803
5:/ccrrfr: 0.000000000 0.692155015 0.307844985
5:/ccrrrc: 0.000000000 0.307587142 0.692412858
5:/ccrrrf: 0.000000000 0.374056079 0.625943921
5:/crc: 0.003170494 0.001959170 0.994870337
5:/crcrcr: 0.000000000 1.000000000 0.000000000
5:/crcrfr: 0.000000000 0.608469887 0.391530113
5:/crcrrc: 0.000000000 0.000016654 0.999983346
5:/crcrrf: 0.000000000 0.000947293 0.999052707
5:/crf: 0.005619765 0.009173503 0.985206732
5:/crfrr: 0.000000000 0.327726862 0.672273138
5:/crr: 0.999862803 0.000000000 0.000137197
5:/crrcrc: 0.000000000 0.397228180 0.602771820
5:/crrcrf: 0.000000000 0.429269028 0.570730972
5:/rcr: 0.218294599 0.516488571 0.265216830
5:/rcrcrc: 0.000000000 0.000021001 0.999978999
5:/rcrcrf: 0.000000000 0.613493910 0.386506090
5:/rfr: 0.059889226 0.306981518 0.633129256
5:/rrc: 0.003486671 0.003881519 0.992631810
5:/rrf: 0.004861535 0.000811419 0.994327046
5:/rrr: 0.000000000 0.682808752 0.317191248
6:/: 0.999029305 0.000970695 0.000000000
6:/ccr: 0.453772512 0.546227488 0.000000000
6:/ccrcrc: 0.023028828 0.784368640 0.192602532
6:/ccrcrf: 0.073733465 0.609448110 0.316818425
6:/ccrcrr: 0.000000000 0.313271204 0.686728796
6:/ccrrcr: 0.000000000 0.510639769 0.489360231
6:/ccrrfr: 0.000000000 0.576717447 0.423282553
6:/ccrrrc: 0.000000000 0.660365967 0.339634033
6:/ccrrrf: 0.000000000 0.580704322 0.419295678
6:/crc: 0.002763896 0.002196762 0.995039341
6:/crcrcr: 0.000000000 1.000000000 0.000000000
6:/crcrfr: 0.000000000 0.451256880 0.548743120
6:/crcrrc: 0.000000000 0.000202141 0.999797859
6:/crcrrf: 0.000000000 0.001412180 0.998587820
6:/crf: 0.024104742 0.767339192 0.208556067
6:/crfrr: 0.000000000 0.829895917 0.170104083
6:/crr: 0.944996617 0.054732900 0.000270483
6:/crrcrc: 0.000000000 0.315780317 0.684219683
6:/crrcrf: 0.000000000 0.420751995 0.579248005
6:/rcr: 0.181790208 0.818209792 0.000000000
6:/rcrcrc: 0.000000000 0.642953347 0.357046653
6:/rcrcrf: 0.000000000 0.991809057 0.008190943
6:/rfr: 0.610132252 0.105437771 0.284429977
6:/rrc: 0.002653621 0.346694872 0.650651507
6:/rrf: 0.006433751 0.002094069 0.991472181
6:/rrr: 0.000000000 0.085142348 0.914857652
7:/: 0.998905466 0.001094534 0.000000000
7:/ccr: 0.084497860 0.915502140 0.000000000
7:/ccrcrc: 0.018978288 0.794458111 0.186563602
7:/ccrcrf: 0.196600260 0.225949780 0.577449961
7:/ccrcrr: 0.000000000 0.172338200 0.827661800
7:/ccrrcr: 0.000000000 0.617435152 0.382564848
7:/ccrrfr: 0.000000000 0.364873443 0.635126557
7:/ccrrrc: 0.000000000 0.574693499 0.425306501
7:/ccrrrf: 0.000000000 0.710906675 0.289093325
7:/crc: 0.004240294 0.001721821 0.994037884
7:/crcrcr: 0.000000000 0.999995867 0.000004133
7:/crcrfr: 0.000000000 0.184940879 0.815059121
7:/crcrrc: 0.000000000 0.000377711 0.999622289
7:/crcrrf: 0.000000000 0.658476051 0.341523949
7:/crf: 0.067135321 0.930300995 0.002563684
7:/crfrr: 0.000000000 0.759537378 0.240462622
7:/crr: 0.960708208 0.039071175 0.000220617
7:/crrcrc: 0.000000000 0.877168414 0.122831586
7:/crrcrf: 0.000000000 0.632666962 0.367333038
7:/rcr: 0.616404332 0.383595668 0.000000000
7:/rcrcrc: 0.000000000 0.324138284 0.675861716
7:/rcrcrf: 0.000000000 0.055037532 0.944962468
7:/rfr: 0.506305576 0.488859577 0.004834848
7:/rrc: 0.000189647 0.373323218 0.626487135
7:/rrf: 0.004580875 0.002890747 0.992528378
7:/rrr: 0.000000000 0.000000000 1.000000000
8:/: 0.999673455 0.000326545 0.000000000
8:/ccr: 0.511584016 0.488415984 0.000000000
8:/ccrcrc: 0.088150043 0.620389448 0.291460510
8:/ccrcrf: 0.324757090 0.373609545 0.301633365
8:/ccrcrr: 0.000000000 0.350311248 0.649688752
8:/ccrrcr: 0.000000000 0.642395321 0.357604679
8:/ccrrfr: 0.000000000 0.621369911 0.378630089
8:/ccrrrc: 0.000000000 0.568373403 0.431626597
8:/ccrrrf: 0.000000000 0.160529487 0.839470513
8:/crc: 0.017990578 0.372545458 0.609463964
8:/crcrcr: 0.000000000 0.999994259 0.000005741
8:/crcrfr: 0.000000000 0.455946602 0.544053398
8:/crcrrc: 0.000000000 0.372998317 0.627001683
8:/crcrrf: 0.000000000 0.777966319 0.222033681
8:/crf: 0.038995991 0.959950789 0.001053220
8:/crfrr: 0.000000000 0.997285561 0.002714439
8:/crr: 0.991121930 0.008668245 0.000209825
8:/crrcrc: 0.000000000 0.352319193 0.647680807
8:/crrcrf: 0.000000000 0.941512323 0.058487677
8:/rcr: 0.438151643 0.561848357 0.000000000
8:/rcrcrc: 0.000000000 0.826798471 0.173201529
8:/rcrcrf: 0.000000000 0.989604486 0.010395514
8:/rfr: 0.450330443 0.493465535 0.056204022
8:/rrc: 0.000181885 0.275374612 0.724443503
8:/rrf: 0.100501947 0.342458029 0.557040024
8:/rrr: 0.000000000 0.456354361 0.543645639
9:/: 0.999322678 0.000677322 0.000000000
9:/ccr: 0.908925270 0.091074730 0.000000000
9:/ccrcrc: 0.114311710 0.327200904 0.558487386
9:/ccrcrf: 0.321757760 0.678109735 0.000132505
9:/ccrcrr: 0.000000000 0.918336351 0.081663649
9:/ccrrcr: 0.000000000 0.670640794 0.329359206
9:/ccrrfr: 0.000000000 0.530001937 0.469998063
9:/ccrrrc: 0.000000000 0.770664124 0.229335876
9:/ccrrrf: 0.000000000 0.381721608 0.618278392
9:/crc: 0.048836934 0.950408066 0.000755000
9:/crcrcr: 0.000000000 1.000000000 0.000000000
9:/crcrfr: 0.000000000 0.338593430 0.661406570
9:/crcrrc: 0.000000000 0.849951044 0.150048956
9:/crcrrf: 0.000000000 0.999881856 0.000118144
9:/crf: 0.007720653 0.991142932 0.001136415
9:/crfrr: 0.000000000 0.999815570 0.000184430
9:/crr: 0.999716698 0.000088748 0.000194555
9:/crrcrc: 0.000000000 0.999961363 0.000038637
9:/crrcrf: 0.000000000 0.999981187 0.000018813
9:/rcr: 0.599318157 0.400681843 0.000000000
9:/rcrcrc: 0.000000000 0.514933440 0.485066560
9:/rcrcrf: 0.000000000 0.858114468 0.141885532
9:/rfr: 0.212939019 0.282930963 0.504130018
9:/rrc: 0.000000000 0.286758102 0.713241898
9:/rrf: 0.001617776 0.996869460 0.001512764
9:/rrr: 0.000000000 0.000000000 1.000000000
A:/: 0.997839880 0.002160120 0.000000000
A:/ccr: 0.670727882 0.329272118 0.000000000
A:/ccrcrc: 0.532226279 0.467773721 0.000000000
A:/ccrcrf: 0.579956950 0.406403518 0.013639531
A:/ccrcrr: 0.000000000 1.000000000 0.000000000
A:/ccrrcr: 0.000000000 0.733581189 0.266418811
A:/ccrrfr: 0.000000000 0.335622525 0.664377475
A:/ccrrrc: 0.000000000 0.940526368 0.059473632
A:/ccrrrf: 0.000000000 0.816275014 0.183724986
A:/crc: 0.999575644 0.000000000 0.000424356
A:/crcrcr: 0.000000000 0.901208885 0.098791115
A:/crcrfr: 0.000000000 0.218392695 0.781607305
A:/crcrrc: 0.000000000 1.000000000 0.000000000
A:/crcrrf: 0.000000000 0.999858513 0.000141487
A:/crf: 0.995338522 0.000000000 0.004661478
A:/crfrr: 0.000000000 0.998514120 0.001485880
A:/crr: 0.615775073 0.384224927 0.000000000
A:/crrcrc: 0.000000000 1.000000000 0.000000000
A:/crrcrf: 0.000000000 1.000000000 0.000000000
A:/rcr: 0.448029226 0.551970774 0.000000000
A:/rcrcrc: 0.000000000 0.904138365 0.095861635
A:/rcrcrf: 0.000000000 0.572013643 0.427986357
A:/rfr: 0.201389430 0.186806234 0.611804336
A:/rrc: 0.550744201 0.449148349 0.000107451
A:/rrf: 0.815500578 0.183159476 0.001339946
A:/rrr: 0.000000000 0.726047996 0.273952004
J:/: 0.999846887 0.000153113 0.000000000
J:/ccr: 0.898318980 0.101681020 0.000000000
J:/ccrcrc: 0.414525030 0.201268936 0.384206034
J:/ccrcrf: 0.686491565 0.313428190 0.000080245
J:/ccrcrr: 0.000000000 0.762820787 0.237179213
J:/ccrrcr: 0.000000000 0.676080234 0.323919766
J:/ccrrfr: 0.000000000 0.527605576 0.472394424
J:/ccrrrc: 0.000000000 0.586221711 0.413778289
J:/ccrrrf: 0.000000000 0.211454575 0.788545425
J:/crc: 0.039669017 0.959506043 0.000824940
J:/crcrcr: 0.000000000 1.000000000 0.000000000
J:/crcrfr: 0.000000000 0.167344434 0.832655566
J:/crcrrc: 0.000000000 0.999889080 0.000110920
J:/crcrrf: 0.000000000 0.999854053 0.000145947
J:/crf: 0.060568828 0.936990575 0.002440597
J:/crfrr: 0.000000000 0.998673810 0.001326190
J:/crr: 0.911106561 0.088662651 0.000230788
J:/crrcrc: 0.000000000 0.942856686 0.057143314
J:/crrcrf: 0.000000000 0.999973714 0.000026286
J:/rcr: 0.641357749 0.358642251 0.000000000
J:/rcrcrc: 0.000000000 0.184239320 0.815760680
J:/rcrcrf: 0.000000000 0.708135906 0.291864094
J:/rfr: 0.319278216 0.394958646 0.285763138
J:/rrc: 0.000000000 0.341934261 0.658065739
J:/rrf: 0.000000000 0.998171958 0.001828042
J:/rrr: 0.000000000 0.532960488 0.467039512
K:/: 0.999782253 0.000217747 0.000000000
K:/ccr: 0.898624470 0.101375530 0.000000000
K:/ccrcrc: 0.419304044 0.550065297 0.030630659
K:/ccrcrf: 0.752612480 0.245613865 0.001773655
K:/ccrcrr: 0.000000000 1.000000000 0.000000000
K:/ccrrcr: 0.000000000 0.928126462 0.071873538
K:/ccrrfr: 0.000000000 0.843224186 0.156775814
K:/ccrrrc: 0.000000000 0.918873414 0.081126586
K:/ccrrrf: 0.000000000 0.954812255 0.045187745
K:/crc: 0.000168824 0.998768026 0.001063149
K:/crcrcr: 0.000000000 0.999987414 0.000012586
K:/crcrfr: 0.000000000 0.482996192 0.517003808
K:/crcrrc: 0.000000000 0.999861342 0.000138658
K:/crcrrf: 0.000000000 0.999786834 0.000213166
K:/crf: 0.954842892 0.040218935 0.004938173
K:/crfrr: 0.000000000 0.998831054 0.001168946
K:/crr: 0.806804730 0.193031619 0.000163651
K:/crrcrc: 0.000000000 0.999972354 0.000027646
K:/crrcrf: 0.000000000 0.999974352 0.000025648
K:/rcr: 0.532809561 0.467190439 0.000000000
K:/rcrcrc: 0.000000000 0.626009582 0.373990418
K:/rcrcrf: 0.000000000 0.472715558 0.527284442
K:/rfr: 0.466278526 0.233260123 0.300461351
K:/rrc: 0.082637484 0.511500465 0.405862051
K:/rrf: 0.000000000 0.998046643 0.001953357
K:/rrr: 0.000000000 0.681517786 0.318482214
Q:/: 0.999446933 0.000553067 0.000000000
Q:/ccr: 0.857662190 0.142337810 0.000000000
Q:/ccrcrc: 0.230118511 0.497861256 0.272020233
Q:/ccrcrf: 0.438879248 0.384582337 0.176538415
Q:/ccrcrr: 0.000000000 0.999954005 0.000045995
Q:/ccrrcr: 0.000000000 0.174941036 0.825058964
Q:/ccrrfr: 0.000000000 0.413915794 0.586084206
Q:/ccrrrc: 0.000000000 0.203676260 0.796323740
Q:/ccrrrf: 0.000000000 0.227367987 0.772632013
Q:/crc: 0.003958433 0.995163855 0.000877712
Q:/crcrcr: 0.000000000 1.000000000 0.000000000
Q:/crcrfr: 0.000000000 0.709191233 0.290808767
Q:/crcrrc: 0.000000000 0.999878904 0.000121096
Q:/crcrrf: 0.000000000 0.999849641 0.000150359
Q:/crf: 0.467414020 0.529452323 0.003133657
Q:/crfrr: 0.000000000 0.998982839 0.001017161
Q:/crr: 0.999211672 0.000570097 0.000218231
Q:/crrcrc: 0.000000000 0.999966065 0.000033935
Q:/crrcrf: 0.000000000 0.999977235 0.000022765
Q:/rcr: 0.353852474 0.646136971 0.000010555
Q:/rcrcrc: 0.000000000 0.676056455 0.323943545
Q:/rcrcrf: 0.000000000 0.504521812 0.495478188
Q:/rfr: 0.465177778 0.067882418 0.466939804
Q:/rrc: 0.000000000 0.544844763 0.455155237
Q:/rrf: 0.000000000 0.998122089 0.001877911
Q:/rrr: 0.000000000 0.268641690 0.731358310
T:/: 0.999343095 0.000656905 0.000000000
T:/ccr: 0.787634171 0.212365829 0.000000000
T:/ccrcrc: 0.006907325 0.961606261 0.031486414
T:/ccrcrf: 0.185815169 0.752371522 0.061813310
T:/ccrcrr: 0.000000000 0.699659345 0.300340655
T:/ccrrcr: 0.000000000 0.232665713 0.767334287
T:/ccrrfr: 0.000000000 0.201760765 0.798239235
T:/ccrrrc: 0.000000000 0.252312809 0.747687191
T:/ccrrrf: 0.000000000 0.000000000 1.000000000
T:/crc: 0.067876956 0.931480228 0.000642816
T:/crcrcr: 0.000000000 1.000000000 0.000000000
T:/crcrfr: 0.000000000 0.645270664 0.354729336
T:/crcrrc: 0.000000000 0.579960617 0.420039383
T:/crcrrf: 0.000000000 0.999864448 0.000135552
T:/crf: 0.238435309 0.760266671 0.001298020
T:/crfrr: 0.000000000 0.999737573 0.000262427
T:/crr: 0.999669807 0.000131869 0.000198324
T:/crrcrc: 0.000000000 0.791119065 0.208880935
T:/crrcrf: 0.000000000 0.999974390 0.000025610
T:/rcr: 0.830278420 0.169721580 0.000000000
T:/rcrcrc: 0.000000000 0.204664726 0.795335274
T:/rcrcrf: 0.000000000 0.901555225 0.098444775
T:/rfr: 0.251018062 0.303482576 0.445499362
T:/rrc: 0.000000000 0.413160793 0.586839207
T:/rrf: 0.000000000 0.998183494 0.001816506
T:/rrr: 0.000000000 0.201736908 0.798263092
