2:/c: 0.000137496 0.999862504 0.000000000
2:/ccrc: 0.000021047 0.050615742 0.949363210
2:/ccrcrcr: 0.000000000 0.297875243 0.702124757
2:/ccrcrfr: 0.000000000 0.283407614 0.716592386
2:/ccrcrrc: 0.000000000 0.252557824 0.747442176
2:/ccrcrrf: 0.000000000 0.558584732 0.441415268
2:/ccrf: 0.570739037 0.207089216 0.222171748
2:/ccrfrr: 0.000000000 0.429041661 0.570958339
2:/ccrr: 0.000000000 0.000000000 1.000000000
2:/ccrrcrc: 0.000000000 0.240413076 0.759586924
2:/ccrrcrf: 0.000000000 0.589662712 0.410337288
2:/crcr: 0.161992940 0.040249397 0.797757663
2:/crcrcrc: 0.000000000 0.903904307 0.096095693
2:/crcrcrf: 0.000000000 0.086639811 0.913360189
2:/crfr: 0.000621096 0.192439142 0.806939762
2:/crrc: 0.020604953 0.321983059 0.657411988
2:/crrf: 0.493956240 0.142821518 0.363222242
2:/crrr: 0.000000000 0.769052349 0.230947651
2:/r: 0.001241895 0.000000000 0.998758105
2:/rcrc: 0.000000000 0.000000000 1.000000000
2:/rcrf: 0.000000000 0.000000000 1.000000000
2:/rcrr: 0.000000000 0.000000000 1.000000000
2:/rrcr: 0.000000000 0.284167095 0.715832905
2:/rrfr: 0.000000000 0.000000000 1.000000000
2:/rrrc: 0.000000000 0.201588031 0.798411969
2:/rrrf: 0.000000000 0.000000000 1.000000000
3:/c: 0.000172619 0.999827381 0.000000000
3:/ccrc: 0.000012838 0.212994454 0.786992708
3:/ccrcrcr: 0.000000000 0.656354150 0.343645850
3:/ccrcrfr: 0.000000000 0.754220247 0.245779753
3:/ccrcrrc: 0.000000000 0.556579966 0.443420034
3:/ccrcrrf: 0.000000000 0.433141173 0.566858827
3:/ccrf: 0.007834967 0.270243410 0.721921623
3:/ccrfrr: 0.000000000 0.239784452 0.760215548
3:/ccrr: 0.000000000 0.000000000 1.000000000
3:/ccrrcrc: 0.000000000 0.425460728 0.574539272
3:/ccrrcrf: 0.000000000 0.482589540 0.517410460
3:/crcr: 0.175037453 0.394103006 0.430859541
3:/crcrcrc: 0.000000000 0.636037045 0.363962955
3:/crcrcrf: 0.000000000 0.972090479 0.027909521
3:/crfr: 0.174984416 0.074830288 0.750185296
3:/crrc: 0.228695581 0.281493764 0.489810655
3:/crrf: 0.888733915 0.017396018 0.093870068
3:/crrr: 0.000000000 0.185634507 0.814365493
3:/r: 0.001460247 0.000000000 0.998539753
3:/rcrc: 0.000000000 0.000000000 1.000000000
3:/rcrf: 0.049773652 0.000000000 0.950226348
3:/rcrr: 0.000000000 0.000000000 1.000000000
3:/rrcr: 0.000000000 0.200352402 0.799647598
3:/rrfr: 0.000000000 0.000000000 1.000000000
3:/rrrc: 0.000000000 0.102682932 0.897317068
3:/rrrf: 0.000000000 0.000000000 1.000000000
4:/c: 0.247465291 0.752534709 0.000000000
4:/ccrc: 0.000046024 0.119980668 0.879973308
4:/ccrcrcr: 0.000000000 0.513061789 0.486938211
4:/ccrcrfr: 0.000000000 0.246470214 0.753529786
4:/ccrcrrc: 0.000000000 0.523008410 0.476991590
4:/ccrcrrf: 0.000000000 0.407658685 0.592341315
4:/ccrf: 0.307478423 0.247255368 0.445266209
4:/ccrfrr: 0.000000000 0.365698723 0.634301277
4:/ccrr: 0.000000490 0.143136117 0.856863392
4:/ccrrcrc: 0.000000000 0.439637699 0.560362301
4:/ccrrcrf: 0.000000000 0.538258318 0.461741682
4:/crcr: 0.220119197 0.291626949 0.488253854
4:/crcrcrc: 0.000000000 0.390372333 0.609627667
4:/crcrcrf: 0.000000000 0.510615232 0.489384768
4:/crfr: 0.000577469 0.312012717 0.687409814
4:/crrc: 0.070775549 0.359107359 0.570117092
4:/crrf: 0.521903280 0.000000000 0.478096720
4:/crrr: 0.000000000 0.263133849 0.736866151
4:/r: 0.000951659 0.000000000 0.999048341
4:/rcrc: 0.000000000 0.000000000 1.000000000
4:/rcrf: 0.081047115 0.000006797 0.918946088
4:/rcrr: 0.000000000 0.000000000 1.000000000
4:/rrcr: 0.000000000 0.492458970 0.507541030
4:/rrfr: 0.000000000 0.000000000 1.000000000
4:/rrrc: 0.000000000 0.357911366 0.642088634
4:/rrrf: 0.000000000 0.000000000 1.000000000
5:/c: 0.047909493 0.952090507 0.000000000
5:/ccrc: 0.000050153 0.299275290 0.700674557
5:/ccrcrcr: 0.000000000 0.115492647 0.884507353
5:/ccrcrfr: 0.000000000 0.711837790 0.288162210
5:/ccrcrrc: 0.000000000 0.543044749 0.456955251
5:/ccrcrrf: 0.000000000 0.702152859 0.297847141
5:/ccrf: 0.708912128 0.204343489 0.086744383
5:/ccrfrr: 0.000000000 0.448500800 0.551499200
5:/ccrr: 0.000000000 0.000000000 1.000000000
5:/ccrrcrc: 0.000000000 0.193976997 0.806023003
5:/ccrrcrf: 0.000000000 0.467600410 0.532399590
5:/crcr: 0.000000000 0.369792263 0.630207737
5:/crcrcrc: 0.000000000 0.130866680 0.869133320
5:/crcrcrf: 0.000000000 0.389931176 0.610068824
5:/crfr: 0.000575792 0.251161798 0.748262409
5:/crrc: 0.213958205 0.252695300 0.533346496
5:/crrf: 0.409968612 0.471295964 0.118735424
5:/crrr: 0.000000000 0.217918735 0.782081265
5:/r: 0.001468095 0.000000000 0.998531905
5:/rcrc: 0.000000000 0.000000000 1.000000000
5:/rcrf: 0.115202369 0.117556017 0.767241614
5:/rcrr: 0.000000000 0.000000000 1.000000000
5:/rrcr: 0.000000000 0.365463943 0.634536057
5:/rrfr: 0.000000000 0.000000000 1.000000000
5:/rrrc: 0.000000000 0.000000000 1.000000000
5:/rrrf: 0.000000000 0.000000000 1.000000000
6:/c: 0.355705101 0.644294899 0.000000000
6:/ccrc: 0.013575538 0.502312411 0.484112051
6:/ccrcrcr: 0.000000000 0.368974000 0.631026000
6:/ccrcrfr: 0.000000000 0.290323085 0.709676915
6:/ccrcrrc: 0.000000000 0.417909778 0.582090222
6:/ccrcrrf: 0.000000000 0.712846681 0.287153319
6:/ccrf: 0.225448036 0.207773888 0.566778076
6:/ccrfrr: 0.000000000 0.209800746 0.790199254
6:/ccrr: 0.199729953 0.112680239 0.687589809
6:/ccrrcrc: 0.000000000 0.068695447 0.931304553
6:/ccrrcrf: 0.000000000 0.744459512 0.255540488
6:/crcr: 0.000000000 0.110835962 0.889164038
6:/crcrcrc: 0.000000000 0.619783441 0.380216559
6:/crcrcrf: 0.000000000 0.493198321 0.506801679
6:/crfr: 0.081731687 0.384500596 0.533767718
6:/crrc: 0.105059950 0.082272231 0.812667819
6:/crrf: 0.596840790 0.129004959 0.274154251
6:/crrr: 0.000000000 0.000000000 1.000000000
6:/r: 0.084272249 0.000000000 0.915727751
6:/rcrc: 0.000006509 0.000000000 0.999993491
6:/rcrf: 0.000000000 0.697974925 0.302025075
6:/rcrr: 0.000000000 0.000000000 1.000000000
6:/rrcr: 0.000000000 0.000000000 1.000000000
6:/rrfr: 0.000000000 0.000000000 1.000000000
6:/rrrc: 0.000000000 0.000000000 1.000000000
6:/rrrf: 0.000000000 0.000000000 1.000000000
7:/c: 0.301457544 0.698542456 0.000000000
7:/ccrc: 0.006467386 0.370391347 0.623141266
7:/ccrcrcr: 0.000000000 0.890353000 0.109647000
7:/ccrcrfr: 0.000000000 0.413571184 0.586428816
7:/ccrcrrc: 0.000000000 0.000007311 0.999992689
7:/ccrcrrf: 0.000000000 0.738846345 0.261153655
7:/ccrf: 0.478417202 0.440643742 0.080939056
7:/ccrfrr: 0.000000000 0.721869984 0.278130016
7:/ccrr: 0.066332454 0.033826325 0.899841221
7:/ccrrcrc: 0.000000000 0.733003779 0.266996221
7:/ccrrcrf: 0.000000000 0.184221029 0.815778971
7:/crcr: 0.000000000 0.165169846 0.834830154
7:/crcrcrc: 0.000000000 0.360257645 0.639742355
7:/crcrcrf: 0.000000000 0.512559584 0.487440416
7:/crfr: 0.034112230 0.291973553 0.673914217
7:/crrc: 0.238329686 0.302018772 0.459651542
7:/crrf: 0.453817983 0.346021522 0.200160494
7:/crrr: 0.000000000 0.312244877 0.687755123
7:/r: 0.051594523 0.335882389 0.612523088
7:/rcrc: 0.000051728 0.000000000 0.999948272
7:/rcrf: 0.092984262 0.626523554 0.280492184
7:/rcrr: 0.000000000 0.000000000 1.000000000
7:/rrcr: 0.000000000 0.077082194 0.922917806
7:/rrfr: 0.000000000 0.000000000 1.000000000
7:/rrrc: 0.000000000 0.123719673 0.876280327
7:/rrrf: 0.000000000 0.000000000 1.000000000
8:/c: 0.000084784 0.999915216 0.000000000
8:/ccrc: 0.000065675 0.506838592 0.493095734
8:/ccrcrcr: 0.000000000 0.631705552 0.368294448
8:/ccrcrfr: 0.000000000 0.445827535 0.554172465
8:/ccrcrrc: 0.000000000 0.415233363 0.584766637
8:/ccrcrrf: 0.000000000 0.954532992 0.045467008
8:/ccrf: 0.344281655 0.333497059 0.322221287
8:/ccrfrr: 0.000000000 0.237744287 0.762255713
8:/ccrr: 0.000000019 0.000000000 0.999999981
8:/ccrrcrc: 0.000000000 0.769818224 0.230181776
8:/ccrrcrf: 0.000000000 0.142744084 0.857255916
8:/crcr: 0.000000000 0.359376438 0.640623562
8:/crcrcrc: 0.000000000 0.235826011 0.764173989
8:/crcrcrf: 0.000000000 0.762514827 0.237485173
8:/crfr: 0.204370961 0.262121513 0.533507526
8:/crrc: 0.499139493 0.197911082 0.302949425
8:/crrf: 0.592514465 0.016209334 0.391276200
8:/crrr: 0.000000000 0.000032566 0.999967434
8:/r: 0.000000000 1.000000000 0.000000000
8:/rcrc: 0.000106504 0.000000000 0.999893496
8:/rcrf: 0.000000000 0.275176158 0.724823842
8:/rcrr: 0.000000000 0.000000000 1.000000000
8:/rrcr: 0.000000000 0.670715989 0.329284011
8:/rrfr: 0.000000000 0.000000000 1.000000000
8:/rrrc: 0.000000000 0.000000000 1.000000000
8:/rrrf: 0.000000000 0.000000000 1.000000000
9:/c: 0.000080060 0.999919940 0.000000000
9:/ccrc: 0.103208135 0.634162077 0.262629789
9:/ccrcrcr: 0.000000000 0.463869312 0.536130688
9:/ccrcrfr: 0.000000000 0.686191668 0.313808332
9:/ccrcrrc: 0.000000000 0.599517725 0.400482275
9:/ccrcrrf: 0.000000000 0.705559437 0.294440563
9:/ccrf: 0.332147701 0.667852299 0.000000000
9:/ccrfrr: 0.000000000 0.681050212 0.318949788
9:/ccrr: 0.403395077 0.095260420 0.501344503
9:/ccrrcrc: 0.000000000 0.846803350 0.153196650
9:/ccrrcrf: 0.000000000 0.603222833 0.396777167
9:/crcr: 0.118326520 0.177226255 0.704447225
9:/crcrcrc: 0.000000000 0.335344219 0.664655781
9:/crcrcrf: 0.000000000 0.493693473 0.506306527
9:/crfr: 0.000000000 0.394598169 0.605401831
9:/crrc: 0.149607316 0.493549344 0.356843339
9:/crrf: 0.523502244 0.346298452 0.130199303
9:/crrr: 0.000000000 0.545836555 0.454163445
9:/r: 0.184620269 0.815379731 0.000000000
9:/rcrc: 0.000300403 0.000023001 0.999676597
9:/rcrf: 0.000000000 0.270323770 0.729676230
9:/rcrr: 0.000000000 0.000000000 1.000000000
9:/rrcr: 0.000000000 0.237805905 0.762194095
9:/rrfr: 0.000000000 0.416474690 0.583525310
9:/rrrc: 0.000000000 0.000000000 1.000000000
9:/rrrf: 0.000000000 0.000000000 1.000000000
A:/c: 0.732068943 0.267931057 0.000000000
A:/ccrc: 0.903812309 0.096187691 0.000000000
A:/ccrcrcr: 0.000000000 0.585137809 0.414862191
A:/ccrcrfr: 0.000000000 1.000000000 0.000000000
A:/ccrcrrc: 0.000000000 1.000000000 0.000000000
A:/ccrcrrf: 0.000000000 1.000000000 0.000000000
A:/ccrf: 0.832939063 0.167060937 0.000000000
A:/ccrfrr: 0.000000000 1.000000000 0.000000000
A:/ccrr: 1.000000000 0.000000000 0.000000000
A:/ccrrcrc: 0.000000000 0.983334138 0.016665862
A:/ccrrcrf: 0.000000000 1.000000000 0.000000000
A:/crcr: 0.829460601 0.170539399 0.000000000
A:/crcrcrc: 0.000000000 0.506996518 0.493003482
A:/crcrcrf: 0.000000000 0.188094668 0.811905332
A:/crfr: 0.707354577 0.292645423 0.000000000
A:/crrc: 0.408614751 0.591385249 0.000000000
A:/crrf: 0.508623421 0.491376579 0.000000000
A:/crrr: 0.000000000 1.000000000 0.000000000
A:/r: 0.531405964 0.468594036 0.000000000
A:/rcrc: 1.000000000 0.000000000 0.000000000
A:/rcrf: 0.793944934 0.206055066 0.000000000
A:/rcrr: 0.000000000 1.000000000 0.000000000
A:/rrcr: 0.000000000 1.000000000 0.000000000
A:/rrfr: 0.000000000 1.000000000 0.000000000
A:/rrrc: 0.000000000 1.000000000 0.000000000
A:/rrrf: 0.000000000 1.000000000 0.000000000
J:/c: 0.218876482 0.781123518 0.000000000
J:/ccrc: 0.508718262 0.491281738 0.000000000
J:/ccrcrcr: 0.000000000 0.808372086 0.191627914
J:/ccrcrfr: 0.000000000 0.793025633 0.206974367
J:/ccrcrrc: 0.000000000 0.796832404 0.203167596
J:/ccrcrrf: 0.000000000 0.999999392 0.000000608
J:/ccrf: 0.471225398 0.528774601 0.000000000
J:/ccrfrr: 0.000000000 0.884026801 0.115973199
J:/ccrr: 0.548303268 0.239002643 0.212694089
J:/ccrrcrc: 0.000000000 0.711105337 0.288894663
J:/ccrrcrf: 0.000000000 0.483838748 0.516161252
J:/crcr: 0.263013125 0.180348797 0.556638078
J:/crcrcrc: 0.000000000 0.702168700 0.297831300
J:/crcrcrf: 0.000000000 0.568308902 0.431691098
J:/crfr: 0.226394208 0.409329459 0.364276333
J:/crrc: 0.543131303 0.426218767 0.030649931
J:/crrf: 0.356239216 0.629575641 0.014185143
J:/crrr: 0.000000000 0.451762799 0.548237201
J:/r: 0.000000000 1.000000000 0.000000000
J:/rcrc: 0.000610358 0.842367755 0.157021887
J:/rcrf: 0.000000000 0.864603139 0.135396861
J:/rcrr: 0.000000000 0.636327727 0.363672273
J:/rrcr: 0.000000000 0.475388183 0.524611817
J:/rrfr: 0.000000000 0.979762209 0.020237791
J:/rrrc: 0.000000000 0.051534225 0.948465775
J:/rrrf: 0.000000000 0.000000000 1.000000000
K:/c: 0.609428324 0.390571676 0.000000000
K:/ccrc: 0.698523583 0.301476417 0.000000000
K:/ccrcrcr: 0.000000000 0.886143360 0.113856640
K:/ccrcrfr: 0.000000000 0.994531297 0.005468703
K:/ccrcrrc: 0.000000000 0.986866568 0.013133432
K:/ccrcrrf: 0.000000000 1.000000000 0.000000000
K:/ccrf: 0.382546734 0.616158542 0.001294724
K:/ccrfrr: 0.000000000 0.704502886 0.295497114
K:/ccrr: 0.780772030 0.219124034 0.000103935
K:/ccrrcrc: 0.000000000 0.997331840 0.002668160
K:/ccrrcrf: 0.000000000 1.000000000 0.000000000
K:/crcr: 0.192301124 0.635020926 0.172677950
K:/crcrcrc: 0.000000000 0.725382062 0.274617938
K:/crcrcrf: 0.000000000 0.552323576 0.447676424
K:/crfr: 0.351228867 0.609737048 0.039034085
K:/crrc: 0.540952940 0.459047020 0.000000040
K:/crrf: 0.718914401 0.281085599 0.000000000
K:/crrr: 0.000000000 0.998932699 0.001067301
K:/r: 0.075680692 0.924319308 0.000000000
K:/rcrc: 0.225757935 0.774242065 0.000000000
K:/rcrf: 0.991681722 0.008318278 0.000000000
K:/rcrr: 0.000000000 1.000000000 0.000000000
K:/rrcr: 0.000000000 0.940235576 0.059764424
K:/rrfr: 0.000000000 0.997146174 0.002853826
K:/rrrc: 0.000000000 0.429688597 0.570311403
K:/rrrf: 0.000000000 0.180048363 0.819951637
Q:/c: 0.769593106 0.230406894 0.000000000
Q:/ccrc: 0.316642941 0.683357059 0.000000000
Q:/ccrcrcr: 0.000000000 0.821006985 0.178993015
Q:/ccrcrfr: 0.000000000 0.767614940 0.232385060
Q:/ccrcrrc: 0.000000000 0.981876713 0.018123287
Q:/ccrcrrf: 0.000000000 0.999999480 0.000000520
Q:/ccrf: 0.257662074 0.463782303 0.278555623
Q:/ccrfrr: 0.000000000 0.725233201 0.274766799
Q:/ccrr: 0.600207548 0.296995274 0.102797178
Q:/ccrrcrc: 0.000000000 0.963250570 0.036749430
Q:/ccrrcrf: 0.000000000 0.835265477 0.164734523
Q:/crcr: 0.241328125 0.383852730 0.374819145
Q:/crcrcrc: 0.000000000 0.491801942 0.508198058
Q:/crcrcrf: 0.000000000 0.551579940 0.448420060
Q:/crfr: 0.045326340 0.698994353 0.255679306
Q:/crrc: 0.455238793 0.162771969 0.381989238
Q:/crrf: 1.000000000 0.000000000 0.000000000
Q:/crrr: 0.000000000 0.740599833 0.259400167
Q:/r: 0.000000000 1.000000000 0.000000000
Q:/rcrc: 0.000042708 0.999957292 0.000000000
Q:/rcrf: 0.022401099 0.925713076 0.051885825
Q:/rcrr: 0.000000000 0.565599652 0.434400348
Q:/rrcr: 0.000000000 0.561854600 0.438145400
Q:/rrfr: 0.000000000 0.993274914 0.006725086
Q:/rrrc: 0.000000000 0.373371461 0.626628539
Q:/rrrf: 0.000000000 0.000000000 1.000000000
T:/c: 0.698277916 0.301722084 0.000000000
T:/ccrc: 0.000024731 0.894594400 0.105380868
T:/ccrcrcr: 0.000000000 0.479545270 0.520454730
T:/ccrcrfr: 0.000000000 0.441745695 0.558254305
T:/ccrcrrc: 0.000000000 0.263336099 0.736663901
T:/ccrcrrf: 0.000000000 0.386924681 0.613075319
T:/ccrf: 0.215100297 0.618498300 0.166401403
T:/ccrfrr: 0.000000000 0.335308000 0.664692000
T:/ccrr: 0.077170846 0.033308893 0.889520261
T:/ccrrcrc: 0.000000000 0.799803330 0.200196670
T:/ccrrcrf: 0.000000000 0.684596910 0.315403090
T:/crcr: 0.000000000 0.624546326 0.375453674
T:/crcrcrc: 0.000000000 0.090491110 0.909508890
T:/crcrcrf: 0.000000000 0.392910006 0.607089994
T:/crfr: 0.416794228 0.224090460 0.359115313
T:/crrc: 0.442907461 0.292875241 0.264217298
T:/crrf: 0.287299262 0.435674688 0.277026051
T:/crrr: 0.000000000 0.823857711 0.176142289
T:/r: 0.000167867 0.999832133 0.000000000
T:/rcrc: 0.041065020 0.520940627 0.437994353
T:/rcrf: 0.000000000 0.605589882 0.394410118
T:/rcrr: 0.000000000 0.000084446 0.999915554
T:/rrcr: 0.000000000 0.388791764 0.611208236
T:/rrfr: 0.000000000 0.973447207 0.026552793
T:/rrrc: 0.000000000 0.285286987 0.714713013
T:/rrrf: 0.000000000 0.000000000 1.000000000
