2:/cc: 0.108244122 0.891755878 0.000000000
2:/ccrcr: 0.338750233 0.574623848 0.086625918
2:/ccrcrcrc: 0.000000000 0.801305045 0.198694955
2:/ccrcrcrf: 0.000000000 0.439364944 0.560635056
2:/ccrfr: 0.000000017 0.387423113 0.612576871
2:/ccrrc: 0.502217590 0.427267342 0.070515068
2:/ccrrf: 0.150878170 0.217693122 0.631428709
2:/ccrrr: 0.000000000 0.124165639 0.875834361
2:/cr: 0.092713136 0.718341147 0.188945717
2:/crcrc: 0.399639963 0.473697538 0.126662499
2:/crcrf: 0.034979635 0.633251935 0.331768430
2:/crcrr: 0.000000000 0.468525302 0.531474698
2:/crrcr: 0.000000000 0.671106147 0.328893853
2:/crrfr: 0.000000000 0.962391802 0.037608198
2:/crrrc: 0.000000000 0.178387780 0.821612220
2:/crrrf: 0.000000000 0.900163341 0.099836659
2:/rc: 0.064439603 0.000000000 0.935560397
2:/rcrcr: 0.000000000 0.103801717 0.896198283
2:/rcrfr: 0.000000000 0.511960544 0.488039456
2:/rcrrc: 0.000000000 0.247634366 0.752365634
2:/rcrrf: 0.000000000 0.390684955 0.609315045
2:/rf: 0.471751448 0.050367635 0.477880916
2:/rfrr: 0.000000000 0.168741381 0.831258619
2:/rr: 0.000600887 0.001219148 0.998179965
2:/rrcrc: 0.000000000 0.492099744 0.507900256
2:/rrcrf: 0.000000000 0.069086761 0.930913239
3:/cc: 0.444776569 0.555223431 0.000000000
3:/ccrcr: 0.310917592 0.010098808 0.678983600
3:/ccrcrcrc: 0.000000000 0.299070372 0.700929628
3:/ccrcrcrf: 0.000000000 0.625017766 0.374982234
3:/ccrfr: 0.172435988 0.349968786 0.477595226
3:/ccrrc: 0.346303029 0.381398975 0.272297996
3:/ccrrf: 0.408092324 0.181504393 0.410403283
3:/ccrrr: 0.000000000 0.384386352 0.615613648
3:/cr: 0.040253402 0.141804185 0.817942414
3:/crcrc: 0.000000000 0.385924461 0.614075539
3:/crcrf: 0.565115000 0.155788223 0.279096777
3:/crcrr: 0.000000000 0.564518726 0.435481274
3:/crrcr: 0.000000000 0.412751405 0.587248595
3:/crrfr: 0.000000000 0.488586094 0.511413906
3:/crrrc: 0.000000000 0.390692157 0.609307843
3:/crrrf: 0.000000000 0.431930673 0.568069327
3:/rc: 0.166150800 0.000000000 0.833849200
3:/rcrcr: 0.000000000 0.537976058 0.462023942
3:/rcrfr: 0.000000000 0.791001769 0.208998231
3:/rcrrc: 0.000000000 0.000125227 0.999874773
3:/rcrrf: 0.000000000 0.820683647 0.179316353
3:/rf: 0.299057565 0.265264122 0.435678312
3:/rfrr: 0.000000000 0.493652377 0.506347623
3:/rr: 0.000944023 0.001141503 0.997914474
3:/rrcrc: 0.000000000 0.769690731 0.230309269
3:/rrcrf: 0.000000000 0.783895431 0.216104569
4:/cc: 0.119128227 0.880871773 0.000000000
4:/ccrcr: 0.383038817 0.371530955 0.245430227
4:/ccrcrcrc: 0.000000000 0.753160735 0.246839265
4:/ccrcrcrf: 0.000000000 0.412967966 0.587032034
4:/ccrfr: 0.631227020 0.319165698 0.049607282
4:/ccrrc: 0.179683589 0.265642716 0.554673694
4:/ccrrf: 0.417254601 0.306244582 0.276500817
4:/ccrrr: 0.000000000 0.506190828 0.493809172
4:/cr: 0.045532593 0.516331084 0.438136323
4:/crcrc: 0.523067462 0.391624836 0.085307702
4:/crcrf: 0.585067453 0.082879085 0.332053461
4:/crcrr: 0.000000000 0.414433801 0.585566199
4:/crrcr: 0.000000000 0.158903559 0.841096441
4:/crrfr: 0.000000000 0.356457557 0.643542443
4:/crrrc: 0.000000000 0.378634717 0.621365283
4:/crrrf: 0.000000000 0.511552306 0.488447694
4:/rc: 0.057466899 0.000000000 0.942533101
4:/rcrcr: 0.000000000 0.248455838 0.751544162
4:/rcrfr: 0.000000000 0.462050480 0.537949520
4:/rcrrc: 0.000000000 0.000048279 0.999951721
4:/rcrrf: 0.000000000 0.854437534 0.145562466
4:/rf: 0.269299149 0.357742112 0.372958740
4:/rfrr: 0.000000000 0.482774957 0.517225043
4:/rr: 0.000813142 0.001155238 0.998031620
4:/rrcrc: 0.000000000 0.164391554 0.835608446
4:/rrcrf: 0.000000000 0.187290880 0.812709120
5:/cc: 0.349233667 0.650766333 0.000000000
5:/ccrcr: 0.516605117 0.002172095 0.481222788
5:/ccrcrcrc: 0.000000000 0.322277634 0.677722366
5:/ccrcrcrf: 0.000000000 0.344662339 0.655337661
5:/ccrfr: 0.166343543 0.282460126 0.551196331
5:/ccrrc: 0.257818199 0.487578042 0.254603758
5:/ccrrf: 0.334771006 0.582727958 0.082501036
5:/ccrrr: 0.000000000 0.337746361 0.662253639
5:/cr: 0.224589468 0.327469157 0.447941375
5:/crcrc: 0.460928374 0.122467233 0.416604393
5:/crcrf: 0.466288611 0.317818389 0.215892999
5:/crcrr: 0.000000000 0.148936266 0.851063734
5:/crrcr: 0.000000000 0.653398603 0.346601397
5:/crrfr: 0.000000000 0.422677963 0.577322037
5:/crrrc: 0.000000000 0.645416148 0.354583852
5:/crrrf: 0.000000000 0.306607602 0.693392398
5:/rc: 0.067454403 0.000000000 0.932545597
5:/rcrcr: 0.000000000 0.388750920 0.611249080
5:/rcrfr: 0.000000000 0.027929665 0.972070335
5:/rcrrc: 0.000000000 0.013499670 0.986500330
5:/rcrrf: 0.000000000 0.390085011 0.609914989
5:/rf: 0.366576112 0.555546911 0.077876977
5:/rfrr: 0.000000000 0.911208815 0.088791185
5:/rr: 0.000930776 0.001099990 0.997969234
5:/rrcrc: 0.000000000 0.000000000 1.000000000
5:/rrcrf: 0.000000000 0.577417817 0.422582183
6:/cc: 0.470315538 0.529684462 0.000000000
6:/ccrcr: 0.518545524 0.005881513 0.475572962
6:/ccrcrcrc: 0.000000000 0.420177251 0.579822749
6:/ccrcrcrf: 0.000000000 0.058050555 0.941949445
6:/ccrfr: 0.330043862 0.477086940 0.192869199
6:/ccrrc: 0.000000000 0.443377620 0.556622380
6:/ccrrf: 0.569111428 0.346786523 0.084102050
6:/ccrrr: 0.000000000 0.911473263 0.088526737
6:/cr: 0.008939306 0.425397462 0.565663232
6:/crcrc: 0.246707575 0.679752687 0.073539738
6:/crcrf: 0.624016777 0.035636718 0.340346506
6:/crcrr: 0.000000000 0.447750852 0.552249148
6:/crrcr: 0.000000000 0.408630227 0.591369773
6:/crrfr: 0.000000000 0.443970798 0.556029202
6:/crrrc: 0.000000000 0.612153062 0.387846938
6:/crrrf: 0.000000000 0.648968159 0.351031841
6:/rc: 0.059058368 0.000000000 0.940941632
6:/rcrcr: 0.000000000 0.597288749 0.402711251
6:/rcrfr: 0.000000000 0.358630844 0.641369156
6:/rcrrc: 0.000000000 0.000036371 0.999963629
6:/rcrrf: 0.000000000 0.113579929 0.886420071
6:/rf: 0.414482961 0.445191211 0.140325828
6:/rfrr: 0.000000000 0.260989671 0.739010329
6:/rr: 0.000816773 0.000865596 0.998317631
6:/rrcrc: 0.000000000 0.524187235 0.475812765
6:/rrcrf: 0.000000000 0.278175527 0.721824473
7:/cc: 0.060305197 0.939694803 0.000000000
7:/ccrcr: 0.263506479 0.280353413 0.456140108
7:/ccrcrcrc: 0.000000000 0.384088014 0.615911986
7:/ccrcrcrf: 0.000000000 0.195040720 0.804959280
7:/ccrfr: 0.325697426 0.251890617 0.422411956
7:/ccrrc: 0.201537818 0.449513376 0.348948806
7:/ccrrf: 0.421876380 0.374113880 0.204009740
7:/ccrrr: 0.000000000 0.719287100 0.280712900
7:/cr: 0.037511840 0.317316977 0.645171183
7:/crcrc: 0.068299405 0.427039810 0.504660785
7:/crcrf: 0.173142153 0.587331238 0.239526610
7:/crcrr: 0.000000000 0.348736029 0.651263971
7:/crrcr: 0.000000000 0.306221380 0.693778620
7:/crrfr: 0.000000000 0.727804437 0.272195563
7:/crrrc: 0.000000000 0.282118876 0.717881124
7:/crrrf: 0.000000000 0.880738325 0.119261675
7:/rc: 0.001242152 0.000000000 0.998757848
7:/rcrcr: 0.000000000 0.340143953 0.659856047
7:/rcrfr: 0.000000000 0.657315661 0.342684339
7:/rcrrc: 0.000000000 0.479148457 0.520851543
7:/rcrrf: 0.000000000 0.584678982 0.415321018
7:/rf: 0.407172057 0.068885523 0.523942421
7:/rfrr: 0.000000000 0.861511396 0.138488604
7:/rr: 0.000111176 0.002005289 0.997883535
7:/rrcrc: 0.000000000 0.000000000 1.000000000
7:/rrcrf: 0.000000000 0.170376863 0.829623137
8:/cc: 0.000050181 0.999949819 0.000000000
8:/ccrcr: 0.055807328 0.352598950 0.591593721
8:/ccrcrcrc: 0.000000000 0.552222397 0.447777603
8:/ccrcrcrf: 0.000000000 0.471926316 0.528073684
8:/ccrfr: 0.289016017 0.668760249 0.042223734
8:/ccrrc: 0.302046427 0.320446726 0.377506847
8:/ccrrf: 0.122080833 0.482996339 0.394922828
8:/ccrrr: 0.000000000 0.289783981 0.710216019
8:/cr: 0.010451956 0.198557556 0.790990488
8:/crcrc: 0.142416680 0.229368135 0.628215184
8:/crcrf: 0.211827634 0.467264023 0.320908342
8:/crcrr: 0.000000000 0.672939836 0.327060164
8:/crrcr: 0.000000000 0.414727107 0.585272893
8:/crrfr: 0.000000000 0.524947529 0.475052471
8:/crrrc: 0.000000000 0.925893914 0.074106086
8:/crrrf: 0.000000000 0.005124704 0.994875296
8:/rc: 0.000731503 0.000000000 0.999268497
8:/rcrcr: 0.000000000 0.665026907 0.334973093
8:/rcrfr: 0.000000000 0.833845461 0.166154539
8:/rcrrc: 0.000000000 0.000070866 0.999929134
8:/rcrrf: 0.000000000 0.386100484 0.613899516
8:/rf: 0.349707169 0.238952389 0.411340441
8:/rfrr: 0.000000000 0.367692319 0.632307681
8:/rr: 0.000750000 0.002367516 0.996882483
8:/rrcrc: 0.000000000 0.215635866 0.784364134
8:/rrcrf: 0.000000000 0.536270691 0.463729309
9:/cc: 0.481154560 0.518845440 0.000000000
9:/ccrcr: 0.630262831 0.290531895 0.079205274
9:/ccrcrcrc: 0.000000000 0.225372992 0.774627008
9:/ccrcrcrf: 0.000000000 0.530016373 0.469983627
9:/ccrfr: 0.214166842 0.347302899 0.438530259
9:/ccrrc: 0.010179338 0.377962014 0.611858648
9:/ccrrf: 0.493611544 0.441957689 0.064430767
9:/ccrrr: 0.000000000 0.679693906 0.320306094
9:/cr: 0.135005023 0.535897727 0.329097251
9:/crcrc: 0.131320397 0.493907529 0.374772073
9:/crcrf: 0.454281904 0.370495250 0.175222846
9:/crcrr: 0.000000000 0.209216112 0.790783888
9:/crrcr: 0.000000000 0.176528143 0.823471857
9:/crrfr: 0.000000000 0.414663820 0.585336180
9:/crrrc: 0.000000000 0.679683486 0.320316514
9:/crrrf: 0.000000000 0.373371629 0.626628371
9:/rc: 0.000853380 0.393274765 0.605871856
9:/rcrcr: 0.000000000 0.285807585 0.714192415
9:/rcrfr: 0.000000000 0.613156017 0.386843983
9:/rcrrc: 0.000000000 0.000092513 0.999907487
9:/rcrrf: 0.000000000 0.219952348 0.780047652
9:/rf: 0.652997069 0.087082100 0.259920831
9:/rfrr: 0.000000000 0.408851257 0.591148743
9:/rr: 0.000462301 0.002803173 0.996734526
9:/rrcrc: 0.000000000 0.523804214 0.476195786
9:/rrcrf: 0.000000000 0.844941282 0.155058718
A:/cc: 0.315544470 0.684455530 0.000000000
A:/ccrcr: 0.455286960 0.490190746 0.054522294
A:/ccrcrcrc: 0.000000000 0.594642101 0.405357899
A:/ccrcrcrf: 0.000000000 0.655402464 0.344597536
A:/ccrfr: 0.564814067 0.194453661 0.240732272
A:/ccrrc: 0.498380548 0.482009843 0.019609609
A:/ccrrf: 0.450117064 0.452756112 0.097126824
A:/ccrrr: 0.000000000 0.368865947 0.631134053
A:/cr: 0.187517645 0.091902112 0.720580243
A:/crcrc: 0.366693221 0.046311658 0.586995121
A:/crcrf: 0.381515414 0.482582902 0.135901684
A:/crcrr: 0.000000000 0.725663103 0.274336897
A:/crrcr: 0.000000000 0.283647170 0.716352830
A:/crrfr: 0.000000000 0.257750281 0.742249719
A:/crrrc: 0.000000000 1.000000000 0.000000000
A:/crrrf: 0.000000000 0.341285053 0.658714947
A:/rc: 1.000000000 0.000000000 0.000000000
A:/rcrcr: 0.000000000 0.959294323 0.040705677
A:/rcrfr: 0.000000000 0.851162674 0.148837326
A:/rcrrc: 0.000000000 1.000000000 0.000000000
A:/rcrrf: 0.000000000 0.641858438 0.358141562
A:/rf: 0.709850306 0.269248642 0.020901052
A:/rfrr: 0.000000000 0.172735164 0.827264836
A:/rr: 0.684501493 0.314420586 0.001077922
A:/rrcrc: 0.000000000 0.572313211 0.427686789
A:/rrcrf: 0.000000000 0.417951181 0.582048819
J:/cc: 0.385121091 0.614878909 0.000000000
J:/ccrcr: 0.604492731 0.230636257 0.164871012
J:/ccrcrcrc: 0.000000000 0.455151035 0.544848965
J:/ccrcrcrf: 0.000000000 0.272643726 0.727356274
J:/ccrfr: 0.186818134 0.120128007 0.693053859
J:/ccrrc: 0.774002310 0.208555249 0.017442441
J:/ccrrf: 0.467072354 0.086840071 0.446087574
J:/ccrrr: 0.000000000 0.968348315 0.031651685
J:/cr: 0.000094017 0.398790988 0.601114995
J:/crcrc: 0.311077478 0.209061441 0.479861080
J:/crcrf: 0.155746807 0.647578306 0.196674887
J:/crcrr: 0.000000000 0.551341172 0.448658828
J:/crrcr: 0.000000000 0.524408965 0.475591035
J:/crrfr: 0.000000000 0.702336528 0.297663472
J:/crrrc: 0.000000000 0.332254820 0.667745180
J:/crrrf: 0.000000000 0.511248641 0.488751359
J:/rc: 0.000000000 1.000000000 0.000000000
J:/rcrcr: 0.000000000 0.459496685 0.540503315
J:/rcrfr: 0.000000000 0.817566737 0.182433263
J:/rcrrc: 0.000000000 0.381124015 0.618875985
J:/rcrrf: 0.000000000 0.276727228 0.723272772
J:/rf: 0.213348584 0.635925030 0.150726386
J:/rfrr: 0.000000000 0.298931380 0.701068620
J:/rr: 0.038344698 0.519650065 0.442005237
J:/rrcrc: 0.000000000 0.463961508 0.536038492
J:/rrcrf: 0.000000000 0.553525762 0.446474238
K:/cc: 0.299030744 0.700969256 0.000000000
K:/ccrcr: 0.428250203 0.143188708 0.428561088
K:/ccrcrcrc: 0.000000000 0.348104937 0.651895063
K:/ccrcrcrf: 0.000000000 0.521676908 0.478323092
K:/ccrfr: 0.646304893 0.283023854 0.070671253
K:/ccrrc: 0.289834417 0.516062067 0.194103515
K:/ccrrf: 0.486572182 0.255612622 0.257815196
K:/ccrrr: 0.000000000 0.847636586 0.152363414
K:/cr: 0.196828819 0.126230817 0.676940364
K:/crcrc: 0.550359704 0.444679824 0.004960472
K:/crcrf: 0.163923622 0.471048609 0.365027769
K:/crcrr: 0.000000000 0.879137464 0.120862536
K:/crrcr: 0.000000000 0.951551681 0.048448319
K:/crrfr: 0.000000000 0.220725506 0.779274494
K:/crrrc: 0.000000000 0.969771114 0.030228886
K:/crrrf: 0.000000000 0.320773962 0.679226038
K:/rc: 0.985508763 0.014491237 0.000000000
K:/rcrcr: 0.000000000 0.902867122 0.097132878
K:/rcrfr: 0.000000000 0.943492037 0.056507963
K:/rcrrc: 0.000000000 0.895339301 0.104660699
K:/rcrrf: 0.000000000 0.835132144 0.164867856
K:/rf: 0.412973702 0.377549899 0.209476399
K:/rfrr: 0.000000000 0.901393239 0.098606761
K:/rr: 0.000967246 0.985151130 0.013881624
K:/rrcrc: 0.000000000 0.913639271 0.086360729
K:/rrcrf: 0.000000000 0.678162125 0.321837875
Q:/cc: 0.427224486 0.572775514 0.000000000
Q:/ccrcr: 0.367120356 0.281073948 0.351805696
Q:/ccrcrcrc: 0.000000000 0.868099945 0.131900055
Q:/ccrcrcrf: 0.000000000 0.442424534 0.557575466
Q:/ccrfr: 0.294301810 0.181840637 0.523857553
Q:/ccrrc: 0.419135996 0.275063523 0.305800481
Q:/ccrrf: 0.283972581 0.562134458 0.153892962
Q:/ccrrr: 0.000000000 0.933202749 0.066797251
Q:/cr: 0.146174935 0.220782496 0.633042569
Q:/crcrc: 0.523466013 0.307058868 0.169475120
Q:/crcrf: 0.398752323 0.200066423 0.401181254
Q:/crcrr: 0.000000000 0.310464528 0.689535472
Q:/crrcr: 0.000000000 0.641485913 0.358514087
Q:/crrfr: 0.000000000 0.681557380 0.318442620
Q:/crrrc: 0.000000000 0.479777424 0.520222576
Q:/crrrf: 0.000000000 0.359626544 0.640373456
Q:/rc: 0.060162649 0.939837351 0.000000000
Q:/rcrcr: 0.000000000 0.942657698 0.057342302
Q:/rcrfr: 0.000000000 0.896168388 0.103831612
Q:/rcrrc: 0.000000000 0.000000000 1.000000000
Q:/rcrrf: 0.000000000 0.708167586 0.291832414
Q:/rf: 0.459194157 0.400510959 0.140294884
Q:/rfrr: 0.000000000 0.659961249 0.340038751
Q:/rr: 0.004706307 0.442713715 0.552579978
Q:/rrcrc: 0.000000000 0.223948294 0.776051706
Q:/rrcrf: 0.000000000 0.509600416 0.490399584
T:/cc: 0.000035509 0.999964491 0.000000000
T:/ccrcr: 0.456631305 0.505178925 0.038189770
T:/ccrcrcrc: 0.000000000 0.492906715 0.507093285
T:/ccrcrcrf: 0.000000000 0.589981520 0.410018480
T:/ccrfr: 0.363215298 0.403966934 0.232817769
T:/ccrrc: 0.579491984 0.320251086 0.100256930
T:/ccrrf: 0.277705409 0.393217067 0.329077524
T:/ccrrr: 0.000000000 0.185645928 0.814354072
T:/cr: 0.051305912 0.712421826 0.236272262
T:/crcrc: 0.369462041 0.450872535 0.179665424
T:/crcrf: 0.675874934 0.036821479 0.287303587
T:/crcrr: 0.000000000 0.768458945 0.231541055
T:/crrcr: 0.000000000 0.803128819 0.196871181
T:/crrfr: 0.000000000 0.593693823 0.406306177
T:/crrrc: 0.000000000 0.851255397 0.148744603
T:/crrrf: 0.000000000 0.910548516 0.089451484
T:/rc: 0.000000000 1.000000000 0.000000000
T:/rcrcr: 0.000000000 0.610833090 0.389166910
T:/rcrfr: 0.000000000 0.850412450 0.149587550
T:/rcrrc: 0.000000000 0.000123523 0.999876477
T:/rcrrf: 0.000000000 0.379881074 0.620118926
T:/rf: 0.336499630 0.111257804 0.552242566
T:/rfrr: 0.000000000 0.582711006 0.417288994
T:/rr: 0.001742546 0.119625783 0.878631671
T:/rrcrc: 0.000000000 0.187913339 0.812086661
T:/rrcrf: 0.000000000 0.422314788 0.577685212
