8:/: 0.000704654 0.999295346 0.000000000
8:/cccr: 0.000000000 0.000000000 1.000000000
8:/cccrccrc: 0.000000000 0.429183167 0.570816833
8:/cccrccrf: 0.000000000 0.383041858 0.616958142
8:/cccrcfrc: 0.000000000 0.509280956 0.490719044
8:/cccrcfrf: 0.000000000 0.979116149 0.020883851
8:/cccrcrcc: 0.000000000 0.410692231 0.589307769
8:/cccrcrcf: 0.000000000 0.722052745 0.277947255
8:/cccrcrfc: 0.000000000 0.000000000 1.000000000
8:/cccrcrff: 0.000000000 0.055251969 0.944748031
8:/ccrc: 0.406266553 0.080622539 0.513110908
8:/ccrccrcc: 0.000000000 0.519655365 0.480344635
8:/ccrccrcf: 0.000000000 0.277355479 0.722644521
8:/ccrccrfc: 0.000000000 0.277277679 0.722722321
8:/ccrccrff: 0.000000000 0.548924429 0.451075571
8:/ccrf: 0.415848108 0.494400632 0.089751260
8:/ccrfcrc: 0.000000000 0.687954657 0.312045343
8:/ccrfcrf: 0.000000000 0.707067677 0.292932323
8:/ccrr: 0.000000000 0.193933569 0.806066431
8:/crcc: 0.341987394 0.446643376 0.211369230
8:/crcf: 0.018603124 0.358802114 0.622594762
8:/crcr: 0.000000000 0.160814533 0.839185467
8:/crfc: 0.394831867 0.034991952 0.570176180
8:/crff: 1.000000000 0.000000000 0.000000000
8:/crfr: 0.000000000 0.000000000 1.000000000
8:/crrc: 0.000000000 0.878559677 0.121440323
8:/crrf: 0.000000000 0.514493921 0.485506079
8:/rccr: 0.000000000 0.689024082 0.310975918
8:/rcfr: 0.000000000 0.792100030 0.207899970
8:/rcrc: 0.000000000 0.613929226 0.386070774
8:/rcrf: 0.000000000 0.339378323 0.660621677
8:/rfcr: 0.000000000 0.168679275 0.831320725
8:/rffr: 0.000000000 0.240443237 0.759556763
8:/rfrc: 0.000000000 0.543789189 0.456210811
8:/rfrf: 0.000000000 0.255195546 0.744804454
8:/rrcc: 0.000000000 0.120840506 0.879159494
8:/rrcf: 0.000000000 0.362542684 0.637457316
8:/rrfc: 0.000000000 0.044702979 0.955297021
8:/rrff: 0.000000000 0.000000000 1.000000000
9:/: 0.000704875 0.999295125 0.000000000
9:/cccr: 0.000000000 0.000000000 1.000000000
9:/cccrccrc: 0.000000000 0.795637691 0.204362309
9:/cccrccrf: 0.000000000 0.008875257 0.991124743
9:/cccrcfrc: 0.000000000 0.288936458 0.711063542
9:/cccrcfrf: 0.000000000 0.587379680 0.412620320
9:/cccrcrcc: 0.000000000 0.220637976 0.779362024
9:/cccrcrcf: 0.000000000 0.040872860 0.959127140
9:/cccrcrfc: 0.000000000 0.455447338 0.544552662
9:/cccrcrff: 0.000000000 1.000000000 0.000000000
9:/ccrc: 0.440224149 0.095076221 0.464699630
9:/ccrccrcc: 0.000000000 0.374735534 0.625264466
9:/ccrccrcf: 0.000000000 0.373357462 0.626642538
9:/ccrccrfc: 0.000000000 0.171172598 0.828827402
9:/ccrccrff: 0.000000000 0.492255697 0.507744303
9:/ccrf: 0.324848569 0.091738951 0.583412480
9:/ccrfcrc: 0.000000000 0.940212907 0.059787093
9:/ccrfcrf: 0.000000000 0.858082353 0.141917647
9:/ccrr: 0.000000000 0.486703979 0.513296021
9:/crcc: 0.160386694 0.765838889 0.073774417
9:/crcf: 0.514522597 0.039381735 0.446095668
9:/crcr: 0.000000000 0.587459783 0.412540217
9:/crfc: 0.333192067 0.383883070 0.282924862
9:/crff: 0.921112659 0.000000000 0.078887341
9:/crfr: 0.000000000 0.000000000 1.000000000
9:/crrc: 0.000000000 0.756675249 0.243324751
9:/crrf: 0.000000000 0.766388523 0.233611477
9:/rccr: 0.000000000 0.780325857 0.219674143
9:/rcfr: 0.000000000 0.439957907 0.560042093
9:/rcrc: 0.000000000 0.449272227 0.550727773
9:/rcrf: 0.000000000 0.606019163 0.393980837
9:/rfcr: 0.000000000 0.617624205 0.382375795
9:/rffr: 0.000000000 0.348513230 0.651486770
9:/rfrc: 0.000000000 0.286834724 0.713165276
9:/rfrf: 0.000000000 0.421273264 0.578726736
9:/rrcc: 0.000000000 0.383026154 0.616973846
9:/rrcf: 0.000000000 0.238003006 0.761996994
9:/rrfc: 0.000000000 0.241932019 0.758067981
9:/rrff: 0.000000000 0.000000000 1.000000000
A:/: 0.001316759 0.998683241 0.000000000
A:/cccr: 0.000000000 1.000000000 0.000000000
A:/cccrccrc: 0.000000000 0.720748192 0.279251808
A:/cccrccrf: 0.000000000 0.246823606 0.753176394
A:/cccrcfrc: 0.000000000 1.000000000 0.000000000
A:/cccrcfrf: 0.000000000 0.231216027 0.768783973
A:/cccrcrcc: 0.000000000 1.000000000 0.000000000
A:/cccrcrcf: 0.000000000 1.000000000 0.000000000
A:/cccrcrfc: 0.000000000 1.000000000 0.000000000
A:/cccrcrff: 0.000000000 1.000000000 0.000000000
A:/ccrc: 0.587908673 0.412091327 0.000000000
A:/ccrccrcc: 0.000000000 0.902365687 0.097634313
A:/ccrccrcf: 0.000000000 0.686701822 0.313298178
A:/ccrccrfc: 0.000000000 0.691065894 0.308934106
A:/ccrccrff: 0.000000000 0.798118753 0.201881247
A:/ccrf: 0.569639605 0.122375505 0.307984890
A:/ccrfcrc: 0.000000000 1.000000000 0.000000000
A:/ccrfcrf: 0.000000000 0.567779188 0.432220812
A:/ccrr: 0.000000000 1.000000000 0.000000000
A:/crcc: 0.399336813 0.482134470 0.118528717
A:/crcf: 0.645946212 0.200273529 0.153780259
A:/crcr: 0.000000000 0.773320548 0.226679452
A:/crfc: 0.670263097 0.329736903 0.000000000
A:/crff: 0.400784342 0.599215658 0.000000000
A:/crfr: 0.000000000 1.000000000 0.000000000
A:/crrc: 0.000000000 0.422599917 0.577400083
A:/crrf: 0.000000000 0.707338300 0.292661700
A:/rccr: 0.000000000 1.000000000 0.000000000
A:/rcfr: 0.000000000 1.000000000 0.000000000
A:/rcrc: 0.000000000 1.000000000 0.000000000
A:/rcrf: 0.000000000 1.000000000 0.000000000
A:/rfcr: 0.000000000 1.000000000 0.000000000
A:/rffr: 0.000000000 1.000000000 0.000000000
A:/rfrc: 0.000000000 1.000000000 0.000000000
A:/rfrf: 0.000000000 0.332271296 0.667728704
A:/rrcc: 0.000000000 1.000000000 0.000000000
A:/rrcf: 0.000000000 1.000000000 0.000000000
A:/rrfc: 0.000000000 1.000000000 0.000000000
A:/rrff: 0.000000000 1.000000000 0.000000000
J:/: 0.000597224 0.999402776 0.000000000
J:/cccr: 0.000000000 0.000000000 1.000000000
J:/cccrccrc: 0.000000000 0.611048859 0.388951141
J:/cccrccrf: 0.000000000 0.758099278 0.241900722
J:/cccrcfrc: 0.000000000 0.468444482 0.531555518
J:/cccrcfrf: 0.000000000 0.463817040 0.536182960
J:/cccrcrcc: 0.000000000 0.284800033 0.715199967
J:/cccrcrcf: 0.000000000 0.557009869 0.442990131
J:/cccrcrfc: 0.000000000 0.111404677 0.888595323
J:/cccrcrff: 0.000000000 1.000000000 0.000000000
J:/ccrc: 0.242506501 0.318271930 0.439221568
J:/ccrccrcc: 0.000000000 0.568861161 0.431138839
J:/ccrccrcf: 0.000000000 0.095659107 0.904340893
J:/ccrccrfc: 0.000000000 0.570875908 0.429124092
J:/ccrccrff: 0.000000000 0.622151750 0.377848250
J:/ccrf: 0.085209593 0.220036860 0.694753547
J:/ccrfcrc: 0.000000000 0.796315020 0.203684980
J:/ccrfcrf: 0.000000000 0.118853431 0.881146569
J:/ccrr: 0.000000000 0.888829912 0.111170088
J:/crcc: 0.627683029 0.223917122 0.148399848
J:/crcf: 0.021447955 0.497800605 0.480751440
J:/crcr: 0.000000000 0.617876483 0.382123517
J:/crfc: 0.710658283 0.061471682 0.227870035
J:/crff: 1.000000000 0.000000000 0.000000000
J:/crfr: 0.000000000 1.000000000 0.000000000
J:/crrc: 0.000000000 0.259258402 0.740741598
J:/crrf: 0.000000000 0.170647496 0.829352504
J:/rccr: 0.000000000 0.406443264 0.593556736
J:/rcfr: 0.000000000 0.099493045 0.900506955
J:/rcrc: 0.000000000 0.204524111 0.795475889
J:/rcrf: 0.000000000 0.000000000 1.000000000
J:/rfcr: 0.000000000 0.221495856 0.778504144
J:/rffr: 0.000000000 0.471526187 0.528473813
J:/rfrc: 0.000000000 0.159438830 0.840561170
J:/rfrf: 0.000000000 0.457309072 0.542690928
J:/rrcc: 0.000000000 0.086718607 0.913281393
J:/rrcf: 0.000000000 0.386825515 0.613174485
J:/rrfc: 0.000000000 0.065799779 0.934200221
J:/rrff: 0.000000000 0.296604477 0.703395523
K:/: 0.000000000 1.000000000 0.000000000
K:/cccr: 0.000127024 0.966905658 0.032967318
K:/cccrccrc: 0.000000000 0.932408916 0.067591084
K:/cccrccrf: 0.000000000 0.767803318 0.232196682
K:/cccrcfrc: 0.000000000 0.549359915 0.450640085
K:/cccrcfrf: 0.000000000 0.064407123 0.935592877
K:/cccrcrcc: 0.000000000 0.649275462 0.350724538
K:/cccrcrcf: 0.000000000 0.648505390 0.351494610
K:/cccrcrfc: 0.000000000 0.942130656 0.057869344
K:/cccrcrff: 0.000000000 1.000000000 0.000000000
K:/ccrc: 0.447742881 0.512198595 0.040058523
K:/ccrccrcc: 0.000000000 0.697349875 0.302650125
K:/ccrccrcf: 0.000000000 0.808653656 0.191346344
K:/ccrccrfc: 0.000000000 0.374169940 0.625830060
K:/ccrccrff: 0.000000000 0.190413994 0.809586006
K:/ccrf: 0.480403304 0.495735933 0.023860763
K:/ccrfcrc: 0.000000000 0.986800237 0.013199763
K:/ccrfcrf: 0.000000000 0.414950491 0.585049509
K:/ccrr: 0.000000000 0.728824790 0.271175210
K:/crcc: 0.592631237 0.175440252 0.231928511
K:/crcf: 0.515407607 0.484589884 0.000002508
K:/crcr: 0.000000000 0.865765308 0.134234692
K:/crfc: 0.865224908 0.134775092 0.000000000
K:/crff: 1.000000000 0.000000000 0.000000000
K:/crfr: 0.000000000 1.000000000 0.000000000
K:/crrc: 0.000000000 0.488846601 0.511153399
K:/crrf: 0.000000000 0.370167279 0.629832721
K:/rccr: 0.000000000 0.905744136 0.094255864
K:/rcfr: 0.000000000 1.000000000 0.000000000
K:/rcrc: 0.000000000 0.576182415 0.423817585
K:/rcrf: 0.000000000 0.999993894 0.000006106
K:/rfcr: 0.000000000 0.999986897 0.000013103
K:/rffr: 0.000000000 0.999982274 0.000017726
K:/rfrc: 0.000000000 0.555272915 0.444727085
K:/rfrf: 0.000000000 0.606502516 0.393497484
K:/rrcc: 0.000000000 0.831441093 0.168558907
K:/rrcf: 0.000000000 0.876128262 0.123871738
K:/rrfc: 0.000000000 0.330561928 0.669438072
K:/rrff: 0.000000000 0.983239837 0.016760163
Q:/: 0.000313864 0.999686136 0.000000000
Q:/cccr: 0.000044404 0.273774499 0.726181097
Q:/cccrccrc: 0.000000000 0.380568509 0.619431491
Q:/cccrccrf: 0.000000000 0.387656181 0.612343819
Q:/cccrcfrc: 0.000000000 0.251391228 0.748608772
Q:/cccrcfrf: 0.000000000 0.532420022 0.467579978
Q:/cccrcrcc: 0.000000000 0.377126887 0.622873113
Q:/cccrcrcf: 0.000000000 0.162017574 0.837982426
Q:/cccrcrfc: 0.000000000 0.467164832 0.532835168
Q:/cccrcrff: 0.000000000 1.000000000 0.000000000
Q:/ccrc: 0.420131230 0.299225520 0.280643250
Q:/ccrccrcc: 0.000000000 0.497816012 0.502183988
Q:/ccrccrcf: 0.000000000 0.477961257 0.522038743
Q:/ccrccrfc: 0.000000000 0.243996636 0.756003364
Q:/ccrccrff: 0.000000000 0.433611487 0.566388513
Q:/ccrf: 0.312831259 0.463982698 0.223186042
Q:/ccrfcrc: 0.000000000 0.662264891 0.337735109
Q:/ccrfcrf: 0.000000000 0.939321185 0.060678815
Q:/ccrr: 0.000000000 0.369353179 0.630646821
Q:/crcc: 0.319895047 0.473234785 0.206870168
Q:/crcf: 0.420000920 0.255144728 0.324854352
Q:/crcr: 0.000000000 0.844962569 0.155037431
Q:/crfc: 0.030631405 0.000000000 0.969368595
Q:/crff: 1.000000000 0.000000000 0.000000000
Q:/crfr: 0.000000000 1.000000000 0.000000000
Q:/crrc: 0.000000000 0.717101605 0.282898395
Q:/crrf: 0.000000000 0.488001839 0.511998161
Q:/rccr: 0.000000000 0.586196393 0.413803607
Q:/rcfr: 0.000000000 0.766516001 0.233483999
Q:/rcrc: 0.000000000 0.778029608 0.221970392
Q:/rcrf: 0.000000000 0.190055515 0.809944485
Q:/rfcr: 0.000000000 0.799730536 0.200269464
Q:/rffr: 0.000000000 0.999984275 0.000015725
Q:/rfrc: 0.000000000 0.246032971 0.753967029
Q:/rfrf: 0.000000000 0.989620125 0.010379875
Q:/rrcc: 0.000000000 0.810497314 0.189502686
Q:/rrcf: 0.000000000 0.306943155 0.693056845
Q:/rrfc: 0.000000000 0.701092877 0.298907123
Q:/rrff: 0.000000000 0.944252108 0.055747892
T:/: 0.000694509 0.999305491 0.000000000
T:/cccr: 0.000000000 0.000000000 1.000000000
T:/cccrccrc: 0.000000000 0.859204673 0.140795327
T:/cccrccrf: 0.000000000 0.884621678 0.115378322
T:/cccrcfrc: 0.000000000 0.070517966 0.929482034
T:/cccrcfrf: 0.000000000 0.557780205 0.442219795
T:/cccrcrcc: 0.000000000 0.500538268 0.499461732
T:/cccrcrcf: 0.000000000 0.810900733 0.189099267
T:/cccrcrfc: 0.000000000 0.414930531 0.585069469
T:/cccrcrff: 0.000000000 1.000000000 0.000000000
T:/ccrc: 0.088124360 0.501453731 0.410421910
T:/ccrccrcc: 0.000000000 0.458219953 0.541780047
T:/ccrccrcf: 0.000000000 0.571687561 0.428312439
T:/ccrccrfc: 0.000000000 0.667015344 0.332984656
T:/ccrccrff: 0.000000000 0.428552480 0.571447520
T:/ccrf: 0.604528233 0.332682739 0.062789028
T:/ccrfcrc: 0.000000000 0.426802171 0.573197829
T:/ccrfcrf: 0.000000000 0.421594102 0.578405898
T:/ccrr: 0.000000000 0.490540856 0.509459144
T:/crcc: 0.430507478 0.266418123 0.303074399
T:/crcf: 0.178026867 0.707719912 0.114253221
T:/crcr: 0.000000000 0.491487269 0.508512731
T:/crfc: 0.427164345 0.078746077 0.494089578
T:/crff: 1.000000000 0.000000000 0.000000000
T:/crfr: 0.000000000 0.535076937 0.464923063
T:/crrc: 0.000000000 0.279622886 0.720377114
T:/crrf: 0.000000000 0.617241086 0.382758914
T:/rccr: 0.000000000 0.448869292 0.551130708
T:/rcfr: 0.000000000 0.298331773 0.701668227
T:/rcrc: 0.000000000 0.365730973 0.634269027
T:/rcrf: 0.000000000 0.148725466 0.851274534
T:/rfcr: 0.000000000 0.585147131 0.414852869
T:/rffr: 0.000000000 0.350437193 0.649562807
T:/rfrc: 0.000000000 0.313952369 0.686047631
T:/rfrf: 0.000000000 0.686273184 0.313726816
T:/rrcc: 0.000000000 0.607007031 0.392992969
T:/rrcf: 0.000000000 0.081074199 0.918925801
T:/rrfc: 0.000000000 0.108341352 0.891658648
T:/rrff: 0.000000000 0.156862123 0.843137877
