8:/cc: 0.000000000 1.000000000 0.000000000
8:/cccrcc: 0.210949357 0.303038436 0.486012207
8:/cccrcf: 0.471600687 0.000000000 0.528399313
8:/cccrcr: 0.000000000 0.000000000 1.000000000
8:/cccrfc: 0.497897971 0.000000000 0.502102029
8:/cccrff: 1.000000000 0.000000000 0.000000000
8:/cccrfr: 0.000000000 0.348583942 0.651416058
8:/cccrrc: 0.000000000 0.396042202 0.603957798
8:/cccrrf: 0.000000000 0.312834471 0.687165529
8:/ccrccr: 0.000000000 0.543907305 0.456092695
8:/ccrcfr: 0.000000000 0.264632931 0.735367069
8:/ccrcrc: 0.000000000 0.454769822 0.545230178
8:/ccrcrf: 0.000000000 0.499476902 0.500523098
8:/ccrfcr: 0.000000000 0.435767297 0.564232703
8:/ccrffr: 0.000000000 0.581993894 0.418006106
8:/ccrfrc: 0.000000000 0.533979864 0.466020136
8:/ccrfrf: 0.000000000 0.427810439 0.572189561
8:/ccrrcc: 0.000000000 0.404639290 0.595360710
8:/ccrrcf: 0.000000000 0.671277703 0.328722297
8:/ccrrfc: 0.000000000 0.164809493 0.835190507
8:/ccrrff: 0.000000000 0.571833521 0.428166479
8:/cr: 0.000000000 0.000000000 1.000000000
8:/crccrc: 0.000000000 0.433769688 0.566230312
8:/crccrf: 0.000000000 0.826530067 0.173469933
8:/crcfrc: 0.000000000 0.664023223 0.335976777
8:/crcfrf: 0.000000000 0.812433946 0.187566054
8:/crcrcc: 0.000000000 0.472093740 0.527906260
8:/crcrcf: 0.000000000 0.245346448 0.754653552
8:/crcrfc: 0.000000000 0.225283424 0.774716576
8:/crcrff: 0.000000000 0.655324152 0.344675848
8:/rc: 0.123892174 0.114906327 0.761201499
8:/rccrcc: 0.000000000 0.181591451 0.818408549
8:/rccrcf: 0.000000000 0.324029697 0.675970303
8:/rccrfc: 0.000000000 0.443537471 0.556462529
8:/rccrff: 0.000000000 0.521218122 0.478781878
8:/rf: 0.099353041 0.402774619 0.497872340
8:/rfcrc: 0.000000000 0.808372127 0.191627873
8:/rfcrf: 0.000000000 0.828955022 0.171044978
8:/rr: 0.000000000 0.649229194 0.350770806
9:/cc: 0.000000000 1.000000000 0.000000000
9:/cccrcc: 0.189905561 0.484238086 0.325856353
9:/cccrcf: 0.781998995 0.128823553 0.089177452
9:/cccrcr: 0.000000000 0.000000000 1.000000000
9:/cccrfc: 0.765256213 0.000000000 0.234743787
9:/cccrff: 1.000000000 0.000000000 0.000000000
9:/cccrfr: 0.000000000 0.391443423 0.608556577
9:/cccrrc: 0.000000000 0.434377848 0.565622152
9:/cccrrf: 0.000000000 0.549065086 0.450934914
9:/ccrccr: 0.000000000 0.791489062 0.208510938
9:/ccrcfr: 0.000000000 0.033322143 0.966677857
9:/ccrcrc: 0.000000000 0.169202099 0.830797901
9:/ccrcrf: 0.000000000 0.038927324 0.961072676
9:/ccrfcr: 0.000000000 0.128264821 0.871735179
9:/ccrffr: 0.000000000 0.254507392 0.745492608
9:/ccrfrc: 0.000000000 0.599731480 0.400268520
9:/ccrfrf: 0.000000000 0.797616960 0.202383040
9:/ccrrcc: 0.000000000 0.641651393 0.358348607
9:/ccrrcf: 0.000000000 0.646876955 0.353123045
9:/ccrrfc: 0.000000000 0.084587089 0.915412911
9:/ccrrff: 0.000000000 0.136124360 0.863875640
9:/cr: 0.000000000 0.000000000 1.000000000
9:/crccrc: 0.000000000 0.512276967 0.487723033
9:/crccrf: 0.000000000 0.999997857 0.000002143
9:/crcfrc: 0.000000000 0.452364584 0.547635416
9:/crcfrf: 0.000000000 0.657885603 0.342114397
9:/crcrcc: 0.000000000 0.023167910 0.976832090
9:/crcrcf: 0.000000000 0.000000000 1.000000000
9:/crcrfc: 0.000000000 0.163475843 0.836524157
9:/crcrff: 0.000000000 0.232148000 0.767852000
9:/rc: 0.088559373 0.600842406 0.310598221
9:/rccrcc: 0.000000000 0.486868316 0.513131684
9:/rccrcf: 0.000000000 0.210539172 0.789460828
9:/rccrfc: 0.000000000 0.300983787 0.699016213
9:/rccrff: 0.000000000 0.307676795 0.692323205
9:/rf: 0.235399497 0.380207158 0.384393346
9:/rfcrc: 0.000000000 0.370965104 0.629034896
9:/rfcrf: 0.000000000 0.035633757 0.964366243
9:/rr: 0.000000000 0.122003994 0.877996006
A:/cc: 0.001902146 0.998097854 0.000000000
A:/cccrcc: 0.205260270 0.730903045 0.063836685
A:/cccrcf: 0.406903692 0.363323514 0.229772794
A:/cccrcr: 0.000000000 1.000000000 0.000000000
A:/cccrfc: 0.843764151 0.156235849 0.000000000
A:/cccrff: 0.528516179 0.471483821 0.000000000
A:/cccrfr: 0.000000000 0.812084423 0.187915577
A:/cccrrc: 0.000000000 0.744537743 0.255462257
A:/cccrrf: 0.000000000 1.000000000 0.000000000
A:/ccrccr: 0.000000000 1.000000000 0.000000000
A:/ccrcfr: 0.000000000 1.000000000 0.000000000
A:/ccrcrc: 0.000000000 1.000000000 0.000000000
A:/ccrcrf: 0.000000000 0.991736066 0.008263934
A:/ccrfcr: 0.000000000 0.963536451 0.036463549
A:/ccrffr: 0.000000000 0.950640594 0.049359406
A:/ccrfrc: 0.000000000 1.000000000 0.000000000
A:/ccrfrf: 0.000000000 0.690136838 0.309863162
A:/ccrrcc: 0.000000000 0.793181667 0.206818333
A:/ccrrcf: 0.000000000 1.000000000 0.000000000
A:/ccrrfc: 0.000000000 0.941726760 0.058273240
A:/ccrrff: 0.000000000 1.000000000 0.000000000
A:/cr: 1.000000000 0.000000000 0.000000000
A:/crccrc: 0.000000000 1.000000000 0.000000000
A:/crccrf: 0.000000000 0.912891324 0.087108676
A:/crcfrc: 0.000000000 0.691882558 0.308117442
A:/crcfrf: 0.000000000 0.714109666 0.285890334
A:/crcrcc: 0.000000000 1.000000000 0.000000000
A:/crcrcf: 0.000000000 0.604367156 0.395632844
A:/crcrfc: 0.000000000 1.000000000 0.000000000
A:/crcrff: 0.000000000 0.890833739 0.109166261
A:/rc: 0.550401791 0.411996008 0.037602201
A:/rccrcc: 0.000000000 0.518051774 0.481948226
A:/rccrcf: 0.000000000 0.338415055 0.661584945
A:/rccrfc: 0.000000000 0.306053664 0.693946336
A:/rccrff: 0.000000000 0.788245326 0.211754674
A:/rf: 0.486609435 0.329382718 0.184007847
A:/rfcrc: 0.000000000 1.000000000 0.000000000
A:/rfcrf: 0.000000000 0.601767956 0.398232044
A:/rr: 0.000000000 0.903560923 0.096439077
J:/cc: 0.000000000 1.000000000 0.000000000
J:/cccrcc: 0.337155811 0.242028824 0.420815365
J:/cccrcf: 0.574541764 0.000000000 0.425458236
J:/cccrcr: 0.000000000 0.262493146 0.737506854
J:/cccrfc: 1.000000000 0.000000000 0.000000000
J:/cccrff: 1.000000000 0.000000000 0.000000000
J:/cccrfr: 0.000000000 0.837120851 0.162879149
J:/cccrrc: 0.000000000 0.634783142 0.365216858
J:/cccrrf: 0.000000000 0.449694979 0.550305021
J:/ccrccr: 0.000000000 0.655518462 0.344481538
J:/ccrcfr: 0.000000000 0.170755808 0.829244192
J:/ccrcrc: 0.000000000 0.495565168 0.504434832
J:/ccrcrf: 0.000000000 0.843284197 0.156715803
J:/ccrfcr: 0.000000000 0.409046701 0.590953299
J:/ccrffr: 0.000000000 0.563390753 0.436609247
J:/ccrfrc: 0.000000000 0.434243392 0.565756608
J:/ccrfrf: 0.000000000 0.966327341 0.033672659
J:/ccrrcc: 0.000000000 0.270526465 0.729473535
J:/ccrrcf: 0.000000000 0.235670685 0.764329315
J:/ccrrfc: 0.000000000 0.348628336 0.651371664
J:/ccrrff: 0.000000000 0.059542924 0.940457076
J:/cr: 0.000000000 0.000000000 1.000000000
J:/crccrc: 0.000000000 0.720633180 0.279366820
J:/crccrf: 0.000000000 0.923805090 0.076194910
J:/crcfrc: 0.000000000 0.369527834 0.630472166
J:/crcfrf: 0.000000000 0.023010504 0.976989496
J:/crcrcc: 0.000000000 0.497031866 0.502968134
J:/crcrcf: 0.000000000 0.553187627 0.446812373
J:/crcrfc: 0.000000000 0.346666152 0.653333848
J:/crcrff: 0.000000000 0.427589074 0.572410926
J:/rc: 0.428941158 0.153120983 0.417937860
J:/rccrcc: 0.000000000 0.427288583 0.572711417
J:/rccrcf: 0.000000000 0.024930599 0.975069401
J:/rccrfc: 0.000000000 0.360902538 0.639097462
J:/rccrff: 0.000000000 0.448208981 0.551791019
J:/rf: 0.110032063 0.304991841 0.584976096
J:/rfcrc: 0.000000000 0.786492740 0.213507260
J:/rfcrf: 0.000000000 0.788502318 0.211497682
J:/rr: 0.000000000 0.333588634 0.666411366
K:/cc: 0.000000000 1.000000000 0.000000000
K:/cccrcc: 0.417751836 0.034581688 0.547666476
K:/cccrcf: 0.673961506 0.095451196 0.230587298
K:/cccrcr: 0.000000000 0.519626178 0.480373822
K:/cccrfc: 1.000000000 0.000000000 0.000000000
K:/cccrff: 1.000000000 0.000000000 0.000000000
K:/cccrfr: 0.000000000 0.764679014 0.235320986
K:/cccrrc: 0.000000000 0.791684639 0.208315361
K:/cccrrf: 0.000000000 0.605231315 0.394768685
K:/ccrccr: 0.000000000 0.470313127 0.529686873
K:/ccrcfr: 0.000000000 0.755129920 0.244870080
K:/ccrcrc: 0.000000000 0.577833156 0.422166844
K:/ccrcrf: 0.000000000 0.277820057 0.722179943
K:/ccrfcr: 0.000000000 0.969774463 0.030225537
K:/ccrffr: 0.000000000 1.000000000 0.000000000
K:/ccrfrc: 0.000000000 0.613893843 0.386106157
K:/ccrfrf: 0.000000000 0.942805472 0.057194528
K:/ccrrcc: 0.000000000 0.401067549 0.598932451
K:/ccrrcf: 0.000000000 0.436091834 0.563908166
K:/ccrrfc: 0.000000000 0.472499876 0.527500124
K:/ccrrff: 0.000000000 0.504502601 0.495497399
K:/cr: 0.100441629 0.000125658 0.899432713
K:/crccrc: 0.000000000 0.792846385 0.207153615
K:/crccrf: 0.000000000 0.434341398 0.565658602
K:/crcfrc: 0.000000000 0.791005354 0.208994646
K:/crcfrf: 0.000000000 0.962354569 0.037645431
K:/crcrcc: 0.000000000 0.616301944 0.383698056
K:/crcrcf: 0.000000000 0.668106886 0.331893114
K:/crcrfc: 0.000000000 0.721887707 0.278112293
K:/crcrff: 0.000000000 1.000000000 0.000000000
K:/rc: 0.787052040 0.164956011 0.047991949
K:/rccrcc: 0.000000000 0.392656136 0.607343864
K:/rccrcf: 0.000000000 0.464856912 0.535143088
K:/rccrfc: 0.000000000 0.206692288 0.793307712
K:/rccrff: 0.000000000 0.628799325 0.371200675
K:/rf: 0.544844207 0.409986307 0.045169486
K:/rfcrc: 0.000000000 0.839954319 0.160045681
K:/rfcrf: 0.000000000 0.564117602 0.435882398
K:/rr: 0.000000000 0.864062320 0.135937680
Q:/cc: 0.000000000 1.000000000 0.000000000
Q:/cccrcc: 0.440798606 0.439072236 0.120129158
Q:/cccrcf: 0.636562661 0.000000000 0.363437339
Q:/cccrcr: 0.000000000 0.155982656 0.844017344
Q:/cccrfc: 1.000000000 0.000000000 0.000000000
Q:/cccrff: 1.000000000 0.000000000 0.000000000
Q:/cccrfr: 0.000000000 0.749787094 0.250212906
Q:/cccrrc: 0.000000000 0.856829255 0.143170745
Q:/cccrrf: 0.000000000 0.840448741 0.159551259
Q:/ccrccr: 0.000000000 0.981432019 0.018567981
Q:/ccrcfr: 0.000000000 0.475116687 0.524883313
Q:/ccrcrc: 0.000000000 0.583614861 0.416385139
Q:/ccrcrf: 0.000000000 0.583541060 0.416458940
Q:/ccrfcr: 0.000000000 0.571335698 0.428664302
Q:/ccrffr: 0.000000000 1.000000000 0.000000000
Q:/ccrfrc: 0.000000000 0.134051116 0.865948884
Q:/ccrfrf: 0.000000000 0.980002729 0.019997271
Q:/ccrrcc: 0.000000000 0.654216505 0.345783495
Q:/ccrrcf: 0.000000000 0.154319024 0.845680976
Q:/ccrrfc: 0.000000000 0.357552011 0.642447989
Q:/ccrrff: 0.000000000 0.497278709 0.502721291
Q:/cr: 0.000000000 0.000000000 1.000000000
Q:/crccrc: 0.000000000 0.196146519 0.803853481
Q:/crccrf: 0.000000000 0.581691972 0.418308028
Q:/crcfrc: 0.000000000 0.568791056 0.431208944
Q:/crcfrf: 0.000000000 0.469952058 0.530047942
Q:/crcrcc: 0.000000000 0.330447755 0.669552245
Q:/crcrcf: 0.000000000 0.580949479 0.419050521
Q:/crcrfc: 0.000000000 0.125115735 0.874884265
Q:/crcrff: 0.000000000 0.787847629 0.212152371
Q:/rc: 0.632950742 0.093957458 0.273091800
Q:/rccrcc: 0.000000000 0.660569618 0.339430382
Q:/rccrcf: 0.000000000 0.788472284 0.211527716
Q:/rccrfc: 0.000000000 0.397803761 0.602196239
Q:/rccrff: 0.000000000 0.758835182 0.241164818
Q:/rf: 0.282107821 0.425613593 0.292278585
Q:/rfcrc: 0.000000000 0.561616257 0.438383743
Q:/rfcrf: 0.000000000 0.815454139 0.184545861
Q:/rr: 0.000000000 0.189135353 0.810864647
T:/cc: 0.000000000 1.000000000 0.000000000
T:/cccrcc: 0.366604876 0.318178736 0.315216388
T:/cccrcf: 0.507654664 0.299535892 0.192809444
T:/cccrcr: 0.000000000 0.300097744 0.699902256
T:/cccrfc: 1.000000000 0.000000000 0.000000000
T:/cccrff: 1.000000000 0.000000000 0.000000000
T:/cccrfr: 0.000000000 0.379718300 0.620281700
T:/cccrrc: 0.000000000 0.474162893 0.525837107
T:/cccrrf: 0.000000000 0.000000000 1.000000000
T:/ccrccr: 0.000000000 0.830706264 0.169293736
T:/ccrcfr: 0.000000000 0.121061648 0.878938352
T:/ccrcrc: 0.000000000 0.667889496 0.332110504
T:/ccrcrf: 0.000000000 0.696889950 0.303110050
T:/ccrfcr: 0.000000000 0.946298797 0.053701203
T:/ccrffr: 0.000000000 0.446351969 0.553648031
T:/ccrfrc: 0.000000000 0.602524326 0.397475674
T:/ccrfrf: 0.000000000 0.658696050 0.341303950
T:/ccrrcc: 0.000000000 0.393663246 0.606336754
T:/ccrrcf: 0.000000000 0.082937081 0.917062919
T:/ccrrfc: 0.000000000 0.302965225 0.697034775
T:/ccrrff: 0.000000000 0.000000000 1.000000000
T:/cr: 0.000000000 0.000000000 1.000000000
T:/crccrc: 0.000000000 0.782012612 0.217987388
T:/crccrf: 0.000000000 0.565835051 0.434164949
T:/crcfrc: 0.000000000 0.381784094 0.618215906
T:/crcfrf: 0.000000000 0.382661479 0.617338521
T:/crcrcc: 0.000000000 0.276171343 0.723828657
T:/crcrcf: 0.000000000 0.427690708 0.572309292
T:/crcrfc: 0.000000000 0.612712506 0.387287494
T:/crcrff: 0.000000000 0.594633060 0.405366940
T:/rc: 0.233531675 0.506081444 0.260386881
T:/rccrcc: 0.000000000 0.201779916 0.798220084
T:/rccrcf: 0.000000000 0.688202679 0.311797321
T:/rccrfc: 0.000000000 0.547807802 0.452192198
T:/rccrff: 0.000000000 0.818660743 0.181339257
T:/rf: 0.501763416 0.068915765 0.429320819
T:/rfcrc: 0.000000000 0.866554851 0.133445149
T:/rfcrf: 0.000000000 0.505417101 0.494582899
T:/rr: 0.000000000 0.635666498 0.364333502
