A:/: 0.998832517 0.001167483 0.000000000
A:/cccr: 1.000000000 0.000000000 0.000000000
A:/cccrccrc: 0.433208575 0.238423039 0.328368386
A:/cccrccrccrcc: 0.000000000 0.712173597 0.287826403
A:/cccrccrccrcf: 0.000000000 0.897373440 0.102626560
A:/cccrccrccrfc: 0.000000000 0.677304580 0.322695420
A:/cccrccrccrff: 0.000000000 0.802277081 0.197722919
A:/cccrccrf: 0.213639510 0.491617908 0.294742582
A:/cccrccrfcrc: 0.000000000 0.376640593 0.623359407
A:/cccrccrfcrf: 0.000000000 0.236929109 0.763070891
A:/cccrccrr: 0.000000000 0.859609757 0.140390243
A:/cccrcfrc: 0.585867889 0.360689476 0.053442635
A:/cccrcfrf: 0.301600238 0.507700491 0.190699270
A:/cccrcfrr: 0.000000000 1.000000000 0.000000000
A:/cccrcrcc: 0.738130165 0.261869835 0.000000000
A:/cccrcrcf: 0.166575886 0.591714701 0.241709413
A:/cccrcrcr: 0.000000000 0.669067492 0.330932508
A:/cccrcrfc: 0.070975806 0.040302787 0.888721407
A:/cccrcrff: 0.036873973 0.102757355 0.860368672
A:/cccrcrfr: 0.000000000 0.264244092 0.735755908
A:/cccrcrrc: 0.000000000 1.000000000 0.000000000
A:/cccrcrrf: 0.000000000 0.408942752 0.591057248
A:/cccrrccr: 0.000000000 1.000000000 0.000000000
A:/cccrrcfr: 0.000000000 0.799503337 0.200496663
A:/cccrrcrc: 0.000000000 0.961645378 0.038354622
A:/cccrrcrf: 0.000000000 0.360829588 0.639170412
A:/cccrrfcr: 0.000000000 1.000000000 0.000000000
A:/cccrrffr: 0.000000000 1.000000000 0.000000000
A:/cccrrfrc: 0.000000000 1.000000000 0.000000000
A:/cccrrfrf: 0.000000000 0.254898554 0.745101446
A:/cccrrrcc: 0.000000000 0.349437773 0.650562227
A:/cccrrrcf: 0.000000000 0.834136749 0.165863251
A:/cccrrrfc: 0.000000000 0.998184033 0.001815967
A:/cccrrrff: 0.000000000 0.764220309 0.235779691
A:/ccrc: 0.106734209 0.893265791 0.000000000
A:/ccrccrcc: 0.196924427 0.613001355 0.190074218
A:/ccrccrcf: 0.417789251 0.436106530 0.146104219
A:/ccrccrcr: 0.000000000 0.762971389 0.237028611
A:/ccrccrfc: 0.462692799 0.537307201 0.000000000
A:/ccrccrff: 0.325930459 0.372912155 0.301157386
A:/ccrccrfr: 0.000000000 0.389518055 0.610481945
A:/ccrccrrc: 0.000000000 0.709197136 0.290802864
A:/ccrccrrf: 0.000000000 0.302147068 0.697852932
A:/ccrcrccr: 0.000000000 0.840207809 0.159792191
A:/ccrcrcfr: 0.000000000 0.781732575 0.218267425
A:/ccrcrcrc: 0.000000000 0.805401226 0.194598774
A:/ccrcrcrf: 0.000000000 0.945182155 0.054817845
A:/ccrcrfcr: 0.000000000 0.853383262 0.146616738
A:/ccrcrffr: 0.000000000 0.577469856 0.422530144
A:/ccrcrfrc: 0.000000000 0.901686051 0.098313949
A:/ccrcrfrf: 0.000000000 0.178041751 0.821958249
A:/ccrcrrcc: 0.000000000 0.640853592 0.359146408
A:/ccrcrrcf: 0.000000000 0.619839686 0.380160314
A:/ccrcrrfc: 0.000000000 0.800091424 0.199908576
A:/ccrcrrff: 0.000000000 0.771532643 0.228467357
A:/ccrf: 0.396932706 0.603067294 0.000000000
A:/ccrfcrc: 0.928515059 0.061735776 0.009749165
A:/ccrfcrf: 0.524193258 0.475806742 0.000000000
A:/ccrfcrr: 0.000000000 0.140651054 0.859348946
A:/ccrfrcr: 0.000000000 0.560443869 0.439556131
A:/ccrfrfr: 0.000000000 0.590486962 0.409513038
A:/ccrfrrc: 0.000000000 0.852801624 0.147198376
A:/ccrfrrf: 0.000000000 0.999965952 0.000034048
A:/ccrr: 1.000000000 0.000000000 0.000000000
A:/ccrrccrc: 0.000000000 0.887962363 0.112037637
A:/ccrrccrf: 0.000000000 0.568311882 0.431688118
A:/ccrrcfrc: 0.000000000 0.999955842 0.000044158
A:/ccrrcfrf: 0.000000000 0.340032128 0.659967872
A:/ccrrcrcc: 0.000000000 0.999944750 0.000055250
A:/ccrrcrcf: 0.000000000 0.730932052 0.269067948
A:/ccrrcrfc: 0.000000000 0.999990426 0.000009574
A:/ccrrcrff: 0.000000000 0.631935293 0.368064707
A:/crcc: 0.249343315 0.750656633 0.000000052
A:/crccrccr: 0.000000000 0.719876406 0.280123594
A:/crccrcfr: 0.000000000 0.491281860 0.508718140
A:/crccrcrc: 0.000000000 0.611167954 0.388832046
A:/crccrcrf: 0.000000000 0.654908145 0.345091855
A:/crccrfcr: 0.000000000 0.726345438 0.273654562
A:/crccrffr: 0.000000000 0.508902529 0.491097471
A:/crccrfrc: 0.000000000 0.636630221 0.363369779
A:/crccrfrf: 0.000000000 0.214191194 0.785808806
A:/crccrrcc: 0.000000000 0.955348490 0.044651510
A:/crccrrcf: 0.000000000 1.000000000 0.000000000
A:/crccrrfc: 0.000000000 0.846457449 0.153542551
A:/crccrrff: 0.000000000 0.999997878 0.000002122
A:/crcf: 1.000000000 0.000000000 0.000000000
A:/crcfrcr: 0.000000000 0.895236555 0.104763445
A:/crcfrfr: 0.000000000 0.486827821 0.513172179
A:/crcfrrc: 0.000000000 1.000000000 0.000000000
A:/crcfrrf: 0.000000000 0.997636077 0.002363923
A:/crcr: 0.712370688 0.287629312 0.000000000
A:/crcrccrc: 0.000000000 1.000000000 0.000000000
A:/crcrccrf: 0.000000000 0.647147920 0.352852080
A:/crcrcfrc: 0.000000000 0.999999999 0.000000001
A:/crcrcfrf: 0.000000000 0.301101224 0.698898776
A:/crcrcrcc: 0.000000000 0.999999997 0.000000003
A:/crcrcrcf: 0.000000000 1.000000000 0.000000000
A:/crcrcrfc: 0.000000000 0.999999996 0.000000004
A:/crcrcrff: 0.000000000 1.000000000 0.000000000
A:/crfc: 0.024705990 0.472387641 0.502906369
A:/crfcrcr: 0.000000000 0.728163089 0.271836911
A:/crfcrfr: 0.000000000 0.793160706 0.206839294
A:/crfcrrc: 0.000000000 0.621081697 0.378918303
A:/crfcrrf: 0.000000000 0.463434565 0.536565435
A:/crff: 0.000000000 0.000000010 0.999999990
A:/crffrr: 0.000000000 0.000000007 0.999999993
A:/crfr: 0.000000009 0.000000003 0.999999988
A:/crfrcrc: 0.000000000 0.266438533 0.733561467
A:/crfrcrf: 0.000000000 0.604449005 0.395550995
A:/crrc: 0.820458322 0.000119573 0.179422105
A:/crrccrcc: 0.000000000 0.565546220 0.434453780
A:/crrccrcf: 0.000000000 0.311420732 0.688579268
A:/crrccrfc: 0.000000000 0.274952887 0.725047113
A:/crrccrff: 0.000000000 0.645217494 0.354782506
A:/crrf: 0.000000000 0.995120244 0.004879756
A:/crrfcrc: 0.000000000 0.999467956 0.000532044
A:/crrfcrf: 0.000000000 0.999388653 0.000611347
A:/crrr: 0.000000000 0.999840448 0.000159552
A:/rccr: 0.623463257 0.302710386 0.073826357
A:/rccrccrc: 0.000000000 0.488533647 0.511466353
A:/rccrccrf: 0.000000000 0.031643109 0.968356891
A:/rccrcfrc: 0.000000000 0.677143098 0.322856902
A:/rccrcfrf: 0.000000000 0.013187519 0.986812481
A:/rccrcrcc: 0.000000000 0.964333452 0.035666548
A:/rccrcrcf: 0.000000000 0.445831395 0.554168605
A:/rccrcrfc: 0.000000000 0.166658784 0.833341216
A:/rccrcrff: 0.000000000 0.806587614 0.193412386
A:/rcfr: 0.644647763 0.354707701 0.000644535
A:/rcfrcrc: 0.000000000 0.787900671 0.212099329
A:/rcfrcrf: 0.000000000 0.853181846 0.146818154
A:/rcrc: 0.371800789 0.567554911 0.060644300
A:/rcrccrcc: 0.000000000 0.278814205 0.721185795
A:/rcrccrcf: 0.000000000 0.836311623 0.163688377
A:/rcrccrfc: 0.000000000 0.203815837 0.796184163
A:/rcrccrff: 0.000000000 0.490539027 0.509460973
A:/rcrf: 0.712952679 0.287047321 0.000000000
A:/rcrfcrc: 0.000000000 0.780886357 0.219113643
A:/rcrfcrf: 0.000000000 0.560858673 0.439141327
A:/rcrr: 0.000000000 0.998485822 0.001514178
A:/rfcr: 0.624069282 0.375883669 0.000047049
A:/rfcrcrc: 0.000000000 0.595475676 0.404524324
A:/rfcrcrf: 0.000000000 0.343559119 0.656440881
A:/rffr: 0.646446178 0.332146217 0.021407606
A:/rfrc: 0.662231019 0.222889201 0.114879779
A:/rfrf: 0.434083940 0.346857061 0.219058999
A:/rfrr: 0.000000000 0.248279696 0.751720304
A:/rrcc: 0.488596541 0.160969612 0.350433848
A:/rrcf: 0.554784609 0.445140118 0.000075272
A:/rrcr: 0.000000000 0.886971128 0.113028872
A:/rrfc: 0.403096393 0.471877749 0.125025858
A:/rrff: 0.307503817 0.479166420 0.213329763
A:/rrfr: 0.000000000 0.743466516 0.256533484
A:/rrrc: 0.000000000 0.416112079 0.583887921
A:/rrrf: 0.000000000 0.439041222 0.560958778
J:/: 0.996462077 0.003537923 0.000000000
J:/cccr: 0.000151689 0.000019781 0.999828530
J:/cccrccrc: 0.000019531 0.029267123 0.970713346
J:/cccrccrccrcc: 0.000000000 0.479365145 0.520634855
J:/cccrccrccrcf: 0.000000000 0.592167441 0.407832559
J:/cccrccrccrfc: 0.000000000 0.457568966 0.542431034
J:/cccrccrccrff: 0.000000000 0.366043719 0.633956281
J:/cccrccrf: 0.105720429 0.392254334 0.502025237
J:/cccrccrfcrc: 0.000000000 0.297861077 0.702138923
J:/cccrccrfcrf: 0.000000000 0.611679529 0.388320471
J:/cccrccrr: 0.000000000 0.230090029 0.769909971
J:/cccrcfrc: 0.074444186 0.158134941 0.767420873
J:/cccrcfrf: 0.121331815 0.800313533 0.078354652
J:/cccrcfrr: 0.000000000 0.446468456 0.553531544
J:/cccrcrcc: 0.000015356 0.219261846 0.780722797
J:/cccrcrcf: 0.251182083 0.368817092 0.380000825
J:/cccrcrcr: 0.000000000 0.457643258 0.542356742
J:/cccrcrfc: 0.485630647 0.482990042 0.031379312
J:/cccrcrff: 0.654380861 0.175565522 0.170053617
J:/cccrcrfr: 0.000000000 0.648806956 0.351193044
J:/cccrcrrc: 0.000000000 0.000000000 1.000000000
J:/cccrcrrf: 0.000000000 0.842751442 0.157248558
J:/cccrrccr: 0.000000000 0.416953415 0.583046585
J:/cccrrcfr: 0.000000000 0.763553767 0.236446233
J:/cccrrcrc: 0.000000000 0.235663644 0.764336356
J:/cccrrcrf: 0.000000000 0.746915610 0.253084390
J:/cccrrfcr: 0.000000000 0.868545721 0.131454279
J:/cccrrffr: 0.000000000 0.372623745 0.627376255
J:/cccrrfrc: 0.000000000 0.194824738 0.805175262
J:/cccrrfrf: 0.000000000 0.192227229 0.807772771
J:/cccrrrcc: 0.000000000 0.105558536 0.894441464
J:/cccrrrcf: 0.000000000 0.230564298 0.769435702
J:/cccrrrfc: 0.000000000 0.652177812 0.347822188
J:/cccrrrff: 0.000000000 0.348639078 0.651360922
J:/ccrc: 0.000158907 0.040113833 0.959727261
J:/ccrccrcc: 0.561887989 0.236029778 0.202082233
J:/ccrccrcf: 0.362516818 0.458423958 0.179059223
J:/ccrccrcr: 0.000000000 0.003445387 0.996554613
J:/ccrccrfc: 0.508007770 0.015189436 0.476802794
J:/ccrccrff: 0.650813513 0.000000000 0.349186487
J:/ccrccrfr: 0.000000000 0.565414383 0.434585617
J:/ccrccrrc: 0.000000000 0.143554942 0.856445058
J:/ccrccrrf: 0.000000000 0.965462083 0.034537917
J:/ccrcrccr: 0.000000000 0.846348922 0.153651078
J:/ccrcrcfr: 0.000000000 0.422137037 0.577862963
J:/ccrcrcrc: 0.000000000 0.416151121 0.583848879
J:/ccrcrcrf: 0.000000000 0.660991015 0.339008985
J:/ccrcrfcr: 0.000000000 0.596836970 0.403163030
J:/ccrcrffr: 0.000000000 0.351139064 0.648860936
J:/ccrcrfrc: 0.000000000 0.892389429 0.107610571
J:/ccrcrfrf: 0.000000000 0.423888081 0.576111919
J:/ccrcrrcc: 0.000000000 0.300381719 0.699618281
J:/ccrcrrcf: 0.000000000 0.450123894 0.549876106
J:/ccrcrrfc: 0.000000000 0.074649142 0.925350858
J:/ccrcrrff: 0.000000000 0.397572182 0.602427818
J:/ccrf: 0.000000000 0.677792821 0.322207179
J:/ccrfcrc: 0.000000000 0.457571449 0.542428551
J:/ccrfcrf: 0.399558205 0.069098312 0.531343483
J:/ccrfcrr: 0.000000000 0.191379958 0.808620042
J:/ccrfrcr: 0.000000000 0.462718761 0.537281239
J:/ccrfrfr: 0.000000000 0.462781806 0.537218194
J:/ccrfrrc: 0.000000000 0.011464194 0.988535806
J:/ccrfrrf: 0.000000000 0.628668557 0.371331443
J:/ccrr: 0.057627694 0.000000000 0.942372306
J:/ccrrccrc: 0.000000000 0.928819027 0.071180973
J:/ccrrccrf: 0.000000000 0.581947899 0.418052101
J:/ccrrcfrc: 0.000000000 0.403675879 0.596324121
J:/ccrrcfrf: 0.000000000 0.860834894 0.139165106
J:/ccrrcrcc: 0.000000000 0.000013130 0.999986870
J:/ccrrcrcf: 0.000000000 0.475383576 0.524616424
J:/ccrrcrfc: 0.000000000 0.808612883 0.191387117
J:/ccrrcrff: 0.000000000 0.058422133 0.941577867
J:/crcc: 0.000000000 0.000000000 1.000000000
J:/crccrccr: 0.000000000 0.112498843 0.887501157
J:/crccrcfr: 0.000000000 0.000000000 1.000000000
J:/crccrcrc: 0.000000000 0.527111999 0.472888001
J:/crccrcrf: 0.000000000 0.912118757 0.087881243
J:/crccrfcr: 0.000000000 0.231423222 0.768576778
J:/crccrffr: 0.000000000 0.425507745 0.574492255
J:/crccrfrc: 0.000000000 0.464175410 0.535824590
J:/crccrfrf: 0.000000000 0.726365499 0.273634501
J:/crccrrcc: 0.000000000 0.275410325 0.724589675
J:/crccrrcf: 0.000000000 0.351813603 0.648186397
J:/crccrrfc: 0.000000000 0.430855325 0.569144675
J:/crccrrff: 0.000000000 0.673035147 0.326964853
J:/crcf: 0.079991560 0.000000000 0.920008440
J:/crcfrcr: 0.000000000 0.755866819 0.244133181
J:/crcfrfr: 0.000000000 0.955860142 0.044139858
J:/crcfrrc: 0.000000000 0.000000000 1.000000000
J:/crcfrrf: 0.000000000 0.000000000 1.000000000
J:/crcr: 0.000803332 0.000000000 0.999196668
J:/crcrccrc: 0.000000000 0.184747617 0.815252383
J:/crcrccrf: 0.000000000 0.502335626 0.497664374
J:/crcrcfrc: 0.000000000 0.324726784 0.675273216
J:/crcrcfrf: 0.000000000 0.349335918 0.650664082
J:/crcrcrcc: 0.000000000 0.172853383 0.827146617
J:/crcrcrcf: 0.000000000 0.206171519 0.793828481
J:/crcrcrfc: 0.000000000 0.142239685 0.857760315
J:/crcrcrff: 0.000000000 0.723745146 0.276254854
J:/crfc: 0.060349100 0.080249390 0.859401510
J:/crfcrcr: 0.000000000 0.651984799 0.348015201
J:/crfcrfr: 0.000000000 0.637006302 0.362993698
J:/crfcrrc: 0.000000000 0.310525433 0.689474567
J:/crfcrrf: 0.000000000 0.135755874 0.864244126
J:/crff: 0.002852214 0.509064407 0.488083379
J:/crffrr: 0.000000000 0.570992605 0.429007395
J:/crfr: 0.089256333 0.000000000 0.910743667
J:/crfrcrc: 0.000000000 0.770988859 0.229011141
J:/crfrcrf: 0.000000000 0.610470450 0.389529550
J:/crrc: 0.000000000 1.000000000 0.000000000
J:/crrccrcc: 0.000000000 0.596891474 0.403108526
J:/crrccrcf: 0.000000000 0.280974887 0.719025113
J:/crrccrfc: 0.000000000 0.412942273 0.587057727
J:/crrccrff: 0.000000000 0.678968779 0.321031221
J:/crrf: 0.000395419 0.185601003 0.814003578
J:/crrfcrc: 0.000000000 0.111872663 0.888127337
J:/crrfcrf: 0.000000000 0.171214651 0.828785349
J:/crrr: 0.000000000 1.000000000 0.000000000
J:/rccr: 0.711631342 0.000000253 0.288368405
J:/rccrccrc: 0.000000000 0.521782449 0.478217551
J:/rccrccrf: 0.000000000 0.260295542 0.739704458
J:/rccrcfrc: 0.000000000 0.830471019 0.169528981
J:/rccrcfrf: 0.000000000 0.527307981 0.472692019
J:/rccrcrcc: 0.000000000 0.104569603 0.895430397
J:/rccrcrcf: 0.000000000 0.764456618 0.235543382
J:/rccrcrfc: 0.000000000 0.594232276 0.405767724
J:/rccrcrff: 0.000000000 0.262306387 0.737693613
J:/rcfr: 0.000000000 0.000062999 0.999937001
J:/rcfrcrc: 0.000000000 0.000000000 1.000000000
J:/rcfrcrf: 0.000000000 0.755569555 0.244430445
J:/rcrc: 0.000000000 0.343291686 0.656708314
J:/rcrccrcc: 0.000000000 0.942942356 0.057057644
J:/rcrccrcf: 0.000000000 0.782551374 0.217448626
J:/rcrccrfc: 0.000000000 0.747566644 0.252433356
J:/rcrccrff: 0.000000000 0.045449704 0.954550296
J:/rcrf: 0.193802368 0.806197632 0.000000000
J:/rcrfcrc: 0.000000000 0.564033886 0.435966114
J:/rcrfcrf: 0.000000000 0.252840072 0.747159928
J:/rcrr: 0.000000000 0.190948308 0.809051692
J:/rfcr: 0.444374950 0.015699256 0.539925794
J:/rfcrcrc: 0.000000000 0.525785161 0.474214839
J:/rfcrcrf: 0.000000000 0.380174804 0.619825196
J:/rffr: 0.263683726 0.116542431 0.619773843
J:/rfrc: 0.122247780 0.414559498 0.463192722
J:/rfrf: 0.120889585 0.767060424 0.112049991
J:/rfrr: 0.000000000 0.513462220 0.486537780
J:/rrcc: 0.000000000 0.463173063 0.536826937
J:/rrcf: 0.532079372 0.225312983 0.242607645
J:/rrcr: 0.000000000 0.438488497 0.561511503
J:/rrfc: 0.000000000 0.062657071 0.937342929
J:/rrff: 0.422539666 0.392153462 0.185306872
J:/rrfr: 0.000000000 0.000000000 1.000000000
J:/rrrc: 0.000000000 0.516671010 0.483328990
J:/rrrf: 0.000000000 0.653009634 0.346990366
K:/: 0.997740194 0.002259806 0.000000000
K:/cccr: 0.574413822 0.425586178 0.000000000
K:/cccrccrc: 0.495728330 0.392491648 0.111780022
K:/cccrccrccrcc: 0.000000000 0.481939751 0.518060249
K:/cccrccrccrcf: 0.000000000 0.123265796 0.876734204
K:/cccrccrccrfc: 0.000000000 0.840910204 0.159089796
K:/cccrccrccrff: 0.000000000 0.041470904 0.958529096
K:/cccrccrf: 0.462635541 0.293629383 0.243735076
K:/cccrccrfcrc: 0.000000000 0.576826906 0.423173094
K:/cccrccrfcrf: 0.000000000 0.957688418 0.042311582
K:/cccrccrr: 0.000000000 0.761350748 0.238649252
K:/cccrcfrc: 0.333879618 0.301969232 0.364151150
K:/cccrcfrf: 0.092016508 0.706961631 0.201021862
K:/cccrcfrr: 0.000000000 0.150858778 0.849141222
K:/cccrcrcc: 0.383899028 0.439313967 0.176787005
K:/cccrcrcf: 0.366476826 0.379804740 0.253718434
K:/cccrcrcr: 0.000000000 0.400842650 0.599157350
K:/cccrcrfc: 0.252815136 0.521479451 0.225705414
K:/cccrcrff: 0.476465980 0.401090536 0.122443484
K:/cccrcrfr: 0.000000000 0.394845025 0.605154975
K:/cccrcrrc: 0.000000000 0.509983403 0.490016597
K:/cccrcrrf: 0.000000000 0.886225125 0.113774875
K:/cccrrccr: 0.000000000 0.777925655 0.222074345
K:/cccrrcfr: 0.000000000 0.665076845 0.334923155
K:/cccrrcrc: 0.000000000 0.162210588 0.837789412
K:/cccrrcrf: 0.000000000 0.313665391 0.686334609
K:/cccrrfcr: 0.000000000 1.000000000 0.000000000
K:/cccrrffr: 0.000000000 1.000000000 0.000000000
K:/cccrrfrc: 0.000000000 0.819595000 0.180405000
K:/cccrrfrf: 0.000000000 0.729374072 0.270625928
K:/cccrrrcc: 0.000000000 0.476386907 0.523613093
K:/cccrrrcf: 0.000000000 0.603069995 0.396930005
K:/cccrrrfc: 0.000000000 0.405473858 0.594526142
K:/cccrrrff: 0.000000000 0.652844604 0.347155396
K:/ccrc: 0.999950914 0.000000000 0.000049086
K:/ccrccrcc: 0.000000000 0.599606011 0.400393989
K:/ccrccrcf: 0.413038015 0.344331345 0.242630640
K:/ccrccrcr: 0.000000000 0.490930075 0.509069925
K:/ccrccrfc: 0.331822364 0.347979173 0.320198463
K:/ccrccrff: 0.234731828 0.765268172 0.000000000
K:/ccrccrfr: 0.000000000 0.711566747 0.288433253
K:/ccrccrrc: 0.000000000 0.377080249 0.622919751
K:/ccrccrrf: 0.000000000 0.821100969 0.178899031
K:/ccrcrccr: 0.000000000 0.286241778 0.713758222
K:/ccrcrcfr: 0.000000000 0.644665038 0.355334962
K:/ccrcrcrc: 0.000000000 0.555477451 0.444522549
K:/ccrcrcrf: 0.000000000 0.538948647 0.461051353
K:/ccrcrfcr: 0.000000000 0.545075088 0.454924912
K:/ccrcrffr: 0.000000000 0.463489568 0.536510432
K:/ccrcrfrc: 0.000000000 0.433914494 0.566085506
K:/ccrcrfrf: 0.000000000 0.493343435 0.506656565
K:/ccrcrrcc: 0.000000000 0.505425097 0.494574903
K:/ccrcrrcf: 0.000000000 0.798777993 0.201222007
K:/ccrcrrfc: 0.000000000 0.577100955 0.422899045
K:/ccrcrrff: 0.000000000 0.999847100 0.000152900
K:/ccrf: 0.000000000 0.460619609 0.539380391
K:/ccrfcrc: 0.000117061 0.464846648 0.535036290
K:/ccrfcrf: 0.512977444 0.333297096 0.153725460
K:/ccrfcrr: 0.000000000 0.776262777 0.223737223
K:/ccrfrcr: 0.000000000 0.374877780 0.625122220
K:/ccrfrfr: 0.000000000 0.112016804 0.887983196
K:/ccrfrrc: 0.000000000 0.517456051 0.482543949
K:/ccrfrrf: 0.000000000 0.000000000 1.000000000
K:/ccrr: 0.331394486 0.357816282 0.310789232
K:/ccrrccrc: 0.000000000 0.999715160 0.000284840
K:/ccrrccrf: 0.000000000 0.617094717 0.382905283
K:/ccrrcfrc: 0.000000000 0.734799005 0.265200995
K:/ccrrcfrf: 0.000000000 0.519307925 0.480692075
K:/ccrrcrcc: 0.000000000 0.106911489 0.893088511
K:/ccrrcrcf: 0.000000000 0.586889357 0.413110643
K:/ccrrcrfc: 0.000000000 0.263081773 0.736918227
K:/ccrrcrff: 0.000000000 0.818631339 0.181368661
K:/crcc: 0.000178671 0.213766140 0.786055189
K:/crccrccr: 0.000000000 0.857742960 0.142257040
K:/crccrcfr: 0.000000000 0.428465054 0.571534946
K:/crccrcrc: 0.000000000 0.496461471 0.503538529
K:/crccrcrf: 0.000000000 0.625882513 0.374117487
K:/crccrfcr: 0.000000000 0.326723847 0.673276153
K:/crccrffr: 0.000000000 0.093659973 0.906340027
K:/crccrfrc: 0.000000000 0.405754207 0.594245793
K:/crccrfrf: 0.000000000 0.509884183 0.490115817
K:/crccrrcc: 0.000000000 0.004475523 0.995524477
K:/crccrrcf: 0.000000000 1.000000000 0.000000000
K:/crccrrfc: 0.000000000 0.000009615 0.999990385
K:/crccrrff: 0.000000000 0.844274946 0.155725054
K:/crcf: 0.000000000 1.000000000 0.000000000
K:/crcfrcr: 0.000000000 0.292820504 0.707179496
K:/crcfrfr: 0.000000000 0.463443937 0.536556063
K:/crcfrrc: 0.000000000 0.000000000 1.000000000
K:/crcfrrf: 0.000000000 0.554966363 0.445033637
K:/crcr: 0.228627090 0.266603290 0.504769620
K:/crcrccrc: 0.000000000 0.395900342 0.604099658
K:/crcrccrf: 0.000000000 0.513216310 0.486783690
K:/crcrcfrc: 0.000000000 0.785278004 0.214721996
K:/crcrcfrf: 0.000000000 0.583698457 0.416301543
K:/crcrcrcc: 0.000000000 0.195011932 0.804988068
K:/crcrcrcf: 0.000000000 0.511707333 0.488292667
K:/crcrcrfc: 0.000000000 0.293719432 0.706280568
K:/crcrcrff: 0.000000000 0.591261155 0.408738845
K:/crfc: 0.600311023 0.399688977 0.000000000
K:/crfcrcr: 0.000000000 1.000000000 0.000000000
K:/crfcrfr: 0.000000000 1.000000000 0.000000000
K:/crfcrrc: 0.000000000 0.895940480 0.104059520
K:/crfcrrf: 0.000000000 1.000000000 0.000000000
K:/crff: 0.875001333 0.124828304 0.000170363
K:/crffrr: 0.000000000 0.999909045 0.000090955
K:/crfr: 0.893647351 0.106352649 0.000000000
K:/crfrcrc: 0.000000000 0.833789444 0.166210556
K:/crfrcrf: 0.000000000 0.781553163 0.218446837
K:/crrc: 1.000000000 0.000000000 0.000000000
K:/crrccrcc: 0.000000000 0.201373674 0.798626326
K:/crrccrcf: 0.000000000 0.983091233 0.016908767
K:/crrccrfc: 0.000000000 0.818944464 0.181055536
K:/crrccrff: 0.000000000 0.732990446 0.267009554
K:/crrf: 0.024403251 0.974532519 0.001064230
K:/crrfcrc: 0.000000000 0.565641042 0.434358958
K:/crrfcrf: 0.000000000 0.972202296 0.027797704
K:/crrr: 0.000000000 1.000000000 0.000000000
K:/rccr: 0.642419251 0.219642081 0.137938669
K:/rccrccrc: 0.000000000 0.374900521 0.625099479
K:/rccrccrf: 0.000000000 0.237104888 0.762895112
K:/rccrcfrc: 0.000000000 0.887731938 0.112268062
K:/rccrcfrf: 0.000000000 0.444491631 0.555508369
K:/rccrcrcc: 0.000000000 0.362373394 0.637626606
K:/rccrcrcf: 0.000000000 0.429290513 0.570709487
K:/rccrcrfc: 0.000000000 0.452370581 0.547629419
K:/rccrcrff: 0.000000000 0.665789588 0.334210412
K:/rcfr: 0.000506945 0.001292805 0.998200249
K:/rcfrcrc: 0.000000000 0.000000000 1.000000000
K:/rcfrcrf: 0.000000000 1.000000000 0.000000000
K:/rcrc: 0.058852093 0.920061072 0.021086836
K:/rcrccrcc: 0.000000000 0.513206712 0.486793288
K:/rcrccrcf: 0.000000000 0.999999968 0.000000032
K:/rcrccrfc: 0.000000000 0.454453522 0.545546478
K:/rcrccrff: 0.000000000 0.552639901 0.447360099
K:/rcrf: 0.419515797 0.580480013 0.000004191
K:/rcrfcrc: 0.000000000 0.508566634 0.491433366
K:/rcrfcrf: 0.000000000 0.857413884 0.142586116
K:/rcrr: 0.000000000 0.498918291 0.501081709
K:/rfcr: 0.127844992 0.461314142 0.410840866
K:/rfcrcrc: 0.000000000 0.480692168 0.519307832
K:/rfcrcrf: 0.000000000 0.655389277 0.344610723
K:/rffr: 0.563061025 0.070610874 0.366328101
K:/rfrc: 0.259780307 0.210640929 0.529578765
K:/rfrf: 0.656483306 0.235643464 0.107873230
K:/rfrr: 0.000000000 0.779807868 0.220192132
K:/rrcc: 0.383022172 0.330757375 0.286220454
K:/rrcf: 0.340003343 0.657160672 0.002835985
K:/rrcr: 0.000000000 0.728009572 0.271990428
K:/rrfc: 0.000000000 0.000000000 1.000000000
K:/rrff: 0.071614018 0.630883196 0.297502786
K:/rrfr: 0.000000000 0.000037945 0.999962055
K:/rrrc: 0.000000000 0.469095254 0.530904746
K:/rrrf: 0.000000000 0.999999897 0.000000103
Q:/: 0.997187823 0.002812177 0.000000000
Q:/cccr: 0.416615287 0.518778248 0.064606465
Q:/cccrccrc: 0.209862767 0.511361592 0.278775640
Q:/cccrccrccrcc: 0.000000000 0.518394921 0.481605079
Q:/cccrccrccrcf: 0.000000000 0.505776832 0.494223168
Q:/cccrccrccrfc: 0.000000000 0.563569439 0.436430561
Q:/cccrccrccrff: 0.000000000 0.608268564 0.391731436
Q:/cccrccrf: 0.047392509 0.389461111 0.563146380
Q:/cccrccrfcrc: 0.000000000 0.379093075 0.620906925
Q:/cccrccrfcrf: 0.000000000 0.288286988 0.711713012
Q:/cccrccrr: 0.000000000 0.569892708 0.430107292
Q:/cccrcfrc: 0.088846865 0.472723498 0.438429637
Q:/cccrcfrf: 0.447551002 0.349452180 0.202996818
Q:/cccrcfrr: 0.000000000 0.127421512 0.872578488
Q:/cccrcrcc: 0.552096429 0.265493919 0.182409652
Q:/cccrcrcf: 0.301099830 0.399407062 0.299493108
Q:/cccrcrcr: 0.000000000 0.484017819 0.515982181
Q:/cccrcrfc: 0.415671750 0.377585792 0.206742458
Q:/cccrcrff: 0.332633147 0.062327667 0.605039187
Q:/cccrcrfr: 0.000000000 0.601100197 0.398899803
Q:/cccrcrrc: 0.000000000 0.718124972 0.281875028
Q:/cccrcrrf: 0.000000000 0.405658158 0.594341842
Q:/cccrrccr: 0.000000000 0.588948589 0.411051411
Q:/cccrrcfr: 0.000000000 0.133430730 0.866569270
Q:/cccrrcrc: 0.000000000 0.338127993 0.661872007
Q:/cccrrcrf: 0.000000000 0.047839056 0.952160944
Q:/cccrrfcr: 0.000000000 1.000000000 0.000000000
Q:/cccrrffr: 0.000000000 0.367941460 0.632058540
Q:/cccrrfrc: 0.000000000 0.860504252 0.139495748
Q:/cccrrfrf: 0.000000000 0.613780434 0.386219566
Q:/cccrrrcc: 0.000000000 0.377360691 0.622639309
Q:/cccrrrcf: 0.000000000 0.390041012 0.609958988
Q:/cccrrrfc: 0.000000000 0.443690608 0.556309392
Q:/cccrrrff: 0.000000000 0.443745354 0.556254646
Q:/ccrc: 0.034215309 0.000000000 0.965784691
Q:/ccrccrcc: 0.000000000 0.470846520 0.529153480
Q:/ccrccrcf: 0.203296449 0.580399026 0.216304525
Q:/ccrccrcr: 0.000000000 0.677906611 0.322093389
Q:/ccrccrfc: 0.484906912 0.219904255 0.295188833
Q:/ccrccrff: 0.561741632 0.438258368 0.000000000
Q:/ccrccrfr: 0.000000000 0.721782429 0.278217571
Q:/ccrccrrc: 0.000000000 0.633845370 0.366154630
Q:/ccrccrrf: 0.000000000 0.851489056 0.148510944
Q:/ccrcrccr: 0.000000000 0.265813018 0.734186982
Q:/ccrcrcfr: 0.000000000 0.752041138 0.247958862
Q:/ccrcrcrc: 0.000000000 0.900067775 0.099932225
Q:/ccrcrcrf: 0.000000000 0.899305798 0.100694202
Q:/ccrcrfcr: 0.000000000 0.246957907 0.753042093
Q:/ccrcrffr: 0.000000000 0.952869300 0.047130700
Q:/ccrcrfrc: 0.000000000 0.006459610 0.993540390
Q:/ccrcrfrf: 0.000000000 0.517787544 0.482212456
Q:/ccrcrrcc: 0.000000000 0.804090517 0.195909483
Q:/ccrcrrcf: 0.000000000 0.170797791 0.829202209
Q:/ccrcrrfc: 0.000000000 0.726726649 0.273273351
Q:/ccrcrrff: 0.000000000 0.230951579 0.769048421
Q:/ccrf: 0.000139043 0.996734071 0.003126886
Q:/ccrfcrc: 0.000059938 0.612986804 0.386953258
Q:/ccrfcrf: 0.371395371 0.178009607 0.450595022
Q:/ccrfcrr: 0.000000000 0.342828398 0.657171602
Q:/ccrfrcr: 0.000000000 0.536762956 0.463237044
Q:/ccrfrfr: 0.000000000 0.321852489 0.678147511
Q:/ccrfrrc: 0.000000000 0.190133580 0.809866420
Q:/ccrfrrf: 0.000000000 0.222486949 0.777513051
Q:/ccrr: 0.000971018 0.000000000 0.999028982
Q:/ccrrccrc: 0.000000000 0.264330352 0.735669648
Q:/ccrrccrf: 0.000000000 0.518755744 0.481244256
Q:/ccrrcfrc: 0.000000000 0.460776365 0.539223635
Q:/ccrrcfrf: 0.000000000 0.941958869 0.058041131
Q:/ccrrcrcc: 0.000000000 0.204997854 0.795002146
Q:/ccrrcrcf: 0.000000000 0.068394587 0.931605413
Q:/ccrrcrfc: 0.000000000 0.755262628 0.244737372
Q:/ccrrcrff: 0.000000000 0.586609364 0.413390636
Q:/crcc: 0.000018275 0.104951229 0.895030496
Q:/crccrccr: 0.000000000 0.675707043 0.324292957
Q:/crccrcfr: 0.000000000 0.372228687 0.627771313
Q:/crccrcrc: 0.000000000 0.509870496 0.490129504
Q:/crccrcrf: 0.000000000 0.756955094 0.243044906
Q:/crccrfcr: 0.000000000 0.573435413 0.426564587
Q:/crccrffr: 0.000000000 0.555958800 0.444041200
Q:/crccrfrc: 0.000000000 0.351720101 0.648279899
Q:/crccrfrf: 0.000000000 0.942947125 0.057052875
Q:/crccrrcc: 0.000000000 0.000000000 1.000000000
Q:/crccrrcf: 0.000000000 0.833376979 0.166623021
Q:/crccrrfc: 0.000000000 0.519743763 0.480256237
Q:/crccrrff: 0.000000000 0.739403251 0.260596749
Q:/crcf: 0.002034993 0.000192812 0.997772196
Q:/crcfrcr: 0.000000000 0.999966908 0.000033092
Q:/crcfrfr: 0.000000000 0.489881258 0.510118742
Q:/crcfrrc: 0.000000000 0.000000000 1.000000000
Q:/crcfrrf: 0.000000000 0.624510106 0.375489894
Q:/crcr: 0.036648400 0.000000000 0.963351600
Q:/crcrccrc: 0.000000000 0.564407256 0.435592744
Q:/crcrccrf: 0.000000000 0.923030257 0.076969743
Q:/crcrcfrc: 0.000000000 0.506814292 0.493185708
Q:/crcrcfrf: 0.000000000 0.583298029 0.416701971
Q:/crcrcrcc: 0.000000000 0.215464836 0.784535164
Q:/crcrcrcf: 0.000000000 0.544426536 0.455573464
Q:/crcrcrfc: 0.000000000 0.119260173 0.880739827
Q:/crcrcrff: 0.000000000 0.577796403 0.422203597
Q:/crfc: 0.811799958 0.188200042 0.000000000
Q:/crfcrcr: 0.000000000 0.645413926 0.354586074
Q:/crfcrfr: 0.000000000 0.752763339 0.247236661
Q:/crfcrrc: 0.000000000 0.619836625 0.380163375
Q:/crfcrrf: 0.000000000 0.945973803 0.054026197
Q:/crff: 0.000000000 0.999987229 0.000012771
Q:/crffrr: 0.000000000 0.999980668 0.000019332
Q:/crfr: 0.756319642 0.159905433 0.083774924
Q:/crfrcrc: 0.000000000 0.973219184 0.026780816
Q:/crfrcrf: 0.000000000 0.491607104 0.508392896
Q:/crrc: 0.328681808 0.237393131 0.433925061
Q:/crrccrcc: 0.000000000 0.342381891 0.657618109
Q:/crrccrcf: 0.000000000 0.283116860 0.716883140
Q:/crrccrfc: 0.000000000 0.447915771 0.552084229
Q:/crrccrff: 0.000000000 0.256350280 0.743649720
Q:/crrf: 0.000527025 0.105570425 0.893902550
Q:/crrfcrc: 0.000000000 0.563054397 0.436945603
Q:/crrfcrf: 0.000000000 0.072204434 0.927795566
Q:/crrr: 0.000000000 0.612759146 0.387240854
Q:/rccr: 0.521155434 0.000001023 0.478843543
Q:/rccrccrc: 0.000000000 0.924537093 0.075462907
Q:/rccrccrf: 0.000000000 0.524430462 0.475569538
Q:/rccrcfrc: 0.000000000 0.453993358 0.546006642
Q:/rccrcfrf: 0.000000000 0.663837176 0.336162824
Q:/rccrcrcc: 0.000000000 0.492341049 0.507658951
Q:/rccrcrcf: 0.000000000 0.507167510 0.492832490
Q:/rccrcrfc: 0.000000000 0.495342578 0.504657422
Q:/rccrcrff: 0.000000000 0.531735120 0.468264880
Q:/rcfr: 0.000000000 0.000798917 0.999201083
Q:/rcfrcrc: 0.000000000 0.000000000 1.000000000
Q:/rcfrcrf: 0.000000000 1.000000000 0.000000000
Q:/rcrc: 0.000000000 0.686554116 0.313445884
Q:/rcrccrcc: 0.000000000 0.255285513 0.744714487
Q:/rcrccrcf: 0.000000000 0.580520755 0.419479245
Q:/rcrccrfc: 0.000000000 0.273472000 0.726528000
Q:/rcrccrff: 0.000000000 0.020100120 0.979899880
Q:/rcrf: 0.372124023 0.627875977 0.000000000
Q:/rcrfcrc: 0.000000000 0.811977879 0.188022121
Q:/rcrfcrf: 0.000000000 0.832483650 0.167516350
Q:/rcrr: 0.000000000 0.000000000 1.000000000
Q:/rfcr: 0.382425004 0.407331426 0.210243570
Q:/rfcrcrc: 0.000000000 0.371756224 0.628243776
Q:/rfcrcrf: 0.000000000 0.402308749 0.597691251
Q:/rffr: 0.746610482 0.036663149 0.216726370
Q:/rfrc: 0.275402878 0.596682843 0.127914279
Q:/rfrf: 0.531242742 0.352353756 0.116403502
Q:/rfrr: 0.000000000 0.836494440 0.163505560
Q:/rrcc: 0.103922621 0.302654581 0.593422798
Q:/rrcf: 0.223514148 0.382214580 0.394271272
Q:/rrcr: 0.000000000 0.351660570 0.648339430
Q:/rrfc: 0.000000000 0.000000000 1.000000000
Q:/rrff: 0.584999471 0.120916942 0.294083587
Q:/rrfr: 0.000000000 0.000000000 1.000000000
Q:/rrrc: 0.000000000 0.861685876 0.138314124
Q:/rrrf: 0.000000000 0.105468835 0.894531165
T:/: 0.996775395 0.003224605 0.000000000
T:/cccr: 0.000000000 0.169746839 0.830253161
T:/cccrccrc: 0.277510816 0.475612492 0.246876693
T:/cccrccrccrcc: 0.000000000 0.903982736 0.096017264
T:/cccrccrccrcf: 0.000000000 0.877992951 0.122007049
T:/cccrccrccrfc: 0.000000000 0.784578125 0.215421875
T:/cccrccrccrff: 0.000000000 0.654079949 0.345920051
T:/cccrccrf: 0.002764451 0.766665175 0.230570374
T:/cccrccrfcrc: 0.000000000 0.499873856 0.500126144
T:/cccrccrfcrf: 0.000000000 0.752792055 0.247207945
T:/cccrccrr: 0.000000000 0.948295967 0.051704033
T:/cccrcfrc: 0.021130193 0.404984508 0.573885298
T:/cccrcfrf: 0.101684624 0.410308864 0.488006512
T:/cccrcfrr: 0.000000000 0.448251756 0.551748244
T:/cccrcrcc: 0.102650824 0.371725629 0.525623547
T:/cccrcrcf: 0.270208098 0.298317848 0.431474054
T:/cccrcrcr: 0.000000000 0.373793763 0.626206237
T:/cccrcrfc: 0.617409465 0.187205126 0.195385409
T:/cccrcrff: 0.692437505 0.104843069 0.202719426
T:/cccrcrfr: 0.000000000 0.851596656 0.148403344
T:/cccrcrrc: 0.000000000 0.490401417 0.509598583
T:/cccrcrrf: 0.000000000 0.742190905 0.257809095
T:/cccrrccr: 0.000000000 0.076471915 0.923528085
T:/cccrrcfr: 0.000000000 0.400834933 0.599165067
T:/cccrrcrc: 0.000000000 0.111437003 0.888562997
T:/cccrrcrf: 0.000000000 0.114855999 0.885144001
T:/cccrrfcr: 0.000000000 1.000000000 0.000000000
T:/cccrrffr: 0.000000000 0.354630504 0.645369496
T:/cccrrfrc: 0.000000000 0.747525160 0.252474840
T:/cccrrfrf: 0.000000000 0.067923307 0.932076693
T:/cccrrrcc: 0.000000000 0.518174029 0.481825971
T:/cccrrrcf: 0.000000000 0.494170217 0.505829783
T:/cccrrrfc: 0.000000000 0.455849771 0.544150229
T:/cccrrrff: 0.000000000 0.282059375 0.717940625
T:/ccrc: 0.000146934 0.941548002 0.058305064
T:/ccrccrcc: 0.535965254 0.163873387 0.300161358
T:/ccrccrcf: 0.442780021 0.416821496 0.140398482
T:/ccrccrcr: 0.000000000 0.450336773 0.549663227
T:/ccrccrfc: 0.631068804 0.167817075 0.201114121
T:/ccrccrff: 1.000000000 0.000000000 0.000000000
T:/ccrccrfr: 0.000000000 0.000000000 1.000000000
T:/ccrccrrc: 0.000000000 0.461120927 0.538879073
T:/ccrccrrf: 0.000000000 0.823492371 0.176507629
T:/ccrcrccr: 0.000000000 0.029127874 0.970872126
T:/ccrcrcfr: 0.000000000 0.934109811 0.065890189
T:/ccrcrcrc: 0.000000000 0.159416925 0.840583075
T:/ccrcrcrf: 0.000000000 0.381654128 0.618345872
T:/ccrcrfcr: 0.000000000 0.074168051 0.925831949
T:/ccrcrffr: 0.000000000 0.422431491 0.577568509
T:/ccrcrfrc: 0.000000000 0.805344849 0.194655151
T:/ccrcrfrf: 0.000000000 0.478976761 0.521023239
T:/ccrcrrcc: 0.000000000 0.611288189 0.388711811
T:/ccrcrrcf: 0.000000000 0.302414827 0.697585173
T:/ccrcrrfc: 0.000000000 0.035356929 0.964643071
T:/ccrcrrff: 0.000000000 0.524172200 0.475827800
T:/ccrf: 0.000000000 1.000000000 0.000000000
T:/ccrfcrc: 0.000000000 0.485678041 0.514321959
T:/ccrfcrf: 0.164853263 0.003548073 0.831598664
T:/ccrfcrr: 0.000000000 0.512392710 0.487607290
T:/ccrfrcr: 0.000000000 0.659645792 0.340354208
T:/ccrfrfr: 0.000000000 0.792288725 0.207711275
T:/ccrfrrc: 0.000000000 0.595006730 0.404993270
T:/ccrfrrf: 0.000000000 0.022964683 0.977035317
T:/ccrr: 0.000914807 0.000000000 0.999085193
T:/ccrrccrc: 0.000000000 0.631444647 0.368555353
T:/ccrrccrf: 0.000000000 0.115190306 0.884809694
T:/ccrrcfrc: 0.000000000 0.545720586 0.454279414
T:/ccrrcfrf: 0.000000000 0.306071625 0.693928375
T:/ccrrcrcc: 0.000000000 0.074402034 0.925597966
T:/ccrrcrcf: 0.000000000 0.684349942 0.315650058
T:/ccrrcrfc: 0.000000000 0.075773084 0.924226916
T:/ccrrcrff: 0.000000000 0.896523244 0.103476756
T:/crcc: 0.000000000 0.000000000 1.000000000
T:/crccrccr: 0.000000000 0.764650192 0.235349808
T:/crccrcfr: 0.000000000 0.120571429 0.879428571
T:/crccrcrc: 0.000000000 0.892093859 0.107906141
T:/crccrcrf: 0.000000000 0.505487884 0.494512116
T:/crccrfcr: 0.000000000 0.782114994 0.217885006
T:/crccrffr: 0.000000000 0.836876587 0.163123413
T:/crccrfrc: 0.000000000 0.426949755 0.573050245
T:/crccrfrf: 0.000000000 0.437191833 0.562808167
T:/crccrrcc: 0.000000000 0.410219127 0.589780873
T:/crccrrcf: 0.000000000 0.590305392 0.409694608
T:/crccrrfc: 0.000000000 0.622805253 0.377194747
T:/crccrrff: 0.000000000 0.804443385 0.195556615
T:/crcf: 0.000114977 0.000000000 0.999885023
T:/crcfrcr: 0.000000000 0.754613239 0.245386761
T:/crcfrfr: 0.000000000 0.678009741 0.321990259
T:/crcfrrc: 0.000000000 0.000000000 1.000000000
T:/crcfrrf: 0.000000000 0.456678405 0.543321595
T:/crcr: 0.000012880 0.000000000 0.999987120
T:/crcrccrc: 0.000000000 0.011363865 0.988636135
T:/crcrccrf: 0.000000000 1.000000000 0.000000000
T:/crcrcfrc: 0.000000000 0.671578707 0.328421293
T:/crcrcfrf: 0.000000000 0.233156874 0.766843126
T:/crcrcrcc: 0.000000000 0.177954671 0.822045329
T:/crcrcrcf: 0.000000000 0.408308257 0.591691743
T:/crcrcrfc: 0.000000000 0.000000000 1.000000000
T:/crcrcrff: 0.000000000 0.080661020 0.919338980
T:/crfc: 0.000000000 0.000000000 1.000000000
T:/crfcrcr: 0.000000000 0.376502864 0.623497136
T:/crfcrfr: 0.000000000 0.547067239 0.452932761
T:/crfcrrc: 0.000000000 0.421189460 0.578810540
T:/crfcrrf: 0.000000000 0.133907253 0.866092747
T:/crff: 0.120804723 0.000005803 0.879189474
T:/crffrr: 0.000000000 0.285310396 0.714689604
T:/crfr: 0.000000141 0.000000000 0.999999859
T:/crfrcrc: 0.000000000 0.627888813 0.372111187
T:/crfrcrf: 0.000000000 0.178640017 0.821359983
T:/crrc: 0.000132809 0.000000000 0.999867191
T:/crrccrcc: 0.000000000 0.000009838 0.999990162
T:/crrccrcf: 0.000000000 0.387044586 0.612955414
T:/crrccrfc: 0.000000000 0.529216024 0.470783976
T:/crrccrff: 0.000000000 0.828737478 0.171262522
T:/crrf: 0.001156218 0.210078461 0.788765321
T:/crrfcrc: 0.000000000 0.100346913 0.899653087
T:/crrfcrf: 0.000000000 0.000063636 0.999936364
T:/crrr: 0.000000000 0.000858374 0.999141626
T:/rccr: 0.312548177 0.000000043 0.687451780
T:/rccrccrc: 0.000000000 0.636948571 0.363051429
T:/rccrccrf: 0.000000000 0.598203023 0.401796977
T:/rccrcfrc: 0.000000000 0.538373285 0.461626715
T:/rccrcfrf: 0.000000000 0.775180517 0.224819483
T:/rccrcrcc: 0.000000000 0.547551940 0.452448060
T:/rccrcrcf: 0.000000000 0.276860015 0.723139985
T:/rccrcrfc: 0.000000000 0.766907218 0.233092782
T:/rccrcrff: 0.000000000 0.654667584 0.345332416
T:/rcfr: 0.000000000 0.000000000 1.000000000
T:/rcfrcrc: 0.000000000 0.000000000 1.000000000
T:/rcfrcrf: 0.000000000 0.505328201 0.494671799
T:/rcrc: 0.000000000 0.792774705 0.207225295
T:/rcrccrcc: 0.000000000 0.424471599 0.575528401
T:/rcrccrcf: 0.000000000 0.267733195 0.732266805
T:/rcrccrfc: 0.000000000 0.277311657 0.722688343
T:/rcrccrff: 0.000000000 0.155846142 0.844153858
T:/rcrf: 0.113917008 0.886082992 0.000000000
T:/rcrfcrc: 0.000000000 0.530869400 0.469130600
T:/rcrfcrf: 0.000000000 0.372754266 0.627245734
T:/rcrr: 0.000000000 0.147495373 0.852504627
T:/rfcr: 0.257706740 0.596989094 0.145304166
T:/rfcrcrc: 0.000000000 0.589703146 0.410296854
T:/rfcrcrf: 0.000000000 0.421436853 0.578563147
T:/rffr: 0.536570050 0.418416434 0.045013516
T:/rfrc: 0.528197810 0.385027094 0.086775096
T:/rfrf: 0.292754918 0.002006689 0.705238394
T:/rfrr: 0.000000000 0.242879520 0.757120480
T:/rrcc: 0.433241848 0.209805170 0.356952981
T:/rrcf: 0.362130096 0.374487400 0.263382504
T:/rrcr: 0.000000000 0.472459794 0.527540206
T:/rrfc: 0.000000000 0.125210634 0.874789366
T:/rrff: 0.002470797 0.281369008 0.716160195
T:/rrfr: 0.000000000 0.000000000 1.000000000
T:/rrrc: 0.000000000 0.379998133 0.620001867
T:/rrrf: 0.000000000 0.756414850 0.243585150
