A:/c: 0.503581752 0.496418248 0.000000000
A:/cccrc: 0.351539005 0.648460995 0.000000000
A:/cccrccrcc: 0.464357514 0.045114827 0.490527659
A:/cccrccrcf: 0.357580714 0.412055310 0.230363976
A:/cccrccrcr: 0.000000000 0.655667334 0.344332666
A:/cccrccrfc: 0.469176291 0.381428226 0.149395483
A:/cccrccrff: 0.404649868 0.114262790 0.481087342
A:/cccrccrfr: 0.000000000 0.159624577 0.840375423
A:/cccrccrrc: 0.000000000 0.439561732 0.560438268
A:/cccrccrrf: 0.000000000 0.548743494 0.451256506
A:/cccrcrccr: 0.000000000 0.966996293 0.033003707
A:/cccrcrcfr: 0.000000000 0.538569447 0.461430553
A:/cccrcrcrc: 0.000000000 0.159427256 0.840572744
A:/cccrcrcrf: 0.000000000 0.187239870 0.812760130
A:/cccrcrfcr: 0.000000000 0.726288798 0.273711202
A:/cccrcrffr: 0.000000000 0.466017962 0.533982038
A:/cccrcrfrc: 0.000000000 0.375386410 0.624613590
A:/cccrcrfrf: 0.000000000 0.734157800 0.265842200
A:/cccrcrrcc: 0.000000000 0.968511641 0.031488359
A:/cccrcrrcf: 0.000000000 0.568083120 0.431916880
A:/cccrcrrfc: 0.000000000 0.490141890 0.509858110
A:/cccrcrrff: 0.000000000 0.496726843 0.503273157
A:/cccrf: 0.163679937 0.664616548 0.171703514
A:/cccrfcrc: 0.229571735 0.436697499 0.333730766
A:/cccrfcrf: 0.131970037 0.433863198 0.434166766
A:/cccrfcrr: 0.000000000 0.654773978 0.345226022
A:/cccrfrcr: 0.000000000 0.424387185 0.575612815
A:/cccrfrfr: 0.000000000 0.489817692 0.510182308
A:/cccrfrrc: 0.000000000 1.000000000 0.000000000
A:/cccrfrrf: 0.000000000 0.696691262 0.303308738
A:/cccrr: 0.493408520 0.506591480 0.000000000
A:/cccrrccrc: 0.000000000 0.560094590 0.439905410
A:/cccrrccrf: 0.000000000 0.570783704 0.429216296
A:/cccrrcfrc: 0.000000000 0.580201425 0.419798575
A:/cccrrcfrf: 0.000000000 0.483578419 0.516421581
A:/cccrrcrcc: 0.000000000 0.104061490 0.895938510
A:/cccrrcrcf: 0.000000000 0.582296387 0.417703613
A:/cccrrcrfc: 0.000000000 0.408166098 0.591833902
A:/cccrrcrff: 0.000000000 0.695890919 0.304109081
A:/ccrcc: 0.277638197 0.464364608 0.257997196
A:/ccrccrccr: 0.000000000 0.793817480 0.206182520
A:/ccrccrcfr: 0.000000000 0.393650333 0.606349667
A:/ccrccrcrc: 0.000000000 0.627800620 0.372199380
A:/ccrccrcrf: 0.000000000 0.235042680 0.764957320
A:/ccrccrfcr: 0.000000000 0.405825969 0.594174031
A:/ccrccrffr: 0.000000000 0.726575171 0.273424829
A:/ccrccrfrc: 0.000000000 0.772311589 0.227688411
A:/ccrccrfrf: 0.000000000 0.546198361 0.453801639
A:/ccrccrrcc: 0.000000000 0.313123887 0.686876113
A:/ccrccrrcf: 0.000000000 0.597626949 0.402373051
A:/ccrccrrfc: 0.000000000 0.228420660 0.771579340
A:/ccrccrrff: 0.000000000 0.334056429 0.665943571
A:/ccrcf: 0.227558004 0.537068786 0.235373209
A:/ccrcfrcr: 0.000000000 0.164325918 0.835674082
A:/ccrcfrfr: 0.000000000 0.496432147 0.503567853
A:/ccrcfrrc: 0.000000000 0.481734902 0.518265098
A:/ccrcfrrf: 0.000000000 0.619761917 0.380238083
A:/ccrcr: 0.656110334 0.234281728 0.109607938
A:/ccrcrccrc: 0.000000000 0.801939980 0.198060020
A:/ccrcrccrf: 0.000000000 0.743182258 0.256817742
A:/ccrcrcfrc: 0.000000000 0.843236084 0.156763916
A:/ccrcrcfrf: 0.000000000 0.288405825 0.711594175
A:/ccrcrcrcc: 0.000000000 0.625418009 0.374581991
A:/ccrcrcrcf: 0.000000000 0.996110531 0.003889469
A:/ccrcrcrfc: 0.000000000 0.982526647 0.017473353
A:/ccrcrcrff: 0.000000000 0.100497566 0.899502434
A:/ccrfc: 0.290085928 0.709914072 0.000000000
A:/ccrfcrcr: 0.000000000 0.408832000 0.591168000
A:/ccrfcrfr: 0.000000000 0.934088185 0.065911815
A:/ccrfcrrc: 0.000000000 0.826536130 0.173463870
A:/ccrfcrrf: 0.000000000 0.526155106 0.473844894
A:/ccrff: 0.709220243 0.290779757 0.000000000
A:/ccrffrr: 0.000000000 0.824020057 0.175979943
A:/ccrfr: 0.179668282 0.802863670 0.017468048
A:/ccrfrcrc: 0.000000000 0.487667534 0.512332466
A:/ccrfrcrf: 0.000000000 0.387208603 0.612791397
A:/ccrrc: 0.438975994 0.520223293 0.040800714
A:/ccrrccrcc: 0.000000000 0.856892420 0.143107580
A:/ccrrccrcf: 0.000000000 0.303745393 0.696254607
A:/ccrrccrfc: 0.000000000 0.752463501 0.247536499
A:/ccrrccrff: 0.000000000 0.696725841 0.303274159
A:/ccrrf: 0.832297499 0.167702501 0.000000000
A:/ccrrfcrc: 0.000000000 0.500784416 0.499215584
A:/ccrrfcrf: 0.000000000 0.942698392 0.057301608
A:/ccrrr: 0.000000000 0.708814956 0.291185044
A:/crccr: 0.312897512 0.041630670 0.645471818
A:/crccrccrc: 0.000000000 0.908094038 0.091905962
A:/crccrccrf: 0.000000000 0.645599770 0.354400230
A:/crccrcfrc: 0.000000000 0.513654166 0.486345834
A:/crccrcfrf: 0.000000000 0.815708482 0.184291518
A:/crccrcrcc: 0.000000000 0.690192352 0.309807648
A:/crccrcrcf: 0.000000000 0.477807280 0.522192720
A:/crccrcrfc: 0.000000000 0.773390247 0.226609753
A:/crccrcrff: 0.000000000 0.122220086 0.877779914
A:/crcfr: 0.662953320 0.333458006 0.003588674
A:/crcfrcrc: 0.000000000 0.713711957 0.286288043
A:/crcfrcrf: 0.000000000 0.594479539 0.405520461
A:/crcrc: 0.323022725 0.676921745 0.000055530
A:/crcrccrcc: 0.000000000 0.296785809 0.703214191
A:/crcrccrcf: 0.000000000 0.111438678 0.888561322
A:/crcrccrfc: 0.000000000 0.257912416 0.742087584
A:/crcrccrff: 0.000000000 0.698649124 0.301350876
A:/crcrf: 0.548260637 0.303964373 0.147774991
A:/crcrfcrc: 0.000000000 0.269773367 0.730226633
A:/crcrfcrf: 0.000000000 0.404848042 0.595151958
A:/crcrr: 0.000000000 0.528851147 0.471148853
A:/crfcr: 0.447627055 0.413876836 0.138496109
A:/crfcrcrc: 0.000000000 0.423500378 0.576499622
A:/crfcrcrf: 0.000000000 0.411307566 0.588692434
A:/crffr: 0.561336204 0.309690802 0.128972993
A:/crfrc: 0.472863317 0.128209913 0.398926770
A:/crfrf: 0.310702800 0.459130239 0.230166961
A:/crfrr: 0.000000000 0.646946327 0.353053673
A:/crrcc: 0.527625924 0.472374076 0.000000000
A:/crrcf: 0.236914141 0.475931257 0.287154602
A:/crrcr: 0.000000000 0.645689020 0.354310980
A:/crrfc: 0.701081923 0.298918077 0.000000000
A:/crrff: 0.761654799 0.238345201 0.000000000
A:/crrfr: 0.000000000 0.666448303 0.333551697
A:/crrrc: 0.000000000 0.374874628 0.625125372
A:/crrrf: 0.000000000 0.551708441 0.448291559
A:/r: 0.023659094 0.976340906 0.000000000
A:/rccrc: 0.464171277 0.171139186 0.364689537
A:/rccrccrcc: 0.000000000 0.708911788 0.291088212
A:/rccrccrcf: 0.000000000 0.561388965 0.438611035
A:/rccrccrfc: 0.000000000 0.600881600 0.399118400
A:/rccrccrff: 0.000000000 0.507898892 0.492101108
A:/rccrf: 0.821114095 0.178885905 0.000000000
A:/rccrfcrc: 0.000000000 0.891404609 0.108595391
A:/rccrfcrf: 0.000000000 0.474561353 0.525438647
A:/rccrr: 0.000000000 1.000000000 0.000000000
A:/rcfrc: 0.229098761 0.463830379 0.307070860
A:/rcfrf: 0.413154786 0.373582199 0.213263014
A:/rcfrr: 0.000000000 0.681113042 0.318886958
A:/rcrcc: 0.321884669 0.678115331 0.000000000
A:/rcrcf: 0.549352181 0.430750825 0.019896994
A:/rcrcr: 0.000000000 0.529155322 0.470844678
A:/rcrfc: 0.665910280 0.126820600 0.207269121
A:/rcrff: 0.266814970 0.474160044 0.259024986
A:/rcrfr: 0.000000000 0.732059425 0.267940575
A:/rcrrc: 0.000000000 0.427107262 0.572892738
A:/rcrrf: 0.000000000 0.417175586 0.582824414
A:/rrccr: 0.000000000 0.988371378 0.011628622
A:/rrcfr: 0.000000000 0.859867562 0.140132438
A:/rrcrc: 0.000000000 0.998822525 0.001177475
A:/rrcrf: 0.000000000 0.999843282 0.000156718
A:/rrfcr: 0.000000000 0.999989626 0.000010374
A:/rrffr: 0.000000000 0.527499652 0.472500348
A:/rrfrc: 0.000000000 0.999999173 0.000000827
A:/rrfrf: 0.000000000 0.516068381 0.483931619
A:/rrrcc: 0.000000000 0.996817199 0.003182801
A:/rrrcf: 0.000000000 1.000000000 0.000000000
A:/rrrfc: 0.000000000 0.998006835 0.001993165
A:/rrrff: 0.000000000 0.999413461 0.000586539
J:/c: 0.563020429 0.436979571 0.000000000
J:/cccrc: 0.001585569 0.808851311 0.189563120
J:/cccrccrcc: 0.173690978 0.322556207 0.503752815
J:/cccrccrcf: 0.510504637 0.077012079 0.412483283
J:/cccrccrcr: 0.000000000 0.278965121 0.721034879
J:/cccrccrfc: 0.170191530 0.355380508 0.474427962
J:/cccrccrff: 0.397941916 0.314679368 0.287378715
J:/cccrccrfr: 0.000000000 0.716334124 0.283665876
J:/cccrccrrc: 0.000000000 0.288940748 0.711059252
J:/cccrccrrf: 0.000000000 0.677199514 0.322800486
J:/cccrcrccr: 0.000000000 0.080500883 0.919499117
J:/cccrcrcfr: 0.000000000 0.455258665 0.544741335
J:/cccrcrcrc: 0.000000000 0.982497901 0.017502099
J:/cccrcrcrf: 0.000000000 0.499642664 0.500357336
J:/cccrcrfcr: 0.000000000 0.464488837 0.535511163
J:/cccrcrffr: 0.000000000 0.291327760 0.708672240
J:/cccrcrfrc: 0.000000000 0.382328265 0.617671735
J:/cccrcrfrf: 0.000000000 0.492909140 0.507090860
J:/cccrcrrcc: 0.000000000 0.411755342 0.588244658
J:/cccrcrrcf: 0.000000000 0.534365163 0.465634837
J:/cccrcrrfc: 0.000000000 0.561005503 0.438994497
J:/cccrcrrff: 0.000000000 0.506921562 0.493078438
J:/cccrf: 0.478119432 0.310975709 0.210904859
J:/cccrfcrc: 0.145193008 0.466592413 0.388214579
J:/cccrfcrf: 0.457550452 0.340418550 0.202030998
J:/cccrfcrr: 0.000000000 0.158372230 0.841627770
J:/cccrfrcr: 0.000000000 0.393646520 0.606353480
J:/cccrfrfr: 0.000000000 0.236099894 0.763900106
J:/cccrfrrc: 0.000000000 0.486174821 0.513825179
J:/cccrfrrf: 0.000000000 0.375290108 0.624709892
J:/cccrr: 0.000064465 0.137396710 0.862538825
J:/cccrrccrc: 0.000000000 0.812783921 0.187216079
J:/cccrrccrf: 0.000000000 0.437563484 0.562436516
J:/cccrrcfrc: 0.000000000 0.435806615 0.564193385
J:/cccrrcfrf: 0.000000000 0.468339908 0.531660092
J:/cccrrcrcc: 0.000000000 0.503867058 0.496132942
J:/cccrrcrcf: 0.000000000 0.882999458 0.117000542
J:/cccrrcrfc: 0.000000000 0.493120077 0.506879923
J:/cccrrcrff: 0.000000000 0.471507743 0.528492257
J:/ccrcc: 0.260542227 0.538920665 0.200537108
J:/ccrccrccr: 0.000000000 0.406839813 0.593160187
J:/ccrccrcfr: 0.000000000 0.678019349 0.321980651
J:/ccrccrcrc: 0.000000000 0.530854855 0.469145145
J:/ccrccrcrf: 0.000000000 0.952651670 0.047348330
J:/ccrccrfcr: 0.000000000 0.587016858 0.412983142
J:/ccrccrffr: 0.000000000 0.518568826 0.481431174
J:/ccrccrfrc: 0.000000000 0.771575637 0.228424363
J:/ccrccrfrf: 0.000000000 0.246434530 0.753565470
J:/ccrccrrcc: 0.000000000 0.942060394 0.057939606
J:/ccrccrrcf: 0.000000000 0.366355788 0.633644212
J:/ccrccrrfc: 0.000000000 0.516090096 0.483909904
J:/ccrccrrff: 0.000000000 0.418516745 0.581483255
J:/ccrcf: 0.241004602 0.375503210 0.383492188
J:/ccrcfrcr: 0.000000000 0.521007690 0.478992310
J:/ccrcfrfr: 0.000000000 0.664947882 0.335052118
J:/ccrcfrrc: 0.000000000 0.965256314 0.034743686
J:/ccrcfrrf: 0.000000000 0.675532240 0.324467760
J:/ccrcr: 0.350941275 0.371524631 0.277534095
J:/ccrcrccrc: 0.000000000 0.462829221 0.537170779
J:/ccrcrccrf: 0.000000000 0.736536976 0.263463024
J:/ccrcrcfrc: 0.000000000 0.192398460 0.807601540
J:/ccrcrcfrf: 0.000000000 0.427859827 0.572140173
J:/ccrcrcrcc: 0.000000000 0.853780988 0.146219012
J:/ccrcrcrcf: 0.000000000 0.083083481 0.916916519
J:/ccrcrcrfc: 0.000000000 0.856487981 0.143512019
J:/ccrcrcrff: 0.000000000 0.505416871 0.494583129
J:/ccrfc: 0.123454816 0.430319389 0.446225795
J:/ccrfcrcr: 0.000000000 0.516462682 0.483537318
J:/ccrfcrfr: 0.000000000 0.500488517 0.499511483
J:/ccrfcrrc: 0.000000000 0.304574668 0.695425332
J:/ccrfcrrf: 0.000000000 0.028869205 0.971130795
J:/ccrff: 0.142509986 0.300503836 0.556986177
J:/ccrffrr: 0.000000000 0.525570405 0.474429595
J:/ccrfr: 0.219267222 0.276999976 0.503732802
J:/ccrfrcrc: 0.000000000 0.319133451 0.680866549
J:/ccrfrcrf: 0.000000000 0.049892850 0.950107150
J:/ccrrc: 0.031057782 0.133789947 0.835152271
J:/ccrrccrcc: 0.000000000 0.943625100 0.056374900
J:/ccrrccrcf: 0.000000000 0.686907831 0.313092169
J:/ccrrccrfc: 0.000000000 0.524867297 0.475132703
J:/ccrrccrff: 0.000000000 0.701786196 0.298213804
J:/ccrrf: 0.528232379 0.000000000 0.471767621
J:/ccrrfcrc: 0.000000000 0.553934256 0.446065744
J:/ccrrfcrf: 0.000000000 0.608585045 0.391414955
J:/ccrrr: 0.000000000 0.064509102 0.935490898
J:/crccr: 0.325579579 0.251583591 0.422836830
J:/crccrccrc: 0.000000000 0.140923296 0.859076704
J:/crccrccrf: 0.000000000 0.649871092 0.350128908
J:/crccrcfrc: 0.000000000 0.515280621 0.484719379
J:/crccrcfrf: 0.000000000 0.508486852 0.491513148
J:/crccrcrcc: 0.000000000 0.387513371 0.612486629
J:/crccrcrcf: 0.000000000 0.853054551 0.146945449
J:/crccrcrfc: 0.000000000 0.498649589 0.501350411
J:/crccrcrff: 0.000000000 0.883313392 0.116686608
J:/crcfr: 0.000000893 0.000000664 0.999998443
J:/crcfrcrc: 0.000000000 0.071199844 0.928800156
J:/crcfrcrf: 0.000000000 0.725925038 0.274074962
J:/crcrc: 0.181703924 0.410944513 0.407351563
J:/crcrccrcc: 0.000000000 0.696587437 0.303412563
J:/crcrccrcf: 0.000000000 0.427009029 0.572990971
J:/crcrccrfc: 0.000000000 0.672602596 0.327397404
J:/crcrccrff: 0.000000000 0.481910945 0.518089055
J:/crcrf: 0.302082583 0.108982635 0.588934782
J:/crcrfcrc: 0.000000000 0.359327702 0.640672298
J:/crcrfcrf: 0.000000000 0.344588258 0.655411742
J:/crcrr: 0.000000000 0.197084203 0.802915797
J:/crfcr: 0.553226684 0.187311758 0.259461558
J:/crfcrcrc: 0.000000000 0.375256089 0.624743911
J:/crfcrcrf: 0.000000000 0.689130004 0.310869996
J:/crffr: 0.330838074 0.455063329 0.214098598
J:/crfrc: 0.190197660 0.207265701 0.602536638
J:/crfrf: 0.170873609 0.350652421 0.478473970
J:/crfrr: 0.000000000 0.886322452 0.113677548
J:/crrcc: 0.598506646 0.077166265 0.324327089
J:/crrcf: 0.390143678 0.131685092 0.478171229
J:/crrcr: 0.000000000 0.848193620 0.151806380
J:/crrfc: 0.261913357 0.173413343 0.564673300
J:/crrff: 0.294196963 0.239415830 0.466387207
J:/crrfr: 0.000000000 0.296066994 0.703933006
J:/crrrc: 0.000000000 0.639387140 0.360612860
J:/crrrf: 0.000000000 0.363408403 0.636591597
J:/r: 0.005033544 0.994966456 0.000000000
J:/rccrc: 0.394301951 0.341065051 0.264632999
J:/rccrccrcc: 0.000000000 0.371760479 0.628239521
J:/rccrccrcf: 0.000000000 0.848891957 0.151108043
J:/rccrccrfc: 0.000000000 0.524191550 0.475808450
J:/rccrccrff: 0.000000000 0.365965532 0.634034468
J:/rccrf: 0.279077663 0.371296564 0.349625773
J:/rccrfcrc: 0.000000000 0.384750533 0.615249467
J:/rccrfcrf: 0.000000000 0.212827014 0.787172986
J:/rccrr: 0.000000000 0.435257612 0.564742388
J:/rcfrc: 0.401544064 0.197618127 0.400837809
J:/rcfrf: 0.140970492 0.452097296 0.406932211
J:/rcfrr: 0.000000000 0.572937394 0.427062606
J:/rcrcc: 0.000000000 0.597534321 0.402465679
J:/rcrcf: 0.465408810 0.117296893 0.417294298
J:/rcrcr: 0.000000000 0.000000000 1.000000000
J:/rcrfc: 0.000000000 0.000000000 1.000000000
J:/rcrff: 0.407977219 0.114571538 0.477451243
J:/rcrfr: 0.000000000 0.000040202 0.999959798
J:/rcrrc: 0.000000000 0.569671066 0.430328934
J:/rcrrf: 0.000000000 0.246413329 0.753586671
J:/rrccr: 0.000000000 0.016767410 0.983232590
J:/rrcfr: 0.000000000 0.000030631 0.999969369
J:/rrcrc: 0.000000000 0.024816248 0.975183752
J:/rrcrf: 0.000000000 0.000000000 1.000000000
J:/rrfcr: 0.000000000 1.000000000 0.000000000
J:/rrffr: 0.000000000 0.934354334 0.065645666
J:/rrfrc: 0.000000000 0.000000000 1.000000000
J:/rrfrf: 0.000000000 0.692041340 0.307958660
J:/rrrcc: 0.000000000 0.000000000 1.000000000
J:/rrrcf: 0.000000000 0.000000000 1.000000000
J:/rrrfc: 0.000000000 0.650813516 0.349186484
J:/rrrff: 0.000000000 0.326767051 0.673232949
K:/c: 0.846294785 0.153705215 0.000000000
K:/cccrc: 0.246299199 0.332349992 0.421350809
K:/cccrccrcc: 0.114057556 0.519094917 0.366847527
K:/cccrccrcf: 0.343236796 0.209863095 0.446900109
K:/cccrccrcr: 0.000000000 0.074156778 0.925843222
K:/cccrccrfc: 0.153033428 0.499218826 0.347747746
K:/cccrccrff: 0.391568183 0.191112702 0.417319116
K:/cccrccrfr: 0.000000000 0.729776501 0.270223499
K:/cccrccrrc: 0.000000000 0.093587193 0.906412807
K:/cccrccrrf: 0.000000000 0.673137261 0.326862739
K:/cccrcrccr: 0.000000000 0.503236204 0.496763796
K:/cccrcrcfr: 0.000000000 0.741087432 0.258912568
K:/cccrcrcrc: 0.000000000 0.863499843 0.136500157
K:/cccrcrcrf: 0.000000000 0.375287165 0.624712835
K:/cccrcrfcr: 0.000000000 0.768858994 0.231141006
K:/cccrcrffr: 0.000000000 0.796335831 0.203664169
K:/cccrcrfrc: 0.000000000 0.146023206 0.853976794
K:/cccrcrfrf: 0.000000000 0.335473620 0.664526380
K:/cccrcrrcc: 0.000000000 0.553500596 0.446499404
K:/cccrcrrcf: 0.000000000 0.936777565 0.063222435
K:/cccrcrrfc: 0.000000000 0.649785048 0.350214952
K:/cccrcrrff: 0.000000000 0.724068867 0.275931133
K:/cccrf: 0.483074221 0.516437433 0.000488346
K:/cccrfcrc: 0.403270424 0.263074138 0.333655438
K:/cccrfcrf: 0.337493326 0.527316552 0.135190123
K:/cccrfcrr: 0.000000000 0.995503373 0.004496627
K:/cccrfrcr: 0.000000000 0.928641727 0.071358273
K:/cccrfrfr: 0.000000000 0.476446214 0.523553786
K:/cccrfrrc: 0.000000000 0.999996476 0.000003524
K:/cccrfrrf: 0.000000000 0.564624835 0.435375165
K:/cccrr: 0.003595047 0.482367976 0.514036977
K:/cccrrccrc: 0.000000000 0.996100620 0.003899380
K:/cccrrccrf: 0.000000000 0.020886271 0.979113729
K:/cccrrcfrc: 0.000000000 0.580917011 0.419082989
K:/cccrrcfrf: 0.000000000 0.754256784 0.245743216
K:/cccrrcrcc: 0.000000000 0.056597395 0.943402605
K:/cccrrcrcf: 0.000000000 0.471820441 0.528179559
K:/cccrrcrfc: 0.000000000 0.433529356 0.566470644
K:/cccrrcrff: 0.000000000 0.615626456 0.384373544
K:/ccrcc: 0.252770878 0.395694390 0.351534732
K:/ccrccrccr: 0.000000000 0.134670485 0.865329515
K:/ccrccrcfr: 0.000000000 0.607551867 0.392448133
K:/ccrccrcrc: 0.000000000 0.810013655 0.189986345
K:/ccrccrcrf: 0.000000000 0.007616142 0.992383858
K:/ccrccrfcr: 0.000000000 0.390284183 0.609715817
K:/ccrccrffr: 0.000000000 0.376325290 0.623674710
K:/ccrccrfrc: 0.000000000 0.366104789 0.633895211
K:/ccrccrfrf: 0.000000000 0.450603485 0.549396515
K:/ccrccrrcc: 0.000000000 0.341500400 0.658499600
K:/ccrccrrcf: 0.000000000 0.567362502 0.432637498
K:/ccrccrrfc: 0.000000000 0.989165002 0.010834998
K:/ccrccrrff: 0.000000000 0.545401589 0.454598411
K:/ccrcf: 0.093554022 0.487047050 0.419398929
K:/ccrcfrcr: 0.000000000 0.126996007 0.873003993
K:/ccrcfrfr: 0.000000000 0.601531451 0.398468549
K:/ccrcfrrc: 0.000000000 0.419942600 0.580057400
K:/ccrcfrrf: 0.000000000 0.550683590 0.449316410
K:/ccrcr: 0.277530318 0.416129270 0.306340412
K:/ccrcrccrc: 0.000000000 0.839713655 0.160286345
K:/ccrcrccrf: 0.000000000 0.468211104 0.531788896
K:/ccrcrcfrc: 0.000000000 0.460232540 0.539767460
K:/ccrcrcfrf: 0.000000000 0.617396297 0.382603703
K:/ccrcrcrcc: 0.000000000 0.576375762 0.423624238
K:/ccrcrcrcf: 0.000000000 0.338265847 0.661734153
K:/ccrcrcrfc: 0.000000000 0.546898931 0.453101069
K:/ccrcrcrff: 0.000000000 0.337988673 0.662011327
K:/ccrfc: 0.027670971 0.624286484 0.348042545
K:/ccrfcrcr: 0.000000000 0.494196175 0.505803825
K:/ccrfcrfr: 0.000000000 0.877114882 0.122885118
K:/ccrfcrrc: 0.000000000 0.804182047 0.195817953
K:/ccrfcrrf: 0.000000000 0.570778802 0.429221198
K:/ccrff: 0.345507382 0.377940920 0.276551698
K:/ccrffrr: 0.000000000 0.639591493 0.360408507
K:/ccrfr: 0.000025330 0.092347348 0.907627322
K:/ccrfrcrc: 0.000000000 0.462409732 0.537590268
K:/ccrfrcrf: 0.000000000 0.494363911 0.505636089
K:/ccrrc: 0.145803469 0.050486549 0.803709982
K:/ccrrccrcc: 0.000000000 0.501950276 0.498049724
K:/ccrrccrcf: 0.000000000 0.842442685 0.157557315
K:/ccrrccrfc: 0.000000000 0.413501442 0.586498558
K:/ccrrccrff: 0.000000000 0.643602053 0.356397947
K:/ccrrf: 0.286809648 0.535969908 0.177220444
K:/ccrrfcrc: 0.000000000 0.672825660 0.327174340
K:/ccrrfcrf: 0.000000000 0.979194871 0.020805129
K:/ccrrr: 0.000000000 0.138211825 0.861788175
K:/crccr: 0.377276212 0.453248036 0.169475752
K:/crccrccrc: 0.000000000 0.925936364 0.074063636
K:/crccrccrf: 0.000000000 0.753078263 0.246921737
K:/crccrcfrc: 0.000000000 0.813026340 0.186973660
K:/crccrcfrf: 0.000000000 0.825359008 0.174640992
K:/crccrcrcc: 0.000000000 0.799168504 0.200831496
K:/crccrcrcf: 0.000000000 0.516787607 0.483212393
K:/crccrcrfc: 0.000000000 0.484550451 0.515449549
K:/crccrcrff: 0.000000000 0.579126641 0.420873359
K:/crcfr: 0.000161489 0.317811949 0.682026562
K:/crcfrcrc: 0.000000000 0.442659502 0.557340498
K:/crcfrcrf: 0.000000000 0.461031967 0.538968033
K:/crcrc: 0.657103461 0.232174662 0.110721877
K:/crcrccrcc: 0.000000000 0.299806001 0.700193999
K:/crcrccrcf: 0.000000000 0.321434252 0.678565748
K:/crcrccrfc: 0.000000000 0.310120426 0.689879574
K:/crcrccrff: 0.000000000 0.448556669 0.551443331
K:/crcrf: 0.361137869 0.321362247 0.317499884
K:/crcrfcrc: 0.000000000 0.529409067 0.470590933
K:/crcrfcrf: 0.000000000 0.559407921 0.440592079
K:/crcrr: 0.000000000 0.390295157 0.609704843
K:/crfcr: 0.555570296 0.086122358 0.358307346
K:/crfcrcrc: 0.000000000 0.302638570 0.697361430
K:/crfcrcrf: 0.000000000 0.622853107 0.377146893
K:/crffr: 0.427209370 0.479823638 0.092966993
K:/crfrc: 0.373799149 0.419304072 0.206896779
K:/crfrf: 0.346878700 0.364295157 0.288826143
K:/crfrr: 0.000000000 0.286881935 0.713118065
K:/crrcc: 0.348654020 0.132589640 0.518756340
K:/crrcf: 0.183126680 0.330444821 0.486428499
K:/crrcr: 0.000000000 0.569961121 0.430038879
K:/crrfc: 0.045476462 0.434640528 0.519883010
K:/crrff: 0.629100216 0.353116876 0.017782908
K:/crrfr: 0.000000000 0.511062004 0.488937996
K:/crrrc: 0.000000000 0.167138704 0.832861296
K:/crrrf: 0.000000000 0.349417329 0.650582671
K:/r: 0.001458549 0.998541451 0.000000000
K:/rccrc: 0.038594358 0.470066511 0.491339131
K:/rccrccrcc: 0.000000000 0.737945256 0.262054744
K:/rccrccrcf: 0.000000000 0.467054600 0.532945400
K:/rccrccrfc: 0.000000000 0.030000892 0.969999108
K:/rccrccrff: 0.000000000 0.655785906 0.344214094
K:/rccrf: 0.406020533 0.406611322 0.187368145
K:/rccrfcrc: 0.000000000 0.833537485 0.166462515
K:/rccrfcrf: 0.000000000 0.833325851 0.166674149
K:/rccrr: 0.000000000 0.184880711 0.815119289
K:/rcfrc: 0.000000000 0.421491489 0.578508511
K:/rcfrf: 0.407744976 0.388693591 0.203561434
K:/rcfrr: 0.000000000 0.831481208 0.168518792
K:/rcrcc: 0.032004410 0.712512710 0.255482879
K:/rcrcf: 0.330191726 0.441340570 0.228467704
K:/rcrcr: 0.000000000 0.519758056 0.480241944
K:/rcrfc: 0.000000000 0.000000000 1.000000000
K:/rcrff: 0.453712292 0.022083256 0.524204451
K:/rcrfr: 0.000000000 0.000010447 0.999989553
K:/rcrrc: 0.000000000 0.756619383 0.243380617
K:/rcrrf: 0.000000000 0.134995111 0.865004889
K:/rrccr: 0.000000000 0.789581510 0.210418490
K:/rrcfr: 0.000000000 0.000106159 0.999893841
K:/rrcrc: 0.000000000 0.919109700 0.080890300
K:/rrcrf: 0.000000000 0.268533468 0.731466532
K:/rrfcr: 0.000000000 1.000000000 0.000000000
K:/rrffr: 0.000000000 0.999795626 0.000204374
K:/rrfrc: 0.000000000 0.000000000 1.000000000
K:/rrfrf: 0.000000000 0.417599344 0.582400656
K:/rrrcc: 0.000000000 0.000000000 1.000000000
K:/rrrcf: 0.000000000 0.000000000 1.000000000
K:/rrrfc: 0.000000000 0.571487014 0.428512986
K:/rrrff: 0.000000000 0.447533650 0.552466350
Q:/c: 0.771962641 0.228037359 0.000000000
Q:/cccrc: 0.156028658 0.477953270 0.366018072
Q:/cccrccrcc: 0.067177176 0.613207148 0.319615676
Q:/cccrccrcf: 0.421165175 0.371735873 0.207098952
Q:/cccrccrcr: 0.000000000 0.252685456 0.747314544
Q:/cccrccrfc: 0.348569081 0.441120941 0.210309978
Q:/cccrccrff: 0.466063393 0.094093286 0.439843321
Q:/cccrccrfr: 0.000000000 0.485038616 0.514961384
Q:/cccrccrrc: 0.000000000 0.484027888 0.515972112
Q:/cccrccrrf: 0.000000000 0.457878327 0.542121673
Q:/cccrcrccr: 0.000000000 0.455775122 0.544224878
Q:/cccrcrcfr: 0.000000000 0.715515526 0.284484474
Q:/cccrcrcrc: 0.000000000 0.255560850 0.744439150
Q:/cccrcrcrf: 0.000000000 0.877088953 0.122911047
Q:/cccrcrfcr: 0.000000000 0.280445286 0.719554714
Q:/cccrcrffr: 0.000000000 0.313286235 0.686713765
Q:/cccrcrfrc: 0.000000000 0.580322855 0.419677145
Q:/cccrcrfrf: 0.000000000 0.686143560 0.313856440
Q:/cccrcrrcc: 0.000000000 0.962016552 0.037983448
Q:/cccrcrrcf: 0.000000000 0.493580081 0.506419919
Q:/cccrcrrfc: 0.000000000 0.759604800 0.240395200
Q:/cccrcrrff: 0.000000000 0.298045716 0.701954284
Q:/cccrf: 0.220764568 0.378977457 0.400257976
Q:/cccrfcrc: 0.310816176 0.325470719 0.363713105
Q:/cccrfcrf: 0.103957948 0.701220104 0.194821948
Q:/cccrfcrr: 0.000000000 0.065756638 0.934243362
Q:/cccrfrcr: 0.000000000 0.419721993 0.580278007
Q:/cccrfrfr: 0.000000000 0.447231513 0.552768487
Q:/cccrfrrc: 0.000000000 0.229868461 0.770131539
Q:/cccrfrrf: 0.000000000 0.254400039 0.745599961
Q:/cccrr: 0.000000027 0.000000000 0.999999973
Q:/cccrrccrc: 0.000000000 0.941864171 0.058135829
Q:/cccrrccrf: 0.000000000 0.503984081 0.496015919
Q:/cccrrcfrc: 0.000000000 0.626653674 0.373346326
Q:/cccrrcfrf: 0.000000000 0.396839757 0.603160243
Q:/cccrrcrcc: 0.000000000 0.362821521 0.637178479
Q:/cccrrcrcf: 0.000000000 0.010170648 0.989829352
Q:/cccrrcrfc: 0.000000000 0.441630096 0.558369904
Q:/cccrrcrff: 0.000000000 0.642707715 0.357292285
Q:/ccrcc: 0.082314576 0.465751622 0.451933801
Q:/ccrccrccr: 0.000000000 0.604055689 0.395944311
Q:/ccrccrcfr: 0.000000000 0.426677349 0.573322651
Q:/ccrccrcrc: 0.000000000 0.545385747 0.454614253
Q:/ccrccrcrf: 0.000000000 0.549180842 0.450819158
Q:/ccrccrfcr: 0.000000000 0.525503390 0.474496610
Q:/ccrccrffr: 0.000000000 0.425904365 0.574095635
Q:/ccrccrfrc: 0.000000000 0.386324954 0.613675046
Q:/ccrccrfrf: 0.000000000 0.406720574 0.593279426
Q:/ccrccrrcc: 0.000000000 0.519100035 0.480899965
Q:/ccrccrrcf: 0.000000000 0.536891611 0.463108389
Q:/ccrccrrfc: 0.000000000 0.486295142 0.513704858
Q:/ccrccrrff: 0.000000000 0.509760323 0.490239677
Q:/ccrcf: 0.364880050 0.401997968 0.233121982
Q:/ccrcfrcr: 0.000000000 0.310467713 0.689532287
Q:/ccrcfrfr: 0.000000000 0.483788971 0.516211029
Q:/ccrcfrrc: 0.000000000 0.463498487 0.536501513
Q:/ccrcfrrf: 0.000000000 0.427144853 0.572855147
Q:/ccrcr: 0.253327144 0.477659679 0.269013177
Q:/ccrcrccrc: 0.000000000 0.430768023 0.569231977
Q:/ccrcrccrf: 0.000000000 0.378411314 0.621588686
Q:/ccrcrcfrc: 0.000000000 0.591910617 0.408089383
Q:/ccrcrcfrf: 0.000000000 0.811636826 0.188363174
Q:/ccrcrcrcc: 0.000000000 0.384906708 0.615093292
Q:/ccrcrcrcf: 0.000000000 0.531226554 0.468773446
Q:/ccrcrcrfc: 0.000000000 0.513434170 0.486565830
Q:/ccrcrcrff: 0.000000000 0.523631828 0.476368172
Q:/ccrfc: 0.083907586 0.354040830 0.562051584
Q:/ccrfcrcr: 0.000000000 0.000000000 1.000000000
Q:/ccrfcrfr: 0.000000000 0.411641207 0.588358793
Q:/ccrfcrrc: 0.000000000 0.372921206 0.627078794
Q:/ccrfcrrf: 0.000000000 0.753067815 0.246932185
Q:/ccrff: 0.068569333 0.577034531 0.354396136
Q:/ccrffrr: 0.000000000 0.441305411 0.558694589
Q:/ccrfr: 0.022272073 0.048436377 0.929291551
Q:/ccrfrcrc: 0.000000000 0.515011504 0.484988496
Q:/ccrfrcrf: 0.000000000 0.200664829 0.799335171
Q:/ccrrc: 0.204003684 0.131175285 0.664821032
Q:/ccrrccrcc: 0.000000000 0.466459287 0.533540713
Q:/ccrrccrcf: 0.000000000 0.571058066 0.428941934
Q:/ccrrccrfc: 0.000000000 0.522374042 0.477625958
Q:/ccrrccrff: 0.000000000 0.447834275 0.552165725
Q:/ccrrf: 0.473957281 0.244253099 0.281789620
Q:/ccrrfcrc: 0.000000000 0.756212525 0.243787475
Q:/ccrrfcrf: 0.000000000 0.633055051 0.366944949
Q:/ccrrr: 0.000000000 0.046721824 0.953278176
Q:/crccr: 0.394362258 0.366004403 0.239633339
Q:/crccrccrc: 0.000000000 0.476183025 0.523816975
Q:/crccrccrf: 0.000000000 0.510652988 0.489347012
Q:/crccrcfrc: 0.000000000 0.000013085 0.999986915
Q:/crccrcfrf: 0.000000000 0.572943415 0.427056585
Q:/crccrcrcc: 0.000000000 0.343505327 0.656494673
Q:/crccrcrcf: 0.000000000 0.947599905 0.052400095
Q:/crccrcrfc: 0.000000000 0.962137060 0.037862940
Q:/crccrcrff: 0.000000000 0.255996960 0.744003040
Q:/crcfr: 0.000001155 0.198677995 0.801320850
Q:/crcfrcrc: 0.000000000 0.445548780 0.554451220
Q:/crcfrcrf: 0.000000000 0.179876734 0.820123266
Q:/crcrc: 0.159756648 0.619445006 0.220798345
Q:/crcrccrcc: 0.000000000 0.572865149 0.427134851
Q:/crcrccrcf: 0.000000000 0.462130629 0.537869371
Q:/crcrccrfc: 0.000000000 0.073965426 0.926034574
Q:/crcrccrff: 0.000000000 0.428608037 0.571391963
Q:/crcrf: 0.081987197 0.455796814 0.462215989
Q:/crcrfcrc: 0.000000000 0.256267712 0.743732288
Q:/crcrfcrf: 0.000000000 0.237727677 0.762272323
Q:/crcrr: 0.000000000 0.618672082 0.381327918
Q:/crfcr: 0.674420500 0.305297589 0.020281911
Q:/crfcrcrc: 0.000000000 0.847550160 0.152449840
Q:/crfcrcrf: 0.000000000 0.331141819 0.668858181
Q:/crffr: 0.356860239 0.511996228 0.131143534
Q:/crfrc: 0.140724395 0.452980903 0.406294703
Q:/crfrf: 0.395976039 0.302895634 0.301128328
Q:/crfrr: 0.000000000 0.510564649 0.489435351
Q:/crrcc: 0.347242817 0.070302054 0.582455129
Q:/crrcf: 0.497935212 0.332760676 0.169304112
Q:/crrcr: 0.000000000 0.459562459 0.540437541
Q:/crrfc: 0.006912142 0.637740204 0.355347654
Q:/crrff: 0.437463161 0.153527607 0.409009231
Q:/crrfr: 0.000000000 0.128914789 0.871085211
Q:/crrrc: 0.000000000 0.498715715 0.501284285
Q:/crrrf: 0.000000000 0.575802484 0.424197516
Q:/r: 0.004018610 0.995981390 0.000000000
Q:/rccrc: 0.349125261 0.502143301 0.148731439
Q:/rccrccrcc: 0.000000000 0.480525121 0.519474879
Q:/rccrccrcf: 0.000000000 0.373096753 0.626903247
Q:/rccrccrfc: 0.000000000 0.236771708 0.763228292
Q:/rccrccrff: 0.000000000 0.888086686 0.111913314
Q:/rccrf: 0.406725230 0.462794862 0.130479908
Q:/rccrfcrc: 0.000000000 0.515529405 0.484470595
Q:/rccrfcrf: 0.000000000 0.742689932 0.257310068
Q:/rccrr: 0.000000000 0.388676341 0.611323659
Q:/rcfrc: 0.291007649 0.328572340 0.380420010
Q:/rcfrf: 0.759311748 0.179207670 0.061480582
Q:/rcfrr: 0.000000000 0.647171383 0.352828617
Q:/rcrcc: 0.000000000 0.824452825 0.175547175
Q:/rcrcf: 0.189552822 0.397944381 0.412502796
Q:/rcrcr: 0.000000000 0.472109235 0.527890765
Q:/rcrfc: 0.000000000 0.000000000 1.000000000
Q:/rcrff: 0.395633861 0.448507332 0.155858807
Q:/rcrfr: 0.000000000 0.000025026 0.999974974
Q:/rcrrc: 0.000000000 0.945207302 0.054792698
Q:/rcrrf: 0.000000000 0.422713499 0.577286501
Q:/rrccr: 0.000000000 0.375531002 0.624468998
Q:/rrcfr: 0.000000000 0.000058344 0.999941656
Q:/rrcrc: 0.000000000 0.091360100 0.908639900
Q:/rrcrf: 0.000000000 0.696420720 0.303579280
Q:/rrfcr: 0.000000000 1.000000000 0.000000000
Q:/rrffr: 0.000000000 0.999941676 0.000058324
Q:/rrfrc: 0.000000000 0.000000000 1.000000000
Q:/rrfrf: 0.000000000 0.289314793 0.710685207
Q:/rrrcc: 0.000000000 0.271812185 0.728187815
Q:/rrrcf: 0.000000000 0.386867645 0.613132355
Q:/rrrfc: 0.000000000 0.000000000 1.000000000
Q:/rrrff: 0.000000000 0.000000000 1.000000000
T:/c: 0.501193491 0.498806509 0.000000000
T:/cccrc: 0.303477074 0.175486506 0.521036420
T:/cccrccrcc: 0.169158366 0.128976985 0.701864649
T:/cccrccrcf: 0.467536884 0.131767467 0.400695650
T:/cccrccrcr: 0.000000000 0.000000000 1.000000000
T:/cccrccrfc: 0.760733202 0.102521192 0.136745606
T:/cccrccrff: 0.331022456 0.391712075 0.277265469
T:/cccrccrfr: 0.000000000 0.733484062 0.266515938
T:/cccrccrrc: 0.000000000 0.299284886 0.700715114
T:/cccrccrrf: 0.000000000 0.944182337 0.055817663
T:/cccrcrccr: 0.000000000 0.491945242 0.508054758
T:/cccrcrcfr: 0.000000000 0.312433842 0.687566158
T:/cccrcrcrc: 0.000000000 0.849743292 0.150256708
T:/cccrcrcrf: 0.000000000 0.615401186 0.384598814
T:/cccrcrfcr: 0.000000000 0.914131186 0.085868814
T:/cccrcrffr: 0.000000000 0.931956988 0.068043012
T:/cccrcrfrc: 0.000000000 0.626311646 0.373688354
T:/cccrcrfrf: 0.000000000 0.811829306 0.188170694
T:/cccrcrrcc: 0.000000000 0.497229531 0.502770469
T:/cccrcrrcf: 0.000000000 0.328303814 0.671696186
T:/cccrcrrfc: 0.000000000 0.616674467 0.383325533
T:/cccrcrrff: 0.000000000 0.401909970 0.598090030
T:/cccrf: 0.368303233 0.276503023 0.355193745
T:/cccrfcrc: 0.221272006 0.140509410 0.638218584
T:/cccrfcrf: 0.123897668 0.797220401 0.078881930
T:/cccrfcrr: 0.000000000 0.626940441 0.373059559
T:/cccrfrcr: 0.000000000 0.202562522 0.797437478
T:/cccrfrfr: 0.000000000 0.503372984 0.496627016
T:/cccrfrrc: 0.000000000 0.571394056 0.428605944
T:/cccrfrrf: 0.000000000 0.516316751 0.483683249
T:/cccrr: 0.000000130 0.322430293 0.677569577
T:/cccrrccrc: 0.000000000 0.512592467 0.487407533
T:/cccrrccrf: 0.000000000 0.161583011 0.838416989
T:/cccrrcfrc: 0.000000000 0.359989187 0.640010813
T:/cccrrcfrf: 0.000000000 0.688443814 0.311556186
T:/cccrrcrcc: 0.000000000 0.426720132 0.573279868
T:/cccrrcrcf: 0.000000000 0.348021960 0.651978040
T:/cccrrcrfc: 0.000000000 0.586609473 0.413390527
T:/cccrrcrff: 0.000000000 0.608604892 0.391395108
T:/ccrcc: 0.316470795 0.218350120 0.465179085
T:/ccrccrccr: 0.000000000 0.872002237 0.127997763
T:/ccrccrcfr: 0.000000000 0.513193245 0.486806755
T:/ccrccrcrc: 0.000000000 0.242030863 0.757969137
T:/ccrccrcrf: 0.000000000 0.219587438 0.780412562
T:/ccrccrfcr: 0.000000000 0.576169811 0.423830189
T:/ccrccrffr: 0.000000000 0.728325623 0.271674377
T:/ccrccrfrc: 0.000000000 0.420561610 0.579438390
T:/ccrccrfrf: 0.000000000 0.727504155 0.272495845
T:/ccrccrrcc: 0.000000000 0.860659724 0.139340276
T:/ccrccrrcf: 0.000000000 0.204981362 0.795018638
T:/ccrccrrfc: 0.000000000 0.150835037 0.849164963
T:/ccrccrrff: 0.000000000 0.388370289 0.611629711
T:/ccrcf: 0.385312991 0.444143169 0.170543840
T:/ccrcfrcr: 0.000000000 0.431717520 0.568282480
T:/ccrcfrfr: 0.000000000 0.059387033 0.940612967
T:/ccrcfrrc: 0.000000000 0.373183223 0.626816777
T:/ccrcfrrf: 0.000000000 0.199224290 0.800775710
T:/ccrcr: 0.000000000 0.369851450 0.630148550
T:/ccrcrccrc: 0.000000000 0.222292125 0.777707875
T:/ccrcrccrf: 0.000000000 0.570262346 0.429737654
T:/ccrcrcfrc: 0.000000000 0.622835586 0.377164414
T:/ccrcrcfrf: 0.000000000 0.222885846 0.777114154
T:/ccrcrcrcc: 0.000000000 0.777639296 0.222360704
T:/ccrcrcrcf: 0.000000000 0.198060300 0.801939700
T:/ccrcrcrfc: 0.000000000 0.462481011 0.537518989
T:/ccrcrcrff: 0.000000000 0.879372908 0.120627092
T:/ccrfc: 0.042941311 0.318740261 0.638318428
T:/ccrfcrcr: 0.000000000 0.596091637 0.403908363
T:/ccrfcrfr: 0.000000000 0.344706804 0.655293196
T:/ccrfcrrc: 0.000000000 0.420170249 0.579829751
T:/ccrfcrrf: 0.000000000 0.491508452 0.508491548
T:/ccrff: 0.158526670 0.127510903 0.713962428
T:/ccrffrr: 0.000000000 0.165222244 0.834777756
T:/ccrfr: 0.022349875 0.158034801 0.819615325
T:/ccrfrcrc: 0.000000000 0.328606949 0.671393051
T:/ccrfrcrf: 0.000000000 0.232898503 0.767101497
T:/ccrrc: 0.061931147 0.498098019 0.439970833
T:/ccrrccrcc: 0.000000000 0.875226926 0.124773074
T:/ccrrccrcf: 0.000000000 0.719210789 0.280789211
T:/ccrrccrfc: 0.000000000 0.069680024 0.930319976
T:/ccrrccrff: 0.000000000 0.915062976 0.084937024
T:/ccrrf: 0.409050361 0.226337394 0.364612245
T:/ccrrfcrc: 0.000000000 0.664556832 0.335443168
T:/ccrrfcrf: 0.000000000 0.622014498 0.377985502
T:/ccrrr: 0.000000000 0.457121459 0.542878541
T:/crccr: 0.365057600 0.282039756 0.352902644
T:/crccrccrc: 0.000000000 0.742243427 0.257756573
T:/crccrccrf: 0.000000000 0.426308755 0.573691245
T:/crccrcfrc: 0.000000000 0.354165525 0.645834475
T:/crccrcfrf: 0.000000000 0.699791783 0.300208217
T:/crccrcrcc: 0.000000000 0.854548389 0.145451611
T:/crccrcrcf: 0.000000000 0.514566839 0.485433161
T:/crccrcrfc: 0.000000000 0.081594193 0.918405807
T:/crccrcrff: 0.000000000 0.767210802 0.232789198
T:/crcfr: 0.000000530 0.000000236 0.999999233
T:/crcfrcrc: 0.000000000 0.836476012 0.163523988
T:/crcfrcrf: 0.000000000 0.507020524 0.492979476
T:/crcrc: 0.180313318 0.408310838 0.411375844
T:/crcrccrcc: 0.000000000 0.207437672 0.792562328
T:/crcrccrcf: 0.000000000 0.301669624 0.698330376
T:/crcrccrfc: 0.000000000 0.320543053 0.679456947
T:/crcrccrff: 0.000000000 0.785307734 0.214692266
T:/crcrf: 0.480071180 0.389626375 0.130302445
T:/crcrfcrc: 0.000000000 0.428273725 0.571726275
T:/crcrfcrf: 0.000000000 0.730085235 0.269914765
T:/crcrr: 0.000000000 0.543243339 0.456756661
T:/crfcr: 0.007441076 0.661450006 0.331108918
T:/crfcrcrc: 0.000000000 0.857806575 0.142193425
T:/crfcrcrf: 0.000000000 0.444960937 0.555039063
T:/crffr: 0.750143248 0.035403828 0.214452924
T:/crfrc: 0.115575871 0.501084701 0.383339427
T:/crfrf: 0.388781272 0.491572584 0.119646144
T:/crfrr: 0.000000000 0.697500139 0.302499861
T:/crrcc: 0.149965644 0.192184119 0.657850236
T:/crrcf: 0.390502117 0.253316810 0.356181072
T:/crrcr: 0.000000000 0.830873170 0.169126830
T:/crrfc: 0.000000025 0.226758005 0.773241971
T:/crrff: 0.436559070 0.222397369 0.341043561
T:/crrfr: 0.000000000 0.000000000 1.000000000
T:/crrrc: 0.000000000 0.694139319 0.305860681
T:/crrrf: 0.000000000 0.625433531 0.374566469
T:/r: 0.006281601 0.993718399 0.000000000
T:/rccrc: 0.112774809 0.355743027 0.531482164
T:/rccrccrcc: 0.000000000 0.202055560 0.797944440
T:/rccrccrcf: 0.000000000 0.425550023 0.574449977
T:/rccrccrfc: 0.000000000 0.259581079 0.740418921
T:/rccrccrff: 0.000000000 0.758416779 0.241583221
T:/rccrf: 0.258603677 0.275596133 0.465800190
T:/rccrfcrc: 0.000000000 0.789542754 0.210457246
T:/rccrfcrf: 0.000000000 0.486233679 0.513766321
T:/rccrr: 0.000000000 0.514090669 0.485909331
T:/rcfrc: 0.218197905 0.409044849 0.372757246
T:/rcfrf: 0.307587079 0.470854701 0.221558221
T:/rcfrr: 0.000000000 0.623415804 0.376584196
T:/rcrcc: 0.125149116 0.256913691 0.617937193
T:/rcrcf: 0.255669325 0.305011688 0.439318987
T:/rcrcr: 0.000000000 0.000000000 1.000000000
T:/rcrfc: 0.000000000 0.000000000 1.000000000
T:/rcrff: 0.296248406 0.240911270 0.462840324
T:/rcrfr: 0.000000000 0.000046812 0.999953188
T:/rcrrc: 0.000000000 0.764720535 0.235279465
T:/rcrrf: 0.000000000 0.729072559 0.270927441
T:/rrccr: 0.000000000 0.386192228 0.613807772
T:/rrcfr: 0.000000000 0.100588516 0.899411484
T:/rrcrc: 0.000000000 0.408084689 0.591915311
T:/rrcrf: 0.000000000 0.000000000 1.000000000
T:/rrfcr: 0.000000000 1.000000000 0.000000000
T:/rrffr: 0.000000000 0.244137784 0.755862216
T:/rrfrc: 0.000000000 0.000000000 1.000000000
T:/rrfrf: 0.000000000 0.489499683 0.510500317
T:/rrrcc: 0.000000000 0.000000000 1.000000000
T:/rrrcf: 0.000000000 0.000000000 1.000000000
T:/rrrfc: 0.000000000 0.398943732 0.601056268
T:/rrrff: 0.000000000 0.011037229 0.988962771
