A:/cc: 0.297206786 0.702793214 0.000000000
A:/cccrcc: 0.402299452 0.360580860 0.237119688
A:/cccrccrccr: 0.000000000 0.666456663 0.333543337
A:/cccrccrcfr: 0.000000000 0.486097186 0.513902814
A:/cccrccrcrc: 0.000000000 0.536855867 0.463144133
A:/cccrccrcrf: 0.000000000 0.485404210 0.514595790
A:/cccrccrfcr: 0.000000000 0.017198126 0.982801874
A:/cccrccrffr: 0.000000000 0.968503179 0.031496821
A:/cccrccrfrc: 0.000000000 0.416400865 0.583599135
A:/cccrccrfrf: 0.000000000 0.847871420 0.152128580
A:/cccrccrrcc: 0.000000000 0.503336109 0.496663891
A:/cccrccrrcf: 0.000000000 0.915455420 0.084544580
A:/cccrccrrfc: 0.000000000 0.112856987 0.887143013
A:/cccrccrrff: 0.000000000 0.830064632 0.169935368
A:/cccrcf: 0.116391312 0.842896863 0.040711825
A:/cccrcfrcr: 0.000000000 0.104479822 0.895520178
A:/cccrcfrfr: 0.000000000 0.550881510 0.449118490
A:/cccrcfrrc: 0.000000000 0.762898189 0.237101811
A:/cccrcfrrf: 0.000000000 0.862926588 0.137073412
A:/cccrcr: 0.323416791 0.313653673 0.362929536
A:/cccrcrccrc: 0.000000000 0.824447993 0.175552007
A:/cccrcrccrf: 0.000000000 0.419157962 0.580842038
A:/cccrcrcfrc: 0.000000000 0.910246336 0.089753664
A:/cccrcrcfrf: 0.000000000 0.952343289 0.047656711
A:/cccrcrcrcc: 0.000000000 0.815066332 0.184933668
A:/cccrcrcrcf: 0.000000000 0.325554960 0.674445040
A:/cccrcrcrfc: 0.000000000 0.236687942 0.763312058
A:/cccrcrcrff: 0.000000000 0.672354578 0.327645422
A:/cccrfc: 0.101521926 0.695881153 0.202596921
A:/cccrfcrcr: 0.000000000 0.391338262 0.608661738
A:/cccrfcrfr: 0.000000000 0.347309648 0.652690352
A:/cccrfcrrc: 0.000000000 0.774424839 0.225575161
A:/cccrfcrrf: 0.000000000 0.165756239 0.834243761
A:/cccrff: 0.051321036 0.592626662 0.356052302
A:/cccrffrr: 0.000000000 0.642989435 0.357010565
A:/cccrfr: 0.531109810 0.000652794 0.468237396
A:/cccrfrcrc: 0.000000000 0.712138332 0.287861668
A:/cccrfrcrf: 0.000000000 0.774734889 0.225265111
A:/cccrrc: 0.300260384 0.461229709 0.238509907
A:/cccrrccrcc: 0.000000000 0.791484371 0.208515629
A:/cccrrccrcf: 0.000000000 0.345078643 0.654921357
A:/cccrrccrfc: 0.000000000 0.714440163 0.285559837
A:/cccrrccrff: 0.000000000 0.274183153 0.725816847
A:/cccrrf: 0.403534905 0.262753549 0.333711547
A:/cccrrfcrc: 0.000000000 0.675835097 0.324164903
A:/cccrrfcrf: 0.000000000 0.096152930 0.903847070
A:/cccrrr: 0.000000000 0.797406504 0.202593496
A:/ccrccr: 0.231321204 0.160766541 0.607912255
A:/ccrccrccrc: 0.000000000 0.232572189 0.767427811
A:/ccrccrccrf: 0.000000000 0.776007594 0.223992406
A:/ccrccrcfrc: 0.000000000 0.355127730 0.644872270
A:/ccrccrcfrf: 0.000000000 0.759468150 0.240531850
A:/ccrccrcrcc: 0.000000000 0.597713974 0.402286026
A:/ccrccrcrcf: 0.000000000 0.193943766 0.806056234
A:/ccrccrcrfc: 0.000000000 0.270906453 0.729093547
A:/ccrccrcrff: 0.000000000 0.624161862 0.375838138
A:/ccrcfr: 0.079590978 0.384871251 0.535537772
A:/ccrcfrcrc: 0.000000000 0.850648781 0.149351219
A:/ccrcfrcrf: 0.000000000 0.487318592 0.512681408
A:/ccrcrc: 0.611412551 0.038713563 0.349873887
A:/ccrcrccrcc: 0.000000000 0.595819012 0.404180988
A:/ccrcrccrcf: 0.000000000 0.207167036 0.792832964
A:/ccrcrccrfc: 0.000000000 0.736283721 0.263716279
A:/ccrcrccrff: 0.000000000 0.163775237 0.836224763
A:/ccrcrf: 0.217497350 0.496554561 0.285948089
A:/ccrcrfcrc: 0.000000000 0.293967081 0.706032919
A:/ccrcrfcrf: 0.000000000 0.737785783 0.262214217
A:/ccrcrr: 0.000000000 0.526631750 0.473368250
A:/ccrfcr: 0.272160931 0.485682198 0.242156871
A:/ccrfcrcrc: 0.000000000 0.686481749 0.313518251
A:/ccrfcrcrf: 0.000000000 0.475280070 0.524719930
A:/ccrffr: 0.506284710 0.327227692 0.166487599
A:/ccrfrc: 0.493128374 0.365326403 0.141545223
A:/ccrfrf: 0.339348005 0.344225787 0.316426207
A:/ccrfrr: 0.000000000 0.913892514 0.086107486
A:/ccrrcc: 0.419633754 0.075015726 0.505350520
A:/ccrrcf: 0.168172786 0.467753779 0.364073435
A:/ccrrcr: 0.000000000 0.773854881 0.226145119
A:/ccrrfc: 0.397295474 0.262362860 0.340341665
A:/ccrrff: 0.220670813 0.052932872 0.726396315
A:/ccrrfr: 0.000000000 0.328507803 0.671492197
A:/ccrrrc: 0.000000000 0.045696700 0.954303300
A:/ccrrrf: 0.000000000 0.420689312 0.579310688
A:/cr: 0.202340912 0.290650532 0.507008556
A:/crccrc: 0.223223750 0.196240867 0.580535383
A:/crccrccrcc: 0.000000000 0.942167715 0.057832285
A:/crccrccrcf: 0.000000000 0.560858146 0.439141854
A:/crccrccrfc: 0.000000000 0.731297590 0.268702410
A:/crccrccrff: 0.000000000 0.208286388 0.791713612
A:/crccrf: 0.325566994 0.462634594 0.211798412
A:/crccrfcrc: 0.000000000 0.476163896 0.523836104
A:/crccrfcrf: 0.000000000 0.655635470 0.344364530
A:/crccrr: 0.000000000 0.846494079 0.153505921
A:/crcfrc: 0.245811565 0.389435094 0.364753340
A:/crcfrf: 0.134410458 0.525645693 0.339943849
A:/crcfrr: 0.000000000 0.406393491 0.593606509
A:/crcrcc: 0.502948553 0.282542446 0.214509000
A:/crcrcf: 0.238837045 0.340721037 0.420441918
A:/crcrcr: 0.000000000 0.783832015 0.216167985
A:/crcrfc: 0.246877479 0.000000000 0.753122521
A:/crcrff: 0.151166021 0.287675529 0.561158450
A:/crcrfr: 0.000000000 0.066202727 0.933797273
A:/crcrrc: 0.000000000 0.394649328 0.605350672
A:/crcrrf: 0.000000000 0.998332558 0.001667442
A:/crrccr: 0.000000000 0.612489620 0.387510380
A:/crrcfr: 0.000000000 0.050777674 0.949222326
A:/crrcrc: 0.000000000 0.446242214 0.553757786
A:/crrcrf: 0.000000000 0.139170098 0.860829902
A:/crrfcr: 0.000000000 0.412841188 0.587158812
A:/crrffr: 0.000000000 0.738171762 0.261828238
A:/crrfrc: 0.000000000 0.065587966 0.934412034
A:/crrfrf: 0.000000000 0.656520462 0.343479538
A:/crrrcc: 0.000000000 0.834571701 0.165428299
A:/crrrcf: 0.000000000 0.198212384 0.801787616
A:/crrrfc: 0.000000000 0.642376240 0.357623760
A:/crrrff: 0.000000000 0.572885497 0.427114503
A:/rc: 0.141133151 0.858866849 0.000000000
A:/rccrcc: 0.403066898 0.343789922 0.253143179
A:/rccrcf: 0.300435236 0.300443340 0.399121424
A:/rccrcr: 0.000000000 0.307436214 0.692563786
A:/rccrfc: 0.487765884 0.253616293 0.258617823
A:/rccrff: 0.351026888 0.475721629 0.173251483
A:/rccrfr: 0.000000000 0.675816750 0.324183250
A:/rccrrc: 0.000000000 0.838672324 0.161327676
A:/rccrrf: 0.000000000 0.785974344 0.214025656
A:/rcrccr: 0.000000000 0.956002568 0.043997432
A:/rcrcfr: 0.000000000 0.765226241 0.234773759
A:/rcrcrc: 0.000000000 0.254716807 0.745283193
A:/rcrcrf: 0.000000000 0.494180059 0.505819941
A:/rcrfcr: 0.000000000 0.992912670 0.007087330
A:/rcrffr: 0.000000000 0.728995446 0.271004554
A:/rcrfrc: 0.000000000 0.890953528 0.109046472
A:/rcrfrf: 0.000000000 0.355822263 0.644177737
A:/rcrrcc: 0.000000000 0.395239014 0.604760986
A:/rcrrcf: 0.000000000 0.769757550 0.230242450
A:/rcrrfc: 0.000000000 0.901620465 0.098379535
A:/rcrrff: 0.000000000 0.796985395 0.203014605
A:/rf: 0.153082388 0.846917210 0.000000402
A:/rfcrc: 0.452796604 0.547197352 0.000006044
A:/rfcrf: 0.504566898 0.495433102 0.000000000
A:/rfcrr: 0.000000000 0.740329848 0.259670152
A:/rfrcr: 0.000000000 0.386055523 0.613944477
A:/rfrfr: 0.000000000 0.020154161 0.979845839
A:/rfrrc: 0.000000000 0.757472937 0.242527063
A:/rfrrf: 0.000000000 0.980729620 0.019270380
A:/rr: 0.575769450 0.424228976 0.000001574
A:/rrccrc: 0.000000000 0.352113108 0.647886892
A:/rrccrf: 0.000000000 0.743201335 0.256798665
A:/rrcfrc: 0.000000000 0.466692436 0.533307564
A:/rrcfrf: 0.000000000 0.472297003 0.527702997
A:/rrcrcc: 0.000000000 0.597845921 0.402154079
A:/rrcrcf: 0.000000000 0.821571869 0.178428131
A:/rrcrfc: 0.000000000 0.659844924 0.340155076
A:/rrcrff: 0.000000000 0.926842723 0.073157277
J:/cc: 0.672685418 0.327314582 0.000000000
J:/cccrcc: 0.241097284 0.446096032 0.312806685
J:/cccrccrccr: 0.000000000 0.830442572 0.169557428
J:/cccrccrcfr: 0.000000000 0.285593842 0.714406158
J:/cccrccrcrc: 0.000000000 0.536891694 0.463108306
J:/cccrccrcrf: 0.000000000 0.458232957 0.541767043
J:/cccrccrfcr: 0.000000000 0.498322525 0.501677475
J:/cccrccrffr: 0.000000000 0.181294806 0.818705194
J:/cccrccrfrc: 0.000000000 0.441708695 0.558291305
J:/cccrccrfrf: 0.000000000 0.767415481 0.232584519
J:/cccrccrrcc: 0.000000000 0.737614695 0.262385305
J:/cccrccrrcf: 0.000000000 0.762858476 0.237141524
J:/cccrccrrfc: 0.000000000 0.726472535 0.273527465
J:/cccrccrrff: 0.000000000 0.683332535 0.316667465
J:/cccrcf: 0.038862574 0.627965684 0.333171743
J:/cccrcfrcr: 0.000000000 0.477866739 0.522133261
J:/cccrcfrfr: 0.000000000 0.442302221 0.557697779
J:/cccrcfrrc: 0.000000000 0.651677221 0.348322779
J:/cccrcfrrf: 0.000000000 0.747876364 0.252123636
J:/cccrcr: 0.292115843 0.356008972 0.351875185
J:/cccrcrccrc: 0.000000000 0.510298586 0.489701414
J:/cccrcrccrf: 0.000000000 0.450321968 0.549678032
J:/cccrcrcfrc: 0.000000000 0.516898017 0.483101983
J:/cccrcrcfrf: 0.000000000 0.961507479 0.038492521
J:/cccrcrcrcc: 0.000000000 0.440674621 0.559325379
J:/cccrcrcrcf: 0.000000000 0.652376851 0.347623149
J:/cccrcrcrfc: 0.000000000 0.511788863 0.488211137
J:/cccrcrcrff: 0.000000000 0.742782586 0.257217414
J:/cccrfc: 0.015674877 0.055507935 0.928817188
J:/cccrfcrcr: 0.000000000 0.340735246 0.659264754
J:/cccrfcrfr: 0.000000000 0.360083705 0.639916295
J:/cccrfcrrc: 0.000000000 0.921414424 0.078585576
J:/cccrfcrrf: 0.000000000 0.811374269 0.188625731
J:/cccrff: 0.222240035 0.431073259 0.346686706
J:/cccrffrr: 0.000000000 0.812208989 0.187791011
J:/cccrfr: 0.089027950 0.399864186 0.511107864
J:/cccrfrcrc: 0.000000000 0.004237117 0.995762883
J:/cccrfrcrf: 0.000000000 0.477888788 0.522111212
J:/cccrrc: 0.152442832 0.390365855 0.457191312
J:/cccrrccrcc: 0.000000000 0.516321051 0.483678949
J:/cccrrccrcf: 0.000000000 0.585219841 0.414780159
J:/cccrrccrfc: 0.000000000 0.328355089 0.671644911
J:/cccrrccrff: 0.000000000 0.246801906 0.753198094
J:/cccrrf: 0.000000000 0.474745730 0.525254270
J:/cccrrfcrc: 0.000000000 0.689209035 0.310790965
J:/cccrrfcrf: 0.000000000 0.371136959 0.628863041
J:/cccrrr: 0.000000000 0.198648005 0.801351995
J:/ccrccr: 0.213299775 0.351270424 0.435429801
J:/ccrccrccrc: 0.000000000 0.554158876 0.445841124
J:/ccrccrccrf: 0.000000000 0.608482635 0.391517365
J:/ccrccrcfrc: 0.000000000 0.427913404 0.572086596
J:/ccrccrcfrf: 0.000000000 0.386609756 0.613390244
J:/ccrccrcrcc: 0.000000000 0.534151793 0.465848207
J:/ccrccrcrcf: 0.000000000 0.481942871 0.518057129
J:/ccrccrcrfc: 0.000000000 0.474275770 0.525724230
J:/ccrccrcrff: 0.000000000 0.542887399 0.457112601
J:/ccrcfr: 0.311205646 0.317537819 0.371256535
J:/ccrcfrcrc: 0.000000000 0.415195451 0.584804549
J:/ccrcfrcrf: 0.000000000 0.495633384 0.504366616
J:/ccrcrc: 0.239449039 0.089175665 0.671375296
J:/ccrcrccrcc: 0.000000000 0.709070855 0.290929145
J:/ccrcrccrcf: 0.000000000 0.107752951 0.892247049
J:/ccrcrccrfc: 0.000000000 0.565854226 0.434145774
J:/ccrcrccrff: 0.000000000 0.244006025 0.755993975
J:/ccrcrf: 0.382145728 0.608081894 0.009772377
J:/ccrcrfcrc: 0.000000000 0.811630714 0.188369286
J:/ccrcrfcrf: 0.000000000 0.449767077 0.550232923
J:/ccrcrr: 0.000000000 0.481446158 0.518553842
J:/ccrfcr: 0.080071742 0.394898546 0.525029712
J:/ccrfcrcrc: 0.000000000 0.072418326 0.927581674
J:/ccrfcrcrf: 0.000000000 0.541055489 0.458944511
J:/ccrffr: 0.217066467 0.418432946 0.364500587
J:/ccrfrc: 0.406822011 0.493705307 0.099472682
J:/ccrfrf: 0.407370476 0.434671200 0.157958324
J:/ccrfrr: 0.000000000 0.139435731 0.860564269
J:/ccrrcc: 0.551461727 0.088490739 0.360047533
J:/ccrrcf: 0.447902902 0.196584006 0.355513092
J:/ccrrcr: 0.000000000 0.742540761 0.257459239
J:/ccrrfc: 0.067684426 0.078417614 0.853897960
J:/ccrrff: 0.303170763 0.220455398 0.476373840
J:/ccrrfr: 0.000000000 0.742250982 0.257749018
J:/ccrrrc: 0.000000000 0.500266337 0.499733663
J:/ccrrrf: 0.000000000 0.457599217 0.542400783
J:/cr: 0.515839353 0.484157118 0.000003530
J:/crccrc: 0.344961385 0.572448611 0.082590004
J:/crccrccrcc: 0.000000000 0.490038282 0.509961718
J:/crccrccrcf: 0.000000000 0.557727118 0.442272882
J:/crccrccrfc: 0.000000000 0.735184777 0.264815223
J:/crccrccrff: 0.000000000 0.289779744 0.710220256
J:/crccrf: 0.377420329 0.314582479 0.307997192
J:/crccrfcrc: 0.000000000 0.226705168 0.773294832
J:/crccrfcrf: 0.000000000 0.537332948 0.462667052
J:/crccrr: 0.000000000 0.577452523 0.422547477
J:/crcfrc: 0.148255432 0.654019552 0.197725016
J:/crcfrf: 0.049144266 0.546232425 0.404623309
J:/crcfrr: 0.000000000 0.861307469 0.138692531
J:/crcrcc: 0.229029361 0.542566850 0.228403789
J:/crcrcf: 0.506264799 0.392020307 0.101714893
J:/crcrcr: 0.000000000 0.529336547 0.470663453
J:/crcrfc: 0.361964390 0.510992268 0.127043342
J:/crcrff: 0.154161523 0.709428230 0.136410247
J:/crcrfr: 0.000000000 0.240108066 0.759891934
J:/crcrrc: 0.000000000 0.514036324 0.485963676
J:/crcrrf: 0.000000000 0.758009051 0.241990949
J:/crrccr: 0.000000000 0.556936225 0.443063775
J:/crrcfr: 0.000000000 0.459742855 0.540257145
J:/crrcrc: 0.000000000 0.161811525 0.838188475
J:/crrcrf: 0.000000000 0.748867356 0.251132644
J:/crrfcr: 0.000000000 0.205730054 0.794269946
J:/crrffr: 0.000000000 0.396771454 0.603228546
J:/crrfrc: 0.000000000 0.087774111 0.912225889
J:/crrfrf: 0.000000000 0.430329245 0.569670755
J:/crrrcc: 0.000000000 0.557359832 0.442640168
J:/crrrcf: 0.000000000 0.156203634 0.843796366
J:/crrrfc: 0.000000000 0.394110896 0.605889104
J:/crrrff: 0.000000000 0.267548562 0.732451438
J:/rc: 0.000000000 0.000000000 1.000000000
J:/rccrcc: 0.004114513 0.350771112 0.645114375
J:/rccrcf: 0.164470113 0.145507407 0.690022480
J:/rccrcr: 0.000000000 0.097336953 0.902663047
J:/rccrfc: 0.034932283 0.263217585 0.701850131
J:/rccrff: 0.000000000 0.000000000 1.000000000
J:/rccrfr: 0.000000000 0.000000000 1.000000000
J:/rccrrc: 0.000000000 0.000000000 1.000000000
J:/rccrrf: 0.000000000 0.449234166 0.550765834
J:/rcrccr: 0.000000000 0.414516102 0.585483898
J:/rcrcfr: 0.000000000 0.225054566 0.774945434
J:/rcrcrc: 0.000000000 0.513387993 0.486612007
J:/rcrcrf: 0.000000000 0.919806950 0.080193050
J:/rcrfcr: 0.000000000 0.249843385 0.750156615
J:/rcrffr: 0.000000000 0.314238848 0.685761152
J:/rcrfrc: 0.000000000 0.000000000 1.000000000
J:/rcrfrf: 0.000000000 0.305190292 0.694809708
J:/rcrrcc: 0.000000000 0.254293997 0.745706003
J:/rcrrcf: 0.000000000 0.269297223 0.730702777
J:/rcrrfc: 0.000000000 0.426593340 0.573406660
J:/rcrrff: 0.000000000 0.002481322 0.997518678
J:/rf: 0.000000000 0.562035434 0.437964566
J:/rfcrc: 0.457408588 0.277294300 0.265297112
J:/rfcrf: 0.405756339 0.325900039 0.268343622
J:/rfcrr: 0.000000000 0.459774372 0.540225628
J:/rfrcr: 0.000000000 0.306867464 0.693132536
J:/rfrfr: 0.000000000 0.346334106 0.653665894
J:/rfrrc: 0.000000000 0.574829227 0.425170773
J:/rfrrf: 0.000000000 0.444184957 0.555815043
J:/rr: 0.000000000 0.000000000 1.000000000
J:/rrccrc: 0.000000000 0.000000000 1.000000000
J:/rrccrf: 0.000000000 0.999999988 0.000000012
J:/rrcfrc: 0.000000000 0.277516259 0.722483741
J:/rrcfrf: 0.000000000 0.413145243 0.586854757
J:/rrcrcc: 0.000000000 0.157201334 0.842798666
J:/rrcrcf: 0.000000000 0.987254280 0.012745720
J:/rrcrfc: 0.000000000 0.448625360 0.551374640
J:/rrcrff: 0.000000000 0.999998932 0.000001068
K:/cc: 0.488659288 0.511340712 0.000000000
K:/cccrcc: 0.170140404 0.720336453 0.109523143
K:/cccrccrccr: 0.000000000 0.667766283 0.332233717
K:/cccrccrcfr: 0.000000000 0.513647965 0.486352035
K:/cccrccrcrc: 0.000000000 0.534554136 0.465445864
K:/cccrccrcrf: 0.000000000 0.067900822 0.932099178
K:/cccrccrfcr: 0.000000000 0.668985566 0.331014434
K:/cccrccrffr: 0.000000000 0.709966535 0.290033465
K:/cccrccrfrc: 0.000000000 0.083091710 0.916908290
K:/cccrccrfrf: 0.000000000 0.745572237 0.254427763
K:/cccrccrrcc: 0.000000000 0.849264352 0.150735648
K:/cccrccrrcf: 0.000000000 0.451502651 0.548497349
K:/cccrccrrfc: 0.000000000 0.211999276 0.788000724
K:/cccrccrrff: 0.000000000 0.305455721 0.694544279
K:/cccrcf: 0.340583290 0.501593313 0.157823397
K:/cccrcfrcr: 0.000000000 0.747010553 0.252989447
K:/cccrcfrfr: 0.000000000 0.881300752 0.118699248
K:/cccrcfrrc: 0.000000000 0.751184366 0.248815634
K:/cccrcfrrf: 0.000000000 0.566453476 0.433546524
K:/cccrcr: 0.224094027 0.499667885 0.276238088
K:/cccrcrccrc: 0.000000000 0.500820036 0.499179964
K:/cccrcrccrf: 0.000000000 0.256231468 0.743768532
K:/cccrcrcfrc: 0.000000000 0.130656620 0.869343380
K:/cccrcrcfrf: 0.000000000 0.497268611 0.502731389
K:/cccrcrcrcc: 0.000000000 0.279504409 0.720495591
K:/cccrcrcrcf: 0.000000000 0.418650914 0.581349086
K:/cccrcrcrfc: 0.000000000 0.431642635 0.568357365
K:/cccrcrcrff: 0.000000000 0.537337206 0.462662794
K:/cccrfc: 0.159546760 0.604205601 0.236247639
K:/cccrfcrcr: 0.000000000 0.311925113 0.688074887
K:/cccrfcrfr: 0.000000000 0.278986774 0.721013226
K:/cccrfcrrc: 0.000000000 0.604737638 0.395262362
K:/cccrfcrrf: 0.000000000 0.750750392 0.249249608
K:/cccrff: 0.370249311 0.263537146 0.366213543
K:/cccrffrr: 0.000000000 0.481115631 0.518884369
K:/cccrfr: 0.277438532 0.228661820 0.493899648
K:/cccrfrcrc: 0.000000000 0.370572231 0.629427769
K:/cccrfrcrf: 0.000000000 0.487114546 0.512885454
K:/cccrrc: 0.053032313 0.454320374 0.492647314
K:/cccrrccrcc: 0.000000000 0.272085267 0.727914733
K:/cccrrccrcf: 0.000000000 0.636898687 0.363101313
K:/cccrrccrfc: 0.000000000 0.164426842 0.835573158
K:/cccrrccrff: 0.000000000 0.723823402 0.276176598
K:/cccrrf: 0.259025774 0.418607722 0.322366504
K:/cccrrfcrc: 0.000000000 0.576587251 0.423412749
K:/cccrrfcrf: 0.000000000 0.469088539 0.530911461
K:/cccrrr: 0.000000000 0.480960743 0.519039257
K:/ccrccr: 0.430477020 0.151886770 0.417636210
K:/ccrccrccrc: 0.000000000 0.224811900 0.775188100
K:/ccrccrccrf: 0.000000000 0.887956546 0.112043454
K:/ccrccrcfrc: 0.000000000 0.514522567 0.485477433
K:/ccrccrcfrf: 0.000000000 0.421005068 0.578994932
K:/ccrccrcrcc: 0.000000000 0.206625373 0.793374627
K:/ccrccrcrcf: 0.000000000 0.158412637 0.841587363
K:/ccrccrcrfc: 0.000000000 0.394384109 0.605615891
K:/ccrccrcrff: 0.000000000 0.247270471 0.752729529
K:/ccrcfr: 0.376576094 0.163176129 0.460247777
K:/ccrcfrcrc: 0.000000000 0.937576620 0.062423380
K:/ccrcfrcrf: 0.000000000 0.419305391 0.580694609
K:/ccrcrc: 0.026955647 0.517435178 0.455609175
K:/ccrcrccrcc: 0.000000000 0.967782146 0.032217854
K:/ccrcrccrcf: 0.000000000 0.080993122 0.919006878
K:/ccrcrccrfc: 0.000000000 0.510213386 0.489786614
K:/ccrcrccrff: 0.000000000 0.920294656 0.079705344
K:/ccrcrf: 0.587931010 0.234963572 0.177105418
K:/ccrcrfcrc: 0.000000000 0.227511484 0.772488516
K:/ccrcrfcrf: 0.000000000 0.295579458 0.704420542
K:/ccrcrr: 0.000000000 0.531755069 0.468244931
K:/ccrfcr: 0.110532975 0.298394073 0.591072952
K:/ccrfcrcrc: 0.000000000 0.415977223 0.584022777
K:/ccrfcrcrf: 0.000000000 0.379405812 0.620594188
K:/ccrffr: 0.346728482 0.146963284 0.506308234
K:/ccrfrc: 0.426837261 0.223993237 0.349169502
K:/ccrfrf: 0.050222935 0.795465628 0.154311437
K:/ccrfrr: 0.000000000 0.955383886 0.044616114
K:/ccrrcc: 0.208449985 0.354703651 0.436846364
K:/ccrrcf: 0.364712100 0.589227062 0.046060838
K:/ccrrcr: 0.000000000 0.543392114 0.456607886
K:/ccrrfc: 0.481941155 0.303923390 0.214135455
K:/ccrrff: 0.312715806 0.113428445 0.573855749
K:/ccrrfr: 0.000000000 0.589636239 0.410363761
K:/ccrrrc: 0.000000000 0.487503678 0.512496322
K:/ccrrrf: 0.000000000 0.715689821 0.284310179
K:/cr: 0.255385820 0.744614180 0.000000000
K:/crccrc: 0.333425890 0.341429709 0.325144401
K:/crccrccrcc: 0.000000000 0.542920216 0.457079784
K:/crccrccrcf: 0.000000000 0.936844907 0.063155093
K:/crccrccrfc: 0.000000000 0.040670604 0.959329396
K:/crccrccrff: 0.000000000 0.025539485 0.974460515
K:/crccrf: 0.413129596 0.486095490 0.100774915
K:/crccrfcrc: 0.000000000 0.567743282 0.432256718
K:/crccrfcrf: 0.000000000 0.121049591 0.878950409
K:/crccrr: 0.000000000 0.706260565 0.293739435
K:/crcfrc: 0.212683899 0.386134154 0.401181946
K:/crcfrf: 0.014736827 0.863317965 0.121945208
K:/crcfrr: 0.000000000 0.868595722 0.131404278
K:/crcrcc: 0.444496563 0.079561446 0.475941991
K:/crcrcf: 0.374487420 0.625512580 0.000000000
K:/crcrcr: 0.000000000 0.918442092 0.081557908
K:/crcrfc: 0.524321081 0.236142314 0.239536605
K:/crcrff: 0.155178543 0.389735374 0.455086083
K:/crcrfr: 0.000000000 0.755876700 0.244123300
K:/crcrrc: 0.000000000 0.932478206 0.067521794
K:/crcrrf: 0.000000000 0.745834179 0.254165821
K:/crrccr: 0.000000000 0.329406030 0.670593970
K:/crrcfr: 0.000000000 0.255315500 0.744684500
K:/crrcrc: 0.000000000 0.247223683 0.752776317
K:/crrcrf: 0.000000000 0.747845532 0.252154468
K:/crrfcr: 0.000000000 0.543417813 0.456582187
K:/crrffr: 0.000000000 0.436273660 0.563726340
K:/crrfrc: 0.000000000 0.335697772 0.664302228
K:/crrfrf: 0.000000000 0.787449332 0.212550668
K:/crrrcc: 0.000000000 0.541638842 0.458361158
K:/crrrcf: 0.000000000 0.133998640 0.866001360
K:/crrrfc: 0.000000000 0.061345517 0.938654483
K:/crrrff: 0.000000000 0.228280367 0.771719633
K:/rc: 0.000000000 0.002135836 0.997864164
K:/rccrcc: 0.246539906 0.459479748 0.293980347
K:/rccrcf: 0.374843537 0.175235046 0.449921417
K:/rccrcr: 0.000000000 0.849866412 0.150133588
K:/rccrfc: 0.001527815 0.002397478 0.996074707
K:/rccrff: 0.000214412 0.004217924 0.995567664
K:/rccrfr: 0.000000000 0.000226158 0.999773842
K:/rccrrc: 0.000000000 0.000070274 0.999929726
K:/rccrrf: 0.000000000 0.000000000 1.000000000
K:/rcrccr: 0.000000000 0.721415989 0.278584011
K:/rcrcfr: 0.000000000 0.583098538 0.416901462
K:/rcrcrc: 0.000000000 0.659983820 0.340016180
K:/rcrcrf: 0.000000000 0.972619846 0.027380154
K:/rcrfcr: 0.000000000 0.030830360 0.969169640
K:/rcrffr: 0.000000000 0.001430756 0.998569244
K:/rcrfrc: 0.000000000 0.000000000 1.000000000
K:/rcrfrf: 0.000000000 0.390329463 0.609670537
K:/rcrrcc: 0.000000000 0.424902678 0.575097322
K:/rcrrcf: 0.000000000 0.245592527 0.754407473
K:/rcrrfc: 0.000000000 0.401289673 0.598710327
K:/rcrrff: 0.000000000 0.000055210 0.999944790
K:/rf: 0.000161942 0.732279024 0.267559034
K:/rfcrc: 0.266839742 0.391494632 0.341665627
K:/rfcrf: 0.634034522 0.116058366 0.249907112
K:/rfcrr: 0.000000000 0.504231188 0.495768812
K:/rfrcr: 0.000000000 0.540211009 0.459788991
K:/rfrfr: 0.000000000 0.176900891 0.823099109
K:/rfrrc: 0.000000000 0.692765519 0.307234481
K:/rfrrf: 0.000000000 0.886186169 0.113813831
K:/rr: 0.001442848 0.000000000 0.998557152
K:/rrccrc: 0.000000000 0.472434827 0.527565173
K:/rrccrf: 0.000000000 0.569439678 0.430560322
K:/rrcfrc: 0.000000000 0.416656584 0.583343416
K:/rrcfrf: 0.000000000 0.549931210 0.450068790
K:/rrcrcc: 0.000000000 0.355449394 0.644550606
K:/rrcrcf: 0.000000000 0.742024918 0.257975082
K:/rrcrfc: 0.000000000 0.186635620 0.813364380
K:/rrcrff: 0.000000000 1.000000000 0.000000000
Q:/cc: 0.568581304 0.431418696 0.000000000
Q:/cccrcc: 0.000143009 0.078796150 0.921060840
Q:/cccrccrccr: 0.000000000 0.115494370 0.884505630
Q:/cccrccrcfr: 0.000000000 0.135790463 0.864209537
Q:/cccrccrcrc: 0.000000000 0.452988029 0.547011971
Q:/cccrccrcrf: 0.000000000 0.794661071 0.205338929
Q:/cccrccrfcr: 0.000000000 0.174939965 0.825060035
Q:/cccrccrffr: 0.000000000 0.013587418 0.986412582
Q:/cccrccrfrc: 0.000000000 0.872001466 0.127998534
Q:/cccrccrfrf: 0.000000000 0.446540080 0.553459920
Q:/cccrccrrcc: 0.000000000 0.343337090 0.656662910
Q:/cccrccrrcf: 0.000000000 0.579166580 0.420833420
Q:/cccrccrrfc: 0.000000000 0.255703099 0.744296901
Q:/cccrccrrff: 0.000000000 0.294872623 0.705127377
Q:/cccrcf: 0.395026194 0.169527899 0.435445906
Q:/cccrcfrcr: 0.000000000 0.689659287 0.310340713
Q:/cccrcfrfr: 0.000000000 0.234269780 0.765730220
Q:/cccrcfrrc: 0.000000000 0.411277596 0.588722404
Q:/cccrcfrrf: 0.000000000 0.269514107 0.730485893
Q:/cccrcr: 0.763574402 0.130056790 0.106368807
Q:/cccrcrccrc: 0.000000000 0.603418049 0.396581951
Q:/cccrcrccrf: 0.000000000 0.940795743 0.059204257
Q:/cccrcrcfrc: 0.000000000 0.541270414 0.458729586
Q:/cccrcrcfrf: 0.000000000 0.545172927 0.454827073
Q:/cccrcrcrcc: 0.000000000 0.321329071 0.678670929
Q:/cccrcrcrcf: 0.000000000 0.828237741 0.171762259
Q:/cccrcrcrfc: 0.000000000 0.511682213 0.488317787
Q:/cccrcrcrff: 0.000000000 0.933858591 0.066141409
Q:/cccrfc: 0.522549120 0.370748356 0.106702524
Q:/cccrfcrcr: 0.000000000 0.184635469 0.815364531
Q:/cccrfcrfr: 0.000000000 0.445846140 0.554153860
Q:/cccrfcrrc: 0.000000000 0.238060743 0.761939257
Q:/cccrfcrrf: 0.000000000 0.365766200 0.634233800
Q:/cccrff: 0.450072608 0.501219751 0.048707642
Q:/cccrffrr: 0.000000000 0.231177797 0.768822203
Q:/cccrfr: 0.652875065 0.011150738 0.335974197
Q:/cccrfrcrc: 0.000000000 0.773136407 0.226863593
Q:/cccrfrcrf: 0.000000000 0.746666024 0.253333976
Q:/cccrrc: 0.258776829 0.334186704 0.407036467
Q:/cccrrccrcc: 0.000000000 0.617876704 0.382123296
Q:/cccrrccrcf: 0.000000000 0.333701685 0.666298315
Q:/cccrrccrfc: 0.000000000 0.424275069 0.575724931
Q:/cccrrccrff: 0.000000000 0.945234669 0.054765331
Q:/cccrrf: 0.388275874 0.425139979 0.186584147
Q:/cccrrfcrc: 0.000000000 0.321608335 0.678391665
Q:/cccrrfcrf: 0.000000000 0.062431120 0.937568880
Q:/cccrrr: 0.000000000 0.414918496 0.585081504
Q:/ccrccr: 0.280659549 0.359012287 0.360328164
Q:/ccrccrccrc: 0.000000000 0.006968291 0.993031709
Q:/ccrccrccrf: 0.000000000 0.108667050 0.891332950
Q:/ccrccrcfrc: 0.000000000 0.593204470 0.406795530
Q:/ccrccrcfrf: 0.000000000 0.358178115 0.641821885
Q:/ccrccrcrcc: 0.000000000 0.562204686 0.437795314
Q:/ccrccrcrcf: 0.000000000 0.964793937 0.035206063
Q:/ccrccrcrfc: 0.000000000 0.483337565 0.516662435
Q:/ccrccrcrff: 0.000000000 0.809425312 0.190574688
Q:/ccrcfr: 0.042435309 0.240491563 0.717073129
Q:/ccrcfrcrc: 0.000000000 0.460573380 0.539426620
Q:/ccrcfrcrf: 0.000000000 0.178886067 0.821113933
Q:/ccrcrc: 0.266813499 0.316702276 0.416484225
Q:/ccrcrccrcc: 0.000000000 0.711271490 0.288728510
Q:/ccrcrccrcf: 0.000000000 0.569738272 0.430261728
Q:/ccrcrccrfc: 0.000000000 0.506865063 0.493134937
Q:/ccrcrccrff: 0.000000000 0.783755939 0.216244061
Q:/ccrcrf: 0.381732429 0.287422629 0.330844942
Q:/ccrcrfcrc: 0.000000000 0.617233709 0.382766291
Q:/ccrcrfcrf: 0.000000000 0.413961660 0.586038340
Q:/ccrcrr: 0.000000000 0.368413540 0.631586460
Q:/ccrfcr: 0.204177291 0.259210034 0.536612675
Q:/ccrfcrcrc: 0.000000000 0.315576539 0.684423461
Q:/ccrfcrcrf: 0.000000000 0.495482486 0.504517514
Q:/ccrffr: 0.379239652 0.563790557 0.056969791
Q:/ccrfrc: 0.415946748 0.223239688 0.360813563
Q:/ccrfrf: 0.542399647 0.359298255 0.098302098
Q:/ccrfrr: 0.000000000 0.295777624 0.704222376
Q:/ccrrcc: 0.488170359 0.050555940 0.461273701
Q:/ccrrcf: 0.246741151 0.111241828 0.642017021
Q:/ccrrcr: 0.000000000 0.520686804 0.479313196
Q:/ccrrfc: 0.615263167 0.246666566 0.138070267
Q:/ccrrff: 0.106166693 0.117519447 0.776313860
Q:/ccrrfr: 0.000000000 0.591330540 0.408669460
Q:/ccrrrc: 0.000000000 0.554742495 0.445257505
Q:/ccrrrf: 0.000000000 0.610737172 0.389262828
Q:/cr: 0.299411640 0.700586142 0.000002217
Q:/crccrc: 0.267442732 0.234722659 0.497834609
Q:/crccrccrcc: 0.000000000 0.443273498 0.556726502
Q:/crccrccrcf: 0.000000000 0.618654428 0.381345572
Q:/crccrccrfc: 0.000000000 0.306499114 0.693500886
Q:/crccrccrff: 0.000000000 0.099443186 0.900556814
Q:/crccrf: 0.332879037 0.381253816 0.285867147
Q:/crccrfcrc: 0.000000000 0.544029886 0.455970114
Q:/crccrfcrf: 0.000000000 0.974382078 0.025617922
Q:/crccrr: 0.000000000 0.825676726 0.174323274
Q:/crcfrc: 0.346846694 0.264891509 0.388261797
Q:/crcfrf: 0.657463188 0.125583000 0.216953811
Q:/crcfrr: 0.000000000 0.302914865 0.697085135
Q:/crcrcc: 0.260928443 0.086183396 0.652888161
Q:/crcrcf: 0.180826757 0.489274660 0.329898583
Q:/crcrcr: 0.000000000 0.532777035 0.467222965
Q:/crcrfc: 0.202038289 0.075726740 0.722234971
Q:/crcrff: 0.341134080 0.178524667 0.480341254
Q:/crcrfr: 0.000000000 0.533078902 0.466921098
Q:/crcrrc: 0.000000000 0.557342524 0.442657476
Q:/crcrrf: 0.000000000 0.712412510 0.287587490
Q:/crrccr: 0.000000000 0.323266516 0.676733484
Q:/crrcfr: 0.000000000 0.277723834 0.722276166
Q:/crrcrc: 0.000000000 0.617610623 0.382389377
Q:/crrcrf: 0.000000000 0.361789769 0.638210231
Q:/crrfcr: 0.000000000 0.777361673 0.222638327
Q:/crrffr: 0.000000000 0.969041340 0.030958660
Q:/crrfrc: 0.000000000 0.297446533 0.702553467
Q:/crrfrf: 0.000000000 0.435174326 0.564825674
Q:/crrrcc: 0.000000000 0.805646190 0.194353810
Q:/crrrcf: 0.000000000 0.253467722 0.746532278
Q:/crrrfc: 0.000000000 0.491846694 0.508153306
Q:/crrrff: 0.000000000 0.734709523 0.265290477
Q:/rc: 0.001749674 0.000000000 0.998250326
Q:/rccrcc: 0.267995872 0.380076987 0.351927142
Q:/rccrcf: 0.114104248 0.230419411 0.655476341
Q:/rccrcr: 0.000000000 0.893999082 0.106000918
Q:/rccrfc: 0.002560127 0.000549240 0.996890633
Q:/rccrff: 0.179970089 0.127145968 0.692883943
Q:/rccrfr: 0.000000000 0.000000000 1.000000000
Q:/rccrrc: 0.000000000 0.000000000 1.000000000
Q:/rccrrf: 0.000000000 0.000000000 1.000000000
Q:/rcrccr: 0.000000000 0.269899179 0.730100821
Q:/rcrcfr: 0.000000000 0.110977149 0.889022851
Q:/rcrcrc: 0.000000000 0.641963467 0.358036533
Q:/rcrcrf: 0.000000000 1.000000000 0.000000000
Q:/rcrfcr: 0.000000000 0.092850777 0.907149223
Q:/rcrffr: 0.000000000 0.368232794 0.631767206
Q:/rcrfrc: 0.000000000 0.000000000 1.000000000
Q:/rcrfrf: 0.000000000 0.447970388 0.552029612
Q:/rcrrcc: 0.000000000 0.000000000 1.000000000
Q:/rcrrcf: 0.000000000 0.000000000 1.000000000
Q:/rcrrfc: 0.000000000 0.619834842 0.380165158
Q:/rcrrff: 0.000000000 0.619152416 0.380847584
Q:/rf: 0.000000000 0.326844676 0.673155324
Q:/rfcrc: 0.237450310 0.403822491 0.358727199
Q:/rfcrf: 0.490767036 0.411493997 0.097738967
Q:/rfcrr: 0.000000000 0.532472097 0.467527903
Q:/rfrcr: 0.000000000 0.624878253 0.375121747
Q:/rfrfr: 0.000000000 0.385051957 0.614948043
Q:/rfrrc: 0.000000000 0.000000000 1.000000000
Q:/rfrrf: 0.000000000 0.960909312 0.039090688
Q:/rr: 0.000354526 0.000000000 0.999645474
Q:/rrccrc: 0.000000000 0.658094036 0.341905964
Q:/rrccrf: 0.000000000 0.604741527 0.395258473
Q:/rrcfrc: 0.000000000 0.244946201 0.755053799
Q:/rrcfrf: 0.000000000 0.398623010 0.601376990
Q:/rrcrcc: 0.000000000 0.000000000 1.000000000
Q:/rrcrcf: 0.000000000 0.365894067 0.634105933
Q:/rrcrfc: 0.000000000 0.512840643 0.487159357
Q:/rrcrff: 0.000000000 0.999998627 0.000001373
T:/cc: 0.423070305 0.576929695 0.000000000
T:/cccrcc: 0.338338073 0.456174595 0.205487332
T:/cccrccrccr: 0.000000000 0.352992417 0.647007583
T:/cccrccrcfr: 0.000000000 0.500937691 0.499062309
T:/cccrccrcrc: 0.000000000 0.027387562 0.972612438
T:/cccrccrcrf: 0.000000000 0.488376393 0.511623607
T:/cccrccrfcr: 0.000000000 0.473775814 0.526224186
T:/cccrccrffr: 0.000000000 0.550197796 0.449802204
T:/cccrccrfrc: 0.000000000 0.589025559 0.410974441
T:/cccrccrfrf: 0.000000000 0.706074951 0.293925049
T:/cccrccrrcc: 0.000000000 0.236867546 0.763132454
T:/cccrccrrcf: 0.000000000 0.943857372 0.056142628
T:/cccrccrrfc: 0.000000000 0.610698532 0.389301468
T:/cccrccrrff: 0.000000000 0.578511649 0.421488351
T:/cccrcf: 0.063570307 0.330543329 0.605886364
T:/cccrcfrcr: 0.000000000 0.726061074 0.273938926
T:/cccrcfrfr: 0.000000000 0.325843546 0.674156454
T:/cccrcfrrc: 0.000000000 0.888956710 0.111043290
T:/cccrcfrrf: 0.000000000 0.152521305 0.847478695
T:/cccrcr: 0.489826359 0.411794646 0.098378994
T:/cccrcrccrc: 0.000000000 0.597635505 0.402364495
T:/cccrcrccrf: 0.000000000 0.434018382 0.565981618
T:/cccrcrcfrc: 0.000000000 0.646176447 0.353823553
T:/cccrcrcfrf: 0.000000000 0.409986374 0.590013626
T:/cccrcrcrcc: 0.000000000 0.871870031 0.128129969
T:/cccrcrcrcf: 0.000000000 0.250839571 0.749160429
T:/cccrcrcrfc: 0.000000000 0.335608614 0.664391386
T:/cccrcrcrff: 0.000000000 0.356256311 0.643743689
T:/cccrfc: 0.408557497 0.371649841 0.219792662
T:/cccrfcrcr: 0.000000000 0.613364818 0.386635182
T:/cccrfcrfr: 0.000000000 0.372157742 0.627842258
T:/cccrfcrrc: 0.000000000 0.257028546 0.742971454
T:/cccrfcrrf: 0.000000000 0.692581265 0.307418735
T:/cccrff: 0.534424740 0.308991597 0.156583663
T:/cccrffrr: 0.000000000 0.435298387 0.564701613
T:/cccrfr: 0.409846411 0.440891179 0.149262410
T:/cccrfrcrc: 0.000000000 0.597523873 0.402476127
T:/cccrfrcrf: 0.000000000 0.236457670 0.763542330
T:/cccrrc: 0.241246097 0.298615369 0.460138534
T:/cccrrccrcc: 0.000000000 0.496882609 0.503117391
T:/cccrrccrcf: 0.000000000 0.493245764 0.506754236
T:/cccrrccrfc: 0.000000000 0.226765902 0.773234098
T:/cccrrccrff: 0.000000000 0.551360514 0.448639486
T:/cccrrf: 0.243444587 0.039835454 0.716719959
T:/cccrrfcrc: 0.000000000 0.655837125 0.344162875
T:/cccrrfcrf: 0.000000000 0.517196311 0.482803689
T:/cccrrr: 0.000000000 0.334412769 0.665587231
T:/ccrccr: 0.223316863 0.728024143 0.048658995
T:/ccrccrccrc: 0.000000000 0.955400958 0.044599042
T:/ccrccrccrf: 0.000000000 0.422205732 0.577794268
T:/ccrccrcfrc: 0.000000000 0.680463603 0.319536397
T:/ccrccrcfrf: 0.000000000 0.772038109 0.227961891
T:/ccrccrcrcc: 0.000000000 0.366459664 0.633540336
T:/ccrccrcrcf: 0.000000000 0.519295006 0.480704994
T:/ccrccrcrfc: 0.000000000 0.416666454 0.583333546
T:/ccrccrcrff: 0.000000000 0.531498315 0.468501685
T:/ccrcfr: 0.049306485 0.097473990 0.853219525
T:/ccrcfrcrc: 0.000000000 0.141960032 0.858039968
T:/ccrcfrcrf: 0.000000000 0.517728897 0.482271103
T:/ccrcrc: 0.279917954 0.249587736 0.470494310
T:/ccrcrccrcc: 0.000000000 0.894466350 0.105533650
T:/ccrcrccrcf: 0.000000000 0.342839032 0.657160968
T:/ccrcrccrfc: 0.000000000 0.089323133 0.910676867
T:/ccrcrccrff: 0.000000000 0.797436204 0.202563796
T:/ccrcrf: 0.867821002 0.042570025 0.089608973
T:/ccrcrfcrc: 0.000000000 0.427543021 0.572456979
T:/ccrcrfcrf: 0.000000000 0.600526168 0.399473832
T:/ccrcrr: 0.000000000 0.289728290 0.710271710
T:/ccrfcr: 0.006395146 0.489820862 0.503783992
T:/ccrfcrcrc: 0.000000000 0.066740301 0.933259699
T:/ccrfcrcrf: 0.000000000 0.343300466 0.656699534
T:/ccrffr: 0.401710211 0.293154446 0.305135343
T:/ccrfrc: 0.043042282 0.406427493 0.550530225
T:/ccrfrf: 0.385706183 0.194348575 0.419945241
T:/ccrfrr: 0.000000000 0.623368561 0.376631439
T:/ccrrcc: 0.478306089 0.085617661 0.436076250
T:/ccrrcf: 0.364030148 0.217853293 0.418116559
T:/ccrrcr: 0.000000000 0.732003538 0.267996462
T:/ccrrfc: 0.366928942 0.228644228 0.404426829
T:/ccrrff: 0.511305642 0.055770708 0.432923650
T:/ccrrfr: 0.000000000 0.584676678 0.415323322
T:/ccrrrc: 0.000000000 0.530528424 0.469471576
T:/ccrrrf: 0.000000000 0.701234222 0.298765778
T:/cr: 0.160804072 0.839190702 0.000005226
T:/crccrc: 0.119289068 0.300216159 0.580494773
T:/crccrccrcc: 0.000000000 0.532856697 0.467143303
T:/crccrccrcf: 0.000000000 0.746797506 0.253202494
T:/crccrccrfc: 0.000000000 0.624029939 0.375970061
T:/crccrccrff: 0.000000000 0.372745316 0.627254684
T:/crccrf: 0.148612338 0.363586418 0.487801244
T:/crccrfcrc: 0.000000000 0.550957146 0.449042854
T:/crccrfcrf: 0.000000000 0.591996297 0.408003703
T:/crccrr: 0.000000000 0.514519688 0.485480312
T:/crcfrc: 0.250813119 0.243293899 0.505892982
T:/crcfrf: 0.370818228 0.113785355 0.515396417
T:/crcfrr: 0.000000000 0.390401911 0.609598089
T:/crcrcc: 0.225580596 0.451601487 0.322817917
T:/crcrcf: 0.393478268 0.315442521 0.291079211
T:/crcrcr: 0.000000000 0.398460545 0.601539455
T:/crcrfc: 0.047677734 0.699334421 0.252987846
T:/crcrff: 0.529905475 0.430100962 0.039993562
T:/crcrfr: 0.000000000 0.889927544 0.110072456
T:/crcrrc: 0.000000000 0.340667946 0.659332054
T:/crcrrf: 0.000000000 0.762271652 0.237728348
T:/crrccr: 0.000000000 0.666771632 0.333228368
T:/crrcfr: 0.000000000 0.424045621 0.575954379
T:/crrcrc: 0.000000000 0.919045484 0.080954516
T:/crrcrf: 0.000000000 0.448076927 0.551923073
T:/crrfcr: 0.000000000 0.348617647 0.651382353
T:/crrffr: 0.000000000 0.751674616 0.248325384
T:/crrfrc: 0.000000000 0.685394245 0.314605755
T:/crrfrf: 0.000000000 0.484112486 0.515887514
T:/crrrcc: 0.000000000 0.570449926 0.429550074
T:/crrrcf: 0.000000000 0.350383822 0.649616178
T:/crrrfc: 0.000000000 0.779367034 0.220632966
T:/crrrff: 0.000000000 0.678408386 0.321591614
T:/rc: 0.002372879 0.000000000 0.997627121
T:/rccrcc: 0.001871421 0.339120852 0.659007726
T:/rccrcf: 0.000000000 0.327610821 0.672389179
T:/rccrcr: 0.000000000 0.000524903 0.999475097
T:/rccrfc: 0.307521017 0.096494100 0.595984883
T:/rccrff: 0.607325021 0.015291507 0.377383472
T:/rccrfr: 0.000000000 0.045090454 0.954909546
T:/rccrrc: 0.000000000 0.000000000 1.000000000
T:/rccrrf: 0.000000000 0.118808257 0.881191743
T:/rcrccr: 0.000000000 0.436271177 0.563728823
T:/rcrcfr: 0.000000000 0.373594821 0.626405179
T:/rcrcrc: 0.000000000 0.368345550 0.631654450
T:/rcrcrf: 0.000000000 1.000000000 0.000000000
T:/rcrfcr: 0.000000000 0.241414430 0.758585570
T:/rcrffr: 0.000000000 0.916773058 0.083226942
T:/rcrfrc: 0.000000000 0.000000000 1.000000000
T:/rcrfrf: 0.000000000 0.555650328 0.444349672
T:/rcrrcc: 0.000000000 0.000000000 1.000000000
T:/rcrrcf: 0.000000000 0.000000000 1.000000000
T:/rcrrfc: 0.000000000 0.162831638 0.837168362
T:/rcrrff: 0.000000000 0.170768588 0.829231412
T:/rf: 0.000000000 0.386983442 0.613016558
T:/rfcrc: 0.310696282 0.514811172 0.174492546
T:/rfcrf: 0.148306440 0.000299360 0.851394199
T:/rfcrr: 0.000000000 0.361153586 0.638846414
T:/rfrcr: 0.000000000 0.069110023 0.930889977
T:/rfrfr: 0.000000000 0.406722859 0.593277141
T:/rfrrc: 0.000000000 0.817424779 0.182575221
T:/rfrrf: 0.000000000 0.271781679 0.728218321
T:/rr: 0.000000000 0.000000000 1.000000000
T:/rrccrc: 0.000000000 0.599705523 0.400294477
T:/rrccrf: 0.000000000 0.050779324 0.949220676
T:/rrcfrc: 0.000000000 0.000000000 1.000000000
T:/rrcfrf: 0.000000000 0.432664629 0.567335371
T:/rrcrcc: 0.000000000 0.809197126 0.190802874
T:/rrcrcf: 0.000000000 0.150220126 0.849779874
T:/rrcrfc: 0.000000000 0.347309119 0.652690881
T:/rrcrff: 0.000000000 0.459032684 0.540967316
