A:/ccc: 0.317437031 0.682562969 0.000000000
A:/cccrccr: 0.515274311 0.384602838 0.100122852
A:/cccrccrccrc: 0.000000000 0.938767328 0.061232672
A:/cccrccrccrf: 0.000000000 0.745200373 0.254799627
A:/cccrccrcfrc: 0.000000000 0.835328797 0.164671203
A:/cccrccrcfrf: 0.000000000 0.103752756 0.896247244
A:/cccrccrcrcc: 0.000000000 0.420808831 0.579191169
A:/cccrccrcrcf: 0.000000000 0.417000029 0.582999971
A:/cccrccrcrfc: 0.000000000 0.563205934 0.436794066
A:/cccrccrcrff: 0.000000000 0.624737295 0.375262705
A:/cccrcfr: 0.698538048 0.243848307 0.057613645
A:/cccrcfrcrc: 0.000000000 0.800228716 0.199771284
A:/cccrcfrcrf: 0.000000000 0.663442706 0.336557294
A:/cccrcrc: 0.702315187 0.037318071 0.260366743
A:/cccrcrccrcc: 0.000000000 0.428754557 0.571245443
A:/cccrcrccrcf: 0.000000000 0.338720281 0.661279719
A:/cccrcrccrfc: 0.000000000 0.108745778 0.891254222
A:/cccrcrccrff: 0.000000000 0.194500570 0.805499430
A:/cccrcrf: 0.338360395 0.347692852 0.313946754
A:/cccrcrfcrc: 0.000000000 0.493063242 0.506936758
A:/cccrcrfcrf: 0.000000000 0.668587978 0.331412022
A:/cccrcrr: 0.000000000 0.477889341 0.522110659
A:/cccrfcr: 0.126860519 0.425970157 0.447169324
A:/cccrfcrcrc: 0.000000000 0.350620483 0.649379517
A:/cccrfcrcrf: 0.000000000 0.171296905 0.828703095
A:/cccrffr: 0.051313508 0.578473735 0.370212757
A:/cccrfrc: 0.749240923 0.250413590 0.000345487
A:/cccrfrf: 0.369621765 0.384989126 0.245389110
A:/cccrfrr: 0.000000000 0.567626096 0.432373904
A:/cccrrcc: 0.203392502 0.405050560 0.391556938
A:/cccrrcf: 0.362528538 0.266943362 0.370528100
A:/cccrrcr: 0.000000000 0.855164245 0.144835755
A:/cccrrfc: 0.328381413 0.443309972 0.228308615
A:/cccrrff: 0.224921631 0.336360340 0.438718029
A:/cccrrfr: 0.000000000 0.816993667 0.183006333
A:/cccrrrc: 0.000000000 0.515193481 0.484806519
A:/cccrrrf: 0.000000000 0.485383588 0.514616412
A:/ccr: 0.437628639 0.558718615 0.003652745
A:/ccrccrc: 0.062627497 0.935820639 0.001551863
A:/ccrccrccrcc: 0.000000000 0.512903785 0.487096215
A:/ccrccrccrcf: 0.000000000 0.303107427 0.696892573
A:/ccrccrccrfc: 0.000000000 0.688605500 0.311394500
A:/ccrccrccrff: 0.000000000 0.652354115 0.347645885
A:/ccrccrf: 0.521010603 0.113637780 0.365351617
A:/ccrccrfcrc: 0.000000000 0.261530128 0.738469872
A:/ccrccrfcrf: 0.000000000 0.746416689 0.253583311
A:/ccrccrr: 0.000000000 0.206990700 0.793009300
A:/ccrcfrc: 0.271545001 0.402496549 0.325958451
A:/ccrcfrf: 0.263375050 0.466323785 0.270301165
A:/ccrcfrr: 0.000000000 0.839941989 0.160058011
A:/ccrcrcc: 0.043267834 0.823163130 0.133569035
A:/ccrcrcf: 0.390451387 0.609548613 0.000000000
A:/ccrcrcr: 0.000000000 0.379805735 0.620194265
A:/ccrcrfc: 0.111858120 0.421742682 0.466399198
A:/ccrcrff: 0.382050015 0.042402744 0.575547240
A:/ccrcrfr: 0.000000000 0.539141730 0.460858270
A:/ccrcrrc: 0.000000000 0.730179306 0.269820694
A:/ccrcrrf: 0.000000000 0.195027499 0.804972501
A:/ccrrccr: 0.000000000 0.411126073 0.588873927
A:/ccrrcfr: 0.000000000 0.173695278 0.826304722
A:/ccrrcrc: 0.000000000 0.373132481 0.626867519
A:/ccrrcrf: 0.000000000 0.766411642 0.233588358
A:/ccrrfcr: 0.000000000 0.429893121 0.570106879
A:/ccrrffr: 0.000000000 0.178830846 0.821169154
A:/ccrrfrc: 0.000000000 0.640001838 0.359998162
A:/ccrrfrf: 0.000000000 0.771682864 0.228317136
A:/ccrrrcc: 0.000000000 0.128766787 0.871233213
A:/ccrrrcf: 0.000000000 0.829019642 0.170980358
A:/ccrrrfc: 0.000000000 0.769677753 0.230322247
A:/ccrrrff: 0.000000000 0.862796494 0.137203506
A:/crc: 0.356025944 0.643974056 0.000000000
A:/crccrcc: 0.310681754 0.437259189 0.252059057
A:/crccrcf: 0.433934057 0.512003473 0.054062470
A:/crccrcr: 0.000000000 0.707450556 0.292549444
A:/crccrfc: 0.680389362 0.136158214 0.183452424
A:/crccrff: 0.028715477 0.947565777 0.023718746
A:/crccrfr: 0.000000000 0.135344075 0.864655925
A:/crccrrc: 0.000000000 0.914508232 0.085491768
A:/crccrrf: 0.000000000 0.892612001 0.107387999
A:/crcrccr: 0.000000000 1.000000000 0.000000000
A:/crcrcfr: 0.000000000 0.574466168 0.425533832
A:/crcrcrc: 0.000000000 0.564136922 0.435863078
A:/crcrcrf: 0.000000000 0.817058618 0.182941382
A:/crcrfcr: 0.000000000 0.696070432 0.303929568
A:/crcrffr: 0.000000000 0.760743160 0.239256840
A:/crcrfrc: 0.000000000 0.910040168 0.089959832
A:/crcrfrf: 0.000000000 0.179168961 0.820831039
A:/crcrrcc: 0.000000000 1.000000000 0.000000000
A:/crcrrcf: 0.000000000 0.267288141 0.732711859
A:/crcrrfc: 0.000000000 1.000000000 0.000000000
A:/crcrrff: 0.000000000 0.760970002 0.239029998
A:/crf: 0.565338585 0.362320896 0.072340519
A:/crfcrc: 0.510586911 0.122945710 0.366467379
A:/crfcrf: 0.483929463 0.323591516 0.192479020
A:/crfcrr: 0.000000000 0.683012862 0.316987138
A:/crfrcr: 0.000000000 0.313732764 0.686267236
A:/crfrfr: 0.000000000 0.387615493 0.612384507
A:/crfrrc: 0.000000000 1.000000000 0.000000000
A:/crfrrf: 0.000000000 0.718339251 0.281660749
A:/crr: 0.842036694 0.157963306 0.000000000
A:/crrccrc: 0.000000000 0.213219129 0.786780871
A:/crrccrf: 0.000000000 0.215199485 0.784800515
A:/crrcfrc: 0.000000000 0.432998618 0.567001382
A:/crrcfrf: 0.000000000 0.760078765 0.239921235
A:/crrcrcc: 0.000000000 0.580975384 0.419024616
A:/crrcrcf: 0.000000000 1.000000000 0.000000000
A:/crrcrfc: 0.000000000 0.577553813 0.422446187
A:/crrcrff: 0.000000000 0.518851199 0.481148801
A:/rcc: 0.999786296 0.000107976 0.000105728
A:/rccrccr: 0.000000000 1.000000000 0.000000000
A:/rccrcfr: 0.000000000 0.668888745 0.331111255
A:/rccrcrc: 0.000000000 0.652095392 0.347904608
A:/rccrcrf: 0.000000000 0.618035741 0.381964259
A:/rccrfcr: 0.000000000 0.998258623 0.001741377
A:/rccrffr: 0.000000000 0.949133633 0.050866367
A:/rccrfrc: 0.000000000 0.939824459 0.060175541
A:/rccrfrf: 0.000000000 0.679172687 0.320827313
A:/rccrrcc: 0.000000000 0.893067331 0.106932669
A:/rccrrcf: 0.000000000 0.999743310 0.000256690
A:/rccrrfc: 0.000000000 0.934133816 0.065866184
A:/rccrrff: 0.000000000 0.999492831 0.000507169
A:/rcf: 0.404518938 0.595481062 0.000000000
A:/rcfrcr: 0.000000000 0.880468214 0.119531786
A:/rcfrfr: 0.000000000 0.020154161 0.979845839
A:/rcfrrc: 0.000000000 0.999998825 0.000001175
A:/rcfrrf: 0.000000000 0.662005477 0.337994523
A:/rcr: 0.890034625 0.102294775 0.007670600
A:/rcrccrc: 0.000000000 0.191257504 0.808742496
A:/rcrccrf: 0.000000000 0.261651478 0.738348522
A:/rcrcfrc: 0.000000000 0.809748217 0.190251783
A:/rcrcfrf: 0.000000000 0.216011208 0.783988792
A:/rcrcrcc: 0.000000000 0.354961951 0.645038049
A:/rcrcrcf: 0.000000000 0.458986836 0.541013164
A:/rcrcrfc: 0.000000000 0.717944692 0.282055308
A:/rcrcrff: 0.000000000 0.532834670 0.467165330
A:/rfc: 0.191401907 0.586803940 0.221794153
A:/rfcrcr: 0.000000000 0.763985828 0.236014172
A:/rfcrfr: 0.000000000 0.941738557 0.058261443
A:/rfcrrc: 0.000000000 0.609891696 0.390108304
A:/rfcrrf: 0.000000000 0.420179862 0.579820138
A:/rff: 0.100447538 0.782292686 0.117259777
A:/rffrr: 0.000000000 0.305676431 0.694323569
A:/rfr: 0.509204092 0.425666698 0.065129210
A:/rfrcrc: 0.000000000 0.513215362 0.486784638
A:/rfrcrf: 0.000000000 0.514602063 0.485397937
A:/rrc: 0.651264149 0.242016030 0.106719821
A:/rrccrcc: 0.000000000 0.780415603 0.219584397
A:/rrccrcf: 0.000000000 0.517875017 0.482124983
A:/rrccrfc: 0.000000000 0.954030868 0.045969132
A:/rrccrff: 0.000000000 0.312875772 0.687124228
A:/rrf: 0.436856114 0.463868002 0.099275884
A:/rrfcrc: 0.000000000 0.765408265 0.234591735
A:/rrfcrf: 0.000000000 0.627525247 0.372474753
A:/rrr: 0.000000000 0.582636035 0.417363965
J:/ccc: 0.273335133 0.726664867 0.000000000
J:/cccrccr: 0.140791255 0.513241321 0.345967424
J:/cccrccrccrc: 0.000000000 0.168275388 0.831724612
J:/cccrccrccrf: 0.000000000 0.392804113 0.607195887
J:/cccrccrcfrc: 0.000000000 0.257196798 0.742803202
J:/cccrccrcfrf: 0.000000000 0.689470258 0.310529742
J:/cccrccrcrcc: 0.000000000 0.741892296 0.258107704
J:/cccrccrcrcf: 0.000000000 0.077500681 0.922499319
J:/cccrccrcrfc: 0.000000000 0.690055714 0.309944286
J:/cccrccrcrff: 0.000000000 0.043041845 0.956958155
J:/cccrcfr: 0.316152480 0.107044235 0.576803285
J:/cccrcfrcrc: 0.000000000 0.670225483 0.329774517
J:/cccrcfrcrf: 0.000000000 0.777097364 0.222902636
J:/cccrcrc: 0.247720664 0.324193809 0.428085527
J:/cccrcrccrcc: 0.000000000 0.620282235 0.379717765
J:/cccrcrccrcf: 0.000000000 0.646666423 0.353333577
J:/cccrcrccrfc: 0.000000000 0.842238741 0.157761259
J:/cccrcrccrff: 0.000000000 0.379207484 0.620792516
J:/cccrcrf: 0.078412416 0.624243230 0.297344354
J:/cccrcrfcrc: 0.000000000 0.785235963 0.214764037
J:/cccrcrfcrf: 0.000000000 0.112657304 0.887342696
J:/cccrcrr: 0.000000000 0.919081437 0.080918563
J:/cccrfcr: 0.318992303 0.496911966 0.184095731
J:/cccrfcrcrc: 0.000000000 0.448908773 0.551091227
J:/cccrfcrcrf: 0.000000000 0.622486117 0.377513883
J:/cccrffr: 0.485905710 0.492134887 0.021959403
J:/cccrfrc: 0.225499098 0.703767952 0.070732950
J:/cccrfrf: 0.305303039 0.335489206 0.359207755
J:/cccrfrr: 0.000000000 0.388260852 0.611739148
J:/cccrrcc: 0.357212436 0.102264665 0.540522899
J:/cccrrcf: 0.000011872 0.500100507 0.499887621
J:/cccrrcr: 0.000000000 0.295642419 0.704357581
J:/cccrrfc: 0.570430781 0.042078287 0.387490932
J:/cccrrff: 0.488536473 0.353108980 0.158354546
J:/cccrrfr: 0.000000000 0.572002168 0.427997832
J:/cccrrrc: 0.000000000 0.969764414 0.030235586
J:/cccrrrf: 0.000000000 0.943784889 0.056215111
J:/ccr: 0.000000000 0.000000000 1.000000000
J:/ccrccrc: 0.028850158 0.152716468 0.818433374
J:/ccrccrccrcc: 0.000000000 0.601297597 0.398702403
J:/ccrccrccrcf: 0.000000000 0.083364150 0.916635850
J:/ccrccrccrfc: 0.000000000 0.260257700 0.739742300
J:/ccrccrccrff: 0.000000000 0.406940336 0.593059664
J:/ccrccrf: 0.442987935 0.256394982 0.300617083
J:/ccrccrfcrc: 0.000000000 0.806485509 0.193514491
J:/ccrccrfcrf: 0.000000000 0.443007883 0.556992117
J:/ccrccrr: 0.000000000 0.135659007 0.864340993
J:/ccrcfrc: 0.481278080 0.492940361 0.025781560
J:/ccrcfrf: 0.279749706 0.349318989 0.370931305
J:/ccrcfrr: 0.000000000 0.881088199 0.118911801
J:/ccrcrcc: 0.437652054 0.037049005 0.525298941
J:/ccrcrcf: 0.207032988 0.399040869 0.393926143
J:/ccrcrcr: 0.000000000 0.920729102 0.079270898
J:/ccrcrfc: 0.054164635 0.226607965 0.719227401
J:/ccrcrff: 0.229513669 0.532432347 0.238053985
J:/ccrcrfr: 0.000000000 0.132562729 0.867437271
J:/ccrcrrc: 0.000000000 0.204271704 0.795728296
J:/ccrcrrf: 0.000000000 0.610847080 0.389152920
J:/ccrrccr: 0.000000000 0.554764884 0.445235116
J:/ccrrcfr: 0.000000000 0.503941334 0.496058666
J:/ccrrcrc: 0.000000000 0.606967032 0.393032968
J:/ccrrcrf: 0.000000000 0.410081635 0.589918365
J:/ccrrfcr: 0.000000000 0.258588224 0.741411776
J:/ccrrffr: 0.000000000 0.578041618 0.421958382
J:/ccrrfrc: 0.000000000 0.635365200 0.364634800
J:/ccrrfrf: 0.000000000 0.081178046 0.918821954
J:/ccrrrcc: 0.000000000 0.308810944 0.691189056
J:/ccrrrcf: 0.000000000 0.832638468 0.167361532
J:/ccrrrfc: 0.000000000 0.447453976 0.552546024
J:/ccrrrff: 0.000000000 0.457278280 0.542721720
J:/crc: 0.000000831 0.000000000 0.999999169
J:/crccrcc: 0.048051563 0.401477710 0.550470727
J:/crccrcf: 0.646556073 0.060635057 0.292808870
J:/crccrcr: 0.000000000 0.765795401 0.234204599
J:/crccrfc: 0.248722800 0.590156609 0.161120592
J:/crccrff: 0.426773850 0.348062189 0.225163961
J:/crccrfr: 0.000000000 0.385837740 0.614162260
J:/crccrrc: 0.000000000 0.306327965 0.693672035
J:/crccrrf: 0.000000000 0.197823642 0.802176358
J:/crcrccr: 0.000000000 0.426809361 0.573190639
J:/crcrcfr: 0.000000000 0.614463170 0.385536830
J:/crcrcrc: 0.000000000 0.817796796 0.182203204
J:/crcrcrf: 0.000000000 0.824137609 0.175862391
J:/crcrfcr: 0.000000000 0.502711806 0.497288194
J:/crcrffr: 0.000000000 0.237160242 0.762839758
J:/crcrfrc: 0.000000000 0.303320885 0.696679115
J:/crcrfrf: 0.000000000 0.095227046 0.904772954
J:/crcrrcc: 0.000000000 0.363907279 0.636092721
J:/crcrrcf: 0.000000000 0.495082217 0.504917783
J:/crcrrfc: 0.000000000 0.808765197 0.191234803
J:/crcrrff: 0.000000000 0.732842829 0.267157171
J:/crf: 0.127264759 0.089098960 0.783636282
J:/crfcrc: 0.000000000 0.480308704 0.519691296
J:/crfcrf: 0.248136286 0.200000099 0.551863614
J:/crfcrr: 0.000000000 0.663730983 0.336269017
J:/crfrcr: 0.000000000 0.502546837 0.497453163
J:/crfrfr: 0.000000000 0.628379341 0.371620659
J:/crfrrc: 0.000000000 0.928626743 0.071373257
J:/crfrrf: 0.000000000 0.531807704 0.468192296
J:/crr: 0.000000000 0.000000000 1.000000000
J:/crrccrc: 0.000000000 0.500907711 0.499092289
J:/crrccrf: 0.000000000 0.482200017 0.517799983
J:/crrcfrc: 0.000000000 0.357398520 0.642601480
J:/crrcfrf: 0.000000000 0.264763954 0.735236046
J:/crrcrcc: 0.000000000 0.737025841 0.262974159
J:/crrcrcf: 0.000000000 0.397766728 0.602233272
J:/crrcrfc: 0.000000000 0.686898936 0.313101064
J:/crrcrff: 0.000000000 0.867887163 0.132112837
J:/rcc: 0.000000000 0.000000000 1.000000000
J:/rccrccr: 0.000000000 0.735148358 0.264851642
J:/rccrcfr: 0.000000000 0.519009549 0.480990451
J:/rccrcrc: 0.000000000 0.885752310 0.114247690
J:/rccrcrf: 0.000000000 0.162534057 0.837465943
J:/rccrfcr: 0.000000000 0.325917100 0.674082900
J:/rccrffr: 0.000000000 0.164323658 0.835676342
J:/rccrfrc: 0.000000000 0.000006357 0.999993643
J:/rccrfrf: 0.000000000 0.795433268 0.204566732
J:/rccrrcc: 0.000000000 0.066950274 0.933049726
J:/rccrrcf: 0.000000000 0.539622982 0.460377018
J:/rccrrfc: 0.000000000 0.342595414 0.657404586
J:/rccrrff: 0.000000000 0.008843253 0.991156747
J:/rcf: 0.001656443 0.000000000 0.998343557
J:/rcfrcr: 0.000000000 0.889064190 0.110935810
J:/rcfrfr: 0.000000000 0.385051957 0.614948043
J:/rcfrrc: 0.000000000 0.000000000 1.000000000
J:/rcfrrf: 0.000000000 0.999854456 0.000145544
J:/rcr: 0.000028440 0.000049055 0.999922504
J:/rcrccrc: 0.000000000 0.364283340 0.635716660
J:/rcrccrf: 0.000000000 0.151182936 0.848817064
J:/rcrcfrc: 0.000000000 0.448337154 0.551662846
J:/rcrcfrf: 0.000000000 0.685364776 0.314635224
J:/rcrcrcc: 0.000000000 0.582555301 0.417444699
J:/rcrcrcf: 0.000000000 0.184318563 0.815681437
J:/rcrcrfc: 0.000000000 0.543449824 0.456550176
J:/rcrcrff: 0.000000000 0.242430321 0.757569679
J:/rfc: 0.374637924 0.287943315 0.337418761
J:/rfcrcr: 0.000000000 0.130530558 0.869469442
J:/rfcrfr: 0.000000000 0.098477386 0.901522614
J:/rfcrrc: 0.000000000 0.101619485 0.898380515
J:/rfcrrf: 0.000000000 0.182880592 0.817119408
J:/rff: 0.137041689 0.511579986 0.351378326
J:/rffrr: 0.000000000 0.383556089 0.616443911
J:/rfr: 0.316051525 0.099506093 0.584442382
J:/rfrcrc: 0.000000000 0.348438895 0.651561105
J:/rfrcrf: 0.000000000 0.515057762 0.484942238
J:/rrc: 0.109137332 0.422080924 0.468781743
J:/rrccrcc: 0.000000000 0.317206234 0.682793766
J:/rrccrcf: 0.000000000 0.793685981 0.206314019
J:/rrccrfc: 0.000000000 0.777053942 0.222946058
J:/rrccrff: 0.000000000 0.896425724 0.103574276
J:/rrf: 0.764921409 0.234950070 0.000128521
J:/rrfcrc: 0.000000000 0.070747740 0.929252260
J:/rrfcrf: 0.000000000 0.407307526 0.592692474
J:/rrr: 0.000000000 0.151188173 0.848811827
K:/ccc: 0.282374602 0.717625398 0.000000000
K:/cccrccr: 0.793593109 0.110321449 0.096085442
K:/cccrccrccrc: 0.000000000 0.558898701 0.441101299
K:/cccrccrccrf: 0.000000000 0.725972730 0.274027270
K:/cccrccrcfrc: 0.000000000 0.544952077 0.455047923
K:/cccrccrcfrf: 0.000000000 0.746641943 0.253358057
K:/cccrccrcrcc: 0.000000000 0.939557177 0.060442823
K:/cccrccrcrcf: 0.000000000 0.290779549 0.709220451
K:/cccrccrcrfc: 0.000000000 0.965502751 0.034497249
K:/cccrccrcrff: 0.000000000 0.021110407 0.978889593
K:/cccrcfr: 0.085400070 0.079524216 0.835075714
K:/cccrcfrcrc: 0.000000000 0.462205506 0.537794494
K:/cccrcfrcrf: 0.000000000 0.371812902 0.628187098
K:/cccrcrc: 0.495713501 0.497452190 0.006834309
K:/cccrcrccrcc: 0.000000000 0.617916100 0.382083900
K:/cccrcrccrcf: 0.000000000 0.412537759 0.587462241
K:/cccrcrccrfc: 0.000000000 0.859996352 0.140003648
K:/cccrcrccrff: 0.000000000 0.619424901 0.380575099
K:/cccrcrf: 0.357458483 0.307956416 0.334585101
K:/cccrcrfcrc: 0.000000000 0.079307987 0.920692013
K:/cccrcrfcrf: 0.000000000 0.672615336 0.327384664
K:/cccrcrr: 0.000000000 0.386062328 0.613937672
K:/cccrfcr: 0.160688924 0.823428671 0.015882405
K:/cccrfcrcrc: 0.000000000 0.285040644 0.714959356
K:/cccrfcrcrf: 0.000000000 0.270032186 0.729967814
K:/cccrffr: 0.428486786 0.287317439 0.284195776
K:/cccrfrc: 0.329373592 0.215141173 0.455485235
K:/cccrfrf: 0.325822018 0.321455504 0.352722478
K:/cccrfrr: 0.000000000 0.319778835 0.680221165
K:/cccrrcc: 0.295349349 0.437208220 0.267442431
K:/cccrrcf: 0.036535258 0.226480740 0.736984003
K:/cccrrcr: 0.000000000 0.296183072 0.703816928
K:/cccrrfc: 0.154530920 0.548952451 0.296516628
K:/cccrrff: 0.331415356 0.197516241 0.471068403
K:/cccrrfr: 0.000000000 0.471338913 0.528661087
K:/cccrrrc: 0.000000000 0.681269698 0.318730302
K:/cccrrrf: 0.000000000 0.433468260 0.566531740
K:/ccr: 0.316839493 0.219971670 0.463188838
K:/ccrccrc: 0.491316259 0.196755183 0.311928559
K:/ccrccrccrcc: 0.000000000 0.070920787 0.929079213
K:/ccrccrccrcf: 0.000000000 0.499066429 0.500933571
K:/ccrccrccrfc: 0.000000000 0.041526879 0.958473121
K:/ccrccrccrff: 0.000000000 0.136775724 0.863224276
K:/ccrccrf: 0.170685399 0.388385141 0.440929460
K:/ccrccrfcrc: 0.000000000 0.523430109 0.476569891
K:/ccrccrfcrf: 0.000000000 0.497320527 0.502679473
K:/ccrccrr: 0.000000000 0.493025060 0.506974940
K:/ccrcfrc: 0.602721727 0.252104549 0.145173724
K:/ccrcfrf: 0.098246349 0.423858511 0.477895140
K:/ccrcfrr: 0.000000000 0.468429130 0.531570870
K:/ccrcrcc: 0.445622268 0.090313366 0.464064367
K:/ccrcrcf: 0.383317453 0.355452105 0.261230442
K:/ccrcrcr: 0.000000000 0.563938297 0.436061703
K:/ccrcrfc: 0.350819922 0.183407960 0.465772117
K:/ccrcrff: 0.522157135 0.023727145 0.454115720
K:/ccrcrfr: 0.000000000 0.389886806 0.610113194
K:/ccrcrrc: 0.000000000 0.523294474 0.476705526
K:/ccrcrrf: 0.000000000 0.372024570 0.627975430
K:/ccrrccr: 0.000000000 0.733547385 0.266452615
K:/ccrrcfr: 0.000000000 0.556435703 0.443564297
K:/ccrrcrc: 0.000000000 0.231497084 0.768502916
K:/ccrrcrf: 0.000000000 0.293230529 0.706769471
K:/ccrrfcr: 0.000000000 0.509121070 0.490878930
K:/ccrrffr: 0.000000000 0.228976294 0.771023706
K:/ccrrfrc: 0.000000000 0.616284610 0.383715390
K:/ccrrfrf: 0.000000000 0.408600033 0.591399967
K:/ccrrrcc: 0.000000000 0.870616798 0.129383202
K:/ccrrrcf: 0.000000000 0.217636677 0.782363323
K:/ccrrrfc: 0.000000000 0.544192829 0.455807171
K:/ccrrrff: 0.000000000 0.635896557 0.364103443
K:/crc: 0.000000000 0.000044281 0.999955719
K:/crccrcc: 0.679537589 0.138482365 0.181980046
K:/crccrcf: 0.000000000 0.535031491 0.464968509
K:/crccrcr: 0.000000000 0.517492720 0.482507280
K:/crccrfc: 0.354302976 0.230938073 0.414758952
K:/crccrff: 0.259955222 0.326572307 0.413472472
K:/crccrfr: 0.000000000 0.187467604 0.812532396
K:/crccrrc: 0.000000000 0.126858956 0.873141044
K:/crccrrf: 0.000000000 0.365933518 0.634066482
K:/crcrccr: 0.000000000 0.594344052 0.405655948
K:/crcrcfr: 0.000000000 0.927567019 0.072432981
K:/crcrcrc: 0.000000000 0.370146785 0.629853215
K:/crcrcrf: 0.000000000 0.700996472 0.299003528
K:/crcrfcr: 0.000000000 0.526962541 0.473037459
K:/crcrffr: 0.000000000 0.851195189 0.148804811
K:/crcrfrc: 0.000000000 0.106832072 0.893167928
K:/crcrfrf: 0.000000000 0.007690549 0.992309451
K:/crcrrcc: 0.000000000 0.070927113 0.929072887
K:/crcrrcf: 0.000000000 0.775027010 0.224972990
K:/crcrrfc: 0.000000000 0.697545061 0.302454939
K:/crcrrff: 0.000000000 0.435222884 0.564777116
K:/crf: 0.542274271 0.043946465 0.413779264
K:/crfcrc: 0.455580746 0.310605112 0.233814142
K:/crfcrf: 0.554219345 0.167540739 0.278239917
K:/crfcrr: 0.000000000 0.622852931 0.377147069
K:/crfrcr: 0.000000000 0.223582320 0.776417680
K:/crfrfr: 0.000000000 0.667747980 0.332252020
K:/crfrrc: 0.000000000 0.539252493 0.460747507
K:/crfrrf: 0.000000000 0.449545381 0.550454619
K:/crr: 0.019838619 0.248572277 0.731589104
K:/crrccrc: 0.000000000 0.424855169 0.575144831
K:/crrccrf: 0.000000000 0.721568896 0.278431104
K:/crrcfrc: 0.000000000 0.555391573 0.444608427
K:/crrcfrf: 0.000000000 0.187919755 0.812080245
K:/crrcrcc: 0.000000000 0.131405626 0.868594374
K:/crrcrcf: 0.000000000 0.690122983 0.309877017
K:/crrcrfc: 0.000000000 0.487276442 0.512723558
K:/crrcrff: 0.000000000 0.277842699 0.722157301
K:/rcc: 0.000000000 0.000000000 1.000000000
K:/rccrccr: 0.000000000 0.626294634 0.373705366
K:/rccrcfr: 0.000000000 0.456835630 0.543164370
K:/rccrcrc: 0.000000000 0.780241371 0.219758629
K:/rccrcrf: 0.000000000 0.640286229 0.359713771
K:/rccrfcr: 0.000000000 0.000000000 1.000000000
K:/rccrffr: 0.000000000 0.000013379 0.999986621
K:/rccrfrc: 0.000000000 0.000000000 1.000000000
K:/rccrfrf: 0.000000000 0.792632378 0.207367622
K:/rccrrcc: 0.000000000 0.999884764 0.000115236
K:/rccrrcf: 0.000000000 0.090485290 0.909514710
K:/rccrrfc: 0.000000000 0.827015774 0.172984226
K:/rccrrff: 0.000000000 0.000000000 1.000000000
K:/rcf: 0.000954300 0.999045700 0.000000000
K:/rcfrcr: 0.000000000 0.438831857 0.561168143
K:/rcfrfr: 0.000000000 0.176900891 0.823099109
K:/rcfrrc: 0.000000000 0.000022917 0.999977083
K:/rcfrrf: 0.000000000 0.219202747 0.780797253
K:/rcr: 0.000000000 0.000145897 0.999854103
K:/rcrccrc: 0.000000000 0.006264320 0.993735680
K:/rcrccrf: 0.000000000 0.774615304 0.225384696
K:/rcrcfrc: 0.000000000 0.150000187 0.849999813
K:/rcrcfrf: 0.000000000 0.832849440 0.167150560
K:/rcrcrcc: 0.000000000 0.362636385 0.637363615
K:/rcrcrcf: 0.000000000 0.951648460 0.048351540
K:/rcrcrfc: 0.000000000 0.775750168 0.224249832
K:/rcrcrff: 0.000000000 1.000000000 0.000000000
K:/rfc: 0.434189025 0.383310682 0.182500293
K:/rfcrcr: 0.000000000 0.410219633 0.589780367
K:/rfcrfr: 0.000000000 0.570185262 0.429814738
K:/rfcrrc: 0.000000000 0.568193889 0.431806111
K:/rfcrrf: 0.000000000 0.794519683 0.205480317
K:/rff: 0.173239579 0.603829590 0.222930831
K:/rffrr: 0.000000000 0.851756991 0.148243009
K:/rfr: 0.071282249 0.147125778 0.781591973
K:/rfrcrc: 0.000000000 0.645038748 0.354961252
K:/rfrcrf: 0.000000000 0.861455661 0.138544339
K:/rrc: 0.110403774 0.612241315 0.277354910
K:/rrccrcc: 0.000000000 0.668567444 0.331432556
K:/rrccrcf: 0.000000000 0.500631680 0.499368320
K:/rrccrfc: 0.000000000 0.285869307 0.714130693
K:/rrccrff: 0.000000000 0.630110464 0.369889536
K:/rrf: 0.999665123 0.000000000 0.000334877
K:/rrfcrc: 0.000000000 0.541434226 0.458565774
K:/rrfcrf: 0.000000000 0.488756147 0.511243853
K:/rrr: 0.000000000 0.525303994 0.474696006
Q:/ccc: 0.189845782 0.810154218 0.000000000
Q:/cccrccr: 0.167965686 0.370011967 0.462022348
Q:/cccrccrccrc: 0.000000000 0.358594651 0.641405349
Q:/cccrccrccrf: 0.000000000 0.887711710 0.112288290
Q:/cccrccrcfrc: 0.000000000 0.154705365 0.845294635
Q:/cccrccrcfrf: 0.000000000 0.725265416 0.274734584
Q:/cccrccrcrcc: 0.000000000 0.294404015 0.705595985
Q:/cccrccrcrcf: 0.000000000 0.297607650 0.702392350
Q:/cccrccrcrfc: 0.000000000 0.698170603 0.301829397
Q:/cccrccrcrff: 0.000000000 0.286876454 0.713123546
Q:/cccrcfr: 0.179366912 0.549579072 0.271054017
Q:/cccrcfrcrc: 0.000000000 0.558679718 0.441320282
Q:/cccrcfrcrf: 0.000000000 0.602087135 0.397912865
Q:/cccrcrc: 0.030463243 0.634084274 0.335452483
Q:/cccrcrccrcc: 0.000000000 0.564454132 0.435545868
Q:/cccrcrccrcf: 0.000000000 0.479957152 0.520042848
Q:/cccrcrccrfc: 0.000000000 0.976825909 0.023174091
Q:/cccrcrccrff: 0.000000000 0.510223929 0.489776071
Q:/cccrcrf: 0.312259225 0.307419396 0.380321378
Q:/cccrcrfcrc: 0.000000000 0.501215679 0.498784321
Q:/cccrcrfcrf: 0.000000000 0.355425667 0.644574333
Q:/cccrcrr: 0.000000000 0.566095315 0.433904685
Q:/cccrfcr: 0.455455374 0.348614311 0.195930315
Q:/cccrfcrcrc: 0.000000000 0.372210965 0.627789035
Q:/cccrfcrcrf: 0.000000000 0.532727174 0.467272826
Q:/cccrffr: 0.553865277 0.307323895 0.138810828
Q:/cccrfrc: 0.171390277 0.469330623 0.359279099
Q:/cccrfrf: 0.146656503 0.474506432 0.378837065
Q:/cccrfrr: 0.000000000 0.357225710 0.642774290
Q:/cccrrcc: 0.183902668 0.693515452 0.122581879
Q:/cccrrcf: 0.260242490 0.394613138 0.345144372
Q:/cccrrcr: 0.000000000 0.859375827 0.140624173
Q:/cccrrfc: 0.152353976 0.260446910 0.587199113
Q:/cccrrff: 0.312109427 0.261160765 0.426729808
Q:/cccrrfr: 0.000000000 0.574268112 0.425731888
Q:/cccrrrc: 0.000000000 0.437698589 0.562301411
Q:/cccrrrf: 0.000000000 0.325861432 0.674138568
Q:/ccr: 0.152290839 0.000000000 0.847709161
Q:/ccrccrc: 0.553030216 0.125922364 0.321047420
Q:/ccrccrccrcc: 0.000000000 0.664369999 0.335630001
Q:/ccrccrccrcf: 0.000000000 0.426104005 0.573895995
Q:/ccrccrccrfc: 0.000000000 0.455591619 0.544408381
Q:/ccrccrccrff: 0.000000000 0.309202538 0.690797462
Q:/ccrccrf: 0.440441714 0.442640099 0.116918187
Q:/ccrccrfcrc: 0.000000000 0.641636865 0.358363135
Q:/ccrccrfcrf: 0.000000000 0.365654949 0.634345051
Q:/ccrccrr: 0.000000000 0.545825407 0.454174593
Q:/ccrcfrc: 0.447595151 0.389243678 0.163161171
Q:/ccrcfrf: 0.322124235 0.275327441 0.402548324
Q:/ccrcfrr: 0.000000000 0.558826473 0.441173527
Q:/ccrcrcc: 0.136385237 0.543958767 0.319655996
Q:/ccrcrcf: 0.495610714 0.396752531 0.107636756
Q:/ccrcrcr: 0.000000000 0.814314244 0.185685756
Q:/ccrcrfc: 0.033724652 0.084358430 0.881916918
Q:/ccrcrff: 0.446161929 0.263430981 0.290407091
Q:/ccrcrfr: 0.000000000 0.465252117 0.534747883
Q:/ccrcrrc: 0.000000000 0.451667296 0.548332704
Q:/ccrcrrf: 0.000000000 0.887039682 0.112960318
Q:/ccrrccr: 0.000000000 0.934429455 0.065570545
Q:/ccrrcfr: 0.000000000 0.444412962 0.555587038
Q:/ccrrcrc: 0.000000000 0.418161080 0.581838920
Q:/ccrrcrf: 0.000000000 0.593950819 0.406049181
Q:/ccrrfcr: 0.000000000 0.157103260 0.842896740
Q:/ccrrffr: 0.000000000 0.769895931 0.230104069
Q:/ccrrfrc: 0.000000000 0.190083780 0.809916220
Q:/ccrrfrf: 0.000000000 0.878292703 0.121707297
Q:/ccrrrcc: 0.000000000 0.484857877 0.515142123
Q:/ccrrrcf: 0.000000000 0.458241540 0.541758460
Q:/ccrrrfc: 0.000000000 0.707836441 0.292163559
Q:/ccrrrff: 0.000000000 0.192122306 0.807877694
Q:/crc: 0.000000521 0.000014549 0.999984930
Q:/crccrcc: 0.000013195 0.116697366 0.883289439
Q:/crccrcf: 0.232006163 0.318987036 0.449006801
Q:/crccrcr: 0.000000000 0.630871765 0.369128235
Q:/crccrfc: 0.114535955 0.476737679 0.408726366
Q:/crccrff: 0.305625236 0.298517769 0.395856994
Q:/crccrfr: 0.000000000 0.658311164 0.341688836
Q:/crccrrc: 0.000000000 0.452558531 0.547441469
Q:/crccrrf: 0.000000000 0.472553110 0.527446890
Q:/crcrccr: 0.000000000 0.522519697 0.477480303
Q:/crcrcfr: 0.000000000 0.741922015 0.258077985
Q:/crcrcrc: 0.000000000 0.515540443 0.484459557
Q:/crcrcrf: 0.000000000 0.507567936 0.492432064
Q:/crcrfcr: 0.000000000 0.351950063 0.648049937
Q:/crcrffr: 0.000000000 0.981940909 0.018059091
Q:/crcrfrc: 0.000000000 0.618422798 0.381577202
Q:/crcrfrf: 0.000000000 0.374373394 0.625626606
Q:/crcrrcc: 0.000000000 0.444163840 0.555836160
Q:/crcrrcf: 0.000000000 0.839255918 0.160744082
Q:/crcrrfc: 0.000000000 0.038225381 0.961774619
Q:/crcrrff: 0.000000000 0.609888487 0.390111513
Q:/crf: 0.369695563 0.003944581 0.626359855
Q:/crfcrc: 0.511684900 0.103328594 0.384986505
Q:/crfcrf: 0.606115755 0.111511174 0.282373071
Q:/crfcrr: 0.000000000 0.563669004 0.436330996
Q:/crfrcr: 0.000000000 0.801882213 0.198117787
Q:/crfrfr: 0.000000000 0.562612562 0.437387438
Q:/crfrrc: 0.000000000 0.849145498 0.150854502
Q:/crfrrf: 0.000000000 0.550864176 0.449135824
Q:/crr: 0.000000000 0.000000000 1.000000000
Q:/crrccrc: 0.000000000 0.356518136 0.643481864
Q:/crrccrf: 0.000000000 0.345400472 0.654599528
Q:/crrcfrc: 0.000000000 0.708631006 0.291368994
Q:/crrcfrf: 0.000000000 0.611799613 0.388200387
Q:/crrcrcc: 0.000000000 0.750132957 0.249867043
Q:/crrcrcf: 0.000000000 0.206787317 0.793212683
Q:/crrcrfc: 0.000000000 0.406179104 0.593820896
Q:/crrcrff: 0.000000000 0.457479551 0.542520449
Q:/rcc: 0.000000000 0.000000000 1.000000000
Q:/rccrccr: 0.000000000 0.607759724 0.392240276
Q:/rccrcfr: 0.000000000 0.186036026 0.813963974
Q:/rccrcrc: 0.000000000 0.022292903 0.977707097
Q:/rccrcrf: 0.000000000 0.000000000 1.000000000
Q:/rccrfcr: 0.000000000 0.000000000 1.000000000
Q:/rccrffr: 0.000000000 0.122532814 0.877467186
Q:/rccrfrc: 0.000000000 0.044927047 0.955072953
Q:/rccrfrf: 0.000000000 0.393623528 0.606376472
Q:/rccrrcc: 0.000000000 0.337400406 0.662599594
Q:/rccrrcf: 0.000000000 0.924096885 0.075903115
Q:/rccrrfc: 0.000000000 0.532344787 0.467655213
Q:/rccrrff: 0.000000000 0.000000000 1.000000000
Q:/rcf: 0.002029898 0.000000000 0.997970102
Q:/rcfrcr: 0.000000000 0.237442811 0.762557189
Q:/rcfrfr: 0.000000000 0.406722859 0.593277141
Q:/rcfrrc: 0.000000000 0.000000000 1.000000000
Q:/rcfrrf: 0.000000000 0.605654057 0.394345943
Q:/rcr: 0.000052282 0.000000000 0.999947718
Q:/rcrccrc: 0.000000000 0.024717459 0.975282541
Q:/rcrccrf: 0.000000000 0.198190398 0.801809602
Q:/rcrcfrc: 0.000000000 0.225577511 0.774422489
Q:/rcrcfrf: 0.000000000 0.297920734 0.702079266
Q:/rcrcrcc: 0.000000000 0.026770359 0.973229641
Q:/rcrcrcf: 0.000000000 0.264285135 0.735714865
Q:/rcrcrfc: 0.000000000 0.357770138 0.642229862
Q:/rcrcrff: 0.000000000 0.833715820 0.166284180
Q:/rfc: 0.264839012 0.369047335 0.366113654
Q:/rfcrcr: 0.000000000 0.285590558 0.714409442
Q:/rfcrfr: 0.000000000 0.497545760 0.502454240
Q:/rfcrrc: 0.000000000 0.712693516 0.287306484
Q:/rfcrrf: 0.000000000 0.400352608 0.599647392
Q:/rff: 0.447734402 0.215635846 0.336629752
Q:/rffrr: 0.000000000 0.443283111 0.556716889
Q:/rfr: 0.598478583 0.026653754 0.374867662
Q:/rfrcrc: 0.000000000 0.385607958 0.614392042
Q:/rfrcrf: 0.000000000 0.907781346 0.092218654
Q:/rrc: 0.004550043 0.511016526 0.484433432
Q:/rrccrcc: 0.000000000 0.160854766 0.839145234
Q:/rrccrcf: 0.000000000 0.448566455 0.551433545
Q:/rrccrfc: 0.000000000 0.480113465 0.519886535
Q:/rrccrff: 0.000000000 0.761898984 0.238101016
Q:/rrf: 1.000000000 0.000000000 0.000000000
Q:/rrfcrc: 0.000000000 0.676528030 0.323471970
Q:/rrfcrf: 0.000000000 0.396531298 0.603468702
Q:/rrr: 0.000000000 0.872269440 0.127730560
T:/ccc: 0.500029555 0.499970445 0.000000000
T:/cccrccr: 0.336957770 0.448098152 0.214944078
T:/cccrccrccrc: 0.000000000 0.091447429 0.908552571
T:/cccrccrccrf: 0.000000000 0.652565233 0.347434767
T:/cccrccrcfrc: 0.000000000 0.749347784 0.250652216
T:/cccrccrcfrf: 0.000000000 0.477294205 0.522705795
T:/cccrccrcrcc: 0.000000000 0.282555362 0.717444638
T:/cccrccrcrcf: 0.000000000 0.479607262 0.520392738
T:/cccrccrcrfc: 0.000000000 0.477935206 0.522064794
T:/cccrccrcrff: 0.000000000 0.252595480 0.747404520
T:/cccrcfr: 0.284129327 0.318007833 0.397862840
T:/cccrcfrcrc: 0.000000000 0.831317770 0.168682230
T:/cccrcfrcrf: 0.000000000 0.008120916 0.991879084
T:/cccrcrc: 0.261625530 0.383246938 0.355127532
T:/cccrcrccrcc: 0.000000000 0.745078504 0.254921496
T:/cccrcrccrcf: 0.000000000 0.251743645 0.748256355
T:/cccrcrccrfc: 0.000000000 0.244829053 0.755170947
T:/cccrcrccrff: 0.000000000 0.882245596 0.117754404
T:/cccrcrf: 0.209236119 0.546477977 0.244285904
T:/cccrcrfcrc: 0.000000000 0.457208836 0.542791164
T:/cccrcrfcrf: 0.000000000 0.828972079 0.171027921
T:/cccrcrr: 0.000000000 0.496133413 0.503866587
T:/cccrfcr: 0.099125861 0.702806101 0.198068038
T:/cccrfcrcrc: 0.000000000 0.360057634 0.639942366
T:/cccrfcrcrf: 0.000000000 0.324562309 0.675437691
T:/cccrffr: 0.238259285 0.418680423 0.343060292
T:/cccrfrc: 0.611991739 0.049424069 0.338584192
T:/cccrfrf: 0.341097475 0.421589109 0.237313416
T:/cccrfrr: 0.000000000 0.564510616 0.435489384
T:/cccrrcc: 0.312469109 0.201969969 0.485560922
T:/cccrrcf: 0.344081520 0.401558357 0.254360123
T:/cccrrcr: 0.000000000 0.414874850 0.585125150
T:/cccrrfc: 0.390946076 0.543075522 0.065978402
T:/cccrrff: 0.034718722 0.716875031 0.248406246
T:/cccrrfr: 0.000000000 0.481157303 0.518842697
T:/cccrrrc: 0.000000000 0.109516041 0.890483959
T:/cccrrrf: 0.000000000 0.153571295 0.846428705
T:/ccr: 0.435991390 0.000000000 0.564008610
T:/ccrccrc: 0.416984348 0.133662004 0.449353648
T:/ccrccrccrcc: 0.000000000 0.483696181 0.516303819
T:/ccrccrccrcf: 0.000000000 0.446811746 0.553188254
T:/ccrccrccrfc: 0.000000000 0.823344491 0.176655509
T:/ccrccrccrff: 0.000000000 0.452639790 0.547360210
T:/ccrccrf: 0.353290142 0.326973253 0.319736604
T:/ccrccrfcrc: 0.000000000 0.390326155 0.609673845
T:/ccrccrfcrf: 0.000000000 0.206692056 0.793307944
T:/ccrccrr: 0.000000000 0.331376474 0.668623526
T:/ccrcfrc: 0.446969027 0.297257708 0.255773265
T:/ccrcfrf: 0.243604137 0.330282024 0.426113839
T:/ccrcfrr: 0.000000000 0.457252898 0.542747102
T:/ccrcrcc: 0.134528207 0.438235481 0.427236313
T:/ccrcrcf: 0.283561416 0.289178094 0.427260490
T:/ccrcrcr: 0.000000000 0.492146566 0.507853434
T:/ccrcrfc: 0.319439169 0.303358041 0.377202790
T:/ccrcrff: 0.109530949 0.658708719 0.231760332
T:/ccrcrfr: 0.000000000 0.464065740 0.535934260
T:/ccrcrrc: 0.000000000 0.688036583 0.311963417
T:/ccrcrrf: 0.000000000 0.498461776 0.501538224
T:/ccrrccr: 0.000000000 0.367627044 0.632372956
T:/ccrrcfr: 0.000000000 0.750535260 0.249464740
T:/ccrrcrc: 0.000000000 0.800142108 0.199857892
T:/ccrrcrf: 0.000000000 0.440744247 0.559255753
T:/ccrrfcr: 0.000000000 0.380614485 0.619385515
T:/ccrrffr: 0.000000000 0.566216242 0.433783758
T:/ccrrfrc: 0.000000000 0.159690961 0.840309039
T:/ccrrfrf: 0.000000000 0.559749094 0.440250906
T:/ccrrrcc: 0.000000000 0.518695232 0.481304768
T:/ccrrrcf: 0.000000000 0.431909634 0.568090366
T:/ccrrrfc: 0.000000000 0.351745768 0.648254232
T:/ccrrrff: 0.000000000 0.585783358 0.414216642
T:/crc: 0.000001157 0.000000000 0.999998843
T:/crccrcc: 0.692325456 0.168925113 0.138749431
T:/crccrcf: 0.313174755 0.345466325 0.341358920
T:/crccrcr: 0.000000000 0.556581381 0.443418619
T:/crccrfc: 0.501208555 0.328402378 0.170389067
T:/crccrff: 0.437103212 0.434841172 0.128055615
T:/crccrfr: 0.000000000 0.282497144 0.717502856
T:/crccrrc: 0.000000000 0.139899617 0.860100383
T:/crccrrf: 0.000000000 0.000000000 1.000000000
T:/crcrccr: 0.000000000 0.470227790 0.529772210
T:/crcrcfr: 0.000000000 0.557456702 0.442543298
T:/crcrcrc: 0.000000000 0.001211050 0.998788950
T:/crcrcrf: 0.000000000 0.572651069 0.427348931
T:/crcrfcr: 0.000000000 0.371909941 0.628090059
T:/crcrffr: 0.000000000 0.498740759 0.501259241
T:/crcrfrc: 0.000000000 0.733621445 0.266378555
T:/crcrfrf: 0.000000000 0.286503192 0.713496808
T:/crcrrcc: 0.000000000 0.877471711 0.122528289
T:/crcrrcf: 0.000000000 0.211130162 0.788869838
T:/crcrrfc: 0.000000000 0.356296090 0.643703910
T:/crcrrff: 0.000000000 0.463465296 0.536534704
T:/crf: 0.140669101 0.099935919 0.759394981
T:/crfcrc: 0.340722693 0.265773225 0.393504082
T:/crfcrf: 0.360775499 0.569575326 0.069649175
T:/crfcrr: 0.000000000 0.526963840 0.473036160
T:/crfrcr: 0.000000000 0.445267086 0.554732914
T:/crfrfr: 0.000000000 0.761215867 0.238784133
T:/crfrrc: 0.000000000 0.915930511 0.084069489
T:/crfrrf: 0.000000000 0.229940085 0.770059915
T:/crr: 0.000000000 0.000000000 1.000000000
T:/crrccrc: 0.000000000 0.258521216 0.741478784
T:/crrccrf: 0.000000000 0.224656664 0.775343336
T:/crrcfrc: 0.000000000 0.036770000 0.963230000
T:/crrcfrf: 0.000000000 0.374388159 0.625611841
T:/crrcrcc: 0.000000000 0.292814229 0.707185771
T:/crrcrcf: 0.000000000 0.272635643 0.727364357
T:/crrcrfc: 0.000000000 0.039593419 0.960406581
T:/crrcrff: 0.000000000 0.487596001 0.512403999
T:/rcc: 0.000000000 0.000000000 1.000000000
T:/rccrccr: 0.000000000 0.623740959 0.376259041
T:/rccrcfr: 0.000000000 0.601723363 0.398276637
T:/rccrcrc: 0.000000000 0.211915124 0.788084876
T:/rccrcrf: 0.000000000 0.111133567 0.888866433
T:/rccrfcr: 0.000000000 0.288914617 0.711085383
T:/rccrffr: 0.000000000 0.279299565 0.720700435
T:/rccrfrc: 0.000000000 0.000000000 1.000000000
T:/rccrfrf: 0.000000000 0.517481214 0.482518786
T:/rccrrcc: 0.000000000 0.868815753 0.131184247
T:/rccrrcf: 0.000000000 0.095105499 0.904894501
T:/rccrrfc: 0.000000000 0.350561272 0.649438728
T:/rccrrff: 0.000000000 0.381392742 0.618607258
T:/rcf: 0.001760336 0.000000000 0.998239664
T:/rcfrcr: 0.000000000 0.551726613 0.448273387
T:/rcfrfr: 0.000000000 0.346334106 0.653665894
T:/rcfrrc: 0.000000000 0.000000000 1.000000000
T:/rcfrrf: 0.000000000 0.765792766 0.234207234
T:/rcr: 0.000037651 0.000021766 0.999940584
T:/rcrccrc: 0.000000000 0.560328581 0.439671419
T:/rcrccrf: 0.000000000 0.043026043 0.956973957
T:/rcrcfrc: 0.000000000 0.346553656 0.653446344
T:/rcrcfrf: 0.000000000 0.791539448 0.208460552
T:/rcrcrcc: 0.000000000 0.320763961 0.679236039
T:/rcrcrcf: 0.000000000 0.457407499 0.542592501
T:/rcrcrfc: 0.000000000 0.764491777 0.235508223
T:/rcrcrff: 0.000000000 0.276133866 0.723866134
T:/rfc: 0.131300679 0.214791506 0.653907815
T:/rfcrcr: 0.000000000 0.676174431 0.323825569
T:/rfcrfr: 0.000000000 0.767856286 0.232143714
T:/rfcrrc: 0.000000000 0.424594492 0.575405508
T:/rfcrrf: 0.000000000 0.178230264 0.821769736
T:/rff: 0.223101462 0.224045268 0.552853270
T:/rffrr: 0.000000000 0.744103864 0.255896136
T:/rfr: 0.405484485 0.000000000 0.594515515
T:/rfrcrc: 0.000000000 0.604347899 0.395652101
T:/rfrcrf: 0.000000000 0.530062038 0.469937962
T:/rrc: 0.711285241 0.210228180 0.078486578
T:/rrccrcc: 0.000000000 0.998396492 0.001603508
T:/rrccrcf: 0.000000000 0.734784829 0.265215171
T:/rrccrfc: 0.000000000 0.572204914 0.427795086
T:/rrccrff: 0.000000000 0.029507548 0.970492452
T:/rrf: 0.614924793 0.384747980 0.000327228
T:/rrfcrc: 0.000000000 0.094275304 0.905724696
T:/rrfcrf: 0.000000000 0.826460494 0.173539506
T:/rrr: 0.000000000 0.415506580 0.584493420
