5:/: 0.379321358 0.620678642 0.000000000
5:/ccr: 0.000000000 0.000000000 1.000000000
5:/ccrcrc: 0.000000000 0.188650331 0.811349669
5:/ccrcrf: 0.256752724 0.264708233 0.478539043
5:/ccrcrr: 0.000000000 0.202806618 0.797193382
5:/ccrrcr: 0.000000000 0.462056137 0.537943863
5:/ccrrfr: 0.000000000 0.536846470 0.463153530
5:/ccrrrc: 0.000000000 0.445238474 0.554761526
5:/ccrrrf: 0.000000000 0.106874463 0.893125537
5:/crc: 0.000219046 0.000000000 0.999780954
5:/crcrcr: 0.000000000 0.258279541 0.741720459
5:/crcrfr: 0.000000000 0.357340921 0.642659079
5:/crcrrc: 0.000000000 0.000000000 1.000000000
5:/crcrrf: 0.000000000 0.142609013 0.857390987
5:/crf: 0.000000000 0.000000000 1.000000000
5:/crfrr: 0.000000000 0.000000000 1.000000000
5:/crr: 0.286081588 0.000000000 0.713918412
5:/crrcrc: 0.000000000 0.588455134 0.411544866
5:/crrcrf: 0.000000000 0.545846783 0.454153217
5:/rcr: 0.683823939 0.316176061 0.000000000
5:/rcrcrc: 0.000000000 0.364774686 0.635225314
5:/rcrcrf: 0.000000000 0.400693547 0.599306453
5:/rfr: 0.183290875 0.504626826 0.312082299
5:/rrc: 0.000000000 0.211693462 0.788306538
5:/rrf: 0.000000000 0.000000000 1.000000000
5:/rrr: 0.000000000 0.601823751 0.398176249
6:/: 0.386085364 0.613914636 0.000000000
6:/ccr: 0.000000000 0.000000000 1.000000000
6:/ccrcrc: 0.085428584 0.296711379 0.617860037
6:/ccrcrf: 0.192416045 0.608949901 0.198634054
6:/ccrcrr: 0.000000000 0.692937843 0.307062157
6:/ccrrcr: 0.000000000 0.819132531 0.180867469
6:/ccrrfr: 0.000000000 0.300443779 0.699556221
6:/ccrrrc: 0.000000000 0.432375781 0.567624219
6:/ccrrrf: 0.000000000 0.022651778 0.977348222
6:/crc: 0.000173503 0.000000000 0.999826497
6:/crcrcr: 0.000000000 0.999938701 0.000061299
6:/crcrfr: 0.000000000 0.422576565 0.577423435
6:/crcrrc: 0.000000000 0.452310359 0.547689641
6:/crcrrf: 0.000000000 0.000000000 1.000000000
6:/crf: 0.000000000 0.000000000 1.000000000
6:/crfrr: 0.000000000 0.000000000 1.000000000
6:/crr: 0.269142493 0.000000000 0.730857507
6:/crrcrc: 0.000000000 0.127316408 0.872683592
6:/crrcrf: 0.000000000 0.629272654 0.370727346
6:/rcr: 0.783729248 0.216270752 0.000000000
6:/rcrcrc: 0.000000000 0.242617146 0.757382854
6:/rcrcrf: 0.000000000 0.000000000 1.000000000
6:/rfr: 0.144002472 0.577476524 0.278521003
6:/rrc: 0.000000000 0.291881348 0.708118652
6:/rrf: 0.000000000 0.000000000 1.000000000
6:/rrr: 0.000000000 0.737938892 0.262061108
7:/: 0.117392026 0.882607974 0.000000000
7:/ccr: 0.000100374 0.065571311 0.934328316
7:/ccrcrc: 0.000000000 0.476902534 0.523097466
7:/ccrcrf: 0.000000000 0.176157884 0.823842116
7:/ccrcrr: 0.000000000 0.362706839 0.637293161
7:/ccrrcr: 0.000000000 0.607160059 0.392839941
7:/ccrrfr: 0.000000000 0.390329463 0.609670537
7:/ccrrrc: 0.000000000 0.442465768 0.557534232
7:/ccrrrf: 0.000000000 0.652850045 0.347149955
7:/crc: 0.000157720 0.000000000 0.999842280
7:/crcrcr: 0.000000000 0.618656187 0.381343813
7:/crcrfr: 0.000000000 0.279443876 0.720556124
7:/crcrrc: 0.000000000 0.389883960 0.610116040
7:/crcrrf: 0.000000000 0.470626283 0.529373717
7:/crf: 0.000471168 0.187684018 0.811844815
7:/crfrr: 0.000000000 0.000000000 1.000000000
7:/crr: 0.000000000 0.000000000 1.000000000
7:/crrcrc: 0.000000000 0.692831012 0.307168988
7:/crrcrf: 0.000000000 0.354913759 0.645086241
7:/rcr: 0.775849717 0.224150283 0.000000000
7:/rcrcrc: 0.000000000 0.214536838 0.785463162
7:/rcrcrf: 0.000000000 0.753582927 0.246417073
7:/rfr: 0.022790211 0.312738377 0.664471412
7:/rrc: 0.000000000 0.188987462 0.811012538
7:/rrf: 0.000000000 0.000000000 1.000000000
7:/rrr: 0.000000000 0.006272710 0.993727290
8:/: 0.000650865 0.999349135 0.000000000
8:/ccr: 0.022034791 0.023860361 0.954104848
8:/ccrcrc: 0.000000000 0.706500445 0.293499555
8:/ccrcrf: 0.000000000 0.179434893 0.820565107
8:/ccrcrr: 0.000000000 0.358387086 0.641612914
8:/ccrrcr: 0.000000000 0.425663145 0.574336855
8:/ccrrfr: 0.000000000 0.688361201 0.311638799
8:/ccrrrc: 0.000000000 0.303497753 0.696502247
8:/ccrrrf: 0.000000000 0.304329258 0.695670742
8:/crc: 0.000184127 0.000000000 0.999815873
8:/crcrcr: 0.000000000 0.598825418 0.401174582
8:/crcrfr: 0.000000000 0.766899139 0.233100861
8:/crcrrc: 0.000000000 0.163474832 0.836525168
8:/crcrrf: 0.000000000 0.464961528 0.535038472
8:/crf: 0.027175600 0.424604159 0.548220241
8:/crfrr: 0.000000000 0.000000000 1.000000000
8:/crr: 0.377180111 0.000000000 0.622819889
8:/crrcrc: 0.000000000 0.458608253 0.541391747
8:/crrcrf: 0.000000000 0.553814712 0.446185288
8:/rcr: 0.408065896 0.591934104 0.000000000
8:/rcrcrc: 0.000000000 0.191713948 0.808286052
8:/rcrcrf: 0.000000000 0.494481599 0.505518401
8:/rfr: 0.261031731 0.470658660 0.268309609
8:/rrc: 0.000000000 0.399465242 0.600534758
8:/rrf: 0.000000000 0.000000000 1.000000000
8:/rrr: 0.000000000 0.027667051 0.972332949
9:/: 0.000011500 0.999988500 0.000000000
9:/ccr: 0.157081607 0.023073640 0.819844753
9:/ccrcrc: 0.170482204 0.339287782 0.490230014
9:/ccrcrf: 0.131080058 0.150683684 0.718236258
9:/ccrcrr: 0.000000000 0.152700665 0.847299335
9:/ccrrcr: 0.000000000 0.385976712 0.614023288
9:/ccrrfr: 0.000000000 0.829495365 0.170504635
9:/ccrrrc: 0.000000000 0.465528118 0.534471882
9:/ccrrrf: 0.000000000 0.589205503 0.410794497
9:/crc: 0.000160857 0.000000000 0.999839143
9:/crcrcr: 0.000000000 0.637158935 0.362841065
9:/crcrfr: 0.000000000 0.382895248 0.617104752
9:/crcrrc: 0.000000000 0.253884021 0.746115979
9:/crcrrf: 0.000000000 0.725833180 0.274166820
9:/crf: 0.030150356 0.470765734 0.499083910
9:/crfrr: 0.000000000 0.000000000 1.000000000
9:/crr: 0.164457597 0.026113338 0.809429065
9:/crrcrc: 0.000000000 0.823866522 0.176133478
9:/crrcrf: 0.000000000 0.703281940 0.296718060
9:/rcr: 0.914988199 0.085011801 0.000000000
9:/rcrcrc: 0.000000000 0.221943005 0.778056995
9:/rcrcrf: 0.000000000 0.903690688 0.096309312
9:/rfr: 0.063671024 0.277120652 0.659208324
9:/rrc: 0.000000000 0.329063387 0.670936613
9:/rrf: 0.000000000 0.000000000 1.000000000
9:/rrr: 0.000000000 0.190846681 0.809153319
A:/: 0.539830132 0.460169868 0.000000000
A:/ccr: 0.360899309 0.639100691 0.000000000
A:/ccrcrc: 0.326334488 0.446612189 0.227053323
A:/ccrcrf: 0.386936781 0.442030706 0.171032513
A:/ccrcrr: 0.000000000 0.842098249 0.157901751
A:/ccrrcr: 0.000000000 0.274636542 0.725363458
A:/ccrrfr: 0.000000000 0.446540080 0.553459920
A:/ccrrrc: 0.000000000 0.725027216 0.274972784
A:/ccrrrf: 0.000000000 0.786725039 0.213274961
A:/crc: 0.203292006 0.796707994 0.000000000
A:/crcrcr: 0.000000000 0.807093494 0.192906506
A:/crcrfr: 0.000000000 0.848349672 0.151650328
A:/crcrrc: 0.000000000 0.887492710 0.112507290
A:/crcrrf: 0.000000000 1.000000000 0.000000000
A:/crf: 1.000000000 0.000000000 0.000000000
A:/crfrr: 0.000000000 1.000000000 0.000000000
A:/crr: 0.616423565 0.383576435 0.000000000
A:/crrcrc: 0.000000000 0.817374257 0.182625743
A:/crrcrf: 0.000000000 1.000000000 0.000000000
A:/rcr: 0.697931096 0.302068904 0.000000000
A:/rcrcrc: 0.000000000 0.985329336 0.014670664
A:/rcrcrf: 0.000000000 0.673253820 0.326746180
A:/rfr: 0.176852541 0.448632214 0.374515245
A:/rrc: 0.820190164 0.179809836 0.000000000
A:/rrf: 0.530227427 0.469772573 0.000000000
A:/rrr: 0.000000000 0.825959424 0.174040576
J:/: 0.000000000 1.000000000 0.000000000
J:/ccr: 0.160506772 0.000049360 0.839443868
J:/ccrcrc: 0.000000000 0.228301950 0.771698050
J:/ccrcrf: 0.036249493 0.761041990 0.202708517
J:/ccrcrr: 0.000000000 0.690588539 0.309411461
J:/ccrrcr: 0.000000000 0.332325951 0.667674049
J:/ccrrfr: 0.000000000 0.361910692 0.638089308
J:/ccrrrc: 0.000000000 0.598747779 0.401252221
J:/ccrrrf: 0.000000000 0.538549329 0.461450671
J:/crc: 0.000157549 0.000000000 0.999842451
J:/crcrcr: 0.000000000 0.786202253 0.213797747
J:/crcrfr: 0.000000000 0.511867625 0.488132375
J:/crcrrc: 0.000000000 0.210658613 0.789341387
J:/crcrrf: 0.000000000 0.418182377 0.581817623
J:/crf: 0.012028219 0.622595742 0.365376040
J:/crfrr: 0.000000000 0.000000000 1.000000000
J:/crr: 0.333181196 0.000000000 0.666818804
J:/crrcrc: 0.000000000 0.957173098 0.042826902
J:/crrcrf: 0.000000000 0.212612293 0.787387707
J:/rcr: 0.617181522 0.279959668 0.102858809
J:/rcrcrc: 0.000000000 0.217517027 0.782482973
J:/rcrcrf: 0.000000000 0.272314349 0.727685651
J:/rfr: 0.406165073 0.520831666 0.073003261
J:/rrc: 0.000000000 0.158716803 0.841283197
J:/rrf: 0.000000000 0.259460341 0.740539659
J:/rrr: 0.000000000 0.148563467 0.851436533
K:/: 0.993517647 0.006482353 0.000000000
K:/ccr: 0.272056138 0.727943862 0.000000000
K:/ccrcrc: 0.620448497 0.194022686 0.185528817
K:/ccrcrf: 0.285540967 0.541666287 0.172792745
K:/ccrcrr: 0.000000000 0.620385103 0.379614897
K:/ccrrcr: 0.000000000 0.702822650 0.297177350
K:/ccrrfr: 0.000000000 0.798600055 0.201399945
K:/ccrrrc: 0.000000000 0.448010647 0.551989353
K:/ccrrrf: 0.000000000 0.741380605 0.258619395
K:/crc: 0.000000000 0.906400143 0.093599857
K:/crcrcr: 0.000000000 0.582372978 0.417627022
K:/crcrfr: 0.000000000 0.525029781 0.474970219
K:/crcrrc: 0.000000000 0.407366468 0.592633532
K:/crcrrf: 0.000000000 0.434529330 0.565470670
K:/crf: 0.000120195 0.999879805 0.000000000
K:/crfrr: 0.000000000 0.000000000 1.000000000
K:/crr: 0.865807573 0.000000000 0.134192427
K:/crrcrc: 0.000000000 0.688951633 0.311048367
K:/crrcrf: 0.000000000 0.984979680 0.015020320
K:/rcr: 0.533749568 0.466250432 0.000000000
K:/rcrcrc: 0.000000000 0.938665334 0.061334666
K:/rcrcrf: 0.000000000 0.866063239 0.133936761
K:/rfr: 0.165944633 0.341622386 0.492432980
K:/rrc: 0.092166718 0.502559980 0.405273302
K:/rrf: 0.000000000 0.882938179 0.117061821
K:/rrr: 0.000000000 0.850253051 0.149746949
Q:/: 0.000131433 0.999868567 0.000000000
Q:/ccr: 0.156283621 0.843716379 0.000000000
Q:/ccrcrc: 0.244489845 0.192125773 0.563384382
Q:/ccrcrf: 0.408021711 0.269007234 0.322971055
Q:/ccrcrr: 0.000000000 0.759980802 0.240019198
Q:/ccrrcr: 0.000000000 0.569174334 0.430825666
Q:/ccrrfr: 0.000000000 0.601882620 0.398117380
Q:/ccrrrc: 0.000000000 0.669361894 0.330638106
Q:/ccrrrf: 0.000000000 0.528652097 0.471347903
Q:/crc: 0.000000000 0.308804394 0.691195606
Q:/crcrcr: 0.000000000 0.583857961 0.416142039
Q:/crcrfr: 0.000000000 0.389671158 0.610328842
Q:/crcrrc: 0.000000000 0.711547555 0.288452445
Q:/crcrrf: 0.000000000 0.423287758 0.576712242
Q:/crf: 0.000000000 0.998242413 0.001757587
Q:/crfrr: 0.000000000 0.000000000 1.000000000
Q:/crr: 0.701755703 0.000000000 0.298244297
Q:/crrcrc: 0.000000000 0.420473648 0.579526352
Q:/crrcrf: 0.000000000 0.787122243 0.212877757
Q:/rcr: 0.576932226 0.422888777 0.000178996
Q:/rcrcrc: 0.000000000 0.792172085 0.207827915
Q:/rcrcrf: 0.000000000 0.794164908 0.205835092
Q:/rfr: 0.376130061 0.573675505 0.050194434
Q:/rrc: 0.000000000 0.454987261 0.545012739
Q:/rrf: 0.000000000 0.778370917 0.221629083
Q:/rrr: 0.000000000 0.347008979 0.652991021
T:/: 0.000000000 1.000000000 0.000000000
T:/ccr: 0.000048190 0.218638761 0.781313050
T:/ccrcrc: 0.000000000 0.071494941 0.928505059
T:/ccrcrf: 0.000000000 0.350715869 0.649284131
T:/ccrcrr: 0.000000000 0.372665825 0.627334175
T:/ccrrcr: 0.000000000 0.326525710 0.673474290
T:/ccrrfr: 0.000000000 0.555850803 0.444149197
T:/ccrrrc: 0.000000000 0.503862824 0.496137176
T:/ccrrrf: 0.000000000 0.219486789 0.780513211
T:/crc: 0.000142664 0.000000000 0.999857336
T:/crcrcr: 0.000000000 0.751005675 0.248994325
T:/crcrfr: 0.000000000 0.200324637 0.799675363
T:/crcrrc: 0.000000000 0.462012066 0.537987934
T:/crcrrf: 0.000000000 0.605200400 0.394799600
T:/crf: 0.017710113 0.835681936 0.146607951
T:/crfrr: 0.000000000 0.000000000 1.000000000
T:/crr: 0.366229898 0.000000000 0.633770102
T:/crrcrc: 0.000000000 0.740001737 0.259998263
T:/crrcrf: 0.000000000 0.632192673 0.367807327
T:/rcr: 0.738893878 0.261106122 0.000000000
T:/rcrcrc: 0.000000000 0.752490499 0.247509501
T:/rcrcrf: 0.000000000 0.202934466 0.797065534
T:/rfr: 0.568237352 0.195484691 0.236277957
T:/rrc: 0.000000000 0.186968397 0.813031603
T:/rrf: 0.000000000 0.000000000 1.000000000
T:/rrr: 0.000000000 0.134005633 0.865994367
