5:/cc: 0.240290580 0.759709420 0.000000000
5:/ccrcr: 0.000000000 0.184812649 0.815187351
5:/ccrcrcrc: 0.000000000 0.170755571 0.829244429
5:/ccrcrcrf: 0.000000000 0.763042691 0.236957309
5:/ccrfr: 0.044176683 0.000000000 0.955823317
5:/ccrrc: 0.000000000 0.605859792 0.394140208
5:/ccrrf: 0.366255847 0.572069035 0.061675118
5:/ccrrr: 0.000000000 0.687977154 0.312022846
5:/cr: 0.000000000 0.000000000 1.000000000
5:/crcrc: 0.031449589 0.578393585 0.390156825
5:/crcrf: 0.443717332 0.455233063 0.101049605
5:/crcrr: 0.000000000 0.257465747 0.742534253
5:/crrcr: 0.000000000 0.647489272 0.352510728
5:/crrfr: 0.000000000 0.000000000 1.000000000
5:/crrrc: 0.000000000 0.000000000 1.000000000
5:/crrrf: 0.000000000 0.866402668 0.133597332
5:/rc: 0.084686183 0.000000000 0.915313817
5:/rcrcr: 0.000000000 0.354634705 0.645365295
5:/rcrfr: 0.000000000 0.052379680 0.947620320
5:/rcrrc: 0.000000000 0.109629367 0.890370633
5:/rcrrf: 0.000000000 0.574673748 0.425326252
5:/rf: 0.234836094 0.337600726 0.427563180
5:/rfrr: 0.000000000 0.734157800 0.265842200
5:/rr: 0.000000000 0.000000000 1.000000000
5:/rrcrc: 0.000000000 0.192444137 0.807555863
5:/rrcrf: 0.000000000 0.342839383 0.657160617
6:/cc: 0.650248457 0.349751543 0.000000000
6:/ccrcr: 0.000000000 0.173521017 0.826478983
6:/ccrcrcrc: 0.000000000 0.428057663 0.571942337
6:/ccrcrcrf: 0.000000000 0.239918241 0.760081759
6:/ccrfr: 0.000000000 0.000000000 1.000000000
6:/ccrrc: 0.188483582 0.573096940 0.238419478
6:/ccrrf: 0.383794684 0.173753712 0.442451604
6:/ccrrr: 0.000000000 0.000000000 1.000000000
6:/cr: 0.000000000 0.000000000 1.000000000
6:/crcrc: 0.122680351 0.542287487 0.335032162
6:/crcrf: 0.032441415 0.509018861 0.458539724
6:/crcrr: 0.000000000 0.740623472 0.259376528
6:/crrcr: 0.000000000 0.624907005 0.375092995
6:/crrfr: 0.000000000 0.000000000 1.000000000
6:/crrrc: 0.000000000 0.000000000 1.000000000
6:/crrrf: 0.000000000 0.638857083 0.361142917
6:/rc: 0.187349733 0.000000000 0.812650267
6:/rcrcr: 0.000000000 0.839147531 0.160852469
6:/rcrfr: 0.000000000 0.710155544 0.289844456
6:/rcrrc: 0.000000000 0.561329644 0.438670356
6:/rcrrf: 0.000000000 0.872916017 0.127083983
6:/rf: 0.330502485 0.261704577 0.407792938
6:/rfrr: 0.000000000 0.515817497 0.484182503
6:/rr: 0.000000000 0.000000000 1.000000000
6:/rrcrc: 0.000000000 0.188296355 0.811703645
6:/rrcrf: 0.000000000 0.289663888 0.710336112
7:/cc: 0.000162427 0.999837573 0.000000000
7:/ccrcr: 0.090126694 0.171778971 0.738094335
7:/ccrcrcrc: 0.000000000 0.371217766 0.628782234
7:/ccrcrcrf: 0.000000000 0.465595112 0.534404888
7:/ccrfr: 0.459692796 0.000000000 0.540307204
7:/ccrrc: 0.360179632 0.334152424 0.305667943
7:/ccrrf: 0.685841593 0.140976280 0.173182127
7:/ccrrr: 0.000000000 0.593579880 0.406420120
7:/cr: 0.206965860 0.000000000 0.793034140
7:/crcrc: 0.323076569 0.447976205 0.228947226
7:/crcrf: 0.151998520 0.603645620 0.244355859
7:/crcrr: 0.000000000 0.361871284 0.638128716
7:/crrcr: 0.000000000 0.826153840 0.173846160
7:/crrfr: 0.000000000 0.000000000 1.000000000
7:/crrrc: 0.000000000 0.000000000 1.000000000
7:/crrrf: 0.000000000 0.698262625 0.301737375
7:/rc: 0.071677223 0.000000000 0.928322777
7:/rcrcr: 0.000000000 0.705654144 0.294345856
7:/rcrfr: 0.000000000 0.235065969 0.764934031
7:/rcrrc: 0.000000000 0.000000000 1.000000000
7:/rcrrf: 0.000000000 0.665119461 0.334880539
7:/rf: 0.329073840 0.215406616 0.455519544
7:/rfrr: 0.000000000 0.838994429 0.161005571
7:/rr: 0.000000000 0.000000000 1.000000000
7:/rrcrc: 0.000000000 0.366525888 0.633474112
7:/rrcrf: 0.000000000 0.255736619 0.744263381
8:/cc: 0.000031465 0.999968535 0.000000000
8:/ccrcr: 0.000000000 0.290425674 0.709574326
8:/ccrcrcrc: 0.000000000 0.397412900 0.602587100
8:/ccrcrcrf: 0.000000000 0.871643553 0.128356447
8:/ccrfr: 0.022997934 0.095909248 0.881092817
8:/ccrrc: 0.222920303 0.382445068 0.394634629
8:/ccrrf: 0.495651241 0.396047103 0.108301655
8:/ccrrr: 0.000000000 0.000000000 1.000000000
8:/cr: 0.000000000 0.000000000 1.000000000
8:/crcrc: 0.429248551 0.180344257 0.390407192
8:/crcrf: 0.235936061 0.721462488 0.042601451
8:/crcrr: 0.000000000 0.186789083 0.813210917
8:/crrcr: 0.000000000 0.656605910 0.343394090
8:/crrfr: 0.000000000 0.000000000 1.000000000
8:/crrrc: 0.000000000 0.276186418 0.723813582
8:/crrrf: 0.000000000 0.865579767 0.134420233
8:/rc: 0.108537056 0.000000000 0.891462944
8:/rcrcr: 0.000000000 0.904852395 0.095147605
8:/rcrfr: 0.000000000 0.605999928 0.394000072
8:/rcrrc: 0.000000000 0.151235744 0.848764256
8:/rcrrf: 0.000000000 0.624917892 0.375082108
8:/rf: 0.334057319 0.338718618 0.327224063
8:/rfrr: 0.000000000 0.708739827 0.291260173
8:/rr: 0.000000000 0.000000000 1.000000000
8:/rrcrc: 0.000000000 0.300909510 0.699090490
8:/rrcrf: 0.000000000 0.611799613 0.388200387
9:/cc: 0.000050211 0.999949789 0.000000000
9:/ccrcr: 0.000000000 0.750768044 0.249231956
9:/ccrcrcrc: 0.000000000 0.465243352 0.534756648
9:/ccrcrcrf: 0.000000000 0.103705973 0.896294027
9:/ccrfr: 0.133096474 0.000529159 0.866374367
9:/ccrrc: 0.000000000 0.299210986 0.700789014
9:/ccrrf: 0.353881906 0.623933654 0.022184440
9:/ccrrr: 0.000000000 0.290965148 0.709034852
9:/cr: 0.000391134 0.000008829 0.999600037
9:/crcrc: 0.141532077 0.320223172 0.538244751
9:/crcrf: 0.478134296 0.301421889 0.220443815
9:/crcrr: 0.000000000 0.512756059 0.487243941
9:/crrcr: 0.000000000 0.425354975 0.574645025
9:/crrfr: 0.000000000 0.000000000 1.000000000
9:/crrrc: 0.000000000 0.000000000 1.000000000
9:/crrrf: 0.000000000 0.532048252 0.467951748
9:/rc: 0.148841676 0.000000000 0.851158324
9:/rcrcr: 0.000000000 0.335371673 0.664628327
9:/rcrfr: 0.000000000 0.097929746 0.902070254
9:/rcrrc: 0.000000000 0.165800550 0.834199450
9:/rcrrf: 0.000000000 0.600840565 0.399159435
9:/rf: 0.014865028 0.431013850 0.554121122
9:/rfrr: 0.000000000 0.998443282 0.001556718
9:/rr: 0.000000000 0.000000000 1.000000000
9:/rrcrc: 0.000000000 0.325078330 0.674921670
9:/rrcrf: 0.000000000 0.294425252 0.705574748
A:/cc: 1.000000000 0.000000000 0.000000000
A:/ccrcr: 0.662114986 0.337885014 0.000000000
A:/ccrcrcrc: 0.000000000 0.371718709 0.628281291
A:/ccrcrcrf: 0.000000000 0.280723674 0.719276326
A:/ccrfr: 0.447123640 0.552876360 0.000000000
A:/ccrrc: 0.748381919 0.251618081 0.000000000
A:/ccrrf: 0.352125420 0.303789148 0.344085432
A:/ccrrr: 0.000000000 1.000000000 0.000000000
A:/cr: 1.000000000 0.000000000 0.000000000
A:/crcrc: 0.324555784 0.346433606 0.329010610
A:/crcrf: 0.243124286 0.452445112 0.304430602
A:/crcrr: 0.000000000 0.515830409 0.484169591
A:/crrcr: 0.000000000 0.957188904 0.042811096
A:/crrfr: 0.000000000 0.891967957 0.108032043
A:/crrrc: 0.000000000 1.000000000 0.000000000
A:/crrrf: 0.000000000 0.083279772 0.916720228
A:/rc: 1.000000000 0.000000000 0.000000000
A:/rcrcr: 0.000000000 1.000000000 0.000000000
A:/rcrfr: 0.000000000 1.000000000 0.000000000
A:/rcrrc: 0.000000000 1.000000000 0.000000000
A:/rcrrf: 0.000000000 0.830146117 0.169853883
A:/rf: 0.347239371 0.183590121 0.469170508
A:/rfrr: 0.000000000 0.671389264 0.328610736
A:/rr: 0.527921982 0.472078018 0.000000000
A:/rrcrc: 0.000000000 0.998485246 0.001514754
A:/rrcrf: 0.000000000 0.640251171 0.359748829
J:/cc: 0.115037453 0.884962547 0.000000000
J:/ccrcr: 0.026386516 0.493190102 0.480423382
J:/ccrcrcrc: 0.000000000 0.638611540 0.361388460
J:/ccrcrcrf: 0.000000000 0.403586757 0.596413243
J:/ccrfr: 0.000000000 0.556619228 0.443380772
J:/ccrrc: 0.122105401 0.089675309 0.788219290
J:/ccrrf: 0.299880907 0.075627340 0.624491752
J:/ccrrr: 0.000000000 0.645021521 0.354978479
J:/cr: 0.000000000 0.028609617 0.971390383
J:/crcrc: 0.493435676 0.240504778 0.266059546
J:/crcrf: 0.068015667 0.353648769 0.578335564
J:/crcrr: 0.000000000 0.544078117 0.455921883
J:/crrcr: 0.000000000 0.036356813 0.963643187
J:/crrfr: 0.000000000 0.000000000 1.000000000
J:/crrrc: 0.000000000 0.000000000 1.000000000
J:/crrrf: 0.000000000 0.382932671 0.617067329
J:/rc: 0.000000000 0.152058577 0.847941423
J:/rcrcr: 0.000000000 0.395771411 0.604228589
J:/rcrfr: 0.000000000 0.272899618 0.727100382
J:/rcrrc: 0.000000000 0.202627040 0.797372960
J:/rcrrf: 0.000000000 0.383760518 0.616239482
J:/rf: 0.249328919 0.114156504 0.636514577
J:/rfrr: 0.000000000 0.401229291 0.598770709
J:/rr: 0.000000000 0.000000000 1.000000000
J:/rrcrc: 0.000000000 0.774778853 0.225221147
J:/rrcrf: 0.000000000 0.557182037 0.442817963
K:/cc: 1.000000000 0.000000000 0.000000000
K:/ccrcr: 0.155700432 0.637555936 0.206743632
K:/ccrcrcrc: 0.000000000 0.630026239 0.369973761
K:/ccrcrcrf: 0.000000000 0.349140108 0.650859892
K:/ccrfr: 0.084915699 0.730897587 0.184186714
K:/ccrrc: 0.389195399 0.574060957 0.036743645
K:/ccrrf: 0.214940183 0.500468814 0.284591003
K:/ccrrr: 0.000000000 0.881697099 0.118302901
K:/cr: 0.000000000 1.000000000 0.000000000
K:/crcrc: 0.030309596 0.665083545 0.304606860
K:/crcrf: 0.396095209 0.189856004 0.414048787
K:/crcrr: 0.000000000 0.513465092 0.486534908
K:/crrcr: 0.000000000 0.461704547 0.538295453
K:/crrfr: 0.000000000 0.000000000 1.000000000
K:/crrrc: 0.000000000 0.320468351 0.679531649
K:/crrrf: 0.000000000 0.922910739 0.077089261
K:/rc: 0.000000000 1.000000000 0.000000000
K:/rcrcr: 0.000000000 0.964810890 0.035189110
K:/rcrfr: 0.000000000 0.628852453 0.371147547
K:/rcrrc: 0.000000000 0.999773132 0.000226868
K:/rcrrf: 0.000000000 0.823074804 0.176925196
K:/rf: 0.511447873 0.194559902 0.293992225
K:/rfrr: 0.000000000 0.211277097 0.788722903
K:/rr: 0.106763880 0.481753085 0.411483035
K:/rrcrc: 0.000000000 0.992515493 0.007484507
K:/rrcrf: 0.000000000 0.518205773 0.481794227
Q:/cc: 1.000000000 0.000000000 0.000000000
Q:/ccrcr: 0.105378502 0.355173589 0.539447909
Q:/ccrcrcrc: 0.000000000 0.400516526 0.599483474
Q:/ccrcrcrf: 0.000000000 0.234269780 0.765730220
Q:/ccrfr: 0.000000000 0.701488982 0.298511018
Q:/ccrrc: 0.726289325 0.273710675 0.000000000
Q:/ccrrf: 0.349967838 0.433764359 0.216267803
Q:/ccrrr: 0.000000000 0.832107152 0.167892848
Q:/cr: 0.000000000 0.999370232 0.000629768
Q:/crcrc: 0.021188766 0.496548109 0.482263125
Q:/crcrf: 0.420408259 0.393641146 0.185950595
Q:/crcrr: 0.000000000 0.896030860 0.103969140
Q:/crrcr: 0.000000000 0.558654422 0.441345578
Q:/crrfr: 0.000000000 0.000000000 1.000000000
Q:/crrrc: 0.000000000 0.000000000 1.000000000
Q:/crrrf: 0.000000000 0.260811914 0.739188086
Q:/rc: 0.000000000 1.000000000 0.000000000
Q:/rcrcr: 0.000000000 0.760162162 0.239837838
Q:/rcrfr: 0.000000000 0.889826888 0.110173112
Q:/rcrrc: 0.000000000 0.609515877 0.390484123
Q:/rcrrf: 0.000000000 0.840984072 0.159015928
Q:/rf: 0.337540670 0.598247560 0.064211769
Q:/rfrr: 0.000000000 0.358178115 0.641821885
Q:/rr: 0.000000000 0.045081032 0.954918968
Q:/rrcrc: 0.000000000 0.531396304 0.468603696
Q:/rrcrf: 0.000000000 0.957902587 0.042097413
T:/cc: 0.000163920 0.999836080 0.000000000
T:/ccrcr: 0.189633309 0.240630105 0.569736586
T:/ccrcrcrc: 0.000000000 0.224193898 0.775806102
T:/ccrcrcrf: 0.000000000 0.451874480 0.548125520
T:/ccrfr: 0.000000000 0.634155306 0.365844694
T:/ccrrc: 0.238735586 0.222480674 0.538783740
T:/ccrrf: 0.152340759 0.100766332 0.746892909
T:/ccrrr: 0.000000000 0.000000000 1.000000000
T:/cr: 0.000000000 0.000000000 1.000000000
T:/crcrc: 0.334503742 0.433435873 0.232060386
T:/crcrf: 0.318050547 0.496059902 0.185889552
T:/crcrr: 0.000000000 0.399359860 0.600640140
T:/crrcr: 0.000000000 0.241875281 0.758124719
T:/crrfr: 0.000000000 0.000000000 1.000000000
T:/crrrc: 0.000000000 0.000000000 1.000000000
T:/crrrf: 0.000000000 0.736296923 0.263703077
T:/rc: 0.148604339 0.000000000 0.851395661
T:/rcrcr: 0.000000000 0.392995890 0.607004110
T:/rcrfr: 0.000000000 0.934197713 0.065802287
T:/rcrrc: 0.000000000 0.063428966 0.936571034
T:/rcrrf: 0.000000000 0.493228212 0.506771788
T:/rf: 0.403666250 0.461916280 0.134417470
T:/rfrr: 0.000000000 0.243824910 0.756175090
T:/rr: 0.000000000 0.000000000 1.000000000
T:/rrcrc: 0.000000000 0.482706110 0.517293890
T:/rrcrf: 0.000000000 0.636730398 0.363269602
