A:/cc: 0.945261854 0.054738146 0.000000000
A:/cr: 0.000000000 1.000000000 0.000000000
A:/rc: 0.000000000 1.000000000 0.000000000
A:/rf: 0.000000000 0.597977503 0.402022497
AJ:/ccc/cc: 0.642125095 0.357874905 0.000000000
AJ:/ccc/cr: 0.000000000 0.289308968 0.710691032
AJ:/ccc/rc: 0.000000000 0.859389880 0.140610120
AJ:/ccc/rf: 0.000000000 0.918281768 0.081718232
AJ:/ccrcc/cc: 0.626078594 0.373921406 0.000000000
AJ:/ccrcc/cr: 0.000000000 0.814222774 0.185777226
AJ:/ccrcc/rc: 0.000000000 0.402008771 0.597991229
AJ:/ccrcc/rf: 0.000000000 0.624703972 0.375296028
AJ:/ccrcf/c: 0.151979728 0.848020272 0.000000000
AJ:/ccrcf/r: 0.000000000 0.421328580 0.578671420
AJ:/ccrfc/c: 0.583097770 0.416902230 0.000000000
AJ:/ccrfc/r: 0.000000000 0.718419755 0.281580245
AJ:/crcc/cc: 0.632929375 0.367070625 0.000000000
AJ:/crcc/cr: 0.000000000 0.384966095 0.615033905
AJ:/crcc/rc: 0.000000000 0.688530932 0.311469068
AJ:/crcc/rf: 0.000000000 0.535747703 0.464252297
AJ:/crcf/c: 0.511103505 0.488896495 0.000000000
AJ:/crcf/r: 0.000000000 0.707393941 0.292606059
AJ:/rcc/cc: 0.528643642 0.471356358 0.000000000
AJ:/rcc/cr: 0.000000000 0.940085094 0.059914906
AJ:/rcc/rc: 0.000000000 0.263116317 0.736883683
AJ:/rcc/rf: 0.000000000 0.453226888 0.546773112
AJ:/rfc/c: 0.481212800 0.518787200 0.000000000
AJ:/rfc/r: 0.000000000 0.832527979 0.167472021
AK:/ccc/cc: 0.986195215 0.013804785 0.000000000
AK:/ccc/cr: 0.000000000 0.430125881 0.569874119
AK:/ccc/rc: 0.000000000 0.777741170 0.222258830
AK:/ccc/rf: 0.000000000 0.418746815 0.581253185
AK:/ccrcc/cc: 0.475899213 0.524100787 0.000000000
AK:/ccrcc/cr: 0.000000000 0.569785629 0.430214371
AK:/ccrcc/rc: 0.000000000 0.976425050 0.023574950
AK:/ccrcc/rf: 0.000000000 0.411606388 0.588393612
AK:/ccrcf/c: 0.436726093 0.563273907 0.000000000
AK:/ccrcf/r: 0.000000000 0.438550317 0.561449683
AK:/ccrfc/c: 0.307255053 0.692744947 0.000000000
AK:/ccrfc/r: 0.000000000 0.833814021 0.166185979
AK:/crcc/cc: 0.511687282 0.488312718 0.000000000
AK:/crcc/cr: 0.000000000 0.747946444 0.252053556
AK:/crcc/rc: 0.000000000 0.215341533 0.784658467
AK:/crcc/rf: 0.000000000 0.475368561 0.524631439
AK:/crcf/c: 0.803982045 0.196017955 0.000000000
AK:/crcf/r: 0.000000000 0.494516519 0.505483481
AK:/rcc/cc: 0.954769153 0.045230847 0.000000000
AK:/rcc/cr: 0.000000000 0.417250311 0.582749689
AK:/rcc/rc: 0.000000000 0.880382256 0.119617744
AK:/rcc/rf: 0.000000000 0.549913933 0.450086067
AK:/rfc/c: 0.465514599 0.534485401 0.000000000
AK:/rfc/r: 0.000000000 0.862088099 0.137911901
AQ:/ccc/cc: 0.114524542 0.885475458 0.000000000
AQ:/ccc/cr: 0.000000000 0.634061989 0.365938011
AQ:/ccc/rc: 0.000000000 0.748004266 0.251995734
AQ:/ccc/rf: 0.000000000 0.110272975 0.889727025
AQ:/ccrcc/cc: 0.633156515 0.366843485 0.000000000
AQ:/ccrcc/cr: 0.000000000 0.727931731 0.272068269
AQ:/ccrcc/rc: 0.000000000 0.556652608 0.443347392
AQ:/ccrcc/rf: 0.000000000 0.741707293 0.258292707
AQ:/ccrcf/c: 0.017313002 0.982686998 0.000000000
AQ:/ccrcf/r: 0.000000000 0.511314985 0.488685015
AQ:/ccrfc/c: 0.225579471 0.774420529 0.000000000
AQ:/ccrfc/r: 0.000000000 0.445301700 0.554698300
AQ:/crcc/cc: 0.829232604 0.170767396 0.000000000
AQ:/crcc/cr: 0.000000000 0.857344335 0.142655665
AQ:/crcc/rc: 0.000000000 0.298395061 0.701604939
AQ:/crcc/rf: 0.000000000 0.523350780 0.476649220
AQ:/crcf/c: 0.713097582 0.286902418 0.000000000
AQ:/crcf/r: 0.000000000 0.617708676 0.382291324
AQ:/rcc/cc: 0.347164959 0.652835041 0.000000000
AQ:/rcc/cr: 0.000000000 0.867369924 0.132630076
AQ:/rcc/rc: 0.000000000 0.175367700 0.824632300
AQ:/rcc/rf: 0.000000000 0.591344356 0.408655644
AQ:/rfc/c: 0.859570615 0.140429385 0.000000000
AQ:/rfc/r: 0.000000000 0.248347248 0.751652752
J:/cc: 0.598030940 0.401969060 0.000000000
J:/cr: 0.000000000 0.374728661 0.625271339
J:/rc: 0.000000000 0.000000000 1.000000000
J:/rf: 0.000000000 0.360941512 0.639058488
JA:/ccc/cc: 0.553292178 0.446707822 0.000000000
JA:/ccc/cr: 0.000000000 0.712982422 0.287017578
JA:/ccc/rc: 0.000000000 0.466021004 0.533978996
JA:/ccc/rf: 0.000000000 0.358714096 0.641285904
JA:/ccrcc/cc: 0.427906329 0.572093671 0.000000000
JA:/ccrcc/cr: 0.000000000 0.306684633 0.693315367
JA:/ccrcc/rc: 0.000000000 0.187991791 0.812008209
JA:/ccrcc/rf: 0.000000000 0.667884064 0.332115936
JA:/ccrcf/c: 0.796193132 0.203806868 0.000000000
JA:/ccrcf/r: 0.000000000 0.394278416 0.605721584
JA:/ccrfc/c: 0.582926706 0.417073294 0.000000000
JA:/ccrfc/r: 0.000000000 0.525071279 0.474928721
JA:/crcc/cc: 0.474738361 0.525261639 0.000000000
JA:/crcc/cr: 0.000000000 0.383457638 0.616542362
JA:/crcc/rc: 0.000000000 0.187350781 0.812649219
JA:/crcc/rf: 0.000000000 0.424359014 0.575640986
JA:/crcf/c: 0.870760043 0.129239957 0.000000000
JA:/crcf/r: 0.000000000 0.320870754 0.679129246
JA:/rcc/cc: 0.523845748 0.476154252 0.000000000
JA:/rcc/cr: 0.000000000 0.000000000 1.000000000
JA:/rcc/rc: 0.000000000 0.000000000 1.000000000
JA:/rcc/rf: 0.000000000 0.150129973 0.849870027
JA:/rfc/c: 0.664942788 0.335057212 0.000000000
JA:/rfc/r: 0.000000000 0.096545369 0.903454631
JK:/ccc/cc: 0.857469812 0.142530188 0.000000000
JK:/ccc/cr: 0.000000000 0.772685952 0.227314048
JK:/ccc/rc: 0.000000000 0.662188199 0.337811801
JK:/ccc/rf: 0.000000000 0.520453142 0.479546858
JK:/ccrcc/cc: 0.045746670 0.954253330 0.000000000
JK:/ccrcc/cr: 0.000000000 0.170506818 0.829493182
JK:/ccrcc/rc: 0.000000000 0.479042700 0.520957300
JK:/ccrcc/rf: 0.000000000 0.681912435 0.318087565
JK:/ccrcf/c: 0.404621679 0.595378321 0.000000000
JK:/ccrcf/r: 0.000000000 0.751234649 0.248765351
JK:/ccrfc/c: 0.350364186 0.649635814 0.000000000
JK:/ccrfc/r: 0.000000000 0.848649615 0.151350385
JK:/crcc/cc: 0.830488815 0.169511185 0.000000000
JK:/crcc/cr: 0.000000000 0.561313133 0.438686867
JK:/crcc/rc: 0.000000000 0.000000000 1.000000000
JK:/crcc/rf: 0.000000000 0.352162234 0.647837766
JK:/crcf/c: 0.617618712 0.382381288 0.000000000
JK:/crcf/r: 0.000000000 0.419186823 0.580813177
JK:/rcc/cc: 0.908880198 0.091119802 0.000000000
JK:/rcc/cr: 0.000000000 0.000000000 1.000000000
JK:/rcc/rc: 0.000000000 0.000000000 1.000000000
JK:/rcc/rf: 0.000000000 0.328866904 0.671133096
JK:/rfc/c: 0.567170761 0.432829239 0.000000000
JK:/rfc/r: 0.000000000 0.568146296 0.431853704
JQ:/ccc/cc: 0.801588936 0.198411064 0.000000000
JQ:/ccc/cr: 0.000000000 0.737185477 0.262814523
JQ:/ccc/rc: 0.000000000 0.455609482 0.544390518
JQ:/ccc/rf: 0.000000000 0.662625557 0.337374443
JQ:/ccrcc/cc: 0.478591492 0.521408508 0.000000000
JQ:/ccrcc/cr: 0.000000000 0.310282944 0.689717056
JQ:/ccrcc/rc: 0.000000000 0.006995115 0.993004885
JQ:/ccrcc/rf: 0.000000000 0.627989863 0.372010137
JQ:/ccrcf/c: 0.540072349 0.459927651 0.000000000
JQ:/ccrcf/r: 0.000000000 0.528778423 0.471221577
JQ:/ccrfc/c: 0.741466140 0.258533860 0.000000000
JQ:/ccrfc/r: 0.000000000 0.027645574 0.972354426
JQ:/crcc/cc: 0.304091651 0.695908349 0.000000000
JQ:/crcc/cr: 0.000000000 0.391866013 0.608133987
JQ:/crcc/rc: 0.000000000 0.919697242 0.080302758
JQ:/crcc/rf: 0.000000000 0.802851079 0.197148921
JQ:/crcf/c: 0.744214979 0.255785021 0.000000000
JQ:/crcf/r: 0.000000000 0.185297185 0.814702815
JQ:/rcc/cc: 0.000000000 1.000000000 0.000000000
JQ:/rcc/cr: 0.000000000 0.000000000 1.000000000
JQ:/rcc/rc: 0.000000000 0.000000000 1.000000000
JQ:/rcc/rf: 0.000000000 0.231235519 0.768764481
JQ:/rfc/c: 0.739538211 0.260461789 0.000000000
JQ:/rfc/r: 0.000000000 0.120304098 0.879695902
K:/cc: 0.469162625 0.530837375 0.000000000
K:/cr: 0.000000000 0.288684801 0.711315199
K:/rc: 0.000000000 1.000000000 0.000000000
K:/rf: 0.000000000 0.528388941 0.471611059
KA:/ccc/cc: 0.156292948 0.843707052 0.000000000
KA:/ccc/cr: 0.000000000 0.650193952 0.349806048
KA:/ccc/rc: 0.000000000 0.758694316 0.241305684
KA:/ccc/rf: 0.000000000 0.496516213 0.503483787
KA:/ccrcc/cc: 0.527834969 0.472165031 0.000000000
KA:/ccrcc/cr: 0.000000000 0.495924557 0.504075443
KA:/ccrcc/rc: 0.000000000 0.443490426 0.556509574
KA:/ccrcc/rf: 0.000000000 0.296174213 0.703825787
KA:/ccrcf/c: 0.471245318 0.528754682 0.000000000
KA:/ccrcf/r: 0.000000000 0.417754067 0.582245933
KA:/ccrfc/c: 0.591335490 0.408664510 0.000000000
KA:/ccrfc/r: 0.000000000 0.430157683 0.569842317
KA:/crcc/cc: 0.804392949 0.195607051 0.000000000
KA:/crcc/cr: 0.000000000 0.769363766 0.230636234
KA:/crcc/rc: 0.000000000 0.086833512 0.913166488
KA:/crcc/rf: 0.000000000 0.333535894 0.666464106
KA:/crcf/c: 0.641592268 0.358407732 0.000000000
KA:/crcf/r: 0.000000000 0.329957177 0.670042823
KA:/rcc/cc: 0.610864193 0.389135807 0.000000000
KA:/rcc/cr: 0.000000000 0.885712516 0.114287484
KA:/rcc/rc: 0.000000000 0.878771496 0.121228504
KA:/rcc/rf: 0.000000000 0.903286578 0.096713422
KA:/rfc/c: 0.464109934 0.535890066 0.000000000
KA:/rfc/r: 0.000000000 0.764835530 0.235164470
KJ:/ccc/cc: 0.699600815 0.300399185 0.000000000
KJ:/ccc/cr: 0.000000000 0.500904381 0.499095619
KJ:/ccc/rc: 0.000000000 0.229451128 0.770548872
KJ:/ccc/rf: 0.000000000 0.516132721 0.483867279
KJ:/ccrcc/cc: 0.088416269 0.911583731 0.000000000
KJ:/ccrcc/cr: 0.000000000 0.537429070 0.462570930
KJ:/ccrcc/rc: 0.000000000 0.119230026 0.880769974
KJ:/ccrcc/rf: 0.000000000 0.827959524 0.172040476
KJ:/ccrcf/c: 0.894259626 0.105740374 0.000000000
KJ:/ccrcf/r: 0.000000000 0.636214029 0.363785971
KJ:/ccrfc/c: 0.480842937 0.519157063 0.000000000
KJ:/ccrfc/r: 0.000000000 0.246437662 0.753562338
KJ:/crcc/cc: 0.461163212 0.538836788 0.000000000
KJ:/crcc/cr: 0.000000000 0.398151248 0.601848752
KJ:/crcc/rc: 0.000000000 0.308185739 0.691814261
KJ:/crcc/rf: 0.000000000 0.280365750 0.719634250
KJ:/crcf/c: 0.203198963 0.796801037 0.000000000
KJ:/crcf/r: 0.000000000 0.517371222 0.482628778
KJ:/rcc/cc: 0.000000000 1.000000000 0.000000000
KJ:/rcc/cr: 0.000000000 0.000000000 1.000000000
KJ:/rcc/rc: 0.000000000 0.571931774 0.428068226
KJ:/rcc/rf: 0.000000000 0.064371273 0.935628727
KJ:/rfc/c: 0.576163449 0.423836551 0.000000000
KJ:/rfc/r: 0.000000000 0.701374504 0.298625496
KQ:/ccc/cc: 0.009696450 0.990303550 0.000000000
KQ:/ccc/cr: 0.000000000 0.679154806 0.320845194
KQ:/ccc/rc: 0.000000000 0.500193007 0.499806993
KQ:/ccc/rf: 0.000000000 0.454716317 0.545283683
KQ:/ccrcc/cc: 0.088563677 0.911436323 0.000000000
KQ:/ccrcc/cr: 0.000000000 0.455507528 0.544492472
KQ:/ccrcc/rc: 0.000000000 0.465866018 0.534133982
KQ:/ccrcc/rf: 0.000000000 0.651023983 0.348976017
KQ:/ccrcf/c: 0.430893957 0.569106043 0.000000000
KQ:/ccrcf/r: 0.000000000 0.218391949 0.781608051
KQ:/ccrfc/c: 0.500607241 0.499392759 0.000000000
KQ:/ccrfc/r: 0.000000000 0.499411209 0.500588791
KQ:/crcc/cc: 0.787682093 0.212317907 0.000000000
KQ:/crcc/cr: 0.000000000 0.692406034 0.307593966
KQ:/crcc/rc: 0.000000000 0.808902082 0.191097918
KQ:/crcc/rf: 0.000000000 0.820852832 0.179147168
KQ:/crcf/c: 0.229280179 0.770719821 0.000000000
KQ:/crcf/r: 0.000000000 0.445800861 0.554199139
KQ:/rcc/cc: 0.000000000 1.000000000 0.000000000
KQ:/rcc/cr: 0.000000000 0.000000000 1.000000000
KQ:/rcc/rc: 0.000000000 0.657075329 0.342924671
KQ:/rcc/rf: 0.000000000 0.208384287 0.791615713
KQ:/rfc/c: 0.967164682 0.032835318 0.000000000
KQ:/rfc/r: 0.000000000 0.638192898 0.361807102
Q:/cc: 0.246848777 0.753151223 0.000000000
Q:/cr: 0.000000000 0.153364664 0.846635336
Q:/rc: 0.000000000 0.000000000 1.000000000
Q:/rf: 0.000000000 0.371966408 0.628033592
QA:/ccc/cc: 0.752855924 0.247144076 0.000000000
QA:/ccc/cr: 0.000000000 0.892442798 0.107557202
QA:/ccc/rc: 0.000000000 0.698493057 0.301506943
QA:/ccc/rf: 0.000000000 0.155956965 0.844043035
QA:/ccrcc/cc: 0.423622189 0.576377811 0.000000000
QA:/ccrcc/cr: 0.000000000 0.087354129 0.912645871
QA:/ccrcc/rc: 0.000000000 0.659924530 0.340075470
QA:/ccrcc/rf: 0.000000000 0.669009432 0.330990568
QA:/ccrcf/c: 0.418189891 0.581810109 0.000000000
QA:/ccrcf/r: 0.000000000 0.477545498 0.522454502
QA:/ccrfc/c: 0.277428012 0.722571988 0.000000000
QA:/ccrfc/r: 0.000000000 0.376848216 0.623151784
QA:/crcc/cc: 0.908357901 0.091642099 0.000000000
QA:/crcc/cr: 0.000000000 0.156843253 0.843156747
QA:/crcc/rc: 0.000000000 0.839614092 0.160385908
QA:/crcc/rf: 0.000000000 0.501964685 0.498035315
QA:/crcf/c: 0.779687692 0.220312308 0.000000000
QA:/crcf/r: 0.000000000 0.646608571 0.353391429
QA:/rcc/cc: 0.475507697 0.524492303 0.000000000
QA:/rcc/cr: 0.000000000 0.000000000 1.000000000
QA:/rcc/rc: 0.000000000 0.000000000 1.000000000
QA:/rcc/rf: 0.000000000 0.688540032 0.311459968
QA:/rfc/c: 0.836047418 0.163952582 0.000000000
QA:/rfc/r: 0.000000000 0.430258773 0.569741227
QJ:/ccc/cc: 0.602947121 0.397052879 0.000000000
QJ:/ccc/cr: 0.000000000 0.039029429 0.960970571
QJ:/ccc/rc: 0.000000000 0.864951080 0.135048920
QJ:/ccc/rf: 0.000000000 0.288713792 0.711286208
QJ:/ccrcc/cc: 0.310704611 0.689295389 0.000000000
QJ:/ccrcc/cr: 0.000000000 0.643860701 0.356139299
QJ:/ccrcc/rc: 0.000000000 0.340421592 0.659578408
QJ:/ccrcc/rf: 0.000000000 0.538252537 0.461747463
QJ:/ccrcf/c: 0.224470085 0.775529915 0.000000000
QJ:/ccrcf/r: 0.000000000 0.733479015 0.266520985
QJ:/ccrfc/c: 0.488882392 0.511117608 0.000000000
QJ:/ccrfc/r: 0.000000000 0.062726055 0.937273945
QJ:/crcc/cc: 0.212524756 0.787475244 0.000000000
QJ:/crcc/cr: 0.000000000 0.439174428 0.560825572
QJ:/crcc/rc: 0.000000000 0.430257950 0.569742050
QJ:/crcc/rf: 0.000000000 0.005929558 0.994070442
QJ:/crcf/c: 0.376296926 0.623703074 0.000000000
QJ:/crcf/r: 0.000000000 0.646057672 0.353942328
QJ:/rcc/cc: 0.008034970 0.991965030 0.000000000
QJ:/rcc/cr: 0.000000000 0.000000000 1.000000000
QJ:/rcc/rc: 0.000000000 0.208660738 0.791339262
QJ:/rcc/rf: 0.000000000 0.595359663 0.404640337
QJ:/rfc/c: 0.427934910 0.572065090 0.000000000
QJ:/rfc/r: 0.000000000 0.767339184 0.232660816
QK:/ccc/cc: 0.298207382 0.701792618 0.000000000
QK:/ccc/cr: 0.000000000 0.173656494 0.826343506
QK:/ccc/rc: 0.000000000 0.533025174 0.466974826
QK:/ccc/rf: 0.000000000 0.598010149 0.401989851
QK:/ccrcc/cc: 0.605071947 0.394928053 0.000000000
QK:/ccrcc/cr: 0.000000000 0.516660827 0.483339173
QK:/ccrcc/rc: 0.000000000 0.166112398 0.833887602
QK:/ccrcc/rf: 0.000000000 0.612930368 0.387069632
QK:/ccrcf/c: 0.578837604 0.421162396 0.000000000
QK:/ccrcf/r: 0.000000000 0.267613509 0.732386491
QK:/ccrfc/c: 0.709870586 0.290129414 0.000000000
QK:/ccrfc/r: 0.000000000 0.830243537 0.169756463
QK:/crcc/cc: 0.621434834 0.378565166 0.000000000
QK:/crcc/cr: 0.000000000 0.310669807 0.689330193
QK:/crcc/rc: 0.000000000 0.366668593 0.633331407
QK:/crcc/rf: 0.000000000 0.538745077 0.461254923
QK:/crcf/c: 0.816296824 0.183703176 0.000000000
QK:/crcf/r: 0.000000000 0.814306274 0.185693726
QK:/rcc/cc: 0.103701047 0.896298953 0.000000000
QK:/rcc/cr: 0.000000000 0.832138616 0.167861384
QK:/rcc/rc: 0.000000000 0.000000000 1.000000000
QK:/rcc/rf: 0.000000000 0.510205934 0.489794066
QK:/rfc/c: 0.274774601 0.725225399 0.000000000
QK:/rfc/r: 0.000000000 0.371886963 0.628113037
