A:/: 0.000000000 1.000000000 0.000000000
A:/cccr: 0.000000000 1.000000000 0.000000000
A:/cccrccrc: 1.000000000 0.000000000 0.000000000
A:/cccrccrccrcc: 0.000000000 1.000000000 0.000000000
A:/cccrccrccrcf: 0.000000000 1.000000000 0.000000000
A:/cccrccrccrfc: 0.000000000 1.000000000 0.000000000
A:/cccrccrccrff: 0.000000000 1.000000000 0.000000000
A:/cccrccrf: 1.000000000 0.000000000 0.000000000
A:/cccrccrfcrc: 0.000000000 0.449888623 0.550111377
A:/cccrccrfcrf: 0.000000000 0.741883065 0.258116935
A:/cccrccrr: 0.000000000 1.000000000 0.000000000
A:/cccrcfrc: 0.300072487 0.491744960 0.208182552
A:/cccrcfrf: 0.105776175 0.441686204 0.452537621
A:/cccrcfrr: 0.000000000 1.000000000 0.000000000
A:/cccrcrcc: 0.363473648 0.207413286 0.429113066
A:/cccrcrcf: 0.186357621 0.271544764 0.542097615
A:/cccrcrcr: 0.000000000 0.909312753 0.090687247
A:/cccrcrfc: 0.791879137 0.208120863 0.000000000
A:/cccrcrff: 0.478904139 0.521095861 0.000000000
A:/cccrcrfr: 0.000000000 0.891268038 0.108731962
A:/cccrcrrc: 0.000000000 0.832233236 0.167766764
A:/cccrcrrf: 0.000000000 1.000000000 0.000000000
A:/cccrrccr: 0.000000000 1.000000000 0.000000000
A:/cccrrcfr: 0.000000000 1.000000000 0.000000000
A:/cccrrcrc: 0.000000000 1.000000000 0.000000000
A:/cccrrcrf: 0.000000000 1.000000000 0.000000000
A:/cccrrfcr: 0.000000000 1.000000000 0.000000000
A:/cccrrffr: 0.000000000 1.000000000 0.000000000
A:/cccrrfrc: 0.000000000 1.000000000 0.000000000
A:/cccrrfrf: 0.000000000 0.933717572 0.066282428
A:/cccrrrcc: 0.000000000 1.000000000 0.000000000
A:/cccrrrcf: 0.000000000 1.000000000 0.000000000
A:/cccrrrfc: 0.000000000 1.000000000 0.000000000
A:/cccrrrff: 0.000000000 1.000000000 0.000000000
A:/ccrc: 0.409899219 0.590100781 0.000000000
A:/ccrccrcc: 0.275717465 0.134779362 0.589503172
A:/ccrccrcf: 0.178183873 0.398319966 0.423496161
A:/ccrccrcr: 0.000000000 0.611702923 0.388297077
A:/ccrccrfc: 0.476465259 0.427174970 0.096359772
A:/ccrccrff: 0.326962545 0.125401878 0.547635577
A:/ccrccrfr: 0.000000000 0.780458988 0.219541012
A:/ccrccrrc: 0.000000000 0.599105977 0.400894023
A:/ccrccrrf: 0.000000000 0.381652270 0.618347730
A:/ccrcrccr: 0.000000000 0.662093949 0.337906051
A:/ccrcrcfr: 0.000000000 0.855039803 0.144960197
A:/ccrcrcrc: 0.000000000 0.635300494 0.364699506
A:/ccrcrcrf: 0.000000000 0.728464703 0.271535297
A:/ccrcrfcr: 0.000000000 0.389325089 0.610674911
A:/ccrcrffr: 0.000000000 0.253801287 0.746198713
A:/ccrcrfrc: 0.000000000 0.540527013 0.459472987
A:/ccrcrfrf: 0.000000000 0.227291713 0.772708287
A:/ccrcrrcc: 0.000000000 0.764166729 0.235833271
A:/ccrcrrcf: 0.000000000 0.749128443 0.250871557
A:/ccrcrrfc: 0.000000000 0.528227151 0.471772849
A:/ccrcrrff: 0.000000000 0.184433070 0.815566930
A:/ccrf: 0.667375373 0.171366644 0.161257983
A:/ccrfcrc: 0.192690760 0.368342828 0.438966412
A:/ccrfcrf: 0.536805287 0.216952474 0.246242239
A:/ccrfcrr: 0.000000000 0.713623893 0.286376107
A:/ccrfrcr: 0.000000000 0.400759091 0.599240909
A:/ccrfrfr: 0.000000000 0.794584404 0.205415596
A:/ccrfrrc: 0.000000000 1.000000000 0.000000000
A:/ccrfrrf: 0.000000000 0.711087497 0.288912503
A:/ccrr: 1.000000000 0.000000000 0.000000000
A:/ccrrccrc: 0.000000000 0.380390177 0.619609823
A:/ccrrccrf: 0.000000000 0.385020058 0.614979942
A:/ccrrcfrc: 0.000000000 0.795043517 0.204956483
A:/ccrrcfrf: 0.000000000 0.457189597 0.542810403
A:/ccrrcrcc: 0.000000000 0.777899044 0.222100956
A:/ccrrcrcf: 0.000000000 0.501135276 0.498864724
A:/ccrrcrfc: 0.000000000 0.434635490 0.565364510
A:/ccrrcrff: 0.000000000 0.320533875 0.679466125
A:/crcc: 0.333448751 0.447988248 0.218563001
A:/crccrccr: 0.000000000 0.535082989 0.464917011
A:/crccrcfr: 0.000000000 0.480367421 0.519632579
A:/crccrcrc: 0.000000000 0.958189509 0.041810491
A:/crccrcrf: 0.000000000 0.879516763 0.120483237
A:/crccrfcr: 0.000000000 0.492996555 0.507003445
A:/crccrffr: 0.000000000 0.944959566 0.055040434
A:/crccrfrc: 0.000000000 0.773564298 0.226435702
A:/crccrfrf: 0.000000000 0.661318711 0.338681289
A:/crccrrcc: 0.000000000 0.562798646 0.437201354
A:/crccrrcf: 0.000000000 0.283448783 0.716551217
A:/crccrrfc: 0.000000000 0.268421193 0.731578807
A:/crccrrff: 0.000000000 0.906732591 0.093267409
A:/crcf: 0.438832119 0.354590116 0.206577765
A:/crcfrcr: 0.000000000 0.687735773 0.312264227
A:/crcfrfr: 0.000000000 0.075354264 0.924645736
A:/crcfrrc: 0.000000000 0.432580913 0.567419087
A:/crcfrrf: 0.000000000 0.807263093 0.192736907
A:/crcr: 0.000000000 1.000000000 0.000000000
A:/crcrccrc: 0.000000000 0.644023082 0.355976918
A:/crcrccrf: 0.000000000 0.758800397 0.241199603
A:/crcrcfrc: 0.000000000 0.660947589 0.339052411
A:/crcrcfrf: 0.000000000 0.579381030 0.420618970
A:/crcrcrcc: 0.000000000 0.558359614 0.441640386
A:/crcrcrcf: 0.000000000 0.719438303 0.280561697
A:/crcrcrfc: 0.000000000 0.816346965 0.183653035
A:/crcrcrff: 0.000000000 0.719549303 0.280450697
A:/crfc: 1.000000000 0.000000000 0.000000000
A:/crfcrcr: 0.000000000 0.753099705 0.246900295
A:/crfcrfr: 0.000000000 1.000000000 0.000000000
A:/crfcrrc: 0.000000000 1.000000000 0.000000000
A:/crfcrrf: 0.000000000 1.000000000 0.000000000
A:/crff: 0.159459922 0.840540078 0.000000000
A:/crffrr: 0.000000000 0.699002890 0.300997110
A:/crfr: 0.000000000 1.000000000 0.000000000
A:/crfrcrc: 0.000000000 1.000000000 0.000000000
A:/crfrcrf: 0.000000000 1.000000000 0.000000000
A:/crrc: 0.467892757 0.216663945 0.315443298
A:/crrccrcc: 0.000000000 0.133840227 0.866159773
A:/crrccrcf: 0.000000000 0.933274181 0.066725819
A:/crrccrfc: 0.000000000 0.865056083 0.134943917
A:/crrccrff: 0.000000000 0.571370122 0.428629878
A:/crrf: 0.215518736 0.550435113 0.234046151
A:/crrfcrc: 0.000000000 0.493211353 0.506788647
A:/crrfcrf: 0.000000000 0.918283252 0.081716748
A:/crrr: 0.000000000 0.632797128 0.367202872
A:/rccr: 1.000000000 0.000000000 0.000000000
A:/rccrccrc: 0.000000000 0.979154683 0.020845317
A:/rccrccrf: 0.000000000 0.441353470 0.558646530
A:/rccrcfrc: 0.000000000 1.000000000 0.000000000
A:/rccrcfrf: 0.000000000 0.223522797 0.776477203
A:/rccrcrcc: 0.000000000 1.000000000 0.000000000
A:/rccrcrcf: 0.000000000 1.000000000 0.000000000
A:/rccrcrfc: 0.000000000 1.000000000 0.000000000
A:/rccrcrff: 0.000000000 1.000000000 0.000000000
A:/rcfr: 1.000000000 0.000000000 0.000000000
A:/rcfrcrc: 0.000000000 1.000000000 0.000000000
A:/rcfrcrf: 0.000000000 1.000000000 0.000000000
A:/rcrc: 0.782223230 0.217776770 0.000000000
A:/rcrccrcc: 0.000000000 0.536473847 0.463526153
A:/rcrccrcf: 0.000000000 0.713503029 0.286496971
A:/rcrccrfc: 0.000000000 0.979912326 0.020087674
A:/rcrccrff: 0.000000000 1.000000000 0.000000000
A:/rcrf: 0.665770110 0.334229890 0.000000000
A:/rcrfcrc: 0.000000000 1.000000000 0.000000000
A:/rcrfcrf: 0.000000000 1.000000000 0.000000000
A:/rcrr: 0.000000000 1.000000000 0.000000000
A:/rfcr: 0.652427194 0.347572806 0.000000000
A:/rfcrcrc: 0.000000000 1.000000000 0.000000000
A:/rfcrcrf: 0.000000000 0.720316127 0.279683873
A:/rffr: 0.880882368 0.119117632 0.000000000
A:/rfrc: 0.872179869 0.127820131 0.000000000
A:/rfrf: 0.125643807 0.604588925 0.269767267
A:/rfrr: 0.000000000 1.000000000 0.000000000
A:/rrcc: 1.000000000 0.000000000 0.000000000
A:/rrcf: 0.920401449 0.079598551 0.000000000
A:/rrcr: 0.000000000 1.000000000 0.000000000
A:/rrfc: 1.000000000 0.000000000 0.000000000
A:/rrff: 0.956126669 0.043873331 0.000000000
A:/rrfr: 0.000000000 1.000000000 0.000000000
A:/rrrc: 0.000000000 1.000000000 0.000000000
A:/rrrf: 0.000000000 1.000000000 0.000000000
J:/: 0.000000000 1.000000000 0.000000000
J:/cccr: 0.000000000 0.000000000 1.000000000
J:/cccrccrc: 0.000000000 0.000000000 1.000000000
J:/cccrccrccrcc: 0.000000000 0.451958555 0.548041445
J:/cccrccrccrcf: 0.000000000 0.284976707 0.715023293
J:/cccrccrccrfc: 0.000000000 0.000000000 1.000000000
J:/cccrccrccrff: 0.000000000 1.000000000 0.000000000
J:/cccrccrf: 0.713329837 0.000000000 0.286670163
J:/cccrccrfcrc: 0.000000000 0.301923942 0.698076058
J:/cccrccrfcrf: 0.000000000 0.962675647 0.037324353
J:/cccrccrr: 0.000000000 0.000000000 1.000000000
J:/cccrcfrc: 0.258216618 0.197128368 0.544655014
J:/cccrcfrf: 0.379458620 0.528487711 0.092053669
J:/cccrcfrr: 0.000000000 0.471184842 0.528815158
J:/cccrcrcc: 0.469729114 0.031794331 0.498476555
J:/cccrcrcf: 0.243820763 0.228986530 0.527192707
J:/cccrcrcr: 0.000000000 0.622695200 0.377304800
J:/cccrcrfc: 0.525791522 0.000000000 0.474208478
J:/cccrcrff: 0.751800023 0.099891894 0.148308083
J:/cccrcrfr: 0.000000000 0.401492365 0.598507635
J:/cccrcrrc: 0.000000000 0.469448193 0.530551807
J:/cccrcrrf: 0.000000000 0.578328705 0.421671295
J:/cccrrccr: 0.000000000 0.721518864 0.278481136
J:/cccrrcfr: 0.000000000 0.617460543 0.382539457
J:/cccrrcrc: 0.000000000 0.215621431 0.784378569
J:/cccrrcrf: 0.000000000 0.460570974 0.539429026
J:/cccrrfcr: 0.000000000 0.441536803 0.558463197
J:/cccrrffr: 0.000000000 0.782068575 0.217931425
J:/cccrrfrc: 0.000000000 0.358559193 0.641440807
J:/cccrrfrf: 0.000000000 0.909017245 0.090982755
J:/cccrrrcc: 0.000000000 0.623500813 0.376499187
J:/cccrrrcf: 0.000000000 0.257333975 0.742666025
J:/cccrrrfc: 0.000000000 0.000000000 1.000000000
J:/cccrrrff: 0.000000000 1.000000000 0.000000000
J:/ccrc: 0.144126325 0.490548650 0.365325025
J:/ccrccrcc: 0.258980389 0.398985728 0.342033884
J:/ccrccrcf: 0.437047757 0.533792619 0.029159623
J:/ccrccrcr: 0.000000000 0.593039134 0.406960866
J:/ccrccrfc: 0.634880448 0.300052491 0.065067062
J:/ccrccrff: 0.036970531 0.696581178 0.266448291
J:/ccrccrfr: 0.000000000 0.403234147 0.596765853
J:/ccrccrrc: 0.000000000 0.961441486 0.038558514
J:/ccrccrrf: 0.000000000 0.786787824 0.213212176
J:/ccrcrccr: 0.000000000 0.837111404 0.162888596
J:/ccrcrcfr: 0.000000000 0.456660466 0.543339534
J:/ccrcrcrc: 0.000000000 0.722276097 0.277723903
J:/ccrcrcrf: 0.000000000 0.894550624 0.105449376
J:/ccrcrfcr: 0.000000000 0.468653502 0.531346498
J:/ccrcrffr: 0.000000000 0.811765574 0.188234426
J:/ccrcrfrc: 0.000000000 0.478320138 0.521679862
J:/ccrcrfrf: 0.000000000 0.771342152 0.228657848
J:/ccrcrrcc: 0.000000000 0.406189485 0.593810515
J:/ccrcrrcf: 0.000000000 0.016983814 0.983016186
J:/ccrcrrfc: 0.000000000 0.302830169 0.697169831
J:/ccrcrrff: 0.000000000 0.350848247 0.649151753
J:/ccrf: 0.000323278 0.645328530 0.354348192
J:/ccrfcrc: 0.265592855 0.477256848 0.257150297
J:/ccrfcrf: 0.636322952 0.033379516 0.330297532
J:/ccrfcrr: 0.000000000 0.552651851 0.447348149
J:/ccrfrcr: 0.000000000 0.170374903 0.829625097
J:/ccrfrfr: 0.000000000 0.430094267 0.569905733
J:/ccrfrrc: 0.000000000 0.314928822 0.685071178
J:/ccrfrrf: 0.000000000 0.463318438 0.536681562
J:/ccrr: 0.133633200 0.000000000 0.866366800
J:/ccrrccrc: 0.000000000 0.150665796 0.849334204
J:/ccrrccrf: 0.000000000 0.356894189 0.643105811
J:/ccrrcfrc: 0.000000000 0.512932585 0.487067415
J:/ccrrcfrf: 0.000000000 0.716931283 0.283068717
J:/ccrrcrcc: 0.000000000 0.360126621 0.639873379
J:/ccrrcrcf: 0.000000000 0.874188089 0.125811911
J:/ccrrcrfc: 0.000000000 0.582580226 0.417419774
J:/ccrrcrff: 0.000000000 0.749327225 0.250672775
J:/crcc: 0.864193748 0.000000000 0.135806252
J:/crccrccr: 0.000000000 0.468616135 0.531383865
J:/crccrcfr: 0.000000000 0.610539847 0.389460153
J:/crccrcrc: 0.000000000 0.371523480 0.628476520
J:/crccrcrf: 0.000000000 0.732066850 0.267933150
J:/crccrfcr: 0.000000000 0.822064420 0.177935580
J:/crccrffr: 0.000000000 0.617142531 0.382857469
J:/crccrfrc: 0.000000000 0.890139970 0.109860030
J:/crccrfrf: 0.000000000 0.252823234 0.747176766
J:/crccrrcc: 0.000000000 0.482512925 0.517487075
J:/crccrrcf: 0.000000000 0.033485163 0.966514837
J:/crccrrfc: 0.000000000 0.601310355 0.398689645
J:/crccrrff: 0.000000000 0.385318014 0.614681986
J:/crcf: 0.569832315 0.000000000 0.430167685
J:/crcfrcr: 0.000000000 0.469533357 0.530466643
J:/crcfrfr: 0.000000000 0.222037575 0.777962425
J:/crcfrrc: 0.000000000 0.453769791 0.546230209
J:/crcfrrf: 0.000000000 0.253762532 0.746237468
J:/crcr: 0.000000000 1.000000000 0.000000000
J:/crcrccrc: 0.000000000 0.687600419 0.312399581
J:/crcrccrf: 0.000000000 0.768622949 0.231377051
J:/crcrcfrc: 0.000000000 0.480424427 0.519575573
J:/crcrcfrf: 0.000000000 0.101467183 0.898532817
J:/crcrcrcc: 0.000000000 0.288490811 0.711509189
J:/crcrcrcf: 0.000000000 0.297178061 0.702821939
J:/crcrcrfc: 0.000000000 0.255479928 0.744520072
J:/crcrcrff: 0.000000000 0.439417671 0.560582329
J:/crfc: 0.041184917 0.000000000 0.958815083
J:/crfcrcr: 0.000000000 0.243923977 0.756076023
J:/crfcrfr: 0.000000000 0.429616783 0.570383217
J:/crfcrrc: 0.000000000 0.314630270 0.685369730
J:/crfcrrf: 0.000000000 0.456716295 0.543283705
J:/crff: 0.881109416 0.000221387 0.118669197
J:/crffrr: 0.000000000 0.004388889 0.995611111
J:/crfr: 1.000000000 0.000000000 0.000000000
J:/crfrcrc: 0.000000000 0.430546775 0.569453225
J:/crfrcrf: 0.000000000 1.000000000 0.000000000
J:/crrc: 0.434435536 0.000852552 0.564711912
J:/crrccrcc: 0.000000000 0.224714571 0.775285429
J:/crrccrcf: 0.000000000 0.607823996 0.392176004
J:/crrccrfc: 0.000000000 0.501436200 0.498563800
J:/crrccrff: 0.000000000 0.464166864 0.535833136
J:/crrf: 0.000003359 0.340244431 0.659752209
J:/crrfcrc: 0.000000000 0.285327443 0.714672557
J:/crrfcrf: 0.000000000 0.150591345 0.849408655
J:/crrr: 0.000000000 0.391570923 0.608429077
J:/rccr: 1.000000000 0.000000000 0.000000000
J:/rccrccrc: 0.000000000 0.405828914 0.594171086
J:/rccrccrf: 0.000000000 0.414425938 0.585574062
J:/rccrcfrc: 0.000000000 0.829923472 0.170076528
J:/rccrcfrf: 0.000000000 0.319430070 0.680569930
J:/rccrcrcc: 0.000000000 0.703360282 0.296639718
J:/rccrcrcf: 0.000000000 0.571319535 0.428680465
J:/rccrcrfc: 0.000000000 0.294690235 0.705309765
J:/rccrcrff: 0.000000000 0.209185904 0.790814096
J:/rcfr: 1.000000000 0.000000000 0.000000000
J:/rcfrcrc: 0.000000000 0.182661344 0.817338656
J:/rcfrcrf: 0.000000000 1.000000000 0.000000000
J:/rcrc: 0.800810416 0.161642467 0.037547117
J:/rcrccrcc: 0.000000000 0.137113838 0.862886162
J:/rcrccrcf: 0.000000000 0.388233865 0.611766135
J:/rcrccrfc: 0.000000000 0.429221366 0.570778634
J:/rcrccrff: 0.000000000 0.543675429 0.456324571
J:/rcrf: 1.000000000 0.000000000 0.000000000
J:/rcrfcrc: 0.000000000 0.637761956 0.362238044
J:/rcrfcrf: 0.000000000 0.385212074 0.614787926
J:/rcrr: 0.000000000 0.000000000 1.000000000
J:/rfcr: 0.000000000 1.000000000 0.000000000
J:/rfcrcrc: 0.000000000 0.611380028 0.388619972
J:/rfcrcrf: 0.000000000 0.268170396 0.731829604
J:/rffr: 1.000000000 0.000000000 0.000000000
J:/rfrc: 1.000000000 0.000000000 0.000000000
J:/rfrf: 0.460098977 0.197082583 0.342818440
J:/rfrr: 0.000000000 0.000000000 1.000000000
J:/rrcc: 1.000000000 0.000000000 0.000000000
J:/rrcf: 1.000000000 0.000000000 0.000000000
J:/rrcr: 0.000000000 0.000000000 1.000000000
J:/rrfc: 1.000000000 0.000000000 0.000000000
J:/rrff: 1.000000000 0.000000000 0.000000000
J:/rrfr: 0.000000000 0.000000000 1.000000000
J:/rrrc: 0.000000000 0.132564102 0.867435898
J:/rrrf: 0.000000000 0.280321623 0.719678377
K:/: 0.000000000 1.000000000 0.000000000
K:/cccr: 0.000000000 1.000000000 0.000000000
K:/cccrccrc: 0.758012251 0.241987749 0.000000000
K:/cccrccrccrcc: 0.000000000 0.000000000 1.000000000
K:/cccrccrccrcf: 0.000000000 1.000000000 0.000000000
K:/cccrccrccrfc: 0.000000000 1.000000000 0.000000000
K:/cccrccrccrff: 0.000000000 1.000000000 0.000000000
K:/cccrccrf: 1.000000000 0.000000000 0.000000000
K:/cccrccrfcrc: 0.000000000 0.932543644 0.067456356
K:/cccrccrfcrf: 0.000000000 1.000000000 0.000000000
K:/cccrccrr: 0.000000000 0.342246297 0.657753703
K:/cccrcfrc: 0.301484385 0.351725039 0.346790576
K:/cccrcfrf: 0.262344929 0.343695586 0.393959485
K:/cccrcfrr: 0.000000000 0.486345830 0.513654170
K:/cccrcrcc: 0.235345682 0.201768607 0.562885711
K:/cccrcrcf: 0.503573019 0.491338060 0.005088921
K:/cccrcrcr: 0.000000000 0.768887455 0.231112545
K:/cccrcrfc: 0.462665475 0.199303579 0.338030946
K:/cccrcrff: 0.602551733 0.133980398 0.263467869
K:/cccrcrfr: 0.000000000 0.741961749 0.258038251
K:/cccrcrrc: 0.000000000 0.067991928 0.932008072
K:/cccrcrrf: 0.000000000 0.977909224 0.022090776
K:/cccrrccr: 0.000000000 1.000000000 0.000000000
K:/cccrrcfr: 0.000000000 1.000000000 0.000000000
K:/cccrrcrc: 0.000000000 1.000000000 0.000000000
K:/cccrrcrf: 0.000000000 1.000000000 0.000000000
K:/cccrrfcr: 0.000000000 1.000000000 0.000000000
K:/cccrrffr: 0.000000000 1.000000000 0.000000000
K:/cccrrfrc: 0.000000000 1.000000000 0.000000000
K:/cccrrfrf: 0.000000000 0.947891694 0.052108306
K:/cccrrrcc: 0.000000000 1.000000000 0.000000000
K:/cccrrrcf: 0.000000000 1.000000000 0.000000000
K:/cccrrrfc: 0.000000000 1.000000000 0.000000000
K:/cccrrrff: 0.000000000 1.000000000 0.000000000
K:/ccrc: 0.303590277 0.465562833 0.230846889
K:/ccrccrcc: 0.436681904 0.434209119 0.129108977
K:/ccrccrcf: 0.408382510 0.392189532 0.199427958
K:/ccrccrcr: 0.000000000 0.514459478 0.485540522
K:/ccrccrfc: 0.515025894 0.224396338 0.260577767
K:/ccrccrff: 0.258240915 0.352416162 0.389342924
K:/ccrccrfr: 0.000000000 0.840665300 0.159334700
K:/ccrccrrc: 0.000000000 0.142780617 0.857219383
K:/ccrccrrf: 0.000000000 0.380499137 0.619500863
K:/ccrcrccr: 0.000000000 0.387234094 0.612765906
K:/ccrcrcfr: 0.000000000 0.583652868 0.416347132
K:/ccrcrcrc: 0.000000000 0.752287322 0.247712678
K:/ccrcrcrf: 0.000000000 0.787456143 0.212543857
K:/ccrcrfcr: 0.000000000 0.112116647 0.887883353
K:/ccrcrffr: 0.000000000 0.186854435 0.813145565
K:/ccrcrfrc: 0.000000000 0.258202630 0.741797370
K:/ccrcrfrf: 0.000000000 0.462894841 0.537105159
K:/ccrcrrcc: 0.000000000 0.036233241 0.963766759
K:/ccrcrrcf: 0.000000000 0.576328350 0.423671650
K:/ccrcrrfc: 0.000000000 0.232091634 0.767908366
K:/ccrcrrff: 0.000000000 0.796902682 0.203097318
K:/ccrf: 0.004636318 0.867577837 0.127785845
K:/ccrfcrc: 0.242123425 0.694851190 0.063025385
K:/ccrfcrf: 0.084210140 0.494796744 0.420993116
K:/ccrfcrr: 0.000000000 0.447097562 0.552902438
K:/ccrfrcr: 0.000000000 0.527575000 0.472425000
K:/ccrfrfr: 0.000000000 0.754472392 0.245527608
K:/ccrfrrc: 0.000000000 0.136928778 0.863071222
K:/ccrfrrf: 0.000000000 0.717153389 0.282846611
K:/ccrr: 0.453660753 0.357268969 0.189070278
K:/ccrrccrc: 0.000000000 0.533028448 0.466971552
K:/ccrrccrf: 0.000000000 0.889645369 0.110354631
K:/ccrrcfrc: 0.000000000 0.409150290 0.590849710
K:/ccrrcfrf: 0.000000000 0.514484027 0.485515973
K:/ccrrcrcc: 0.000000000 0.400543399 0.599456601
K:/ccrrcrcf: 0.000000000 0.957556572 0.042443428
K:/ccrrcrfc: 0.000000000 0.972877331 0.027122669
K:/ccrrcrff: 0.000000000 0.197849040 0.802150960
K:/crcc: 0.430929722 0.111890174 0.457180104
K:/crccrccr: 0.000000000 0.364830568 0.635169432
K:/crccrcfr: 0.000000000 0.173340162 0.826659838
K:/crccrcrc: 0.000000000 0.382458931 0.617541069
K:/crccrcrf: 0.000000000 0.426024312 0.573975688
K:/crccrfcr: 0.000000000 0.679411109 0.320588891
K:/crccrffr: 0.000000000 0.011143752 0.988856248
K:/crccrfrc: 0.000000000 0.746176068 0.253823932
K:/crccrfrf: 0.000000000 0.799520404 0.200479596
K:/crccrrcc: 0.000000000 0.375590920 0.624409080
K:/crccrrcf: 0.000000000 0.373392280 0.626607720
K:/crccrrfc: 0.000000000 0.907683719 0.092316281
K:/crccrrff: 0.000000000 0.484295763 0.515704237
K:/crcf: 0.117602492 0.441120086 0.441277422
K:/crcfrcr: 0.000000000 0.113966900 0.886033100
K:/crcfrfr: 0.000000000 0.517672224 0.482327776
K:/crcfrrc: 0.000000000 0.273404791 0.726595209
K:/crcfrrf: 0.000000000 0.668614201 0.331385799
K:/crcr: 0.000000000 1.000000000 0.000000000
K:/crcrccrc: 0.000000000 0.405811289 0.594188711
K:/crcrccrf: 0.000000000 0.656518212 0.343481788
K:/crcrcfrc: 0.000000000 0.286702424 0.713297576
K:/crcrcfrf: 0.000000000 0.649352788 0.350647212
K:/crcrcrcc: 0.000000000 0.561880662 0.438119338
K:/crcrcrcf: 0.000000000 0.470747910 0.529252090
K:/crcrcrfc: 0.000000000 0.573383165 0.426616835
K:/crcrcrff: 0.000000000 0.616897372 0.383102628
K:/crfc: 1.000000000 0.000000000 0.000000000
K:/crfcrcr: 0.000000000 0.576106710 0.423893290
K:/crfcrfr: 0.000000000 0.887185233 0.112814767
K:/crfcrrc: 0.000000000 0.423624431 0.576375569
K:/crfcrrf: 0.000000000 1.000000000 0.000000000
K:/crff: 1.000000000 0.000000000 0.000000000
K:/crffrr: 0.000000000 0.893166667 0.106833333
K:/crfr: 0.000000000 1.000000000 0.000000000
K:/crfrcrc: 0.000000000 1.000000000 0.000000000
K:/crfrcrf: 0.000000000 1.000000000 0.000000000
K:/crrc: 0.298980733 0.277682894 0.423336374
K:/crrccrcc: 0.000000000 0.323523073 0.676476927
K:/crrccrcf: 0.000000000 0.497519031 0.502480969
K:/crrccrfc: 0.000000000 0.556940724 0.443059276
K:/crrccrff: 0.000000000 0.391595150 0.608404850
K:/crrf: 0.392750025 0.484684658 0.122565318
K:/crrfcrc: 0.000000000 0.259496055 0.740503945
K:/crrfcrf: 0.000000000 0.666883699 0.333116301
K:/crrr: 0.000000000 0.433386978 0.566613022
K:/rccr: 1.000000000 0.000000000 0.000000000
K:/rccrccrc: 0.000000000 0.309075847 0.690924153
K:/rccrccrf: 0.000000000 0.464327840 0.535672160
K:/rccrcfrc: 0.000000000 1.000000000 0.000000000
K:/rccrcfrf: 0.000000000 0.416664854 0.583335146
K:/rccrcrcc: 0.000000000 0.274778166 0.725221834
K:/rccrcrcf: 0.000000000 0.422318355 0.577681645
K:/rccrcrfc: 0.000000000 0.635258665 0.364741335
K:/rccrcrff: 0.000000000 1.000000000 0.000000000
K:/rcfr: 1.000000000 0.000000000 0.000000000
K:/rcfrcrc: 0.000000000 0.560716601 0.439283399
K:/rcfrcrf: 0.000000000 0.695770695 0.304229305
K:/rcrc: 1.000000000 0.000000000 0.000000000
K:/rcrccrcc: 0.000000000 1.000000000 0.000000000
K:/rcrccrcf: 0.000000000 0.771599047 0.228400953
K:/rcrccrfc: 0.000000000 1.000000000 0.000000000
K:/rcrccrff: 0.000000000 0.994998847 0.005001153
K:/rcrf: 0.679944627 0.320055373 0.000000000
K:/rcrfcrc: 0.000000000 0.511214358 0.488785642
K:/rcrfcrf: 0.000000000 1.000000000 0.000000000
K:/rcrr: 0.000000000 1.000000000 0.000000000
K:/rfcr: 1.000000000 0.000000000 0.000000000
K:/rfcrcrc: 0.000000000 0.358609976 0.641390024
K:/rfcrcrf: 0.000000000 0.620079401 0.379920599
K:/rffr: 1.000000000 0.000000000 0.000000000
K:/rfrc: 1.000000000 0.000000000 0.000000000
K:/rfrf: 0.347558881 0.290327037 0.362114083
K:/rfrr: 0.000000000 1.000000000 0.000000000
K:/rrcc: 1.000000000 0.000000000 0.000000000
K:/rrcf: 1.000000000 0.000000000 0.000000000
K:/rrcr: 0.000000000 1.000000000 0.000000000
K:/rrfc: 1.000000000 0.000000000 0.000000000
K:/rrff: 1.000000000 0.000000000 0.000000000
K:/rrfr: 0.000000000 1.000000000 0.000000000
K:/rrrc: 0.000000000 1.000000000 0.000000000
K:/rrrf: 0.000000000 1.000000000 0.000000000
Q:/: 0.000000000 1.000000000 0.000000000
Q:/cccr: 0.000000000 1.000000000 0.000000000
Q:/cccrccrc: 1.000000000 0.000000000 0.000000000
Q:/cccrccrccrcc: 0.000000000 0.422491368 0.577508632
Q:/cccrccrccrcf: 0.000000000 1.000000000 0.000000000
Q:/cccrccrccrfc: 0.000000000 1.000000000 0.000000000
Q:/cccrccrccrff: 0.000000000 1.000000000 0.000000000
Q:/cccrccrf: 1.000000000 0.000000000 0.000000000
Q:/cccrccrfcrc: 0.000000000 0.526471862 0.473528138
Q:/cccrccrfcrf: 0.000000000 1.000000000 0.000000000
Q:/cccrccrr: 0.000000000 0.000000000 1.000000000
Q:/cccrcfrc: 0.696869505 0.232587575 0.070542920
Q:/cccrcfrf: 0.030545914 0.463351167 0.506102918
Q:/cccrcfrr: 0.000000000 0.598123570 0.401876430
Q:/cccrcrcc: 0.352012176 0.206745249 0.441242575
Q:/cccrcrcf: 0.232671718 0.461299755 0.306028527
Q:/cccrcrcr: 0.000000000 0.327029144 0.672970856
Q:/cccrcrfc: 0.233215056 0.344311385 0.422473559
Q:/cccrcrff: 0.524708316 0.177001441 0.298290243
Q:/cccrcrfr: 0.000000000 0.756240175 0.243759825
Q:/cccrcrrc: 0.000000000 0.054702348 0.945297652
Q:/cccrcrrf: 0.000000000 0.201087350 0.798912650
Q:/cccrrccr: 0.000000000 1.000000000 0.000000000
Q:/cccrrcfr: 0.000000000 1.000000000 0.000000000
Q:/cccrrcrc: 0.000000000 0.419064532 0.580935468
Q:/cccrrcrf: 0.000000000 0.873395980 0.126604020
Q:/cccrrfcr: 0.000000000 0.910434522 0.089565478
Q:/cccrrffr: 0.000000000 1.000000000 0.000000000
Q:/cccrrfrc: 0.000000000 0.963843695 0.036156305
Q:/cccrrfrf: 0.000000000 0.646189979 0.353810021
Q:/cccrrrcc: 0.000000000 0.272047988 0.727952012
Q:/cccrrrcf: 0.000000000 0.594607145 0.405392855
Q:/cccrrrfc: 0.000000000 1.000000000 0.000000000
Q:/cccrrrff: 0.000000000 1.000000000 0.000000000
Q:/ccrc: 0.499432334 0.090639061 0.409928606
Q:/ccrccrcc: 0.198428592 0.309466632 0.492104776
Q:/ccrccrcf: 0.337239581 0.064790729 0.597969690
Q:/ccrccrcr: 0.000000000 0.228257913 0.771742087
Q:/ccrccrfc: 0.330518319 0.549513959 0.119967721
Q:/ccrccrff: 0.111645923 0.837030922 0.051323155
Q:/ccrccrfr: 0.000000000 0.372905347 0.627094653
Q:/ccrccrrc: 0.000000000 0.578282248 0.421717752
Q:/ccrccrrf: 0.000000000 0.408902842 0.591097158
Q:/ccrcrccr: 0.000000000 0.094005674 0.905994326
Q:/ccrcrcfr: 0.000000000 0.420675108 0.579324892
Q:/ccrcrcrc: 0.000000000 0.504291185 0.495708815
Q:/ccrcrcrf: 0.000000000 0.577702342 0.422297658
Q:/ccrcrfcr: 0.000000000 0.553289759 0.446710241
Q:/ccrcrffr: 0.000000000 0.550310546 0.449689454
Q:/ccrcrfrc: 0.000000000 0.692250959 0.307749041
Q:/ccrcrfrf: 0.000000000 0.681674746 0.318325254
Q:/ccrcrrcc: 0.000000000 0.102119169 0.897880831
Q:/ccrcrrcf: 0.000000000 0.605942973 0.394057027
Q:/ccrcrrfc: 0.000000000 0.712178443 0.287821557
Q:/ccrcrrff: 0.000000000 0.575023313 0.424976687
Q:/ccrf: 0.000019860 0.382663327 0.617316813
Q:/ccrfcrc: 0.094875667 0.556691404 0.348432929
Q:/ccrfcrf: 0.426406653 0.068197583 0.505395764
Q:/ccrfcrr: 0.000000000 0.089880081 0.910119919
Q:/ccrfrcr: 0.000000000 0.582789070 0.417210930
Q:/ccrfrfr: 0.000000000 0.466497734 0.533502266
Q:/ccrfrrc: 0.000000000 0.436559457 0.563440543
Q:/ccrfrrf: 0.000000000 0.094021480 0.905978520
Q:/ccrr: 0.398382501 0.000000000 0.601617499
Q:/ccrrccrc: 0.000000000 0.279086981 0.720913019
Q:/ccrrccrf: 0.000000000 0.951761448 0.048238552
Q:/ccrrcfrc: 0.000000000 0.384638663 0.615361337
Q:/ccrrcfrf: 0.000000000 0.115864899 0.884135101
Q:/ccrrcrcc: 0.000000000 0.565605729 0.434394271
Q:/ccrrcrcf: 0.000000000 0.326029325 0.673970675
Q:/ccrrcrfc: 0.000000000 0.287929011 0.712070989
Q:/ccrrcrff: 0.000000000 0.574312752 0.425687248
Q:/crcc: 1.000000000 0.000000000 0.000000000
Q:/crccrccr: 0.000000000 0.573644177 0.426355823
Q:/crccrcfr: 0.000000000 0.891433119 0.108566881
Q:/crccrcrc: 0.000000000 0.022075314 0.977924686
Q:/crccrcrf: 0.000000000 0.384324619 0.615675381
Q:/crccrfcr: 0.000000000 0.805456289 0.194543711
Q:/crccrffr: 0.000000000 0.569541073 0.430458927
Q:/crccrfrc: 0.000000000 0.799078519 0.200921481
Q:/crccrfrf: 0.000000000 0.313147260 0.686852740
Q:/crccrrcc: 0.000000000 0.293769890 0.706230110
Q:/crccrrcf: 0.000000000 0.469738381 0.530261619
Q:/crccrrfc: 0.000000000 0.391309403 0.608690597
Q:/crccrrff: 0.000000000 1.000000000 0.000000000
Q:/crcf: 1.000000000 0.000000000 0.000000000
Q:/crcfrcr: 0.000000000 0.446233091 0.553766909
Q:/crcfrfr: 0.000000000 0.280505656 0.719494344
Q:/crcfrrc: 0.000000000 0.900445068 0.099554932
Q:/crcfrrf: 0.000000000 0.603663184 0.396336816
Q:/crcr: 0.000000000 0.797611933 0.202388067
Q:/crcrccrc: 0.000000000 0.529799486 0.470200514
Q:/crcrccrf: 0.000000000 0.500257327 0.499742673
Q:/crcrcfrc: 0.000000000 0.491401634 0.508598366
Q:/crcrcfrf: 0.000000000 0.490561162 0.509438838
Q:/crcrcrcc: 0.000000000 0.000000000 1.000000000
Q:/crcrcrcf: 0.000000000 0.584928078 0.415071922
Q:/crcrcrfc: 0.000000000 0.781477280 0.218522720
Q:/crcrcrff: 0.000000000 0.342691991 0.657308009
Q:/crfc: 0.449643572 0.000000000 0.550356428
Q:/crfcrcr: 0.000000000 0.004275801 0.995724199
Q:/crfcrfr: 0.000000000 0.901878862 0.098121138
Q:/crfcrrc: 0.000000000 0.322954153 0.677045847
Q:/crfcrrf: 0.000000000 0.376353097 0.623646903
Q:/crff: 0.999839624 0.000160376 0.000000000
Q:/crffrr: 0.000000000 0.688957615 0.311042385
Q:/crfr: 0.611651660 0.388348340 0.000000000
Q:/crfrcrc: 0.000000000 0.000000000 1.000000000
Q:/crfrcrf: 0.000000000 1.000000000 0.000000000
Q:/crrc: 0.220096557 0.294819401 0.485084042
Q:/crrccrcc: 0.000000000 0.419151221 0.580848779
Q:/crrccrcf: 0.000000000 0.406087858 0.593912142
Q:/crrccrfc: 0.000000000 0.530597360 0.469402640
Q:/crrccrff: 0.000000000 0.411827188 0.588172812
Q:/crrf: 0.117976232 0.212125911 0.669897857
Q:/crrfcrc: 0.000000000 0.255106076 0.744893924
Q:/crrfcrf: 0.000000000 0.474510553 0.525489447
Q:/crrr: 0.000000000 0.921060614 0.078939386
Q:/rccr: 1.000000000 0.000000000 0.000000000
Q:/rccrccrc: 0.000000000 0.079015780 0.920984220
Q:/rccrccrf: 0.000000000 0.417471438 0.582528562
Q:/rccrcfrc: 0.000000000 0.969629978 0.030370022
Q:/rccrcfrf: 0.000000000 0.078086349 0.921913651
Q:/rccrcrcc: 0.000000000 0.603378460 0.396621540
Q:/rccrcrcf: 0.000000000 0.820218224 0.179781776
Q:/rccrcrfc: 0.000000000 0.492131814 0.507868186
Q:/rccrcrff: 0.000000000 1.000000000 0.000000000
Q:/rcfr: 1.000000000 0.000000000 0.000000000
Q:/rcfrcrc: 0.000000000 0.817237338 0.182762662
Q:/rcfrcrf: 0.000000000 0.837347009 0.162652991
Q:/rcrc: 0.997283396 0.002716604 0.000000000
Q:/rcrccrcc: 0.000000000 0.504405599 0.495594401
Q:/rcrccrcf: 0.000000000 0.750541282 0.249458718
Q:/rcrccrfc: 0.000000000 0.560970495 0.439029505
Q:/rcrccrff: 0.000000000 0.711873841 0.288126159
Q:/rcrf: 0.562301274 0.437698726 0.000000000
Q:/rcrfcrc: 0.000000000 0.645530900 0.354469100
Q:/rcrfcrf: 0.000000000 1.000000000 0.000000000
Q:/rcrr: 0.000000000 0.000000000 1.000000000
Q:/rfcr: 0.392366550 0.607633450 0.000000000
Q:/rfcrcrc: 0.000000000 0.199001468 0.800998532
Q:/rfcrcrf: 0.000000000 0.579748501 0.420251499
Q:/rffr: 1.000000000 0.000000000 0.000000000
Q:/rfrc: 1.000000000 0.000000000 0.000000000
Q:/rfrf: 0.585117524 0.265759403 0.149123073
Q:/rfrr: 0.000000000 0.306576694 0.693423306
Q:/rrcc: 1.000000000 0.000000000 0.000000000
Q:/rrcf: 1.000000000 0.000000000 0.000000000
Q:/rrcr: 0.000000000 0.948439202 0.051560798
Q:/rrfc: 1.000000000 0.000000000 0.000000000
Q:/rrff: 1.000000000 0.000000000 0.000000000
Q:/rrfr: 0.000000000 0.431947069 0.568052931
Q:/rrrc: 0.000000000 0.000000000 1.000000000
Q:/rrrf: 0.000000000 0.000000000 1.000000000
T:/: 0.000000000 1.000000000 0.000000000
T:/cccr: 0.000000000 0.000000000 1.000000000
T:/cccrccrc: 0.000000000 0.000000000 1.000000000
T:/cccrccrccrcc: 0.000000000 0.181886292 0.818113708
T:/cccrccrccrcf: 0.000000000 0.000000000 1.000000000
T:/cccrccrccrfc: 0.000000000 0.000000000 1.000000000
T:/cccrccrccrff: 0.000000000 0.000000000 1.000000000
T:/cccrccrf: 0.723010501 0.000000000 0.276989499
T:/cccrccrfcrc: 0.000000000 0.436435407 0.563564593
T:/cccrccrfcrf: 0.000000000 0.384487187 0.615512813
T:/cccrccrr: 0.000000000 0.000000000 1.000000000
T:/cccrcfrc: 0.407146306 0.373765432 0.219088262
T:/cccrcfrf: 0.030721288 0.927712663 0.041566049
T:/cccrcfrr: 0.000000000 0.250208409 0.749791591
T:/cccrcrcc: 0.371974378 0.245513631 0.382511991
T:/cccrcrcf: 0.314105397 0.000000000 0.685894603
T:/cccrcrcr: 0.000000000 0.667020503 0.332979497
T:/cccrcrfc: 0.274320096 0.564505293 0.161174612
T:/cccrcrff: 0.167524212 0.099321996 0.733153791
T:/cccrcrfr: 0.000000000 0.709356272 0.290643728
T:/cccrcrrc: 0.000000000 0.716298784 0.283701216
T:/cccrcrrf: 0.000000000 0.000000000 1.000000000
T:/cccrrccr: 0.000000000 1.000000000 0.000000000
T:/cccrrcfr: 0.000000000 0.615833724 0.384166276
T:/cccrrcrc: 0.000000000 0.578984238 0.421015762
T:/cccrrcrf: 0.000000000 0.543987415 0.456012585
T:/cccrrfcr: 0.000000000 0.151582610 0.848417390
T:/cccrrffr: 0.000000000 0.403570602 0.596429398
T:/cccrrfrc: 0.000000000 0.140837435 0.859162565
T:/cccrrfrf: 0.000000000 0.417673524 0.582326476
T:/cccrrrcc: 0.000000000 0.318104653 0.681895347
T:/cccrrrcf: 0.000000000 0.608989370 0.391010630
T:/cccrrrfc: 0.000000000 0.216547195 0.783452805
T:/cccrrrff: 0.000000000 0.000000000 1.000000000
T:/ccrc: 0.094237903 0.083984682 0.821777416
T:/ccrccrcc: 0.403471849 0.308805020 0.287723130
T:/ccrccrcf: 0.315578587 0.461518473 0.222902940
T:/ccrccrcr: 0.000000000 0.488212160 0.511787840
T:/ccrccrfc: 0.398561502 0.308789913 0.292648585
T:/ccrccrff: 0.281084138 0.199680378 0.519235485
T:/ccrccrfr: 0.000000000 0.493475734 0.506524266
T:/ccrccrrc: 0.000000000 0.606756398 0.393243602
T:/ccrccrrf: 0.000000000 0.252837248 0.747162752
T:/ccrcrccr: 0.000000000 0.634844809 0.365155191
T:/ccrcrcfr: 0.000000000 0.289251289 0.710748711
T:/ccrcrcrc: 0.000000000 0.402231912 0.597768088
T:/ccrcrcrf: 0.000000000 0.836287781 0.163712219
T:/ccrcrfcr: 0.000000000 0.830568479 0.169431521
T:/ccrcrffr: 0.000000000 0.702893057 0.297106943
T:/ccrcrfrc: 0.000000000 0.541857891 0.458142109
T:/ccrcrfrf: 0.000000000 0.180979954 0.819020046
T:/ccrcrrcc: 0.000000000 0.620203160 0.379796840
T:/ccrcrrcf: 0.000000000 0.425936048 0.574063952
T:/ccrcrrfc: 0.000000000 0.312519544 0.687480456
T:/ccrcrrff: 0.000000000 0.722349031 0.277650969
T:/ccrf: 0.000461876 0.343574635 0.655963489
T:/ccrfcrc: 0.139493646 0.493513164 0.366993190
T:/ccrfcrf: 0.087265951 0.343191090 0.569542959
T:/ccrfcrr: 0.000000000 0.392692761 0.607307239
T:/ccrfrcr: 0.000000000 0.616271406 0.383728594
T:/ccrfrfr: 0.000000000 0.655211194 0.344788806
T:/ccrfrrc: 0.000000000 0.444542462 0.555457538
T:/ccrfrrf: 0.000000000 0.000000000 1.000000000
T:/ccrr: 0.034499075 0.000000000 0.965500925
T:/ccrrccrc: 0.000000000 0.756723095 0.243276905
T:/ccrrccrf: 0.000000000 0.482961993 0.517038007
T:/ccrrcfrc: 0.000000000 0.367237607 0.632762393
T:/ccrrcfrf: 0.000000000 0.225346738 0.774653262
T:/ccrrcrcc: 0.000000000 0.484394379 0.515605621
T:/ccrrcrcf: 0.000000000 0.486608822 0.513391178
T:/ccrrcrfc: 0.000000000 0.089439259 0.910560741
T:/ccrrcrff: 0.000000000 0.199796373 0.800203627
T:/crcc: 0.293019905 0.000000000 0.706980095
T:/crccrccr: 0.000000000 0.438661810 0.561338190
T:/crccrcfr: 0.000000000 0.758441202 0.241558798
T:/crccrcrc: 0.000000000 0.384066593 0.615933407
T:/crccrcrf: 0.000000000 0.865068705 0.134931295
T:/crccrfcr: 0.000000000 0.251081230 0.748918770
T:/crccrffr: 0.000000000 0.337398957 0.662601043
T:/crccrfrc: 0.000000000 0.069806527 0.930193473
T:/crccrfrf: 0.000000000 0.432798041 0.567201959
T:/crccrrcc: 0.000000000 0.424839097 0.575160903
T:/crccrrcf: 0.000000000 0.777360390 0.222639610
T:/crccrrfc: 0.000000000 0.566262404 0.433737596
T:/crccrrff: 0.000000000 0.567240261 0.432759739
T:/crcf: 0.363198060 0.000000000 0.636801940
T:/crcfrcr: 0.000000000 0.876735431 0.123264569
T:/crcfrfr: 0.000000000 0.567652316 0.432347684
T:/crcfrrc: 0.000000000 0.478495757 0.521504243
T:/crcfrrf: 0.000000000 0.115921445 0.884078555
T:/crcr: 0.000000000 1.000000000 0.000000000
T:/crcrccrc: 0.000000000 0.006080087 0.993919913
T:/crcrccrf: 0.000000000 0.500546360 0.499453640
T:/crcrcfrc: 0.000000000 0.575857983 0.424142017
T:/crcrcfrf: 0.000000000 0.470574612 0.529425388
T:/crcrcrcc: 0.000000000 0.314908071 0.685091929
T:/crcrcrcf: 0.000000000 0.062385412 0.937614588
T:/crcrcrfc: 0.000000000 0.573451087 0.426548913
T:/crcrcrff: 0.000000000 0.450026616 0.549973384
T:/crfc: 0.000000000 0.000000000 1.000000000
T:/crfcrcr: 0.000000000 0.108089751 0.891910249
T:/crfcrfr: 0.000000000 0.284037529 0.715962471
T:/crfcrrc: 0.000000000 0.425772156 0.574227844
T:/crfcrrf: 0.000000000 0.749462132 0.250537868
T:/crff: 0.789430418 0.000000000 0.210569582
T:/crffrr: 0.000000000 0.000000000 1.000000000
T:/crfr: 0.000000000 0.000000000 1.000000000
T:/crfrcrc: 0.000000000 0.000000000 1.000000000
T:/crfrcrf: 0.000000000 0.000000000 1.000000000
T:/crrc: 0.128543471 0.034680987 0.836775543
T:/crrccrcc: 0.000000000 0.602644540 0.397355460
T:/crrccrcf: 0.000000000 0.716261101 0.283738899
T:/crrccrfc: 0.000000000 0.457560493 0.542439507
T:/crrccrff: 0.000000000 0.534235703 0.465764297
T:/crrf: 0.021415898 0.346957121 0.631626981
T:/crrfcrc: 0.000000000 0.627557044 0.372442956
T:/crrfcrf: 0.000000000 0.525556023 0.474443977
T:/crrr: 0.000000000 0.084872429 0.915127571
T:/rccr: 0.184515963 0.399255783 0.416228254
T:/rccrccrc: 0.000000000 0.481222278 0.518777722
T:/rccrccrf: 0.000000000 0.373683578 0.626316422
T:/rccrcfrc: 0.000000000 0.343305567 0.656694433
T:/rccrcfrf: 0.000000000 0.785976836 0.214023164
T:/rccrcrcc: 0.000000000 0.943072582 0.056927418
T:/rccrcrcf: 0.000000000 0.548857787 0.451142213
T:/rccrcrfc: 0.000000000 0.493437923 0.506562077
T:/rccrcrff: 0.000000000 0.000000000 1.000000000
T:/rcfr: 0.895122391 0.000000000 0.104877609
T:/rcfrcrc: 0.000000000 0.170215771 0.829784229
T:/rcfrcrf: 0.000000000 0.650015263 0.349984737
T:/rcrc: 0.570175933 0.152320246 0.277503821
T:/rcrccrcc: 0.000000000 0.750918017 0.249081983
T:/rcrccrcf: 0.000000000 0.313644778 0.686355222
T:/rcrccrfc: 0.000000000 0.559377736 0.440622264
T:/rcrccrff: 0.000000000 0.424304131 0.575695869
T:/rcrf: 0.578347400 0.144975045 0.276677555
T:/rcrfcrc: 0.000000000 0.147277381 0.852722619
T:/rcrfcrf: 0.000000000 0.854853972 0.145146028
T:/rcrr: 0.000000000 0.000000000 1.000000000
T:/rfcr: 0.064007687 0.371277698 0.564714615
T:/rfcrcrc: 0.000000000 0.000000000 1.000000000
T:/rfcrcrf: 0.000000000 0.470921836 0.529078164
T:/rffr: 1.000000000 0.000000000 0.000000000
T:/rfrc: 0.196469529 0.000000000 0.803530471
T:/rfrf: 0.630350909 0.101263860 0.268385231
T:/rfrr: 0.000000000 0.000000000 1.000000000
T:/rrcc: 0.461950591 0.000000000 0.538049409
T:/rrcf: 0.244020221 0.000000000 0.755979779
T:/rrcr: 0.000000000 0.000000000 1.000000000
T:/rrfc: 0.473063560 0.000000000 0.526936440
T:/rrff: 1.000000000 0.000000000 0.000000000
T:/rrfr: 0.000000000 0.000000000 1.000000000
T:/rrrc: 0.000000000 0.000000000 1.000000000
T:/rrrf: 0.000000000 0.080902737 0.919097263
