A:/cc: 0.000000000 1.000000000 0.000000000
A:/cccrcc: 1.000000000 0.000000000 0.000000000
A:/cccrccrccr: 0.000000000 0.000000000 1.000000000
A:/cccrccrcfr: 0.000000000 0.902086595 0.097913405
A:/cccrccrcrc: 0.000000000 1.000000000 0.000000000
A:/cccrccrcrf: 0.000000000 0.843564251 0.156435749
A:/cccrccrfcr: 0.000000000 0.041553576 0.958446424
A:/cccrccrffr: 0.000000000 0.868461293 0.131538707
A:/cccrccrfrc: 0.000000000 0.612100609 0.387899391
A:/cccrccrfrf: 0.000000000 0.911700920 0.088299080
A:/cccrccrrcc: 0.000000000 0.854720158 0.145279842
A:/cccrccrrcf: 0.000000000 0.323416679 0.676583321
A:/cccrccrrfc: 0.000000000 0.639356623 0.360643377
A:/cccrccrrff: 0.000000000 0.369156948 0.630843052
A:/cccrcf: 0.126443768 0.581896226 0.291660005
A:/cccrcfrcr: 0.000000000 0.804536753 0.195463247
A:/cccrcfrfr: 0.000000000 0.903411292 0.096588708
A:/cccrcfrrc: 0.000000000 0.225714483 0.774285517
A:/cccrcfrrf: 0.000000000 0.151216545 0.848783455
A:/cccrcr: 0.567035068 0.432964932 0.000000000
A:/cccrcrccrc: 0.000000000 0.466919566 0.533080434
A:/cccrcrccrf: 0.000000000 0.696785434 0.303214566
A:/cccrcrcfrc: 0.000000000 0.652092561 0.347907439
A:/cccrcrcfrf: 0.000000000 0.377552053 0.622447947
A:/cccrcrcrcc: 0.000000000 0.728238085 0.271761915
A:/cccrcrcrcf: 0.000000000 0.420901644 0.579098356
A:/cccrcrcrfc: 0.000000000 0.399627972 0.600372028
A:/cccrcrcrff: 0.000000000 0.571883521 0.428116479
A:/cccrfc: 1.000000000 0.000000000 0.000000000
A:/cccrfcrcr: 0.000000000 0.920454612 0.079545388
A:/cccrfcrfr: 0.000000000 1.000000000 0.000000000
A:/cccrfcrrc: 0.000000000 0.698353490 0.301646510
A:/cccrfcrrf: 0.000000000 1.000000000 0.000000000
A:/cccrff: 0.394848272 0.605151728 0.000000000
A:/cccrffrr: 0.000000000 0.772533076 0.227466924
A:/cccrfr: 1.000000000 0.000000000 0.000000000
A:/cccrfrcrc: 0.000000000 1.000000000 0.000000000
A:/cccrfrcrf: 0.000000000 1.000000000 0.000000000
A:/cccrrc: 0.410609941 0.251861255 0.337528805
A:/cccrrccrcc: 0.000000000 0.597833066 0.402166934
A:/cccrrccrcf: 0.000000000 0.555592824 0.444407176
A:/cccrrccrfc: 0.000000000 0.468823053 0.531176947
A:/cccrrccrff: 0.000000000 0.055642062 0.944357938
A:/cccrrf: 0.551266651 0.106438382 0.342294967
A:/cccrrfcrc: 0.000000000 0.698222892 0.301777108
A:/cccrrfcrf: 0.000000000 1.000000000 0.000000000
A:/cccrrr: 0.000000000 0.568314586 0.431685414
A:/ccrccr: 0.923298876 0.076701124 0.000000000
A:/ccrccrccrc: 0.000000000 0.957891109 0.042108891
A:/ccrccrccrf: 0.000000000 0.463218063 0.536781937
A:/ccrccrcfrc: 0.000000000 0.182160393 0.817839607
A:/ccrccrcfrf: 0.000000000 0.585691990 0.414308010
A:/ccrccrcrcc: 0.000000000 0.865848714 0.134151286
A:/ccrccrcrcf: 0.000000000 0.193440028 0.806559972
A:/ccrccrcrfc: 0.000000000 0.808641352 0.191358648
A:/ccrccrcrff: 0.000000000 0.368234317 0.631765683
A:/ccrcfr: 1.000000000 0.000000000 0.000000000
A:/ccrcfrcrc: 0.000000000 0.790242343 0.209757657
A:/ccrcfrcrf: 0.000000000 0.464612146 0.535387854
A:/ccrcrc: 0.515404681 0.330420830 0.154174489
A:/ccrcrccrcc: 0.000000000 0.576605681 0.423394319
A:/ccrcrccrcf: 0.000000000 0.568716457 0.431283543
A:/ccrcrccrfc: 0.000000000 0.567980238 0.432019762
A:/ccrcrccrff: 0.000000000 0.343984017 0.656015983
A:/ccrcrf: 0.558957493 0.441042507 0.000000000
A:/ccrcrfcrc: 0.000000000 0.733593973 0.266406027
A:/ccrcrfcrf: 0.000000000 1.000000000 0.000000000
A:/ccrcrr: 0.000000000 1.000000000 0.000000000
A:/ccrfcr: 1.000000000 0.000000000 0.000000000
A:/ccrfcrcrc: 0.000000000 1.000000000 0.000000000
A:/ccrfcrcrf: 0.000000000 0.409283521 0.590716479
A:/ccrffr: 1.000000000 0.000000000 0.000000000
A:/ccrfrc: 0.351047216 0.378487436 0.270465349
A:/ccrfrf: 0.388006144 0.380129435 0.231864420
A:/ccrfrr: 0.000000000 0.151218837 0.848781163
A:/ccrrcc: 0.349697518 0.161157801 0.489144681
A:/ccrrcf: 0.451440854 0.130992915 0.417566231
A:/ccrrcr: 0.000000000 0.652282704 0.347717296
A:/ccrrfc: 0.579864089 0.420135911 0.000000000
A:/ccrrff: 1.000000000 0.000000000 0.000000000
A:/ccrrfr: 0.000000000 1.000000000 0.000000000
A:/ccrrrc: 0.000000000 0.906603939 0.093396061
A:/ccrrrf: 0.000000000 1.000000000 0.000000000
A:/cr: 0.000000000 1.000000000 0.000000000
A:/crccrc: 0.344396536 0.655603464 0.000000000
A:/crccrccrcc: 0.000000000 0.552790075 0.447209925
A:/crccrccrcf: 0.000000000 0.991410392 0.008589608
A:/crccrccrfc: 0.000000000 0.577886821 0.422113179
A:/crccrccrff: 0.000000000 0.891178866 0.108821134
A:/crccrf: 0.664100271 0.335899729 0.000000000
A:/crccrfcrc: 0.000000000 0.916147287 0.083852713
A:/crccrfcrf: 0.000000000 0.344708946 0.655291054
A:/crccrr: 0.000000000 1.000000000 0.000000000
A:/crcfrc: 0.746241555 0.243539631 0.010218815
A:/crcfrf: 0.814027478 0.022675645 0.163296877
A:/crcfrr: 0.000000000 0.998963294 0.001036706
A:/crcrcc: 1.000000000 0.000000000 0.000000000
A:/crcrcf: 0.780822420 0.219177580 0.000000000
A:/crcrcr: 0.000000000 1.000000000 0.000000000
A:/crcrfc: 1.000000000 0.000000000 0.000000000
A:/crcrff: 0.526504519 0.473495481 0.000000000
A:/crcrfr: 0.000000000 1.000000000 0.000000000
A:/crcrrc: 0.000000000 0.855289280 0.144710720
A:/crcrrf: 0.000000000 0.806740796 0.193259204
A:/crrccr: 0.000000000 0.836531809 0.163468191
A:/crrcfr: 0.000000000 1.000000000 0.000000000
A:/crrcrc: 0.000000000 0.861153042 0.138846958
A:/crrcrf: 0.000000000 1.000000000 0.000000000
A:/crrfcr: 0.000000000 1.000000000 0.000000000
A:/crrffr: 0.000000000 1.000000000 0.000000000
A:/crrfrc: 0.000000000 1.000000000 0.000000000
A:/crrfrf: 0.000000000 0.140134953 0.859865047
A:/crrrcc: 0.000000000 1.000000000 0.000000000
A:/crrrcf: 0.000000000 1.000000000 0.000000000
A:/crrrfc: 0.000000000 1.000000000 0.000000000
A:/crrrff: 0.000000000 1.000000000 0.000000000
A:/rc: 0.551431518 0.448568482 0.000000000
A:/rccrcc: 0.121537354 0.519830025 0.358632621
A:/rccrcf: 0.305440329 0.489586691 0.204972979
A:/rccrcr: 0.000000000 0.797575751 0.202424249
A:/rccrfc: 0.294116670 0.280311394 0.425571937
A:/rccrff: 0.214824843 0.104301455 0.680873702
A:/rccrfr: 0.000000000 0.372731351 0.627268649
A:/rccrrc: 0.000000000 0.741096671 0.258903329
A:/rccrrf: 0.000000000 0.066201872 0.933798128
A:/rcrccr: 0.000000000 0.686879145 0.313120855
A:/rcrcfr: 0.000000000 0.213143589 0.786856411
A:/rcrcrc: 0.000000000 0.662138365 0.337861635
A:/rcrcrf: 0.000000000 0.604376802 0.395623198
A:/rcrfcr: 0.000000000 0.801904517 0.198095483
A:/rcrffr: 0.000000000 0.247023738 0.752976262
A:/rcrfrc: 0.000000000 0.999101146 0.000898854
A:/rcrfrf: 0.000000000 0.308591902 0.691408098
A:/rcrrcc: 0.000000000 0.499934905 0.500065095
A:/rcrrcf: 0.000000000 0.911176151 0.088823849
A:/rcrrfc: 0.000000000 0.903926279 0.096073721
A:/rcrrff: 0.000000000 0.778806275 0.221193725
A:/rf: 0.647385879 0.352614121 0.000000000
A:/rfcrc: 0.490196067 0.509803933 0.000000000
A:/rfcrf: 0.547602502 0.352718637 0.099678860
A:/rfcrr: 0.000000000 0.101934545 0.898065455
A:/rfrcr: 0.000000000 0.646264122 0.353735878
A:/rfrfr: 0.000000000 0.751075519 0.248924481
A:/rfrrc: 0.000000000 0.530977939 0.469022061
A:/rfrrf: 0.000000000 1.000000000 0.000000000
A:/rr: 0.662886395 0.337113605 0.000000000
A:/rrccrc: 0.000000000 0.501400943 0.498599057
A:/rrccrf: 0.000000000 0.840756405 0.159243595
A:/rrcfrc: 0.000000000 0.215121284 0.784878716
A:/rrcfrf: 0.000000000 0.254009189 0.745990811
A:/rrcrcc: 0.000000000 0.211288226 0.788711774
A:/rrcrcf: 0.000000000 0.827110881 0.172889119
A:/rrcrfc: 0.000000000 0.951250901 0.048749099
A:/rrcrff: 0.000000000 0.406679204 0.593320796
J:/cc: 0.000000000 1.000000000 0.000000000
J:/cccrcc: 1.000000000 0.000000000 0.000000000
J:/cccrccrccr: 0.000000000 0.836986102 0.163013898
J:/cccrccrcfr: 0.000000000 0.769696132 0.230303868
J:/cccrccrcrc: 0.000000000 0.139831324 0.860168676
J:/cccrccrcrf: 0.000000000 0.062791440 0.937208560
J:/cccrccrfcr: 0.000000000 0.538310903 0.461689097
J:/cccrccrffr: 0.000000000 0.790852453 0.209147547
J:/cccrccrfrc: 0.000000000 0.452478059 0.547521941
J:/cccrccrfrf: 0.000000000 0.039343658 0.960656342
J:/cccrccrrcc: 0.000000000 0.476646604 0.523353396
J:/cccrccrrcf: 0.000000000 0.627674311 0.372325689
J:/cccrccrrfc: 0.000000000 0.869949416 0.130050584
J:/cccrccrrff: 0.000000000 0.303559036 0.696440964
J:/cccrcf: 0.410292090 0.139063701 0.450644209
J:/cccrcfrcr: 0.000000000 0.456879845 0.543120155
J:/cccrcfrfr: 0.000000000 0.751633464 0.248366536
J:/cccrcfrrc: 0.000000000 0.851358343 0.148641657
J:/cccrcfrrf: 0.000000000 0.656732528 0.343267472
J:/cccrcr: 0.515142364 0.215104260 0.269753376
J:/cccrcrccrc: 0.000000000 0.048589181 0.951410819
J:/cccrcrccrf: 0.000000000 0.458027076 0.541972924
J:/cccrcrcfrc: 0.000000000 0.575102981 0.424897019
J:/cccrcrcfrf: 0.000000000 0.609169866 0.390830134
J:/cccrcrcrcc: 0.000000000 0.351872940 0.648127060
J:/cccrcrcrcf: 0.000000000 0.140868735 0.859131265
J:/cccrcrcrfc: 0.000000000 0.272921433 0.727078567
J:/cccrcrcrff: 0.000000000 0.701306246 0.298693754
J:/cccrfc: 0.006246849 0.000000000 0.993753151
J:/cccrfcrcr: 0.000000000 0.555333829 0.444666171
J:/cccrfcrfr: 0.000000000 0.781888689 0.218111311
J:/cccrfcrrc: 0.000000000 0.302202615 0.697797385
J:/cccrfcrrf: 0.000000000 0.470816729 0.529183271
J:/cccrff: 0.333538269 0.166842095 0.499619636
J:/cccrffrr: 0.000000000 0.628008350 0.371991650
J:/cccrfr: 0.000000000 0.000000000 1.000000000
J:/cccrfrcrc: 0.000000000 0.383392270 0.616607730
J:/cccrfrcrf: 0.000000000 0.602118505 0.397881495
J:/cccrrc: 0.388573921 0.337656108 0.273769971
J:/cccrrccrcc: 0.000000000 0.725013487 0.274986513
J:/cccrrccrcf: 0.000000000 0.948248180 0.051751820
J:/cccrrccrfc: 0.000000000 0.064533444 0.935466556
J:/cccrrccrff: 0.000000000 0.215111982 0.784888018
J:/cccrrf: 0.031839755 0.198304168 0.769856077
J:/cccrrfcrc: 0.000000000 0.281622014 0.718377986
J:/cccrrfcrf: 0.000000000 0.103830220 0.896169780
J:/cccrrr: 0.000000000 0.409754169 0.590245831
J:/ccrccr: 0.000014170 0.079958871 0.920026959
J:/ccrccrccrc: 0.000000000 0.683683068 0.316316932
J:/ccrccrccrf: 0.000000000 0.875024471 0.124975529
J:/ccrccrcfrc: 0.000000000 0.739387627 0.260612373
J:/ccrccrcfrf: 0.000000000 0.394948374 0.605051626
J:/ccrccrcrcc: 0.000000000 0.310213326 0.689786674
J:/ccrccrcrcf: 0.000000000 0.467057712 0.532942288
J:/ccrccrcrfc: 0.000000000 0.515460653 0.484539347
J:/ccrccrcrff: 0.000000000 0.817761018 0.182238982
J:/ccrcfr: 0.000058060 0.115735116 0.884206824
J:/ccrcfrcrc: 0.000000000 0.180372662 0.819627338
J:/ccrcfrcrf: 0.000000000 0.474502118 0.525497882
J:/ccrcrc: 0.337082091 0.314713899 0.348204010
J:/ccrcrccrcc: 0.000000000 0.087725073 0.912274927
J:/ccrcrccrcf: 0.000000000 0.384324889 0.615675111
J:/ccrcrccrfc: 0.000000000 0.902039706 0.097960294
J:/ccrcrccrff: 0.000000000 1.000000000 0.000000000
J:/ccrcrf: 0.808786787 0.191213213 0.000000000
J:/ccrcrfcrc: 0.000000000 0.116763077 0.883236923
J:/ccrcrfcrf: 0.000000000 0.539657174 0.460342826
J:/ccrcrr: 0.000000000 0.441646411 0.558353589
J:/ccrfcr: 0.219787260 0.000000000 0.780212740
J:/ccrfcrcrc: 0.000000000 0.636899953 0.363100047
J:/ccrfcrcrf: 0.000000000 0.504617547 0.495382453
J:/ccrffr: 0.000064864 0.000000000 0.999935136
J:/ccrfrc: 0.367833630 0.333209666 0.298956704
J:/ccrfrf: 0.382076233 0.389548526 0.228375242
J:/ccrfrr: 0.000000000 0.897030419 0.102969581
J:/ccrrcc: 0.283378647 0.417064922 0.299556431
J:/ccrrcf: 0.445140698 0.446041274 0.108818028
J:/ccrrcr: 0.000000000 0.938324217 0.061675783
J:/ccrrfc: 0.525502963 0.000000000 0.474497037
J:/ccrrff: 0.790596891 0.000000000 0.209403109
J:/ccrrfr: 0.000000000 0.376933594 0.623066406
J:/ccrrrc: 0.000000000 0.462768978 0.537231022
J:/ccrrrf: 0.000000000 0.000000000 1.000000000
J:/cr: 0.000000000 0.000000000 1.000000000
J:/crccrc: 1.000000000 0.000000000 0.000000000
J:/crccrccrcc: 0.000000000 0.359363891 0.640636109
J:/crccrccrcf: 0.000000000 0.407178599 0.592821401
J:/crccrccrfc: 0.000000000 0.344702493 0.655297507
J:/crccrccrff: 0.000000000 0.163087077 0.836912923
J:/crccrf: 0.388992125 0.000000000 0.611007875
J:/crccrfcrc: 0.000000000 0.763530674 0.236469326
J:/crccrfcrf: 0.000000000 0.334858776 0.665141224
J:/crccrr: 0.000000000 0.328256288 0.671743712
J:/crcfrc: 1.000000000 0.000000000 0.000000000
J:/crcfrf: 0.080393949 0.630366559 0.289239492
J:/crcfrr: 0.000000000 0.000000000 1.000000000
J:/crcrcc: 0.696562328 0.024544010 0.278893662
J:/crcrcf: 1.000000000 0.000000000 0.000000000
J:/crcrcr: 0.000000000 0.000000000 1.000000000
J:/crcrfc: 1.000000000 0.000000000 0.000000000
J:/crcrff: 0.700614297 0.299385703 0.000000000
J:/crcrfr: 0.000000000 0.748658094 0.251341906
J:/crcrrc: 0.000000000 0.660076317 0.339923683
J:/crcrrf: 0.000000000 0.647477451 0.352522549
J:/crrccr: 0.000000000 0.089493057 0.910506943
J:/crrcfr: 0.000000000 0.756587549 0.243412451
J:/crrcrc: 0.000000000 0.835067747 0.164932253
J:/crrcrf: 0.000000000 0.438266919 0.561733081
J:/crrfcr: 0.000000000 0.000000000 1.000000000
J:/crrffr: 0.000000000 0.489351151 0.510648849
J:/crrfrc: 0.000000000 0.283556944 0.716443056
J:/crrfrf: 0.000000000 0.610813150 0.389186850
J:/crrrcc: 0.000000000 0.697492675 0.302507325
J:/crrrcf: 0.000000000 0.000000000 1.000000000
J:/crrrfc: 0.000000000 0.000000000 1.000000000
J:/crrrff: 0.000000000 0.331291793 0.668708207
J:/rc: 0.224400780 0.472460609 0.303138611
J:/rccrcc: 0.244156108 0.372450743 0.383393149
J:/rccrcf: 0.488715726 0.248807597 0.262476677
J:/rccrcr: 0.000000000 0.362257008 0.637742992
J:/rccrfc: 0.336625807 0.244014479 0.419359714
J:/rccrff: 0.328710787 0.300924454 0.370364759
J:/rccrfr: 0.000000000 0.625606021 0.374393979
J:/rccrrc: 0.000000000 0.560835198 0.439164802
J:/rccrrf: 0.000000000 0.511721275 0.488278725
J:/rcrccr: 0.000000000 0.749508841 0.250491159
J:/rcrcfr: 0.000000000 0.429751168 0.570248832
J:/rcrcrc: 0.000000000 0.625081528 0.374918472
J:/rcrcrf: 0.000000000 0.130981379 0.869018621
J:/rcrfcr: 0.000000000 0.488383752 0.511616248
J:/rcrffr: 0.000000000 0.623412927 0.376587073
J:/rcrfrc: 0.000000000 0.827466987 0.172533013
J:/rcrfrf: 0.000000000 0.627321562 0.372678438
J:/rcrrcc: 0.000000000 0.680086139 0.319913861
J:/rcrrcf: 0.000000000 0.581588268 0.418411732
J:/rcrrfc: 0.000000000 0.532094408 0.467905592
J:/rcrrff: 0.000000000 0.861125028 0.138874972
J:/rf: 0.067673742 0.259094713 0.673231544
J:/rfcrc: 0.350372048 0.259872126 0.389755825
J:/rfcrf: 0.305476692 0.004141411 0.690381897
J:/rfcrr: 0.000000000 0.272965904 0.727034096
J:/rfrcr: 0.000000000 0.483277737 0.516722263
J:/rfrfr: 0.000000000 0.976197198 0.023802802
J:/rfrrc: 0.000000000 0.380258758 0.619741242
J:/rfrrf: 0.000000000 0.346929084 0.653070916
J:/rr: 0.413936575 0.376158574 0.209904851
J:/rrccrc: 0.000000000 0.564674971 0.435325029
J:/rrccrf: 0.000000000 0.909678386 0.090321614
J:/rrcfrc: 0.000000000 0.703694465 0.296305535
J:/rrcfrf: 0.000000000 0.818463750 0.181536250
J:/rrcrcc: 0.000000000 0.357045667 0.642954333
J:/rrcrcf: 0.000000000 0.750896131 0.249103869
J:/rrcrfc: 0.000000000 0.648883635 0.351116365
J:/rrcrff: 0.000000000 0.837406961 0.162593039
K:/cc: 0.000754839 0.999245161 0.000000000
K:/cccrcc: 1.000000000 0.000000000 0.000000000
K:/cccrccrccr: 0.000000000 0.797667662 0.202332338
K:/cccrccrcfr: 0.000000000 0.798240574 0.201759426
K:/cccrccrcrc: 0.000000000 0.335747171 0.664252829
K:/cccrccrcrf: 0.000000000 0.518514201 0.481485799
K:/cccrccrfcr: 0.000000000 0.422251858 0.577748142
K:/cccrccrffr: 0.000000000 0.586284485 0.413715515
K:/cccrccrfrc: 0.000000000 0.894250159 0.105749841
K:/cccrccrfrf: 0.000000000 0.785165460 0.214834540
K:/cccrccrrcc: 0.000000000 0.580814317 0.419185683
K:/cccrccrrcf: 0.000000000 0.517904967 0.482095033
K:/cccrccrrfc: 0.000000000 0.955148499 0.044851501
K:/cccrccrrff: 0.000000000 0.411587550 0.588412450
K:/cccrcf: 0.309006572 0.426270526 0.264722903
K:/cccrcfrcr: 0.000000000 0.238223778 0.761776222
K:/cccrcfrfr: 0.000000000 0.534827560 0.465172440
K:/cccrcfrrc: 0.000000000 0.646097222 0.353902778
K:/cccrcfrrf: 0.000000000 0.468020507 0.531979493
K:/cccrcr: 0.036714913 0.780300229 0.182984858
K:/cccrcrccrc: 0.000000000 0.420001611 0.579998389
K:/cccrcrccrf: 0.000000000 0.424521639 0.575478361
K:/cccrcrcfrc: 0.000000000 0.446615668 0.553384332
K:/cccrcrcfrf: 0.000000000 0.527092360 0.472907640
K:/cccrcrcrcc: 0.000000000 0.727399529 0.272600471
K:/cccrcrcrcf: 0.000000000 0.500590098 0.499409902
K:/cccrcrcrfc: 0.000000000 0.817598659 0.182401341
K:/cccrcrcrff: 0.000000000 0.618270194 0.381729806
K:/cccrfc: 1.000000000 0.000000000 0.000000000
K:/cccrfcrcr: 0.000000000 1.000000000 0.000000000
K:/cccrfcrfr: 0.000000000 1.000000000 0.000000000
K:/cccrfcrrc: 0.000000000 0.512354239 0.487645761
K:/cccrfcrrf: 0.000000000 0.652415217 0.347584783
K:/cccrff: 0.337411273 0.029989554 0.632599173
K:/cccrffrr: 0.000000000 0.617356800 0.382643200
K:/cccrfr: 0.570498564 0.052442922 0.377058513
K:/cccrfrcrc: 0.000000000 0.215063125 0.784936875
K:/cccrfrcrf: 0.000000000 0.620717510 0.379282490
K:/cccrrc: 0.124177281 0.592285831 0.283536888
K:/cccrrccrcc: 0.000000000 0.227266284 0.772733716
K:/cccrrccrcf: 0.000000000 0.669274025 0.330725975
K:/cccrrccrfc: 0.000000000 0.334097004 0.665902996
K:/cccrrccrff: 0.000000000 0.501700855 0.498299145
K:/cccrrf: 0.255155511 0.330368623 0.414475866
K:/cccrrfcrc: 0.000000000 0.514029846 0.485970154
K:/cccrrfcrf: 0.000000000 0.534429126 0.465570874
K:/cccrrr: 0.000000000 0.041904382 0.958095618
K:/ccrccr: 0.697380346 0.239920874 0.062698781
K:/ccrccrccrc: 0.000000000 0.353684435 0.646315565
K:/ccrccrccrf: 0.000000000 0.375586661 0.624413339
K:/ccrccrcfrc: 0.000000000 0.642783906 0.357216094
K:/ccrccrcfrf: 0.000000000 0.169062296 0.830937704
K:/ccrccrcrcc: 0.000000000 0.523036390 0.476963610
K:/ccrccrcrcf: 0.000000000 0.065116869 0.934883131
K:/ccrccrcrfc: 0.000000000 0.448507649 0.551492351
K:/ccrccrcrff: 0.000000000 0.074979225 0.925020775
K:/ccrcfr: 0.876186876 0.123813124 0.000000000
K:/ccrcfrcrc: 0.000000000 0.474650845 0.525349155
K:/ccrcfrcrf: 0.000000000 1.000000000 0.000000000
K:/ccrcrc: 0.802372635 0.060373739 0.137253626
K:/ccrcrccrcc: 0.000000000 0.767314216 0.232685784
K:/ccrcrccrcf: 0.000000000 0.418090349 0.581909651
K:/ccrcrccrfc: 0.000000000 0.868116619 0.131883381
K:/ccrcrccrff: 0.000000000 0.762010434 0.237989566
K:/ccrcrf: 1.000000000 0.000000000 0.000000000
K:/ccrcrfcrc: 0.000000000 0.510699874 0.489300126
K:/ccrcrfcrf: 0.000000000 0.652286175 0.347713825
K:/ccrcrr: 0.000000000 0.655629475 0.344370525
K:/ccrfcr: 0.821101644 0.000000000 0.178898356
K:/ccrfcrcrc: 0.000000000 0.277409422 0.722590578
K:/ccrfcrcrf: 0.000000000 0.448684006 0.551315994
K:/ccrffr: 0.999565184 0.000000000 0.000434816
K:/ccrfrc: 0.411143525 0.009612640 0.579243835
K:/ccrfrf: 0.442974131 0.292089151 0.264936719
K:/ccrfrr: 0.000000000 0.866578327 0.133421673
K:/ccrrcc: 0.429031237 0.345813893 0.225154870
K:/ccrrcf: 0.358762688 0.054398124 0.586839187
K:/ccrrcr: 0.000000000 0.732780013 0.267219987
K:/ccrrfc: 1.000000000 0.000000000 0.000000000
K:/ccrrff: 1.000000000 0.000000000 0.000000000
K:/ccrrfr: 0.000000000 0.689837177 0.310162823
K:/ccrrrc: 0.000000000 0.782122416 0.217877584
K:/ccrrrf: 0.000000000 0.261599227 0.738400773
K:/cr: 0.000000000 1.000000000 0.000000000
K:/crccrc: 0.482593021 0.000000000 0.517406979
K:/crccrccrcc: 0.000000000 0.378198932 0.621801068
K:/crccrccrcf: 0.000000000 0.729232880 0.270767120
K:/crccrccrfc: 0.000000000 0.461700865 0.538299135
K:/crccrccrff: 0.000000000 0.631186024 0.368813976
K:/crccrf: 0.379142952 0.000000000 0.620857048
K:/crccrfcrc: 0.000000000 0.144647932 0.855352068
K:/crccrfcrf: 0.000000000 0.244038221 0.755961779
K:/crccrr: 0.000000000 0.402721567 0.597278433
K:/crcfrc: 1.000000000 0.000000000 0.000000000
K:/crcfrf: 0.362896496 0.278823556 0.358279948
K:/crcfrr: 0.000000000 0.303777793 0.696222207
K:/crcrcc: 0.472825775 0.254349367 0.272824858
K:/crcrcf: 0.078538797 0.694400244 0.227060959
K:/crcrcr: 0.000000000 1.000000000 0.000000000
K:/crcrfc: 1.000000000 0.000000000 0.000000000
K:/crcrff: 0.326613585 0.239610129 0.433776286
K:/crcrfr: 0.000000000 0.499567281 0.500432719
K:/crcrrc: 0.000000000 0.456712606 0.543287394
K:/crcrrf: 0.000000000 0.545375948 0.454624052
K:/crrccr: 0.000000000 0.347664877 0.652335123
K:/crrcfr: 0.000000000 0.615482193 0.384517807
K:/crrcrc: 0.000000000 0.800719343 0.199280657
K:/crrcrf: 0.000000000 0.694648674 0.305351326
K:/crrfcr: 0.000000000 0.778693542 0.221306458
K:/crrffr: 0.000000000 0.782220307 0.217779693
K:/crrfrc: 0.000000000 0.284688022 0.715311978
K:/crrfrf: 0.000000000 0.026947205 0.973052795
K:/crrrcc: 0.000000000 0.613478962 0.386521038
K:/crrrcf: 0.000000000 0.759685052 0.240314948
K:/crrrfc: 0.000000000 0.169262976 0.830737024
K:/crrrff: 0.000000000 1.000000000 0.000000000
K:/rc: 0.392414162 0.177869357 0.429716481
K:/rccrcc: 0.533443813 0.081694390 0.384861797
K:/rccrcf: 0.585726454 0.064830924 0.349442621
K:/rccrcr: 0.000000000 0.071972014 0.928027986
K:/rccrfc: 0.460040479 0.313506688 0.226452833
K:/rccrff: 0.481670001 0.486260744 0.032069255
K:/rccrfr: 0.000000000 0.776880982 0.223119018
K:/rccrrc: 0.000000000 0.750612266 0.249387734
K:/rccrrf: 0.000000000 0.113332660 0.886667340
K:/rcrccr: 0.000000000 0.504833025 0.495166975
K:/rcrcfr: 0.000000000 0.667912322 0.332087678
K:/rcrcrc: 0.000000000 0.913949766 0.086050234
K:/rcrcrf: 0.000000000 0.892225235 0.107774765
K:/rcrfcr: 0.000000000 0.398669783 0.601330217
K:/rcrffr: 0.000000000 0.797746833 0.202253167
K:/rcrfrc: 0.000000000 0.170416598 0.829583402
K:/rcrfrf: 0.000000000 0.916808849 0.083191151
K:/rcrrcc: 0.000000000 0.433866561 0.566133439
K:/rcrrcf: 0.000000000 0.531997485 0.468002515
K:/rcrrfc: 0.000000000 0.936384632 0.063615368
K:/rcrrff: 0.000000000 0.655242259 0.344757741
K:/rf: 0.000000000 0.422793437 0.577206563
K:/rfcrc: 0.129621445 0.513358243 0.357020312
K:/rfcrf: 0.286838423 0.073937734 0.639223843
K:/rfcrr: 0.000000000 0.624175568 0.375824432
K:/rfrcr: 0.000000000 0.205284601 0.794715399
K:/rfrfr: 0.000000000 0.561276988 0.438723012
K:/rfrrc: 0.000000000 0.876351738 0.123648262
K:/rfrrf: 0.000000000 0.354158225 0.645841775
K:/rr: 0.377834194 0.478419360 0.143746446
K:/rrccrc: 0.000000000 0.397227405 0.602772595
K:/rrccrf: 0.000000000 0.461478036 0.538521964
K:/rrcfrc: 0.000000000 0.189496906 0.810503094
K:/rrcfrf: 0.000000000 0.568977327 0.431022673
K:/rrcrcc: 0.000000000 0.565196990 0.434803010
K:/rrcrcf: 0.000000000 0.636374808 0.363625192
K:/rrcrfc: 0.000000000 0.774266293 0.225733707
K:/rrcrff: 0.000000000 0.512896703 0.487103297
Q:/cc: 0.000227880 0.999772120 0.000000000
Q:/cccrcc: 1.000000000 0.000000000 0.000000000
Q:/cccrccrccr: 0.000000000 0.522226738 0.477773262
Q:/cccrccrcfr: 0.000000000 0.566791454 0.433208546
Q:/cccrccrcrc: 0.000000000 0.415749382 0.584250618
Q:/cccrccrcrf: 0.000000000 0.524998783 0.475001217
Q:/cccrccrfcr: 0.000000000 0.325852168 0.674147832
Q:/cccrccrffr: 0.000000000 0.801254891 0.198745109
Q:/cccrccrfrc: 0.000000000 0.664609567 0.335390433
Q:/cccrccrfrf: 0.000000000 0.630990375 0.369009625
Q:/cccrccrrcc: 0.000000000 0.287834797 0.712165203
Q:/cccrccrrcf: 0.000000000 0.441045317 0.558954683
Q:/cccrccrrfc: 0.000000000 0.962571134 0.037428866
Q:/cccrccrrff: 0.000000000 0.282280612 0.717719388
Q:/cccrcf: 0.265536899 0.410741979 0.323721122
Q:/cccrcfrcr: 0.000000000 0.429044052 0.570955948
Q:/cccrcfrfr: 0.000000000 0.650539532 0.349460468
Q:/cccrcfrrc: 0.000000000 0.326910825 0.673089175
Q:/cccrcfrrf: 0.000000000 0.503562500 0.496437500
Q:/cccrcr: 0.256367688 0.233218784 0.510413528
Q:/cccrcrccrc: 0.000000000 0.884138658 0.115861342
Q:/cccrcrccrf: 0.000000000 0.286585947 0.713414053
Q:/cccrcrcfrc: 0.000000000 0.439311755 0.560688245
Q:/cccrcrcfrf: 0.000000000 0.916976754 0.083023246
Q:/cccrcrcrcc: 0.000000000 0.786801175 0.213198825
Q:/cccrcrcrcf: 0.000000000 0.783694861 0.216305139
Q:/cccrcrcrfc: 0.000000000 0.837256144 0.162743856
Q:/cccrcrcrff: 0.000000000 0.601283198 0.398716802
Q:/cccrfc: 1.000000000 0.000000000 0.000000000
Q:/cccrfcrcr: 0.000000000 0.593112198 0.406887802
Q:/cccrfcrfr: 0.000000000 1.000000000 0.000000000
Q:/cccrfcrrc: 0.000000000 0.188728870 0.811271130
Q:/cccrfcrrf: 0.000000000 0.393020970 0.606979030
Q:/cccrff: 0.159914228 0.329245815 0.510839957
Q:/cccrffrr: 0.000000000 0.482390338 0.517609662
Q:/cccrfr: 0.148221208 0.031078444 0.820700348
Q:/cccrfrcrc: 0.000000000 0.378774511 0.621225489
Q:/cccrfrcrf: 0.000000000 0.858464832 0.141535168
Q:/cccrrc: 0.184593588 0.268719360 0.546687052
Q:/cccrrccrcc: 0.000000000 0.126737192 0.873262808
Q:/cccrrccrcf: 0.000000000 0.760068367 0.239931633
Q:/cccrrccrfc: 0.000000000 0.854619232 0.145380768
Q:/cccrrccrff: 0.000000000 0.345095527 0.654904473
Q:/cccrrf: 0.089164547 0.419817977 0.491017476
Q:/cccrrfcrc: 0.000000000 0.877030936 0.122969064
Q:/cccrrfcrf: 0.000000000 0.410507410 0.589492590
Q:/cccrrr: 0.000000000 0.742286660 0.257713340
Q:/ccrccr: 0.000024481 0.000000000 0.999975519
Q:/ccrccrccrc: 0.000000000 0.681266569 0.318733431
Q:/ccrccrccrf: 0.000000000 0.470773191 0.529226809
Q:/ccrccrcfrc: 0.000000000 0.873640726 0.126359274
Q:/ccrccrcfrf: 0.000000000 0.273598040 0.726401960
Q:/ccrccrcrcc: 0.000000000 0.908343491 0.091656509
Q:/ccrccrcrcf: 0.000000000 0.961853114 0.038146886
Q:/ccrccrcrfc: 0.000000000 0.000000000 1.000000000
Q:/ccrccrcrff: 0.000000000 0.617152588 0.382847412
Q:/ccrcfr: 0.000058929 0.000000000 0.999941071
Q:/ccrcfrcrc: 0.000000000 0.429499468 0.570500532
Q:/ccrcfrcrf: 0.000000000 0.360684002 0.639315998
Q:/ccrcrc: 0.389434931 0.391529908 0.219035161
Q:/ccrcrccrcc: 0.000000000 0.534893757 0.465106243
Q:/ccrcrccrcf: 0.000000000 0.656125884 0.343874116
Q:/ccrcrccrfc: 0.000000000 0.458898466 0.541101534
Q:/ccrcrccrff: 0.000000000 0.426639102 0.573360898
Q:/ccrcrf: 0.736033536 0.263966464 0.000000000
Q:/ccrcrfcrc: 0.000000000 0.753280339 0.246719661
Q:/ccrcrfcrf: 0.000000000 1.000000000 0.000000000
Q:/ccrcrr: 0.000000000 0.837821395 0.162178605
Q:/ccrfcr: 0.466967844 0.000000000 0.533032156
Q:/ccrfcrcrc: 0.000000000 0.299760483 0.700239517
Q:/ccrfcrcrf: 0.000000000 0.301494262 0.698505738
Q:/ccrffr: 0.352981722 0.108547273 0.538471005
Q:/ccrfrc: 0.290776251 0.565205678 0.144018071
Q:/ccrfrf: 0.455204890 0.369159935 0.175635175
Q:/ccrfrr: 0.000000000 0.296504024 0.703495976
Q:/ccrrcc: 0.526504502 0.000000000 0.473495498
Q:/ccrrcf: 1.000000000 0.000000000 0.000000000
Q:/ccrrcr: 0.000000000 0.578659659 0.421340341
Q:/ccrrfc: 0.807676491 0.000000000 0.192323509
Q:/ccrrff: 0.880895373 0.000037788 0.119066839
Q:/ccrrfr: 0.000000000 0.566560682 0.433439318
Q:/ccrrrc: 0.000000000 0.043065678 0.956934322
Q:/ccrrrf: 0.000000000 0.000000300 0.999999700
Q:/cr: 0.000000000 0.000000000 1.000000000
Q:/crccrc: 0.882526064 0.000000000 0.117473936
Q:/crccrccrcc: 0.000000000 0.917371447 0.082628553
Q:/crccrccrcf: 0.000000000 0.842844744 0.157155256
Q:/crccrccrfc: 0.000000000 0.513102252 0.486897748
Q:/crccrccrff: 0.000000000 0.468891245 0.531108755
Q:/crccrf: 0.777685916 0.036188639 0.186125444
Q:/crccrfcrc: 0.000000000 0.499591091 0.500408909
Q:/crccrfcrf: 0.000000000 0.566485434 0.433514566
Q:/crccrr: 0.000000000 1.000000000 0.000000000
Q:/crcfrc: 0.739325926 0.000000000 0.260674074
Q:/crcfrf: 0.504429870 0.235206771 0.260363359
Q:/crcfrr: 0.000000000 0.220250645 0.779749355
Q:/crcrcc: 1.000000000 0.000000000 0.000000000
Q:/crcrcf: 1.000000000 0.000000000 0.000000000
Q:/crcrcr: 0.000000000 1.000000000 0.000000000
Q:/crcrfc: 1.000000000 0.000000000 0.000000000
Q:/crcrff: 0.521776024 0.478223976 0.000000000
Q:/crcrfr: 0.000000000 0.634702036 0.365297964
Q:/crcrrc: 0.000000000 0.382207222 0.617792778
Q:/crcrrf: 0.000000000 0.328867207 0.671132793
Q:/crrccr: 0.000000000 0.394278730 0.605721270
Q:/crrcfr: 0.000000000 0.999859691 0.000140309
Q:/crrcrc: 0.000000000 0.369205769 0.630794231
Q:/crrcrf: 0.000000000 0.356347393 0.643652607
Q:/crrfcr: 0.000000000 0.000000000 1.000000000
Q:/crrffr: 0.000000000 0.000079863 0.999920137
Q:/crrfrc: 0.000000000 0.064816500 0.935183500
Q:/crrfrf: 0.000000000 0.157740282 0.842259718
Q:/crrrcc: 0.000000000 0.324745867 0.675254133
Q:/crrrcf: 0.000000000 0.250793649 0.749206351
Q:/crrrfc: 0.000000000 0.000000000 1.000000000
Q:/crrrff: 0.000000000 0.999978839 0.000021161
Q:/rc: 0.295246723 0.430717344 0.274035933
Q:/rccrcc: 0.345457024 0.320011226 0.334531750
Q:/rccrcf: 0.784280565 0.206075161 0.009644274
Q:/rccrcr: 0.000000000 0.596387436 0.403612564
Q:/rccrfc: 0.639532071 0.147912883 0.212555046
Q:/rccrff: 0.273202422 0.612401318 0.114396261
Q:/rccrfr: 0.000000000 0.880406286 0.119593714
Q:/rccrrc: 0.000000000 0.701544509 0.298455491
Q:/rccrrf: 0.000000000 0.738205036 0.261794964
Q:/rcrccr: 0.000000000 0.643733726 0.356266274
Q:/rcrcfr: 0.000000000 0.703932087 0.296067913
Q:/rcrcrc: 0.000000000 0.217141204 0.782858796
Q:/rcrcrf: 0.000000000 0.765360678 0.234639322
Q:/rcrfcr: 0.000000000 0.543740007 0.456259993
Q:/rcrffr: 0.000000000 0.656350543 0.343649457
Q:/rcrfrc: 0.000000000 0.516567925 0.483432075
Q:/rcrfrf: 0.000000000 0.609113819 0.390886181
Q:/rcrrcc: 0.000000000 0.742411353 0.257588647
Q:/rcrrcf: 0.000000000 0.612169736 0.387830264
Q:/rcrrfc: 0.000000000 0.499835746 0.500164254
Q:/rcrrff: 0.000000000 0.372570975 0.627429025
Q:/rf: 0.416921811 0.000000000 0.583078189
Q:/rfcrc: 0.335866327 0.172393193 0.491740480
Q:/rfcrf: 0.530177157 0.031122630 0.438700212
Q:/rfcrr: 0.000000000 0.726346017 0.273653983
Q:/rfrcr: 0.000000000 0.652475788 0.347524212
Q:/rfrfr: 0.000000000 0.436074696 0.563925304
Q:/rfrrc: 0.000000000 0.597193583 0.402806417
Q:/rfrrf: 0.000000000 0.538546591 0.461453409
Q:/rr: 0.068024542 0.542868205 0.389107253
Q:/rrccrc: 0.000000000 0.336655266 0.663344734
Q:/rrccrf: 0.000000000 0.490438901 0.509561099
Q:/rrcfrc: 0.000000000 0.269578727 0.730421273
Q:/rrcfrf: 0.000000000 0.450492936 0.549507064
Q:/rrcrcc: 0.000000000 0.224315009 0.775684991
Q:/rrcrcf: 0.000000000 0.918540228 0.081459772
Q:/rrcrfc: 0.000000000 0.882971800 0.117028200
Q:/rrcrff: 0.000000000 0.572681592 0.427318408
T:/cc: 0.000000000 1.000000000 0.000000000
T:/cccrcc: 1.000000000 0.000000000 0.000000000
T:/cccrccrccr: 0.000000000 0.141748562 0.858251438
T:/cccrccrcfr: 0.000000000 0.383328088 0.616671912
T:/cccrccrcrc: 0.000000000 0.080568732 0.919431268
T:/cccrccrcrf: 0.000000000 0.121852041 0.878147959
T:/cccrccrfcr: 0.000000000 0.471734872 0.528265128
T:/cccrccrffr: 0.000000000 0.802739114 0.197260886
T:/cccrccrfrc: 0.000000000 0.517729384 0.482270616
T:/cccrccrfrf: 0.000000000 0.406132144 0.593867856
T:/cccrccrrcc: 0.000000000 0.391686562 0.608313438
T:/cccrccrrcf: 0.000000000 0.671129144 0.328870856
T:/cccrccrrfc: 0.000000000 0.569310284 0.430689716
T:/cccrccrrff: 0.000000000 0.629207483 0.370792517
T:/cccrcf: 0.579719505 0.000000000 0.420280495
T:/cccrcfrcr: 0.000000000 0.257532643 0.742467357
T:/cccrcfrfr: 0.000000000 0.618182418 0.381817582
T:/cccrcfrrc: 0.000000000 0.507080146 0.492919854
T:/cccrcfrrf: 0.000000000 0.673564376 0.326435624
T:/cccrcr: 0.096333262 0.000000000 0.903666738
T:/cccrcrccrc: 0.000000000 0.449294416 0.550705584
T:/cccrcrccrf: 0.000000000 0.611805354 0.388194646
T:/cccrcrcfrc: 0.000000000 0.441643517 0.558356483
T:/cccrcrcfrf: 0.000000000 0.748838308 0.251161692
T:/cccrcrcrcc: 0.000000000 0.261579935 0.738420065
T:/cccrcrcrcf: 0.000000000 0.000346703 0.999653297
T:/cccrcrcrfc: 0.000000000 0.133056622 0.866943378
T:/cccrcrcrff: 0.000000000 0.321084701 0.678915299
T:/cccrfc: 0.000000000 0.000000000 1.000000000
T:/cccrfcrcr: 0.000000000 0.731168812 0.268831188
T:/cccrfcrfr: 0.000000000 0.409647945 0.590352055
T:/cccrfcrrc: 0.000000000 0.853596293 0.146403707
T:/cccrfcrrf: 0.000000000 0.555991425 0.444008575
T:/cccrff: 0.469437021 0.185680661 0.344882318
T:/cccrffrr: 0.000000000 0.697037562 0.302962438
T:/cccrfr: 0.000000000 0.000000000 1.000000000
T:/cccrfrcrc: 0.000000000 0.234030709 0.765969291
T:/cccrfrcrf: 0.000000000 0.483704586 0.516295414
T:/cccrrc: 0.153487324 0.109131785 0.737380891
T:/cccrrccrcc: 0.000000000 0.321361333 0.678638667
T:/cccrrccrcf: 0.000000000 0.537979158 0.462020842
T:/cccrrccrfc: 0.000000000 0.462034420 0.537965580
T:/cccrrccrff: 0.000000000 0.052767277 0.947232723
T:/cccrrf: 0.367829579 0.092047228 0.540123193
T:/cccrrfcrc: 0.000000000 0.191109259 0.808890741
T:/cccrrfcrf: 0.000000000 0.445177364 0.554822636
T:/cccrrr: 0.000000000 0.105990732 0.894009268
T:/ccrccr: 0.000000660 0.209679935 0.790319405
T:/ccrccrccrc: 0.000000000 0.313573278 0.686426722
T:/ccrccrccrf: 0.000000000 0.307346735 0.692653265
T:/ccrccrcfrc: 0.000000000 0.194141413 0.805858587
T:/ccrccrcfrf: 0.000000000 0.556212903 0.443787097
T:/ccrccrcrcc: 0.000000000 0.688182717 0.311817283
T:/ccrccrcrcf: 0.000000000 0.799015623 0.200984377
T:/ccrccrcrfc: 0.000000000 0.798579513 0.201420487
T:/ccrccrcrff: 0.000000000 0.387512756 0.612487244
T:/ccrcfr: 0.000009316 0.000000000 0.999990684
T:/ccrcfrcrc: 0.000000000 0.635445781 0.364554219
T:/ccrcfrcrf: 0.000000000 0.653921424 0.346078576
T:/ccrcrc: 0.616976806 0.109176795 0.273846400
T:/ccrcrccrcc: 0.000000000 0.910518321 0.089481679
T:/ccrcrccrcf: 0.000000000 0.570748878 0.429251122
T:/ccrcrccrfc: 0.000000000 0.306837097 0.693162903
T:/ccrcrccrff: 0.000000000 0.275496394 0.724503606
T:/ccrcrf: 0.999990372 0.000000000 0.000009628
T:/ccrcrfcrc: 0.000000000 0.319857004 0.680142996
T:/ccrcrfcrf: 0.000000000 0.105371349 0.894628651
T:/ccrcrr: 0.000000000 0.040249685 0.959750315
T:/ccrfcr: 0.092551187 0.000000000 0.907448813
T:/ccrfcrcrc: 0.000000000 0.386463318 0.613536682
T:/ccrfcrcrf: 0.000000000 0.829909115 0.170090885
T:/ccrffr: 0.000081441 0.213850203 0.786068356
T:/ccrfrc: 0.107021642 0.105180775 0.787797582
T:/ccrfrf: 0.160739113 0.580826953 0.258433934
T:/ccrfrr: 0.000000000 0.272846031 0.727153969
T:/ccrrcc: 0.663380841 0.201479488 0.135139671
T:/ccrrcf: 0.570120843 0.338801859 0.091077298
T:/ccrrcr: 0.000000000 0.141889529 0.858110471
T:/ccrrfc: 0.643916369 0.000000000 0.356083631
T:/ccrrff: 0.403526914 0.000000000 0.596473086
T:/ccrrfr: 0.000000000 0.000000000 1.000000000
T:/ccrrrc: 0.000000000 0.000000000 1.000000000
T:/ccrrrf: 0.000000000 0.157120754 0.842879246
T:/cr: 0.000000000 0.000000000 1.000000000
T:/crccrc: 0.854473383 0.000000000 0.145526617
T:/crccrccrcc: 0.000000000 0.013399240 0.986600760
T:/crccrccrcf: 0.000000000 0.369596935 0.630403065
T:/crccrccrfc: 0.000000000 0.551075155 0.448924845
T:/crccrccrff: 0.000000000 0.885170479 0.114829521
T:/crccrf: 0.822084948 0.000000000 0.177915052
T:/crccrfcrc: 0.000000000 0.050869322 0.949130678
T:/crccrfcrf: 0.000000000 0.821230883 0.178769117
T:/crccrr: 0.000000000 0.169380436 0.830619564
T:/crcfrc: 1.000000000 0.000000000 0.000000000
T:/crcfrf: 0.412651939 0.346343665 0.241004396
T:/crcfrr: 0.000000000 0.000000000 1.000000000
T:/crcrcc: 0.351582030 0.218477512 0.429940458
T:/crcrcf: 0.490809071 0.289565772 0.219625158
T:/crcrcr: 0.000000000 0.000000000 1.000000000
T:/crcrfc: 0.654485667 0.000000000 0.345514333
T:/crcrff: 0.451763987 0.548236013 0.000000000
T:/crcrfr: 0.000000000 0.311239439 0.688760561
T:/crcrrc: 0.000000000 0.088082696 0.911917304
T:/crcrrf: 0.000000000 0.568834225 0.431165775
T:/crrccr: 0.000000000 0.128029732 0.871970268
T:/crrcfr: 0.000000000 0.225990451 0.774009549
T:/crrcrc: 0.000000000 0.487455476 0.512544524
T:/crrcrf: 0.000000000 0.000000000 1.000000000
T:/crrfcr: 0.000000000 0.000000000 1.000000000
T:/crrffr: 0.000000000 0.000000000 1.000000000
T:/crrfrc: 0.000000000 0.432166539 0.567833461
T:/crrfrf: 0.000000000 0.494971937 0.505028063
T:/crrrcc: 0.000000000 0.076665341 0.923334659
T:/crrrcf: 0.000000000 0.277095873 0.722904127
T:/crrrfc: 0.000000000 0.000000000 1.000000000
T:/crrrff: 0.000000000 0.427100357 0.572899643
T:/rc: 0.000000000 0.817154555 0.182845445
T:/rccrcc: 0.312901736 0.375291365 0.311806899
T:/rccrcf: 0.702716925 0.157750273 0.139532802
T:/rccrcr: 0.000000000 0.452100254 0.547899746
T:/rccrfc: 0.098160571 0.247029886 0.654809543
T:/rccrff: 0.262596839 0.553930900 0.183472261
T:/rccrfr: 0.000000000 0.431677371 0.568322629
T:/rccrrc: 0.000000000 0.346867894 0.653132106
T:/rccrrf: 0.000000000 0.542892216 0.457107784
T:/rcrccr: 0.000000000 0.512509153 0.487490847
T:/rcrcfr: 0.000000000 0.667471733 0.332528267
T:/rcrcrc: 0.000000000 0.263474121 0.736525879
T:/rcrcrf: 0.000000000 0.210445345 0.789554655
T:/rcrfcr: 0.000000000 0.358676394 0.641323606
T:/rcrffr: 0.000000000 0.161814517 0.838185483
T:/rcrfrc: 0.000000000 0.771068144 0.228931856
T:/rcrfrf: 0.000000000 0.156440542 0.843559458
T:/rcrrcc: 0.000000000 0.597323256 0.402676744
T:/rcrrcf: 0.000000000 0.971572804 0.028427196
T:/rcrrfc: 0.000000000 0.762971591 0.237028409
T:/rcrrff: 0.000000000 0.379912210 0.620087790
T:/rf: 0.599320997 0.000000308 0.400678694
T:/rfcrc: 0.425619266 0.381037452 0.193343282
T:/rfcrf: 0.679010435 0.161550489 0.159439076
T:/rfcrr: 0.000000000 0.229612005 0.770387995
T:/rfrcr: 0.000000000 0.184799009 0.815200991
T:/rfrfr: 0.000000000 0.574663335 0.425336665
T:/rfrrc: 0.000000000 0.353636201 0.646363799
T:/rfrrf: 0.000000000 0.559819666 0.440180334
T:/rr: 0.000000000 0.483339325 0.516660675
T:/rrccrc: 0.000000000 0.500989807 0.499010193
T:/rrccrf: 0.000000000 0.488016107 0.511983893
T:/rrcfrc: 0.000000000 0.106586504 0.893413496
T:/rrcfrf: 0.000000000 0.755155957 0.244844043
T:/rrcrcc: 0.000000000 0.421018469 0.578981531
T:/rrcrcf: 0.000000000 0.009404357 0.990595643
T:/rrcrfc: 0.000000000 0.461792326 0.538207674
T:/rrcrff: 0.000000000 0.488722249 0.511277751
