A:/: 0.023145592 0.976854408 0.000000000
A:/cccr: 0.767871551 0.227068536 0.005059913
A:/cccrccrc: 0.000000000 0.409926970 0.590073030
A:/cccrccrf: 0.000000000 0.226109374 0.773890626
A:/cccrcfrc: 0.000000000 0.182663556 0.817336444
A:/cccrcfrf: 0.000000000 0.124325419 0.875674581
A:/cccrcrcc: 0.000000000 0.523742169 0.476257831
A:/cccrcrcf: 0.000000000 0.214898516 0.785101484
A:/cccrcrfc: 0.000000000 0.583315042 0.416684958
A:/cccrcrff: 0.000000000 0.812855654 0.187144346
A:/ccrc: 0.331904841 0.221705371 0.446389788
A:/ccrccrcc: 0.000000000 0.199565598 0.800434402
A:/ccrccrcf: 0.000000000 0.677277035 0.322722965
A:/ccrccrfc: 0.000000000 0.321089726 0.678910274
A:/ccrccrff: 0.000000000 0.651352884 0.348647116
A:/ccrf: 0.804828626 0.084017185 0.111154189
A:/ccrfcrc: 0.000000000 0.557799251 0.442200749
A:/ccrfcrf: 0.000000000 0.423979636 0.576020364
A:/ccrr: 0.000000000 0.587646216 0.412353784
A:/crcc: 0.129492140 0.579246305 0.291261554
A:/crcf: 0.585064255 0.255001683 0.159934062
A:/crcr: 0.000000000 0.629806332 0.370193668
A:/crfc: 0.468026108 0.422751590 0.109222302
A:/crff: 0.722428827 0.242985101 0.034586072
A:/crfr: 0.000000000 0.690418993 0.309581007
A:/crrc: 0.000000000 0.547154143 0.452845857
A:/crrf: 0.000000000 0.530859838 0.469140162
A:/rccr: 0.000000000 0.999998551 0.000001449
A:/rcfr: 0.000000000 0.901416312 0.098583688
A:/rcrc: 0.000000000 0.965095607 0.034904393
A:/rcrf: 0.000000000 0.503748155 0.496251845
A:/rfcr: 0.000000000 0.995998736 0.004001264
A:/rffr: 0.000000000 0.000000000 1.000000000
A:/rfrc: 0.000000000 1.000000000 0.000000000
A:/rfrf: 0.000000000 0.400528187 0.599471813
A:/rrcc: 0.000000000 0.640299234 0.359700766
A:/rrcf: 0.000000000 1.000000000 0.000000000
A:/rrfc: 0.000000000 0.997846348 0.002153652
A:/rrff: 0.000000000 0.942356491 0.057643509
J:/: 0.001409304 0.998590696 0.000000000
J:/cccr: 0.000000000 0.000000000 1.000000000
J:/cccrccrc: 0.000000000 0.186208815 0.813791185
J:/cccrccrf: 0.000000000 0.624292687 0.375707313
J:/cccrcfrc: 0.000000000 0.047556127 0.952443873
J:/cccrcfrf: 0.000000000 0.313098954 0.686901046
J:/cccrcrcc: 0.000000000 0.265742483 0.734257517
J:/cccrcrcf: 0.000000000 0.314110264 0.685889736
J:/cccrcrfc: 0.000000000 0.257149771 0.742850229
J:/cccrcrff: 0.000000000 0.386709534 0.613290466
J:/ccrc: 0.119603936 0.109350458 0.771045606
J:/ccrccrcc: 0.000000000 0.075049199 0.924950801
J:/ccrccrcf: 0.000000000 0.541869242 0.458130758
J:/ccrccrfc: 0.000000000 0.474656503 0.525343497
J:/ccrccrff: 0.000000000 0.400755012 0.599244988
J:/ccrf: 0.533739887 0.000000000 0.466260113
J:/ccrfcrc: 0.000000000 0.863150268 0.136849732
J:/ccrfcrf: 0.000000000 0.215845663 0.784154337
J:/ccrr: 0.000000000 0.089193640 0.910806360
J:/crcc: 0.142909288 0.172880299 0.684210413
J:/crcf: 0.334246469 0.310771188 0.354982343
J:/crcr: 0.000000000 0.248473994 0.751526006
J:/crfc: 0.000003344 0.000001526 0.999995130
J:/crff: 0.000000760 0.000000814 0.999998426
J:/crfr: 0.000000000 0.000000000 1.000000000
J:/crrc: 0.000000000 0.402779770 0.597220230
J:/crrf: 0.000000000 0.782148496 0.217851504
J:/rccr: 0.000000000 0.000049232 0.999950768
J:/rcfr: 0.000000000 0.099093723 0.900906277
J:/rcrc: 0.000000000 0.000000000 1.000000000
J:/rcrf: 0.000000000 0.000113019 0.999886981
J:/rfcr: 0.000000000 0.128043883 0.871956117
J:/rffr: 0.000000000 0.750358671 0.249641329
J:/rfrc: 0.000000000 0.000000000 1.000000000
J:/rfrf: 0.000000000 0.224771199 0.775228801
J:/rrcc: 0.000000000 0.000000000 1.000000000
J:/rrcf: 0.000000000 0.000000000 1.000000000
J:/rrfc: 0.000000000 0.061674567 0.938325433
J:/rrff: 0.000000000 0.075649077 0.924350923
K:/: 0.000000000 1.000000000 0.000000000
K:/cccr: 0.000000000 0.000000000 1.000000000
K:/cccrccrc: 0.000000000 0.338059813 0.661940187
K:/cccrccrf: 0.000000000 0.484999125 0.515000875
K:/cccrcfrc: 0.000000000 0.319131141 0.680868859
K:/cccrcfrf: 0.000000000 0.510234412 0.489765588
K:/cccrcrcc: 0.000000000 0.602869829 0.397130171
K:/cccrcrcf: 0.000000000 1.000000000 0.000000000
K:/cccrcrfc: 0.000000000 0.686053200 0.313946800
K:/cccrcrff: 0.000000000 1.000000000 0.000000000
K:/ccrc: 0.360862760 0.630972452 0.008164789
K:/ccrccrcc: 0.000000000 0.556629186 0.443370814
K:/ccrccrcf: 0.000000000 0.922231863 0.077768137
K:/ccrccrfc: 0.000000000 0.939887887 0.060112113
K:/ccrccrff: 0.000000000 0.510294185 0.489705815
K:/ccrf: 0.971718863 0.000000000 0.028281137
K:/ccrfcrc: 0.000000000 0.650336156 0.349663844
K:/ccrfcrf: 0.000000000 0.900933071 0.099066929
K:/ccrr: 0.000000000 0.536484458 0.463515542
K:/crcc: 0.557654864 0.025130009 0.417215127
K:/crcf: 0.215610642 0.290422329 0.493967029
K:/crcr: 0.000000000 0.693193024 0.306806976
K:/crfc: 0.000005360 0.000000721 0.999993919
K:/crff: 0.000003674 0.000001329 0.999994997
K:/crfr: 0.000000000 0.000551607 0.999448393
K:/crrc: 0.000000000 0.538837141 0.461162859
K:/crrf: 0.000000000 0.312664788 0.687335212
K:/rccr: 0.000000000 0.239954974 0.760045026
K:/rcfr: 0.000000000 0.889509736 0.110490264
K:/rcrc: 0.000000000 0.000164901 0.999835099
K:/rcrf: 0.000000000 0.162518917 0.837481083
K:/rfcr: 0.000000000 0.000457230 0.999542770
K:/rffr: 0.000000000 0.999997189 0.000002811
K:/rfrc: 0.000000000 0.000000000 1.000000000
K:/rfrf: 0.000000000 0.336382924 0.663617076
K:/rrcc: 0.000000000 0.000000000 1.000000000
K:/rrcf: 0.000000000 0.000000000 1.000000000
K:/rrfc: 0.000000000 0.873491202 0.126508798
K:/rrff: 0.000000000 0.119432246 0.880567754
Q:/: 0.001124115 0.998875885 0.000000000
Q:/cccr: 0.000000000 0.000000000 1.000000000
Q:/cccrccrc: 0.000000000 0.449804686 0.550195314
Q:/cccrccrf: 0.000000000 0.587039620 0.412960380
Q:/cccrcfrc: 0.000000000 0.509096518 0.490903482
Q:/cccrcfrf: 0.000000000 0.506405288 0.493594712
Q:/cccrcrcc: 0.000000000 0.135581882 0.864418118
Q:/cccrcrcf: 0.000000000 1.000000000 0.000000000
Q:/cccrcrfc: 0.000000000 0.152221239 0.847778761
Q:/cccrcrff: 0.000000000 0.781518930 0.218481070
Q:/ccrc: 0.198708467 0.463927961 0.337363573
Q:/ccrccrcc: 0.000000000 0.464232991 0.535767009
Q:/ccrccrcf: 0.000000000 0.283765108 0.716234892
Q:/ccrccrfc: 0.000000000 0.886938690 0.113061310
Q:/ccrccrff: 0.000000000 0.898934793 0.101065207
Q:/ccrf: 0.284396960 0.000000000 0.715603040
Q:/ccrfcrc: 0.000000000 0.632041384 0.367958616
Q:/ccrfcrf: 0.000000000 0.904432616 0.095567384
Q:/ccrr: 0.000000000 0.667329149 0.332670851
Q:/crcc: 0.304386124 0.453191454 0.242422422
Q:/crcf: 0.063858967 0.310310999 0.625830033
Q:/crcr: 0.000000000 0.444760373 0.555239627
Q:/crfc: 0.000002575 0.000000992 0.999996434
Q:/crff: 0.000003018 0.000001366 0.999995616
Q:/crfr: 0.000000000 0.000000000 1.000000000
Q:/crrc: 0.000000000 0.387374946 0.612625054
Q:/crrf: 0.000000000 0.569050436 0.430949564
Q:/rccr: 0.000000000 0.000000537 0.999999463
Q:/rcfr: 0.000000000 0.524833293 0.475166707
Q:/rcrc: 0.000000000 0.000000000 1.000000000
Q:/rcrf: 0.000000000 0.000062188 0.999937812
Q:/rfcr: 0.000000000 0.000184611 0.999815389
Q:/rffr: 0.000000000 1.000000000 0.000000000
Q:/rfrc: 0.000000000 0.000000000 1.000000000
Q:/rfrf: 0.000000000 0.271796476 0.728203524
Q:/rrcc: 0.000000000 0.000000000 1.000000000
Q:/rrcf: 0.000000000 0.000000000 1.000000000
Q:/rrfc: 0.000000000 0.894603512 0.105396488
Q:/rrff: 0.000000000 0.201192581 0.798807419
T:/: 0.001278553 0.998721447 0.000000000
T:/cccr: 0.000000000 0.000000000 1.000000000
T:/cccrccrc: 0.000000000 0.452940880 0.547059120
T:/cccrccrf: 0.000000000 0.697925690 0.302074310
T:/cccrcfrc: 0.000000000 0.721427178 0.278572822
T:/cccrcfrf: 0.000000000 0.851350416 0.148649584
T:/cccrcrcc: 0.000000000 0.165003966 0.834996034
T:/cccrcrcf: 0.000000000 0.293090008 0.706909992
T:/cccrcrfc: 0.000000000 0.288500065 0.711499935
T:/cccrcrff: 0.000000000 0.539822097 0.460177903
T:/ccrc: 0.545756912 0.240346820 0.213896268
T:/ccrccrcc: 0.000000000 0.652180584 0.347819416
T:/ccrccrcf: 0.000000000 0.238567971 0.761432029
T:/ccrccrfc: 0.000000000 0.789771713 0.210228287
T:/ccrccrff: 0.000000000 0.349329955 0.650670045
T:/ccrf: 0.314338703 0.000000000 0.685661297
T:/ccrfcrc: 0.000000000 0.391300317 0.608699683
T:/ccrfcrf: 0.000000000 0.008396065 0.991603935
T:/ccrr: 0.000000000 0.467206239 0.532793761
T:/crcc: 0.117156399 0.579509647 0.303333954
T:/crcf: 0.000000000 0.376631168 0.623368832
T:/crcr: 0.000000000 0.503015217 0.496984783
T:/crfc: 0.000002864 0.000001149 0.999995988
T:/crff: 0.000000971 0.000000967 0.999998062
T:/crfr: 0.000000000 0.000000000 1.000000000
T:/crrc: 0.000000000 0.893811636 0.106188364
T:/crrf: 0.000000000 0.630724026 0.369275974
T:/rccr: 0.000000000 0.359199485 0.640800515
T:/rcfr: 0.000000000 0.000006166 0.999993834
T:/rcrc: 0.000000000 0.000007458 0.999992542
T:/rcrf: 0.000000000 0.000093023 0.999906977
T:/rfcr: 0.000000000 0.524924753 0.475075247
T:/rffr: 0.000000000 0.606314928 0.393685072
T:/rfrc: 0.000000000 0.000000000 1.000000000
T:/rfrf: 0.000000000 0.242710504 0.757289496
T:/rrcc: 0.000000000 0.000000000 1.000000000
T:/rrcf: 0.000000000 0.000000000 1.000000000
T:/rrfc: 0.000000000 0.077224087 0.922775913
T:/rrff: 0.000000000 0.032544479 0.967455521
