A:/c: 0.015822324 0.984177676 0.000000000
A:/cccrc: 0.351198273 0.301096761 0.347704965
A:/cccrccrcc: 0.000000000 0.538016789 0.461983211
A:/cccrccrcf: 0.000000000 0.757857731 0.242142269
A:/cccrccrfc: 0.000000000 0.430933813 0.569066187
A:/cccrccrff: 0.000000000 0.214801853 0.785198147
A:/cccrf: 0.544675377 0.431692626 0.023631997
A:/cccrfcrc: 0.000000000 0.864437267 0.135562733
A:/cccrfcrf: 0.000000000 0.953933213 0.046066787
A:/cccrr: 0.000000000 0.901186546 0.098813454
A:/ccrcc: 0.477694972 0.270778268 0.251526760
A:/ccrcf: 0.390833276 0.608799613 0.000367110
A:/ccrcr: 0.000000000 0.411059989 0.588940011
A:/ccrfc: 0.415482159 0.527263480 0.057254361
A:/ccrff: 0.475384191 0.484902305 0.039713504
A:/ccrfr: 0.000000000 0.754344380 0.245655620
A:/ccrrc: 0.000000000 0.195447419 0.804552581
A:/ccrrf: 0.000000000 0.670039051 0.329960949
A:/crccr: 0.000000000 0.776164295 0.223835705
A:/crcfr: 0.000000000 0.737534690 0.262465310
A:/crcrc: 0.000000000 0.820416565 0.179583435
A:/crcrf: 0.000000000 1.000000000 0.000000000
A:/crfcr: 0.000000000 1.000000000 0.000000000
A:/crffr: 0.000000000 0.899167552 0.100832448
A:/crfrc: 0.000000000 0.955275076 0.044724924
A:/crfrf: 0.000000000 0.356035981 0.643964019
A:/crrcc: 0.000000000 0.856629552 0.143370448
A:/crrcf: 0.000000000 0.859752447 0.140247553
A:/crrfc: 0.000000000 0.658203785 0.341796215
A:/crrff: 0.000000000 0.814854718 0.185145282
A:/r: 0.497908371 0.472355199 0.029736430
A:/rccrc: 0.000000000 0.538204554 0.461795446
A:/rccrf: 0.000000000 0.662935472 0.337064528
A:/rcfrc: 0.000000000 0.817578438 0.182421562
A:/rcfrf: 0.000000000 0.467215180 0.532784820
A:/rcrcc: 0.000000000 0.483266326 0.516733674
A:/rcrcf: 0.000000000 0.722404517 0.277595483
A:/rcrfc: 0.000000000 0.173017108 0.826982892
A:/rcrff: 0.000000000 0.572961220 0.427038780
J:/c: 0.000045809 0.999954191 0.000000000
J:/cccrc: 0.261654343 0.357202593 0.381143065
J:/cccrccrcc: 0.000000000 0.560733693 0.439266307
J:/cccrccrcf: 0.000000000 0.692869333 0.307130667
J:/cccrccrfc: 0.000000000 0.108510183 0.891489817
J:/cccrccrff: 0.000000000 0.493905623 0.506094377
J:/cccrf: 0.588083116 0.411864406 0.000052478
J:/cccrfcrc: 0.000000000 0.623010233 0.376989767
J:/cccrfcrf: 0.000000000 0.503190449 0.496809551
J:/cccrr: 0.000000000 0.184752316 0.815247684
J:/ccrcc: 0.046660416 0.565539762 0.387799822
J:/ccrcf: 0.712300135 0.122849802 0.164850063
J:/ccrcr: 0.000000000 0.487248754 0.512751246
J:/ccrfc: 0.210736043 0.293776977 0.495486980
J:/ccrff: 0.000000000 0.000000000 1.000000000
J:/ccrfr: 0.000000000 0.000000000 1.000000000
J:/ccrrc: 0.000000000 0.189570157 0.810429843
J:/ccrrf: 0.000000000 0.453106470 0.546893530
J:/crccr: 0.000000000 0.191628454 0.808371546
J:/crcfr: 0.000000000 0.199673642 0.800326358
J:/crcrc: 0.000000000 0.009578225 0.990421775
J:/crcrf: 0.000000000 0.049592692 0.950407308
J:/crfcr: 0.000000000 0.267743345 0.732256655
J:/crffr: 0.000000000 0.767522205 0.232477795
J:/crfrc: 0.000000000 0.000000000 1.000000000
J:/crfrf: 0.000000000 0.520723103 0.479276897
J:/crrcc: 0.000000000 0.000000000 1.000000000
J:/crrcf: 0.000000000 0.000000000 1.000000000
J:/crrfc: 0.000000000 0.187715900 0.812284100
J:/crrff: 0.000000000 0.232879470 0.767120530
J:/r: 0.000000000 0.000000000 1.000000000
J:/rccrc: 0.000000000 0.538475818 0.461524182
J:/rccrf: 0.000000000 0.485459788 0.514540212
J:/rcfrc: 0.000000000 0.056759975 0.943240025
J:/rcfrf: 0.000000000 0.618092527 0.381907473
J:/rcrcc: 0.000000000 0.154999379 0.845000621
J:/rcrcf: 0.000000000 0.777278536 0.222721464
J:/rcrfc: 0.000000000 0.557618969 0.442381031
J:/rcrff: 0.000000000 0.224913663 0.775086337
K:/c: 0.000000000 1.000000000 0.000000000
K:/cccrc: 0.401402601 0.570170110 0.028427288
K:/cccrccrcc: 0.000000000 0.228885217 0.771114783
K:/cccrccrcf: 0.000000000 0.469084064 0.530915936
K:/cccrccrfc: 0.000000000 0.317887603 0.682112397
K:/cccrccrff: 0.000000000 0.392687871 0.607312129
K:/cccrf: 0.456513295 0.543434455 0.000052250
K:/cccrfcrc: 0.000000000 0.090539622 0.909460378
K:/cccrfcrf: 0.000000000 0.149227213 0.850772787
K:/cccrr: 0.000000000 0.856424336 0.143575664
K:/ccrcc: 0.156745595 0.727607970 0.115646435
K:/ccrcf: 0.303577688 0.232717306 0.463705005
K:/ccrcr: 0.000000000 0.285744485 0.714255515
K:/ccrfc: 0.229070025 0.415638031 0.355291944
K:/ccrff: 0.000000000 0.000000000 1.000000000
K:/ccrfr: 0.000000000 0.000000000 1.000000000
K:/ccrrc: 0.000000000 0.079362648 0.920637352
K:/ccrrf: 0.000000000 0.071469555 0.928530445
K:/crccr: 0.000000000 0.622431295 0.377568705
K:/crcfr: 0.000000000 0.921601598 0.078398402
K:/crcrc: 0.000000000 0.191751602 0.808248398
K:/crcrf: 0.000000000 0.207017722 0.792982278
K:/crfcr: 0.000000000 0.251980038 0.748019962
K:/crffr: 0.000000000 0.393539785 0.606460215
K:/crfrc: 0.000000000 0.041196421 0.958803579
K:/crfrf: 0.000000000 0.485802796 0.514197204
K:/crrcc: 0.000000000 0.000000000 1.000000000
K:/crrcf: 0.000000000 0.000000000 1.000000000
K:/crrfc: 0.000000000 0.000000000 1.000000000
K:/crrff: 0.000000000 0.000000000 1.000000000
K:/r: 0.000000000 0.000000000 1.000000000
K:/rccrc: 0.000000000 0.525416991 0.474583009
K:/rccrf: 0.000000000 0.608590816 0.391409184
K:/rcfrc: 0.000000000 0.549122280 0.450877720
K:/rcfrf: 0.000000000 0.221332578 0.778667422
K:/rcrcc: 0.000000000 0.000000000 1.000000000
K:/rcrcf: 0.000000000 0.999999825 0.000000175
K:/rcrfc: 0.000000000 0.960977653 0.039022347
K:/rcrff: 0.000000000 0.700277942 0.299722058
Q:/c: 0.000118604 0.999881396 0.000000000
Q:/cccrc: 0.000000000 0.546215975 0.453784025
Q:/cccrccrcc: 0.000000000 0.680045772 0.319954228
Q:/cccrccrcf: 0.000000000 0.537843278 0.462156722
Q:/cccrccrfc: 0.000000000 0.876825144 0.123174856
Q:/cccrccrff: 0.000000000 0.222172246 0.777827754
Q:/cccrf: 0.151239795 0.848707836 0.000052369
Q:/cccrfcrc: 0.000000000 0.441888922 0.558111078
Q:/cccrfcrf: 0.000000000 0.520655763 0.479344237
Q:/cccrr: 0.000000000 0.394136475 0.605863525
Q:/ccrcc: 0.168926197 0.428571539 0.402502264
Q:/ccrcf: 0.305551016 0.436636019 0.257812965
Q:/ccrcr: 0.000000000 0.416969162 0.583030838
Q:/ccrfc: 0.354902727 0.422889324 0.222207948
Q:/ccrff: 0.000000000 0.000000000 1.000000000
Q:/ccrfr: 0.000000000 0.000000000 1.000000000
Q:/ccrrc: 0.000000000 0.471279836 0.528720164
Q:/ccrrf: 0.000000000 0.341236190 0.658763810
Q:/crccr: 0.000000000 0.109187443 0.890812557
Q:/crcfr: 0.000000000 0.356378145 0.643621855
Q:/crcrc: 0.000000000 0.347021477 0.652978523
Q:/crcrf: 0.000000000 0.161610077 0.838389923
Q:/crfcr: 0.000000000 0.141516735 0.858483265
Q:/crffr: 0.000000000 0.000000000 1.000000000
Q:/crfrc: 0.000000000 0.000000000 1.000000000
Q:/crfrf: 0.000000000 0.429048992 0.570951008
Q:/crrcc: 0.000000000 0.000000000 1.000000000
Q:/crrcf: 0.000000000 0.000000000 1.000000000
Q:/crrfc: 0.000000000 0.309727866 0.690272134
Q:/crrff: 0.000000000 0.017176684 0.982823316
Q:/r: 0.000000000 0.000000000 1.000000000
Q:/rccrc: 0.000000000 0.340026218 0.659973782
Q:/rccrf: 0.000000000 0.190468245 0.809531755
Q:/rcfrc: 0.000000000 0.000000000 1.000000000
Q:/rcfrf: 0.000000000 0.439760484 0.560239516
Q:/rcrcc: 0.000000000 0.590975281 0.409024719
Q:/rcrcf: 0.000000000 0.678071964 0.321928036
Q:/rcrfc: 0.000000000 0.745303819 0.254696181
Q:/rcrff: 0.000000000 0.721968477 0.278031523
T:/c: 0.000000000 1.000000000 0.000000000
T:/cccrc: 0.000000000 0.593284972 0.406715028
T:/cccrccrcc: 0.000000000 0.436137148 0.563862852
T:/cccrccrcf: 0.000000000 0.729098691 0.270901309
T:/cccrccrfc: 0.000000000 0.056123847 0.943876153
T:/cccrccrff: 0.000000000 0.515290397 0.484709603
T:/cccrf: 0.530680449 0.162619557 0.306699994
T:/cccrfcrc: 0.000000000 0.156329150 0.843670850
T:/cccrfcrf: 0.000000000 0.303130253 0.696869747
T:/cccrr: 0.000000000 0.144475105 0.855524895
T:/ccrcc: 0.465454293 0.320164926 0.214380782
T:/ccrcf: 0.085959666 0.516337605 0.397702729
T:/ccrcr: 0.000000000 0.367711271 0.632288729
T:/ccrfc: 0.408491369 0.107807688 0.483700943
T:/ccrff: 0.000000000 0.000000000 1.000000000
T:/ccrfr: 0.000000000 0.000000000 1.000000000
T:/ccrrc: 0.000000000 0.537955711 0.462044289
T:/ccrrf: 0.000000000 0.488409379 0.511590621
T:/crccr: 0.000000000 0.016110458 0.983889542
T:/crcfr: 0.000000000 0.411404761 0.588595239
T:/crcrc: 0.000000000 0.000000000 1.000000000
T:/crcrf: 0.000000000 0.181861711 0.818138289
T:/crfcr: 0.000000000 0.000000000 1.000000000
T:/crffr: 0.000000000 0.737317195 0.262682805
T:/crfrc: 0.000000000 0.000000000 1.000000000
T:/crfrf: 0.000000000 0.897547504 0.102452496
T:/crrcc: 0.000000000 0.000000000 1.000000000
T:/crrcf: 0.000000000 0.000000000 1.000000000
T:/crrfc: 0.000000000 0.798263529 0.201736471
T:/crrff: 0.000000000 0.675470238 0.324529762
T:/r: 0.000000000 0.000000000 1.000000000
T:/rccrc: 0.000000000 0.428127565 0.571872435
T:/rccrf: 0.000000000 0.214301361 0.785698639
T:/rcfrc: 0.000000000 0.042709568 0.957290432
T:/rcfrf: 0.000000000 0.263209903 0.736790097
T:/rcrcc: 0.000000000 0.096485239 0.903514761
T:/rcrcf: 0.000000000 0.180127090 0.819872910
T:/rcrfc: 0.000000000 0.130045618 0.869954382
T:/rcrff: 0.000000000 0.833294627 0.166705373
