A:/cc: 0.008205538 0.991794462 0.000000000
A:/cccrcc: 0.319012790 0.463539405 0.217447805
A:/cccrcf: 0.535201693 0.464715294 0.000083014
A:/cccrcr: 0.000000000 0.808388085 0.191611915
A:/cccrfc: 0.572749863 0.200374073 0.226876065
A:/cccrff: 0.622445249 0.375224328 0.002330424
A:/cccrfr: 0.000000000 0.797516961 0.202483039
A:/cccrrc: 0.000000000 0.656749783 0.343250217
A:/cccrrf: 0.000000000 0.673896701 0.326103299
A:/ccrccr: 0.000000000 1.000000000 0.000000000
A:/ccrcfr: 0.000000000 0.999999999 0.000000001
A:/ccrcrc: 0.000000000 1.000000000 0.000000000
A:/ccrcrf: 0.000000000 1.000000000 0.000000000
A:/ccrfcr: 0.000000000 0.000000000 1.000000000
A:/ccrffr: 0.000000000 0.999998578 0.000001422
A:/ccrfrc: 0.000000000 1.000000000 0.000000000
A:/ccrfrf: 0.000000000 0.383638386 0.616361614
A:/ccrrcc: 0.000000000 0.999996092 0.000003908
A:/ccrrcf: 0.000000000 0.997290856 0.002709144
A:/ccrrfc: 0.000000000 0.731648845 0.268351155
A:/ccrrff: 0.000000000 0.999999753 0.000000247
A:/cr: 0.663121454 0.336878352 0.000000195
A:/crccrc: 0.000000000 0.710815172 0.289184828
A:/crccrf: 0.000000000 0.435091140 0.564908860
A:/crcfrc: 0.000000000 0.381434652 0.618565348
A:/crcfrf: 0.000000000 0.755046605 0.244953395
A:/crcrcc: 0.000000000 0.958129635 0.041870365
A:/crcrcf: 0.000000000 0.677271723 0.322728277
A:/crcrfc: 0.000000000 0.905214420 0.094785580
A:/crcrff: 0.000000000 0.702956449 0.297043551
A:/rc: 0.418645873 0.143052657 0.438301470
A:/rccrcc: 0.000000000 0.595733006 0.404266994
A:/rccrcf: 0.000000000 0.148291664 0.851708336
A:/rccrfc: 0.000000000 0.552350397 0.447649603
A:/rccrff: 0.000000000 0.526896332 0.473103668
A:/rf: 0.640444600 0.284746107 0.074809293
A:/rfcrc: 0.000000000 0.729388125 0.270611875
A:/rfcrf: 0.000000000 0.585026728 0.414973272
A:/rr: 0.000000000 0.491522759 0.508477241
J:/cc: 0.000000000 1.000000000 0.000000000
J:/cccrcc: 0.104285167 0.160924499 0.734790333
J:/cccrcf: 0.128426503 0.490205677 0.381367820
J:/cccrcr: 0.000000000 0.421850012 0.578149988
J:/cccrfc: 0.000000000 0.000000000 1.000000000
J:/cccrff: 0.000076656 0.000000000 0.999923344
J:/cccrfr: 0.000000000 0.000000000 1.000000000
J:/cccrrc: 0.000000000 0.463737946 0.536262054
J:/cccrrf: 0.000000000 0.618240541 0.381759459
J:/ccrccr: 0.000000000 0.659912802 0.340087198
J:/ccrcfr: 0.000000000 0.411267382 0.588732618
J:/ccrcrc: 0.000000000 0.183752511 0.816247489
J:/ccrcrf: 0.000000000 0.260378730 0.739621270
J:/ccrfcr: 0.000000000 0.999541737 0.000458263
J:/ccrffr: 0.000000000 0.175990185 0.824009815
J:/ccrfrc: 0.000000000 0.000000000 1.000000000
J:/ccrfrf: 0.000000000 0.585257912 0.414742088
J:/ccrrcc: 0.000000000 0.000000000 1.000000000
J:/ccrrcf: 0.000000000 0.000000000 1.000000000
J:/ccrrfc: 0.000000000 0.564636244 0.435363756
J:/ccrrff: 0.000000000 0.841251196 0.158748804
J:/cr: 0.000007699 0.000000000 0.999992301
J:/crccrc: 0.000000000 0.479169874 0.520830126
J:/crccrf: 0.000000000 0.936065486 0.063934514
J:/crcfrc: 0.000000000 0.328749384 0.671250616
J:/crcfrf: 0.000000000 0.431568653 0.568431347
J:/crcrcc: 0.000000000 0.000001516 0.999998484
J:/crcrcf: 0.000000000 0.411706909 0.588293091
J:/crcrfc: 0.000000000 0.000000466 0.999999534
J:/crcrff: 0.000000000 0.720412623 0.279587377
J:/rc: 0.003095687 0.297216269 0.699688044
J:/rccrcc: 0.000000000 0.699895605 0.300104395
J:/rccrcf: 0.000000000 0.781781263 0.218218737
J:/rccrfc: 0.000000000 0.570092029 0.429907971
J:/rccrff: 0.000000000 0.627433234 0.372566766
J:/rf: 0.782867341 0.217132659 0.000000000
J:/rfcrc: 0.000000000 0.408176103 0.591823897
J:/rfcrf: 0.000000000 0.458488521 0.541511479
J:/rr: 0.000000000 0.711211266 0.288788734
K:/cc: 0.000000000 1.000000000 0.000000000
K:/cccrcc: 0.013453381 0.583940743 0.402605877
K:/cccrcf: 0.179490220 0.757626022 0.062883758
K:/cccrcr: 0.000000000 0.725865901 0.274134099
K:/cccrfc: 0.000058057 0.000000036 0.999941907
K:/cccrff: 0.000076602 0.000000000 0.999923398
K:/cccrfr: 0.000000000 0.000109049 0.999890951
K:/cccrrc: 0.000000000 0.315756502 0.684243498
K:/cccrrf: 0.000000000 0.395997360 0.604002640
K:/ccrccr: 0.000000000 0.320868056 0.679131944
K:/ccrcfr: 0.000000000 0.411175396 0.588824604
K:/ccrcrc: 0.000000000 0.674352125 0.325647875
K:/ccrcrf: 0.000000000 0.424961610 0.575038390
K:/ccrfcr: 0.000000000 0.999082703 0.000917297
K:/ccrffr: 0.000000000 0.292104307 0.707895693
K:/ccrfrc: 0.000000000 0.000000000 1.000000000
K:/ccrfrf: 0.000000000 0.856136857 0.143863143
K:/ccrrcc: 0.000000000 0.003545803 0.996454197
K:/ccrrcf: 0.000000000 0.196168408 0.803831592
K:/ccrrfc: 0.000000000 0.927647655 0.072352345
K:/ccrrff: 0.000000000 0.392515258 0.607484742
K:/cr: 0.000001139 0.000000000 0.999998861
K:/crccrc: 0.000000000 0.280997603 0.719002397
K:/crccrf: 0.000000000 0.837552929 0.162447071
K:/crcfrc: 0.000000000 0.334532040 0.665467960
K:/crcfrf: 0.000000000 0.346958113 0.653041887
K:/crcrcc: 0.000000000 0.561880400 0.438119600
K:/crcrcf: 0.000000000 0.911216969 0.088783031
K:/crcrfc: 0.000000000 0.000000570 0.999999430
K:/crcrff: 0.000000000 0.999999744 0.000000256
K:/rc: 0.225707881 0.398789678 0.375502442
K:/rccrcc: 0.000000000 0.243441258 0.756558742
K:/rccrcf: 0.000000000 0.259938725 0.740061275
K:/rccrfc: 0.000000000 0.871340832 0.128659168
K:/rccrff: 0.000000000 0.719765160 0.280234840
K:/rf: 0.693246662 0.306753338 0.000000000
K:/rfcrc: 0.000000000 0.608237723 0.391762277
K:/rfcrf: 0.000000000 0.546857670 0.453142330
K:/rr: 0.000000000 0.417757676 0.582242324
Q:/cc: 0.000000000 1.000000000 0.000000000
Q:/cccrcc: 0.026659680 0.506022400 0.467317920
Q:/cccrcf: 0.081558342 0.252034822 0.666406836
Q:/cccrcr: 0.000000000 0.408064198 0.591935802
Q:/cccrfc: 0.000000000 0.000000000 1.000000000
Q:/cccrff: 0.000076645 0.000000000 0.999923355
Q:/cccrfr: 0.000000000 0.000000000 1.000000000
Q:/cccrrc: 0.000000000 0.701341790 0.298658210
Q:/cccrrf: 0.000000000 0.175802234 0.824197766
Q:/ccrccr: 0.000000000 0.355283795 0.644716205
Q:/ccrcfr: 0.000000000 0.527521872 0.472478128
Q:/ccrcrc: 0.000000000 0.668693506 0.331306494
Q:/ccrcrf: 0.000000000 0.118555858 0.881444142
Q:/ccrfcr: 0.000000000 0.999283654 0.000716346
Q:/ccrffr: 0.000000000 0.598751366 0.401248634
Q:/ccrfrc: 0.000000000 0.000000000 1.000000000
Q:/ccrfrf: 0.000000000 0.450299789 0.549700211
Q:/ccrrcc: 0.000000000 0.164073337 0.835926663
Q:/ccrrcf: 0.000000000 0.262588599 0.737411401
Q:/ccrrfc: 0.000000000 0.000060038 0.999939962
Q:/ccrrff: 0.000000000 0.000000000 1.000000000
Q:/cr: 0.000007138 0.000000000 0.999992862
Q:/crccrc: 0.000000000 0.203729185 0.796270815
Q:/crccrf: 0.000000000 0.068503366 0.931496634
Q:/crcfrc: 0.000000000 0.310094686 0.689905314
Q:/crcfrf: 0.000000000 0.899518847 0.100481153
Q:/crcrcc: 0.000000000 0.270610100 0.729389900
Q:/crcrcf: 0.000000000 0.840020477 0.159979523
Q:/crcrfc: 0.000000000 0.000000000 1.000000000
Q:/crcrff: 0.000000000 0.936276933 0.063723067
Q:/rc: 0.319133340 0.547660250 0.133206410
Q:/rccrcc: 0.000000000 0.632336096 0.367663904
Q:/rccrcf: 0.000000000 0.968758794 0.031241206
Q:/rccrfc: 0.000000000 0.588996410 0.411003590
Q:/rccrff: 0.000000000 0.709242379 0.290757621
Q:/rf: 0.838199744 0.161800256 0.000000000
Q:/rfcrc: 0.000000000 0.734568444 0.265431556
Q:/rfcrf: 0.000000000 0.718107886 0.281892114
Q:/rr: 0.000000000 0.035730953 0.964269047
T:/cc: 0.000000000 1.000000000 0.000000000
T:/cccrcc: 0.000000000 0.458475020 0.541524980
T:/cccrcf: 0.171812359 0.361843995 0.466343646
T:/cccrcr: 0.000000000 0.542728662 0.457271338
T:/cccrfc: 0.000000000 0.000000000 1.000000000
T:/cccrff: 0.326770148 0.260312226 0.412917626
T:/cccrfr: 0.000000000 0.000000000 1.000000000
T:/cccrrc: 0.000000000 0.309487317 0.690512683
T:/cccrrf: 0.000000000 0.507649993 0.492350007
T:/ccrccr: 0.000000000 0.469908399 0.530091601
T:/ccrcfr: 0.000000000 0.000010893 0.999989107
T:/ccrcrc: 0.000000000 0.579040073 0.420959927
T:/ccrcrf: 0.000000000 0.180352941 0.819647059
T:/ccrfcr: 0.000000000 0.999658238 0.000341762
T:/ccrffr: 0.000000000 0.000000000 1.000000000
T:/ccrfrc: 0.000000000 0.000000000 1.000000000
T:/ccrfrf: 0.000000000 0.617210424 0.382789576
T:/ccrrcc: 0.000000000 0.121868931 0.878131069
T:/ccrrcf: 0.000000000 0.063892058 0.936107942
T:/ccrrfc: 0.000000000 0.129129187 0.870870813
T:/ccrrff: 0.000000000 0.366061661 0.633938339
T:/cr: 0.000012332 0.000000000 0.999987668
T:/crccrc: 0.000000000 0.171812825 0.828187175
T:/crccrf: 0.000000000 0.481934739 0.518065261
T:/crcfrc: 0.000000000 0.199599716 0.800400284
T:/crcfrf: 0.000000000 0.375011312 0.624988688
T:/crcrcc: 0.000000000 0.157471157 0.842528843
T:/crcrcf: 0.000000000 0.353526809 0.646473191
T:/crcrfc: 0.000000000 0.000000000 1.000000000
T:/crcrff: 0.000000000 0.468110121 0.531889879
T:/rc: 0.192823616 0.380076214 0.427100170
T:/rccrcc: 0.000000000 0.834645753 0.165354247
T:/rccrcf: 0.000000000 0.771133026 0.228866974
T:/rccrfc: 0.000000000 0.147902358 0.852097642
T:/rccrff: 0.000000000 0.807808627 0.192191373
T:/rf: 0.602970158 0.397029842 0.000000000
T:/rfcrc: 0.000000000 0.380423709 0.619576291
T:/rfcrf: 0.000000000 0.082920809 0.917079191
T:/rr: 0.000000000 0.421011362 0.578988638
