A:/ccc: 0.007786065 0.992213935 0.000000000
A:/cccrccr: 0.000000000 0.719132647 0.280867353
A:/cccrcfr: 0.000000000 0.762549297 0.237450703
A:/cccrcrc: 0.000000000 0.899810186 0.100189814
A:/cccrcrf: 0.000000000 0.843694782 0.156305218
A:/cccrfcr: 0.000000000 0.990052188 0.009947812
A:/cccrffr: 0.000000000 0.713296429 0.286703571
A:/cccrfrc: 0.000000000 1.000000000 0.000000000
A:/cccrfrf: 0.000000000 0.795705048 0.204294952
A:/cccrrcc: 0.000000000 0.402618178 0.597381822
A:/cccrrcf: 0.000000000 0.772859480 0.227140520
A:/cccrrfc: 0.000000000 0.718630261 0.281369739
A:/cccrrff: 0.000000000 0.985571275 0.014428725
A:/ccr: 0.904210461 0.095724440 0.000065099
A:/ccrccrc: 0.000000000 0.349303773 0.650696227
A:/ccrccrf: 0.000000000 0.756663158 0.243336842
A:/ccrcfrc: 0.000000000 0.535468694 0.464531306
A:/ccrcfrf: 0.000000000 0.860226087 0.139773913
A:/ccrcrcc: 0.000000000 0.912383211 0.087616789
A:/ccrcrcf: 0.000000000 0.278499683 0.721500317
A:/ccrcrfc: 0.000000000 0.681884146 0.318115854
A:/ccrcrff: 0.000000000 0.766370087 0.233629913
A:/crc: 0.478608416 0.521348892 0.000042692
A:/crccrcc: 0.000000000 0.616193337 0.383806663
A:/crccrcf: 0.000000000 0.979475762 0.020524238
A:/crccrfc: 0.000000000 0.747524848 0.252475152
A:/crccrff: 0.000000000 0.692450133 0.307549867
A:/crf: 0.565625976 0.433858988 0.000515036
A:/crfcrc: 0.000000000 0.162743970 0.837256030
A:/crfcrf: 0.000000000 0.207951608 0.792048392
A:/crr: 0.000000000 0.999983639 0.000016361
A:/rcc: 0.460287598 0.391362612 0.148349789
A:/rcf: 0.218884333 0.185886737 0.595228929
A:/rcr: 0.000000000 0.157600500 0.842399500
A:/rfc: 0.415834691 0.402019419 0.182145890
A:/rff: 0.503887467 0.250542776 0.245569756
A:/rfr: 0.000000000 0.868814996 0.131185004
A:/rrc: 0.000000000 0.280922148 0.719077852
A:/rrf: 0.000000000 0.628849718 0.371150282
J:/ccc: 0.001539181 0.998460819 0.000000000
J:/cccrccr: 0.000000000 0.162382729 0.837617271
J:/cccrcfr: 0.000000000 0.347771581 0.652228419
J:/cccrcrc: 0.000000000 1.000000000 0.000000000
J:/cccrcrf: 0.000000000 0.148762721 0.851237279
J:/cccrfcr: 0.000000000 0.000006352 0.999993648
J:/cccrffr: 0.000000000 0.000000000 1.000000000
J:/cccrfrc: 0.000000000 0.000000000 1.000000000
J:/cccrfrf: 0.000000000 0.464518563 0.535481437
J:/cccrrcc: 0.000000000 0.000000000 1.000000000
J:/cccrrcf: 0.000000000 0.000019305 0.999980695
J:/cccrrfc: 0.000000000 0.513454777 0.486545223
J:/cccrrff: 0.000000000 0.553506615 0.446493385
J:/ccr: 0.000000000 0.000000000 1.000000000
J:/ccrccrc: 0.000000000 0.329289363 0.670710637
J:/ccrccrf: 0.000000000 0.157923165 0.842076835
J:/ccrcfrc: 0.000000000 0.503284472 0.496715528
J:/ccrcfrf: 0.000000000 0.380630697 0.619369303
J:/ccrcrcc: 0.000000000 0.553928801 0.446071199
J:/ccrcrcf: 0.000000000 0.301413036 0.698586964
J:/ccrcrfc: 0.000000000 0.000000000 1.000000000
J:/ccrcrff: 0.000000000 0.421796742 0.578203258
J:/crc: 0.000645776 0.499909074 0.499445149
J:/crccrcc: 0.000000000 0.882712519 0.117287481
J:/crccrcf: 0.000000000 0.387829963 0.612170037
J:/crccrfc: 0.000000000 0.441451109 0.558548891
J:/crccrff: 0.000000000 0.432003563 0.567996437
J:/crf: 0.358038426 0.214388951 0.427572623
J:/crfcrc: 0.000000000 0.705518403 0.294481597
J:/crfcrf: 0.000000000 0.884315417 0.115684583
J:/crr: 0.000000000 0.670621282 0.329378718
J:/rcc: 0.361672196 0.328411706 0.309916098
J:/rcf: 0.159709265 0.505306126 0.334984609
J:/rcr: 0.000000000 0.941880544 0.058119456
J:/rfc: 0.000043264 0.000000000 0.999956736
J:/rff: 0.010491687 0.146030604 0.843477710
J:/rfr: 0.000000000 0.000066528 0.999933472
J:/rrc: 0.000000000 0.108188694 0.891811306
J:/rrf: 0.000000000 0.596714329 0.403285671
K:/ccc: 0.000000000 1.000000000 0.000000000
K:/cccrccr: 0.000000000 0.930420897 0.069579103
K:/cccrcfr: 0.000000000 0.710559283 0.289440717
K:/cccrcrc: 0.000000000 0.868310164 0.131689836
K:/cccrcrf: 0.000000000 0.103273874 0.896726126
K:/cccrfcr: 0.000000000 0.000011020 0.999988980
K:/cccrffr: 0.000000000 0.999682239 0.000317761
K:/cccrfrc: 0.000000000 0.000000000 1.000000000
K:/cccrfrf: 0.000000000 0.950998999 0.049001001
K:/cccrrcc: 0.000000000 0.000000000 1.000000000
K:/cccrrcf: 0.000000000 0.369794799 0.630205201
K:/cccrrfc: 0.000000000 0.000000000 1.000000000
K:/cccrrff: 0.000000000 0.169644341 0.830355659
K:/ccr: 0.000000000 0.000000000 1.000000000
K:/ccrccrc: 0.000000000 0.403647217 0.596352783
K:/ccrccrf: 0.000000000 0.574921293 0.425078707
K:/ccrcfrc: 0.000000000 0.130909046 0.869090954
K:/ccrcfrf: 0.000000000 0.618903900 0.381096100
K:/ccrcrcc: 0.000000000 0.199253096 0.800746904
K:/ccrcrcf: 0.000000000 0.557855830 0.442144170
K:/ccrcrfc: 0.000000000 0.000000000 1.000000000
K:/ccrcrff: 0.000000000 0.489785169 0.510214831
K:/crc: 0.423378254 0.223447967 0.353173779
K:/crccrcc: 0.000000000 0.527783764 0.472216236
K:/crccrcf: 0.000000000 0.493203025 0.506796975
K:/crccrfc: 0.000000000 0.893096125 0.106903875
K:/crccrff: 0.000000000 0.516047320 0.483952680
K:/crf: 0.919709941 0.079843920 0.000446139
K:/crfcrc: 0.000000000 0.592414460 0.407585540
K:/crfcrf: 0.000000000 0.369848675 0.630151325
K:/crr: 0.000000000 0.920996396 0.079003604
K:/rcc: 0.613051630 0.097587842 0.289360528
K:/rcf: 0.501555849 0.436701319 0.061742831
K:/rcr: 0.000000000 0.289857539 0.710142461
K:/rfc: 0.000221336 0.000002182 0.999776482
K:/rff: 0.048260045 0.305196854 0.646543100
K:/rfr: 0.000000000 0.000060562 0.999939438
K:/rrc: 0.000000000 0.369920149 0.630079851
K:/rrf: 0.000000000 0.214991655 0.785008345
Q:/ccc: 0.001430920 0.998569080 0.000000000
Q:/cccrccr: 0.000000000 0.553315158 0.446684842
Q:/cccrcfr: 0.000000000 0.809653643 0.190346357
Q:/cccrcrc: 0.000000000 0.999980895 0.000019105
Q:/cccrcrf: 0.000000000 0.168635656 0.831364344
Q:/cccrfcr: 0.000000000 0.075143823 0.924856177
Q:/cccrffr: 0.000000000 0.559072494 0.440927506
Q:/cccrfrc: 0.000000000 0.000000000 1.000000000
Q:/cccrfrf: 0.000000000 0.424893850 0.575106150
Q:/cccrrcc: 0.000000000 0.000000000 1.000000000
Q:/cccrrcf: 0.000000000 0.000035546 0.999964454
Q:/cccrrfc: 0.000000000 0.291218397 0.708781603
Q:/cccrrff: 0.000000000 0.347679707 0.652320293
Q:/ccr: 0.000000000 0.000000000 1.000000000
Q:/ccrccrc: 0.000000000 0.088814789 0.911185211
Q:/ccrccrf: 0.000000000 0.824502347 0.175497653
Q:/ccrcfrc: 0.000000000 0.642241369 0.357758631
Q:/ccrcfrf: 0.000000000 0.331116904 0.668883096
Q:/ccrcrcc: 0.000000000 0.139756683 0.860243317
Q:/ccrcrcf: 0.000000000 0.619762382 0.380237618
Q:/ccrcrfc: 0.000000000 0.169684017 0.830315983
Q:/ccrcrff: 0.000000000 0.749676720 0.250323280
Q:/crc: 0.432949166 0.507394904 0.059655930
Q:/crccrcc: 0.000000000 0.407971208 0.592028792
Q:/crccrcf: 0.000000000 0.431950509 0.568049491
Q:/crccrfc: 0.000000000 0.586590888 0.413409112
Q:/crccrff: 0.000000000 0.632966373 0.367033627
Q:/crf: 0.710473886 0.289526058 0.000000057
Q:/crfcrc: 0.000000000 0.246067378 0.753932622
Q:/crfcrf: 0.000000000 0.159914821 0.840085179
Q:/crr: 0.000000000 0.435154124 0.564845876
Q:/rcc: 0.044971582 0.458637778 0.496390640
Q:/rcf: 0.029955177 0.470766908 0.499277915
Q:/rcr: 0.000000000 0.779335344 0.220664656
Q:/rfc: 0.000150438 0.000000314 0.999849248
Q:/rff: 0.155817811 0.312863113 0.531319076
Q:/rfr: 0.000000000 0.000062653 0.999937347
Q:/rrc: 0.000000000 0.427074130 0.572925870
Q:/rrf: 0.000000000 0.803566929 0.196433071
T:/ccc: 0.001594077 0.998405923 0.000000000
T:/cccrccr: 0.000000000 0.006738108 0.993261892
T:/cccrcfr: 0.000000000 0.203596874 0.796403126
T:/cccrcrc: 0.000000000 0.930482953 0.069517047
T:/cccrcrf: 0.000000000 0.861204408 0.138795592
T:/cccrfcr: 0.000000000 0.000000000 1.000000000
T:/cccrffr: 0.000000000 1.000000000 0.000000000
T:/cccrfrc: 0.000000000 0.000000000 1.000000000
T:/cccrfrf: 0.000000000 0.301867358 0.698132642
T:/cccrrcc: 0.000000000 0.000000000 1.000000000
T:/cccrrcf: 0.000000000 0.000013922 0.999986078
T:/cccrrfc: 0.000000000 0.579603087 0.420396913
T:/cccrrff: 0.000000000 0.850430064 0.149569936
T:/ccr: 0.000000000 0.000000000 1.000000000
T:/ccrccrc: 0.000000000 0.791289548 0.208710452
T:/ccrccrf: 0.000000000 0.873176302 0.126823698
T:/ccrcfrc: 0.000000000 0.133344794 0.866655206
T:/ccrcfrf: 0.000000000 0.363424138 0.636575862
T:/ccrcrcc: 0.000000000 0.294247965 0.705752035
T:/ccrcrcf: 0.000000000 0.195167206 0.804832794
T:/ccrcrfc: 0.000000000 0.060403441 0.939596559
T:/ccrcrff: 0.000000000 0.495967436 0.504032564
T:/crc: 0.575234567 0.045302157 0.379463276
T:/crccrcc: 0.000000000 0.493056264 0.506943736
T:/crccrcf: 0.000000000 0.592801565 0.407198435
T:/crccrfc: 0.000000000 0.343193348 0.656806652
T:/crccrff: 0.000000000 0.726268084 0.273731916
T:/crf: 0.288548937 0.331136164 0.380314899
T:/crfcrc: 0.000000000 0.347007022 0.652992978
T:/crfcrf: 0.000000000 0.721753338 0.278246662
T:/crr: 0.000000000 0.036983178 0.963016822
T:/rcc: 0.311110829 0.287740548 0.401148623
T:/rcf: 0.681744720 0.259789551 0.058465729
T:/rcr: 0.000000000 0.762266554 0.237733446
T:/rfc: 0.000000000 0.000000000 1.000000000
T:/rff: 0.132424613 0.423689458 0.443885929
T:/rfr: 0.000000000 0.000073628 0.999926372
T:/rrc: 0.000000000 0.786136691 0.213863309
T:/rrf: 0.000000000 0.661854449 0.338145551
