A:/: 1.000000000 0.000000000 0.000000000
A:/ccr: 0.000000000 1.000000000 0.000000000
A:/crc: 0.000000000 0.995807910 0.004192090
A:/crf: 0.000000000 0.995371250 0.004628750
AJ:/ccc/: 0.624749112 0.375250888 0.000000000
AJ:/ccc/ccr: 0.000000000 1.000000000 0.000000000
AJ:/ccc/crc: 0.000000000 0.895057265 0.104942735
AJ:/ccc/crf: 0.000000000 0.861757417 0.138242583
AJ:/ccrcc/: 0.724813077 0.275186923 0.000000000
AJ:/ccrcc/ccr: 0.000000000 0.807755072 0.192244928
AJ:/ccrcc/crc: 0.000000000 0.604699304 0.395300696
AJ:/ccrcc/crf: 0.000000000 0.772184108 0.227815892
AJ:/ccrcf/: 0.868838836 0.131161164 0.000000000
AJ:/ccrcf/cr: 0.000000000 0.265611502 0.734388498
AJ:/crcc/: 0.403346627 0.596653373 0.000000000
AJ:/crcc/ccr: 0.000000000 0.177748589 0.822251411
AJ:/crcc/crc: 0.000000000 1.000000000 0.000000000
AJ:/crcc/crf: 0.000000000 0.999512006 0.000487994
AJ:/crfc/: 0.999937169 0.000062831 0.000000000
AJ:/crfc/cr: 0.000000000 0.999061159 0.000938841
AJ:/rcc/: 1.000000000 0.000000000 0.000000000
AJ:/rcc/ccr: 0.000000000 0.596183702 0.403816298
AJ:/rcc/crc: 0.000000000 0.478854113 0.521145887
AJ:/rcc/crf: 0.000000000 0.999484784 0.000515216
AJ:/rcf/: 1.000000000 0.000000000 0.000000000
AJ:/rcf/cr: 0.000000000 1.000000000 0.000000000
AJ:/rfc/: 0.145671225 0.854328775 0.000000000
AJ:/rfc/cr: 0.000000000 0.725556607 0.274443393
AK:/ccc/: 0.862763600 0.137236400 0.000000000
AK:/ccc/ccr: 0.000000000 1.000000000 0.000000000
AK:/ccc/crc: 0.000000000 0.704413778 0.295586222
AK:/ccc/crf: 0.000000000 0.863187163 0.136812837
AK:/ccrcc/: 0.793503721 0.206496279 0.000000000
AK:/ccrcc/ccr: 0.000000000 0.495444146 0.504555854
AK:/ccrcc/crc: 0.000000000 1.000000000 0.000000000
AK:/ccrcc/crf: 0.000000000 0.999985069 0.000014931
AK:/ccrcf/: 0.380278099 0.619721901 0.000000000
AK:/ccrcf/cr: 0.000000000 0.608254511 0.391745489
AK:/crcc/: 0.228463728 0.771536272 0.000000000
AK:/crcc/ccr: 0.000000000 0.018047529 0.981952471
AK:/crcc/crc: 0.000000000 0.999832789 0.000167211
AK:/crcc/crf: 0.000000000 0.999811558 0.000188442
AK:/crfc/: 0.441013012 0.558986988 0.000000000
AK:/crfc/cr: 0.000000000 0.999812603 0.000187397
AK:/rcc/: 0.454765744 0.545234256 0.000000000
AK:/rcc/ccr: 0.000000000 0.862013990 0.137986010
AK:/rcc/crc: 0.000000000 0.405573180 0.594426820
AK:/rcc/crf: 0.000000000 0.345695072 0.654304928
AK:/rcf/: 0.666888664 0.333111336 0.000000000
AK:/rcf/cr: 0.000000000 1.000000000 0.000000000
AK:/rfc/: 0.378416420 0.621583580 0.000000000
AK:/rfc/cr: 0.000000000 0.474606251 0.525393749
AQ:/ccc/: 0.356206481 0.643793519 0.000000000
AQ:/ccc/ccr: 0.000000000 1.000000000 0.000000000
AQ:/ccc/crc: 0.000000000 0.843584528 0.156415472
AQ:/ccc/crf: 0.000000000 0.768579098 0.231420902
AQ:/ccrcc/: 1.000000000 0.000000000 0.000000000
AQ:/ccrcc/ccr: 0.000000000 0.184453277 0.815546723
AQ:/ccrcc/crc: 0.000000000 0.535677685 0.464322315
AQ:/ccrcc/crf: 0.000000000 0.999886606 0.000113394
AQ:/ccrcf/: 0.845335204 0.154664796 0.000000000
AQ:/ccrcf/cr: 0.000000000 0.396435689 0.603564311
AQ:/crcc/: 0.054367119 0.945632881 0.000000000
AQ:/crcc/ccr: 0.000000000 0.999330903 0.000669097
AQ:/crcc/crc: 0.000000000 1.000000000 0.000000000
AQ:/crcc/crf: 0.000000000 0.999652562 0.000347438
AQ:/crfc/: 0.582734596 0.417265404 0.000000000
AQ:/crfc/cr: 0.000000000 0.999657331 0.000342669
AQ:/rcc/: 0.048986820 0.951013180 0.000000000
AQ:/rcc/ccr: 0.000000000 0.315917550 0.684082450
AQ:/rcc/crc: 0.000000000 0.217604259 0.782395741
AQ:/rcc/crf: 0.000000000 0.250049116 0.749950884
AQ:/rcf/: 1.000000000 0.000000000 0.000000000
AQ:/rcf/cr: 0.000000000 0.998326553 0.001673447
AQ:/rfc/: 0.615007398 0.384992602 0.000000000
AQ:/rfc/cr: 0.000000000 0.547881611 0.452118389
AT:/ccc/: 0.600967010 0.399032990 0.000000000
AT:/ccc/ccr: 0.000000000 1.000000000 0.000000000
AT:/ccc/crc: 0.000000000 0.935654462 0.064345538
AT:/ccc/crf: 0.000000000 1.000000000 0.000000000
AT:/ccrcc/: 0.705793044 0.294206956 0.000000000
AT:/ccrcc/ccr: 0.000000000 0.753249312 0.246750688
AT:/ccrcc/crc: 0.000000000 0.525949871 0.474050129
AT:/ccrcc/crf: 0.000000000 0.997808926 0.002191074
AT:/ccrcf/: 0.484214240 0.515785760 0.000000000
AT:/ccrcf/cr: 0.000000000 0.081027753 0.918972247
AT:/crcc/: 0.000404383 0.999595617 0.000000000
AT:/crcc/ccr: 0.000000000 0.531533721 0.468466279
AT:/crcc/crc: 0.000000000 0.999701774 0.000298226
AT:/crcc/crf: 0.000000000 0.998962402 0.001037598
AT:/crfc/: 0.113726959 0.886273041 0.000000000
AT:/crfc/cr: 0.000000000 0.007050590 0.992949410
AT:/rcc/: 0.000620738 0.999379262 0.000000000
AT:/rcc/ccr: 0.000000000 0.141918220 0.858081780
AT:/rcc/crc: 0.000000000 0.849681114 0.150318886
AT:/rcc/crf: 0.000000000 0.999659341 0.000340659
AT:/rcf/: 1.000000000 0.000000000 0.000000000
AT:/rcf/cr: 0.000000000 0.999437206 0.000562794
AT:/rfc/: 0.901900176 0.098099824 0.000000000
AT:/rfc/cr: 0.000000000 0.458940401 0.541059599
J:/: 0.996841640 0.003158360 0.000000000
J:/ccr: 0.000000000 0.000000000 1.000000000
J:/crc: 0.000000000 0.001086304 0.998913696
J:/crf: 0.000000000 0.998093295 0.001906705
JA:/ccc/: 0.999980960 0.000019040 0.000000000
JA:/ccc/ccr: 0.000000000 0.741458005 0.258541995
JA:/ccc/crc: 0.000000000 0.171460494 0.828539506
JA:/ccc/crf: 0.000000000 0.563298765 0.436701235
JA:/ccrcc/: 1.000000000 0.000000000 0.000000000
JA:/ccrcc/ccr: 0.000000000 0.451451457 0.548548543
JA:/ccrcc/crc: 0.000000000 0.875536049 0.124463951
JA:/ccrcc/crf: 0.000000000 0.700516859 0.299483141
JA:/ccrcf/: 0.402318318 0.597681682 0.000000000
JA:/ccrcf/cr: 0.000000000 0.948224721 0.051775279
JA:/crcc/: 0.001162026 0.998837974 0.000000000
JA:/crcc/ccr: 0.000000000 0.000233949 0.999766051
JA:/crcc/crc: 0.000000000 0.472569011 0.527430989
JA:/crcc/crf: 0.000000000 0.673193141 0.326806859
JA:/crfc/: 0.000035226 0.999964774 0.000000000
JA:/crfc/cr: 0.000000000 0.000074809 0.999925191
JA:/rcc/: 1.000000000 0.000000000 0.000000000
JA:/rcc/ccr: 0.000000000 0.649457141 0.350542859
JA:/rcc/crc: 0.000000000 0.157856215 0.842143785
JA:/rcc/crf: 0.000000000 0.000000000 1.000000000
JA:/rcf/: 0.000130299 0.999869701 0.000000000
JA:/rcf/cr: 0.000000000 0.585667990 0.414332010
JA:/rfc/: 0.585212835 0.414787165 0.000000000
JA:/rfc/cr: 0.000000000 0.730786587 0.269213413
JK:/ccc/: 1.000000000 0.000000000 0.000000000
JK:/ccc/ccr: 0.000000000 0.979728427 0.020271573
JK:/ccc/crc: 0.000000000 0.467431493 0.532568507
JK:/ccc/crf: 0.000000000 0.612292414 0.387707586
JK:/ccrcc/: 0.776402131 0.223597869 0.000000000
JK:/ccrcc/ccr: 0.000000000 0.292592454 0.707407546
JK:/ccrcc/crc: 0.000000000 0.535766043 0.464233957
JK:/ccrcc/crf: 0.000000000 0.929121609 0.070878391
JK:/ccrcf/: 0.945024117 0.054975883 0.000000000
JK:/ccrcf/cr: 0.000000000 0.682456886 0.317543114
JK:/crcc/: 1.000000000 0.000000000 0.000000000
JK:/crcc/ccr: 0.000000000 1.000000000 0.000000000
JK:/crcc/crc: 0.000000000 0.013201396 0.986798604
JK:/crcc/crf: 0.000000000 0.999550657 0.000449343
JK:/crfc/: 0.404168189 0.595831811 0.000000000
JK:/crfc/cr: 0.000000000 0.000019389 0.999980611
JK:/rcc/: 0.000000000 1.000000000 0.000000000
JK:/rcc/ccr: 0.000000000 0.219060159 0.780939841
JK:/rcc/crc: 0.000000000 0.648015363 0.351984637
JK:/rcc/crf: 0.000000000 0.630470869 0.369529131
JK:/rcf/: 0.000058608 0.999941392 0.000000000
JK:/rcf/cr: 0.000000000 0.688396463 0.311603537
JK:/rfc/: 0.557845359 0.442154641 0.000000000
JK:/rfc/cr: 0.000000000 0.786415103 0.213584897
JQ:/ccc/: 1.000000000 0.000000000 0.000000000
JQ:/ccc/ccr: 0.000000000 1.000000000 0.000000000
JQ:/ccc/crc: 0.000000000 0.525561469 0.474438531
JQ:/ccc/crf: 0.000000000 0.780351742 0.219648258
JQ:/ccrcc/: 0.898842596 0.101157404 0.000000000
JQ:/ccrcc/ccr: 0.000000000 0.752247351 0.247752649
JQ:/ccrcc/crc: 0.000000000 0.271386111 0.728613889
JQ:/ccrcc/crf: 0.000000000 0.706438106 0.293561894
JQ:/ccrcf/: 0.574889889 0.425110111 0.000000000
JQ:/ccrcf/cr: 0.000000000 0.767718139 0.232281861
JQ:/crcc/: 1.000000000 0.000000000 0.000000000
JQ:/crcc/ccr: 0.000000000 0.331938131 0.668061869
JQ:/crcc/crc: 0.000000000 0.271747047 0.728252953
JQ:/crcc/crf: 0.000000000 0.904089836 0.095910164
JQ:/crfc/: 0.572750436 0.427249564 0.000000000
JQ:/crfc/cr: 0.000000000 0.279763688 0.720236312
JQ:/rcc/: 0.000000000 1.000000000 0.000000000
JQ:/rcc/ccr: 0.000000000 0.420058277 0.579941723
JQ:/rcc/crc: 0.000000000 0.000000000 1.000000000
JQ:/rcc/crf: 0.000000000 0.238830799 0.761169201
JQ:/rcf/: 0.167152055 0.832847945 0.000000000
JQ:/rcf/cr: 0.000000000 0.000000000 1.000000000
JQ:/rfc/: 0.272693800 0.727306200 0.000000000
JQ:/rfc/cr: 0.000000000 0.184383731 0.815616269
JT:/ccc/: 1.000000000 0.000000000 0.000000000
JT:/ccc/ccr: 0.000000000 1.000000000 0.000000000
JT:/ccc/crc: 0.000000000 0.716264115 0.283735885
JT:/ccc/crf: 0.000000000 0.403224132 0.596775868
JT:/ccrcc/: 0.190325682 0.809674318 0.000000000
JT:/ccrcc/ccr: 0.000000000 0.624685772 0.375314228
JT:/ccrcc/crc: 0.000000000 0.158575003 0.841424997
JT:/ccrcc/crf: 0.000000000 0.435261726 0.564738274
JT:/ccrcf/: 0.074576443 0.925423557 0.000000000
JT:/ccrcf/cr: 0.000000000 0.657741529 0.342258471
JT:/crcc/: 0.002265887 0.997734113 0.000000000
JT:/crcc/ccr: 0.000000000 1.000000000 0.000000000
JT:/crcc/crc: 0.000000000 0.000000000 1.000000000
JT:/crcc/crf: 0.000000000 0.247976134 0.752023866
JT:/crfc/: 0.000238797 0.999761203 0.000000000
JT:/crfc/cr: 0.000000000 0.000000000 1.000000000
JT:/rcc/: 0.000124730 0.999875270 0.000000000
JT:/rcc/ccr: 0.000000000 0.638427543 0.361572457
JT:/rcc/crc: 0.000000000 0.561626306 0.438373694
JT:/rcc/crf: 0.000000000 0.381039664 0.618960336
JT:/rcf/: 0.001921475 0.998078525 0.000000000
JT:/rcf/cr: 0.000000000 0.000000000 1.000000000
JT:/rfc/: 0.238656805 0.761343195 0.000000000
JT:/rfc/cr: 0.000000000 0.557961343 0.442038657
K:/: 1.000000000 0.000000000 0.000000000
K:/ccr: 0.000000000 1.000000000 0.000000000
K:/crc: 0.000000000 0.996200677 0.003799323
K:/crf: 0.000000000 0.997543260 0.002456740
KA:/ccc/: 0.999737145 0.000262855 0.000000000
KA:/ccc/ccr: 0.000000000 1.000000000 0.000000000
KA:/ccc/crc: 0.000000000 0.853078681 0.146921319
KA:/ccc/crf: 0.000000000 0.816363575 0.183636425
KA:/ccrcc/: 0.583657021 0.416342979 0.000000000
KA:/ccrcc/ccr: 0.000000000 0.610363705 0.389636295
KA:/ccrcc/crc: 0.000000000 0.999995944 0.000004056
KA:/ccrcc/crf: 0.000000000 0.785498137 0.214501863
KA:/ccrcf/: 0.293774548 0.706225452 0.000000000
KA:/ccrcf/cr: 0.000000000 0.527151725 0.472848275
KA:/crcc/: 0.587057487 0.412942513 0.000000000
KA:/crcc/ccr: 0.000000000 0.999801572 0.000198428
KA:/crcc/crc: 0.000000000 0.999372090 0.000627910
KA:/crcc/crf: 0.000000000 0.998962922 0.001037078
KA:/crfc/: 0.132315533 0.867684467 0.000000000
KA:/crfc/cr: 0.000000000 0.999756290 0.000243710
KA:/rcc/: 0.584091417 0.415908583 0.000000000
KA:/rcc/ccr: 0.000000000 0.993747553 0.006252447
KA:/rcc/crc: 0.000000000 0.592355608 0.407644392
KA:/rcc/crf: 0.000000000 0.533163505 0.466836495
KA:/rcf/: 0.716406388 0.283593612 0.000000000
KA:/rcf/cr: 0.000000000 1.000000000 0.000000000
KA:/rfc/: 0.274816359 0.725183641 0.000000000
KA:/rfc/cr: 0.000000000 0.181591933 0.818408067
KJ:/ccc/: 0.861134833 0.138865167 0.000000000
KJ:/ccc/ccr: 0.000000000 1.000000000 0.000000000
KJ:/ccc/crc: 0.000000000 0.495544892 0.504455108
KJ:/ccc/crf: 0.000000000 0.813348218 0.186651782
KJ:/ccrcc/: 0.717298362 0.282701638 0.000000000
KJ:/ccrcc/ccr: 0.000000000 1.000000000 0.000000000
KJ:/ccrcc/crc: 0.000000000 0.530261368 0.469738632
KJ:/ccrcc/crf: 0.000000000 0.716602375 0.283397625
KJ:/ccrcf/: 0.480559954 0.519440046 0.000000000
KJ:/ccrcf/cr: 0.000000000 0.194283187 0.805716813
KJ:/crcc/: 0.001226594 0.998773406 0.000000000
KJ:/crcc/ccr: 0.000000000 0.000000000 1.000000000
KJ:/crcc/crc: 0.000000000 0.999829359 0.000170641
KJ:/crcc/crf: 0.000000000 0.999617440 0.000382560
KJ:/crfc/: 0.000000000 1.000000000 0.000000000
KJ:/crfc/cr: 0.000000000 0.999579519 0.000420481
KJ:/rcc/: 1.000000000 0.000000000 0.000000000
KJ:/rcc/ccr: 0.000000000 0.837387556 0.162612444
KJ:/rcc/crc: 0.000000000 0.791747923 0.208252077
KJ:/rcc/crf: 0.000000000 0.999865191 0.000134809
KJ:/rcf/: 0.045894549 0.954105451 0.000000000
KJ:/rcf/cr: 0.000000000 0.833986274 0.166013726
KJ:/rfc/: 0.663252178 0.336747822 0.000000000
KJ:/rfc/cr: 0.000000000 0.493846625 0.506153375
KQ:/ccc/: 0.729900969 0.270099031 0.000000000
KQ:/ccc/ccr: 0.000000000 0.475563817 0.524436183
KQ:/ccc/crc: 0.000000000 0.504556300 0.495443700
KQ:/ccc/crf: 0.000000000 0.538166849 0.461833151
KQ:/ccrcc/: 0.662638043 0.337361957 0.000000000
KQ:/ccrcc/ccr: 0.000000000 0.470761576 0.529238424
KQ:/ccrcc/crc: 0.000000000 1.000000000 0.000000000
KQ:/ccrcc/crf: 0.000000000 0.999886610 0.000113390
KQ:/ccrcf/: 0.335622525 0.664377475 0.000000000
KQ:/ccrcf/cr: 0.000000000 0.904435119 0.095564881
KQ:/crcc/: 0.001082807 0.998917193 0.000000000
KQ:/crcc/ccr: 0.000000000 0.000001372 0.999998628
KQ:/crcc/crc: 0.000000000 0.846683134 0.153316866
KQ:/crcc/crf: 0.000000000 0.999567451 0.000432549
KQ:/crfc/: 0.996485320 0.003514680 0.000000000
KQ:/crfc/cr: 0.000000000 0.999642551 0.000357449
KQ:/rcc/: 0.117539482 0.882460518 0.000000000
KQ:/rcc/ccr: 0.000000000 0.784782887 0.215217113
KQ:/rcc/crc: 0.000000000 0.796502329 0.203497671
KQ:/rcc/crf: 0.000000000 0.434822633 0.565177367
KQ:/rcf/: 0.000000000 1.000000000 0.000000000
KQ:/rcf/cr: 0.000000000 0.834238062 0.165761938
KQ:/rfc/: 0.497947926 0.502052074 0.000000000
KQ:/rfc/cr: 0.000000000 0.435995604 0.564004396
KT:/ccc/: 0.487631890 0.512368110 0.000000000
KT:/ccc/ccr: 0.000000000 1.000000000 0.000000000
KT:/ccc/crc: 0.000000000 0.333358505 0.666641495
KT:/ccc/crf: 0.000000000 0.924717573 0.075282427
KT:/ccrcc/: 0.999986878 0.000013122 0.000000000
KT:/ccrcc/ccr: 0.000000000 0.788839524 0.211160476
KT:/ccrcc/crc: 0.000000000 0.283091025 0.716908975
KT:/ccrcc/crf: 0.000000000 0.999348069 0.000651931
KT:/ccrcf/: 0.691657414 0.308342586 0.000000000
KT:/ccrcf/cr: 0.000000000 0.823901862 0.176098138
KT:/crcc/: 0.002549591 0.997450409 0.000000000
KT:/crcc/ccr: 0.000000000 1.000000000 0.000000000
KT:/crcc/crc: 0.000000000 0.000000000 1.000000000
KT:/crcc/crf: 0.000000000 0.999309417 0.000690583
KT:/crfc/: 0.276258770 0.723741230 0.000000000
KT:/crfc/cr: 0.000000000 1.000000000 0.000000000
KT:/rcc/: 0.000000000 1.000000000 0.000000000
KT:/rcc/ccr: 0.000000000 0.543742224 0.456257776
KT:/rcc/crc: 0.000000000 0.097176079 0.902823921
KT:/rcc/crf: 0.000000000 0.354426280 0.645573720
KT:/rcf/: 0.090019532 0.909980468 0.000000000
KT:/rcf/cr: 0.000000000 0.833540031 0.166459969
KT:/rfc/: 0.190154280 0.809845720 0.000000000
KT:/rfc/cr: 0.000000000 0.838283230 0.161716770
Q:/: 0.999224330 0.000775670 0.000000000
Q:/ccr: 0.000000000 0.111673412 0.888326588
Q:/crc: 0.000000000 0.000847458 0.999152542
Q:/crf: 0.000000000 0.998989000 0.001011000
QA:/ccc/: 0.000228822 0.999771178 0.000000000
QA:/ccc/ccr: 0.000000000 0.917270927 0.082729073
QA:/ccc/crc: 0.000000000 0.458248177 0.541751823
QA:/ccc/crf: 0.000000000 0.000000000 1.000000000
QA:/ccrcc/: 1.000000000 0.000000000 0.000000000
QA:/ccrcc/ccr: 0.000000000 0.586295890 0.413704110
QA:/ccrcc/crc: 0.000000000 0.722849224 0.277150776
QA:/ccrcc/crf: 0.000000000 0.728072403 0.271927597
QA:/ccrcf/: 0.454413545 0.545586455 0.000000000
QA:/ccrcf/cr: 0.000000000 0.492498902 0.507501098
QA:/crcc/: 0.000542497 0.999457503 0.000000000
QA:/crcc/ccr: 0.000000000 0.000213897 0.999786103
QA:/crcc/crc: 0.000000000 0.268924132 0.731075868
QA:/crcc/crf: 0.000000000 0.998928898 0.001071102
QA:/crfc/: 1.000000000 0.000000000 0.000000000
QA:/crfc/cr: 0.000000000 0.999690824 0.000309176
QA:/rcc/: 1.000000000 0.000000000 0.000000000
QA:/rcc/ccr: 0.000000000 0.633986626 0.366013374
QA:/rcc/crc: 0.000000000 0.338702360 0.661297640
QA:/rcc/crf: 0.000000000 0.547651689 0.452348311
QA:/rcf/: 0.237839503 0.762160497 0.000000000
QA:/rcf/cr: 0.000000000 1.000000000 0.000000000
QA:/rfc/: 0.543003178 0.456996822 0.000000000
QA:/rfc/cr: 0.000000000 0.693788207 0.306211793
QJ:/ccc/: 1.000000000 0.000000000 0.000000000
QJ:/ccc/ccr: 0.000000000 1.000000000 0.000000000
QJ:/ccc/crc: 0.000000000 0.209775855 0.790224145
QJ:/ccc/crf: 0.000000000 0.798174372 0.201825628
QJ:/ccrcc/: 0.648871375 0.351128625 0.000000000
QJ:/ccrcc/ccr: 0.000000000 0.362133299 0.637866701
QJ:/ccrcc/crc: 0.000000000 0.400774103 0.599225897
QJ:/ccrcc/crf: 0.000000000 1.000000000 0.000000000
QJ:/ccrcf/: 0.896634075 0.103365925 0.000000000
QJ:/ccrcf/cr: 0.000000000 0.386306152 0.613693848
QJ:/crcc/: 1.000000000 0.000000000 0.000000000
QJ:/crcc/ccr: 0.000000000 0.999784549 0.000215451
QJ:/crcc/crc: 0.000000000 0.186916183 0.813083817
QJ:/crcc/crf: 0.000000000 0.998730845 0.001269155
QJ:/crfc/: 0.013038536 0.986961464 0.000000000
QJ:/crfc/cr: 0.000000000 0.217273256 0.782726744
QJ:/rcc/: 1.000000000 0.000000000 0.000000000
QJ:/rcc/ccr: 0.000000000 0.967472945 0.032527055
QJ:/rcc/crc: 0.000000000 0.050247225 0.949752775
QJ:/rcc/crf: 0.000000000 0.766000857 0.233999143
QJ:/rcf/: 0.217701476 0.782298524 0.000000000
QJ:/rcf/cr: 0.000000000 0.000000000 1.000000000
QJ:/rfc/: 0.438669154 0.561330846 0.000000000
QJ:/rfc/cr: 0.000000000 0.472281103 0.527718897
QK:/ccc/: 0.601786353 0.398213647 0.000000000
QK:/ccc/ccr: 0.000000000 0.360240579 0.639759421
QK:/ccc/crc: 0.000000000 0.580348228 0.419651772
QK:/ccc/crf: 0.000000000 0.287775067 0.712224933
QK:/ccrcc/: 0.787000866 0.212999134 0.000000000
QK:/ccrcc/ccr: 0.000000000 0.643736262 0.356263738
QK:/ccrcc/crc: 0.000000000 0.892498652 0.107501348
QK:/ccrcc/crf: 0.000000000 0.999989085 0.000010915
QK:/ccrcf/: 0.956940082 0.043059918 0.000000000
QK:/ccrcf/cr: 0.000000000 0.736154083 0.263845917
QK:/crcc/: 0.999883341 0.000116659 0.000000000
QK:/crcc/ccr: 0.000000000 0.000000000 1.000000000
QK:/crcc/crc: 0.000000000 0.999570111 0.000429889
QK:/crcc/crf: 0.000000000 0.999405264 0.000594736
QK:/crfc/: 0.999714098 0.000285902 0.000000000
QK:/crfc/cr: 0.000000000 0.999714308 0.000285692
QK:/rcc/: 0.000000000 1.000000000 0.000000000
QK:/rcc/ccr: 0.000000000 0.638312360 0.361687640
QK:/rcc/crc: 0.000000000 0.010024320 0.989975680
QK:/rcc/crf: 0.000000000 0.619307762 0.380692238
QK:/rcf/: 0.861303561 0.138696439 0.000000000
QK:/rcf/cr: 0.000000000 1.000000000 0.000000000
QK:/rfc/: 0.786369428 0.213630572 0.000000000
QK:/rfc/cr: 0.000000000 0.361300317 0.638699683
QT:/ccc/: 1.000000000 0.000000000 0.000000000
QT:/ccc/ccr: 0.000000000 0.922569506 0.077430494
QT:/ccc/crc: 0.000000000 0.119926894 0.880073106
QT:/ccc/crf: 0.000000000 0.526789352 0.473210648
QT:/ccrcc/: 0.488912258 0.511087742 0.000000000
QT:/ccrcc/ccr: 0.000000000 0.633294243 0.366705757
QT:/ccrcc/crc: 0.000000000 0.656212301 0.343787699
QT:/ccrcc/crf: 0.000000000 1.000000000 0.000000000
QT:/ccrcf/: 0.394826980 0.605173020 0.000000000
QT:/ccrcf/cr: 0.000000000 0.691078070 0.308921930
QT:/crcc/: 0.001366176 0.998633824 0.000000000
QT:/crcc/ccr: 0.000000000 1.000000000 0.000000000
QT:/crcc/crc: 0.000000000 0.000000000 1.000000000
QT:/crcc/crf: 0.000000000 0.000000000 1.000000000
QT:/crfc/: 0.837683453 0.162316547 0.000000000
QT:/crfc/cr: 0.000000000 0.848081185 0.151918815
QT:/rcc/: 0.000000000 1.000000000 0.000000000
QT:/rcc/ccr: 0.000000000 0.084037424 0.915962576
QT:/rcc/crc: 0.000000000 0.170369635 0.829630365
QT:/rcc/crf: 0.000000000 0.034079926 0.965920074
QT:/rcf/: 0.309608493 0.690391507 0.000000000
QT:/rcf/cr: 0.000000000 0.000000000 1.000000000
QT:/rfc/: 0.458895144 0.541104856 0.000000000
QT:/rfc/cr: 0.000000000 0.391902179 0.608097821
T:/: 0.998171371 0.001828629 0.000000000
T:/ccr: 0.000000000 0.045900311 0.954099689
T:/crc: 0.000000000 0.004522135 0.995477865
T:/crf: 0.000000000 0.999046226 0.000953774
TA:/ccc/: 0.999743012 0.000256988 0.000000000
TA:/ccc/ccr: 0.000000000 0.656418550 0.343581450
TA:/ccc/crc: 0.000000000 0.207138669 0.792861331
TA:/ccc/crf: 0.000000000 0.228560047 0.771439953
TA:/ccrcc/: 0.999999314 0.000000686 0.000000000
TA:/ccrcc/ccr: 0.000000000 0.904311459 0.095688541
TA:/ccrcc/crc: 0.000000000 0.495902166 0.504097834
TA:/ccrcc/crf: 0.000000000 0.193732641 0.806267359
TA:/ccrcf/: 0.720519414 0.279480586 0.000000000
TA:/ccrcf/cr: 0.000000000 0.543444189 0.456555811
TA:/crcc/: 0.002269009 0.997730991 0.000000000
TA:/crcc/ccr: 0.000000000 0.000302382 0.999697618
TA:/crcc/crc: 0.000000000 0.000119427 0.999880573
TA:/crcc/crf: 0.000000000 0.000042929 0.999957071
TA:/crfc/: 0.329441841 0.670558159 0.000000000
TA:/crfc/cr: 0.000000000 1.000000000 0.000000000
TA:/rcc/: 1.000000000 0.000000000 0.000000000
TA:/rcc/ccr: 0.000000000 0.504745904 0.495254096
TA:/rcc/crc: 0.000000000 0.900028574 0.099971426
TA:/rcc/crf: 0.000000000 0.000000000 1.000000000
TA:/rcf/: 0.292865693 0.707134307 0.000000000
TA:/rcf/cr: 0.000000000 0.000000000 1.000000000
TA:/rfc/: 0.118611059 0.881388941 0.000000000
TA:/rfc/cr: 0.000000000 0.431488004 0.568511996
TJ:/ccc/: 1.000000000 0.000000000 0.000000000
TJ:/ccc/ccr: 0.000000000 0.374548748 0.625451252
TJ:/ccc/crc: 0.000000000 0.381396857 0.618603143
TJ:/ccc/crf: 0.000000000 0.822395876 0.177604124
TJ:/ccrcc/: 0.505530085 0.494469915 0.000000000
TJ:/ccrcc/ccr: 0.000000000 0.272986229 0.727013771
TJ:/ccrcc/crc: 0.000000000 0.371831368 0.628168632
TJ:/ccrcc/crf: 0.000000000 0.397327775 0.602672225
TJ:/ccrcf/: 0.789707131 0.210292869 0.000000000
TJ:/ccrcf/cr: 0.000000000 0.934675073 0.065324927
TJ:/crcc/: 0.811826757 0.188173243 0.000000000
TJ:/crcc/ccr: 0.000000000 0.999490271 0.000509729
TJ:/crcc/crc: 0.000000000 0.000000000 1.000000000
TJ:/crcc/crf: 0.000000000 0.000000000 1.000000000
TJ:/crfc/: 0.392700333 0.607299667 0.000000000
TJ:/crfc/cr: 0.000000000 0.357558607 0.642441393
TJ:/rcc/: 0.999531082 0.000468918 0.000000000
TJ:/rcc/ccr: 0.000000000 1.000000000 0.000000000
TJ:/rcc/crc: 0.000000000 0.203521553 0.796478447
TJ:/rcc/crf: 0.000000000 0.000000000 1.000000000
TJ:/rcf/: 0.110653535 0.889346465 0.000000000
TJ:/rcf/cr: 0.000000000 0.000000000 1.000000000
TJ:/rfc/: 0.031563767 0.968436233 0.000000000
TJ:/rfc/cr: 0.000000000 0.255001692 0.744998308
TK:/ccc/: 1.000000000 0.000000000 0.000000000
TK:/ccc/ccr: 0.000000000 0.506567767 0.493432233
TK:/ccc/crc: 0.000000000 0.422152099 0.577847901
TK:/ccc/crf: 0.000000000 0.200229272 0.799770728
TK:/ccrcc/: 0.576127627 0.423872373 0.000000000
TK:/ccrcc/ccr: 0.000000000 0.433016878 0.566983122
TK:/ccrcc/crc: 0.000000000 0.210913771 0.789086229
TK:/ccrcc/crf: 0.000000000 0.256102789 0.743897211
TK:/ccrcf/: 0.493400557 0.506599443 0.000000000
TK:/ccrcf/cr: 0.000000000 0.899594649 0.100405351
TK:/crcc/: 1.000000000 0.000000000 0.000000000
TK:/crcc/ccr: 0.000000000 0.999811303 0.000188697
TK:/crcc/crc: 0.000000000 0.000000000 1.000000000
TK:/crcc/crf: 0.000000000 0.000000000 1.000000000
TK:/crfc/: 0.257841694 0.742158306 0.000000000
TK:/crfc/cr: 0.000000000 0.240584541 0.759415459
TK:/rcc/: 0.000000000 1.000000000 0.000000000
TK:/rcc/ccr: 0.000000000 0.928090071 0.071909929
TK:/rcc/crc: 0.000000000 0.536044430 0.463955570
TK:/rcc/crf: 0.000000000 0.426223972 0.573776028
TK:/rcf/: 0.388944889 0.611055111 0.000000000
TK:/rcf/cr: 0.000000000 0.000000000 1.000000000
TK:/rfc/: 0.496294731 0.503705269 0.000000000
TK:/rfc/cr: 0.000000000 0.682890135 0.317109865
TQ:/ccc/: 0.968130238 0.031869762 0.000000000
TQ:/ccc/ccr: 0.000000000 0.764863922 0.235136078
TQ:/ccc/crc: 0.000000000 0.529395523 0.470604477
TQ:/ccc/crf: 0.000000000 0.671378373 0.328621627
TQ:/ccrcc/: 0.722523317 0.277476683 0.000000000
TQ:/ccrcc/ccr: 0.000000000 0.154413798 0.845586202
TQ:/ccrcc/crc: 0.000000000 0.377834206 0.622165794
TQ:/ccrcc/crf: 0.000000000 0.250788528 0.749211472
TQ:/ccrcf/: 0.254394049 0.745605951 0.000000000
TQ:/ccrcf/cr: 0.000000000 0.955202445 0.044797555
TQ:/crcc/: 1.000000000 0.000000000 0.000000000
TQ:/crcc/ccr: 0.000000000 0.999369234 0.000630766
TQ:/crcc/crc: 0.000000000 0.000000000 1.000000000
TQ:/crcc/crf: 0.000000000 0.000000000 1.000000000
TQ:/crfc/: 0.102745059 0.897254941 0.000000000
TQ:/crfc/cr: 0.000000000 0.000000000 1.000000000
TQ:/rcc/: 0.046980250 0.953019750 0.000000000
TQ:/rcc/ccr: 0.000000000 0.466755829 0.533244171
TQ:/rcc/crc: 0.000000000 0.000000000 1.000000000
TQ:/rcc/crf: 0.000000000 0.324991827 0.675008173
TQ:/rcf/: 0.167418942 0.832581058 0.000000000
TQ:/rcf/cr: 0.000000000 0.000000000 1.000000000
TQ:/rfc/: 0.310651749 0.689348251 0.000000000
TQ:/rfc/cr: 0.000000000 0.509243269 0.490756731
