A:/c: 1.000000000 0.000000000 0.000000000
A:/ccrc: 0.000000000 1.000000000 0.000000000
A:/ccrf: 0.000000000 1.000000000 0.000000000
A:/r: 0.000000000 1.000000000 0.000000000
AJ:/ccc/c: 0.671369114 0.328630886 0.000000000
AJ:/ccc/ccrc: 0.000000000 0.589506258 0.410493742
AJ:/ccc/ccrf: 0.000000000 0.819348761 0.180651239
AJ:/ccc/r: 0.000000000 1.000000000 0.000000000
AJ:/ccrcc/c: 1.000000000 0.000000000 0.000000000
AJ:/ccrcc/ccrc: 0.000000000 0.278679043 0.721320957
AJ:/ccrcc/ccrf: 0.000000000 0.665327326 0.334672674
AJ:/ccrcc/r: 0.000000000 0.562692968 0.437307032
AJ:/ccrfc/: 0.262030520 0.737969480 0.000000000
AJ:/ccrfc/cr: 0.000000000 1.000000000 0.000000000
AJ:/crcc/c: 0.359304453 0.640695547 0.000000000
AJ:/crcc/ccrc: 0.000000000 0.937508600 0.062491400
AJ:/crcc/ccrf: 0.000000000 0.752185006 0.247814994
AJ:/crcc/r: 0.000000000 0.838774340 0.161225660
AJ:/crcf/: 0.999999035 0.000000965 0.000000000
AJ:/crcf/cr: 0.000000000 1.000000000 0.000000000
AJ:/crfc/c: 0.062375161 0.937624839 0.000000000
AJ:/crfc/r: 0.000000000 0.518192080 0.481807920
AJ:/rcc/c: 0.575878188 0.424121812 0.000000000
AJ:/rcc/ccrc: 0.000000000 0.694571498 0.305428502
AJ:/rcc/ccrf: 0.000000000 0.619101185 0.380898815
AJ:/rcc/r: 0.000000000 1.000000000 0.000000000
AJ:/rcf/c: 1.000000000 0.000000000 0.000000000
AJ:/rcf/r: 0.000000000 1.000000000 0.000000000
AK:/ccc/c: 0.932516185 0.067483815 0.000000000
AK:/ccc/ccrc: 0.000000000 0.742042703 0.257957297
AK:/ccc/ccrf: 0.000000000 0.612245020 0.387754980
AK:/ccc/r: 0.000000000 0.732550634 0.267449366
AK:/ccrcc/c: 0.131110608 0.868889392 0.000000000
AK:/ccrcc/ccrc: 0.000000000 0.538874094 0.461125906
AK:/ccrcc/ccrf: 0.000000000 0.434892348 0.565107652
AK:/ccrcc/r: 0.000000000 0.392726339 0.607273661
AK:/ccrfc/: 0.527752701 0.472247299 0.000000000
AK:/ccrfc/cr: 0.000000000 1.000000000 0.000000000
AK:/crcc/c: 0.141075814 0.858924186 0.000000000
AK:/crcc/ccrc: 0.000000000 0.551988651 0.448011349
AK:/crcc/ccrf: 0.000000000 0.541977667 0.458022333
AK:/crcc/r: 0.000000000 0.844300025 0.155699975
AK:/crcf/: 0.250496900 0.749503100 0.000000000
AK:/crcf/cr: 0.000000000 1.000000000 0.000000000
AK:/crfc/c: 0.513721935 0.486278065 0.000000000
AK:/crfc/r: 0.000000000 0.842717338 0.157282662
AK:/rcc/c: 0.527633227 0.472366773 0.000000000
AK:/rcc/ccrc: 0.000000000 1.000000000 0.000000000
AK:/rcc/ccrf: 0.000000000 1.000000000 0.000000000
AK:/rcc/r: 0.000000000 0.839619796 0.160380204
AK:/rcf/c: 1.000000000 0.000000000 0.000000000
AK:/rcf/r: 0.000000000 1.000000000 0.000000000
AQ:/ccc/c: 0.903623581 0.096376419 0.000000000
AQ:/ccc/ccrc: 0.000000000 0.652818153 0.347181847
AQ:/ccc/ccrf: 0.000000000 0.630164945 0.369835055
AQ:/ccc/r: 0.000000000 0.437394452 0.562605548
AQ:/ccrcc/c: 0.086066840 0.913933160 0.000000000
AQ:/ccrcc/ccrc: 0.000000000 0.606557269 0.393442731
AQ:/ccrcc/ccrf: 0.000000000 0.665739956 0.334260044
AQ:/ccrcc/r: 0.000000000 1.000000000 0.000000000
AQ:/ccrfc/: 0.418982515 0.581017485 0.000000000
AQ:/ccrfc/cr: 0.000000000 1.000000000 0.000000000
AQ:/crcc/c: 0.747443098 0.252556902 0.000000000
AQ:/crcc/ccrc: 0.000000000 0.585510968 0.414489032
AQ:/crcc/ccrf: 0.000000000 0.642258282 0.357741718
AQ:/crcc/r: 0.000000000 0.830562675 0.169437325
AQ:/crcf/: 0.486080931 0.513919069 0.000000000
AQ:/crcf/cr: 0.000000000 1.000000000 0.000000000
AQ:/crfc/c: 0.479809123 0.520190877 0.000000000
AQ:/crfc/r: 0.000000000 0.980338683 0.019661317
AQ:/rcc/c: 0.999948224 0.000051776 0.000000000
AQ:/rcc/ccrc: 0.000000000 1.000000000 0.000000000
AQ:/rcc/ccrf: 0.000000000 1.000000000 0.000000000
AQ:/rcc/r: 0.000000000 1.000000000 0.000000000
AQ:/rcf/c: 1.000000000 0.000000000 0.000000000
AQ:/rcf/r: 0.000000000 1.000000000 0.000000000
AT:/ccc/c: 0.084988019 0.915011981 0.000000000
AT:/ccc/ccrc: 0.000000000 0.645673778 0.354326222
AT:/ccc/ccrf: 0.000000000 0.698896312 0.301103688
AT:/ccc/r: 0.000000000 0.979900836 0.020099164
AT:/ccrcc/c: 0.717569380 0.282430620 0.000000000
AT:/ccrcc/ccrc: 0.000000000 0.814306794 0.185693206
AT:/ccrcc/ccrf: 0.000000000 0.188968683 0.811031317
AT:/ccrcc/r: 0.000000000 0.282488737 0.717511263
AT:/ccrfc/: 0.753017828 0.246982172 0.000000000
AT:/ccrfc/cr: 0.000000000 0.526196928 0.473803072
AT:/crcc/c: 0.235854556 0.764145444 0.000000000
AT:/crcc/ccrc: 0.000000000 0.896424675 0.103575325
AT:/crcc/ccrf: 0.000000000 0.338756116 0.661243884
AT:/crcc/r: 0.000000000 0.760208524 0.239791476
AT:/crcf/: 0.534314259 0.465685741 0.000000000
AT:/crcf/cr: 0.000000000 0.778358955 0.221641045
AT:/crfc/c: 0.460264464 0.539735536 0.000000000
AT:/crfc/r: 0.000000000 0.837238106 0.162761894
AT:/rcc/c: 0.999732549 0.000267451 0.000000000
AT:/rcc/ccrc: 0.000000000 1.000000000 0.000000000
AT:/rcc/ccrf: 0.000000000 1.000000000 0.000000000
AT:/rcc/r: 0.000000000 0.740811012 0.259188988
AT:/rcf/c: 1.000000000 0.000000000 0.000000000
AT:/rcf/r: 0.000000000 1.000000000 0.000000000
J:/c: 0.141026369 0.858973631 0.000000000
J:/ccrc: 0.000000000 0.165438067 0.834561933
J:/ccrf: 0.000000000 1.000000000 0.000000000
J:/r: 0.000000000 1.000000000 0.000000000
JA:/ccc/c: 0.874677150 0.125322850 0.000000000
JA:/ccc/ccrc: 0.000000000 0.952307861 0.047692139
JA:/ccc/ccrf: 0.000000000 0.424606935 0.575393065
JA:/ccc/r: 0.000000000 0.193859699 0.806140301
JA:/ccrcc/c: 0.772586001 0.227413999 0.000000000
JA:/ccrcc/ccrc: 0.000000000 0.439479758 0.560520242
JA:/ccrcc/ccrf: 0.000000000 0.935013393 0.064986607
JA:/ccrcc/r: 0.000000000 0.131898989 0.868101011
JA:/ccrfc/: 0.342380192 0.657619808 0.000000000
JA:/ccrfc/cr: 0.000000000 0.736047933 0.263952067
JA:/crcc/c: 0.501584972 0.498415028 0.000000000
JA:/crcc/ccrc: 0.000000000 0.878315096 0.121684904
JA:/crcc/ccrf: 0.000000000 0.395876782 0.604123218
JA:/crcc/r: 0.000000000 0.745728115 0.254271885
JA:/crcf/: 0.603197059 0.396802941 0.000000000
JA:/crcf/cr: 0.000000000 0.048803681 0.951196319
JA:/crfc/c: 0.656054981 0.343945019 0.000000000
JA:/crfc/r: 0.000000000 0.404908189 0.595091811
JA:/rcc/c: 0.000333588 0.999666412 0.000000000
JA:/rcc/ccrc: 0.000000000 0.010804747 0.989195253
JA:/rcc/ccrf: 0.000000000 0.881885827 0.118114173
JA:/rcc/r: 0.000000000 0.000762167 0.999237833
JA:/rcf/c: 0.000000000 1.000000000 0.000000000
JA:/rcf/r: 0.000000000 0.283816528 0.716183472
JK:/ccc/c: 0.659960988 0.340039012 0.000000000
JK:/ccc/ccrc: 0.000000000 0.535657461 0.464342539
JK:/ccc/ccrf: 0.000000000 0.157112781 0.842887219
JK:/ccc/r: 0.000000000 0.750383377 0.249616623
JK:/ccrcc/c: 0.390367096 0.609632904 0.000000000
JK:/ccrcc/ccrc: 0.000000000 0.449473778 0.550526222
JK:/ccrcc/ccrf: 0.000000000 0.689426687 0.310573313
JK:/ccrcc/r: 0.000000000 0.256248279 0.743751721
JK:/ccrfc/: 0.855734582 0.144265418 0.000000000
JK:/ccrfc/cr: 0.000000000 0.233745625 0.766254375
JK:/crcc/c: 0.666091477 0.333908523 0.000000000
JK:/crcc/ccrc: 0.000000000 0.721358903 0.278641097
JK:/crcc/ccrf: 0.000000000 0.706305180 0.293694820
JK:/crcc/r: 0.000000000 0.376446484 0.623553516
JK:/crcf/: 0.396848843 0.603151157 0.000000000
JK:/crcf/cr: 0.000000000 0.447021989 0.552978011
JK:/crfc/c: 0.845475704 0.154524296 0.000000000
JK:/crfc/r: 0.000000000 0.439239938 0.560760062
JK:/rcc/c: 0.035365008 0.964634992 0.000000000
JK:/rcc/ccrc: 0.000000000 0.000000000 1.000000000
JK:/rcc/ccrf: 0.000000000 0.000000000 1.000000000
JK:/rcc/r: 0.000000000 0.000000000 1.000000000
JK:/rcf/c: 0.000000000 1.000000000 0.000000000
JK:/rcf/r: 0.000000000 0.283415015 0.716584985
JQ:/ccc/c: 0.395210379 0.604789621 0.000000000
JQ:/ccc/ccrc: 0.000000000 0.304803347 0.695196653
JQ:/ccc/ccrf: 0.000000000 0.249825657 0.750174343
JQ:/ccc/r: 0.000000000 0.873608959 0.126391041
JQ:/ccrcc/c: 0.056343706 0.943656294 0.000000000
JQ:/ccrcc/ccrc: 0.000000000 0.255403438 0.744596562
JQ:/ccrcc/ccrf: 0.000000000 0.607422820 0.392577180
JQ:/ccrcc/r: 0.000000000 0.821172423 0.178827577
JQ:/ccrfc/: 0.448227043 0.551772957 0.000000000
JQ:/ccrfc/cr: 0.000000000 0.651830683 0.348169317
JQ:/crcc/c: 0.199664390 0.800335610 0.000000000
JQ:/crcc/ccrc: 0.000000000 0.751389359 0.248610641
JQ:/crcc/ccrf: 0.000000000 0.376692154 0.623307846
JQ:/crcc/r: 0.000000000 0.578012822 0.421987178
JQ:/crcf/: 0.359124338 0.640875662 0.000000000
JQ:/crcf/cr: 0.000000000 0.453604618 0.546395382
JQ:/crfc/c: 0.609420824 0.390579176 0.000000000
JQ:/crfc/r: 0.000000000 0.388522174 0.611477826
JQ:/rcc/c: 0.117864176 0.882135824 0.000000000
JQ:/rcc/ccrc: 0.000000000 0.000000000 1.000000000
JQ:/rcc/ccrf: 0.000000000 0.000000000 1.000000000
JQ:/rcc/r: 0.000000000 0.113258921 0.886741079
JQ:/rcf/c: 0.294965399 0.705034601 0.000000000
JQ:/rcf/r: 0.000000000 0.000000000 1.000000000
JT:/ccc/c: 0.355387963 0.644612037 0.000000000
JT:/ccc/ccrc: 0.000000000 0.209421636 0.790578364
JT:/ccc/ccrf: 0.000000000 0.493956108 0.506043892
JT:/ccc/r: 0.000000000 0.817816391 0.182183609
JT:/ccrcc/c: 0.422742321 0.577257679 0.000000000
JT:/ccrcc/ccrc: 0.000000000 0.492468530 0.507531470
JT:/ccrcc/ccrf: 0.000000000 0.778147173 0.221852827
JT:/ccrcc/r: 0.000000000 0.142866515 0.857133485
JT:/ccrfc/: 0.666815045 0.333184955 0.000000000
JT:/ccrfc/cr: 0.000000000 0.670981704 0.329018296
JT:/crcc/c: 0.944763050 0.055236950 0.000000000
JT:/crcc/ccrc: 0.000000000 0.259845098 0.740154902
JT:/crcc/ccrf: 0.000000000 0.799143085 0.200856915
JT:/crcc/r: 0.000000000 0.132910267 0.867089733
JT:/crcf/: 0.565376070 0.434623930 0.000000000
JT:/crcf/cr: 0.000000000 0.904373348 0.095626652
JT:/crfc/c: 0.290910702 0.709089298 0.000000000
JT:/crfc/r: 0.000000000 0.518649540 0.481350460
JT:/rcc/c: 0.142404255 0.857595745 0.000000000
JT:/rcc/ccrc: 0.000000000 0.000000000 1.000000000
JT:/rcc/ccrf: 0.000000000 0.000000000 1.000000000
JT:/rcc/r: 0.000000000 0.000000000 1.000000000
JT:/rcf/c: 0.215841838 0.784158162 0.000000000
JT:/rcf/r: 0.000000000 0.000000000 1.000000000
K:/c: 0.999990261 0.000009739 0.000000000
K:/ccrc: 0.000000000 0.885974982 0.114025018
K:/ccrf: 0.000000000 1.000000000 0.000000000
K:/r: 0.000000000 1.000000000 0.000000000
KA:/ccc/c: 0.789436635 0.210563365 0.000000000
KA:/ccc/ccrc: 0.000000000 0.535313942 0.464686058
KA:/ccc/ccrf: 0.000000000 0.781026618 0.218973382
KA:/ccc/r: 0.000000000 1.000000000 0.000000000
KA:/ccrcc/c: 0.565875640 0.434124360 0.000000000
KA:/ccrcc/ccrc: 0.000000000 0.400594648 0.599405352
KA:/ccrcc/ccrf: 0.000000000 0.934247292 0.065752708
KA:/ccrcc/r: 0.000000000 0.706037813 0.293962187
KA:/ccrfc/: 0.898632000 0.101368000 0.000000000
KA:/ccrfc/cr: 0.000000000 1.000000000 0.000000000
KA:/crcc/c: 0.196502754 0.803497246 0.000000000
KA:/crcc/ccrc: 0.000000000 0.262037773 0.737962227
KA:/crcc/ccrf: 0.000000000 0.524426892 0.475573108
KA:/crcc/r: 0.000000000 0.515311791 0.484688209
KA:/crcf/: 0.693461555 0.306538445 0.000000000
KA:/crcf/cr: 0.000000000 1.000000000 0.000000000
KA:/crfc/c: 0.420755481 0.579244519 0.000000000
KA:/crfc/r: 0.000000000 1.000000000 0.000000000
KA:/rcc/c: 0.664310791 0.335689209 0.000000000
KA:/rcc/ccrc: 0.000000000 0.752798122 0.247201878
KA:/rcc/ccrf: 0.000000000 0.086001720 0.913998280
KA:/rcc/r: 0.000000000 1.000000000 0.000000000
KA:/rcf/c: 1.000000000 0.000000000 0.000000000
KA:/rcf/r: 0.000000000 1.000000000 0.000000000
KJ:/ccc/c: 0.257090874 0.742909126 0.000000000
KJ:/ccc/ccrc: 0.000000000 0.621883995 0.378116005
KJ:/ccc/ccrf: 0.000000000 0.530956230 0.469043770
KJ:/ccc/r: 0.000000000 0.639527941 0.360472059
KJ:/ccrcc/c: 0.353886472 0.646113528 0.000000000
KJ:/ccrcc/ccrc: 0.000000000 0.440798202 0.559201798
KJ:/ccrcc/ccrf: 0.000000000 0.418172008 0.581827992
KJ:/ccrcc/r: 0.000000000 0.749345372 0.250654628
KJ:/ccrfc/: 0.999999999 0.000000001 0.000000000
KJ:/ccrfc/cr: 0.000000000 0.555357236 0.444642764
KJ:/crcc/c: 0.285478665 0.714521335 0.000000000
KJ:/crcc/ccrc: 0.000000000 0.565623089 0.434376911
KJ:/crcc/ccrf: 0.000000000 0.685752365 0.314247635
KJ:/crcc/r: 0.000000000 0.841230853 0.158769147
KJ:/crcf/: 0.999999529 0.000000471 0.000000000
KJ:/crcf/cr: 0.000000000 0.683965556 0.316034444
KJ:/crfc/c: 0.988385253 0.011614747 0.000000000
KJ:/crfc/r: 0.000000000 0.999999802 0.000000198
KJ:/rcc/c: 0.678301633 0.321698367 0.000000000
KJ:/rcc/ccrc: 0.000000000 0.259074393 0.740925607
KJ:/rcc/ccrf: 0.000000000 0.352771464 0.647228536
KJ:/rcc/r: 0.000000000 0.384415925 0.615584075
KJ:/rcf/c: 0.000000000 1.000000000 0.000000000
KJ:/rcf/r: 0.000000000 0.666570538 0.333429462
KQ:/ccc/c: 0.567703099 0.432296901 0.000000000
KQ:/ccc/ccrc: 0.000000000 0.999992229 0.000007771
KQ:/ccc/ccrf: 0.000000000 0.851013707 0.148986293
KQ:/ccc/r: 0.000000000 0.665943987 0.334056013
KQ:/ccrcc/c: 0.716810458 0.283189542 0.000000000
KQ:/ccrcc/ccrc: 0.000000000 0.309970237 0.690029763
KQ:/ccrcc/ccrf: 0.000000000 0.177194251 0.822805749
KQ:/ccrcc/r: 0.000000000 0.081677140 0.918322860
KQ:/ccrfc/: 0.973707090 0.026292910 0.000000000
KQ:/ccrfc/cr: 0.000000000 0.672420168 0.327579832
KQ:/crcc/c: 0.111605261 0.888394739 0.000000000
KQ:/crcc/ccrc: 0.000000000 0.615039360 0.384960640
KQ:/crcc/ccrf: 0.000000000 0.308577126 0.691422874
KQ:/crcc/r: 0.000000000 0.610686730 0.389313270
KQ:/crcf/: 0.227566231 0.772433769 0.000000000
KQ:/crcf/cr: 0.000000000 0.919013734 0.080986266
KQ:/crfc/c: 0.462330165 0.537669835 0.000000000
KQ:/crfc/r: 0.000000000 0.814523378 0.185476622
KQ:/rcc/c: 0.000000000 1.000000000 0.000000000
KQ:/rcc/ccrc: 0.000000000 0.000000000 1.000000000
KQ:/rcc/ccrf: 0.000000000 0.274068806 0.725931194
KQ:/rcc/r: 0.000000000 0.067939595 0.932060405
KQ:/rcf/c: 0.498957585 0.501042415 0.000000000
KQ:/rcf/r: 0.000000000 0.667051231 0.332948769
KT:/ccc/c: 0.492221951 0.507778049 0.000000000
KT:/ccc/ccrc: 0.000000000 0.966650110 0.033349890
KT:/ccc/ccrf: 0.000000000 0.254014650 0.745985350
KT:/ccc/r: 0.000000000 0.949621454 0.050378546
KT:/ccrcc/c: 0.585814625 0.414185375 0.000000000
KT:/ccrcc/ccrc: 0.000000000 0.521884713 0.478115287
KT:/ccrcc/ccrf: 0.000000000 0.403892674 0.596107326
KT:/ccrcc/r: 0.000000000 0.764587442 0.235412558
KT:/ccrfc/: 0.614912143 0.385087857 0.000000000
KT:/ccrfc/cr: 0.000000000 0.222906390 0.777093610
KT:/crcc/c: 0.357874036 0.642125964 0.000000000
KT:/crcc/ccrc: 0.000000000 0.148474964 0.851525036
KT:/crcc/ccrf: 0.000000000 0.631030722 0.368969278
KT:/crcc/r: 0.000000000 0.763263406 0.236736594
KT:/crcf/: 0.703991316 0.296008684 0.000000000
KT:/crcf/cr: 0.000000000 0.772144283 0.227855717
KT:/crfc/c: 0.633410878 0.366589122 0.000000000
KT:/crfc/r: 0.000000000 0.866943502 0.133056498
KT:/rcc/c: 0.000000000 1.000000000 0.000000000
KT:/rcc/ccrc: 0.000000000 0.332359946 0.667640054
KT:/rcc/ccrf: 0.000000000 0.332163115 0.667836885
KT:/rcc/r: 0.000000000 0.728477608 0.271522392
KT:/rcf/c: 0.499192475 0.500807525 0.000000000
KT:/rcf/r: 0.000000000 0.666948012 0.333051988
Q:/c: 0.942825377 0.057174623 0.000000000
Q:/ccrc: 0.000000000 0.252722192 0.747277808
Q:/ccrf: 0.000000000 1.000000000 0.000000000
Q:/r: 0.000000000 1.000000000 0.000000000
QA:/ccc/c: 0.715097376 0.284902624 0.000000000
QA:/ccc/ccrc: 0.000000000 0.570473712 0.429526288
QA:/ccc/ccrf: 0.000000000 0.918964690 0.081035310
QA:/ccc/r: 0.000000000 0.997891211 0.002108789
QA:/ccrcc/c: 0.336871274 0.663128726 0.000000000
QA:/ccrcc/ccrc: 0.000000000 0.576370366 0.423629634
QA:/ccrcc/ccrf: 0.000000000 0.769368120 0.230631880
QA:/ccrcc/r: 0.000000000 0.739476369 0.260523631
QA:/ccrfc/: 0.573254224 0.426745776 0.000000000
QA:/ccrfc/cr: 0.000000000 0.776962840 0.223037160
QA:/crcc/c: 0.799183877 0.200816123 0.000000000
QA:/crcc/ccrc: 0.000000000 0.065487587 0.934512413
QA:/crcc/ccrf: 0.000000000 0.166036064 0.833963936
QA:/crcc/r: 0.000000000 0.752807622 0.247192378
QA:/crcf/: 0.818573520 0.181426480 0.000000000
QA:/crcf/cr: 0.000000000 0.561426113 0.438573887
QA:/crfc/c: 0.315449357 0.684550643 0.000000000
QA:/crfc/r: 0.000000000 0.536671216 0.463328784
QA:/rcc/c: 0.839138868 0.160861132 0.000000000
QA:/rcc/ccrc: 0.000000000 0.199256870 0.800743130
QA:/rcc/ccrf: 0.000000000 0.544240884 0.455759116
QA:/rcc/r: 0.000000000 0.000000000 1.000000000
QA:/rcf/c: 0.790880578 0.209119422 0.000000000
QA:/rcf/r: 0.000000000 1.000000000 0.000000000
QJ:/ccc/c: 0.750156077 0.249843923 0.000000000
QJ:/ccc/ccrc: 0.000000000 0.377166925 0.622833075
QJ:/ccc/ccrf: 0.000000000 0.772785973 0.227214027
QJ:/ccc/r: 0.000000000 0.604590720 0.395409280
QJ:/ccrcc/c: 0.845642066 0.154357934 0.000000000
QJ:/ccrcc/ccrc: 0.000000000 0.484359993 0.515640007
QJ:/ccrcc/ccrf: 0.000000000 0.673345202 0.326654798
QJ:/ccrcc/r: 0.000000000 0.962174029 0.037825971
QJ:/ccrfc/: 0.294051721 0.705948279 0.000000000
QJ:/ccrfc/cr: 0.000000000 0.032469980 0.967530020
QJ:/crcc/c: 0.292351263 0.707648737 0.000000000
QJ:/crcc/ccrc: 0.000000000 0.474044320 0.525955680
QJ:/crcc/ccrf: 0.000000000 0.459047848 0.540952152
QJ:/crcc/r: 0.000000000 0.193722309 0.806277691
QJ:/crcf/: 0.549361657 0.450638343 0.000000000
QJ:/crcf/cr: 0.000000000 0.337180081 0.662819919
QJ:/crfc/c: 0.544923009 0.455076991 0.000000000
QJ:/crfc/r: 0.000000000 0.459997467 0.540002533
QJ:/rcc/c: 0.002543055 0.997456945 0.000000000
QJ:/rcc/ccrc: 0.000000000 0.000000000 1.000000000
QJ:/rcc/ccrf: 0.000000000 0.318252935 0.681747065
QJ:/rcc/r: 0.000000000 0.250288557 0.749711443
QJ:/rcf/c: 0.281224053 0.718775947 0.000000000
QJ:/rcf/r: 0.000000000 0.000000000 1.000000000
QK:/ccc/c: 0.226039474 0.773960526 0.000000000
QK:/ccc/ccrc: 0.000000000 0.190984187 0.809015813
QK:/ccc/ccrf: 0.000000000 0.588504145 0.411495855
QK:/ccc/r: 0.000000000 0.621856386 0.378143614
QK:/ccrcc/c: 0.381239358 0.618760642 0.000000000
QK:/ccrcc/ccrc: 0.000000000 0.668213089 0.331786911
QK:/ccrcc/ccrf: 0.000000000 0.499666153 0.500333847
QK:/ccrcc/r: 0.000000000 0.497804182 0.502195818
QK:/ccrfc/: 0.307451023 0.692548977 0.000000000
QK:/ccrfc/cr: 0.000000000 0.880716338 0.119283662
QK:/crcc/c: 0.425641548 0.574358452 0.000000000
QK:/crcc/ccrc: 0.000000000 0.948730797 0.051269203
QK:/crcc/ccrf: 0.000000000 0.422073137 0.577926863
QK:/crcc/r: 0.000000000 0.699837034 0.300162966
QK:/crcf/: 0.479264541 0.520735459 0.000000000
QK:/crcf/cr: 0.000000000 0.999997204 0.000002796
QK:/crfc/c: 0.191551800 0.808448200 0.000000000
QK:/crfc/r: 0.000000000 0.950118701 0.049881299
QK:/rcc/c: 0.000000000 1.000000000 0.000000000
QK:/rcc/ccrc: 0.000000000 0.000000000 1.000000000
QK:/rcc/ccrf: 0.000000000 0.250081043 0.749918957
QK:/rcc/r: 0.000000000 0.068293011 0.931706989
QK:/rcf/c: 0.790904163 0.209095837 0.000000000
QK:/rcf/r: 0.000000000 1.000000000 0.000000000
QT:/ccc/c: 0.620593182 0.379406818 0.000000000
QT:/ccc/ccrc: 0.000000000 0.533009656 0.466990344
QT:/ccc/ccrf: 0.000000000 0.524065785 0.475934215
QT:/ccc/r: 0.000000000 0.556703968 0.443296032
QT:/ccrcc/c: 0.398465265 0.601534735 0.000000000
QT:/ccrcc/ccrc: 0.000000000 0.518087920 0.481912080
QT:/ccrcc/ccrf: 0.000000000 0.365519327 0.634480673
QT:/ccrcc/r: 0.000000000 0.201075842 0.798924158
QT:/ccrfc/: 0.490636852 0.509363148 0.000000000
QT:/ccrfc/cr: 0.000000000 0.049981452 0.950018548
QT:/crcc/c: 0.706033477 0.293966523 0.000000000
QT:/crcc/ccrc: 0.000000000 0.483915055 0.516084945
QT:/crcc/ccrf: 0.000000000 0.829022891 0.170977109
QT:/crcc/r: 0.000000000 0.899388102 0.100611898
QT:/crcf/: 0.532054166 0.467945834 0.000000000
QT:/crcf/cr: 0.000000000 0.284060238 0.715939762
QT:/crfc/c: 0.726155229 0.273844771 0.000000000
QT:/crfc/r: 0.000000000 0.486857513 0.513142487
QT:/rcc/c: 0.183704124 0.816295876 0.000000000
QT:/rcc/ccrc: 0.000000000 0.000000000 1.000000000
QT:/rcc/ccrf: 0.000000000 0.000000000 1.000000000
QT:/rcc/r: 0.000000000 0.170704850 0.829295150
QT:/rcf/c: 0.124413007 0.875586993 0.000000000
QT:/rcf/r: 0.000000000 0.000000000 1.000000000
T:/c: 0.376446867 0.623553133 0.000000000
T:/ccrc: 0.000000000 0.462266550 0.537733450
T:/ccrf: 0.000000000 0.837976777 0.162023223
T:/r: 0.000000000 1.000000000 0.000000000
TA:/ccc/c: 0.617374634 0.382625366 0.000000000
TA:/ccc/ccrc: 0.000000000 0.382859482 0.617140518
TA:/ccc/ccrf: 0.000000000 0.537329681 0.462670319
TA:/ccc/r: 0.000000000 0.644923420 0.355076580
TA:/ccrcc/c: 0.627275948 0.372724052 0.000000000
TA:/ccrcc/ccrc: 0.000000000 0.286773560 0.713226440
TA:/ccrcc/ccrf: 0.000000000 0.493810158 0.506189842
TA:/ccrcc/r: 0.000000000 0.471295997 0.528704003
TA:/ccrfc/: 0.645744202 0.354255798 0.000000000
TA:/ccrfc/cr: 0.000000000 0.724945977 0.275054023
TA:/crcc/c: 0.679065319 0.320934681 0.000000000
TA:/crcc/ccrc: 0.000000000 0.566936866 0.433063134
TA:/crcc/ccrf: 0.000000000 0.390555286 0.609444714
TA:/crcc/r: 0.000000000 0.384590873 0.615409127
TA:/crcf/: 0.893345388 0.106654612 0.000000000
TA:/crcf/cr: 0.000000000 0.455179200 0.544820800
TA:/crfc/c: 0.031404848 0.968595152 0.000000000
TA:/crfc/r: 0.000000000 0.245422312 0.754577688
TA:/rcc/c: 0.000320902 0.999679098 0.000000000
TA:/rcc/ccrc: 0.000000000 0.438763349 0.561236651
TA:/rcc/ccrf: 0.000000000 0.036172069 0.963827931
TA:/rcc/r: 0.000000000 0.000000000 1.000000000
TA:/rcf/c: 0.492130744 0.507869256 0.000000000
TA:/rcf/r: 0.000000000 0.000000000 1.000000000
TJ:/ccc/c: 0.381392729 0.618607271 0.000000000
TJ:/ccc/ccrc: 0.000000000 0.438105501 0.561894499
TJ:/ccc/ccrf: 0.000000000 0.912672697 0.087327303
TJ:/ccc/r: 0.000000000 0.468632879 0.531367121
TJ:/ccrcc/c: 0.107438222 0.892561778 0.000000000
TJ:/ccrcc/ccrc: 0.000000000 0.318694656 0.681305344
TJ:/ccrcc/ccrf: 0.000000000 0.537118630 0.462881370
TJ:/ccrcc/r: 0.000000000 0.015049751 0.984950249
TJ:/ccrfc/: 0.483351301 0.516648699 0.000000000
TJ:/ccrfc/cr: 0.000000000 0.519713713 0.480286287
TJ:/crcc/c: 0.435573058 0.564426942 0.000000000
TJ:/crcc/ccrc: 0.000000000 0.772610898 0.227389102
TJ:/crcc/ccrf: 0.000000000 0.788957326 0.211042674
TJ:/crcc/r: 0.000000000 0.353358011 0.646641989
TJ:/crcf/: 0.641515040 0.358484960 0.000000000
TJ:/crcf/cr: 0.000000000 0.520804970 0.479195030
TJ:/crfc/c: 0.957043441 0.042956559 0.000000000
TJ:/crfc/r: 0.000000000 0.724819314 0.275180686
TJ:/rcc/c: 0.018005658 0.981994342 0.000000000
TJ:/rcc/ccrc: 0.000000000 0.504215067 0.495784933
TJ:/rcc/ccrf: 0.000000000 0.336705697 0.663294303
TJ:/rcc/r: 0.000000000 0.000000000 1.000000000
TJ:/rcf/c: 0.041907358 0.958092642 0.000000000
TJ:/rcf/r: 0.000000000 0.000000000 1.000000000
TK:/ccc/c: 0.167391365 0.832608635 0.000000000
TK:/ccc/ccrc: 0.000000000 0.488759672 0.511240328
TK:/ccc/ccrf: 0.000000000 0.527678806 0.472321194
TK:/ccc/r: 0.000000000 0.236533857 0.763466143
TK:/ccrcc/c: 0.051930061 0.948069939 0.000000000
TK:/ccrcc/ccrc: 0.000000000 0.534644693 0.465355307
TK:/ccrcc/ccrf: 0.000000000 0.500026620 0.499973380
TK:/ccrcc/r: 0.000000000 0.656800696 0.343199304
TK:/ccrfc/: 0.318770726 0.681229274 0.000000000
TK:/ccrfc/cr: 0.000000000 0.462102349 0.537897651
TK:/crcc/c: 0.028722787 0.971277213 0.000000000
TK:/crcc/ccrc: 0.000000000 0.501388853 0.498611147
TK:/crcc/ccrf: 0.000000000 0.377317941 0.622682059
TK:/crcc/r: 0.000000000 0.166426067 0.833573933
TK:/crcf/: 0.535595341 0.464404659 0.000000000
TK:/crcf/cr: 0.000000000 0.630531320 0.369468680
TK:/crfc/c: 0.257024515 0.742975485 0.000000000
TK:/crfc/r: 0.000000000 0.380734236 0.619265764
TK:/rcc/c: 0.000115346 0.999884654 0.000000000
TK:/rcc/ccrc: 0.000000000 0.000000000 1.000000000
TK:/rcc/ccrf: 0.000000000 0.000000000 1.000000000
TK:/rcc/r: 0.000000000 0.000000000 1.000000000
TK:/rcf/c: 0.491639564 0.508360436 0.000000000
TK:/rcf/r: 0.000000000 0.000000000 1.000000000
TQ:/ccc/c: 0.430435308 0.569564692 0.000000000
TQ:/ccc/ccrc: 0.000000000 0.703106617 0.296893383
TQ:/ccc/ccrf: 0.000000000 0.657007578 0.342992422
TQ:/ccc/r: 0.000000000 0.235069952 0.764930048
TQ:/ccrcc/c: 0.539488779 0.460511221 0.000000000
TQ:/ccrcc/ccrc: 0.000000000 0.437482108 0.562517892
TQ:/ccrcc/ccrf: 0.000000000 0.344222112 0.655777888
TQ:/ccrcc/r: 0.000000000 0.575467215 0.424532785
TQ:/ccrfc/: 0.629695241 0.370304759 0.000000000
TQ:/ccrfc/cr: 0.000000000 0.260477505 0.739522495
TQ:/crcc/c: 0.621253457 0.378746543 0.000000000
TQ:/crcc/ccrc: 0.000000000 0.028379410 0.971620590
TQ:/crcc/ccrf: 0.000000000 0.056129942 0.943870058
TQ:/crcc/r: 0.000000000 0.904505324 0.095494676
TQ:/crcf/: 0.650219626 0.349780374 0.000000000
TQ:/crcf/cr: 0.000000000 0.591167522 0.408832478
TQ:/crfc/c: 0.978325802 0.021674198 0.000000000
TQ:/crfc/r: 0.000000000 0.611121580 0.388878420
TQ:/rcc/c: 0.000463281 0.999536719 0.000000000
TQ:/rcc/ccrc: 0.000000000 0.000000000 1.000000000
TQ:/rcc/ccrf: 0.000000000 0.000000000 1.000000000
TQ:/rcc/r: 0.000000000 0.000000000 1.000000000
TQ:/rcf/c: 0.045571347 0.954428653 0.000000000
TQ:/rcf/r: 0.000000000 0.000000000 1.000000000
