A:/cc: 0.767779810 0.232220190 0.000000000
A:/cr: 0.000000000 0.712404423 0.287595577
A:/rc: 0.000000000 1.000000000 0.000000000
A:/rf: 0.000000000 0.607286042 0.392713958
AJ:/ccc/cc: 0.567784561 0.432215439 0.000000000
AJ:/ccc/cr: 0.000000000 0.874100461 0.125899539
AJ:/ccc/rc: 0.000000000 0.821863553 0.178136447
AJ:/ccc/rf: 0.000000000 0.574889889 0.425110111
AJ:/ccrcc/cc: 0.965080103 0.034919897 0.000000000
AJ:/ccrcc/cr: 0.000000000 0.620846555 0.379153445
AJ:/ccrcc/rc: 0.000000000 0.497113001 0.502886999
AJ:/ccrcc/rf: 0.000000000 0.218392695 0.781607305
AJ:/ccrcf/c: 0.542045674 0.457954326 0.000000000
AJ:/ccrcf/r: 0.000000000 0.203194611 0.796805389
AJ:/ccrfc/c: 0.466880186 0.533119814 0.000000000
AJ:/ccrfc/r: 0.000000000 0.620142006 0.379857994
AJ:/crcc/cc: 0.256475133 0.743524867 0.000000000
AJ:/crcc/cr: 0.000000000 0.333995423 0.666004577
AJ:/crcc/rc: 0.000000000 0.589273370 0.410726630
AJ:/crcc/rf: 0.000000000 0.238656805 0.761343195
AJ:/crcf/c: 0.435318797 0.564681203 0.000000000
AJ:/crcf/r: 0.000000000 0.834174826 0.165825174
AJ:/rcc/cc: 0.265708652 0.734291348 0.000000000
AJ:/rcc/cr: 0.000000000 0.442068468 0.557931532
AJ:/rcc/rc: 0.000000000 0.947796768 0.052203232
AJ:/rcc/rf: 0.000000000 0.554270009 0.445729991
AJ:/rfc/c: 0.479569338 0.520430662 0.000000000
AJ:/rfc/r: 0.000000000 0.214767973 0.785232027
AK:/ccc/cc: 0.781049595 0.218950405 0.000000000
AK:/ccc/cr: 0.000000000 0.485563893 0.514436107
AK:/ccc/rc: 0.000000000 0.854226168 0.145773832
AK:/ccc/rf: 0.000000000 0.475765871 0.524234129
AK:/ccrcc/cc: 0.493246091 0.506753909 0.000000000
AK:/ccrcc/cr: 0.000000000 0.284471863 0.715528137
AK:/ccrcc/rc: 0.000000000 0.723590622 0.276409378
AK:/ccrcc/rf: 0.000000000 0.511763199 0.488236801
AK:/ccrcf/c: 0.081850787 0.918149213 0.000000000
AK:/ccrcf/r: 0.000000000 0.386299998 0.613700002
AK:/ccrfc/c: 0.516625911 0.483374089 0.000000000
AK:/ccrfc/r: 0.000000000 0.908268782 0.091731218
AK:/crcc/cc: 0.102843568 0.897156432 0.000000000
AK:/crcc/cr: 0.000000000 0.559530582 0.440469418
AK:/crcc/rc: 0.000000000 0.619554857 0.380445143
AK:/crcc/rf: 0.000000000 0.496294731 0.503705269
AK:/crcf/c: 0.143641042 0.856358958 0.000000000
AK:/crcf/r: 0.000000000 0.826608409 0.173391591
AK:/rcc/cc: 0.396459400 0.603540600 0.000000000
AK:/rcc/cr: 0.000000000 0.935897156 0.064102844
AK:/rcc/rc: 0.000000000 0.616413667 0.383586333
AK:/rcc/rf: 0.000000000 0.537061861 0.462938139
AK:/rfc/c: 0.625925716 0.374074284 0.000000000
AK:/rfc/r: 0.000000000 0.547934045 0.452065955
AQ:/ccc/cc: 0.854172348 0.145827652 0.000000000
AQ:/ccc/cr: 0.000000000 0.563368344 0.436631656
AQ:/ccc/rc: 0.000000000 0.469256946 0.530743054
AQ:/ccc/rf: 0.000000000 0.978352921 0.021647079
AQ:/ccrcc/cc: 0.453791789 0.546208211 0.000000000
AQ:/ccrcc/cr: 0.000000000 0.166705801 0.833294199
AQ:/ccrcc/rc: 0.000000000 0.431518443 0.568481557
AQ:/ccrcc/rf: 0.000000000 0.633827988 0.366172012
AQ:/ccrcf/c: 0.789707131 0.210292869 0.000000000
AQ:/ccrcf/r: 0.000000000 0.934675073 0.065324927
AQ:/ccrfc/c: 0.243345385 0.756654615 0.000000000
AQ:/ccrfc/r: 0.000000000 0.857568478 0.142431522
AQ:/crcc/cc: 0.516876357 0.483123643 0.000000000
AQ:/crcc/cr: 0.000000000 0.421943759 0.578056241
AQ:/crcc/rc: 0.000000000 0.725758465 0.274241535
AQ:/crcc/rf: 0.000000000 0.909681192 0.090318808
AQ:/crcf/c: 0.434911151 0.565088849 0.000000000
AQ:/crcf/r: 0.000000000 0.948337544 0.051662456
AQ:/rcc/cc: 0.463731474 0.536268526 0.000000000
AQ:/rcc/cr: 0.000000000 0.986382677 0.013617323
AQ:/rcc/rc: 0.000000000 1.000000000 0.000000000
AQ:/rcc/rf: 0.000000000 0.479319519 0.520680481
AQ:/rfc/c: 0.470091005 0.529908995 0.000000000
AQ:/rfc/r: 0.000000000 0.515231164 0.484768836
AT:/ccc/cc: 0.075732725 0.924267275 0.000000000
AT:/ccc/cr: 0.000000000 0.695746207 0.304253793
AT:/ccc/rc: 0.000000000 0.928893355 0.071106645
AT:/ccc/rf: 0.000000000 0.644674463 0.355325537
AT:/ccrcc/cc: 0.556514781 0.443485219 0.000000000
AT:/ccrcc/cr: 0.000000000 0.224705356 0.775294644
AT:/ccrcc/rc: 0.000000000 0.116203131 0.883796869
AT:/ccrcc/rf: 0.000000000 0.632538030 0.367461970
AT:/ccrcf/c: 0.159628155 0.840371845 0.000000000
AT:/ccrcf/r: 0.000000000 0.605365848 0.394634152
AT:/ccrfc/c: 0.136889279 0.863110721 0.000000000
AT:/ccrfc/r: 0.000000000 0.736827721 0.263172279
AT:/crcc/cc: 0.871902699 0.128097301 0.000000000
AT:/crcc/cr: 0.000000000 0.764996709 0.235003291
AT:/crcc/rc: 0.000000000 0.213068216 0.786931784
AT:/crcc/rf: 0.000000000 0.091581027 0.908418973
AT:/crcf/c: 0.850230749 0.149769251 0.000000000
AT:/crcf/r: 0.000000000 0.492540644 0.507459356
AT:/rcc/cc: 0.927240844 0.072759156 0.000000000
AT:/rcc/cr: 0.000000000 0.999287256 0.000712744
AT:/rcc/rc: 0.000000000 0.428478644 0.571521356
AT:/rcc/rf: 0.000000000 0.704216401 0.295783599
AT:/rfc/c: 0.444401595 0.555598405 0.000000000
AT:/rfc/r: 0.000000000 0.641034330 0.358965670
J:/cc: 0.658626045 0.341373955 0.000000000
J:/cr: 0.000000000 0.999998822 0.000001178
J:/rc: 0.000000000 0.002140604 0.997859396
J:/rf: 0.000000000 0.683394467 0.316605533
JA:/ccc/cc: 0.798524231 0.201475769 0.000000000
JA:/ccc/cr: 0.000000000 0.532224110 0.467775890
JA:/ccc/rc: 0.000000000 0.105268207 0.894731793
JA:/ccc/rf: 0.000000000 0.462832400 0.537167600
JA:/ccrcc/cc: 0.556832422 0.443167578 0.000000000
JA:/ccrcc/cr: 0.000000000 0.790858179 0.209141821
JA:/ccrcc/rc: 0.000000000 0.549574550 0.450425450
JA:/ccrcc/rf: 0.000000000 0.471982162 0.528017838
JA:/ccrcf/c: 0.054701085 0.945298915 0.000000000
JA:/ccrcf/r: 0.000000000 0.631066093 0.368933907
JA:/ccrfc/c: 0.306476983 0.693523017 0.000000000
JA:/ccrfc/r: 0.000000000 0.917278981 0.082721019
JA:/crcc/cc: 0.693190657 0.306809343 0.000000000
JA:/crcc/cr: 0.000000000 0.632626865 0.367373135
JA:/crcc/rc: 0.000000000 0.390655487 0.609344513
JA:/crcc/rf: 0.000000000 0.533747374 0.466252626
JA:/crcf/c: 0.012666432 0.987333568 0.000000000
JA:/crcf/r: 0.000000000 0.301900757 0.698099243
JA:/rcc/cc: 0.000000000 1.000000000 0.000000000
JA:/rcc/cr: 0.000000000 1.000000000 0.000000000
JA:/rcc/rc: 0.000000000 0.000000000 1.000000000
JA:/rcc/rf: 0.000000000 0.722425500 0.277574500
JA:/rfc/c: 0.552055523 0.447944477 0.000000000
JA:/rfc/r: 0.000000000 0.570718529 0.429281471
JK:/ccc/cc: 0.439519335 0.560480665 0.000000000
JK:/ccc/cr: 0.000000000 0.258811351 0.741188649
JK:/ccc/rc: 0.000000000 0.405927885 0.594072115
JK:/ccc/rf: 0.000000000 0.829015373 0.170984627
JK:/ccrcc/cc: 0.728200866 0.271799134 0.000000000
JK:/ccrcc/cr: 0.000000000 0.375831359 0.624168641
JK:/ccrcc/rc: 0.000000000 0.769522671 0.230477329
JK:/ccrcc/rf: 0.000000000 0.432407162 0.567592838
JK:/ccrcf/c: 0.675867521 0.324132479 0.000000000
JK:/ccrcf/r: 0.000000000 0.701937078 0.298062922
JK:/ccrfc/c: 0.366651634 0.633348366 0.000000000
JK:/ccrfc/r: 0.000000000 0.612725374 0.387274626
JK:/crcc/cc: 0.550562437 0.449437563 0.000000000
JK:/crcc/cr: 0.000000000 0.423445686 0.576554314
JK:/crcc/rc: 0.000000000 0.535855228 0.464144772
JK:/crcc/rf: 0.000000000 0.231739768 0.768260232
JK:/crcf/c: 0.639155824 0.360844176 0.000000000
JK:/crcf/r: 0.000000000 0.376418830 0.623581170
JK:/rcc/cc: 1.000000000 0.000000000 0.000000000
JK:/rcc/cr: 0.000000000 0.000000000 1.000000000
JK:/rcc/rc: 0.000000000 0.999980110 0.000019890
JK:/rcc/rf: 0.000000000 0.398418821 0.601581179
JK:/rfc/c: 0.435218260 0.564781740 0.000000000
JK:/rfc/r: 0.000000000 0.663118245 0.336881755
JQ:/ccc/cc: 0.916644389 0.083355611 0.000000000
JQ:/ccc/cr: 0.000000000 0.500835178 0.499164822
JQ:/ccc/rc: 0.000000000 0.376588446 0.623411554
JQ:/ccc/rf: 0.000000000 0.845335204 0.154664796
JQ:/ccrcc/cc: 0.938935939 0.061064061 0.000000000
JQ:/ccrcc/cr: 0.000000000 0.212256071 0.787743929
JQ:/ccrcc/rc: 0.000000000 0.536266707 0.463733293
JQ:/ccrcc/rf: 0.000000000 0.155895860 0.844104140
JQ:/ccrcf/c: 0.108891790 0.891108210 0.000000000
JQ:/ccrcf/r: 0.000000000 0.304092697 0.695907303
JQ:/ccrfc/c: 0.447799936 0.552200064 0.000000000
JQ:/ccrfc/r: 0.000000000 0.407838656 0.592161344
JQ:/crcc/cc: 0.535020539 0.464979461 0.000000000
JQ:/crcc/cr: 0.000000000 0.567124045 0.432875955
JQ:/crcc/rc: 0.000000000 0.638803707 0.361196293
JQ:/crcc/rf: 0.000000000 0.742256093 0.257743907
JQ:/crcf/c: 0.330754846 0.669245154 0.000000000
JQ:/crcf/r: 0.000000000 0.505939919 0.494060081
JQ:/rcc/cc: 1.000000000 0.000000000 0.000000000
JQ:/rcc/cr: 0.000000000 0.000000000 1.000000000
JQ:/rcc/rc: 0.000000000 0.000000000 1.000000000
JQ:/rcc/rf: 0.000000000 0.546785673 0.453214327
JQ:/rfc/c: 0.870947670 0.129052330 0.000000000
JQ:/rfc/r: 0.000000000 0.665045074 0.334954926
JT:/ccc/cc: 0.702687848 0.297312152 0.000000000
JT:/ccc/cr: 0.000000000 0.166453848 0.833546152
JT:/ccc/rc: 0.000000000 0.058081593 0.941918407
JT:/ccc/rf: 0.000000000 0.310465960 0.689534040
JT:/ccrcc/cc: 0.002555113 0.997444887 0.000000000
JT:/ccrcc/cr: 0.000000000 0.193713536 0.806286464
JT:/ccrcc/rc: 0.000000000 0.888503036 0.111496964
JT:/ccrcc/rf: 0.000000000 0.394623766 0.605376234
JT:/ccrcf/c: 0.615007398 0.384992602 0.000000000
JT:/ccrcf/r: 0.000000000 0.547881611 0.452118389
JT:/ccrfc/c: 0.041427637 0.958572363 0.000000000
JT:/ccrfc/r: 0.000000000 0.582701438 0.417298562
JT:/crcc/cc: 0.123444251 0.876555749 0.000000000
JT:/crcc/cr: 0.000000000 0.137997833 0.862002167
JT:/crcc/rc: 0.000000000 0.051713512 0.948286488
JT:/crcc/rf: 0.000000000 0.477791614 0.522208386
JT:/crcf/c: 0.594313284 0.405686716 0.000000000
JT:/crcf/r: 0.000000000 0.499455552 0.500544448
JT:/rcc/cc: 0.999119235 0.000880765 0.000000000
JT:/rcc/cr: 0.000000000 0.000000000 1.000000000
JT:/rcc/rc: 0.000000000 0.635915418 0.364084582
JT:/rcc/rf: 0.000000000 0.510671190 0.489328810
JT:/rfc/c: 0.490456682 0.509543318 0.000000000
JT:/rfc/r: 0.000000000 0.970044724 0.029955276
K:/cc: 0.990173976 0.009826024 0.000000000
K:/cr: 0.000000000 0.999999627 0.000000373
K:/rc: 0.000000000 1.000000000 0.000000000
K:/rf: 0.000000000 0.452237601 0.547762399
KA:/ccc/cc: 0.711564324 0.288435676 0.000000000
KA:/ccc/cr: 0.000000000 0.930000544 0.069999456
KA:/ccc/rc: 0.000000000 0.657845298 0.342154702
KA:/ccc/rf: 0.000000000 0.448938979 0.551061021
KA:/ccrcc/cc: 0.355681834 0.644318166 0.000000000
KA:/ccrcc/cr: 0.000000000 0.580269040 0.419730960
KA:/ccrcc/rc: 0.000000000 1.000000000 0.000000000
KA:/ccrcc/rf: 0.000000000 0.409224342 0.590775658
KA:/ccrcf/c: 0.533559935 0.466440065 0.000000000
KA:/ccrcf/r: 0.000000000 0.903206779 0.096793221
KA:/ccrfc/c: 0.656933594 0.343066406 0.000000000
KA:/ccrfc/r: 0.000000000 0.828999340 0.171000660
KA:/crcc/cc: 0.080963628 0.919036372 0.000000000
KA:/crcc/cr: 0.000000000 0.473052692 0.526947308
KA:/crcc/rc: 0.000000000 0.419951034 0.580048966
KA:/crcc/rf: 0.000000000 0.118611059 0.881388941
KA:/crcf/c: 0.543560340 0.456439660 0.000000000
KA:/crcf/r: 0.000000000 0.840822957 0.159177043
KA:/rcc/cc: 0.038124108 0.961875892 0.000000000
KA:/rcc/cr: 0.000000000 0.466411358 0.533588642
KA:/rcc/rc: 0.000000000 0.900019496 0.099980504
KA:/rcc/rf: 0.000000000 0.598568008 0.401431992
KA:/rfc/c: 0.544283890 0.455716110 0.000000000
KA:/rfc/r: 0.000000000 0.562234165 0.437765835
KJ:/ccc/cc: 0.770061750 0.229938250 0.000000000
KJ:/ccc/cr: 0.000000000 0.606746391 0.393253609
KJ:/ccc/rc: 0.000000000 0.759026906 0.240973094
KJ:/ccc/rf: 0.000000000 0.497349309 0.502650691
KJ:/ccrcc/cc: 0.614328859 0.385671141 0.000000000
KJ:/ccrcc/cr: 0.000000000 0.249169171 0.750830829
KJ:/ccrcc/rc: 0.000000000 0.532677715 0.467322285
KJ:/ccrcc/rf: 0.000000000 0.293774548 0.706225452
KJ:/ccrcf/c: 0.438968942 0.561031058 0.000000000
KJ:/ccrcf/r: 0.000000000 0.797339398 0.202660602
KJ:/ccrfc/c: 0.054676734 0.945323266 0.000000000
KJ:/ccrfc/r: 0.000000000 0.793162599 0.206837401
KJ:/crcc/cc: 0.268114443 0.731885557 0.000000000
KJ:/crcc/cr: 0.000000000 0.188853132 0.811146868
KJ:/crcc/rc: 0.000000000 0.092155963 0.907844037
KJ:/crcc/rf: 0.000000000 0.617632905 0.382367095
KJ:/crcf/c: 0.736500003 0.263499997 0.000000000
KJ:/crcf/r: 0.000000000 0.806761388 0.193238612
KJ:/rcc/cc: 0.309576663 0.690423337 0.000000000
KJ:/rcc/cr: 0.000000000 0.340626674 0.659373326
KJ:/rcc/rc: 0.000000000 0.540926619 0.459073381
KJ:/rcc/rf: 0.000000000 0.579575235 0.420424765
KJ:/rfc/c: 0.831178005 0.168821995 0.000000000
KJ:/rfc/r: 0.000000000 0.148623306 0.851376694
KQ:/ccc/cc: 0.626496322 0.373503678 0.000000000
KQ:/ccc/cr: 0.000000000 0.594294158 0.405705842
KQ:/ccc/rc: 0.000000000 0.272480184 0.727519816
KQ:/ccc/rf: 0.000000000 0.631256629 0.368743371
KQ:/ccrcc/cc: 0.783259443 0.216740557 0.000000000
KQ:/ccrcc/cr: 0.000000000 0.361356224 0.638643776
KQ:/ccrcc/rc: 0.000000000 0.357829134 0.642170866
KQ:/ccrcc/rf: 0.000000000 0.815138897 0.184861103
KQ:/ccrcf/c: 0.479614882 0.520385118 0.000000000
KQ:/ccrcf/r: 0.000000000 0.823478240 0.176521760
KQ:/ccrfc/c: 0.010812439 0.989187561 0.000000000
KQ:/ccrfc/r: 0.000000000 0.831322752 0.168677248
KQ:/crcc/cc: 0.624564913 0.375435087 0.000000000
KQ:/crcc/cr: 0.000000000 0.019531952 0.980468048
KQ:/crcc/rc: 0.000000000 0.195680546 0.804319454
KQ:/crcc/rf: 0.000000000 0.201871464 0.798128536
KQ:/crcf/c: 0.020102094 0.979897906 0.000000000
KQ:/crcf/r: 0.000000000 0.751415522 0.248584478
KQ:/rcc/cc: 0.508242174 0.491757826 0.000000000
KQ:/rcc/cr: 0.000000000 0.731461509 0.268538491
KQ:/rcc/rc: 0.000000000 0.383711505 0.616288495
KQ:/rcc/rf: 0.000000000 0.630054717 0.369945283
KQ:/rfc/c: 0.077878340 0.922121660 0.000000000
KQ:/rfc/r: 0.000000000 0.877721326 0.122278674
KT:/ccc/cc: 0.657650509 0.342349491 0.000000000
KT:/ccc/cr: 0.000000000 0.713003700 0.286996300
KT:/ccc/rc: 0.000000000 0.447975895 0.552024105
KT:/ccc/rf: 0.000000000 0.497947926 0.502052074
KT:/ccrcc/cc: 0.270782305 0.729217695 0.000000000
KT:/ccrcc/cr: 0.000000000 0.643991651 0.356008349
KT:/ccrcc/rc: 0.000000000 0.939445617 0.060554383
KT:/ccrcc/rf: 0.000000000 0.549104363 0.450895637
KT:/ccrcf/c: 0.505674471 0.494325529 0.000000000
KT:/ccrcf/r: 0.000000000 0.173728747 0.826271253
KT:/ccrfc/c: 0.257124547 0.742875453 0.000000000
KT:/ccrfc/r: 0.000000000 0.901952893 0.098047107
KT:/crcc/cc: 0.254556906 0.745443094 0.000000000
KT:/crcc/cr: 0.000000000 0.837366954 0.162633046
KT:/crcc/rc: 0.000000000 0.510233231 0.489766769
KT:/crcc/rf: 0.000000000 0.451516620 0.548483380
KT:/crcf/c: 0.888080100 0.111919900 0.000000000
KT:/crcf/r: 0.000000000 0.999999591 0.000000409
KT:/rcc/cc: 0.420046433 0.579953567 0.000000000
KT:/rcc/cr: 0.000000000 0.462441871 0.537558129
KT:/rcc/rc: 0.000000000 0.686701917 0.313298083
KT:/rcc/rf: 0.000000000 0.394826980 0.605173020
KT:/rfc/c: 0.803967584 0.196032416 0.000000000
KT:/rfc/r: 0.000000000 0.296524340 0.703475660
Q:/cc: 0.365073393 0.634926607 0.000000000
Q:/cr: 0.000000000 0.999999213 0.000000787
Q:/rc: 0.000000000 0.132584482 0.867415518
Q:/rf: 0.000000000 0.905928082 0.094071918
QA:/ccc/cc: 0.638091828 0.361908172 0.000000000
QA:/ccc/cr: 0.000000000 0.630776015 0.369223985
QA:/ccc/rc: 0.000000000 0.797538761 0.202461239
QA:/ccc/rf: 0.000000000 0.405061888 0.594938112
QA:/ccrcc/cc: 0.309446770 0.690553230 0.000000000
QA:/ccrcc/cr: 0.000000000 0.506048187 0.493951813
QA:/ccrcc/rc: 0.000000000 0.248226001 0.751773999
QA:/ccrcc/rf: 0.000000000 0.031563767 0.968436233
QA:/ccrcf/c: 0.661901259 0.338098741 0.000000000
QA:/ccrcf/r: 0.000000000 0.505672798 0.494327202
QA:/ccrfc/c: 0.565708453 0.434291547 0.000000000
QA:/ccrfc/r: 0.000000000 0.875996027 0.124003973
QA:/crcc/cc: 0.689427303 0.310572697 0.000000000
QA:/crcc/cr: 0.000000000 0.399700452 0.600299548
QA:/crcc/rc: 0.000000000 0.415632472 0.584367528
QA:/crcc/rf: 0.000000000 0.617488139 0.382511861
QA:/crcf/c: 0.837500473 0.162499527 0.000000000
QA:/crcf/r: 0.000000000 0.689228607 0.310771393
QA:/rcc/cc: 0.353416889 0.646583111 0.000000000
QA:/rcc/cr: 0.000000000 0.994612100 0.005387900
QA:/rcc/rc: 0.000000000 0.000000000 1.000000000
QA:/rcc/rf: 0.000000000 0.882327905 0.117672095
QA:/rfc/c: 0.675945541 0.324054459 0.000000000
QA:/rfc/r: 0.000000000 0.742569845 0.257430155
QJ:/ccc/cc: 0.204868770 0.795131230 0.000000000
QJ:/ccc/cr: 0.000000000 0.471929146 0.528070854
QJ:/ccc/rc: 0.000000000 0.418346047 0.581653953
QJ:/ccc/rf: 0.000000000 0.618486880 0.381513120
QJ:/ccrcc/cc: 0.340413450 0.659586550 0.000000000
QJ:/ccrcc/cr: 0.000000000 0.405639131 0.594360869
QJ:/ccrcc/rc: 0.000000000 0.737102857 0.262897143
QJ:/ccrcc/rf: 0.000000000 0.438363538 0.561636462
QJ:/ccrcf/c: 0.484214240 0.515785760 0.000000000
QJ:/ccrcf/r: 0.000000000 0.081027753 0.918972247
QJ:/ccrfc/c: 0.449720264 0.550279736 0.000000000
QJ:/ccrfc/r: 0.000000000 0.235016624 0.764983376
QJ:/crcc/cc: 0.587662529 0.412337471 0.000000000
QJ:/crcc/cr: 0.000000000 0.509029847 0.490970153
QJ:/crcc/rc: 0.000000000 0.667837206 0.332162794
QJ:/crcc/rf: 0.000000000 0.259761713 0.740238287
QJ:/crcf/c: 0.633635011 0.366364989 0.000000000
QJ:/crcf/r: 0.000000000 0.876399788 0.123600212
QJ:/rcc/cc: 0.125720021 0.874279979 0.000000000
QJ:/rcc/cr: 0.000000000 0.027711711 0.972288289
QJ:/rcc/rc: 0.000000000 0.000000000 1.000000000
QJ:/rcc/rf: 0.000000000 0.283500312 0.716499688
QJ:/rfc/c: 0.901900176 0.098099824 0.000000000
QJ:/rfc/r: 0.000000000 0.458940401 0.541059599
QK:/ccc/cc: 0.168618792 0.831381208 0.000000000
QK:/ccc/cr: 0.000000000 0.413238862 0.586761138
QK:/ccc/rc: 0.000000000 0.496137688 0.503862312
QK:/ccc/rf: 0.000000000 0.500809635 0.499190365
QK:/ccrcc/cc: 0.543013268 0.456986732 0.000000000
QK:/ccrcc/cr: 0.000000000 0.692473574 0.307526426
QK:/ccrcc/rc: 0.000000000 0.384065858 0.615934142
QK:/ccrcc/rf: 0.000000000 0.238544514 0.761455486
QK:/ccrcf/c: 0.059866904 0.940133096 0.000000000
QK:/ccrcf/r: 0.000000000 0.508465922 0.491534078
QK:/ccrfc/c: 0.315297183 0.684702817 0.000000000
QK:/ccrfc/r: 0.000000000 0.512772308 0.487227692
QK:/crcc/cc: 0.027781805 0.972218195 0.000000000
QK:/crcc/cr: 0.000000000 0.392019809 0.607980191
QK:/crcc/rc: 0.000000000 0.207886299 0.792113701
QK:/crcc/rf: 0.000000000 0.509965697 0.490034303
QK:/crcf/c: 0.580291586 0.419708414 0.000000000
QK:/crcf/r: 0.000000000 0.833508951 0.166491049
QK:/rcc/cc: 0.103217386 0.896782614 0.000000000
QK:/rcc/cr: 0.000000000 0.001484744 0.998515256
QK:/rcc/rc: 0.000000000 0.680668222 0.319331778
QK:/rcc/rf: 0.000000000 0.678939403 0.321060597
QK:/rfc/c: 0.375611044 0.624388956 0.000000000
QK:/rfc/r: 0.000000000 0.738906999 0.261093001
QT:/ccc/cc: 0.456685078 0.543314922 0.000000000
QT:/ccc/cr: 0.000000000 0.224753127 0.775246873
QT:/ccc/rc: 0.000000000 0.889095060 0.110904940
QT:/ccc/rf: 0.000000000 0.966420533 0.033579467
QT:/ccrcc/cc: 0.542223716 0.457776284 0.000000000
QT:/ccrcc/cr: 0.000000000 0.358139212 0.641860788
QT:/ccrcc/rc: 0.000000000 0.729724444 0.270275556
QT:/ccrcc/rf: 0.000000000 0.456307187 0.543692813
QT:/ccrcf/c: 0.274554541 0.725445459 0.000000000
QT:/ccrcf/r: 0.000000000 0.738708914 0.261291086
QT:/ccrfc/c: 0.863248496 0.136751504 0.000000000
QT:/ccrfc/r: 0.000000000 0.281571394 0.718428606
QT:/crcc/cc: 0.487477453 0.512522547 0.000000000
QT:/crcc/cr: 0.000000000 0.829511970 0.170488030
QT:/crcc/rc: 0.000000000 0.585142996 0.414857004
QT:/crcc/rf: 0.000000000 0.318700431 0.681299569
QT:/crcf/c: 0.932216287 0.067783713 0.000000000
QT:/crcf/r: 0.000000000 0.074001588 0.925998412
QT:/rcc/cc: 0.998150435 0.001849565 0.000000000
QT:/rcc/cr: 0.000000000 0.000505882 0.999494118
QT:/rcc/rc: 0.000000000 0.866889855 0.133110145
QT:/rcc/rf: 0.000000000 0.612699430 0.387300570
QT:/rfc/c: 0.107221835 0.892778165 0.000000000
QT:/rfc/r: 0.000000000 0.661786760 0.338213240
T:/cc: 0.218652012 0.781347988 0.000000000
T:/cr: 0.000000000 0.491808153 0.508191847
T:/rc: 0.000000000 0.054717286 0.945282714
T:/rf: 0.000000000 0.847518045 0.152481955
TA:/ccc/cc: 0.619417408 0.380582592 0.000000000
TA:/ccc/cr: 0.000000000 0.860138864 0.139861136
TA:/ccc/rc: 0.000000000 0.590808195 0.409191805
TA:/ccc/rf: 0.000000000 0.541776577 0.458223423
TA:/ccrcc/cc: 0.584475998 0.415524002 0.000000000
TA:/ccrcc/cr: 0.000000000 0.731861596 0.268138404
TA:/ccrcc/rc: 0.000000000 0.267575752 0.732424248
TA:/ccrcc/rf: 0.000000000 0.300557649 0.699442351
TA:/ccrcf/c: 0.359626544 0.640373456 0.000000000
TA:/ccrcf/r: 0.000000000 0.754522898 0.245477102
TA:/ccrfc/c: 0.354932934 0.645067066 0.000000000
TA:/ccrfc/r: 0.000000000 0.626043836 0.373956164
TA:/crcc/cc: 0.702162967 0.297837033 0.000000000
TA:/crcc/cr: 0.000000000 0.161162260 0.838837740
TA:/crcc/rc: 0.000000000 0.744599301 0.255400699
TA:/crcc/rf: 0.000000000 0.060907944 0.939092056
TA:/crcf/c: 0.647550658 0.352449342 0.000000000
TA:/crcf/r: 0.000000000 0.474315886 0.525684114
TA:/rcc/cc: 0.209261684 0.790738316 0.000000000
TA:/rcc/cr: 0.000000000 1.000000000 0.000000000
TA:/rcc/rc: 0.000000000 0.000000000 1.000000000
TA:/rcc/rf: 0.000000000 0.231909981 0.768090019
TA:/rfc/c: 0.594389358 0.405610642 0.000000000
TA:/rfc/r: 0.000000000 0.522791586 0.477208414
TJ:/ccc/cc: 0.692667117 0.307332883 0.000000000
TJ:/ccc/cr: 0.000000000 0.813653036 0.186346964
TJ:/ccc/rc: 0.000000000 0.922283144 0.077716856
TJ:/ccc/rf: 0.000000000 0.498835665 0.501164335
TJ:/ccrcc/cc: 0.691780048 0.308219952 0.000000000
TJ:/ccrcc/cr: 0.000000000 0.926785907 0.073214093
TJ:/ccrcc/rc: 0.000000000 0.526456265 0.473543735
TJ:/ccrcc/rf: 0.000000000 0.044678336 0.955321664
TJ:/ccrcf/c: 0.239095586 0.760904414 0.000000000
TJ:/ccrcf/r: 0.000000000 0.418797381 0.581202619
TJ:/ccrfc/c: 0.902191284 0.097808716 0.000000000
TJ:/ccrfc/r: 0.000000000 0.751600088 0.248399912
TJ:/crcc/cc: 0.426263347 0.573736653 0.000000000
TJ:/crcc/cr: 0.000000000 0.630423320 0.369576680
TJ:/crcc/rc: 0.000000000 0.402559000 0.597441000
TJ:/crcc/rf: 0.000000000 0.431158784 0.568841216
TJ:/crcf/c: 0.377196216 0.622803784 0.000000000
TJ:/crcf/r: 0.000000000 0.439862902 0.560137098
TJ:/rcc/cc: 0.383634514 0.616365486 0.000000000
TJ:/rcc/cr: 0.000000000 0.304652083 0.695347917
TJ:/rcc/rc: 0.000000000 0.000000000 1.000000000
TJ:/rcc/rf: 0.000000000 0.355390226 0.644609774
TJ:/rfc/c: 0.376128462 0.623871538 0.000000000
TJ:/rfc/r: 0.000000000 0.611596834 0.388403166
TK:/ccc/cc: 0.391574498 0.608425502 0.000000000
TK:/ccc/cr: 0.000000000 0.446989428 0.553010572
TK:/ccc/rc: 0.000000000 0.379081542 0.620918458
TK:/ccc/rf: 0.000000000 0.458895144 0.541104856
TK:/ccrcc/cc: 0.470420801 0.529579199 0.000000000
TK:/ccrcc/cr: 0.000000000 0.902957838 0.097042162
TK:/ccrcc/rc: 0.000000000 0.337029838 0.662970162
TK:/ccrcc/rf: 0.000000000 0.549804778 0.450195222
TK:/ccrcf/c: 0.460719386 0.539280614 0.000000000
TK:/ccrcf/r: 0.000000000 0.542946826 0.457053174
TK:/ccrfc/c: 0.662081171 0.337918829 0.000000000
TK:/ccrfc/r: 0.000000000 0.300424851 0.699575149
TK:/crcc/cc: 0.123210267 0.876789733 0.000000000
TK:/crcc/cr: 0.000000000 0.559652492 0.440347508
TK:/crcc/rc: 0.000000000 0.058641603 0.941358397
TK:/crcc/rf: 0.000000000 0.331780586 0.668219414
TK:/crcf/c: 0.434644615 0.565355385 0.000000000
TK:/crcf/r: 0.000000000 0.551510008 0.448489992
TK:/rcc/cc: 1.000000000 0.000000000 0.000000000
TK:/rcc/cr: 0.000000000 0.000000000 1.000000000
TK:/rcc/rc: 0.000000000 0.899636718 0.100363282
TK:/rcc/rf: 0.000000000 0.646404604 0.353595396
TK:/rfc/c: 0.981153744 0.018846256 0.000000000
TK:/rfc/r: 0.000000000 0.627476626 0.372523374
TQ:/ccc/cc: 0.336846685 0.663153315 0.000000000
TQ:/ccc/cr: 0.000000000 0.414227204 0.585772796
TQ:/ccc/rc: 0.000000000 0.185803701 0.814196299
TQ:/ccc/rf: 0.000000000 0.480559954 0.519440046
TQ:/ccrcc/cc: 0.030957383 0.969042617 0.000000000
TQ:/ccrcc/cr: 0.000000000 0.863061742 0.136938258
TQ:/ccrcc/rc: 0.000000000 0.643694896 0.356305104
TQ:/ccrcc/rf: 0.000000000 0.353527324 0.646472676
TQ:/ccrcf/c: 0.472441037 0.527558963 0.000000000
TQ:/ccrcf/r: 0.000000000 0.240296194 0.759703806
TQ:/ccrfc/c: 0.617027717 0.382972283 0.000000000
TQ:/ccrfc/r: 0.000000000 0.466696722 0.533303278
TQ:/crcc/cc: 0.663617372 0.336382628 0.000000000
TQ:/crcc/cr: 0.000000000 0.480309279 0.519690721
TQ:/crcc/rc: 0.000000000 0.859425954 0.140574046
TQ:/crcc/rf: 0.000000000 0.190154280 0.809845720
TQ:/crcf/c: 0.256562312 0.743437688 0.000000000
TQ:/crcf/r: 0.000000000 0.583582403 0.416417597
TQ:/rcc/cc: 1.000000000 0.000000000 0.000000000
TQ:/rcc/cr: 0.000000000 0.000000000 1.000000000
TQ:/rcc/rc: 0.000000000 0.000000000 1.000000000
TQ:/rcc/rf: 0.000000000 0.339740155 0.660259845
TQ:/rfc/c: 0.397694557 0.602305443 0.000000000
TQ:/rfc/r: 0.000000000 0.745502312 0.254497688
