9:/: 0.998746239 0.001253761 0.000000000
9:/cccr: 0.216179445 0.202914972 0.580905584
9:/cccrccrc: 0.000000000 0.473368399 0.526631601
9:/cccrccrf: 0.000000000 0.464507676 0.535492324
9:/cccrcfrc: 0.000000000 0.999997344 0.000002656
9:/cccrcfrf: 0.000000000 0.107457601 0.892542399
9:/cccrcrcc: 0.000000000 0.206589181 0.793410819
9:/cccrcrcf: 0.000000000 0.171309344 0.828690656
9:/cccrcrfc: 0.000000000 0.196386966 0.803613034
9:/cccrcrff: 0.000000000 0.594915161 0.405084839
9:/ccrc: 0.083417687 0.000000000 0.916582313
9:/ccrccrcc: 0.000000000 0.018996645 0.981003355
9:/ccrccrcf: 0.000000000 0.790034631 0.209965369
9:/ccrccrfc: 0.000000000 0.031165176 0.968834824
9:/ccrccrff: 0.000000000 0.302730944 0.697269056
9:/ccrf: 0.999750110 0.000249890 0.000000000
9:/ccrfcrc: 0.000000000 0.382978825 0.617021175
9:/ccrfcrf: 0.000000000 0.000000000 1.000000000
9:/ccrr: 0.000000000 0.000698916 0.999301084
9:/crcc: 0.088669018 0.470597875 0.440733107
9:/crcf: 0.138235286 0.078691018 0.783073697
9:/crcr: 0.000000000 0.000000000 1.000000000
9:/crfc: 0.049507683 0.231467974 0.719024342
9:/crff: 0.669096092 0.000000000 0.330903908
9:/crfr: 0.000000000 0.252446674 0.747553326
9:/crrc: 0.000000000 0.749059088 0.250940912
9:/crrf: 0.000000000 0.333910805 0.666089195
9:/rccr: 0.000000000 1.000000000 0.000000000
9:/rcfr: 0.000000000 0.000000000 1.000000000
9:/rcrc: 0.000000000 0.000000000 1.000000000
9:/rcrf: 0.000000000 0.311667722 0.688332278
9:/rfcr: 0.000000000 0.264021232 0.735978768
9:/rffr: 0.000000000 0.571155824 0.428844176
9:/rfrc: 0.000000000 0.320691578 0.679308422
9:/rfrf: 0.000000000 0.565505932 0.434494068
9:/rrcc: 0.000000000 0.266284259 0.733715741
9:/rrcf: 0.000000000 0.460920495 0.539079505
9:/rrfc: 0.000000000 0.215814629 0.784185371
9:/rrff: 0.000000000 0.000000000 1.000000000
A:/: 1.000000000 0.000000000 0.000000000
A:/cccr: 0.495919244 0.504080756 0.000000000
A:/cccrccrc: 0.000000000 0.000200734 0.999799266
A:/cccrccrf: 0.000000000 0.682232536 0.317767464
A:/cccrcfrc: 0.000000000 0.982171054 0.017828946
A:/cccrcfrf: 0.000000000 0.550042603 0.449957397
A:/cccrcrcc: 0.000000000 1.000000000 0.000000000
A:/cccrcrcf: 0.000000000 1.000000000 0.000000000
A:/cccrcrfc: 0.000000000 0.293945275 0.706054725
A:/cccrcrff: 0.000000000 0.337809668 0.662190332
A:/ccrc: 0.381013970 0.618358328 0.000627702
A:/ccrccrcc: 0.000000000 0.879054907 0.120945093
A:/ccrccrcf: 0.000000000 0.991909954 0.008090046
A:/ccrccrfc: 0.000000000 0.895951434 0.104048566
A:/ccrccrff: 0.000000000 0.975569719 0.024430281
A:/ccrf: 1.000000000 0.000000000 0.000000000
A:/ccrfcrc: 0.000000000 1.000000000 0.000000000
A:/ccrfcrf: 0.000000000 1.000000000 0.000000000
A:/ccrr: 0.000000000 0.998977922 0.001022078
A:/crcc: 0.515075866 0.291978789 0.192945345
A:/crcf: 0.559748570 0.213316851 0.226934579
A:/crcr: 0.000000000 0.799827495 0.200172505
A:/crfc: 0.534103228 0.465896772 0.000000000
A:/crff: 0.463776893 0.536223107 0.000000000
A:/crfr: 0.000000000 0.725162616 0.274837384
A:/crrc: 0.000000000 0.803434352 0.196565648
A:/crrf: 0.000000000 0.999998706 0.000001294
A:/rccr: 0.000000000 0.985719476 0.014280524
A:/rcfr: 0.000000000 1.000000000 0.000000000
A:/rcrc: 0.000000000 0.303036245 0.696963755
A:/rcrf: 0.000000000 0.441880976 0.558119024
A:/rfcr: 0.000000000 1.000000000 0.000000000
A:/rffr: 0.000000000 0.999213405 0.000786595
A:/rfrc: 0.000000000 1.000000000 0.000000000
A:/rfrf: 0.000000000 0.355260370 0.644739630
A:/rrcc: 0.000000000 1.000000000 0.000000000
A:/rrcf: 0.000000000 0.706639558 0.293360442
A:/rrfc: 0.000000000 0.999766341 0.000233659
A:/rrff: 0.000000000 1.000000000 0.000000000
J:/: 0.998601532 0.001398468 0.000000000
J:/cccr: 0.408246093 0.591753907 0.000000000
J:/cccrccrc: 0.000000000 0.995021209 0.004978791
J:/cccrccrf: 0.000000000 0.838770379 0.161229621
J:/cccrcfrc: 0.000000000 0.176523972 0.823476028
J:/cccrcfrf: 0.000000000 0.627321562 0.372678438
J:/cccrcrcc: 0.000000000 0.458758956 0.541241044
J:/cccrcrcf: 0.000000000 0.521684450 0.478315550
J:/cccrcrfc: 0.000000000 0.591253977 0.408746023
J:/cccrcrff: 0.000000000 0.000000000 1.000000000
J:/ccrc: 0.434966163 0.000000000 0.565033837
J:/ccrccrcc: 0.000000000 0.372449441 0.627550559
J:/ccrccrcf: 0.000000000 0.635754444 0.364245556
J:/ccrccrfc: 0.000000000 0.475710660 0.524289340
J:/ccrccrff: 0.000000000 0.934513286 0.065486714
J:/ccrf: 0.999709686 0.000290314 0.000000000
J:/ccrfcrc: 0.000000000 0.363017043 0.636982957
J:/ccrfcrf: 0.000000000 0.885376300 0.114623700
J:/ccrr: 0.000000000 0.303335005 0.696664995
J:/crcc: 0.391717443 0.000000000 0.608282557
J:/crcf: 0.601222161 0.139185303 0.259592537
J:/crcr: 0.000000000 0.000000000 1.000000000
J:/crfc: 0.000015565 0.735198350 0.264786085
J:/crff: 0.357441381 0.642558619 0.000000000
J:/crfr: 0.000000000 0.634153828 0.365846172
J:/crrc: 0.000000000 0.499821349 0.500178651
J:/crrf: 0.000000000 0.743634585 0.256365415
J:/rccr: 0.000000000 0.896502146 0.103497854
J:/rcfr: 0.000000000 0.000000000 1.000000000
J:/rcrc: 0.000000000 0.000000000 1.000000000
J:/rcrf: 0.000000000 0.435238683 0.564761317
J:/rfcr: 0.000000000 0.980033592 0.019966408
J:/rffr: 0.000000000 0.977384985 0.022615015
J:/rfrc: 0.000000000 0.884554340 0.115445660
J:/rfrf: 0.000000000 0.380752758 0.619247242
J:/rrcc: 0.000000000 0.188521939 0.811478061
J:/rrcf: 0.000000000 0.044369368 0.955630632
J:/rrfc: 0.000000000 0.000000000 1.000000000
J:/rrff: 0.000000000 0.041071250 0.958928750
K:/: 0.999335210 0.000664790 0.000000000
K:/cccr: 0.323041274 0.676958726 0.000000000
K:/cccrccrc: 0.000000000 0.069680638 0.930319362
K:/cccrccrf: 0.000000000 0.605526429 0.394473571
K:/cccrcfrc: 0.000000000 0.790241239 0.209758761
K:/cccrcfrf: 0.000000000 0.660719531 0.339280469
K:/cccrcrcc: 0.000000000 0.362317489 0.637682511
K:/cccrcrcf: 0.000000000 0.561986332 0.438013668
K:/cccrcrfc: 0.000000000 0.562031794 0.437968206
K:/cccrcrff: 0.000000000 0.523316094 0.476683906
K:/ccrc: 0.993008725 0.006782936 0.000208340
K:/ccrccrcc: 0.000000000 0.376705750 0.623294250
K:/ccrccrcf: 0.000000000 0.833389332 0.166610668
K:/ccrccrfc: 0.000000000 0.840725482 0.159274518
K:/ccrccrff: 0.000000000 0.999781933 0.000218067
K:/ccrf: 0.348844420 0.651155580 0.000000000
K:/ccrfcrc: 0.000000000 1.000000000 0.000000000
K:/ccrfcrf: 0.000000000 0.999937336 0.000062664
K:/ccrr: 0.000000000 0.999943331 0.000056669
K:/crcc: 0.374843004 0.398653073 0.226503923
K:/crcf: 0.688390560 0.279075988 0.032533452
K:/crcr: 0.000000000 0.787405788 0.212594212
K:/crfc: 0.407091821 0.419484089 0.173424090
K:/crff: 0.696202765 0.303797235 0.000000000
K:/crfr: 0.000000000 1.000000000 0.000000000
K:/crrc: 0.000000000 0.792814942 0.207185058
K:/crrf: 0.000000000 0.515276050 0.484723950
K:/rccr: 0.000000000 1.000000000 0.000000000
K:/rcfr: 0.000000000 0.647639422 0.352360578
K:/rcrc: 0.000000000 0.982082918 0.017917082
K:/rcrf: 0.000000000 0.762447588 0.237552412
K:/rfcr: 0.000000000 0.658554824 0.341445176
K:/rffr: 0.000000000 0.995840736 0.004159264
K:/rfrc: 0.000000000 0.917665281 0.082334719
K:/rfrf: 0.000000000 0.663547182 0.336452818
K:/rrcc: 0.000000000 0.842423241 0.157576759
K:/rrcf: 0.000000000 0.095537193 0.904462807
K:/rrfc: 0.000000000 0.748615619 0.251384381
K:/rrff: 0.000000000 0.999154590 0.000845410
Q:/: 0.998424333 0.001575667 0.000000000
Q:/cccr: 0.000199274 0.999787219 0.000013507
Q:/cccrccrc: 0.000000000 0.453860919 0.546139081
Q:/cccrccrf: 0.000000000 0.664317614 0.335682386
Q:/cccrcfrc: 0.000000000 0.568070811 0.431929189
Q:/cccrcfrf: 0.000000000 0.467117675 0.532882325
Q:/cccrcrcc: 0.000000000 0.521200701 0.478799299
Q:/cccrcrcf: 0.000000000 0.830940928 0.169059072
Q:/cccrcrfc: 0.000000000 0.729657884 0.270342116
Q:/cccrcrff: 0.000000000 0.463348178 0.536651822
Q:/ccrc: 0.602713916 0.000000000 0.397286084
Q:/ccrccrcc: 0.000000000 0.009878870 0.990121130
Q:/ccrccrcf: 0.000000000 0.735979321 0.264020679
Q:/ccrccrfc: 0.000000000 0.419468540 0.580531460
Q:/ccrccrff: 0.000000000 0.817942147 0.182057853
Q:/ccrf: 0.668915166 0.331084834 0.000000000
Q:/ccrfcrc: 0.000000000 0.742842246 0.257157754
Q:/ccrfcrf: 0.000000000 1.000000000 0.000000000
Q:/ccrr: 0.000000000 1.000000000 0.000000000
Q:/crcc: 0.451479575 0.416342154 0.132178271
Q:/crcf: 0.398784517 0.215268414 0.385947070
Q:/crcr: 0.000000000 0.927891354 0.072108646
Q:/crfc: 0.068030309 0.663884075 0.268085616
Q:/crff: 0.665147006 0.174025993 0.160827001
Q:/crfr: 0.000000000 0.358980696 0.641019304
Q:/crrc: 0.000000000 0.065548990 0.934451010
Q:/crrf: 0.000000000 0.272665529 0.727334471
Q:/rccr: 0.000000000 0.615961364 0.384038636
Q:/rcfr: 0.000000000 0.000029193 0.999970807
Q:/rcrc: 0.000000000 0.477177628 0.522822372
Q:/rcrf: 0.000000000 0.081410924 0.918589076
Q:/rfcr: 0.000000000 0.690641678 0.309358322
Q:/rffr: 0.000000000 0.641260484 0.358739516
Q:/rfrc: 0.000000000 0.724025951 0.275974049
Q:/rfrf: 0.000000000 0.845050683 0.154949317
Q:/rrcc: 0.000000000 0.041695104 0.958304896
Q:/rrcf: 0.000000000 0.381621095 0.618378905
Q:/rrfc: 0.000000000 0.000000000 1.000000000
Q:/rrff: 0.000000000 0.451582161 0.548417839
T:/: 0.998832073 0.001167927 0.000000000
T:/cccr: 0.572746505 0.427220139 0.000033356
T:/cccrccrc: 0.000000000 0.513565961 0.486434039
T:/cccrccrf: 0.000000000 0.883485515 0.116514485
T:/cccrcfrc: 0.000000000 0.751352368 0.248647632
T:/cccrcfrf: 0.000000000 0.430945017 0.569054983
T:/cccrcrcc: 0.000000000 0.221719183 0.778280817
T:/cccrcrcf: 0.000000000 0.000000000 1.000000000
T:/cccrcrfc: 0.000000000 0.378825846 0.621174154
T:/cccrcrff: 0.000000000 0.849750802 0.150249198
T:/ccrc: 0.272723949 0.000000000 0.727276051
T:/ccrccrcc: 0.000000000 0.427743104 0.572256896
T:/ccrccrcf: 0.000000000 0.391448667 0.608551333
T:/ccrccrfc: 0.000000000 0.284235706 0.715764294
T:/ccrccrff: 0.000000000 0.230175770 0.769824230
T:/ccrf: 0.721274114 0.278725886 0.000000000
T:/ccrfcrc: 0.000000000 0.089644830 0.910355170
T:/ccrfcrf: 0.000000000 0.131204230 0.868795770
T:/ccrr: 0.000000000 0.000646876 0.999353124
T:/crcc: 0.337644765 0.497501547 0.164853688
T:/crcf: 0.618357352 0.039034682 0.342607967
T:/crcr: 0.000000000 0.172938294 0.827061706
T:/crfc: 0.266119766 0.264231892 0.469648342
T:/crff: 0.631156858 0.368843142 0.000000000
T:/crfr: 0.000000000 0.054612276 0.945387724
T:/crrc: 0.000000000 0.093578888 0.906421112
T:/crrf: 0.000000000 0.357920769 0.642079231
T:/rccr: 0.000000000 0.809764876 0.190235124
T:/rcfr: 0.000000000 0.000000000 1.000000000
T:/rcrc: 0.000000000 0.158115453 0.841884547
T:/rcrf: 0.000000000 0.630210817 0.369789183
T:/rfcr: 0.000000000 0.276936215 0.723063785
T:/rffr: 0.000000000 0.089492008 0.910507992
T:/rfrc: 0.000000000 0.202635293 0.797364707
T:/rfrf: 0.000000000 0.732239227 0.267760773
T:/rrcc: 0.000000000 0.606535583 0.393464417
T:/rrcf: 0.000000000 0.388713766 0.611286234
T:/rrfc: 0.000000000 0.058632673 0.941367327
T:/rrff: 0.000000000 0.109330676 0.890669324
