9:/c: 0.346767950 0.653232050 0.000000000
9:/cccrc: 0.123911223 0.293148140 0.582940637
9:/cccrccrcc: 0.000000000 0.268724923 0.731275077
9:/cccrccrcf: 0.000000000 0.743064738 0.256935262
9:/cccrccrfc: 0.000000000 0.751683544 0.248316456
9:/cccrccrff: 0.000000000 0.905024718 0.094975282
9:/cccrf: 0.392888353 0.252164909 0.354946738
9:/cccrfcrc: 0.000000000 0.682836581 0.317163419
9:/cccrfcrf: 0.000000000 0.411237623 0.588762377
9:/cccrr: 0.000000000 0.220291046 0.779708954
9:/ccrcc: 0.325599771 0.181721209 0.492679019
9:/ccrcf: 0.226392721 0.605583743 0.168023535
9:/ccrcr: 0.000000000 0.574797007 0.425202993
9:/ccrfc: 0.365626851 0.493816428 0.140556720
9:/ccrff: 0.526280919 0.406928568 0.066790513
9:/ccrfr: 0.000000000 0.743138609 0.256861391
9:/ccrrc: 0.000000000 0.000013751 0.999986249
9:/ccrrf: 0.000000000 0.393197920 0.606802080
9:/crccr: 0.000000000 0.789285383 0.210714617
9:/crcfr: 0.000000000 0.639475344 0.360524656
9:/crcrc: 0.000000000 0.317298226 0.682701774
9:/crcrf: 0.000000000 0.049191036 0.950808964
9:/crfcr: 0.000000000 0.175907207 0.824092793
9:/crffr: 0.000000000 0.348061554 0.651938446
9:/crfrc: 0.000000000 0.116554429 0.883445571
9:/crfrf: 0.000000000 0.578312186 0.421687814
9:/crrcc: 0.000000000 0.697600166 0.302399834
9:/crrcf: 0.000000000 0.411621645 0.588378355
9:/crrfc: 0.000000000 0.589498844 0.410501156
9:/crrff: 0.000000000 0.645243997 0.354756003
9:/r: 0.121512699 0.878487301 0.000000000
9:/rccrc: 0.000000000 0.437894215 0.562105785
9:/rccrf: 0.000000000 0.782560428 0.217439572
9:/rcfrc: 0.000000000 0.409681864 0.590318136
9:/rcfrf: 0.000000000 0.386596388 0.613403612
9:/rcrcc: 0.000000000 0.582330874 0.417669126
9:/rcrcf: 0.000000000 0.426978382 0.573021618
9:/rcrfc: 0.000000000 0.056949074 0.943050926
9:/rcrff: 0.000000000 0.036087456 0.963912544
A:/c: 0.068794586 0.931205414 0.000000000
A:/cccrc: 0.669281299 0.166840648 0.163878054
A:/cccrccrcc: 0.000000000 0.488144417 0.511855583
A:/cccrccrcf: 0.000000000 0.443764580 0.556235420
A:/cccrccrfc: 0.000000000 0.580422225 0.419577775
A:/cccrccrff: 0.000000000 0.249184204 0.750815796
A:/cccrf: 0.183660210 0.313346846 0.502992944
A:/cccrfcrc: 0.000000000 0.891966327 0.108033673
A:/cccrfcrf: 0.000000000 0.364136269 0.635863731
A:/cccrr: 0.000000000 0.999999931 0.000000069
A:/ccrcc: 0.270445598 0.632568735 0.096985666
A:/ccrcf: 0.421184473 0.498122554 0.080692973
A:/ccrcr: 0.000000000 0.982007650 0.017992350
A:/ccrfc: 0.543187532 0.329422463 0.127390005
A:/ccrff: 0.513906426 0.470840524 0.015253050
A:/ccrfr: 0.000000000 0.999725130 0.000274870
A:/ccrrc: 0.000000000 1.000000000 0.000000000
A:/ccrrf: 0.000000000 0.871648232 0.128351768
A:/crccr: 0.000000000 1.000000000 0.000000000
A:/crcfr: 0.000000000 0.370801407 0.629198593
A:/crcrc: 0.000000000 0.728065726 0.271934274
A:/crcrf: 0.000000000 0.810933472 0.189066528
A:/crfcr: 0.000000000 0.661909739 0.338090261
A:/crffr: 0.000000000 0.999884171 0.000115829
A:/crfrc: 0.000000000 0.312483582 0.687516418
A:/crfrf: 0.000000000 0.219456621 0.780543379
A:/crrcc: 0.000000000 0.656985943 0.343014057
A:/crrcf: 0.000000000 0.632854081 0.367145919
A:/crrfc: 0.000000000 1.000000000 0.000000000
A:/crrff: 0.000000000 0.923367314 0.076632686
A:/r: 0.408473815 0.591526185 0.000000000
A:/rccrc: 0.000000000 0.999967560 0.000032440
A:/rccrf: 0.000000000 0.745244861 0.254755139
A:/rcfrc: 0.000000000 1.000000000 0.000000000
A:/rcfrf: 0.000000000 0.229192818 0.770807182
A:/rcrcc: 0.000000000 1.000000000 0.000000000
A:/rcrcf: 0.000000000 1.000000000 0.000000000
A:/rcrfc: 0.000000000 0.962410057 0.037589943
A:/rcrff: 0.000000000 1.000000000 0.000000000
J:/c: 0.000000000 1.000000000 0.000000000
J:/cccrc: 0.620136863 0.246005450 0.133857686
J:/cccrccrcc: 0.000000000 0.456760493 0.543239507
J:/cccrccrcf: 0.000000000 0.268599881 0.731400119
J:/cccrccrfc: 0.000000000 0.133233430 0.866766570
J:/cccrccrff: 0.000000000 0.425325903 0.574674097
J:/cccrf: 0.283441911 0.159457751 0.557100338
J:/cccrfcrc: 0.000000000 0.276670903 0.723329097
J:/cccrfcrf: 0.000000000 0.605725096 0.394274904
J:/cccrr: 0.000000000 0.616973818 0.383026182
J:/ccrcc: 0.303150860 0.210316148 0.486532992
J:/ccrcf: 0.352314623 0.424116347 0.223569030
J:/ccrcr: 0.000000000 0.516615112 0.483384888
J:/ccrfc: 0.181037327 0.273845526 0.545117147
J:/ccrff: 0.175465252 0.034216744 0.790318004
J:/ccrfr: 0.000000000 0.444768891 0.555231109
J:/ccrrc: 0.000000000 0.296411437 0.703588563
J:/ccrrf: 0.000000000 0.226996854 0.773003146
J:/crccr: 0.000000000 0.604642891 0.395357109
J:/crcfr: 0.000000000 0.215841460 0.784158540
J:/crcrc: 0.000000000 0.636479050 0.363520950
J:/crcrf: 0.000000000 0.898548728 0.101451272
J:/crfcr: 0.000000000 0.707005730 0.292994270
J:/crffr: 0.000000000 0.638191919 0.361808081
J:/crfrc: 0.000000000 0.760723360 0.239276640
J:/crfrf: 0.000000000 0.775789527 0.224210473
J:/crrcc: 0.000000000 0.847904372 0.152095628
J:/crrcf: 0.000000000 0.871570322 0.128429678
J:/crrfc: 0.000000000 0.323674480 0.676325520
J:/crrff: 0.000000000 0.250572192 0.749427808
J:/r: 0.000864408 0.999135592 0.000000000
J:/rccrc: 0.000000000 0.783145704 0.216854296
J:/rccrf: 0.000000000 0.265206723 0.734793277
J:/rcfrc: 0.000000000 0.301279952 0.698720048
J:/rcfrf: 0.000000000 0.008833851 0.991166149
J:/rcrcc: 0.000000000 0.000000000 1.000000000
J:/rcrcf: 0.000000000 0.277759799 0.722240201
J:/rcrfc: 0.000000000 0.000029448 0.999970552
J:/rcrff: 0.000000000 0.000000000 1.000000000
K:/c: 0.000000010 0.999999990 0.000000000
K:/cccrc: 0.445866190 0.233614883 0.320518928
K:/cccrccrcc: 0.000000000 0.520804743 0.479195257
K:/cccrccrcf: 0.000000000 0.626407387 0.373592613
K:/cccrccrfc: 0.000000000 0.357580019 0.642419981
K:/cccrccrff: 0.000000000 0.067148291 0.932851709
K:/cccrf: 0.393369909 0.389621052 0.217009039
K:/cccrfcrc: 0.000000000 0.942515249 0.057484751
K:/cccrfcrf: 0.000000000 0.697439634 0.302560366
K:/cccrr: 0.000000000 0.519472543 0.480527457
K:/ccrcc: 0.715569859 0.187225277 0.097204863
K:/ccrcf: 0.552094180 0.324139384 0.123766436
K:/ccrcr: 0.000000000 0.662962353 0.337037647
K:/ccrfc: 0.343843467 0.529862200 0.126294333
K:/ccrff: 0.502898047 0.497101953 0.000000000
K:/ccrfr: 0.000000000 0.111950725 0.888049275
K:/ccrrc: 0.000000000 0.447082151 0.552917849
K:/ccrrf: 0.000000000 0.112507995 0.887492005
K:/crccr: 0.000000000 0.735830802 0.264169198
K:/crcfr: 0.000000000 0.794094121 0.205905879
K:/crcrc: 0.000000000 0.752142248 0.247857752
K:/crcrf: 0.000000000 0.555544276 0.444455724
K:/crfcr: 0.000000000 0.778575554 0.221424446
K:/crffr: 0.000000000 0.809095455 0.190904545
K:/crfrc: 0.000000000 0.294769885 0.705230115
K:/crfrf: 0.000000000 0.270255852 0.729744148
K:/crrcc: 0.000000000 0.213623544 0.786376456
K:/crrcf: 0.000000000 0.623506395 0.376493605
K:/crrfc: 0.000000000 0.943309938 0.056690062
K:/crrff: 0.000000000 0.859457626 0.140542374
K:/r: 0.000000000 1.000000000 0.000000000
K:/rccrc: 0.000000000 0.309227194 0.690772806
K:/rccrf: 0.000000000 0.141684932 0.858315068
K:/rcfrc: 0.000000000 0.600888966 0.399111034
K:/rcfrf: 0.000000000 0.514781719 0.485218281
K:/rcrcc: 0.000000000 0.996996501 0.003003499
K:/rcrcf: 0.000000000 0.375930000 0.624070000
K:/rcrfc: 0.000000000 0.545930629 0.454069371
K:/rcrff: 0.000000000 0.741939478 0.258060522
Q:/c: 0.000000000 1.000000000 0.000000000
Q:/cccrc: 0.171135512 0.041463496 0.787400992
Q:/cccrccrcc: 0.000000000 0.673756031 0.326243969
Q:/cccrccrcf: 0.000000000 0.694224889 0.305775111
Q:/cccrccrfc: 0.000000000 0.525668579 0.474331421
Q:/cccrccrff: 0.000000000 0.608156030 0.391843970
Q:/cccrf: 0.507208804 0.104002580 0.388788617
Q:/cccrfcrc: 0.000000000 0.340326201 0.659673799
Q:/cccrfcrf: 0.000000000 0.833071357 0.166928643
Q:/cccrr: 0.000000000 0.657361583 0.342638417
Q:/ccrcc: 0.246555161 0.539591154 0.213853684
Q:/ccrcf: 0.538089313 0.146336601 0.315574087
Q:/ccrcr: 0.000000000 0.377062150 0.622937850
Q:/ccrfc: 0.398041216 0.145758310 0.456200474
Q:/ccrff: 0.243736339 0.556960255 0.199303406
Q:/ccrfr: 0.000000000 0.936461994 0.063538006
Q:/ccrrc: 0.000000000 0.592400526 0.407599474
Q:/ccrrf: 0.000000000 0.529915715 0.470084285
Q:/crccr: 0.000000000 0.335141199 0.664858801
Q:/crcfr: 0.000000000 0.593394604 0.406605396
Q:/crcrc: 0.000000000 0.430531738 0.569468262
Q:/crcrf: 0.000000000 0.323102558 0.676897442
Q:/crfcr: 0.000000000 0.717241879 0.282758121
Q:/crffr: 0.000000000 0.529699860 0.470300140
Q:/crfrc: 0.000000000 0.806479039 0.193520961
Q:/crfrf: 0.000000000 0.978221585 0.021778415
Q:/crrcc: 0.000000000 0.943701140 0.056298860
Q:/crrcf: 0.000000000 0.460619567 0.539380433
Q:/crrfc: 0.000000000 0.584524141 0.415475859
Q:/crrff: 0.000000000 0.657260437 0.342739563
Q:/r: 0.000000000 1.000000000 0.000000000
Q:/rccrc: 0.000000000 0.813560442 0.186439558
Q:/rccrf: 0.000000000 0.680912546 0.319087454
Q:/rcfrc: 0.000000000 0.609683469 0.390316531
Q:/rcfrf: 0.000000000 0.496171011 0.503828989
Q:/rcrcc: 0.000000000 0.695436113 0.304563887
Q:/rcrcf: 0.000000000 0.000000000 1.000000000
Q:/rcrfc: 0.000000000 0.274954015 0.725045985
Q:/rcrff: 0.000000000 0.000003448 0.999996552
T:/c: 0.094608376 0.905391624 0.000000000
T:/cccrc: 0.328501567 0.380547983 0.290950450
T:/cccrccrcc: 0.000000000 0.517222581 0.482777419
T:/cccrccrcf: 0.000000000 0.672088043 0.327911957
T:/cccrccrfc: 0.000000000 0.419315077 0.580684923
T:/cccrccrff: 0.000000000 0.334446158 0.665553842
T:/cccrf: 0.055773260 0.758764506 0.185462234
T:/cccrfcrc: 0.000000000 0.049385104 0.950614896
T:/cccrfcrf: 0.000000000 0.637682739 0.362317261
T:/cccrr: 0.000000000 0.726961275 0.273038725
T:/ccrcc: 0.309766797 0.445312568 0.244920635
T:/ccrcf: 0.424863696 0.104819209 0.470317095
T:/ccrcr: 0.000000000 0.203367534 0.796632466
T:/ccrfc: 0.286247685 0.409605021 0.304147294
T:/ccrff: 0.056874053 0.428453055 0.514672892
T:/ccrfr: 0.000000000 0.368106244 0.631893756
T:/ccrrc: 0.000000000 0.185803004 0.814196996
T:/ccrrf: 0.000000000 0.477504014 0.522495986
T:/crccr: 0.000000000 0.806252016 0.193747984
T:/crcfr: 0.000000000 0.465694459 0.534305541
T:/crcrc: 0.000000000 0.330048469 0.669951531
T:/crcrf: 0.000000000 0.422529048 0.577470952
T:/crfcr: 0.000000000 0.538099932 0.461900068
T:/crffr: 0.000000000 0.193173854 0.806826146
T:/crfrc: 0.000000000 0.399553892 0.600446108
T:/crfrf: 0.000000000 0.114245463 0.885754537
T:/crrcc: 0.000000000 0.188046305 0.811953695
T:/crrcf: 0.000000000 0.454941730 0.545058270
T:/crrfc: 0.000000000 0.865494577 0.134505423
T:/crrff: 0.000000000 0.436546154 0.563453846
T:/r: 0.001001309 0.998971991 0.000026700
T:/rccrc: 0.000000000 0.273881197 0.726118803
T:/rccrf: 0.000000000 0.581562330 0.418437670
T:/rcfrc: 0.000000000 0.357943194 0.642056806
T:/rcfrf: 0.000000000 0.561037765 0.438962235
T:/rcrcc: 0.000000000 0.164568194 0.835431806
T:/rcrcf: 0.000000000 0.099508236 0.900491764
T:/rcrfc: 0.000000000 0.000016264 0.999983736
T:/rcrff: 0.000000000 0.000009826 0.999990174
