9:/cc: 0.780791157 0.219208843 0.000000000
9:/cccrcc: 0.247093954 0.454109757 0.298796289
9:/cccrcf: 0.934765615 0.034703391 0.030530994
9:/cccrcr: 0.000000000 0.667034310 0.332965690
9:/cccrfc: 0.416905540 0.194890565 0.388203895
9:/cccrff: 0.081439142 0.841736421 0.076824437
9:/cccrfr: 0.000000000 0.335686179 0.664313821
9:/cccrrc: 0.000000000 0.901320897 0.098679103
9:/cccrrf: 0.000000000 0.521243126 0.478756874
9:/ccrccr: 0.000000000 0.623223978 0.376776022
9:/ccrcfr: 0.000000000 0.565034477 0.434965523
9:/ccrcrc: 0.000000000 0.319861473 0.680138527
9:/ccrcrf: 0.000000000 0.541990445 0.458009555
9:/ccrfcr: 0.000000000 0.688653810 0.311346190
9:/ccrffr: 0.000000000 0.532751633 0.467248367
9:/ccrfrc: 0.000000000 0.422811109 0.577188891
9:/ccrfrf: 0.000000000 0.517474946 0.482525054
9:/ccrrcc: 0.000000000 0.539893716 0.460106284
9:/ccrrcf: 0.000000000 0.155392438 0.844607562
9:/ccrrfc: 0.000000000 0.450271171 0.549728829
9:/ccrrff: 0.000000000 0.536974896 0.463025104
9:/cr: 0.503331834 0.065215296 0.431452870
9:/crccrc: 0.000000000 0.096513199 0.903486801
9:/crccrf: 0.000000000 0.890212080 0.109787920
9:/crcfrc: 0.000000000 0.143224200 0.856775800
9:/crcfrf: 0.000000000 0.191339704 0.808660296
9:/crcrcc: 0.000000000 0.977581693 0.022418307
9:/crcrcf: 0.000000000 0.940344791 0.059655209
9:/crcrfc: 0.000000000 0.518851743 0.481148257
9:/crcrff: 0.000000000 0.840847392 0.159152608
9:/rc: 0.000127290 0.000000000 0.999872710
9:/rccrcc: 0.000000000 0.005225666 0.994774334
9:/rccrcf: 0.000000000 0.000000000 1.000000000
9:/rccrfc: 0.000000000 0.000000000 1.000000000
9:/rccrff: 0.000000000 0.118990049 0.881009951
9:/rf: 0.259406134 0.000951583 0.739642283
9:/rfcrc: 0.000000000 0.291116720 0.708883280
9:/rfcrf: 0.000000000 0.841177881 0.158822119
9:/rr: 0.000000000 0.000000000 1.000000000
A:/cc: 0.450498748 0.549501252 0.000000000
A:/cccrcc: 0.367782881 0.307600261 0.324616858
A:/cccrcf: 0.400670260 0.451862156 0.147467584
A:/cccrcr: 0.000000000 0.521625013 0.478374987
A:/cccrfc: 0.080044242 0.409004161 0.510951597
A:/cccrff: 0.000004180 0.421103486 0.578892334
A:/cccrfr: 0.000000000 0.095724169 0.904275831
A:/cccrrc: 0.000000000 0.793548215 0.206451785
A:/cccrrf: 0.000000000 0.476769646 0.523230354
A:/ccrccr: 0.000000000 0.593570901 0.406429099
A:/ccrcfr: 0.000000000 0.734025012 0.265974988
A:/ccrcrc: 0.000000000 0.575672282 0.424327718
A:/ccrcrf: 0.000000000 0.151327692 0.848672308
A:/ccrfcr: 0.000000000 0.696850457 0.303149543
A:/ccrffr: 0.000000000 0.433447888 0.566552112
A:/ccrfrc: 0.000000000 0.843849715 0.156150285
A:/ccrfrf: 0.000000000 0.594642637 0.405357363
A:/ccrrcc: 0.000000000 0.314773825 0.685226175
A:/ccrrcf: 0.000000000 0.730338823 0.269661177
A:/ccrrfc: 0.000000000 0.504795828 0.495204172
A:/ccrrff: 0.000000000 0.321574124 0.678425876
A:/cr: 0.418644652 0.360339065 0.221016283
A:/crccrc: 0.000000000 0.026113525 0.973886475
A:/crccrf: 0.000000000 0.358940093 0.641059907
A:/crcfrc: 0.000000000 0.384673338 0.615326662
A:/crcfrf: 0.000000000 0.357894652 0.642105348
A:/crcrcc: 0.000000000 0.316436232 0.683563768
A:/crcrcf: 0.000000000 0.690640045 0.309359955
A:/crcrfc: 0.000000000 0.933161925 0.066838075
A:/crcrff: 0.000000000 0.400324935 0.599675065
A:/rc: 0.071447104 0.928552896 0.000000000
A:/rccrcc: 0.000000000 0.955627734 0.044372266
A:/rccrcf: 0.000000000 1.000000000 0.000000000
A:/rccrfc: 0.000000000 0.228004729 0.771995271
A:/rccrff: 0.000000000 0.246589009 0.753410991
A:/rf: 0.943354201 0.056645799 0.000000000
A:/rfcrc: 0.000000000 1.000000000 0.000000000
A:/rfcrf: 0.000000000 1.000000000 0.000000000
A:/rr: 0.000000000 0.999826346 0.000173654
J:/cc: 0.480273777 0.519726223 0.000000000
J:/cccrcc: 0.378154189 0.406009880 0.215835931
J:/cccrcf: 0.102661702 0.517784339 0.379553959
J:/cccrcr: 0.000000000 0.697011668 0.302988332
J:/cccrfc: 0.292382127 0.407593404 0.300024469
J:/cccrff: 0.414210189 0.130379528 0.455410283
J:/cccrfr: 0.000000000 0.593357233 0.406642767
J:/cccrrc: 0.000000000 0.757728093 0.242271907
J:/cccrrf: 0.000000000 0.666689483 0.333310517
J:/ccrccr: 0.000000000 0.169477612 0.830522388
J:/ccrcfr: 0.000000000 0.784855564 0.215144436
J:/ccrcrc: 0.000000000 0.487836983 0.512163017
J:/ccrcrf: 0.000000000 0.438591941 0.561408059
J:/ccrfcr: 0.000000000 0.404249506 0.595750494
J:/ccrffr: 0.000000000 0.210921542 0.789078458
J:/ccrfrc: 0.000000000 0.972429101 0.027570899
J:/ccrfrf: 0.000000000 0.820244405 0.179755595
J:/ccrrcc: 0.000000000 0.651794093 0.348205907
J:/ccrrcf: 0.000000000 0.348810571 0.651189429
J:/ccrrfc: 0.000000000 0.748026135 0.251973865
J:/ccrrff: 0.000000000 0.519662012 0.480337988
J:/cr: 0.324715456 0.039646013 0.635638531
J:/crccrc: 0.000000000 0.412676241 0.587323759
J:/crccrf: 0.000000000 0.470975813 0.529024187
J:/crcfrc: 0.000000000 0.718353364 0.281646636
J:/crcfrf: 0.000000000 0.570551493 0.429448507
J:/crcrcc: 0.000000000 0.484920909 0.515079091
J:/crcrcf: 0.000000000 0.668446892 0.331553108
J:/crcrfc: 0.000000000 0.723735757 0.276264243
J:/crcrff: 0.000000000 0.562807828 0.437192172
J:/rc: 0.000180584 0.000000000 0.999819416
J:/rccrcc: 0.000000000 0.000000000 1.000000000
J:/rccrcf: 0.000000000 0.000000000 1.000000000
J:/rccrfc: 0.000000000 0.200503462 0.799496538
J:/rccrff: 0.000000000 0.931172342 0.068827658
J:/rf: 0.356184584 0.001048261 0.642767156
J:/rfcrc: 0.000000000 0.906350876 0.093649124
J:/rfcrf: 0.000000000 0.525523302 0.474476698
J:/rr: 0.000000000 0.000000000 1.000000000
K:/cc: 0.963060700 0.036939300 0.000000000
K:/cccrcc: 0.556452746 0.174208584 0.269338670
K:/cccrcf: 0.448714463 0.381061039 0.170224498
K:/cccrcr: 0.000000000 0.794552846 0.205447154
K:/cccrfc: 0.354265883 0.497629998 0.148104119
K:/cccrff: 0.321667801 0.338378183 0.339954015
K:/cccrfr: 0.000000000 0.086067515 0.913932485
K:/cccrrc: 0.000000000 0.406459517 0.593540483
K:/cccrrf: 0.000000000 0.277333392 0.722666608
K:/ccrccr: 0.000000000 0.559581073 0.440418927
K:/ccrcfr: 0.000000000 0.707501135 0.292498865
K:/ccrcrc: 0.000000000 0.675930647 0.324069353
K:/ccrcrf: 0.000000000 0.748354615 0.251645385
K:/ccrfcr: 0.000000000 0.364736530 0.635263470
K:/ccrffr: 0.000000000 0.295391628 0.704608372
K:/ccrfrc: 0.000000000 0.842732553 0.157267447
K:/ccrfrf: 0.000000000 0.490561162 0.509438838
K:/ccrrcc: 0.000000000 0.216201614 0.783798386
K:/ccrrcf: 0.000000000 0.482807799 0.517192201
K:/ccrrfc: 0.000000000 0.000026958 0.999973042
K:/ccrrff: 0.000000000 0.271695308 0.728304692
K:/cr: 0.138292426 0.696898630 0.164808944
K:/crccrc: 0.000000000 0.572456916 0.427543084
K:/crccrf: 0.000000000 0.531597544 0.468402456
K:/crcfrc: 0.000000000 0.415401174 0.584598826
K:/crcfrf: 0.000000000 0.349841839 0.650158161
K:/crcrcc: 0.000000000 0.266620024 0.733379976
K:/crcrcf: 0.000000000 0.145442635 0.854557365
K:/crcrfc: 0.000000000 0.449650189 0.550349811
K:/crcrff: 0.000000000 0.563973469 0.436026531
K:/rc: 0.054035272 0.945964728 0.000000000
K:/rccrcc: 0.000000000 0.180590878 0.819409122
K:/rccrcf: 0.000000000 0.512054241 0.487945759
K:/rccrfc: 0.000000000 0.234697111 0.765302889
K:/rccrff: 0.000000000 0.364825270 0.635174730
K:/rf: 0.590263038 0.408721155 0.001015807
K:/rfcrc: 0.000000000 0.820224485 0.179775515
K:/rfcrf: 0.000000000 0.589747386 0.410252614
K:/rr: 0.000000000 0.000000000 1.000000000
Q:/cc: 0.163179322 0.836820678 0.000000000
Q:/cccrcc: 0.307219030 0.643581321 0.049199649
Q:/cccrcf: 0.226349180 0.393242709 0.380408111
Q:/cccrcr: 0.000000000 0.645598938 0.354401062
Q:/cccrfc: 0.053397971 0.560093945 0.386508084
Q:/cccrff: 0.265631210 0.386904120 0.347464671
Q:/cccrfr: 0.000000000 0.408468486 0.591531514
Q:/cccrrc: 0.000000000 0.462142291 0.537857709
Q:/cccrrf: 0.000000000 0.499769780 0.500230220
Q:/ccrccr: 0.000000000 0.167667192 0.832332808
Q:/ccrcfr: 0.000000000 0.744890185 0.255109815
Q:/ccrcrc: 0.000000000 0.577650082 0.422349918
Q:/ccrcrf: 0.000000000 0.790542275 0.209457725
Q:/ccrfcr: 0.000000000 0.806731058 0.193268942
Q:/ccrffr: 0.000000000 0.954901028 0.045098972
Q:/ccrfrc: 0.000000000 0.006592822 0.993407178
Q:/ccrfrf: 0.000000000 0.440171226 0.559828774
Q:/ccrrcc: 0.000000000 0.562970426 0.437029574
Q:/ccrrcf: 0.000000000 0.304141009 0.695858991
Q:/ccrrfc: 0.000000000 0.527003525 0.472996475
Q:/ccrrff: 0.000000000 0.079556563 0.920443437
Q:/cr: 0.201662694 0.321098438 0.477238868
Q:/crccrc: 0.000000000 0.124858843 0.875141157
Q:/crccrf: 0.000000000 0.754330152 0.245669848
Q:/crcfrc: 0.000000000 0.669308143 0.330691857
Q:/crcfrf: 0.000000000 0.098286873 0.901713127
Q:/crcrcc: 0.000000000 0.642423352 0.357576648
Q:/crcrcf: 0.000000000 0.656622704 0.343377296
Q:/crcrfc: 0.000000000 0.136500517 0.863499483
Q:/crcrff: 0.000000000 0.797542916 0.202457084
Q:/rc: 0.013635159 0.288694850 0.697669991
Q:/rccrcc: 0.000000000 0.000000000 1.000000000
Q:/rccrcf: 0.000000000 0.000000000 1.000000000
Q:/rccrfc: 0.000000000 0.469009887 0.530990113
Q:/rccrff: 0.000000000 0.218713894 0.781286106
Q:/rf: 0.276973164 0.023967188 0.699059648
Q:/rfcrc: 0.000000000 0.615364940 0.384635060
Q:/rfcrf: 0.000000000 0.779208152 0.220791848
Q:/rr: 0.000000000 0.000000000 1.000000000
T:/cc: 0.411089442 0.588910558 0.000000000
T:/cccrcc: 0.014907724 0.460838700 0.524253576
T:/cccrcf: 0.251321172 0.411868065 0.336810763
T:/cccrcr: 0.000000000 0.246140619 0.753859381
T:/cccrfc: 0.300923102 0.361580275 0.337496623
T:/cccrff: 0.234244859 0.233118401 0.532636740
T:/cccrfr: 0.000000000 0.296529221 0.703470779
T:/cccrrc: 0.000000000 0.784874100 0.215125900
T:/cccrrf: 0.000000000 0.457486985 0.542513015
T:/ccrccr: 0.000000000 0.050955629 0.949044371
T:/ccrcfr: 0.000000000 0.365536051 0.634463949
T:/ccrcrc: 0.000000000 0.646626540 0.353373460
T:/ccrcrf: 0.000000000 0.735144797 0.264855203
T:/ccrfcr: 0.000000000 0.481020254 0.518979746
T:/ccrffr: 0.000000000 0.252562589 0.747437411
T:/ccrfrc: 0.000000000 0.528875808 0.471124192
T:/ccrfrf: 0.000000000 0.571323940 0.428676060
T:/ccrrcc: 0.000000000 0.675961361 0.324038639
T:/ccrrcf: 0.000000000 0.561735615 0.438264385
T:/ccrrfc: 0.000000000 0.525958188 0.474041812
T:/ccrrff: 0.000000000 0.251560552 0.748439448
T:/cr: 0.107733105 0.345921935 0.546344960
T:/crccrc: 0.000000000 0.668543704 0.331456296
T:/crccrf: 0.000000000 0.557879003 0.442120997
T:/crcfrc: 0.000000000 0.664906706 0.335093294
T:/crcfrf: 0.000000000 0.639800590 0.360199410
T:/crcrcc: 0.000000000 0.576699332 0.423300668
T:/crcrcf: 0.000000000 0.451232953 0.548767047
T:/crcrfc: 0.000000000 0.283294018 0.716705982
T:/crcrff: 0.000000000 0.421028048 0.578971952
T:/rc: 0.000255964 0.000000000 0.999744036
T:/rccrcc: 0.000000000 0.140566316 0.859433684
T:/rccrcf: 0.000000000 0.000000000 1.000000000
T:/rccrfc: 0.000000000 0.236233771 0.763766229
T:/rccrff: 0.000000000 0.903335597 0.096664403
T:/rf: 0.001482677 0.520936803 0.477580520
T:/rfcrc: 0.000000000 0.213196846 0.786803154
T:/rfcrf: 0.000000000 0.299636305 0.700363695
T:/rr: 0.000000000 0.000000000 1.000000000
