9:/ccc: 0.000003961 0.999996039 0.000000000
9:/cccrccr: 0.000000000 0.420741701 0.579258299
9:/cccrcfr: 0.000000000 0.732962150 0.267037850
9:/cccrcrc: 0.000000000 0.260884008 0.739115992
9:/cccrcrf: 0.000000000 0.125460204 0.874539796
9:/cccrfcr: 0.000000000 0.238383687 0.761616313
9:/cccrffr: 0.000000000 0.281798854 0.718201146
9:/cccrfrc: 0.000000000 0.266640666 0.733359334
9:/cccrfrf: 0.000000000 0.545425250 0.454574750
9:/cccrrcc: 0.000000000 0.420406962 0.579593038
9:/cccrrcf: 0.000000000 0.188294361 0.811705639
9:/cccrrfc: 0.000000000 0.739760795 0.260239205
9:/cccrrff: 0.000000000 0.439031562 0.560968438
9:/ccr: 0.248253588 0.207436252 0.544310161
9:/ccrccrc: 0.000000000 0.489831321 0.510168679
9:/ccrccrf: 0.000000000 0.381095244 0.618904756
9:/ccrcfrc: 0.000000000 0.489792502 0.510207498
9:/ccrcfrf: 0.000000000 0.341354774 0.658645226
9:/ccrcrcc: 0.000000000 0.361799888 0.638200112
9:/ccrcrcf: 0.000000000 0.410353153 0.589646847
9:/ccrcrfc: 0.000000000 0.100100315 0.899899685
9:/ccrcrff: 0.000000000 0.030137349 0.969862651
9:/crc: 0.494653249 0.466680341 0.038666410
9:/crccrcc: 0.000000000 0.441729434 0.558270566
9:/crccrcf: 0.000000000 0.303181275 0.696818725
9:/crccrfc: 0.000000000 0.429663094 0.570336906
9:/crccrff: 0.000000000 0.689127380 0.310872620
9:/crf: 0.312292423 0.092925242 0.594782335
9:/crfcrc: 0.000000000 0.158153831 0.841846169
9:/crfcrf: 0.000000000 0.783968868 0.216031132
9:/crr: 0.000000000 0.372790404 0.627209596
9:/rcc: 0.017685064 0.000000000 0.982314936
9:/rcf: 0.245017587 0.000000000 0.754982413
9:/rcr: 0.000000000 0.000007434 0.999992566
9:/rfc: 0.002771404 0.183594214 0.813634383
9:/rff: 0.186459617 0.562854969 0.250685414
9:/rfr: 0.000000000 0.305827429 0.694172571
9:/rrc: 0.000000000 0.035105689 0.964894311
9:/rrf: 0.000000000 0.129173463 0.870826537
A:/ccc: 0.623326019 0.376673981 0.000000000
A:/cccrccr: 0.000000000 0.280251380 0.719748620
A:/cccrcfr: 0.000000000 0.909898966 0.090101034
A:/cccrcrc: 0.000000000 0.573594137 0.426405863
A:/cccrcrf: 0.000000000 0.637855646 0.362144354
A:/cccrfcr: 0.000000000 0.487325927 0.512674073
A:/cccrffr: 0.000000000 0.607123835 0.392876165
A:/cccrfrc: 0.000000000 0.283590242 0.716409758
A:/cccrfrf: 0.000000000 0.286868896 0.713131104
A:/cccrrcc: 0.000000000 0.755982524 0.244017476
A:/cccrrcf: 0.000000000 0.576531267 0.423468733
A:/cccrrfc: 0.000000000 0.826564152 0.173435848
A:/cccrrff: 0.000000000 0.517971976 0.482028024
A:/ccr: 0.996493071 0.003506929 0.000000000
A:/ccrccrc: 0.000000000 0.884251086 0.115748914
A:/ccrccrf: 0.000000000 0.325210650 0.674789350
A:/ccrcfrc: 0.000000000 0.616007336 0.383992664
A:/ccrcfrf: 0.000000000 0.041904382 0.958095618
A:/ccrcrcc: 0.000000000 0.451253144 0.548746856
A:/ccrcrcf: 0.000000000 0.344544473 0.655455527
A:/ccrcrfc: 0.000000000 0.543045362 0.456954638
A:/ccrcrff: 0.000000000 0.092112651 0.907887349
A:/crc: 0.512135175 0.487864825 0.000000000
A:/crccrcc: 0.000000000 0.849612311 0.150387689
A:/crccrcf: 0.000000000 1.000000000 0.000000000
A:/crccrfc: 0.000000000 0.487928283 0.512071717
A:/crccrff: 0.000000000 0.073186561 0.926813439
A:/crf: 0.706952643 0.293047357 0.000000000
A:/crfcrc: 0.000000000 0.279973397 0.720026603
A:/crfcrf: 0.000000000 0.367164844 0.632835156
A:/crr: 0.000000000 0.966644440 0.033355560
A:/rcc: 1.000000000 0.000000000 0.000000000
A:/rcf: 0.999970809 0.000029191 0.000000000
A:/rcr: 0.000000000 0.999970546 0.000029454
A:/rfc: 0.286241299 0.567788211 0.145970490
A:/rff: 0.781108737 0.121841098 0.097050165
A:/rfr: 0.000000000 0.870370683 0.129629317
A:/rrc: 0.000000000 0.987845504 0.012154496
A:/rrf: 0.000000000 0.995320420 0.004679580
J:/ccc: 0.000041260 0.999958740 0.000000000
J:/cccrccr: 0.000000000 0.064661481 0.935338519
J:/cccrcfr: 0.000000000 0.665792755 0.334207245
J:/cccrcrc: 0.000000000 0.635250582 0.364749418
J:/cccrcrf: 0.000000000 0.352772718 0.647227282
J:/cccrfcr: 0.000000000 0.657589356 0.342410644
J:/cccrffr: 0.000000000 0.718284591 0.281715409
J:/cccrfrc: 0.000000000 0.448045524 0.551954476
J:/cccrfrf: 0.000000000 0.326904246 0.673095754
J:/cccrrcc: 0.000000000 0.737952268 0.262047732
J:/cccrrcf: 0.000000000 0.885936520 0.114063480
J:/cccrrfc: 0.000000000 0.456566480 0.543433520
J:/cccrrff: 0.000000000 0.504097600 0.495902400
J:/ccr: 0.399192671 0.170105581 0.430701749
J:/ccrccrc: 0.000000000 0.744528262 0.255471738
J:/ccrccrf: 0.000000000 0.638700697 0.361299303
J:/ccrcfrc: 0.000000000 0.614348979 0.385651021
J:/ccrcfrf: 0.000000000 0.347164075 0.652835925
J:/ccrcrcc: 0.000000000 0.563624498 0.436375502
J:/ccrcrcf: 0.000000000 0.546084031 0.453915969
J:/ccrcrfc: 0.000000000 0.926264612 0.073735388
J:/ccrcrff: 0.000000000 0.340293422 0.659706578
J:/crc: 0.350885493 0.121028874 0.528085633
J:/crccrcc: 0.000000000 0.639263490 0.360736510
J:/crccrcf: 0.000000000 0.126572699 0.873427301
J:/crccrfc: 0.000000000 0.765218430 0.234781570
J:/crccrff: 0.000000000 0.135973249 0.864026751
J:/crf: 0.001764590 0.133185904 0.865049506
J:/crfcrc: 0.000000000 0.647723538 0.352276462
J:/crfcrf: 0.000000000 0.242414706 0.757585294
J:/crr: 0.000000000 0.355566161 0.644433839
J:/rcc: 0.052918347 0.000000000 0.947081653
J:/rcf: 0.000615462 0.000000000 0.999384538
J:/rcr: 0.000000000 0.000010344 0.999989656
J:/rfc: 0.269935261 0.441650119 0.288414620
J:/rff: 0.450525306 0.061408639 0.488066054
J:/rfr: 0.000000000 0.461200991 0.538799009
J:/rrc: 0.000000000 0.482409376 0.517590624
J:/rrf: 0.000000000 0.006500479 0.993499521
K:/ccc: 0.800922377 0.199077623 0.000000000
K:/cccrccr: 0.000000000 0.905309007 0.094690993
K:/cccrcfr: 0.000000000 0.471715255 0.528284745
K:/cccrcrc: 0.000000000 0.761156579 0.238843421
K:/cccrcrf: 0.000000000 0.764115779 0.235884221
K:/cccrfcr: 0.000000000 0.105791785 0.894208215
K:/cccrffr: 0.000000000 0.870178106 0.129821894
K:/cccrfrc: 0.000000000 0.192171422 0.807828578
K:/cccrfrf: 0.000000000 0.482777640 0.517222360
K:/cccrrcc: 0.000000000 0.379731572 0.620268428
K:/cccrrcf: 0.000000000 0.296285297 0.703714703
K:/cccrrfc: 0.000000000 0.387448724 0.612551276
K:/cccrrff: 0.000000000 0.283026612 0.716973388
K:/ccr: 0.579827207 0.401986631 0.018186161
K:/ccrccrc: 0.000000000 0.456031129 0.543968871
K:/ccrccrf: 0.000000000 0.432938537 0.567061463
K:/ccrcfrc: 0.000000000 0.357951216 0.642048784
K:/ccrcfrf: 0.000000000 0.396996472 0.603003528
K:/ccrcrcc: 0.000000000 0.728566251 0.271433749
K:/ccrcrcf: 0.000000000 0.648151299 0.351848701
K:/ccrcrfc: 0.000000000 0.113007026 0.886992974
K:/ccrcrff: 0.000000000 0.586836779 0.413163221
K:/crc: 0.577031209 0.422968791 0.000000000
K:/crccrcc: 0.000000000 0.174327805 0.825672195
K:/crccrcf: 0.000000000 0.528723726 0.471276274
K:/crccrfc: 0.000000000 0.529635360 0.470364640
K:/crccrff: 0.000000000 0.607787609 0.392212391
K:/crf: 0.620771277 0.209870850 0.169357874
K:/crfcrc: 0.000000000 0.773421943 0.226578057
K:/crfcrf: 0.000000000 0.385011558 0.614988442
K:/crr: 0.000000000 0.528133205 0.471866795
K:/rcc: 0.000000000 0.431664519 0.568335481
K:/rcf: 0.000000000 1.000000000 0.000000000
K:/rcr: 0.000000000 0.046090672 0.953909328
K:/rfc: 0.199838739 0.253846152 0.546315109
K:/rff: 0.177801630 0.311988543 0.510209827
K:/rfr: 0.000000000 0.203186712 0.796813288
K:/rrc: 0.000000000 0.573907392 0.426092608
K:/rrf: 0.000000000 0.777660368 0.222339632
Q:/ccc: 0.550363488 0.449636512 0.000000000
Q:/cccrccr: 0.000000000 0.332526970 0.667473030
Q:/cccrcfr: 0.000000000 0.538215513 0.461784487
Q:/cccrcrc: 0.000000000 0.659170115 0.340829885
Q:/cccrcrf: 0.000000000 0.410476734 0.589523266
Q:/cccrfcr: 0.000000000 0.401577789 0.598422211
Q:/cccrffr: 0.000000000 0.556218543 0.443781457
Q:/cccrfrc: 0.000000000 0.328000503 0.671999497
Q:/cccrfrf: 0.000000000 0.739810225 0.260189775
Q:/cccrrcc: 0.000000000 0.652762556 0.347237444
Q:/cccrrcf: 0.000000000 0.515524648 0.484475352
Q:/cccrrfc: 0.000000000 0.836401240 0.163598760
Q:/cccrrff: 0.000000000 0.508829620 0.491170380
Q:/ccr: 0.642390100 0.000009322 0.357600578
Q:/ccrccrc: 0.000000000 0.531464715 0.468535285
Q:/ccrccrf: 0.000000000 0.552087710 0.447912290
Q:/ccrcfrc: 0.000000000 0.851740280 0.148259720
Q:/ccrcfrf: 0.000000000 0.556540257 0.443459743
Q:/ccrcrcc: 0.000000000 0.182617664 0.817382336
Q:/ccrcrcf: 0.000000000 0.103399078 0.896600922
Q:/ccrcrfc: 0.000000000 0.645967971 0.354032029
Q:/ccrcrff: 0.000000000 0.469099028 0.530900972
Q:/crc: 0.499653928 0.052980149 0.447365923
Q:/crccrcc: 0.000000000 0.937054181 0.062945819
Q:/crccrcf: 0.000000000 0.567822801 0.432177199
Q:/crccrfc: 0.000000000 0.849840694 0.150159306
Q:/crccrff: 0.000000000 0.123058729 0.876941271
Q:/crf: 0.000251620 0.549067471 0.450680909
Q:/crfcrc: 0.000000000 0.462910807 0.537089193
Q:/crfcrf: 0.000000000 0.491446944 0.508553056
Q:/crr: 0.000000000 0.861375990 0.138624010
Q:/rcc: 0.130031812 0.000000000 0.869968188
Q:/rcf: 0.000596328 0.999403672 0.000000000
Q:/rcr: 0.000000000 0.000009645 0.999990355
Q:/rfc: 0.007574027 0.088076895 0.904349079
Q:/rff: 0.515602079 0.242321987 0.242075934
Q:/rfr: 0.000000000 0.392190567 0.607809433
Q:/rrc: 0.000000000 0.000000000 1.000000000
Q:/rrf: 0.000000000 0.094906778 0.905093222
T:/ccc: 0.094841617 0.905158383 0.000000000
T:/cccrccr: 0.000000000 0.604893776 0.395106224
T:/cccrcfr: 0.000000000 0.758875708 0.241124292
T:/cccrcrc: 0.000000000 0.684679816 0.315320184
T:/cccrcrf: 0.000000000 0.525640713 0.474359287
T:/cccrfcr: 0.000000000 0.410937204 0.589062796
T:/cccrffr: 0.000000000 0.546254359 0.453745641
T:/cccrfrc: 0.000000000 0.573780919 0.426219081
T:/cccrfrf: 0.000000000 0.594135148 0.405864852
T:/cccrrcc: 0.000000000 0.344584681 0.655415319
T:/cccrrcf: 0.000000000 0.134962859 0.865037141
T:/cccrrfc: 0.000000000 0.706425925 0.293574075
T:/cccrrff: 0.000000000 0.657036648 0.342963352
T:/ccr: 0.124358420 0.121551972 0.754089608
T:/ccrccrc: 0.000000000 0.594379567 0.405620433
T:/ccrccrf: 0.000000000 0.739715782 0.260284218
T:/ccrcfrc: 0.000000000 0.753930320 0.246069680
T:/ccrcfrf: 0.000000000 0.607984938 0.392015062
T:/ccrcrcc: 0.000000000 0.571214102 0.428785898
T:/ccrcrcf: 0.000000000 0.530956814 0.469043186
T:/ccrcrfc: 0.000000000 0.632862084 0.367137916
T:/ccrcrff: 0.000000000 0.083188704 0.916811296
T:/crc: 0.328116899 0.400002339 0.271880762
T:/crccrcc: 0.000000000 0.653491465 0.346508535
T:/crccrcf: 0.000000000 0.735477708 0.264522292
T:/crccrfc: 0.000000000 0.547774729 0.452225271
T:/crccrff: 0.000000000 0.438914645 0.561085355
T:/crf: 0.309624169 0.000000000 0.690375831
T:/crfcrc: 0.000000000 0.526051241 0.473948759
T:/crfcrf: 0.000000000 0.821964323 0.178035677
T:/crr: 0.000000000 0.180263919 0.819736081
T:/rcc: 0.022882293 0.000000000 0.977117707
T:/rcf: 0.000704381 0.000000000 0.999295619
T:/rcr: 0.000000000 0.000006132 0.999993868
T:/rfc: 0.443380516 0.495109951 0.061509533
T:/rff: 0.643149910 0.061541903 0.295308187
T:/rfr: 0.000000000 0.707566041 0.292433959
T:/rrc: 0.000000000 0.370525847 0.629474153
T:/rrf: 0.000000000 0.041126207 0.958873793
