9:/: 0.000049330 0.999950670 0.000000000
9:/cccr: 0.000000000 0.000000459 0.999999541
9:/cccrccrc: 0.000000000 0.264340338 0.735659662
9:/cccrccrf: 0.000000000 0.666253347 0.333746653
9:/cccrcfrc: 0.000000000 0.056485132 0.943514868
9:/cccrcfrf: 0.000000000 0.959070941 0.040929059
9:/cccrcrcc: 0.000000000 0.030434395 0.969565605
9:/cccrcrcf: 0.000000000 0.187655772 0.812344228
9:/cccrcrfc: 0.000000000 0.811334373 0.188665627
9:/cccrcrff: 0.000000000 0.284898910 0.715101090
9:/ccrc: 0.000000000 0.094357945 0.905642055
9:/ccrccrcc: 0.000000000 0.401839888 0.598160112
9:/ccrccrcf: 0.000000000 0.405372715 0.594627285
9:/ccrccrfc: 0.000000000 0.368844125 0.631155875
9:/ccrccrff: 0.000000000 0.660980285 0.339019715
9:/ccrf: 0.726697506 0.110005300 0.163297194
9:/ccrfcrc: 0.000000000 0.526969908 0.473030092
9:/ccrfcrf: 0.000000000 0.179505175 0.820494825
9:/ccrr: 0.000000000 0.122729319 0.877270681
9:/crcc: 0.000000000 0.563574230 0.436425770
9:/crcf: 0.661790732 0.182880297 0.155328971
9:/crcr: 0.000000000 1.000000000 0.000000000
9:/crfc: 0.144880392 0.000000000 0.855119608
9:/crff: 0.394335700 0.000000000 0.605664300
9:/crfr: 0.000000000 0.000000000 1.000000000
9:/crrc: 0.000000000 0.285820105 0.714179895
9:/crrf: 0.000000000 0.821524404 0.178475596
9:/rccr: 0.000000000 0.379873841 0.620126159
9:/rcfr: 0.000000000 0.000000000 1.000000000
9:/rcrc: 0.000000000 0.631601865 0.368398135
9:/rcrf: 0.000000000 0.849281574 0.150718426
9:/rfcr: 0.000000000 0.349927212 0.650072788
9:/rffr: 0.000000000 0.122225554 0.877774446
9:/rfrc: 0.000000000 0.430942726 0.569057274
9:/rfrf: 0.000000000 0.016783493 0.983216507
9:/rrcc: 0.000000000 0.000000000 1.000000000
9:/rrcf: 0.000000000 0.000000000 1.000000000
9:/rrfc: 0.000000000 0.000000000 1.000000000
9:/rrff: 0.000000000 0.000000000 1.000000000
A:/: 0.138104554 0.861895446 0.000000000
A:/cccr: 0.659588133 0.340411867 0.000000000
A:/cccrccrc: 0.000000000 0.009404614 0.990595386
A:/cccrccrf: 0.000000000 0.783515266 0.216484734
A:/cccrcfrc: 0.000000000 0.902254824 0.097745176
A:/cccrcfrf: 0.000000000 0.920815683 0.079184317
A:/cccrcrcc: 0.000000000 1.000000000 0.000000000
A:/cccrcrcf: 0.000000000 0.850416183 0.149583817
A:/cccrcrfc: 0.000000000 0.881808647 0.118191353
A:/cccrcrff: 0.000000000 0.999988757 0.000011243
A:/ccrc: 0.821294682 0.178705318 0.000000000
A:/ccrccrcc: 0.000000000 0.873020212 0.126979788
A:/ccrccrcf: 0.000000000 0.941814031 0.058185969
A:/ccrccrfc: 0.000000000 0.843907118 0.156092882
A:/ccrccrff: 0.000000000 0.419080225 0.580919775
A:/ccrf: 0.858642720 0.141357280 0.000000000
A:/ccrfcrc: 0.000000000 1.000000000 0.000000000
A:/ccrfcrf: 0.000000000 1.000000000 0.000000000
A:/ccrr: 0.000000000 1.000000000 0.000000000
A:/crcc: 0.504282229 0.495715931 0.000001839
A:/crcf: 0.443227990 0.553546435 0.003225575
A:/crcr: 0.000000000 0.900900414 0.099099586
A:/crfc: 1.000000000 0.000000000 0.000000000
A:/crff: 1.000000000 0.000000000 0.000000000
A:/crfr: 0.000000000 0.999757426 0.000242574
A:/crrc: 0.000000000 0.999999608 0.000000392
A:/crrf: 0.000000000 1.000000000 0.000000000
A:/rccr: 0.000000000 1.000000000 0.000000000
A:/rcfr: 0.000000000 0.999999825 0.000000175
A:/rcrc: 0.000000000 0.999923275 0.000076725
A:/rcrf: 0.000000000 0.507205219 0.492794781
A:/rfcr: 0.000000000 0.902246029 0.097753971
A:/rffr: 0.000000000 0.982609662 0.017390338
A:/rfrc: 0.000000000 0.965289955 0.034710045
A:/rfrf: 0.000000000 0.489605167 0.510394833
A:/rrcc: 0.000000000 0.999610388 0.000389612
A:/rrcf: 0.000000000 1.000000000 0.000000000
A:/rrfc: 0.000000000 1.000000000 0.000000000
A:/rrff: 0.000000000 1.000000000 0.000000000
J:/: 0.000071414 0.999928586 0.000000000
J:/cccr: 0.024731741 0.000011761 0.975256499
J:/cccrccrc: 0.000000000 0.473267683 0.526732317
J:/cccrccrf: 0.000000000 0.557777782 0.442222218
J:/cccrcfrc: 0.000000000 0.388464917 0.611535083
J:/cccrcfrf: 0.000000000 0.305190292 0.694809708
J:/cccrcrcc: 0.000000000 0.821531893 0.178468107
J:/cccrcrcf: 0.000000000 0.000000000 1.000000000
J:/cccrcrfc: 0.000000000 0.374505382 0.625494618
J:/cccrcrff: 0.000000000 0.148445818 0.851554182
J:/ccrc: 0.000000000 0.433413644 0.566586356
J:/ccrccrcc: 0.000000000 0.444725542 0.555274458
J:/ccrccrcf: 0.000000000 0.335155266 0.664844734
J:/ccrccrfc: 0.000000000 0.331096718 0.668903282
J:/ccrccrff: 0.000000000 0.223456744 0.776543256
J:/ccrf: 0.481260892 0.381233918 0.137505190
J:/ccrfcrc: 0.000000000 0.172706630 0.827293370
J:/ccrfcrf: 0.000000000 0.702330024 0.297669976
J:/ccrr: 0.000000000 0.168189865 0.831810135
J:/crcc: 0.075076101 0.447497552 0.477426347
J:/crcf: 0.599107933 0.400892067 0.000000000
J:/crcr: 0.000000000 1.000000000 0.000000000
J:/crfc: 0.058339534 0.000000000 0.941660466
J:/crff: 0.000000000 1.000000000 0.000000000
J:/crfr: 0.000000000 0.000000000 1.000000000
J:/crrc: 0.000000000 0.374828297 0.625171703
J:/crrf: 0.000000000 0.506563139 0.493436861
J:/rccr: 0.000000000 0.486590687 0.513409313
J:/rcfr: 0.000000000 0.287309094 0.712690906
J:/rcrc: 0.000000000 0.878343883 0.121656117
J:/rcrf: 0.000000000 0.775857218 0.224142782
J:/rfcr: 0.000000000 0.000000000 1.000000000
J:/rffr: 0.000000000 0.160817478 0.839182522
J:/rfrc: 0.000000000 0.000000000 1.000000000
J:/rfrf: 0.000000000 0.426243878 0.573756122
J:/rrcc: 0.000000000 0.000000000 1.000000000
J:/rrcf: 0.000000000 0.000000000 1.000000000
J:/rrfc: 0.000000000 0.000000000 1.000000000
J:/rrff: 0.000000000 0.239453682 0.760546318
K:/: 0.000000000 1.000000000 0.000000000
K:/cccr: 0.657585322 0.342414678 0.000000000
K:/cccrccrc: 0.000000000 0.263168166 0.736831834
K:/cccrccrf: 0.000000000 0.947882447 0.052117553
K:/cccrcfrc: 0.000000000 0.747223358 0.252776642
K:/cccrcfrf: 0.000000000 0.468509077 0.531490923
K:/cccrcrcc: 0.000000000 0.897969820 0.102030180
K:/cccrcrcf: 0.000000000 0.362149399 0.637850601
K:/cccrcrfc: 0.000000000 0.730576473 0.269423527
K:/cccrcrff: 0.000000000 0.534286884 0.465713116
K:/ccrc: 0.678490389 0.321508333 0.000001278
K:/ccrccrcc: 0.000000000 0.529595940 0.470404060
K:/ccrccrcf: 0.000000000 0.946038239 0.053961761
K:/ccrccrfc: 0.000000000 0.747033505 0.252966495
K:/ccrccrff: 0.000000000 0.832387743 0.167612257
K:/ccrf: 0.809115612 0.117674959 0.073209429
K:/ccrfcrc: 0.000000000 0.355376391 0.644623609
K:/ccrfcrf: 0.000000000 0.683127848 0.316872152
K:/ccrr: 0.000000000 0.520235530 0.479764470
K:/crcc: 0.408270394 0.393361833 0.198367773
K:/crcf: 0.466138131 0.533861869 0.000000000
K:/crcr: 0.000000000 0.756847804 0.243152196
K:/crfc: 0.000000000 1.000000000 0.000000000
K:/crff: 0.368885873 0.631114127 0.000000000
K:/crfr: 0.000000000 0.670545437 0.329454563
K:/crrc: 0.000000000 0.075661993 0.924338007
K:/crrf: 0.000000000 0.442879234 0.557120766
K:/rccr: 0.000000000 0.407657381 0.592342619
K:/rcfr: 0.000000000 0.674649728 0.325350272
K:/rcrc: 0.000000000 0.729410517 0.270589483
K:/rcrf: 0.000000000 0.831123889 0.168876111
K:/rfcr: 0.000000000 0.000000000 1.000000000
K:/rffr: 0.000000000 0.604691013 0.395308987
K:/rfrc: 0.000000000 0.891899689 0.108100311
K:/rfrf: 0.000000000 0.749518569 0.250481431
K:/rrcc: 0.000000000 0.819149260 0.180850740
K:/rrcf: 0.000000000 1.000000000 0.000000000
K:/rrfc: 0.000000000 0.000000000 1.000000000
K:/rrff: 0.000000000 1.000000000 0.000000000
Q:/: 0.000044364 0.999955636 0.000000000
Q:/cccr: 0.141050681 0.569444138 0.289505181
Q:/cccrccrc: 0.000000000 0.630634068 0.369365932
Q:/cccrccrf: 0.000000000 0.774093205 0.225906795
Q:/cccrcfrc: 0.000000000 0.820917690 0.179082310
Q:/cccrcfrf: 0.000000000 0.540861698 0.459138302
Q:/cccrcrcc: 0.000000000 0.267964753 0.732035247
Q:/cccrcrcf: 0.000000000 0.801295741 0.198704259
Q:/cccrcrfc: 0.000000000 0.505527432 0.494472568
Q:/cccrcrff: 0.000000000 0.047029605 0.952970395
Q:/ccrc: 0.465044965 0.149639264 0.385315771
Q:/ccrccrcc: 0.000000000 0.285852595 0.714147405
Q:/ccrccrcf: 0.000000000 0.577202378 0.422797622
Q:/ccrccrfc: 0.000000000 0.834029559 0.165970441
Q:/ccrccrff: 0.000000000 0.044226268 0.955773732
Q:/ccrf: 0.647754398 0.315389890 0.036855711
Q:/ccrfcrc: 0.000000000 0.364771886 0.635228114
Q:/ccrfcrf: 0.000000000 0.712353586 0.287646414
Q:/ccrr: 0.000000000 0.000000000 1.000000000
Q:/crcc: 0.025702867 0.332794575 0.641502557
Q:/crcf: 0.293744139 0.091607869 0.614647991
Q:/crcr: 0.000000000 0.937305888 0.062694112
Q:/crfc: 0.000000000 0.334495999 0.665504001
Q:/crff: 0.000000000 1.000000000 0.000000000
Q:/crfr: 0.000000000 0.195672868 0.804327132
Q:/crrc: 0.000000000 0.768006095 0.231993905
Q:/crrf: 0.000000000 0.795228168 0.204771832
Q:/rccr: 0.000000000 0.065539976 0.934460024
Q:/rcfr: 0.000000000 0.371148250 0.628851750
Q:/rcrc: 0.000000000 0.000000000 1.000000000
Q:/rcrf: 0.000000000 0.399841965 0.600158035
Q:/rfcr: 0.000000000 0.199338537 0.800661463
Q:/rffr: 0.000000000 0.600036881 0.399963119
Q:/rfrc: 0.000000000 0.119003094 0.880996906
Q:/rfrf: 0.000000000 0.563208621 0.436791379
Q:/rrcc: 0.000000000 0.000000000 1.000000000
Q:/rrcf: 0.000000000 0.291205392 0.708794608
Q:/rrfc: 0.000000000 0.000000000 1.000000000
Q:/rrff: 0.000000000 1.000000000 0.000000000
T:/: 0.952702054 0.047297946 0.000000000
T:/cccr: 0.120396992 0.000021637 0.879581371
T:/cccrccrc: 0.000000000 0.528666119 0.471333881
T:/cccrccrf: 0.000000000 0.950377946 0.049622054
T:/cccrcfrc: 0.000000000 0.499231841 0.500768159
T:/cccrcfrf: 0.000000000 0.191897255 0.808102745
T:/cccrcrcc: 0.000000000 0.343203443 0.656796557
T:/cccrcrcf: 0.000000000 0.475373539 0.524626461
T:/cccrcrfc: 0.000000000 0.495384366 0.504615634
T:/cccrcrff: 0.000000000 0.457379799 0.542620201
T:/ccrc: 0.000000000 0.343823316 0.656176684
T:/ccrccrcc: 0.000000000 0.308406386 0.691593614
T:/ccrccrcf: 0.000000000 0.448836967 0.551163033
T:/ccrccrfc: 0.000000000 0.644765100 0.355234900
T:/ccrccrff: 0.000000000 0.379975639 0.620024361
T:/ccrf: 0.322267667 0.255099369 0.422632964
T:/ccrfcrc: 0.000000000 0.504534836 0.495465164
T:/ccrfcrf: 0.000000000 0.058459406 0.941540594
T:/ccrr: 0.000000000 0.020046634 0.979953366
T:/crcc: 0.532105223 0.226927432 0.240967345
T:/crcf: 0.649816489 0.348869126 0.001314384
T:/crcr: 0.000000000 0.700571888 0.299428112
T:/crfc: 0.386316933 0.000000000 0.613683067
T:/crff: 0.949559365 0.050415583 0.000025052
T:/crfr: 0.000000000 0.000000000 1.000000000
T:/crrc: 0.000000000 0.695247347 0.304752653
T:/crrf: 0.000000000 0.406186178 0.593813822
T:/rccr: 0.000000000 0.614394964 0.385605036
T:/rcfr: 0.000000000 0.459640783 0.540359217
T:/rcrc: 0.000000000 0.195194733 0.804805267
T:/rcrf: 0.000000000 0.386233073 0.613766927
T:/rfcr: 0.000000000 0.092570175 0.907429825
T:/rffr: 0.000000000 0.367428705 0.632571295
T:/rfrc: 0.000000000 0.101805671 0.898194329
T:/rfrf: 0.000000000 0.571170179 0.428829821
T:/rrcc: 0.000000000 0.000000000 1.000000000
T:/rrcf: 0.000000000 0.000000000 1.000000000
T:/rrfc: 0.000000000 0.000000000 1.000000000
T:/rrff: 0.000000000 0.132628914 0.867371086
