9:/c: 1.000000000 0.000000000 0.000000000
9:/cccrc: 1.000000000 0.000000000 0.000000000
9:/cccrccrcc: 0.000000000 0.204615637 0.795384363
9:/cccrccrcf: 0.000000000 0.535629363 0.464370637
9:/cccrccrfc: 0.000000000 0.216664182 0.783335818
9:/cccrccrff: 0.000000000 0.715901994 0.284098006
9:/cccrf: 0.708922954 0.237924857 0.053152189
9:/cccrfcrc: 0.000000000 0.468378469 0.531621531
9:/cccrfcrf: 0.000000000 0.089086797 0.910913203
9:/cccrr: 0.000000000 0.092714794 0.907285206
9:/ccrcc: 0.000000000 0.569236926 0.430763074
9:/ccrcf: 0.000075805 0.000000000 0.999924195
9:/ccrcr: 0.000000000 0.000000000 1.000000000
9:/ccrfc: 0.762435637 0.214209431 0.023354932
9:/ccrff: 0.527368456 0.166494534 0.306137010
9:/ccrfr: 0.000000000 1.000000000 0.000000000
9:/ccrrc: 0.000000000 0.785187428 0.214812572
9:/ccrrf: 0.000000000 0.000000000 1.000000000
9:/crccr: 0.000000000 0.238051558 0.761948442
9:/crcfr: 0.000000000 0.000000000 1.000000000
9:/crcrc: 0.000000000 0.449243725 0.550756275
9:/crcrf: 0.000000000 0.803529994 0.196470006
9:/crfcr: 0.000000000 0.000000000 1.000000000
9:/crffr: 0.000000000 0.207865876 0.792134124
9:/crfrc: 0.000000000 0.370829377 0.629170623
9:/crfrf: 0.000000000 0.327097916 0.672902084
9:/crrcc: 0.000000000 0.319003949 0.680996051
9:/crrcf: 0.000000000 0.000000000 1.000000000
9:/crrfc: 0.000000000 0.370631100 0.629368900
9:/crrff: 0.000000000 0.053572964 0.946427036
9:/r: 1.000000000 0.000000000 0.000000000
9:/rccrc: 0.000000000 0.388887103 0.611112897
9:/rccrf: 0.000000000 0.421370867 0.578629133
9:/rcfrc: 0.000000000 0.665225818 0.334774182
9:/rcfrf: 0.000000000 0.654187999 0.345812001
9:/rcrcc: 0.000000000 0.290689954 0.709310046
9:/rcrcf: 0.000000000 0.160017477 0.839982523
9:/rcrfc: 0.000000000 0.410543264 0.589456736
9:/rcrff: 0.000000000 0.210154208 0.789845792
A:/c: 0.946529311 0.053470689 0.000000000
A:/cccrc: 0.113252329 0.886747671 0.000000000
A:/cccrccrcc: 0.000000000 0.187802341 0.812197659
A:/cccrccrcf: 0.000000000 0.601274180 0.398725820
A:/cccrccrfc: 0.000000000 0.998029154 0.001970846
A:/cccrccrff: 0.000000000 0.192836391 0.807163609
A:/cccrf: 0.969792491 0.030207509 0.000000000
A:/cccrfcrc: 0.000000000 0.789800132 0.210199868
A:/cccrfcrf: 0.000000000 1.000000000 0.000000000
A:/cccrr: 0.000000000 1.000000000 0.000000000
A:/ccrcc: 0.457075485 0.484551689 0.058372826
A:/ccrcf: 1.000000000 0.000000000 0.000000000
A:/ccrcr: 0.000000000 1.000000000 0.000000000
A:/ccrfc: 0.000000000 0.000000000 1.000000000
A:/ccrff: 0.263451677 0.357030460 0.379517863
A:/ccrfr: 0.000000000 0.000000000 1.000000000
A:/ccrrc: 0.000000000 0.296673951 0.703326049
A:/ccrrf: 0.000000000 0.719474420 0.280525580
A:/crccr: 0.000000000 0.936438094 0.063561906
A:/crcfr: 0.000000000 1.000000000 0.000000000
A:/crcrc: 0.000000000 0.755701550 0.244298450
A:/crcrf: 0.000000000 0.462345231 0.537654769
A:/crfcr: 0.000000000 0.999943367 0.000056633
A:/crffr: 0.000000000 0.999911282 0.000088718
A:/crfrc: 0.000000000 1.000000000 0.000000000
A:/crfrf: 0.000000000 0.805673796 0.194326204
A:/crrcc: 0.000000000 0.220162636 0.779837364
A:/crrcf: 0.000000000 0.948164110 0.051835890
A:/crrfc: 0.000000000 0.984084279 0.015915721
A:/crrff: 0.000000000 1.000000000 0.000000000
A:/r: 0.987738658 0.000058272 0.012203070
A:/rccrc: 0.000000000 0.730056683 0.269943317
A:/rccrf: 0.000000000 0.920144182 0.079855818
A:/rcfrc: 0.000000000 0.999997076 0.000002924
A:/rcfrf: 0.000000000 0.106229285 0.893770715
A:/rcrcc: 0.000000000 1.000000000 0.000000000
A:/rcrcf: 0.000000000 1.000000000 0.000000000
A:/rcrfc: 0.000000000 0.655295445 0.344704555
A:/rcrff: 0.000000000 0.947354372 0.052645628
J:/c: 1.000000000 0.000000000 0.000000000
J:/cccrc: 0.814325159 0.185674841 0.000000000
J:/cccrccrcc: 0.000000000 0.554269967 0.445730033
J:/cccrccrcf: 0.000000000 0.302218965 0.697781035
J:/cccrccrfc: 0.000000000 0.380850892 0.619149108
J:/cccrccrff: 0.000000000 0.483095748 0.516904252
J:/cccrf: 0.796697084 0.203302916 0.000000000
J:/cccrfcrc: 0.000000000 0.854149565 0.145850435
J:/cccrfcrf: 0.000000000 0.820530576 0.179469424
J:/cccrr: 0.000000000 0.163927124 0.836072876
J:/ccrcc: 0.000000000 0.057231087 0.942768913
J:/ccrcf: 0.000148169 0.000000000 0.999851831
J:/ccrcr: 0.000000000 0.000000000 1.000000000
J:/ccrfc: 0.642526801 0.357473199 0.000000000
J:/ccrff: 0.303517283 0.452927126 0.243555591
J:/ccrfr: 0.000000000 1.000000000 0.000000000
J:/ccrrc: 0.000000000 0.340002207 0.659997793
J:/ccrrf: 0.000000000 0.000000000 1.000000000
J:/crccr: 0.000000000 0.531722228 0.468277772
J:/crcfr: 0.000000000 0.000104037 0.999895963
J:/crcrc: 0.000000000 0.000000000 1.000000000
J:/crcrf: 0.000000000 0.000000000 1.000000000
J:/crfcr: 0.000000000 0.000000000 1.000000000
J:/crffr: 0.000000000 0.633584360 0.366415640
J:/crfrc: 0.000000000 0.000000000 1.000000000
J:/crfrf: 0.000000000 0.616465112 0.383534888
J:/crrcc: 0.000000000 0.342182387 0.657817613
J:/crrcf: 0.000000000 0.309449893 0.690550107
J:/crrfc: 0.000000000 0.000000000 1.000000000
J:/crrff: 0.000000000 0.443621209 0.556378791
J:/r: 0.969779825 0.000000000 0.030220175
J:/rccrc: 0.000000000 0.211708674 0.788291326
J:/rccrf: 0.000000000 0.545081605 0.454918395
J:/rcfrc: 0.000000000 0.234725126 0.765274874
J:/rcfrf: 0.000000000 0.454362219 0.545637781
J:/rcrcc: 0.000000000 0.372690936 0.627309064
J:/rcrcf: 0.000000000 0.118763766 0.881236234
J:/rcrfc: 0.000000000 0.300449595 0.699550405
J:/rcrff: 0.000000000 0.747116917 0.252883083
K:/c: 0.549361936 0.450638064 0.000000000
K:/cccrc: 0.000000000 0.875894660 0.124105340
K:/cccrccrcc: 0.000000000 0.386483575 0.613516425
K:/cccrccrcf: 0.000000000 0.480876877 0.519123123
K:/cccrccrfc: 0.000000000 0.247691204 0.752308796
K:/cccrccrff: 0.000000000 0.704860007 0.295139993
K:/cccrf: 0.546436825 0.453563175 0.000000000
K:/cccrfcrc: 0.000000000 0.946240335 0.053759665
K:/cccrfcrf: 0.000000000 0.989787445 0.010212555
K:/cccrr: 0.000000000 0.634666526 0.365333474
K:/ccrcc: 0.000000000 0.637451897 0.362548103
K:/ccrcf: 0.000341830 0.977596796 0.022061374
K:/ccrcr: 0.000000000 0.557319048 0.442680952
K:/ccrfc: 0.405274211 0.384074121 0.210651668
K:/ccrff: 0.437556294 0.379992656 0.182451050
K:/ccrfr: 0.000000000 0.735210646 0.264789354
K:/ccrrc: 0.000000000 0.460636870 0.539363130
K:/ccrrf: 0.000000000 0.662065416 0.337934584
K:/crccr: 0.000000000 0.745275190 0.254724810
K:/crcfr: 0.000000000 0.552919150 0.447080850
K:/crcrc: 0.000000000 0.681210333 0.318789667
K:/crcrf: 0.000000000 0.813201160 0.186798840
K:/crfcr: 0.000000000 0.803929551 0.196070449
K:/crffr: 0.000000000 0.999528390 0.000471610
K:/crfrc: 0.000000000 0.499174339 0.500825661
K:/crfrf: 0.000000000 0.303528914 0.696471086
K:/crrcc: 0.000000000 0.390790729 0.609209271
K:/crrcf: 0.000000000 0.691333688 0.308666312
K:/crrfc: 0.000000000 0.000000000 1.000000000
K:/crrff: 0.000000000 0.482566034 0.517433966
K:/r: 0.993006589 0.000000000 0.006993411
K:/rccrc: 0.000000000 0.999944497 0.000055503
K:/rccrf: 0.000000000 0.221471456 0.778528544
K:/rcfrc: 0.000000000 0.892177331 0.107822669
K:/rcfrf: 0.000000000 0.403488464 0.596511536
K:/rcrcc: 0.000000000 0.670382148 0.329617852
K:/rcrcf: 0.000000000 0.924159152 0.075840848
K:/rcrfc: 0.000000000 1.000000000 0.000000000
K:/rcrff: 0.000000000 1.000000000 0.000000000
Q:/c: 1.000000000 0.000000000 0.000000000
Q:/cccrc: 0.223761006 0.613270731 0.162968262
Q:/cccrccrcc: 0.000000000 0.097462717 0.902537283
Q:/cccrccrcf: 0.000000000 0.617917138 0.382082862
Q:/cccrccrfc: 0.000000000 0.103501816 0.896498184
Q:/cccrccrff: 0.000000000 0.298251428 0.701748572
Q:/cccrf: 0.840936371 0.159063629 0.000000000
Q:/cccrfcrc: 0.000000000 0.791527071 0.208472929
Q:/cccrfcrf: 0.000000000 0.985458449 0.014541551
Q:/cccrr: 0.000000000 0.343724785 0.656275215
Q:/ccrcc: 0.000000000 0.402768337 0.597231663
Q:/ccrcf: 0.373978135 0.000000000 0.626021865
Q:/ccrcr: 0.000000000 0.000000000 1.000000000
Q:/ccrfc: 0.054854389 0.670789606 0.274356005
Q:/ccrff: 0.606928790 0.375596071 0.017475139
Q:/ccrfr: 0.000000000 1.000000000 0.000000000
Q:/ccrrc: 0.000000000 0.127490485 0.872509515
Q:/ccrrf: 0.000000000 0.438697300 0.561302700
Q:/crccr: 0.000000000 0.496184298 0.503815702
Q:/crcfr: 0.000000000 0.188879121 0.811120879
Q:/crcrc: 0.000000000 0.580749015 0.419250985
Q:/crcrf: 0.000000000 0.494922676 0.505077324
Q:/crfcr: 0.000000000 0.268660371 0.731339629
Q:/crffr: 0.000000000 0.631749801 0.368250199
Q:/crfrc: 0.000000000 0.190354345 0.809645655
Q:/crfrf: 0.000000000 0.396321567 0.603678433
Q:/crrcc: 0.000000000 0.536880844 0.463119156
Q:/crrcf: 0.000000000 0.861431376 0.138568624
Q:/crrfc: 0.000000000 0.000000000 1.000000000
Q:/crrff: 0.000000000 0.000000000 1.000000000
Q:/r: 0.999885437 0.000000000 0.000114563
Q:/rccrc: 0.000000000 0.876608333 0.123391667
Q:/rccrf: 0.000000000 0.738866444 0.261133556
Q:/rcfrc: 0.000000000 0.591501280 0.408498720
Q:/rcfrf: 0.000000000 0.480025279 0.519974721
Q:/rcrcc: 0.000000000 0.850273316 0.149726684
Q:/rcrcf: 0.000000000 0.471164309 0.528835691
Q:/rcrfc: 0.000000000 0.232723340 0.767276660
Q:/rcrff: 0.000000000 0.784115883 0.215884117
T:/c: 1.000000000 0.000000000 0.000000000
T:/cccrc: 0.421280759 0.578719241 0.000000000
T:/cccrccrcc: 0.000000000 0.388180404 0.611819596
T:/cccrccrcf: 0.000000000 0.866084665 0.133915335
T:/cccrccrfc: 0.000000000 0.006864017 0.993135983
T:/cccrccrff: 0.000000000 0.155729478 0.844270522
T:/cccrf: 0.854539639 0.000036987 0.145423374
T:/cccrfcrc: 0.000000000 0.480593986 0.519406014
T:/cccrfcrf: 0.000000000 0.498845106 0.501154894
T:/cccrr: 0.000000000 0.081143443 0.918856557
T:/ccrcc: 0.000172793 0.013977302 0.985849905
T:/ccrcf: 0.000252384 0.000000000 0.999747616
T:/ccrcr: 0.000000000 0.000293425 0.999706575
T:/ccrfc: 0.376717687 0.319640252 0.303642061
T:/ccrff: 0.411480517 0.365671856 0.222847627
T:/ccrfr: 0.000000000 0.199927437 0.800072563
T:/ccrrc: 0.000000000 0.243495281 0.756504719
T:/ccrrf: 0.000000000 0.000000000 1.000000000
T:/crccr: 0.000000000 0.230828537 0.769171463
T:/crcfr: 0.000000000 0.000073675 0.999926325
T:/crcrc: 0.000000000 0.555814338 0.444185662
T:/crcrf: 0.000000000 0.883570443 0.116429557
T:/crfcr: 0.000000000 0.000000000 1.000000000
T:/crffr: 0.000000000 0.095434265 0.904565735
T:/crfrc: 0.000000000 0.673568197 0.326431803
T:/crfrf: 0.000000000 0.499929717 0.500070283
T:/crrcc: 0.000000000 0.333586397 0.666413603
T:/crrcf: 0.000000000 0.701204987 0.298795013
T:/crrfc: 0.000000000 0.000000000 1.000000000
T:/crrff: 0.000000000 0.000000000 1.000000000
T:/r: 0.000021333 0.000085988 0.999892678
T:/rccrc: 0.000000000 0.976167077 0.023832923
T:/rccrf: 0.000000000 0.855939062 0.144060938
T:/rcfrc: 0.000000000 0.538784686 0.461215314
T:/rcfrf: 0.000000000 0.407483189 0.592516811
T:/rcrcc: 0.000000000 0.570552338 0.429447662
T:/rcrcf: 0.000000000 0.378931636 0.621068364
T:/rcrfc: 0.000000000 0.830528930 0.169471070
T:/rcrff: 0.000000000 0.777526569 0.222473431
