9:/cc: 0.056624724 0.943375276 0.000000000
9:/cccrcc: 0.000000000 0.173443149 0.826556851
9:/cccrcf: 0.279440663 0.168458033 0.552101304
9:/cccrcr: 0.000000000 0.484437816 0.515562184
9:/cccrfc: 0.227276170 0.406779136 0.365944695
9:/cccrff: 0.140874285 0.357082301 0.502043414
9:/cccrfr: 0.000000000 0.539262538 0.460737462
9:/cccrrc: 0.000000000 0.000000000 1.000000000
9:/cccrrf: 0.000000000 0.297762376 0.702237624
9:/ccrccr: 0.000000000 0.377065280 0.622934720
9:/ccrcfr: 0.000000000 0.502203345 0.497796655
9:/ccrcrc: 0.000000000 0.707420740 0.292579260
9:/ccrcrf: 0.000000000 0.474531884 0.525468116
9:/ccrfcr: 0.000000000 0.513839666 0.486160334
9:/ccrffr: 0.000000000 0.287924345 0.712075655
9:/ccrfrc: 0.000000000 0.000000000 1.000000000
9:/ccrfrf: 0.000000000 0.189580039 0.810419961
9:/ccrrcc: 0.000000000 0.632811281 0.367188719
9:/ccrrcf: 0.000000000 0.172659980 0.827340020
9:/ccrrfc: 0.000000000 0.139951002 0.860048998
9:/ccrrff: 0.000000000 0.239707799 0.760292201
9:/cr: 0.000000000 0.000000000 1.000000000
9:/crccrc: 0.000000000 0.480757439 0.519242561
9:/crccrf: 0.000000000 0.512744689 0.487255311
9:/crcfrc: 0.000000000 0.233423017 0.766576983
9:/crcfrf: 0.000000000 0.468339908 0.531660092
9:/crcrcc: 0.000000000 0.000000000 1.000000000
9:/crcrcf: 0.000000000 0.141806486 0.858193514
9:/crcrfc: 0.000000000 0.344334443 0.655665557
9:/crcrff: 0.000000000 0.442205947 0.557794053
9:/rc: 0.059477140 0.000000000 0.940522860
9:/rccrcc: 0.000000000 0.382016415 0.617983585
9:/rccrcf: 0.000000000 0.938248483 0.061751517
9:/rccrfc: 0.000000000 0.843207080 0.156792920
9:/rccrff: 0.000000000 0.947885586 0.052114414
9:/rf: 0.460136615 0.127431609 0.412431776
9:/rfcrc: 0.000000000 0.058081330 0.941918670
9:/rfcrf: 0.000000000 0.145764759 0.854235241
9:/rr: 0.000000000 0.000000000 1.000000000
A:/cc: 1.000000000 0.000000000 0.000000000
A:/cccrcc: 0.638592533 0.361407467 0.000000000
A:/cccrcf: 0.438837366 0.561162634 0.000000000
A:/cccrcr: 0.000000000 1.000000000 0.000000000
A:/cccrfc: 0.851382484 0.148617516 0.000000000
A:/cccrff: 0.700543433 0.299452791 0.000003777
A:/cccrfr: 0.000000000 0.976237138 0.023762862
A:/cccrrc: 0.000000000 0.678353316 0.321646684
A:/cccrrf: 0.000000000 0.276678253 0.723321747
A:/ccrccr: 0.000000000 1.000000000 0.000000000
A:/ccrcfr: 0.000000000 0.864820086 0.135179914
A:/ccrcrc: 0.000000000 0.905498454 0.094501546
A:/ccrcrf: 0.000000000 0.587196665 0.412803335
A:/ccrfcr: 0.000000000 1.000000000 0.000000000
A:/ccrffr: 0.000000000 0.996220195 0.003779805
A:/ccrfrc: 0.000000000 1.000000000 0.000000000
A:/ccrfrf: 0.000000000 0.573088224 0.426911776
A:/ccrrcc: 0.000000000 0.932623505 0.067376495
A:/ccrrcf: 0.000000000 0.994594838 0.005405162
A:/ccrrfc: 0.000000000 0.782158338 0.217841662
A:/ccrrff: 0.000000000 1.000000000 0.000000000
A:/cr: 0.037172504 0.962827496 0.000000000
A:/crccrc: 0.000000000 0.800043267 0.199956733
A:/crccrf: 0.000000000 0.189193041 0.810806959
A:/crcfrc: 0.000000000 0.888436852 0.111563148
A:/crcfrf: 0.000000000 0.419538767 0.580461233
A:/crcrcc: 0.000000000 0.710880943 0.289119057
A:/crcrcf: 0.000000000 0.820136371 0.179863629
A:/crcrfc: 0.000000000 0.561794782 0.438205218
A:/crcrff: 0.000000000 0.632020054 0.367979946
A:/rc: 0.966477332 0.033522668 0.000000000
A:/rccrcc: 0.000000000 0.552515170 0.447484830
A:/rccrcf: 0.000000000 0.143037998 0.856962002
A:/rccrfc: 0.000000000 1.000000000 0.000000000
A:/rccrff: 0.000000000 0.800315189 0.199684811
A:/rf: 0.940063131 0.059936869 0.000000000
A:/rfcrc: 0.000000000 1.000000000 0.000000000
A:/rfcrf: 0.000000000 1.000000000 0.000000000
A:/rr: 0.000000000 1.000000000 0.000000000
J:/cc: 0.251253873 0.748746127 0.000000000
J:/cccrcc: 0.000000000 0.107390566 0.892609434
J:/cccrcf: 0.347967753 0.561750857 0.090281391
J:/cccrcr: 0.000000000 0.333786590 0.666213410
J:/cccrfc: 0.275349131 0.323207125 0.401443744
J:/cccrff: 0.156454650 0.200359498 0.643185852
J:/cccrfr: 0.000000000 0.499107701 0.500892299
J:/cccrrc: 0.000000000 0.554811328 0.445188672
J:/cccrrf: 0.000000000 0.033731727 0.966268273
J:/ccrccr: 0.000000000 0.365525609 0.634474391
J:/ccrcfr: 0.000000000 0.726962814 0.273037186
J:/ccrcrc: 0.000000000 0.118485720 0.881514280
J:/ccrcrf: 0.000000000 0.211110082 0.788889918
J:/ccrfcr: 0.000000000 0.351987548 0.648012452
J:/ccrffr: 0.000000000 0.913581642 0.086418358
J:/ccrfrc: 0.000000000 0.528945610 0.471054390
J:/ccrfrf: 0.000000000 0.254051180 0.745948820
J:/ccrrcc: 0.000000000 0.652399631 0.347600369
J:/ccrrcf: 0.000000000 0.437892987 0.562107013
J:/ccrrfc: 0.000000000 0.177686534 0.822313466
J:/ccrrff: 0.000000000 0.597408232 0.402591768
J:/cr: 0.000000000 0.000000000 1.000000000
J:/crccrc: 0.000000000 0.804642437 0.195357563
J:/crccrf: 0.000000000 0.548156105 0.451843895
J:/crcfrc: 0.000000000 0.382217069 0.617782931
J:/crcfrf: 0.000000000 0.783793129 0.216206871
J:/crcrcc: 0.000000000 0.000000000 1.000000000
J:/crcrcf: 0.000000000 0.046587873 0.953412127
J:/crcrfc: 0.000000000 0.238184147 0.761815853
J:/crcrff: 0.000000000 0.212310186 0.787689814
J:/rc: 0.004448112 0.000000000 0.995551888
J:/rccrcc: 0.000000000 0.422941445 0.577058555
J:/rccrcf: 0.000000000 0.089010131 0.910989869
J:/rccrfc: 0.000000000 0.696157954 0.303842046
J:/rccrff: 0.000000000 0.767311419 0.232688581
J:/rf: 0.125646312 0.185964345 0.688389343
J:/rfcrc: 0.000000000 0.343711843 0.656288157
J:/rfcrf: 0.000000000 0.689461039 0.310538961
J:/rr: 0.000000000 0.000000000 1.000000000
K:/cc: 0.676184204 0.323815796 0.000000000
K:/cccrcc: 0.111833744 0.663350324 0.224815933
K:/cccrcf: 0.365538344 0.273715555 0.360746101
K:/cccrcr: 0.000000000 0.581951765 0.418048235
K:/cccrfc: 0.390442547 0.485913675 0.123643778
K:/cccrff: 0.364893194 0.364385758 0.270721049
K:/cccrfr: 0.000000000 0.618227103 0.381772897
K:/cccrrc: 0.000000000 0.750123373 0.249876627
K:/cccrrf: 0.000000000 0.226503822 0.773496178
K:/ccrccr: 0.000000000 0.455007761 0.544992239
K:/ccrcfr: 0.000000000 0.435484818 0.564515182
K:/ccrcrc: 0.000000000 0.989220803 0.010779197
K:/ccrcrf: 0.000000000 0.000000000 1.000000000
K:/ccrfcr: 0.000000000 0.301127697 0.698872303
K:/ccrffr: 0.000000000 0.461689652 0.538310348
K:/ccrfrc: 0.000000000 0.534202381 0.465797619
K:/ccrfrf: 0.000000000 0.583298029 0.416701971
K:/ccrrcc: 0.000000000 0.354199854 0.645800146
K:/ccrrcf: 0.000000000 0.573353667 0.426646333
K:/ccrrfc: 0.000000000 0.866808751 0.133191249
K:/ccrrff: 0.000000000 0.228261136 0.771738864
K:/cr: 0.000000000 0.000000000 1.000000000
K:/crccrc: 0.000000000 0.313472242 0.686527758
K:/crccrf: 0.000000000 0.849353198 0.150646802
K:/crcfrc: 0.000000000 0.780804089 0.219195911
K:/crcfrf: 0.000000000 0.668698365 0.331301635
K:/crcrcc: 0.000000000 0.000000000 1.000000000
K:/crcrcf: 0.000000000 0.000000000 1.000000000
K:/crcrfc: 0.000000000 0.605680415 0.394319585
K:/crcrff: 0.000000000 0.328924954 0.671075046
K:/rc: 0.443412799 0.388217771 0.168369429
K:/rccrcc: 0.000000000 0.624704281 0.375295719
K:/rccrcf: 0.000000000 0.625719306 0.374280694
K:/rccrfc: 0.000000000 0.345090626 0.654909374
K:/rccrff: 0.000000000 0.324125175 0.675874825
K:/rf: 0.708318606 0.291679435 0.000001959
K:/rfcrc: 0.000000000 0.946098388 0.053901612
K:/rfcrf: 0.000000000 0.999999716 0.000000284
K:/rr: 0.000000000 1.000000000 0.000000000
Q:/cc: 0.167849231 0.832150769 0.000000000
Q:/cccrcc: 0.000000000 0.901671625 0.098328375
Q:/cccrcf: 0.207508632 0.393292848 0.399198520
Q:/cccrcr: 0.000000000 0.391004937 0.608995063
Q:/cccrfc: 0.000004437 0.379928605 0.620066958
Q:/cccrff: 0.447996167 0.210491855 0.341511979
Q:/cccrfr: 0.000000000 0.304205007 0.695794993
Q:/cccrrc: 0.000000000 0.341889007 0.658110993
Q:/cccrrf: 0.000000000 0.236119912 0.763880088
Q:/ccrccr: 0.000000000 0.361826017 0.638173983
Q:/ccrcfr: 0.000000000 0.902596019 0.097403981
Q:/ccrcrc: 0.000000000 0.540687542 0.459312458
Q:/ccrcrf: 0.000000000 0.405436399 0.594563601
Q:/ccrfcr: 0.000000000 0.446806908 0.553193092
Q:/ccrffr: 0.000000000 0.914932307 0.085067693
Q:/ccrfrc: 0.000000000 0.413860672 0.586139328
Q:/ccrfrf: 0.000000000 0.540692477 0.459307523
Q:/ccrrcc: 0.000000000 0.529431339 0.470568661
Q:/ccrrcf: 0.000000000 0.329286272 0.670713728
Q:/ccrrfc: 0.000000000 0.365490678 0.634509322
Q:/ccrrff: 0.000000000 0.472867610 0.527132390
Q:/cr: 0.000000000 0.000000000 1.000000000
Q:/crccrc: 0.000000000 0.369440613 0.630559387
Q:/crccrf: 0.000000000 0.535455077 0.464544923
Q:/crcfrc: 0.000000000 0.473970819 0.526029181
Q:/crcfrf: 0.000000000 0.451838607 0.548161393
Q:/crcrcc: 0.000000000 0.346466786 0.653533214
Q:/crcrcf: 0.000000000 0.506320890 0.493679110
Q:/crcrfc: 0.000000000 0.507930456 0.492069544
Q:/crcrff: 0.000000000 0.352606024 0.647393976
Q:/rc: 0.000119809 0.337031049 0.662849142
Q:/rccrcc: 0.000000000 0.298465225 0.701534775
Q:/rccrcf: 0.000000000 0.413352722 0.586647278
Q:/rccrfc: 0.000000000 0.109607930 0.890392070
Q:/rccrff: 0.000000000 0.941750760 0.058249240
Q:/rf: 0.064952094 0.330211136 0.604836770
Q:/rfcrc: 0.000000000 0.939824786 0.060175214
Q:/rfcrf: 0.000000000 0.294704531 0.705295469
Q:/rr: 0.000000000 0.378279489 0.621720511
T:/cc: 0.000000000 1.000000000 0.000000000
T:/cccrcc: 0.000000000 0.432413417 0.567586583
T:/cccrcf: 0.327024349 0.002474742 0.670500910
T:/cccrcr: 0.000000000 0.083299441 0.916700559
T:/cccrfc: 0.000000000 0.423178594 0.576821406
T:/cccrff: 0.384492843 0.385320625 0.230186532
T:/cccrfr: 0.000000000 0.049402088 0.950597912
T:/cccrrc: 0.000000000 0.320006598 0.679993402
T:/cccrrf: 0.000000000 0.425000301 0.574999699
T:/ccrccr: 0.000000000 0.606684857 0.393315143
T:/ccrcfr: 0.000000000 0.401448534 0.598551466
T:/ccrcrc: 0.000000000 0.843040636 0.156959364
T:/ccrcrf: 0.000000000 0.348533495 0.651466505
T:/ccrfcr: 0.000000000 0.381386770 0.618613230
T:/ccrffr: 0.000000000 0.571424288 0.428575712
T:/ccrfrc: 0.000000000 0.599677576 0.400322424
T:/ccrfrf: 0.000000000 0.383274337 0.616725663
T:/ccrrcc: 0.000000000 0.471589876 0.528410124
T:/ccrrcf: 0.000000000 0.430916360 0.569083640
T:/ccrrfc: 0.000000000 0.197303046 0.802696954
T:/ccrrff: 0.000000000 0.149591027 0.850408973
T:/cr: 0.000414812 0.000000000 0.999585188
T:/crccrc: 0.000000000 0.619743998 0.380256002
T:/crccrf: 0.000000000 0.620984112 0.379015888
T:/crcfrc: 0.000000000 0.000010873 0.999989127
T:/crcfrf: 0.000000000 0.572523591 0.427476409
T:/crcrcc: 0.000000000 0.000000000 1.000000000
T:/crcrcf: 0.000000000 0.130804752 0.869195248
T:/crcrfc: 0.000000000 0.587703937 0.412296063
T:/crcrff: 0.000000000 0.448904811 0.551095189
T:/rc: 0.153409693 0.402915849 0.443674458
T:/rccrcc: 0.000000000 0.479913590 0.520086410
T:/rccrcf: 0.000000000 0.468509309 0.531490691
T:/rccrfc: 0.000000000 0.952681951 0.047318049
T:/rccrff: 0.000000000 0.012054710 0.987945290
T:/rf: 0.230098576 0.000000107 0.769901317
T:/rfcrc: 0.000000000 0.099326462 0.900673538
T:/rfcrf: 0.000000000 0.617031643 0.382968357
T:/rr: 0.000000000 0.637641427 0.362358573
