9:/ccc: 0.000000000 1.000000000 0.000000000
9:/cccrccr: 0.000000000 0.252464656 0.747535344
9:/cccrcfr: 0.000000000 0.416947877 0.583052123
9:/cccrcrc: 0.000000000 0.466756496 0.533243504
9:/cccrcrf: 0.000000000 0.323573657 0.676426343
9:/cccrfcr: 0.000000000 0.107001852 0.892998148
9:/cccrffr: 0.000000000 0.645682105 0.354317895
9:/cccrfrc: 0.000000000 0.371076681 0.628923319
9:/cccrfrf: 0.000000000 0.038325885 0.961674115
9:/cccrrcc: 0.000000000 0.431181266 0.568818734
9:/cccrrcf: 0.000000000 0.357274390 0.642725610
9:/cccrrfc: 0.000000000 0.449427136 0.550572864
9:/cccrrff: 0.000000000 0.608937997 0.391062003
9:/ccr: 0.022864193 0.757539801 0.219596006
9:/ccrccrc: 0.000000000 0.578772634 0.421227366
9:/ccrccrf: 0.000000000 0.894039533 0.105960467
9:/ccrcfrc: 0.000000000 0.036223969 0.963776031
9:/ccrcfrf: 0.000000000 0.530365953 0.469634047
9:/ccrcrcc: 0.000000000 0.116294527 0.883705473
9:/ccrcrcf: 0.000000000 0.740518336 0.259481664
9:/ccrcrfc: 0.000000000 0.427466433 0.572533567
9:/ccrcrff: 0.000000000 0.318950918 0.681049082
9:/crc: 0.000000000 0.000000000 1.000000000
9:/crccrcc: 0.000000000 0.575852778 0.424147222
9:/crccrcf: 0.000000000 0.760426158 0.239573842
9:/crccrfc: 0.000000000 0.445688632 0.554311368
9:/crccrff: 0.000000000 0.476483936 0.523516064
9:/crf: 0.064159551 0.152883164 0.782957286
9:/crfcrc: 0.000000000 0.000000000 1.000000000
9:/crfcrf: 0.000000000 0.000000000 1.000000000
9:/crr: 0.000000000 0.000000000 1.000000000
9:/rcc: 0.751603264 0.092276289 0.156120447
9:/rcf: 0.447076550 0.395948355 0.156975094
9:/rcr: 0.000000000 0.534192885 0.465807115
9:/rfc: 0.028460718 0.479434173 0.492105109
9:/rff: 0.238743274 0.106472066 0.654784660
9:/rfr: 0.000000000 0.000000000 1.000000000
9:/rrc: 0.000000000 0.000000000 1.000000000
9:/rrf: 0.000000000 0.085093284 0.914906716
A:/ccc: 0.172870513 0.827129487 0.000000000
A:/cccrccr: 0.000000000 0.859957542 0.140042458
A:/cccrcfr: 0.000000000 0.594708024 0.405291976
A:/cccrcrc: 0.000000000 0.604981671 0.395018329
A:/cccrcrf: 0.000000000 0.645479001 0.354520999
A:/cccrfcr: 0.000000000 0.794380738 0.205619262
A:/cccrffr: 0.000000000 0.785935491 0.214064509
A:/cccrfrc: 0.000000000 0.905682590 0.094317410
A:/cccrfrf: 0.000000000 0.927197750 0.072802250
A:/cccrrcc: 0.000000000 0.407976330 0.592023670
A:/cccrrcf: 0.000000000 1.000000000 0.000000000
A:/cccrrfc: 0.000000000 0.000000870 0.999999130
A:/cccrrff: 0.000000000 0.000010759 0.999989241
A:/ccr: 0.155293922 0.477978955 0.366727123
A:/ccrccrc: 0.000000000 0.491126134 0.508873866
A:/ccrccrf: 0.000000000 0.454595601 0.545404399
A:/ccrcfrc: 0.000000000 0.704713165 0.295286835
A:/ccrcfrf: 0.000000000 0.480854954 0.519145046
A:/ccrcrcc: 0.000000000 0.862179207 0.137820793
A:/ccrcrcf: 0.000000000 0.631219198 0.368780802
A:/ccrcrfc: 0.000000000 0.835085241 0.164914759
A:/ccrcrff: 0.000000000 0.216920063 0.783079937
A:/crc: 1.000000000 0.000000000 0.000000000
A:/crccrcc: 0.000000000 0.904661454 0.095338546
A:/crccrcf: 0.000000000 0.648519889 0.351480111
A:/crccrfc: 0.000000000 1.000000000 0.000000000
A:/crccrff: 0.000000000 1.000000000 0.000000000
A:/crf: 0.787422694 0.212577306 0.000000000
A:/crfcrc: 0.000000000 1.000000000 0.000000000
A:/crfcrf: 0.000000000 0.999890168 0.000109832
A:/crr: 0.000000000 0.999998997 0.000001003
A:/rcc: 0.384740023 0.050594969 0.564665008
A:/rcf: 0.117499047 0.059744556 0.822756397
A:/rcr: 0.000000000 0.202476986 0.797523014
A:/rfc: 0.199906261 0.507706936 0.292386803
A:/rff: 0.751616094 0.105931764 0.142452142
A:/rfr: 0.000000000 0.573294095 0.426705905
A:/rrc: 0.000000000 1.000000000 0.000000000
A:/rrf: 0.000000000 0.988088181 0.011911819
J:/ccc: 0.000098015 0.999901985 0.000000000
J:/cccrccr: 0.000000000 0.537102925 0.462897075
J:/cccrcfr: 0.000000000 0.261769037 0.738230963
J:/cccrcrc: 0.000000000 0.681337875 0.318662125
J:/cccrcrf: 0.000000000 0.000806731 0.999193269
J:/cccrfcr: 0.000000000 0.381490509 0.618509491
J:/cccrffr: 0.000000000 0.680111505 0.319888495
J:/cccrfrc: 0.000000000 0.763346546 0.236653454
J:/cccrfrf: 0.000000000 0.375564123 0.624435877
J:/cccrrcc: 0.000000000 0.435319186 0.564680814
J:/cccrrcf: 0.000000000 0.632066934 0.367933066
J:/cccrrfc: 0.000000000 0.511474482 0.488525518
J:/cccrrff: 0.000000000 0.423218783 0.576781217
J:/ccr: 0.000000000 0.894526346 0.105473654
J:/ccrccrc: 0.000000000 0.835030640 0.164969360
J:/ccrccrf: 0.000000000 0.621722531 0.378277469
J:/ccrcfrc: 0.000000000 0.250990179 0.749009821
J:/ccrcfrf: 0.000000000 0.294946462 0.705053538
J:/ccrcrcc: 0.000000000 0.158568704 0.841431296
J:/ccrcrcf: 0.000000000 0.810296950 0.189703050
J:/ccrcrfc: 0.000000000 0.758050408 0.241949592
J:/ccrcrff: 0.000000000 0.660665840 0.339334160
J:/crc: 0.000240368 0.000000000 0.999759632
J:/crccrcc: 0.000000000 0.518679025 0.481320975
J:/crccrcf: 0.000000000 0.689325731 0.310674269
J:/crccrfc: 0.000000000 0.365639066 0.634360934
J:/crccrff: 0.000000000 0.386839902 0.613160098
J:/crf: 0.000000000 0.246886305 0.753113695
J:/crfcrc: 0.000000000 0.000000000 1.000000000
J:/crfcrf: 0.000000000 0.000000000 1.000000000
J:/crr: 0.000000000 0.000000000 1.000000000
J:/rcc: 0.000004473 0.555904614 0.444090913
J:/rcf: 0.313972834 0.411966472 0.274060694
J:/rcr: 0.000000000 0.445033494 0.554966506
J:/rfc: 0.060509962 0.618678288 0.320811750
J:/rff: 0.000009899 0.393261067 0.606729034
J:/rfr: 0.000000000 0.488099620 0.511900380
J:/rrc: 0.000000000 0.000000000 1.000000000
J:/rrf: 0.000000000 0.000033265 0.999966735
K:/ccc: 0.971771905 0.028228095 0.000000000
K:/cccrccr: 0.000000000 0.948065540 0.051934460
K:/cccrcfr: 0.000000000 0.347852664 0.652147336
K:/cccrcrc: 0.000000000 0.595206146 0.404793854
K:/cccrcrf: 0.000000000 0.264622322 0.735377678
K:/cccrfcr: 0.000000000 0.529885337 0.470114663
K:/cccrffr: 0.000000000 0.719324848 0.280675152
K:/cccrfrc: 0.000000000 0.784933449 0.215066551
K:/cccrfrf: 0.000000000 0.496275250 0.503724750
K:/cccrrcc: 0.000000000 0.174830950 0.825169050
K:/cccrrcf: 0.000000000 0.439164228 0.560835772
K:/cccrrfc: 0.000000000 0.738092593 0.261907407
K:/cccrrff: 0.000000000 0.412518239 0.587481761
K:/ccr: 0.479930957 0.520069043 0.000000000
K:/ccrccrc: 0.000000000 0.483305402 0.516694598
K:/ccrccrf: 0.000000000 0.707224355 0.292775645
K:/ccrcfrc: 0.000000000 0.376070151 0.623929849
K:/ccrcfrf: 0.000000000 0.625411918 0.374588082
K:/ccrcrcc: 0.000000000 0.312697191 0.687302809
K:/ccrcrcf: 0.000000000 0.108597257 0.891402743
K:/ccrcrfc: 0.000000000 0.653235864 0.346764136
K:/ccrcrff: 0.000000000 0.168852612 0.831147388
K:/crc: 0.000087471 0.000000000 0.999912529
K:/crccrcc: 0.000000000 0.538127472 0.461872528
K:/crccrcf: 0.000000000 0.714241333 0.285758667
K:/crccrfc: 0.000000000 0.345750133 0.654249867
K:/crccrff: 0.000000000 0.551152255 0.448847745
K:/crf: 0.000000000 1.000000000 0.000000000
K:/crfcrc: 0.000000000 0.364250841 0.635749159
K:/crfcrf: 0.000000000 0.752372102 0.247627898
K:/crr: 0.000000000 0.000000000 1.000000000
K:/rcc: 0.120594145 0.512972401 0.366433453
K:/rcf: 0.429395986 0.423577531 0.147026482
K:/rcr: 0.000000000 0.699751057 0.300248943
K:/rfc: 0.340848872 0.349829195 0.309321933
K:/rff: 0.213769102 0.179811353 0.606419545
K:/rfr: 0.000000000 0.655449887 0.344550113
K:/rrc: 0.000000000 0.655365896 0.344634104
K:/rrf: 0.000000000 0.331882167 0.668117833
Q:/ccc: 0.200265709 0.799734291 0.000000000
Q:/cccrccr: 0.000000000 0.226493614 0.773506386
Q:/cccrcfr: 0.000000000 0.184276043 0.815723957
Q:/cccrcrc: 0.000000000 0.932675698 0.067324302
Q:/cccrcrf: 0.000000000 0.000000069 0.999999931
Q:/cccrfcr: 0.000000000 0.622015031 0.377984969
Q:/cccrffr: 0.000000000 0.472453866 0.527546134
Q:/cccrfrc: 0.000000000 0.755890408 0.244109592
Q:/cccrfrf: 0.000000000 0.552729524 0.447270476
Q:/cccrrcc: 0.000000000 0.580644111 0.419355889
Q:/cccrrcf: 0.000000000 0.138594029 0.861405971
Q:/cccrrfc: 0.000000000 0.094325433 0.905674567
Q:/cccrrff: 0.000000000 0.394406085 0.605593915
Q:/ccr: 0.000000000 0.938163329 0.061836671
Q:/ccrccrc: 0.000000000 0.348404546 0.651595454
Q:/ccrccrf: 0.000000000 0.374355582 0.625644418
Q:/ccrcfrc: 0.000000000 0.224987104 0.775012896
Q:/ccrcfrf: 0.000000000 0.237467155 0.762532845
Q:/ccrcrcc: 0.000000000 0.471918545 0.528081455
Q:/ccrcrcf: 0.000000000 0.467568709 0.532431291
Q:/ccrcrfc: 0.000000000 0.474724923 0.525275077
Q:/ccrcrff: 0.000000000 0.480537108 0.519462892
Q:/crc: 0.088697291 0.000000000 0.911302709
Q:/crccrcc: 0.000000000 0.181602226 0.818397774
Q:/crccrcf: 0.000000000 0.508083763 0.491916237
Q:/crccrfc: 0.000000000 0.373411114 0.626588886
Q:/crccrff: 0.000000000 0.593824756 0.406175244
Q:/crf: 0.000000000 0.571276991 0.428723009
Q:/crfcrc: 0.000000000 0.183618204 0.816381796
Q:/crfcrf: 0.000000000 0.220786651 0.779213349
Q:/crr: 0.000000000 0.000000000 1.000000000
Q:/rcc: 0.630004860 0.134607925 0.235387215
Q:/rcf: 0.244130932 0.245280724 0.510588344
Q:/rcr: 0.000000000 0.998327359 0.001672641
Q:/rfc: 0.084501176 0.169888330 0.745610494
Q:/rff: 0.325198678 0.175929039 0.498872284
Q:/rfr: 0.000000000 0.312986333 0.687013667
Q:/rrc: 0.000000000 0.000000000 1.000000000
Q:/rrf: 0.000000000 0.181135388 0.818864612
T:/ccc: 0.079070640 0.920929360 0.000000000
T:/cccrccr: 0.000000000 0.198814784 0.801185216
T:/cccrcfr: 0.000000000 0.813706654 0.186293346
T:/cccrcrc: 0.000000000 0.838310820 0.161689180
T:/cccrcrf: 0.000000000 0.050428948 0.949571052
T:/cccrfcr: 0.000000000 0.437766038 0.562233962
T:/cccrffr: 0.000000000 0.565709705 0.434290295
T:/cccrfrc: 0.000000000 0.685298230 0.314701770
T:/cccrfrf: 0.000000000 0.632473563 0.367526437
T:/cccrrcc: 0.000000000 0.324630665 0.675369335
T:/cccrrcf: 0.000000000 0.624726232 0.375273768
T:/cccrrfc: 0.000000000 0.671907412 0.328092588
T:/cccrrff: 0.000000000 0.344097833 0.655902167
T:/ccr: 0.000260302 0.999739698 0.000000000
T:/ccrccrc: 0.000000000 0.931369211 0.068630789
T:/ccrccrf: 0.000000000 0.751224125 0.248775875
T:/ccrcfrc: 0.000000000 0.801099868 0.198900132
T:/ccrcfrf: 0.000000000 0.564853469 0.435146531
T:/ccrcrcc: 0.000000000 0.297597939 0.702402061
T:/ccrcrcf: 0.000000000 0.140959734 0.859040266
T:/ccrcrfc: 0.000000000 0.421025666 0.578974334
T:/ccrcrff: 0.000000000 0.590421908 0.409578092
T:/crc: 0.000147266 0.000000000 0.999852734
T:/crccrcc: 0.000000000 0.175229643 0.824770357
T:/crccrcf: 0.000000000 0.149656489 0.850343511
T:/crccrfc: 0.000000000 0.169937230 0.830062770
T:/crccrff: 0.000000000 0.714299903 0.285700097
T:/crf: 0.438553975 0.152122467 0.409323558
T:/crfcrc: 0.000000000 0.000000000 1.000000000
T:/crfcrf: 0.000000000 0.000000000 1.000000000
T:/crr: 0.000000000 0.000000000 1.000000000
T:/rcc: 0.367112366 0.161415732 0.471471902
T:/rcf: 0.337366005 0.287873324 0.374760671
T:/rcr: 0.000000000 0.120279954 0.879720046
T:/rfc: 0.139365722 0.351048894 0.509585383
T:/rff: 0.169079744 0.315426746 0.515493509
T:/rfr: 0.000000000 0.196041802 0.803958198
T:/rrc: 0.000000000 0.567321001 0.432678999
T:/rrf: 0.000000000 0.000010677 0.999989323
