8:/: 0.998804287 0.001195713 0.000000000
8:/cccr: 0.000011589 0.000000000 0.999988411
8:/cccrccrc: 0.000000000 0.038033865 0.961966135
8:/cccrccrf: 0.000000000 0.457233148 0.542766852
8:/cccrcfrc: 0.000000000 0.158145803 0.841854197
8:/cccrcfrf: 0.000000000 0.422258376 0.577741624
8:/cccrcrcc: 0.000000000 0.286538614 0.713461386
8:/cccrcrcf: 0.000000000 0.712426902 0.287573098
8:/cccrcrfc: 0.000000000 0.291612734 0.708387266
8:/cccrcrff: 0.000000000 0.495890084 0.504109916
8:/ccrc: 0.434592667 0.546487153 0.018920180
8:/ccrccrcc: 0.000000000 0.112636983 0.887363017
8:/ccrccrcf: 0.000000000 0.331515180 0.668484820
8:/ccrccrfc: 0.000000000 0.498523604 0.501476396
8:/ccrccrff: 0.000000000 0.369704374 0.630295626
8:/ccrf: 0.604773969 0.395200933 0.000025098
8:/ccrfcrc: 0.000000000 0.595499069 0.404500931
8:/ccrfcrf: 0.000000000 0.025259928 0.974740072
8:/ccrr: 0.000000000 1.000000000 0.000000000
8:/crcc: 0.000183367 0.412495517 0.587321116
8:/crcf: 0.000209530 0.219697827 0.780092643
8:/crcr: 0.000000000 0.210938006 0.789061994
8:/crfc: 0.058322958 0.644774787 0.296902255
8:/crff: 0.190235529 0.068057159 0.741707312
8:/crfr: 0.000000000 0.000007836 0.999992164
8:/crrc: 0.000000000 0.041979122 0.958020878
8:/crrf: 0.000000000 0.000000000 1.000000000
8:/rccr: 0.000000000 0.604273390 0.395726610
8:/rcfr: 0.000000000 0.480007506 0.519992494
8:/rcrc: 0.000000000 0.638661017 0.361338983
8:/rcrf: 0.000000000 0.240661437 0.759338563
8:/rfcr: 0.000000000 0.984457855 0.015542145
8:/rffr: 0.000000000 0.000000000 1.000000000
8:/rfrc: 0.000000000 0.000000000 1.000000000
8:/rfrf: 0.000000000 0.607734439 0.392265561
8:/rrcc: 0.000000000 0.462168416 0.537831584
8:/rrcf: 0.000000000 0.452674004 0.547325996
8:/rrfc: 0.000000000 0.183276267 0.816723733
8:/rrff: 0.000000000 0.000000000 1.000000000
9:/: 0.998490849 0.001509151 0.000000000
9:/cccr: 0.000099778 0.033099664 0.966800558
9:/cccrccrc: 0.000000000 0.430706750 0.569293250
9:/cccrccrf: 0.000000000 0.428875566 0.571124434
9:/cccrcfrc: 0.000000000 0.076810387 0.923189613
9:/cccrcfrf: 0.000000000 0.422311629 0.577688371
9:/cccrcrcc: 0.000000000 0.218652218 0.781347782
9:/cccrcrcf: 0.000000000 0.612117173 0.387882827
9:/cccrcrfc: 0.000000000 0.528483432 0.471516568
9:/cccrcrff: 0.000000000 0.563368697 0.436631303
9:/ccrc: 0.417375389 0.355652339 0.226972272
9:/ccrccrcc: 0.000000000 0.521606231 0.478393769
9:/ccrccrcf: 0.000000000 0.568134791 0.431865209
9:/ccrccrfc: 0.000000000 0.001392368 0.998607632
9:/ccrccrff: 0.000000000 0.156470348 0.843529652
9:/ccrf: 0.904235412 0.095764588 0.000000000
9:/ccrfcrc: 0.000000000 0.272492933 0.727507067
9:/ccrfcrf: 0.000000000 0.392597281 0.607402719
9:/ccrr: 0.000000000 1.000000000 0.000000000
9:/crcc: 0.134367997 0.363232086 0.502399917
9:/crcf: 0.000048110 0.289349830 0.710602061
9:/crcr: 0.000000000 0.474269497 0.525730503
9:/crfc: 0.015022276 0.000000000 0.984977724
9:/crff: 0.384629545 0.092405928 0.522964526
9:/crfr: 0.000000000 0.058067055 0.941932945
9:/crrc: 0.000000000 0.000000000 1.000000000
9:/crrf: 0.000000000 0.000000000 1.000000000
9:/rccr: 0.000000000 0.925541418 0.074458582
9:/rcfr: 0.000000000 0.000000000 1.000000000
9:/rcrc: 0.000000000 0.125017580 0.874982420
9:/rcrf: 0.000000000 0.328042186 0.671957814
9:/rfcr: 0.000000000 0.491831132 0.508168868
9:/rffr: 0.000000000 0.000184644 0.999815356
9:/rfrc: 0.000000000 0.000011271 0.999988729
9:/rfrf: 0.000000000 0.544633544 0.455366456
9:/rrcc: 0.000000000 0.479739390 0.520260610
9:/rrcf: 0.000000000 0.454508267 0.545491733
9:/rrfc: 0.000000000 0.078897403 0.921102597
9:/rrff: 0.000000000 0.000000000 1.000000000
A:/: 0.999924411 0.000075589 0.000000000
A:/cccr: 0.993609379 0.006390621 0.000000000
A:/cccrccrc: 0.000000000 0.952416674 0.047583326
A:/cccrccrf: 0.000000000 0.449076008 0.550923992
A:/cccrcfrc: 0.000000000 0.997380291 0.002619709
A:/cccrcfrf: 0.000000000 0.589622435 0.410377565
A:/cccrcrcc: 0.000000000 0.547850765 0.452149235
A:/cccrcrcf: 0.000000000 0.797507908 0.202492092
A:/cccrcrfc: 0.000000000 1.000000000 0.000000000
A:/cccrcrff: 0.000000000 0.641456329 0.358543671
A:/ccrc: 0.492118459 0.372482201 0.135399340
A:/ccrccrcc: 0.000000000 0.433530441 0.566469559
A:/ccrccrcf: 0.000000000 0.517488541 0.482511459
A:/ccrccrfc: 0.000000000 0.875832278 0.124167722
A:/ccrccrff: 0.000000000 0.824946289 0.175053711
A:/ccrf: 0.607867573 0.392004129 0.000128298
A:/ccrfcrc: 0.000000000 0.980636577 0.019363423
A:/ccrfcrf: 0.000000000 0.983490289 0.016509711
A:/ccrr: 0.000000000 0.999363479 0.000636521
A:/crcc: 0.604790276 0.394740416 0.000469308
A:/crcf: 0.850146463 0.149848597 0.000004940
A:/crcr: 0.000000000 0.999437516 0.000562484
A:/crfc: 0.292370009 0.707629991 0.000000000
A:/crff: 0.596883825 0.403116175 0.000000000
A:/crfr: 0.000000000 0.999202425 0.000797575
A:/crrc: 0.000000000 1.000000000 0.000000000
A:/crrf: 0.000000000 1.000000000 0.000000000
A:/rccr: 0.000000000 0.392177886 0.607822114
A:/rcfr: 0.000000000 0.999993766 0.000006234
A:/rcrc: 0.000000000 0.925241740 0.074758260
A:/rcrf: 0.000000000 0.701916131 0.298083869
A:/rfcr: 0.000000000 0.999991305 0.000008695
A:/rffr: 0.000000000 1.000000000 0.000000000
A:/rfrc: 0.000000000 0.999864273 0.000135727
A:/rfrf: 0.000000000 0.574580374 0.425419626
A:/rrcc: 0.000000000 0.159615713 0.840384287
A:/rrcf: 0.000000000 0.376311732 0.623688268
A:/rrfc: 0.000000000 0.888679714 0.111320286
A:/rrff: 0.000000000 1.000000000 0.000000000
J:/: 0.998834862 0.001165138 0.000000000
J:/cccr: 0.008189905 0.104750640 0.887059455
J:/cccrccrc: 0.000000000 0.427357816 0.572642184
J:/cccrccrf: 0.000000000 0.325006685 0.674993315
J:/cccrcfrc: 0.000000000 0.004349780 0.995650220
J:/cccrcfrf: 0.000000000 0.103754429 0.896245571
J:/cccrcrcc: 0.000000000 0.402278578 0.597721422
J:/cccrcrcf: 0.000000000 0.763023023 0.236976977
J:/cccrcrfc: 0.000000000 0.058628097 0.941371903
J:/cccrcrff: 0.000000000 0.640859554 0.359140446
J:/ccrc: 0.513743737 0.236365613 0.249890650
J:/ccrccrcc: 0.000000000 0.095879549 0.904120451
J:/ccrccrcf: 0.000000000 0.507806928 0.492193072
J:/ccrccrfc: 0.000000000 0.193785051 0.806214949
J:/ccrccrff: 0.000000000 0.459874718 0.540125282
J:/ccrf: 0.999998925 0.000001075 0.000000000
J:/ccrfcrc: 0.000000000 0.821842186 0.178157814
J:/ccrfcrf: 0.000000000 0.519464840 0.480535160
J:/ccrr: 0.000000000 1.000000000 0.000000000
J:/crcc: 0.298120329 0.489956630 0.211923041
J:/crcf: 0.012584475 0.343487490 0.643928034
J:/crcr: 0.000000000 1.000000000 0.000000000
J:/crfc: 0.001119243 0.481491409 0.517389347
J:/crff: 0.649211592 0.350788408 0.000000000
J:/crfr: 0.000000000 0.080329378 0.919670622
J:/crrc: 0.000000000 0.000000000 1.000000000
J:/crrf: 0.000000000 0.408680188 0.591319812
J:/rccr: 0.000000000 0.998078567 0.001921433
J:/rcfr: 0.000000000 0.214856878 0.785143122
J:/rcrc: 0.000000000 0.494083625 0.505916375
J:/rcrf: 0.000000000 0.730701282 0.269298718
J:/rfcr: 0.000000000 0.524845646 0.475154354
J:/rffr: 0.000000000 0.750723161 0.249276839
J:/rfrc: 0.000000000 0.439715437 0.560284563
J:/rfrf: 0.000000000 0.426082648 0.573917352
J:/rrcc: 0.000000000 0.480940482 0.519059518
J:/rrcf: 0.000000000 0.473505609 0.526494391
J:/rrfc: 0.000000000 0.000000000 1.000000000
J:/rrff: 0.000000000 0.000000000 1.000000000
K:/: 0.999885673 0.000114327 0.000000000
K:/cccr: 0.697572106 0.302057402 0.000370492
K:/cccrccrc: 0.000000000 0.996614003 0.003385997
K:/cccrccrf: 0.000000000 0.595395264 0.404604736
K:/cccrcfrc: 0.000000000 0.651700473 0.348299527
K:/cccrcfrf: 0.000000000 0.395244463 0.604755537
K:/cccrcrcc: 0.000000000 0.433128473 0.566871527
K:/cccrcrcf: 0.000000000 0.332587264 0.667412736
K:/cccrcrfc: 0.000000000 0.846012371 0.153987629
K:/cccrcrff: 0.000000000 0.574265074 0.425734926
K:/ccrc: 0.092439071 0.274749241 0.632811689
K:/ccrccrcc: 0.000000000 0.804945442 0.195054558
K:/ccrccrcf: 0.000000000 0.553347784 0.446652216
K:/ccrccrfc: 0.000000000 0.514076934 0.485923066
K:/ccrccrff: 0.000000000 0.287197420 0.712802580
K:/ccrf: 0.567422523 0.432352673 0.000224804
K:/ccrfcrc: 0.000000000 0.899409057 0.100590943
K:/ccrfcrf: 0.000000000 0.895235057 0.104764943
K:/ccrr: 0.000000000 0.999862623 0.000137377
K:/crcc: 0.524177963 0.475817371 0.000004666
K:/crcf: 0.474849618 0.525150382 0.000000000
K:/crcr: 0.000000000 0.999991710 0.000008290
K:/crfc: 0.583205275 0.416779881 0.000014844
K:/crff: 0.338350769 0.661649231 0.000000000
K:/crfr: 0.000000000 0.999994300 0.000005700
K:/crrc: 0.000000000 0.956270121 0.043729879
K:/crrf: 0.000000000 0.251370097 0.748629903
K:/rccr: 0.000000000 0.701501682 0.298498318
K:/rcfr: 0.000000000 0.881137152 0.118862848
K:/rcrc: 0.000000000 0.725709790 0.274290210
K:/rcrf: 0.000000000 0.799413503 0.200586497
K:/rfcr: 0.000000000 0.481627571 0.518372429
K:/rffr: 0.000000000 1.000000000 0.000000000
K:/rfrc: 0.000000000 0.904608497 0.095391503
K:/rfrf: 0.000000000 0.183590336 0.816409664
K:/rrcc: 0.000000000 0.329309984 0.670690016
K:/rrcf: 0.000000000 0.604228219 0.395771781
K:/rrfc: 0.000000000 0.520174275 0.479825725
K:/rrff: 0.000000000 1.000000000 0.000000000
Q:/: 0.998942606 0.001057394 0.000000000
Q:/cccr: 0.135870162 0.483169447 0.380960391
Q:/cccrccrc: 0.000000000 0.412340177 0.587659823
Q:/cccrccrf: 0.000000000 0.576293066 0.423706934
Q:/cccrcfrc: 0.000000000 0.537090813 0.462909187
Q:/cccrcfrf: 0.000000000 0.662018109 0.337981891
Q:/cccrcrcc: 0.000000000 0.319047080 0.680952920
Q:/cccrcrcf: 0.000000000 0.729419160 0.270580840
Q:/cccrcrfc: 0.000000000 0.046823600 0.953176400
Q:/cccrcrff: 0.000000000 0.864598382 0.135401618
Q:/ccrc: 0.361574648 0.471459314 0.166966038
Q:/ccrccrcc: 0.000000000 0.864208468 0.135791532
Q:/ccrccrcf: 0.000000000 0.590008183 0.409991817
Q:/ccrccrfc: 0.000000000 0.384263046 0.615736954
Q:/ccrccrff: 0.000000000 0.531138756 0.468861244
Q:/ccrf: 0.609705833 0.390281100 0.000013067
Q:/ccrfcrc: 0.000000000 0.310293474 0.689706526
Q:/ccrfcrf: 0.000000000 0.845903408 0.154096592
Q:/ccrr: 0.000000000 1.000000000 0.000000000
Q:/crcc: 0.187435855 0.418352455 0.394211690
Q:/crcf: 0.000072724 0.000000000 0.999927276
Q:/crcr: 0.000000000 1.000000000 0.000000000
Q:/crfc: 0.424440529 0.575549354 0.000010116
Q:/crff: 0.353985143 0.646014857 0.000000000
Q:/crfr: 0.000000000 0.951520554 0.048479446
Q:/crrc: 0.000000000 0.000000000 1.000000000
Q:/crrf: 0.000000000 0.491849742 0.508150258
Q:/rccr: 0.000000000 0.690749653 0.309250347
Q:/rcfr: 0.000000000 0.208625164 0.791374836
Q:/rcrc: 0.000000000 0.567687646 0.432312354
Q:/rcrf: 0.000000000 0.426947357 0.573052643
Q:/rfcr: 0.000000000 0.628265854 0.371734146
Q:/rffr: 0.000000000 0.539905875 0.460094125
Q:/rfrc: 0.000000000 0.085543208 0.914456792
Q:/rfrf: 0.000000000 0.206222212 0.793777788
Q:/rrcc: 0.000000000 0.033993065 0.966006935
Q:/rrcf: 0.000000000 0.334543534 0.665456466
Q:/rrfc: 0.000000000 0.000000000 1.000000000
Q:/rrff: 0.000000000 0.012455620 0.987544380
T:/: 0.998808332 0.001191668 0.000000000
T:/cccr: 0.000143073 0.100925672 0.898931255
T:/cccrccrc: 0.000000000 0.365649039 0.634350961
T:/cccrccrf: 0.000000000 0.607199165 0.392800835
T:/cccrcfrc: 0.000000000 0.288150697 0.711849303
T:/cccrcfrf: 0.000000000 0.202650907 0.797349093
T:/cccrcrcc: 0.000000000 0.422862377 0.577137623
T:/cccrcrcf: 0.000000000 0.699001901 0.300998099
T:/cccrcrfc: 0.000000000 0.360075920 0.639924080
T:/cccrcrff: 0.000000000 0.459153154 0.540846846
T:/ccrc: 0.637490872 0.187420889 0.175088239
T:/ccrccrcc: 0.000000000 0.210144773 0.789855227
T:/ccrccrcf: 0.000000000 0.560900365 0.439099635
T:/ccrccrfc: 0.000000000 0.152340651 0.847659349
T:/ccrccrff: 0.000000000 0.370307230 0.629692770
T:/ccrf: 1.000000000 0.000000000 0.000000000
T:/ccrfcrc: 0.000000000 0.597433124 0.402566876
T:/ccrfcrf: 0.000000000 0.704045630 0.295954370
T:/ccrr: 0.000000000 0.395515573 0.604484427
T:/crcc: 0.000164062 0.471262547 0.528573391
T:/crcf: 0.051596834 0.106727919 0.841675246
T:/crcr: 0.000000000 0.457629283 0.542370717
T:/crfc: 0.138061797 0.085527160 0.776411043
T:/crff: 0.196059706 0.399362235 0.404578058
T:/crfr: 0.000000000 0.515336455 0.484663545
T:/crrc: 0.000000000 0.000000000 1.000000000
T:/crrf: 0.000000000 0.000000000 1.000000000
T:/rccr: 0.000000000 0.161177540 0.838822460
T:/rcfr: 0.000000000 0.484294197 0.515705803
T:/rcrc: 0.000000000 0.622667433 0.377332567
T:/rcrf: 0.000000000 0.383715835 0.616284165
T:/rfcr: 0.000000000 0.487117601 0.512882399
T:/rffr: 0.000000000 0.343224878 0.656775122
T:/rfrc: 0.000000000 0.000006934 0.999993066
T:/rfrf: 0.000000000 0.170376863 0.829623137
T:/rrcc: 0.000000000 0.029552463 0.970447537
T:/rrcf: 0.000000000 0.179155161 0.820844839
T:/rrfc: 0.000000000 0.000000000 1.000000000
T:/rrff: 0.000000000 0.000000000 1.000000000
