8:/c: 0.472590610 0.527409390 0.000000000
8:/cccrc: 0.000061103 0.289178375 0.710760522
8:/cccrccrcc: 0.000000000 0.913415145 0.086584855
8:/cccrccrcf: 0.000000000 0.744541780 0.255458220
8:/cccrccrfc: 0.000000000 0.264228248 0.735771752
8:/cccrccrff: 0.000000000 0.294925512 0.705074488
8:/cccrf: 0.536984764 0.400347795 0.062667441
8:/cccrfcrc: 0.000000000 0.155496371 0.844503629
8:/cccrfcrf: 0.000000000 0.407714659 0.592285341
8:/cccrr: 0.000000000 0.177542410 0.822457590
8:/ccrcc: 0.000000018 0.207324187 0.792675795
8:/ccrcf: 0.001216990 0.359595142 0.639187868
8:/ccrcr: 0.000000000 0.238956376 0.761043624
8:/ccrfc: 0.056676195 0.543426896 0.399896909
8:/ccrff: 0.173545977 0.617221501 0.209232522
8:/ccrfr: 0.000000000 0.620564139 0.379435861
8:/ccrrc: 0.000000000 0.476781495 0.523218505
8:/ccrrf: 0.000000000 0.100505964 0.899494036
8:/crccr: 0.000000000 0.331569490 0.668430510
8:/crcfr: 0.000000000 0.172699297 0.827300703
8:/crcrc: 0.000000000 0.862121772 0.137878228
8:/crcrf: 0.000000000 0.000000000 1.000000000
8:/crfcr: 0.000000000 0.015557339 0.984442661
8:/crffr: 0.000000000 0.692382134 0.307617866
8:/crfrc: 0.000000000 0.417027705 0.582972295
8:/crfrf: 0.000000000 0.375684007 0.624315993
8:/crrcc: 0.000000000 0.372225849 0.627774151
8:/crrcf: 0.000000000 0.231209767 0.768790233
8:/crrfc: 0.000000000 0.681889102 0.318110898
8:/crrff: 0.000000000 0.210069232 0.789930768
8:/r: 0.000000000 0.000000000 1.000000000
8:/rccrc: 0.000000000 0.339811180 0.660188820
8:/rccrf: 0.000000000 0.299756827 0.700243173
8:/rcfrc: 0.000000000 0.690815499 0.309184501
8:/rcfrf: 0.000000000 0.131062214 0.868937786
8:/rcrcc: 0.000000000 0.276321141 0.723678859
8:/rcrcf: 0.000000000 0.186468511 0.813531489
8:/rcrfc: 0.000000000 0.383274700 0.616725300
8:/rcrff: 0.000000000 0.000000000 1.000000000
9:/c: 0.148890679 0.851109321 0.000000000
9:/cccrc: 0.000024196 0.569071837 0.430903966
9:/cccrccrcc: 0.000000000 0.555336630 0.444663370
9:/cccrccrcf: 0.000000000 0.665544790 0.334455210
9:/cccrccrfc: 0.000000000 0.606290559 0.393709441
9:/cccrccrff: 0.000000000 0.558509734 0.441490266
9:/cccrf: 0.238340964 0.526555148 0.235103888
9:/cccrfcrc: 0.000000000 0.366673859 0.633326141
9:/cccrfcrf: 0.000000000 0.203485126 0.796514874
9:/cccrr: 0.000000000 0.396736654 0.603263346
9:/ccrcc: 0.221162453 0.173339467 0.605498079
9:/ccrcf: 0.090349208 0.485821012 0.423829780
9:/ccrcr: 0.000000000 0.551474715 0.448525285
9:/ccrfc: 0.112899855 0.314400842 0.572699303
9:/ccrff: 0.295017591 0.226671352 0.478311058
9:/ccrfr: 0.000000000 0.158966198 0.841033802
9:/ccrrc: 0.000000000 0.249634166 0.750365834
9:/ccrrf: 0.000000000 0.292719504 0.707280496
9:/crccr: 0.000000000 0.297649808 0.702350192
9:/crcfr: 0.000000000 0.716304475 0.283695525
9:/crcrc: 0.000000000 0.691217580 0.308782420
9:/crcrf: 0.000000000 0.238315144 0.761684856
9:/crfcr: 0.000000000 0.268953754 0.731046246
9:/crffr: 0.000000000 0.199611244 0.800388756
9:/crfrc: 0.000000000 0.489450627 0.510549373
9:/crfrf: 0.000000000 0.591907103 0.408092897
9:/crrcc: 0.000000000 0.686540063 0.313459937
9:/crrcf: 0.000000000 0.273635154 0.726364846
9:/crrfc: 0.000000000 0.000000792 0.999999208
9:/crrff: 0.000000000 0.690202051 0.309797949
9:/r: 0.000000000 0.000000000 1.000000000
9:/rccrc: 0.000000000 0.755299122 0.244700878
9:/rccrf: 0.000000000 0.375339666 0.624660334
9:/rcfrc: 0.000000000 0.000000000 1.000000000
9:/rcfrf: 0.000000000 0.665450548 0.334549452
9:/rcrcc: 0.000000000 0.000000000 1.000000000
9:/rcrcf: 0.000000000 0.037333199 0.962666801
9:/rcrfc: 0.000000000 0.000014441 0.999985559
9:/rcrff: 0.000000000 0.000000000 1.000000000
A:/c: 0.999997949 0.000002051 0.000000000
A:/cccrc: 0.491974372 0.259083568 0.248942060
A:/cccrccrcc: 0.000000000 0.109664288 0.890335712
A:/cccrccrcf: 0.000000000 0.628939144 0.371060856
A:/cccrccrfc: 0.000000000 0.429351214 0.570648786
A:/cccrccrff: 0.000000000 0.635193274 0.364806726
A:/cccrf: 0.286578021 0.361911457 0.351510522
A:/cccrfcrc: 0.000000000 0.271672307 0.728327693
A:/cccrfcrf: 0.000000000 0.575843038 0.424156962
A:/cccrr: 0.000000000 0.528426588 0.471573412
A:/ccrcc: 0.311528948 0.688471052 0.000000000
A:/ccrcf: 0.506514405 0.493485595 0.000000000
A:/ccrcr: 0.000000000 1.000000000 0.000000000
A:/ccrfc: 0.723268023 0.276731977 0.000000000
A:/ccrff: 0.495670336 0.289606901 0.214722763
A:/ccrfr: 0.000000000 1.000000000 0.000000000
A:/ccrrc: 0.000000000 1.000000000 0.000000000
A:/ccrrf: 0.000000000 0.647603424 0.352396576
A:/crccr: 0.000000000 1.000000000 0.000000000
A:/crcfr: 0.000000000 0.842061447 0.157938553
A:/crcrc: 0.000000000 1.000000000 0.000000000
A:/crcrf: 0.000000000 0.711973419 0.288026581
A:/crfcr: 0.000000000 1.000000000 0.000000000
A:/crffr: 0.000000000 0.991105418 0.008894582
A:/crfrc: 0.000000000 1.000000000 0.000000000
A:/crfrf: 0.000000000 0.507206515 0.492793485
A:/crrcc: 0.000000000 0.906486709 0.093513291
A:/crrcf: 0.000000000 1.000000000 0.000000000
A:/crrfc: 0.000000000 0.938248392 0.061751608
A:/crrff: 0.000000000 0.999997149 0.000002851
A:/r: 0.999927993 0.000072007 0.000000000
A:/rccrc: 0.000000000 0.847181284 0.152818716
A:/rccrf: 0.000000000 0.401396800 0.598603200
A:/rcfrc: 0.000000000 1.000000000 0.000000000
A:/rcfrf: 0.000000000 0.638445976 0.361554024
A:/rcrcc: 0.000000000 1.000000000 0.000000000
A:/rcrcf: 0.000000000 1.000000000 0.000000000
A:/rcrfc: 0.000000000 0.999818553 0.000181447
A:/rcrff: 0.000000000 1.000000000 0.000000000
J:/c: 0.000150755 0.999849245 0.000000000
J:/cccrc: 0.257385209 0.686843741 0.055771050
J:/cccrccrcc: 0.000000000 0.174935287 0.825064713
J:/cccrccrcf: 0.000000000 0.304706745 0.695293255
J:/cccrccrfc: 0.000000000 0.582433001 0.417566999
J:/cccrccrff: 0.000000000 0.523861430 0.476138570
J:/cccrf: 0.157753595 0.211357064 0.630889342
J:/cccrfcrc: 0.000000000 0.523718831 0.476281169
J:/cccrfcrf: 0.000000000 0.741121275 0.258878725
J:/cccrr: 0.000000000 0.371287681 0.628712319
J:/ccrcc: 0.000000015 0.477370148 0.522629838
J:/ccrcf: 0.185650062 0.135833298 0.678516640
J:/ccrcr: 0.000000000 0.783284944 0.216715056
J:/ccrfc: 0.003173407 0.462208491 0.534618102
J:/ccrff: 0.011022590 0.749147265 0.239830145
J:/ccrfr: 0.000000000 0.341089941 0.658910059
J:/ccrrc: 0.000000000 0.394419107 0.605580893
J:/ccrrf: 0.000000000 0.143839070 0.856160930
J:/crccr: 0.000000000 0.333708844 0.666291156
J:/crcfr: 0.000000000 0.486412566 0.513587434
J:/crcrc: 0.000000000 0.605325958 0.394674042
J:/crcrf: 0.000000000 0.432805838 0.567194162
J:/crfcr: 0.000000000 0.586766336 0.413233664
J:/crffr: 0.000000000 0.731482365 0.268517635
J:/crfrc: 0.000000000 0.289821618 0.710178382
J:/crfrf: 0.000000000 0.389049330 0.610950670
J:/crrcc: 0.000000000 0.254664552 0.745335448
J:/crrcf: 0.000000000 0.758928331 0.241071669
J:/crrfc: 0.000000000 0.510060139 0.489939861
J:/crrff: 0.000000000 0.641085998 0.358914002
J:/r: 0.164982140 0.000000000 0.835017860
J:/rccrc: 0.000000000 0.722694092 0.277305908
J:/rccrf: 0.000000000 0.418109633 0.581890367
J:/rcfrc: 0.000000000 0.535667431 0.464332569
J:/rcfrf: 0.000000000 0.380724032 0.619275968
J:/rcrcc: 0.000000000 0.000000000 1.000000000
J:/rcrcf: 0.000000000 0.042952414 0.957047586
J:/rcrfc: 0.000000000 0.272550704 0.727449296
J:/rcrff: 0.000000000 0.243144090 0.756855910
K:/c: 0.749208638 0.250791362 0.000000000
K:/cccrc: 0.416672973 0.067109113 0.516217915
K:/cccrccrcc: 0.000000000 0.811572209 0.188427791
K:/cccrccrcf: 0.000000000 0.613311471 0.386688529
K:/cccrccrfc: 0.000000000 0.129391661 0.870608339
K:/cccrccrff: 0.000000000 0.475580324 0.524419676
K:/cccrf: 0.424719862 0.575280036 0.000000102
K:/cccrfcrc: 0.000000000 0.595053630 0.404946370
K:/cccrfcrf: 0.000000000 0.675985201 0.324014799
K:/cccrr: 0.000000000 0.913918830 0.086081170
K:/ccrcc: 0.215017168 0.595153169 0.189829663
K:/ccrcf: 0.726204583 0.235548581 0.038246836
K:/ccrcr: 0.000000000 0.547149480 0.452850520
K:/ccrfc: 0.510823664 0.261997138 0.227179198
K:/ccrff: 0.353615749 0.459127096 0.187257156
K:/ccrfr: 0.000000000 0.698842580 0.301157420
K:/ccrrc: 0.000000000 0.740567073 0.259432927
K:/ccrrf: 0.000000000 0.623007970 0.376992030
K:/crccr: 0.000000000 0.781016202 0.218983798
K:/crcfr: 0.000000000 0.938844224 0.061155776
K:/crcrc: 0.000000000 0.903873652 0.096126348
K:/crcrf: 0.000000000 0.548574160 0.451425840
K:/crfcr: 0.000000000 0.765325969 0.234674031
K:/crffr: 0.000000000 0.848639150 0.151360850
K:/crfrc: 0.000000000 0.904466722 0.095533278
K:/crfrf: 0.000000000 0.386299998 0.613700002
K:/crrcc: 0.000000000 0.571807733 0.428192267
K:/crrcf: 0.000000000 0.873706442 0.126293558
K:/crrfc: 0.000000000 0.547150622 0.452849378
K:/crrff: 0.000000000 0.999997998 0.000002002
K:/r: 0.999956871 0.000043129 0.000000000
K:/rccrc: 0.000000000 0.843891742 0.156108258
K:/rccrf: 0.000000000 0.355432581 0.644567419
K:/rcfrc: 0.000000000 0.770405922 0.229594078
K:/rcfrf: 0.000000000 0.775552530 0.224447470
K:/rcrcc: 0.000000000 0.505201581 0.494798419
K:/rcrcf: 0.000000000 0.574252048 0.425747952
K:/rcrfc: 0.000000000 0.516342607 0.483657393
K:/rcrff: 0.000000000 0.883018932 0.116981068
Q:/c: 0.157893209 0.842106791 0.000000000
Q:/cccrc: 0.463583484 0.295535979 0.240880536
Q:/cccrccrcc: 0.000000000 0.366769934 0.633230066
Q:/cccrccrcf: 0.000000000 0.411637638 0.588362362
Q:/cccrccrfc: 0.000000000 0.549844923 0.450155077
Q:/cccrccrff: 0.000000000 0.192444104 0.807555896
Q:/cccrf: 0.597610866 0.095216828 0.307172306
Q:/cccrfcrc: 0.000000000 0.565879011 0.434120989
Q:/cccrfcrf: 0.000000000 0.511218910 0.488781090
Q:/cccrr: 0.000000000 0.619798111 0.380201889
Q:/ccrcc: 0.132501739 0.489615717 0.377882543
Q:/ccrcf: 0.253543466 0.396466891 0.349989643
Q:/ccrcr: 0.000000000 0.849641956 0.150358044
Q:/ccrfc: 0.389754669 0.319963805 0.290281526
Q:/ccrff: 0.823850602 0.035319368 0.140830030
Q:/ccrfr: 0.000000000 0.374693266 0.625306734
Q:/ccrrc: 0.000000000 0.489200275 0.510799725
Q:/ccrrf: 0.000000000 0.418769851 0.581230149
Q:/crccr: 0.000000000 0.331950656 0.668049344
Q:/crcfr: 0.000000000 0.359105092 0.640894908
Q:/crcrc: 0.000000000 0.610378867 0.389621133
Q:/crcrf: 0.000000000 0.355503394 0.644496606
Q:/crfcr: 0.000000000 0.741245956 0.258754044
Q:/crffr: 0.000000000 0.178921078 0.821078922
Q:/crfrc: 0.000000000 0.557441384 0.442558616
Q:/crfrf: 0.000000000 0.438047683 0.561952317
Q:/crrcc: 0.000000000 0.574673991 0.425326009
Q:/crrcf: 0.000000000 0.368812059 0.631187941
Q:/crrfc: 0.000000000 0.652276148 0.347723852
Q:/crrff: 0.000000000 0.902571128 0.097428872
Q:/r: 0.469601826 0.000099964 0.530298210
Q:/rccrc: 0.000000000 0.836565474 0.163434526
Q:/rccrf: 0.000000000 0.696123511 0.303876489
Q:/rcfrc: 0.000000000 0.924927510 0.075072490
Q:/rcfrf: 0.000000000 0.851235317 0.148764683
Q:/rcrcc: 0.000000000 0.229759692 0.770240308
Q:/rcrcf: 0.000000000 0.250692537 0.749307463
Q:/rcrfc: 0.000000000 0.742271078 0.257728922
Q:/rcrff: 0.000000000 0.606021956 0.393978044
T:/c: 0.000144235 0.999855765 0.000000000
T:/cccrc: 0.227604650 0.229870055 0.542525295
T:/cccrccrcc: 0.000000000 0.100413132 0.899586868
T:/cccrccrcf: 0.000000000 0.148687834 0.851312166
T:/cccrccrfc: 0.000000000 0.270483255 0.729516745
T:/cccrccrff: 0.000000000 0.822006073 0.177993927
T:/cccrf: 0.347661112 0.592096900 0.060241988
T:/cccrfcrc: 0.000000000 0.107117830 0.892882170
T:/cccrfcrf: 0.000000000 0.128770726 0.871229274
T:/cccrr: 0.000000000 0.469534403 0.530465597
T:/ccrcc: 0.180232684 0.120122383 0.699644933
T:/ccrcf: 0.150874498 0.343126779 0.505998723
T:/ccrcr: 0.000000000 0.000000986 0.999999014
T:/ccrfc: 0.223098295 0.162509033 0.614392672
T:/ccrff: 0.331786949 0.603220730 0.064992321
T:/ccrfr: 0.000000000 0.242584248 0.757415752
T:/ccrrc: 0.000000000 0.241134058 0.758865942
T:/ccrrf: 0.000000000 0.014940028 0.985059972
T:/crccr: 0.000000000 0.479774294 0.520225706
T:/crcfr: 0.000000000 0.493290971 0.506709029
T:/crcrc: 0.000000000 0.303276363 0.696723637
T:/crcrf: 0.000000000 0.061644654 0.938355346
T:/crfcr: 0.000000000 0.518275267 0.481724733
T:/crffr: 0.000000000 0.874370280 0.125629720
T:/crfrc: 0.000000000 0.435550080 0.564449920
T:/crfrf: 0.000000000 0.614155177 0.385844823
T:/crrcc: 0.000000000 0.541880887 0.458119113
T:/crrcf: 0.000000000 0.499749358 0.500250642
T:/crrfc: 0.000000000 0.819395664 0.180604336
T:/crrff: 0.000000000 0.838189192 0.161810808
T:/r: 0.000000000 0.000000000 1.000000000
T:/rccrc: 0.000000000 0.778522869 0.221477131
T:/rccrf: 0.000000000 0.734963380 0.265036620
T:/rcfrc: 0.000000000 0.587943700 0.412056300
T:/rcfrf: 0.000000000 0.390375037 0.609624963
T:/rcrcc: 0.000000000 0.387562210 0.612437790
T:/rcrcf: 0.000000000 0.367963088 0.632036912
T:/rcrfc: 0.000000000 0.000009575 0.999990425
T:/rcrff: 0.000000000 0.040898889 0.959101111
