8:/cc: 0.434471415 0.565528585 0.000000000
8:/cccrcc: 0.410394349 0.433991315 0.155614336
8:/cccrcf: 0.148924589 0.403841187 0.447234225
8:/cccrcr: 0.000000000 0.565049991 0.434950009
8:/cccrfc: 0.330650478 0.124632748 0.544716773
8:/cccrff: 0.285802841 0.402783324 0.311413834
8:/cccrfr: 0.000000000 0.771456857 0.228543143
8:/cccrrc: 0.000000000 0.448842199 0.551157801
8:/cccrrf: 0.000000000 0.505986060 0.494013940
8:/ccrccr: 0.000000000 0.301553214 0.698446786
8:/ccrcfr: 0.000000000 0.605416752 0.394583248
8:/ccrcrc: 0.000000000 0.840355219 0.159644781
8:/ccrcrf: 0.000000000 0.799735777 0.200264223
8:/ccrfcr: 0.000000000 0.598478243 0.401521757
8:/ccrffr: 0.000000000 0.843619611 0.156380389
8:/ccrfrc: 0.000000000 0.375570057 0.624429943
8:/ccrfrf: 0.000000000 0.594239119 0.405760881
8:/ccrrcc: 0.000000000 0.540773723 0.459226277
8:/ccrrcf: 0.000000000 0.185281339 0.814718661
8:/ccrrfc: 0.000000000 0.600930840 0.399069160
8:/ccrrff: 0.000000000 0.530690132 0.469309868
8:/cr: 0.398298074 0.007819620 0.593882306
8:/crccrc: 0.000000000 0.598742518 0.401257482
8:/crccrf: 0.000000000 0.510103357 0.489896643
8:/crcfrc: 0.000000000 0.238964947 0.761035053
8:/crcfrf: 0.000000000 0.287056867 0.712943133
8:/crcrcc: 0.000000000 0.399012866 0.600987134
8:/crcrcf: 0.000000000 0.496651406 0.503348594
8:/crcrfc: 0.000000000 0.326781248 0.673218752
8:/crcrff: 0.000000000 0.373476078 0.626523922
8:/rc: 0.000000473 0.000000000 0.999999527
8:/rccrcc: 0.000000000 0.278434430 0.721565570
8:/rccrcf: 0.000000000 0.052762711 0.947237289
8:/rccrfc: 0.000000000 0.169098359 0.830901641
8:/rccrff: 0.000000000 0.643303413 0.356696587
8:/rf: 0.000000000 0.028402215 0.971597785
8:/rfcrc: 0.000000000 0.000000000 1.000000000
8:/rfcrf: 0.000000000 0.040364927 0.959635073
8:/rr: 0.000000000 0.000000000 1.000000000
9:/cc: 0.082718043 0.917281957 0.000000000
9:/cccrcc: 0.067450667 0.603686626 0.328862707
9:/cccrcf: 0.188195156 0.407034925 0.404769919
9:/cccrcr: 0.000000000 0.042024070 0.957975930
9:/cccrfc: 0.237506449 0.316697211 0.445796340
9:/cccrff: 0.233710553 0.478678545 0.287610902
9:/cccrfr: 0.000000000 0.353186839 0.646813161
9:/cccrrc: 0.000000000 0.498076008 0.501923992
9:/cccrrf: 0.000000000 0.056751310 0.943248690
9:/ccrccr: 0.000000000 0.445102197 0.554897803
9:/ccrcfr: 0.000000000 0.651479183 0.348520817
9:/ccrcrc: 0.000000000 0.258174157 0.741825843
9:/ccrcrf: 0.000000000 0.861421351 0.138578649
9:/ccrfcr: 0.000000000 0.237942627 0.762057373
9:/ccrffr: 0.000000000 0.599930161 0.400069839
9:/ccrfrc: 0.000000000 0.446872134 0.553127866
9:/ccrfrf: 0.000000000 0.734831327 0.265168673
9:/ccrrcc: 0.000000000 0.754145215 0.245854785
9:/ccrrcf: 0.000000000 0.719192128 0.280807872
9:/ccrrfc: 0.000000000 0.421678258 0.578321742
9:/ccrrff: 0.000000000 0.153868964 0.846131036
9:/cr: 0.243850462 0.525675941 0.230473597
9:/crccrc: 0.000000000 0.653432920 0.346567080
9:/crccrf: 0.000000000 0.614531205 0.385468795
9:/crcfrc: 0.000000000 0.208434266 0.791565734
9:/crcfrf: 0.000000000 0.510378759 0.489621241
9:/crcrcc: 0.000000000 0.302719287 0.697280713
9:/crcrcf: 0.000000000 0.763092983 0.236907017
9:/crcrfc: 0.000000000 0.083878799 0.916121201
9:/crcrff: 0.000000000 0.972288178 0.027711822
9:/rc: 0.000000003 0.000000000 0.999999997
9:/rccrcc: 0.000000000 0.535732991 0.464267009
9:/rccrcf: 0.000000000 0.076543006 0.923456994
9:/rccrfc: 0.000000000 0.478581680 0.521418320
9:/rccrff: 0.000000000 0.509769277 0.490230723
9:/rf: 0.085546381 0.000197686 0.914255932
9:/rfcrc: 0.000000000 0.000000000 1.000000000
9:/rfcrf: 0.000000000 0.243747832 0.756252168
9:/rr: 0.000000000 0.000000000 1.000000000
A:/cc: 0.198083470 0.801916530 0.000000000
A:/cccrcc: 0.367823259 0.632176741 0.000000000
A:/cccrcf: 0.248901313 0.653846274 0.097252413
A:/cccrcr: 0.000000000 0.793415978 0.206584022
A:/cccrfc: 0.635156093 0.135839481 0.229004426
A:/cccrff: 0.141834553 0.364002377 0.494163070
A:/cccrfr: 0.000000000 0.549665652 0.450334348
A:/cccrrc: 0.000000000 0.250866191 0.749133809
A:/cccrrf: 0.000000000 0.245754574 0.754245426
A:/ccrccr: 0.000000000 0.772901829 0.227098171
A:/ccrcfr: 0.000000000 0.303488542 0.696511458
A:/ccrcrc: 0.000000000 0.534890503 0.465109497
A:/ccrcrf: 0.000000000 0.270333964 0.729666036
A:/ccrfcr: 0.000000000 0.270300907 0.729699093
A:/ccrffr: 0.000000000 0.281252068 0.718747932
A:/ccrfrc: 0.000000000 0.468459689 0.531540311
A:/ccrfrf: 0.000000000 0.597379813 0.402620187
A:/ccrrcc: 0.000000000 0.853387677 0.146612323
A:/ccrrcf: 0.000000000 0.821258460 0.178741540
A:/ccrrfc: 0.000000000 0.000000119 0.999999881
A:/ccrrff: 0.000000000 0.000000240 0.999999760
A:/cr: 0.000001214 0.234353873 0.765644913
A:/crccrc: 0.000000000 0.842432249 0.157567751
A:/crccrf: 0.000000000 0.433214021 0.566785979
A:/crcfrc: 0.000000000 0.571117204 0.428882796
A:/crcfrf: 0.000000000 0.154470310 0.845529690
A:/crcrcc: 0.000000000 0.998788283 0.001211717
A:/crcrcf: 0.000000000 0.845568792 0.154431208
A:/crcrfc: 0.000000000 0.598502381 0.401497619
A:/crcrff: 0.000000000 0.157399083 0.842600917
A:/rc: 0.669423963 0.330576003 0.000000033
A:/rccrcc: 0.000000000 1.000000000 0.000000000
A:/rccrcf: 0.000000000 0.747048810 0.252951190
A:/rccrfc: 0.000000000 0.640468637 0.359531363
A:/rccrff: 0.000000000 0.727598741 0.272401259
A:/rf: 0.926452519 0.073547481 0.000000000
A:/rfcrc: 0.000000000 1.000000000 0.000000000
A:/rfcrf: 0.000000000 0.853142520 0.146857480
A:/rr: 0.000000000 1.000000000 0.000000000
J:/cc: 0.520131755 0.479868245 0.000000000
J:/cccrcc: 0.196368844 0.261991172 0.541639983
J:/cccrcf: 0.428672332 0.114340078 0.456987591
J:/cccrcr: 0.000000000 0.355401403 0.644598597
J:/cccrfc: 0.362211148 0.062337140 0.575451711
J:/cccrff: 0.435371499 0.102840088 0.461788413
J:/cccrfr: 0.000000000 0.487193532 0.512806468
J:/cccrrc: 0.000000000 0.545117135 0.454882865
J:/cccrrf: 0.000000000 0.336413528 0.663586472
J:/ccrccr: 0.000000000 0.572659245 0.427340755
J:/ccrcfr: 0.000000000 0.882103525 0.117896475
J:/ccrcrc: 0.000000000 0.896607749 0.103392251
J:/ccrcrf: 0.000000000 0.320618076 0.679381924
J:/ccrfcr: 0.000000000 0.736248930 0.263751070
J:/ccrffr: 0.000000000 0.583726813 0.416273187
J:/ccrfrc: 0.000000000 0.340647085 0.659352915
J:/ccrfrf: 0.000000000 0.665416721 0.334583279
J:/ccrrcc: 0.000000000 0.656306378 0.343693622
J:/ccrrcf: 0.000000000 0.032358824 0.967641176
J:/ccrrfc: 0.000000000 0.607134077 0.392865923
J:/ccrrff: 0.000000000 0.445077791 0.554922209
J:/cr: 0.285013362 0.714985995 0.000000643
J:/crccrc: 0.000000000 0.635939571 0.364060429
J:/crccrf: 0.000000000 0.457747457 0.542252543
J:/crcfrc: 0.000000000 0.610007564 0.389992436
J:/crcfrf: 0.000000000 0.432643950 0.567356050
J:/crcrcc: 0.000000000 0.103826604 0.896173396
J:/crcrcf: 0.000000000 0.738059386 0.261940614
J:/crcrfc: 0.000000000 0.865818287 0.134181713
J:/crcrff: 0.000000000 0.000000015 0.999999985
J:/rc: 0.000000000 0.000000027 0.999999973
J:/rccrcc: 0.000000000 0.416031343 0.583968657
J:/rccrcf: 0.000000000 0.752366244 0.247633756
J:/rccrfc: 0.000000000 0.535225717 0.464774283
J:/rccrff: 0.000000000 0.662132108 0.337867892
J:/rf: 0.314215264 0.000063272 0.685721464
J:/rfcrc: 0.000000000 0.328874587 0.671125413
J:/rfcrf: 0.000000000 0.361002488 0.638997512
J:/rr: 0.000000000 0.000000000 1.000000000
K:/cc: 0.589517079 0.410482921 0.000000000
K:/cccrcc: 0.173473043 0.495921560 0.330605398
K:/cccrcf: 0.414335406 0.379539211 0.206125383
K:/cccrcr: 0.000000000 0.771891530 0.228108470
K:/cccrfc: 0.070452540 0.441440802 0.488106658
K:/cccrff: 0.652010477 0.298528813 0.049460710
K:/cccrfr: 0.000000000 0.247530203 0.752469797
K:/cccrrc: 0.000000000 0.289176771 0.710823229
K:/cccrrf: 0.000000000 0.963527648 0.036472352
K:/ccrccr: 0.000000000 0.940529021 0.059470979
K:/ccrcfr: 0.000000000 0.618444091 0.381555909
K:/ccrcrc: 0.000000000 0.468659169 0.531340831
K:/ccrcrf: 0.000000000 0.623457568 0.376542432
K:/ccrfcr: 0.000000000 0.534435281 0.465564719
K:/ccrffr: 0.000000000 0.549359381 0.450640619
K:/ccrfrc: 0.000000000 0.809889864 0.190110136
K:/ccrfrf: 0.000000000 0.299945795 0.700054205
K:/ccrrcc: 0.000000000 0.330283179 0.669716821
K:/ccrrcf: 0.000000000 0.858487999 0.141512001
K:/ccrrfc: 0.000000000 0.499049059 0.500950941
K:/ccrrff: 0.000000000 0.045231743 0.954768257
K:/cr: 0.214151620 0.330292118 0.455556262
K:/crccrc: 0.000000000 0.138221465 0.861778535
K:/crccrf: 0.000000000 0.721112279 0.278887721
K:/crcfrc: 0.000000000 0.517554768 0.482445232
K:/crcfrf: 0.000000000 0.615160747 0.384839253
K:/crcrcc: 0.000000000 0.554447762 0.445552238
K:/crcrcf: 0.000000000 0.246475747 0.753524253
K:/crcrfc: 0.000000000 0.357996266 0.642003734
K:/crcrff: 0.000000000 0.000000089 0.999999911
K:/rc: 0.247752632 0.499976694 0.252270674
K:/rccrcc: 0.000000000 0.684232892 0.315767108
K:/rccrcf: 0.000000000 0.644241190 0.355758810
K:/rccrfc: 0.000000000 0.296726109 0.703273891
K:/rccrff: 0.000000000 0.198101726 0.801898274
K:/rf: 1.000000000 0.000000000 0.000000000
K:/rfcrc: 0.000000000 0.942678889 0.057321111
K:/rfcrf: 0.000000000 0.615933026 0.384066974
K:/rr: 0.000000000 0.513259259 0.486740741
Q:/cc: 0.438790910 0.561209090 0.000000000
Q:/cccrcc: 0.007809191 0.783400602 0.208790207
Q:/cccrcf: 0.314957502 0.408004819 0.277037680
Q:/cccrcr: 0.000000000 0.575372748 0.424627252
Q:/cccrfc: 0.003315957 0.444227046 0.552456997
Q:/cccrff: 0.235252508 0.602072691 0.162674801
Q:/cccrfr: 0.000000000 0.593198132 0.406801868
Q:/cccrrc: 0.000000000 0.729156748 0.270843252
Q:/cccrrf: 0.000000000 0.817117628 0.182882372
Q:/ccrccr: 0.000000000 0.532436225 0.467563775
Q:/ccrcfr: 0.000000000 0.476655818 0.523344182
Q:/ccrcrc: 0.000000000 0.158709231 0.841290769
Q:/ccrcrf: 0.000000000 0.199825661 0.800174339
Q:/ccrfcr: 0.000000000 0.431604730 0.568395270
Q:/ccrffr: 0.000000000 0.498558294 0.501441706
Q:/ccrfrc: 0.000000000 0.188749732 0.811250268
Q:/ccrfrf: 0.000000000 0.823478240 0.176521760
Q:/ccrrcc: 0.000000000 0.267603626 0.732396374
Q:/ccrrcf: 0.000000000 0.405061214 0.594938786
Q:/ccrrfc: 0.000000000 0.447403935 0.552596065
Q:/ccrrff: 0.000000000 0.257249843 0.742750157
Q:/cr: 0.678521724 0.237844757 0.083633519
Q:/crccrc: 0.000000000 0.219665301 0.780334699
Q:/crccrf: 0.000000000 0.457767016 0.542232984
Q:/crcfrc: 0.000000000 0.192306629 0.807693371
Q:/crcfrf: 0.000000000 0.558374291 0.441625709
Q:/crcrcc: 0.000000000 0.528196485 0.471803515
Q:/crcrcf: 0.000000000 0.866524049 0.133475951
Q:/crcrfc: 0.000000000 0.504190009 0.495809991
Q:/crcrff: 0.000000000 0.307653464 0.692346536
Q:/rc: 0.078214189 0.133964466 0.787821345
Q:/rccrcc: 0.000000000 0.077108931 0.922891069
Q:/rccrcf: 0.000000000 0.170688887 0.829311113
Q:/rccrfc: 0.000000000 0.217640938 0.782359062
Q:/rccrff: 0.000000000 0.736193826 0.263806174
Q:/rf: 0.075492402 0.058270158 0.866237440
Q:/rfcrc: 0.000000000 0.242937737 0.757062263
Q:/rfcrf: 0.000000000 0.532097238 0.467902762
Q:/rr: 0.000000000 0.000000000 1.000000000
T:/cc: 0.101068316 0.898931684 0.000000000
T:/cccrcc: 0.280358265 0.367620964 0.352020771
T:/cccrcf: 0.126223030 0.370806889 0.502970080
T:/cccrcr: 0.000000000 0.234388194 0.765611806
T:/cccrfc: 0.511138005 0.200145315 0.288716680
T:/cccrff: 0.000842844 0.131688281 0.867468875
T:/cccrfr: 0.000000000 0.642798033 0.357201967
T:/cccrrc: 0.000000000 0.452244737 0.547755263
T:/cccrrf: 0.000000000 0.139213294 0.860786706
T:/ccrccr: 0.000000000 0.706815380 0.293184620
T:/ccrcfr: 0.000000000 0.230640067 0.769359933
T:/ccrcrc: 0.000000000 0.975750672 0.024249328
T:/ccrcrf: 0.000000000 0.027942461 0.972057539
T:/ccrfcr: 0.000000000 0.580890824 0.419109176
T:/ccrffr: 0.000000000 0.418284296 0.581715704
T:/ccrfrc: 0.000000000 0.417439264 0.582560736
T:/ccrfrf: 0.000000000 0.203736175 0.796263825
T:/ccrrcc: 0.000000000 0.761669345 0.238330655
T:/ccrrcf: 0.000000000 0.475966300 0.524033700
T:/ccrrfc: 0.000000000 0.650251803 0.349748197
T:/ccrrff: 0.000000000 0.356444800 0.643555200
T:/cr: 0.373667400 0.220048162 0.406284438
T:/crccrc: 0.000000000 0.499019836 0.500980164
T:/crccrf: 0.000000000 0.221804182 0.778195818
T:/crcfrc: 0.000000000 0.557352599 0.442647401
T:/crcfrf: 0.000000000 0.778963465 0.221036535
T:/crcrcc: 0.000000000 0.366664456 0.633335544
T:/crcrcf: 0.000000000 0.509159569 0.490840431
T:/crcrfc: 0.000000000 0.138608711 0.861391289
T:/crcrff: 0.000000000 0.551088334 0.448911666
T:/rc: 0.000000000 0.000000000 1.000000000
T:/rccrcc: 0.000000000 0.349542240 0.650457760
T:/rccrcf: 0.000000000 0.439891766 0.560108234
T:/rccrfc: 0.000000000 0.521344929 0.478655071
T:/rccrff: 0.000000000 0.581236015 0.418763985
T:/rf: 0.000011977 0.000331631 0.999656392
T:/rfcrc: 0.000000000 0.048869895 0.951130105
T:/rfcrf: 0.000000000 0.329206336 0.670793664
T:/rr: 0.000000000 0.000000000 1.000000000
