8:/ccc: 0.000000191 0.999999809 0.000000000
8:/cccrccr: 0.000000000 0.810273444 0.189726556
8:/cccrcfr: 0.000000000 0.800322878 0.199677122
8:/cccrcrc: 0.000000000 0.135542115 0.864457885
8:/cccrcrf: 0.000000000 0.367427845 0.632572155
8:/cccrfcr: 0.000000000 0.905890354 0.094109646
8:/cccrffr: 0.000000000 0.449207949 0.550792051
8:/cccrfrc: 0.000000000 0.463689117 0.536310883
8:/cccrfrf: 0.000000000 0.553196530 0.446803470
8:/cccrrcc: 0.000000000 0.157427178 0.842572822
8:/cccrrcf: 0.000000000 0.477410536 0.522589464
8:/cccrrfc: 0.000000000 0.474799421 0.525200579
8:/cccrrff: 0.000000000 0.000000080 0.999999920
8:/ccr: 0.000737905 0.000000185 0.999261910
8:/ccrccrc: 0.000000000 0.485186288 0.514813712
8:/ccrccrf: 0.000000000 0.208668223 0.791331777
8:/ccrcfrc: 0.000000000 0.488793367 0.511206633
8:/ccrcfrf: 0.000000000 0.551832660 0.448167340
8:/ccrcrcc: 0.000000000 0.353995493 0.646004507
8:/ccrcrcf: 0.000000000 0.406000566 0.593999434
8:/ccrcrfc: 0.000000000 0.260294976 0.739705024
8:/ccrcrff: 0.000000000 0.057074202 0.942925798
8:/crc: 0.361115703 0.375874989 0.263009308
8:/crccrcc: 0.000000000 0.786127672 0.213872328
8:/crccrcf: 0.000000000 0.046462102 0.953537898
8:/crccrfc: 0.000000000 0.958960524 0.041039476
8:/crccrff: 0.000000000 0.654752280 0.345247720
8:/crf: 0.303559798 0.221471975 0.474968227
8:/crfcrc: 0.000000000 0.520115566 0.479884434
8:/crfcrf: 0.000000000 0.531354992 0.468645008
8:/crr: 0.000000000 0.205670804 0.794329196
8:/rcc: 0.244097074 0.509800298 0.246102629
8:/rcf: 0.447474476 0.147023310 0.405502214
8:/rcr: 0.000000000 0.136894096 0.863105904
8:/rfc: 0.013492837 0.018819573 0.967687591
8:/rff: 0.440983339 0.000000000 0.559016661
8:/rfr: 0.000000000 0.000000000 1.000000000
8:/rrc: 0.000000000 0.000000000 1.000000000
8:/rrf: 0.000000000 0.044839110 0.955160890
9:/ccc: 0.000007582 0.999992418 0.000000000
9:/cccrccr: 0.000000000 0.515692707 0.484307293
9:/cccrcfr: 0.000000000 0.404424088 0.595575912
9:/cccrcrc: 0.000000000 0.306822519 0.693177481
9:/cccrcrf: 0.000000000 0.644074067 0.355925933
9:/cccrfcr: 0.000000000 0.500375666 0.499624334
9:/cccrffr: 0.000000000 0.999700537 0.000299463
9:/cccrfrc: 0.000000000 0.703267647 0.296732353
9:/cccrfrf: 0.000000000 0.765543051 0.234456949
9:/cccrrcc: 0.000000000 0.471375685 0.528624315
9:/cccrrcf: 0.000000000 0.283964699 0.716035301
9:/cccrrfc: 0.000000000 0.427824771 0.572175229
9:/cccrrff: 0.000000000 0.093944496 0.906055504
9:/ccr: 0.019143198 0.037554115 0.943302687
9:/ccrccrc: 0.000000000 0.573982528 0.426017472
9:/ccrccrf: 0.000000000 0.449685115 0.550314885
9:/ccrcfrc: 0.000000000 0.544231961 0.455768039
9:/ccrcfrf: 0.000000000 0.456552032 0.543447968
9:/ccrcrcc: 0.000000000 0.020061581 0.979938419
9:/ccrcrcf: 0.000000000 0.668397842 0.331602158
9:/ccrcrfc: 0.000000000 0.517002897 0.482997103
9:/ccrcrff: 0.000000000 0.801853722 0.198146278
9:/crc: 0.058001229 0.211911000 0.730087771
9:/crccrcc: 0.000000000 0.525773806 0.474226194
9:/crccrcf: 0.000000000 0.092223653 0.907776347
9:/crccrfc: 0.000000000 0.552436651 0.447563349
9:/crccrff: 0.000000000 0.504822850 0.495177150
9:/crf: 0.336781750 0.525702259 0.137515991
9:/crfcrc: 0.000000000 0.495033089 0.504966911
9:/crfcrf: 0.000000000 0.354637418 0.645362582
9:/crr: 0.000000000 0.240225027 0.759774973
9:/rcc: 0.151180010 0.414079161 0.434740829
9:/rcf: 0.317962170 0.476308836 0.205728994
9:/rcr: 0.000000000 0.485932098 0.514067902
9:/rfc: 0.012215389 0.025636259 0.962148353
9:/rff: 0.077342135 0.000028243 0.922629622
9:/rfr: 0.000000000 0.000000000 1.000000000
9:/rrc: 0.000000000 0.000000000 1.000000000
9:/rrf: 0.000000000 0.000000000 1.000000000
A:/ccc: 0.192729741 0.807270259 0.000000000
A:/cccrccr: 0.000000000 0.882101341 0.117898659
A:/cccrcfr: 0.000000000 0.880112526 0.119887474
A:/cccrcrc: 0.000000000 0.738865154 0.261134846
A:/cccrcrf: 0.000000000 0.577998282 0.422001718
A:/cccrfcr: 0.000000000 0.999999686 0.000000314
A:/cccrffr: 0.000000000 0.919976515 0.080023485
A:/cccrfrc: 0.000000000 0.785043652 0.214956348
A:/cccrfrf: 0.000000000 0.816492403 0.183507597
A:/cccrrcc: 0.000000000 0.838999143 0.161000857
A:/cccrrcf: 0.000000000 0.795787431 0.204212569
A:/cccrrfc: 0.000000000 0.612759598 0.387240402
A:/cccrrff: 0.000000000 0.793582405 0.206417595
A:/ccr: 1.000000000 0.000000000 0.000000000
A:/ccrccrc: 0.000000000 0.505438769 0.494561231
A:/ccrccrf: 0.000000000 0.518592000 0.481408000
A:/ccrcfrc: 0.000000000 0.619665446 0.380334554
A:/ccrcfrf: 0.000000000 0.544535062 0.455464938
A:/ccrcrcc: 0.000000000 1.000000000 0.000000000
A:/ccrcrcf: 0.000000000 1.000000000 0.000000000
A:/ccrcrfc: 0.000000000 1.000000000 0.000000000
A:/ccrcrff: 0.000000000 0.508777005 0.491222995
A:/crc: 0.683983570 0.316016430 0.000000000
A:/crccrcc: 0.000000000 0.732113766 0.267886234
A:/crccrcf: 0.000000000 0.994104352 0.005895648
A:/crccrfc: 0.000000000 0.796163310 0.203836690
A:/crccrff: 0.000000000 0.866888384 0.133111616
A:/crf: 0.665786621 0.334213379 0.000000000
A:/crfcrc: 0.000000000 0.548210923 0.451789077
A:/crfcrf: 0.000000000 1.000000000 0.000000000
A:/crr: 0.000000000 0.999999818 0.000000182
A:/rcc: 0.235319388 0.448488765 0.316191847
A:/rcf: 0.262981481 0.168706363 0.568312156
A:/rcr: 0.000000000 0.745873112 0.254126888
A:/rfc: 0.999998188 0.000001812 0.000000000
A:/rff: 1.000000000 0.000000000 0.000000000
A:/rfr: 0.000000000 1.000000000 0.000000000
A:/rrc: 0.000000000 1.000000000 0.000000000
A:/rrf: 0.000000000 1.000000000 0.000000000
J:/ccc: 0.000015497 0.999984503 0.000000000
J:/cccrccr: 0.000000000 0.483879127 0.516120873
J:/cccrcfr: 0.000000000 0.937485368 0.062514632
J:/cccrcrc: 0.000000000 0.609828833 0.390171167
J:/cccrcrf: 0.000000000 0.103690758 0.896309242
J:/cccrfcr: 0.000000000 0.696313660 0.303686340
J:/cccrffr: 0.000000000 0.666269221 0.333730779
J:/cccrfrc: 0.000000000 0.739088001 0.260911999
J:/cccrfrf: 0.000000000 0.204780989 0.795219011
J:/cccrrcc: 0.000000000 0.297077623 0.702922377
J:/cccrrcf: 0.000000000 0.330223440 0.669776560
J:/cccrrfc: 0.000000000 0.744088457 0.255911543
J:/cccrrff: 0.000000000 0.712579469 0.287420531
J:/ccr: 0.235334899 0.427008691 0.337656410
J:/ccrccrc: 0.000000000 0.389311911 0.610688089
J:/ccrccrf: 0.000000000 0.766868060 0.233131940
J:/ccrcfrc: 0.000000000 0.786958201 0.213041799
J:/ccrcfrf: 0.000000000 0.695332838 0.304667162
J:/ccrcrcc: 0.000000000 0.486515779 0.513484221
J:/ccrcrcf: 0.000000000 0.931436488 0.068563512
J:/ccrcrfc: 0.000000000 0.642799430 0.357200570
J:/ccrcrff: 0.000000000 0.179463792 0.820536208
J:/crc: 0.271143459 0.351281018 0.377575523
J:/crccrcc: 0.000000000 0.841886602 0.158113398
J:/crccrcf: 0.000000000 0.494853990 0.505146010
J:/crccrfc: 0.000000000 0.460320438 0.539679562
J:/crccrff: 0.000000000 0.238175380 0.761824620
J:/crf: 0.312712344 0.373269124 0.314018532
J:/crfcrc: 0.000000000 0.910971777 0.089028223
J:/crfcrf: 0.000000000 0.389952829 0.610047171
J:/crr: 0.000000000 0.288016320 0.711983680
J:/rcc: 0.000000259 0.600569299 0.399430442
J:/rcf: 0.291105152 0.273579959 0.435314889
J:/rcr: 0.000000000 0.215400266 0.784599734
J:/rfc: 0.005232718 0.000046663 0.994720620
J:/rff: 0.000000000 1.000000000 0.000000000
J:/rfr: 0.000000000 0.000000000 1.000000000
J:/rrc: 0.000000000 0.000000000 1.000000000
J:/rrf: 0.000000000 0.000000000 1.000000000
K:/ccc: 0.000012356 0.999987644 0.000000000
K:/cccrccr: 0.000000000 0.557448961 0.442551039
K:/cccrcfr: 0.000000000 0.617897768 0.382102232
K:/cccrcrc: 0.000000000 0.807364985 0.192635015
K:/cccrcrf: 0.000000000 0.511087344 0.488912656
K:/cccrfcr: 0.000000000 0.795763702 0.204236298
K:/cccrffr: 0.000000000 0.533477856 0.466522144
K:/cccrfrc: 0.000000000 0.599506370 0.400493630
K:/cccrfrf: 0.000000000 0.222976979 0.777023021
K:/cccrrcc: 0.000000000 0.526046533 0.473953467
K:/cccrrcf: 0.000000000 0.508175336 0.491824664
K:/cccrrfc: 0.000000000 0.354803716 0.645196284
K:/cccrrff: 0.000000000 0.992970161 0.007029839
K:/ccr: 0.841402456 0.158597544 0.000000000
K:/ccrccrc: 0.000000000 0.657397955 0.342602045
K:/ccrccrf: 0.000000000 0.033744511 0.966255489
K:/ccrcfrc: 0.000000000 0.281710240 0.718289760
K:/ccrcfrf: 0.000000000 0.500467990 0.499532010
K:/ccrcrcc: 0.000000000 0.997254777 0.002745223
K:/ccrcrcf: 0.000000000 0.757938437 0.242061563
K:/ccrcrfc: 0.000000000 0.586730389 0.413269611
K:/ccrcrff: 0.000000000 0.639538891 0.360461109
K:/crc: 0.826870270 0.173128368 0.000001362
K:/crccrcc: 0.000000000 0.202960821 0.797039179
K:/crccrcf: 0.000000000 0.466945510 0.533054490
K:/crccrfc: 0.000000000 0.272667025 0.727332975
K:/crccrff: 0.000000000 0.186363672 0.813636328
K:/crf: 0.420138881 0.578551937 0.001309182
K:/crfcrc: 0.000000000 0.385781478 0.614218522
K:/crfcrf: 0.000000000 0.780739396 0.219260604
K:/crr: 0.000000000 0.919203819 0.080796181
K:/rcc: 0.096474606 0.520291123 0.383234271
K:/rcf: 0.052798555 0.590407967 0.356793477
K:/rcr: 0.000000000 0.666643020 0.333356980
K:/rfc: 0.101608617 0.898391383 0.000000000
K:/rff: 0.601149099 0.398850901 0.000000000
K:/rfr: 0.000000000 0.810336787 0.189663213
K:/rrc: 0.000000000 0.020874105 0.979125895
K:/rrf: 0.000000000 0.277810824 0.722189176
Q:/ccc: 0.000833011 0.999166989 0.000000000
Q:/cccrccr: 0.000000000 0.651902138 0.348097862
Q:/cccrcfr: 0.000000000 0.390165131 0.609834869
Q:/cccrcrc: 0.000000000 0.669803608 0.330196392
Q:/cccrcrf: 0.000000000 0.665563869 0.334436131
Q:/cccrfcr: 0.000000000 0.999999800 0.000000200
Q:/cccrffr: 0.000000000 0.654361312 0.345638688
Q:/cccrfrc: 0.000000000 0.997206365 0.002793635
Q:/cccrfrf: 0.000000000 0.816274050 0.183725950
Q:/cccrrcc: 0.000000000 0.568161000 0.431839000
Q:/cccrrcf: 0.000000000 0.809162992 0.190837008
Q:/cccrrfc: 0.000000000 0.514338455 0.485661545
Q:/cccrrff: 0.000000000 0.377753833 0.622246167
Q:/ccr: 0.468491155 0.265558928 0.265949917
Q:/ccrccrc: 0.000000000 0.573447438 0.426552562
Q:/ccrccrf: 0.000000000 0.177088094 0.822911906
Q:/ccrcfrc: 0.000000000 0.444277490 0.555722510
Q:/ccrcfrf: 0.000000000 0.339603843 0.660396157
Q:/ccrcrcc: 0.000000000 0.506655517 0.493344483
Q:/ccrcrcf: 0.000000000 0.883493465 0.116506535
Q:/ccrcrfc: 0.000000000 0.195181505 0.804818495
Q:/ccrcrff: 0.000000000 0.187442883 0.812557117
Q:/crc: 0.515875366 0.483109717 0.001014917
Q:/crccrcc: 0.000000000 0.521616681 0.478383319
Q:/crccrcf: 0.000000000 0.324206974 0.675793026
Q:/crccrfc: 0.000000000 0.360697026 0.639302974
Q:/crccrff: 0.000000000 0.641979438 0.358020562
Q:/crf: 0.367457792 0.363757939 0.268784269
Q:/crfcrc: 0.000000000 0.802509185 0.197490815
Q:/crfcrf: 0.000000000 0.715698957 0.284301043
Q:/crr: 0.000000000 0.461264795 0.538735205
Q:/rcc: 0.027512115 0.558720164 0.413767721
Q:/rcf: 0.712912938 0.167615416 0.119471646
Q:/rcr: 0.000000000 0.122667358 0.877332642
Q:/rfc: 0.100756311 0.022975667 0.876268022
Q:/rff: 0.191745141 0.808254859 0.000000000
Q:/rfr: 0.000000000 0.000001794 0.999998206
Q:/rrc: 0.000000000 0.000000000 1.000000000
Q:/rrf: 0.000000000 0.000000000 1.000000000
T:/ccc: 0.000013571 0.999986429 0.000000000
T:/cccrccr: 0.000000000 0.175417595 0.824582405
T:/cccrcfr: 0.000000000 0.667035501 0.332964499
T:/cccrcrc: 0.000000000 0.404062583 0.595937417
T:/cccrcrf: 0.000000000 0.536911633 0.463088367
T:/cccrfcr: 0.000000000 0.524208350 0.475791650
T:/cccrffr: 0.000000000 0.664202919 0.335797081
T:/cccrfrc: 0.000000000 0.541576839 0.458423161
T:/cccrfrf: 0.000000000 0.961322731 0.038677269
T:/cccrrcc: 0.000000000 0.656707350 0.343292650
T:/cccrrcf: 0.000000000 0.400614130 0.599385870
T:/cccrrfc: 0.000000000 0.533833237 0.466166763
T:/cccrrff: 0.000000000 0.279422177 0.720577823
T:/ccr: 0.451844706 0.000000000 0.548155294
T:/ccrccrc: 0.000000000 0.506471593 0.493528407
T:/ccrccrf: 0.000000000 0.573213635 0.426786365
T:/ccrcfrc: 0.000000000 0.304534722 0.695465278
T:/ccrcfrf: 0.000000000 0.945681141 0.054318859
T:/ccrcrcc: 0.000000000 0.211212907 0.788787093
T:/ccrcrcf: 0.000000000 0.329231732 0.670768268
T:/ccrcrfc: 0.000000000 0.732251435 0.267748565
T:/ccrcrff: 0.000000000 0.740602478 0.259397522
T:/crc: 0.402221900 0.223295887 0.374482214
T:/crccrcc: 0.000000000 0.727346747 0.272653253
T:/crccrcf: 0.000000000 0.823006227 0.176993773
T:/crccrfc: 0.000000000 0.028864901 0.971135099
T:/crccrff: 0.000000000 0.630354254 0.369645746
T:/crf: 0.434425714 0.395583920 0.169990366
T:/crfcrc: 0.000000000 0.414048205 0.585951795
T:/crfcrf: 0.000000000 0.547111156 0.452888844
T:/crr: 0.000000000 0.000000289 0.999999711
T:/rcc: 0.265356109 0.459288085 0.275355806
T:/rcf: 0.196904491 0.350347837 0.452747672
T:/rcr: 0.000000000 0.785954349 0.214045651
T:/rfc: 0.140453307 0.022916877 0.836629816
T:/rff: 0.000000000 0.771938692 0.228061308
T:/rfr: 0.000000000 0.000000000 1.000000000
T:/rrc: 0.000000000 0.000000000 1.000000000
T:/rrf: 0.000000000 0.000000000 1.000000000
