A:/: 1.000000000 0.000000000 0.000000000
A:/ccr: 0.000000000 0.998902915 0.001097085
A:/crc: 0.000000000 1.000000000 0.000000000
A:/crf: 0.000000000 0.800003557 0.199996443
AA:/ccc/: 0.674511568 0.325488432 0.000000000
AA:/ccc/ccr: 0.000000000 0.901760288 0.098239712
AA:/ccc/crc: 0.000000000 0.766564450 0.233435550
AA:/ccc/crf: 0.000000000 0.651264319 0.348735681
AA:/ccrcc/: 0.783053285 0.216946715 0.000000000
AA:/ccrcc/ccr: 0.000000000 0.707959181 0.292040819
AA:/ccrcc/crc: 0.000000000 1.000000000 0.000000000
AA:/ccrcc/crf: 0.000000000 0.593159440 0.406840560
AA:/ccrcf/: 0.804010938 0.195989062 0.000000000
AA:/ccrcf/cr: 0.000000000 0.983896228 0.016103772
AA:/crcc/: 0.400489827 0.599510173 0.000000000
AA:/crcc/ccr: 0.000000000 0.381960723 0.618039277
AA:/crcc/crc: 0.000000000 1.000000000 0.000000000
AA:/crcc/crf: 0.000000000 1.000000000 0.000000000
AA:/crfc/: 0.277896228 0.722103772 0.000000000
AA:/crfc/cr: 0.000000000 0.464933604 0.535066396
AA:/rcc/: 1.000000000 0.000000000 0.000000000
AA:/rcc/ccr: 0.000000000 0.363153862 0.636846138
AA:/rcc/crc: 0.000000000 1.000000000 0.000000000
AA:/rcc/crf: 0.000000000 1.000000000 0.000000000
AA:/rcf/: 0.679120256 0.320879744 0.000000000
AA:/rcf/cr: 0.000000000 1.000000000 0.000000000
AA:/rfc/: 0.486020348 0.513979652 0.000000000
AA:/rfc/cr: 0.000000000 0.822126862 0.177873138
AJ:/ccc/: 0.673480086 0.326519914 0.000000000
AJ:/ccc/ccr: 0.000000000 0.455029961 0.544970039
AJ:/ccc/crc: 0.000000000 0.185510889 0.814489111
AJ:/ccc/crf: 0.000000000 0.777959538 0.222040462
AJ:/ccrcc/: 0.753461043 0.246538957 0.000000000
AJ:/ccrcc/ccr: 0.000000000 0.574593226 0.425406774
AJ:/ccrcc/crc: 0.000000000 0.521040961 0.478959039
AJ:/ccrcc/crf: 0.000000000 1.000000000 0.000000000
AJ:/ccrcf/: 0.657741355 0.342258645 0.000000000
AJ:/ccrcf/cr: 0.000000000 0.318904217 0.681095783
AJ:/crcc/: 0.948331173 0.051668827 0.000000000
AJ:/crcc/ccr: 0.000000000 0.653445195 0.346554805
AJ:/crcc/crc: 0.000000000 1.000000000 0.000000000
AJ:/crcc/crf: 0.000000000 1.000000000 0.000000000
AJ:/crfc/: 0.607928225 0.392071775 0.000000000
AJ:/crfc/cr: 0.000000000 0.516271343 0.483728657
AJ:/rcc/: 0.770095015 0.229904985 0.000000000
AJ:/rcc/ccr: 0.000000000 0.835699727 0.164300273
AJ:/rcc/crc: 0.000000000 0.635724681 0.364275319
AJ:/rcc/crf: 0.000000000 1.000000000 0.000000000
AJ:/rcf/: 0.662162078 0.337837922 0.000000000
AJ:/rcf/cr: 0.000000000 1.000000000 0.000000000
AJ:/rfc/: 0.974754026 0.025245974 0.000000000
AJ:/rfc/cr: 0.000000000 0.920041810 0.079958190
AK:/ccc/: 0.460231376 0.539768624 0.000000000
AK:/ccc/ccr: 0.000000000 0.847323877 0.152676123
AK:/ccc/crc: 0.000000000 0.315864453 0.684135547
AK:/ccc/crf: 0.000000000 1.000000000 0.000000000
AK:/ccrcc/: 0.680918315 0.319081685 0.000000000
AK:/ccrcc/ccr: 0.000000000 0.291549775 0.708450225
AK:/ccrcc/crc: 0.000000000 0.727013742 0.272986258
AK:/ccrcc/crf: 0.000000000 0.934120639 0.065879361
AK:/ccrcf/: 0.557548233 0.442451767 0.000000000
AK:/ccrcf/cr: 0.000000000 0.754522898 0.245477102
AK:/crcc/: 0.562288621 0.437711379 0.000000000
AK:/crcc/ccr: 0.000000000 0.572594057 0.427405943
AK:/crcc/crc: 0.000000000 0.551361857 0.448638143
AK:/crcc/crf: 0.000000000 1.000000000 0.000000000
AK:/crfc/: 0.668556326 0.331443674 0.000000000
AK:/crfc/cr: 0.000000000 0.436191510 0.563808490
AK:/rcc/: 0.826567800 0.173432200 0.000000000
AK:/rcc/ccr: 0.000000000 0.939142380 0.060857620
AK:/rcc/crc: 0.000000000 0.253662275 0.746337725
AK:/rcc/crf: 0.000000000 1.000000000 0.000000000
AK:/rcf/: 0.765768380 0.234231620 0.000000000
AK:/rcf/cr: 0.000000000 1.000000000 0.000000000
AK:/rfc/: 0.419068487 0.580931513 0.000000000
AK:/rfc/cr: 0.000000000 0.476676622 0.523323378
AQ:/ccc/: 0.615733824 0.384266176 0.000000000
AQ:/ccc/ccr: 0.000000000 0.586530825 0.413469175
AQ:/ccc/crc: 0.000000000 0.640184765 0.359815235
AQ:/ccc/crf: 0.000000000 0.720463803 0.279536197
AQ:/ccrcc/: 0.853823000 0.146177000 0.000000000
AQ:/ccrcc/ccr: 0.000000000 0.487181956 0.512818044
AQ:/ccrcc/crc: 0.000000000 0.757375604 0.242624396
AQ:/ccrcc/crf: 0.000000000 1.000000000 0.000000000
AQ:/ccrcf/: 0.162851784 0.837148216 0.000000000
AQ:/ccrcf/cr: 0.000000000 0.405034894 0.594965106
AQ:/crcc/: 1.000000000 0.000000000 0.000000000
AQ:/crcc/ccr: 0.000000000 0.579226863 0.420773137
AQ:/crcc/crc: 0.000000000 1.000000000 0.000000000
AQ:/crcc/crf: 0.000000000 1.000000000 0.000000000
AQ:/crfc/: 0.519364409 0.480635591 0.000000000
AQ:/crfc/cr: 0.000000000 0.521836828 0.478163172
AQ:/rcc/: 0.908203494 0.091796506 0.000000000
AQ:/rcc/ccr: 0.000000000 0.760275133 0.239724867
AQ:/rcc/crc: 0.000000000 0.393728233 0.606271767
AQ:/rcc/crf: 0.000000000 1.000000000 0.000000000
AQ:/rcf/: 0.645617145 0.354382855 0.000000000
AQ:/rcf/cr: 0.000000000 1.000000000 0.000000000
AQ:/rfc/: 0.722305511 0.277694489 0.000000000
AQ:/rfc/cr: 0.000000000 0.647789816 0.352210184
J:/: 0.997712990 0.002287010 0.000000000
J:/ccr: 0.000000000 0.000000000 1.000000000
J:/crc: 0.000000000 1.000000000 0.000000000
J:/crf: 0.000000000 0.718592853 0.281407147
JA:/ccc/: 1.000000000 0.000000000 0.000000000
JA:/ccc/ccr: 0.000000000 0.842426275 0.157573725
JA:/ccc/crc: 0.000000000 0.408789327 0.591210673
JA:/ccc/crf: 0.000000000 0.619254732 0.380745268
JA:/ccrcc/: 1.000000000 0.000000000 0.000000000
JA:/ccrcc/ccr: 0.000000000 0.424772440 0.575227560
JA:/ccrcc/crc: 0.000000000 0.853723827 0.146276173
JA:/ccrcc/crf: 0.000000000 0.515373041 0.484626959
JA:/ccrcf/: 0.751346892 0.248653108 0.000000000
JA:/ccrcf/cr: 0.000000000 0.032724093 0.967275907
JA:/crcc/: 0.000000000 1.000000000 0.000000000
JA:/crcc/ccr: 0.000000000 0.635134144 0.364865856
JA:/crcc/crc: 0.000000000 0.035920402 0.964079598
JA:/crcc/crf: 0.000000000 0.000000000 1.000000000
JA:/crfc/: 0.476295745 0.523704255 0.000000000
JA:/crfc/cr: 0.000000000 0.315014126 0.684985874
JA:/rcc/: 0.534120914 0.465879086 0.000000000
JA:/rcc/ccr: 0.000000000 0.211161356 0.788838644
JA:/rcc/crc: 0.000000000 0.113420567 0.886579433
JA:/rcc/crf: 0.000000000 0.437174641 0.562825359
JA:/rcf/: 0.147520233 0.852479767 0.000000000
JA:/rcf/cr: 0.000000000 0.000000000 1.000000000
JA:/rfc/: 0.536991461 0.463008539 0.000000000
JA:/rfc/cr: 0.000000000 0.315008573 0.684991427
JJ:/ccc/: 0.809643872 0.190356128 0.000000000
JJ:/ccc/ccr: 0.000000000 0.682610601 0.317389399
JJ:/ccc/crc: 0.000000000 0.786568728 0.213431272
JJ:/ccc/crf: 0.000000000 1.000000000 0.000000000
JJ:/ccrcc/: 0.862263637 0.137736363 0.000000000
JJ:/ccrcc/ccr: 0.000000000 0.423338240 0.576661760
JJ:/ccrcc/crc: 0.000000000 0.381363970 0.618636030
JJ:/ccrcc/crf: 0.000000000 1.000000000 0.000000000
JJ:/ccrcf/: 0.554737226 0.445262774 0.000000000
JJ:/ccrcf/cr: 0.000000000 0.511166798 0.488833202
JJ:/crcc/: 0.736558812 0.263441188 0.000000000
JJ:/crcc/ccr: 0.000000000 0.698933927 0.301066073
JJ:/crcc/crc: 0.000000000 1.000000000 0.000000000
JJ:/crcc/crf: 0.000000000 1.000000000 0.000000000
JJ:/crfc/: 0.498693971 0.501306029 0.000000000
JJ:/crfc/cr: 0.000000000 0.021767873 0.978232127
JJ:/rcc/: 0.939265937 0.060734063 0.000000000
JJ:/rcc/ccr: 0.000000000 0.849085651 0.150914349
JJ:/rcc/crc: 0.000000000 1.000000000 0.000000000
JJ:/rcc/crf: 0.000000000 1.000000000 0.000000000
JJ:/rcf/: 0.559804210 0.440195790 0.000000000
JJ:/rcf/cr: 0.000000000 1.000000000 0.000000000
JJ:/rfc/: 0.611681752 0.388318248 0.000000000
JJ:/rfc/cr: 0.000000000 0.714397406 0.285602594
JK:/ccc/: 0.667216821 0.332783179 0.000000000
JK:/ccc/ccr: 0.000000000 0.534847433 0.465152567
JK:/ccc/crc: 0.000000000 0.787487153 0.212512847
JK:/ccc/crf: 0.000000000 0.232362647 0.767637353
JK:/ccrcc/: 0.180694634 0.819305366 0.000000000
JK:/ccrcc/ccr: 0.000000000 0.443209624 0.556790376
JK:/ccrcc/crc: 0.000000000 0.735926243 0.264073757
JK:/ccrcc/crf: 0.000000000 0.219787029 0.780212971
JK:/ccrcf/: 0.462180093 0.537819907 0.000000000
JK:/ccrcf/cr: 0.000000000 0.373899232 0.626100768
JK:/crcc/: 0.000000000 1.000000000 0.000000000
JK:/crcc/ccr: 0.000000000 0.819370896 0.180629104
JK:/crcc/crc: 0.000000000 0.095321019 0.904678981
JK:/crcc/crf: 0.000000000 0.000000000 1.000000000
JK:/crfc/: 0.674722641 0.325277359 0.000000000
JK:/crfc/cr: 0.000000000 0.788867218 0.211132782
JK:/rcc/: 0.617550890 0.382449110 0.000000000
JK:/rcc/ccr: 0.000000000 0.570770541 0.429229459
JK:/rcc/crc: 0.000000000 0.189285893 0.810714107
JK:/rcc/crf: 0.000000000 0.184424209 0.815575791
JK:/rcf/: 0.213596074 0.786403926 0.000000000
JK:/rcf/cr: 0.000000000 0.282563756 0.717436244
JK:/rfc/: 0.192391118 0.807608882 0.000000000
JK:/rfc/cr: 0.000000000 0.674347523 0.325652477
JQ:/ccc/: 0.273222151 0.726777849 0.000000000
JQ:/ccc/ccr: 0.000000000 0.574753145 0.425246855
JQ:/ccc/crc: 0.000000000 0.249757335 0.750242665
JQ:/ccc/crf: 0.000000000 0.463587554 0.536412446
JQ:/ccrcc/: 0.616723333 0.383276667 0.000000000
JQ:/ccrcc/ccr: 0.000000000 0.747061479 0.252938521
JQ:/ccrcc/crc: 0.000000000 0.832818966 0.167181034
JQ:/ccrcc/crf: 0.000000000 0.675987274 0.324012726
JQ:/ccrcf/: 0.546523942 0.453476058 0.000000000
JQ:/ccrcf/cr: 0.000000000 0.384553211 0.615446789
JQ:/crcc/: 0.588236920 0.411763080 0.000000000
JQ:/crcc/ccr: 0.000000000 0.159021384 0.840978616
JQ:/crcc/crc: 0.000000000 0.000000000 1.000000000
JQ:/crcc/crf: 0.000000000 0.000000000 1.000000000
JQ:/crfc/: 0.855734474 0.144265526 0.000000000
JQ:/crfc/cr: 0.000000000 0.543790822 0.456209178
JQ:/rcc/: 0.246320033 0.753679967 0.000000000
JQ:/rcc/ccr: 0.000000000 0.431017485 0.568982515
JQ:/rcc/crc: 0.000000000 0.191202067 0.808797933
JQ:/rcc/crf: 0.000000000 0.140770216 0.859229784
JQ:/rcf/: 0.393332699 0.606667301 0.000000000
JQ:/rcf/cr: 0.000000000 0.518537339 0.481462661
JQ:/rfc/: 0.533374545 0.466625455 0.000000000
JQ:/rfc/cr: 0.000000000 0.783898562 0.216101438
K:/: 0.999608667 0.000391333 0.000000000
K:/ccr: 0.000000000 0.590954344 0.409045656
K:/crc: 0.000000000 1.000000000 0.000000000
K:/crf: 0.000000000 0.268900427 0.731099573
KA:/ccc/: 1.000000000 0.000000000 0.000000000
KA:/ccc/ccr: 0.000000000 0.821649459 0.178350541
KA:/ccc/crc: 0.000000000 0.366994814 0.633005186
KA:/ccc/crf: 0.000000000 0.791500788 0.208499212
KA:/ccrcc/: 0.625397758 0.374602242 0.000000000
KA:/ccrcc/ccr: 0.000000000 0.752265939 0.247734061
KA:/ccrcc/crc: 0.000000000 0.277153838 0.722846162
KA:/ccrcc/crf: 0.000000000 0.779421913 0.220578087
KA:/ccrcf/: 0.609512092 0.390487908 0.000000000
KA:/ccrcf/cr: 0.000000000 0.485219566 0.514780434
KA:/crcc/: 0.939712738 0.060287262 0.000000000
KA:/crcc/ccr: 0.000000000 0.069939574 0.930060426
KA:/crcc/crc: 0.000000000 1.000000000 0.000000000
KA:/crcc/crf: 0.000000000 1.000000000 0.000000000
KA:/crfc/: 0.330749945 0.669250055 0.000000000
KA:/crfc/cr: 0.000000000 0.479874669 0.520125331
KA:/rcc/: 0.641216605 0.358783395 0.000000000
KA:/rcc/ccr: 0.000000000 0.967243211 0.032756789
KA:/rcc/crc: 0.000000000 0.524798223 0.475201777
KA:/rcc/crf: 0.000000000 1.000000000 0.000000000
KA:/rcf/: 0.571725927 0.428274073 0.000000000
KA:/rcf/cr: 0.000000000 1.000000000 0.000000000
KA:/rfc/: 0.783831987 0.216168013 0.000000000
KA:/rfc/cr: 0.000000000 0.451148168 0.548851832
KJ:/ccc/: 0.631717867 0.368282133 0.000000000
KJ:/ccc/ccr: 0.000000000 0.601942843 0.398057157
KJ:/ccc/crc: 0.000000000 0.285574151 0.714425849
KJ:/ccc/crf: 0.000000000 0.458003427 0.541996573
KJ:/ccrcc/: 0.510074244 0.489925756 0.000000000
KJ:/ccrcc/ccr: 0.000000000 0.761296839 0.238703161
KJ:/ccrcc/crc: 0.000000000 0.497516578 0.502483422
KJ:/ccrcc/crf: 0.000000000 0.351040112 0.648959888
KJ:/ccrcf/: 0.636847990 0.363152010 0.000000000
KJ:/ccrcf/cr: 0.000000000 0.358307361 0.641692639
KJ:/crcc/: 0.936851629 0.063148371 0.000000000
KJ:/crcc/ccr: 0.000000000 0.478409765 0.521590235
KJ:/crcc/crc: 0.000000000 0.413761975 0.586238025
KJ:/crcc/crf: 0.000000000 1.000000000 0.000000000
KJ:/crfc/: 0.547173661 0.452826339 0.000000000
KJ:/crfc/cr: 0.000000000 0.519596240 0.480403760
KJ:/rcc/: 0.000000000 1.000000000 0.000000000
KJ:/rcc/ccr: 0.000000000 0.763222231 0.236777769
KJ:/rcc/crc: 0.000000000 0.044438785 0.955561215
KJ:/rcc/crf: 0.000000000 0.563569041 0.436430959
KJ:/rcf/: 0.362112142 0.637887858 0.000000000
KJ:/rcf/cr: 0.000000000 0.855787804 0.144212196
KJ:/rfc/: 0.195242623 0.804757377 0.000000000
KJ:/rfc/cr: 0.000000000 0.815198777 0.184801223
KK:/ccc/: 0.699267303 0.300732697 0.000000000
KK:/ccc/ccr: 0.000000000 0.160307749 0.839692251
KK:/ccc/crc: 0.000000000 0.100554869 0.899445131
KK:/ccc/crf: 0.000000000 1.000000000 0.000000000
KK:/ccrcc/: 1.000000000 0.000000000 0.000000000
KK:/ccrcc/ccr: 0.000000000 1.000000000 0.000000000
KK:/ccrcc/crc: 0.000000000 0.438607540 0.561392460
KK:/ccrcc/crf: 0.000000000 0.461136287 0.538863713
KK:/ccrcf/: 0.629973239 0.370026761 0.000000000
KK:/ccrcf/cr: 0.000000000 0.475552281 0.524447719
KK:/crcc/: 0.606098678 0.393901322 0.000000000
KK:/crcc/ccr: 0.000000000 0.579069542 0.420930458
KK:/crcc/crc: 0.000000000 1.000000000 0.000000000
KK:/crcc/crf: 0.000000000 1.000000000 0.000000000
KK:/crfc/: 0.395207370 0.604792630 0.000000000
KK:/crfc/cr: 0.000000000 0.216305809 0.783694191
KK:/rcc/: 1.000000000 0.000000000 0.000000000
KK:/rcc/ccr: 0.000000000 0.908011713 0.091988287
KK:/rcc/crc: 0.000000000 1.000000000 0.000000000
KK:/rcc/crf: 0.000000000 1.000000000 0.000000000
KK:/rcf/: 0.585508092 0.414491908 0.000000000
KK:/rcf/cr: 0.000000000 1.000000000 0.000000000
KK:/rfc/: 0.265567397 0.734432603 0.000000000
KK:/rfc/cr: 0.000000000 0.459202606 0.540797394
KQ:/ccc/: 0.370673275 0.629326725 0.000000000
KQ:/ccc/ccr: 0.000000000 0.144466524 0.855533476
KQ:/ccc/crc: 0.000000000 0.437639637 0.562360363
KQ:/ccc/crf: 0.000000000 0.362358800 0.637641200
KQ:/ccrcc/: 0.672815537 0.327184463 0.000000000
KQ:/ccrcc/ccr: 0.000000000 0.929655643 0.070344357
KQ:/ccrcc/crc: 0.000000000 0.134942238 0.865057762
KQ:/ccrcc/crf: 0.000000000 0.999963472 0.000036528
KQ:/ccrcf/: 0.260063867 0.739936133 0.000000000
KQ:/ccrcf/cr: 0.000000000 0.185199384 0.814800616
KQ:/crcc/: 0.573176740 0.426823260 0.000000000
KQ:/crcc/ccr: 0.000000000 0.000000000 1.000000000
KQ:/crcc/crc: 0.000000000 0.575625051 0.424374949
KQ:/crcc/crf: 0.000000000 0.999937723 0.000062277
KQ:/crfc/: 0.524942801 0.475057199 0.000000000
KQ:/crfc/cr: 0.000000000 0.585529385 0.414470615
KQ:/rcc/: 0.351447372 0.648552628 0.000000000
KQ:/rcc/ccr: 0.000000000 0.465609464 0.534390536
KQ:/rcc/crc: 0.000000000 0.255100965 0.744899035
KQ:/rcc/crf: 0.000000000 0.819558547 0.180441453
KQ:/rcf/: 0.298139775 0.701860225 0.000000000
KQ:/rcf/cr: 0.000000000 0.742349650 0.257650350
KQ:/rfc/: 0.477646116 0.522353884 0.000000000
KQ:/rfc/cr: 0.000000000 0.344503808 0.655496192
Q:/: 0.998015291 0.001984709 0.000000000
Q:/ccr: 0.000000000 0.077376301 0.922623699
Q:/crc: 0.000000000 0.999531182 0.000468818
Q:/crf: 0.000000000 0.723678673 0.276321327
QA:/ccc/: 1.000000000 0.000000000 0.000000000
QA:/ccc/ccr: 0.000000000 1.000000000 0.000000000
QA:/ccc/crc: 0.000000000 0.594679529 0.405320471
QA:/ccc/crf: 0.000000000 0.874796165 0.125203835
QA:/ccrcc/: 0.473511928 0.526488072 0.000000000
QA:/ccrcc/ccr: 0.000000000 0.533398859 0.466601141
QA:/ccrcc/crc: 0.000000000 0.851044890 0.148955110
QA:/ccrcc/crf: 0.000000000 0.998584271 0.001415729
QA:/ccrcf/: 0.191173283 0.808826717 0.000000000
QA:/ccrcf/cr: 0.000000000 0.501562617 0.498437383
QA:/crcc/: 0.598940515 0.401059485 0.000000000
QA:/crcc/ccr: 0.000000000 0.125265082 0.874734918
QA:/crcc/crc: 0.000000000 0.884623684 0.115376316
QA:/crcc/crf: 0.000000000 0.939338289 0.060661711
QA:/crfc/: 0.465159436 0.534840564 0.000000000
QA:/crfc/cr: 0.000000000 0.801668867 0.198331133
QA:/rcc/: 0.276233973 0.723766027 0.000000000
QA:/rcc/ccr: 0.000000000 0.999480910 0.000519090
QA:/rcc/crc: 0.000000000 0.619323557 0.380676443
QA:/rcc/crf: 0.000000000 0.449775158 0.550224842
QA:/rcf/: 0.375169146 0.624830854 0.000000000
QA:/rcf/cr: 0.000000000 0.723184807 0.276815193
QA:/rfc/: 0.366523111 0.633476889 0.000000000
QA:/rfc/cr: 0.000000000 0.521489254 0.478510746
QJ:/ccc/: 0.898099175 0.101900825 0.000000000
QJ:/ccc/ccr: 0.000000000 0.996075387 0.003924613
QJ:/ccc/crc: 0.000000000 0.300316487 0.699683513
QJ:/ccc/crf: 0.000000000 0.320336199 0.679663801
QJ:/ccrcc/: 0.521118072 0.478881928 0.000000000
QJ:/ccrcc/ccr: 0.000000000 0.528241752 0.471758248
QJ:/ccrcc/crc: 0.000000000 0.586997397 0.413002603
QJ:/ccrcc/crf: 0.000000000 0.542888407 0.457111593
QJ:/ccrcf/: 0.479810855 0.520189145 0.000000000
QJ:/ccrcf/cr: 0.000000000 0.562084291 0.437915709
QJ:/crcc/: 0.734385727 0.265614273 0.000000000
QJ:/crcc/ccr: 0.000000000 0.376322937 0.623677063
QJ:/crcc/crc: 0.000000000 0.000000000 1.000000000
QJ:/crcc/crf: 0.000000000 0.320405667 0.679594333
QJ:/crfc/: 0.139470158 0.860529842 0.000000000
QJ:/crfc/cr: 0.000000000 0.729361645 0.270638355
QJ:/rcc/: 0.539800277 0.460199723 0.000000000
QJ:/rcc/ccr: 0.000000000 0.434009924 0.565990076
QJ:/rcc/crc: 0.000000000 0.260905676 0.739094324
QJ:/rcc/crf: 0.000000000 0.062807043 0.937192957
QJ:/rcf/: 0.325456862 0.674543138 0.000000000
QJ:/rcf/cr: 0.000000000 0.497570793 0.502429207
QJ:/rfc/: 0.253252565 0.746747435 0.000000000
QJ:/rfc/cr: 0.000000000 0.135577498 0.864422502
QK:/ccc/: 0.849063143 0.150936857 0.000000000
QK:/ccc/ccr: 0.000000000 0.633645355 0.366354645
QK:/ccc/crc: 0.000000000 0.682544007 0.317455993
QK:/ccc/crf: 0.000000000 0.999922390 0.000077610
QK:/ccrcc/: 0.353001788 0.646998212 0.000000000
QK:/ccrcc/ccr: 0.000000000 0.619736716 0.380263284
QK:/ccrcc/crc: 0.000000000 0.857038366 0.142961634
QK:/ccrcc/crf: 0.000000000 0.966237116 0.033762884
QK:/ccrcf/: 0.591906827 0.408093173 0.000000000
QK:/ccrcf/cr: 0.000000000 0.600947545 0.399052455
QK:/crcc/: 0.332572408 0.667427592 0.000000000
QK:/crcc/ccr: 0.000000000 0.683971918 0.316028082
QK:/crcc/crc: 0.000000000 0.223235077 0.776764923
QK:/crcc/crf: 0.000000000 1.000000000 0.000000000
QK:/crfc/: 0.375624896 0.624375104 0.000000000
QK:/crfc/cr: 0.000000000 0.546835196 0.453164804
QK:/rcc/: 0.359427948 0.640572052 0.000000000
QK:/rcc/ccr: 0.000000000 0.891700950 0.108299050
QK:/rcc/crc: 0.000000000 0.388076363 0.611923637
QK:/rcc/crf: 0.000000000 0.707110729 0.292889271
QK:/rcf/: 0.430264132 0.569735868 0.000000000
QK:/rcf/cr: 0.000000000 0.704175885 0.295824115
QK:/rfc/: 0.640202652 0.359797348 0.000000000
QK:/rfc/cr: 0.000000000 0.560073712 0.439926288
QQ:/ccc/: 0.814811827 0.185188173 0.000000000
QQ:/ccc/ccr: 0.000000000 0.408086477 0.591913523
QQ:/ccc/crc: 0.000000000 0.874003404 0.125996596
QQ:/ccc/crf: 0.000000000 0.769136282 0.230863718
QQ:/ccrcc/: 0.982391008 0.017608992 0.000000000
QQ:/ccrcc/ccr: 0.000000000 1.000000000 0.000000000
QQ:/ccrcc/crc: 0.000000000 0.443489258 0.556510742
QQ:/ccrcc/crf: 0.000000000 0.755335250 0.244664750
QQ:/ccrcf/: 0.287056741 0.712943259 0.000000000
QQ:/ccrcf/cr: 0.000000000 0.764428899 0.235571101
QQ:/crcc/: 0.733021242 0.266978758 0.000000000
QQ:/crcc/ccr: 0.000000000 0.281813453 0.718186547
QQ:/crcc/crc: 0.000000000 1.000000000 0.000000000
QQ:/crcc/crf: 0.000000000 1.000000000 0.000000000
QQ:/crfc/: 0.494581451 0.505418549 0.000000000
QQ:/crfc/cr: 0.000000000 1.000000000 0.000000000
QQ:/rcc/: 0.746653187 0.253346813 0.000000000
QQ:/rcc/ccr: 0.000000000 1.000000000 0.000000000
QQ:/rcc/crc: 0.000000000 1.000000000 0.000000000
QQ:/rcc/crf: 0.000000000 1.000000000 0.000000000
QQ:/rcf/: 0.942191628 0.057808372 0.000000000
QQ:/rcf/cr: 0.000000000 1.000000000 0.000000000
QQ:/rfc/: 0.883834726 0.116165274 0.000000000
QQ:/rfc/cr: 0.000000000 0.219342846 0.780657154
