A:/cc: 0.837368114 0.162631886 0.000000000
A:/cr: 0.000000000 1.000000000 0.000000000
A:/rc: 0.000000000 1.000000000 0.000000000
A:/rf: 0.000000000 0.346812968 0.653187032
AA:/ccc/cc: 0.113011772 0.886988228 0.000000000
AA:/ccc/cr: 0.000000000 0.517608825 0.482391175
AA:/ccc/rc: 0.000000000 0.680307655 0.319692345
AA:/ccc/rf: 0.000000000 0.503687775 0.496312225
AA:/ccrcc/cc: 0.021569675 0.978430325 0.000000000
AA:/ccrcc/cr: 0.000000000 0.721662272 0.278337728
AA:/ccrcc/rc: 0.000000000 0.534856596 0.465143404
AA:/ccrcc/rf: 0.000000000 0.653180735 0.346819265
AA:/ccrcf/c: 0.967183593 0.032816407 0.000000000
AA:/ccrcf/r: 0.000000000 0.234420090 0.765579910
AA:/ccrfc/c: 0.750044006 0.249955994 0.000000000
AA:/ccrfc/r: 0.000000000 0.725597382 0.274402618
AA:/crcc/cc: 0.267514347 0.732485653 0.000000000
AA:/crcc/cr: 0.000000000 0.625662034 0.374337966
AA:/crcc/rc: 0.000000000 0.542109124 0.457890876
AA:/crcc/rf: 0.000000000 0.397398089 0.602601911
AA:/crcf/c: 0.697579003 0.302420997 0.000000000
AA:/crcf/r: 0.000000000 0.549116630 0.450883370
AA:/rcc/cc: 0.872795511 0.127204489 0.000000000
AA:/rcc/cr: 0.000000000 1.000000000 0.000000000
AA:/rcc/rc: 0.000000000 1.000000000 0.000000000
AA:/rcc/rf: 0.000000000 0.580242242 0.419757758
AA:/rfc/c: 0.249215603 0.750784397 0.000000000
AA:/rfc/r: 0.000000000 0.500952873 0.499047127
AJ:/ccc/cc: 0.813921371 0.186078629 0.000000000
AJ:/ccc/cr: 0.000000000 0.611815341 0.388184659
AJ:/ccc/rc: 0.000000000 0.650919183 0.349080817
AJ:/ccc/rf: 0.000000000 0.897009615 0.102990385
AJ:/ccrcc/cc: 0.413898596 0.586101404 0.000000000
AJ:/ccrcc/cr: 0.000000000 0.691448982 0.308551018
AJ:/ccrcc/rc: 0.000000000 0.324574200 0.675425800
AJ:/ccrcc/rf: 0.000000000 0.328154834 0.671845166
AJ:/ccrcf/c: 0.758427772 0.241572228 0.000000000
AJ:/ccrcf/r: 0.000000000 0.402922892 0.597077108
AJ:/ccrfc/c: 0.053565452 0.946434548 0.000000000
AJ:/ccrfc/r: 0.000000000 0.820444715 0.179555285
AJ:/crcc/cc: 0.636916273 0.363083727 0.000000000
AJ:/crcc/cr: 0.000000000 0.349852315 0.650147685
AJ:/crcc/rc: 0.000000000 0.296655233 0.703344767
AJ:/crcc/rf: 0.000000000 0.717926982 0.282073018
AJ:/crcf/c: 0.489884336 0.510115664 0.000000000
AJ:/crcf/r: 0.000000000 0.753535653 0.246464347
AJ:/rcc/cc: 0.850288474 0.149711526 0.000000000
AJ:/rcc/cr: 0.000000000 1.000000000 0.000000000
AJ:/rcc/rc: 0.000000000 1.000000000 0.000000000
AJ:/rcc/rf: 0.000000000 0.864800938 0.135199062
AJ:/rfc/c: 0.182459594 0.817540406 0.000000000
AJ:/rfc/r: 0.000000000 0.535389524 0.464610476
AK:/ccc/cc: 0.804297557 0.195702443 0.000000000
AK:/ccc/cr: 0.000000000 0.659820130 0.340179870
AK:/ccc/rc: 0.000000000 0.715179673 0.284820327
AK:/ccc/rf: 0.000000000 0.731270553 0.268729447
AK:/ccrcc/cc: 0.623226496 0.376773504 0.000000000
AK:/ccrcc/cr: 0.000000000 0.118458818 0.881541182
AK:/ccrcc/rc: 0.000000000 0.970800918 0.029199082
AK:/ccrcc/rf: 0.000000000 0.436689810 0.563310190
AK:/ccrcf/c: 0.599637273 0.400362727 0.000000000
AK:/ccrcf/r: 0.000000000 0.446775877 0.553224123
AK:/ccrfc/c: 0.105924203 0.894075797 0.000000000
AK:/ccrfc/r: 0.000000000 0.829697691 0.170302309
AK:/crcc/cc: 0.481876987 0.518123013 0.000000000
AK:/crcc/cr: 0.000000000 0.570811168 0.429188832
AK:/crcc/rc: 0.000000000 0.176371308 0.823628692
AK:/crcc/rf: 0.000000000 0.500467990 0.499532010
AK:/crcf/c: 0.422311592 0.577688408 0.000000000
AK:/crcf/r: 0.000000000 0.197336999 0.802663001
AK:/rcc/cc: 0.395065474 0.604934526 0.000000000
AK:/rcc/cr: 0.000000000 1.000000000 0.000000000
AK:/rcc/rc: 0.000000000 1.000000000 0.000000000
AK:/rcc/rf: 0.000000000 0.587724105 0.412275895
AK:/rfc/c: 0.259637684 0.740362316 0.000000000
AK:/rfc/r: 0.000000000 0.354408717 0.645591283
AQ:/ccc/cc: 0.855047452 0.144952548 0.000000000
AQ:/ccc/cr: 0.000000000 0.934508790 0.065491210
AQ:/ccc/rc: 0.000000000 0.390665796 0.609334204
AQ:/ccc/rf: 0.000000000 0.542811286 0.457188714
AQ:/ccrcc/cc: 0.281680160 0.718319840 0.000000000
AQ:/ccrcc/cr: 0.000000000 0.462549694 0.537450306
AQ:/ccrcc/rc: 0.000000000 0.425869163 0.574130837
AQ:/ccrcc/rf: 0.000000000 0.581428970 0.418571030
AQ:/ccrcf/c: 0.783192993 0.216807007 0.000000000
AQ:/ccrcf/r: 0.000000000 0.671563303 0.328436697
AQ:/ccrfc/c: 0.252711141 0.747288859 0.000000000
AQ:/ccrfc/r: 0.000000000 0.600391537 0.399608463
AQ:/crcc/cc: 0.420687582 0.579312418 0.000000000
AQ:/crcc/cr: 0.000000000 0.528236138 0.471763862
AQ:/crcc/rc: 0.000000000 0.670207187 0.329792813
AQ:/crcc/rf: 0.000000000 0.559901885 0.440098115
AQ:/crcf/c: 0.263273262 0.736726738 0.000000000
AQ:/crcf/r: 0.000000000 0.388665977 0.611334023
AQ:/rcc/cc: 0.750722608 0.249277392 0.000000000
AQ:/rcc/cr: 0.000000000 1.000000000 0.000000000
AQ:/rcc/rc: 0.000000000 0.940727787 0.059272213
AQ:/rcc/rf: 0.000000000 0.219342846 0.780657154
AQ:/rfc/c: 0.390008918 0.609991082 0.000000000
AQ:/rfc/r: 0.000000000 0.326583866 0.673416134
J:/cc: 0.295531852 0.704468148 0.000000000
J:/cr: 0.000000000 1.000000000 0.000000000
J:/rc: 0.000000000 0.745596773 0.254403227
J:/rf: 0.000000000 0.583926042 0.416073958
JA:/ccc/cc: 0.946126944 0.053873056 0.000000000
JA:/ccc/cr: 0.000000000 0.001223414 0.998776586
JA:/ccc/rc: 0.000000000 0.351835269 0.648164731
JA:/ccc/rf: 0.000000000 0.685716356 0.314283644
JA:/ccrcc/cc: 0.380660813 0.619339187 0.000000000
JA:/ccrcc/cr: 0.000000000 0.630246350 0.369753650
JA:/ccrcc/rc: 0.000000000 0.578297738 0.421702262
JA:/ccrcc/rf: 0.000000000 0.443401537 0.556598463
JA:/ccrcf/c: 0.554604656 0.445395344 0.000000000
JA:/ccrcf/r: 0.000000000 0.228096092 0.771903908
JA:/ccrfc/c: 0.873366208 0.126633792 0.000000000
JA:/ccrfc/r: 0.000000000 0.638114529 0.361885471
JA:/crcc/cc: 0.295070026 0.704929974 0.000000000
JA:/crcc/cr: 0.000000000 0.642021140 0.357978860
JA:/crcc/rc: 0.000000000 0.459872775 0.540127225
JA:/crcc/rf: 0.000000000 0.561058012 0.438941988
JA:/crcf/c: 0.404198855 0.595801145 0.000000000
JA:/crcf/r: 0.000000000 0.535715433 0.464284567
JA:/rcc/cc: 0.487588003 0.512411997 0.000000000
JA:/rcc/cr: 0.000000000 0.000000000 1.000000000
JA:/rcc/rc: 0.000000000 0.000000000 1.000000000
JA:/rcc/rf: 0.000000000 0.330996781 0.669003219
JA:/rfc/c: 0.255368108 0.744631892 0.000000000
JA:/rfc/r: 0.000000000 0.324489308 0.675510692
JJ:/ccc/cc: 0.427640480 0.572359520 0.000000000
JJ:/ccc/cr: 0.000000000 0.462953207 0.537046793
JJ:/ccc/rc: 0.000000000 0.571164031 0.428835969
JJ:/ccc/rf: 0.000000000 0.212477264 0.787522736
JJ:/ccrcc/cc: 0.473550256 0.526449744 0.000000000
JJ:/ccrcc/cr: 0.000000000 0.100976016 0.899023984
JJ:/ccrcc/rc: 0.000000000 0.491773365 0.508226635
JJ:/ccrcc/rf: 0.000000000 0.353981430 0.646018570
JJ:/ccrcf/c: 0.520897033 0.479102967 0.000000000
JJ:/ccrcf/r: 0.000000000 0.096487409 0.903512591
JJ:/ccrfc/c: 0.732083596 0.267916404 0.000000000
JJ:/ccrfc/r: 0.000000000 0.730749030 0.269250970
JJ:/crcc/cc: 0.018534780 0.981465220 0.000000000
JJ:/crcc/cr: 0.000000000 0.325558755 0.674441245
JJ:/crcc/rc: 0.000000000 0.746530944 0.253469056
JJ:/crcc/rf: 0.000000000 0.311927900 0.688072100
JJ:/crcf/c: 0.520705283 0.479294717 0.000000000
JJ:/crcf/r: 0.000000000 0.525797180 0.474202820
JJ:/rcc/cc: 0.816783639 0.183216361 0.000000000
JJ:/rcc/cr: 0.000000000 1.000000000 0.000000000
JJ:/rcc/rc: 0.000000000 1.000000000 0.000000000
JJ:/rcc/rf: 0.000000000 0.483997969 0.516002031
JJ:/rfc/c: 0.019712183 0.980287817 0.000000000
JJ:/rfc/r: 0.000000000 0.992527073 0.007472927
JK:/ccc/cc: 0.093824580 0.906175420 0.000000000
JK:/ccc/cr: 0.000000000 0.000000000 1.000000000
JK:/ccc/rc: 0.000000000 0.029454676 0.970545324
JK:/ccc/rf: 0.000000000 0.332676031 0.667323969
JK:/ccrcc/cc: 0.539154234 0.460845766 0.000000000
JK:/ccrcc/cr: 0.000000000 0.448322217 0.551677783
JK:/ccrcc/rc: 0.000000000 0.039804202 0.960195798
JK:/ccrcc/rf: 0.000000000 0.408851257 0.591148743
JK:/ccrcf/c: 0.518575707 0.481424293 0.000000000
JK:/ccrcf/r: 0.000000000 0.577397332 0.422602668
JK:/ccrfc/c: 0.715310296 0.284689704 0.000000000
JK:/ccrfc/r: 0.000000000 0.133370894 0.866629106
JK:/crcc/cc: 0.472786469 0.527213531 0.000000000
JK:/crcc/cr: 0.000000000 0.000000000 1.000000000
JK:/crcc/rc: 0.000000000 0.636287938 0.363712062
JK:/crcc/rf: 0.000000000 0.227446203 0.772553797
JK:/crcf/c: 0.436290778 0.563709222 0.000000000
JK:/crcf/r: 0.000000000 0.331712971 0.668287029
JK:/rcc/cc: 0.306752211 0.693247789 0.000000000
JK:/rcc/cr: 0.000000000 0.107448905 0.892551095
JK:/rcc/rc: 0.000000000 0.000000000 1.000000000
JK:/rcc/rf: 0.000000000 0.793099504 0.206900496
JK:/rfc/c: 0.916588757 0.083411243 0.000000000
JK:/rfc/r: 0.000000000 0.863302964 0.136697036
JQ:/ccc/cc: 0.660080578 0.339919422 0.000000000
JQ:/ccc/cr: 0.000000000 0.514160373 0.485839627
JQ:/ccc/rc: 0.000000000 0.355371267 0.644628733
JQ:/ccc/rf: 0.000000000 0.565673368 0.434326632
JQ:/ccrcc/cc: 0.538211038 0.461788962 0.000000000
JQ:/ccrcc/cr: 0.000000000 0.447043139 0.552956861
JQ:/ccrcc/rc: 0.000000000 0.468554087 0.531445913
JQ:/ccrcc/rf: 0.000000000 0.206222212 0.793777788
JQ:/ccrcf/c: 0.468091046 0.531908954 0.000000000
JQ:/ccrcf/r: 0.000000000 0.778963465 0.221036535
JQ:/ccrfc/c: 0.446997813 0.553002187 0.000000000
JQ:/ccrfc/r: 0.000000000 0.589872274 0.410127726
JQ:/crcc/cc: 0.125321309 0.874678691 0.000000000
JQ:/crcc/cr: 0.000000000 0.667405008 0.332594992
JQ:/crcc/rc: 0.000000000 0.065077432 0.934922568
JQ:/crcc/rf: 0.000000000 0.774031226 0.225968774
JQ:/crcf/c: 0.041353050 0.958646950 0.000000000
JQ:/crcf/r: 0.000000000 0.614568793 0.385431207
JQ:/rcc/cc: 0.241739446 0.758260554 0.000000000
JQ:/rcc/cr: 0.000000000 0.111220459 0.888779541
JQ:/rcc/rc: 0.000000000 0.000000000 1.000000000
JQ:/rcc/rf: 0.000000000 0.346729226 0.653270774
JQ:/rfc/c: 0.466145236 0.533854764 0.000000000
JQ:/rfc/r: 0.000000000 0.138574284 0.861425716
K:/cc: 0.309272839 0.690727161 0.000000000
K:/cr: 0.000000000 1.000000000 0.000000000
K:/rc: 0.000000000 1.000000000 0.000000000
K:/rf: 0.000000000 0.002365659 0.997634341
KA:/ccc/cc: 0.052779666 0.947220334 0.000000000
KA:/ccc/cr: 0.000000000 0.868928280 0.131071720
KA:/ccc/rc: 0.000000000 0.873911794 0.126088206
KA:/ccc/rf: 0.000000000 0.458267586 0.541732414
KA:/ccrcc/cc: 0.327295850 0.672704150 0.000000000
KA:/ccrcc/cr: 0.000000000 0.512602989 0.487397011
KA:/ccrcc/rc: 0.000000000 0.933987202 0.066012798
KA:/ccrcc/rf: 0.000000000 0.170412864 0.829587136
KA:/ccrcf/c: 0.400500861 0.599499139 0.000000000
KA:/ccrcf/r: 0.000000000 0.850921798 0.149078202
KA:/ccrfc/c: 0.642021722 0.357978278 0.000000000
KA:/ccrfc/r: 0.000000000 0.442842883 0.557157117
KA:/crcc/cc: 0.609479406 0.390520594 0.000000000
KA:/crcc/cr: 0.000000000 0.660055601 0.339944399
KA:/crcc/rc: 0.000000000 0.777537662 0.222462338
KA:/crcc/rf: 0.000000000 0.181387391 0.818612609
KA:/crcf/c: 0.893937408 0.106062592 0.000000000
KA:/crcf/r: 0.000000000 0.096805062 0.903194938
KA:/rcc/cc: 0.639842245 0.360157755 0.000000000
KA:/rcc/cr: 0.000000000 1.000000000 0.000000000
KA:/rcc/rc: 0.000000000 1.000000000 0.000000000
KA:/rcc/rf: 0.000000000 0.536991461 0.463008539
KA:/rfc/c: 0.084763103 0.915236897 0.000000000
KA:/rfc/r: 0.000000000 0.694576807 0.305423193
KJ:/ccc/cc: 0.449574938 0.550425062 0.000000000
KJ:/ccc/cr: 0.000000000 0.316959103 0.683040897
KJ:/ccc/rc: 0.000000000 0.296555340 0.703444660
KJ:/ccc/rf: 0.000000000 0.860581863 0.139418137
KJ:/ccrcc/cc: 0.079472683 0.920527317 0.000000000
KJ:/ccrcc/cr: 0.000000000 0.089581554 0.910418446
KJ:/ccrcc/rc: 0.000000000 0.092350199 0.907649801
KJ:/ccrcc/rf: 0.000000000 0.135555696 0.864444304
KJ:/ccrcf/c: 0.367809406 0.632190594 0.000000000
KJ:/ccrcf/r: 0.000000000 0.491954712 0.508045288
KJ:/ccrfc/c: 0.601966035 0.398033965 0.000000000
KJ:/ccrfc/r: 0.000000000 0.458479677 0.541520323
KJ:/crcc/cc: 0.205024877 0.794975123 0.000000000
KJ:/crcc/cr: 0.000000000 0.815076195 0.184923805
KJ:/crcc/rc: 0.000000000 0.457112039 0.542887961
KJ:/crcc/rf: 0.000000000 0.498608025 0.501391975
KJ:/crcf/c: 0.270143892 0.729856108 0.000000000
KJ:/crcf/r: 0.000000000 0.515801071 0.484198929
KJ:/rcc/cc: 0.166746334 0.833253666 0.000000000
KJ:/rcc/cr: 0.000000000 0.350387920 0.649612080
KJ:/rcc/rc: 0.000000000 0.038365782 0.961634218
KJ:/rcc/rf: 0.000000000 0.527523095 0.472476905
KJ:/rfc/c: 0.489482512 0.510517488 0.000000000
KJ:/rfc/r: 0.000000000 0.314471129 0.685528871
KK:/ccc/cc: 0.429681566 0.570318434 0.000000000
KK:/ccc/cr: 0.000000000 0.196333403 0.803666597
KK:/ccc/rc: 0.000000000 0.674752832 0.325247168
KK:/ccc/rf: 0.000000000 0.747685393 0.252314607
KK:/ccrcc/cc: 0.393487540 0.606512460 0.000000000
KK:/ccrcc/cr: 0.000000000 0.921590156 0.078409844
KK:/ccrcc/rc: 0.000000000 0.114335254 0.885664746
KK:/ccrcc/rf: 0.000000000 0.573201650 0.426798350
KK:/ccrcf/c: 0.597541634 0.402458366 0.000000000
KK:/ccrcf/r: 0.000000000 0.461926973 0.538073027
KK:/ccrfc/c: 0.611681752 0.388318248 0.000000000
KK:/ccrfc/r: 0.000000000 0.750558016 0.249441984
KK:/crcc/cc: 0.355451631 0.644548369 0.000000000
KK:/crcc/cr: 0.000000000 0.379626829 0.620373171
KK:/crcc/rc: 0.000000000 0.658817901 0.341182099
KK:/crcc/rf: 0.000000000 0.595450324 0.404549676
KK:/crcf/c: 0.389744159 0.610255841 0.000000000
KK:/crcf/r: 0.000000000 0.426328045 0.573671955
KK:/rcc/cc: 0.580619336 0.419380664 0.000000000
KK:/rcc/cr: 0.000000000 1.000000000 0.000000000
KK:/rcc/rc: 0.000000000 1.000000000 0.000000000
KK:/rcc/rf: 0.000000000 0.706192530 0.293807470
KK:/rfc/c: 0.383784477 0.616215523 0.000000000
KK:/rfc/r: 0.000000000 0.509993977 0.490006023
KQ:/ccc/cc: 0.631598696 0.368401304 0.000000000
KQ:/ccc/cr: 0.000000000 0.662043544 0.337956456
KQ:/ccc/rc: 0.000000000 0.554935676 0.445064324
KQ:/ccc/rf: 0.000000000 0.337694883 0.662305117
KQ:/ccrcc/cc: 0.523121090 0.476878910 0.000000000
KQ:/ccrcc/cr: 0.000000000 0.655907061 0.344092939
KQ:/ccrcc/rc: 0.000000000 0.488838003 0.511161997
KQ:/ccrcc/rf: 0.000000000 0.978428185 0.021571815
KQ:/ccrcf/c: 0.684765694 0.315234306 0.000000000
KQ:/ccrcf/r: 0.000000000 0.493294948 0.506705052
KQ:/ccrfc/c: 0.185669894 0.814330106 0.000000000
KQ:/ccrfc/r: 0.000000000 0.502286797 0.497713203
KQ:/crcc/cc: 0.464065558 0.535934442 0.000000000
KQ:/crcc/cr: 0.000000000 0.238213659 0.761786341
KQ:/crcc/rc: 0.000000000 0.389280871 0.610719129
KQ:/crcc/rf: 0.000000000 0.767669723 0.232330277
KQ:/crcf/c: 0.923161886 0.076838114 0.000000000
KQ:/crcf/r: 0.000000000 0.575032076 0.424967924
KQ:/rcc/cc: 0.231421681 0.768578319 0.000000000
KQ:/rcc/cr: 0.000000000 0.222091489 0.777908511
KQ:/rcc/rc: 0.000000000 0.323929707 0.676070293
KQ:/rcc/rf: 0.000000000 0.140865062 0.859134938
KQ:/rfc/c: 0.789530589 0.210469411 0.000000000
KQ:/rfc/r: 0.000000000 0.397380263 0.602619737
Q:/cc: 0.174611546 0.825388454 0.000000000
Q:/cr: 0.000000000 1.000000000 0.000000000
Q:/rc: 0.000000000 0.999981405 0.000018595
Q:/rf: 0.000000000 0.083260135 0.916739865
QA:/ccc/cc: 0.337941283 0.662058717 0.000000000
QA:/ccc/cr: 0.000000000 0.651207775 0.348792225
QA:/ccc/rc: 0.000000000 0.761715123 0.238284877
QA:/ccc/rf: 0.000000000 0.637870103 0.362129897
QA:/ccrcc/cc: 0.359831735 0.640168265 0.000000000
QA:/ccrcc/cr: 0.000000000 0.903207001 0.096792999
QA:/ccrcc/rc: 0.000000000 0.075155879 0.924844121
QA:/ccrcc/rf: 0.000000000 0.267342137 0.732657863
QA:/ccrcf/c: 0.932987317 0.067012683 0.000000000
QA:/ccrcf/r: 0.000000000 0.431488004 0.568511996
QA:/ccrfc/c: 0.184383730 0.815616270 0.000000000
QA:/ccrfc/r: 0.000000000 0.712971678 0.287028322
QA:/crcc/cc: 0.188386384 0.811613616 0.000000000
QA:/crcc/cr: 0.000000000 0.431218793 0.568781207
QA:/crcc/rc: 0.000000000 0.609667297 0.390332703
QA:/crcc/rf: 0.000000000 0.364441374 0.635558626
QA:/crcf/c: 0.959092767 0.040907233 0.000000000
QA:/crcf/r: 0.000000000 0.409517064 0.590482936
QA:/rcc/cc: 0.124963332 0.875036668 0.000000000
QA:/rcc/cr: 0.000000000 0.223742944 0.776257056
QA:/rcc/rc: 0.000000000 0.000000000 1.000000000
QA:/rcc/rf: 0.000000000 0.537530172 0.462469828
QA:/rfc/c: 0.884752474 0.115247526 0.000000000
QA:/rfc/r: 0.000000000 0.901004075 0.098995925
QJ:/ccc/cc: 0.477121516 0.522878484 0.000000000
QJ:/ccc/cr: 0.000000000 0.195640836 0.804359164
QJ:/ccc/rc: 0.000000000 0.157295191 0.842704809
QJ:/ccc/rf: 0.000000000 0.547881611 0.452118389
QJ:/ccrcc/cc: 0.511176857 0.488823143 0.000000000
QJ:/ccrcc/cr: 0.000000000 0.577661240 0.422338760
QJ:/ccrcc/rc: 0.000000000 0.454549736 0.545450264
QJ:/ccrcc/rf: 0.000000000 0.087391312 0.912608688
QJ:/ccrcf/c: 0.791518686 0.208481314 0.000000000
QJ:/ccrcf/r: 0.000000000 0.507506237 0.492493763
QJ:/ccrfc/c: 0.196235562 0.803764438 0.000000000
QJ:/ccrfc/r: 0.000000000 0.610326655 0.389673345
QJ:/crcc/cc: 0.422754689 0.577245311 0.000000000
QJ:/crcc/cr: 0.000000000 0.418788924 0.581211076
QJ:/crcc/rc: 0.000000000 0.577496567 0.422503433
QJ:/crcc/rf: 0.000000000 0.329834021 0.670165979
QJ:/crcf/c: 0.869449519 0.130550481 0.000000000
QJ:/crcf/r: 0.000000000 0.574290281 0.425709719
QJ:/rcc/cc: 0.277371229 0.722628771 0.000000000
QJ:/rcc/cr: 0.000000000 0.000000000 1.000000000
QJ:/rcc/rc: 0.000000000 0.000000000 1.000000000
QJ:/rcc/rf: 0.000000000 0.133066573 0.866933427
QJ:/rfc/c: 0.428734444 0.571265556 0.000000000
QJ:/rfc/r: 0.000000000 0.553525762 0.446474238
QK:/ccc/cc: 0.929015071 0.070984929 0.000000000
QK:/ccc/cr: 0.000000000 0.296014672 0.703985328
QK:/ccc/rc: 0.000000000 0.299375268 0.700624732
QK:/ccc/rf: 0.000000000 0.379466687 0.620533313
QK:/ccrcc/cc: 0.987483934 0.012516066 0.000000000
QK:/ccrcc/cr: 0.000000000 0.839505184 0.160494816
QK:/ccrcc/rc: 0.000000000 0.434294805 0.565705195
QK:/ccrcc/rf: 0.000000000 0.616417430 0.383582570
QK:/ccrcf/c: 0.755863160 0.244136840 0.000000000
QK:/ccrcf/r: 0.000000000 0.946328914 0.053671086
QK:/ccrfc/c: 0.392845004 0.607154996 0.000000000
QK:/ccrfc/r: 0.000000000 0.545060749 0.454939251
QK:/crcc/cc: 0.191470697 0.808529303 0.000000000
QK:/crcc/cr: 0.000000000 0.444482109 0.555517891
QK:/crcc/rc: 0.000000000 0.326228646 0.673771354
QK:/crcc/rf: 0.000000000 0.410342669 0.589657331
QK:/crcf/c: 0.193877656 0.806122344 0.000000000
QK:/crcf/r: 0.000000000 0.534971425 0.465028575
QK:/rcc/cc: 0.112513701 0.887486299 0.000000000
QK:/rcc/cr: 0.000000000 0.000000000 1.000000000
QK:/rcc/rc: 0.000000000 0.000000000 1.000000000
QK:/rcc/rf: 0.000000000 0.658074811 0.341925189
QK:/rfc/c: 0.280775096 0.719224904 0.000000000
QK:/rfc/r: 0.000000000 0.834084014 0.165915986
QQ:/ccc/cc: 0.567504410 0.432495590 0.000000000
QQ:/ccc/cr: 0.000000000 0.573251396 0.426748604
QQ:/ccc/rc: 0.000000000 0.492713450 0.507286550
QQ:/ccc/rf: 0.000000000 0.360698734 0.639301266
QQ:/ccrcc/cc: 0.969487615 0.030512385 0.000000000
QQ:/ccrcc/cr: 0.000000000 0.036115197 0.963884803
QQ:/ccrcc/rc: 0.000000000 0.107452784 0.892547216
QQ:/ccrcc/rf: 0.000000000 0.419246184 0.580753816
QQ:/ccrcf/c: 0.621334826 0.378665174 0.000000000
QQ:/ccrcf/r: 0.000000000 0.074547813 0.925452187
QQ:/ccrfc/c: 0.269716024 0.730283976 0.000000000
QQ:/ccrfc/r: 0.000000000 0.187452577 0.812547423
QQ:/crcc/cc: 0.211502031 0.788497969 0.000000000
QQ:/crcc/cr: 0.000000000 0.390550675 0.609449325
QQ:/crcc/rc: 0.000000000 0.692482015 0.307517985
QQ:/crcc/rf: 0.000000000 0.770600792 0.229399208
QQ:/crcf/c: 0.295234713 0.704765287 0.000000000
QQ:/crcf/r: 0.000000000 0.578816581 0.421183419
QQ:/rcc/cc: 0.682844891 0.317155109 0.000000000
QQ:/rcc/cr: 0.000000000 1.000000000 0.000000000
QQ:/rcc/rc: 0.000000000 1.000000000 0.000000000
QQ:/rcc/rf: 0.000000000 0.936891389 0.063108611
QQ:/rfc/c: 0.236049109 0.763950891 0.000000000
QQ:/rfc/r: 0.000000000 0.066547637 0.933452363
