8:/c: 0.000000000 1.000000000 0.000000000
8:/cccrc: 0.000000000 0.000000000 1.000000000
8:/cccrf: 0.000000000 0.469391460 0.530608540
8:/ccrcc: 0.000000000 0.111513896 0.888486104
8:/ccrcf: 0.000000000 0.000000000 1.000000000
8:/ccrfc: 0.000000000 0.000000000 1.000000000
8:/ccrff: 0.000000000 0.000000000 1.000000000
8:/r: 0.000000000 0.000000000 1.000000000
9:/c: 0.002018863 0.997981137 0.000000000
9:/cccrc: 0.000000000 0.260522194 0.739477806
9:/cccrf: 0.000000000 0.752989509 0.247010491
9:/ccrcc: 0.000000000 0.350766112 0.649233888
9:/ccrcf: 0.000000000 0.303289992 0.696710008
9:/ccrfc: 0.000000000 0.000000000 1.000000000
9:/ccrff: 0.000000000 0.000000000 1.000000000
9:/r: 0.000000000 0.000010025 0.999989975
A:/c: 0.560521076 0.439478924 0.000000000
A:/cccrc: 0.000000000 1.000000000 0.000000000
A:/cccrf: 0.000000000 1.000000000 0.000000000
A:/ccrcc: 0.000000000 0.852856159 0.147143841
A:/ccrcf: 0.000000000 1.000000000 0.000000000
A:/ccrfc: 0.000000000 0.999981523 0.000018477
A:/ccrff: 0.000000000 1.000000000 0.000000000
A:/r: 0.000000000 1.000000000 0.000000000
J:/c: 0.000076120 0.999923880 0.000000000
J:/cccrc: 0.000000000 0.391821940 0.608178060
J:/cccrf: 0.000000000 0.984897333 0.015102667
J:/ccrcc: 0.000000000 0.283402501 0.716597499
J:/ccrcf: 0.000000000 0.183536192 0.816463808
J:/ccrfc: 0.000000000 0.040689370 0.959310630
J:/ccrff: 0.000000000 0.469103023 0.530896977
J:/r: 0.000000000 0.349953621 0.650046379
K:/c: 0.748152551 0.251847449 0.000000000
K:/cccrc: 0.000000000 1.000000000 0.000000000
K:/cccrf: 0.000000000 0.787971524 0.212028476
K:/ccrcc: 0.000000000 0.707631194 0.292368806
K:/ccrcf: 0.000000000 0.987720650 0.012279350
K:/ccrfc: 0.000000000 0.110220452 0.889779548
K:/ccrff: 0.000000000 0.999931409 0.000068591
K:/r: 0.000000000 0.999875566 0.000124434
Q:/c: 0.091616505 0.908383495 0.000000000
Q:/cccrc: 0.000000000 0.374001313 0.625998687
Q:/cccrf: 0.000000000 0.721085418 0.278914582
Q:/ccrcc: 0.000000000 0.083216861 0.916783139
Q:/ccrcf: 0.000000000 0.752144566 0.247855434
Q:/ccrfc: 0.000000000 0.119207069 0.880792931
Q:/ccrff: 0.000000000 0.503084285 0.496915715
Q:/r: 0.000000000 0.146258111 0.853741889
T:/c: 0.389175163 0.610824837 0.000000000
T:/cccrc: 0.000000000 0.017012001 0.982987999
T:/cccrf: 0.000000000 0.155830946 0.844169054
T:/ccrcc: 0.000000000 0.331441355 0.668558645
T:/ccrcf: 0.000000000 0.106578885 0.893421115
T:/ccrfc: 0.000000000 0.099817809 0.900182191
T:/ccrff: 0.000000000 0.037967029 0.962032971
T:/r: 0.000000000 0.000000000 1.000000000
