8:/cc: 0.048848844 0.951151156 0.000000000
8:/cccrcc: 0.000000000 0.013028945 0.986971055
8:/cccrcf: 0.000000000 0.000000000 1.000000000
8:/cccrfc: 0.000000000 0.302903566 0.697096434
8:/cccrff: 0.000000000 0.474900578 0.525099422
8:/cr: 0.000000000 0.073724945 0.926275055
8:/rc: 0.000000000 0.563444510 0.436555490
8:/rf: 0.000000000 0.332503497 0.667496503
9:/cc: 0.276906681 0.723093319 0.000000000
9:/cccrcc: 0.000000000 0.154402852 0.845597148
9:/cccrcf: 0.000000000 0.000000000 1.000000000
9:/cccrfc: 0.000000000 0.317620597 0.682379403
9:/cccrff: 0.000000000 0.000000000 1.000000000
9:/cr: 0.000000000 0.206261029 0.793738971
9:/rc: 0.000000000 0.000000000 1.000000000
9:/rf: 0.000000000 0.194781445 0.805218555
A:/cc: 0.723441395 0.276558605 0.000000000
A:/cccrcc: 0.000000000 1.000000000 0.000000000
A:/cccrcf: 0.000000000 1.000000000 0.000000000
A:/cccrfc: 0.000000000 0.814069376 0.185930624
A:/cccrff: 0.000000000 1.000000000 0.000000000
A:/cr: 0.000000000 1.000000000 0.000000000
A:/rc: 0.000000000 1.000000000 0.000000000
A:/rf: 0.000000000 1.000000000 0.000000000
J:/cc: 0.213896460 0.786103540 0.000000000
J:/cccrcc: 0.000000000 0.145607163 0.854392837
J:/cccrcf: 0.000000000 0.000000000 1.000000000
J:/cccrfc: 0.000000000 0.447050606 0.552949394
J:/cccrff: 0.000000000 0.560955847 0.439044153
J:/cr: 0.000000000 0.229103095 0.770896905
J:/rc: 0.000000000 0.220082849 0.779917151
J:/rf: 0.000000000 0.000000000 1.000000000
K:/cc: 1.000000000 0.000000000 0.000000000
K:/cccrcc: 0.000000000 0.837567248 0.162432752
K:/cccrcf: 0.000000000 1.000000000 0.000000000
K:/cccrfc: 0.000000000 0.362078968 0.637921032
K:/cccrff: 0.000000000 0.807349018 0.192650982
K:/cr: 0.000000000 0.999857155 0.000142845
K:/rc: 0.000000000 0.726271365 0.273728635
K:/rf: 0.000000000 0.742015035 0.257984965
Q:/cc: 0.377649441 0.622350559 0.000000000
Q:/cccrcc: 0.000000000 0.271640382 0.728359618
Q:/cccrcf: 0.000000000 0.078890692 0.921109308
Q:/cccrfc: 0.000000000 0.071677442 0.928322558
Q:/cccrff: 0.000000000 0.283921412 0.716078588
Q:/cr: 0.000000000 0.767663506 0.232336494
Q:/rc: 0.000000000 0.556207173 0.443792827
Q:/rf: 0.000000000 0.493637874 0.506362126
T:/cc: 0.249958333 0.750041667 0.000000000
T:/cccrcc: 0.000000000 0.083474292 0.916525708
T:/cccrcf: 0.000000000 0.000000000 1.000000000
T:/cccrfc: 0.000000000 0.450002735 0.549997265
T:/cccrff: 0.000000000 0.683330975 0.316669025
T:/cr: 0.000000000 0.063212142 0.936787858
T:/rc: 0.000000000 0.673885363 0.326114637
T:/rf: 0.000000000 0.200562391 0.799437609
