8:/ccc: 0.099033241 0.900966759 0.000000000
8:/ccr: 0.000000000 0.003630559 0.996369441
8:/crc: 0.000000000 0.000000000 1.000000000
8:/crf: 0.000000000 0.010299512 0.989700488
8:/rcc: 0.000000000 0.000000000 1.000000000
8:/rcf: 0.000000000 0.000000000 1.000000000
8:/rfc: 0.000000000 0.373205942 0.626794058
8:/rff: 0.000000000 0.404050025 0.595949975
9:/ccc: 0.011694479 0.988305521 0.000000000
9:/ccr: 0.000000000 0.005442937 0.994557063
9:/crc: 0.000000000 0.000000000 1.000000000
9:/crf: 0.000000000 0.113365134 0.886634866
9:/rcc: 0.000000000 0.538360714 0.461639286
9:/rcf: 0.000000000 0.023034223 0.976965777
9:/rfc: 0.000000000 0.114478028 0.885521972
9:/rff: 0.000000000 0.048747917 0.951252083
A:/ccc: 1.000000000 0.000000000 0.000000000
A:/ccr: 0.000000000 0.999973800 0.000026200
A:/crc: 0.000000000 1.000000000 0.000000000
A:/crf: 0.000000000 1.000000000 0.000000000
A:/rcc: 0.000000000 1.000000000 0.000000000
A:/rcf: 0.000000000 1.000000000 0.000000000
A:/rfc: 0.000000000 1.000000000 0.000000000
A:/rff: 0.000000000 0.999934623 0.000065377
J:/ccc: 0.264978107 0.735021893 0.000000000
J:/ccr: 0.000000000 0.001585871 0.998414129
J:/crc: 0.000000000 0.000000000 1.000000000
J:/crf: 0.000000000 0.000000000 1.000000000
J:/rcc: 0.000000000 0.586832625 0.413167375
J:/rcf: 0.000000000 0.215601062 0.784398938
J:/rfc: 0.000000000 0.216862544 0.783137456
J:/rff: 0.000000000 0.027899377 0.972100623
K:/ccc: 1.000000000 0.000000000 0.000000000
K:/ccr: 0.000000000 0.999836571 0.000163429
K:/crc: 0.000000000 0.405897450 0.594102550
K:/crf: 0.000000000 0.381510498 0.618489502
K:/rcc: 0.000000000 0.623618176 0.376381824
K:/rcf: 0.000000000 0.280429133 0.719570867
K:/rfc: 0.000000000 0.648745009 0.351254991
K:/rff: 0.000000000 0.716691504 0.283308496
Q:/ccc: 0.000000000 1.000000000 0.000000000
Q:/ccr: 0.000000000 0.301587138 0.698412862
Q:/crc: 0.000000000 0.000000000 1.000000000
Q:/crf: 0.000000000 0.521479263 0.478520737
Q:/rcc: 0.000000000 0.444866804 0.555133196
Q:/rcf: 0.000000000 0.091244810 0.908755190
Q:/rfc: 0.000000000 0.424604050 0.575395950
Q:/rff: 0.000000000 0.177880193 0.822119807
T:/ccc: 0.364224485 0.635775515 0.000000000
T:/ccr: 0.000000000 0.002787239 0.997212761
T:/crc: 0.000000000 0.000000000 1.000000000
T:/crf: 0.000000000 0.353585393 0.646414607
T:/rcc: 0.000000000 0.127769021 0.872230979
T:/rcf: 0.000000000 0.000000000 1.000000000
T:/rfc: 0.000000000 0.443415575 0.556584425
T:/rff: 0.000000000 0.064135664 0.935864336
