A:/: 0.997389339 0.002610661 0.000000000
A:/ccr: 0.000000000 0.999789974 0.000210026
A:/crc: 0.000000000 1.000000000 0.000000000
A:/crf: 0.000000000 0.076155614 0.923844386
AJ:/ccc/: 0.671045029 0.328954971 0.000000000
AJ:/ccc/ccr: 0.000000000 0.999665728 0.000334272
AJ:/ccc/crc: 0.000000000 1.000000000 0.000000000
AJ:/ccc/crf: 0.000000000 1.000000000 0.000000000
AJ:/ccrcc/: 0.190462393 0.809537607 0.000000000
AJ:/ccrcc/ccr: 0.000000000 0.550328826 0.449671174
AJ:/ccrcc/crc: 0.000000000 1.000000000 0.000000000
AJ:/ccrcc/crf: 0.000000000 0.854181394 0.145818606
AJ:/ccrcf/: 0.344686480 0.655313520 0.000000000
AJ:/ccrcf/cr: 0.000000000 0.509633512 0.490366488
AJ:/crcc/: 0.876452610 0.123547390 0.000000000
AJ:/crcc/ccr: 0.000000000 1.000000000 0.000000000
AJ:/crcc/crc: 0.000000000 0.998274682 0.001725318
AJ:/crcc/crf: 0.000000000 0.998465098 0.001534902
AJ:/crfc/: 0.000000000 1.000000000 0.000000000
AJ:/crfc/cr: 0.000000000 0.999942443 0.000057557
AJ:/rcc/: 0.758170514 0.241829486 0.000000000
AJ:/rcc/ccr: 0.000000000 0.874360063 0.125639937
AJ:/rcc/crc: 0.000000000 0.873049234 0.126950766
AJ:/rcc/crf: 0.000000000 0.460288503 0.539711497
AJ:/rcf/: 1.000000000 0.000000000 0.000000000
AJ:/rcf/cr: 0.000000000 0.999234957 0.000765043
AJ:/rfc/: 0.587652592 0.412347408 0.000000000
AJ:/rfc/cr: 0.000000000 0.640805938 0.359194062
AK:/ccc/: 0.691903995 0.308096005 0.000000000
AK:/ccc/ccr: 0.000000000 0.998288261 0.001711739
AK:/ccc/crc: 0.000000000 0.999706393 0.000293607
AK:/ccc/crf: 0.000000000 0.999621275 0.000378725
AK:/ccrcc/: 0.246250220 0.753749780 0.000000000
AK:/ccrcc/ccr: 0.000000000 0.516952162 0.483047838
AK:/ccrcc/crc: 0.000000000 0.795846476 0.204153524
AK:/ccrcc/crf: 0.000000000 0.023336686 0.976663314
AK:/ccrcf/: 0.610435120 0.389564880 0.000000000
AK:/ccrcf/cr: 0.000000000 0.313486166 0.686513834
AK:/crcc/: 0.783648235 0.216351765 0.000000000
AK:/crcc/ccr: 0.000000000 0.777497178 0.222502822
AK:/crcc/crc: 0.000000000 0.985391096 0.014608904
AK:/crcc/crf: 0.000000000 0.985368333 0.014631667
AK:/crfc/: 0.707175262 0.292824738 0.000000000
AK:/crfc/cr: 0.000000000 0.833759690 0.166240310
AK:/rcc/: 0.603736866 0.396263134 0.000000000
AK:/rcc/ccr: 0.000000000 0.702609522 0.297390478
AK:/rcc/crc: 0.000000000 0.692404526 0.307595474
AK:/rcc/crf: 0.000000000 0.785076542 0.214923458
AK:/rcf/: 0.645267374 0.354732626 0.000000000
AK:/rcf/cr: 0.000000000 1.000000000 0.000000000
AK:/rfc/: 0.113234081 0.886765919 0.000000000
AK:/rfc/cr: 0.000000000 0.492332156 0.507667844
AQ:/ccc/: 0.436057079 0.563942921 0.000000000
AQ:/ccc/ccr: 0.000000000 0.999844576 0.000155424
AQ:/ccc/crc: 0.000000000 1.000000000 0.000000000
AQ:/ccc/crf: 0.000000000 1.000000000 0.000000000
AQ:/ccrcc/: 1.000000000 0.000000000 0.000000000
AQ:/ccrcc/ccr: 0.000000000 0.441179508 0.558820492
AQ:/ccrcc/crc: 0.000000000 0.666920008 0.333079992
AQ:/ccrcc/crf: 0.000000000 0.121784641 0.878215359
AQ:/ccrcf/: 0.817620688 0.182379312 0.000000000
AQ:/ccrcf/cr: 0.000000000 0.199346412 0.800653588
AQ:/crcc/: 1.000000000 0.000000000 0.000000000
AQ:/crcc/ccr: 0.000000000 0.566223100 0.433776900
AQ:/crcc/crc: 0.000000000 0.999959628 0.000040372
AQ:/crcc/crf: 0.000000000 1.000000000 0.000000000
AQ:/crfc/: 0.000000000 1.000000000 0.000000000
AQ:/crfc/cr: 0.000000000 0.999994833 0.000005167
AQ:/rcc/: 0.304029882 0.695970118 0.000000000
AQ:/rcc/ccr: 0.000000000 1.000000000 0.000000000
AQ:/rcc/crc: 0.000000000 0.485370936 0.514629064
AQ:/rcc/crf: 0.000000000 0.999221800 0.000778200
AQ:/rcf/: 1.000000000 0.000000000 0.000000000
AQ:/rcf/cr: 0.000000000 0.999576016 0.000423984
AQ:/rfc/: 0.555734260 0.444265740 0.000000000
AQ:/rfc/cr: 0.000000000 0.139340978 0.860659022
AT:/ccc/: 0.784923664 0.215076336 0.000000000
AT:/ccc/ccr: 0.000000000 1.000000000 0.000000000
AT:/ccc/crc: 0.000000000 1.000000000 0.000000000
AT:/ccc/crf: 0.000000000 1.000000000 0.000000000
AT:/ccrcc/: 1.000000000 0.000000000 0.000000000
AT:/ccrcc/ccr: 0.000000000 0.897293718 0.102706282
AT:/ccrcc/crc: 0.000000000 0.683640923 0.316359077
AT:/ccrcc/crf: 0.000000000 0.459111486 0.540888514
AT:/ccrcf/: 0.546217159 0.453782841 0.000000000
AT:/ccrcf/cr: 0.000000000 0.193211769 0.806788231
AT:/crcc/: 0.908791414 0.091208586 0.000000000
AT:/crcc/ccr: 0.000000000 1.000000000 0.000000000
AT:/crcc/crc: 0.000000000 0.940555976 0.059444024
AT:/crcc/crf: 0.000000000 0.878636786 0.121363214
AT:/crfc/: 0.160590537 0.839409463 0.000000000
AT:/crfc/cr: 0.000000000 0.322437135 0.677562865
AT:/rcc/: 0.999394655 0.000605345 0.000000000
AT:/rcc/ccr: 0.000000000 0.381246288 0.618753712
AT:/rcc/crc: 0.000000000 0.377974100 0.622025900
AT:/rcc/crf: 0.000000000 1.000000000 0.000000000
AT:/rcf/: 0.999828005 0.000171995 0.000000000
AT:/rcf/cr: 0.000000000 1.000000000 0.000000000
AT:/rfc/: 0.037064909 0.962935091 0.000000000
AT:/rfc/cr: 0.000000000 0.360150515 0.639849485
J:/: 0.995559693 0.004440307 0.000000000
J:/ccr: 0.000000000 0.999572737 0.000427263
J:/crc: 0.000000000 0.004997604 0.995002396
J:/crf: 0.000000000 0.997098002 0.002901998
JA:/ccc/: 0.999380646 0.000619354 0.000000000
JA:/ccc/ccr: 0.000000000 0.492822457 0.507177543
JA:/ccc/crc: 0.000000000 0.000000000 1.000000000
JA:/ccc/crf: 0.000000000 0.678405184 0.321594816
JA:/ccrcc/: 0.833865389 0.166134611 0.000000000
JA:/ccrcc/ccr: 0.000000000 0.469842371 0.530157629
JA:/ccrcc/crc: 0.000000000 0.843861310 0.156138690
JA:/ccrcc/crf: 0.000000000 0.015588504 0.984411496
JA:/ccrcf/: 0.654207469 0.345792531 0.000000000
JA:/ccrcf/cr: 0.000000000 0.413509323 0.586490677
JA:/crcc/: 1.000000000 0.000000000 0.000000000
JA:/crcc/ccr: 0.000000000 0.385115876 0.614884124
JA:/crcc/crc: 0.000000000 0.000000000 1.000000000
JA:/crcc/crf: 0.000000000 0.393132973 0.606867027
JA:/crfc/: 0.473452721 0.526547279 0.000000000
JA:/crfc/cr: 0.000000000 0.000000000 1.000000000
JA:/rcc/: 0.000000000 1.000000000 0.000000000
JA:/rcc/ccr: 0.000000000 0.550513704 0.449486296
JA:/rcc/crc: 0.000000000 0.719252243 0.280747757
JA:/rcc/crf: 0.000000000 0.308877378 0.691122622
JA:/rcf/: 0.000040332 0.999959668 0.000000000
JA:/rcf/cr: 0.000000000 0.709353417 0.290646583
JA:/rfc/: 0.285743556 0.714256444 0.000000000
JA:/rfc/cr: 0.000000000 0.661318711 0.338681289
JK:/ccc/: 1.000000000 0.000000000 0.000000000
JK:/ccc/ccr: 0.000000000 0.792651903 0.207348097
JK:/ccc/crc: 0.000000000 0.052953703 0.947046297
JK:/ccc/crf: 0.000000000 0.164792859 0.835207141
JK:/ccrcc/: 0.000066831 0.999933169 0.000000000
JK:/ccrcc/ccr: 0.000000000 0.571058222 0.428941778
JK:/ccrcc/crc: 0.000000000 0.685578188 0.314421812
JK:/ccrcc/crf: 0.000000000 0.682079175 0.317920825
JK:/ccrcf/: 0.310189332 0.689810668 0.000000000
JK:/ccrcf/cr: 0.000000000 0.573091677 0.426908323
JK:/crcc/: 0.000350451 0.999649549 0.000000000
JK:/crcc/ccr: 0.000000000 0.423648366 0.576351634
JK:/crcc/crc: 0.000000000 0.292680210 0.707319790
JK:/crcc/crf: 0.000000000 0.005119186 0.994880814
JK:/crfc/: 0.162720362 0.837279638 0.000000000
JK:/crfc/cr: 0.000000000 0.000027140 0.999972860
JK:/rcc/: 0.909187342 0.090812658 0.000000000
JK:/rcc/ccr: 0.000000000 0.000000000 1.000000000
JK:/rcc/crc: 0.000000000 0.425913240 0.574086760
JK:/rcc/crf: 0.000000000 0.047481035 0.952518965
JK:/rcf/: 0.000058386 0.999941614 0.000000000
JK:/rcf/cr: 0.000000000 0.684028448 0.315971552
JK:/rfc/: 0.270275421 0.729724579 0.000000000
JK:/rfc/cr: 0.000000000 0.779616434 0.220383566
JQ:/ccc/: 0.127866302 0.872133698 0.000000000
JQ:/ccc/ccr: 0.000000000 0.396748122 0.603251878
JQ:/ccc/crc: 0.000000000 0.000000000 1.000000000
JQ:/ccc/crf: 0.000000000 0.917972218 0.082027782
JQ:/ccrcc/: 0.644708934 0.355291066 0.000000000
JQ:/ccrcc/ccr: 0.000000000 0.000000000 1.000000000
JQ:/ccrcc/crc: 0.000000000 0.484201190 0.515798810
JQ:/ccrcc/crf: 0.000000000 0.379702651 0.620297349
JQ:/ccrcf/: 0.641156952 0.358843048 0.000000000
JQ:/ccrcf/cr: 0.000000000 0.213020097 0.786979903
JQ:/crcc/: 0.225969328 0.774030672 0.000000000
JQ:/crcc/ccr: 0.000000000 0.691531384 0.308468616
JQ:/crcc/crc: 0.000000000 0.000000000 1.000000000
JQ:/crcc/crf: 0.000000000 0.059163487 0.940836513
JQ:/crfc/: 0.514864092 0.485135908 0.000000000
JQ:/crfc/cr: 0.000000000 0.000018243 0.999981757
JQ:/rcc/: 0.000177694 0.999822306 0.000000000
JQ:/rcc/ccr: 0.000000000 0.135187223 0.864812777
JQ:/rcc/crc: 0.000000000 0.307068834 0.692931166
JQ:/rcc/crf: 0.000000000 0.485371859 0.514628141
JQ:/rcf/: 0.117498127 0.882501873 0.000000000
JQ:/rcf/cr: 0.000000000 0.000000000 1.000000000
JQ:/rfc/: 0.198042230 0.801957770 0.000000000
JQ:/rfc/cr: 0.000000000 0.841295312 0.158704688
JT:/ccc/: 0.000233837 0.999766163 0.000000000
JT:/ccc/ccr: 0.000000000 0.104014444 0.895985556
JT:/ccc/crc: 0.000000000 0.123822565 0.876177435
JT:/ccc/crf: 0.000000000 0.000000000 1.000000000
JT:/ccrcc/: 0.000000000 1.000000000 0.000000000
JT:/ccrcc/ccr: 0.000000000 0.514309451 0.485690549
JT:/ccrcc/crc: 0.000000000 0.918653019 0.081346981
JT:/ccrcc/crf: 0.000000000 0.341617090 0.658382910
JT:/ccrcf/: 0.861464351 0.138535649 0.000000000
JT:/ccrcf/cr: 0.000000000 0.542760632 0.457239368
JT:/crcc/: 0.998947204 0.001052796 0.000000000
JT:/crcc/ccr: 0.000000000 0.790330624 0.209669376
JT:/crcc/crc: 0.000000000 0.000000000 1.000000000
JT:/crcc/crf: 0.000000000 0.233561465 0.766438535
JT:/crfc/: 0.365972128 0.634027872 0.000000000
JT:/crfc/cr: 0.000000000 0.202736545 0.797263455
JT:/rcc/: 1.000000000 0.000000000 0.000000000
JT:/rcc/ccr: 0.000000000 1.000000000 0.000000000
JT:/rcc/crc: 0.000000000 0.250646115 0.749353885
JT:/rcc/crf: 0.000000000 0.000000000 1.000000000
JT:/rcf/: 0.291603134 0.708396866 0.000000000
JT:/rcf/cr: 0.000000000 0.000000000 1.000000000
JT:/rfc/: 0.514781719 0.485218281 0.000000000
JT:/rfc/cr: 0.000000000 0.692850961 0.307149039
K:/: 0.997515077 0.002484923 0.000000000
K:/ccr: 0.000000000 0.999377777 0.000622223
K:/crc: 0.000000000 1.000000000 0.000000000
K:/crf: 0.000000000 0.994200132 0.005799868
KA:/ccc/: 0.999631837 0.000368163 0.000000000
KA:/ccc/ccr: 0.000000000 0.727900097 0.272099903
KA:/ccc/crc: 0.000000000 0.999409008 0.000590992
KA:/ccc/crf: 0.000000000 0.728588934 0.271411066
KA:/ccrcc/: 0.072088493 0.927911507 0.000000000
KA:/ccrcc/ccr: 0.000000000 0.659780182 0.340219818
KA:/ccrcc/crc: 0.000000000 0.999990206 0.000009794
KA:/ccrcc/crf: 0.000000000 0.147695991 0.852304009
KA:/ccrcf/: 0.279924526 0.720075474 0.000000000
KA:/ccrcf/cr: 0.000000000 0.576785890 0.423214110
KA:/crcc/: 0.001349677 0.998650323 0.000000000
KA:/crcc/ccr: 0.000000000 0.000379036 0.999620964
KA:/crcc/crc: 0.000000000 1.000000000 0.000000000
KA:/crcc/crf: 0.000000000 1.000000000 0.000000000
KA:/crfc/: 0.000000000 1.000000000 0.000000000
KA:/crfc/cr: 0.000000000 0.999852525 0.000147475
KA:/rcc/: 0.757016727 0.242983273 0.000000000
KA:/rcc/ccr: 0.000000000 1.000000000 0.000000000
KA:/rcc/crc: 0.000000000 1.000000000 0.000000000
KA:/rcc/crf: 0.000000000 0.754611587 0.245388413
KA:/rcf/: 0.632104386 0.367895614 0.000000000
KA:/rcf/cr: 0.000000000 1.000000000 0.000000000
KA:/rfc/: 0.668639680 0.331360320 0.000000000
KA:/rfc/cr: 0.000000000 0.445435012 0.554564988
KJ:/ccc/: 0.621592653 0.378407347 0.000000000
KJ:/ccc/ccr: 0.000000000 0.819086352 0.180913648
KJ:/ccc/crc: 0.000000000 0.999957891 0.000042109
KJ:/ccc/crf: 0.000000000 0.722147670 0.277852330
KJ:/ccrcc/: 0.120696336 0.879303664 0.000000000
KJ:/ccrcc/ccr: 0.000000000 0.382978178 0.617021822
KJ:/ccrcc/crc: 0.000000000 1.000000000 0.000000000
KJ:/ccrcc/crf: 0.000000000 1.000000000 0.000000000
KJ:/ccrcf/: 0.803565272 0.196434728 0.000000000
KJ:/ccrcf/cr: 0.000000000 0.933717572 0.066282428
KJ:/crcc/: 0.002071277 0.997928723 0.000000000
KJ:/crcc/ccr: 0.000000000 0.000164703 0.999835297
KJ:/crcc/crc: 0.000000000 0.000000000 1.000000000
KJ:/crcc/crf: 0.000000000 0.972191773 0.027808227
KJ:/crfc/: 0.000000000 1.000000000 0.000000000
KJ:/crfc/cr: 0.000000000 0.817124204 0.182875796
KJ:/rcc/: 0.000156067 0.999843933 0.000000000
KJ:/rcc/ccr: 0.000000000 0.582893423 0.417106577
KJ:/rcc/crc: 0.000000000 0.902613671 0.097386329
KJ:/rcc/crf: 0.000000000 0.430399478 0.569600522
KJ:/rcf/: 0.389332531 0.610667469 0.000000000
KJ:/rcf/cr: 0.000000000 0.833018667 0.166981333
KJ:/rfc/: 0.393004234 0.606995766 0.000000000
KJ:/rfc/cr: 0.000000000 0.233490811 0.766509189
KQ:/ccc/: 0.650879629 0.349120371 0.000000000
KQ:/ccc/ccr: 0.000000000 0.279359801 0.720640199
KQ:/ccc/crc: 0.000000000 0.999995048 0.000004952
KQ:/ccc/crf: 0.000000000 0.956641830 0.043358170
KQ:/ccrcc/: 0.282542048 0.717457952 0.000000000
KQ:/ccrcc/ccr: 0.000000000 0.507831495 0.492168505
KQ:/ccrcc/crc: 0.000000000 0.034399391 0.965600609
KQ:/ccrcc/crf: 0.000000000 0.000036647 0.999963353
KQ:/ccrcf/: 0.640021839 0.359978161 0.000000000
KQ:/ccrcf/cr: 0.000000000 0.740387216 0.259612784
KQ:/crcc/: 1.000000000 0.000000000 0.000000000
KQ:/crcc/ccr: 0.000000000 0.000000071 0.999999929
KQ:/crcc/crc: 0.000000000 0.069902784 0.930097216
KQ:/crcc/crf: 0.000000000 1.000000000 0.000000000
KQ:/crfc/: 0.999910410 0.000089590 0.000000000
KQ:/crfc/cr: 0.000000000 0.634968889 0.365031111
KQ:/rcc/: 0.105036504 0.894963496 0.000000000
KQ:/rcc/ccr: 0.000000000 0.484907476 0.515092524
KQ:/rcc/crc: 0.000000000 0.404646624 0.595353376
KQ:/rcc/crf: 0.000000000 0.999939268 0.000060732
KQ:/rcf/: 0.190724278 0.809275722 0.000000000
KQ:/rcf/cr: 0.000000000 0.834442979 0.165557021
KQ:/rfc/: 0.011992708 0.988007292 0.000000000
KQ:/rfc/cr: 0.000000000 0.880900888 0.119099112
KT:/ccc/: 0.564089577 0.435910423 0.000000000
KT:/ccc/ccr: 0.000000000 0.999874559 0.000125441
KT:/ccc/crc: 0.000000000 0.597702846 0.402297154
KT:/ccc/crf: 0.000000000 0.993894846 0.006105154
KT:/ccrcc/: 0.237006661 0.762993339 0.000000000
KT:/ccrcc/ccr: 0.000000000 0.377998026 0.622001974
KT:/ccrcc/crc: 0.000000000 0.571901419 0.428098581
KT:/ccrcc/crf: 0.000000000 0.036161584 0.963838416
KT:/ccrcf/: 0.303498782 0.696501218 0.000000000
KT:/ccrcf/cr: 0.000000000 0.908264650 0.091735350
KT:/crcc/: 0.999285397 0.000714603 0.000000000
KT:/crcc/ccr: 0.000000000 0.001551057 0.998448943
KT:/crcc/crc: 0.000000000 0.955996761 0.044003239
KT:/crcc/crf: 0.000000000 0.989408547 0.010591453
KT:/crfc/: 0.207435748 0.792564252 0.000000000
KT:/crfc/cr: 0.000000000 0.958931297 0.041068703
KT:/rcc/: 0.999695069 0.000304931 0.000000000
KT:/rcc/ccr: 0.000000000 0.999754328 0.000245672
KT:/rcc/crc: 0.000000000 0.801832750 0.198167250
KT:/rcc/crf: 0.000000000 1.000000000 0.000000000
KT:/rcf/: 0.437060883 0.562939117 0.000000000
KT:/rcf/cr: 0.000000000 0.835036849 0.164963151
KT:/rfc/: 0.940840080 0.059159920 0.000000000
KT:/rfc/cr: 0.000000000 0.886543206 0.113456794
Q:/: 0.997514881 0.002485119 0.000000000
Q:/ccr: 0.000000000 0.999499842 0.000500158
Q:/crc: 0.000000000 0.003970235 0.996029765
Q:/crf: 0.000000000 0.995573965 0.004426035
QA:/ccc/: 0.996292801 0.003707199 0.000000000
QA:/ccc/ccr: 0.000000000 0.653406607 0.346593393
QA:/ccc/crc: 0.000000000 0.367545298 0.632454702
QA:/ccc/crf: 0.000000000 0.000000000 1.000000000
QA:/ccrcc/: 0.000487081 0.999512919 0.000000000
QA:/ccrcc/ccr: 0.000000000 0.387833917 0.612166083
QA:/ccrcc/crc: 0.000000000 0.441085979 0.558914021
QA:/ccrcc/crf: 0.000000000 0.000032399 0.999967601
QA:/ccrcf/: 0.411420683 0.588579317 0.000000000
QA:/ccrcf/cr: 0.000000000 0.420789668 0.579210332
QA:/crcc/: 1.000000000 0.000000000 0.000000000
QA:/crcc/ccr: 0.000000000 1.000000000 0.000000000
QA:/crcc/crc: 0.000000000 0.657454756 0.342545244
QA:/crcc/crf: 0.000000000 0.438563659 0.561436341
QA:/crfc/: 0.561269129 0.438730871 0.000000000
QA:/crfc/cr: 0.000000000 0.636021733 0.363978267
QA:/rcc/: 0.851456527 0.148543473 0.000000000
QA:/rcc/ccr: 0.000000000 0.665611744 0.334388256
QA:/rcc/crc: 0.000000000 0.386098144 0.613901856
QA:/rcc/crf: 0.000000000 0.710351585 0.289648415
QA:/rcf/: 0.994761358 0.005238642 0.000000000
QA:/rcf/cr: 0.000000000 0.970978861 0.029021139
QA:/rfc/: 0.148471999 0.851528001 0.000000000
QA:/rfc/cr: 0.000000000 0.754417027 0.245582973
QJ:/ccc/: 0.639659242 0.360340758 0.000000000
QJ:/ccc/ccr: 0.000000000 0.511364147 0.488635853
QJ:/ccc/crc: 0.000000000 0.460919159 0.539080841
QJ:/ccc/crf: 0.000000000 0.884590932 0.115409068
QJ:/ccrcc/: 0.000002898 0.999997102 0.000000000
QJ:/ccrcc/ccr: 0.000000000 0.503187775 0.496812225
QJ:/ccrcc/crc: 0.000000000 0.553370830 0.446629170
QJ:/ccrcc/crf: 0.000000000 0.543819007 0.456180993
QJ:/ccrcf/: 0.299890818 0.700109182 0.000000000
QJ:/ccrcf/cr: 0.000000000 0.481133934 0.518866066
QJ:/crcc/: 0.000343484 0.999656516 0.000000000
QJ:/crcc/ccr: 0.000000000 0.000338809 0.999661191
QJ:/crcc/crc: 0.000000000 0.422329721 0.577670279
QJ:/crcc/crf: 0.000000000 0.056200736 0.943799264
QJ:/crfc/: 0.000000000 1.000000000 0.000000000
QJ:/crfc/cr: 0.000000000 0.000028227 0.999971773
QJ:/rcc/: 0.000000000 1.000000000 0.000000000
QJ:/rcc/ccr: 0.000000000 0.420546560 0.579453440
QJ:/rcc/crc: 0.000000000 0.000000000 1.000000000
QJ:/rcc/crf: 0.000000000 0.089787465 0.910212535
QJ:/rcf/: 0.018441348 0.981558652 0.000000000
QJ:/rcf/cr: 0.000000000 0.000000000 1.000000000
QJ:/rfc/: 0.492363917 0.507636083 0.000000000
QJ:/rfc/cr: 0.000000000 0.227291713 0.772708287
QK:/ccc/: 0.681018522 0.318981478 0.000000000
QK:/ccc/ccr: 0.000000000 1.000000000 0.000000000
QK:/ccc/crc: 0.000000000 0.572356850 0.427643150
QK:/ccc/crf: 0.000000000 0.668891906 0.331108094
QK:/ccrcc/: 0.242397235 0.757602765 0.000000000
QK:/ccrcc/ccr: 0.000000000 0.254822628 0.745177372
QK:/ccrcc/crc: 0.000000000 0.107459348 0.892540652
QK:/ccrcc/crf: 0.000000000 0.000000000 1.000000000
QK:/ccrcf/: 0.040488971 0.959511029 0.000000000
QK:/ccrcf/cr: 0.000000000 0.582665651 0.417334349
QK:/crcc/: 0.000154634 0.999845366 0.000000000
QK:/crcc/ccr: 0.000000000 0.000000000 1.000000000
QK:/crcc/crc: 0.000000000 0.431814026 0.568185974
QK:/crcc/crf: 0.000000000 0.998465471 0.001534529
QK:/crfc/: 0.850680319 0.149319681 0.000000000
QK:/crfc/cr: 0.000000000 0.808502844 0.191497156
QK:/rcc/: 0.260805260 0.739194740 0.000000000
QK:/rcc/ccr: 0.000000000 0.926693094 0.073306906
QK:/rcc/crc: 0.000000000 0.990448238 0.009551762
QK:/rcc/crf: 0.000000000 0.305375325 0.694624675
QK:/rcf/: 0.704099258 0.295900742 0.000000000
QK:/rcf/cr: 0.000000000 0.932674083 0.067325917
QK:/rfc/: 0.154957114 0.845042886 0.000000000
QK:/rfc/cr: 0.000000000 0.727166490 0.272833510
QT:/ccc/: 0.341322800 0.658677200 0.000000000
QT:/ccc/ccr: 0.000000000 0.692544934 0.307455066
QT:/ccc/crc: 0.000000000 0.596248494 0.403751506
QT:/ccc/crf: 0.000000000 0.753034983 0.246965017
QT:/ccrcc/: 0.000000000 1.000000000 0.000000000
QT:/ccrcc/ccr: 0.000000000 0.467385268 0.532614732
QT:/ccrcc/crc: 0.000000000 0.946994628 0.053005372
QT:/ccrcc/crf: 0.000000000 0.000000000 1.000000000
QT:/ccrcf/: 0.518905179 0.481094821 0.000000000
QT:/ccrcf/cr: 0.000000000 0.365755813 0.634244187
QT:/crcc/: 0.998788326 0.001211674 0.000000000
QT:/crcc/ccr: 0.000000000 0.366730523 0.633269477
QT:/crcc/crc: 0.000000000 0.000000000 1.000000000
QT:/crcc/crf: 0.000000000 0.992823430 0.007176570
QT:/crfc/: 0.321536563 0.678463437 0.000000000
QT:/crfc/cr: 0.000000000 0.856892365 0.143107635
QT:/rcc/: 1.000000000 0.000000000 0.000000000
QT:/rcc/ccr: 0.000000000 0.089236000 0.910764000
QT:/rcc/crc: 0.000000000 0.268586005 0.731413995
QT:/rcc/crf: 0.000000000 0.000000000 1.000000000
QT:/rcf/: 0.043788426 0.956211574 0.000000000
QT:/rcf/cr: 0.000000000 0.000000000 1.000000000
QT:/rfc/: 0.425310041 0.574689959 0.000000000
QT:/rfc/cr: 0.000000000 0.161477313 0.838522687
T:/: 0.987788054 0.012211946 0.000000000
T:/ccr: 0.000000000 0.099517421 0.900482579
T:/crc: 0.000000000 0.000411349 0.999588651
T:/crf: 0.000000000 0.000000000 1.000000000
TA:/ccc/: 0.443971310 0.556028690 0.000000000
TA:/ccc/ccr: 0.000000000 0.531888566 0.468111434
TA:/ccc/crc: 0.000000000 0.000000000 1.000000000
TA:/ccc/crf: 0.000000000 0.044309902 0.955690098
TA:/ccrcc/: 1.000000000 0.000000000 0.000000000
TA:/ccrcc/ccr: 0.000000000 0.615498540 0.384501460
TA:/ccrcc/crc: 0.000000000 0.325769284 0.674230716
TA:/ccrcc/crf: 0.000000000 0.412899725 0.587100275
TA:/ccrcf/: 0.307838062 0.692161938 0.000000000
TA:/ccrcf/cr: 0.000000000 0.437707272 0.562292728
TA:/crcc/: 0.778958547 0.221041453 0.000000000
TA:/crcc/ccr: 0.000000000 0.247002292 0.752997708
TA:/crcc/crc: 0.000000000 0.000000000 1.000000000
TA:/crcc/crf: 0.000000000 0.000000000 1.000000000
TA:/crfc/: 0.312985434 0.687014566 0.000000000
TA:/crfc/cr: 0.000000000 0.341236670 0.658763330
TA:/rcc/: 0.005353796 0.994646204 0.000000000
TA:/rcc/ccr: 0.000000000 0.428670066 0.571329934
TA:/rcc/crc: 0.000000000 0.018454417 0.981545583
TA:/rcc/crf: 0.000000000 0.291712866 0.708287134
TA:/rcf/: 0.404766195 0.595233805 0.000000000
TA:/rcf/cr: 0.000000000 0.000000000 1.000000000
TA:/rfc/: 0.807741549 0.192258451 0.000000000
TA:/rfc/cr: 0.000000000 0.831029218 0.168970782
TJ:/ccc/: 0.000345505 0.999654495 0.000000000
TJ:/ccc/ccr: 0.000000000 0.616405072 0.383594928
TJ:/ccc/crc: 0.000000000 0.657411955 0.342588045
TJ:/ccc/crf: 0.000000000 0.553969091 0.446030909
TJ:/ccrcc/: 0.000000000 1.000000000 0.000000000
TJ:/ccrcc/ccr: 0.000000000 0.290583250 0.709416750
TJ:/ccrcc/crc: 0.000000000 0.430779153 0.569220847
TJ:/ccrcc/crf: 0.000000000 0.812420203 0.187579797
TJ:/ccrcf/: 0.968120637 0.031879363 0.000000000
TJ:/ccrcf/cr: 0.000000000 0.665171784 0.334828216
TJ:/crcc/: 0.997360835 0.002639165 0.000000000
TJ:/crcc/ccr: 0.000000000 0.269966004 0.730033996
TJ:/crcc/crc: 0.000000000 0.000000000 1.000000000
TJ:/crcc/crf: 0.000000000 0.000000000 1.000000000
TJ:/crfc/: 0.000000000 1.000000000 0.000000000
TJ:/crfc/cr: 0.000000000 0.275072525 0.724927475
TJ:/rcc/: 0.000160950 0.999839050 0.000000000
TJ:/rcc/ccr: 0.000000000 0.278493039 0.721506961
TJ:/rcc/crc: 0.000000000 0.000000000 1.000000000
TJ:/rcc/crf: 0.000000000 0.256400527 0.743599473
TJ:/rcf/: 0.331201075 0.668798925 0.000000000
TJ:/rcf/cr: 0.000000000 0.000000000 1.000000000
TJ:/rfc/: 0.458927173 0.541072827 0.000000000
TJ:/rfc/cr: 0.000000000 0.660719531 0.339280469
TK:/ccc/: 0.979836315 0.020163685 0.000000000
TK:/ccc/ccr: 0.000000000 0.967609016 0.032390984
TK:/ccc/crc: 0.000000000 0.433425769 0.566574231
TK:/ccc/crf: 0.000000000 0.314772213 0.685227787
TK:/ccrcc/: 0.281894192 0.718105808 0.000000000
TK:/ccrcc/ccr: 0.000000000 0.536264446 0.463735554
TK:/ccrcc/crc: 0.000000000 0.933105502 0.066894498
TK:/ccrcc/crf: 0.000000000 0.364525745 0.635474255
TK:/ccrcf/: 0.927830355 0.072169645 0.000000000
TK:/ccrcf/cr: 0.000000000 0.352382381 0.647617619
TK:/crcc/: 0.000233645 0.999766355 0.000000000
TK:/crcc/ccr: 0.000000000 0.742545477 0.257454523
TK:/crcc/crc: 0.000000000 0.000000000 1.000000000
TK:/crcc/crf: 0.000000000 0.000000000 1.000000000
TK:/crfc/: 0.694015201 0.305984799 0.000000000
TK:/crfc/cr: 0.000000000 0.544107326 0.455892674
TK:/rcc/: 0.999901673 0.000098327 0.000000000
TK:/rcc/ccr: 0.000000000 0.410955191 0.589044809
TK:/rcc/crc: 0.000000000 0.915763275 0.084236725
TK:/rcc/crf: 0.000000000 0.161445855 0.838554145
TK:/rcf/: 0.355391108 0.644608892 0.000000000
TK:/rcf/cr: 0.000000000 0.000000000 1.000000000
TK:/rfc/: 0.527860572 0.472139428 0.000000000
TK:/rfc/cr: 0.000000000 0.153136130 0.846863870
TQ:/ccc/: 0.202968435 0.797031565 0.000000000
TQ:/ccc/ccr: 0.000000000 0.521182589 0.478817411
TQ:/ccc/crc: 0.000000000 0.403295689 0.596704311
TQ:/ccc/crf: 0.000000000 0.166891883 0.833108117
TQ:/ccrcc/: 0.999984467 0.000015533 0.000000000
TQ:/ccrcc/ccr: 0.000000000 0.602462500 0.397537500
TQ:/ccrcc/crc: 0.000000000 0.870529228 0.129470772
TQ:/ccrcc/crf: 0.000000000 0.381435649 0.618564351
TQ:/ccrcf/: 0.516111495 0.483888505 0.000000000
TQ:/ccrcf/cr: 0.000000000 0.927432751 0.072567249
TQ:/crcc/: 0.546982212 0.453017788 0.000000000
TQ:/crcc/ccr: 0.000000000 0.999388636 0.000611364
TQ:/crcc/crc: 0.000000000 0.000000000 1.000000000
TQ:/crcc/crf: 0.000000000 0.000000000 1.000000000
TQ:/crfc/: 0.000000000 1.000000000 0.000000000
TQ:/crfc/cr: 0.000000000 0.830640340 0.169359660
TQ:/rcc/: 0.683126360 0.316873640 0.000000000
TQ:/rcc/ccr: 0.000000000 0.592922155 0.407077845
TQ:/rcc/crc: 0.000000000 0.359559850 0.640440150
TQ:/rcc/crf: 0.000000000 0.000046019 0.999953981
TQ:/rcf/: 0.220079543 0.779920457 0.000000000
TQ:/rcf/cr: 0.000000000 0.000000000 1.000000000
TQ:/rfc/: 0.961823692 0.038176308 0.000000000
TQ:/rfc/cr: 0.000000000 0.480132917 0.519867083
