A:/c: 0.938821941 0.061178059 0.000000000
A:/ccrc: 0.000000000 1.000000000 0.000000000
A:/ccrf: 0.000000000 1.000000000 0.000000000
A:/r: 0.000000000 1.000000000 0.000000000
AJ:/ccc/c: 0.580503661 0.419496339 0.000000000
AJ:/ccc/ccrc: 0.000000000 0.750979822 0.249020178
AJ:/ccc/ccrf: 0.000000000 0.879940980 0.120059020
AJ:/ccc/r: 0.000000000 0.546548735 0.453451265
AJ:/ccrcc/c: 0.560238274 0.439761726 0.000000000
AJ:/ccrcc/ccrc: 0.000000000 0.742953137 0.257046863
AJ:/ccrcc/ccrf: 0.000000000 0.980617197 0.019382803
AJ:/ccrcc/r: 0.000000000 0.511294599 0.488705401
AJ:/ccrfc/: 0.323176230 0.676823770 0.000000000
AJ:/ccrfc/cr: 0.000000000 1.000000000 0.000000000
AJ:/crcc/c: 0.530403446 0.469596554 0.000000000
AJ:/crcc/ccrc: 0.000000000 0.401453399 0.598546601
AJ:/crcc/ccrf: 0.000000000 0.724701573 0.275298427
AJ:/crcc/r: 0.000000000 0.742474458 0.257525542
AJ:/crcf/: 0.778532019 0.221467981 0.000000000
AJ:/crcf/cr: 0.000000000 1.000000000 0.000000000
AJ:/crfc/c: 0.620696178 0.379303822 0.000000000
AJ:/crfc/r: 0.000000000 0.553089205 0.446910795
AJ:/rcc/c: 0.999359838 0.000640162 0.000000000
AJ:/rcc/ccrc: 0.000000000 1.000000000 0.000000000
AJ:/rcc/ccrf: 0.000000000 1.000000000 0.000000000
AJ:/rcc/r: 0.000000000 1.000000000 0.000000000
AJ:/rcf/c: 1.000000000 0.000000000 0.000000000
AJ:/rcf/r: 0.000000000 1.000000000 0.000000000
AK:/ccc/c: 0.319076698 0.680923302 0.000000000
AK:/ccc/ccrc: 0.000000000 0.724098521 0.275901479
AK:/ccc/ccrf: 0.000000000 0.685823361 0.314176639
AK:/ccc/r: 0.000000000 1.000000000 0.000000000
AK:/ccrcc/c: 0.838806978 0.161193022 0.000000000
AK:/ccrcc/ccrc: 0.000000000 0.626475338 0.373524662
AK:/ccrcc/ccrf: 0.000000000 0.872280775 0.127719225
AK:/ccrcc/r: 0.000000000 1.000000000 0.000000000
AK:/ccrfc/: 1.000000000 0.000000000 0.000000000
AK:/ccrfc/cr: 0.000000000 0.804896365 0.195103635
AK:/crcc/c: 0.182411012 0.817588988 0.000000000
AK:/crcc/ccrc: 0.000000000 0.561521778 0.438478222
AK:/crcc/ccrf: 0.000000000 0.624402852 0.375597148
AK:/crcc/r: 0.000000000 0.449269997 0.550730003
AK:/crcf/: 0.984942023 0.015057977 0.000000000
AK:/crcf/cr: 0.000000000 1.000000000 0.000000000
AK:/crfc/c: 0.617499385 0.382500615 0.000000000
AK:/crfc/r: 0.000000000 0.901918174 0.098081826
AK:/rcc/c: 0.665280534 0.334719466 0.000000000
AK:/rcc/ccrc: 0.000000000 1.000000000 0.000000000
AK:/rcc/ccrf: 0.000000000 1.000000000 0.000000000
AK:/rcc/r: 0.000000000 1.000000000 0.000000000
AK:/rcf/c: 1.000000000 0.000000000 0.000000000
AK:/rcf/r: 0.000000000 1.000000000 0.000000000
AQ:/ccc/c: 0.842489974 0.157510026 0.000000000
AQ:/ccc/ccrc: 0.000000000 0.627847114 0.372152886
AQ:/ccc/ccrf: 0.000000000 0.937160822 0.062839178
AQ:/ccc/r: 0.000000000 0.394754165 0.605245835
AQ:/ccrcc/c: 0.291362075 0.708637925 0.000000000
AQ:/ccrcc/ccrc: 0.000000000 0.334377146 0.665622854
AQ:/ccrcc/ccrf: 0.000000000 0.918913093 0.081086907
AQ:/ccrcc/r: 0.000000000 1.000000000 0.000000000
AQ:/ccrfc/: 0.424764747 0.575235253 0.000000000
AQ:/ccrfc/cr: 0.000000000 0.956535766 0.043464234
AQ:/crcc/c: 0.301558925 0.698441075 0.000000000
AQ:/crcc/ccrc: 0.000000000 0.488596473 0.511403527
AQ:/crcc/ccrf: 0.000000000 0.492664774 0.507335226
AQ:/crcc/r: 0.000000000 0.891573678 0.108426322
AQ:/crcf/: 0.754168205 0.245831795 0.000000000
AQ:/crcf/cr: 0.000000000 1.000000000 0.000000000
AQ:/crfc/c: 0.634816860 0.365183140 0.000000000
AQ:/crfc/r: 0.000000000 0.947472602 0.052527398
AQ:/rcc/c: 0.999728194 0.000271806 0.000000000
AQ:/rcc/ccrc: 0.000000000 1.000000000 0.000000000
AQ:/rcc/ccrf: 0.000000000 1.000000000 0.000000000
AQ:/rcc/r: 0.000000000 1.000000000 0.000000000
AQ:/rcf/c: 1.000000000 0.000000000 0.000000000
AQ:/rcf/r: 0.000000000 1.000000000 0.000000000
AT:/ccc/c: 0.973085632 0.026914368 0.000000000
AT:/ccc/ccrc: 0.000000000 0.560685981 0.439314019
AT:/ccc/ccrf: 0.000000000 0.603847678 0.396152322
AT:/ccc/r: 0.000000000 0.490850861 0.509149139
AT:/ccrcc/c: 0.826850824 0.173149176 0.000000000
AT:/ccrcc/ccrc: 0.000000000 0.754395420 0.245604580
AT:/ccrcc/ccrf: 0.000000000 0.806256737 0.193743263
AT:/ccrcc/r: 0.000000000 0.701599455 0.298400545
AT:/ccrfc/: 0.360865484 0.639134516 0.000000000
AT:/ccrfc/cr: 0.000000000 1.000000000 0.000000000
AT:/crcc/c: 0.839969886 0.160030114 0.000000000
AT:/crcc/ccrc: 0.000000000 0.432484069 0.567515931
AT:/crcc/ccrf: 0.000000000 0.681462926 0.318537074
AT:/crcc/r: 0.000000000 0.813414813 0.186585187
AT:/crcf/: 0.259680048 0.740319952 0.000000000
AT:/crcf/cr: 0.000000000 1.000000000 0.000000000
AT:/crfc/c: 0.712969262 0.287030738 0.000000000
AT:/crfc/r: 0.000000000 0.753721722 0.246278278
AT:/rcc/c: 0.999730983 0.000269017 0.000000000
AT:/rcc/ccrc: 0.000000000 1.000000000 0.000000000
AT:/rcc/ccrf: 0.000000000 1.000000000 0.000000000
AT:/rcc/r: 0.000000000 1.000000000 0.000000000
AT:/rcf/c: 1.000000000 0.000000000 0.000000000
AT:/rcf/r: 0.000000000 1.000000000 0.000000000
J:/c: 0.368640050 0.631359950 0.000000000
J:/ccrc: 0.000000000 0.604261100 0.395738900
J:/ccrf: 0.000000000 1.000000000 0.000000000
J:/r: 0.000000000 1.000000000 0.000000000
JA:/ccc/c: 0.925794723 0.074205277 0.000000000
JA:/ccc/ccrc: 0.000000000 0.809478758 0.190521242
JA:/ccc/ccrf: 0.000000000 0.832347768 0.167652232
JA:/ccc/r: 0.000000000 0.250466420 0.749533580
JA:/ccrcc/c: 0.969692932 0.030307068 0.000000000
JA:/ccrcc/ccrc: 0.000000000 0.795879198 0.204120802
JA:/ccrcc/ccrf: 0.000000000 0.663300227 0.336699773
JA:/ccrcc/r: 0.000000000 0.885502616 0.114497384
JA:/ccrfc/: 0.571304680 0.428695320 0.000000000
JA:/ccrfc/cr: 0.000000000 0.874192555 0.125807445
JA:/crcc/c: 0.787970802 0.212029198 0.000000000
JA:/crcc/ccrc: 0.000000000 0.546382282 0.453617718
JA:/crcc/ccrf: 0.000000000 0.400675336 0.599324664
JA:/crcc/r: 0.000000000 0.264387485 0.735612515
JA:/crcf/: 0.590990573 0.409009427 0.000000000
JA:/crcf/cr: 0.000000000 0.168814712 0.831185288
JA:/crfc/c: 0.410207205 0.589792795 0.000000000
JA:/crfc/r: 0.000000000 0.919776360 0.080223640
JA:/rcc/c: 0.080548046 0.919451954 0.000000000
JA:/rcc/ccrc: 0.000000000 0.000000000 1.000000000
JA:/rcc/ccrf: 0.000000000 0.000000000 1.000000000
JA:/rcc/r: 0.000000000 0.000000000 1.000000000
JA:/rcf/c: 0.000000000 1.000000000 0.000000000
JA:/rcf/r: 0.000000000 0.326564647 0.673435353
JK:/ccc/c: 0.719904244 0.280095756 0.000000000
JK:/ccc/ccrc: 0.000000000 0.332458428 0.667541572
JK:/ccc/ccrf: 0.000000000 0.769433507 0.230566493
JK:/ccc/r: 0.000000000 0.288125694 0.711874306
JK:/ccrcc/c: 0.514366407 0.485633593 0.000000000
JK:/ccrcc/ccrc: 0.000000000 0.580170317 0.419829683
JK:/ccrcc/ccrf: 0.000000000 0.361141656 0.638858344
JK:/ccrcc/r: 0.000000000 0.647017643 0.352982357
JK:/ccrfc/: 0.309538418 0.690461582 0.000000000
JK:/ccrfc/cr: 0.000000000 0.402849517 0.597150483
JK:/crcc/c: 0.090650717 0.909349283 0.000000000
JK:/crcc/ccrc: 0.000000000 0.453796257 0.546203743
JK:/crcc/ccrf: 0.000000000 0.915919109 0.084080891
JK:/crcc/r: 0.000000000 0.373523877 0.626476123
JK:/crcf/: 0.659619507 0.340380493 0.000000000
JK:/crcf/cr: 0.000000000 0.431857069 0.568142931
JK:/crfc/c: 0.501660248 0.498339752 0.000000000
JK:/crfc/r: 0.000000000 0.723418296 0.276581704
JK:/rcc/c: 0.000083571 0.999916429 0.000000000
JK:/rcc/ccrc: 0.000000000 0.000000000 1.000000000
JK:/rcc/ccrf: 0.000000000 0.161875605 0.838124395
JK:/rcc/r: 0.000000000 0.209131250 0.790868750
JK:/rcf/c: 0.000000000 1.000000000 0.000000000
JK:/rcf/r: 0.000000000 0.326999551 0.673000449
JQ:/ccc/c: 0.586157198 0.413842802 0.000000000
JQ:/ccc/ccrc: 0.000000000 0.612200593 0.387799407
JQ:/ccc/ccrf: 0.000000000 0.731589996 0.268410004
JQ:/ccc/r: 0.000000000 0.721184806 0.278815194
JQ:/ccrcc/c: 0.828416306 0.171583694 0.000000000
JQ:/ccrcc/ccrc: 0.000000000 0.777825912 0.222174088
JQ:/ccrcc/ccrf: 0.000000000 0.795143886 0.204856114
JQ:/ccrcc/r: 0.000000000 0.450829941 0.549170059
JQ:/ccrfc/: 0.271821148 0.728178852 0.000000000
JQ:/ccrfc/cr: 0.000000000 0.317257185 0.682742815
JQ:/crcc/c: 0.338721044 0.661278956 0.000000000
JQ:/crcc/ccrc: 0.000000000 0.531574912 0.468425088
JQ:/crcc/ccrf: 0.000000000 0.772504626 0.227495374
JQ:/crcc/r: 0.000000000 0.439792335 0.560207665
JQ:/crcf/: 0.371682584 0.628317416 0.000000000
JQ:/crcf/cr: 0.000000000 0.742034235 0.257965765
JQ:/crfc/c: 0.662120337 0.337879663 0.000000000
JQ:/crfc/r: 0.000000000 0.411617792 0.588382208
JQ:/rcc/c: 0.301892521 0.698107479 0.000000000
JQ:/rcc/ccrc: 0.000000000 0.000000000 1.000000000
JQ:/rcc/ccrf: 0.000000000 0.000032270 0.999967730
JQ:/rcc/r: 0.000000000 0.125354102 0.874645898
JQ:/rcf/c: 0.319101694 0.680898306 0.000000000
JQ:/rcf/r: 0.000000000 0.000000000 1.000000000
JT:/ccc/c: 0.565467718 0.434532282 0.000000000
JT:/ccc/ccrc: 0.000000000 0.590660143 0.409339857
JT:/ccc/ccrf: 0.000000000 0.635734085 0.364265915
JT:/ccc/r: 0.000000000 0.120431647 0.879568353
JT:/ccrcc/c: 0.723873543 0.276126457 0.000000000
JT:/ccrcc/ccrc: 0.000000000 0.763057214 0.236942786
JT:/ccrcc/ccrf: 0.000000000 0.385605793 0.614394207
JT:/ccrcc/r: 0.000000000 0.477585641 0.522414359
JT:/ccrfc/: 0.676772378 0.323227622 0.000000000
JT:/ccrfc/cr: 0.000000000 0.578774694 0.421225306
JT:/crcc/c: 0.121077394 0.878922606 0.000000000
JT:/crcc/ccrc: 0.000000000 0.664966106 0.335033894
JT:/crcc/ccrf: 0.000000000 0.117532229 0.882467771
JT:/crcc/r: 0.000000000 0.362091679 0.637908321
JT:/crcf/: 0.516086549 0.483913451 0.000000000
JT:/crcf/cr: 0.000000000 0.306838878 0.693161122
JT:/crfc/c: 0.280218925 0.719781075 0.000000000
JT:/crfc/r: 0.000000000 0.559633388 0.440366612
JT:/rcc/c: 0.055310764 0.944689236 0.000000000
JT:/rcc/ccrc: 0.000000000 0.270443526 0.729556474
JT:/rcc/ccrf: 0.000000000 0.300411437 0.699588563
JT:/rcc/r: 0.000000000 0.000000000 1.000000000
JT:/rcf/c: 0.195793108 0.804206892 0.000000000
JT:/rcf/r: 0.000000000 0.000000000 1.000000000
K:/c: 1.000000000 0.000000000 0.000000000
K:/ccrc: 0.000000000 0.902348904 0.097651096
K:/ccrf: 0.000000000 1.000000000 0.000000000
K:/r: 0.000000000 1.000000000 0.000000000
KA:/ccc/c: 0.587065641 0.412934359 0.000000000
KA:/ccc/ccrc: 0.000000000 0.994334749 0.005665251
KA:/ccc/ccrf: 0.000000000 0.610249194 0.389750806
KA:/ccc/r: 0.000000000 0.820639133 0.179360867
KA:/ccrcc/c: 0.642626842 0.357373158 0.000000000
KA:/ccrcc/ccrc: 0.000000000 0.652296995 0.347703005
KA:/ccrcc/ccrf: 0.000000000 0.732357268 0.267642732
KA:/ccrcc/r: 0.000000000 0.914314330 0.085685670
KA:/ccrfc/: 0.464400163 0.535599837 0.000000000
KA:/ccrfc/cr: 0.000000000 0.882703667 0.117296333
KA:/crcc/c: 0.582297949 0.417702051 0.000000000
KA:/crcc/ccrc: 0.000000000 0.828542231 0.171457769
KA:/crcc/ccrf: 0.000000000 0.852451673 0.147548327
KA:/crcc/r: 0.000000000 0.975296657 0.024703343
KA:/crcf/: 0.808404007 0.191595993 0.000000000
KA:/crcf/cr: 0.000000000 1.000000000 0.000000000
KA:/crfc/c: 0.061174147 0.938825853 0.000000000
KA:/crfc/r: 0.000000000 0.828534147 0.171465853
KA:/rcc/c: 0.470590468 0.529409532 0.000000000
KA:/rcc/ccrc: 0.000000000 1.000000000 0.000000000
KA:/rcc/ccrf: 0.000000000 1.000000000 0.000000000
KA:/rcc/r: 0.000000000 1.000000000 0.000000000
KA:/rcf/c: 1.000000000 0.000000000 0.000000000
KA:/rcf/r: 0.000000000 1.000000000 0.000000000
KJ:/ccc/c: 0.728684025 0.271315975 0.000000000
KJ:/ccc/ccrc: 0.000000000 0.411060454 0.588939546
KJ:/ccc/ccrf: 0.000000000 0.724554296 0.275445704
KJ:/ccc/r: 0.000000000 0.436422670 0.563577330
KJ:/ccrcc/c: 0.612126756 0.387873244 0.000000000
KJ:/ccrcc/ccrc: 0.000000000 0.853479905 0.146520095
KJ:/ccrcc/ccrf: 0.000000000 0.714906786 0.285093214
KJ:/ccrcc/r: 0.000000000 0.371627383 0.628372617
KJ:/ccrfc/: 0.437917077 0.562082923 0.000000000
KJ:/ccrfc/cr: 0.000000000 0.682613904 0.317386096
KJ:/crcc/c: 0.564311138 0.435688862 0.000000000
KJ:/crcc/ccrc: 0.000000000 0.692214788 0.307785212
KJ:/crcc/ccrf: 0.000000000 0.188939950 0.811060050
KJ:/crcc/r: 0.000000000 0.539992054 0.460007946
KJ:/crcf/: 0.703064030 0.296935970 0.000000000
KJ:/crcf/cr: 0.000000000 0.999244901 0.000755099
KJ:/crfc/c: 0.148621453 0.851378547 0.000000000
KJ:/crfc/r: 0.000000000 0.673806902 0.326193098
KJ:/rcc/c: 0.000377463 0.999622537 0.000000000
KJ:/rcc/ccrc: 0.000000000 0.170824472 0.829175528
KJ:/rcc/ccrf: 0.000000000 0.447620470 0.552379530
KJ:/rcc/r: 0.000000000 0.228343172 0.771656828
KJ:/rcf/c: 0.499095123 0.500904877 0.000000000
KJ:/rcf/r: 0.000000000 0.667436043 0.332563957
KQ:/ccc/c: 0.308999498 0.691000502 0.000000000
KQ:/ccc/ccrc: 0.000000000 1.000000000 0.000000000
KQ:/ccc/ccrf: 0.000000000 0.497560280 0.502439720
KQ:/ccc/r: 0.000000000 0.806261780 0.193738220
KQ:/ccrcc/c: 0.921655900 0.078344100 0.000000000
KQ:/ccrcc/ccrc: 0.000000000 0.351906439 0.648093561
KQ:/ccrcc/ccrf: 0.000000000 0.500525116 0.499474884
KQ:/ccrcc/r: 0.000000000 0.625571766 0.374428234
KQ:/ccrfc/: 0.870300627 0.129699373 0.000000000
KQ:/ccrfc/cr: 0.000000000 0.282240954 0.717759046
KQ:/crcc/c: 0.906044347 0.093955653 0.000000000
KQ:/crcc/ccrc: 0.000000000 0.565211809 0.434788191
KQ:/crcc/ccrf: 0.000000000 0.357952891 0.642047109
KQ:/crcc/r: 0.000000000 0.285680351 0.714319649
KQ:/crcf/: 1.000000000 0.000000000 0.000000000
KQ:/crcf/cr: 0.000000000 0.389959636 0.610040364
KQ:/crfc/c: 0.169899965 0.830100035 0.000000000
KQ:/crfc/r: 0.000000000 0.747240862 0.252759138
KQ:/rcc/c: 0.454956282 0.545043718 0.000000000
KQ:/rcc/ccrc: 0.000000000 0.428743851 0.571256149
KQ:/rcc/ccrf: 0.000000000 0.528184842 0.471815158
KQ:/rcc/r: 0.000000000 0.306445227 0.693554773
KQ:/rcf/c: 0.359176416 0.640823584 0.000000000
KQ:/rcf/r: 0.000000000 0.667333447 0.332666553
KT:/ccc/c: 0.687673464 0.312326536 0.000000000
KT:/ccc/ccrc: 0.000000000 0.678537217 0.321462783
KT:/ccc/ccrf: 0.000000000 0.787797710 0.212202290
KT:/ccc/r: 0.000000000 0.267647894 0.732352106
KT:/ccrcc/c: 0.656436004 0.343563996 0.000000000
KT:/ccrcc/ccrc: 0.000000000 0.537056058 0.462943942
KT:/ccrcc/ccrf: 0.000000000 0.361808243 0.638191757
KT:/ccrcc/r: 0.000000000 0.993376094 0.006623906
KT:/ccrfc/: 0.654227351 0.345772649 0.000000000
KT:/ccrfc/cr: 0.000000000 0.299949606 0.700050394
KT:/crcc/c: 0.691326103 0.308673897 0.000000000
KT:/crcc/ccrc: 0.000000000 0.592901776 0.407098224
KT:/crcc/ccrf: 0.000000000 0.339499735 0.660500265
KT:/crcc/r: 0.000000000 0.781349129 0.218650871
KT:/crcf/: 0.576663933 0.423336067 0.000000000
KT:/crcf/cr: 0.000000000 0.842892521 0.157107479
KT:/crfc/c: 0.524775315 0.475224685 0.000000000
KT:/crfc/r: 0.000000000 0.803308891 0.196691109
KT:/rcc/c: 0.230810499 0.769189501 0.000000000
KT:/rcc/ccrc: 0.000000000 0.677407404 0.322592596
KT:/rcc/ccrf: 0.000000000 0.287604916 0.712395084
KT:/rcc/r: 0.000000000 0.416109930 0.583890070
KT:/rcf/c: 0.301327835 0.698672165 0.000000000
KT:/rcf/r: 0.000000000 0.667467068 0.332532932
Q:/c: 0.742264566 0.257735434 0.000000000
Q:/ccrc: 0.000000000 0.324983669 0.675016331
Q:/ccrf: 0.000000000 1.000000000 0.000000000
Q:/r: 0.000000000 1.000000000 0.000000000
QA:/ccc/c: 0.207621857 0.792378143 0.000000000
QA:/ccc/ccrc: 0.000000000 0.585989461 0.414010539
QA:/ccc/ccrf: 0.000000000 0.966545258 0.033454742
QA:/ccc/r: 0.000000000 0.699764215 0.300235785
QA:/ccrcc/c: 0.395591402 0.604408598 0.000000000
QA:/ccrcc/ccrc: 0.000000000 0.322750464 0.677249536
QA:/ccrcc/ccrf: 0.000000000 0.571399198 0.428600802
QA:/ccrcc/r: 0.000000000 0.777416481 0.222583519
QA:/ccrfc/: 0.422797721 0.577202279 0.000000000
QA:/ccrfc/cr: 0.000000000 0.631536499 0.368463501
QA:/crcc/c: 0.167429493 0.832570507 0.000000000
QA:/crcc/ccrc: 0.000000000 0.435181271 0.564818729
QA:/crcc/ccrf: 0.000000000 0.815753677 0.184246323
QA:/crcc/r: 0.000000000 0.528240439 0.471759561
QA:/crcf/: 0.607421002 0.392578998 0.000000000
QA:/crcf/cr: 0.000000000 1.000000000 0.000000000
QA:/crfc/c: 0.230409084 0.769590916 0.000000000
QA:/crfc/r: 0.000000000 0.989745895 0.010254105
QA:/rcc/c: 0.095676115 0.904323885 0.000000000
QA:/rcc/ccrc: 0.000000000 0.050234465 0.949765535
QA:/rcc/ccrf: 0.000000000 0.231303308 0.768696692
QA:/rcc/r: 0.000000000 0.364904068 0.635095932
QA:/rcf/c: 0.841945227 0.158054773 0.000000000
QA:/rcf/r: 0.000000000 0.999690426 0.000309574
QJ:/ccc/c: 0.250061720 0.749938280 0.000000000
QJ:/ccc/ccrc: 0.000000000 0.600066460 0.399933540
QJ:/ccc/ccrf: 0.000000000 0.939337764 0.060662236
QJ:/ccc/r: 0.000000000 0.367038774 0.632961226
QJ:/ccrcc/c: 0.222557072 0.777442928 0.000000000
QJ:/ccrcc/ccrc: 0.000000000 0.259289995 0.740710005
QJ:/ccrcc/ccrf: 0.000000000 0.502373634 0.497626366
QJ:/ccrcc/r: 0.000000000 0.510546788 0.489453212
QJ:/ccrfc/: 0.585285965 0.414714035 0.000000000
QJ:/ccrfc/cr: 0.000000000 0.601209440 0.398790560
QJ:/crcc/c: 0.367527874 0.632472126 0.000000000
QJ:/crcc/ccrc: 0.000000000 0.796474972 0.203525028
QJ:/crcc/ccrf: 0.000000000 0.384808919 0.615191081
QJ:/crcc/r: 0.000000000 0.897073947 0.102926053
QJ:/crcf/: 0.217902059 0.782097941 0.000000000
QJ:/crcf/cr: 0.000000000 0.184225255 0.815774745
QJ:/crfc/c: 0.541292080 0.458707920 0.000000000
QJ:/crfc/r: 0.000000000 0.756203473 0.243796527
QJ:/rcc/c: 0.067940064 0.932059936 0.000000000
QJ:/rcc/ccrc: 0.000000000 0.000000000 1.000000000
QJ:/rcc/ccrf: 0.000000000 0.000000000 1.000000000
QJ:/rcc/r: 0.000000000 0.000000000 1.000000000
QJ:/rcf/c: 0.216223137 0.783776863 0.000000000
QJ:/rcf/r: 0.000000000 0.000000000 1.000000000
QK:/ccc/c: 0.342843243 0.657156757 0.000000000
QK:/ccc/ccrc: 0.000000000 0.891391694 0.108608306
QK:/ccc/ccrf: 0.000000000 0.358472167 0.641527833
QK:/ccc/r: 0.000000000 0.648358545 0.351641455
QK:/ccrcc/c: 0.901252513 0.098747487 0.000000000
QK:/ccrcc/ccrc: 0.000000000 0.480488872 0.519511128
QK:/ccrcc/ccrf: 0.000000000 0.361401799 0.638598201
QK:/ccrcc/r: 0.000000000 0.256299058 0.743700942
QK:/ccrfc/: 0.602314078 0.397685922 0.000000000
QK:/ccrfc/cr: 0.000000000 0.207077798 0.792922202
QK:/crcc/c: 0.854363649 0.145636351 0.000000000
QK:/crcc/ccrc: 0.000000000 0.273736492 0.726263508
QK:/crcc/ccrf: 0.000000000 0.486320985 0.513679015
QK:/crcc/r: 0.000000000 0.697123712 0.302876288
QK:/crcf/: 1.000000000 0.000000000 0.000000000
QK:/crcf/cr: 0.000000000 0.556200067 0.443799933
QK:/crfc/c: 0.942712478 0.057287522 0.000000000
QK:/crfc/r: 0.000000000 1.000000000 0.000000000
QK:/rcc/c: 0.215758124 0.784241876 0.000000000
QK:/rcc/ccrc: 0.000000000 0.856560363 0.143439637
QK:/rcc/ccrf: 0.000000000 0.416801490 0.583198510
QK:/rcc/r: 0.000000000 0.139644324 0.860355676
QK:/rcf/c: 0.827216814 0.172783186 0.000000000
QK:/rcf/r: 0.000000000 1.000000000 0.000000000
QT:/ccc/c: 0.350049993 0.649950007 0.000000000
QT:/ccc/ccrc: 0.000000000 0.536643793 0.463356207
QT:/ccc/ccrf: 0.000000000 0.368341126 0.631658874
QT:/ccc/r: 0.000000000 0.646483146 0.353516854
QT:/ccrcc/c: 0.438322154 0.561677846 0.000000000
QT:/ccrcc/ccrc: 0.000000000 0.857093291 0.142906709
QT:/ccrcc/ccrf: 0.000000000 0.384311383 0.615688617
QT:/ccrcc/r: 0.000000000 0.500221351 0.499778649
QT:/ccrfc/: 0.406128505 0.593871495 0.000000000
QT:/ccrfc/cr: 0.000000000 0.582905407 0.417094593
QT:/crcc/c: 0.302951826 0.697048174 0.000000000
QT:/crcc/ccrc: 0.000000000 0.642133088 0.357866912
QT:/crcc/ccrf: 0.000000000 0.902362086 0.097637914
QT:/crcc/r: 0.000000000 0.452220231 0.547779769
QT:/crcf/: 0.404578501 0.595421499 0.000000000
QT:/crcf/cr: 0.000000000 0.243083586 0.756916414
QT:/crfc/c: 0.242458222 0.757541778 0.000000000
QT:/crfc/r: 0.000000000 0.509958366 0.490041634
QT:/rcc/c: 0.193146187 0.806853813 0.000000000
QT:/rcc/ccrc: 0.000000000 0.000000000 1.000000000
QT:/rcc/ccrf: 0.000000000 0.498978454 0.501021546
QT:/rcc/r: 0.000000000 0.249577857 0.750422143
QT:/rcf/c: 0.138428141 0.861571859 0.000000000
QT:/rcf/r: 0.000000000 0.000000000 1.000000000
T:/c: 0.111048880 0.888951120 0.000000000
T:/ccrc: 0.000000000 0.148228163 0.851771837
T:/ccrf: 0.000000000 0.553578433 0.446421567
T:/r: 0.000000000 1.000000000 0.000000000
TA:/ccc/c: 0.504527498 0.495472502 0.000000000
TA:/ccc/ccrc: 0.000000000 0.526746947 0.473253053
TA:/ccc/ccrf: 0.000000000 0.735597901 0.264402099
TA:/ccc/r: 0.000000000 0.339966473 0.660033527
TA:/ccrcc/c: 0.379945094 0.620054906 0.000000000
TA:/ccrcc/ccrc: 0.000000000 0.943734621 0.056265379
TA:/ccrcc/ccrf: 0.000000000 0.567288932 0.432711068
TA:/ccrcc/r: 0.000000000 0.426169238 0.573830762
TA:/ccrfc/: 0.461075493 0.538924507 0.000000000
TA:/ccrfc/cr: 0.000000000 0.554803927 0.445196073
TA:/crcc/c: 0.654189703 0.345810297 0.000000000
TA:/crcc/ccrc: 0.000000000 0.582977834 0.417022166
TA:/crcc/ccrf: 0.000000000 0.719304936 0.280695064
TA:/crcc/r: 0.000000000 0.391723446 0.608276554
TA:/crcf/: 0.427677932 0.572322068 0.000000000
TA:/crcf/cr: 0.000000000 0.650554216 0.349445784
TA:/crfc/c: 0.493768011 0.506231989 0.000000000
TA:/crfc/r: 0.000000000 0.638673778 0.361326222
TA:/rcc/c: 0.000269550 0.999730450 0.000000000
TA:/rcc/ccrc: 0.000000000 0.000000000 1.000000000
TA:/rcc/ccrf: 0.000000000 0.000000000 1.000000000
TA:/rcc/r: 0.000000000 0.000000000 1.000000000
TA:/rcf/c: 0.506042143 0.493957857 0.000000000
TA:/rcf/r: 0.000000000 0.000000000 1.000000000
TJ:/ccc/c: 0.296106429 0.703893571 0.000000000
TJ:/ccc/ccrc: 0.000000000 0.476435634 0.523564366
TJ:/ccc/ccrf: 0.000000000 0.375196287 0.624803713
TJ:/ccc/r: 0.000000000 0.195228144 0.804771856
TJ:/ccrcc/c: 0.019131043 0.980868957 0.000000000
TJ:/ccrcc/ccrc: 0.000000000 0.664177216 0.335822784
TJ:/ccrcc/ccrf: 0.000000000 0.257740019 0.742259981
TJ:/ccrcc/r: 0.000000000 0.684703529 0.315296471
TJ:/ccrfc/: 0.151830702 0.848169298 0.000000000
TJ:/ccrfc/cr: 0.000000000 0.516144775 0.483855225
TJ:/crcc/c: 0.484542957 0.515457043 0.000000000
TJ:/crcc/ccrc: 0.000000000 0.144750331 0.855249669
TJ:/crcc/ccrf: 0.000000000 0.541290705 0.458709295
TJ:/crcc/r: 0.000000000 0.651879023 0.348120977
TJ:/crcf/: 0.491055342 0.508944658 0.000000000
TJ:/crcf/cr: 0.000000000 0.106184364 0.893815636
TJ:/crfc/c: 0.046404962 0.953595038 0.000000000
TJ:/crfc/r: 0.000000000 0.567315624 0.432684376
TJ:/rcc/c: 0.151563575 0.848436425 0.000000000
TJ:/rcc/ccrc: 0.000000000 0.000000000 1.000000000
TJ:/rcc/ccrf: 0.000000000 0.000000000 1.000000000
TJ:/rcc/r: 0.000000000 0.000000000 1.000000000
TJ:/rcf/c: 0.112030559 0.887969441 0.000000000
TJ:/rcf/r: 0.000000000 0.000000000 1.000000000
TK:/ccc/c: 0.005121174 0.994878826 0.000000000
TK:/ccc/ccrc: 0.000000000 0.612852958 0.387147042
TK:/ccc/ccrf: 0.000000000 0.697766834 0.302233166
TK:/ccc/r: 0.000000000 0.588682834 0.411317166
TK:/ccrcc/c: 0.450244470 0.549755530 0.000000000
TK:/ccrcc/ccrc: 0.000000000 0.103994213 0.896005787
TK:/ccrcc/ccrf: 0.000000000 0.345266586 0.654733414
TK:/ccrcc/r: 0.000000000 0.736752054 0.263247946
TK:/ccrfc/: 0.311852587 0.688147413 0.000000000
TK:/ccrfc/cr: 0.000000000 0.940696161 0.059303839
TK:/crcc/c: 0.170191924 0.829808076 0.000000000
TK:/crcc/ccrc: 0.000000000 0.705292206 0.294707794
TK:/crcc/ccrf: 0.000000000 0.240630872 0.759369128
TK:/crcc/r: 0.000000000 0.525318534 0.474681466
TK:/crcf/: 0.646700126 0.353299874 0.000000000
TK:/crcf/cr: 0.000000000 0.793052989 0.206947011
TK:/crfc/c: 1.000000000 0.000000000 0.000000000
TK:/crfc/r: 0.000000000 0.349509705 0.650490295
TK:/rcc/c: 0.069608273 0.930391727 0.000000000
TK:/rcc/ccrc: 0.000000000 0.000000000 1.000000000
TK:/rcc/ccrf: 0.000000000 0.000000000 1.000000000
TK:/rcc/r: 0.000000000 0.000000000 1.000000000
TK:/rcf/c: 0.503415980 0.496584020 0.000000000
TK:/rcf/r: 0.000000000 0.000000000 1.000000000
TQ:/ccc/c: 0.626723098 0.373276902 0.000000000
TQ:/ccc/ccrc: 0.000000000 0.598775883 0.401224117
TQ:/ccc/ccrf: 0.000000000 0.582811275 0.417188725
TQ:/ccc/r: 0.000000000 0.337703895 0.662296105
TQ:/ccrcc/c: 0.316271059 0.683728941 0.000000000
TQ:/ccrcc/ccrc: 0.000000000 0.540941247 0.459058753
TQ:/ccrcc/ccrf: 0.000000000 0.612036676 0.387963324
TQ:/ccrcc/r: 0.000000000 0.372109619 0.627890381
TQ:/ccrfc/: 0.636953121 0.363046879 0.000000000
TQ:/ccrfc/cr: 0.000000000 0.471617459 0.528382541
TQ:/crcc/c: 0.720129908 0.279870092 0.000000000
TQ:/crcc/ccrc: 0.000000000 0.643733156 0.356266844
TQ:/crcc/ccrf: 0.000000000 0.717565809 0.282434191
TQ:/crcc/r: 0.000000000 0.446268359 0.553731641
TQ:/crcf/: 0.839866349 0.160133651 0.000000000
TQ:/crcf/cr: 0.000000000 0.382506205 0.617493795
TQ:/crfc/c: 0.242099688 0.757900312 0.000000000
TQ:/crfc/r: 0.000000000 0.876277484 0.123722516
TQ:/rcc/c: 0.155517185 0.844482815 0.000000000
TQ:/rcc/ccrc: 0.000000000 0.000000000 1.000000000
TQ:/rcc/ccrf: 0.000000000 0.000000000 1.000000000
TQ:/rcc/r: 0.000000000 0.000000000 1.000000000
TQ:/rcf/c: 0.002347450 0.997652550 0.000000000
TQ:/rcf/r: 0.000000000 0.000000000 1.000000000
