A:/cc: 0.352305966 0.647694034 0.000000000
A:/cr: 0.000000000 0.999018499 0.000981501
A:/rc: 0.000000000 1.000000000 0.000000000
A:/rf: 0.000000000 0.279738198 0.720261802
AJ:/ccc/cc: 0.460394394 0.539605606 0.000000000
AJ:/ccc/cr: 0.000000000 0.967735522 0.032264478
AJ:/ccc/rc: 0.000000000 0.273829684 0.726170316
AJ:/ccc/rf: 0.000000000 0.641156952 0.358843048
AJ:/ccrcc/cc: 0.544404234 0.455595766 0.000000000
AJ:/ccrcc/cr: 0.000000000 1.000000000 0.000000000
AJ:/ccrcc/rc: 0.000000000 0.484175749 0.515824251
AJ:/ccrcc/rf: 0.000000000 0.697895652 0.302104348
AJ:/ccrcf/c: 0.355260370 0.644739630 0.000000000
AJ:/ccrcf/r: 0.000000000 0.842289327 0.157710673
AJ:/ccrfc/c: 0.407753503 0.592246497 0.000000000
AJ:/ccrfc/r: 0.000000000 0.755815037 0.244184963
AJ:/crcc/cc: 0.200185366 0.799814634 0.000000000
AJ:/crcc/cr: 0.000000000 0.857056442 0.142943558
AJ:/crcc/rc: 0.000000000 0.617840609 0.382159391
AJ:/crcc/rf: 0.000000000 0.514781719 0.485218281
AJ:/crcf/c: 0.688344725 0.311655275 0.000000000
AJ:/crcf/r: 0.000000000 0.955004692 0.044995308
AJ:/rcc/cc: 0.999935640 0.000064360 0.000000000
AJ:/rcc/cr: 0.000000000 0.998828499 0.001171501
AJ:/rcc/rc: 0.000000000 0.327868428 0.672131572
AJ:/rcc/rf: 0.000000000 0.343905922 0.656094078
AJ:/rfc/c: 0.637869224 0.362130776 0.000000000
AJ:/rfc/r: 0.000000000 0.561228983 0.438771017
AK:/ccc/cc: 0.113893653 0.886106347 0.000000000
AK:/ccc/cr: 0.000000000 0.755441344 0.244558656
AK:/ccc/rc: 0.000000000 0.999933733 0.000066267
AK:/ccc/rf: 0.000000000 0.576476360 0.423523640
AK:/ccrcc/cc: 0.381146870 0.618853130 0.000000000
AK:/ccrcc/cr: 0.000000000 0.979841827 0.020158173
AK:/ccrcc/rc: 0.000000000 0.671646708 0.328353292
AK:/ccrcc/rf: 0.000000000 0.613333407 0.386666593
AK:/ccrcf/c: 0.676645887 0.323354113 0.000000000
AK:/ccrcf/r: 0.000000000 0.692743716 0.307256284
AK:/ccrfc/c: 0.899456760 0.100543240 0.000000000
AK:/ccrfc/r: 0.000000000 0.720757681 0.279242319
AK:/crcc/cc: 0.160072013 0.839927987 0.000000000
AK:/crcc/cr: 0.000000000 0.652925260 0.347074740
AK:/crcc/rc: 0.000000000 0.080210553 0.919789447
AK:/crcc/rf: 0.000000000 0.527860572 0.472139428
AK:/crcf/c: 0.765407417 0.234592583 0.000000000
AK:/crcf/r: 0.000000000 0.450025941 0.549974059
AK:/rcc/cc: 0.237319484 0.762680516 0.000000000
AK:/rcc/cr: 0.000000000 0.947958944 0.052041056
AK:/rcc/rc: 0.000000000 0.977393257 0.022606743
AK:/rcc/rf: 0.000000000 0.607873387 0.392126613
AK:/rfc/c: 0.264147886 0.735852114 0.000000000
AK:/rfc/r: 0.000000000 0.297783247 0.702216753
AQ:/ccc/cc: 0.904383983 0.095616017 0.000000000
AQ:/ccc/cr: 0.000000000 1.000000000 0.000000000
AQ:/ccc/rc: 0.000000000 0.421274368 0.578725632
AQ:/ccc/rf: 0.000000000 0.859582544 0.140417456
AQ:/ccrcc/cc: 0.808594477 0.191405523 0.000000000
AQ:/ccrcc/cr: 0.000000000 0.999416832 0.000583168
AQ:/ccrcc/rc: 0.000000000 1.000000000 0.000000000
AQ:/ccrcc/rf: 0.000000000 0.406190137 0.593809863
AQ:/ccrcf/c: 0.968120637 0.031879363 0.000000000
AQ:/ccrcf/r: 0.000000000 0.665171784 0.334828216
AQ:/ccrfc/c: 0.500946407 0.499053593 0.000000000
AQ:/ccrfc/r: 0.000000000 0.925298713 0.074701287
AQ:/crcc/cc: 0.800829511 0.199170489 0.000000000
AQ:/crcc/cr: 0.000000000 0.454132807 0.545867193
AQ:/crcc/rc: 0.000000000 0.281517508 0.718482492
AQ:/crcc/rf: 0.000000000 0.552890574 0.447109426
AQ:/crcf/c: 0.508556914 0.491443086 0.000000000
AQ:/crcf/r: 0.000000000 0.566949649 0.433050351
AQ:/rcc/cc: 0.680087108 0.319912892 0.000000000
AQ:/rcc/cr: 0.000000000 0.936523485 0.063476515
AQ:/rcc/rc: 0.000000000 1.000000000 0.000000000
AQ:/rcc/rf: 0.000000000 0.649278470 0.350721530
AQ:/rfc/c: 0.006452159 0.993547841 0.000000000
AQ:/rfc/r: 0.000000000 0.746632883 0.253367117
AT:/ccc/cc: 0.855719121 0.144280879 0.000000000
AT:/ccc/cr: 0.000000000 0.762691536 0.237308464
AT:/ccc/rc: 0.000000000 0.284661344 0.715338656
AT:/ccc/rf: 0.000000000 0.363193190 0.636806810
AT:/ccrcc/cc: 0.675485580 0.324514420 0.000000000
AT:/ccrcc/cr: 0.000000000 0.912971545 0.087028455
AT:/ccrcc/rc: 0.000000000 0.669382041 0.330617959
AT:/ccrcc/rf: 0.000000000 0.461014447 0.538985553
AT:/ccrcf/c: 0.752947186 0.247052814 0.000000000
AT:/ccrcf/r: 0.000000000 0.579639310 0.420360690
AT:/ccrfc/c: 0.229678697 0.770321303 0.000000000
AT:/ccrfc/r: 0.000000000 0.519794784 0.480205216
AT:/crcc/cc: 0.392478281 0.607521719 0.000000000
AT:/crcc/cr: 0.000000000 0.400331453 0.599668547
AT:/crcc/rc: 0.000000000 0.597998424 0.402001576
AT:/crcc/rf: 0.000000000 0.813197820 0.186802180
AT:/crcf/c: 0.667799262 0.332200738 0.000000000
AT:/crcf/r: 0.000000000 0.923251097 0.076748903
AT:/rcc/cc: 0.000015140 0.999984860 0.000000000
AT:/rcc/cr: 0.000000000 0.776033895 0.223966105
AT:/rcc/rc: 0.000000000 0.999099715 0.000900285
AT:/rcc/rf: 0.000000000 0.121167331 0.878832669
AT:/rfc/c: 0.527286676 0.472713324 0.000000000
AT:/rfc/r: 0.000000000 0.735661871 0.264338129
J:/cc: 0.265793739 0.734206261 0.000000000
J:/cr: 0.000000000 1.000000000 0.000000000
J:/rc: 0.000000000 0.155602740 0.844397260
J:/rf: 0.000000000 0.723240514 0.276759486
JA:/ccc/cc: 0.633297483 0.366702517 0.000000000
JA:/ccc/cr: 0.000000000 0.594548623 0.405451377
JA:/ccc/rc: 0.000000000 0.044130091 0.955869909
JA:/ccc/rf: 0.000000000 0.323542473 0.676457527
JA:/ccrcc/cc: 0.265960628 0.734039372 0.000000000
JA:/ccrcc/cr: 0.000000000 0.767548498 0.232451502
JA:/ccrcc/rc: 0.000000000 0.755357497 0.244642503
JA:/ccrcc/rf: 0.000000000 0.621338113 0.378661887
JA:/ccrcf/c: 0.201667031 0.798332969 0.000000000
JA:/ccrcf/r: 0.000000000 0.681996865 0.318003135
JA:/ccrfc/c: 0.275129557 0.724870443 0.000000000
JA:/ccrfc/r: 0.000000000 0.523423006 0.476576994
JA:/crcc/cc: 0.163758272 0.836241728 0.000000000
JA:/crcc/cr: 0.000000000 0.416155422 0.583844578
JA:/crcc/rc: 0.000000000 0.560392344 0.439607656
JA:/crcc/rf: 0.000000000 0.332485713 0.667514287
JA:/crcf/c: 0.574768523 0.425231477 0.000000000
JA:/crcf/r: 0.000000000 0.312082060 0.687917940
JA:/rcc/cc: 0.999111452 0.000888548 0.000000000
JA:/rcc/cr: 0.000000000 0.656810423 0.343189577
JA:/rcc/rc: 0.000000000 0.000000000 1.000000000
JA:/rcc/rf: 0.000000000 0.692058840 0.307941160
JA:/rfc/c: 0.615753245 0.384246755 0.000000000
JA:/rfc/r: 0.000000000 0.505170230 0.494829770
JK:/ccc/cc: 0.543200472 0.456799528 0.000000000
JK:/ccc/cr: 0.000000000 0.662660226 0.337339774
JK:/ccc/rc: 0.000000000 0.503023626 0.496976374
JK:/ccc/rf: 0.000000000 0.498038281 0.501961719
JK:/ccrcc/cc: 0.444026988 0.555973012 0.000000000
JK:/ccrcc/cr: 0.000000000 0.366870574 0.633129426
JK:/ccrcc/rc: 0.000000000 0.444688215 0.555311785
JK:/ccrcc/rf: 0.000000000 0.428839818 0.571160182
JK:/ccrcf/c: 0.091560534 0.908439466 0.000000000
JK:/ccrcf/r: 0.000000000 0.909172686 0.090827314
JK:/ccrfc/c: 0.473079794 0.526920206 0.000000000
JK:/ccrfc/r: 0.000000000 0.625872044 0.374127956
JK:/crcc/cc: 0.369286407 0.630713593 0.000000000
JK:/crcc/cr: 0.000000000 0.274261914 0.725738086
JK:/crcc/rc: 0.000000000 0.246394368 0.753605632
JK:/crcc/rf: 0.000000000 0.670872615 0.329127385
JK:/crcf/c: 0.536786155 0.463213845 0.000000000
JK:/crcf/r: 0.000000000 0.459865137 0.540134863
JK:/rcc/cc: 0.000000000 1.000000000 0.000000000
JK:/rcc/cr: 0.000000000 0.000000000 1.000000000
JK:/rcc/rc: 0.000000000 0.000000000 1.000000000
JK:/rcc/rf: 0.000000000 0.316740463 0.683259537
JK:/rfc/c: 0.662313028 0.337686972 0.000000000
JK:/rfc/r: 0.000000000 0.592887373 0.407112627
JQ:/ccc/cc: 0.849066019 0.150933981 0.000000000
JQ:/ccc/cr: 0.000000000 0.652875970 0.347124030
JQ:/ccc/rc: 0.000000000 0.192209353 0.807790647
JQ:/ccc/rf: 0.000000000 0.817620688 0.182379312
JQ:/ccrcc/cc: 0.364252277 0.635747723 0.000000000
JQ:/ccrcc/cr: 0.000000000 0.164138963 0.835861037
JQ:/ccrcc/rc: 0.000000000 0.764024733 0.235975267
JQ:/ccrcc/rf: 0.000000000 0.796631212 0.203368788
JQ:/ccrcf/c: 0.907072965 0.092927035 0.000000000
JQ:/ccrcf/r: 0.000000000 0.336271567 0.663728433
JQ:/ccrfc/c: 0.141144487 0.858855513 0.000000000
JQ:/ccrfc/r: 0.000000000 0.531277359 0.468722641
JQ:/crcc/cc: 0.532720530 0.467279470 0.000000000
JQ:/crcc/cr: 0.000000000 0.613040304 0.386959696
JQ:/crcc/rc: 0.000000000 0.585046534 0.414953466
JQ:/crcc/rf: 0.000000000 0.651922468 0.348077532
JQ:/crcf/c: 0.608318266 0.391681734 0.000000000
JQ:/crcf/r: 0.000000000 0.253430765 0.746569235
JQ:/rcc/cc: 1.000000000 0.000000000 0.000000000
JQ:/rcc/cr: 0.000000000 0.000094091 0.999905909
JQ:/rcc/rc: 0.000000000 0.000000000 1.000000000
JQ:/rcc/rf: 0.000000000 0.527750384 0.472249616
JQ:/rfc/c: 0.235419778 0.764580222 0.000000000
JQ:/rfc/r: 0.000000000 0.522150941 0.477849059
JT:/ccc/cc: 0.884181730 0.115818270 0.000000000
JT:/ccc/cr: 0.000000000 0.401919220 0.598080780
JT:/ccc/rc: 0.000000000 0.549628172 0.450371828
JT:/ccc/rf: 0.000000000 0.337698747 0.662301253
JT:/ccrcc/cc: 0.848035037 0.151964963 0.000000000
JT:/ccrcc/cr: 0.000000000 0.343444752 0.656555248
JT:/ccrcc/rc: 0.000000000 0.681546825 0.318453175
JT:/ccrcc/rf: 0.000000000 0.713827375 0.286172625
JT:/ccrcf/c: 0.555734260 0.444265740 0.000000000
JT:/ccrcf/r: 0.000000000 0.139340978 0.860659022
JT:/ccrfc/c: 0.796571868 0.203428132 0.000000000
JT:/ccrfc/r: 0.000000000 0.064039474 0.935960526
JT:/crcc/cc: 0.567775859 0.432224141 0.000000000
JT:/crcc/cr: 0.000000000 0.622776043 0.377223957
JT:/crcc/rc: 0.000000000 0.552897812 0.447102188
JT:/crcc/rf: 0.000000000 0.345549676 0.654450324
JT:/crcf/c: 0.353652995 0.646347005 0.000000000
JT:/crcf/r: 0.000000000 0.341065920 0.658934080
JT:/rcc/cc: 0.000000000 1.000000000 0.000000000
JT:/rcc/cr: 0.000000000 0.001427155 0.998572845
JT:/rcc/rc: 0.000000000 0.000000000 1.000000000
JT:/rcc/rf: 0.000000000 0.168294803 0.831705197
JT:/rfc/c: 0.270034106 0.729965894 0.000000000
JT:/rfc/r: 0.000000000 0.524503909 0.475496091
K:/cc: 0.160994458 0.839005542 0.000000000
K:/cr: 0.000000000 0.999947005 0.000052995
K:/rc: 0.000000000 1.000000000 0.000000000
K:/rf: 0.000000000 0.776801682 0.223198318
KA:/ccc/cc: 0.359864589 0.640135411 0.000000000
KA:/ccc/cr: 0.000000000 0.731883515 0.268116485
KA:/ccc/rc: 0.000000000 0.835621591 0.164378409
KA:/ccc/rf: 0.000000000 0.741873127 0.258126873
KA:/ccrcc/cc: 0.528739351 0.471260649 0.000000000
KA:/ccrcc/cr: 0.000000000 0.706705816 0.293294184
KA:/ccrcc/rc: 0.000000000 0.854483921 0.145516079
KA:/ccrcc/rf: 0.000000000 0.047274798 0.952725202
KA:/ccrcf/c: 0.574962566 0.425037434 0.000000000
KA:/ccrcf/r: 0.000000000 0.651711500 0.348288500
KA:/ccrfc/c: 0.273007802 0.726992198 0.000000000
KA:/ccrfc/r: 0.000000000 0.803487962 0.196512038
KA:/crcc/cc: 0.541168284 0.458831716 0.000000000
KA:/crcc/cr: 0.000000000 0.836174839 0.163825161
KA:/crcc/rc: 0.000000000 0.817868067 0.182131933
KA:/crcc/rf: 0.000000000 0.807741549 0.192258451
KA:/crcf/c: 0.612419219 0.387580781 0.000000000
KA:/crcf/r: 0.000000000 0.842721634 0.157278366
KA:/rcc/cc: 0.893673443 0.106326557 0.000000000
KA:/rcc/cr: 0.000000000 0.978618586 0.021381414
KA:/rcc/rc: 0.000000000 0.283574525 0.716425475
KA:/rcc/rf: 0.000000000 0.386617452 0.613382548
KA:/rfc/c: 0.694761645 0.305238355 0.000000000
KA:/rfc/r: 0.000000000 0.912477626 0.087522374
KJ:/ccc/cc: 0.548683935 0.451316065 0.000000000
KJ:/ccc/cr: 0.000000000 0.501108006 0.498891994
KJ:/ccc/rc: 0.000000000 0.403146421 0.596853579
KJ:/ccc/rf: 0.000000000 0.295614925 0.704385075
KJ:/ccrcc/cc: 0.662003240 0.337996760 0.000000000
KJ:/ccrcc/cr: 0.000000000 0.452006082 0.547993918
KJ:/ccrcc/rc: 0.000000000 0.618042710 0.381957290
KJ:/ccrcc/rf: 0.000000000 0.279924526 0.720075474
KJ:/ccrcf/c: 0.719983498 0.280016502 0.000000000
KJ:/ccrcf/r: 0.000000000 0.393212736 0.606787264
KJ:/ccrfc/c: 0.819571526 0.180428474 0.000000000
KJ:/ccrfc/r: 0.000000000 1.000000000 0.000000000
KJ:/crcc/cc: 0.669231755 0.330768245 0.000000000
KJ:/crcc/cr: 0.000000000 0.456530121 0.543469879
KJ:/crcc/rc: 0.000000000 0.701903453 0.298096547
KJ:/crcc/rf: 0.000000000 0.208843962 0.791156038
KJ:/crcf/c: 0.513272775 0.486727225 0.000000000
KJ:/crcf/r: 0.000000000 0.640260314 0.359739686
KJ:/rcc/cc: 0.299692698 0.700307302 0.000000000
KJ:/rcc/cr: 0.000000000 0.645543232 0.354456768
KJ:/rcc/rc: 0.000000000 0.263207145 0.736792855
KJ:/rcc/rf: 0.000000000 0.347832831 0.652167169
KJ:/rfc/c: 0.778394444 0.221605556 0.000000000
KJ:/rfc/r: 0.000000000 0.441005860 0.558994140
KQ:/ccc/cc: 0.477661037 0.522338963 0.000000000
KQ:/ccc/cr: 0.000000000 0.287570407 0.712429593
KQ:/ccc/rc: 0.000000000 0.822513695 0.177486305
KQ:/ccc/rf: 0.000000000 0.742254911 0.257745089
KQ:/ccrcc/cc: 0.155078710 0.844921290 0.000000000
KQ:/ccrcc/cr: 0.000000000 0.726057515 0.273942485
KQ:/ccrcc/rc: 0.000000000 0.079373749 0.920626251
KQ:/ccrcc/rf: 0.000000000 0.492235729 0.507764271
KQ:/ccrcf/c: 0.482230479 0.517769521 0.000000000
KQ:/ccrcf/r: 0.000000000 0.552069761 0.447930239
KQ:/ccrfc/c: 0.651503162 0.348496838 0.000000000
KQ:/ccrfc/r: 0.000000000 0.563519256 0.436480744
KQ:/crcc/cc: 0.319070231 0.680929769 0.000000000
KQ:/crcc/cr: 0.000000000 0.961261685 0.038738315
KQ:/crcc/rc: 0.000000000 0.687005188 0.312994812
KQ:/crcc/rf: 0.000000000 0.882463346 0.117536654
KQ:/crcf/c: 0.135913557 0.864086443 0.000000000
KQ:/crcf/r: 0.000000000 0.743310929 0.256689071
KQ:/rcc/cc: 0.145753442 0.854246558 0.000000000
KQ:/rcc/cr: 0.000000000 0.000566622 0.999433378
KQ:/rcc/rc: 0.000000000 0.669992316 0.330007684
KQ:/rcc/rf: 0.000000000 0.773396884 0.226603116
KQ:/rfc/c: 0.478057257 0.521942743 0.000000000
KQ:/rfc/r: 0.000000000 0.935930284 0.064069716
KT:/ccc/cc: 0.642278275 0.357721725 0.000000000
KT:/ccc/cr: 0.000000000 0.725304283 0.274695717
KT:/ccc/rc: 0.000000000 0.939381663 0.060618337
KT:/ccc/rf: 0.000000000 0.011992708 0.988007292
KT:/ccrcc/cc: 0.032685364 0.967314636 0.000000000
KT:/ccrcc/cr: 0.000000000 0.965554518 0.034445482
KT:/ccrcc/rc: 0.000000000 0.369132900 0.630867100
KT:/ccrcc/rf: 0.000000000 0.508549151 0.491450849
KT:/ccrcf/c: 0.769083850 0.230916150 0.000000000
KT:/ccrcf/r: 0.000000000 0.509000267 0.490999733
KT:/ccrfc/c: 0.784309930 0.215690070 0.000000000
KT:/ccrfc/r: 0.000000000 0.519346908 0.480653092
KT:/crcc/cc: 0.951951692 0.048048308 0.000000000
KT:/crcc/cr: 0.000000000 0.946242407 0.053757593
KT:/crcc/rc: 0.000000000 0.690339110 0.309660890
KT:/crcc/rf: 0.000000000 0.473577474 0.526422526
KT:/crcf/c: 0.135297558 0.864702442 0.000000000
KT:/crcf/r: 0.000000000 0.264266185 0.735733815
KT:/rcc/cc: 0.000035931 0.999964069 0.000000000
KT:/rcc/cr: 0.000000000 0.380328600 0.619671400
KT:/rcc/rc: 0.000000000 0.461141893 0.538858107
KT:/rcc/rf: 0.000000000 0.518905179 0.481094821
KT:/rfc/c: 0.435263179 0.564736821 0.000000000
KT:/rfc/r: 0.000000000 0.741445274 0.258554726
Q:/cc: 0.220797304 0.779202696 0.000000000
Q:/cr: 0.000000000 0.969202307 0.030797693
Q:/rc: 0.000000000 0.176692323 0.823307677
Q:/rf: 0.000000000 0.873349915 0.126650085
QA:/ccc/cc: 0.560322118 0.439677882 0.000000000
QA:/ccc/cr: 0.000000000 0.804572240 0.195427760
QA:/ccc/rc: 0.000000000 0.442606368 0.557393632
QA:/ccc/rf: 0.000000000 0.556166295 0.443833705
QA:/ccrcc/cc: 0.949544701 0.050455299 0.000000000
QA:/ccrcc/cr: 0.000000000 0.508320914 0.491679086
QA:/ccrcc/rc: 0.000000000 0.683893768 0.316106232
QA:/ccrcc/rf: 0.000000000 0.458927173 0.541072827
QA:/ccrcf/c: 0.382586089 0.617413911 0.000000000
QA:/ccrcf/r: 0.000000000 0.579381030 0.420618970
QA:/ccrfc/c: 0.371617880 0.628382120 0.000000000
QA:/ccrfc/r: 0.000000000 0.715307678 0.284692322
QA:/crcc/cc: 0.688897768 0.311102232 0.000000000
QA:/crcc/cr: 0.000000000 0.757845811 0.242154189
QA:/crcc/rc: 0.000000000 0.437516497 0.562483503
QA:/crcc/rf: 0.000000000 0.594135148 0.405864852
QA:/crcf/c: 0.299340948 0.700659052 0.000000000
QA:/crcf/r: 0.000000000 0.772475946 0.227524054
QA:/rcc/cc: 0.000000000 1.000000000 0.000000000
QA:/rcc/cr: 0.000000000 0.135247343 0.864752657
QA:/rcc/rc: 0.000000000 0.651943524 0.348056476
QA:/rcc/rf: 0.000000000 0.699724316 0.300275684
QA:/rfc/c: 0.510807666 0.489192334 0.000000000
QA:/rfc/r: 0.000000000 0.629390073 0.370609927
QJ:/ccc/cc: 0.676293002 0.323706998 0.000000000
QJ:/ccc/cr: 0.000000000 0.626145979 0.373854021
QJ:/ccc/rc: 0.000000000 0.269512566 0.730487434
QJ:/ccc/rf: 0.000000000 0.386148837 0.613851163
QJ:/ccrcc/cc: 0.586555229 0.413444771 0.000000000
QJ:/ccrcc/cr: 0.000000000 0.663064189 0.336935811
QJ:/ccrcc/rc: 0.000000000 0.342979401 0.657020599
QJ:/ccrcc/rf: 0.000000000 0.853585553 0.146414447
QJ:/ccrcf/c: 0.546217159 0.453782841 0.000000000
QJ:/ccrcf/r: 0.000000000 0.193211769 0.806788231
QJ:/ccrfc/c: 0.629920194 0.370079806 0.000000000
QJ:/ccrfc/r: 0.000000000 0.604604670 0.395395330
QJ:/crcc/cc: 0.567644651 0.432355349 0.000000000
QJ:/crcc/cr: 0.000000000 0.753455462 0.246544538
QJ:/crcc/rc: 0.000000000 0.193395195 0.806604805
QJ:/crcc/rf: 0.000000000 0.550042603 0.449957397
QJ:/crcf/c: 0.512976857 0.487023143 0.000000000
QJ:/crcf/r: 0.000000000 0.575568421 0.424431579
QJ:/rcc/cc: 1.000000000 0.000000000 0.000000000
QJ:/rcc/cr: 0.000000000 0.000000000 1.000000000
QJ:/rcc/rc: 0.000000000 0.003429784 0.996570216
QJ:/rcc/rf: 0.000000000 0.067742975 0.932257025
QJ:/rfc/c: 0.037064909 0.962935091 0.000000000
QJ:/rfc/r: 0.000000000 0.360150515 0.639849485
QK:/ccc/cc: 0.000309990 0.999690010 0.000000000
QK:/ccc/cr: 0.000000000 0.798088221 0.201911779
QK:/ccc/rc: 0.000000000 0.678696302 0.321303698
QK:/ccc/rf: 0.000000000 0.623172278 0.376827722
QK:/ccrcc/cc: 0.148882392 0.851117608 0.000000000
QK:/ccrcc/cr: 0.000000000 0.758932757 0.241067243
QK:/ccrcc/rc: 0.000000000 0.419685963 0.580314037
QK:/ccrcc/rf: 0.000000000 0.963036193 0.036963807
QK:/ccrcf/c: 0.511016241 0.488983759 0.000000000
QK:/ccrcf/r: 0.000000000 0.383990369 0.616009631
QK:/ccrfc/c: 0.221244146 0.778755854 0.000000000
QK:/ccrfc/r: 0.000000000 0.999926888 0.000073112
QK:/crcc/cc: 0.170460682 0.829539318 0.000000000
QK:/crcc/cr: 0.000000000 0.264570566 0.735429434
QK:/crcc/rc: 0.000000000 0.570922602 0.429077398
QK:/crcc/rf: 0.000000000 0.716703575 0.283296425
QK:/crcf/c: 0.478030664 0.521969336 0.000000000
QK:/crcf/r: 0.000000000 0.891884783 0.108115217
QK:/rcc/cc: 0.600491989 0.399508011 0.000000000
QK:/rcc/cr: 0.000000000 0.000015569 0.999984431
QK:/rcc/rc: 0.000000000 0.000000000 1.000000000
QK:/rcc/rf: 0.000000000 0.465799342 0.534200658
QK:/rfc/c: 0.652293059 0.347706941 0.000000000
QK:/rfc/r: 0.000000000 0.357173568 0.642826432
QT:/ccc/cc: 0.661984276 0.338015724 0.000000000
QT:/ccc/cr: 0.000000000 0.723850793 0.276149207
QT:/ccc/rc: 0.000000000 0.077413495 0.922586505
QT:/ccc/rf: 0.000000000 0.625540163 0.374459837
QT:/ccrcc/cc: 0.586605277 0.413394723 0.000000000
QT:/ccrcc/cr: 0.000000000 0.244887555 0.755112445
QT:/ccrcc/rc: 0.000000000 0.967225041 0.032774959
QT:/ccrcc/rf: 0.000000000 0.434535314 0.565464686
QT:/ccrcf/c: 0.052704852 0.947295148 0.000000000
QT:/ccrcf/r: 0.000000000 0.441940994 0.558059006
QT:/ccrfc/c: 0.338872061 0.661127939 0.000000000
QT:/ccrfc/r: 0.000000000 0.483461130 0.516538870
QT:/crcc/cc: 0.694370212 0.305629788 0.000000000
QT:/crcc/cr: 0.000000000 0.466168947 0.533831053
QT:/crcc/rc: 0.000000000 0.324029853 0.675970147
QT:/crcc/rf: 0.000000000 0.684859679 0.315140321
QT:/crcf/c: 0.660927282 0.339072718 0.000000000
QT:/crcf/r: 0.000000000 0.791762048 0.208237952
QT:/rcc/cc: 0.000075086 0.999924914 0.000000000
QT:/rcc/cr: 0.000000000 0.000512104 0.999487896
QT:/rcc/rc: 0.000000000 0.000000000 1.000000000
QT:/rcc/rf: 0.000000000 0.743353901 0.256646099
QT:/rfc/c: 0.931048145 0.068951855 0.000000000
QT:/rfc/r: 0.000000000 0.250076433 0.749923567
T:/cc: 0.148245122 0.851754878 0.000000000
T:/cr: 0.000000000 0.567571196 0.432428804
T:/rc: 0.000000000 0.086503540 0.913496460
T:/rf: 0.000000000 0.614753472 0.385246528
TA:/ccc/cc: 0.070326351 0.929673649 0.000000000
TA:/ccc/cr: 0.000000000 0.893306760 0.106693240
TA:/ccc/rc: 0.000000000 0.543037066 0.456962934
TA:/ccc/rf: 0.000000000 0.498791444 0.501208556
TA:/ccrcc/cc: 0.276575676 0.723424324 0.000000000
TA:/ccrcc/cr: 0.000000000 0.624757795 0.375242205
TA:/ccrcc/rc: 0.000000000 0.856020706 0.143979294
TA:/ccrcc/rf: 0.000000000 0.227957827 0.772042173
TA:/ccrcf/c: 0.355481091 0.644518909 0.000000000
TA:/ccrcf/r: 0.000000000 0.541821343 0.458178657
TA:/ccrfc/c: 0.320479035 0.679520965 0.000000000
TA:/ccrfc/r: 0.000000000 0.493303076 0.506696924
TA:/crcc/cc: 0.146314871 0.853685129 0.000000000
TA:/crcc/cr: 0.000000000 0.789108449 0.210891551
TA:/crcc/rc: 0.000000000 0.469353913 0.530646087
TA:/crcc/rf: 0.000000000 0.432059956 0.567940044
TA:/crcf/c: 0.523708144 0.476291856 0.000000000
TA:/crcf/r: 0.000000000 0.694803318 0.305196682
TA:/rcc/cc: 0.999050629 0.000949371 0.000000000
TA:/rcc/cr: 0.000000000 0.613248176 0.386751824
TA:/rcc/rc: 0.000000000 0.000000000 1.000000000
TA:/rcc/rf: 0.000000000 0.259949108 0.740050892
TA:/rfc/c: 0.343256322 0.656743678 0.000000000
TA:/rfc/r: 0.000000000 0.655751083 0.344248917
TJ:/ccc/cc: 0.302576236 0.697423764 0.000000000
TJ:/ccc/cr: 0.000000000 0.900250518 0.099749482
TJ:/ccc/rc: 0.000000000 0.508554836 0.491445164
TJ:/ccc/rf: 0.000000000 0.647022003 0.352977997
TJ:/ccrcc/cc: 0.034557503 0.965442497 0.000000000
TJ:/ccrcc/cr: 0.000000000 0.922865734 0.077134266
TJ:/ccrcc/rc: 0.000000000 0.176684463 0.823315537
TJ:/ccrcc/rf: 0.000000000 0.186069813 0.813930187
TJ:/ccrcf/c: 0.448635804 0.551364196 0.000000000
TJ:/ccrcf/r: 0.000000000 0.766480808 0.233519192
TJ:/ccrfc/c: 0.467908480 0.532091520 0.000000000
TJ:/ccrfc/r: 0.000000000 0.322140067 0.677859933
TJ:/crcc/cc: 0.441196610 0.558803390 0.000000000
TJ:/crcc/cr: 0.000000000 0.000000000 1.000000000
TJ:/crcc/rc: 0.000000000 0.473241754 0.526758246
TJ:/crcc/rf: 0.000000000 0.833587564 0.166412436
TJ:/crcf/c: 0.819555417 0.180444583 0.000000000
TJ:/crcf/r: 0.000000000 0.275415409 0.724584591
TJ:/rcc/cc: 1.000000000 0.000000000 0.000000000
TJ:/rcc/cr: 0.000000000 0.000000000 1.000000000
TJ:/rcc/rc: 0.000000000 0.397408891 0.602591109
TJ:/rcc/rf: 0.000000000 0.582011783 0.417988217
TJ:/rfc/c: 0.335001447 0.664998553 0.000000000
TJ:/rfc/r: 0.000000000 0.612215381 0.387784619
TK:/ccc/cc: 0.492151698 0.507848302 0.000000000
TK:/ccc/cr: 0.000000000 0.245853391 0.754146609
TK:/ccc/rc: 0.000000000 0.138384030 0.861615970
TK:/ccc/rf: 0.000000000 0.425310041 0.574689959
TK:/ccrcc/cc: 0.312632159 0.687367841 0.000000000
TK:/ccrcc/cr: 0.000000000 0.669437741 0.330562259
TK:/ccrcc/rc: 0.000000000 0.654002681 0.345997319
TK:/ccrcc/rf: 0.000000000 0.335034964 0.664965036
TK:/ccrcf/c: 0.098286873 0.901713127 0.000000000
TK:/ccrcf/r: 0.000000000 0.550700658 0.449299342
TK:/ccrfc/c: 0.583665757 0.416334243 0.000000000
TK:/ccrfc/r: 0.000000000 0.513274964 0.486725036
TK:/crcc/cc: 0.011770380 0.988229620 0.000000000
TK:/crcc/cr: 0.000000000 0.245384851 0.754615149
TK:/crcc/rc: 0.000000000 0.701565692 0.298434308
TK:/crcc/rf: 0.000000000 0.679002830 0.320997170
TK:/crcf/c: 0.541829101 0.458170899 0.000000000
TK:/crcf/r: 0.000000000 0.328833876 0.671166124
TK:/rcc/cc: 0.173304714 0.826695286 0.000000000
TK:/rcc/cr: 0.000000000 0.000000000 1.000000000
TK:/rcc/rc: 0.000000000 0.000000000 1.000000000
TK:/rcc/rf: 0.000000000 0.650279189 0.349720811
TK:/rfc/c: 0.241117034 0.758882966 0.000000000
TK:/rfc/r: 0.000000000 0.888413386 0.111586614
TQ:/ccc/cc: 0.344918207 0.655081793 0.000000000
TQ:/ccc/cr: 0.000000000 0.369225604 0.630774396
TQ:/ccc/rc: 0.000000000 0.921086626 0.078913374
TQ:/ccc/rf: 0.000000000 0.803565272 0.196434728
TQ:/ccrcc/cc: 0.362419601 0.637580399 0.000000000
TQ:/ccrcc/cr: 0.000000000 0.452453956 0.547546044
TQ:/ccrcc/rc: 0.000000000 0.828623073 0.171376927
TQ:/ccrcc/rf: 0.000000000 0.621367752 0.378632248
TQ:/ccrcf/c: 0.548810034 0.451189966 0.000000000
TQ:/ccrcf/r: 0.000000000 0.415795381 0.584204619
TQ:/ccrfc/c: 0.910448815 0.089551185 0.000000000
TQ:/ccrfc/r: 0.000000000 0.889440042 0.110559958
TQ:/crcc/cc: 0.331344725 0.668655275 0.000000000
TQ:/crcc/cr: 0.000000000 0.227762659 0.772237341
TQ:/crcc/rc: 0.000000000 0.879880148 0.120119852
TQ:/crcc/rf: 0.000000000 0.940840080 0.059159920
TQ:/crcf/c: 0.417945874 0.582054126 0.000000000
TQ:/crcf/r: 0.000000000 0.012383192 0.987616808
TQ:/rcc/cc: 0.999833888 0.000166112 0.000000000
TQ:/rcc/cr: 0.000000000 0.000157189 0.999842811
TQ:/rcc/rc: 0.000000000 0.162119759 0.837880241
TQ:/rcc/rf: 0.000000000 0.444147494 0.555852506
TQ:/rfc/c: 0.347164075 0.652835925 0.000000000
TQ:/rfc/r: 0.000000000 0.841571602 0.158428398
