8:/: 0.028895373 0.971104627 0.000000000
8:/cccr: 0.000000000 0.000000000 1.000000000
8:/ccrc: 0.000000000 0.000000000 1.000000000
8:/ccrf: 0.000000000 0.000000000 1.000000000
8:/crcc: 0.000000000 0.528410292 0.471589708
8:/crcf: 0.000000000 0.344122141 0.655877859
8:/crfc: 0.000000000 0.400028465 0.599971535
8:/crff: 0.000000000 0.357377362 0.642622638
9:/: 0.000023798 0.999976202 0.000000000
9:/cccr: 0.000000000 0.000000000 1.000000000
9:/ccrc: 0.000000000 0.000000000 1.000000000
9:/ccrf: 0.000000000 0.226789655 0.773210345
9:/crcc: 0.000000000 0.245243910 0.754756090
9:/crcf: 0.000000000 0.063785332 0.936214668
9:/crfc: 0.000000000 0.107395325 0.892604675
9:/crff: 0.000000000 0.000000000 1.000000000
A:/: 0.393493543 0.606506457 0.000000000
A:/cccr: 0.000000000 1.000000000 0.000000000
A:/ccrc: 0.000000000 1.000000000 0.000000000
A:/ccrf: 0.000000000 1.000000000 0.000000000
A:/crcc: 0.000000000 0.992306221 0.007693779
A:/crcf: 0.000000000 1.000000000 0.000000000
A:/crfc: 0.000000000 1.000000000 0.000000000
A:/crff: 0.000000000 1.000000000 0.000000000
J:/: 0.164790588 0.835209412 0.000000000
J:/cccr: 0.000000000 0.314839719 0.685160281
J:/ccrc: 0.000000000 0.000000000 1.000000000
J:/ccrf: 0.000000000 0.089804269 0.910195731
J:/crcc: 0.000000000 0.252981932 0.747018068
J:/crcf: 0.000000000 0.315655565 0.684344435
J:/crfc: 0.000000000 0.339780850 0.660219150
J:/crff: 0.000000000 0.288122520 0.711877480
K:/: 0.318582276 0.681417724 0.000000000
K:/cccr: 0.000000000 1.000000000 0.000000000
K:/ccrc: 0.000000000 0.905418279 0.094581721
K:/ccrf: 0.000000000 1.000000000 0.000000000
K:/crcc: 0.000000000 0.530421632 0.469578368
K:/crcf: 0.000000000 0.577435333 0.422564667
K:/crfc: 0.000000000 0.734862375 0.265137625
K:/crff: 0.000000000 0.883540231 0.116459769
Q:/: 0.315803583 0.684196417 0.000000000
Q:/cccr: 0.000000000 0.363038285 0.636961715
Q:/ccrc: 0.000000000 0.000000000 1.000000000
Q:/ccrf: 0.000000000 0.400105285 0.599894715
Q:/crcc: 0.000000000 0.171852738 0.828147262
Q:/crcf: 0.000000000 0.543035819 0.456964181
Q:/crfc: 0.000000000 0.394180280 0.605819720
Q:/crff: 0.000000000 0.726244360 0.273755640
T:/: 0.067420857 0.932579143 0.000000000
T:/cccr: 0.000000000 0.000000000 1.000000000
T:/ccrc: 0.000000000 0.000000000 1.000000000
T:/ccrf: 0.000000000 0.000000000 1.000000000
T:/crcc: 0.000000000 0.133900836 0.866099164
T:/crcf: 0.000000000 0.465249459 0.534750541
T:/crfc: 0.000000000 0.158020119 0.841979881
T:/crff: 0.000000000 0.116451520 0.883548480
