9:/: 0.095016796 0.904983204 0.000000000
9:/cccr: 0.000000000 0.000000000 1.000000000
9:/cccrccrc: 0.000000000 0.263615269 0.736384731
9:/cccrccrf: 0.000000000 0.689229542 0.310770458
9:/cccrcfrc: 0.000000000 0.310157700 0.689842300
9:/cccrcfrf: 0.000000000 0.630440716 0.369559284
9:/cccrcrcc: 0.000000000 0.612396944 0.387603056
9:/cccrcrcf: 0.000000000 0.000000000 1.000000000
9:/cccrcrfc: 0.000000000 0.046902427 0.953097573
9:/cccrcrff: 0.000000000 0.000000000 1.000000000
9:/ccrc: 0.469134716 0.000000000 0.530865284
9:/ccrccrcc: 0.000000000 0.000000000 1.000000000
9:/ccrccrcf: 0.000000000 0.552064674 0.447935326
9:/ccrccrfc: 0.000000000 0.728057727 0.271942273
9:/ccrccrff: 0.000000000 0.418595276 0.581404724
9:/ccrf: 0.000376348 0.000000000 0.999623652
9:/ccrfcrc: 0.000000000 0.427105454 0.572894546
9:/ccrfcrf: 0.000000000 0.507438882 0.492561118
9:/ccrr: 0.000000000 0.220491516 0.779508484
9:/crcc: 0.116103837 0.514172881 0.369723282
9:/crcf: 0.041784550 0.363922811 0.594292639
9:/crcr: 0.000000000 0.000000000 1.000000000
9:/crfc: 0.000000000 0.002351575 0.997648425
9:/crff: 0.000000000 0.000000000 1.000000000
9:/crfr: 0.000000000 0.000000000 1.000000000
9:/crrc: 0.000000000 0.127267627 0.872732373
9:/crrf: 0.000000000 0.885561592 0.114438408
9:/rccr: 0.000000000 0.000000000 1.000000000
9:/rcfr: 0.000000000 0.000000000 1.000000000
9:/rcrc: 0.000000000 0.494396981 0.505603019
9:/rcrf: 0.000000000 0.798105303 0.201894697
9:/rfcr: 0.000000000 0.039832045 0.960167955
9:/rffr: 0.000000000 0.000000000 1.000000000
9:/rfrc: 0.000000000 0.000000000 1.000000000
9:/rfrf: 0.000000000 0.197767822 0.802232178
9:/rrcc: 0.000000000 0.395738208 0.604261792
9:/rrcf: 0.000000000 0.661001227 0.338998773
9:/rrfc: 0.000000000 0.076156345 0.923843655
9:/rrff: 0.000000000 0.065902134 0.934097866
A:/: 0.226879788 0.773120212 0.000000000
A:/cccr: 0.782785118 0.217214882 0.000000000
A:/cccrccrc: 0.000000000 0.708604964 0.291395036
A:/cccrccrf: 0.000000000 0.780697851 0.219302149
A:/cccrcfrc: 0.000000000 1.000000000 0.000000000
A:/cccrcfrf: 0.000000000 0.511503126 0.488496874
A:/cccrcrcc: 0.000000000 0.823593343 0.176406657
A:/cccrcrcf: 0.000000000 0.610114018 0.389885982
A:/cccrcrfc: 0.000000000 1.000000000 0.000000000
A:/cccrcrff: 0.000000000 0.908028762 0.091971238
A:/ccrc: 0.640351776 0.359648224 0.000000000
A:/ccrccrcc: 0.000000000 0.805558146 0.194441854
A:/ccrccrcf: 0.000000000 0.571110046 0.428889954
A:/ccrccrfc: 0.000000000 0.420685732 0.579314268
A:/ccrccrff: 0.000000000 0.224064029 0.775935971
A:/ccrf: 0.611497852 0.388502148 0.000000000
A:/ccrfcrc: 0.000000000 0.911511534 0.088488466
A:/ccrfcrf: 0.000000000 0.692571458 0.307428542
A:/ccrr: 0.000000000 0.681737941 0.318262059
A:/crcc: 0.691665842 0.308334158 0.000000000
A:/crcf: 0.814189848 0.185810152 0.000000000
A:/crcr: 0.000000000 1.000000000 0.000000000
A:/crfc: 0.560584268 0.439415732 0.000000000
A:/crff: 0.497155513 0.502844487 0.000000000
A:/crfr: 0.000000000 1.000000000 0.000000000
A:/crrc: 0.000000000 0.394663226 0.605336774
A:/crrf: 0.000000000 1.000000000 0.000000000
A:/rccr: 0.000000000 1.000000000 0.000000000
A:/rcfr: 0.000000000 1.000000000 0.000000000
A:/rcrc: 0.000000000 0.571812200 0.428187800
A:/rcrf: 0.000000000 0.750036564 0.249963436
A:/rfcr: 0.000000000 1.000000000 0.000000000
A:/rffr: 0.000000000 1.000000000 0.000000000
A:/rfrc: 0.000000000 1.000000000 0.000000000
A:/rfrf: 0.000000000 0.538490058 0.461509942
A:/rrcc: 0.000000000 0.500432100 0.499567900
A:/rrcf: 0.000000000 1.000000000 0.000000000
A:/rrfc: 0.000000000 0.813562648 0.186437352
A:/rrff: 0.000000000 1.000000000 0.000000000
J:/: 0.000649796 0.999350204 0.000000000
J:/cccr: 0.000000000 0.000000000 1.000000000
J:/cccrccrc: 0.000000000 0.710750343 0.289249657
J:/cccrccrf: 0.000000000 0.729217225 0.270782775
J:/cccrcfrc: 0.000000000 0.659489703 0.340510297
J:/cccrcfrf: 0.000000000 0.760196840 0.239803160
J:/cccrcrcc: 0.000000000 0.556414162 0.443585838
J:/cccrcrcf: 0.000000000 0.353820081 0.646179919
J:/cccrcrfc: 0.000000000 0.765378001 0.234621999
J:/cccrcrff: 0.000000000 0.057162349 0.942837651
J:/ccrc: 0.107984196 0.000000000 0.892015804
J:/ccrccrcc: 0.000000000 0.524744258 0.475255742
J:/ccrccrcf: 0.000000000 0.288271077 0.711728923
J:/ccrccrfc: 0.000000000 0.510699840 0.489300160
J:/ccrccrff: 0.000000000 0.934216576 0.065783424
J:/ccrf: 0.497674347 0.246570511 0.255755141
J:/ccrfcrc: 0.000000000 0.752730482 0.247269518
J:/ccrfcrf: 0.000000000 0.270058828 0.729941172
J:/ccrr: 0.000000000 0.000000000 1.000000000
J:/crcc: 0.109669288 0.222387484 0.667943228
J:/crcf: 0.002028975 0.289536586 0.708434439
J:/crcr: 0.000000000 0.075333485 0.924666515
J:/crfc: 0.000000000 0.000000000 1.000000000
J:/crff: 0.000000000 0.000000000 1.000000000
J:/crfr: 0.000000000 0.061110227 0.938889773
J:/crrc: 0.000000000 0.171162275 0.828837725
J:/crrf: 0.000000000 0.110311272 0.889688728
J:/rccr: 0.000000000 0.000000000 1.000000000
J:/rcfr: 0.000000000 0.070927061 0.929072939
J:/rcrc: 0.000000000 0.582633545 0.417366455
J:/rcrf: 0.000000000 0.386994558 0.613005442
J:/rfcr: 0.000000000 0.327919950 0.672080050
J:/rffr: 0.000000000 0.000000000 1.000000000
J:/rfrc: 0.000000000 0.000000000 1.000000000
J:/rfrf: 0.000000000 0.389250711 0.610749289
J:/rrcc: 0.000000000 0.697768934 0.302231066
J:/rrcf: 0.000000000 0.696175970 0.303824030
J:/rrfc: 0.000000000 0.000000000 1.000000000
J:/rrff: 0.000000000 0.000000000 1.000000000
K:/: 0.000000000 1.000000000 0.000000000
K:/cccr: 0.000000000 0.346169654 0.653830346
K:/cccrccrc: 0.000000000 0.603144553 0.396855447
K:/cccrccrf: 0.000000000 0.253964870 0.746035130
K:/cccrcfrc: 0.000000000 0.777178681 0.222821319
K:/cccrcfrf: 0.000000000 0.686336969 0.313663031
K:/cccrcrcc: 0.000000000 0.575687106 0.424312894
K:/cccrcrcf: 0.000000000 0.907384986 0.092615014
K:/cccrcrfc: 0.000000000 0.548661463 0.451338537
K:/cccrcrff: 0.000000000 0.546965559 0.453034441
K:/ccrc: 0.434905014 0.325450431 0.239644555
K:/ccrccrcc: 0.000000000 0.578976600 0.421023400
K:/ccrccrcf: 0.000000000 0.635345530 0.364654470
K:/ccrccrfc: 0.000000000 0.794807218 0.205192782
K:/ccrccrff: 0.000000000 0.367210568 0.632789432
K:/ccrf: 0.472524765 0.463375134 0.064100101
K:/ccrfcrc: 0.000000000 0.128035102 0.871964898
K:/ccrfcrf: 0.000000000 0.771356755 0.228643245
K:/ccrr: 0.000000000 0.587988348 0.412011652
K:/crcc: 0.130792488 0.478762429 0.390445083
K:/crcf: 0.288909205 0.226793319 0.484297476
K:/crcr: 0.000000000 0.432593090 0.567406910
K:/crfc: 0.000000000 0.637243363 0.362756637
K:/crff: 0.000154235 0.683996897 0.315848867
K:/crfr: 0.000000000 0.275965634 0.724034366
K:/crrc: 0.000000000 0.925682651 0.074317349
K:/crrf: 0.000000000 0.557992534 0.442007466
K:/rccr: 0.000000000 0.447421697 0.552578303
K:/rcfr: 0.000000000 0.082052465 0.917947535
K:/rcrc: 0.000000000 0.275593210 0.724406790
K:/rcrf: 0.000000000 0.163472411 0.836527589
K:/rfcr: 0.000000000 0.134738293 0.865261707
K:/rffr: 0.000000000 0.000000000 1.000000000
K:/rfrc: 0.000000000 0.000000000 1.000000000
K:/rfrf: 0.000000000 0.588384085 0.411615915
K:/rrcc: 0.000000000 0.498323953 0.501676047
K:/rrcf: 0.000000000 0.466692931 0.533307069
K:/rrfc: 0.000000000 0.264066424 0.735933576
K:/rrff: 0.000000000 0.341879129 0.658120871
Q:/: 0.000000000 1.000000000 0.000000000
Q:/cccr: 0.000000000 0.000000000 1.000000000
Q:/cccrccrc: 0.000000000 0.487637882 0.512362118
Q:/cccrccrf: 0.000000000 0.556489898 0.443510102
Q:/cccrcfrc: 0.000000000 0.423206494 0.576793506
Q:/cccrcfrf: 0.000000000 0.229019445 0.770980555
Q:/cccrcrcc: 0.000000000 0.517464644 0.482535356
Q:/cccrcrcf: 0.000000000 0.237434672 0.762565328
Q:/cccrcrfc: 0.000000000 0.036286298 0.963713702
Q:/cccrcrff: 0.000000000 0.475897350 0.524102650
Q:/ccrc: 0.336218141 0.018504243 0.645277616
Q:/ccrccrcc: 0.000000000 0.219892521 0.780107479
Q:/ccrccrcf: 0.000000000 0.492884583 0.507115417
Q:/ccrccrfc: 0.000000000 0.555416283 0.444583717
Q:/ccrccrff: 0.000000000 0.999670518 0.000329482
Q:/ccrf: 0.323941186 0.292448783 0.383610030
Q:/ccrfcrc: 0.000000000 0.200807480 0.799192520
Q:/ccrfcrf: 0.000000000 0.508244564 0.491755436
Q:/ccrr: 0.000000000 0.287388473 0.712611527
Q:/crcc: 0.045777243 0.375133471 0.579089286
Q:/crcf: 0.000000161 0.638578098 0.361421742
Q:/crcr: 0.000000000 0.095918235 0.904081765
Q:/crfc: 0.023135058 0.074943252 0.901921690
Q:/crff: 0.000115654 0.109111056 0.890773291
Q:/crfr: 0.000000000 0.000000000 1.000000000
Q:/crrc: 0.000000000 0.518879669 0.481120331
Q:/crrf: 0.000000000 0.517054080 0.482945920
Q:/rccr: 0.000000000 0.000762095 0.999237905
Q:/rcfr: 0.000000000 0.005102700 0.994897300
Q:/rcrc: 0.000000000 0.608995955 0.391004045
Q:/rcrf: 0.000000000 0.245830929 0.754169071
Q:/rfcr: 0.000000000 0.000000000 1.000000000
Q:/rffr: 0.000000000 0.000000000 1.000000000
Q:/rfrc: 0.000000000 0.185838276 0.814161724
Q:/rfrf: 0.000000000 0.822812660 0.177187340
Q:/rrcc: 0.000000000 0.334859009 0.665140991
Q:/rrcf: 0.000000000 0.571643647 0.428356353
Q:/rrfc: 0.000000000 0.000000000 1.000000000
Q:/rrff: 0.000000000 0.156028613 0.843971387
T:/: 0.012491500 0.987508500 0.000000000
T:/cccr: 0.000000000 0.000000000 1.000000000
T:/cccrccrc: 0.000000000 0.273526429 0.726473571
T:/cccrccrf: 0.000000000 0.071665748 0.928334252
T:/cccrcfrc: 0.000000000 0.000000000 1.000000000
T:/cccrcfrf: 0.000000000 0.703908697 0.296091303
T:/cccrcrcc: 0.000000000 0.308501387 0.691498613
T:/cccrcrcf: 0.000000000 0.705473484 0.294526516
T:/cccrcrfc: 0.000000000 0.000000000 1.000000000
T:/cccrcrff: 0.000000000 0.236149521 0.763850479
T:/ccrc: 0.141955495 0.000000000 0.858044505
T:/ccrccrcc: 0.000000000 0.597779498 0.402220502
T:/ccrccrcf: 0.000000000 0.546815780 0.453184220
T:/ccrccrfc: 0.000000000 0.375274670 0.624725330
T:/ccrccrff: 0.000000000 0.630560781 0.369439219
T:/ccrf: 0.001380849 0.426166872 0.572452279
T:/ccrfcrc: 0.000000000 0.351482046 0.648517954
T:/ccrfcrf: 0.000000000 0.309974796 0.690025204
T:/ccrr: 0.000000000 0.119676564 0.880323436
T:/crcc: 0.000000000 0.425180266 0.574819734
T:/crcf: 0.000000338 0.519746346 0.480253316
T:/crcr: 0.000000000 0.604194862 0.395805138
T:/crfc: 0.000000000 0.000000000 1.000000000
T:/crff: 0.000000000 0.000000000 1.000000000
T:/crfr: 0.000000000 0.000000000 1.000000000
T:/crrc: 0.000000000 0.141183722 0.858816278
T:/crrf: 0.000000000 0.415355837 0.584644163
T:/rccr: 0.000000000 0.000000000 1.000000000
T:/rcfr: 0.000000000 0.000000000 1.000000000
T:/rcrc: 0.000000000 0.371939656 0.628060344
T:/rcrf: 0.000000000 0.506287398 0.493712602
T:/rfcr: 0.000000000 0.000000000 1.000000000
T:/rffr: 0.000000000 0.000000000 1.000000000
T:/rfrc: 0.000000000 0.000000000 1.000000000
T:/rfrf: 0.000000000 0.238192035 0.761807965
T:/rrcc: 0.000000000 0.192540544 0.807459456
T:/rrcf: 0.000000000 0.194883073 0.805116927
T:/rrfc: 0.000000000 0.000000000 1.000000000
T:/rrff: 0.000000000 0.000000000 1.000000000
