9:/cc: 0.146317132 0.853682868 0.000000000
9:/cccrcc: 0.000000000 0.545715235 0.454284765
9:/cccrcf: 0.000000000 0.189263485 0.810736515
9:/cccrcr: 0.000000000 0.226593053 0.773406947
9:/cccrfc: 0.031340853 0.027889114 0.940770033
9:/cccrff: 0.000000000 0.000000000 1.000000000
9:/cccrfr: 0.000000000 0.000000000 1.000000000
9:/cccrrc: 0.000000000 0.000000000 1.000000000
9:/cccrrf: 0.000000000 0.105869890 0.894130110
9:/ccrccr: 0.000000000 0.401164928 0.598835072
9:/ccrcfr: 0.000000000 0.439097151 0.560902849
9:/ccrcrc: 0.000000000 0.300060666 0.699939334
9:/ccrcrf: 0.000000000 0.713772592 0.286227408
9:/ccrfcr: 0.000000000 0.021499746 0.978500254
9:/ccrffr: 0.000000000 0.553090783 0.446909217
9:/ccrfrc: 0.000000000 0.634441972 0.365558028
9:/ccrfrf: 0.000000000 0.767382948 0.232617052
9:/ccrrcc: 0.000000000 0.773981375 0.226018625
9:/ccrrcf: 0.000000000 0.439146781 0.560853219
9:/ccrrfc: 0.000000000 0.460325808 0.539674192
9:/ccrrff: 0.000000000 0.501166940 0.498833060
9:/cr: 0.000052327 0.000000000 0.999947673
9:/crccrc: 0.000000000 0.289742706 0.710257294
9:/crccrf: 0.000000000 0.689282647 0.310717353
9:/crcfrc: 0.000000000 0.591435746 0.408564254
9:/crcfrf: 0.000000000 0.432048470 0.567951530
9:/crcrcc: 0.000000000 0.619543315 0.380456685
9:/crcrcf: 0.000000000 0.066348461 0.933651539
9:/crcrfc: 0.000000000 0.000000000 1.000000000
9:/crcrff: 0.000000000 0.016165955 0.983834045
9:/rc: 0.022107705 0.434574905 0.543317390
9:/rccrcc: 0.000000000 0.877019427 0.122980573
9:/rccrcf: 0.000000000 0.439380133 0.560619867
9:/rccrfc: 0.000000000 0.305909870 0.694090130
9:/rccrff: 0.000000000 0.581589828 0.418410172
9:/rf: 0.143034777 0.087410779 0.769554444
9:/rfcrc: 0.000000000 0.540946195 0.459053805
9:/rfcrf: 0.000000000 0.244299131 0.755700869
9:/rr: 0.000000000 0.207633572 0.792366428
A:/cc: 0.595345643 0.404654357 0.000000000
A:/cccrcc: 0.122930806 0.561840263 0.315228931
A:/cccrcf: 0.304588068 0.276009544 0.419402388
A:/cccrcr: 0.000000000 0.907626991 0.092373009
A:/cccrfc: 0.546726898 0.453273102 0.000000000
A:/cccrff: 0.832133231 0.167866769 0.000000000
A:/cccrfr: 0.000000000 1.000000000 0.000000000
A:/cccrrc: 0.000000000 0.604512732 0.395487268
A:/cccrrf: 0.000000000 1.000000000 0.000000000
A:/ccrccr: 0.000000000 0.517607255 0.482392745
A:/ccrcfr: 0.000000000 0.839999518 0.160000482
A:/ccrcrc: 0.000000000 0.865649557 0.134350443
A:/ccrcrf: 0.000000000 1.000000000 0.000000000
A:/ccrfcr: 0.000000000 0.971248417 0.028751583
A:/ccrffr: 0.000000000 1.000000000 0.000000000
A:/ccrfrc: 0.000000000 1.000000000 0.000000000
A:/ccrfrf: 0.000000000 0.444899659 0.555100341
A:/ccrrcc: 0.000000000 0.824675567 0.175324433
A:/ccrrcf: 0.000000000 0.600303094 0.399696906
A:/ccrrfc: 0.000000000 0.788389812 0.211610188
A:/ccrrff: 0.000000000 1.000000000 0.000000000
A:/cr: 0.669072495 0.330927505 0.000000000
A:/crccrc: 0.000000000 0.421851547 0.578148453
A:/crccrf: 0.000000000 0.502259778 0.497740222
A:/crcfrc: 0.000000000 0.303117237 0.696882763
A:/crcfrf: 0.000000000 0.772237507 0.227762493
A:/crcrcc: 0.000000000 0.801179277 0.198820723
A:/crcrcf: 0.000000000 0.738368548 0.261631452
A:/crcrfc: 0.000000000 0.955950676 0.044049324
A:/crcrff: 0.000000000 1.000000000 0.000000000
A:/rc: 0.705255937 0.247702339 0.047041724
A:/rccrcc: 0.000000000 0.885761592 0.114238408
A:/rccrcf: 0.000000000 0.627796334 0.372203666
A:/rccrfc: 0.000000000 0.757309888 0.242690112
A:/rccrff: 0.000000000 0.512421877 0.487578123
A:/rf: 0.378019360 0.621980640 0.000000000
A:/rfcrc: 0.000000000 0.776600374 0.223399626
A:/rfcrf: 0.000000000 1.000000000 0.000000000
A:/rr: 0.000000000 1.000000000 0.000000000
J:/cc: 0.004201425 0.995798575 0.000000000
J:/cccrcc: 0.071649341 0.311464403 0.616886255
J:/cccrcf: 0.168764367 0.382024431 0.449211201
J:/cccrcr: 0.000000000 0.000000000 1.000000000
J:/cccrfc: 0.001610954 0.044081411 0.954307634
J:/cccrff: 0.000000000 0.062078575 0.937921425
J:/cccrfr: 0.000000000 0.000000000 1.000000000
J:/cccrrc: 0.000000000 0.443973575 0.556026425
J:/cccrrf: 0.000000000 0.009647580 0.990352420
J:/ccrccr: 0.000000000 0.736735437 0.263264563
J:/ccrcfr: 0.000000000 0.196378465 0.803621535
J:/ccrcrc: 0.000000000 0.525987645 0.474012355
J:/ccrcrf: 0.000000000 0.491156307 0.508843693
J:/ccrfcr: 0.000000000 0.402599458 0.597400542
J:/ccrffr: 0.000000000 0.501629477 0.498370523
J:/ccrfrc: 0.000000000 0.611241145 0.388758855
J:/ccrfrf: 0.000000000 0.118676238 0.881323762
J:/ccrrcc: 0.000000000 0.069809980 0.930190020
J:/ccrrcf: 0.000000000 0.589890589 0.410109411
J:/ccrrfc: 0.000000000 0.259219237 0.740780763
J:/ccrrff: 0.000000000 0.312424638 0.687575362
J:/cr: 0.000158306 0.000000000 0.999841694
J:/crccrc: 0.000000000 0.400407885 0.599592115
J:/crccrf: 0.000000000 0.234388124 0.765611876
J:/crcfrc: 0.000000000 0.470659535 0.529340465
J:/crcfrf: 0.000000000 0.710521035 0.289478965
J:/crcrcc: 0.000000000 0.126873244 0.873126756
J:/crcrcf: 0.000000000 0.379678198 0.620321802
J:/crcrfc: 0.000000000 0.696562430 0.303437570
J:/crcrff: 0.000000000 0.395813421 0.604186579
J:/rc: 0.000000000 0.203721064 0.796278936
J:/rccrcc: 0.000000000 0.199141306 0.800858694
J:/rccrcf: 0.000000000 0.575957473 0.424042527
J:/rccrfc: 0.000000000 0.233007679 0.766992321
J:/rccrff: 0.000000000 0.271181376 0.728818624
J:/rf: 0.166843737 0.165567661 0.667588602
J:/rfcrc: 0.000000000 0.141664296 0.858335704
J:/rfcrf: 0.000000000 0.153997419 0.846002581
J:/rr: 0.000000000 0.000000000 1.000000000
K:/cc: 0.000000000 1.000000000 0.000000000
K:/cccrcc: 0.058149595 0.233923681 0.707926724
K:/cccrcf: 0.133734960 0.278667007 0.587598033
K:/cccrcr: 0.000000000 0.687454176 0.312545824
K:/cccrfc: 0.100120713 0.670886272 0.228993015
K:/cccrff: 0.000000000 0.882646891 0.117353109
K:/cccrfr: 0.000000000 0.408654530 0.591345470
K:/cccrrc: 0.000000000 0.091460202 0.908539798
K:/cccrrf: 0.000000000 0.455194181 0.544805819
K:/ccrccr: 0.000000000 0.520955608 0.479044392
K:/ccrcfr: 0.000000000 0.007713092 0.992286908
K:/ccrcrc: 0.000000000 0.028193140 0.971806860
K:/ccrcrf: 0.000000000 0.316353031 0.683646969
K:/ccrfcr: 0.000000000 0.390701588 0.609298412
K:/ccrffr: 0.000000000 0.365550928 0.634449072
K:/ccrfrc: 0.000000000 0.716857078 0.283142922
K:/ccrfrf: 0.000000000 0.365460692 0.634539308
K:/ccrrcc: 0.000000000 0.208558600 0.791441400
K:/ccrrcf: 0.000000000 0.115913250 0.884086750
K:/ccrrfc: 0.000000000 0.112780586 0.887219414
K:/ccrrff: 0.000000000 0.118987624 0.881012376
K:/cr: 0.000406944 0.000000000 0.999593056
K:/crccrc: 0.000000000 0.819070514 0.180929486
K:/crccrf: 0.000000000 0.134514438 0.865485562
K:/crcfrc: 0.000000000 0.331079141 0.668920859
K:/crcfrf: 0.000000000 0.470749117 0.529250883
K:/crcrcc: 0.000000000 0.163477844 0.836522156
K:/crcrcf: 0.000000000 0.583098699 0.416901301
K:/crcrfc: 0.000000000 0.109532372 0.890467628
K:/crcrff: 0.000000000 0.465084056 0.534915944
K:/rc: 0.000000000 0.367785321 0.632214679
K:/rccrcc: 0.000000000 0.370128565 0.629871435
K:/rccrcf: 0.000000000 0.632928626 0.367071374
K:/rccrfc: 0.000000000 0.000000000 1.000000000
K:/rccrff: 0.000000000 0.373544944 0.626455056
K:/rf: 0.578370976 0.344593185 0.077035839
K:/rfcrc: 0.000000000 0.448495519 0.551504481
K:/rfcrf: 0.000000000 0.690892866 0.309107134
K:/rr: 0.000000000 0.410564418 0.589435582
Q:/cc: 0.028624206 0.971375794 0.000000000
Q:/cccrcc: 0.188219780 0.363169666 0.448610554
Q:/cccrcf: 0.000000000 0.291244883 0.708755117
Q:/cccrcr: 0.000000000 0.052650056 0.947349944
Q:/cccrfc: 0.022512179 0.231807968 0.745679854
Q:/cccrff: 0.000000000 0.389982488 0.610017512
Q:/cccrfr: 0.000000000 0.203477060 0.796522940
Q:/cccrrc: 0.000000000 0.000000000 1.000000000
Q:/cccrrf: 0.000000000 0.852929730 0.147070270
Q:/ccrccr: 0.000000000 0.825256217 0.174743783
Q:/ccrcfr: 0.000000000 0.510876871 0.489123129
Q:/ccrcrc: 0.000000000 0.731825945 0.268174055
Q:/ccrcrf: 0.000000000 0.201918436 0.798081564
Q:/ccrfcr: 0.000000000 0.032059322 0.967940678
Q:/ccrffr: 0.000000000 0.400764823 0.599235177
Q:/ccrfrc: 0.000000000 0.209463005 0.790536995
Q:/ccrfrf: 0.000000000 0.834087470 0.165912530
Q:/ccrrcc: 0.000000000 0.327792768 0.672207232
Q:/ccrrcf: 0.000000000 0.197297296 0.802702704
Q:/ccrrfc: 0.000000000 0.508298022 0.491701978
Q:/ccrrff: 0.000000000 0.362579525 0.637420475
Q:/cr: 0.000309304 0.000000000 0.999690696
Q:/crccrc: 0.000000000 0.745067991 0.254932009
Q:/crccrf: 0.000000000 0.680691945 0.319308055
Q:/crcfrc: 0.000000000 0.461913488 0.538086512
Q:/crcfrf: 0.000000000 0.793552859 0.206447141
Q:/crcrcc: 0.000000000 0.535699300 0.464300700
Q:/crcrcf: 0.000000000 0.393214384 0.606785616
Q:/crcrfc: 0.000000000 0.148956981 0.851043019
Q:/crcrff: 0.000000000 0.840044713 0.159955287
Q:/rc: 0.000000000 0.046007090 0.953992910
Q:/rccrcc: 0.000000000 0.081196590 0.918803410
Q:/rccrcf: 0.000000000 0.206029708 0.793970292
Q:/rccrfc: 0.000000000 0.721482908 0.278517092
Q:/rccrff: 0.000000000 0.575100679 0.424899321
Q:/rf: 0.396738067 0.065355908 0.537906025
Q:/rfcrc: 0.000000000 0.459902882 0.540097118
Q:/rfcrf: 0.000000000 0.355439846 0.644560154
Q:/rr: 0.000000000 0.000000000 1.000000000
T:/cc: 0.149386111 0.850613889 0.000000000
T:/cccrcc: 0.000000000 0.270895917 0.729104083
T:/cccrcf: 0.000000000 0.320384603 0.679615397
T:/cccrcr: 0.000000000 0.112482819 0.887517181
T:/cccrfc: 0.000000000 0.000000000 1.000000000
T:/cccrff: 0.000000000 0.000000000 1.000000000
T:/cccrfr: 0.000000000 0.000000000 1.000000000
T:/cccrrc: 0.000000000 0.269845498 0.730154502
T:/cccrrf: 0.000000000 0.533814817 0.466185183
T:/ccrccr: 0.000000000 0.141229394 0.858770606
T:/ccrcfr: 0.000000000 0.000000000 1.000000000
T:/ccrcrc: 0.000000000 0.277911563 0.722088437
T:/ccrcrf: 0.000000000 0.083313749 0.916686251
T:/ccrfcr: 0.000000000 0.120493656 0.879506344
T:/ccrffr: 0.000000000 0.540745857 0.459254143
T:/ccrfrc: 0.000000000 0.322279917 0.677720083
T:/ccrfrf: 0.000000000 0.218315951 0.781684049
T:/ccrrcc: 0.000000000 0.588198202 0.411801798
T:/ccrrcf: 0.000000000 0.478863566 0.521136434
T:/ccrrfc: 0.000000000 0.221050956 0.778949044
T:/ccrrff: 0.000000000 0.190034436 0.809965564
T:/cr: 0.000103659 0.000000000 0.999896341
T:/crccrc: 0.000000000 0.184685364 0.815314636
T:/crccrf: 0.000000000 0.501828226 0.498171774
T:/crcfrc: 0.000000000 0.380537312 0.619462688
T:/crcfrf: 0.000000000 0.361594345 0.638405655
T:/crcrcc: 0.000000000 0.349865594 0.650134406
T:/crcrcf: 0.000000000 0.247851165 0.752148835
T:/crcrfc: 0.000000000 0.047718220 0.952281780
T:/crcrff: 0.000000000 0.418373878 0.581626122
T:/rc: 0.000000000 0.431307433 0.568692567
T:/rccrcc: 0.000000000 0.690147102 0.309852898
T:/rccrcf: 0.000000000 0.380805732 0.619194268
T:/rccrfc: 0.000000000 0.421415879 0.578584121
T:/rccrff: 0.000000000 0.608036424 0.391963576
T:/rf: 0.269789892 0.199807652 0.530402456
T:/rfcrc: 0.000000000 0.374762039 0.625237961
T:/rfcrf: 0.000000000 0.524452710 0.475547290
T:/rr: 0.000000000 0.000000000 1.000000000
