2:/: 0.133029694 0.866970306 0.000000000
2:/ccr: 0.000006848 0.010874824 0.989118328
2:/ccrcrc: 0.053523862 0.235619562 0.710856576
2:/ccrcrf: 0.000000000 0.209523195 0.790476805
2:/ccrcrr: 0.000000000 0.845337491 0.154662509
2:/ccrrcr: 0.000000000 0.624091104 0.375908896
2:/ccrrfr: 0.000000000 0.482769335 0.517230665
2:/ccrrrc: 0.000000000 0.000000000 1.000000000
2:/ccrrrf: 0.000000000 0.674498062 0.325501938
2:/crc: 0.000000000 0.000010706 0.999989294
2:/crcrcr: 0.000000000 0.310241757 0.689758243
2:/crcrfr: 0.000000000 0.409760630 0.590239370
2:/crcrrc: 0.000000000 0.469537476 0.530462524
2:/crcrrf: 0.000000000 0.159281512 0.840718488
2:/crf: 0.000450120 0.000000000 0.999549880
2:/crfrr: 0.000000000 0.000000000 1.000000000
2:/crr: 0.279799223 0.000000000 0.720200777
2:/crrcrc: 0.000000000 0.338819548 0.661180452
2:/crrcrf: 0.000000000 0.000000000 1.000000000
2:/rcr: 0.656800945 0.002724100 0.340474955
2:/rcrcrc: 0.000000000 0.852438876 0.147561124
2:/rcrcrf: 0.000000000 0.663753143 0.336246857
2:/rfr: 0.126329643 0.459865200 0.413805157
2:/rrc: 0.000000000 0.445565772 0.554434228
2:/rrf: 0.004215987 0.000000000 0.995784013
2:/rrr: 0.000000000 0.253787690 0.746212310
3:/: 0.140784505 0.859215495 0.000000000
3:/ccr: 0.000000000 0.000000000 1.000000000
3:/ccrcrc: 0.000000000 0.380380856 0.619619144
3:/ccrcrf: 0.000000000 0.359128379 0.640871621
3:/ccrcrr: 0.000000000 0.150760384 0.849239616
3:/ccrrcr: 0.000000000 0.168103051 0.831896949
3:/ccrrfr: 0.000000000 0.746303162 0.253696838
3:/ccrrrc: 0.000000000 0.534472633 0.465527367
3:/ccrrrf: 0.000000000 0.257420225 0.742579775
3:/crc: 0.000000000 0.000010715 0.999989285
3:/crcrcr: 0.000000000 0.930798912 0.069201088
3:/crcrfr: 0.000000000 0.781785682 0.218214318
3:/crcrrc: 0.000000000 0.397590532 0.602409468
3:/crcrrf: 0.000000000 0.287120475 0.712879525
3:/crf: 0.000430603 0.000009416 0.999559981
3:/crfrr: 0.000000000 0.162430777 0.837569223
3:/crr: 0.356369848 0.000000000 0.643630152
3:/crrcrc: 0.000000000 0.451581617 0.548418383
3:/crrcrf: 0.000000000 0.316048504 0.683951496
3:/rcr: 0.629271538 0.036179709 0.334548754
3:/rcrcrc: 0.000000000 0.486681269 0.513318731
3:/rcrcrf: 0.000000000 0.203281926 0.796718074
3:/rfr: 0.052802928 0.711745118 0.235451955
3:/rrc: 0.000000000 0.473758365 0.526241635
3:/rrf: 0.000165711 0.000000000 0.999834289
3:/rrr: 0.000000000 0.236257558 0.763742442
4:/: 0.293718595 0.706281405 0.000000000
4:/ccr: 0.000000417 0.099016701 0.900982882
4:/ccrcrc: 0.095546576 0.174161478 0.730291945
4:/ccrcrf: 0.303295855 0.282602257 0.414101888
4:/ccrcrr: 0.000000000 0.277937194 0.722062806
4:/ccrrcr: 0.000000000 0.563609906 0.436390094
4:/ccrrfr: 0.000000000 0.493192468 0.506807532
4:/ccrrrc: 0.000000000 0.591298633 0.408701367
4:/ccrrrf: 0.000000000 0.403145577 0.596854423
4:/crc: 0.000000000 0.000010712 0.999989288
4:/crcrcr: 0.000000000 0.514944195 0.485055805
4:/crcrfr: 0.000000000 0.515626748 0.484373252
4:/crcrrc: 0.000000000 0.000000000 1.000000000
4:/crcrrf: 0.000000000 0.717799630 0.282200370
4:/crf: 0.000451209 0.000000000 0.999548791
4:/crfrr: 0.000000000 0.000000000 1.000000000
4:/crr: 0.262411762 0.000000000 0.737588238
4:/crrcrc: 0.000000000 0.692691097 0.307308903
4:/crrcrf: 0.000000000 0.624452724 0.375547276
4:/rcr: 0.783329539 0.041451978 0.175218483
4:/rcrcrc: 0.000000000 0.150654105 0.849345895
4:/rcrcrf: 0.000000000 0.544874025 0.455125975
4:/rfr: 0.297877184 0.236065607 0.466057209
4:/rrc: 0.000000000 0.363444050 0.636555950
4:/rrf: 0.000164064 0.000000000 0.999835936
4:/rrr: 0.000000000 0.000000000 1.000000000
5:/: 0.397975746 0.602024254 0.000000000
5:/ccr: 0.000008418 0.000008294 0.999983288
5:/ccrcrc: 0.000000000 0.461932376 0.538067624
5:/ccrcrf: 0.000000000 0.350667064 0.649332936
5:/ccrcrr: 0.000000000 0.473787045 0.526212955
5:/ccrrcr: 0.000000000 0.815387923 0.184612077
5:/ccrrfr: 0.000000000 0.510089129 0.489910871
5:/ccrrrc: 0.000000000 0.404662205 0.595337795
5:/ccrrrf: 0.000000000 0.333504777 0.666495223
5:/crc: 0.000000000 0.000010711 0.999989289
5:/crcrcr: 0.000000000 0.650483410 0.349516590
5:/crcrfr: 0.000000000 0.136952204 0.863047796
5:/crcrrc: 0.000000000 0.024998717 0.975001283
5:/crcrrf: 0.000000000 0.395832235 0.604167765
5:/crf: 0.000792483 0.131340057 0.867867461
5:/crfrr: 0.000000000 0.128294487 0.871705513
5:/crr: 0.229299757 0.000000000 0.770700243
5:/crrcrc: 0.000000000 0.567782809 0.432217191
5:/crrcrf: 0.000000000 0.423139540 0.576860460
5:/rcr: 0.660175153 0.082354842 0.257470006
5:/rcrcrc: 0.000000000 0.700872827 0.299127173
5:/rcrcrf: 0.000000000 0.431933282 0.568066718
5:/rfr: 0.284935767 0.171720165 0.543344069
5:/rrc: 0.017013862 0.154888930 0.828097209
5:/rrf: 0.000166457 0.000000000 0.999833543
5:/rrr: 0.000000000 0.316790306 0.683209694
6:/: 0.000000000 1.000000000 0.000000000
6:/ccr: 0.000008747 0.130533816 0.869457437
6:/ccrcrc: 0.045523450 0.367063103 0.587413447
6:/ccrcrf: 0.158486223 0.246405312 0.595108465
6:/ccrcrr: 0.000000000 0.000000000 1.000000000
6:/ccrrcr: 0.000000000 0.821695319 0.178304681
6:/ccrrfr: 0.000000000 0.184211806 0.815788194
6:/ccrrrc: 0.000000000 0.405939373 0.594060627
6:/ccrrrf: 0.000000000 0.536302753 0.463697247
6:/crc: 0.000000000 0.000010716 0.999989284
6:/crcrcr: 0.000000000 0.901790010 0.098209990
6:/crcrfr: 0.000000000 0.454610799 0.545389201
6:/crcrrc: 0.000000000 0.399697709 0.600302291
6:/crcrrf: 0.000000000 0.418749455 0.581250545
6:/crf: 0.000788061 0.514221110 0.484990830
6:/crfrr: 0.000000000 0.152941623 0.847058377
6:/crr: 0.408362984 0.000000000 0.591637016
6:/crrcrc: 0.000000000 0.335105649 0.664894351
6:/crrcrf: 0.000000000 0.244290913 0.755709087
6:/rcr: 0.261270973 0.043186339 0.695542688
6:/rcrcrc: 0.000000000 0.371689433 0.628310567
6:/rcrcrf: 0.000000000 0.793403447 0.206596553
6:/rfr: 0.435484549 0.217162377 0.347353074
6:/rrc: 0.000000000 0.439834423 0.560165577
6:/rrf: 0.000165034 0.000000000 0.999834966
6:/rrr: 0.000000000 0.617102882 0.382897118
7:/: 0.000000000 1.000000000 0.000000000
7:/ccr: 0.000008750 0.165669250 0.834322000
7:/ccrcrc: 0.169367177 0.517903624 0.312729199
7:/ccrcrf: 0.058973424 0.282625702 0.658400875
7:/ccrcrr: 0.000000000 0.631672134 0.368327866
7:/ccrrcr: 0.000000000 0.341314195 0.658685805
7:/ccrrfr: 0.000000000 0.595937254 0.404062746
7:/ccrrrc: 0.000000000 0.402907643 0.597092357
7:/ccrrrf: 0.000000000 0.175966378 0.824033622
7:/crc: 0.012838775 0.179241940 0.807919284
7:/crcrcr: 0.000000000 0.556925824 0.443074176
7:/crcrfr: 0.000000000 0.599687183 0.400312817
7:/crcrrc: 0.000000000 0.469329401 0.530670599
7:/crcrrf: 0.000000000 0.711686634 0.288313366
7:/crf: 0.020958713 0.633438135 0.345603152
7:/crfrr: 0.000000000 0.000000000 1.000000000
7:/crr: 0.246465238 0.017026159 0.736508603
7:/crrcrc: 0.000000000 0.811376990 0.188623010
7:/crrcrf: 0.000000000 0.819698397 0.180301603
7:/rcr: 0.813439191 0.071798004 0.114762804
7:/rcrcrc: 0.000000000 0.764021923 0.235978077
7:/rcrcrf: 0.000000000 0.393965094 0.606034906
7:/rfr: 0.226362777 0.186334564 0.587302659
7:/rrc: 0.000000000 0.112449948 0.887550052
7:/rrf: 0.042566742 0.016620350 0.940812909
7:/rrr: 0.000000000 0.418753926 0.581246074
8:/: 0.000000000 1.000000000 0.000000000
8:/ccr: 0.000008750 0.174812099 0.825179151
8:/ccrcrc: 0.000000000 0.654982074 0.345017926
8:/ccrcrf: 0.004837996 0.133292896 0.861869109
8:/ccrcrr: 0.000000000 0.357711083 0.642288917
8:/ccrrcr: 0.000000000 0.450352650 0.549647350
8:/ccrrfr: 0.000000000 0.098012397 0.901987603
8:/ccrrrc: 0.000000000 0.262569077 0.737430923
8:/ccrrrf: 0.000000000 0.695218996 0.304781004
8:/crc: 0.000000000 0.000010715 0.999989285
8:/crcrcr: 0.000000000 0.803470469 0.196529531
8:/crcrfr: 0.000000000 0.475771984 0.524228016
8:/crcrrc: 0.000000000 0.088389228 0.911610772
8:/crcrrf: 0.000000000 0.528294401 0.471705599
8:/crf: 0.000760178 0.699240359 0.299999464
8:/crfrr: 0.000000000 0.382494463 0.617505537
8:/crr: 0.302916674 0.071290090 0.625793235
8:/crrcrc: 0.000000000 0.702981980 0.297018020
8:/crrcrf: 0.000000000 0.759060376 0.240939624
8:/rcr: 0.471704978 0.370887564 0.157407459
8:/rcrcrc: 0.000000000 0.573211847 0.426788153
8:/rcrcrf: 0.000000000 0.528932042 0.471067958
8:/rfr: 0.756718843 0.011369102 0.231912055
8:/rrc: 0.000000000 0.355487122 0.644512878
8:/rrf: 0.020678446 0.000000000 0.979321554
8:/rrr: 0.000000000 0.000000000 1.000000000
9:/: 0.000000000 1.000000000 0.000000000
9:/ccr: 0.000004417 0.251979852 0.748015731
9:/ccrcrc: 0.000000000 0.260406641 0.739593359
9:/ccrcrf: 0.219689378 0.158442651 0.621867970
9:/ccrcrr: 0.000000000 0.390398183 0.609601817
9:/ccrrcr: 0.000000000 0.369634257 0.630365743
9:/ccrrfr: 0.000000000 0.573635969 0.426364031
9:/ccrrrc: 0.000000000 0.582811904 0.417188096
9:/ccrrrf: 0.000000000 0.189438984 0.810561016
9:/crc: 0.000000000 0.000010719 0.999989281
9:/crcrcr: 0.000000000 0.556572331 0.443427669
9:/crcrfr: 0.000000000 0.370670544 0.629329456
9:/crcrrc: 0.000000000 0.187610896 0.812389104
9:/crcrrf: 0.000000000 0.308450973 0.691549027
9:/crf: 0.000782829 0.622684789 0.376532382
9:/crfrr: 0.000000000 0.195973600 0.804026400
9:/crr: 0.525191130 0.277418254 0.197390616
9:/crrcrc: 0.000000000 0.511079260 0.488920740
9:/crrcrf: 0.000000000 0.516348043 0.483651957
9:/rcr: 0.629830163 0.258269249 0.111900588
9:/rcrcrc: 0.000000000 0.678221591 0.321778409
9:/rcrcrf: 0.000000000 0.649182118 0.350817882
9:/rfr: 0.528713487 0.377965406 0.093321107
9:/rrc: 0.128378076 0.227156124 0.644465800
9:/rrf: 0.000416733 0.008475137 0.991108130
9:/rrr: 0.000000000 0.645565813 0.354434187
A:/: 0.839985606 0.160014394 0.000000000
A:/ccr: 0.597713972 0.402286028 0.000000000
A:/ccrcrc: 0.874622990 0.125377010 0.000000000
A:/ccrcrf: 0.345897373 0.654102627 0.000000000
A:/ccrcrr: 0.000000000 1.000000000 0.000000000
A:/ccrrcr: 0.000000000 0.293268262 0.706731738
A:/ccrrfr: 0.000000000 0.271750575 0.728249425
A:/ccrrrc: 0.000000000 1.000000000 0.000000000
A:/ccrrrf: 0.000000000 1.000000000 0.000000000
A:/crc: 0.515718247 0.484281753 0.000000000
A:/crcrcr: 0.000000000 1.000000000 0.000000000
A:/crcrfr: 0.000000000 0.499443751 0.500556249
A:/crcrrc: 0.000000000 0.885174115 0.114825885
A:/crcrrf: 0.000000000 1.000000000 0.000000000
A:/crf: 1.000000000 0.000000000 0.000000000
A:/crfrr: 0.000000000 1.000000000 0.000000000
A:/crr: 0.588712333 0.411287667 0.000000000
A:/crrcrc: 0.000000000 1.000000000 0.000000000
A:/crrcrf: 0.000000000 1.000000000 0.000000000
A:/rcr: 0.935570932 0.064429068 0.000000000
A:/rcrcrc: 0.000000000 0.955525181 0.044474819
A:/rcrcrf: 0.000000000 1.000000000 0.000000000
A:/rfr: 0.451590331 0.468940677 0.079468992
A:/rrc: 0.326839710 0.597198041 0.075962249
A:/rrf: 0.452250651 0.547749349 0.000000000
A:/rrr: 0.000000000 1.000000000 0.000000000
J:/: 0.000064765 0.999935235 0.000000000
J:/ccr: 0.208277366 0.753857277 0.037865357
J:/ccrcrc: 0.000000000 0.389127624 0.610872376
J:/ccrcrf: 0.487857733 0.402665595 0.109476671
J:/ccrcrr: 0.000000000 0.473507388 0.526492612
J:/ccrrcr: 0.000000000 0.967525615 0.032474385
J:/ccrrfr: 0.000000000 0.739576963 0.260423037
J:/ccrrrc: 0.000000000 0.692467425 0.307532575
J:/ccrrrf: 0.000000000 0.514082255 0.485917745
J:/crc: 0.000000000 0.100676180 0.899323820
J:/crcrcr: 0.000000000 0.322328391 0.677671609
J:/crcrfr: 0.000000000 0.024169519 0.975830481
J:/crcrrc: 0.000000000 0.776808759 0.223191241
J:/crcrrf: 0.000000000 0.340937743 0.659062257
J:/crf: 0.000163590 0.999223524 0.000612886
J:/crfrr: 0.000000000 0.374479684 0.625520316
J:/crr: 0.531412004 0.000000000 0.468587996
J:/crrcrc: 0.000000000 0.245832941 0.754167059
J:/crrcrf: 0.000000000 0.781174122 0.218825878
J:/rcr: 0.542966854 0.382012202 0.075020944
J:/rcrcrc: 0.000000000 0.745822294 0.254177706
J:/rcrcrf: 0.000000000 0.940033914 0.059966086
J:/rfr: 0.109605772 0.283807901 0.606586327
J:/rrc: 0.082854841 0.335071327 0.582073832
J:/rrf: 0.000428036 0.295609899 0.703962065
J:/rrr: 0.000000000 0.230840357 0.769159643
K:/: 0.844926168 0.155073832 0.000000000
K:/ccr: 0.210460823 0.789536846 0.000002331
K:/ccrcrc: 0.529066007 0.326837733 0.144096260
K:/ccrcrf: 0.455028165 0.489249608 0.055722227
K:/ccrcrr: 0.000000000 0.941238734 0.058761266
K:/ccrrcr: 0.000000000 0.178162206 0.821837794
K:/ccrrfr: 0.000000000 0.048903933 0.951096067
K:/ccrrrc: 0.000000000 0.934198317 0.065801683
K:/ccrrrf: 0.000000000 0.674024818 0.325975182
K:/crc: 0.189355716 0.810633757 0.000010527
K:/crcrcr: 0.000000000 0.747775644 0.252224356
K:/crcrfr: 0.000000000 0.390205380 0.609794620
K:/crcrrc: 0.000000000 0.594417541 0.405582459
K:/crcrrf: 0.000000000 0.847924914 0.152075086
K:/crf: 0.393094901 0.606905099 0.000000000
K:/crfrr: 0.000000000 0.659718725 0.340281275
K:/crr: 0.503624984 0.496375016 0.000000000
K:/crrcrc: 0.000000000 0.832401557 0.167598443
K:/crrcrf: 0.000000000 0.993980864 0.006019136
K:/rcr: 0.836493969 0.163506031 0.000000000
K:/rcrcrc: 0.000000000 0.848170783 0.151829217
K:/rcrcrf: 0.000000000 0.952106062 0.047893938
K:/rfr: 0.453718802 0.345051983 0.201229215
K:/rrc: 0.129445202 0.294807130 0.575747668
K:/rrf: 0.000000000 0.754047236 0.245952764
K:/rrr: 0.000000000 0.894317666 0.105682334
Q:/: 0.000107743 0.999892257 0.000000000
Q:/ccr: 0.250787070 0.749212930 0.000000000
Q:/ccrcrc: 0.206119301 0.406226073 0.387654627
Q:/ccrcrf: 0.206238594 0.736401136 0.057360269
Q:/ccrcrr: 0.000000000 0.922659164 0.077340836
Q:/ccrrcr: 0.000000000 0.638520360 0.361479640
Q:/ccrrfr: 0.000000000 0.706918425 0.293081575
Q:/ccrrrc: 0.000000000 0.936522886 0.063477114
Q:/ccrrrf: 0.000000000 0.718715683 0.281284317
Q:/crc: 0.000000000 0.584063543 0.415936457
Q:/crcrcr: 0.000000000 0.248010946 0.751989054
Q:/crcrfr: 0.000000000 0.333657981 0.666342019
Q:/crcrrc: 0.000000000 0.395016624 0.604983376
Q:/crcrrf: 0.000000000 0.845645192 0.154354808
Q:/crf: 0.000000000 1.000000000 0.000000000
Q:/crfrr: 0.000000000 0.523053546 0.476946454
Q:/crr: 0.814016969 0.115363946 0.070619085
Q:/crrcrc: 0.000000000 0.831361784 0.168638216
Q:/crrcrf: 0.000000000 0.963138881 0.036861119
Q:/rcr: 0.726782893 0.273217107 0.000000000
Q:/rcrcrc: 0.000000000 0.451933247 0.548066753
Q:/rcrcrf: 0.000000000 0.614339562 0.385660438
Q:/rfr: 0.824747806 0.035373951 0.139878243
Q:/rrc: 0.000000000 0.443426368 0.556573632
Q:/rrf: 0.000000000 0.114282709 0.885717291
Q:/rrr: 0.000000000 0.303500492 0.696499508
T:/: 0.000000000 1.000000000 0.000000000
T:/ccr: 0.000004417 0.409300427 0.590695156
T:/ccrcrc: 0.000000000 0.265209957 0.734790043
T:/ccrcrf: 0.292686295 0.451660977 0.255652728
T:/ccrcrr: 0.000000000 0.684354084 0.315645916
T:/ccrrcr: 0.000000000 0.569578598 0.430421402
T:/ccrrfr: 0.000000000 0.244831362 0.755168638
T:/ccrrrc: 0.000000000 0.782805914 0.217194086
T:/ccrrrf: 0.000000000 0.517937605 0.482062395
T:/crc: 0.000000000 0.000010714 0.999989286
T:/crcrcr: 0.000000000 0.917822209 0.082177791
T:/crcrfr: 0.000000000 0.402232087 0.597767913
T:/crcrrc: 0.000000000 0.511726710 0.488273290
T:/crcrrf: 0.000000000 0.628594379 0.371405621
T:/crf: 0.018612429 0.929623752 0.051763819
T:/crfrr: 0.000000000 0.000000000 1.000000000
T:/crr: 0.358087553 0.310815633 0.331096814
T:/crrcrc: 0.000000000 0.571913775 0.428086225
T:/crrcrf: 0.000000000 0.890492687 0.109507313
T:/rcr: 0.596721306 0.047026332 0.356252362
T:/rcrcrc: 0.000000000 0.580244066 0.419755934
T:/rcrcrf: 0.000000000 0.559576961 0.440423039
T:/rfr: 0.679985595 0.213126867 0.106887538
T:/rrc: 0.000000000 0.382943587 0.617056413
T:/rrf: 0.000429068 0.352599031 0.646971901
T:/rrr: 0.000000000 0.000000000 1.000000000
