2:/cc: 0.032099064 0.967900936 0.000000000
2:/ccrcr: 0.168674374 0.250745064 0.580580562
2:/ccrcrcrc: 0.000000000 0.533598608 0.466401392
2:/ccrcrcrf: 0.000000000 0.782021247 0.217978753
2:/ccrfr: 0.069214334 0.301145247 0.629640418
2:/ccrrc: 0.352557512 0.544302409 0.103140079
2:/ccrrf: 0.282783730 0.290590253 0.426626017
2:/ccrrr: 0.000000000 0.238291110 0.761708890
2:/cr: 0.000064641 0.000017222 0.999918137
2:/crcrc: 0.018077122 0.443607380 0.538315498
2:/crcrf: 0.034651164 0.429776264 0.535572572
2:/crcrr: 0.000000000 0.416790844 0.583209156
2:/crrcr: 0.000000000 0.717367581 0.282632419
2:/crrfr: 0.000000000 0.000000000 1.000000000
2:/crrrc: 0.000000000 0.012366181 0.987633819
2:/crrrf: 0.000000000 0.029705293 0.970294707
2:/rc: 0.007226259 0.000000000 0.992773741
2:/rcrcr: 0.000000000 0.328923486 0.671076514
2:/rcrfr: 0.000000000 0.249629990 0.750370010
2:/rcrrc: 0.000000000 0.229182188 0.770817812
2:/rcrrf: 0.000000000 0.677313037 0.322686963
2:/rf: 0.483444619 0.221001016 0.295554364
2:/rfrr: 0.000000000 0.768398632 0.231601368
2:/rr: 0.000000000 0.000000000 1.000000000
2:/rrcrc: 0.000000000 0.006792869 0.993207131
2:/rrcrf: 0.000000000 0.576197224 0.423802776
3:/cc: 0.892877919 0.107122081 0.000000000
3:/ccrcr: 0.000000000 0.269753925 0.730246075
3:/ccrcrcrc: 0.000000000 0.142281772 0.857718228
3:/ccrcrcrf: 0.000000000 0.397505914 0.602494086
3:/ccrfr: 0.101674159 0.000000000 0.898325841
3:/ccrrc: 0.141267551 0.548069056 0.310663393
3:/ccrrf: 0.313716577 0.301306483 0.384976940
3:/ccrrr: 0.000000000 0.761241111 0.238758889
3:/cr: 0.000000000 0.000022934 0.999977066
3:/crcrc: 0.130894402 0.454099452 0.415006146
3:/crcrf: 0.518500022 0.282875057 0.198624921
3:/crcrr: 0.000000000 0.040539412 0.959460588
3:/crrcr: 0.000000000 0.410792220 0.589207780
3:/crrfr: 0.000000000 0.072369444 0.927630556
3:/crrrc: 0.000000000 0.119886323 0.880113677
3:/crrrf: 0.000000000 0.178971821 0.821028179
3:/rc: 0.017075490 0.000000000 0.982924510
3:/rcrcr: 0.000000000 0.304365339 0.695634661
3:/rcrfr: 0.000000000 0.434957113 0.565042887
3:/rcrrc: 0.000000000 0.285982068 0.714017932
3:/rcrrf: 0.000000000 0.713621994 0.286378006
3:/rf: 0.444124173 0.501183522 0.054692305
3:/rfrr: 0.000000000 0.632497038 0.367502962
3:/rr: 0.072799992 0.000351091 0.926848917
3:/rrcrc: 0.000000000 0.513028399 0.486971601
3:/rrcrf: 0.000000000 0.852813346 0.147186654
4:/cc: 0.139681992 0.860318008 0.000000000
4:/ccrcr: 0.022748681 0.198907098 0.778344221
4:/ccrcrcrc: 0.000000000 0.874616645 0.125383355
4:/ccrcrcrf: 0.000000000 0.710250919 0.289749081
4:/ccrfr: 0.020201833 0.147414985 0.832383182
4:/ccrrc: 0.007734397 0.520441847 0.471823756
4:/ccrrf: 0.048960815 0.216824620 0.734214565
4:/ccrrr: 0.000000000 0.104894142 0.895105858
4:/cr: 0.000022932 0.000024153 0.999952915
4:/crcrc: 0.198279252 0.380191593 0.421529155
4:/crcrf: 0.485586651 0.299717679 0.214695669
4:/crcrr: 0.000000000 0.361597552 0.638402448
4:/crrcr: 0.000000000 0.385590924 0.614409076
4:/crrfr: 0.000000000 0.340631236 0.659368764
4:/crrrc: 0.000000000 0.000000000 1.000000000
4:/crrrf: 0.000000000 0.546908794 0.453091206
4:/rc: 0.021125811 0.000000000 0.978874189
4:/rcrcr: 0.000000000 0.657542474 0.342457526
4:/rcrfr: 0.000000000 0.457030196 0.542969804
4:/rcrrc: 0.000000000 0.650092936 0.349907064
4:/rcrrf: 0.000000000 0.445023183 0.554976817
4:/rf: 0.168528299 0.500305672 0.331166029
4:/rfrr: 0.000000000 0.377537232 0.622462768
4:/rr: 0.000000000 0.000000000 1.000000000
4:/rrcrc: 0.000000000 0.816452728 0.183547272
4:/rrcrf: 0.000000000 0.241349346 0.758650654
5:/cc: 0.005779315 0.994220685 0.000000000
5:/ccrcr: 0.000000000 0.178264004 0.821735996
5:/ccrcrcrc: 0.000000000 0.405217404 0.594782596
5:/ccrcrcrf: 0.000000000 0.105186992 0.894813008
5:/ccrfr: 0.020244281 0.281371673 0.698384045
5:/ccrrc: 0.334218406 0.412179494 0.253602100
5:/ccrrf: 0.494746989 0.335452810 0.169800201
5:/ccrrr: 0.000000000 0.563076666 0.436923334
5:/cr: 0.013123746 0.000064168 0.986812086
5:/crcrc: 0.186507135 0.700430698 0.113062168
5:/crcrf: 0.068685126 0.245939154 0.685375720
5:/crcrr: 0.000000000 0.517554055 0.482445945
5:/crrcr: 0.000000000 0.656997358 0.343002642
5:/crrfr: 0.000000000 0.002605379 0.997394621
5:/crrrc: 0.000000000 0.000000000 1.000000000
5:/crrrf: 0.000000000 0.603132853 0.396867147
5:/rc: 0.037666971 0.000000000 0.962333029
5:/rcrcr: 0.000000000 0.435704081 0.564295919
5:/rcrfr: 0.000000000 0.121051946 0.878948054
5:/rcrrc: 0.000000000 0.806464208 0.193535792
5:/rcrrf: 0.000000000 0.530117929 0.469882071
5:/rf: 0.798367866 0.186319989 0.015312145
5:/rfrr: 0.000000000 0.848238419 0.151761581
5:/rr: 0.000000000 0.106524622 0.893475378
5:/rrcrc: 0.000000000 0.626984901 0.373015099
5:/rrcrf: 0.000000000 0.781113756 0.218886244
6:/cc: 0.000172433 0.999827567 0.000000000
6:/ccrcr: 0.000000000 0.007751568 0.992248432
6:/ccrcrcrc: 0.000000000 0.711115644 0.288884356
6:/ccrcrcrf: 0.000000000 0.221925733 0.778074267
6:/ccrfr: 0.017284972 0.175520540 0.807194488
6:/ccrrc: 0.397586210 0.321154160 0.281259630
6:/ccrrf: 0.036181204 0.332968061 0.630850735
6:/ccrrr: 0.000000000 0.483790750 0.516209250
6:/cr: 0.000162002 0.000033349 0.999804648
6:/crcrc: 0.566608113 0.243883530 0.189508358
6:/crcrf: 0.656544828 0.228961665 0.114493507
6:/crcrr: 0.000000000 0.409674462 0.590325538
6:/crrcr: 0.000000000 0.405696950 0.594303050
6:/crrfr: 0.000000000 0.287696608 0.712303392
6:/crrrc: 0.000000000 0.005462623 0.994537377
6:/crrrf: 0.000000000 0.198108816 0.801891184
6:/rc: 0.220567774 0.000000000 0.779432226
6:/rcrcr: 0.000000000 0.259266020 0.740733980
6:/rcrfr: 0.000000000 0.048964368 0.951035632
6:/rcrrc: 0.000000000 0.000000000 1.000000000
6:/rcrrf: 0.000000000 0.452869271 0.547130729
6:/rf: 0.438608609 0.228866979 0.332524412
6:/rfrr: 0.000000000 0.664670758 0.335329242
6:/rr: 0.000000000 0.043022086 0.956977914
6:/rrcrc: 0.000000000 0.000000000 1.000000000
6:/rrcrf: 0.000000000 0.408266385 0.591733615
7:/cc: 0.000027494 0.999972506 0.000000000
7:/ccrcr: 0.018190270 0.113827935 0.867981795
7:/ccrcrcrc: 0.000000000 0.261373298 0.738626702
7:/ccrcrcrf: 0.000000000 0.449577379 0.550422621
7:/ccrfr: 0.000107386 0.240123923 0.759768691
7:/ccrrc: 0.116959267 0.481536530 0.401504203
7:/ccrrf: 0.396811449 0.294936402 0.308252149
7:/ccrrr: 0.000000000 0.219524156 0.780475844
7:/cr: 0.033391224 0.000134451 0.966474325
7:/crcrc: 0.232382554 0.334021104 0.433596342
7:/crcrf: 0.330066340 0.394188688 0.275744972
7:/crcrr: 0.000000000 0.325074328 0.674925672
7:/crrcr: 0.000000000 0.156922687 0.843077313
7:/crrfr: 0.000000000 0.110742190 0.889257810
7:/crrrc: 0.000000000 0.455906772 0.544093228
7:/crrrf: 0.000000000 0.276508375 0.723491625
7:/rc: 0.139446876 0.000000000 0.860553124
7:/rcrcr: 0.000000000 0.101890896 0.898109104
7:/rcrfr: 0.000000000 0.000000000 1.000000000
7:/rcrrc: 0.000000000 0.428724965 0.571275035
7:/rcrrf: 0.000000000 0.293594400 0.706405600
7:/rf: 0.263732373 0.453518496 0.282749132
7:/rfrr: 0.000000000 0.425048413 0.574951587
7:/rr: 0.000000000 0.000000000 1.000000000
7:/rrcrc: 0.000000000 0.810533234 0.189466766
7:/rrcrf: 0.000000000 0.799908349 0.200091651
8:/cc: 0.000000000 1.000000000 0.000000000
8:/ccrcr: 0.000000000 0.342877352 0.657122648
8:/ccrcrcrc: 0.000000000 0.388095616 0.611904384
8:/ccrcrcrf: 0.000000000 0.463979190 0.536020810
8:/ccrfr: 0.000107657 0.276941517 0.722950826
8:/ccrrc: 0.262631488 0.405351456 0.332017056
8:/ccrrf: 0.193463670 0.596727868 0.209808462
8:/ccrrr: 0.000000000 0.738244457 0.261755543
8:/cr: 0.000170943 0.000053101 0.999775956
8:/crcrc: 0.054300562 0.307999532 0.637699907
8:/crcrf: 0.077031920 0.394136794 0.528831286
8:/crcrr: 0.000000000 0.385348440 0.614651560
8:/crrcr: 0.000000000 0.502113432 0.497886568
8:/crrfr: 0.000000000 0.599867343 0.400132657
8:/crrrc: 0.000000000 0.121400656 0.878599344
8:/crrrf: 0.000000000 0.579795675 0.420204325
8:/rc: 0.198062442 0.000000000 0.801937558
8:/rcrcr: 0.000000000 0.210972576 0.789027424
8:/rcrfr: 0.000000000 0.765712856 0.234287144
8:/rcrrc: 0.000000000 0.133698262 0.866301738
8:/rcrrf: 0.000000000 0.750190752 0.249809248
8:/rf: 0.560716913 0.225491953 0.213791134
8:/rfrr: 0.000000000 0.461880920 0.538119080
8:/rr: 0.000000000 0.009912132 0.990087868
8:/rrcrc: 0.000000000 0.078019647 0.921980353
8:/rrcrf: 0.000000000 0.525554538 0.474445462
9:/cc: 0.000000000 1.000000000 0.000000000
9:/ccrcr: 0.285454956 0.420260482 0.294284562
9:/ccrcrcrc: 0.000000000 0.655159107 0.344840893
9:/ccrcrcrf: 0.000000000 0.005227672 0.994772328
9:/ccrfr: 0.000000000 0.433322535 0.566677465
9:/ccrrc: 0.294855684 0.573356475 0.131787841
9:/ccrrf: 0.538859572 0.189745562 0.271394866
9:/ccrrr: 0.000000000 0.683245684 0.316754316
9:/cr: 0.000091673 0.000030519 0.999877808
9:/crcrc: 0.393680672 0.175533695 0.430785633
9:/crcrf: 0.468512356 0.338057492 0.193430152
9:/crcrr: 0.000000000 0.020882785 0.979117215
9:/crrcr: 0.000000000 0.167401453 0.832598547
9:/crrfr: 0.000000000 0.107994727 0.892005273
9:/crrrc: 0.000000000 0.365031061 0.634968939
9:/crrrf: 0.000000000 0.801574703 0.198425297
9:/rc: 0.053375191 0.000000000 0.946624809
9:/rcrcr: 0.000000000 0.111325847 0.888674153
9:/rcrfr: 0.000000000 0.097309442 0.902690558
9:/rcrrc: 0.000000000 0.478276455 0.521723545
9:/rcrrf: 0.000000000 0.360955954 0.639044046
9:/rf: 0.300149366 0.238250101 0.461600533
9:/rfrr: 0.000000000 0.086618700 0.913381300
9:/rr: 0.092125797 0.000000000 0.907874203
9:/rrcrc: 0.000000000 0.336685518 0.663314482
9:/rrcrf: 0.000000000 0.615025896 0.384974104
A:/cc: 1.000000000 0.000000000 0.000000000
A:/ccrcr: 0.547856064 0.452143936 0.000000000
A:/ccrcrcrc: 0.000000000 0.669457628 0.330542372
A:/ccrcrcrf: 0.000000000 0.647011040 0.352988960
A:/ccrfr: 0.724316864 0.275683136 0.000000000
A:/ccrrc: 0.401652119 0.536059282 0.062288599
A:/ccrrf: 0.291035483 0.311810352 0.397154165
A:/ccrrr: 0.000000000 0.995607444 0.004392556
A:/cr: 1.000000000 0.000000000 0.000000000
A:/crcrc: 0.144835601 0.286836691 0.568327708
A:/crcrf: 0.369227599 0.247257784 0.383514617
A:/crcrr: 0.000000000 0.562546638 0.437453362
A:/crrcr: 0.000000000 0.953384002 0.046615998
A:/crrfr: 0.000000000 0.925620480 0.074379520
A:/crrrc: 0.000000000 1.000000000 0.000000000
A:/crrrf: 0.000000000 0.626303422 0.373696578
A:/rc: 0.766896926 0.233103074 0.000000000
A:/rcrcr: 0.000000000 0.990783914 0.009216086
A:/rcrfr: 0.000000000 1.000000000 0.000000000
A:/rcrrc: 0.000000000 1.000000000 0.000000000
A:/rcrrf: 0.000000000 0.597444445 0.402555555
A:/rf: 0.019595809 0.412915137 0.567489053
A:/rfrr: 0.000000000 0.405921899 0.594078101
A:/rr: 0.440483988 0.559516012 0.000000000
A:/rrcrc: 0.000000000 0.694630302 0.305369698
A:/rrcrf: 0.000000000 0.476557534 0.523442466
J:/cc: 0.697643055 0.302356945 0.000000000
J:/ccrcr: 0.190565772 0.501889412 0.307544816
J:/ccrcrcrc: 0.000000000 0.815555960 0.184444040
J:/ccrcrcrf: 0.000000000 0.686143560 0.313856440
J:/ccrfr: 0.183796869 0.525138902 0.291064229
J:/ccrrc: 0.149577587 0.403373569 0.447048844
J:/ccrrf: 0.027828784 0.541221222 0.430949995
J:/ccrrr: 0.000000000 0.497592990 0.502407010
J:/cr: 0.000000000 0.629892971 0.370107029
J:/crcrc: 0.478231582 0.098246044 0.423522374
J:/crcrf: 0.415529105 0.338332471 0.246138424
J:/crcrr: 0.000000000 0.421294915 0.578705085
J:/crrcr: 0.000000000 0.535197107 0.464802893
J:/crrfr: 0.000000000 0.336533328 0.663466672
J:/crrrc: 0.000000000 0.491622635 0.508377365
J:/crrrf: 0.000000000 0.482086422 0.517913578
J:/rc: 0.202469888 0.797530112 0.000000000
J:/rcrcr: 0.000000000 0.792829889 0.207170111
J:/rcrfr: 0.000000000 0.946041724 0.053958276
J:/rcrrc: 0.000000000 0.306199720 0.693800280
J:/rcrrf: 0.000000000 0.493384024 0.506615976
J:/rf: 0.371623915 0.179839172 0.448536914
J:/rfrr: 0.000000000 0.497951134 0.502048866
J:/rr: 0.030655824 0.277523525 0.691820651
J:/rrcrc: 0.000000000 0.900823287 0.099176713
J:/rrcrf: 0.000000000 0.582332699 0.417667301
K:/cc: 1.000000000 0.000000000 0.000000000
K:/ccrcr: 0.196218580 0.566126198 0.237655221
K:/ccrcrcrc: 0.000000000 0.513005257 0.486994743
K:/ccrcrcrf: 0.000000000 0.745267603 0.254732397
K:/ccrfr: 0.219356440 0.572362990 0.208280571
K:/ccrrc: 0.340433799 0.540133580 0.119432621
K:/ccrrf: 0.583140838 0.198231757 0.218627404
K:/ccrrr: 0.000000000 0.538649494 0.461350506
K:/cr: 0.000000000 1.000000000 0.000000000
K:/crcrc: 0.247145801 0.360318968 0.392535232
K:/crcrf: 0.420136440 0.080178427 0.499685133
K:/crcrr: 0.000000000 0.858953467 0.141046533
K:/crrcr: 0.000000000 0.805269582 0.194730418
K:/crrfr: 0.000000000 0.708659926 0.291340074
K:/crrrc: 0.000000000 0.669757230 0.330242770
K:/crrrf: 0.000000000 0.556479421 0.443520579
K:/rc: 0.619965525 0.380034475 0.000000000
K:/rcrcr: 0.000000000 0.996056041 0.003943959
K:/rcrfr: 0.000000000 0.981972368 0.018027632
K:/rcrrc: 0.000000000 1.000000000 0.000000000
K:/rcrrf: 0.000000000 0.556434461 0.443565539
K:/rf: 0.261397351 0.431505782 0.307096867
K:/rfrr: 0.000000000 0.519817969 0.480182031
K:/rr: 0.129937710 0.614835066 0.255227224
K:/rrcrc: 0.000000000 0.533340206 0.466659794
K:/rrcrf: 0.000000000 0.160234363 0.839765637
Q:/cc: 1.000000000 0.000000000 0.000000000
Q:/ccrcr: 0.026035094 0.687865406 0.286099499
Q:/ccrcrcrc: 0.000000000 0.984154454 0.015845546
Q:/ccrcrcrf: 0.000000000 0.451352875 0.548647125
Q:/ccrfr: 0.376749278 0.339993319 0.283257403
Q:/ccrrc: 0.390455671 0.415020934 0.194523395
Q:/ccrrf: 0.240296762 0.643958080 0.115745159
Q:/ccrrr: 0.000000000 0.603592644 0.396407356
Q:/cr: 0.000000000 1.000000000 0.000000000
Q:/crcrc: 0.199396011 0.750879850 0.049724140
Q:/crcrf: 0.052971818 0.599566897 0.347461285
Q:/crcrr: 0.000000000 0.561411358 0.438588642
Q:/crrcr: 0.000000000 0.938934870 0.061065130
Q:/crrfr: 0.000000000 0.485137592 0.514862408
Q:/crrrc: 0.000000000 0.715887045 0.284112955
Q:/crrrf: 0.000000000 0.469408204 0.530591796
Q:/rc: 0.000000000 1.000000000 0.000000000
Q:/rcrcr: 0.000000000 0.405055126 0.594944874
Q:/rcrfr: 0.000000000 0.830733305 0.169266695
Q:/rcrrc: 0.000000000 0.599005827 0.400994173
Q:/rcrrf: 0.000000000 0.225761887 0.774238113
Q:/rf: 0.300338640 0.075398474 0.624262886
Q:/rfrr: 0.000000000 0.718482657 0.281517343
Q:/rr: 0.231409704 0.282200445 0.486389851
Q:/rrcrc: 0.000000000 0.983593050 0.016406950
Q:/rrcrf: 0.000000000 0.096174019 0.903825981
T:/cc: 0.000061889 0.999938111 0.000000000
T:/ccrcr: 0.000000000 0.649954304 0.350045696
T:/ccrcrcrc: 0.000000000 0.107810359 0.892189641
T:/ccrcrcrf: 0.000000000 0.706074951 0.293925049
T:/ccrfr: 0.023437002 0.563107916 0.413455082
T:/ccrrc: 0.332930298 0.249697545 0.417372157
T:/ccrrf: 0.547419546 0.226954875 0.225625579
T:/ccrrr: 0.000000000 0.551692808 0.448307192
T:/cr: 0.190025752 0.000078207 0.809896040
T:/crcrc: 0.322058762 0.348508989 0.329432249
T:/crcrf: 0.491902854 0.094393843 0.413703303
T:/crcrr: 0.000000000 0.351605870 0.648394130
T:/crrcr: 0.000000000 0.638787803 0.361212197
T:/crrfr: 0.000000000 0.092201653 0.907798347
T:/crrrc: 0.000000000 0.045943801 0.954056199
T:/crrrf: 0.000000000 0.393641927 0.606358073
T:/rc: 0.355216758 0.180718995 0.464064248
T:/rcrcr: 0.000000000 0.409681279 0.590318721
T:/rcrfr: 0.000000000 0.620924628 0.379075372
T:/rcrrc: 0.000000000 0.563763552 0.436236448
T:/rcrrf: 0.000000000 0.502859530 0.497140470
T:/rf: 0.629518243 0.339437463 0.031044294
T:/rfrr: 0.000000000 0.611799613 0.388200387
T:/rr: 0.056775054 0.271134079 0.672090867
T:/rrcrc: 0.000000000 0.352820420 0.647179580
T:/rrcrf: 0.000000000 0.277819056 0.722180944
