8:/: 1.000000000 0.000000000 0.000000000
8:/cccr: 0.201956513 0.659075745 0.138967743
8:/cccrccrc: 0.000000000 0.615088232 0.384911768
8:/cccrccrf: 0.000000000 0.620082965 0.379917035
8:/cccrcfrc: 0.000000000 0.144159166 0.855840834
8:/cccrcfrf: 0.000000000 0.988474459 0.011525541
8:/cccrcrcc: 0.000000000 0.656993100 0.343006900
8:/cccrcrcf: 0.000000000 0.642282419 0.357717581
8:/cccrcrfc: 0.000000000 0.123145274 0.876854726
8:/cccrcrff: 0.000000000 0.083796284 0.916203716
8:/ccrc: 0.267502255 0.253955723 0.478542023
8:/ccrccrcc: 0.000000000 0.564357083 0.435642917
8:/ccrccrcf: 0.000000000 0.800397986 0.199602014
8:/ccrccrfc: 0.000000000 0.711603367 0.288396633
8:/ccrccrff: 0.000000000 0.151721476 0.848278524
8:/ccrf: 0.581907054 0.415761424 0.002331522
8:/ccrfcrc: 0.000000000 0.813035074 0.186964926
8:/ccrfcrf: 0.000000000 0.171443401 0.828556599
8:/ccrr: 0.000000000 0.848582630 0.151417370
8:/crcc: 0.740044299 0.198462027 0.061493674
8:/crcf: 0.594789414 0.006950860 0.398259726
8:/crcr: 0.000000000 0.270526565 0.729473435
8:/crfc: 0.192685115 0.358985897 0.448328988
8:/crff: 0.218611167 0.163134203 0.618254630
8:/crfr: 0.000000000 0.000000000 1.000000000
8:/crrc: 0.000000000 0.263321984 0.736678016
8:/crrf: 0.000000000 0.261065880 0.738934120
8:/rccr: 0.000000000 0.000000000 1.000000000
8:/rcfr: 0.000000000 0.068753655 0.931246345
8:/rcrc: 0.000000000 0.281888992 0.718111008
8:/rcrf: 0.000000000 0.536502316 0.463497684
8:/rfcr: 0.000000000 0.432528120 0.567471880
8:/rffr: 0.000000000 0.000000000 1.000000000
8:/rfrc: 0.000000000 0.196180237 0.803819763
8:/rfrf: 0.000000000 0.486077707 0.513922293
8:/rrcc: 0.000000000 0.100331212 0.899668788
8:/rrcf: 0.000000000 0.742208317 0.257791683
8:/rrfc: 0.000000000 0.295062579 0.704937421
8:/rrff: 0.000000000 0.209596873 0.790403127
9:/: 1.000000000 0.000000000 0.000000000
9:/cccr: 0.400692046 0.494080033 0.105227921
9:/cccrccrc: 0.000000000 0.124038010 0.875961990
9:/cccrccrf: 0.000000000 0.677545645 0.322454355
9:/cccrcfrc: 0.000000000 0.421672243 0.578327757
9:/cccrcfrf: 0.000000000 0.973397064 0.026602936
9:/cccrcrcc: 0.000000000 0.000000000 1.000000000
9:/cccrcrcf: 0.000000000 0.000000000 1.000000000
9:/cccrcrfc: 0.000000000 0.026376632 0.973623368
9:/cccrcrff: 0.000000000 0.885490724 0.114509276
9:/ccrc: 0.101842547 0.273944819 0.624212634
9:/ccrccrcc: 0.000000000 0.512081275 0.487918725
9:/ccrccrcf: 0.000000000 0.411750571 0.588249429
9:/ccrccrfc: 0.000000000 0.369343394 0.630656606
9:/ccrccrff: 0.000000000 0.507705519 0.492294481
9:/ccrf: 0.119374986 0.580223029 0.300401985
9:/ccrfcrc: 0.000000000 0.453789761 0.546210239
9:/ccrfcrf: 0.000000000 0.812218942 0.187781058
9:/ccrr: 0.000000000 0.000000000 1.000000000
9:/crcc: 0.220145866 0.568563268 0.211290865
9:/crcf: 0.249299162 0.477078703 0.273622135
9:/crcr: 0.000000000 0.371737813 0.628262187
9:/crfc: 0.161349193 0.257908787 0.580742020
9:/crff: 0.336308717 0.053933352 0.609757931
9:/crfr: 0.000000000 0.000000000 1.000000000
9:/crrc: 0.000000000 0.579409209 0.420590791
9:/crrf: 0.000000000 0.125054215 0.874945785
9:/rccr: 0.000000000 0.000000000 1.000000000
9:/rcfr: 0.000000000 0.096927566 0.903072434
9:/rcrc: 0.000000000 0.480290539 0.519709461
9:/rcrf: 0.000000000 0.762547815 0.237452185
9:/rfcr: 0.000000000 0.508552702 0.491447298
9:/rffr: 0.000000000 0.306653548 0.693346452
9:/rfrc: 0.000000000 0.000000000 1.000000000
9:/rfrf: 0.000000000 0.020814158 0.979185842
9:/rrcc: 0.000000000 0.353037435 0.646962565
9:/rrcf: 0.000000000 0.000000000 1.000000000
9:/rrfc: 0.000000000 0.158727492 0.841272508
9:/rrff: 0.000000000 0.000000000 1.000000000
A:/: 1.000000000 0.000000000 0.000000000
A:/cccr: 0.999987514 0.000012486 0.000000000
A:/cccrccrc: 0.000000000 1.000000000 0.000000000
A:/cccrccrf: 0.000000000 0.830291839 0.169708161
A:/cccrcfrc: 0.000000000 1.000000000 0.000000000
A:/cccrcfrf: 0.000000000 0.066529572 0.933470428
A:/cccrcrcc: 0.000000000 1.000000000 0.000000000
A:/cccrcrcf: 0.000000000 1.000000000 0.000000000
A:/cccrcrfc: 0.000000000 1.000000000 0.000000000
A:/cccrcrff: 0.000000000 1.000000000 0.000000000
A:/ccrc: 1.000000000 0.000000000 0.000000000
A:/ccrccrcc: 0.000000000 0.695721021 0.304278979
A:/ccrccrcf: 0.000000000 0.437522002 0.562477998
A:/ccrccrfc: 0.000000000 1.000000000 0.000000000
A:/ccrccrff: 0.000000000 0.149939864 0.850060136
A:/ccrf: 0.481366103 0.518633897 0.000000000
A:/ccrfcrc: 0.000000000 0.848072774 0.151927226
A:/ccrfcrf: 0.000000000 0.880889084 0.119110916
A:/ccrr: 0.000000000 1.000000000 0.000000000
A:/crcc: 0.283093774 0.702608935 0.014297291
A:/crcf: 0.202481678 0.797518322 0.000000000
A:/crcr: 0.000000000 0.270188371 0.729811629
A:/crfc: 0.491685020 0.508314980 0.000000000
A:/crff: 0.506438294 0.493561706 0.000000000
A:/crfr: 0.000000000 0.726874090 0.273125910
A:/crrc: 0.000000000 0.954514872 0.045485128
A:/crrf: 0.000000000 1.000000000 0.000000000
A:/rccr: 0.000000000 1.000000000 0.000000000
A:/rcfr: 0.000000000 1.000000000 0.000000000
A:/rcrc: 0.000000000 1.000000000 0.000000000
A:/rcrf: 0.000000000 0.865687136 0.134312864
A:/rfcr: 0.000000000 1.000000000 0.000000000
A:/rffr: 0.000000000 1.000000000 0.000000000
A:/rfrc: 0.000000000 1.000000000 0.000000000
A:/rfrf: 0.000000000 0.946996133 0.053003867
A:/rrcc: 0.000000000 1.000000000 0.000000000
A:/rrcf: 0.000000000 1.000000000 0.000000000
A:/rrfc: 0.000000000 1.000000000 0.000000000
A:/rrff: 0.000000000 1.000000000 0.000000000
J:/: 0.337354172 0.662645828 0.000000000
J:/cccr: 1.000000000 0.000000000 0.000000000
J:/cccrccrc: 0.000000000 0.542899200 0.457100800
J:/cccrccrf: 0.000000000 0.468381755 0.531618245
J:/cccrcfrc: 0.000000000 0.518861175 0.481138825
J:/cccrcfrf: 0.000000000 0.628716386 0.371283614
J:/cccrcrcc: 0.000000000 0.600718104 0.399281896
J:/cccrcrcf: 0.000000000 0.661512323 0.338487677
J:/cccrcrfc: 0.000000000 0.263675819 0.736324181
J:/cccrcrff: 0.000000000 1.000000000 0.000000000
J:/ccrc: 0.482355868 0.000293719 0.517350413
J:/ccrccrcc: 0.000000000 0.201027247 0.798972753
J:/ccrccrcf: 0.000000000 0.466394987 0.533605013
J:/ccrccrfc: 0.000000000 0.382403410 0.617596590
J:/ccrccrff: 0.000000000 0.697832573 0.302167427
J:/ccrf: 0.392145163 0.520012230 0.087842607
J:/ccrfcrc: 0.000000000 0.536814231 0.463185769
J:/ccrfcrf: 0.000000000 0.571904903 0.428095097
J:/ccrr: 0.000000000 0.407167868 0.592832132
J:/crcc: 0.630600050 0.369395458 0.000004492
J:/crcf: 0.617575712 0.000000000 0.382424288
J:/crcr: 0.000000000 0.741295691 0.258704309
J:/crfc: 0.107490704 0.158351455 0.734157841
J:/crff: 0.597988547 0.000000000 0.402011453
J:/crfr: 0.000000000 0.493419343 0.506580657
J:/crrc: 0.000000000 0.519708661 0.480291339
J:/crrf: 0.000000000 0.397924245 0.602075755
J:/rccr: 0.000000000 0.167268591 0.832731409
J:/rcfr: 0.000000000 1.000000000 0.000000000
J:/rcrc: 0.000000000 0.505867921 0.494132079
J:/rcrf: 0.000000000 0.568773308 0.431226692
J:/rfcr: 0.000000000 0.762434334 0.237565666
J:/rffr: 0.000000000 0.888053788 0.111946212
J:/rfrc: 0.000000000 0.393739144 0.606260856
J:/rfrf: 0.000000000 0.491671133 0.508328867
J:/rrcc: 0.000000000 0.230075727 0.769924273
J:/rrcf: 0.000000000 0.858867523 0.141132477
J:/rrfc: 0.000000000 0.000000000 1.000000000
J:/rrff: 0.000000000 0.186836299 0.813163701
K:/: 1.000000000 0.000000000 0.000000000
K:/cccr: 1.000000000 0.000000000 0.000000000
K:/cccrccrc: 0.000000000 1.000000000 0.000000000
K:/cccrccrf: 0.000000000 1.000000000 0.000000000
K:/cccrcfrc: 0.000000000 0.234601695 0.765398305
K:/cccrcfrf: 0.000000000 0.425171833 0.574828167
K:/cccrcrcc: 0.000000000 0.560747966 0.439252034
K:/cccrcrcf: 0.000000000 1.000000000 0.000000000
K:/cccrcrfc: 0.000000000 0.624507775 0.375492225
K:/cccrcrff: 0.000000000 1.000000000 0.000000000
K:/ccrc: 0.590289292 0.209115013 0.200595695
K:/ccrccrcc: 0.000000000 0.940300087 0.059699913
K:/ccrccrcf: 0.000000000 0.414465397 0.585534603
K:/ccrccrfc: 0.000000000 0.570415076 0.429584924
K:/ccrccrff: 0.000000000 0.920487751 0.079512249
K:/ccrf: 0.710218185 0.272560961 0.017220853
K:/ccrfcrc: 0.000000000 1.000000000 0.000000000
K:/ccrfcrf: 0.000000000 0.393855619 0.606144381
K:/ccrr: 0.000000000 0.610457559 0.389542441
K:/crcc: 0.167174043 0.393346592 0.439479365
K:/crcf: 0.656304625 0.265790996 0.077904379
K:/crcr: 0.000000000 0.823404745 0.176595255
K:/crfc: 0.113357615 0.008093179 0.878549206
K:/crff: 0.663363069 0.248191985 0.088444946
K:/crfr: 0.000000000 1.000000000 0.000000000
K:/crrc: 0.000000000 0.604756923 0.395243077
K:/crrf: 0.000000000 0.860688714 0.139311286
K:/rccr: 0.000000000 1.000000000 0.000000000
K:/rcfr: 0.000000000 1.000000000 0.000000000
K:/rcrc: 0.000000000 0.987005719 0.012994281
K:/rcrf: 0.000000000 1.000000000 0.000000000
K:/rfcr: 0.000000000 0.696801688 0.303198312
K:/rffr: 0.000000000 1.000000000 0.000000000
K:/rfrc: 0.000000000 1.000000000 0.000000000
K:/rfrf: 0.000000000 0.748838308 0.251161692
K:/rrcc: 0.000000000 0.332565147 0.667434853
K:/rrcf: 0.000000000 0.198531583 0.801468417
K:/rrfc: 0.000000000 1.000000000 0.000000000
K:/rrff: 0.000000000 0.626274373 0.373725627
Q:/: 0.500530276 0.499469724 0.000000000
Q:/cccr: 1.000000000 0.000000000 0.000000000
Q:/cccrccrc: 0.000000000 0.940162976 0.059837024
Q:/cccrccrf: 0.000000000 0.704419874 0.295580126
Q:/cccrcfrc: 0.000000000 0.538802115 0.461197885
Q:/cccrcfrf: 0.000000000 0.905075390 0.094924610
Q:/cccrcrcc: 0.000000000 0.000000000 1.000000000
Q:/cccrcrcf: 0.000000000 1.000000000 0.000000000
Q:/cccrcrfc: 0.000000000 0.819205580 0.180794420
Q:/cccrcrff: 0.000000000 1.000000000 0.000000000
Q:/ccrc: 0.566742475 0.001340433 0.431917092
Q:/ccrccrcc: 0.000000000 0.580351074 0.419648926
Q:/ccrccrcf: 0.000000000 0.396696775 0.603303225
Q:/ccrccrfc: 0.000000000 0.208332502 0.791667498
Q:/ccrccrff: 0.000000000 0.763735763 0.236264237
Q:/ccrf: 0.571274696 0.358400325 0.070324979
Q:/ccrfcrc: 0.000000000 0.183088023 0.816911977
Q:/ccrfcrf: 0.000000000 0.805289615 0.194710385
Q:/ccrr: 0.000000000 0.599663753 0.400336247
Q:/crcc: 0.498832316 0.268324419 0.232843264
Q:/crcf: 0.376100274 0.272060039 0.351839688
Q:/crcr: 0.000000000 0.529653367 0.470346633
Q:/crfc: 0.354863571 0.000000000 0.645136429
Q:/crff: 0.234112893 0.153652468 0.612234639
Q:/crfr: 0.000000000 0.710873800 0.289126200
Q:/crrc: 0.000000000 0.647172517 0.352827483
Q:/crrf: 0.000000000 0.156674730 0.843325270
Q:/rccr: 0.000000000 0.983166455 0.016833545
Q:/rcfr: 0.000000000 1.000000000 0.000000000
Q:/rcrc: 0.000000000 0.387036273 0.612963727
Q:/rcrf: 0.000000000 0.182462039 0.817537961
Q:/rfcr: 0.000000000 0.513417346 0.486582654
Q:/rffr: 0.000000000 1.000000000 0.000000000
Q:/rfrc: 0.000000000 0.677103264 0.322896736
Q:/rfrf: 0.000000000 0.529388448 0.470611552
Q:/rrcc: 0.000000000 0.467329882 0.532670118
Q:/rrcf: 0.000000000 0.693242647 0.306757353
Q:/rrfc: 0.000000000 0.000000000 1.000000000
Q:/rrff: 0.000000000 0.383330985 0.616669015
T:/: 0.999367132 0.000632868 0.000000000
T:/cccr: 0.984993009 0.015006991 0.000000000
T:/cccrccrc: 0.000000000 0.783801048 0.216198952
T:/cccrccrf: 0.000000000 0.382938651 0.617061349
T:/cccrcfrc: 0.000000000 0.773488467 0.226511533
T:/cccrcfrf: 0.000000000 0.147199615 0.852800385
T:/cccrcrcc: 0.000000000 0.142833340 0.857166660
T:/cccrcrcf: 0.000000000 0.493864941 0.506135059
T:/cccrcrfc: 0.000000000 0.164372844 0.835627156
T:/cccrcrff: 0.000000000 1.000000000 0.000000000
T:/ccrc: 0.291827316 0.066553367 0.641619317
T:/ccrccrcc: 0.000000000 0.000000000 1.000000000
T:/ccrccrcf: 0.000000000 0.419657874 0.580342126
T:/ccrccrfc: 0.000000000 0.528718155 0.471281845
T:/ccrccrff: 0.000000000 0.924597671 0.075402329
T:/ccrf: 0.492064056 0.035304970 0.472630974
T:/ccrfcrc: 0.000000000 0.486576382 0.513423618
T:/ccrfcrf: 0.000000000 0.651910504 0.348089496
T:/ccrr: 0.000000000 0.802235926 0.197764074
T:/crcc: 0.435735288 0.243617957 0.320646754
T:/crcf: 0.623812386 0.010281853 0.365905761
T:/crcr: 0.000000000 0.417545311 0.582454689
T:/crfc: 0.120614918 0.383631229 0.495753853
T:/crff: 0.221618418 0.211521366 0.566860216
T:/crfr: 0.000000000 0.635323422 0.364676578
T:/crrc: 0.000000000 0.510774714 0.489225286
T:/crrf: 0.000000000 0.044749982 0.955250018
T:/rccr: 0.000000000 0.000000000 1.000000000
T:/rcfr: 0.000000000 0.361201890 0.638798110
T:/rcrc: 0.000000000 0.210835938 0.789164062
T:/rcrf: 0.000000000 0.000000000 1.000000000
T:/rfcr: 0.000000000 0.833071759 0.166928241
T:/rffr: 0.000000000 0.188043108 0.811956892
T:/rfrc: 0.000000000 0.044128835 0.955871165
T:/rfrf: 0.000000000 0.619983975 0.380016025
T:/rrcc: 0.000000000 0.306005705 0.693994295
T:/rrcf: 0.000000000 0.434594545 0.565405455
T:/rrfc: 0.000000000 0.099999901 0.900000099
T:/rrff: 0.000000000 0.000000000 1.000000000
