8:/cc: 0.000122723 0.999877277 0.000000000
8:/cccrcc: 0.687827905 0.148057245 0.164114850
8:/cccrcf: 0.235838226 0.000000199 0.764161575
8:/cccrcr: 0.000000000 0.000000000 1.000000000
8:/cccrfc: 0.379269630 0.163846824 0.456883547
8:/cccrff: 0.274937383 0.098135232 0.626927385
8:/cccrfr: 0.000000000 0.034068551 0.965931449
8:/cccrrc: 0.000000000 0.391502399 0.608497601
8:/cccrrf: 0.000000000 0.399719540 0.600280460
8:/ccrccr: 0.000000000 0.440588477 0.559411523
8:/ccrcfr: 0.000000000 0.457212723 0.542787277
8:/ccrcrc: 0.000000000 0.300620371 0.699379629
8:/ccrcrf: 0.000000000 0.312795375 0.687204625
8:/ccrfcr: 0.000000000 0.577474493 0.422525507
8:/ccrffr: 0.000000000 0.917551549 0.082448451
8:/ccrfrc: 0.000000000 0.253809530 0.746190470
8:/ccrfrf: 0.000000000 0.498125944 0.501874056
8:/ccrrcc: 0.000000000 0.337594183 0.662405817
8:/ccrrcf: 0.000000000 0.185874124 0.814125876
8:/ccrrfc: 0.000000000 0.033188113 0.966811887
8:/ccrrff: 0.000000000 0.531121371 0.468878629
8:/cr: 0.000067500 0.000000000 0.999932500
8:/crccrc: 0.000000000 0.524210636 0.475789364
8:/crccrf: 0.000000000 0.504304056 0.495695944
8:/crcfrc: 0.000000000 0.569494410 0.430505590
8:/crcfrf: 0.000000000 0.071331023 0.928668977
8:/crcrcc: 0.000000000 0.644227356 0.355772644
8:/crcrcf: 0.000000000 0.047883257 0.952116743
8:/crcrfc: 0.000000000 0.648932509 0.351067491
8:/crcrff: 0.000000000 0.307984453 0.692015547
8:/rc: 0.000000000 0.000000000 1.000000000
8:/rccrcc: 0.000000000 0.481296978 0.518703022
8:/rccrcf: 0.000000000 0.459632962 0.540367038
8:/rccrfc: 0.000000000 0.358709069 0.641290931
8:/rccrff: 0.000000000 0.000000000 1.000000000
8:/rf: 0.053024927 0.000000000 0.946975073
8:/rfcrc: 0.000000000 0.000000000 1.000000000
8:/rfcrf: 0.000000000 0.407216163 0.592783837
8:/rr: 0.000000000 0.000000000 1.000000000
9:/cc: 0.000100448 0.999899552 0.000000000
9:/cccrcc: 0.409011813 0.000000829 0.590987358
9:/cccrcf: 0.591447532 0.087084091 0.321468378
9:/cccrcr: 0.000000000 0.010303410 0.989696590
9:/cccrfc: 0.428526512 0.459100672 0.112372816
9:/cccrff: 0.336707750 0.513071370 0.150220879
9:/cccrfr: 0.000000000 0.279258069 0.720741931
9:/cccrrc: 0.000000000 0.158068687 0.841931313
9:/cccrrf: 0.000000000 0.217974784 0.782025216
9:/ccrccr: 0.000000000 0.140665438 0.859334562
9:/ccrcfr: 0.000000000 0.000000000 1.000000000
9:/ccrcrc: 0.000000000 0.566714183 0.433285817
9:/ccrcrf: 0.000000000 0.126129437 0.873870563
9:/ccrfcr: 0.000000000 0.465567572 0.534432428
9:/ccrffr: 0.000000000 0.430876401 0.569123599
9:/ccrfrc: 0.000000000 0.670068658 0.329931342
9:/ccrfrf: 0.000000000 0.539428492 0.460571508
9:/ccrrcc: 0.000000000 0.607698646 0.392301354
9:/ccrrcf: 0.000000000 0.748981980 0.251018020
9:/ccrrfc: 0.000000000 0.305704893 0.694295107
9:/ccrrff: 0.000000000 0.404717498 0.595282502
9:/cr: 0.000078724 0.000000000 0.999921276
9:/crccrc: 0.000000000 0.874979482 0.125020518
9:/crccrf: 0.000000000 0.462817073 0.537182927
9:/crcfrc: 0.000000000 0.174441932 0.825558068
9:/crcfrf: 0.000000000 0.707972998 0.292027002
9:/crcrcc: 0.000000000 0.501095423 0.498904577
9:/crcrcf: 0.000000000 0.486496969 0.513503031
9:/crcrfc: 0.000000000 0.493877039 0.506122961
9:/crcrff: 0.000000000 0.518942095 0.481057905
9:/rc: 0.000000000 0.000000000 1.000000000
9:/rccrcc: 0.000000000 0.917263100 0.082736900
9:/rccrcf: 0.000000000 0.285281828 0.714718172
9:/rccrfc: 0.000000000 0.670809202 0.329190798
9:/rccrff: 0.000000000 0.918944376 0.081055624
9:/rf: 0.206031946 0.000000000 0.793968054
9:/rfcrc: 0.000000000 0.594100929 0.405899071
9:/rfcrf: 0.000000000 0.867870961 0.132129039
9:/rr: 0.000000000 0.000000000 1.000000000
A:/cc: 0.000336685 0.999663315 0.000000000
A:/cccrcc: 1.000000000 0.000000000 0.000000000
A:/cccrcf: 0.800261388 0.199738612 0.000000000
A:/cccrcr: 0.000000000 1.000000000 0.000000000
A:/cccrfc: 0.599492907 0.231954252 0.168552841
A:/cccrff: 0.385248093 0.614751907 0.000000000
A:/cccrfr: 0.000000000 0.996916478 0.003083522
A:/cccrrc: 0.000000000 1.000000000 0.000000000
A:/cccrrf: 0.000000000 1.000000000 0.000000000
A:/ccrccr: 0.000000000 0.719846259 0.280153741
A:/ccrcfr: 0.000000000 1.000000000 0.000000000
A:/ccrcrc: 0.000000000 1.000000000 0.000000000
A:/ccrcrf: 0.000000000 1.000000000 0.000000000
A:/ccrfcr: 0.000000000 1.000000000 0.000000000
A:/ccrffr: 0.000000000 1.000000000 0.000000000
A:/ccrfrc: 0.000000000 1.000000000 0.000000000
A:/ccrfrf: 0.000000000 0.823120812 0.176879188
A:/ccrrcc: 0.000000000 1.000000000 0.000000000
A:/ccrrcf: 0.000000000 1.000000000 0.000000000
A:/ccrrfc: 0.000000000 1.000000000 0.000000000
A:/ccrrff: 0.000000000 1.000000000 0.000000000
A:/cr: 0.907674556 0.092325444 0.000000000
A:/crccrc: 0.000000000 0.605294770 0.394705230
A:/crccrf: 0.000000000 0.760615353 0.239384647
A:/crcfrc: 0.000000000 0.896598636 0.103401364
A:/crcfrf: 0.000000000 0.594896216 0.405103784
A:/crcrcc: 0.000000000 0.916040838 0.083959162
A:/crcrcf: 0.000000000 0.182957239 0.817042761
A:/crcrfc: 0.000000000 0.647698078 0.352301922
A:/crcrff: 0.000000000 0.563866925 0.436133075
A:/rc: 0.000000000 1.000000000 0.000000000
A:/rccrcc: 0.000000000 1.000000000 0.000000000
A:/rccrcf: 0.000000000 1.000000000 0.000000000
A:/rccrfc: 0.000000000 0.942753492 0.057246508
A:/rccrff: 0.000000000 1.000000000 0.000000000
A:/rf: 0.728628407 0.271371593 0.000000000
A:/rfcrc: 0.000000000 1.000000000 0.000000000
A:/rfcrf: 0.000000000 1.000000000 0.000000000
A:/rr: 0.000000000 1.000000000 0.000000000
J:/cc: 0.000010891 0.999989109 0.000000000
J:/cccrcc: 0.436846589 0.222110600 0.341042811
J:/cccrcf: 0.607053942 0.227645007 0.165301051
J:/cccrcr: 0.000000000 0.783907344 0.216092656
J:/cccrfc: 0.005055099 0.432931860 0.562013041
J:/cccrff: 0.100611031 0.526991314 0.372397655
J:/cccrfr: 0.000000000 0.458353769 0.541646231
J:/cccrrc: 0.000000000 0.304662627 0.695337373
J:/cccrrf: 0.000000000 0.098890221 0.901109779
J:/ccrccr: 0.000000000 0.317837961 0.682162039
J:/ccrcfr: 0.000000000 0.999513070 0.000486930
J:/ccrcrc: 0.000000000 0.688706698 0.311293302
J:/ccrcrf: 0.000000000 0.263911580 0.736088420
J:/ccrfcr: 0.000000000 0.239797551 0.760202449
J:/ccrffr: 0.000000000 0.894560192 0.105439808
J:/ccrfrc: 0.000000000 0.232226768 0.767773232
J:/ccrfrf: 0.000000000 0.908184533 0.091815467
J:/ccrrcc: 0.000000000 0.582269755 0.417730245
J:/ccrrcf: 0.000000000 0.404839044 0.595160956
J:/ccrrfc: 0.000000000 0.616873890 0.383126110
J:/ccrrff: 0.000000000 0.277462301 0.722537699
J:/cr: 0.631791664 0.000060332 0.368148004
J:/crccrc: 0.000000000 0.841276279 0.158723721
J:/crccrf: 0.000000000 0.088403050 0.911596950
J:/crcfrc: 0.000000000 0.747267238 0.252732762
J:/crcfrf: 0.000000000 0.708037448 0.291962552
J:/crcrcc: 0.000000000 0.127397650 0.872602350
J:/crcrcf: 0.000000000 0.660403880 0.339596120
J:/crcrfc: 0.000000000 0.496543322 0.503456678
J:/crcrff: 0.000000000 0.881781550 0.118218450
J:/rc: 0.000000000 1.000000000 0.000000000
J:/rccrcc: 0.000000000 0.032391873 0.967608127
J:/rccrcf: 0.000000000 0.358329291 0.641670709
J:/rccrfc: 0.000000000 0.569192150 0.430807850
J:/rccrff: 0.000000000 1.000000000 0.000000000
J:/rf: 0.836488444 0.007561214 0.155950342
J:/rfcrc: 0.000000000 0.848244333 0.151755667
J:/rfcrf: 0.000000000 1.000000000 0.000000000
J:/rr: 0.000000000 0.000000000 1.000000000
K:/cc: 0.000000000 1.000000000 0.000000000
K:/cccrcc: 0.816917758 0.183079735 0.000002506
K:/cccrcf: 0.725750924 0.215162292 0.059086783
K:/cccrcr: 0.000000000 0.669029630 0.330970370
K:/cccrfc: 0.399581170 0.432388601 0.168030229
K:/cccrff: 0.460365984 0.539631871 0.000002145
K:/cccrfr: 0.000000000 0.470567363 0.529432637
K:/cccrrc: 0.000000000 0.815534539 0.184465461
K:/cccrrf: 0.000000000 0.408379649 0.591620351
K:/ccrccr: 0.000000000 0.894372075 0.105627925
K:/ccrcfr: 0.000000000 1.000000000 0.000000000
K:/ccrcrc: 0.000000000 0.583210052 0.416789948
K:/ccrcrf: 0.000000000 0.672820593 0.327179407
K:/ccrfcr: 0.000000000 1.000000000 0.000000000
K:/ccrffr: 0.000000000 0.372358260 0.627641740
K:/ccrfrc: 0.000000000 1.000000000 0.000000000
K:/ccrfrf: 0.000000000 0.477929090 0.522070910
K:/ccrrcc: 0.000000000 0.877413346 0.122586654
K:/ccrrcf: 0.000000000 0.985260431 0.014739569
K:/ccrrfc: 0.000000000 0.991071199 0.008928801
K:/ccrrff: 0.000000000 0.971231829 0.028768171
K:/cr: 0.732153302 0.000000000 0.267846698
K:/crccrc: 0.000000000 0.544397829 0.455602171
K:/crccrf: 0.000000000 0.225747542 0.774252458
K:/crcfrc: 0.000000000 0.784756095 0.215243905
K:/crcfrf: 0.000000000 0.468563119 0.531436881
K:/crcrcc: 0.000000000 0.498166252 0.501833748
K:/crcrcf: 0.000000000 0.341999003 0.658000997
K:/crcrfc: 0.000000000 0.761233940 0.238766060
K:/crcrff: 0.000000000 0.442282978 0.557717022
K:/rc: 0.000000000 1.000000000 0.000000000
K:/rccrcc: 0.000000000 0.001421539 0.998578461
K:/rccrcf: 0.000000000 0.988742523 0.011257477
K:/rccrfc: 0.000000000 0.414490547 0.585509453
K:/rccrff: 0.000000000 1.000000000 0.000000000
K:/rf: 1.000000000 0.000000000 0.000000000
K:/rfcrc: 0.000000000 1.000000000 0.000000000
K:/rfcrf: 0.000000000 1.000000000 0.000000000
K:/rr: 0.000000000 0.584364135 0.415635865
Q:/cc: 0.000013383 0.999986617 0.000000000
Q:/cccrcc: 0.817447176 0.054225192 0.128327631
Q:/cccrcf: 0.982382123 0.000024277 0.017593600
Q:/cccrcr: 0.000000000 0.921865241 0.078134759
Q:/cccrfc: 0.320432561 0.624723955 0.054843484
Q:/cccrff: 0.312325049 0.505246001 0.182428950
Q:/cccrfr: 0.000000000 0.522150941 0.477849059
Q:/cccrrc: 0.000000000 0.116096961 0.883903039
Q:/cccrrf: 0.000000000 0.000000000 1.000000000
Q:/ccrccr: 0.000000000 0.997365593 0.002634407
Q:/ccrcfr: 0.000000000 0.728382312 0.271617688
Q:/ccrcrc: 0.000000000 0.070366996 0.929633004
Q:/ccrcrf: 0.000000000 0.587716559 0.412283441
Q:/ccrfcr: 0.000000000 0.891131409 0.108868591
Q:/ccrffr: 0.000000000 0.525191225 0.474808775
Q:/ccrfrc: 0.000000000 0.685194321 0.314805679
Q:/ccrfrf: 0.000000000 0.552069761 0.447930239
Q:/ccrrcc: 0.000000000 0.666022500 0.333977500
Q:/ccrrcf: 0.000000000 0.522396511 0.477603489
Q:/ccrrfc: 0.000000000 0.738170041 0.261829959
Q:/ccrrff: 0.000000000 0.822167356 0.177832644
Q:/cr: 0.081291571 0.102351831 0.816356598
Q:/crccrc: 0.000000000 0.000000000 1.000000000
Q:/crccrf: 0.000000000 0.208776069 0.791223931
Q:/crcfrc: 0.000000000 0.128569369 0.871430631
Q:/crcfrf: 0.000000000 0.447150578 0.552849422
Q:/crcrcc: 0.000000000 0.506469548 0.493530452
Q:/crcrcf: 0.000000000 0.657450865 0.342549135
Q:/crcrfc: 0.000000000 0.581028855 0.418971145
Q:/crcrff: 0.000000000 0.784111284 0.215888716
Q:/rc: 0.000000000 1.000000000 0.000000000
Q:/rccrcc: 0.000000000 0.864840085 0.135159915
Q:/rccrcf: 0.000000000 0.982103775 0.017896225
Q:/rccrfc: 0.000000000 0.774215625 0.225784375
Q:/rccrff: 0.000000000 1.000000000 0.000000000
Q:/rf: 1.000000000 0.000000000 0.000000000
Q:/rfcrc: 0.000000000 0.925355458 0.074644542
Q:/rfcrf: 0.000000000 1.000000000 0.000000000
Q:/rr: 0.000000000 0.000000000 1.000000000
T:/cc: 0.000107334 0.999892666 0.000000000
T:/cccrcc: 0.658523247 0.000000696 0.341476057
T:/cccrcf: 0.579331003 0.130768735 0.289900261
T:/cccrcr: 0.000000000 0.451936965 0.548063035
T:/cccrfc: 0.477432432 0.172110940 0.350456628
T:/cccrff: 0.000000000 0.443370293 0.556629707
T:/cccrfr: 0.000000000 0.270213232 0.729786768
T:/cccrrc: 0.000000000 0.046778022 0.953221978
T:/cccrrf: 0.000000000 0.173768319 0.826231681
T:/ccrccr: 0.000000000 0.364944559 0.635055441
T:/ccrcfr: 0.000000000 0.416334208 0.583665792
T:/ccrcrc: 0.000000000 0.541838559 0.458161441
T:/ccrcrf: 0.000000000 0.367677918 0.632322082
T:/ccrfcr: 0.000000000 0.654083328 0.345916672
T:/ccrffr: 0.000000000 0.636529884 0.363470116
T:/ccrfrc: 0.000000000 0.614362703 0.385637297
T:/ccrfrf: 0.000000000 0.061363928 0.938636072
T:/ccrrcc: 0.000000000 0.011470432 0.988529568
T:/ccrrcf: 0.000000000 0.104640711 0.895359289
T:/ccrrfc: 0.000000000 0.826544103 0.173455897
T:/ccrrff: 0.000000000 0.443758394 0.556241606
T:/cr: 0.014444441 0.000038999 0.985516559
T:/crccrc: 0.000000000 0.577541393 0.422458607
T:/crccrf: 0.000000000 0.513414795 0.486585205
T:/crcfrc: 0.000000000 0.738895202 0.261104798
T:/crcfrf: 0.000000000 0.452253267 0.547746733
T:/crcrcc: 0.000000000 0.159050570 0.840949430
T:/crcrcf: 0.000000000 0.481277527 0.518722473
T:/crcrfc: 0.000000000 0.709011494 0.290988506
T:/crcrff: 0.000000000 0.414818549 0.585181451
T:/rc: 0.000000000 0.000000000 1.000000000
T:/rccrcc: 0.000000000 0.687859439 0.312140561
T:/rccrcf: 0.000000000 0.199789022 0.800210978
T:/rccrfc: 0.000000000 0.887797899 0.112202101
T:/rccrff: 0.000000000 1.000000000 0.000000000
T:/rf: 0.336203740 0.000000000 0.663796260
T:/rfcrc: 0.000000000 0.356747825 0.643252175
T:/rfcrf: 0.000000000 0.527900191 0.472099809
T:/rr: 0.000000000 0.000000000 1.000000000
