8:/: 0.012616657 0.987383343 0.000000000
8:/cccr: 0.000135599 0.000000000 0.999864401
8:/cccrccrc: 0.000000000 0.174245488 0.825754512
8:/cccrccrf: 0.000000000 0.276569444 0.723430556
8:/cccrcfrc: 0.000000000 0.451125035 0.548874965
8:/cccrcfrf: 0.000000000 0.761692626 0.238307374
8:/cccrcrcc: 0.000000000 0.506219507 0.493780493
8:/cccrcrcf: 0.000000000 0.465430023 0.534569977
8:/cccrcrfc: 0.000000000 0.352312616 0.647687384
8:/cccrcrff: 0.000000000 0.568328048 0.431671952
8:/ccrc: 0.349649046 0.000000000 0.650350954
8:/ccrccrcc: 0.000000000 0.596770375 0.403229625
8:/ccrccrcf: 0.000000000 0.347599291 0.652400709
8:/ccrccrfc: 0.000000000 0.343634246 0.656365754
8:/ccrccrff: 0.000000000 0.287634863 0.712365137
8:/ccrf: 0.006151734 0.011481688 0.982366577
8:/ccrfcrc: 0.000000000 0.257416868 0.742583132
8:/ccrfcrf: 0.000000000 0.455254887 0.544745113
8:/ccrr: 0.000000000 0.000000000 1.000000000
8:/crcc: 0.505145239 0.472396176 0.022458585
8:/crcf: 0.045230750 0.447336716 0.507432534
8:/crcr: 0.000000000 0.405502160 0.594497840
8:/crfc: 0.237929486 0.118076551 0.643993963
8:/crff: 0.097849984 0.332415748 0.569734268
8:/crfr: 0.000000000 0.294244042 0.705755958
8:/crrc: 0.000000000 0.636407435 0.363592565
8:/crrf: 0.000000000 0.000000000 1.000000000
8:/rccr: 0.000000000 0.206677226 0.793322774
8:/rcfr: 0.000000000 0.000000000 1.000000000
8:/rcrc: 0.000000000 0.178976088 0.821023912
8:/rcrf: 0.000000000 0.014360412 0.985639588
8:/rfcr: 0.000000000 0.650166061 0.349833939
8:/rffr: 0.000000000 0.467524788 0.532475212
8:/rfrc: 0.000000000 0.085617105 0.914382895
8:/rfrf: 0.000000000 0.196234794 0.803765206
8:/rrcc: 0.000000000 0.000000000 1.000000000
8:/rrcf: 0.000000000 0.680710836 0.319289164
8:/rrfc: 0.000000000 0.275835089 0.724164911
8:/rrff: 0.000000000 0.043694151 0.956305849
9:/: 0.116213356 0.883786644 0.000000000
9:/cccr: 0.003907116 0.000000000 0.996092884
9:/cccrccrc: 0.000000000 0.232546929 0.767453071
9:/cccrccrf: 0.000000000 0.366374451 0.633625549
9:/cccrcfrc: 0.000000000 0.375017144 0.624982856
9:/cccrcfrf: 0.000000000 0.363906267 0.636093733
9:/cccrcrcc: 0.000000000 0.509576555 0.490423445
9:/cccrcrcf: 0.000000000 0.921244450 0.078755550
9:/cccrcrfc: 0.000000000 0.389624425 0.610375575
9:/cccrcrff: 0.000000000 0.398487231 0.601512769
9:/ccrc: 0.585216787 0.000000000 0.414783213
9:/ccrccrcc: 0.000000000 0.462741293 0.537258707
9:/ccrccrcf: 0.000000000 0.176731104 0.823268896
9:/ccrccrfc: 0.000000000 0.275792067 0.724207933
9:/ccrccrff: 0.000000000 0.507647357 0.492352643
9:/ccrf: 0.420109485 0.429934450 0.149956065
9:/ccrfcrc: 0.000000000 0.224654526 0.775345474
9:/ccrfcrf: 0.000000000 0.804593160 0.195406840
9:/ccrr: 0.000000000 0.000000000 1.000000000
9:/crcc: 0.492489058 0.077986786 0.429524156
9:/crcf: 0.440613243 0.441046097 0.118340660
9:/crcr: 0.000000000 0.688962318 0.311037682
9:/crfc: 0.388523918 0.127599945 0.483876137
9:/crff: 0.349608492 0.088639184 0.561752324
9:/crfr: 0.000000000 0.351036965 0.648963035
9:/crrc: 0.000000000 0.200137305 0.799862695
9:/crrf: 0.000000000 0.168539630 0.831460370
9:/rccr: 0.000000000 0.440729173 0.559270827
9:/rcfr: 0.000000000 0.000000000 1.000000000
9:/rcrc: 0.000000000 0.022559292 0.977440708
9:/rcrf: 0.000000000 0.268013862 0.731986138
9:/rfcr: 0.000000000 0.180694966 0.819305034
9:/rffr: 0.000000000 0.445893265 0.554106735
9:/rfrc: 0.000000000 0.183187418 0.816812582
9:/rfrf: 0.000000000 0.530521368 0.469478632
9:/rrcc: 0.000000000 0.391766002 0.608233998
9:/rrcf: 0.000000000 0.293635276 0.706364724
9:/rrfc: 0.000000000 0.053924556 0.946075444
9:/rrff: 0.000000000 0.646017414 0.353982586
A:/: 0.298474134 0.701525866 0.000000000
A:/cccr: 0.999944912 0.000055088 0.000000000
A:/cccrccrc: 0.000000000 0.729839765 0.270160235
A:/cccrccrf: 0.000000000 0.211181817 0.788818183
A:/cccrcfrc: 0.000000000 0.703244109 0.296755891
A:/cccrcfrf: 0.000000000 0.455918029 0.544081971
A:/cccrcrcc: 0.000000000 1.000000000 0.000000000
A:/cccrcrcf: 0.000000000 0.839788884 0.160211116
A:/cccrcrfc: 0.000000000 1.000000000 0.000000000
A:/cccrcrff: 0.000000000 0.995855312 0.004144688
A:/ccrc: 1.000000000 0.000000000 0.000000000
A:/ccrccrcc: 0.000000000 1.000000000 0.000000000
A:/ccrccrcf: 0.000000000 0.696610643 0.303389357
A:/ccrccrfc: 0.000000000 1.000000000 0.000000000
A:/ccrccrff: 0.000000000 0.854434136 0.145565864
A:/ccrf: 0.514678085 0.485321915 0.000000000
A:/ccrfcrc: 0.000000000 1.000000000 0.000000000
A:/ccrfcrf: 0.000000000 1.000000000 0.000000000
A:/ccrr: 0.000000000 1.000000000 0.000000000
A:/crcc: 0.589501825 0.374142688 0.036355488
A:/crcf: 0.668267465 0.083405352 0.248327183
A:/crcr: 0.000000000 0.776655409 0.223344591
A:/crfc: 0.746838402 0.253161598 0.000000000
A:/crff: 0.653523313 0.346476687 0.000000000
A:/crfr: 0.000000000 1.000000000 0.000000000
A:/crrc: 0.000000000 1.000000000 0.000000000
A:/crrf: 0.000000000 0.718376829 0.281623171
A:/rccr: 0.000000000 1.000000000 0.000000000
A:/rcfr: 0.000000000 1.000000000 0.000000000
A:/rcrc: 0.000000000 0.979228904 0.020771096
A:/rcrf: 0.000000000 1.000000000 0.000000000
A:/rfcr: 0.000000000 1.000000000 0.000000000
A:/rffr: 0.000000000 1.000000000 0.000000000
A:/rfrc: 0.000000000 1.000000000 0.000000000
A:/rfrf: 0.000000000 0.156886318 0.843113682
A:/rrcc: 0.000000000 0.683582577 0.316417423
A:/rrcf: 0.000000000 1.000000000 0.000000000
A:/rrfc: 0.000000000 0.995897535 0.004102465
A:/rrff: 0.000000000 1.000000000 0.000000000
J:/: 0.000000000 1.000000000 0.000000000
J:/cccr: 0.351141718 0.000000000 0.648858282
J:/cccrccrc: 0.000000000 0.868169175 0.131830825
J:/cccrccrf: 0.000000000 0.470260390 0.529739610
J:/cccrcfrc: 0.000000000 0.457230296 0.542769704
J:/cccrcfrf: 0.000000000 0.521901771 0.478098229
J:/cccrcrcc: 0.000000000 0.278438931 0.721561069
J:/cccrcrcf: 0.000000000 0.713968145 0.286031855
J:/cccrcrfc: 0.000000000 0.115214606 0.884785394
J:/cccrcrff: 0.000000000 0.160205168 0.839794832
J:/ccrc: 1.000000000 0.000000000 0.000000000
J:/ccrccrcc: 0.000000000 0.348306800 0.651693200
J:/ccrccrcf: 0.000000000 0.924562739 0.075437261
J:/ccrccrfc: 0.000000000 0.004994863 0.995005137
J:/ccrccrff: 0.000000000 0.869548423 0.130451577
J:/ccrf: 0.347019485 0.022840860 0.630139655
J:/ccrfcrc: 0.000000000 0.278230705 0.721769295
J:/ccrfcrf: 0.000000000 0.164634741 0.835365259
J:/ccrr: 0.000000000 0.000000000 1.000000000
J:/crcc: 0.411722772 0.371356654 0.216920574
J:/crcf: 0.273533576 0.348871217 0.377595206
J:/crcr: 0.000000000 0.567786463 0.432213537
J:/crfc: 0.606667321 0.000000000 0.393332679
J:/crff: 0.286866335 0.045950417 0.667183247
J:/crfr: 0.000000000 0.585680005 0.414319995
J:/crrc: 0.000000000 0.000000000 1.000000000
J:/crrf: 0.000000000 0.000000000 1.000000000
J:/rccr: 0.000000000 0.245450825 0.754549175
J:/rcfr: 0.000000000 0.102892102 0.897107898
J:/rcrc: 0.000000000 0.455658471 0.544341529
J:/rcrf: 0.000000000 0.003090708 0.996909292
J:/rfcr: 0.000000000 0.883453852 0.116546148
J:/rffr: 0.000000000 0.873073637 0.126926363
J:/rfrc: 0.000000000 0.201918353 0.798081647
J:/rfrf: 0.000000000 0.883147684 0.116852316
J:/rrcc: 0.000000000 0.600502385 0.399497615
J:/rrcf: 0.000000000 0.152810516 0.847189484
J:/rrfc: 0.000000000 0.505560959 0.494439041
J:/rrff: 0.000000000 0.292249759 0.707750241
K:/: 0.000000000 1.000000000 0.000000000
K:/cccr: 1.000000000 0.000000000 0.000000000
K:/cccrccrc: 0.000000000 0.453885449 0.546114551
K:/cccrccrf: 0.000000000 0.493493448 0.506506552
K:/cccrcfrc: 0.000000000 0.391669673 0.608330327
K:/cccrcfrf: 0.000000000 0.583906183 0.416093817
K:/cccrcrcc: 0.000000000 0.743283697 0.256716303
K:/cccrcrcf: 0.000000000 0.450407948 0.549592052
K:/cccrcrfc: 0.000000000 0.523386401 0.476613599
K:/cccrcrff: 0.000000000 0.759429778 0.240570222
K:/ccrc: 1.000000000 0.000000000 0.000000000
K:/ccrccrcc: 0.000000000 0.710528828 0.289471172
K:/ccrccrcf: 0.000000000 1.000000000 0.000000000
K:/ccrccrfc: 0.000000000 0.937993307 0.062006693
K:/ccrccrff: 0.000000000 1.000000000 0.000000000
K:/ccrf: 0.385320012 0.614679988 0.000000000
K:/ccrfcrc: 0.000000000 0.702361539 0.297638461
K:/ccrfcrf: 0.000000000 0.678950682 0.321049318
K:/ccrr: 0.000000000 1.000000000 0.000000000
K:/crcc: 0.231982422 0.341549083 0.426468496
K:/crcf: 0.166622180 0.201961889 0.631415931
K:/crcr: 0.000000000 0.011902856 0.988097144
K:/crfc: 1.000000000 0.000000000 0.000000000
K:/crff: 0.596911656 0.122731236 0.280357108
K:/crfr: 0.000000000 0.950155364 0.049844636
K:/crrc: 0.000000000 0.317280933 0.682719067
K:/crrf: 0.000000000 0.768796038 0.231203962
K:/rccr: 0.000000000 0.534616921 0.465383079
K:/rcfr: 0.000000000 0.750316018 0.249683982
K:/rcrc: 0.000000000 0.533982692 0.466017308
K:/rcrf: 0.000000000 0.962519186 0.037480814
K:/rfcr: 0.000000000 0.998219164 0.001780836
K:/rffr: 0.000000000 0.941828139 0.058171861
K:/rfrc: 0.000000000 0.939082997 0.060917003
K:/rfrf: 0.000000000 0.664904616 0.335095384
K:/rrcc: 0.000000000 0.708190956 0.291809044
K:/rrcf: 0.000000000 0.821738136 0.178261864
K:/rrfc: 0.000000000 0.872393433 0.127606567
K:/rrff: 0.000000000 0.487059000 0.512941000
Q:/: 0.000000000 1.000000000 0.000000000
Q:/cccr: 1.000000000 0.000000000 0.000000000
Q:/cccrccrc: 0.000000000 0.317898343 0.682101657
Q:/cccrccrf: 0.000000000 0.216641284 0.783358716
Q:/cccrcfrc: 0.000000000 0.671067533 0.328932467
Q:/cccrcfrf: 0.000000000 0.328577275 0.671422725
Q:/cccrcrcc: 0.000000000 0.459327910 0.540672090
Q:/cccrcrcf: 0.000000000 0.130265895 0.869734105
Q:/cccrcrfc: 0.000000000 0.607387828 0.392612172
Q:/cccrcrff: 0.000000000 0.946383367 0.053616633
Q:/ccrc: 1.000000000 0.000000000 0.000000000
Q:/ccrccrcc: 0.000000000 0.460637435 0.539362565
Q:/ccrccrcf: 0.000000000 0.589617824 0.410382176
Q:/ccrccrfc: 0.000000000 0.575609689 0.424390311
Q:/ccrccrff: 0.000000000 1.000000000 0.000000000
Q:/ccrf: 0.145897508 0.852965004 0.001137489
Q:/ccrfcrc: 0.000000000 0.188746142 0.811253858
Q:/ccrfcrf: 0.000000000 0.544195279 0.455804721
Q:/ccrr: 0.000000000 0.718209278 0.281790722
Q:/crcc: 0.069343899 0.731805236 0.198850865
Q:/crcf: 0.004862621 0.464164482 0.530972897
Q:/crcr: 0.000000000 0.126779189 0.873220811
Q:/crfc: 0.614117245 0.000000000 0.385882755
Q:/crff: 0.708171758 0.000000000 0.291828242
Q:/crfr: 0.000000000 0.641993316 0.358006684
Q:/crrc: 0.000000000 0.502300323 0.497699677
Q:/crrf: 0.000000000 0.231036131 0.768963869
Q:/rccr: 0.000000000 0.362078394 0.637921606
Q:/rcfr: 0.000000000 0.374030863 0.625969137
Q:/rcrc: 0.000000000 0.000000000 1.000000000
Q:/rcrf: 0.000000000 0.187861018 0.812138982
Q:/rfcr: 0.000000000 0.514605541 0.485394459
Q:/rffr: 0.000000000 0.944272322 0.055727678
Q:/rfrc: 0.000000000 0.055294162 0.944705838
Q:/rfrf: 0.000000000 0.201955023 0.798044977
Q:/rrcc: 0.000000000 0.375170335 0.624829665
Q:/rrcf: 0.000000000 0.685467358 0.314532642
Q:/rrfc: 0.000000000 0.538914595 0.461085405
Q:/rrff: 0.000000000 0.548582324 0.451417676
T:/: 0.000000000 1.000000000 0.000000000
T:/cccr: 0.017200133 0.000000000 0.982799867
T:/cccrccrc: 0.000000000 0.516119887 0.483880113
T:/cccrccrf: 0.000000000 0.724084805 0.275915195
T:/cccrcfrc: 0.000000000 0.532240352 0.467759648
T:/cccrcfrf: 0.000000000 0.665794986 0.334205014
T:/cccrcrcc: 0.000000000 0.187281320 0.812718680
T:/cccrcrcf: 0.000000000 0.558355417 0.441644583
T:/cccrcrfc: 0.000000000 0.483513916 0.516486084
T:/cccrcrff: 0.000000000 0.955691422 0.044308578
T:/ccrc: 1.000000000 0.000000000 0.000000000
T:/ccrccrcc: 0.000000000 0.574759486 0.425240514
T:/ccrccrcf: 0.000000000 0.493659966 0.506340034
T:/ccrccrfc: 0.000000000 0.466258293 0.533741707
T:/ccrccrff: 0.000000000 1.000000000 0.000000000
T:/ccrf: 0.044060522 0.360415965 0.595523513
T:/ccrfcrc: 0.000000000 0.431645582 0.568354418
T:/ccrfcrf: 0.000000000 0.000000000 1.000000000
T:/ccrr: 0.000000000 0.000000000 1.000000000
T:/crcc: 0.072850179 0.348400739 0.578749083
T:/crcf: 0.004862621 0.726772656 0.268364724
T:/crcr: 0.000000000 0.192685106 0.807314894
T:/crfc: 0.310987958 0.000000000 0.689012042
T:/crff: 0.527925703 0.064367726 0.407706570
T:/crfr: 0.000000000 0.334125984 0.665874016
T:/crrc: 0.000000000 0.237030744 0.762969256
T:/crrf: 0.000000000 0.000000000 1.000000000
T:/rccr: 0.000000000 0.643707501 0.356292499
T:/rcfr: 0.000000000 0.262103091 0.737896909
T:/rcrc: 0.000000000 0.333076415 0.666923585
T:/rcrf: 0.000000000 0.737879348 0.262120652
T:/rfcr: 0.000000000 0.541946638 0.458053362
T:/rffr: 0.000000000 0.951952354 0.048047646
T:/rfrc: 0.000000000 0.192354660 0.807645340
T:/rfrf: 0.000000000 0.086531145 0.913468855
T:/rrcc: 0.000000000 0.562088301 0.437911699
T:/rrcf: 0.000000000 0.787730127 0.212269873
T:/rrfc: 0.000000000 0.671818425 0.328181575
T:/rrff: 0.000000000 0.429019271 0.570980729
