8:/cc: 0.482537146 0.517462854 0.000000000
8:/cccrcc: 0.000000000 0.376705848 0.623294152
8:/cccrcf: 0.448923999 0.233812302 0.317263699
8:/cccrcr: 0.000000000 0.312521318 0.687478682
8:/cccrfc: 0.534799554 0.000000000 0.465200446
8:/cccrff: 0.780826190 0.000000000 0.219173810
8:/cccrfr: 0.000000000 0.536011981 0.463988019
8:/cccrrc: 0.000000000 0.376366382 0.623633618
8:/cccrrf: 0.000000000 0.000000000 1.000000000
8:/ccrccr: 0.000000000 0.212929470 0.787070530
8:/ccrcfr: 0.000000000 0.355123730 0.644876270
8:/ccrcrc: 0.000000000 0.429673104 0.570326896
8:/ccrcrf: 0.000000000 0.427114789 0.572885211
8:/ccrfcr: 0.000000000 0.037340538 0.962659462
8:/ccrffr: 0.000000000 0.219010338 0.780989662
8:/ccrfrc: 0.000000000 0.266455652 0.733544348
8:/ccrfrf: 0.000000000 0.534387103 0.465612897
8:/ccrrcc: 0.000000000 0.940075883 0.059924117
8:/ccrrcf: 0.000000000 0.698238064 0.301761936
8:/ccrrfc: 0.000000000 0.278146799 0.721853201
8:/ccrrff: 0.000000000 0.797559649 0.202440351
8:/cr: 0.000016777 0.000000000 0.999983223
8:/crccrc: 0.000000000 0.364401414 0.635598586
8:/crccrf: 0.000000000 0.087537764 0.912462236
8:/crcfrc: 0.000000000 0.614450623 0.385549377
8:/crcfrf: 0.000000000 0.686404622 0.313595378
8:/crcrcc: 0.000000000 0.569743079 0.430256921
8:/crcrcf: 0.000000000 0.979491432 0.020508568
8:/crcrfc: 0.000000000 0.350101458 0.649898542
8:/crcrff: 0.000000000 0.154628394 0.845371606
8:/rc: 0.228067329 0.000000000 0.771932671
8:/rccrcc: 0.000000000 0.858117918 0.141882082
8:/rccrcf: 0.000000000 0.719457349 0.280542651
8:/rccrfc: 0.000000000 0.417351303 0.582648697
8:/rccrff: 0.000000000 0.370350923 0.629649077
8:/rf: 0.000000000 0.002391972 0.997608028
8:/rfcrc: 0.000000000 0.200382219 0.799617781
8:/rfcrf: 0.000000000 0.000000000 1.000000000
8:/rr: 0.000000000 0.085346845 0.914653155
9:/cc: 0.065662580 0.934337420 0.000000000
9:/cccrcc: 0.139289777 0.455331050 0.405379173
9:/cccrcf: 0.287241561 0.000000620 0.712757819
9:/cccrcr: 0.000000000 0.185843223 0.814156777
9:/cccrfc: 0.958984896 0.000000000 0.041015104
9:/cccrff: 0.421743721 0.046057026 0.532199253
9:/cccrfr: 0.000000000 0.373282094 0.626717906
9:/cccrrc: 0.000000000 0.099587773 0.900412227
9:/cccrrf: 0.000000000 0.302182627 0.697817373
9:/ccrccr: 0.000000000 0.227898556 0.772101444
9:/ccrcfr: 0.000000000 0.347685946 0.652314054
9:/ccrcrc: 0.000000000 0.128227966 0.871772034
9:/ccrcrf: 0.000000000 0.611985729 0.388014271
9:/ccrfcr: 0.000000000 0.200749504 0.799250496
9:/ccrffr: 0.000000000 0.824852149 0.175147851
9:/ccrfrc: 0.000000000 0.300541435 0.699458565
9:/ccrfrf: 0.000000000 0.414305895 0.585694105
9:/ccrrcc: 0.000000000 0.186836888 0.813163112
9:/ccrrcf: 0.000000000 0.598823044 0.401176956
9:/ccrrfc: 0.000000000 0.710713691 0.289286309
9:/ccrrff: 0.000000000 0.887706867 0.112293133
9:/cr: 0.000024643 0.000000000 0.999975357
9:/crccrc: 0.000000000 0.721224252 0.278775748
9:/crccrf: 0.000000000 0.453261280 0.546738720
9:/crcfrc: 0.000000000 0.326199611 0.673800389
9:/crcfrf: 0.000000000 0.466445287 0.533554713
9:/crcrcc: 0.000000000 0.785887502 0.214112498
9:/crcrcf: 0.000000000 0.620416738 0.379583262
9:/crcrfc: 0.000000000 0.000000000 1.000000000
9:/crcrff: 0.000000000 0.211090218 0.788909782
9:/rc: 0.000000000 0.000000000 1.000000000
9:/rccrcc: 0.000000000 0.190715503 0.809284497
9:/rccrcf: 0.000000000 0.536891024 0.463108976
9:/rccrfc: 0.000000000 0.280419458 0.719580542
9:/rccrff: 0.000000000 0.490858036 0.509141964
9:/rf: 0.039674465 0.067537784 0.892787752
9:/rfcrc: 0.000000000 0.430043709 0.569956291
9:/rfcrf: 0.000000000 0.841858135 0.158141865
9:/rr: 0.000000000 0.090506642 0.909493358
A:/cc: 1.000000000 0.000000000 0.000000000
A:/cccrcc: 0.630471570 0.291169713 0.078358716
A:/cccrcf: 0.301326160 0.580336601 0.118337239
A:/cccrcr: 0.000000000 0.791903887 0.208096113
A:/cccrfc: 0.688212317 0.311787683 0.000000000
A:/cccrff: 0.542775017 0.457224983 0.000000000
A:/cccrfr: 0.000000000 1.000000000 0.000000000
A:/cccrrc: 0.000000000 1.000000000 0.000000000
A:/cccrrf: 0.000000000 0.878237483 0.121762517
A:/ccrccr: 0.000000000 0.199930329 0.800069671
A:/ccrcfr: 0.000000000 1.000000000 0.000000000
A:/ccrcrc: 0.000000000 1.000000000 0.000000000
A:/ccrcrf: 0.000000000 1.000000000 0.000000000
A:/ccrfcr: 0.000000000 1.000000000 0.000000000
A:/ccrffr: 0.000000000 1.000000000 0.000000000
A:/ccrfrc: 0.000000000 1.000000000 0.000000000
A:/ccrfrf: 0.000000000 0.380585196 0.619414804
A:/ccrrcc: 0.000000000 1.000000000 0.000000000
A:/ccrrcf: 0.000000000 0.460718777 0.539281223
A:/ccrrfc: 0.000000000 1.000000000 0.000000000
A:/ccrrff: 0.000000000 1.000000000 0.000000000
A:/cr: 1.000000000 0.000000000 0.000000000
A:/crccrc: 0.000000000 0.601752286 0.398247714
A:/crccrf: 0.000000000 0.541655344 0.458344656
A:/crcfrc: 0.000000000 0.347537671 0.652462329
A:/crcfrf: 0.000000000 0.462829087 0.537170913
A:/crcrcc: 0.000000000 1.000000000 0.000000000
A:/crcrcf: 0.000000000 0.636960548 0.363039452
A:/crcrfc: 0.000000000 1.000000000 0.000000000
A:/crcrff: 0.000000000 0.559053060 0.440946940
A:/rc: 0.986989168 0.013010832 0.000000000
A:/rccrcc: 0.000000000 1.000000000 0.000000000
A:/rccrcf: 0.000000000 1.000000000 0.000000000
A:/rccrfc: 0.000000000 1.000000000 0.000000000
A:/rccrff: 0.000000000 1.000000000 0.000000000
A:/rf: 0.841164990 0.158835010 0.000000000
A:/rfcrc: 0.000000000 1.000000000 0.000000000
A:/rfcrf: 0.000000000 1.000000000 0.000000000
A:/rr: 0.000000000 1.000000000 0.000000000
J:/cc: 0.010275198 0.989724802 0.000000000
J:/cccrcc: 0.041487731 0.274702281 0.683809988
J:/cccrcf: 0.177734342 0.343775673 0.478489985
J:/cccrcr: 0.000000000 0.004252007 0.995747993
J:/cccrfc: 0.994186243 0.000000000 0.005813757
J:/cccrff: 0.447934574 0.218747620 0.333317807
J:/cccrfr: 0.000000000 0.505428491 0.494571509
J:/cccrrc: 0.000000000 0.443463357 0.556536643
J:/cccrrf: 0.000000000 0.272130945 0.727869055
J:/ccrccr: 0.000000000 0.352819684 0.647180316
J:/ccrcfr: 0.000000000 0.632611929 0.367388071
J:/ccrcrc: 0.000000000 0.470169655 0.529830345
J:/ccrcrf: 0.000000000 0.332608915 0.667391085
J:/ccrfcr: 0.000000000 0.067848564 0.932151436
J:/ccrffr: 0.000000000 0.297164894 0.702835106
J:/ccrfrc: 0.000000000 0.465077497 0.534922503
J:/ccrfrf: 0.000000000 0.574598064 0.425401936
J:/ccrrcc: 0.000000000 0.733401915 0.266598085
J:/ccrrcf: 0.000000000 0.532319434 0.467680566
J:/ccrrfc: 0.000000000 0.010537268 0.989462732
J:/ccrrff: 0.000000000 0.708000526 0.291999474
J:/cr: 0.164942038 0.000000000 0.835057962
J:/crccrc: 0.000000000 0.067732945 0.932267055
J:/crccrf: 0.000000000 0.360815574 0.639184426
J:/crcfrc: 0.000000000 0.674750933 0.325249067
J:/crcfrf: 0.000000000 0.995798463 0.004201537
J:/crcrcc: 0.000000000 0.461696440 0.538303560
J:/crcrcf: 0.000000000 0.489465583 0.510534417
J:/crcrfc: 0.000000000 0.106849613 0.893150387
J:/crcrff: 0.000000000 1.000000000 0.000000000
J:/rc: 0.461933085 0.000000000 0.538066915
J:/rccrcc: 0.000000000 0.343631106 0.656368894
J:/rccrcf: 0.000000000 0.529347785 0.470652215
J:/rccrfc: 0.000000000 0.000000000 1.000000000
J:/rccrff: 0.000000000 0.505081785 0.494918215
J:/rf: 0.751890646 0.112453906 0.135655448
J:/rfcrc: 0.000000000 0.225192587 0.774807413
J:/rfcrf: 0.000000000 0.996535919 0.003464081
J:/rr: 0.000000000 0.219544147 0.780455853
K:/cc: 0.232294181 0.767705819 0.000000000
K:/cccrcc: 0.451999289 0.479660172 0.068340538
K:/cccrcf: 0.225442193 0.438050735 0.336507072
K:/cccrcr: 0.000000000 0.904470608 0.095529392
K:/cccrfc: 0.759344057 0.099388896 0.141267047
K:/cccrff: 1.000000000 0.000000000 0.000000000
K:/cccrfr: 0.000000000 0.919450517 0.080549483
K:/cccrrc: 0.000000000 0.650873160 0.349126840
K:/cccrrf: 0.000000000 0.607017635 0.392982365
K:/ccrccr: 0.000000000 0.977114527 0.022885473
K:/ccrcfr: 0.000000000 0.898231380 0.101768620
K:/ccrcrc: 0.000000000 1.000000000 0.000000000
K:/ccrcrf: 0.000000000 0.354513325 0.645486675
K:/ccrfcr: 0.000000000 0.972610698 0.027389302
K:/ccrffr: 0.000000000 0.718030254 0.281969746
K:/ccrfrc: 0.000000000 0.455335942 0.544664058
K:/ccrfrf: 0.000000000 0.348633224 0.651366776
K:/ccrrcc: 0.000000000 0.470655870 0.529344130
K:/ccrrcf: 0.000000000 0.688250100 0.311749900
K:/ccrrfc: 0.000000000 1.000000000 0.000000000
K:/ccrrff: 0.000000000 0.734718354 0.265281646
K:/cr: 1.000000000 0.000000000 0.000000000
K:/crccrc: 0.000000000 0.834783635 0.165216365
K:/crccrf: 0.000000000 0.859357459 0.140642541
K:/crcfrc: 0.000000000 0.756099771 0.243900229
K:/crcfrf: 0.000000000 0.032097560 0.967902440
K:/crcrcc: 0.000000000 0.371409428 0.628590572
K:/crcrcf: 0.000000000 0.584946495 0.415053505
K:/crcrfc: 0.000000000 0.371427582 0.628572418
K:/crcrff: 0.000000000 0.611272142 0.388727858
K:/rc: 0.959322532 0.026441143 0.014236324
K:/rccrcc: 0.000000000 0.431040990 0.568959010
K:/rccrcf: 0.000000000 0.366441138 0.633558862
K:/rccrfc: 0.000000000 0.918726069 0.081273931
K:/rccrff: 0.000000000 0.559406987 0.440593013
K:/rf: 0.962520320 0.031331926 0.006147754
K:/rfcrc: 0.000000000 0.854670372 0.145329628
K:/rfcrf: 0.000000000 0.996187167 0.003812833
K:/rr: 0.000000000 0.757060616 0.242939384
Q:/cc: 0.000000000 1.000000000 0.000000000
Q:/cccrcc: 0.393293580 0.000000003 0.606706417
Q:/cccrcf: 0.086949962 0.462765881 0.450284157
Q:/cccrcr: 0.000000000 0.309403147 0.690596853
Q:/cccrfc: 0.998786513 0.000000000 0.001213487
Q:/cccrff: 1.000000000 0.000000000 0.000000000
Q:/cccrfr: 0.000000000 0.916942859 0.083057141
Q:/cccrrc: 0.000000000 0.188419717 0.811580283
Q:/cccrrf: 0.000000000 0.489476835 0.510523165
Q:/ccrccr: 0.000000000 0.957331084 0.042668916
Q:/ccrcfr: 0.000000000 0.754744206 0.245255794
Q:/ccrcrc: 0.000000000 0.830202250 0.169797750
Q:/ccrcrf: 0.000000000 0.431955253 0.568044747
Q:/ccrfcr: 0.000000000 0.871799176 0.128200824
Q:/ccrffr: 0.000000000 0.834964070 0.165035930
Q:/ccrfrc: 0.000000000 0.148616212 0.851383788
Q:/ccrfrf: 0.000000000 0.745370759 0.254629241
Q:/ccrrcc: 0.000000000 0.684477332 0.315522668
Q:/ccrrcf: 0.000000000 0.615762535 0.384237465
Q:/ccrrfc: 0.000000000 0.811554220 0.188445780
Q:/ccrrff: 0.000000000 0.242999018 0.757000982
Q:/cr: 0.816268111 0.000000000 0.183731889
Q:/crccrc: 0.000000000 0.442914445 0.557085555
Q:/crccrf: 0.000000000 0.656022218 0.343977782
Q:/crcfrc: 0.000000000 0.500797877 0.499202123
Q:/crcfrf: 0.000000000 0.453326005 0.546673995
Q:/crcrcc: 0.000000000 0.770522314 0.229477686
Q:/crcrcf: 0.000000000 0.613683650 0.386316350
Q:/crcrfc: 0.000000000 0.467793834 0.532206166
Q:/crcrff: 0.000000000 0.555790709 0.444209291
Q:/rc: 0.906301612 0.001001851 0.092696537
Q:/rccrcc: 0.000000000 0.488127850 0.511872150
Q:/rccrcf: 0.000000000 0.333231696 0.666768304
Q:/rccrfc: 0.000000000 0.807567765 0.192432235
Q:/rccrff: 0.000000000 0.548669291 0.451330709
Q:/rf: 0.993293557 0.000076293 0.006630150
Q:/rfcrc: 0.000000000 0.645365779 0.354634221
Q:/rfcrf: 0.000000000 0.605688241 0.394311759
Q:/rr: 0.000000000 0.399437538 0.600562462
T:/cc: 0.159415709 0.840584291 0.000000000
T:/cccrcc: 0.048606413 0.529348270 0.422045317
T:/cccrcf: 0.257910807 0.466386038 0.275703155
T:/cccrcr: 0.000000000 0.446250070 0.553749930
T:/cccrfc: 0.611335537 0.000000000 0.388664463
T:/cccrff: 0.320365375 0.485199658 0.194434967
T:/cccrfr: 0.000000000 0.210159870 0.789840130
T:/cccrrc: 0.000000000 0.000000000 1.000000000
T:/cccrrf: 0.000000000 0.052629278 0.947370722
T:/ccrccr: 0.000000000 0.938342466 0.061657534
T:/ccrcfr: 0.000000000 0.502112186 0.497887814
T:/ccrcrc: 0.000000000 0.083523930 0.916476070
T:/ccrcrf: 0.000000000 0.287538229 0.712461771
T:/ccrfcr: 0.000000000 0.445896952 0.554103048
T:/ccrffr: 0.000000000 0.298655798 0.701344202
T:/ccrfrc: 0.000000000 0.244707826 0.755292174
T:/ccrfrf: 0.000000000 0.203172321 0.796827679
T:/ccrrcc: 0.000000000 0.604259909 0.395740091
T:/ccrrcf: 0.000000000 0.752291986 0.247708014
T:/ccrrfc: 0.000000000 0.321150403 0.678849597
T:/ccrrff: 0.000000000 0.352089042 0.647910958
T:/cr: 0.000028208 0.000000000 0.999971792
T:/crccrc: 0.000000000 0.273463458 0.726536542
T:/crccrf: 0.000000000 0.018114050 0.981885950
T:/crcfrc: 0.000000000 0.698573449 0.301426551
T:/crcfrf: 0.000000000 0.344146738 0.655853262
T:/crcrcc: 0.000000000 0.247135543 0.752864457
T:/crcrcf: 0.000000000 0.823955503 0.176044497
T:/crcrfc: 0.000000000 0.404343294 0.595656706
T:/crcrff: 0.000000000 0.562697292 0.437302708
T:/rc: 0.000000000 0.000000000 1.000000000
T:/rccrcc: 0.000000000 0.526148800 0.473851200
T:/rccrcf: 0.000000000 0.421922439 0.578077561
T:/rccrfc: 0.000000000 0.209030184 0.790969816
T:/rccrff: 0.000000000 0.051000633 0.948999367
T:/rf: 0.669278957 0.001350674 0.329370369
T:/rfcrc: 0.000000000 0.915977584 0.084022416
T:/rfcrf: 0.000000000 0.613921564 0.386078436
T:/rr: 0.000000000 0.000000000 1.000000000
