A:/c: 1.000000000 0.000000000 0.000000000
A:/ccrc: 0.000000000 1.000000000 0.000000000
A:/ccrf: 0.000000000 1.000000000 0.000000000
A:/r: 0.000000000 1.000000000 0.000000000
AJ:/ccc/c: 0.529263824 0.470736176 0.000000000
AJ:/ccc/ccrc: 0.000000000 0.738959253 0.261040747
AJ:/ccc/ccrf: 0.000000000 0.138439286 0.861560714
AJ:/ccc/r: 0.000000000 0.831179100 0.168820900
AJ:/ccrcc/c: 0.736588737 0.263411263 0.000000000
AJ:/ccrcc/ccrc: 0.000000000 0.441869458 0.558130542
AJ:/ccrcc/ccrf: 0.000000000 0.689549663 0.310450337
AJ:/ccrcc/r: 0.000000000 0.736605841 0.263394159
AJ:/ccrfc/: 0.440891212 0.559108788 0.000000000
AJ:/ccrfc/cr: 0.000000000 0.969831989 0.030168011
AJ:/crcc/c: 0.399003750 0.600996250 0.000000000
AJ:/crcc/ccrc: 0.000000000 0.177575292 0.822424708
AJ:/crcc/ccrf: 0.000000000 0.890966244 0.109033756
AJ:/crcc/r: 0.000000000 0.755783114 0.244216886
AJ:/crcf/: 0.662964448 0.337035552 0.000000000
AJ:/crcf/cr: 0.000000000 1.000000000 0.000000000
AJ:/crfc/c: 0.548221502 0.451778498 0.000000000
AJ:/crfc/r: 0.000000000 1.000000000 0.000000000
AJ:/rcc/c: 0.753211038 0.246788962 0.000000000
AJ:/rcc/ccrc: 0.000000000 1.000000000 0.000000000
AJ:/rcc/ccrf: 0.000000000 1.000000000 0.000000000
AJ:/rcc/r: 0.000000000 1.000000000 0.000000000
AJ:/rcf/c: 1.000000000 0.000000000 0.000000000
AJ:/rcf/r: 0.000000000 1.000000000 0.000000000
AK:/ccc/c: 0.600510544 0.399489456 0.000000000
AK:/ccc/ccrc: 0.000000000 0.653424236 0.346575764
AK:/ccc/ccrf: 0.000000000 0.177041991 0.822958009
AK:/ccc/r: 0.000000000 0.442949880 0.557050120
AK:/ccrcc/c: 0.956705903 0.043294097 0.000000000
AK:/ccrcc/ccrc: 0.000000000 0.456901855 0.543098145
AK:/ccrcc/ccrf: 0.000000000 0.108203011 0.891796989
AK:/ccrcc/r: 0.000000000 0.690779535 0.309220465
AK:/ccrfc/: 0.229270318 0.770729682 0.000000000
AK:/ccrfc/cr: 0.000000000 0.456557194 0.543442806
AK:/crcc/c: 0.562515726 0.437484274 0.000000000
AK:/crcc/ccrc: 0.000000000 0.119451970 0.880548030
AK:/crcc/ccrf: 0.000000000 0.915721691 0.084278309
AK:/crcc/r: 0.000000000 0.557449357 0.442550643
AK:/crcf/: 1.000000000 0.000000000 0.000000000
AK:/crcf/cr: 0.000000000 0.423636825 0.576363175
AK:/crfc/c: 0.689164385 0.310835615 0.000000000
AK:/crfc/r: 0.000000000 0.686846221 0.313153779
AK:/rcc/c: 0.427425138 0.572574862 0.000000000
AK:/rcc/ccrc: 0.000000000 0.677090333 0.322909667
AK:/rcc/ccrf: 0.000000000 0.921092863 0.078907137
AK:/rcc/r: 0.000000000 0.427771615 0.572228385
AK:/rcf/c: 0.264972085 0.735027915 0.000000000
AK:/rcf/r: 0.000000000 1.000000000 0.000000000
AQ:/ccc/c: 0.580372028 0.419627972 0.000000000
AQ:/ccc/ccrc: 0.000000000 0.634827845 0.365172155
AQ:/ccc/ccrf: 0.000000000 0.747311148 0.252688852
AQ:/ccc/r: 0.000000000 0.219395432 0.780604568
AQ:/ccrcc/c: 0.448340092 0.551659908 0.000000000
AQ:/ccrcc/ccrc: 0.000000000 0.604174058 0.395825942
AQ:/ccrcc/ccrf: 0.000000000 0.524609405 0.475390595
AQ:/ccrcc/r: 0.000000000 1.000000000 0.000000000
AQ:/ccrfc/: 0.126677988 0.873322012 0.000000000
AQ:/ccrfc/cr: 0.000000000 0.838809600 0.161190400
AQ:/crcc/c: 0.992439246 0.007560754 0.000000000
AQ:/crcc/ccrc: 0.000000000 0.525035611 0.474964389
AQ:/crcc/ccrf: 0.000000000 0.300038725 0.699961275
AQ:/crcc/r: 0.000000000 0.918595667 0.081404333
AQ:/crcf/: 0.228191447 0.771808553 0.000000000
AQ:/crcf/cr: 0.000000000 1.000000000 0.000000000
AQ:/crfc/c: 0.991250879 0.008749121 0.000000000
AQ:/crfc/r: 0.000000000 0.285529971 0.714470029
AQ:/rcc/c: 0.778175333 0.221824667 0.000000000
AQ:/rcc/ccrc: 0.000000000 0.940123214 0.059876786
AQ:/rcc/ccrf: 0.000000000 0.808139998 0.191860002
AQ:/rcc/r: 0.000000000 0.424643834 0.575356166
AQ:/rcf/c: 1.000000000 0.000000000 0.000000000
AQ:/rcf/r: 0.000000000 1.000000000 0.000000000
J:/c: 0.310386374 0.689613626 0.000000000
J:/ccrc: 0.000000000 0.258111149 0.741888851
J:/ccrf: 0.000000000 0.870127722 0.129872278
J:/r: 0.000000000 1.000000000 0.000000000
JA:/ccc/c: 0.487577437 0.512422563 0.000000000
JA:/ccc/ccrc: 0.000000000 0.577305636 0.422694364
JA:/ccc/ccrf: 0.000000000 0.143028921 0.856971079
JA:/ccc/r: 0.000000000 0.397497540 0.602502460
JA:/ccrcc/c: 0.923902518 0.076097482 0.000000000
JA:/ccrcc/ccrc: 0.000000000 0.066792483 0.933207517
JA:/ccrcc/ccrf: 0.000000000 0.309895026 0.690104974
JA:/ccrcc/r: 0.000000000 0.907028460 0.092971540
JA:/ccrfc/: 0.977091234 0.022908766 0.000000000
JA:/ccrfc/cr: 0.000000000 0.401791233 0.598208767
JA:/crcc/c: 0.535032509 0.464967491 0.000000000
JA:/crcc/ccrc: 0.000000000 0.581627037 0.418372963
JA:/crcc/ccrf: 0.000000000 0.035222874 0.964777126
JA:/crcc/r: 0.000000000 0.807715298 0.192284702
JA:/crcf/: 0.707598735 0.292401265 0.000000000
JA:/crcf/cr: 0.000000000 0.112877927 0.887122073
JA:/crfc/c: 0.936829445 0.063170555 0.000000000
JA:/crfc/r: 0.000000000 0.719546702 0.280453298
JA:/rcc/c: 0.000870478 0.999129522 0.000000000
JA:/rcc/ccrc: 0.000000000 0.000000000 1.000000000
JA:/rcc/ccrf: 0.000000000 0.000000000 1.000000000
JA:/rcc/r: 0.000000000 0.000000000 1.000000000
JA:/rcf/c: 0.000000000 1.000000000 0.000000000
JA:/rcf/r: 0.000000000 0.000000000 1.000000000
JK:/ccc/c: 0.349445650 0.650554350 0.000000000
JK:/ccc/ccrc: 0.000000000 0.170155418 0.829844582
JK:/ccc/ccrf: 0.000000000 0.486546833 0.513453167
JK:/ccc/r: 0.000000000 0.134559892 0.865440108
JK:/ccrcc/c: 0.060009098 0.939990902 0.000000000
JK:/ccrcc/ccrc: 0.000000000 0.899359913 0.100640087
JK:/ccrcc/ccrf: 0.000000000 0.650309528 0.349690472
JK:/ccrcc/r: 0.000000000 0.000000000 1.000000000
JK:/ccrfc/: 0.521263240 0.478736760 0.000000000
JK:/ccrfc/cr: 0.000000000 0.636091143 0.363908857
JK:/crcc/c: 0.180395304 0.819604696 0.000000000
JK:/crcc/ccrc: 0.000000000 0.457798043 0.542201957
JK:/crcc/ccrf: 0.000000000 0.325140737 0.674859263
JK:/crcc/r: 0.000000000 0.788535909 0.211464091
JK:/crcf/: 0.489630222 0.510369778 0.000000000
JK:/crcf/cr: 0.000000000 0.271156911 0.728843089
JK:/crfc/c: 0.459542952 0.540457048 0.000000000
JK:/crfc/r: 0.000000000 0.680171256 0.319828744
JK:/rcc/c: 0.000000000 1.000000000 0.000000000
JK:/rcc/ccrc: 0.000000000 0.000000000 1.000000000
JK:/rcc/ccrf: 0.000000000 0.259318840 0.740681160
JK:/rcc/r: 0.000000000 0.000000000 1.000000000
JK:/rcf/c: 0.000000000 1.000000000 0.000000000
JK:/rcf/r: 0.000000000 0.000000000 1.000000000
JQ:/ccc/c: 0.483564032 0.516435968 0.000000000
JQ:/ccc/ccrc: 0.000000000 0.985195895 0.014804105
JQ:/ccc/ccrf: 0.000000000 0.835997570 0.164002430
JQ:/ccc/r: 0.000000000 0.159745793 0.840254207
JQ:/ccrcc/c: 0.689546149 0.310453851 0.000000000
JQ:/ccrcc/ccrc: 0.000000000 0.700142039 0.299857961
JQ:/ccrcc/ccrf: 0.000000000 0.831239334 0.168760666
JQ:/ccrcc/r: 0.000000000 0.434958614 0.565041386
JQ:/ccrfc/: 0.270171158 0.729828842 0.000000000
JQ:/ccrfc/cr: 0.000000000 0.499282208 0.500717792
JQ:/crcc/c: 0.349424761 0.650575239 0.000000000
JQ:/crcc/ccrc: 0.000000000 0.000000000 1.000000000
JQ:/crcc/ccrf: 0.000000000 0.752199878 0.247800122
JQ:/crcc/r: 0.000000000 0.871531823 0.128468177
JQ:/crcf/: 0.247291556 0.752708444 0.000000000
JQ:/crcf/cr: 0.000000000 0.342113506 0.657886494
JQ:/crfc/c: 0.481854979 0.518145021 0.000000000
JQ:/crfc/r: 0.000000000 0.574236822 0.425763178
JQ:/rcc/c: 0.000000000 1.000000000 0.000000000
JQ:/rcc/ccrc: 0.000000000 0.000000000 1.000000000
JQ:/rcc/ccrf: 0.000000000 0.000000000 1.000000000
JQ:/rcc/r: 0.000000000 0.000000000 1.000000000
JQ:/rcf/c: 1.000000000 0.000000000 0.000000000
JQ:/rcf/r: 0.000000000 0.174351181 0.825648819
K:/c: 0.722822386 0.277177614 0.000000000
K:/ccrc: 0.000000000 0.486583734 0.513416266
K:/ccrf: 0.000000000 1.000000000 0.000000000
K:/r: 0.000000000 1.000000000 0.000000000
KA:/ccc/c: 0.200686670 0.799313330 0.000000000
KA:/ccc/ccrc: 0.000000000 0.963152324 0.036847676
KA:/ccc/ccrf: 0.000000000 0.218526092 0.781473908
KA:/ccc/r: 0.000000000 0.632973602 0.367026398
KA:/ccrcc/c: 0.642399599 0.357600401 0.000000000
KA:/ccrcc/ccrc: 0.000000000 0.416793271 0.583206729
KA:/ccrcc/ccrf: 0.000000000 0.539764153 0.460235847
KA:/ccrcc/r: 0.000000000 0.759115867 0.240884133
KA:/ccrfc/: 0.687900445 0.312099555 0.000000000
KA:/ccrfc/cr: 0.000000000 0.994968405 0.005031595
KA:/crcc/c: 0.509928438 0.490071562 0.000000000
KA:/crcc/ccrc: 0.000000000 0.712506086 0.287493914
KA:/crcc/ccrf: 0.000000000 0.682434741 0.317565259
KA:/crcc/r: 0.000000000 0.797436422 0.202563578
KA:/crcf/: 0.106691766 0.893308234 0.000000000
KA:/crcf/cr: 0.000000000 0.939057354 0.060942646
KA:/crfc/c: 0.457676386 0.542323614 0.000000000
KA:/crfc/r: 0.000000000 1.000000000 0.000000000
KA:/rcc/c: 0.843337420 0.156662580 0.000000000
KA:/rcc/ccrc: 0.000000000 0.985337818 0.014662182
KA:/rcc/ccrf: 0.000000000 0.334204896 0.665795104
KA:/rcc/r: 0.000000000 0.903536815 0.096463185
KA:/rcf/c: 0.273237605 0.726762395 0.000000000
KA:/rcf/r: 0.000000000 1.000000000 0.000000000
KJ:/ccc/c: 0.379084214 0.620915786 0.000000000
KJ:/ccc/ccrc: 0.000000000 0.430264478 0.569735522
KJ:/ccc/ccrf: 0.000000000 0.516046098 0.483953902
KJ:/ccc/r: 0.000000000 0.579190604 0.420809396
KJ:/ccrcc/c: 0.368418219 0.631581781 0.000000000
KJ:/ccrcc/ccrc: 0.000000000 0.463975002 0.536024998
KJ:/ccrcc/ccrf: 0.000000000 0.384766824 0.615233176
KJ:/ccrcc/r: 0.000000000 0.242493182 0.757506818
KJ:/ccrfc/: 0.287939688 0.712060312 0.000000000
KJ:/ccrfc/cr: 0.000000000 0.737206011 0.262793989
KJ:/crcc/c: 0.453829621 0.546170379 0.000000000
KJ:/crcc/ccrc: 0.000000000 0.717926582 0.282073418
KJ:/crcc/ccrf: 0.000000000 0.449143935 0.550856065
KJ:/crcc/r: 0.000000000 0.423707381 0.576292619
KJ:/crcf/: 0.534542857 0.465457143 0.000000000
KJ:/crcf/cr: 0.000000000 0.350919819 0.649080181
KJ:/crfc/c: 0.477133671 0.522866329 0.000000000
KJ:/crfc/r: 0.000000000 0.648097425 0.351902575
KJ:/rcc/c: 0.399103766 0.600896234 0.000000000
KJ:/rcc/ccrc: 0.000000000 0.160929989 0.839070011
KJ:/rcc/ccrf: 0.000000000 0.585146478 0.414853522
KJ:/rcc/r: 0.000000000 0.000643081 0.999356919
KJ:/rcf/c: 0.000001033 0.999998967 0.000000000
KJ:/rcf/r: 0.000000000 0.000000000 1.000000000
KQ:/ccc/c: 0.475194291 0.524805709 0.000000000
KQ:/ccc/ccrc: 0.000000000 0.263831470 0.736168530
KQ:/ccc/ccrf: 0.000000000 0.587563760 0.412436240
KQ:/ccc/r: 0.000000000 0.317105467 0.682894533
KQ:/ccrcc/c: 0.302718494 0.697281506 0.000000000
KQ:/ccrcc/ccrc: 0.000000000 0.712826616 0.287173384
KQ:/ccrcc/ccrf: 0.000000000 0.799262784 0.200737216
KQ:/ccrcc/r: 0.000000000 0.350610889 0.649389111
KQ:/ccrfc/: 0.534521825 0.465478175 0.000000000
KQ:/ccrfc/cr: 0.000000000 0.243906867 0.756093133
KQ:/crcc/c: 0.771881864 0.228118136 0.000000000
KQ:/crcc/ccrc: 0.000000000 0.631681272 0.368318728
KQ:/crcc/ccrf: 0.000000000 0.538063025 0.461936975
KQ:/crcc/r: 0.000000000 0.751683296 0.248316704
KQ:/crcf/: 0.538663009 0.461336991 0.000000000
KQ:/crcf/cr: 0.000000000 0.052976874 0.947023126
KQ:/crfc/c: 0.978421023 0.021578977 0.000000000
KQ:/crfc/r: 0.000000000 0.429287605 0.570712395
KQ:/rcc/c: 0.001210664 0.998789336 0.000000000
KQ:/rcc/ccrc: 0.000000000 0.000000000 1.000000000
KQ:/rcc/ccrf: 0.000000000 0.000000000 1.000000000
KQ:/rcc/r: 0.000000000 0.645148451 0.354851549
KQ:/rcf/c: 0.000003303 0.999996697 0.000000000
KQ:/rcf/r: 0.000000000 0.000000000 1.000000000
Q:/c: 0.225542183 0.774457817 0.000000000
Q:/ccrc: 0.000000000 0.395464320 0.604535680
Q:/ccrf: 0.000000000 0.492002125 0.507997875
Q:/r: 0.000000000 1.000000000 0.000000000
QA:/ccc/c: 0.273332624 0.726667376 0.000000000
QA:/ccc/ccrc: 0.000000000 0.713973190 0.286026810
QA:/ccc/ccrf: 0.000000000 0.386189691 0.613810309
QA:/ccc/r: 0.000000000 0.398226778 0.601773222
QA:/ccrcc/c: 0.285041468 0.714958532 0.000000000
QA:/ccrcc/ccrc: 0.000000000 0.227981450 0.772018550
QA:/ccrcc/ccrf: 0.000000000 0.451664602 0.548335398
QA:/ccrcc/r: 0.000000000 0.319668216 0.680331784
QA:/ccrfc/: 0.731844289 0.268155711 0.000000000
QA:/ccrfc/cr: 0.000000000 0.000000000 1.000000000
QA:/crcc/c: 0.593167460 0.406832540 0.000000000
QA:/crcc/ccrc: 0.000000000 0.769896176 0.230103824
QA:/crcc/ccrf: 0.000000000 0.362956448 0.637043552
QA:/crcc/r: 0.000000000 0.159214280 0.840785720
QA:/crcf/: 0.239028090 0.760971910 0.000000000
QA:/crcf/cr: 0.000000000 0.441999704 0.558000296
QA:/crfc/c: 0.483555094 0.516444906 0.000000000
QA:/crfc/r: 0.000000000 0.739403124 0.260596876
QA:/rcc/c: 1.000000000 0.000000000 0.000000000
QA:/rcc/ccrc: 0.000000000 0.777119178 0.222880822
QA:/rcc/ccrf: 0.000000000 0.525998526 0.474001474
QA:/rcc/r: 0.000000000 0.000625797 0.999374203
QA:/rcf/c: 0.000000000 1.000000000 0.000000000
QA:/rcf/r: 0.000000000 0.000000000 1.000000000
QJ:/ccc/c: 0.042748805 0.957251195 0.000000000
QJ:/ccc/ccrc: 0.000000000 0.589863503 0.410136497
QJ:/ccc/ccrf: 0.000000000 0.518744442 0.481255558
QJ:/ccc/r: 0.000000000 0.886161699 0.113838301
QJ:/ccrcc/c: 0.324391636 0.675608364 0.000000000
QJ:/ccrcc/ccrc: 0.000000000 0.962283976 0.037716024
QJ:/ccrcc/ccrf: 0.000000000 0.550013551 0.449986449
QJ:/ccrcc/r: 0.000000000 0.502796011 0.497203989
QJ:/ccrfc/: 0.785910795 0.214089205 0.000000000
QJ:/ccrfc/cr: 0.000000000 0.442727037 0.557272963
QJ:/crcc/c: 0.110738706 0.889261294 0.000000000
QJ:/crcc/ccrc: 0.000000000 0.102850112 0.897149888
QJ:/crcc/ccrf: 0.000000000 0.580014890 0.419985110
QJ:/crcc/r: 0.000000000 0.350126939 0.649873061
QJ:/crcf/: 0.559429539 0.440570461 0.000000000
QJ:/crcf/cr: 0.000000000 0.752681868 0.247318132
QJ:/crfc/c: 0.713261278 0.286738722 0.000000000
QJ:/crfc/r: 0.000000000 0.427175056 0.572824944
QJ:/rcc/c: 0.000000000 1.000000000 0.000000000
QJ:/rcc/ccrc: 0.000000000 0.183409318 0.816590682
QJ:/rcc/ccrf: 0.000000000 0.194776000 0.805224000
QJ:/rcc/r: 0.000000000 0.000000000 1.000000000
QJ:/rcf/c: 1.000000000 0.000000000 0.000000000
QJ:/rcf/r: 0.000000000 0.485123778 0.514876222
QK:/ccc/c: 0.445025067 0.554974933 0.000000000
QK:/ccc/ccrc: 0.000000000 0.357776001 0.642223999
QK:/ccc/ccrf: 0.000000000 0.176752429 0.823247571
QK:/ccc/r: 0.000000000 0.620930909 0.379069091
QK:/ccrcc/c: 0.663364987 0.336635013 0.000000000
QK:/ccrcc/ccrc: 0.000000000 0.898505618 0.101494382
QK:/ccrcc/ccrf: 0.000000000 0.692734561 0.307265439
QK:/ccrcc/r: 0.000000000 0.482154825 0.517845175
QK:/ccrfc/: 1.000000000 0.000000000 0.000000000
QK:/ccrfc/cr: 0.000000000 0.946861820 0.053138180
QK:/crcc/c: 0.429265218 0.570734782 0.000000000
QK:/crcc/ccrc: 0.000000000 0.860454977 0.139545023
QK:/crcc/ccrf: 0.000000000 0.849882163 0.150117837
QK:/crcc/r: 0.000000000 0.361569778 0.638430222
QK:/crcf/: 0.234028744 0.765971256 0.000000000
QK:/crcf/cr: 0.000000000 0.644898413 0.355101587
QK:/crfc/c: 0.599212789 0.400787211 0.000000000
QK:/crfc/r: 0.000000000 0.287115407 0.712884593
QK:/rcc/c: 0.002289382 0.997710618 0.000000000
QK:/rcc/ccrc: 0.000000000 0.000000000 1.000000000
QK:/rcc/ccrf: 0.000000000 0.088891096 0.911108904
QK:/rcc/r: 0.000000000 0.357602069 0.642397931
QK:/rcf/c: 0.000000000 1.000000000 0.000000000
QK:/rcf/r: 0.000000000 0.000000000 1.000000000
