A:/cc: 0.329598124 0.670401876 0.000000000
A:/cr: 0.000000000 0.748274799 0.251725201
A:/rc: 0.000000000 0.836191250 0.163808750
A:/rf: 0.000000000 0.503710200 0.496289800
AJ:/ccc/cc: 0.469122725 0.530877275 0.000000000
AJ:/ccc/cr: 0.000000000 0.163653346 0.836346654
AJ:/ccc/rc: 0.000000000 0.577502146 0.422497854
AJ:/ccc/rf: 0.000000000 0.714494436 0.285505564
AJ:/ccrcc/cc: 0.687408946 0.312591054 0.000000000
AJ:/ccrcc/cr: 0.000000000 0.797710318 0.202289682
AJ:/ccrcc/rc: 0.000000000 0.233678530 0.766321470
AJ:/ccrcc/rf: 0.000000000 0.730923887 0.269076113
AJ:/ccrcf/c: 0.944576614 0.055423386 0.000000000
AJ:/ccrcf/r: 0.000000000 0.408200089 0.591799911
AJ:/ccrfc/c: 0.575616756 0.424383244 0.000000000
AJ:/ccrfc/r: 0.000000000 0.190624503 0.809375497
AJ:/crcc/cc: 0.840981816 0.159018184 0.000000000
AJ:/crcc/cr: 0.000000000 0.705113893 0.294886107
AJ:/crcc/rc: 0.000000000 0.305639079 0.694360921
AJ:/crcc/rf: 0.000000000 0.789665044 0.210334956
AJ:/crcf/c: 0.255368467 0.744631533 0.000000000
AJ:/crcf/r: 0.000000000 0.861347681 0.138652319
AJ:/rcc/cc: 0.000000000 1.000000000 0.000000000
AJ:/rcc/cr: 0.000000000 0.749008511 0.250991489
AJ:/rcc/rc: 0.000000000 0.887608746 0.112391254
AJ:/rcc/rf: 0.000000000 0.538776563 0.461223437
AJ:/rfc/c: 0.497866116 0.502133884 0.000000000
AJ:/rfc/r: 0.000000000 0.774361780 0.225638220
AK:/ccc/cc: 0.517215850 0.482784150 0.000000000
AK:/ccc/cr: 0.000000000 0.163812207 0.836187793
AK:/ccc/rc: 0.000000000 0.144910356 0.855089644
AK:/ccc/rf: 0.000000000 0.648600116 0.351399884
AK:/ccrcc/cc: 0.456238266 0.543761734 0.000000000
AK:/ccrcc/cr: 0.000000000 0.345238695 0.654761305
AK:/ccrcc/rc: 0.000000000 0.398196182 0.601803818
AK:/ccrcc/rf: 0.000000000 0.670513393 0.329486607
AK:/ccrcf/c: 0.936286723 0.063713277 0.000000000
AK:/ccrcf/r: 0.000000000 0.084835179 0.915164821
AK:/ccrfc/c: 0.034074970 0.965925030 0.000000000
AK:/ccrfc/r: 0.000000000 0.351633557 0.648366443
AK:/crcc/cc: 0.520270879 0.479729121 0.000000000
AK:/crcc/cr: 0.000000000 0.907162316 0.092837684
AK:/crcc/rc: 0.000000000 0.213158107 0.786841893
AK:/crcc/rf: 0.000000000 0.065551947 0.934448053
AK:/crcf/c: 0.969836474 0.030163526 0.000000000
AK:/crcf/r: 0.000000000 0.426944570 0.573055430
AK:/rcc/cc: 0.000254148 0.999745852 0.000000000
AK:/rcc/cr: 0.000000000 0.872417167 0.127582833
AK:/rcc/rc: 0.000000000 0.199442629 0.800557371
AK:/rcc/rf: 0.000000000 0.486917177 0.513082823
AK:/rfc/c: 0.211293562 0.788706438 0.000000000
AK:/rfc/r: 0.000000000 0.274817055 0.725182945
AQ:/ccc/cc: 0.279440500 0.720559500 0.000000000
AQ:/ccc/cr: 0.000000000 0.462068424 0.537931576
AQ:/ccc/rc: 0.000000000 0.399003593 0.600996407
AQ:/ccc/rf: 0.000000000 0.730364405 0.269635595
AQ:/ccrcc/cc: 0.234448897 0.765551103 0.000000000
AQ:/ccrcc/cr: 0.000000000 0.358801370 0.641198630
AQ:/ccrcc/rc: 0.000000000 0.731107072 0.268892928
AQ:/ccrcc/rf: 0.000000000 0.489732030 0.510267970
AQ:/ccrcf/c: 0.276087521 0.723912479 0.000000000
AQ:/ccrcf/r: 0.000000000 0.434194465 0.565805535
AQ:/ccrfc/c: 0.730302608 0.269697392 0.000000000
AQ:/ccrfc/r: 0.000000000 0.074733854 0.925266146
AQ:/crcc/cc: 0.602515349 0.397484651 0.000000000
AQ:/crcc/cr: 0.000000000 0.414058810 0.585941190
AQ:/crcc/rc: 0.000000000 0.256408959 0.743591041
AQ:/crcc/rf: 0.000000000 0.804655116 0.195344884
AQ:/crcf/c: 0.200996636 0.799003364 0.000000000
AQ:/crcf/r: 0.000000000 0.662363153 0.337636847
AQ:/rcc/cc: 0.538657616 0.461342384 0.000000000
AQ:/rcc/cr: 0.000000000 0.866323291 0.133676709
AQ:/rcc/rc: 0.000000000 0.000004836 0.999995164
AQ:/rcc/rf: 0.000000000 0.781590146 0.218409854
AQ:/rfc/c: 0.390533540 0.609466460 0.000000000
AQ:/rfc/r: 0.000000000 0.598704936 0.401295064
J:/cc: 0.269044794 0.730955206 0.000000000
J:/cr: 0.000000000 0.870756551 0.129243449
J:/rc: 0.000000000 0.007269496 0.992730504
J:/rf: 0.000000000 0.571179108 0.428820892
JA:/ccc/cc: 0.480626800 0.519373200 0.000000000
JA:/ccc/cr: 0.000000000 0.703286040 0.296713960
JA:/ccc/rc: 0.000000000 0.018845765 0.981154235
JA:/ccc/rf: 0.000000000 0.575796669 0.424203331
JA:/ccrcc/cc: 0.574085944 0.425914056 0.000000000
JA:/ccrcc/cr: 0.000000000 0.955821049 0.044178951
JA:/ccrcc/rc: 0.000000000 0.166311499 0.833688501
JA:/ccrcc/rf: 0.000000000 0.977995095 0.022004905
JA:/ccrcf/c: 0.330738760 0.669261240 0.000000000
JA:/ccrcf/r: 0.000000000 0.338651301 0.661348699
JA:/ccrfc/c: 0.107408629 0.892591371 0.000000000
JA:/ccrfc/r: 0.000000000 0.662663566 0.337336434
JA:/crcc/cc: 0.882397089 0.117602911 0.000000000
JA:/crcc/cr: 0.000000000 0.238613558 0.761386442
JA:/crcc/rc: 0.000000000 0.726599405 0.273400595
JA:/crcc/rf: 0.000000000 0.476220248 0.523779752
JA:/crcf/c: 0.259283092 0.740716908 0.000000000
JA:/crcf/r: 0.000000000 0.761794510 0.238205490
JA:/rcc/cc: 0.000835171 0.999164829 0.000000000
JA:/rcc/cr: 0.000000000 0.993421841 0.006578159
JA:/rcc/rc: 0.000000000 0.597413693 0.402586307
JA:/rcc/rf: 0.000000000 0.358861378 0.641138622
JA:/rfc/c: 0.601075666 0.398924334 0.000000000
JA:/rfc/r: 0.000000000 0.645950633 0.354049367
JK:/ccc/cc: 0.133383127 0.866616873 0.000000000
JK:/ccc/cr: 0.000000000 0.665361909 0.334638091
JK:/ccc/rc: 0.000000000 0.830066118 0.169933882
JK:/ccc/rf: 0.000000000 0.433662747 0.566337253
JK:/ccrcc/cc: 0.943106125 0.056893875 0.000000000
JK:/ccrcc/cr: 0.000000000 0.412572685 0.587427315
JK:/ccrcc/rc: 0.000000000 0.373188358 0.626811642
JK:/ccrcc/rf: 0.000000000 0.897601877 0.102398123
JK:/ccrcf/c: 0.194053194 0.805946806 0.000000000
JK:/ccrcf/r: 0.000000000 0.375773720 0.624226280
JK:/ccrfc/c: 0.874109240 0.125890760 0.000000000
JK:/ccrfc/r: 0.000000000 0.432695674 0.567304326
JK:/crcc/cc: 0.882428336 0.117571664 0.000000000
JK:/crcc/cr: 0.000000000 0.501910126 0.498089874
JK:/crcc/rc: 0.000000000 0.988163982 0.011836018
JK:/crcc/rf: 0.000000000 0.836284253 0.163715747
JK:/crcf/c: 0.564896333 0.435103667 0.000000000
JK:/crcf/r: 0.000000000 0.200271361 0.799728639
JK:/rcc/cc: 0.000000000 1.000000000 0.000000000
JK:/rcc/cr: 0.000000000 1.000000000 0.000000000
JK:/rcc/rc: 0.000000000 0.000000000 1.000000000
JK:/rcc/rf: 0.000000000 0.272615150 0.727384850
JK:/rfc/c: 0.188828364 0.811171636 0.000000000
JK:/rfc/r: 0.000000000 0.116056410 0.883943590
JQ:/ccc/cc: 0.278696000 0.721304000 0.000000000
JQ:/ccc/cr: 0.000000000 0.470557613 0.529442387
JQ:/ccc/rc: 0.000000000 0.298180420 0.701819580
JQ:/ccc/rf: 0.000000000 0.230510826 0.769489174
JQ:/ccrcc/cc: 0.362029106 0.637970894 0.000000000
JQ:/ccrcc/cr: 0.000000000 0.487224486 0.512775514
JQ:/ccrcc/rc: 0.000000000 0.762104734 0.237895266
JQ:/ccrcc/rf: 0.000000000 0.065982084 0.934017916
JQ:/ccrcf/c: 0.351580620 0.648419380 0.000000000
JQ:/ccrcf/r: 0.000000000 0.992136448 0.007863552
JQ:/ccrfc/c: 0.798762788 0.201237212 0.000000000
JQ:/ccrfc/r: 0.000000000 0.723694436 0.276305564
JQ:/crcc/cc: 0.400516322 0.599483678 0.000000000
JQ:/crcc/cr: 0.000000000 0.548189960 0.451810040
JQ:/crcc/rc: 0.000000000 0.641935867 0.358064133
JQ:/crcc/rf: 0.000000000 0.895001871 0.104998129
JQ:/crcf/c: 0.547526199 0.452473801 0.000000000
JQ:/crcf/r: 0.000000000 0.398787427 0.601212573
JQ:/rcc/cc: 0.000000000 1.000000000 0.000000000
JQ:/rcc/cr: 0.000000000 0.000345118 0.999654882
JQ:/rcc/rc: 0.000000000 0.000000000 1.000000000
JQ:/rcc/rf: 0.000000000 0.788203642 0.211796358
JQ:/rfc/c: 0.044129096 0.955870904 0.000000000
JQ:/rfc/r: 0.000000000 0.520836066 0.479163934
K:/cc: 0.898773156 0.101226844 0.000000000
K:/cr: 0.000000000 0.858314633 0.141685367
K:/rc: 0.000000000 1.000000000 0.000000000
K:/rf: 0.000000000 0.523420770 0.476579230
KA:/ccc/cc: 0.003267058 0.996732942 0.000000000
KA:/ccc/cr: 0.000000000 0.103687846 0.896312154
KA:/ccc/rc: 0.000000000 0.518580949 0.481419051
KA:/ccc/rf: 0.000000000 0.953168208 0.046831792
KA:/ccrcc/cc: 0.381143621 0.618856379 0.000000000
KA:/ccrcc/cr: 0.000000000 0.496700613 0.503299387
KA:/ccrcc/rc: 0.000000000 0.757739647 0.242260353
KA:/ccrcc/rf: 0.000000000 0.436908704 0.563091296
KA:/ccrcf/c: 0.617645148 0.382354852 0.000000000
KA:/ccrcf/r: 0.000000000 0.519345141 0.480654859
KA:/ccrfc/c: 0.685021852 0.314978148 0.000000000
KA:/ccrfc/r: 0.000000000 0.875693177 0.124306823
KA:/crcc/cc: 0.458709918 0.541290082 0.000000000
KA:/crcc/cr: 0.000000000 0.717498364 0.282501636
KA:/crcc/rc: 0.000000000 0.451354242 0.548645758
KA:/crcc/rf: 0.000000000 0.649576126 0.350423874
KA:/crcf/c: 0.055518353 0.944481647 0.000000000
KA:/crcf/r: 0.000000000 0.914902036 0.085097964
KA:/rcc/cc: 0.223471743 0.776528257 0.000000000
KA:/rcc/cr: 0.000000000 0.358588077 0.641411923
KA:/rcc/rc: 0.000000000 0.886867593 0.113132407
KA:/rcc/rf: 0.000000000 0.903208663 0.096791337
KA:/rfc/c: 0.155962151 0.844037849 0.000000000
KA:/rfc/r: 0.000000000 0.314532574 0.685467426
KJ:/ccc/cc: 0.353896551 0.646103449 0.000000000
KJ:/ccc/cr: 0.000000000 0.572134724 0.427865276
KJ:/ccc/rc: 0.000000000 0.531456006 0.468543994
KJ:/ccc/rf: 0.000000000 0.980453553 0.019546447
KJ:/ccrcc/cc: 0.170800994 0.829199006 0.000000000
KJ:/ccrcc/cr: 0.000000000 0.584296805 0.415703195
KJ:/ccrcc/rc: 0.000000000 0.366147623 0.633852377
KJ:/ccrcc/rf: 0.000000000 0.131167728 0.868832272
KJ:/ccrcf/c: 0.562618286 0.437381714 0.000000000
KJ:/ccrcf/r: 0.000000000 0.769938877 0.230061123
KJ:/ccrfc/c: 0.727353490 0.272646510 0.000000000
KJ:/ccrfc/r: 0.000000000 0.462070494 0.537929506
KJ:/crcc/cc: 0.005073501 0.994926499 0.000000000
KJ:/crcc/cr: 0.000000000 0.972346894 0.027653106
KJ:/crcc/rc: 0.000000000 0.359425155 0.640574845
KJ:/crcc/rf: 0.000000000 0.815108824 0.184891176
KJ:/crcf/c: 0.760813801 0.239186199 0.000000000
KJ:/crcf/r: 0.000000000 0.544063051 0.455936949
KJ:/rcc/cc: 0.000000000 1.000000000 0.000000000
KJ:/rcc/cr: 0.000000000 1.000000000 0.000000000
KJ:/rcc/rc: 0.000000000 0.000000000 1.000000000
KJ:/rcc/rf: 0.000000000 0.598068481 0.401931519
KJ:/rfc/c: 0.592135779 0.407864221 0.000000000
KJ:/rfc/r: 0.000000000 0.998679013 0.001320987
KQ:/ccc/cc: 0.076721848 0.923278152 0.000000000
KQ:/ccc/cr: 0.000000000 0.498854145 0.501145855
KQ:/ccc/rc: 0.000000000 0.739837394 0.260162606
KQ:/ccc/rf: 0.000000000 0.756600787 0.243399213
KQ:/ccrcc/cc: 0.583166836 0.416833164 0.000000000
KQ:/ccrcc/cr: 0.000000000 0.258054294 0.741945706
KQ:/ccrcc/rc: 0.000000000 0.363043007 0.636956993
KQ:/ccrcc/rf: 0.000000000 0.359282207 0.640717793
KQ:/ccrcf/c: 0.453594054 0.546405946 0.000000000
KQ:/ccrcf/r: 0.000000000 0.505206297 0.494793703
KQ:/ccrfc/c: 0.856459057 0.143540943 0.000000000
KQ:/ccrfc/r: 0.000000000 0.760710543 0.239289457
KQ:/crcc/cc: 0.976945052 0.023054948 0.000000000
KQ:/crcc/cr: 0.000000000 0.222790880 0.777209120
KQ:/crcc/rc: 0.000000000 0.765705071 0.234294929
KQ:/crcc/rf: 0.000000000 0.528475589 0.471524411
KQ:/crcf/c: 0.772864679 0.227135321 0.000000000
KQ:/crcf/r: 0.000000000 0.023373605 0.976626395
KQ:/rcc/cc: 0.000000000 1.000000000 0.000000000
KQ:/rcc/cr: 0.000000000 0.001013238 0.998986762
KQ:/rcc/rc: 0.000000000 0.645653686 0.354346314
KQ:/rcc/rf: 0.000000000 0.786961768 0.213038232
KQ:/rfc/c: 0.863534184 0.136465816 0.000000000
KQ:/rfc/r: 0.000000000 0.204773318 0.795226682
Q:/cc: 0.400047558 0.599952442 0.000000000
Q:/cr: 0.000000000 0.461946924 0.538053076
Q:/rc: 0.000000000 0.004653305 0.995346695
Q:/rf: 0.000000000 0.443795550 0.556204450
QA:/ccc/cc: 0.503015065 0.496984935 0.000000000
QA:/ccc/cr: 0.000000000 0.136496973 0.863503027
QA:/ccc/rc: 0.000000000 0.427115258 0.572884742
QA:/ccc/rf: 0.000000000 0.597020561 0.402979439
QA:/ccrcc/cc: 0.074838384 0.925161616 0.000000000
QA:/ccrcc/cr: 0.000000000 0.987478103 0.012521897
QA:/ccrcc/rc: 0.000000000 0.737476670 0.262523330
QA:/ccrcc/rf: 0.000000000 0.955603561 0.044396439
QA:/ccrcf/c: 0.923734497 0.076265503 0.000000000
QA:/ccrcf/r: 0.000000000 0.315920245 0.684079755
QA:/ccrfc/c: 0.974751181 0.025248819 0.000000000
QA:/ccrfc/r: 0.000000000 0.436389185 0.563610815
QA:/crcc/cc: 0.541310216 0.458689784 0.000000000
QA:/crcc/cr: 0.000000000 0.060595624 0.939404376
QA:/crcc/rc: 0.000000000 0.870248372 0.129751628
QA:/crcc/rf: 0.000000000 0.600720252 0.399279748
QA:/crcf/c: 0.725427078 0.274572922 0.000000000
QA:/crcf/r: 0.000000000 0.259308855 0.740691145
QA:/rcc/cc: 0.000000000 1.000000000 0.000000000
QA:/rcc/cr: 0.000000000 0.955005742 0.044994258
QA:/rcc/rc: 0.000000000 0.000000000 1.000000000
QA:/rcc/rf: 0.000000000 0.413184802 0.586815198
QA:/rfc/c: 0.728549401 0.271450599 0.000000000
QA:/rfc/r: 0.000000000 0.516294168 0.483705832
QJ:/ccc/cc: 0.292918162 0.707081838 0.000000000
QJ:/ccc/cr: 0.000000000 0.524931589 0.475068411
QJ:/ccc/rc: 0.000000000 0.579993818 0.420006182
QJ:/ccc/rf: 0.000000000 0.432129347 0.567870653
QJ:/ccrcc/cc: 0.744718927 0.255281073 0.000000000
QJ:/ccrcc/cr: 0.000000000 0.352341005 0.647658995
QJ:/ccrcc/rc: 0.000000000 0.429614300 0.570385700
QJ:/ccrcc/rf: 0.000000000 0.647453051 0.352546949
QJ:/ccrcf/c: 0.447524458 0.552475542 0.000000000
QJ:/ccrcf/r: 0.000000000 0.219440289 0.780559711
QJ:/ccrfc/c: 0.644638394 0.355361606 0.000000000
QJ:/ccrfc/r: 0.000000000 0.023663713 0.976336287
QJ:/crcc/cc: 0.308956266 0.691043734 0.000000000
QJ:/crcc/cr: 0.000000000 0.529894343 0.470105657
QJ:/crcc/rc: 0.000000000 0.477443231 0.522556769
QJ:/crcc/rf: 0.000000000 0.379019428 0.620980572
QJ:/crcf/c: 0.144444125 0.855555875 0.000000000
QJ:/crcf/r: 0.000000000 0.458174923 0.541825077
QJ:/rcc/cc: 1.000000000 0.000000000 0.000000000
QJ:/rcc/cr: 0.000000000 1.000000000 0.000000000
QJ:/rcc/rc: 0.000000000 0.000000000 1.000000000
QJ:/rcc/rf: 0.000000000 0.339830132 0.660169868
QJ:/rfc/c: 0.826595453 0.173404547 0.000000000
QJ:/rfc/r: 0.000000000 0.369888378 0.630111622
QK:/ccc/cc: 0.436229602 0.563770398 0.000000000
QK:/ccc/cr: 0.000000000 0.495786475 0.504213525
QK:/ccc/rc: 0.000000000 0.190060475 0.809939525
QK:/ccc/rf: 0.000000000 0.199864855 0.800135145
QK:/ccrcc/cc: 0.913341095 0.086658905 0.000000000
QK:/ccrcc/cr: 0.000000000 0.009368985 0.990631015
QK:/ccrcc/rc: 0.000000000 0.766845244 0.233154756
QK:/ccrcc/rf: 0.000000000 0.466217509 0.533782491
QK:/ccrcf/c: 0.065703179 0.934296821 0.000000000
QK:/ccrcf/r: 0.000000000 0.653306439 0.346693561
QK:/ccrfc/c: 0.456752479 0.543247521 0.000000000
QK:/ccrfc/r: 0.000000000 0.685084770 0.314915230
QK:/crcc/cc: 0.192427710 0.807572290 0.000000000
QK:/crcc/cr: 0.000000000 0.329138034 0.670861966
QK:/crcc/rc: 0.000000000 0.870731182 0.129268818
QK:/crcc/rf: 0.000000000 0.471220591 0.528779409
QK:/crcf/c: 0.424420199 0.575579801 0.000000000
QK:/crcf/r: 0.000000000 0.352364296 0.647635704
QK:/rcc/cc: 0.289802494 0.710197506 0.000000000
QK:/rcc/cr: 0.000000000 0.000000000 1.000000000
QK:/rcc/rc: 0.000000000 0.216575701 0.783424299
QK:/rcc/rf: 0.000000000 0.501157961 0.498842039
QK:/rfc/c: 0.233810600 0.766189400 0.000000000
QK:/rfc/r: 0.000000000 0.500705833 0.499294167
