A:/cc: 0.263604568 0.736395432 0.000000000
A:/cr: 0.000000000 0.737261275 0.262738725
A:/rc: 0.000000000 1.000000000 0.000000000
A:/rf: 0.000000000 0.343469141 0.656530859
AJ:/ccc/cc: 0.473763741 0.526236259 0.000000000
AJ:/ccc/cr: 0.000000000 0.227339897 0.772660103
AJ:/ccc/rc: 0.000000000 0.657559832 0.342440168
AJ:/ccc/rf: 0.000000000 0.714494436 0.285505564
AJ:/ccrcc/cc: 0.689472875 0.310527125 0.000000000
AJ:/ccrcc/cr: 0.000000000 0.820023824 0.179976176
AJ:/ccrcc/rc: 0.000000000 0.255463856 0.744536144
AJ:/ccrcc/rf: 0.000000000 0.730923887 0.269076113
AJ:/ccrcf/c: 0.944576614 0.055423386 0.000000000
AJ:/ccrcf/r: 0.000000000 0.408200089 0.591799911
AJ:/ccrfc/c: 0.574594264 0.425405736 0.000000000
AJ:/ccrfc/r: 0.000000000 0.273264018 0.726735982
AJ:/crcc/cc: 0.841205552 0.158794448 0.000000000
AJ:/crcc/cr: 0.000000000 0.747996252 0.252003748
AJ:/crcc/rc: 0.000000000 0.405677746 0.594322254
AJ:/crcc/rf: 0.000000000 0.789665044 0.210334956
AJ:/crcf/c: 0.253421780 0.746578220 0.000000000
AJ:/crcf/r: 0.000000000 0.831216543 0.168783457
AJ:/rcc/cc: 0.428343703 0.571656297 0.000000000
AJ:/rcc/cr: 0.000000000 0.872792638 0.127207362
AJ:/rcc/rc: 0.000000000 0.878497915 0.121502085
AJ:/rcc/rf: 0.000000000 0.538776563 0.461223437
AJ:/rfc/c: 0.497866116 0.502133884 0.000000000
AJ:/rfc/r: 0.000000000 0.774361780 0.225638220
AK:/ccc/cc: 0.494325213 0.505674787 0.000000000
AK:/ccc/cr: 0.000000000 0.167090930 0.832909070
AK:/ccc/rc: 0.000000000 0.175665662 0.824334338
AK:/ccc/rf: 0.000000000 0.648600116 0.351399884
AK:/ccrcc/cc: 0.456168112 0.543831888 0.000000000
AK:/ccrcc/cr: 0.000000000 0.343714108 0.656285892
AK:/ccrcc/rc: 0.000000000 0.407685929 0.592314071
AK:/ccrcc/rf: 0.000000000 0.670513393 0.329486607
AK:/ccrcf/c: 0.936286723 0.063713277 0.000000000
AK:/ccrcf/r: 0.000000000 0.084835179 0.915164821
AK:/ccrfc/c: 0.025500626 0.974499374 0.000000000
AK:/ccrfc/r: 0.000000000 0.413453083 0.586546917
AK:/crcc/cc: 0.521133508 0.478866492 0.000000000
AK:/crcc/cr: 0.000000000 0.907464366 0.092535634
AK:/crcc/rc: 0.000000000 0.225901245 0.774098755
AK:/crcc/rf: 0.000000000 0.065551947 0.934448053
AK:/crcf/c: 0.970972341 0.029027659 0.000000000
AK:/crcf/r: 0.000000000 0.472373159 0.527626841
AK:/rcc/cc: 0.342974514 0.657025486 0.000000000
AK:/rcc/cr: 0.000000000 0.955901856 0.044098144
AK:/rcc/rc: 0.000000000 0.282168812 0.717831188
AK:/rcc/rf: 0.000000000 0.486917177 0.513082823
AK:/rfc/c: 0.211293562 0.788706438 0.000000000
AK:/rfc/r: 0.000000000 0.274817055 0.725182945
AQ:/ccc/cc: 0.271914142 0.728085858 0.000000000
AQ:/ccc/cr: 0.000000000 0.470169522 0.529830478
AQ:/ccc/rc: 0.000000000 0.426181683 0.573818317
AQ:/ccc/rf: 0.000000000 0.730364405 0.269635595
AQ:/ccrcc/cc: 0.236501154 0.763498846 0.000000000
AQ:/ccrcc/cr: 0.000000000 0.368148811 0.631851189
AQ:/ccrcc/rc: 0.000000000 0.732996053 0.267003947
AQ:/ccrcc/rf: 0.000000000 0.489732030 0.510267970
AQ:/ccrcf/c: 0.276087521 0.723912479 0.000000000
AQ:/ccrcf/r: 0.000000000 0.434194465 0.565805535
AQ:/ccrfc/c: 0.721705249 0.278294751 0.000000000
AQ:/ccrfc/r: 0.000000000 0.116534061 0.883465939
AQ:/crcc/cc: 0.600705872 0.399294128 0.000000000
AQ:/crcc/cr: 0.000000000 0.409270858 0.590729142
AQ:/crcc/rc: 0.000000000 0.259960782 0.740039218
AQ:/crcc/rf: 0.000000000 0.804655116 0.195344884
AQ:/crcf/c: 0.192832071 0.807167929 0.000000000
AQ:/crcf/r: 0.000000000 0.640550784 0.359449216
AQ:/rcc/cc: 0.971681767 0.028318233 0.000000000
AQ:/rcc/cr: 0.000000000 0.868630400 0.131369600
AQ:/rcc/rc: 0.000000000 0.080966651 0.919033349
AQ:/rcc/rf: 0.000000000 0.781590146 0.218409854
AQ:/rfc/c: 0.390533540 0.609466460 0.000000000
AQ:/rfc/r: 0.000000000 0.598704936 0.401295064
J:/cc: 0.223233585 0.776766415 0.000000000
J:/cr: 0.000000000 0.668540556 0.331459444
J:/rc: 0.000000000 0.000000000 1.000000000
J:/rf: 0.000000000 0.450522134 0.549477866
JA:/ccc/cc: 0.561960885 0.438039115 0.000000000
JA:/ccc/cr: 0.000000000 0.702562294 0.297437706
JA:/ccc/rc: 0.000000000 0.018532599 0.981467401
JA:/ccc/rf: 0.000000000 0.575796669 0.424203331
JA:/ccrcc/cc: 0.580625293 0.419374707 0.000000000
JA:/ccrcc/cr: 0.000000000 0.946057130 0.053942870
JA:/ccrcc/rc: 0.000000000 0.154956518 0.845043482
JA:/ccrcc/rf: 0.000000000 0.977995095 0.022004905
JA:/ccrcf/c: 0.330738760 0.669261240 0.000000000
JA:/ccrcf/r: 0.000000000 0.338651301 0.661348699
JA:/ccrfc/c: 0.089388198 0.910611802 0.000000000
JA:/ccrfc/r: 0.000000000 0.648028528 0.351971472
JA:/crcc/cc: 0.889964969 0.110035031 0.000000000
JA:/crcc/cr: 0.000000000 0.238458872 0.761541128
JA:/crcc/rc: 0.000000000 0.703698487 0.296301513
JA:/crcc/rf: 0.000000000 0.476220248 0.523779752
JA:/crcf/c: 0.230812895 0.769187105 0.000000000
JA:/crcf/r: 0.000000000 0.773558989 0.226441011
JA:/rcc/cc: 0.588178975 0.411821025 0.000000000
JA:/rcc/cr: 0.000000000 0.000000000 1.000000000
JA:/rcc/rc: 0.000000000 0.000000000 1.000000000
JA:/rcc/rf: 0.000000000 0.358861378 0.641138622
JA:/rfc/c: 0.601075666 0.398924334 0.000000000
JA:/rfc/r: 0.000000000 0.645950633 0.354049367
JK:/ccc/cc: 0.143146364 0.856853636 0.000000000
JK:/ccc/cr: 0.000000000 0.666934095 0.333065905
JK:/ccc/rc: 0.000000000 0.833289021 0.166710979
JK:/ccc/rf: 0.000000000 0.433662747 0.566337253
JK:/ccrcc/cc: 0.953619309 0.046380691 0.000000000
JK:/ccrcc/cr: 0.000000000 0.413481810 0.586518190
JK:/ccrcc/rc: 0.000000000 0.369631150 0.630368850
JK:/ccrcc/rf: 0.000000000 0.897601877 0.102398123
JK:/ccrcf/c: 0.194053194 0.805946806 0.000000000
JK:/ccrcf/r: 0.000000000 0.375773720 0.624226280
JK:/ccrfc/c: 0.869801059 0.130198941 0.000000000
JK:/ccrfc/r: 0.000000000 0.437627471 0.562372529
JK:/crcc/cc: 0.893862967 0.106137033 0.000000000
JK:/crcc/cr: 0.000000000 0.498549315 0.501450685
JK:/crcc/rc: 0.000000000 0.966659228 0.033340772
JK:/crcc/rf: 0.000000000 0.836284253 0.163715747
JK:/crcf/c: 0.511286879 0.488713121 0.000000000
JK:/crcf/r: 0.000000000 0.188664187 0.811335813
JK:/rcc/cc: 0.542339614 0.457660386 0.000000000
JK:/rcc/cr: 0.000000000 0.393939918 0.606060082
JK:/rcc/rc: 0.000000000 0.000000000 1.000000000
JK:/rcc/rf: 0.000000000 0.272615150 0.727384850
JK:/rfc/c: 0.188828364 0.811171636 0.000000000
JK:/rfc/r: 0.000000000 0.116056410 0.883943590
JQ:/ccc/cc: 0.283276490 0.716723510 0.000000000
JQ:/ccc/cr: 0.000000000 0.471590358 0.528409642
JQ:/ccc/rc: 0.000000000 0.311705423 0.688294577
JQ:/ccc/rf: 0.000000000 0.230510826 0.769489174
JQ:/ccrcc/cc: 0.372663218 0.627336782 0.000000000
JQ:/ccrcc/cr: 0.000000000 0.491506174 0.508493826
JQ:/ccrcc/rc: 0.000000000 0.769870123 0.230129877
JQ:/ccrcc/rf: 0.000000000 0.065982084 0.934017916
JQ:/ccrcf/c: 0.351580620 0.648419380 0.000000000
JQ:/ccrcf/r: 0.000000000 0.992136448 0.007863552
JQ:/ccrfc/c: 0.798758083 0.201241917 0.000000000
JQ:/ccrfc/r: 0.000000000 0.724480823 0.275519177
JQ:/crcc/cc: 0.390705632 0.609294368 0.000000000
JQ:/crcc/cr: 0.000000000 0.548230631 0.451769369
JQ:/crcc/rc: 0.000000000 0.615483180 0.384516820
JQ:/crcc/rf: 0.000000000 0.895001871 0.104998129
JQ:/crcf/c: 0.550312795 0.449687205 0.000000000
JQ:/crcf/r: 0.000000000 0.399069708 0.600930292
JQ:/rcc/cc: 0.586750021 0.413249979 0.000000000
JQ:/rcc/cr: 0.000000000 0.000000000 1.000000000
JQ:/rcc/rc: 0.000000000 0.000000000 1.000000000
JQ:/rcc/rf: 0.000000000 0.788203642 0.211796358
JQ:/rfc/c: 0.044129096 0.955870904 0.000000000
JQ:/rfc/r: 0.000000000 0.520836066 0.479163934
K:/cc: 0.810337554 0.189662446 0.000000000
K:/cr: 0.000000000 0.834283987 0.165716013
K:/rc: 0.000000000 1.000000000 0.000000000
K:/rf: 0.000000000 0.368690121 0.631309879
KA:/ccc/cc: 0.006022954 0.993977046 0.000000000
KA:/ccc/cr: 0.000000000 0.126255121 0.873744879
KA:/ccc/rc: 0.000000000 0.464081965 0.535918035
KA:/ccc/rf: 0.000000000 0.953168208 0.046831792
KA:/ccrcc/cc: 0.380936478 0.619063522 0.000000000
KA:/ccrcc/cr: 0.000000000 0.494936412 0.505063588
KA:/ccrcc/rc: 0.000000000 0.763009498 0.236990502
KA:/ccrcc/rf: 0.000000000 0.436908704 0.563091296
KA:/ccrcf/c: 0.617645148 0.382354852 0.000000000
KA:/ccrcf/r: 0.000000000 0.519345141 0.480654859
KA:/ccrfc/c: 0.676831559 0.323168441 0.000000000
KA:/ccrfc/r: 0.000000000 0.835195179 0.164804821
KA:/crcc/cc: 0.458625868 0.541374132 0.000000000
KA:/crcc/cr: 0.000000000 0.721197878 0.278802122
KA:/crcc/rc: 0.000000000 0.451352877 0.548647123
KA:/crcc/rf: 0.000000000 0.649576126 0.350423874
KA:/crcf/c: 0.053122637 0.946877363 0.000000000
KA:/crcf/r: 0.000000000 0.872999904 0.127000096
KA:/rcc/cc: 0.730106626 0.269893374 0.000000000
KA:/rcc/cr: 0.000000000 0.363460485 0.636539515
KA:/rcc/rc: 0.000000000 0.875723099 0.124276901
KA:/rcc/rf: 0.000000000 0.903208663 0.096791337
KA:/rfc/c: 0.155962151 0.844037849 0.000000000
KA:/rfc/r: 0.000000000 0.314532574 0.685467426
KJ:/ccc/cc: 0.374704507 0.625295493 0.000000000
KJ:/ccc/cr: 0.000000000 0.561585521 0.438414479
KJ:/ccc/rc: 0.000000000 0.538141233 0.461858767
KJ:/ccc/rf: 0.000000000 0.980453553 0.019546447
KJ:/ccrcc/cc: 0.185499252 0.814500748 0.000000000
KJ:/ccrcc/cr: 0.000000000 0.584881517 0.415118483
KJ:/ccrcc/rc: 0.000000000 0.360799385 0.639200615
KJ:/ccrcc/rf: 0.000000000 0.131167728 0.868832272
KJ:/ccrcf/c: 0.562618286 0.437381714 0.000000000
KJ:/ccrcf/r: 0.000000000 0.769938877 0.230061123
KJ:/ccrfc/c: 0.720681965 0.279318035 0.000000000
KJ:/ccrfc/r: 0.000000000 0.458369541 0.541630459
KJ:/crcc/cc: 0.043394634 0.956605366 0.000000000
KJ:/crcc/cr: 0.000000000 0.957310856 0.042689144
KJ:/crcc/rc: 0.000000000 0.333276965 0.666723035
KJ:/crcc/rf: 0.000000000 0.815108824 0.184891176
KJ:/crcf/c: 0.703351122 0.296648878 0.000000000
KJ:/crcf/r: 0.000000000 0.543950082 0.456049918
KJ:/rcc/cc: 0.000219651 0.999780349 0.000000000
KJ:/rcc/cr: 0.000000000 0.000000000 1.000000000
KJ:/rcc/rc: 0.000000000 0.000000000 1.000000000
KJ:/rcc/rf: 0.000000000 0.598068481 0.401931519
KJ:/rfc/c: 0.592135779 0.407864221 0.000000000
KJ:/rfc/r: 0.000000000 0.998679013 0.001320987
KQ:/ccc/cc: 0.093635255 0.906364745 0.000000000
KQ:/ccc/cr: 0.000000000 0.512145625 0.487854375
KQ:/ccc/rc: 0.000000000 0.740500783 0.259499217
KQ:/ccc/rf: 0.000000000 0.756600787 0.243399213
KQ:/ccrcc/cc: 0.589805985 0.410194015 0.000000000
KQ:/ccrcc/cr: 0.000000000 0.257868969 0.742131031
KQ:/ccrcc/rc: 0.000000000 0.364591042 0.635408958
KQ:/ccrcc/rf: 0.000000000 0.359282207 0.640717793
KQ:/ccrcf/c: 0.453594054 0.546405946 0.000000000
KQ:/ccrcf/r: 0.000000000 0.505206297 0.494793703
KQ:/ccrfc/c: 0.850974671 0.149025329 0.000000000
KQ:/ccrfc/r: 0.000000000 0.763343440 0.236656560
KQ:/crcc/cc: 0.974359144 0.025640856 0.000000000
KQ:/crcc/cr: 0.000000000 0.220762900 0.779237100
KQ:/crcc/rc: 0.000000000 0.764322170 0.235677830
KQ:/crcc/rf: 0.000000000 0.528475589 0.471524411
KQ:/crcf/c: 0.725647573 0.274352427 0.000000000
KQ:/crcf/r: 0.000000000 0.033172788 0.966827212
KQ:/rcc/cc: 0.000000000 1.000000000 0.000000000
KQ:/rcc/cr: 0.000000000 0.000000000 1.000000000
KQ:/rcc/rc: 0.000000000 0.639647911 0.360352089
KQ:/rcc/rf: 0.000000000 0.786961768 0.213038232
KQ:/rfc/c: 0.863534184 0.136465816 0.000000000
KQ:/rfc/r: 0.000000000 0.204773318 0.795226682
Q:/cc: 0.317594435 0.682405565 0.000000000
Q:/cr: 0.000000000 0.511438819 0.488561181
Q:/rc: 0.000000000 0.000000000 1.000000000
Q:/rf: 0.000000000 0.295031947 0.704968053
QA:/ccc/cc: 0.525598955 0.474401045 0.000000000
QA:/ccc/cr: 0.000000000 0.135319516 0.864680484
QA:/ccc/rc: 0.000000000 0.440013363 0.559986637
QA:/ccc/rf: 0.000000000 0.597020561 0.402979439
QA:/ccrcc/cc: 0.073828869 0.926171131 0.000000000
QA:/ccrcc/cr: 0.000000000 0.973405716 0.026594284
QA:/ccrcc/rc: 0.000000000 0.735831542 0.264168458
QA:/ccrcc/rf: 0.000000000 0.955603561 0.044396439
QA:/ccrcf/c: 0.923734497 0.076265503 0.000000000
QA:/ccrcf/r: 0.000000000 0.315920245 0.684079755
QA:/ccrfc/c: 0.954867368 0.045132632 0.000000000
QA:/ccrfc/r: 0.000000000 0.432582316 0.567417684
QA:/crcc/cc: 0.545665849 0.454334151 0.000000000
QA:/crcc/cr: 0.000000000 0.060132763 0.939867237
QA:/crcc/rc: 0.000000000 0.869981646 0.130018354
QA:/crcc/rf: 0.000000000 0.600720252 0.399279748
QA:/crcf/c: 0.708749746 0.291250254 0.000000000
QA:/crcf/r: 0.000000000 0.243350776 0.756649224
QA:/rcc/cc: 0.068713782 0.931286218 0.000000000
QA:/rcc/cr: 0.000000000 0.956003703 0.043996297
QA:/rcc/rc: 0.000000000 0.000000000 1.000000000
QA:/rcc/rf: 0.000000000 0.413184802 0.586815198
QA:/rfc/c: 0.728549401 0.271450599 0.000000000
QA:/rfc/r: 0.000000000 0.516294168 0.483705832
QJ:/ccc/cc: 0.287976795 0.712023205 0.000000000
QJ:/ccc/cr: 0.000000000 0.526935419 0.473064581
QJ:/ccc/rc: 0.000000000 0.584501293 0.415498707
QJ:/ccc/rf: 0.000000000 0.432129347 0.567870653
QJ:/ccrcc/cc: 0.748113336 0.251886664 0.000000000
QJ:/ccrcc/cr: 0.000000000 0.357674946 0.642325054
QJ:/ccrcc/rc: 0.000000000 0.436510985 0.563489015
QJ:/ccrcc/rf: 0.000000000 0.647453051 0.352546949
QJ:/ccrcf/c: 0.447524458 0.552475542 0.000000000
QJ:/ccrcf/r: 0.000000000 0.219440289 0.780559711
QJ:/ccrfc/c: 0.644636339 0.355363661 0.000000000
QJ:/ccrfc/r: 0.000000000 0.024448300 0.975551700
QJ:/crcc/cc: 0.419891736 0.580108264 0.000000000
QJ:/crcc/cr: 0.000000000 0.519206698 0.480793302
QJ:/crcc/rc: 0.000000000 0.471016857 0.528983143
QJ:/crcc/rf: 0.000000000 0.379019428 0.620980572
QJ:/crcf/c: 0.145679523 0.854320477 0.000000000
QJ:/crcf/r: 0.000000000 0.459999446 0.540000554
QJ:/rcc/cc: 0.015084520 0.984915480 0.000000000
QJ:/rcc/cr: 0.000000000 0.702320037 0.297679963
QJ:/rcc/rc: 0.000000000 0.000000000 1.000000000
QJ:/rcc/rf: 0.000000000 0.339830132 0.660169868
QJ:/rfc/c: 0.826595453 0.173404547 0.000000000
QJ:/rfc/r: 0.000000000 0.369888378 0.630111622
QK:/ccc/cc: 0.436014741 0.563985259 0.000000000
QK:/ccc/cr: 0.000000000 0.504731831 0.495268169
QK:/ccc/rc: 0.000000000 0.190481806 0.809518194
QK:/ccc/rf: 0.000000000 0.199864855 0.800135145
QK:/ccrcc/cc: 0.928785836 0.071214164 0.000000000
QK:/ccrcc/cr: 0.000000000 0.009510155 0.990489845
QK:/ccrcc/rc: 0.000000000 0.767919453 0.232080547
QK:/ccrcc/rf: 0.000000000 0.466217509 0.533782491
QK:/ccrcf/c: 0.065703179 0.934296821 0.000000000
QK:/ccrcf/r: 0.000000000 0.653306439 0.346693561
QK:/ccrfc/c: 0.466925542 0.533074458 0.000000000
QK:/ccrfc/r: 0.000000000 0.687425032 0.312574968
QK:/crcc/cc: 0.192937809 0.807062191 0.000000000
QK:/crcc/cr: 0.000000000 0.330051859 0.669948141
QK:/crcc/rc: 0.000000000 0.868460288 0.131539712
QK:/crcc/rf: 0.000000000 0.471220591 0.528779409
QK:/crcf/c: 0.378688289 0.621311711 0.000000000
QK:/crcf/r: 0.000000000 0.350866811 0.649133189
QK:/rcc/cc: 0.315163596 0.684836404 0.000000000
QK:/rcc/cr: 0.000000000 0.000000000 1.000000000
QK:/rcc/rc: 0.000000000 0.215922828 0.784077172
QK:/rcc/rf: 0.000000000 0.501157961 0.498842039
QK:/rfc/c: 0.233810600 0.766189400 0.000000000
QK:/rfc/r: 0.000000000 0.500705833 0.499294167
