2:/: 0.998823872 0.001176128 0.000000000
2:/ccr: 0.528798954 0.471201046 0.000000000
2:/ccrcrc: 0.000000000 0.000005289 0.999994711
2:/ccrcrf: 0.000000000 0.000194632 0.999805368
2:/crc: 0.001651850 0.000000000 0.998348150
2:/crf: 0.037433042 0.000260561 0.962306397
2:/crr: 0.000000000 0.526863333 0.473136667
2:/rcr: 0.000000000 0.753552094 0.246447906
2:/rfr: 0.000000000 0.496375098 0.503624902
2:/rrc: 0.000000000 0.049157111 0.950842889
2:/rrf: 0.000000000 0.000000000 1.000000000
3:/: 0.998798309 0.001201691 0.000000000
3:/ccr: 0.418285557 0.581714443 0.000000000
3:/ccrcrc: 0.000000000 0.000005289 0.999994711
3:/ccrcrf: 0.000000000 0.000194632 0.999805368
3:/crc: 0.001629490 0.000000000 0.998370510
3:/crf: 0.003480102 0.000236053 0.996283845
3:/crr: 0.000000000 0.571076814 0.428923186
3:/rcr: 0.000000000 0.585153878 0.414846122
3:/rfr: 0.000000000 0.356217849 0.643782151
3:/rrc: 0.000000000 0.000000000 1.000000000
3:/rrf: 0.000000000 0.000000000 1.000000000
4:/: 0.998776175 0.001223825 0.000000000
4:/ccr: 0.463516473 0.536483527 0.000000000
4:/ccrcrc: 0.000000000 0.000005289 0.999994711
4:/ccrcrf: 0.000000000 0.153176432 0.846823568
4:/crc: 0.001716895 0.000000000 0.998283105
4:/crf: 0.002622740 0.000186912 0.997190348
4:/crr: 0.000000000 0.810783138 0.189216862
4:/rcr: 0.000000000 0.260906050 0.739093950
4:/rfr: 0.000000000 0.149744010 0.850255990
4:/rrc: 0.000000000 0.319892259 0.680107741
4:/rrf: 0.000000000 0.000297860 0.999702140
5:/: 0.998876661 0.001123339 0.000000000
5:/ccr: 0.279536683 0.720463317 0.000000000
5:/ccrcrc: 0.000000000 0.000005289 0.999994711
5:/ccrcrf: 0.000000000 0.522326157 0.477673843
5:/crc: 0.001915148 0.000000000 0.998084852
5:/crf: 0.095125213 0.544484308 0.360390479
5:/crr: 0.000000000 0.343984967 0.656015033
5:/rcr: 0.000000000 0.431461751 0.568538249
5:/rfr: 0.000000000 0.223620762 0.776379238
5:/rrc: 0.000000000 0.080730137 0.919269863
5:/rrf: 0.000000000 0.001515365 0.998484635
6:/: 0.998783809 0.001216191 0.000000000
6:/ccr: 0.320449684 0.679550316 0.000000000
6:/ccrcrc: 0.000000000 0.000005289 0.999994711
6:/ccrcrf: 0.000000000 0.912412255 0.087587745
6:/crc: 0.002916026 0.000000000 0.997083974
6:/crf: 0.005771124 0.505968660 0.488260216
6:/crr: 0.000000000 0.000005004 0.999994996
6:/rcr: 0.000000000 0.167919370 0.832080630
6:/rfr: 0.000000000 0.241450716 0.758549284
6:/rrc: 0.000000000 0.000000000 1.000000000
6:/rrf: 0.000000000 0.002706066 0.997293934
7:/: 0.998404237 0.001595763 0.000000000
7:/ccr: 0.757955888 0.241817322 0.000226790
7:/ccrcrc: 0.000000000 0.512214555 0.487785445
7:/ccrcrf: 0.000000000 0.999165836 0.000834164
7:/crc: 0.009610723 0.243608136 0.746781141
7:/crf: 0.003506317 0.995977343 0.000516340
7:/crr: 0.000000000 0.199344227 0.800655773
7:/rcr: 0.000000000 0.411532240 0.588467760
7:/rfr: 0.000000000 0.930594041 0.069405959
7:/rrc: 0.000000000 0.237689388 0.762310612
7:/rrf: 0.000000000 0.004396885 0.995603115
8:/: 0.998485075 0.001514925 0.000000000
8:/ccr: 0.914017694 0.085869075 0.000113231
8:/ccrcrc: 0.000000000 0.885612741 0.114387259
8:/ccrcrf: 0.000000000 0.692117963 0.307882037
8:/crc: 0.015097064 0.863741585 0.121161351
8:/crf: 0.198323198 0.800888537 0.000788265
8:/crr: 0.000000000 0.555231077 0.444768923
8:/rcr: 0.000000000 0.794744875 0.205255125
8:/rfr: 0.000000000 0.062689455 0.937310545
8:/rrc: 0.000000000 0.335152960 0.664847040
8:/rrf: 0.000000000 0.352422481 0.647577519
9:/: 0.999635687 0.000364313 0.000000000
9:/ccr: 0.115631523 0.884317546 0.000050930
9:/ccrcrc: 0.000000000 0.445981546 0.554018454
9:/ccrcrf: 0.000000000 0.998853975 0.001146025
9:/crc: 0.006376211 0.993310903 0.000312886
9:/crf: 0.705820234 0.292762994 0.001416772
9:/crr: 0.000000000 0.032602007 0.967397993
9:/rcr: 0.000000000 0.400673552 0.599326448
9:/rfr: 0.000000000 0.721204439 0.278795561
9:/rrc: 0.000000000 0.259505753 0.740494247
9:/rrf: 0.000000000 0.997831389 0.002168611
A:/: 1.000000000 0.000000000 0.000000000
A:/ccr: 0.413770072 0.584514976 0.001714951
A:/ccrcrc: 0.000000000 0.999961320 0.000038680
A:/ccrcrf: 0.000000000 0.997957241 0.002042759
A:/crc: 0.999942931 0.000057069 0.000000000
A:/crf: 0.976921691 0.020689508 0.002388801
A:/crr: 0.000000000 1.000000000 0.000000000
A:/rcr: 0.000000000 1.000000000 0.000000000
A:/rfr: 0.000000000 0.675299400 0.324700600
A:/rrc: 0.000000000 0.999964512 0.000035488
A:/rrf: 0.000000000 1.000000000 0.000000000
J:/: 1.000000000 0.000000000 0.000000000
J:/ccr: 0.591092299 0.408363214 0.000544487
J:/ccrcrc: 0.000000000 0.998926921 0.001073079
J:/ccrcrf: 0.000000000 0.997265354 0.002734646
J:/crc: 0.204993012 0.795006988 0.000000000
J:/crf: 0.996650122 0.000327538 0.003022340
J:/crr: 0.000000000 0.242257366 0.757742634
J:/rcr: 0.000000000 0.163758221 0.836241779
J:/rfr: 0.000000000 0.586376145 0.413623855
J:/rrc: 0.000000000 0.527963216 0.472036784
J:/rrf: 0.000000000 0.998606099 0.001393901
K:/: 1.000000000 0.000000000 0.000000000
K:/ccr: 0.696572160 0.302233779 0.001194061
K:/ccrcrc: 0.000000000 1.000000000 0.000000000
K:/ccrcrf: 0.000000000 0.998030470 0.001969530
K:/crc: 0.420917101 0.578818308 0.000264592
K:/crf: 0.758697811 0.237039752 0.004262437
K:/crr: 0.000000000 0.635226193 0.364773807
K:/rcr: 0.000000000 1.000000000 0.000000000
K:/rfr: 0.000000000 0.383457308 0.616542692
K:/rrc: 0.000000000 0.869048961 0.130951039
K:/rrf: 0.000000000 0.999110209 0.000889791
Q:/: 1.000000000 0.000000000 0.000000000
Q:/ccr: 0.737312172 0.261977828 0.000710001
Q:/ccrcrc: 0.000000000 0.999945314 0.000054686
Q:/ccrcrf: 0.000000000 0.997500099 0.002499901
Q:/crc: 0.029649283 0.970350717 0.000000000
Q:/crf: 0.949418044 0.046112260 0.004469696
Q:/crr: 0.000000000 0.501804348 0.498195652
Q:/rcr: 0.000000000 0.390977918 0.609022082
Q:/rfr: 0.000000000 0.574425251 0.425574749
Q:/rrc: 0.000000000 0.691011779 0.308988221
Q:/rrf: 0.000000000 0.998475172 0.001524828
T:/: 1.000000000 0.000000000 0.000000000
T:/ccr: 0.524552719 0.475283481 0.000163801
T:/ccrcrc: 0.000000000 0.998759676 0.001240324
T:/ccrcrf: 0.000000000 0.998509890 0.001490110
T:/crc: 0.004735251 0.995047893 0.000216856
T:/crf: 0.997499701 0.000000000 0.002500299
T:/crr: 0.000000000 0.025247415 0.974752585
T:/rcr: 0.000000000 0.903206046 0.096793954
T:/rfr: 0.000000000 0.874638481 0.125361519
T:/rrc: 0.000000000 0.471775555 0.528224445
T:/rrf: 0.000000000 0.998665321 0.001334679
