2:/c: 0.000113162 0.999886838 0.000000000
2:/ccrc: 0.000000524 0.132423745 0.867575731
2:/ccrf: 0.124935199 0.000000000 0.875064801
2:/ccrr: 0.000000000 0.000000000 1.000000000
2:/crcr: 0.000000000 0.359652131 0.640347869
2:/crfr: 0.000000000 0.223375678 0.776624322
2:/crrc: 0.000000000 0.208033032 0.791966968
2:/crrf: 0.000000000 0.305778774 0.694221226
2:/r: 0.000249990 0.000000000 0.999750010
2:/rcrc: 0.000000000 0.000000000 1.000000000
2:/rcrf: 0.000000000 0.000000000 1.000000000
3:/c: 0.104825682 0.895174318 0.000000000
3:/ccrc: 0.000000439 0.012058185 0.987941377
3:/ccrf: 0.186028670 0.000000000 0.813971330
3:/ccrr: 0.000000000 0.000000000 1.000000000
3:/crcr: 0.000000000 0.336062232 0.663937768
3:/crfr: 0.000000000 0.348729216 0.651270784
3:/crrc: 0.000000000 0.471775428 0.528224572
3:/crrf: 0.000000000 0.000000000 1.000000000
3:/r: 0.000249997 0.000000000 0.999750003
3:/rcrc: 0.000000000 0.000000000 1.000000000
3:/rcrf: 0.000000000 0.000000000 1.000000000
4:/c: 0.119203827 0.880796173 0.000000000
4:/ccrc: 0.000000492 0.218741497 0.781258011
4:/ccrf: 0.000699865 0.204865519 0.794434616
4:/ccrr: 0.000000000 0.000000000 1.000000000
4:/crcr: 0.000000000 0.000000000 1.000000000
4:/crfr: 0.000000000 0.385603292 0.614396708
4:/crrc: 0.000000000 0.593567544 0.406432456
4:/crrf: 0.000000000 0.000000000 1.000000000
4:/r: 0.000250163 0.000000000 0.999749837
4:/rcrc: 0.000000000 0.000000000 1.000000000
4:/rcrf: 0.000000000 0.000000000 1.000000000
5:/c: 0.443573696 0.556426304 0.000000000
5:/ccrc: 0.000026482 0.125161989 0.874811529
5:/ccrf: 0.444731183 0.042924073 0.512344744
5:/ccrr: 0.000000000 0.000000050 0.999999950
5:/crcr: 0.000000000 0.349793545 0.650206455
5:/crfr: 0.000000000 0.431798677 0.568201323
5:/crrc: 0.000000000 0.000000000 1.000000000
5:/crrf: 0.000000000 0.140466998 0.859533002
5:/r: 0.000250975 0.000000000 0.999749025
5:/rcrc: 0.000000000 0.000000000 1.000000000
5:/rcrf: 0.000000000 0.000000000 1.000000000
6:/c: 0.071323839 0.928676161 0.000000000
6:/ccrc: 0.230117366 0.000000000 0.769882634
6:/ccrf: 0.467020522 0.207784772 0.325194707
6:/ccrr: 0.000000000 0.000000294 0.999999706
6:/crcr: 0.000000000 0.653797508 0.346202492
6:/crfr: 0.000000000 0.596398362 0.403601638
6:/crrc: 0.000000000 0.656746893 0.343253107
6:/crrf: 0.000000000 0.760060491 0.239939509
6:/r: 0.038495113 0.000000000 0.961504887
6:/rcrc: 0.000000000 0.000000000 1.000000000
6:/rcrf: 0.000000000 0.000000000 1.000000000
7:/c: 0.000167169 0.999832831 0.000000000
7:/ccrc: 0.033911378 0.327667461 0.638421162
7:/ccrf: 0.732052151 0.267947847 0.000000002
7:/ccrr: 0.000000000 0.000717041 0.999282959
7:/crcr: 0.000000000 0.655469295 0.344530705
7:/crfr: 0.000000000 0.476916677 0.523083323
7:/crrc: 0.000000000 0.059387120 0.940612880
7:/crrf: 0.000000000 0.576889706 0.423110294
7:/r: 0.289835333 0.000267498 0.709897169
7:/rcrc: 0.000000000 0.000000000 1.000000000
7:/rcrf: 0.000000000 0.005080582 0.994919418
8:/c: 0.347736194 0.652263806 0.000000000
8:/ccrc: 0.000006095 0.208718375 0.791275530
8:/ccrf: 0.334561335 0.500264604 0.165174061
8:/ccrr: 0.000000000 0.417216866 0.582783134
8:/crcr: 0.000000000 0.465058514 0.534941486
8:/crfr: 0.000000000 0.635751294 0.364248706
8:/crrc: 0.000000000 0.543464611 0.456535389
8:/crrf: 0.000000000 0.284893325 0.715106675
8:/r: 0.000000000 1.000000000 0.000000000
8:/rcrc: 0.000000000 0.000000000 1.000000000
8:/rcrf: 0.000000000 0.216630806 0.783369194
9:/c: 0.702098434 0.297901566 0.000000000
9:/ccrc: 0.235200719 0.402924617 0.361874665
9:/ccrf: 0.263875458 0.736124541 0.000000001
9:/ccrr: 0.000000000 0.543661475 0.456338525
9:/crcr: 0.000000000 0.543171640 0.456828360
9:/crfr: 0.000000000 0.802697840 0.197302160
9:/crrc: 0.000000000 0.664435794 0.335564206
9:/crrf: 0.000000000 0.593374247 0.406625753
9:/r: 0.408750854 0.591249146 0.000000000
9:/rcrc: 0.000000000 0.000000000 1.000000000
9:/rcrf: 0.000000000 0.363250241 0.636749759
A:/c: 0.968689568 0.031310432 0.000000000
A:/ccrc: 0.647503744 0.352496256 0.000000000
A:/ccrf: 0.995467345 0.004532655 0.000000000
A:/ccrr: 0.000000000 1.000000000 0.000000000
A:/crcr: 0.000000000 1.000000000 0.000000000
A:/crfr: 0.000000000 1.000000000 0.000000000
A:/crrc: 0.000000000 1.000000000 0.000000000
A:/crrf: 0.000000000 1.000000000 0.000000000
A:/r: 1.000000000 0.000000000 0.000000000
A:/rcrc: 0.000000000 1.000000000 0.000000000
A:/rcrf: 0.000000000 1.000000000 0.000000000
J:/c: 0.630269979 0.369730021 0.000000000
J:/ccrc: 0.707714808 0.286719215 0.005565978
J:/ccrf: 0.875802645 0.124197355 0.000000000
J:/ccrr: 0.000000000 0.808509064 0.191490936
J:/crcr: 0.000000000 0.693978706 0.306021294
J:/crfr: 0.000000000 0.972135754 0.027864246
J:/crrc: 0.000000000 0.404805293 0.595194707
J:/crrf: 0.000000000 0.713071997 0.286928003
J:/r: 0.000000000 1.000000000 0.000000000
J:/rcrc: 0.000000000 0.340001472 0.659998528
J:/rcrf: 0.000000000 0.999844806 0.000155194
K:/c: 0.561335394 0.438664606 0.000000000
K:/ccrc: 0.983524498 0.016349578 0.000125924
K:/ccrf: 0.571107253 0.428892747 0.000000000
K:/ccrr: 0.000000000 1.000000000 0.000000000
K:/crcr: 0.000000000 0.974182601 0.025817399
K:/crfr: 0.000000000 0.979212175 0.020787825
K:/crrc: 0.000000000 0.863794596 0.136205404
K:/crrf: 0.000000000 1.000000000 0.000000000
K:/r: 0.398352042 0.601647958 0.000000000
K:/rcrc: 0.000000000 1.000000000 0.000000000
K:/rcrf: 0.000000000 1.000000000 0.000000000
Q:/c: 0.088028998 0.911971002 0.000000000
Q:/ccrc: 0.770249082 0.227585311 0.002165607
Q:/ccrf: 0.833545089 0.166454911 0.000000000
Q:/ccrr: 0.000000000 1.000000000 0.000000000
Q:/crcr: 0.000000000 0.893179922 0.106820078
Q:/crfr: 0.000000000 0.977099464 0.022900536
Q:/crrc: 0.000000000 0.615802054 0.384197946
Q:/crrf: 0.000000000 0.999998493 0.000001507
Q:/r: 0.000000000 1.000000000 0.000000000
Q:/rcrc: 0.000000000 0.999914530 0.000085470
Q:/rcrf: 0.000000000 0.999935472 0.000064528
T:/c: 0.107484512 0.892515488 0.000000000
T:/ccrc: 0.328465909 0.611252251 0.060281839
T:/ccrf: 0.465813318 0.534186682 0.000000000
T:/ccrr: 0.000000000 0.641697850 0.358302150
T:/crcr: 0.000000000 0.367688378 0.632311622
T:/crfr: 0.000000000 0.944103681 0.055896319
T:/crrc: 0.000000000 0.678757263 0.321242737
T:/crrf: 0.000000000 0.504970812 0.495029188
T:/r: 0.000000000 1.000000000 0.000000000
T:/rcrc: 0.000000000 0.000000000 1.000000000
T:/rcrf: 0.000000000 0.858884153 0.141115847
