2:/cc: 0.606209619 0.393790381 0.000000000
2:/ccrcr: 0.000000000 0.864241325 0.135758675
2:/ccrfr: 0.000000000 0.437601868 0.562398132
2:/ccrrc: 0.000000000 0.426357935 0.573642065
2:/ccrrf: 0.000000000 0.469067566 0.530932434
2:/cr: 0.000000000 0.590705124 0.409294876
2:/crcrc: 0.000000000 0.881013522 0.118986478
2:/crcrf: 0.000000000 0.159675619 0.840324381
2:/rc: 0.000000000 0.000340991 0.999659009
2:/rf: 0.110687221 0.381445303 0.507867477
2:/rr: 0.000000000 0.000000000 1.000000000
3:/cc: 0.320763860 0.679236140 0.000000000
3:/ccrcr: 0.000000000 0.739696951 0.260303049
3:/ccrfr: 0.000000000 0.328123926 0.671876074
3:/ccrrc: 0.000000000 0.159228709 0.840771291
3:/ccrrf: 0.000000000 0.472473813 0.527526187
3:/cr: 0.000000000 0.602378808 0.397621192
3:/crcrc: 0.000000000 0.546460507 0.453539493
3:/crcrf: 0.000000000 0.637003404 0.362996596
3:/rc: 0.000000000 0.000410078 0.999589922
3:/rf: 0.326978963 0.335040783 0.337980254
3:/rr: 0.000000000 0.000000000 1.000000000
4:/cc: 0.538864984 0.461135016 0.000000000
4:/ccrcr: 0.000000000 0.847535784 0.152464216
4:/ccrfr: 0.000000000 0.646106570 0.353893430
4:/ccrrc: 0.000000000 0.670474254 0.329525746
4:/ccrrf: 0.000000000 0.394401779 0.605598221
4:/cr: 0.171388374 0.388246860 0.440364767
4:/crcrc: 0.000000000 0.146898165 0.853101835
4:/crcrf: 0.000000000 0.317593972 0.682406028
4:/rc: 0.102485628 0.000598105 0.896916267
4:/rf: 0.778063309 0.099291696 0.122644995
4:/rr: 0.000000000 0.000000000 1.000000000
5:/cc: 0.361936035 0.638063965 0.000000000
5:/ccrcr: 0.000000000 0.210942524 0.789057476
5:/ccrfr: 0.000000000 0.711365086 0.288634914
5:/ccrrc: 0.000000000 0.577732742 0.422267258
5:/ccrrf: 0.000000000 0.838098246 0.161901754
5:/cr: 0.008162759 0.165100961 0.826736280
5:/crcrc: 0.000000000 0.415595250 0.584404750
5:/crcrf: 0.000000000 0.510369731 0.489630269
5:/rc: 0.000525006 0.000538613 0.998936381
5:/rf: 0.047533333 0.693154535 0.259312132
5:/rr: 0.000000000 0.000000000 1.000000000
6:/cc: 0.372264746 0.627735254 0.000000000
6:/ccrcr: 0.000000000 0.593789437 0.406210563
6:/ccrfr: 0.000000000 0.929803938 0.070196062
6:/ccrrc: 0.000000000 0.001946363 0.998053637
6:/ccrrf: 0.000000000 0.072968512 0.927031488
6:/cr: 0.001819357 0.549393396 0.448787247
6:/crcrc: 0.000000000 0.712289063 0.287710937
6:/crcrf: 0.000000000 0.633912332 0.366087668
6:/rc: 0.316504377 0.000582840 0.682912783
6:/rf: 0.393827027 0.129374543 0.476798430
6:/rr: 0.000000000 0.000000000 1.000000000
7:/cc: 0.687138955 0.312861045 0.000000000
7:/ccrcr: 0.000000000 0.285658070 0.714341930
7:/ccrfr: 0.000000000 0.550542216 0.449457784
7:/ccrrc: 0.000000000 0.872637118 0.127362882
7:/ccrrf: 0.000000000 0.565842731 0.434157269
7:/cr: 0.000653915 0.591921735 0.407424350
7:/crcrc: 0.000000000 0.178878578 0.821121422
7:/crcrf: 0.000000000 0.342541670 0.657458330
7:/rc: 0.001005775 0.000535250 0.998458975
7:/rf: 0.260540456 0.040499984 0.698959561
7:/rr: 0.000000000 0.000000000 1.000000000
8:/cc: 0.538757527 0.461242473 0.000000000
8:/ccrcr: 0.000000000 0.480713428 0.519286572
8:/ccrfr: 0.000000000 0.575663885 0.424336115
8:/ccrrc: 0.000000000 0.797968673 0.202031327
8:/ccrrf: 0.000000000 0.551451010 0.448548990
8:/cr: 0.001266634 0.418116107 0.580617260
8:/crcrc: 0.000000000 0.203175674 0.796824326
8:/crcrf: 0.000000000 0.021820311 0.978179689
8:/rc: 0.000000000 0.000072913 0.999927087
8:/rf: 0.372612123 0.516630120 0.110757758
8:/rr: 0.000000000 0.000000000 1.000000000
9:/cc: 0.020754859 0.979245141 0.000000000
9:/ccrcr: 0.000000000 0.403283550 0.596716450
9:/ccrfr: 0.000000000 0.330392429 0.669607571
9:/ccrrc: 0.000000000 0.349865897 0.650134103
9:/ccrrf: 0.000000000 0.300100552 0.699899448
9:/cr: 0.005844360 0.456168635 0.537987006
9:/crcrc: 0.000000000 0.287210043 0.712789957
9:/crcrf: 0.000000000 0.760918629 0.239081371
9:/rc: 0.050219598 0.636560015 0.313220387
9:/rf: 0.135818192 0.464088174 0.400093634
9:/rr: 0.000000000 0.000497192 0.999502808
A:/cc: 0.257163660 0.742836340 0.000000000
A:/ccrcr: 0.000000000 0.548796860 0.451203140
A:/ccrfr: 0.000000000 0.970619734 0.029380266
A:/ccrrc: 0.000000000 0.983486849 0.016513151
A:/ccrrf: 0.000000000 0.040384708 0.959615292
A:/cr: 0.622249871 0.000007579 0.377742550
A:/crcrc: 0.000000000 0.967860313 0.032139687
A:/crcrf: 0.000000000 0.314148897 0.685851103
A:/rc: 1.000000000 0.000000000 0.000000000
A:/rf: 0.176055719 0.407580505 0.416363776
A:/rr: 0.000000000 1.000000000 0.000000000
J:/cc: 0.372172213 0.627827787 0.000000000
J:/ccrcr: 0.000000000 0.822234006 0.177765994
J:/ccrfr: 0.000000000 0.981857592 0.018142408
J:/ccrrc: 0.000000000 0.950349821 0.049650179
J:/ccrrf: 0.000000000 0.384941855 0.615058145
J:/cr: 0.128676580 0.657974865 0.213348555
J:/crcrc: 0.000000000 0.461183797 0.538816203
J:/crcrf: 0.000000000 0.157204654 0.842795346
J:/rc: 0.000000000 1.000000000 0.000000000
J:/rf: 0.356786821 0.476352088 0.166861091
J:/rr: 0.000000000 0.443541503 0.556458497
K:/cc: 0.473826907 0.526173093 0.000000000
K:/ccrcr: 0.000000000 0.547937179 0.452062821
K:/ccrfr: 0.000000000 0.972017392 0.027982608
K:/ccrrc: 0.000000000 0.980437321 0.019562679
K:/ccrrf: 0.000000000 0.623198993 0.376801007
K:/cr: 0.372329645 0.011194096 0.616476259
K:/crcrc: 0.000000000 0.881068528 0.118931472
K:/crcrf: 0.000000000 0.556233384 0.443766616
K:/rc: 1.000000000 0.000000000 0.000000000
K:/rf: 0.235517454 0.359523459 0.404959087
K:/rr: 0.000000000 0.998397186 0.001602814
Q:/cc: 0.140834723 0.859165277 0.000000000
Q:/ccrcr: 0.000000000 0.851075599 0.148924401
Q:/ccrfr: 0.000000000 0.979119143 0.020880857
Q:/ccrrc: 0.000000000 0.636964596 0.363035404
Q:/ccrrf: 0.000000000 0.749213701 0.250786299
Q:/cr: 0.000000356 0.332782245 0.667217399
Q:/crcrc: 0.000000000 0.617097114 0.382902886
Q:/crcrf: 0.000000000 0.914631705 0.085368295
Q:/rc: 0.592717139 0.407282861 0.000000000
Q:/rf: 0.474416068 0.030093372 0.495490561
Q:/rr: 0.000000000 0.554161864 0.445838136
T:/cc: 0.356343236 0.643656764 0.000000000
T:/ccrcr: 0.000000000 0.491688370 0.508311630
T:/ccrfr: 0.000000000 0.959801129 0.040198871
T:/ccrrc: 0.000000000 0.255715287 0.744284713
T:/ccrrf: 0.000000000 0.542405514 0.457594486
T:/cr: 0.000000000 0.348464421 0.651535579
T:/crcrc: 0.000000000 0.592731675 0.407268325
T:/crcrf: 0.000000000 0.337114329 0.662885671
T:/rc: 0.000000000 0.999510895 0.000489105
T:/rf: 0.408073216 0.129681786 0.462244997
T:/rr: 0.000000000 0.240723395 0.759276605
