9:/: 0.999562423 0.000437577 0.000000000
9:/cccr: 0.000000000 0.000000000 1.000000000
9:/cccrccrc: 0.000000000 0.445970543 0.554029457
9:/cccrccrf: 0.000000000 0.387985594 0.612014406
9:/cccrcfrc: 0.000000000 0.591371339 0.408628661
9:/cccrcfrf: 0.000000000 0.732083596 0.267916404
9:/cccrcrcc: 0.000000000 0.331047145 0.668952855
9:/cccrcrcf: 0.000000000 0.467080301 0.532919699
9:/cccrcrfc: 0.000000000 0.538704897 0.461295103
9:/cccrcrff: 0.000000000 0.357030836 0.642969164
9:/ccrc: 0.000000000 0.000000000 1.000000000
9:/ccrccrcc: 0.000000000 0.295706574 0.704293426
9:/ccrccrcf: 0.000000000 0.042937543 0.957062457
9:/ccrccrfc: 0.000000000 0.137467416 0.862532584
9:/ccrccrff: 0.000000000 0.458233293 0.541766707
9:/ccrf: 0.020038299 0.975821782 0.004139919
9:/ccrfcrc: 0.000000000 0.084057704 0.915942296
9:/ccrfcrf: 0.000000000 0.000000000 1.000000000
9:/ccrr: 0.000000000 0.000000000 1.000000000
9:/crcc: 0.211415745 0.304275485 0.484308770
9:/crcf: 0.197672183 0.243026490 0.559301327
9:/crcr: 0.000000000 0.000000000 1.000000000
9:/crfc: 0.000002692 0.417144174 0.582853133
9:/crff: 0.266570932 0.036942658 0.696486410
9:/crfr: 0.000000000 0.079859358 0.920140642
9:/crrc: 0.000000000 0.003196073 0.996803927
9:/crrf: 0.000000000 0.007168326 0.992831674
9:/rccr: 0.000000000 0.430027246 0.569972754
9:/rcfr: 0.000000000 0.000000000 1.000000000
9:/rcrc: 0.000000000 0.371623901 0.628376099
9:/rcrf: 0.000000000 0.052592394 0.947407606
9:/rfcr: 0.000000000 0.089113689 0.910886311
9:/rffr: 0.000000000 0.000000000 1.000000000
9:/rfrc: 0.000000000 0.190244306 0.809755694
9:/rfrf: 0.000000000 0.454795235 0.545204765
9:/rrcc: 0.000000000 0.021865108 0.978134892
9:/rrcf: 0.000000000 0.356844055 0.643155945
9:/rrfc: 0.000000000 0.149091404 0.850908596
9:/rrff: 0.000000000 0.047818703 0.952181297
A:/: 0.999345434 0.000654566 0.000000000
A:/cccr: 0.959793413 0.040206587 0.000000000
A:/cccrccrc: 0.000000000 0.340394045 0.659605955
A:/cccrccrf: 0.000000000 0.624686224 0.375313776
A:/cccrcfrc: 0.000000000 0.561357490 0.438642510
A:/cccrcfrf: 0.000000000 0.259761713 0.740238287
A:/cccrcrcc: 0.000000000 0.819174595 0.180825405
A:/cccrcrcf: 0.000000000 0.637740310 0.362259690
A:/cccrcrfc: 0.000000000 0.722079926 0.277920074
A:/cccrcrff: 0.000000000 1.000000000 0.000000000
A:/ccrc: 0.892803233 0.107196767 0.000000000
A:/ccrccrcc: 0.000000000 0.815028570 0.184971430
A:/ccrccrcf: 0.000000000 0.907722626 0.092277374
A:/ccrccrfc: 0.000000000 1.000000000 0.000000000
A:/ccrccrff: 0.000000000 1.000000000 0.000000000
A:/ccrf: 0.060473478 0.939526522 0.000000000
A:/ccrfcrc: 0.000000000 1.000000000 0.000000000
A:/ccrfcrf: 0.000000000 1.000000000 0.000000000
A:/ccrr: 0.000000000 1.000000000 0.000000000
A:/crcc: 0.596095367 0.348329866 0.055574768
A:/crcf: 0.275816525 0.454845406 0.269338069
A:/crcr: 0.000000000 0.583906019 0.416093981
A:/crfc: 0.472192211 0.527807789 0.000000000
A:/crff: 0.707921696 0.292078304 0.000000000
A:/crfr: 0.000000000 0.793647949 0.206352051
A:/crrc: 0.000000000 0.847222243 0.152777757
A:/crrf: 0.000000000 1.000000000 0.000000000
A:/rccr: 0.000000000 0.710782736 0.289217264
A:/rcfr: 0.000000000 0.957623156 0.042376844
A:/rcrc: 0.000000000 0.768839163 0.231160837
A:/rcrf: 0.000000000 1.000000000 0.000000000
A:/rfcr: 0.000000000 1.000000000 0.000000000
A:/rffr: 0.000000000 1.000000000 0.000000000
A:/rfrc: 0.000000000 1.000000000 0.000000000
A:/rfrf: 0.000000000 0.542045674 0.457954326
A:/rrcc: 0.000000000 0.968737818 0.031262182
A:/rrcf: 0.000000000 1.000000000 0.000000000
A:/rrfc: 0.000000000 0.898824341 0.101175659
A:/rrff: 0.000000000 1.000000000 0.000000000
J:/: 0.999775631 0.000224369 0.000000000
J:/cccr: 0.000000000 0.000000000 1.000000000
J:/cccrccrc: 0.000000000 0.193018066 0.806981934
J:/cccrccrf: 0.000000000 0.437594236 0.562405764
J:/cccrcfrc: 0.000000000 0.388335608 0.611664392
J:/cccrcfrf: 0.000000000 0.625805820 0.374194180
J:/cccrcrcc: 0.000000000 0.436449515 0.563550485
J:/cccrcrcf: 0.000000000 0.416278848 0.583721152
J:/cccrcrfc: 0.000000000 0.283292333 0.716707667
J:/cccrcrff: 0.000000000 0.593143440 0.406856560
J:/ccrc: 0.000000000 0.000000000 1.000000000
J:/ccrccrcc: 0.000000000 0.359891475 0.640108525
J:/ccrccrcf: 0.000000000 0.763424075 0.236575925
J:/ccrccrfc: 0.000000000 0.281561232 0.718438768
J:/ccrccrff: 0.000000000 0.190898624 0.809101376
J:/ccrf: 0.080355046 0.914066025 0.005578929
J:/ccrfcrc: 0.000000000 0.000000000 1.000000000
J:/ccrfcrf: 0.000000000 0.000000000 1.000000000
J:/ccrr: 0.000000000 0.000000000 1.000000000
J:/crcc: 0.040161077 0.211974747 0.747864177
J:/crcf: 0.121735770 0.388053451 0.490210778
J:/crcr: 0.000000000 0.228767266 0.771232734
J:/crfc: 0.223927131 0.354667189 0.421405680
J:/crff: 0.205414166 0.067328582 0.727257251
J:/crfr: 0.000000000 0.011542939 0.988457061
J:/crrc: 0.000000000 0.024543411 0.975456589
J:/crrf: 0.000000000 0.076692098 0.923307902
J:/rccr: 0.000000000 0.537201325 0.462798675
J:/rcfr: 0.000000000 0.000000000 1.000000000
J:/rcrc: 0.000000000 0.672959894 0.327040106
J:/rcrf: 0.000000000 0.791821593 0.208178407
J:/rfcr: 0.000000000 0.426035622 0.573964378
J:/rffr: 0.000000000 0.278300888 0.721699112
J:/rfrc: 0.000000000 0.192476437 0.807523563
J:/rfrf: 0.000000000 0.364459740 0.635540260
J:/rrcc: 0.000000000 0.288531856 0.711468144
J:/rrcf: 0.000000000 0.340134296 0.659865704
J:/rrfc: 0.000000000 0.243509957 0.756490043
J:/rrff: 0.000000000 0.132760415 0.867239585
K:/: 1.000000000 0.000000000 0.000000000
K:/cccr: 0.558113044 0.053672654 0.388214302
K:/cccrccrc: 0.000000000 0.677875783 0.322124217
K:/cccrccrf: 0.000000000 0.392024591 0.607975409
K:/cccrcfrc: 0.000000000 0.141532295 0.858467705
K:/cccrcfrf: 0.000000000 0.255001692 0.744998308
K:/cccrcrcc: 0.000000000 0.143572035 0.856427965
K:/cccrcrcf: 0.000000000 0.969757685 0.030242315
K:/cccrcrfc: 0.000000000 0.501476772 0.498523228
K:/cccrcrff: 0.000000000 0.537106807 0.462893193
K:/ccrc: 0.000144316 0.886145795 0.113709889
K:/ccrccrcc: 0.000000000 0.311113181 0.688886819
K:/ccrccrcf: 0.000000000 0.661781118 0.338218882
K:/ccrccrfc: 0.000000000 0.801133198 0.198866802
K:/ccrccrff: 0.000000000 1.000000000 0.000000000
K:/ccrf: 0.000000000 1.000000000 0.000000000
K:/ccrfcrc: 0.000000000 0.997634236 0.002365764
K:/ccrfcrf: 0.000000000 0.996597072 0.003402928
K:/ccrr: 0.000000000 0.999600806 0.000399194
K:/crcc: 0.307945276 0.527692859 0.164361865
K:/crcf: 0.185567459 0.435463189 0.378969352
K:/crcr: 0.000000000 0.473427785 0.526572215
K:/crfc: 0.149917628 0.287432850 0.562649522
K:/crff: 0.151981211 0.393531618 0.454487171
K:/crfr: 0.000000000 0.409472242 0.590527758
K:/crrc: 0.000000000 0.000364022 0.999635978
K:/crrf: 0.000000000 0.000000000 1.000000000
K:/rccr: 0.000000000 0.329185977 0.670814023
K:/rcfr: 0.000000000 0.562941325 0.437058675
K:/rcrc: 0.000000000 0.200112540 0.799887460
K:/rcrf: 0.000000000 0.424988593 0.575011407
K:/rfcr: 0.000000000 0.532701657 0.467298343
K:/rffr: 0.000000000 0.902534859 0.097465141
K:/rfrc: 0.000000000 0.491504013 0.508495987
K:/rfrf: 0.000000000 0.542259785 0.457740215
K:/rrcc: 0.000000000 0.092966700 0.907033300
K:/rrcf: 0.000000000 0.444278254 0.555721746
K:/rrfc: 0.000000000 0.290481254 0.709518746
K:/rrff: 0.000000000 0.502406888 0.497593112
Q:/: 0.999653096 0.000346904 0.000000000
Q:/cccr: 0.000000000 0.000000000 1.000000000
Q:/cccrccrc: 0.000000000 0.512972230 0.487027770
Q:/cccrccrf: 0.000000000 0.805228246 0.194771754
Q:/cccrcfrc: 0.000000000 0.879072737 0.120927263
Q:/cccrcfrf: 0.000000000 0.346400787 0.653599213
Q:/cccrcrcc: 0.000000000 0.239089710 0.760910290
Q:/cccrcrcf: 0.000000000 0.064918612 0.935081388
Q:/cccrcrfc: 0.000000000 0.381145431 0.618854569
Q:/cccrcrff: 0.000000000 0.656804663 0.343195337
Q:/ccrc: 0.274730870 0.186478145 0.538790986
Q:/ccrccrcc: 0.000000000 0.336357902 0.663642098
Q:/ccrccrcf: 0.000000000 0.645772689 0.354227311
Q:/ccrccrfc: 0.000000000 0.037387353 0.962612647
Q:/ccrccrff: 0.000000000 0.985149673 0.014850327
Q:/ccrf: 0.000000000 1.000000000 0.000000000
Q:/ccrfcrc: 0.000000000 0.082893528 0.917106472
Q:/ccrfcrf: 0.000000000 0.991378778 0.008621222
Q:/ccrr: 0.000000000 0.000089845 0.999910155
Q:/crcc: 0.125892662 0.655105150 0.219002188
Q:/crcf: 0.439143135 0.267144719 0.293712146
Q:/crcr: 0.000000000 0.308204717 0.691795283
Q:/crfc: 0.104435098 0.432268212 0.463296690
Q:/crff: 0.071830543 0.213722003 0.714447454
Q:/crfr: 0.000000000 0.563091973 0.436908027
Q:/crrc: 0.000000000 0.240221313 0.759778687
Q:/crrf: 0.000000000 0.047826734 0.952173266
Q:/rccr: 0.000000000 0.506031303 0.493968697
Q:/rcfr: 0.000000000 0.221947874 0.778052126
Q:/rcrc: 0.000000000 0.845224078 0.154775922
Q:/rcrf: 0.000000000 0.664462461 0.335537539
Q:/rfcr: 0.000000000 0.449060010 0.550939990
Q:/rffr: 0.000000000 0.459308589 0.540691411
Q:/rfrc: 0.000000000 0.000000000 1.000000000
Q:/rfrf: 0.000000000 0.374649056 0.625350944
Q:/rrcc: 0.000000000 0.726293745 0.273706255
Q:/rrcf: 0.000000000 0.210114353 0.789885647
Q:/rrfc: 0.000000000 0.207905801 0.792094199
Q:/rrff: 0.000000000 0.204196387 0.795803613
T:/: 0.999754491 0.000245509 0.000000000
T:/cccr: 0.000000000 0.000000000 1.000000000
T:/cccrccrc: 0.000000000 0.259389100 0.740610900
T:/cccrccrf: 0.000000000 0.431091314 0.568908686
T:/cccrcfrc: 0.000000000 0.093803609 0.906196391
T:/cccrcfrf: 0.000000000 0.792574144 0.207425856
T:/cccrcrcc: 0.000000000 0.477168191 0.522831809
T:/cccrcrcf: 0.000000000 0.243794005 0.756205995
T:/cccrcrfc: 0.000000000 0.756203768 0.243796232
T:/cccrcrff: 0.000000000 0.469094513 0.530905487
T:/ccrc: 0.000000000 0.000000000 1.000000000
T:/ccrccrcc: 0.000000000 0.000000000 1.000000000
T:/ccrccrcf: 0.000000000 0.108747174 0.891252826
T:/ccrccrfc: 0.000000000 0.018413334 0.981586666
T:/ccrccrff: 0.000000000 0.184693450 0.815306550
T:/ccrf: 0.037490059 0.958400078 0.004109863
T:/ccrfcrc: 0.000000000 0.228880648 0.771119352
T:/ccrfcrf: 0.000000000 0.000000000 1.000000000
T:/ccrr: 0.000000000 0.000000000 1.000000000
T:/crcc: 0.000000000 0.576495533 0.423504467
T:/crcf: 0.086464625 0.171991528 0.741543847
T:/crcr: 0.000000000 0.204315695 0.795684305
T:/crfc: 0.077339124 0.493058137 0.429602739
T:/crff: 0.132617644 0.400015093 0.467367262
T:/crfr: 0.000000000 0.330626925 0.669373075
T:/crrc: 0.000000000 0.000000000 1.000000000
T:/crrf: 0.000000000 0.000000000 1.000000000
T:/rccr: 0.000000000 0.441409348 0.558590652
T:/rcfr: 0.000000000 0.000000000 1.000000000
T:/rcrc: 0.000000000 0.106086184 0.893913816
T:/rcrf: 0.000000000 0.422532095 0.577467905
T:/rfcr: 0.000000000 0.404039080 0.595960920
T:/rffr: 0.000000000 0.000000000 1.000000000
T:/rfrc: 0.000000000 0.000000000 1.000000000
T:/rfrf: 0.000000000 0.253819845 0.746180155
T:/rrcc: 0.000000000 0.323950521 0.676049479
T:/rrcf: 0.000000000 0.324785179 0.675214821
T:/rrfc: 0.000000000 0.000000000 1.000000000
T:/rrff: 0.000000000 0.000000000 1.000000000
