9:/cc: 0.963399824 0.036600176 0.000000000
9:/cccrcc: 0.147254223 0.397403100 0.455342677
9:/cccrcf: 0.077739268 0.652062819 0.270197913
9:/cccrcr: 0.000000000 0.548684657 0.451315343
9:/cccrfc: 0.459877873 0.113677773 0.426444354
9:/cccrff: 0.239483845 0.432106223 0.328409932
9:/cccrfr: 0.000000000 0.690302366 0.309697634
9:/cccrrc: 0.000000000 0.349522126 0.650477874
9:/cccrrf: 0.000000000 0.779017168 0.220982832
9:/ccrccr: 0.000000000 0.400851139 0.599148861
9:/ccrcfr: 0.000000000 0.601457665 0.398542335
9:/ccrcrc: 0.000000000 0.426103227 0.573896773
9:/ccrcrf: 0.000000000 0.279267531 0.720732469
9:/ccrfcr: 0.000000000 0.097719680 0.902280320
9:/ccrffr: 0.000000000 0.545908518 0.454091482
9:/ccrfrc: 0.000000000 0.203154844 0.796845156
9:/ccrfrf: 0.000000000 0.105406080 0.894593920
9:/ccrrcc: 0.000000000 0.565666135 0.434333865
9:/ccrrcf: 0.000000000 0.748933988 0.251066012
9:/ccrrfc: 0.000000000 0.356612461 0.643387539
9:/ccrrff: 0.000000000 0.163262501 0.836737499
9:/cr: 0.041058134 0.178183646 0.780758220
9:/crccrc: 0.000000000 0.851224499 0.148775501
9:/crccrf: 0.000000000 0.461461175 0.538538825
9:/crcfrc: 0.000000000 0.794727595 0.205272405
9:/crcfrf: 0.000000000 0.524647683 0.475352317
9:/crcrcc: 0.000000000 0.705183193 0.294816807
9:/crcrcf: 0.000000000 0.991031837 0.008968163
9:/crcrfc: 0.000000000 0.555183484 0.444816516
9:/crcrff: 0.000000000 0.899866172 0.100133828
9:/rc: 0.052383483 0.000000000 0.947616517
9:/rccrcc: 0.000000000 0.261012666 0.738987334
9:/rccrcf: 0.000000000 0.234034138 0.765965862
9:/rccrfc: 0.000000000 0.261707372 0.738292628
9:/rccrff: 0.000000000 0.442027410 0.557972590
9:/rf: 0.201628971 0.000359032 0.798011997
9:/rfcrc: 0.000000000 0.048315076 0.951684924
9:/rfcrf: 0.000000000 0.083988860 0.916011140
9:/rr: 0.000000000 0.000000000 1.000000000
A:/cc: 0.608947290 0.391052710 0.000000000
A:/cccrcc: 0.223831493 0.376054427 0.400114080
A:/cccrcf: 0.336579115 0.325583019 0.337837866
A:/cccrcr: 0.000000000 0.757215320 0.242784680
A:/cccrfc: 0.424830555 0.276526371 0.298643074
A:/cccrff: 0.131454690 0.852497359 0.016047951
A:/cccrfr: 0.000000000 0.512317446 0.487682554
A:/cccrrc: 0.000000000 0.286318370 0.713681630
A:/cccrrf: 0.000000000 0.373642733 0.626357267
A:/ccrccr: 0.000000000 0.149044054 0.850955946
A:/ccrcfr: 0.000000000 0.516589807 0.483410193
A:/ccrcrc: 0.000000000 0.520758899 0.479241101
A:/ccrcrf: 0.000000000 0.983974036 0.016025964
A:/ccrfcr: 0.000000000 0.698769980 0.301230020
A:/ccrffr: 0.000000000 0.131028846 0.868971154
A:/ccrfrc: 0.000000000 0.233249162 0.766750838
A:/ccrfrf: 0.000000000 0.539329379 0.460670621
A:/ccrrcc: 0.000000000 0.368240874 0.631759126
A:/ccrrcf: 0.000000000 0.812966745 0.187033255
A:/ccrrfc: 0.000000000 0.535466299 0.464533701
A:/ccrrff: 0.000000000 0.343504951 0.656495049
A:/cr: 0.221918913 0.663584781 0.114496306
A:/crccrc: 0.000000000 0.380766340 0.619233660
A:/crccrf: 0.000000000 0.582830870 0.417169130
A:/crcfrc: 0.000000000 0.472703719 0.527296281
A:/crcfrf: 0.000000000 0.324799489 0.675200511
A:/crcrcc: 0.000000000 0.506428329 0.493571671
A:/crcrcf: 0.000000000 0.433602040 0.566397960
A:/crcrfc: 0.000000000 0.642196598 0.357803402
A:/crcrff: 0.000000000 0.959648563 0.040351437
A:/rc: 0.787278325 0.212721675 0.000000000
A:/rccrcc: 0.000000000 0.991962135 0.008037865
A:/rccrcf: 0.000000000 1.000000000 0.000000000
A:/rccrfc: 0.000000000 1.000000000 0.000000000
A:/rccrff: 0.000000000 1.000000000 0.000000000
A:/rf: 0.553863443 0.446136557 0.000000000
A:/rfcrc: 0.000000000 1.000000000 0.000000000
A:/rfcrf: 0.000000000 1.000000000 0.000000000
A:/rr: 0.000000000 1.000000000 0.000000000
J:/cc: 0.578334316 0.421665684 0.000000000
J:/cccrcc: 0.169306939 0.310219331 0.520473729
J:/cccrcf: 0.552012557 0.327254357 0.120733086
J:/cccrcr: 0.000000000 0.478261977 0.521738023
J:/cccrfc: 0.307121027 0.202626006 0.490252967
J:/cccrff: 0.350006548 0.293245918 0.356747533
J:/cccrfr: 0.000000000 0.422904869 0.577095131
J:/cccrrc: 0.000000000 0.253967669 0.746032331
J:/cccrrf: 0.000000000 0.125235956 0.874764044
J:/ccrccr: 0.000000000 0.051026712 0.948973288
J:/ccrcfr: 0.000000000 0.855444768 0.144555232
J:/ccrcrc: 0.000000000 0.622997931 0.377002069
J:/ccrcrf: 0.000000000 0.068456898 0.931543102
J:/ccrfcr: 0.000000000 0.437036243 0.562963757
J:/ccrffr: 0.000000000 0.645634690 0.354365310
J:/ccrfrc: 0.000000000 0.471856620 0.528143380
J:/ccrfrf: 0.000000000 0.543872026 0.456127974
J:/ccrrcc: 0.000000000 0.070045463 0.929954537
J:/ccrrcf: 0.000000000 0.566378413 0.433621587
J:/ccrrfc: 0.000000000 0.495282808 0.504717192
J:/ccrrff: 0.000000000 0.387485827 0.612514173
J:/cr: 0.354264041 0.251930289 0.393805669
J:/crccrc: 0.000000000 0.775536019 0.224463981
J:/crccrf: 0.000000000 0.427140758 0.572859242
J:/crcfrc: 0.000000000 0.716279773 0.283720227
J:/crcfrf: 0.000000000 0.280559254 0.719440746
J:/crcrcc: 0.000000000 0.398215906 0.601784094
J:/crcrcf: 0.000000000 0.260805573 0.739194427
J:/crcrfc: 0.000000000 0.034457410 0.965542590
J:/crcrff: 0.000000000 0.555176257 0.444823743
J:/rc: 0.083227890 0.000000000 0.916772110
J:/rccrcc: 0.000000000 0.221417424 0.778582576
J:/rccrcf: 0.000000000 0.000000000 1.000000000
J:/rccrfc: 0.000000000 0.396692442 0.603307558
J:/rccrff: 0.000000000 0.150371688 0.849628312
J:/rf: 0.117316570 0.059552700 0.823130730
J:/rfcrc: 0.000000000 0.000000000 1.000000000
J:/rfcrf: 0.000000000 0.000000000 1.000000000
J:/rr: 0.000000000 0.000000000 1.000000000
K:/cc: 0.569231900 0.430768100 0.000000000
K:/cccrcc: 0.590550961 0.180863042 0.228585996
K:/cccrcf: 0.259662493 0.640513556 0.099823951
K:/cccrcr: 0.000000000 0.551580290 0.448419710
K:/cccrfc: 0.616557753 0.011553425 0.371888822
K:/cccrff: 0.576327766 0.005367115 0.418305119
K:/cccrfr: 0.000000000 0.509575846 0.490424154
K:/cccrrc: 0.000000000 0.567681531 0.432318469
K:/cccrrf: 0.000000000 0.773396615 0.226603385
K:/ccrccr: 0.000000000 0.003145318 0.996854682
K:/ccrcfr: 0.000000000 0.592304325 0.407695675
K:/ccrcrc: 0.000000000 0.684426878 0.315573122
K:/ccrcrf: 0.000000000 0.302746195 0.697253805
K:/ccrfcr: 0.000000000 0.463432258 0.536567742
K:/ccrffr: 0.000000000 0.388490406 0.611509594
K:/ccrfrc: 0.000000000 0.949778890 0.050221110
K:/ccrfrf: 0.000000000 0.505724656 0.494275344
K:/ccrrcc: 0.000000000 0.095751329 0.904248671
K:/ccrrcf: 0.000000000 0.467953320 0.532046680
K:/ccrrfc: 0.000000000 0.358611726 0.641388274
K:/ccrrff: 0.000000000 0.170358157 0.829641843
K:/cr: 0.558874495 0.386028574 0.055096932
K:/crccrc: 0.000000000 0.997903873 0.002096127
K:/crccrf: 0.000000000 0.223548779 0.776451221
K:/crcfrc: 0.000000000 0.956059843 0.043940157
K:/crcfrf: 0.000000000 0.140884785 0.859115215
K:/crcrcc: 0.000000000 0.756104992 0.243895008
K:/crcrcf: 0.000000000 0.144191774 0.855808226
K:/crcrfc: 0.000000000 0.293589847 0.706410153
K:/crcrff: 0.000000000 0.439806005 0.560193995
K:/rc: 0.000000000 0.519065787 0.480934213
K:/rccrcc: 0.000000000 0.439073250 0.560926750
K:/rccrcf: 0.000000000 0.509059496 0.490940504
K:/rccrfc: 0.000000000 0.451359181 0.548640819
K:/rccrff: 0.000000000 0.572597819 0.427402181
K:/rf: 0.452607759 0.547392241 0.000000000
K:/rfcrc: 0.000000000 0.082457078 0.917542922
K:/rfcrf: 0.000000000 0.523553890 0.476446110
K:/rr: 0.000000000 0.000000000 1.000000000
Q:/cc: 0.775619109 0.224380891 0.000000000
Q:/cccrcc: 0.102684861 0.405860083 0.491455056
Q:/cccrcf: 0.165080226 0.451694994 0.383224780
Q:/cccrcr: 0.000000000 0.532253430 0.467746570
Q:/cccrfc: 0.319208549 0.246897935 0.433893516
Q:/cccrff: 0.289207553 0.345230084 0.365562363
Q:/cccrfr: 0.000000000 0.386851364 0.613148636
Q:/cccrrc: 0.000000000 0.399474072 0.600525928
Q:/cccrrf: 0.000000000 0.616347893 0.383652107
Q:/ccrccr: 0.000000000 0.844758152 0.155241848
Q:/ccrcfr: 0.000000000 0.078181260 0.921818740
Q:/ccrcrc: 0.000000000 0.520542775 0.479457225
Q:/ccrcrf: 0.000000000 0.604172585 0.395827415
Q:/ccrfcr: 0.000000000 0.429039864 0.570960136
Q:/ccrffr: 0.000000000 0.834255839 0.165744161
Q:/ccrfrc: 0.000000000 0.610228139 0.389771861
Q:/ccrfrf: 0.000000000 0.443411065 0.556588935
Q:/ccrrcc: 0.000000000 0.583887807 0.416112193
Q:/ccrrcf: 0.000000000 0.729392821 0.270607179
Q:/ccrrfc: 0.000000000 0.152570852 0.847429148
Q:/ccrrff: 0.000000000 0.788501365 0.211498635
Q:/cr: 0.640848645 0.248536383 0.110614972
Q:/crccrc: 0.000000000 0.002986369 0.997013631
Q:/crccrf: 0.000000000 0.631257866 0.368742134
Q:/crcfrc: 0.000000000 0.331771749 0.668228251
Q:/crcfrf: 0.000000000 0.460719386 0.539280614
Q:/crcrcc: 0.000000000 0.564668111 0.435331889
Q:/crcrcf: 0.000000000 0.375718518 0.624281482
Q:/crcrfc: 0.000000000 0.539598933 0.460401067
Q:/crcrff: 0.000000000 0.630108729 0.369891271
Q:/rc: 0.000000000 0.000000000 1.000000000
Q:/rccrcc: 0.000000000 0.563615369 0.436384631
Q:/rccrcf: 0.000000000 0.497280354 0.502719646
Q:/rccrfc: 0.000000000 0.400042350 0.599957650
Q:/rccrff: 0.000000000 0.981266339 0.018733661
Q:/rf: 0.000602982 0.090369451 0.909027566
Q:/rfcrc: 0.000000000 0.000000000 1.000000000
Q:/rfcrf: 0.000000000 0.000000000 1.000000000
Q:/rr: 0.000000000 0.000000000 1.000000000
T:/cc: 0.747681625 0.252318375 0.000000000
T:/cccrcc: 0.463750769 0.019083212 0.517166020
T:/cccrcf: 0.372967156 0.455921937 0.171110907
T:/cccrcr: 0.000000000 0.485668899 0.514331101
T:/cccrfc: 0.198277167 0.290932185 0.510790648
T:/cccrff: 0.334679737 0.315457675 0.349862588
T:/cccrfr: 0.000000000 0.767126663 0.232873337
T:/cccrrc: 0.000000000 0.551110668 0.448889332
T:/cccrrf: 0.000000000 0.512889641 0.487110359
T:/ccrccr: 0.000000000 0.487184558 0.512815442
T:/ccrcfr: 0.000000000 0.508359500 0.491640500
T:/ccrcrc: 0.000000000 0.144453907 0.855546093
T:/ccrcrf: 0.000000000 0.401403402 0.598596598
T:/ccrfcr: 0.000000000 0.764216429 0.235783571
T:/ccrffr: 0.000000000 0.573172095 0.426827905
T:/ccrfrc: 0.000000000 0.565850133 0.434149867
T:/ccrfrf: 0.000000000 0.153797539 0.846202461
T:/ccrrcc: 0.000000000 0.709770627 0.290229373
T:/ccrrcf: 0.000000000 0.544861349 0.455138651
T:/ccrrfc: 0.000000000 0.428855443 0.571144557
T:/ccrrff: 0.000000000 0.349379327 0.650620673
T:/cr: 0.716733379 0.159639884 0.123626737
T:/crccrc: 0.000000000 0.916029075 0.083970925
T:/crccrf: 0.000000000 0.275619173 0.724380827
T:/crcfrc: 0.000000000 0.020795631 0.979204369
T:/crcfrf: 0.000000000 0.713916342 0.286083658
T:/crcrcc: 0.000000000 0.607992912 0.392007088
T:/crcrcf: 0.000000000 0.507069351 0.492930649
T:/crcrfc: 0.000000000 0.703383772 0.296616228
T:/crcrff: 0.000000000 0.719051249 0.280948751
T:/rc: 0.041768862 0.000000000 0.958231138
T:/rccrcc: 0.000000000 0.045901311 0.954098689
T:/rccrcf: 0.000000000 0.010484265 0.989515735
T:/rccrfc: 0.000000000 0.430784302 0.569215698
T:/rccrff: 0.000000000 0.694705086 0.305294914
T:/rf: 0.046083212 0.012626251 0.941290537
T:/rfcrc: 0.000000000 0.000000000 1.000000000
T:/rfcrf: 0.000000000 0.000000000 1.000000000
T:/rr: 0.000000000 0.000000000 1.000000000
