2:/: 0.274750627 0.725249373 0.000000000
2:/ccr: 0.385751581 0.256492639 0.357755781
2:/ccrcrc: 0.000000000 0.632959664 0.367040336
2:/ccrcrf: 0.000000000 0.574651610 0.425348390
2:/crc: 0.000104142 0.000000000 0.999895858
2:/crf: 0.000000000 0.000000000 1.000000000
2:/crr: 0.000000000 0.095440706 0.904559294
2:/rcr: 0.000000000 0.406191305 0.593808695
2:/rfr: 0.000000000 0.687330373 0.312669627
2:/rrc: 0.000000000 0.239733576 0.760266424
2:/rrf: 0.000000000 0.000000000 1.000000000
3:/: 0.277735018 0.722264982 0.000000000
3:/ccr: 0.330253723 0.000000000 0.669746277
3:/ccrcrc: 0.000000000 0.296141492 0.703858508
3:/ccrcrf: 0.000000000 0.515106997 0.484893003
3:/crc: 0.000104142 0.000000000 0.999895858
3:/crf: 0.000000000 0.000000000 1.000000000
3:/crr: 0.000000000 0.159775211 0.840224789
3:/rcr: 0.000000000 0.899289077 0.100710923
3:/rfr: 0.000000000 0.648158549 0.351841451
3:/rrc: 0.000000000 0.000000000 1.000000000
3:/rrf: 0.000000000 0.015384321 0.984615679
4:/: 0.070207947 0.929792053 0.000000000
4:/ccr: 0.267937275 0.000000000 0.732062725
4:/ccrcrc: 0.000000000 0.297554338 0.702445662
4:/ccrcrf: 0.000000000 0.552344998 0.447655002
4:/crc: 0.000153201 0.097352921 0.902493878
4:/crf: 0.023987131 0.000283436 0.975729433
4:/crr: 0.000000000 0.088474856 0.911525144
4:/rcr: 0.000000000 0.999872832 0.000127168
4:/rfr: 0.000000000 0.665047704 0.334952296
4:/rrc: 0.000000000 0.500071746 0.499928254
4:/rrf: 0.000000000 0.480510305 0.519489695
5:/: 0.000000000 1.000000000 0.000000000
5:/ccr: 0.395525331 0.568688772 0.035785897
5:/ccrcrc: 0.000000000 0.025615549 0.974384451
5:/ccrcrf: 0.000000000 0.330079940 0.669920060
5:/crc: 0.000153211 0.074379262 0.925467528
5:/crf: 0.023892284 0.464781563 0.511326153
5:/crr: 0.000000000 0.167806679 0.832193321
5:/rcr: 0.000000000 0.865809791 0.134190209
5:/rfr: 0.000000000 0.757113199 0.242886801
5:/rrc: 0.000000000 0.395389489 0.604610511
5:/rrf: 0.000000000 0.000000000 1.000000000
6:/: 0.000000000 1.000000000 0.000000000
6:/ccr: 0.279241757 0.184730648 0.536027595
6:/ccrcrc: 0.000000000 0.307795037 0.692204963
6:/ccrcrf: 0.000000000 0.445268541 0.554731459
6:/crc: 0.000104142 0.000000000 0.999895858
6:/crf: 0.011304310 0.334617725 0.654077964
6:/crr: 0.000000000 0.000000000 1.000000000
6:/rcr: 0.000000000 0.420488901 0.579511099
6:/rfr: 0.000000000 0.219085047 0.780914953
6:/rrc: 0.000000000 0.285214543 0.714785457
6:/rrf: 0.000000000 0.382369584 0.617630416
7:/: 0.000000000 1.000000000 0.000000000
7:/ccr: 0.741383396 0.056827493 0.201789110
7:/ccrcrc: 0.000000000 0.141238961 0.858761039
7:/ccrcrf: 0.000000000 0.517733371 0.482266629
7:/crc: 0.000104142 0.000000000 0.999895858
7:/crf: 0.008784388 0.541487834 0.449727778
7:/crr: 0.000000000 0.292702292 0.707297708
7:/rcr: 0.000000000 0.271988529 0.728011471
7:/rfr: 0.000000000 0.572351099 0.427648901
7:/rrc: 0.000000000 0.112437622 0.887562378
7:/rrf: 0.000000000 0.247578622 0.752421378
8:/: 0.000000000 1.000000000 0.000000000
8:/ccr: 0.628900547 0.270490255 0.100609198
8:/ccrcrc: 0.000000000 0.553534671 0.446465329
8:/ccrcrf: 0.000000000 0.179827820 0.820172180
8:/crc: 0.000104142 0.000000000 0.999895858
8:/crf: 0.000000000 0.705165207 0.294834793
8:/crr: 0.000000000 0.571077458 0.428922542
8:/rcr: 0.000000000 0.965010033 0.034989967
8:/rfr: 0.000000000 0.001693933 0.998306067
8:/rrc: 0.000000000 0.055794095 0.944205905
8:/rrf: 0.000000000 0.208066161 0.791933839
9:/: 0.000000000 1.000000000 0.000000000
9:/ccr: 0.683544401 0.316455599 0.000000000
9:/ccrcrc: 0.000000000 0.686042232 0.313957768
9:/ccrcrf: 0.000000000 0.232553978 0.767446022
9:/crc: 0.000153210 0.110013396 0.889833394
9:/crf: 0.043866881 0.754445582 0.201687537
9:/crr: 0.000000000 0.363664010 0.636335990
9:/rcr: 0.000000000 0.321901979 0.678098021
9:/rfr: 0.000000000 0.497054130 0.502945870
9:/rrc: 0.000000000 0.675226817 0.324773183
9:/rrf: 0.000000000 0.073961963 0.926038037
A:/: 0.999942997 0.000057003 0.000000000
A:/ccr: 0.728963745 0.271036255 0.000000000
A:/ccrcrc: 0.000000000 1.000000000 0.000000000
A:/ccrcrf: 0.000000000 1.000000000 0.000000000
A:/crc: 0.627253537 0.372746463 0.000000000
A:/crf: 1.000000000 0.000000000 0.000000000
A:/crr: 0.000000000 0.796743171 0.203256829
A:/rcr: 0.000000000 1.000000000 0.000000000
A:/rfr: 0.000000000 0.625102945 0.374897055
A:/rrc: 0.000000000 1.000000000 0.000000000
A:/rrf: 0.000000000 1.000000000 0.000000000
J:/: 0.000000000 1.000000000 0.000000000
J:/ccr: 0.312733692 0.687266308 0.000000000
J:/ccrcrc: 0.000000000 0.835922196 0.164077804
J:/ccrcrf: 0.000000000 0.614775798 0.385224202
J:/crc: 0.000082181 0.573677008 0.426240811
J:/crf: 0.000001936 0.998828812 0.001169252
J:/crr: 0.000000000 0.321658311 0.678341689
J:/rcr: 0.000000000 0.997531058 0.002468942
J:/rfr: 0.000000000 0.494525782 0.505474218
J:/rrc: 0.000000000 0.144899818 0.855100182
J:/rrf: 0.000000000 0.549171554 0.450828446
K:/: 0.186988634 0.813011366 0.000000000
K:/ccr: 0.539040708 0.460959292 0.000000000
K:/ccrcrc: 0.000000000 0.715564534 0.284435466
K:/ccrcrf: 0.000000000 0.792541891 0.207458109
K:/crc: 0.512729454 0.487270546 0.000000000
K:/crf: 0.745207907 0.254792093 0.000000000
K:/crr: 0.000000000 0.987486246 0.012513754
K:/rcr: 0.000000000 1.000000000 0.000000000
K:/rfr: 0.000000000 0.718482657 0.281517343
K:/rrc: 0.000000000 0.834247868 0.165752132
K:/rrf: 0.000000000 0.441137609 0.558862391
Q:/: 0.000000000 1.000000000 0.000000000
Q:/ccr: 0.627137336 0.372862664 0.000000000
Q:/ccrcrc: 0.000000000 0.483819081 0.516180919
Q:/ccrcrf: 0.000000000 0.576323652 0.423676348
Q:/crc: 0.000035280 0.297316792 0.702647928
Q:/crf: 0.000000000 0.999882591 0.000117409
Q:/crr: 0.000000000 0.531237675 0.468762325
Q:/rcr: 0.000000000 1.000000000 0.000000000
Q:/rfr: 0.000000000 0.844833135 0.155166865
Q:/rrc: 0.000000000 0.760228930 0.239771070
Q:/rrf: 0.000000000 0.659799294 0.340200706
T:/: 0.000000000 1.000000000 0.000000000
T:/ccr: 0.916457343 0.083542657 0.000000000
T:/ccrcrc: 0.000000000 0.676613067 0.323386933
T:/ccrcrf: 0.000000000 0.620843979 0.379156021
T:/crc: 0.000153208 0.161504658 0.838342134
T:/crf: 0.000000000 0.814534383 0.185465617
T:/crr: 0.000000000 0.073041434 0.926958566
T:/rcr: 0.000000000 0.010527508 0.989472492
T:/rfr: 0.000000000 0.146640257 0.853359743
T:/rrc: 0.000000000 0.291165758 0.708834242
T:/rrf: 0.000000000 0.473053450 0.526946550
