2:/cc: 0.187160149 0.812839851 0.000000000
2:/ccrcr: 0.000000000 0.214047862 0.785952138
2:/ccrfr: 0.000000000 0.382792697 0.617207303
2:/ccrrc: 0.000000000 0.000000000 1.000000000
2:/ccrrf: 0.000000000 0.463979190 0.536020810
2:/cr: 0.000163273 0.000000000 0.999836727
2:/crcrc: 0.000000000 0.233604418 0.766395582
2:/crcrf: 0.000000000 0.563748247 0.436251753
2:/rc: 0.231878572 0.000000000 0.768121428
2:/rf: 0.234406757 0.307248879 0.458344364
2:/rr: 0.000000000 0.569839819 0.430160181
3:/cc: 0.465222099 0.534777901 0.000000000
3:/ccrcr: 0.000000000 0.000000000 1.000000000
3:/ccrfr: 0.000000000 0.481812620 0.518187380
3:/ccrrc: 0.000000000 0.000000000 1.000000000
3:/ccrrf: 0.000000000 0.278601837 0.721398163
3:/cr: 0.000009127 0.000000000 0.999990873
3:/crcrc: 0.000000000 0.355272421 0.644727579
3:/crcrf: 0.000000000 0.639167572 0.360832428
3:/rc: 0.182112651 0.453155009 0.364732341
3:/rf: 0.289673838 0.324402361 0.385923801
3:/rr: 0.000000000 0.471110052 0.528889948
4:/cc: 0.407332757 0.592667243 0.000000000
4:/ccrcr: 0.000000000 0.429603348 0.570396652
4:/ccrfr: 0.000000000 0.298540638 0.701459362
4:/ccrrc: 0.000000000 0.000000000 1.000000000
4:/ccrrf: 0.000000000 0.552582236 0.447417764
4:/cr: 0.004254363 0.000000000 0.995745637
4:/crcrc: 0.000000000 0.000000000 1.000000000
4:/crcrf: 0.000000000 0.805673796 0.194326204
4:/rc: 0.000000000 0.000000000 1.000000000
4:/rf: 0.521607601 0.290201661 0.188190737
4:/rr: 0.000000000 0.315710707 0.684289293
5:/cc: 0.000000000 1.000000000 0.000000000
5:/ccrcr: 0.000000000 0.689843873 0.310156127
5:/ccrfr: 0.000000000 0.541708019 0.458291981
5:/ccrrc: 0.000000000 0.085236193 0.914763807
5:/ccrrf: 0.000000000 0.408388347 0.591611653
5:/cr: 0.000202402 0.000000000 0.999797598
5:/crcrc: 0.000000000 0.502030776 0.497969224
5:/crcrf: 0.000000000 0.460323188 0.539676812
5:/rc: 0.000000000 0.000000000 1.000000000
5:/rf: 0.275281580 0.239338790 0.485379630
5:/rr: 0.000000000 0.072441832 0.927558168
6:/cc: 0.285968612 0.714031388 0.000000000
6:/ccrcr: 0.000000000 0.043764194 0.956235806
6:/ccrfr: 0.000000000 0.180334227 0.819665773
6:/ccrrc: 0.000000000 0.000000000 1.000000000
6:/ccrrf: 0.000000000 0.716794114 0.283205886
6:/cr: 0.000201551 0.000000000 0.999798449
6:/crcrc: 0.000000000 0.757697108 0.242302892
6:/crcrf: 0.000000000 0.569227370 0.430772630
6:/rc: 0.043931093 0.000000000 0.956068907
6:/rf: 0.407056190 0.433773579 0.159170231
6:/rr: 0.000000000 0.015874689 0.984125311
7:/cc: 0.000000000 1.000000000 0.000000000
7:/ccrcr: 0.000000000 0.711841757 0.288158243
7:/ccrfr: 0.000000000 0.541420131 0.458579869
7:/ccrrc: 0.000000000 0.000000000 1.000000000
7:/ccrrf: 0.000000000 0.689017115 0.310982885
7:/cr: 0.000200794 0.000000000 0.999799206
7:/crcrc: 0.000000000 0.558818583 0.441181417
7:/crcrf: 0.000000000 0.337540034 0.662459966
7:/rc: 0.014482709 0.252429974 0.733087317
7:/rf: 0.438214513 0.079214903 0.482570585
7:/rr: 0.000000000 0.551853695 0.448146305
8:/cc: 0.000000000 1.000000000 0.000000000
8:/ccrcr: 0.000000000 0.374458638 0.625541362
8:/ccrfr: 0.000000000 0.755238111 0.244761889
8:/ccrrc: 0.000000000 0.000000000 1.000000000
8:/ccrrf: 0.000000000 0.499937341 0.500062659
8:/cr: 0.000203252 0.000000000 0.999796748
8:/crcrc: 0.000000000 0.245424515 0.754575485
8:/crcrf: 0.000000000 0.493384024 0.506615976
8:/rc: 0.303519929 0.000000000 0.696480071
8:/rf: 0.406541786 0.410652230 0.182805984
8:/rr: 0.000000000 0.159666687 0.840333313
9:/cc: 0.000000000 1.000000000 0.000000000
9:/ccrcr: 0.000000000 0.396662932 0.603337068
9:/ccrfr: 0.000000000 0.195189865 0.804810135
9:/ccrrc: 0.000000000 0.258294706 0.741705294
9:/ccrrf: 0.000000000 0.689040898 0.310959102
9:/cr: 0.066679198 0.000000000 0.933320802
9:/crcrc: 0.000000000 0.491157842 0.508842158
9:/crcrf: 0.000000000 0.383274337 0.616725663
9:/rc: 0.548022918 0.000000000 0.451977082
9:/rf: 0.198163036 0.404452050 0.397384915
9:/rr: 0.000000000 0.079159446 0.920840554
A:/cc: 1.000000000 0.000000000 0.000000000
A:/ccrcr: 0.000000000 1.000000000 0.000000000
A:/ccrfr: 0.000000000 1.000000000 0.000000000
A:/ccrrc: 0.000000000 1.000000000 0.000000000
A:/ccrrf: 0.000000000 0.525554538 0.474445462
A:/cr: 1.000000000 0.000000000 0.000000000
A:/crcrc: 0.000000000 0.899852785 0.100147215
A:/crcrf: 0.000000000 0.299493435 0.700506565
A:/rc: 0.807015182 0.192984818 0.000000000
A:/rf: 0.279975850 0.342777569 0.377246581
A:/rr: 0.000000000 1.000000000 0.000000000
J:/cc: 0.000000000 1.000000000 0.000000000
J:/ccrcr: 0.000000000 0.771055739 0.228944261
J:/ccrfr: 0.000000000 0.508693790 0.491306210
J:/ccrrc: 0.000000000 0.737205197 0.262794803
J:/ccrrf: 0.000000000 0.405378309 0.594621691
J:/cr: 0.058537815 0.429292118 0.512170067
J:/crcrc: 0.000000000 0.806724654 0.193275346
J:/crcrf: 0.000000000 0.697669326 0.302330674
J:/rc: 0.204881056 0.637156134 0.157962810
J:/rf: 0.144584927 0.387036494 0.468378578
J:/rr: 0.000000000 0.432934595 0.567065405
K:/cc: 0.994835642 0.005164358 0.000000000
K:/ccrcr: 0.000000000 0.859222284 0.140777716
K:/ccrfr: 0.000000000 0.849005328 0.150994672
K:/ccrrc: 0.000000000 1.000000000 0.000000000
K:/ccrrf: 0.000000000 0.573477099 0.426522901
K:/cr: 0.358235699 0.641764301 0.000000000
K:/crcrc: 0.000000000 0.721089399 0.278910601
K:/crcrf: 0.000000000 0.712874578 0.287125422
K:/rc: 0.834516665 0.165483335 0.000000000
K:/rf: 0.679985595 0.213126867 0.106887538
K:/rr: 0.000000000 0.543975904 0.456024096
Q:/cc: 0.996897698 0.003102302 0.000000000
Q:/ccrcr: 0.000000000 0.834697801 0.165302199
Q:/ccrfr: 0.000000000 0.848053135 0.151946865
Q:/ccrrc: 0.000000000 1.000000000 0.000000000
Q:/ccrrf: 0.000000000 0.077581518 0.922418482
Q:/cr: 0.000000000 0.999919799 0.000080201
Q:/crcrc: 0.000000000 0.187975638 0.812024362
Q:/crcrf: 0.000000000 0.271750575 0.728249425
Q:/rc: 0.772296000 0.227704000 0.000000000
Q:/rf: 0.305353075 0.310921130 0.383725796
Q:/rr: 0.000000000 0.552817074 0.447182926
T:/cc: 0.000000000 1.000000000 0.000000000
T:/ccrcr: 0.000000000 0.795592378 0.204407622
T:/ccrfr: 0.000000000 0.649496249 0.350503751
T:/ccrrc: 0.000000000 0.000000000 1.000000000
T:/ccrrf: 0.000000000 0.607916869 0.392083131
T:/cr: 0.122747245 0.000000000 0.877252755
T:/crcrc: 0.000000000 0.572341385 0.427658615
T:/crcrf: 0.000000000 0.653216753 0.346783247
T:/rc: 0.228030477 0.110651376 0.661318146
T:/rf: 0.335294014 0.392226763 0.272479223
T:/rr: 0.000000000 0.602689135 0.397310865
