A:/: 0.000000000 1.000000000 0.000000000
A:/cccr: 0.546754397 0.453245603 0.000000000
A:/cccrccrc: 0.333359881 0.113719530 0.552920590
A:/cccrccrccrcc: 0.000000000 0.716336714 0.283663286
A:/cccrccrccrcf: 0.000000000 0.888048976 0.111951024
A:/cccrccrccrfc: 0.000000000 0.676785530 0.323214470
A:/cccrccrccrff: 0.000000000 0.782857178 0.217142822
A:/cccrccrf: 0.269058089 0.472322473 0.258619438
A:/cccrccrfcrc: 0.000000000 0.377062385 0.622937615
A:/cccrccrfcrf: 0.000000000 0.245801787 0.754198213
A:/cccrccrr: 0.000000000 0.353878745 0.646121255
A:/cccrcfrc: 0.346934606 0.240209377 0.412856017
A:/cccrcfrf: 0.301600238 0.507700491 0.190699270
A:/cccrcfrr: 0.000000000 0.980459289 0.019540711
A:/cccrcrcc: 0.455682666 0.067399656 0.476917678
A:/cccrcrcf: 0.039985935 0.475289722 0.484724343
A:/cccrcrcr: 0.000000000 0.236351216 0.763648784
A:/cccrcrfc: 0.085146934 0.034641243 0.880211823
A:/cccrcrff: 0.079507903 0.122892774 0.797599323
A:/cccrcrfr: 0.000000000 0.090385627 0.909614373
A:/cccrcrrc: 0.000000000 0.828158690 0.171841310
A:/cccrcrrf: 0.000000000 0.245116335 0.754883665
A:/cccrrccr: 0.000000000 0.580085115 0.419914885
A:/cccrrcfr: 0.000000000 0.558934726 0.441065274
A:/cccrrcrc: 0.000000000 0.627466665 0.372533335
A:/cccrrcrf: 0.000000000 0.394794702 0.605205298
A:/cccrrfcr: 0.000000000 0.299195646 0.700804354
A:/cccrrffr: 0.000000000 0.467107352 0.532892648
A:/cccrrfrc: 0.000000000 0.582930707 0.417069293
A:/cccrrfrf: 0.000000000 0.254898554 0.745101446
A:/cccrrrcc: 0.000000000 0.025531052 0.974468948
A:/cccrrrcf: 0.000000000 0.584263932 0.415736068
A:/cccrrrfc: 0.000000000 0.762420753 0.237579247
A:/cccrrrff: 0.000000000 0.309038851 0.690961149
A:/ccrc: 0.302770801 0.470053484 0.227175715
A:/ccrccrcc: 0.047945795 0.481048908 0.471005297
A:/ccrccrcf: 0.305353075 0.310921130 0.383725796
A:/ccrccrcr: 0.000000000 0.631129342 0.368870658
A:/ccrccrfc: 0.433868434 0.530655903 0.035475663
A:/ccrccrff: 0.226738619 0.275806367 0.497455014
A:/ccrccrfr: 0.000000000 0.086464390 0.913535610
A:/ccrccrrc: 0.000000000 0.533450667 0.466549333
A:/ccrccrrf: 0.000000000 0.129694507 0.870305493
A:/ccrcrccr: 0.000000000 0.938181263 0.061818737
A:/ccrcrcfr: 0.000000000 0.571336231 0.428663769
A:/ccrcrcrc: 0.000000000 0.644141332 0.355858668
A:/ccrcrcrf: 0.000000000 0.949246579 0.050753421
A:/ccrcrfcr: 0.000000000 0.245901599 0.754098401
A:/ccrcrffr: 0.000000000 0.416936686 0.583063314
A:/ccrcrfrc: 0.000000000 0.477166546 0.522833454
A:/ccrcrfrf: 0.000000000 0.178041751 0.821958249
A:/ccrcrrcc: 0.000000000 0.119306049 0.880693951
A:/ccrcrrcf: 0.000000000 0.283134704 0.716865296
A:/ccrcrrfc: 0.000000000 0.578291745 0.421708255
A:/ccrcrrff: 0.000000000 0.268109621 0.731890379
A:/ccrf: 0.411670106 0.088319110 0.500010784
A:/ccrfcrc: 0.932966368 0.017834038 0.049199594
A:/ccrfcrf: 0.289203670 0.397893211 0.312903118
A:/ccrfcrr: 0.000000000 0.108772291 0.891227709
A:/ccrfrcr: 0.000000000 0.444704542 0.555295458
A:/ccrfrfr: 0.000000000 0.590486962 0.409513038
A:/ccrfrrc: 0.000000000 0.424979018 0.575020982
A:/ccrfrrf: 0.000000000 0.943641259 0.056358741
A:/ccrr: 0.000000000 1.000000000 0.000000000
A:/ccrrccrc: 0.000000000 1.000000000 0.000000000
A:/ccrrccrf: 0.000000000 0.818779499 0.181220501
A:/ccrrcfrc: 0.000000000 0.402609925 0.597390075
A:/ccrrcfrf: 0.000000000 0.340032128 0.659967872
A:/ccrrcrcc: 0.000000000 1.000000000 0.000000000
A:/ccrrcrcf: 0.000000000 1.000000000 0.000000000
A:/ccrrcrfc: 0.000000000 1.000000000 0.000000000
A:/ccrrcrff: 0.000000000 1.000000000 0.000000000
A:/crcc: 0.795910663 0.204089337 0.000000000
A:/crccrccr: 0.000000000 0.923099339 0.076900661
A:/crccrcfr: 0.000000000 0.738142404 0.261857596
A:/crccrcrc: 0.000000000 0.692069356 0.307930644
A:/crccrcrf: 0.000000000 0.736831446 0.263168554
A:/crccrfcr: 0.000000000 0.757866247 0.242133753
A:/crccrffr: 0.000000000 0.383187980 0.616812020
A:/crccrfrc: 0.000000000 0.697017233 0.302982767
A:/crccrfrf: 0.000000000 0.214191194 0.785808806
A:/crccrrcc: 0.000000000 1.000000000 0.000000000
A:/crccrrcf: 0.000000000 0.899821333 0.100178667
A:/crccrrfc: 0.000000000 0.897991212 0.102008788
A:/crccrrff: 0.000000000 0.891484576 0.108515424
A:/crcf: 0.738784052 0.261215948 0.000000000
A:/crcfrcr: 0.000000000 1.000000000 0.000000000
A:/crcfrfr: 0.000000000 0.486827821 0.513172179
A:/crcfrrc: 0.000000000 0.950188079 0.049811921
A:/crcfrrf: 0.000000000 1.000000000 0.000000000
A:/crcr: 0.197758090 0.802241910 0.000000000
A:/crcrccrc: 0.000000000 0.387223283 0.612776717
A:/crcrccrf: 0.000000000 0.275198794 0.724801206
A:/crcrcfrc: 0.000000000 0.763278041 0.236721959
A:/crcrcfrf: 0.000000000 0.301101224 0.698898776
A:/crcrcrcc: 0.000000000 1.000000000 0.000000000
A:/crcrcrcf: 0.000000000 1.000000000 0.000000000
A:/crcrcrfc: 0.000000000 1.000000000 0.000000000
A:/crcrcrff: 0.000000000 0.967788394 0.032211606
A:/crfc: 1.000000000 0.000000000 0.000000000
A:/crfcrcr: 0.000000000 1.000000000 0.000000000
A:/crfcrfr: 0.000000000 1.000000000 0.000000000
A:/crfcrrc: 0.000000000 1.000000000 0.000000000
A:/crfcrrf: 0.000000000 1.000000000 0.000000000
A:/crff: 1.000000000 0.000000000 0.000000000
A:/crffrr: 0.000000000 0.987531548 0.012468452
A:/crfr: 0.195332682 0.804667318 0.000000000
A:/crfrcrc: 0.000000000 1.000000000 0.000000000
A:/crfrcrf: 0.000000000 1.000000000 0.000000000
A:/crrc: 0.000000000 0.620966365 0.379033635
A:/crrccrcc: 0.000000000 0.317316433 0.682683567
A:/crrccrcf: 0.000000000 0.241652298 0.758347702
A:/crrccrfc: 0.000000000 0.387347010 0.612652990
A:/crrccrff: 0.000000000 0.801548850 0.198451150
A:/crrf: 0.443121601 0.555775222 0.001103177
A:/crrfcrc: 0.000000000 0.337858939 0.662141061
A:/crrfcrf: 0.000000000 0.538778150 0.461221850
A:/crrr: 0.000000000 0.505938513 0.494061487
A:/rccr: 1.000000000 0.000000000 0.000000000
A:/rccrccrc: 0.000000000 0.578906872 0.421093128
A:/rccrccrf: 0.000000000 0.070907715 0.929092285
A:/rccrcfrc: 0.000000000 0.820483291 0.179516709
A:/rccrcfrf: 0.000000000 0.013187519 0.986812481
A:/rccrcrcc: 0.000000000 1.000000000 0.000000000
A:/rccrcrcf: 0.000000000 0.650933756 0.349066244
A:/rccrcrfc: 0.000000000 0.583864552 0.416135448
A:/rccrcrff: 0.000000000 1.000000000 0.000000000
A:/rcfr: 1.000000000 0.000000000 0.000000000
A:/rcfrcrc: 0.000000000 1.000000000 0.000000000
A:/rcfrcrf: 0.000000000 1.000000000 0.000000000
A:/rcrc: 1.000000000 0.000000000 0.000000000
A:/rcrccrcc: 0.000000000 0.758983324 0.241016676
A:/rcrccrcf: 0.000000000 1.000000000 0.000000000
A:/rcrccrfc: 0.000000000 0.821536254 0.178463746
A:/rcrccrff: 0.000000000 1.000000000 0.000000000
A:/rcrf: 0.821536574 0.178463426 0.000000000
A:/rcrfcrc: 0.000000000 1.000000000 0.000000000
A:/rcrfcrf: 0.000000000 1.000000000 0.000000000
A:/rcrr: 0.000000000 1.000000000 0.000000000
A:/rfcr: 1.000000000 0.000000000 0.000000000
A:/rfcrcrc: 0.000000000 1.000000000 0.000000000
A:/rfcrcrf: 0.000000000 0.343559119 0.656440881
A:/rffr: 1.000000000 0.000000000 0.000000000
A:/rfrc: 0.742128778 0.257871222 0.000000000
A:/rfrf: 0.434083940 0.346857061 0.219058999
A:/rfrr: 0.000000000 0.673261253 0.326738747
A:/rrcc: 1.000000000 0.000000000 0.000000000
A:/rrcf: 0.816488171 0.183511829 0.000000000
A:/rrcr: 0.000000000 1.000000000 0.000000000
A:/rrfc: 1.000000000 0.000000000 0.000000000
A:/rrff: 1.000000000 0.000000000 0.000000000
A:/rrfr: 0.000000000 1.000000000 0.000000000
A:/rrrc: 0.000000000 1.000000000 0.000000000
A:/rrrf: 0.000000000 1.000000000 0.000000000
J:/: 0.000000000 1.000000000 0.000000000
J:/cccr: 0.184952355 0.219518768 0.595528877
J:/cccrccrc: 0.062438559 0.069842347 0.867719093
J:/cccrccrccrcc: 0.000000000 0.473557692 0.526442308
J:/cccrccrccrcf: 0.000000000 0.572290814 0.427709186
J:/cccrccrccrfc: 0.000000000 0.457807009 0.542192991
J:/cccrccrccrff: 0.000000000 0.368177323 0.631822677
J:/cccrccrf: 0.352773430 0.117310425 0.529916145
J:/cccrccrfcrc: 0.000000000 0.280256507 0.719743493
J:/cccrccrfcrf: 0.000000000 0.608235791 0.391764209
J:/cccrccrr: 0.000000000 0.207769406 0.792230594
J:/cccrcfrc: 0.235490020 0.134878577 0.629631403
J:/cccrcfrf: 0.121331815 0.800313533 0.078354652
J:/cccrcfrr: 0.000000000 0.619361290 0.380638710
J:/cccrcrcc: 0.027133823 0.297415679 0.675450498
J:/cccrcrcf: 0.175392584 0.438591107 0.386016309
J:/cccrcrcr: 0.000000000 0.477726417 0.522273583
J:/cccrcrfc: 0.285306219 0.634648676 0.080045106
J:/cccrcrff: 0.599791995 0.225617286 0.174590719
J:/cccrcrfr: 0.000000000 0.655095169 0.344904831
J:/cccrcrrc: 0.000000000 0.027362384 0.972637616
J:/cccrcrrf: 0.000000000 0.624176091 0.375823909
J:/cccrrccr: 0.000000000 0.413016519 0.586983481
J:/cccrrcfr: 0.000000000 0.805329175 0.194670825
J:/cccrrcrc: 0.000000000 0.665671964 0.334328036
J:/cccrrcrf: 0.000000000 0.917875750 0.082124250
J:/cccrrfcr: 0.000000000 0.305555474 0.694444526
J:/cccrrffr: 0.000000000 0.529519312 0.470480688
J:/cccrrfrc: 0.000000000 0.435431287 0.564568713
J:/cccrrfrf: 0.000000000 0.192227229 0.807772771
J:/cccrrrcc: 0.000000000 0.149864393 0.850135607
J:/cccrrrcf: 0.000000000 0.360747992 0.639252008
J:/cccrrrfc: 0.000000000 0.684061492 0.315938508
J:/cccrrrff: 0.000000000 0.411040193 0.588959807
J:/ccrc: 0.000000000 0.000000000 1.000000000
J:/ccrccrcc: 1.000000000 0.000000000 0.000000000
J:/ccrccrcf: 0.587694566 0.309076207 0.103229228
J:/ccrccrcr: 0.000000000 0.000000000 1.000000000
J:/ccrccrfc: 0.559597576 0.000000000 0.440402424
J:/ccrccrff: 0.607914578 0.000000000 0.392085422
J:/ccrccrfr: 0.000000000 0.734739227 0.265260773
J:/ccrccrrc: 0.000000000 0.000000000 1.000000000
J:/ccrccrrf: 0.000000000 0.359098842 0.640901158
J:/ccrcrccr: 0.000000000 0.811210372 0.188789628
J:/ccrcrcfr: 0.000000000 0.404842534 0.595157466
J:/ccrcrcrc: 0.000000000 0.343023091 0.656976909
J:/ccrcrcrf: 0.000000000 0.531850135 0.468149865
J:/ccrcrfcr: 0.000000000 0.685880533 0.314119467
J:/ccrcrffr: 0.000000000 0.519509510 0.480490490
J:/ccrcrfrc: 0.000000000 0.826154854 0.173845146
J:/ccrcrfrf: 0.000000000 0.423888081 0.576111919
J:/ccrcrrcc: 0.000000000 0.063068338 0.936931662
J:/ccrcrrcf: 0.000000000 0.302456072 0.697543928
J:/ccrcrrfc: 0.000000000 0.000000000 1.000000000
J:/ccrcrrff: 0.000000000 0.658934597 0.341065403
J:/ccrf: 0.000000000 0.337698869 0.662301131
J:/ccrfcrc: 0.797967544 0.069923309 0.132109147
J:/ccrfcrf: 0.886347999 0.113652001 0.000000000
J:/ccrfcrr: 0.000000000 0.216022551 0.783977449
J:/ccrfrcr: 0.000000000 0.174922870 0.825077130
J:/ccrfrfr: 0.000000000 0.462781806 0.537218194
J:/ccrfrrc: 0.000000000 0.097026837 0.902973163
J:/ccrfrrf: 0.000000000 0.930783877 0.069216123
J:/ccrr: 0.000000000 0.000000000 1.000000000
J:/ccrrccrc: 0.000000000 0.095767335 0.904232665
J:/ccrrccrf: 0.000000000 0.320075908 0.679924092
J:/ccrrcfrc: 0.000000000 0.448486887 0.551513113
J:/ccrrcfrf: 0.000000000 0.860834894 0.139165106
J:/ccrrcrcc: 0.000000000 0.000000000 1.000000000
J:/ccrrcrcf: 0.000000000 0.148934406 0.851065594
J:/ccrrcrfc: 0.000000000 0.000000000 1.000000000
J:/ccrrcrff: 0.000000000 1.000000000 0.000000000
J:/crcc: 0.429074118 0.000000000 0.570925882
J:/crccrccr: 0.000000000 0.110072913 0.889927087
J:/crccrcfr: 0.000000000 0.047498722 0.952501278
J:/crccrcrc: 0.000000000 0.524280161 0.475719839
J:/crccrcrf: 0.000000000 0.928858649 0.071141351
J:/crccrfcr: 0.000000000 0.260295803 0.739704197
J:/crccrffr: 0.000000000 0.433627472 0.566372528
J:/crccrfrc: 0.000000000 0.426783103 0.573216897
J:/crccrfrf: 0.000000000 0.726365499 0.273634501
J:/crccrrcc: 0.000000000 0.728944862 0.271055138
J:/crccrrcf: 0.000000000 0.415236769 0.584763231
J:/crccrrfc: 0.000000000 0.352112042 0.647887958
J:/crccrrff: 0.000000000 0.704034290 0.295965710
J:/crcf: 0.137969787 0.239934269 0.622095944
J:/crcfrcr: 0.000000000 0.294791472 0.705208528
J:/crcfrfr: 0.000000000 0.955860142 0.044139858
J:/crcfrrc: 0.000000000 0.069526170 0.930473830
J:/crcfrrf: 0.000000000 0.081743781 0.918256219
J:/crcr: 0.865406451 0.000000000 0.134593549
J:/crcrccrc: 0.000000000 0.544099395 0.455900605
J:/crcrccrf: 0.000000000 0.187210788 0.812789212
J:/crcrcfrc: 0.000000000 0.367791190 0.632208810
J:/crcrcfrf: 0.000000000 0.349335918 0.650664082
J:/crcrcrcc: 0.000000000 0.423696560 0.576303440
J:/crcrcrcf: 0.000000000 0.244187758 0.755812242
J:/crcrcrfc: 0.000000000 0.403584295 0.596415705
J:/crcrcrff: 0.000000000 0.809586932 0.190413068
J:/crfc: 0.155772364 0.000000000 0.844227636
J:/crfcrcr: 0.000000000 0.660801293 0.339198707
J:/crfcrfr: 0.000000000 0.598342890 0.401657110
J:/crfcrrc: 0.000000000 0.254551891 0.745448109
J:/crfcrrf: 0.000000000 0.246694352 0.753305648
J:/crff: 1.000000000 0.000000000 0.000000000
J:/crffrr: 0.000000000 0.791872493 0.208127507
J:/crfr: 1.000000000 0.000000000 0.000000000
J:/crfrcrc: 0.000000000 0.581198094 0.418801906
J:/crfrcrf: 0.000000000 0.973265212 0.026734788
J:/crrc: 0.000000000 0.446048294 0.553951706
J:/crrccrcc: 0.000000000 0.516332822 0.483667178
J:/crrccrcf: 0.000000000 0.289010809 0.710989191
J:/crrccrfc: 0.000000000 0.411603522 0.588396478
J:/crrccrff: 0.000000000 0.665074397 0.334925603
J:/crrf: 0.000000000 0.321370284 0.678629716
J:/crrfcrc: 0.000000000 0.206374250 0.793625750
J:/crrfcrf: 0.000000000 0.362954807 0.637045193
J:/crrr: 0.000000000 0.000000000 1.000000000
J:/rccr: 1.000000000 0.000000000 0.000000000
J:/rccrccrc: 0.000000000 0.424045300 0.575954700
J:/rccrccrf: 0.000000000 0.255954313 0.744045687
J:/rccrcfrc: 0.000000000 0.751873314 0.248126686
J:/rccrcfrf: 0.000000000 0.527307981 0.472692019
J:/rccrcrcc: 0.000000000 0.114997577 0.885002423
J:/rccrcrcf: 0.000000000 0.732166993 0.267833007
J:/rccrcrfc: 0.000000000 0.564765215 0.435234785
J:/rccrcrff: 0.000000000 0.338985674 0.661014326
J:/rcfr: 1.000000000 0.000000000 0.000000000
J:/rcfrcrc: 0.000000000 0.349041326 0.650958674
J:/rcfrcrf: 0.000000000 0.691940912 0.308059088
J:/rcrc: 0.504547655 0.000000000 0.495452345
J:/rcrccrcc: 0.000000000 0.908061471 0.091938529
J:/rcrccrcf: 0.000000000 0.754288693 0.245711307
J:/rcrccrfc: 0.000000000 0.704952222 0.295047778
J:/rcrccrff: 0.000000000 0.148442303 0.851557697
J:/rcrf: 0.415059515 0.345434350 0.239506134
J:/rcrfcrc: 0.000000000 0.530039198 0.469960802
J:/rcrfcrf: 0.000000000 0.464229947 0.535770053
J:/rcrr: 0.000000000 0.000000000 1.000000000
J:/rfcr: 1.000000000 0.000000000 0.000000000
J:/rfcrcrc: 0.000000000 0.469117400 0.530882600
J:/rfcrcrf: 0.000000000 0.380174804 0.619825196
J:/rffr: 1.000000000 0.000000000 0.000000000
J:/rfrc: 0.000000000 0.471312660 0.528687340
J:/rfrf: 0.120889585 0.767060424 0.112049991
J:/rfrr: 0.000000000 0.324476230 0.675523770
J:/rrcc: 0.118772997 0.040841755 0.840385248
J:/rrcf: 1.000000000 0.000000000 0.000000000
J:/rrcr: 0.000000000 0.000000000 1.000000000
J:/rrfc: 1.000000000 0.000000000 0.000000000
J:/rrff: 1.000000000 0.000000000 0.000000000
J:/rrfr: 0.000000000 0.000000000 1.000000000
J:/rrrc: 0.000000000 0.489953146 0.510046854
J:/rrrf: 0.000000000 0.619338233 0.380661767
K:/: 0.000000000 1.000000000 0.000000000
K:/cccr: 0.208516302 0.515044392 0.276439306
K:/cccrccrc: 0.313384269 0.321269436 0.365346294
K:/cccrccrccrcc: 0.000000000 0.479255279 0.520744721
K:/cccrccrccrcf: 0.000000000 0.105446714 0.894553286
K:/cccrccrccrfc: 0.000000000 0.840267425 0.159732575
K:/cccrccrccrff: 0.000000000 0.016882762 0.983117238
K:/cccrccrf: 0.578539278 0.133204282 0.288256440
K:/cccrccrfcrc: 0.000000000 0.557932865 0.442067135
K:/cccrccrfcrf: 0.000000000 0.940430245 0.059569755
K:/cccrccrr: 0.000000000 0.578384519 0.421615481
K:/cccrcfrc: 0.288265759 0.342916066 0.368818175
K:/cccrcfrf: 0.092016508 0.706961631 0.201021862
K:/cccrcfrr: 0.000000000 0.055464667 0.944535333
K:/cccrcrcc: 0.323920904 0.410400498 0.265678598
K:/cccrcrcf: 0.304370437 0.329675691 0.365953872
K:/cccrcrcr: 0.000000000 0.306372665 0.693627335
K:/cccrcrfc: 0.337351151 0.390929258 0.271719591
K:/cccrcrff: 0.630845947 0.335886650 0.033267403
K:/cccrcrfr: 0.000000000 0.241133687 0.758866313
K:/cccrcrrc: 0.000000000 0.471699729 0.528300271
K:/cccrcrrf: 0.000000000 0.823580048 0.176419952
K:/cccrrccr: 0.000000000 0.823712493 0.176287507
K:/cccrrcfr: 0.000000000 0.788735497 0.211264503
K:/cccrrcrc: 0.000000000 0.091242725 0.908757275
K:/cccrrcrf: 0.000000000 0.377256277 0.622743723
K:/cccrrfcr: 0.000000000 0.706955506 0.293044494
K:/cccrrffr: 0.000000000 0.561520896 0.438479104
K:/cccrrfrc: 0.000000000 0.765351558 0.234648442
K:/cccrrfrf: 0.000000000 0.729374072 0.270625928
K:/cccrrrcc: 0.000000000 0.498597867 0.501402133
K:/cccrrrcf: 0.000000000 0.636454253 0.363545747
K:/cccrrrfc: 0.000000000 0.396982377 0.603017623
K:/cccrrrff: 0.000000000 0.605653640 0.394346360
K:/ccrc: 0.000591678 0.999265449 0.000142873
K:/ccrccrcc: 1.000000000 0.000000000 0.000000000
K:/ccrccrcf: 0.465717168 0.392210676 0.142072155
K:/ccrccrcr: 0.000000000 0.612638098 0.387361902
K:/ccrccrfc: 0.330048240 0.342625426 0.327326334
K:/ccrccrff: 0.246887154 0.753112846 0.000000000
K:/ccrccrfr: 0.000000000 1.000000000 0.000000000
K:/ccrccrrc: 0.000000000 0.331955595 0.668044405
K:/ccrccrrf: 0.000000000 0.355124927 0.644875073
K:/ccrcrccr: 0.000000000 0.295421397 0.704578603
K:/ccrcrcfr: 0.000000000 0.604729405 0.395270595
K:/ccrcrcrc: 0.000000000 0.890238215 0.109761785
K:/ccrcrcrf: 0.000000000 0.428123600 0.571876400
K:/ccrcrfcr: 0.000000000 0.825492864 0.174507136
K:/ccrcrffr: 0.000000000 0.800151029 0.199848971
K:/ccrcrfrc: 0.000000000 0.833559611 0.166440389
K:/ccrcrfrf: 0.000000000 0.493343435 0.506656565
K:/ccrcrrcc: 0.000000000 0.307091456 0.692908544
K:/ccrcrrcf: 0.000000000 1.000000000 0.000000000
K:/ccrcrrfc: 0.000000000 0.325426277 0.674573723
K:/ccrcrrff: 0.000000000 1.000000000 0.000000000
K:/ccrf: 0.616480104 0.383519896 0.000000000
K:/ccrfcrc: 0.341992471 0.658007529 0.000000000
K:/ccrfcrf: 0.523638720 0.476361280 0.000000000
K:/ccrfcrr: 0.000000000 0.819680662 0.180319338
K:/ccrfrcr: 0.000000000 0.571280897 0.428719103
K:/ccrfrfr: 0.000000000 0.112016804 0.887983196
K:/ccrfrrc: 0.000000000 0.998055513 0.001944487
K:/ccrfrrf: 0.000000000 1.000000000 0.000000000
K:/ccrr: 0.000000000 1.000000000 0.000000000
K:/ccrrccrc: 0.000000000 1.000000000 0.000000000
K:/ccrrccrf: 0.000000000 0.465773578 0.534226422
K:/ccrrcfrc: 0.000000000 0.713705701 0.286294299
K:/ccrrcfrf: 0.000000000 0.519307925 0.480692075
K:/ccrrcrcc: 0.000000000 0.645477308 0.354522692
K:/ccrrcrcf: 0.000000000 0.980386703 0.019613297
K:/ccrrcrfc: 0.000000000 1.000000000 0.000000000
K:/ccrrcrff: 0.000000000 1.000000000 0.000000000
K:/crcc: 0.851164083 0.148835917 0.000000000
K:/crccrccr: 0.000000000 0.963483744 0.036516256
K:/crccrcfr: 0.000000000 0.665704740 0.334295260
K:/crccrcrc: 0.000000000 0.517796158 0.482203842
K:/crccrcrf: 0.000000000 0.593151488 0.406848512
K:/crccrfcr: 0.000000000 0.291834064 0.708165936
K:/crccrffr: 0.000000000 0.047917081 0.952082919
K:/crccrfrc: 0.000000000 0.388219666 0.611780334
K:/crccrfrf: 0.000000000 0.509884183 0.490115817
K:/crccrrcc: 0.000000000 0.480214439 0.519785561
K:/crccrrcf: 0.000000000 0.511493237 0.488506763
K:/crccrrfc: 0.000000000 0.009205933 0.990794067
K:/crccrrff: 0.000000000 0.582962606 0.417037394
K:/crcf: 0.686969329 0.313030671 0.000000000
K:/crcfrcr: 0.000000000 0.085128730 0.914871270
K:/crcfrfr: 0.000000000 0.463443937 0.536556063
K:/crcfrrc: 0.000000000 0.630776175 0.369223825
K:/crcfrrf: 0.000000000 0.620608218 0.379391782
K:/crcr: 0.991258930 0.000000000 0.008741070
K:/crcrccrc: 0.000000000 0.041058575 0.958941425
K:/crcrccrf: 0.000000000 0.375044153 0.624955847
K:/crcrcfrc: 0.000000000 0.387556919 0.612443081
K:/crcrcfrf: 0.000000000 0.583698457 0.416301543
K:/crcrcrcc: 0.000000000 0.191082886 0.808917114
K:/crcrcrcf: 0.000000000 0.668453251 0.331546749
K:/crcrcrfc: 0.000000000 0.442933342 0.557066658
K:/crcrcrff: 0.000000000 0.549176569 0.450823431
K:/crfc: 1.000000000 0.000000000 0.000000000
K:/crfcrcr: 0.000000000 1.000000000 0.000000000
K:/crfcrfr: 0.000000000 1.000000000 0.000000000
K:/crfcrrc: 0.000000000 0.787460501 0.212539499
K:/crfcrrf: 0.000000000 1.000000000 0.000000000
K:/crff: 0.466968610 0.533031390 0.000000000
K:/crffrr: 0.000000000 0.595541337 0.404458663
K:/crfr: 0.801738076 0.198261924 0.000000000
K:/crfrcrc: 0.000000000 1.000000000 0.000000000
K:/crfrcrf: 0.000000000 1.000000000 0.000000000
K:/crrc: 0.000000000 0.840214740 0.159785260
K:/crrccrcc: 0.000000000 0.224050985 0.775949015
K:/crrccrcf: 0.000000000 0.755360684 0.244639316
K:/crrccrfc: 0.000000000 1.000000000 0.000000000
K:/crrccrff: 0.000000000 0.832030306 0.167969694
K:/crrf: 0.142931370 0.254080855 0.602987775
K:/crrfcrc: 0.000000000 0.590586849 0.409413151
K:/crrfcrf: 0.000000000 0.953921138 0.046078862
K:/crrr: 0.000000000 0.607889176 0.392110824
K:/rccr: 1.000000000 0.000000000 0.000000000
K:/rccrccrc: 0.000000000 0.392041786 0.607958214
K:/rccrccrf: 0.000000000 0.247287504 0.752712496
K:/rccrcfrc: 0.000000000 0.946231154 0.053768846
K:/rccrcfrf: 0.000000000 0.444491631 0.555508369
K:/rccrcrcc: 0.000000000 0.385248801 0.614751199
K:/rccrcrcf: 0.000000000 0.459554094 0.540445906
K:/rccrcrfc: 0.000000000 1.000000000 0.000000000
K:/rccrcrff: 0.000000000 1.000000000 0.000000000
K:/rcfr: 1.000000000 0.000000000 0.000000000
K:/rcfrcrc: 0.000000000 1.000000000 0.000000000
K:/rcfrcrf: 0.000000000 1.000000000 0.000000000
K:/rcrc: 1.000000000 0.000000000 0.000000000
K:/rcrccrcc: 0.000000000 0.604798027 0.395201973
K:/rcrccrcf: 0.000000000 1.000000000 0.000000000
K:/rcrccrfc: 0.000000000 0.706221058 0.293778942
K:/rcrccrff: 0.000000000 0.918860834 0.081139166
K:/rcrf: 0.738615712 0.261384288 0.000000000
K:/rcrfcrc: 0.000000000 0.785298214 0.214701786
K:/rcrfcrf: 0.000000000 1.000000000 0.000000000
K:/rcrr: 0.000000000 1.000000000 0.000000000
K:/rfcr: 1.000000000 0.000000000 0.000000000
K:/rfcrcrc: 0.000000000 0.852753585 0.147246415
K:/rfcrcrf: 0.000000000 0.655389277 0.344610723
K:/rffr: 1.000000000 0.000000000 0.000000000
K:/rfrc: 0.492893097 0.198218081 0.308888822
K:/rfrf: 0.656483306 0.235643464 0.107873230
K:/rfrr: 0.000000000 0.907290891 0.092709109
K:/rrcc: 1.000000000 0.000000000 0.000000000
K:/rrcf: 1.000000000 0.000000000 0.000000000
K:/rrcr: 0.000000000 1.000000000 0.000000000
K:/rrfc: 1.000000000 0.000000000 0.000000000
K:/rrff: 1.000000000 0.000000000 0.000000000
K:/rrfr: 0.000000000 1.000000000 0.000000000
K:/rrrc: 0.000000000 1.000000000 0.000000000
K:/rrrf: 0.000000000 1.000000000 0.000000000
Q:/: 0.000000000 1.000000000 0.000000000
Q:/cccr: 0.398820924 0.313244480 0.287934597
Q:/cccrccrc: 0.184253878 0.549094394 0.266651728
Q:/cccrccrccrcc: 0.000000000 0.512362521 0.487637479
Q:/cccrccrccrcf: 0.000000000 0.483109301 0.516890699
Q:/cccrccrccrfc: 0.000000000 0.561083442 0.438916558
Q:/cccrccrccrff: 0.000000000 0.606170125 0.393829875
Q:/cccrccrf: 0.273126596 0.105682465 0.621190939
Q:/cccrccrfcrc: 0.000000000 0.358436696 0.641563304
Q:/cccrccrfcrf: 0.000000000 0.270478132 0.729521868
Q:/cccrccrr: 0.000000000 0.386405647 0.613594353
Q:/cccrcfrc: 0.166372834 0.459289492 0.374337674
Q:/cccrcfrf: 0.447551002 0.349452180 0.202996818
Q:/cccrcfrr: 0.000000000 0.150446399 0.849553601
Q:/cccrcrcc: 0.517735141 0.362628091 0.119636768
Q:/cccrcrcf: 0.206715150 0.485200550 0.308084301
Q:/cccrcrcr: 0.000000000 0.533041860 0.466958140
Q:/cccrcrfc: 0.407713580 0.400381139 0.191905281
Q:/cccrcrff: 0.413743083 0.052005858 0.534251059
Q:/cccrcrfr: 0.000000000 0.531748664 0.468251336
Q:/cccrcrrc: 0.000000000 0.487362363 0.512637637
Q:/cccrcrrf: 0.000000000 0.329778808 0.670221192
Q:/cccrrccr: 0.000000000 0.619958827 0.380041173
Q:/cccrrcfr: 0.000000000 0.237640497 0.762359503
Q:/cccrrcrc: 0.000000000 0.584585994 0.415414006
Q:/cccrrcrf: 0.000000000 0.165762752 0.834237248
Q:/cccrrfcr: 0.000000000 0.598973806 0.401026194
Q:/cccrrffr: 0.000000000 0.039401341 0.960598659
Q:/cccrrfrc: 0.000000000 0.939642814 0.060357186
Q:/cccrrfrf: 0.000000000 0.613780434 0.386219566
Q:/cccrrrcc: 0.000000000 0.432514883 0.567485117
Q:/cccrrrcf: 0.000000000 0.452500919 0.547499081
Q:/cccrrrfc: 0.000000000 0.465028020 0.534971980
Q:/cccrrrff: 0.000000000 0.401881326 0.598118674
Q:/ccrc: 0.000000000 0.000000000 1.000000000
Q:/ccrccrcc: 0.850573054 0.000000000 0.149426946
Q:/ccrccrcf: 0.556044321 0.398298391 0.045657289
Q:/ccrccrcr: 0.000000000 0.632050860 0.367949140
Q:/ccrccrfc: 0.697652534 0.009229201 0.293118264
Q:/ccrccrff: 0.902139381 0.097860619 0.000000000
Q:/ccrccrfr: 0.000000000 0.999968060 0.000031940
Q:/ccrccrrc: 0.000000000 0.454054243 0.545945757
Q:/ccrccrrf: 0.000000000 0.527801739 0.472198261
Q:/ccrcrccr: 0.000000000 0.240330019 0.759669981
Q:/ccrcrcfr: 0.000000000 0.755887406 0.244112594
Q:/ccrcrcrc: 0.000000000 0.958166309 0.041833691
Q:/ccrcrcrf: 0.000000000 0.778435993 0.221564007
Q:/ccrcrfcr: 0.000000000 0.443303055 0.556696945
Q:/ccrcrffr: 0.000000000 0.995915457 0.004084543
Q:/ccrcrfrc: 0.000000000 0.169752249 0.830247751
Q:/ccrcrfrf: 0.000000000 0.517787544 0.482212456
Q:/ccrcrrcc: 0.000000000 0.601398982 0.398601018
Q:/ccrcrrcf: 0.000000000 0.109965635 0.890034365
Q:/ccrcrrfc: 0.000000000 0.486747899 0.513252101
Q:/ccrcrrff: 0.000000000 1.000000000 0.000000000
Q:/ccrf: 0.000000000 1.000000000 0.000000000
Q:/ccrfcrc: 0.654574413 0.345425587 0.000000000
Q:/ccrfcrf: 0.709377581 0.290622419 0.000000000
Q:/ccrfcrr: 0.000000000 0.435336797 0.564663203
Q:/ccrfrcr: 0.000000000 0.540336844 0.459663156
Q:/ccrfrfr: 0.000000000 0.321852489 0.678147511
Q:/ccrfrrc: 0.000000000 0.492669943 0.507330057
Q:/ccrfrrf: 0.000000000 1.000000000 0.000000000
Q:/ccrr: 0.000000000 0.000000000 1.000000000
Q:/ccrrccrc: 0.000000000 1.000000000 0.000000000
Q:/ccrrccrf: 0.000000000 0.321865530 0.678134470
Q:/ccrrcfrc: 0.000000000 0.708840669 0.291159331
Q:/ccrrcfrf: 0.000000000 0.941958869 0.058041131
Q:/ccrrcrcc: 0.000000000 0.053501783 0.946498217
Q:/ccrrcrcf: 0.000000000 0.460306408 0.539693592
Q:/ccrrcrfc: 0.000000000 1.000000000 0.000000000
Q:/ccrrcrff: 0.000000000 1.000000000 0.000000000
Q:/crcc: 0.828536221 0.017140091 0.154323688
Q:/crccrccr: 0.000000000 0.720874724 0.279125276
Q:/crccrcfr: 0.000000000 0.483672374 0.516327626
Q:/crccrcrc: 0.000000000 0.524514217 0.475485783
Q:/crccrcrf: 0.000000000 0.749395128 0.250604872
Q:/crccrfcr: 0.000000000 0.609799860 0.390200140
Q:/crccrffr: 0.000000000 0.554274175 0.445725825
Q:/crccrfrc: 0.000000000 0.331676823 0.668323177
Q:/crccrfrf: 0.000000000 0.942947125 0.057052875
Q:/crccrrcc: 0.000000000 0.142735241 0.857264759
Q:/crccrrcf: 0.000000000 0.647633634 0.352366366
Q:/crccrrfc: 0.000000000 0.521095012 0.478904988
Q:/crccrrff: 0.000000000 0.514691590 0.485308410
Q:/crcf: 0.331669739 0.384310377 0.284019884
Q:/crcfrcr: 0.000000000 0.823938837 0.176061163
Q:/crcfrfr: 0.000000000 0.489881258 0.510118742
Q:/crcfrrc: 0.000000000 0.656361380 0.343638620
Q:/crcfrrf: 0.000000000 0.523238209 0.476761791
Q:/crcr: 0.826579640 0.000000000 0.173420360
Q:/crcrccrc: 0.000000000 0.714306895 0.285693105
Q:/crcrccrf: 0.000000000 0.612104040 0.387895960
Q:/crcrcfrc: 0.000000000 0.552531197 0.447468803
Q:/crcrcfrf: 0.000000000 0.583298029 0.416701971
Q:/crcrcrcc: 0.000000000 0.396374333 0.603625667
Q:/crcrcrcf: 0.000000000 0.508683173 0.491316827
Q:/crcrcrfc: 0.000000000 0.358333304 0.641666696
Q:/crcrcrff: 0.000000000 0.438171651 0.561828349
Q:/crfc: 0.762604084 0.000000000 0.237395916
Q:/crfcrcr: 0.000000000 0.643631705 0.356368295
Q:/crfcrfr: 0.000000000 0.743279013 0.256720987
Q:/crfcrrc: 0.000000000 0.415359996 0.584640004
Q:/crfcrrf: 0.000000000 0.988596572 0.011403428
Q:/crff: 0.000000000 1.000000000 0.000000000
Q:/crffrr: 0.000000000 0.913440666 0.086559334
Q:/crfr: 1.000000000 0.000000000 0.000000000
Q:/crfrcrc: 0.000000000 0.587192398 0.412807602
Q:/crfrcrf: 0.000000000 0.973222222 0.026777778
Q:/crrc: 0.000000000 0.393404809 0.606595191
Q:/crrccrcc: 0.000000000 0.281704265 0.718295735
Q:/crrccrcf: 0.000000000 0.269890543 0.730109457
Q:/crrccrfc: 0.000000000 0.510749631 0.489250369
Q:/crrccrff: 0.000000000 0.610652117 0.389347883
Q:/crrf: 0.000000000 0.000000000 1.000000000
Q:/crrfcrc: 0.000000000 0.695536747 0.304463253
Q:/crrfcrf: 0.000000000 0.636302669 0.363697331
Q:/crrr: 0.000000000 0.000000000 1.000000000
Q:/rccr: 1.000000000 0.000000000 0.000000000
Q:/rccrccrc: 0.000000000 0.855959772 0.144040228
Q:/rccrccrf: 0.000000000 0.526537859 0.473462141
Q:/rccrcfrc: 0.000000000 0.371482449 0.628517551
Q:/rccrcfrf: 0.000000000 0.663837176 0.336162824
Q:/rccrcrcc: 0.000000000 0.526720859 0.473279141
Q:/rccrcrcf: 0.000000000 0.500399001 0.499600999
Q:/rccrcrfc: 0.000000000 0.658591756 0.341408244
Q:/rccrcrff: 0.000000000 0.800115300 0.199884700
Q:/rcfr: 1.000000000 0.000000000 0.000000000
Q:/rcfrcrc: 0.000000000 0.295012250 0.704987750
Q:/rcfrcrf: 0.000000000 1.000000000 0.000000000
Q:/rcrc: 0.982158576 0.017841424 0.000000000
Q:/rcrccrcc: 0.000000000 0.223287940 0.776712060
Q:/rcrccrcf: 0.000000000 0.612856526 0.387143474
Q:/rcrccrfc: 0.000000000 0.318872268 0.681127732
Q:/rcrccrff: 0.000000000 0.211224705 0.788775295
Q:/rcrf: 0.796207656 0.203792344 0.000000000
Q:/rcrfcrc: 0.000000000 0.881483041 0.118516959
Q:/rcrfcrf: 0.000000000 1.000000000 0.000000000
Q:/rcrr: 0.000000000 0.645293417 0.354706583
Q:/rfcr: 1.000000000 0.000000000 0.000000000
Q:/rfcrcrc: 0.000000000 0.380509468 0.619490532
Q:/rfcrcrf: 0.000000000 0.402308749 0.597691251
Q:/rffr: 1.000000000 0.000000000 0.000000000
Q:/rfrc: 0.229046444 0.600868747 0.170084810
Q:/rfrf: 0.531242742 0.352353756 0.116403502
Q:/rfrr: 0.000000000 0.703033038 0.296966962
Q:/rrcc: 1.000000000 0.000000000 0.000000000
Q:/rrcf: 1.000000000 0.000000000 0.000000000
Q:/rrcr: 0.000000000 0.862384415 0.137615585
Q:/rrfc: 1.000000000 0.000000000 0.000000000
Q:/rrff: 1.000000000 0.000000000 0.000000000
Q:/rrfr: 0.000000000 1.000000000 0.000000000
Q:/rrrc: 0.000000000 0.658521340 0.341478660
Q:/rrrf: 0.000000000 0.038174310 0.961825690
T:/: 0.000000000 1.000000000 0.000000000
T:/cccr: 0.000000000 0.437413598 0.562586402
T:/cccrccrc: 0.654695678 0.233728113 0.111576209
T:/cccrccrccrcc: 0.000000000 0.894625197 0.105374803
T:/cccrccrccrcf: 0.000000000 0.866401024 0.133598976
T:/cccrccrccrfc: 0.000000000 0.783058494 0.216941506
T:/cccrccrccrff: 0.000000000 0.655898230 0.344101770
T:/cccrccrf: 0.081662525 0.555665601 0.362671874
T:/cccrccrfcrc: 0.000000000 0.482384569 0.517615431
T:/cccrccrfcrf: 0.000000000 0.751458200 0.248541800
T:/cccrccrr: 0.000000000 0.564777214 0.435222786
T:/cccrcfrc: 0.145931252 0.376289002 0.477779746
T:/cccrcfrf: 0.101684624 0.410308864 0.488006512
T:/cccrcfrr: 0.000000000 0.630173358 0.369826642
T:/cccrcrcc: 0.259993657 0.350993506 0.389012837
T:/cccrcrcf: 0.234775080 0.337590295 0.427634625
T:/cccrcrcr: 0.000000000 0.445003373 0.554996627
T:/cccrcrfc: 0.473314177 0.299897382 0.226788441
T:/cccrcrff: 0.562934926 0.192862359 0.244202715
T:/cccrcrfr: 0.000000000 0.913995085 0.086004915
T:/cccrcrrc: 0.000000000 0.456684260 0.543315740
T:/cccrcrrf: 0.000000000 0.619566690 0.380433310
T:/cccrrccr: 0.000000000 0.122770139 0.877229861
T:/cccrrcfr: 0.000000000 0.463615679 0.536384321
T:/cccrrcrc: 0.000000000 0.375894911 0.624105089
T:/cccrrcrf: 0.000000000 0.246624699 0.753375301
T:/cccrrfcr: 0.000000000 0.830673849 0.169326151
T:/cccrrffr: 0.000000000 0.526259838 0.473740162
T:/cccrrfrc: 0.000000000 0.913973988 0.086026012
T:/cccrrfrf: 0.000000000 0.067923307 0.932076693
T:/cccrrrcc: 0.000000000 0.572685728 0.427314272
T:/cccrrrcf: 0.000000000 0.563516492 0.436483508
T:/cccrrrfc: 0.000000000 0.480321955 0.519678045
T:/cccrrrff: 0.000000000 0.359635371 0.640364629
T:/ccrc: 0.000000000 0.000000000 1.000000000
T:/ccrccrcc: 0.406622194 0.290388570 0.302989236
T:/ccrccrcf: 0.491690686 0.384933791 0.123375522
T:/ccrccrcr: 0.000000000 0.408285490 0.591714510
T:/ccrccrfc: 0.684762689 0.082366526 0.232870785
T:/ccrccrff: 0.780119871 0.000000000 0.219880129
T:/ccrccrfr: 0.000000000 0.000000000 1.000000000
T:/ccrccrrc: 0.000000000 0.115926817 0.884073183
T:/ccrccrrf: 0.000000000 0.058200433 0.941799567
T:/ccrcrccr: 0.000000000 0.000000000 1.000000000
T:/ccrcrcfr: 0.000000000 0.874243227 0.125756773
T:/ccrcrcrc: 0.000000000 0.078038508 0.921961492
T:/ccrcrcrf: 0.000000000 0.277331666 0.722668334
T:/ccrcrfcr: 0.000000000 0.064329598 0.935670402
T:/ccrcrffr: 0.000000000 0.405624822 0.594375178
T:/ccrcrfrc: 0.000000000 0.797188100 0.202811900
T:/ccrcrfrf: 0.000000000 0.478976761 0.521023239
T:/ccrcrrcc: 0.000000000 0.331918204 0.668081796
T:/ccrcrrcf: 0.000000000 0.165106174 0.834893826
T:/ccrcrrfc: 0.000000000 0.000000000 1.000000000
T:/ccrcrrff: 0.000000000 0.030324190 0.969675810
T:/ccrf: 0.000000000 0.000000000 1.000000000
T:/ccrfcrc: 0.373346343 0.262894999 0.363758657
T:/ccrfcrf: 0.755096991 0.146266435 0.098636573
T:/ccrfcrr: 0.000000000 0.508038588 0.491961412
T:/ccrfrcr: 0.000000000 0.329362915 0.670637085
T:/ccrfrfr: 0.000000000 0.792288725 0.207711275
T:/ccrfrrc: 0.000000000 0.681039930 0.318960070
T:/ccrfrrf: 0.000000000 0.117630217 0.882369783
T:/ccrr: 0.000000000 0.000000000 1.000000000
T:/ccrrccrc: 0.000000000 0.022944469 0.977055531
T:/ccrrccrf: 0.000000000 0.017998098 0.982001902
T:/ccrrcfrc: 0.000000000 0.608675928 0.391324072
T:/ccrrcfrf: 0.000000000 0.306071625 0.693928375
T:/ccrrcrcc: 0.000000000 0.000000000 1.000000000
T:/ccrrcrcf: 0.000000000 0.353723102 0.646276898
T:/ccrrcrfc: 0.000000000 0.000000000 1.000000000
T:/ccrrcrff: 0.000000000 0.000000000 1.000000000
T:/crcc: 0.308949114 0.000000000 0.691050886
T:/crccrccr: 0.000000000 0.777257103 0.222742897
T:/crccrcfr: 0.000000000 0.154301492 0.845698508
T:/crccrcrc: 0.000000000 0.904625568 0.095374432
T:/crccrcrf: 0.000000000 0.533897809 0.466102191
T:/crccrfcr: 0.000000000 0.810238498 0.189761502
T:/crccrffr: 0.000000000 0.851878845 0.148121155
T:/crccrfrc: 0.000000000 0.390556688 0.609443312
T:/crccrfrf: 0.000000000 0.437191833 0.562808167
T:/crccrrcc: 0.000000000 0.894914124 0.105085876
T:/crccrrcf: 0.000000000 0.635910295 0.364089705
T:/crccrrfc: 0.000000000 0.501239780 0.498760220
T:/crccrrff: 0.000000000 0.811247121 0.188752879
T:/crcf: 0.064653811 0.490552347 0.444793842
T:/crcfrcr: 0.000000000 0.471920920 0.528079080
T:/crcfrfr: 0.000000000 0.678009741 0.321990259
T:/crcfrrc: 0.000000000 0.874119300 0.125880700
T:/crcfrrf: 0.000000000 0.454894702 0.545105298
T:/crcr: 0.683616524 0.000000000 0.316383476
T:/crcrccrc: 0.000000000 0.361350372 0.638649628
T:/crcrccrf: 0.000000000 0.759385697 0.240614303
T:/crcrcfrc: 0.000000000 0.699645575 0.300354425
T:/crcrcfrf: 0.000000000 0.233156874 0.766843126
T:/crcrcrcc: 0.000000000 0.400625938 0.599374062
T:/crcrcrcf: 0.000000000 0.448405255 0.551594745
T:/crcrcrfc: 0.000000000 0.163203795 0.836796205
T:/crcrcrff: 0.000000000 0.186844780 0.813155220
T:/crfc: 0.000000000 0.000000000 1.000000000
T:/crfcrcr: 0.000000000 0.317462728 0.682537272
T:/crfcrfr: 0.000000000 0.440542859 0.559457141
T:/crfcrrc: 0.000000000 0.382987501 0.617012499
T:/crfcrrf: 0.000000000 0.188655568 0.811344432
T:/crff: 1.000000000 0.000000000 0.000000000
T:/crffrr: 0.000000000 0.595085944 0.404914056
T:/crfr: 1.000000000 0.000000000 0.000000000
T:/crfrcrc: 0.000000000 0.441166037 0.558833963
T:/crfrcrf: 0.000000000 0.000000000 1.000000000
T:/crrc: 0.000000000 0.441458158 0.558541842
T:/crrccrcc: 0.000000000 0.000000000 1.000000000
T:/crrccrcf: 0.000000000 0.388674545 0.611325455
T:/crrccrfc: 0.000000000 0.645689526 0.354310474
T:/crrccrff: 0.000000000 0.909747130 0.090252870
T:/crrf: 0.000000000 0.422294185 0.577705815
T:/crrfcrc: 0.000000000 0.260229533 0.739770467
T:/crrfcrf: 0.000000000 0.034394397 0.965605603
T:/crrr: 0.000000000 0.000000000 1.000000000
T:/rccr: 0.297017307 0.000000000 0.702982693
T:/rccrccrc: 0.000000000 0.539291892 0.460708108
T:/rccrccrf: 0.000000000 0.593229257 0.406770743
T:/rccrcfrc: 0.000000000 0.484852942 0.515147058
T:/rccrcfrf: 0.000000000 0.775180517 0.224819483
T:/rccrcrcc: 0.000000000 0.545325849 0.454674151
T:/rccrcrcf: 0.000000000 0.240327038 0.759672962
T:/rccrcrfc: 0.000000000 0.750917133 0.249082867
T:/rccrcrff: 0.000000000 0.623552456 0.376447544
T:/rcfr: 0.781131621 0.000000000 0.218868379
T:/rcfrcrc: 0.000000000 0.093208207 0.906791793
T:/rcfrcrf: 0.000000000 0.489289622 0.510710378
T:/rcrc: 0.000000000 0.452913950 0.547086050
T:/rcrccrcc: 0.000000000 0.388015579 0.611984421
T:/rcrccrcf: 0.000000000 0.240921353 0.759078647
T:/rcrccrfc: 0.000000000 0.236779946 0.763220054
T:/rcrccrff: 0.000000000 0.116869450 0.883130550
T:/rcrf: 0.000000000 0.366459842 0.633540158
T:/rcrfcrc: 0.000000000 0.491872970 0.508127030
T:/rcrfcrf: 0.000000000 0.300519363 0.699480637
T:/rcrr: 0.000000000 0.000000000 1.000000000
T:/rfcr: 1.000000000 0.000000000 0.000000000
T:/rfcrcrc: 0.000000000 0.499591117 0.500408883
T:/rfcrcrf: 0.000000000 0.421436853 0.578563147
T:/rffr: 1.000000000 0.000000000 0.000000000
T:/rfrc: 0.072859243 0.569317475 0.357823282
T:/rfrf: 0.292754918 0.002006689 0.705238394
T:/rfrr: 0.000000000 0.000000000 1.000000000
T:/rrcc: 0.000000000 0.091045108 0.908954892
T:/rrcf: 0.209961313 0.206849506 0.583189181
T:/rrcr: 0.000000000 0.000000000 1.000000000
T:/rrfc: 1.000000000 0.000000000 0.000000000
T:/rrff: 1.000000000 0.000000000 0.000000000
T:/rrfr: 0.000000000 0.000000000 1.000000000
T:/rrrc: 0.000000000 0.107686063 0.892313937
T:/rrrf: 0.000000000 0.595255513 0.404744487
