A:/cc: 1.000000000 0.000000000 0.000000000
A:/cccrcc: 0.852034128 0.147965872 0.000000000
A:/cccrccrccr: 0.000000000 0.717150499 0.282849501
A:/cccrccrcfr: 0.000000000 0.547588246 0.452411754
A:/cccrccrcrc: 0.000000000 0.555422099 0.444577901
A:/cccrccrcrf: 0.000000000 0.497673663 0.502326337
A:/cccrccrfcr: 0.000000000 0.028754185 0.971245815
A:/cccrccrffr: 0.000000000 0.992094121 0.007905879
A:/cccrccrfrc: 0.000000000 0.433200451 0.566799549
A:/cccrccrfrf: 0.000000000 0.847871420 0.152128580
A:/cccrccrrcc: 0.000000000 0.773899858 0.226100142
A:/cccrccrrcf: 0.000000000 1.000000000 0.000000000
A:/cccrccrrfc: 0.000000000 1.000000000 0.000000000
A:/cccrccrrff: 0.000000000 1.000000000 0.000000000
A:/cccrcf: 0.568692975 0.431307025 0.000000000
A:/cccrcfrcr: 0.000000000 0.133066556 0.866933444
A:/cccrcfrfr: 0.000000000 0.550881510 0.449118490
A:/cccrcfrrc: 0.000000000 1.000000000 0.000000000
A:/cccrcfrrf: 0.000000000 1.000000000 0.000000000
A:/cccrcr: 1.000000000 0.000000000 0.000000000
A:/cccrcrccrc: 0.000000000 1.000000000 0.000000000
A:/cccrcrccrf: 0.000000000 0.816472601 0.183527399
A:/cccrcrcfrc: 0.000000000 1.000000000 0.000000000
A:/cccrcrcfrf: 0.000000000 0.952343289 0.047656711
A:/cccrcrcrcc: 0.000000000 1.000000000 0.000000000
A:/cccrcrcrcf: 0.000000000 1.000000000 0.000000000
A:/cccrcrcrfc: 0.000000000 1.000000000 0.000000000
A:/cccrcrcrff: 0.000000000 1.000000000 0.000000000
A:/cccrfc: 1.000000000 0.000000000 0.000000000
A:/cccrfcrcr: 0.000000000 1.000000000 0.000000000
A:/cccrfcrfr: 0.000000000 1.000000000 0.000000000
A:/cccrfcrrc: 0.000000000 1.000000000 0.000000000
A:/cccrfcrrf: 0.000000000 1.000000000 0.000000000
A:/cccrff: 1.000000000 0.000000000 0.000000000
A:/cccrffrr: 0.000000000 1.000000000 0.000000000
A:/cccrfr: 1.000000000 0.000000000 0.000000000
A:/cccrfrcrc: 0.000000000 1.000000000 0.000000000
A:/cccrfrcrf: 0.000000000 1.000000000 0.000000000
A:/cccrrc: 0.968172296 0.031827704 0.000000000
A:/cccrrccrcc: 0.000000000 1.000000000 0.000000000
A:/cccrrccrcf: 0.000000000 0.582944008 0.417055992
A:/cccrrccrfc: 0.000000000 0.909876474 0.090123526
A:/cccrrccrff: 0.000000000 0.514782570 0.485217430
A:/cccrrf: 0.961831246 0.038168754 0.000000000
A:/cccrrfcrc: 0.000000000 0.953517737 0.046482263
A:/cccrrfcrf: 0.000000000 0.573704741 0.426295259
A:/cccrrr: 0.000000000 1.000000000 0.000000000
A:/ccrccr: 0.212179198 0.153296230 0.634524572
A:/ccrccrccrc: 0.000000000 0.233618615 0.766381385
A:/ccrccrccrf: 0.000000000 0.776220725 0.223779275
A:/ccrccrcfrc: 0.000000000 0.349140108 0.650859892
A:/ccrccrcfrf: 0.000000000 0.759468150 0.240531850
A:/ccrccrcrcc: 0.000000000 0.594412339 0.405587661
A:/ccrccrcrcf: 0.000000000 0.192690096 0.807309904
A:/ccrccrcrfc: 0.000000000 0.270211297 0.729788703
A:/ccrccrcrff: 0.000000000 0.629910468 0.370089532
A:/ccrcfr: 0.094425961 0.398108833 0.507465206
A:/ccrcfrcrc: 0.000000000 0.872253923 0.127746077
A:/ccrcfrcrf: 0.000000000 0.489128221 0.510871779
A:/ccrcrc: 0.606014843 0.044118442 0.349866714
A:/ccrcrccrcc: 0.000000000 0.593194692 0.406805308
A:/ccrcrccrcf: 0.000000000 0.197544134 0.802455866
A:/ccrcrccrfc: 0.000000000 0.738331063 0.261668937
A:/ccrcrccrff: 0.000000000 0.166109965 0.833890035
A:/ccrcrf: 0.217616662 0.500765561 0.281617777
A:/ccrcrfcrc: 0.000000000 0.290195855 0.709804145
A:/ccrcrfcrf: 0.000000000 0.744359143 0.255640857
A:/ccrcrr: 0.000000000 0.515479594 0.484520406
A:/ccrfcr: 0.169526010 0.432688234 0.397785756
A:/ccrfcrcrc: 0.000000000 0.642337407 0.357662593
A:/ccrfcrcrf: 0.000000000 0.475280070 0.524719930
A:/ccrffr: 0.474471948 0.309324400 0.216203652
A:/ccrfrc: 0.475258792 0.353752980 0.170988228
A:/ccrfrf: 0.339348005 0.344225787 0.316426207
A:/ccrfrr: 0.000000000 0.918220614 0.081779386
A:/ccrrcc: 0.459001371 0.097740027 0.443258602
A:/ccrrcf: 0.170259128 0.460182064 0.369558809
A:/ccrrcr: 0.000000000 1.000000000 0.000000000
A:/ccrrfc: 1.000000000 0.000000000 0.000000000
A:/ccrrff: 0.406887223 0.209817586 0.383295191
A:/ccrrfr: 0.000000000 1.000000000 0.000000000
A:/ccrrrc: 0.000000000 0.033709046 0.966290954
A:/ccrrrf: 0.000000000 0.405974225 0.594025775
A:/cr: 1.000000000 0.000000000 0.000000000
A:/crccrc: 1.000000000 0.000000000 0.000000000
A:/crccrccrcc: 0.000000000 1.000000000 0.000000000
A:/crccrccrcf: 0.000000000 0.895552189 0.104447811
A:/crccrccrfc: 0.000000000 1.000000000 0.000000000
A:/crccrccrff: 0.000000000 0.678589195 0.321410805
A:/crccrf: 0.630198784 0.369801216 0.000000000
A:/crccrfcrc: 0.000000000 1.000000000 0.000000000
A:/crccrfcrf: 0.000000000 1.000000000 0.000000000
A:/crccrr: 0.000000000 1.000000000 0.000000000
A:/crcfrc: 0.535868686 0.464131314 0.000000000
A:/crcfrf: 0.134410458 0.525645693 0.339943849
A:/crcfrr: 0.000000000 1.000000000 0.000000000
A:/crcrcc: 0.381709929 0.198099599 0.420190472
A:/crcrcf: 0.201935762 0.312582977 0.485481261
A:/crcrcr: 0.000000000 0.893541335 0.106458665
A:/crcrfc: 0.780944605 0.219055395 0.000000000
A:/crcrff: 0.481926159 0.518073841 0.000000000
A:/crcrfr: 0.000000000 1.000000000 0.000000000
A:/crcrrc: 0.000000000 1.000000000 0.000000000
A:/crcrrf: 0.000000000 1.000000000 0.000000000
A:/crrccr: 0.000000000 1.000000000 0.000000000
A:/crrcfr: 0.000000000 1.000000000 0.000000000
A:/crrcrc: 0.000000000 0.590186783 0.409813217
A:/crrcrf: 0.000000000 0.257478636 0.742521364
A:/crrfcr: 0.000000000 0.821416433 0.178583567
A:/crrffr: 0.000000000 0.916859827 0.083140173
A:/crrfrc: 0.000000000 0.263979973 0.736020027
A:/crrfrf: 0.000000000 0.656520462 0.343479538
A:/crrrcc: 0.000000000 1.000000000 0.000000000
A:/crrrcf: 0.000000000 0.794360156 0.205639844
A:/crrrfc: 0.000000000 1.000000000 0.000000000
A:/crrrff: 0.000000000 1.000000000 0.000000000
A:/rc: 0.332829486 0.667170514 0.000000000
A:/rccrcc: 0.450643688 0.358103122 0.191253190
A:/rccrcf: 0.325519618 0.320795294 0.353685088
A:/rccrcr: 0.000000000 0.267760148 0.732239852
A:/rccrfc: 0.478098104 0.225843785 0.296058110
A:/rccrff: 0.208038259 0.362181356 0.429780386
A:/rccrfr: 0.000000000 0.485496250 0.514503750
A:/rccrrc: 0.000000000 0.614156317 0.385843683
A:/rccrrf: 0.000000000 0.389427594 0.610572406
A:/rcrccr: 0.000000000 0.738583842 0.261416158
A:/rcrcfr: 0.000000000 0.658081689 0.341918311
A:/rcrcrc: 0.000000000 0.276237161 0.723762839
A:/rcrcrf: 0.000000000 0.578013278 0.421986722
A:/rcrfcr: 0.000000000 0.458339075 0.541660925
A:/rcrffr: 0.000000000 0.445835468 0.554164532
A:/rcrfrc: 0.000000000 0.505314055 0.494685945
A:/rcrfrf: 0.000000000 0.355822263 0.644177737
A:/rcrrcc: 0.000000000 0.213563423 0.786436577
A:/rcrrcf: 0.000000000 0.693802664 0.306197336
A:/rcrrfc: 0.000000000 0.557186724 0.442813276
A:/rcrrff: 0.000000000 0.237143816 0.762856184
A:/rf: 0.250653886 0.749346114 0.000000000
A:/rfcrc: 0.442765600 0.557234400 0.000000000
A:/rfcrf: 0.458819526 0.472606934 0.068573540
A:/rfcrr: 0.000000000 0.768671634 0.231328366
A:/rfrcr: 0.000000000 0.272610363 0.727389637
A:/rfrfr: 0.000000000 0.020154161 0.979845839
A:/rfrrc: 0.000000000 0.793726105 0.206273895
A:/rfrrf: 0.000000000 0.985059994 0.014940006
A:/rr: 0.509353978 0.490646022 0.000000000
A:/rrccrc: 0.000000000 0.316396941 0.683603059
A:/rrccrf: 0.000000000 0.724298932 0.275701068
A:/rrcfrc: 0.000000000 0.452396906 0.547603094
A:/rrcfrf: 0.000000000 0.472297003 0.527702997
A:/rrcrcc: 0.000000000 0.577973989 0.422026011
A:/rrcrcf: 0.000000000 0.783877682 0.216122318
A:/rrcrfc: 0.000000000 0.606910900 0.393089100
A:/rrcrff: 0.000000000 0.998264116 0.001735884
J:/cc: 1.000000000 0.000000000 0.000000000
J:/cccrcc: 0.000000000 0.286422606 0.713577394
J:/cccrccrccr: 0.000000000 0.833693147 0.166306853
J:/cccrccrcfr: 0.000000000 0.294000350 0.705999650
J:/cccrccrcrc: 0.000000000 0.522073903 0.477926097
J:/cccrccrcrf: 0.000000000 0.452041225 0.547958775
J:/cccrccrfcr: 0.000000000 0.497799896 0.502200104
J:/cccrccrffr: 0.000000000 0.203151348 0.796848652
J:/cccrccrfrc: 0.000000000 0.431660231 0.568339769
J:/cccrccrfrf: 0.000000000 0.767415481 0.232584519
J:/cccrccrrcc: 0.000000000 0.707621741 0.292378259
J:/cccrccrrcf: 0.000000000 0.744008955 0.255991045
J:/cccrccrrfc: 0.000000000 0.644366079 0.355633921
J:/cccrccrrff: 0.000000000 0.661926437 0.338073563
J:/cccrcf: 0.000000000 0.452890998 0.547109002
J:/cccrcfrcr: 0.000000000 0.471791126 0.528208874
J:/cccrcfrfr: 0.000000000 0.442302221 0.557697779
J:/cccrcfrrc: 0.000000000 0.632308123 0.367691877
J:/cccrcfrrf: 0.000000000 0.792337868 0.207662132
J:/cccrcr: 0.358354851 0.253235751 0.388409398
J:/cccrcrccrc: 0.000000000 0.418994007 0.581005993
J:/cccrcrccrf: 0.000000000 0.416789928 0.583210072
J:/cccrcrcfrc: 0.000000000 0.451839860 0.548160140
J:/cccrcrcfrf: 0.000000000 0.961507479 0.038492521
J:/cccrcrcrcc: 0.000000000 0.271331443 0.728668557
J:/cccrcrcrcf: 0.000000000 0.547508349 0.452491651
J:/cccrcrcrfc: 0.000000000 0.167519633 0.832480367
J:/cccrcrcrff: 0.000000000 1.000000000 0.000000000
J:/cccrfc: 0.000000000 0.000000000 1.000000000
J:/cccrfcrcr: 0.000000000 0.279913614 0.720086386
J:/cccrfcrfr: 0.000000000 0.354602850 0.645397150
J:/cccrfcrrc: 0.000000000 0.749262194 0.250737806
J:/cccrfcrrf: 0.000000000 0.845255512 0.154744488
J:/cccrff: 0.031541358 0.380590574 0.587868068
J:/cccrffrr: 0.000000000 0.684016826 0.315983174
J:/cccrfr: 0.115369530 0.000000000 0.884630470
J:/cccrfrcrc: 0.000000000 0.000000000 1.000000000
J:/cccrfrcrf: 0.000000000 0.532128407 0.467871593
J:/cccrrc: 0.000000000 0.026131838 0.973868162
J:/cccrrccrcc: 0.000000000 0.461979785 0.538020215
J:/cccrrccrcf: 0.000000000 0.565263681 0.434736319
J:/cccrrccrfc: 0.000000000 0.292133985 0.707866015
J:/cccrrccrff: 0.000000000 0.272345899 0.727654101
J:/cccrrf: 0.000000000 0.519419968 0.480580032
J:/cccrrfcrc: 0.000000000 0.658891375 0.341108625
J:/cccrrfcrf: 0.000000000 0.363375730 0.636624270
J:/cccrrr: 0.000000000 0.000000000 1.000000000
J:/ccrccr: 0.000000000 0.000000000 1.000000000
J:/ccrccrccrc: 0.000000000 0.450762148 0.549237852
J:/ccrccrccrf: 0.000000000 0.606996261 0.393003739
J:/ccrccrcfrc: 0.000000000 0.424773109 0.575226891
J:/ccrccrcfrf: 0.000000000 0.386609756 0.613390244
J:/ccrccrcrcc: 0.000000000 0.516463277 0.483536723
J:/ccrccrcrcf: 0.000000000 0.469891981 0.530108019
J:/ccrccrcrfc: 0.000000000 0.453455951 0.546544049
J:/ccrccrcrff: 0.000000000 0.610582858 0.389417142
J:/ccrcfr: 0.878485126 0.000000000 0.121514874
J:/ccrcfrcrc: 0.000000000 0.157877869 0.842122131
J:/ccrcfrcrf: 0.000000000 0.868112889 0.131887111
J:/ccrcrc: 0.281230365 0.061251425 0.657518210
J:/ccrcrccrcc: 0.000000000 0.708999210 0.291000790
J:/ccrcrccrcf: 0.000000000 0.107751479 0.892248521
J:/ccrcrccrfc: 0.000000000 0.565462758 0.434537242
J:/ccrcrccrff: 0.000000000 0.244694093 0.755305907
J:/ccrcrf: 0.375346788 0.600058586 0.024594626
J:/ccrcrfcrc: 0.000000000 0.811335456 0.188664544
J:/ccrcrfcrf: 0.000000000 0.453144199 0.546855801
J:/ccrcrr: 0.000000000 0.475821705 0.524178295
J:/ccrfcr: 0.261316277 0.280315915 0.458367808
J:/ccrfcrcrc: 0.000000000 0.059232205 0.940767795
J:/ccrfcrcrf: 0.000000000 0.541055489 0.458944511
J:/ccrffr: 0.574800549 0.181371144 0.243828307
J:/ccrfrc: 0.437825864 0.467797869 0.094376267
J:/ccrfrf: 0.407370476 0.434671200 0.157958324
J:/ccrfrr: 0.000000000 0.127580395 0.872419605
J:/ccrrcc: 1.000000000 0.000000000 0.000000000
J:/ccrrcf: 0.000000000 0.417220160 0.582779840
J:/ccrrcr: 0.000000000 0.000000000 1.000000000
J:/ccrrfc: 1.000000000 0.000000000 0.000000000
J:/ccrrff: 1.000000000 0.000000000 0.000000000
J:/ccrrfr: 0.000000000 0.000000000 1.000000000
J:/ccrrrc: 0.000000000 0.476875015 0.523124985
J:/ccrrrf: 0.000000000 0.453572725 0.546427275
J:/cr: 0.000000000 0.000000000 1.000000000
J:/crccrc: 0.296525230 0.601483017 0.101991753
J:/crccrccrcc: 0.000000000 0.457948770 0.542051230
J:/crccrccrcf: 0.000000000 0.523751291 0.476248709
J:/crccrccrfc: 0.000000000 0.723831017 0.276168983
J:/crccrccrff: 0.000000000 0.329327398 0.670672602
J:/crccrf: 0.792097691 0.207902309 0.000000000
J:/crccrfcrc: 0.000000000 0.177575071 0.822424929
J:/crccrfcrf: 0.000000000 0.716254064 0.283745936
J:/crccrr: 0.000000000 0.733273044 0.266726956
J:/crcfrc: 0.584477316 0.365380472 0.050142213
J:/crcfrf: 0.049144266 0.546232425 0.404623309
J:/crcfrr: 0.000000000 0.915462746 0.084537254
J:/crcrcc: 0.000000000 0.668683768 0.331316232
J:/crcrcf: 0.267540567 0.509294338 0.223165095
J:/crcrcr: 0.000000000 0.734588836 0.265411164
J:/crcrfc: 0.540262395 0.372620406 0.087117199
J:/crcrff: 0.390332487 0.571155204 0.038512308
J:/crcrfr: 0.000000000 0.046200388 0.953799612
J:/crcrrc: 0.000000000 0.075463943 0.924536057
J:/crcrrf: 0.000000000 0.000000000 1.000000000
J:/crrccr: 0.000000000 0.000000000 1.000000000
J:/crrcfr: 0.000000000 1.000000000 0.000000000
J:/crrcrc: 0.000000000 0.202472586 0.797527414
J:/crrcrf: 0.000000000 0.725965328 0.274034672
J:/crrfcr: 0.000000000 0.138102034 0.861897966
J:/crrffr: 0.000000000 0.371519724 0.628480276
J:/crrfrc: 0.000000000 0.074017458 0.925982542
J:/crrfrf: 0.000000000 0.430329245 0.569670755
J:/crrrcc: 0.000000000 0.395667788 0.604332212
J:/crrrcf: 0.000000000 0.029266846 0.970733154
J:/crrrfc: 0.000000000 0.000000000 1.000000000
J:/crrrff: 0.000000000 1.000000000 0.000000000
J:/rc: 0.191841969 0.244519949 0.563638082
J:/rccrcc: 0.105005076 0.440800148 0.454194776
J:/rccrcf: 0.476278957 0.059323465 0.464397578
J:/rccrcr: 0.000000000 0.331674623 0.668325377
J:/rccrfc: 0.485595418 0.459858837 0.054545745
J:/rccrff: 0.202365491 0.169591309 0.628043201
J:/rccrfr: 0.000000000 0.339984225 0.660015775
J:/rccrrc: 0.000000000 0.522377908 0.477622092
J:/rccrrf: 0.000000000 0.778032097 0.221967903
J:/rcrccr: 0.000000000 0.628020461 0.371979539
J:/rcrcfr: 0.000000000 0.401697060 0.598302940
J:/rcrcrc: 0.000000000 0.506364400 0.493635600
J:/rcrcrf: 0.000000000 0.437084139 0.562915861
J:/rcrfcr: 0.000000000 0.882792693 0.117207307
J:/rcrffr: 0.000000000 0.504345996 0.495654004
J:/rcrfrc: 0.000000000 0.689417497 0.310582503
J:/rcrfrf: 0.000000000 0.305190292 0.694809708
J:/rcrrcc: 0.000000000 0.738962464 0.261037536
J:/rcrrcf: 0.000000000 0.580418786 0.419581214
J:/rcrrfc: 0.000000000 0.520256508 0.479743492
J:/rcrrff: 0.000000000 0.229383882 0.770616118
J:/rf: 0.074930270 0.526307566 0.398762164
J:/rfcrc: 0.425644576 0.304544971 0.269810454
J:/rfcrf: 0.356163397 0.356836596 0.287000008
J:/rfcrr: 0.000000000 0.455532359 0.544467641
J:/rfrcr: 0.000000000 0.270911922 0.729088078
J:/rfrfr: 0.000000000 0.346334106 0.653665894
J:/rfrrc: 0.000000000 0.577573569 0.422426431
J:/rfrrf: 0.000000000 0.454977676 0.545022324
J:/rr: 0.177180969 0.149540532 0.673278499
J:/rrccrc: 0.000000000 0.024953083 0.975046917
J:/rrccrf: 0.000000000 0.896125705 0.103874295
J:/rrcfrc: 0.000000000 0.463658952 0.536341048
J:/rrcfrf: 0.000000000 0.413145243 0.586854757
J:/rrcrcc: 0.000000000 0.463727924 0.536272076
J:/rrcrcf: 0.000000000 0.998041106 0.001958894
J:/rrcrfc: 0.000000000 0.724522939 0.275477061
J:/rrcrff: 0.000000000 0.613427083 0.386572917
K:/cc: 1.000000000 0.000000000 0.000000000
K:/cccrcc: 0.578098701 0.421901299 0.000000000
K:/cccrccrccr: 0.000000000 0.678772518 0.321227482
K:/cccrccrcfr: 0.000000000 0.560748055 0.439251945
K:/cccrccrcrc: 0.000000000 0.532947858 0.467052142
K:/cccrccrcrf: 0.000000000 0.106815826 0.893184174
K:/cccrccrfcr: 0.000000000 0.679879963 0.320120037
K:/cccrccrffr: 0.000000000 0.741286305 0.258713695
K:/cccrccrfrc: 0.000000000 0.082095778 0.917904222
K:/cccrccrfrf: 0.000000000 0.745572237 0.254427763
K:/cccrccrrcc: 0.000000000 0.901818498 0.098181502
K:/cccrccrrcf: 0.000000000 0.553347487 0.446652513
K:/cccrccrrfc: 0.000000000 1.000000000 0.000000000
K:/cccrccrrff: 0.000000000 1.000000000 0.000000000
K:/cccrcf: 0.804891173 0.195108827 0.000000000
K:/cccrcfrcr: 0.000000000 0.778452444 0.221547556
K:/cccrcfrfr: 0.000000000 0.881300752 0.118699248
K:/cccrcfrrc: 0.000000000 1.000000000 0.000000000
K:/cccrcfrrf: 0.000000000 1.000000000 0.000000000
K:/cccrcr: 1.000000000 0.000000000 0.000000000
K:/cccrcrccrc: 0.000000000 0.721694649 0.278305351
K:/cccrcrccrf: 0.000000000 0.468598043 0.531401957
K:/cccrcrcfrc: 0.000000000 0.408657338 0.591342662
K:/cccrcrcfrf: 0.000000000 0.497268611 0.502731389
K:/cccrcrcrcc: 0.000000000 0.606516533 0.393483467
K:/cccrcrcrcf: 0.000000000 1.000000000 0.000000000
K:/cccrcrcrfc: 0.000000000 1.000000000 0.000000000
K:/cccrcrcrff: 0.000000000 1.000000000 0.000000000
K:/cccrfc: 1.000000000 0.000000000 0.000000000
K:/cccrfcrcr: 0.000000000 0.948502987 0.051497013
K:/cccrfcrfr: 0.000000000 1.000000000 0.000000000
K:/cccrfcrrc: 0.000000000 1.000000000 0.000000000
K:/cccrfcrrf: 0.000000000 1.000000000 0.000000000
K:/cccrff: 1.000000000 0.000000000 0.000000000
K:/cccrffrr: 0.000000000 1.000000000 0.000000000
K:/cccrfr: 1.000000000 0.000000000 0.000000000
K:/cccrfrcrc: 0.000000000 0.978324498 0.021675502
K:/cccrfrcrf: 0.000000000 1.000000000 0.000000000
K:/cccrrc: 0.907809768 0.000000000 0.092190232
K:/cccrrccrcc: 0.000000000 0.253948138 0.746051862
K:/cccrrccrcf: 0.000000000 0.649267835 0.350732165
K:/cccrrccrfc: 0.000000000 0.221843156 0.778156844
K:/cccrrccrff: 0.000000000 0.897622163 0.102377837
K:/cccrrf: 0.569634078 0.430365922 0.000000000
K:/cccrrfcrc: 0.000000000 0.623157088 0.376842912
K:/cccrrfcrf: 0.000000000 1.000000000 0.000000000
K:/cccrrr: 0.000000000 1.000000000 0.000000000
K:/ccrccr: 0.683555381 0.037026880 0.279417739
K:/ccrccrccrc: 0.000000000 0.226605281 0.773394719
K:/ccrccrccrf: 0.000000000 0.891019769 0.108980231
K:/ccrccrcfrc: 0.000000000 0.533549779 0.466450221
K:/ccrccrcfrf: 0.000000000 0.421005068 0.578994932
K:/ccrccrcrcc: 0.000000000 0.198240715 0.801759285
K:/ccrccrcrcf: 0.000000000 0.211737653 0.788262347
K:/ccrccrcrfc: 0.000000000 0.375910175 0.624089825
K:/ccrccrcrff: 0.000000000 0.366219771 0.633780229
K:/ccrcfr: 1.000000000 0.000000000 0.000000000
K:/ccrcfrcrc: 0.000000000 0.555836225 0.444163775
K:/ccrcfrcrf: 0.000000000 0.999944444 0.000055556
K:/ccrcrc: 0.050970573 0.498294211 0.450735216
K:/ccrcrccrcc: 0.000000000 0.966622480 0.033377520
K:/ccrcrccrcf: 0.000000000 0.079442994 0.920557006
K:/ccrcrccrfc: 0.000000000 0.508954427 0.491045573
K:/ccrcrccrff: 0.000000000 0.922103609 0.077896391
K:/ccrcrf: 0.596988322 0.225176678 0.177835000
K:/ccrcrfcrc: 0.000000000 0.234082983 0.765917017
K:/ccrcrfcrf: 0.000000000 0.304667543 0.695332457
K:/ccrcrr: 0.000000000 0.521605336 0.478394664
K:/ccrfcr: 0.386263220 0.424019135 0.189717644
K:/ccrfcrcrc: 0.000000000 0.529057164 0.470942836
K:/ccrfcrcrf: 0.000000000 0.379405812 0.620594188
K:/ccrffr: 0.736612612 0.263387388 0.000000000
K:/ccrfrc: 0.521173977 0.234604082 0.244221940
K:/ccrfrf: 0.050222935 0.795465628 0.154311437
K:/ccrfrr: 0.000000000 1.000000000 0.000000000
K:/ccrrcc: 0.311462272 0.300743407 0.387794321
K:/ccrrcf: 0.392348327 0.572938883 0.034712790
K:/ccrrcr: 0.000000000 0.680219540 0.319780460
K:/ccrrfc: 1.000000000 0.000000000 0.000000000
K:/ccrrff: 1.000000000 0.000000000 0.000000000
K:/ccrrfr: 0.000000000 0.000000000 1.000000000
K:/ccrrrc: 0.000000000 0.478502132 0.521497868
K:/ccrrrf: 0.000000000 0.706026638 0.293973362
K:/cr: 1.000000000 0.000000000 0.000000000
K:/crccrc: 1.000000000 0.000000000 0.000000000
K:/crccrccrcc: 0.000000000 0.580625710 0.419374290
K:/crccrccrcf: 0.000000000 1.000000000 0.000000000
K:/crccrccrfc: 0.000000000 0.175423827 0.824576173
K:/crccrccrff: 0.000000000 0.263594762 0.736405238
K:/crccrf: 1.000000000 0.000000000 0.000000000
K:/crccrfcrc: 0.000000000 0.654776212 0.345223788
K:/crccrfcrf: 0.000000000 0.625468419 0.374531581
K:/crccrr: 0.000000000 1.000000000 0.000000000
K:/crcfrc: 0.446025584 0.378197678 0.175776739
K:/crcfrf: 0.014736827 0.863317965 0.121945208
K:/crcfrr: 0.000000000 1.000000000 0.000000000
K:/crcrcc: 0.593986798 0.000000000 0.406013202
K:/crcrcf: 0.496251984 0.503748016 0.000000000
K:/crcrcr: 0.000000000 1.000000000 0.000000000
K:/crcrfc: 0.869670993 0.130329007 0.000000000
K:/crcrff: 0.534810367 0.442730318 0.022459315
K:/crcrfr: 0.000000000 1.000000000 0.000000000
K:/crcrrc: 0.000000000 1.000000000 0.000000000
K:/crcrrf: 0.000000000 1.000000000 0.000000000
K:/crrccr: 0.000000000 1.000000000 0.000000000
K:/crrcfr: 0.000000000 1.000000000 0.000000000
K:/crrcrc: 0.000000000 0.278333832 0.721666168
K:/crrcrf: 0.000000000 0.768852005 0.231147995
K:/crrfcr: 0.000000000 0.880205000 0.119795000
K:/crrffr: 0.000000000 0.480254284 0.519745716
K:/crrfrc: 0.000000000 0.354558147 0.645441853
K:/crrfrf: 0.000000000 0.787449332 0.212550668
K:/crrrcc: 0.000000000 0.595189872 0.404810128
K:/crrrcf: 0.000000000 0.123081604 0.876918396
K:/crrrfc: 0.000000000 1.000000000 0.000000000
K:/crrrff: 0.000000000 1.000000000 0.000000000
K:/rc: 0.291366671 0.126949461 0.581683868
K:/rccrcc: 0.232102980 0.460035665 0.307861355
K:/rccrcf: 0.446321809 0.138601963 0.415076227
K:/rccrcr: 0.000000000 0.805829202 0.194170798
K:/rccrfc: 0.475526642 0.126268104 0.398205255
K:/rccrff: 0.062494760 0.112808479 0.824696761
K:/rccrfr: 0.000000000 0.686181827 0.313818173
K:/rccrrc: 0.000000000 0.498758132 0.501241868
K:/rccrrf: 0.000000000 0.061696300 0.938303700
K:/rcrccr: 0.000000000 0.676399907 0.323600093
K:/rcrcfr: 0.000000000 0.625166427 0.374833573
K:/rcrcrc: 0.000000000 0.852260209 0.147739791
K:/rcrcrf: 0.000000000 0.509032588 0.490967412
K:/rcrfcr: 0.000000000 0.949004657 0.050995343
K:/rcrffr: 0.000000000 0.607331438 0.392668562
K:/rcrfrc: 0.000000000 0.309997245 0.690002755
K:/rcrfrf: 0.000000000 0.390329463 0.609670537
K:/rcrrcc: 0.000000000 0.628243152 0.371756848
K:/rcrrcf: 0.000000000 0.431132906 0.568867094
K:/rcrrfc: 0.000000000 0.201829850 0.798170150
K:/rcrrff: 0.000000000 0.847301053 0.152698947
K:/rf: 0.001957466 0.595294834 0.402747700
K:/rfcrc: 0.177154848 0.404114290 0.418730862
K:/rfcrf: 0.546864462 0.072284743 0.380850795
K:/rfcrr: 0.000000000 0.475278730 0.524721270
K:/rfrcr: 0.000000000 0.540262934 0.459737066
K:/rfrfr: 0.000000000 0.176900891 0.823099109
K:/rfrrc: 0.000000000 0.604375380 0.395624620
K:/rfrrf: 0.000000000 0.538095077 0.461904923
K:/rr: 0.000731982 0.400611043 0.598656975
K:/rrccrc: 0.000000000 0.616670252 0.383329748
K:/rrccrf: 0.000000000 0.173145197 0.826854803
K:/rrcfrc: 0.000000000 0.653842440 0.346157560
K:/rrcfrf: 0.000000000 0.549931210 0.450068790
K:/rrcrcc: 0.000000000 0.547688651 0.452311349
K:/rrcrcf: 0.000000000 0.680891437 0.319108563
K:/rrcrfc: 0.000000000 0.496276024 0.503723976
K:/rrcrff: 0.000000000 0.371869364 0.628130636
Q:/cc: 1.000000000 0.000000000 0.000000000
Q:/cccrcc: 0.000000000 0.000000000 1.000000000
Q:/cccrccrccr: 0.000000000 0.124650949 0.875349051
Q:/cccrccrcfr: 0.000000000 0.162528987 0.837471013
Q:/cccrccrcrc: 0.000000000 0.444251870 0.555748130
Q:/cccrccrcrf: 0.000000000 0.808386603 0.191613397
Q:/cccrccrfcr: 0.000000000 0.179801339 0.820198661
Q:/cccrccrffr: 0.000000000 0.035959870 0.964040130
Q:/cccrccrfrc: 0.000000000 0.862937892 0.137062108
Q:/cccrccrfrf: 0.000000000 0.446540080 0.553459920
Q:/cccrccrrcc: 0.000000000 0.321168996 0.678831004
Q:/cccrccrrcf: 0.000000000 0.600048890 0.399951110
Q:/cccrccrrfc: 0.000000000 0.622603169 0.377396831
Q:/cccrccrrff: 0.000000000 0.679011399 0.320988601
Q:/cccrcf: 0.705879190 0.034849192 0.259271618
Q:/cccrcfrcr: 0.000000000 0.693032844 0.306967156
Q:/cccrcfrfr: 0.000000000 0.234269780 0.765730220
Q:/cccrcfrrc: 0.000000000 0.439948709 0.560051291
Q:/cccrcfrrf: 0.000000000 0.990122840 0.009877160
Q:/cccrcr: 1.000000000 0.000000000 0.000000000
Q:/cccrcrccrc: 0.000000000 0.621874546 0.378125454
Q:/cccrcrccrf: 0.000000000 1.000000000 0.000000000
Q:/cccrcrcfrc: 0.000000000 0.609824067 0.390175933
Q:/cccrcrcfrf: 0.000000000 0.545172927 0.454827073
Q:/cccrcrcrcc: 0.000000000 0.180436298 0.819563702
Q:/cccrcrcrcf: 0.000000000 1.000000000 0.000000000
Q:/cccrcrcrfc: 0.000000000 0.716221163 0.283778837
Q:/cccrcrcrff: 0.000000000 1.000000000 0.000000000
Q:/cccrfc: 1.000000000 0.000000000 0.000000000
Q:/cccrfcrcr: 0.000000000 0.354592788 0.645407212
Q:/cccrfcrfr: 0.000000000 0.810125813 0.189874187
Q:/cccrfcrrc: 0.000000000 0.153819930 0.846180070
Q:/cccrfcrrf: 0.000000000 1.000000000 0.000000000
Q:/cccrff: 0.486929470 0.513070530 0.000000000
Q:/cccrffrr: 0.000000000 1.000000000 0.000000000
Q:/cccrfr: 1.000000000 0.000000000 0.000000000
Q:/cccrfrcrc: 0.000000000 0.628863609 0.371136391
Q:/cccrfrcrf: 0.000000000 1.000000000 0.000000000
Q:/cccrrc: 0.498214782 0.085623570 0.416161647
Q:/cccrrccrcc: 0.000000000 0.596866465 0.403133535
Q:/cccrrccrcf: 0.000000000 0.326901160 0.673098840
Q:/cccrrccrfc: 0.000000000 0.423124407 0.576875593
Q:/cccrrccrff: 0.000000000 1.000000000 0.000000000
Q:/cccrrf: 0.528972845 0.471027155 0.000000000
Q:/cccrrfcrc: 0.000000000 0.312260303 0.687739697
Q:/cccrrfcrf: 0.000000000 0.366936924 0.633063076
Q:/cccrrr: 0.000000000 0.000000000 1.000000000
Q:/ccrccr: 0.472871437 0.000000000 0.527128563
Q:/ccrccrccrc: 0.000000000 0.000000000 1.000000000
Q:/ccrccrccrf: 0.000000000 0.107921000 0.892079000
Q:/ccrccrcfrc: 0.000000000 0.598088201 0.401911799
Q:/ccrccrcfrf: 0.000000000 0.358178115 0.641821885
Q:/ccrccrcrcc: 0.000000000 0.544050549 0.455949451
Q:/ccrccrcrcf: 0.000000000 0.993025622 0.006974378
Q:/ccrccrcrfc: 0.000000000 0.457159175 0.542840825
Q:/ccrccrcrff: 0.000000000 0.980768530 0.019231470
Q:/ccrcfr: 1.000000000 0.000000000 0.000000000
Q:/ccrcfrcrc: 0.000000000 0.205587063 0.794412937
Q:/ccrcfrcrf: 0.000000000 0.999962963 0.000037037
Q:/ccrcrc: 0.307851107 0.290948005 0.401200888
Q:/ccrcrccrcc: 0.000000000 0.710875414 0.289124586
Q:/ccrcrccrcf: 0.000000000 0.569911912 0.430088088
Q:/ccrcrccrfc: 0.000000000 0.506811861 0.493188139
Q:/ccrcrccrff: 0.000000000 0.784371942 0.215628058
Q:/ccrcrf: 0.377226816 0.285373554 0.337399631
Q:/ccrcrfcrc: 0.000000000 0.616085061 0.383914939
Q:/ccrcrfcrf: 0.000000000 0.419238042 0.580761958
Q:/ccrcrr: 0.000000000 0.359955036 0.640044964
Q:/ccrfcr: 0.373128410 0.244694310 0.382177280
Q:/ccrfcrcrc: 0.000000000 0.327297277 0.672702723
Q:/ccrfcrcrf: 0.000000000 0.495482486 0.504517514
Q:/ccrffr: 0.680627311 0.319372689 0.000000000
Q:/ccrfrc: 0.513988799 0.183527032 0.302484169
Q:/ccrfrf: 0.542399647 0.359298255 0.098302098
Q:/ccrfrr: 0.000000000 0.370111830 0.629888170
Q:/ccrrcc: 1.000000000 0.000000000 0.000000000
Q:/ccrrcf: 0.607099089 0.000000000 0.392900911
Q:/ccrrcr: 0.000000000 0.011620213 0.988379787
Q:/ccrrfc: 1.000000000 0.000000000 0.000000000
Q:/ccrrff: 1.000000000 0.000000000 0.000000000
Q:/ccrrfr: 0.000000000 0.000000000 1.000000000
Q:/ccrrrc: 0.000000000 0.535253613 0.464746387
Q:/ccrrrf: 0.000000000 0.603815255 0.396184745
Q:/cr: 0.000000000 0.000000000 1.000000000
Q:/crccrc: 0.758808445 0.155592353 0.085599202
Q:/crccrccrcc: 0.000000000 0.426453903 0.573546097
Q:/crccrccrcf: 0.000000000 0.622744940 0.377255060
Q:/crccrccrfc: 0.000000000 0.307325021 0.692674979
Q:/crccrccrff: 0.000000000 0.190305858 0.809694142
Q:/crccrf: 0.700167184 0.299832816 0.000000000
Q:/crccrfcrc: 0.000000000 0.555848538 0.444151462
Q:/crccrfcrf: 0.000000000 1.000000000 0.000000000
Q:/crccrr: 0.000000000 1.000000000 0.000000000
Q:/crcfrc: 0.563302678 0.147026685 0.289670636
Q:/crcfrf: 0.657463188 0.125583000 0.216953811
Q:/crcfrr: 0.000000000 0.540183510 0.459816490
Q:/crcrcc: 0.000000000 0.225567794 0.774432206
Q:/crcrcf: 0.110188026 0.527265633 0.362546341
Q:/crcrcr: 0.000000000 0.758047091 0.241952909
Q:/crcrfc: 0.397053983 0.000000000 0.602946017
Q:/crcrff: 0.580598138 0.125604191 0.293797671
Q:/crcrfr: 0.000000000 0.846360458 0.153639542
Q:/crcrrc: 0.000000000 0.477950537 0.522049463
Q:/crcrrf: 0.000000000 0.476561470 0.523438530
Q:/crrccr: 0.000000000 1.000000000 0.000000000
Q:/crrcfr: 0.000000000 1.000000000 0.000000000
Q:/crrcrc: 0.000000000 0.600095535 0.399904465
Q:/crrcrf: 0.000000000 0.352587230 0.647412770
Q:/crrfcr: 0.000000000 0.877959696 0.122040304
Q:/crrffr: 0.000000000 0.963037279 0.036962721
Q:/crrfrc: 0.000000000 0.293141115 0.706858885
Q:/crrfrf: 0.000000000 0.435174326 0.564825674
Q:/crrrcc: 0.000000000 0.699878900 0.300121100
Q:/crrrcf: 0.000000000 0.164637734 0.835362266
Q:/crrrfc: 0.000000000 1.000000000 0.000000000
Q:/crrrff: 0.000000000 1.000000000 0.000000000
Q:/rc: 0.312331921 0.325669851 0.361998228
Q:/rccrcc: 0.307114964 0.494892770 0.197992267
Q:/rccrcf: 0.374375248 0.195955577 0.429669174
Q:/rccrcr: 0.000000000 0.915592850 0.084407150
Q:/rccrfc: 0.156742398 0.042093440 0.801164162
Q:/rccrff: 0.360872569 0.273765872 0.365361559
Q:/rccrfr: 0.000000000 0.016689946 0.983310054
Q:/rccrrc: 0.000000000 0.528424810 0.471575190
Q:/rccrrf: 0.000000000 0.303653476 0.696346524
Q:/rcrccr: 0.000000000 0.415793623 0.584206377
Q:/rcrcfr: 0.000000000 0.472304161 0.527695839
Q:/rcrcrc: 0.000000000 0.603659580 0.396340420
Q:/rcrcrf: 0.000000000 0.764573718 0.235426282
Q:/rcrfcr: 0.000000000 0.190909715 0.809090285
Q:/rcrffr: 0.000000000 0.936578664 0.063421336
Q:/rcrfrc: 0.000000000 0.318415353 0.681584647
Q:/rcrfrf: 0.000000000 0.447970388 0.552029612
Q:/rcrrcc: 0.000000000 0.322846307 0.677153693
Q:/rcrrcf: 0.000000000 0.387395941 0.612604059
Q:/rcrrfc: 0.000000000 0.545656363 0.454343637
Q:/rcrrff: 0.000000000 0.671366157 0.328633843
Q:/rf: 0.011618015 0.187399155 0.800982830
Q:/rfcrc: 0.114155810 0.465865975 0.419978215
Q:/rfcrf: 0.339457495 0.395603767 0.264938737
Q:/rfcrr: 0.000000000 0.512482910 0.487517090
Q:/rfrcr: 0.000000000 0.604475486 0.395524514
Q:/rfrfr: 0.000000000 0.385051957 0.614948043
Q:/rfrrc: 0.000000000 0.000000000 1.000000000
Q:/rfrrf: 0.000000000 0.723636673 0.276363327
Q:/rr: 0.000524913 0.248293192 0.751181895
Q:/rrccrc: 0.000000000 0.887801923 0.112198077
Q:/rrccrf: 0.000000000 0.313975008 0.686024992
Q:/rrcfrc: 0.000000000 0.464814650 0.535185350
Q:/rrcfrf: 0.000000000 0.398623010 0.601376990
Q:/rrcrcc: 0.000000000 0.166494543 0.833505457
Q:/rrcrcf: 0.000000000 0.316072137 0.683927863
Q:/rrcrfc: 0.000000000 0.780580025 0.219419975
Q:/rrcrff: 0.000000000 0.879393459 0.120606541
T:/cc: 1.000000000 0.000000000 0.000000000
T:/cccrcc: 0.281656472 0.310201785 0.408141743
T:/cccrccrccr: 0.000000000 0.343883299 0.656116701
T:/cccrccrcfr: 0.000000000 0.488756035 0.511243965
T:/cccrccrcrc: 0.000000000 0.019553008 0.980446992
T:/cccrccrcrf: 0.000000000 0.485445209 0.514554791
T:/cccrccrfcr: 0.000000000 0.471856184 0.528143816
T:/cccrccrffr: 0.000000000 0.542109515 0.457890485
T:/cccrccrfrc: 0.000000000 0.577434944 0.422565056
T:/cccrccrfrf: 0.000000000 0.706074951 0.293925049
T:/cccrccrrcc: 0.000000000 0.221390280 0.778609720
T:/cccrccrrcf: 0.000000000 0.935801669 0.064198331
T:/cccrccrrfc: 0.000000000 0.588483246 0.411516754
T:/cccrccrrff: 0.000000000 0.567127344 0.432872656
T:/cccrcf: 0.000000000 0.307499916 0.692500084
T:/cccrcfrcr: 0.000000000 0.723560894 0.276439106
T:/cccrcfrfr: 0.000000000 0.325843546 0.674156454
T:/cccrcfrrc: 0.000000000 0.880536292 0.119463708
T:/cccrcfrrf: 0.000000000 0.117165189 0.882834811
T:/cccrcr: 1.000000000 0.000000000 0.000000000
T:/cccrcrccrc: 0.000000000 0.518241428 0.481758572
T:/cccrcrccrf: 0.000000000 0.411178154 0.588821846
T:/cccrcrcfrc: 0.000000000 0.587554536 0.412445464
T:/cccrcrcfrf: 0.000000000 0.409986374 0.590013626
T:/cccrcrcrcc: 0.000000000 0.716768518 0.283231482
T:/cccrcrcrcf: 0.000000000 0.162046359 0.837953641
T:/cccrcrcrfc: 0.000000000 0.000000000 1.000000000
T:/cccrcrcrff: 0.000000000 0.000000000 1.000000000
T:/cccrfc: 0.000000000 0.000000000 1.000000000
T:/cccrfcrcr: 0.000000000 0.461182844 0.538817156
T:/cccrfcrfr: 0.000000000 0.220309488 0.779690512
T:/cccrfcrrc: 0.000000000 0.049937118 0.950062882
T:/cccrfcrrf: 0.000000000 0.365950043 0.634049957
T:/cccrff: 0.025327610 0.000000000 0.974672390
T:/cccrffrr: 0.000000000 0.000000000 1.000000000
T:/cccrfr: 0.000000000 0.000000000 1.000000000
T:/cccrfrcrc: 0.000000000 0.316647958 0.683352042
T:/cccrfrcrf: 0.000000000 0.145835533 0.854164467
T:/cccrrc: 0.064345912 0.000000000 0.935654088
T:/cccrrccrcc: 0.000000000 0.450458701 0.549541299
T:/cccrrccrcf: 0.000000000 0.486642697 0.513357303
T:/cccrrccrfc: 0.000000000 0.203627540 0.796372460
T:/cccrrccrff: 0.000000000 0.533299183 0.466700817
T:/cccrrf: 0.281705129 0.000000000 0.718294871
T:/cccrrfcrc: 0.000000000 0.646638885 0.353361115
T:/cccrrfcrf: 0.000000000 0.497167498 0.502832502
T:/cccrrr: 0.000000000 0.000000000 1.000000000
T:/ccrccr: 0.000000000 0.275237872 0.724762128
T:/ccrccrccrc: 0.000000000 0.846179698 0.153820302
T:/ccrccrccrf: 0.000000000 0.420000050 0.579999950
T:/ccrccrcfrc: 0.000000000 0.679565183 0.320434817
T:/ccrccrcfrf: 0.000000000 0.772038109 0.227961891
T:/ccrccrcrcc: 0.000000000 0.355269004 0.644730996
T:/ccrccrcrcf: 0.000000000 0.512218095 0.487781905
T:/ccrccrcrfc: 0.000000000 0.397886489 0.602113511
T:/ccrccrcrff: 0.000000000 0.520210387 0.479789613
T:/ccrcfr: 0.000055556 0.000000000 0.999944444
T:/ccrcfrcrc: 0.000000000 0.000000000 1.000000000
T:/ccrcfrcrf: 0.000000000 0.082412491 0.917587509
T:/ccrcrc: 0.321645462 0.222995647 0.455358891
T:/ccrcrccrcc: 0.000000000 0.894361954 0.105638046
T:/ccrcrccrcf: 0.000000000 0.342470324 0.657529676
T:/ccrcrccrfc: 0.000000000 0.088754810 0.911245190
T:/ccrcrccrff: 0.000000000 0.797079644 0.202920356
T:/ccrcrf: 0.873047679 0.025581614 0.101370707
T:/ccrcrfcrc: 0.000000000 0.425378999 0.574621001
T:/ccrcrfcrf: 0.000000000 0.598435217 0.401564783
T:/ccrcrr: 0.000000000 0.265967319 0.734032681
T:/ccrfcr: 0.027295341 0.450306025 0.522398634
T:/ccrfcrcrc: 0.000000000 0.043899743 0.956100257
T:/ccrfcrcrf: 0.000000000 0.343300466 0.656699534
T:/ccrffr: 0.655865766 0.103872823 0.240261412
T:/ccrfrc: 0.000000000 0.415951142 0.584048858
T:/ccrfrf: 0.385706183 0.194348575 0.419945241
T:/ccrfrr: 0.000000000 0.493942200 0.506057800
T:/ccrrcc: 1.000000000 0.000000000 0.000000000
T:/ccrrcf: 0.000000000 0.392361728 0.607638272
T:/ccrrcr: 0.000000000 0.000000000 1.000000000
T:/ccrrfc: 1.000000000 0.000000000 0.000000000
T:/ccrrff: 1.000000000 0.000000000 0.000000000
T:/ccrrfr: 0.000000000 0.000000000 1.000000000
T:/ccrrrc: 0.000000000 0.502244343 0.497755657
T:/ccrrrf: 0.000000000 0.698052939 0.301947061
T:/cr: 0.000000000 0.000000000 1.000000000
T:/crccrc: 0.000000000 0.315642333 0.684357667
T:/crccrccrcc: 0.000000000 0.506372647 0.493627353
T:/crccrccrcf: 0.000000000 0.718260494 0.281739506
T:/crccrccrfc: 0.000000000 0.605154295 0.394845705
T:/crccrccrff: 0.000000000 0.349485284 0.650514716
T:/crccrf: 0.161565988 0.394102150 0.444331862
T:/crccrfcrc: 0.000000000 0.509581805 0.490418195
T:/crccrfcrf: 0.000000000 0.493359255 0.506640745
T:/crccrr: 0.000000000 0.305651406 0.694348594
T:/crcfrc: 0.482990747 0.073278693 0.443730560
T:/crcfrf: 0.370818228 0.113785355 0.515396417
T:/crcfrr: 0.000000000 0.242887900 0.757112100
T:/crcrcc: 0.000000000 0.576760328 0.423239672
T:/crcrcf: 0.028758084 0.498223323 0.473018594
T:/crcrcr: 0.000000000 0.585690250 0.414309750
T:/crcrfc: 0.153048041 0.608494124 0.238457835
T:/crcrff: 0.691760985 0.308239015 0.000000000
T:/crcrfr: 0.000000000 0.622656980 0.377343020
T:/crcrrc: 0.000000000 0.000000000 1.000000000
T:/crcrrf: 0.000000000 0.000000000 1.000000000
T:/crrccr: 0.000000000 0.000000000 1.000000000
T:/crrcfr: 0.000000000 0.000000000 1.000000000
T:/crrcrc: 0.000000000 0.961370532 0.038629468
T:/crrcrf: 0.000000000 0.427255313 0.572744687
T:/crrfcr: 0.000000000 0.208184143 0.791815857
T:/crrffr: 0.000000000 0.760790104 0.239209896
T:/crrfrc: 0.000000000 0.671648951 0.328351049
T:/crrfrf: 0.000000000 0.484112486 0.515887514
T:/crrrcc: 0.000000000 0.392594559 0.607405441
T:/crrrcf: 0.000000000 0.218072698 0.781927302
T:/crrrfc: 0.000000000 0.000000000 1.000000000
T:/crrrff: 0.000000000 0.000000000 1.000000000
T:/rc: 0.259640678 0.167735722 0.572623599
T:/rccrcc: 0.107157969 0.422869833 0.469972198
T:/rccrcf: 0.170852243 0.289845296 0.539302461
T:/rccrcr: 0.000000000 0.071162585 0.928837415
T:/rccrfc: 0.168963488 0.270472894 0.560563619
T:/rccrff: 0.675901796 0.121096503 0.203001702
T:/rccrfr: 0.000000000 0.502748605 0.497251395
T:/rccrrc: 0.000000000 0.511912994 0.488087006
T:/rccrrf: 0.000000000 0.640765703 0.359234297
T:/rcrccr: 0.000000000 0.524237983 0.475762017
T:/rcrcfr: 0.000000000 0.833127069 0.166872931
T:/rcrcrc: 0.000000000 0.371421553 0.628578447
T:/rcrcrf: 0.000000000 0.572928501 0.427071499
T:/rcrfcr: 0.000000000 0.582150250 0.417849750
T:/rcrffr: 0.000000000 0.802759021 0.197240979
T:/rcrfrc: 0.000000000 0.793172615 0.206827385
T:/rcrfrf: 0.000000000 0.555650328 0.444349672
T:/rcrrcc: 0.000000000 0.236529319 0.763470681
T:/rcrrcf: 0.000000000 0.425960507 0.574039493
T:/rcrrfc: 0.000000000 0.330487709 0.669512291
T:/rcrrff: 0.000000000 0.203471661 0.796528339
T:/rf: 0.000808908 0.388671738 0.610519354
T:/rfcrc: 0.251470122 0.545984663 0.202545215
T:/rfcrf: 0.105524314 0.014073453 0.880402233
T:/rfcrr: 0.000000000 0.349645378 0.650354622
T:/rfrcr: 0.000000000 0.054289467 0.945710533
T:/rfrfr: 0.000000000 0.406722859 0.593277141
T:/rfrrc: 0.000000000 0.814417152 0.185582848
T:/rfrrf: 0.000000000 0.270151764 0.729848236
T:/rr: 0.020978118 0.222196915 0.756824967
T:/rrccrc: 0.000000000 0.755033789 0.244966211
T:/rrccrf: 0.000000000 0.024049884 0.975950116
T:/rrcfrc: 0.000000000 0.249733356 0.750266644
T:/rrcfrf: 0.000000000 0.432664629 0.567335371
T:/rrcrcc: 0.000000000 0.880600845 0.119399155
T:/rrcrcf: 0.000000000 0.159156411 0.840843589
T:/rrcrfc: 0.000000000 0.429682975 0.570317025
T:/rrcrff: 0.000000000 0.469412956 0.530587044
