A:/: 1.000000000 0.000000000 0.000000000
A:/ccr: 0.000000000 1.000000000 0.000000000
A:/crc: 0.000000000 1.000000000 0.000000000
A:/crf: 0.000000000 1.000000000 0.000000000
AA:/ccc/: 0.699954189 0.300045811 0.000000000
AA:/ccc/ccr: 0.000000000 0.693470736 0.306529264
AA:/ccc/crc: 0.000000000 1.000000000 0.000000000
AA:/ccc/crf: 0.000000000 1.000000000 0.000000000
AA:/ccrcc/: 0.796884374 0.203115626 0.000000000
AA:/ccrcc/ccr: 0.000000000 0.396031840 0.603968160
AA:/ccrcc/crc: 0.000000000 0.908522666 0.091477334
AA:/ccrcc/crf: 0.000000000 0.673492270 0.326507730
AA:/ccrcf/: 0.341772893 0.658227107 0.000000000
AA:/ccrcf/cr: 0.000000000 0.257150266 0.742849734
AA:/crcc/: 0.385111159 0.614888841 0.000000000
AA:/crcc/ccr: 0.000000000 0.375875352 0.624124648
AA:/crcc/crc: 0.000000000 1.000000000 0.000000000
AA:/crcc/crf: 0.000000000 0.999841973 0.000158027
AA:/crfc/: 0.827152125 0.172847875 0.000000000
AA:/crfc/cr: 0.000000000 1.000000000 0.000000000
AA:/rcc/: 0.431762245 0.568237755 0.000000000
AA:/rcc/ccr: 0.000000000 0.110545522 0.889454478
AA:/rcc/crc: 0.000000000 0.231659221 0.768340779
AA:/rcc/crf: 0.000000000 0.597267978 0.402732022
AA:/rcf/: 0.714562343 0.285437657 0.000000000
AA:/rcf/cr: 0.000000000 1.000000000 0.000000000
AA:/rfc/: 0.988288776 0.011711224 0.000000000
AA:/rfc/cr: 0.000000000 0.293553395 0.706446605
AJ:/ccc/: 0.885352229 0.114647771 0.000000000
AJ:/ccc/ccr: 0.000000000 0.196009090 0.803990910
AJ:/ccc/crc: 0.000000000 0.645681522 0.354318478
AJ:/ccc/crf: 0.000000000 0.332648707 0.667351293
AJ:/ccrcc/: 0.645464123 0.354535877 0.000000000
AJ:/ccrcc/ccr: 0.000000000 0.601356032 0.398643968
AJ:/ccrcc/crc: 0.000000000 1.000000000 0.000000000
AJ:/ccrcc/crf: 0.000000000 0.935580748 0.064419252
AJ:/ccrcf/: 0.542760632 0.457239368 0.000000000
AJ:/ccrcf/cr: 0.000000000 0.162241140 0.837758860
AJ:/crcc/: 0.687128581 0.312871419 0.000000000
AJ:/crcc/ccr: 0.000000000 0.425454960 0.574545040
AJ:/crcc/crc: 0.000000000 1.000000000 0.000000000
AJ:/crcc/crf: 0.000000000 0.999911447 0.000088553
AJ:/crfc/: 0.531327007 0.468672993 0.000000000
AJ:/crfc/cr: 0.000000000 0.551991645 0.448008355
AJ:/rcc/: 0.314461405 0.685538595 0.000000000
AJ:/rcc/ccr: 0.000000000 0.363854719 0.636145281
AJ:/rcc/crc: 0.000000000 0.357129060 0.642870940
AJ:/rcc/crf: 0.000000000 0.594940591 0.405059409
AJ:/rcf/: 0.771050349 0.228949651 0.000000000
AJ:/rcf/cr: 0.000000000 0.999840191 0.000159809
AJ:/rfc/: 0.465621317 0.534378683 0.000000000
AJ:/rfc/cr: 0.000000000 0.359798038 0.640201962
AK:/ccc/: 0.728352714 0.271647286 0.000000000
AK:/ccc/ccr: 0.000000000 0.362923747 0.637076253
AK:/ccc/crc: 0.000000000 0.826632973 0.173367027
AK:/ccc/crf: 0.000000000 0.902853994 0.097146006
AK:/ccrcc/: 0.901005622 0.098994378 0.000000000
AK:/ccrcc/ccr: 0.000000000 0.704203089 0.295796911
AK:/ccrcc/crc: 0.000000000 0.229724574 0.770275426
AK:/ccrcc/crf: 0.000000000 0.882424962 0.117575038
AK:/ccrcf/: 0.772857924 0.227142076 0.000000000
AK:/ccrcf/cr: 0.000000000 0.541821343 0.458178657
AK:/crcc/: 1.000000000 0.000000000 0.000000000
AK:/crcc/ccr: 0.000000000 0.907219608 0.092780392
AK:/crcc/crc: 0.000000000 0.437826334 0.562173666
AK:/crcc/crf: 0.000000000 0.572199953 0.427800047
AK:/crfc/: 0.302312555 0.697687445 0.000000000
AK:/crfc/cr: 0.000000000 0.931828666 0.068171334
AK:/rcc/: 0.410702962 0.589297038 0.000000000
AK:/rcc/ccr: 0.000000000 0.140181259 0.859818741
AK:/rcc/crc: 0.000000000 0.304771655 0.695228345
AK:/rcc/crf: 0.000000000 0.904322663 0.095677337
AK:/rcf/: 0.245141456 0.754858544 0.000000000
AK:/rcf/cr: 0.000000000 0.774379262 0.225620738
AK:/rfc/: 0.353087845 0.646912155 0.000000000
AK:/rfc/cr: 0.000000000 0.416664854 0.583335146
AQ:/ccc/: 0.665887182 0.334112818 0.000000000
AQ:/ccc/ccr: 0.000000000 0.567761246 0.432238754
AQ:/ccc/crc: 0.000000000 0.633825943 0.366174057
AQ:/ccc/crf: 0.000000000 0.348580351 0.651419649
AQ:/ccrcc/: 0.367925933 0.632074067 0.000000000
AQ:/ccrcc/ccr: 0.000000000 0.814553960 0.185446040
AQ:/ccrcc/crc: 0.000000000 0.368968628 0.631031372
AQ:/ccrcc/crf: 0.000000000 0.975077190 0.024922810
AQ:/ccrcf/: 0.231331956 0.768668044 0.000000000
AQ:/ccrcf/cr: 0.000000000 0.189518080 0.810481920
AQ:/crcc/: 0.354680647 0.645319353 0.000000000
AQ:/crcc/ccr: 0.000000000 0.262208295 0.737791705
AQ:/crcc/crc: 0.000000000 0.519026306 0.480973694
AQ:/crcc/crf: 0.000000000 0.999982447 0.000017553
AQ:/crfc/: 0.064248746 0.935751254 0.000000000
AQ:/crfc/cr: 0.000000000 0.988036855 0.011963145
AQ:/rcc/: 0.665079813 0.334920187 0.000000000
AQ:/rcc/ccr: 0.000000000 0.424064211 0.575935789
AQ:/rcc/crc: 0.000000000 0.008917799 0.991082201
AQ:/rcc/crf: 0.000000000 0.338085296 0.661914704
AQ:/rcf/: 0.862219792 0.137780208 0.000000000
AQ:/rcf/cr: 0.000000000 1.000000000 0.000000000
AQ:/rfc/: 0.227407217 0.772592783 0.000000000
AQ:/rfc/cr: 0.000000000 0.023090818 0.976909182
J:/: 0.070695220 0.929304780 0.000000000
J:/ccr: 0.000000000 1.000000000 0.000000000
J:/crc: 0.000000000 0.000000000 1.000000000
J:/crf: 0.000000000 1.000000000 0.000000000
JA:/ccc/: 0.892094855 0.107905145 0.000000000
JA:/ccc/ccr: 0.000000000 0.556905016 0.443094984
JA:/ccc/crc: 0.000000000 0.099903174 0.900096826
JA:/ccc/crf: 0.000000000 0.343884412 0.656115588
JA:/ccrcc/: 0.609539386 0.390460614 0.000000000
JA:/ccrcc/ccr: 0.000000000 0.391329093 0.608670907
JA:/ccrcc/crc: 0.000000000 0.266023206 0.733976794
JA:/ccrcc/crf: 0.000000000 0.640481692 0.359518308
JA:/ccrcf/: 0.466043589 0.533956411 0.000000000
JA:/ccrcf/cr: 0.000000000 0.019172140 0.980827860
JA:/crcc/: 0.126703356 0.873296644 0.000000000
JA:/crcc/ccr: 0.000000000 0.634782843 0.365217157
JA:/crcc/crc: 0.000000000 0.003483988 0.996516012
JA:/crcc/crf: 0.000000000 0.334820084 0.665179916
JA:/crfc/: 0.517862983 0.482137017 0.000000000
JA:/crfc/cr: 0.000000000 0.417326654 0.582673346
JA:/rcc/: 0.344432864 0.655567136 0.000000000
JA:/rcc/ccr: 0.000000000 0.781059822 0.218940178
JA:/rcc/crc: 0.000000000 0.201103612 0.798896388
JA:/rcc/crf: 0.000000000 0.013084783 0.986915217
JA:/rcf/: 1.000000000 0.000000000 0.000000000
JA:/rcf/cr: 0.000000000 0.461008905 0.538991095
JA:/rfc/: 0.441598514 0.558401486 0.000000000
JA:/rfc/cr: 0.000000000 0.393303098 0.606696902
JJ:/ccc/: 0.666209971 0.333790029 0.000000000
JJ:/ccc/ccr: 0.000000000 0.787322994 0.212677006
JJ:/ccc/crc: 0.000000000 0.330324646 0.669675354
JJ:/ccc/crf: 0.000000000 0.491776664 0.508223336
JJ:/ccrcc/: 1.000000000 0.000000000 0.000000000
JJ:/ccrcc/ccr: 0.000000000 0.255622606 0.744377394
JJ:/ccrcc/crc: 0.000000000 0.506113267 0.493886733
JJ:/ccrcc/crf: 0.000000000 0.506912680 0.493087320
JJ:/ccrcf/: 0.495205413 0.504794587 0.000000000
JJ:/ccrcf/cr: 0.000000000 0.441719970 0.558280030
JJ:/crcc/: 0.666485847 0.333514153 0.000000000
JJ:/crcc/ccr: 0.000000000 0.431128629 0.568871371
JJ:/crcc/crc: 0.000000000 1.000000000 0.000000000
JJ:/crcc/crf: 0.000000000 0.999789040 0.000210960
JJ:/crfc/: 0.926404560 0.073595440 0.000000000
JJ:/crfc/cr: 0.000000000 0.341784152 0.658215848
JJ:/rcc/: 0.340648383 0.659351617 0.000000000
JJ:/rcc/ccr: 0.000000000 0.000000000 1.000000000
JJ:/rcc/crc: 0.000000000 0.959124810 0.040875190
JJ:/rcc/crf: 0.000000000 0.124726238 0.875273762
JJ:/rcf/: 0.740794003 0.259205997 0.000000000
JJ:/rcf/cr: 0.000000000 1.000000000 0.000000000
JJ:/rfc/: 0.416627118 0.583372882 0.000000000
JJ:/rfc/cr: 0.000000000 0.244793908 0.755206092
JK:/ccc/: 0.092057770 0.907942230 0.000000000
JK:/ccc/ccr: 0.000000000 0.476008510 0.523991490
JK:/ccc/crc: 0.000000000 0.505823052 0.494176948
JK:/ccc/crf: 0.000000000 0.488869896 0.511130104
JK:/ccrcc/: 0.448714784 0.551285216 0.000000000
JK:/ccrcc/ccr: 0.000000000 0.792609536 0.207390464
JK:/ccrcc/crc: 0.000000000 0.417020034 0.582979966
JK:/ccrcc/crf: 0.000000000 0.074427179 0.925572821
JK:/ccrcf/: 0.345903067 0.654096933 0.000000000
JK:/ccrcf/cr: 0.000000000 0.309612119 0.690387881
JK:/crcc/: 0.765439316 0.234560684 0.000000000
JK:/crcc/ccr: 0.000000000 0.380260853 0.619739147
JK:/crcc/crc: 0.000000000 0.404590825 0.595409175
JK:/crcc/crf: 0.000000000 0.374369114 0.625630886
JK:/crfc/: 0.424199392 0.575800608 0.000000000
JK:/crfc/cr: 0.000000000 0.581714085 0.418285915
JK:/rcc/: 0.645024714 0.354975286 0.000000000
JK:/rcc/ccr: 0.000000000 0.108868874 0.891131126
JK:/rcc/crc: 0.000000000 0.693048881 0.306951119
JK:/rcc/crf: 0.000000000 0.711171114 0.288828886
JK:/rcf/: 1.000000000 0.000000000 0.000000000
JK:/rcf/cr: 0.000000000 0.043130270 0.956869730
JK:/rfc/: 0.395048919 0.604951081 0.000000000
JK:/rfc/cr: 0.000000000 0.550049924 0.449950076
JQ:/ccc/: 0.634655185 0.365344815 0.000000000
JQ:/ccc/ccr: 0.000000000 0.503226941 0.496773059
JQ:/ccc/crc: 0.000000000 0.432585289 0.567414711
JQ:/ccc/crf: 0.000000000 0.599285966 0.400714034
JQ:/ccrcc/: 0.474337771 0.525662229 0.000000000
JQ:/ccrcc/ccr: 0.000000000 0.801078649 0.198921351
JQ:/ccrcc/crc: 0.000000000 0.977191640 0.022808360
JQ:/ccrcc/crf: 0.000000000 0.509798589 0.490201411
JQ:/ccrcf/: 0.597056165 0.402943835 0.000000000
JQ:/ccrcf/cr: 0.000000000 0.895756100 0.104243900
JQ:/crcc/: 0.002529829 0.997470171 0.000000000
JQ:/crcc/ccr: 0.000000000 0.525142111 0.474857889
JQ:/crcc/crc: 0.000000000 0.720108896 0.279891104
JQ:/crcc/crf: 0.000000000 0.255552393 0.744447607
JQ:/crfc/: 0.331626487 0.668373513 0.000000000
JQ:/crfc/cr: 0.000000000 0.139430541 0.860569459
JQ:/rcc/: 0.107065941 0.892934059 0.000000000
JQ:/rcc/ccr: 0.000000000 0.000000000 1.000000000
JQ:/rcc/crc: 0.000000000 0.961572098 0.038427902
JQ:/rcc/crf: 0.000000000 0.899914586 0.100085414
JQ:/rcf/: 0.999921524 0.000078476 0.000000000
JQ:/rcf/cr: 0.000000000 0.000000000 1.000000000
JQ:/rfc/: 0.341978935 0.658021065 0.000000000
JQ:/rfc/cr: 0.000000000 0.636019941 0.363980059
K:/: 0.909977863 0.090022137 0.000000000
K:/ccr: 0.000000000 0.807597168 0.192402832
K:/crc: 0.000000000 0.000443937 0.999556063
K:/crf: 0.000000000 1.000000000 0.000000000
KA:/ccc/: 1.000000000 0.000000000 0.000000000
KA:/ccc/ccr: 0.000000000 0.564698386 0.435301614
KA:/ccc/crc: 0.000000000 0.391866978 0.608133022
KA:/ccc/crf: 0.000000000 0.922645301 0.077354699
KA:/ccrcc/: 0.323924429 0.676075571 0.000000000
KA:/ccrcc/ccr: 0.000000000 0.849014636 0.150985364
KA:/ccrcc/crc: 0.000000000 0.696943156 0.303056844
KA:/ccrcc/crf: 0.000000000 0.461001915 0.538998085
KA:/ccrcf/: 0.605979419 0.394020581 0.000000000
KA:/ccrcf/cr: 0.000000000 0.586190022 0.413809978
KA:/crcc/: 0.914206435 0.085793565 0.000000000
KA:/crcc/ccr: 0.000000000 0.436593442 0.563406558
KA:/crcc/crc: 0.000000000 0.260567171 0.739432829
KA:/crcc/crf: 0.000000000 0.999888503 0.000111497
KA:/crfc/: 0.579390376 0.420609624 0.000000000
KA:/crfc/cr: 0.000000000 1.000000000 0.000000000
KA:/rcc/: 0.488798117 0.511201883 0.000000000
KA:/rcc/ccr: 0.000000000 0.042369592 0.957630408
KA:/rcc/crc: 0.000000000 0.687874635 0.312125365
KA:/rcc/crf: 0.000000000 0.364859944 0.635140056
KA:/rcf/: 0.385182785 0.614817215 0.000000000
KA:/rcf/cr: 0.000000000 0.789964500 0.210035500
KA:/rfc/: 0.557857699 0.442142301 0.000000000
KA:/rfc/cr: 0.000000000 0.206560900 0.793439100
KJ:/ccc/: 0.800250323 0.199749677 0.000000000
KJ:/ccc/ccr: 0.000000000 0.735421370 0.264578630
KJ:/ccc/crc: 0.000000000 0.217802541 0.782197459
KJ:/ccc/crf: 0.000000000 0.398993571 0.601006429
KJ:/ccrcc/: 0.511061028 0.488938972 0.000000000
KJ:/ccrcc/ccr: 0.000000000 0.425800513 0.574199487
KJ:/ccrcc/crc: 0.000000000 0.543805441 0.456194559
KJ:/ccrcc/crf: 0.000000000 0.589254292 0.410745708
KJ:/ccrcf/: 0.489581125 0.510418875 0.000000000
KJ:/ccrcf/cr: 0.000000000 0.284467351 0.715532649
KJ:/crcc/: 0.437399666 0.562600334 0.000000000
KJ:/crcc/ccr: 0.000000000 0.407275630 0.592724370
KJ:/crcc/crc: 0.000000000 0.456261831 0.543738169
KJ:/crcc/crf: 0.000000000 0.999956495 0.000043505
KJ:/crfc/: 0.558089190 0.441910810 0.000000000
KJ:/crfc/cr: 0.000000000 0.171123195 0.828876805
KJ:/rcc/: 0.158221965 0.841778035 0.000000000
KJ:/rcc/ccr: 0.000000000 0.541541250 0.458458750
KJ:/rcc/crc: 0.000000000 0.672964893 0.327035107
KJ:/rcc/crf: 0.000000000 0.304034976 0.695965024
KJ:/rcf/: 0.720520099 0.279479901 0.000000000
KJ:/rcf/cr: 0.000000000 0.672994799 0.327005201
KJ:/rfc/: 0.596791789 0.403208211 0.000000000
KJ:/rfc/cr: 0.000000000 0.617490737 0.382509263
KK:/ccc/: 0.580690397 0.419309603 0.000000000
KK:/ccc/ccr: 0.000000000 0.198950862 0.801049138
KK:/ccc/crc: 0.000000000 0.266268802 0.733731198
KK:/ccc/crf: 0.000000000 1.000000000 0.000000000
KK:/ccrcc/: 0.336313014 0.663686986 0.000000000
KK:/ccrcc/ccr: 0.000000000 0.007997515 0.992002485
KK:/ccrcc/crc: 0.000000000 0.231518969 0.768481031
KK:/ccrcc/crf: 0.000000000 0.784134485 0.215865515
KK:/ccrcf/: 0.421587935 0.578412065 0.000000000
KK:/ccrcf/cr: 0.000000000 0.463803298 0.536196702
KK:/crcc/: 0.999991979 0.000008021 0.000000000
KK:/crcc/ccr: 0.000000000 0.520495741 0.479504259
KK:/crcc/crc: 0.000000000 0.999913567 0.000086433
KK:/crcc/crf: 0.000000000 1.000000000 0.000000000
KK:/crfc/: 0.308460915 0.691539085 0.000000000
KK:/crfc/cr: 0.000000000 1.000000000 0.000000000
KK:/rcc/: 0.227444457 0.772555543 0.000000000
KK:/rcc/ccr: 0.000000000 0.451282488 0.548717512
KK:/rcc/crc: 0.000000000 0.605809375 0.394190625
KK:/rcc/crf: 0.000000000 0.718590525 0.281409475
KK:/rcf/: 0.396449421 0.603550579 0.000000000
KK:/rcf/cr: 0.000000000 0.999513054 0.000486946
KK:/rfc/: 0.255831113 0.744168887 0.000000000
KK:/rfc/cr: 0.000000000 0.712993299 0.287006701
KQ:/ccc/: 0.783960287 0.216039713 0.000000000
KQ:/ccc/ccr: 0.000000000 0.360203456 0.639796544
KQ:/ccc/crc: 0.000000000 0.741028690 0.258971310
KQ:/ccc/crf: 0.000000000 0.721452150 0.278547850
KQ:/ccrcc/: 0.805766457 0.194233543 0.000000000
KQ:/ccrcc/ccr: 0.000000000 0.385966430 0.614033570
KQ:/ccrcc/crc: 0.000000000 0.523041698 0.476958302
KQ:/ccrcc/crf: 0.000000000 0.659603904 0.340396096
KQ:/ccrcf/: 0.439451505 0.560548495 0.000000000
KQ:/ccrcf/cr: 0.000000000 0.634518680 0.365481320
KQ:/crcc/: 0.000000000 1.000000000 0.000000000
KQ:/crcc/ccr: 0.000000000 0.842847633 0.157152367
KQ:/crcc/crc: 0.000000000 0.687389133 0.312610867
KQ:/crcc/crf: 0.000000000 0.573235648 0.426764352
KQ:/crfc/: 0.635384794 0.364615206 0.000000000
KQ:/crfc/cr: 0.000000000 0.363005966 0.636994034
KQ:/rcc/: 0.226724279 0.773275721 0.000000000
KQ:/rcc/ccr: 0.000000000 0.173384901 0.826615099
KQ:/rcc/crc: 0.000000000 0.222628156 0.777371844
KQ:/rcc/crf: 0.000000000 0.964927971 0.035072029
KQ:/rcf/: 0.407966988 0.592033012 0.000000000
KQ:/rcf/cr: 0.000000000 0.789501268 0.210498732
KQ:/rfc/: 0.585691990 0.414308010 0.000000000
KQ:/rfc/cr: 0.000000000 0.637787448 0.362212552
Q:/: 0.000000000 1.000000000 0.000000000
Q:/ccr: 0.000000000 1.000000000 0.000000000
Q:/crc: 0.000000000 0.000000000 1.000000000
Q:/crf: 0.000000000 1.000000000 0.000000000
QA:/ccc/: 0.850687644 0.149312356 0.000000000
QA:/ccc/ccr: 0.000000000 0.907102078 0.092897922
QA:/ccc/crc: 0.000000000 0.311403745 0.688596255
QA:/ccc/crf: 0.000000000 0.630633277 0.369366723
QA:/ccrcc/: 0.370911863 0.629088137 0.000000000
QA:/ccrcc/ccr: 0.000000000 0.881796279 0.118203721
QA:/ccrcc/crc: 0.000000000 0.520173688 0.479826312
QA:/ccrcc/crf: 0.000000000 0.392107373 0.607892627
QA:/ccrcf/: 0.294443655 0.705556345 0.000000000
QA:/ccrcf/cr: 0.000000000 0.408439495 0.591560505
QA:/crcc/: 0.649988828 0.350011172 0.000000000
QA:/crcc/ccr: 0.000000000 0.751895767 0.248104233
QA:/crcc/crc: 0.000000000 0.231161480 0.768838520
QA:/crcc/crf: 0.000000000 0.787616694 0.212383306
QA:/crfc/: 0.600357720 0.399642280 0.000000000
QA:/crfc/cr: 0.000000000 0.521561281 0.478438719
QA:/rcc/: 0.870098848 0.129901152 0.000000000
QA:/rcc/ccr: 0.000000000 0.460622868 0.539377132
QA:/rcc/crc: 0.000000000 0.864284129 0.135715871
QA:/rcc/crf: 0.000000000 0.704804668 0.295195332
QA:/rcf/: 0.788688953 0.211311047 0.000000000
QA:/rcf/cr: 0.000000000 0.304191971 0.695808029
QA:/rfc/: 0.306173705 0.693826295 0.000000000
QA:/rfc/cr: 0.000000000 0.265485280 0.734514720
QJ:/ccc/: 0.115072578 0.884927422 0.000000000
QJ:/ccc/ccr: 0.000000000 0.625879250 0.374120750
QJ:/ccc/crc: 0.000000000 0.609253026 0.390746974
QJ:/ccc/crf: 0.000000000 0.738618487 0.261381513
QJ:/ccrcc/: 0.604783476 0.395216524 0.000000000
QJ:/ccrcc/ccr: 0.000000000 0.317687698 0.682312302
QJ:/ccrcc/crc: 0.000000000 0.784126828 0.215873172
QJ:/ccrcc/crf: 0.000000000 0.432700952 0.567299048
QJ:/ccrcf/: 0.737141799 0.262858201 0.000000000
QJ:/ccrcf/cr: 0.000000000 0.105198781 0.894801219
QJ:/crcc/: 0.471887969 0.528112031 0.000000000
QJ:/crcc/ccr: 0.000000000 0.251861724 0.748138276
QJ:/crcc/crc: 0.000000000 0.388993838 0.611006162
QJ:/crcc/crf: 0.000000000 0.000015658 0.999984342
QJ:/crfc/: 0.392567195 0.607432805 0.000000000
QJ:/crfc/cr: 0.000000000 0.761826438 0.238173562
QJ:/rcc/: 0.229398977 0.770601023 0.000000000
QJ:/rcc/ccr: 0.000000000 0.916764795 0.083235205
QJ:/rcc/crc: 0.000000000 0.491178606 0.508821394
QJ:/rcc/crf: 0.000000000 0.092722239 0.907277761
QJ:/rcf/: 0.999890169 0.000109831 0.000000000
QJ:/rcf/cr: 0.000000000 0.257061556 0.742938444
QJ:/rfc/: 0.233501953 0.766498047 0.000000000
QJ:/rfc/cr: 0.000000000 0.575221722 0.424778278
QK:/ccc/: 0.408064251 0.591935749 0.000000000
QK:/ccc/ccr: 0.000000000 0.452522627 0.547477373
QK:/ccc/crc: 0.000000000 0.439898698 0.560101302
QK:/ccc/crf: 0.000000000 0.562351717 0.437648283
QK:/ccrcc/: 0.562952216 0.437047784 0.000000000
QK:/ccrcc/ccr: 0.000000000 0.147095113 0.852904887
QK:/ccrcc/crc: 0.000000000 0.342619383 0.657380617
QK:/ccrcc/crf: 0.000000000 0.938133705 0.061866295
QK:/ccrcf/: 0.622185988 0.377814012 0.000000000
QK:/ccrcf/cr: 0.000000000 0.065891031 0.934108969
QK:/crcc/: 0.783600200 0.216399800 0.000000000
QK:/crcc/ccr: 0.000000000 0.541458922 0.458541078
QK:/crcc/crc: 0.000000000 0.409712059 0.590287941
QK:/crcc/crf: 0.000000000 0.569494526 0.430505474
QK:/crfc/: 0.571909425 0.428090575 0.000000000
QK:/crfc/cr: 0.000000000 0.803498526 0.196501474
QK:/rcc/: 0.612935807 0.387064193 0.000000000
QK:/rcc/ccr: 0.000000000 0.595899839 0.404100161
QK:/rcc/crc: 0.000000000 0.740727328 0.259272672
QK:/rcc/crf: 0.000000000 0.612739441 0.387260559
QK:/rcf/: 0.532711558 0.467288442 0.000000000
QK:/rcf/cr: 0.000000000 0.862626961 0.137373039
QK:/rfc/: 0.102603919 0.897396081 0.000000000
QK:/rfc/cr: 0.000000000 0.378959049 0.621040951
QQ:/ccc/: 0.502077761 0.497922239 0.000000000
QQ:/ccc/ccr: 0.000000000 0.634083679 0.365916321
QQ:/ccc/crc: 0.000000000 1.000000000 0.000000000
QQ:/ccc/crf: 0.000000000 0.591512316 0.408487684
QQ:/ccrcc/: 0.449494524 0.550505476 0.000000000
QQ:/ccrcc/ccr: 0.000000000 0.239623617 0.760376383
QQ:/ccrcc/crc: 0.000000000 0.479821835 0.520178165
QQ:/ccrcc/crf: 0.000000000 0.932138969 0.067861031
QQ:/ccrcf/: 0.071331023 0.928668977 0.000000000
QQ:/ccrcf/cr: 0.000000000 0.795264481 0.204735519
QQ:/crcc/: 0.082681639 0.917318361 0.000000000
QQ:/crcc/ccr: 0.000000000 0.516348241 0.483651759
QQ:/crcc/crc: 0.000000000 0.455151951 0.544848049
QQ:/crcc/crf: 0.000000000 1.000000000 0.000000000
QQ:/crfc/: 0.487437199 0.512562801 0.000000000
QQ:/crfc/cr: 0.000000000 0.886226402 0.113773598
QQ:/rcc/: 0.589009830 0.410990170 0.000000000
QQ:/rcc/ccr: 0.000000000 0.010481207 0.989518793
QQ:/rcc/crc: 0.000000000 0.615493085 0.384506915
QQ:/rcc/crf: 0.000000000 0.708909934 0.291090066
QQ:/rcf/: 0.636387690 0.363612310 0.000000000
QQ:/rcf/cr: 0.000000000 1.000000000 0.000000000
QQ:/rfc/: 0.191639847 0.808360153 0.000000000
QQ:/rfc/cr: 0.000000000 0.456941499 0.543058501
