A:/c: 1.000000000 0.000000000 0.000000000
A:/ccrc: 0.000000000 1.000000000 0.000000000
A:/ccrf: 0.000000000 1.000000000 0.000000000
A:/r: 0.000000000 1.000000000 0.000000000
AA:/ccc/c: 0.709223086 0.290776914 0.000000000
AA:/ccc/ccrc: 0.000000000 1.000000000 0.000000000
AA:/ccc/ccrf: 0.000000000 0.923482666 0.076517334
AA:/ccc/r: 0.000000000 1.000000000 0.000000000
AA:/ccrcc/c: 0.797668291 0.202331709 0.000000000
AA:/ccrcc/ccrc: 0.000000000 1.000000000 0.000000000
AA:/ccrcc/ccrf: 0.000000000 1.000000000 0.000000000
AA:/ccrcc/r: 0.000000000 1.000000000 0.000000000
AA:/ccrfc/: 0.820413643 0.179586357 0.000000000
AA:/ccrfc/cr: 0.000000000 1.000000000 0.000000000
AA:/crcc/c: 0.446654709 0.553345291 0.000000000
AA:/crcc/ccrc: 0.000000000 0.815520417 0.184479583
AA:/crcc/ccrf: 0.000000000 0.247540240 0.752459760
AA:/crcc/r: 0.000000000 1.000000000 0.000000000
AA:/crcf/: 0.470229814 0.529770186 0.000000000
AA:/crcf/cr: 0.000000000 1.000000000 0.000000000
AA:/crfc/c: 0.642693030 0.357306970 0.000000000
AA:/crfc/r: 0.000000000 1.000000000 0.000000000
AA:/rcc/c: 0.859979838 0.140020162 0.000000000
AA:/rcc/ccrc: 0.000000000 0.434457002 0.565542998
AA:/rcc/ccrf: 0.000000000 0.123546173 0.876453827
AA:/rcc/r: 0.000000000 1.000000000 0.000000000
AA:/rcf/c: 0.407548636 0.592451364 0.000000000
AA:/rcf/r: 0.000000000 1.000000000 0.000000000
AJ:/ccc/c: 0.991313726 0.008686274 0.000000000
AJ:/ccc/ccrc: 0.000000000 0.558505413 0.441494587
AJ:/ccc/ccrf: 0.000000000 0.845376260 0.154623740
AJ:/ccc/r: 0.000000000 0.135670728 0.864329272
AJ:/ccrcc/c: 0.983189400 0.016810600 0.000000000
AJ:/ccrcc/ccrc: 0.000000000 0.720465947 0.279534053
AJ:/ccrcc/ccrf: 0.000000000 0.897844223 0.102155777
AJ:/ccrcc/r: 0.000000000 1.000000000 0.000000000
AJ:/ccrfc/: 0.624052473 0.375947527 0.000000000
AJ:/ccrfc/cr: 0.000000000 0.999999908 0.000000092
AJ:/crcc/c: 0.671375439 0.328624561 0.000000000
AJ:/crcc/ccrc: 0.000000000 0.259161268 0.740838732
AJ:/crcc/ccrf: 0.000000000 0.489518831 0.510481169
AJ:/crcc/r: 0.000000000 0.768227000 0.231773000
AJ:/crcf/: 0.745363641 0.254636359 0.000000000
AJ:/crcf/cr: 0.000000000 1.000000000 0.000000000
AJ:/crfc/c: 0.743140662 0.256859338 0.000000000
AJ:/crfc/r: 0.000000000 1.000000000 0.000000000
AJ:/rcc/c: 0.148201684 0.851798316 0.000000000
AJ:/rcc/ccrc: 0.000000000 0.775060163 0.224939837
AJ:/rcc/ccrf: 0.000000000 0.753134033 0.246865967
AJ:/rcc/r: 0.000000000 0.480872973 0.519127027
AJ:/rcf/c: 0.475061337 0.524938663 0.000000000
AJ:/rcf/r: 0.000000000 1.000000000 0.000000000
AK:/ccc/c: 0.511252507 0.488747493 0.000000000
AK:/ccc/ccrc: 0.000000000 0.742693614 0.257306386
AK:/ccc/ccrf: 0.000000000 0.653490823 0.346509177
AK:/ccc/r: 0.000000000 0.965123138 0.034876862
AK:/ccrcc/c: 0.500303298 0.499696702 0.000000000
AK:/ccrcc/ccrc: 0.000000000 1.000000000 0.000000000
AK:/ccrcc/ccrf: 0.000000000 1.000000000 0.000000000
AK:/ccrcc/r: 0.000000000 1.000000000 0.000000000
AK:/ccrfc/: 0.836179293 0.163820707 0.000000000
AK:/ccrfc/cr: 0.000000000 0.336981285 0.663018715
AK:/crcc/c: 0.637184342 0.362815658 0.000000000
AK:/crcc/ccrc: 0.000000000 0.508277639 0.491722361
AK:/crcc/ccrf: 0.000000000 0.615123884 0.384876116
AK:/crcc/r: 0.000000000 0.559143874 0.440856126
AK:/crcf/: 0.928068100 0.071931900 0.000000000
AK:/crcf/cr: 0.000000000 1.000000000 0.000000000
AK:/crfc/c: 0.204156890 0.795843110 0.000000000
AK:/crfc/r: 0.000000000 0.914171477 0.085828523
AK:/rcc/c: 0.207949663 0.792050337 0.000000000
AK:/rcc/ccrc: 0.000000000 0.171395376 0.828604624
AK:/rcc/ccrf: 0.000000000 0.237943569 0.762056431
AK:/rcc/r: 0.000000000 0.315832712 0.684167288
AK:/rcf/c: 0.376084591 0.623915409 0.000000000
AK:/rcf/r: 0.000000000 0.663879734 0.336120266
AQ:/ccc/c: 0.740921249 0.259078751 0.000000000
AQ:/ccc/ccrc: 0.000000000 0.921862740 0.078137260
AQ:/ccc/ccrf: 0.000000000 0.580613881 0.419386119
AQ:/ccc/r: 0.000000000 0.927959080 0.072040920
AQ:/ccrcc/c: 0.790448394 0.209551606 0.000000000
AQ:/ccrcc/ccrc: 0.000000000 0.734553548 0.265446452
AQ:/ccrcc/ccrf: 0.000000000 1.000000000 0.000000000
AQ:/ccrcc/r: 0.000000000 1.000000000 0.000000000
AQ:/ccrfc/: 0.408048285 0.591951715 0.000000000
AQ:/ccrfc/cr: 0.000000000 0.857061058 0.142938942
AQ:/crcc/c: 0.510456520 0.489543480 0.000000000
AQ:/crcc/ccrc: 0.000000000 0.719758183 0.280241817
AQ:/crcc/ccrf: 0.000000000 0.815155049 0.184844951
AQ:/crcc/r: 0.000000000 0.717230710 0.282769290
AQ:/crcf/: 0.354244163 0.645755837 0.000000000
AQ:/crcf/cr: 0.000000000 1.000000000 0.000000000
AQ:/crfc/c: 0.409655721 0.590344279 0.000000000
AQ:/crfc/r: 0.000000000 0.998891861 0.001108139
AQ:/rcc/c: 0.514312755 0.485687245 0.000000000
AQ:/rcc/ccrc: 0.000000000 0.296810954 0.703189046
AQ:/rcc/ccrf: 0.000000000 0.769075152 0.230924848
AQ:/rcc/r: 0.000000000 0.446183831 0.553816169
AQ:/rcf/c: 0.577108058 0.422891942 0.000000000
AQ:/rcf/r: 0.000000000 1.000000000 0.000000000
J:/c: 0.201321432 0.798678568 0.000000000
J:/ccrc: 0.000000000 0.000000000 1.000000000
J:/ccrf: 0.000000000 1.000000000 0.000000000
J:/r: 0.000000000 1.000000000 0.000000000
JA:/ccc/c: 0.592566601 0.407433399 0.000000000
JA:/ccc/ccrc: 0.000000000 0.475387079 0.524612921
JA:/ccc/ccrf: 0.000000000 0.984206680 0.015793320
JA:/ccc/r: 0.000000000 0.209531740 0.790468260
JA:/ccrcc/c: 0.304451893 0.695548107 0.000000000
JA:/ccrcc/ccrc: 0.000000000 0.525613955 0.474386045
JA:/ccrcc/ccrf: 0.000000000 0.000000000 1.000000000
JA:/ccrcc/r: 0.000000000 0.374219677 0.625780323
JA:/ccrfc/: 0.301510556 0.698489444 0.000000000
JA:/ccrfc/cr: 0.000000000 0.316319088 0.683680912
JA:/crcc/c: 0.151850475 0.848149525 0.000000000
JA:/crcc/ccrc: 0.000000000 0.251167540 0.748832460
JA:/crcc/ccrf: 0.000000000 0.542269729 0.457730271
JA:/crcc/r: 0.000000000 0.411531493 0.588468507
JA:/crcf/: 0.739414620 0.260585380 0.000000000
JA:/crcf/cr: 0.000000000 0.000000000 1.000000000
JA:/crfc/c: 0.817952814 0.182047186 0.000000000
JA:/crfc/r: 0.000000000 0.557318984 0.442681016
JA:/rcc/c: 0.836815289 0.163184711 0.000000000
JA:/rcc/ccrc: 0.000000000 0.559194033 0.440805967
JA:/rcc/ccrf: 0.000000000 0.402259737 0.597740263
JA:/rcc/r: 0.000000000 0.741872763 0.258127237
JA:/rcf/c: 0.600638934 0.399361066 0.000000000
JA:/rcf/r: 0.000000000 0.083841364 0.916158636
JJ:/ccc/c: 0.581510800 0.418489200 0.000000000
JJ:/ccc/ccrc: 0.000000000 0.763876803 0.236123197
JJ:/ccc/ccrf: 0.000000000 0.975275217 0.024724783
JJ:/ccc/r: 0.000000000 0.916409341 0.083590659
JJ:/ccrcc/c: 0.797485922 0.202514078 0.000000000
JJ:/ccrcc/ccrc: 0.000000000 0.794925622 0.205074378
JJ:/ccrcc/ccrf: 0.000000000 1.000000000 0.000000000
JJ:/ccrcc/r: 0.000000000 1.000000000 0.000000000
JJ:/ccrfc/: 0.121749351 0.878250649 0.000000000
JJ:/ccrfc/cr: 0.000000000 0.949140858 0.050859142
JJ:/crcc/c: 0.645453101 0.354546899 0.000000000
JJ:/crcc/ccrc: 0.000000000 0.547974564 0.452025436
JJ:/crcc/ccrf: 0.000000000 0.233387367 0.766612633
JJ:/crcc/r: 0.000000000 0.489364416 0.510635584
JJ:/crcf/: 0.753880097 0.246119903 0.000000000
JJ:/crcf/cr: 0.000000000 1.000000000 0.000000000
JJ:/crfc/c: 0.336182129 0.663817871 0.000000000
JJ:/crfc/r: 0.000000000 0.666847220 0.333152780
JJ:/rcc/c: 1.000000000 0.000000000 0.000000000
JJ:/rcc/ccrc: 0.000000000 1.000000000 0.000000000
JJ:/rcc/ccrf: 0.000000000 0.659253583 0.340746417
JJ:/rcc/r: 0.000000000 1.000000000 0.000000000
JJ:/rcf/c: 0.954151740 0.045848260 0.000000000
JJ:/rcf/r: 0.000000000 1.000000000 0.000000000
JK:/ccc/c: 0.309593414 0.690406586 0.000000000
JK:/ccc/ccrc: 0.000000000 0.358927901 0.641072099
JK:/ccc/ccrf: 0.000000000 0.425149295 0.574850705
JK:/ccc/r: 0.000000000 0.373626528 0.626373472
JK:/ccrcc/c: 0.369202603 0.630797397 0.000000000
JK:/ccrcc/ccrc: 0.000000000 0.294080609 0.705919391
JK:/ccrcc/ccrf: 0.000000000 0.463944302 0.536055698
JK:/ccrcc/r: 0.000000000 0.154397430 0.845602570
JK:/ccrfc/: 0.631399664 0.368600336 0.000000000
JK:/ccrfc/cr: 0.000000000 0.011820263 0.988179737
JK:/crcc/c: 0.205817884 0.794182116 0.000000000
JK:/crcc/ccrc: 0.000000000 0.411668776 0.588331224
JK:/crcc/ccrf: 0.000000000 0.422020284 0.577979716
JK:/crcc/r: 0.000000000 0.345789774 0.654210226
JK:/crcf/: 0.999208541 0.000791459 0.000000000
JK:/crcf/cr: 0.000000000 0.000000000 1.000000000
JK:/crfc/c: 0.635806342 0.364193658 0.000000000
JK:/crfc/r: 0.000000000 0.900980545 0.099019455
JK:/rcc/c: 0.531222436 0.468777564 0.000000000
JK:/rcc/ccrc: 0.000000000 0.581322230 0.418677770
JK:/rcc/ccrf: 0.000000000 0.613232768 0.386767232
JK:/rcc/r: 0.000000000 0.607049118 0.392950882
JK:/rcf/c: 0.530855290 0.469144710 0.000000000
JK:/rcf/r: 0.000000000 0.472605856 0.527394144
JQ:/ccc/c: 0.311820036 0.688179964 0.000000000
JQ:/ccc/ccrc: 0.000000000 0.751324467 0.248675533
JQ:/ccc/ccrf: 0.000000000 0.637753640 0.362246360
JQ:/ccc/r: 0.000000000 0.583835587 0.416164413
JQ:/ccrcc/c: 0.983174695 0.016825305 0.000000000
JQ:/ccrcc/ccrc: 0.000000000 0.179957284 0.820042716
JQ:/ccrcc/ccrf: 0.000000000 0.855136794 0.144863206
JQ:/ccrcc/r: 0.000000000 0.655168446 0.344831554
JQ:/ccrfc/: 0.731838726 0.268161274 0.000000000
JQ:/ccrfc/cr: 0.000000000 0.051545281 0.948454719
JQ:/crcc/c: 0.455537881 0.544462119 0.000000000
JQ:/crcc/ccrc: 0.000000000 0.690103847 0.309896153
JQ:/crcc/ccrf: 0.000000000 0.869537047 0.130462953
JQ:/crcc/r: 0.000000000 0.454050623 0.545949377
JQ:/crcf/: 0.956694378 0.043305622 0.000000000
JQ:/crcf/cr: 0.000000000 0.421322823 0.578677177
JQ:/crfc/c: 0.550711985 0.449288015 0.000000000
JQ:/crfc/r: 0.000000000 0.798424493 0.201575507
JQ:/rcc/c: 0.523402708 0.476597292 0.000000000
JQ:/rcc/ccrc: 0.000000000 0.039125024 0.960874976
JQ:/rcc/ccrf: 0.000000000 0.755672206 0.244327794
JQ:/rcc/r: 0.000000000 0.308681980 0.691318020
JQ:/rcf/c: 0.373871953 0.626128047 0.000000000
JQ:/rcf/r: 0.000000000 0.514395695 0.485604305
K:/c: 0.902636890 0.097363110 0.000000000
K:/ccrc: 0.000000000 1.000000000 0.000000000
K:/ccrf: 0.000000000 1.000000000 0.000000000
K:/r: 0.000000000 1.000000000 0.000000000
KA:/ccc/c: 0.437025062 0.562974938 0.000000000
KA:/ccc/ccrc: 0.000000000 0.962513364 0.037486636
KA:/ccc/ccrf: 0.000000000 0.843905762 0.156094238
KA:/ccc/r: 0.000000000 1.000000000 0.000000000
KA:/ccrcc/c: 0.697391938 0.302608062 0.000000000
KA:/ccrcc/ccrc: 0.000000000 1.000000000 0.000000000
KA:/ccrcc/ccrf: 0.000000000 1.000000000 0.000000000
KA:/ccrcc/r: 0.000000000 1.000000000 0.000000000
KA:/ccrfc/: 0.292931446 0.707068554 0.000000000
KA:/ccrfc/cr: 0.000000000 1.000000000 0.000000000
KA:/crcc/c: 0.400038169 0.599961831 0.000000000
KA:/crcc/ccrc: 0.000000000 0.712190580 0.287809420
KA:/crcc/ccrf: 0.000000000 0.906768800 0.093231200
KA:/crcc/r: 0.000000000 0.599945656 0.400054344
KA:/crcf/: 0.545830151 0.454169849 0.000000000
KA:/crcf/cr: 0.000000000 1.000000000 0.000000000
KA:/crfc/c: 0.725184515 0.274815485 0.000000000
KA:/crfc/r: 0.000000000 0.943527990 0.056472010
KA:/rcc/c: 0.292651797 0.707348203 0.000000000
KA:/rcc/ccrc: 0.000000000 0.507621254 0.492378746
KA:/rcc/ccrf: 0.000000000 0.502021897 0.497978103
KA:/rcc/r: 0.000000000 0.436500209 0.563499791
KA:/rcf/c: 0.525598126 0.474401874 0.000000000
KA:/rcf/r: 0.000000000 0.661629744 0.338370256
KJ:/ccc/c: 0.723005831 0.276994169 0.000000000
KJ:/ccc/ccrc: 0.000000000 0.099927292 0.900072708
KJ:/ccc/ccrf: 0.000000000 0.209248248 0.790751752
KJ:/ccc/r: 0.000000000 0.653756257 0.346243743
KJ:/ccrcc/c: 1.000000000 0.000000000 0.000000000
KJ:/ccrcc/ccrc: 0.000000000 0.514798470 0.485201530
KJ:/ccrcc/ccrf: 0.000000000 0.620617462 0.379382538
KJ:/ccrcc/r: 0.000000000 1.000000000 0.000000000
KJ:/ccrfc/: 0.663645476 0.336354524 0.000000000
KJ:/ccrfc/cr: 0.000000000 0.303224098 0.696775902
KJ:/crcc/c: 0.300624849 0.699375151 0.000000000
KJ:/crcc/ccrc: 0.000000000 0.353712407 0.646287593
KJ:/crcc/ccrf: 0.000000000 0.907757634 0.092242366
KJ:/crcc/r: 0.000000000 0.840613622 0.159386378
KJ:/crcf/: 0.793701652 0.206298348 0.000000000
KJ:/crcf/cr: 0.000000000 0.919915896 0.080084104
KJ:/crfc/c: 0.200648183 0.799351817 0.000000000
KJ:/crfc/r: 0.000000000 0.318697106 0.681302894
KJ:/rcc/c: 0.473647542 0.526352458 0.000000000
KJ:/rcc/ccrc: 0.000000000 0.801755977 0.198244023
KJ:/rcc/ccrf: 0.000000000 0.371525662 0.628474338
KJ:/rcc/r: 0.000000000 0.321073286 0.678926714
KJ:/rcf/c: 0.615113118 0.384886882 0.000000000
KJ:/rcf/r: 0.000000000 0.734821246 0.265178754
KK:/ccc/c: 0.731210666 0.268789334 0.000000000
KK:/ccc/ccrc: 0.000000000 0.969577721 0.030422279
KK:/ccc/ccrf: 0.000000000 0.641221727 0.358778273
KK:/ccc/r: 0.000000000 1.000000000 0.000000000
KK:/ccrcc/c: 0.435259264 0.564740736 0.000000000
KK:/ccrcc/ccrc: 0.000000000 1.000000000 0.000000000
KK:/ccrcc/ccrf: 0.000000000 0.902868429 0.097131571
KK:/ccrcc/r: 0.000000000 1.000000000 0.000000000
KK:/ccrfc/: 0.524975123 0.475024877 0.000000000
KK:/ccrfc/cr: 0.000000000 0.911855521 0.088144479
KK:/crcc/c: 0.501363528 0.498636472 0.000000000
KK:/crcc/ccrc: 0.000000000 0.325301072 0.674698928
KK:/crcc/ccrf: 0.000000000 0.074183557 0.925816443
KK:/crcc/r: 0.000000000 0.977714542 0.022285458
KK:/crcf/: 0.911446211 0.088553789 0.000000000
KK:/crcf/cr: 0.000000000 1.000000000 0.000000000
KK:/crfc/c: 0.633689246 0.366310754 0.000000000
KK:/crfc/r: 0.000000000 1.000000000 0.000000000
KK:/rcc/c: 0.747083198 0.252916802 0.000000000
KK:/rcc/ccrc: 0.000000000 0.241480475 0.758519525
KK:/rcc/ccrf: 0.000000000 1.000000000 0.000000000
KK:/rcc/r: 0.000000000 1.000000000 0.000000000
KK:/rcf/c: 0.982426448 0.017573552 0.000000000
KK:/rcf/r: 0.000000000 1.000000000 0.000000000
KQ:/ccc/c: 0.560975717 0.439024283 0.000000000
KQ:/ccc/ccrc: 0.000000000 0.241996988 0.758003012
KQ:/ccc/ccrf: 0.000000000 0.545717203 0.454282797
KQ:/ccc/r: 0.000000000 0.494203665 0.505796335
KQ:/ccrcc/c: 0.370675996 0.629324004 0.000000000
KQ:/ccrcc/ccrc: 0.000000000 0.537736029 0.462263971
KQ:/ccrcc/ccrf: 0.000000000 0.470425078 0.529574922
KQ:/ccrcc/r: 0.000000000 0.632682706 0.367317294
KQ:/ccrfc/: 0.305704495 0.694295505 0.000000000
KQ:/ccrfc/cr: 0.000000000 0.264061091 0.735938909
KQ:/crcc/c: 0.579444519 0.420555481 0.000000000
KQ:/crcc/ccrc: 0.000000000 0.770579477 0.229420523
KQ:/crcc/ccrf: 0.000000000 0.229695950 0.770304050
KQ:/crcc/r: 0.000000000 0.652031281 0.347968719
KQ:/crcf/: 0.217312296 0.782687704 0.000000000
KQ:/crcf/cr: 0.000000000 0.812773033 0.187226967
KQ:/crfc/c: 0.095235777 0.904764223 0.000000000
KQ:/crfc/r: 0.000000000 0.906876401 0.093123599
KQ:/rcc/c: 0.698204296 0.301795704 0.000000000
KQ:/rcc/ccrc: 0.000000000 0.180055407 0.819944593
KQ:/rcc/ccrf: 0.000000000 0.485292306 0.514707694
KQ:/rcc/r: 0.000000000 0.008870160 0.991129840
KQ:/rcf/c: 0.511493935 0.488506065 0.000000000
KQ:/rcf/r: 0.000000000 0.557500841 0.442499159
Q:/c: 0.701369108 0.298630892 0.000000000
Q:/ccrc: 0.000000000 0.200807883 0.799192117
Q:/ccrf: 0.000000000 1.000000000 0.000000000
Q:/r: 0.000000000 1.000000000 0.000000000
QA:/ccc/c: 0.771144596 0.228855404 0.000000000
QA:/ccc/ccrc: 0.000000000 0.663278137 0.336721863
QA:/ccc/ccrf: 0.000000000 0.498858348 0.501141652
QA:/ccc/r: 0.000000000 0.346348992 0.653651008
QA:/ccrcc/c: 0.529426550 0.470573450 0.000000000
QA:/ccrcc/ccrc: 0.000000000 0.747703728 0.252296272
QA:/ccrcc/ccrf: 0.000000000 0.778896502 0.221103498
QA:/ccrcc/r: 0.000000000 0.258645533 0.741354467
QA:/ccrfc/: 0.686560186 0.313439814 0.000000000
QA:/ccrfc/cr: 0.000000000 0.626444910 0.373555090
QA:/crcc/c: 0.873545019 0.126454981 0.000000000
QA:/crcc/ccrc: 0.000000000 0.898954890 0.101045110
QA:/crcc/ccrf: 0.000000000 0.856760017 0.143239983
QA:/crcc/r: 0.000000000 0.741812943 0.258187057
QA:/crcf/: 0.429883324 0.570116676 0.000000000
QA:/crcf/cr: 0.000000000 0.473840095 0.526159905
QA:/crfc/c: 0.676948879 0.323051121 0.000000000
QA:/crfc/r: 0.000000000 0.999990348 0.000009652
QA:/rcc/c: 0.392545415 0.607454585 0.000000000
QA:/rcc/ccrc: 0.000000000 0.052765815 0.947234185
QA:/rcc/ccrf: 0.000000000 0.029503240 0.970496760
QA:/rcc/r: 0.000000000 0.733897791 0.266102209
QA:/rcf/c: 0.204335971 0.795664029 0.000000000
QA:/rcf/r: 0.000000000 0.564711163 0.435288837
QJ:/ccc/c: 0.802224112 0.197775888 0.000000000
QJ:/ccc/ccrc: 0.000000000 0.274740368 0.725259632
QJ:/ccc/ccrf: 0.000000000 0.672944751 0.327055249
QJ:/ccc/r: 0.000000000 0.297426874 0.702573126
QJ:/ccrcc/c: 0.688917016 0.311082984 0.000000000
QJ:/ccrcc/ccrc: 0.000000000 0.262119774 0.737880226
QJ:/ccrcc/ccrf: 0.000000000 0.421155724 0.578844276
QJ:/ccrcc/r: 0.000000000 0.555758881 0.444241119
QJ:/ccrfc/: 0.538629445 0.461370555 0.000000000
QJ:/ccrfc/cr: 0.000000000 0.271924315 0.728075685
QJ:/crcc/c: 0.273038761 0.726961239 0.000000000
QJ:/crcc/ccrc: 0.000000000 0.129865860 0.870134140
QJ:/crcc/ccrf: 0.000000000 0.531814525 0.468185475
QJ:/crcc/r: 0.000000000 0.263091682 0.736908318
QJ:/crcf/: 0.625689318 0.374310682 0.000000000
QJ:/crcf/cr: 0.000000000 0.569040217 0.430959783
QJ:/crfc/c: 0.501541509 0.498458491 0.000000000
QJ:/crfc/r: 0.000000000 0.055469295 0.944530705
QJ:/rcc/c: 0.568963125 0.431036875 0.000000000
QJ:/rcc/ccrc: 0.000000000 0.371437042 0.628562958
QJ:/rcc/ccrf: 0.000000000 0.428394200 0.571605800
QJ:/rcc/r: 0.000000000 0.540006198 0.459993802
QJ:/rcf/c: 0.284947095 0.715052905 0.000000000
QJ:/rcf/r: 0.000000000 0.188136601 0.811863399
QK:/ccc/c: 0.308463080 0.691536920 0.000000000
QK:/ccc/ccrc: 0.000000000 0.755828133 0.244171867
QK:/ccc/ccrf: 0.000000000 0.195606134 0.804393866
QK:/ccc/r: 0.000000000 0.414147529 0.585852471
QK:/ccrcc/c: 0.249829609 0.750170391 0.000000000
QK:/ccrcc/ccrc: 0.000000000 0.316931155 0.683068845
QK:/ccrcc/ccrf: 0.000000000 0.271499617 0.728500383
QK:/ccrcc/r: 0.000000000 0.406930687 0.593069313
QK:/ccrfc/: 0.594403550 0.405596450 0.000000000
QK:/ccrfc/cr: 0.000000000 0.488858813 0.511141187
QK:/crcc/c: 0.883657113 0.116342887 0.000000000
QK:/crcc/ccrc: 0.000000000 0.533915879 0.466084121
QK:/crcc/ccrf: 0.000000000 0.840738568 0.159261432
QK:/crcc/r: 0.000000000 0.530247081 0.469752919
QK:/crcf/: 0.863287094 0.136712906 0.000000000
QK:/crcf/cr: 0.000000000 0.546063189 0.453936811
QK:/crfc/c: 0.508092669 0.491907331 0.000000000
QK:/crfc/r: 0.000000000 0.944503310 0.055496690
QK:/rcc/c: 0.505885749 0.494114251 0.000000000
QK:/rcc/ccrc: 0.000000000 0.303914938 0.696085062
QK:/rcc/ccrf: 0.000000000 0.683387966 0.316612034
QK:/rcc/r: 0.000000000 0.216289019 0.783710981
QK:/rcf/c: 0.664308843 0.335691157 0.000000000
QK:/rcf/r: 0.000000000 0.249582412 0.750417588
QQ:/ccc/c: 0.835021159 0.164978841 0.000000000
QQ:/ccc/ccrc: 0.000000000 0.836453742 0.163546258
QQ:/ccc/ccrf: 0.000000000 0.743021555 0.256978445
QQ:/ccc/r: 0.000000000 1.000000000 0.000000000
QQ:/ccrcc/c: 0.961904016 0.038095984 0.000000000
QQ:/ccrcc/ccrc: 0.000000000 1.000000000 0.000000000
QQ:/ccrcc/ccrf: 0.000000000 0.993681006 0.006318994
QQ:/ccrcc/r: 0.000000000 1.000000000 0.000000000
QQ:/ccrfc/: 0.773174485 0.226825515 0.000000000
QQ:/ccrfc/cr: 0.000000000 1.000000000 0.000000000
QQ:/crcc/c: 0.257769765 0.742230235 0.000000000
QQ:/crcc/ccrc: 0.000000000 0.546719311 0.453280689
QQ:/crcc/ccrf: 0.000000000 0.516453957 0.483546043
QQ:/crcc/r: 0.000000000 0.616410366 0.383589634
QQ:/crcf/: 0.568610810 0.431389190 0.000000000
QQ:/crcf/cr: 0.000000000 1.000000000 0.000000000
QQ:/crfc/c: 0.058326814 0.941673186 0.000000000
QQ:/crfc/r: 0.000000000 0.654451002 0.345548998
QQ:/rcc/c: 0.611387365 0.388612635 0.000000000
QQ:/rcc/ccrc: 0.000000000 0.695646240 0.304353760
QQ:/rcc/ccrf: 0.000000000 1.000000000 0.000000000
QQ:/rcc/r: 0.000000000 1.000000000 0.000000000
QQ:/rcf/c: 0.482750176 0.517249824 0.000000000
QQ:/rcf/r: 0.000000000 1.000000000 0.000000000
