A:/cc: 0.115490214 0.884509786 0.000000000
A:/cr: 0.000000000 1.000000000 0.000000000
A:/rc: 0.000000000 0.135803271 0.864196729
A:/rf: 0.000000000 0.375687865 0.624312135
AA:/ccc/cc: 0.636661760 0.363338240 0.000000000
AA:/ccc/cr: 0.000000000 0.954924473 0.045075527
AA:/ccc/rc: 0.000000000 1.000000000 0.000000000
AA:/ccc/rf: 0.000000000 0.937782933 0.062217067
AA:/ccrcc/cc: 0.363664477 0.636335523 0.000000000
AA:/ccrcc/cr: 0.000000000 0.766247093 0.233752907
AA:/ccrcc/rc: 0.000000000 1.000000000 0.000000000
AA:/ccrcc/rf: 0.000000000 0.615003312 0.384996688
AA:/ccrcf/c: 0.459807814 0.540192186 0.000000000
AA:/ccrcf/r: 0.000000000 0.755491050 0.244508950
AA:/ccrfc/c: 0.517045043 0.482954957 0.000000000
AA:/ccrfc/r: 0.000000000 0.624487228 0.375512772
AA:/crcc/cc: 0.310154733 0.689845267 0.000000000
AA:/crcc/cr: 0.000000000 0.215313914 0.784686086
AA:/crcc/rc: 0.000000000 0.646240651 0.353759349
AA:/crcc/rf: 0.000000000 0.556651086 0.443348914
AA:/crcf/c: 0.215033898 0.784966102 0.000000000
AA:/crcf/r: 0.000000000 1.000000000 0.000000000
AA:/rcc/cc: 0.713530766 0.286469234 0.000000000
AA:/rcc/cr: 0.000000000 0.869957251 0.130042749
AA:/rcc/rc: 0.000000000 0.923963270 0.076036730
AA:/rcc/rf: 0.000000000 0.382286875 0.617713125
AA:/rfc/c: 0.232742245 0.767257755 0.000000000
AA:/rfc/r: 0.000000000 0.647120325 0.352879675
AJ:/ccc/cc: 0.738126235 0.261873765 0.000000000
AJ:/ccc/cr: 0.000000000 0.995685823 0.004314177
AJ:/ccc/rc: 0.000000000 0.290102670 0.709897330
AJ:/ccc/rf: 0.000000000 0.600901696 0.399098304
AJ:/ccrcc/cc: 0.646898580 0.353101420 0.000000000
AJ:/ccrcc/cr: 0.000000000 0.791944239 0.208055761
AJ:/ccrcc/rc: 0.000000000 0.526324175 0.473675825
AJ:/ccrcc/rf: 0.000000000 0.458911560 0.541088440
AJ:/ccrcf/c: 0.214216458 0.785783542 0.000000000
AJ:/ccrcf/r: 0.000000000 0.811286643 0.188713357
AJ:/ccrfc/c: 0.499863067 0.500136933 0.000000000
AJ:/ccrfc/r: 0.000000000 0.353144395 0.646855605
AJ:/crcc/cc: 0.000000000 1.000000000 0.000000000
AJ:/crcc/cr: 0.000000000 0.185834537 0.814165463
AJ:/crcc/rc: 0.000000000 0.227853753 0.772146247
AJ:/crcc/rf: 0.000000000 0.731968605 0.268031395
AJ:/crcf/c: 0.401100529 0.598899471 0.000000000
AJ:/crcf/r: 0.000000000 0.912193727 0.087806273
AJ:/rcc/cc: 0.604220160 0.395779840 0.000000000
AJ:/rcc/cr: 0.000000000 0.909750670 0.090249330
AJ:/rcc/rc: 0.000000000 0.907983197 0.092016803
AJ:/rcc/rf: 0.000000000 0.184519854 0.815480146
AJ:/rfc/c: 0.482910489 0.517089511 0.000000000
AJ:/rfc/r: 0.000000000 0.258614542 0.741385458
AK:/ccc/cc: 0.382889706 0.617110294 0.000000000
AK:/ccc/cr: 0.000000000 0.856951116 0.143048884
AK:/ccc/rc: 0.000000000 0.601618448 0.398381552
AK:/ccc/rf: 0.000000000 0.412746799 0.587253201
AK:/ccrcc/cc: 0.215811680 0.784188320 0.000000000
AK:/ccrcc/cr: 0.000000000 0.999989284 0.000010716
AK:/ccrcc/rc: 0.000000000 0.790966352 0.209033648
AK:/ccrcc/rf: 0.000000000 0.277836426 0.722163574
AK:/ccrcf/c: 0.287899441 0.712100559 0.000000000
AK:/ccrcf/r: 0.000000000 0.513465735 0.486534265
AK:/ccrfc/c: 0.477725464 0.522274536 0.000000000
AK:/ccrfc/r: 0.000000000 0.787438099 0.212561901
AK:/crcc/cc: 0.600149568 0.399850432 0.000000000
AK:/crcc/cr: 0.000000000 0.853165792 0.146834208
AK:/crcc/rc: 0.000000000 0.497068286 0.502931714
AK:/crcc/rf: 0.000000000 0.408057395 0.591942605
AK:/crcf/c: 0.897648229 0.102351771 0.000000000
AK:/crcf/r: 0.000000000 0.999940774 0.000059226
AK:/rcc/cc: 0.450772311 0.549227689 0.000000000
AK:/rcc/cr: 0.000000000 0.829300949 0.170699051
AK:/rcc/rc: 0.000000000 0.873836268 0.126163732
AK:/rcc/rf: 0.000000000 0.584920089 0.415079911
AK:/rfc/c: 0.426649450 0.573350550 0.000000000
AK:/rfc/r: 0.000000000 0.433059482 0.566940518
AQ:/ccc/cc: 0.300068926 0.699931074 0.000000000
AQ:/ccc/cr: 0.000000000 0.762865133 0.237134867
AQ:/ccc/rc: 0.000000000 0.921529007 0.078470993
AQ:/ccc/rf: 0.000000000 0.811863628 0.188136372
AQ:/ccrcc/cc: 0.921375114 0.078624886 0.000000000
AQ:/ccrcc/cr: 0.000000000 1.000000000 0.000000000
AQ:/ccrcc/rc: 0.000000000 0.571031100 0.428968900
AQ:/ccrcc/rf: 0.000000000 0.678079259 0.321920741
AQ:/ccrcf/c: 0.383520724 0.616479276 0.000000000
AQ:/ccrcf/r: 0.000000000 0.554132338 0.445867662
AQ:/ccrfc/c: 0.575397986 0.424602014 0.000000000
AQ:/ccrfc/r: 0.000000000 0.950503118 0.049496882
AQ:/crcc/cc: 0.663125353 0.336874647 0.000000000
AQ:/crcc/cr: 0.000000000 0.470446364 0.529553636
AQ:/crcc/rc: 0.000000000 0.196381917 0.803618083
AQ:/crcc/rf: 0.000000000 0.753395824 0.246604176
AQ:/crcf/c: 0.723680108 0.276319892 0.000000000
AQ:/crcf/r: 0.000000000 0.999870368 0.000129632
AQ:/rcc/cc: 0.090084008 0.909915992 0.000000000
AQ:/rcc/cr: 0.000000000 0.866825016 0.133174984
AQ:/rcc/rc: 0.000000000 0.688183567 0.311816433
AQ:/rcc/rf: 0.000000000 0.456941499 0.543058501
AQ:/rfc/c: 0.546260626 0.453739374 0.000000000
AQ:/rfc/r: 0.000000000 0.284647713 0.715352287
J:/cc: 0.000000000 1.000000000 0.000000000
J:/cr: 0.000000000 0.945728013 0.054271987
J:/rc: 0.000000000 0.002877475 0.997122525
J:/rf: 0.000000000 0.577148317 0.422851683
JA:/ccc/cc: 0.759809377 0.240190623 0.000000000
JA:/ccc/cr: 0.000000000 0.476824575 0.523175425
JA:/ccc/rc: 0.000000000 0.000000000 1.000000000
JA:/ccc/rf: 0.000000000 0.668181170 0.331818830
JA:/ccrcc/cc: 0.196327840 0.803672160 0.000000000
JA:/ccrcc/cr: 0.000000000 0.849596461 0.150403539
JA:/ccrcc/rc: 0.000000000 0.337331877 0.662668123
JA:/ccrcc/rf: 0.000000000 0.272273688 0.727726312
JA:/ccrcf/c: 0.772554808 0.227445192 0.000000000
JA:/ccrcf/r: 0.000000000 0.508404908 0.491595092
JA:/ccrfc/c: 0.630546440 0.369453560 0.000000000
JA:/ccrfc/r: 0.000000000 0.444399264 0.555600736
JA:/crcc/cc: 0.778001686 0.221998314 0.000000000
JA:/crcc/cr: 0.000000000 0.327998751 0.672001249
JA:/crcc/rc: 0.000000000 0.400471621 0.599528379
JA:/crcc/rf: 0.000000000 0.657175052 0.342824948
JA:/crcf/c: 0.699086535 0.300913465 0.000000000
JA:/crcf/r: 0.000000000 0.416457435 0.583542565
JA:/rcc/cc: 0.433843831 0.566156169 0.000000000
JA:/rcc/cr: 0.000000000 0.000000000 1.000000000
JA:/rcc/rc: 0.000000000 0.776909153 0.223090847
JA:/rcc/rf: 0.000000000 0.050191076 0.949808924
JA:/rfc/c: 0.529869050 0.470130950 0.000000000
JA:/rfc/r: 0.000000000 0.477665397 0.522334603
JJ:/ccc/cc: 0.691923241 0.308076759 0.000000000
JJ:/ccc/cr: 0.000000000 0.843847730 0.156152270
JJ:/ccc/rc: 0.000000000 0.842237541 0.157762459
JJ:/ccc/rf: 0.000000000 0.453213988 0.546786012
JJ:/ccrcc/cc: 0.411904690 0.588095310 0.000000000
JJ:/ccrcc/cr: 0.000000000 0.467200521 0.532799479
JJ:/ccrcc/rc: 0.000000000 0.953901068 0.046098932
JJ:/ccrcc/rf: 0.000000000 0.877007823 0.122992177
JJ:/ccrcf/c: 0.219027662 0.780972338 0.000000000
JJ:/ccrcf/r: 0.000000000 0.788450683 0.211549317
JJ:/ccrfc/c: 0.107136731 0.892863269 0.000000000
JJ:/ccrfc/r: 0.000000000 1.000000000 0.000000000
JJ:/crcc/cc: 0.566121678 0.433878322 0.000000000
JJ:/crcc/cr: 0.000000000 0.301122788 0.698877212
JJ:/crcc/rc: 0.000000000 0.126043328 0.873956672
JJ:/crcc/rf: 0.000000000 0.839453131 0.160546869
JJ:/crcf/c: 0.618612498 0.381387502 0.000000000
JJ:/crcf/r: 0.000000000 1.000000000 0.000000000
JJ:/rcc/cc: 0.361413234 0.638586766 0.000000000
JJ:/rcc/cr: 0.000000000 1.000000000 0.000000000
JJ:/rcc/rc: 0.000000000 0.709978228 0.290021772
JJ:/rcc/rf: 0.000000000 0.448026067 0.551973933
JJ:/rfc/c: 0.304323625 0.695676375 0.000000000
JJ:/rfc/r: 0.000000000 0.432798041 0.567201959
JK:/ccc/cc: 0.174530155 0.825469845 0.000000000
JK:/ccc/cr: 0.000000000 0.026290417 0.973709583
JK:/ccc/rc: 0.000000000 0.308915944 0.691084056
JK:/ccc/rf: 0.000000000 0.745368208 0.254631792
JK:/ccrcc/cc: 0.904602483 0.095397517 0.000000000
JK:/ccrcc/cr: 0.000000000 0.083696707 0.916303293
JK:/ccrcc/rc: 0.000000000 0.425981159 0.574018841
JK:/ccrcc/rf: 0.000000000 0.771023495 0.228976505
JK:/ccrcf/c: 0.613118279 0.386881721 0.000000000
JK:/ccrcf/r: 0.000000000 0.403194934 0.596805066
JK:/ccrfc/c: 0.228960182 0.771039818 0.000000000
JK:/ccrfc/r: 0.000000000 0.069833621 0.930166379
JK:/crcc/cc: 0.345381999 0.654618001 0.000000000
JK:/crcc/cr: 0.000000000 0.423943022 0.576056978
JK:/crcc/rc: 0.000000000 0.933435514 0.066564486
JK:/crcc/rf: 0.000000000 0.555587757 0.444412243
JK:/crcf/c: 0.173859166 0.826140834 0.000000000
JK:/crcf/r: 0.000000000 0.106908625 0.893091375
JK:/rcc/cc: 0.290271976 0.709728024 0.000000000
JK:/rcc/cr: 0.000000000 0.933304896 0.066695104
JK:/rcc/rc: 0.000000000 0.168812152 0.831187848
JK:/rcc/rf: 0.000000000 0.343432596 0.656567404
JK:/rfc/c: 0.362351118 0.637648882 0.000000000
JK:/rfc/r: 0.000000000 0.763121027 0.236878973
JQ:/ccc/cc: 0.884386154 0.115613846 0.000000000
JQ:/ccc/cr: 0.000000000 0.760576650 0.239423350
JQ:/ccc/rc: 0.000000000 0.258253209 0.741746791
JQ:/ccc/rf: 0.000000000 0.386725344 0.613274656
JQ:/ccrcc/cc: 0.462548078 0.537451922 0.000000000
JQ:/ccrcc/cr: 0.000000000 0.227877598 0.772122402
JQ:/ccrcc/rc: 0.000000000 0.366845437 0.633154563
JQ:/ccrcc/rf: 0.000000000 0.529388448 0.470611552
JQ:/ccrcf/c: 0.455543826 0.544456174 0.000000000
JQ:/ccrcf/r: 0.000000000 0.452253267 0.547746733
JQ:/ccrfc/c: 0.154154777 0.845845223 0.000000000
JQ:/ccrfc/r: 0.000000000 0.360774254 0.639225746
JQ:/crcc/cc: 0.419347143 0.580652857 0.000000000
JQ:/crcc/cr: 0.000000000 0.069843172 0.930156828
JQ:/crcc/rc: 0.000000000 0.199176556 0.800823444
JQ:/crcc/rf: 0.000000000 0.488334070 0.511665930
JQ:/crcf/c: 0.319252802 0.680747198 0.000000000
JQ:/crcf/r: 0.000000000 0.434852508 0.565147492
JQ:/rcc/cc: 0.530485239 0.469514761 0.000000000
JQ:/rcc/cr: 0.000000000 0.870570491 0.129429509
JQ:/rcc/rc: 0.000000000 0.520170136 0.479829864
JQ:/rcc/rf: 0.000000000 0.439502971 0.560497029
JQ:/rfc/c: 0.557479905 0.442520095 0.000000000
JQ:/rfc/r: 0.000000000 0.610897875 0.389102125
K:/cc: 0.972214874 0.027785126 0.000000000
K:/cr: 0.000000000 1.000000000 0.000000000
K:/rc: 0.000000000 0.000000000 1.000000000
K:/rf: 0.000000000 0.232555761 0.767444239
KA:/ccc/cc: 0.386042183 0.613957817 0.000000000
KA:/ccc/cr: 0.000000000 0.375491095 0.624508905
KA:/ccc/rc: 0.000000000 1.000000000 0.000000000
KA:/ccc/rf: 0.000000000 0.815204608 0.184795392
KA:/ccrcc/cc: 0.532421486 0.467578514 0.000000000
KA:/ccrcc/cr: 0.000000000 0.985038541 0.014961459
KA:/ccrcc/rc: 0.000000000 1.000000000 0.000000000
KA:/ccrcc/rf: 0.000000000 0.300668913 0.699331087
KA:/ccrcf/c: 0.614188861 0.385811139 0.000000000
KA:/ccrcf/r: 0.000000000 0.573467262 0.426532738
KA:/ccrfc/c: 0.929991303 0.070008697 0.000000000
KA:/ccrfc/r: 0.000000000 0.805039187 0.194960813
KA:/crcc/cc: 0.210874022 0.789125978 0.000000000
KA:/crcc/cr: 0.000000000 0.489357435 0.510642565
KA:/crcc/rc: 0.000000000 0.144603614 0.855396386
KA:/crcc/rf: 0.000000000 0.419899687 0.580100313
KA:/crcf/c: 0.318980980 0.681019020 0.000000000
KA:/crcf/r: 0.000000000 0.732786242 0.267213758
KA:/rcc/cc: 0.342892297 0.657107703 0.000000000
KA:/rcc/cr: 0.000000000 1.000000000 0.000000000
KA:/rcc/rc: 0.000000000 0.371673433 0.628326567
KA:/rcc/rf: 0.000000000 0.441598514 0.558401486
KA:/rfc/c: 0.344967017 0.655032983 0.000000000
KA:/rfc/r: 0.000000000 0.476791522 0.523208478
KJ:/ccc/cc: 0.913813270 0.086186730 0.000000000
KJ:/ccc/cr: 0.000000000 0.020584689 0.979415311
KJ:/ccc/rc: 0.000000000 0.902582780 0.097417220
KJ:/ccc/rf: 0.000000000 0.252200156 0.747799844
KJ:/ccrcc/cc: 0.632222673 0.367777327 0.000000000
KJ:/ccrcc/cr: 0.000000000 0.676562330 0.323437670
KJ:/ccrcc/rc: 0.000000000 0.602098559 0.397901441
KJ:/ccrcc/rf: 0.000000000 0.579185017 0.420814983
KJ:/ccrcf/c: 0.288479340 0.711520660 0.000000000
KJ:/ccrcf/r: 0.000000000 0.460036662 0.539963338
KJ:/ccrfc/c: 0.654723264 0.345276736 0.000000000
KJ:/ccrfc/r: 0.000000000 0.607687068 0.392312932
KJ:/crcc/cc: 0.171261975 0.828738025 0.000000000
KJ:/crcc/cr: 0.000000000 0.587218965 0.412781035
KJ:/crcc/rc: 0.000000000 0.505762121 0.494237879
KJ:/crcc/rf: 0.000000000 0.689883568 0.310116432
KJ:/crcf/c: 0.401174460 0.598825540 0.000000000
KJ:/crcf/r: 0.000000000 0.729468046 0.270531954
KJ:/rcc/cc: 0.451041084 0.548958916 0.000000000
KJ:/rcc/cr: 0.000000000 0.328910152 0.671089848
KJ:/rcc/rc: 0.000000000 0.616040904 0.383959096
KJ:/rcc/rf: 0.000000000 0.424189309 0.575810691
KJ:/rfc/c: 0.713321580 0.286678420 0.000000000
KJ:/rfc/r: 0.000000000 0.526427159 0.473572841
KK:/ccc/cc: 0.793141442 0.206858558 0.000000000
KK:/ccc/cr: 0.000000000 0.838659264 0.161340736
KK:/ccc/rc: 0.000000000 0.704347621 0.295652379
KK:/ccc/rf: 0.000000000 0.400779153 0.599220847
KK:/ccrcc/cc: 0.253820822 0.746179178 0.000000000
KK:/ccrcc/cr: 0.000000000 0.704690240 0.295309760
KK:/ccrcc/rc: 0.000000000 1.000000000 0.000000000
KK:/ccrcc/rf: 0.000000000 0.282288610 0.717711390
KK:/ccrcf/c: 0.363499348 0.636500652 0.000000000
KK:/ccrcf/r: 0.000000000 0.216592608 0.783407392
KK:/ccrfc/c: 0.409076711 0.590923289 0.000000000
KK:/ccrfc/r: 0.000000000 0.304841547 0.695158453
KK:/crcc/cc: 0.600200819 0.399799181 0.000000000
KK:/crcc/cr: 0.000000000 0.137502540 0.862497460
KK:/crcc/rc: 0.000000000 0.000078527 0.999921473
KK:/crcc/rf: 0.000000000 0.416652807 0.583347193
KK:/crcf/c: 0.819357963 0.180642037 0.000000000
KK:/crcf/r: 0.000000000 0.971391319 0.028608681
KK:/rcc/cc: 0.438967186 0.561032814 0.000000000
KK:/rcc/cr: 0.000000000 0.458350895 0.541649105
KK:/rcc/rc: 0.000000000 0.455603055 0.544396945
KK:/rcc/rf: 0.000000000 0.824704985 0.175295015
KK:/rfc/c: 0.280722581 0.719277419 0.000000000
KK:/rfc/r: 0.000000000 0.014606755 0.985393245
KQ:/ccc/cc: 0.923578917 0.076421083 0.000000000
KQ:/ccc/cr: 0.000000000 0.426293350 0.573706650
KQ:/ccc/rc: 0.000000000 0.328060487 0.671939513
KQ:/ccc/rf: 0.000000000 0.554745246 0.445254754
KQ:/ccrcc/cc: 0.729765865 0.270234135 0.000000000
KQ:/ccrcc/cr: 0.000000000 0.558962273 0.441037727
KQ:/ccrcc/rc: 0.000000000 0.464580784 0.535419216
KQ:/ccrcc/rf: 0.000000000 0.215388567 0.784611433
KQ:/ccrcf/c: 0.398879980 0.601120020 0.000000000
KQ:/ccrcf/r: 0.000000000 0.143728815 0.856271185
KQ:/ccrfc/c: 0.623966769 0.376033231 0.000000000
KQ:/ccrfc/r: 0.000000000 0.595370096 0.404629904
KQ:/crcc/cc: 0.740708232 0.259291768 0.000000000
KQ:/crcc/cr: 0.000000000 0.046686684 0.953313316
KQ:/crcc/rc: 0.000000000 0.265490958 0.734509042
KQ:/crcc/rf: 0.000000000 0.441932524 0.558067476
KQ:/crcf/c: 0.737134450 0.262865550 0.000000000
KQ:/crcf/r: 0.000000000 0.693991106 0.306008894
KQ:/rcc/cc: 0.434031324 0.565968676 0.000000000
KQ:/rcc/cr: 0.000000000 0.322954775 0.677045225
KQ:/rcc/rc: 0.000000000 0.097926380 0.902073620
KQ:/rcc/rf: 0.000000000 0.671342141 0.328657859
KQ:/rfc/c: 0.373881599 0.626118401 0.000000000
KQ:/rfc/r: 0.000000000 0.640282618 0.359717382
Q:/cc: 0.365597349 0.634402651 0.000000000
Q:/cr: 0.000000000 1.000000000 0.000000000
Q:/rc: 0.000000000 0.000000000 1.000000000
Q:/rf: 0.000000000 0.794019654 0.205980346
QA:/ccc/cc: 0.263240935 0.736759065 0.000000000
QA:/ccc/cr: 0.000000000 0.849109721 0.150890279
QA:/ccc/rc: 0.000000000 0.348957612 0.651042388
QA:/ccc/rf: 0.000000000 0.536722288 0.463277712
QA:/ccrcc/cc: 0.321519255 0.678480745 0.000000000
QA:/ccrcc/cr: 0.000000000 0.780205099 0.219794901
QA:/ccrcc/rc: 0.000000000 0.425296408 0.574703592
QA:/ccrcc/rf: 0.000000000 0.264179916 0.735820084
QA:/ccrcf/c: 0.875607473 0.124392527 0.000000000
QA:/ccrcf/r: 0.000000000 0.831029218 0.168970782
QA:/ccrfc/c: 0.829243000 0.170757000 0.000000000
QA:/ccrfc/r: 0.000000000 0.746918519 0.253081481
QA:/crcc/cc: 0.810030685 0.189969315 0.000000000
QA:/crcc/cr: 0.000000000 0.793022514 0.206977486
QA:/crcc/rc: 0.000000000 0.574324828 0.425675172
QA:/crcc/rf: 0.000000000 0.649352788 0.350647212
QA:/crcf/c: 0.594201474 0.405798526 0.000000000
QA:/crcf/r: 0.000000000 0.518532562 0.481467438
QA:/rcc/cc: 0.226345768 0.773654232 0.000000000
QA:/rcc/cr: 0.000000000 0.720678620 0.279321380
QA:/rcc/rc: 0.000000000 0.294376259 0.705623741
QA:/rcc/rf: 0.000000000 0.481973606 0.518026394
QA:/rfc/c: 0.819028677 0.180971323 0.000000000
QA:/rfc/r: 0.000000000 0.485165851 0.514834149
QJ:/ccc/cc: 0.777636012 0.222363988 0.000000000
QJ:/ccc/cr: 0.000000000 0.149140528 0.850859472
QJ:/ccc/rc: 0.000000000 0.614090489 0.385909511
QJ:/ccc/rf: 0.000000000 0.139340978 0.860659022
QJ:/ccrcc/cc: 0.512593721 0.487406279 0.000000000
QJ:/ccrcc/cr: 0.000000000 0.500773394 0.499226606
QJ:/ccrcc/rc: 0.000000000 0.714489852 0.285510148
QJ:/ccrcc/rf: 0.000000000 0.765034618 0.234965382
QJ:/ccrcf/c: 0.587787858 0.412212142 0.000000000
QJ:/ccrcf/r: 0.000000000 0.473583269 0.526416731
QJ:/ccrfc/c: 0.549006854 0.450993146 0.000000000
QJ:/ccrfc/r: 0.000000000 0.583324739 0.416675261
QJ:/crcc/cc: 0.545967826 0.454032174 0.000000000
QJ:/crcc/cr: 0.000000000 0.525494347 0.474505653
QJ:/crcc/rc: 0.000000000 0.640144641 0.359855359
QJ:/crcc/rf: 0.000000000 0.171698232 0.828301768
QJ:/crcf/c: 0.858034541 0.141965459 0.000000000
QJ:/crcf/r: 0.000000000 0.412991196 0.587008804
QJ:/rcc/cc: 0.505064018 0.494935982 0.000000000
QJ:/rcc/cr: 0.000000000 0.554180375 0.445819625
QJ:/rcc/rc: 0.000000000 0.225379342 0.774620658
QJ:/rcc/rf: 0.000000000 0.842845272 0.157154728
QJ:/rfc/c: 0.763418818 0.236581182 0.000000000
QJ:/rfc/r: 0.000000000 0.581588268 0.418411732
QK:/ccc/cc: 0.283040575 0.716959425 0.000000000
QK:/ccc/cr: 0.000000000 0.760838871 0.239161129
QK:/ccc/rc: 0.000000000 0.514012227 0.485987773
QK:/ccc/rf: 0.000000000 0.368515184 0.631484816
QK:/ccrcc/cc: 0.023483172 0.976516828 0.000000000
QK:/ccrcc/cr: 0.000000000 0.948470874 0.051529126
QK:/ccrcc/rc: 0.000000000 0.747006752 0.252993248
QK:/ccrcc/rf: 0.000000000 0.952537744 0.047462256
QK:/ccrcf/c: 0.957691312 0.042308688 0.000000000
QK:/ccrcf/r: 0.000000000 0.157019095 0.842980905
QK:/ccrfc/c: 0.543633214 0.456366786 0.000000000
QK:/ccrfc/r: 0.000000000 0.840358352 0.159641648
QK:/crcc/cc: 0.134642959 0.865357041 0.000000000
QK:/crcc/cr: 0.000000000 0.493150747 0.506849253
QK:/crcc/rc: 0.000000000 0.369856637 0.630143363
QK:/crcc/rf: 0.000000000 0.971680053 0.028319947
QK:/crcf/c: 0.466064012 0.533935988 0.000000000
QK:/crcf/r: 0.000000000 0.535889493 0.464110507
QK:/rcc/cc: 0.630153250 0.369846750 0.000000000
QK:/rcc/cr: 0.000000000 0.243443599 0.756556401
QK:/rcc/rc: 0.000000000 0.415813146 0.584186854
QK:/rcc/rf: 0.000000000 0.715895572 0.284104428
QK:/rfc/c: 0.293250000 0.706750000 0.000000000
QK:/rfc/r: 0.000000000 0.489018659 0.510981341
QQ:/ccc/cc: 0.262500248 0.737499752 0.000000000
QQ:/ccc/cr: 0.000000000 0.235180774 0.764819226
QQ:/ccc/rc: 0.000000000 0.669162073 0.330837927
QQ:/ccc/rf: 0.000000000 0.007147631 0.992852369
QQ:/ccrcc/cc: 0.646300875 0.353699125 0.000000000
QQ:/ccrcc/cr: 0.000000000 1.000000000 0.000000000
QQ:/ccrcc/rc: 0.000000000 0.835895086 0.164104914
QQ:/ccrcc/rf: 0.000000000 0.602148171 0.397851829
QQ:/ccrcf/c: 0.403815772 0.596184228 0.000000000
QQ:/ccrcf/r: 0.000000000 0.035445271 0.964554729
QQ:/ccrfc/c: 0.602524405 0.397475595 0.000000000
QQ:/ccrfc/r: 0.000000000 0.944326138 0.055673862
QQ:/crcc/cc: 0.503791344 0.496208656 0.000000000
QQ:/crcc/cr: 0.000000000 0.563188252 0.436811748
QQ:/crcc/rc: 0.000000000 0.063608484 0.936391516
QQ:/crcc/rf: 0.000000000 0.383417305 0.616582695
QQ:/crcf/c: 0.314120344 0.685879656 0.000000000
QQ:/crcf/r: 0.000000000 0.971107962 0.028892038
QQ:/rcc/cc: 0.695510224 0.304489776 0.000000000
QQ:/rcc/cr: 0.000000000 1.000000000 0.000000000
QQ:/rcc/rc: 0.000000000 0.439925961 0.560074039
QQ:/rcc/rf: 0.000000000 0.377699779 0.622300221
QQ:/rfc/c: 0.500971811 0.499028189 0.000000000
QQ:/rfc/r: 0.000000000 0.992678205 0.007321795
