A:/: 0.010393277 0.989606723 0.000000000
A:/cccr: 0.994164141 0.005344419 0.000491440
A:/cccrccrc: 0.000000000 0.457119640 0.542880360
A:/cccrccrf: 0.000000000 0.654173271 0.345826729
A:/cccrcfrc: 0.000000000 0.907252838 0.092747162
A:/cccrcfrf: 0.000000000 0.265611502 0.734388498
A:/cccrcrcc: 0.000000000 0.971416577 0.028583423
A:/cccrcrcf: 0.000000000 0.999977841 0.000022159
A:/cccrcrfc: 0.000000000 0.563083938 0.436916062
A:/cccrcrff: 0.000000000 0.592860778 0.407139222
A:/ccrc: 0.589202553 0.377760728 0.033036718
A:/ccrccrcc: 0.000000000 0.610220832 0.389779168
A:/ccrccrcf: 0.000000000 0.579703387 0.420296613
A:/ccrccrfc: 0.000000000 0.653630605 0.346369395
A:/ccrccrff: 0.000000000 0.187604162 0.812395838
A:/ccrf: 0.638363264 0.361636736 0.000000000
A:/ccrfcrc: 0.000000000 0.970595983 0.029404017
A:/ccrfcrf: 0.000000000 0.566974699 0.433025301
A:/ccrr: 0.000000000 0.997920974 0.002079026
A:/crcc: 0.395947716 0.435221073 0.168831211
A:/crcf: 0.439680599 0.560184579 0.000134823
A:/crcr: 0.000000000 0.688070582 0.311929418
A:/crfc: 0.323762671 0.557528992 0.118708337
A:/crff: 0.513017133 0.405510300 0.081472567
A:/crfr: 0.000000000 0.746519485 0.253480515
A:/crrc: 0.000000000 0.943783763 0.056216237
A:/crrf: 0.000000000 0.312605130 0.687394870
A:/rccr: 0.000000000 0.954062072 0.045937928
A:/rcfr: 0.000000000 0.987720426 0.012279574
A:/rcrc: 0.000000000 0.999999948 0.000000052
A:/rcrf: 0.000000000 0.999999999 0.000000001
A:/rfcr: 0.000000000 0.677078819 0.322921181
A:/rffr: 0.000000000 0.951432094 0.048567906
A:/rfrc: 0.000000000 1.000000000 0.000000000
A:/rfrf: 0.000000000 0.651982798 0.348017202
A:/rrcc: 0.000000000 0.999970777 0.000029223
A:/rrcf: 0.000000000 1.000000000 0.000000000
A:/rrfc: 0.000000000 0.829677984 0.170322016
A:/rrff: 0.000000000 0.932683594 0.067316406
J:/: 0.002876768 0.997123232 0.000000000
J:/cccr: 0.002209851 0.000000000 0.997790149
J:/cccrccrc: 0.000000000 0.236871916 0.763128084
J:/cccrccrf: 0.000000000 0.615473922 0.384526078
J:/cccrcfrc: 0.000000000 0.360893410 0.639106590
J:/cccrcfrf: 0.000000000 0.849407486 0.150592514
J:/cccrcrcc: 0.000000000 0.000122354 0.999877646
J:/cccrcrcf: 0.000000000 0.427495465 0.572504535
J:/cccrcrfc: 0.000000000 0.174738196 0.825261804
J:/cccrcrff: 0.000000000 0.876200892 0.123799108
J:/ccrc: 0.189789527 0.334354566 0.475855906
J:/ccrccrcc: 0.000000000 0.519119691 0.480880309
J:/ccrccrcf: 0.000000000 0.306281400 0.693718600
J:/ccrccrfc: 0.000000000 0.866510857 0.133489143
J:/ccrccrff: 0.000000000 0.237388453 0.762611547
J:/ccrf: 0.486244004 0.513755996 0.000000000
J:/ccrfcrc: 0.000000000 0.543486170 0.456513830
J:/ccrfcrf: 0.000000000 0.635102733 0.364897267
J:/ccrr: 0.000000000 0.292446828 0.707553172
J:/crcc: 0.195927874 0.367368334 0.436703792
J:/crcf: 0.000523132 0.319190329 0.680286539
J:/crcr: 0.000000000 0.208204471 0.791795529
J:/crfc: 0.000102992 0.000025500 0.999871508
J:/crff: 0.086644899 0.330760470 0.582594631
J:/crfr: 0.000000000 0.000007502 0.999992498
J:/crrc: 0.000000000 0.450034695 0.549965305
J:/crrf: 0.000000000 0.587314427 0.412685573
J:/rccr: 0.000000000 0.656948455 0.343051545
J:/rcfr: 0.000000000 0.390717624 0.609282376
J:/rcrc: 0.000000000 0.000000000 1.000000000
J:/rcrf: 0.000000000 0.309351602 0.690648398
J:/rfcr: 0.000000000 1.000000000 0.000000000
J:/rffr: 0.000000000 0.000000000 1.000000000
J:/rfrc: 0.000000000 0.000000000 1.000000000
J:/rfrf: 0.000000000 0.008104521 0.991895479
J:/rrcc: 0.000000000 0.000163729 0.999836271
J:/rrcf: 0.000000000 0.000000000 1.000000000
J:/rrfc: 0.000000000 0.686876315 0.313123685
J:/rrff: 0.000000000 0.951605911 0.048394089
K:/: 0.001042037 0.998957963 0.000000000
K:/cccr: 0.002817582 0.000000000 0.997182418
K:/cccrccrc: 0.000000000 0.440027922 0.559972078
K:/cccrccrf: 0.000000000 0.904143074 0.095856926
K:/cccrcfrc: 0.000000000 0.000030986 0.999969014
K:/cccrcfrf: 0.000000000 0.797339398 0.202660602
K:/cccrcrcc: 0.000000000 0.000074484 0.999925516
K:/cccrcrcf: 0.000000000 1.000000000 0.000000000
K:/cccrcrfc: 0.000000000 0.102719563 0.897280437
K:/cccrcrff: 0.000000000 0.647264245 0.352735755
K:/ccrc: 0.632484942 0.277449057 0.090066001
K:/ccrccrcc: 0.000000000 0.919136330 0.080863670
K:/ccrccrcf: 0.000000000 0.668533519 0.331466481
K:/ccrccrfc: 0.000000000 0.431346088 0.568653912
K:/ccrccrff: 0.000000000 0.792688534 0.207311466
K:/ccrf: 0.357551841 0.642448159 0.000000000
K:/ccrfcrc: 0.000000000 0.277105825 0.722894175
K:/ccrfcrf: 0.000000000 0.557006556 0.442993444
K:/ccrr: 0.000000000 0.656408228 0.343591772
K:/crcc: 0.401365526 0.128608769 0.470025705
K:/crcf: 0.292220862 0.340814279 0.366964859
K:/crcr: 0.000000000 0.388542548 0.611457452
K:/crfc: 0.000134086 0.000000000 0.999865914
K:/crff: 0.487443300 0.106706488 0.405850212
K:/crfr: 0.000000000 0.000299606 0.999700394
K:/crrc: 0.000000000 0.845860124 0.154139876
K:/crrf: 0.000000000 0.000000000 1.000000000
K:/rccr: 0.000000000 0.774243059 0.225756941
K:/rcfr: 0.000000000 0.254572646 0.745427354
K:/rcrc: 0.000000000 0.671900556 0.328099444
K:/rcrf: 0.000000000 0.000000000 1.000000000
K:/rfcr: 0.000000000 1.000000000 0.000000000
K:/rffr: 0.000000000 0.000000000 1.000000000
K:/rfrc: 0.000000000 0.000000000 1.000000000
K:/rfrf: 0.000000000 0.508465922 0.491534078
K:/rrcc: 0.000000000 0.000226017 0.999773983
K:/rrcf: 0.000000000 0.000000000 1.000000000
K:/rrfc: 0.000000000 0.767017117 0.232982883
K:/rrff: 0.000000000 0.980116728 0.019883272
Q:/: 0.002999255 0.997000745 0.000000000
Q:/cccr: 0.002788622 0.000000000 0.997211378
Q:/cccrccrc: 0.000000000 0.570074022 0.429925978
Q:/cccrccrf: 0.000000000 0.815427406 0.184572594
Q:/cccrcfrc: 0.000000000 0.707863157 0.292136843
Q:/cccrcfrf: 0.000000000 0.184383731 0.815616269
Q:/cccrcrcc: 0.000000000 0.017733611 0.982266389
Q:/cccrcrcf: 0.000000000 0.429587433 0.570412567
Q:/cccrcrfc: 0.000000000 0.535875261 0.464124739
Q:/cccrcrff: 0.000000000 0.443509857 0.556490143
Q:/ccrc: 0.624703589 0.093723986 0.281572425
Q:/ccrccrcc: 0.000000000 0.732088273 0.267911727
Q:/ccrccrcf: 0.000000000 0.496729698 0.503270302
Q:/ccrccrfc: 0.000000000 0.727295829 0.272704171
Q:/ccrccrff: 0.000000000 0.665547374 0.334452626
Q:/ccrf: 0.781066553 0.218933447 0.000000000
Q:/ccrfcrc: 0.000000000 0.558593920 0.441406080
Q:/ccrfcrf: 0.000000000 0.706478922 0.293521078
Q:/ccrr: 0.000000000 0.385094851 0.614905149
Q:/crcc: 0.221754055 0.317026425 0.461219519
Q:/crcf: 0.186719049 0.377793408 0.435487543
Q:/crcr: 0.000000000 0.719397468 0.280602532
Q:/crfc: 0.000115000 0.000000000 0.999885000
Q:/crff: 0.031634883 0.351546845 0.616818272
Q:/crfr: 0.000000000 0.000007470 0.999992530
Q:/crrc: 0.000000000 0.525435288 0.474564712
Q:/crrf: 0.000000000 0.497817197 0.502182803
Q:/rccr: 0.000000000 0.740633811 0.259366189
Q:/rcfr: 0.000000000 0.191051457 0.808948543
Q:/rcrc: 0.000000000 0.541188599 0.458811401
Q:/rcrf: 0.000000000 0.335170165 0.664829835
Q:/rfcr: 0.000000000 0.953029142 0.046970858
Q:/rffr: 0.000000000 0.000000000 1.000000000
Q:/rfrc: 0.000000000 0.000000000 1.000000000
Q:/rfrf: 0.000000000 0.507506237 0.492493763
Q:/rrcc: 0.000000000 0.000209532 0.999790468
Q:/rrcf: 0.000000000 0.000000000 1.000000000
Q:/rrfc: 0.000000000 0.677836917 0.322163083
Q:/rrff: 0.000000000 0.501772290 0.498227710
T:/: 0.003011093 0.996988907 0.000000000
T:/cccr: 0.001667478 0.000000000 0.998332522
T:/cccrccrc: 0.000000000 0.470577307 0.529422693
T:/cccrccrf: 0.000000000 0.022187821 0.977812179
T:/cccrcfrc: 0.000000000 0.400665146 0.599334854
T:/cccrcfrf: 0.000000000 0.878576301 0.121423699
T:/cccrcrcc: 0.000000000 0.000057526 0.999942474
T:/cccrcrcf: 0.000000000 0.187137236 0.812862764
T:/cccrcrfc: 0.000000000 0.291819807 0.708180193
T:/cccrcrff: 0.000000000 0.822385523 0.177614477
T:/ccrc: 0.142427849 0.296377649 0.561194502
T:/ccrccrcc: 0.000000000 0.162040575 0.837959425
T:/ccrccrcf: 0.000000000 0.989807362 0.010192638
T:/ccrccrfc: 0.000000000 0.390751031 0.609248969
T:/ccrccrff: 0.000000000 0.277383367 0.722616633
T:/ccrf: 0.645597214 0.354402786 0.000000000
T:/ccrfcrc: 0.000000000 0.247663990 0.752336010
T:/ccrfcrf: 0.000000000 0.399958974 0.600041026
T:/ccrr: 0.000000000 0.293869570 0.706130430
T:/crcc: 0.000000000 0.490405825 0.509594175
T:/crcf: 0.026511492 0.136284708 0.837203800
T:/crcr: 0.000000000 0.431975593 0.568024407
T:/crfc: 0.000151382 0.000016666 0.999831952
T:/crff: 0.030779925 0.172924916 0.796295160
T:/crfr: 0.000000000 0.000006702 0.999993298
T:/crrc: 0.000000000 0.427562008 0.572437992
T:/crrf: 0.000000000 0.196973638 0.803026362
T:/rccr: 0.000000000 0.325073213 0.674926787
T:/rcfr: 0.000000000 0.315561614 0.684438386
T:/rcrc: 0.000000000 0.000000000 1.000000000
T:/rcrf: 0.000000000 0.006985345 0.993014655
T:/rfcr: 0.000000000 1.000000000 0.000000000
T:/rffr: 0.000000000 0.029845695 0.970154305
T:/rfrc: 0.000000000 0.000000000 1.000000000
T:/rfrf: 0.000000000 0.436865851 0.563134149
T:/rrcc: 0.000000000 0.000198118 0.999801882
T:/rrcf: 0.000000000 0.000000000 1.000000000
T:/rrfc: 0.000000000 0.714480980 0.285519020
T:/rrff: 0.000000000 0.410451862 0.589548138
