A:/c: 0.012345641 0.987654359 0.000000000
A:/cccrc: 0.571397815 0.290568912 0.138033273
A:/cccrccrcc: 0.000000000 0.613253117 0.386746883
A:/cccrccrcf: 0.000000000 0.747248293 0.252751707
A:/cccrccrfc: 0.000000000 0.619952271 0.380047729
A:/cccrccrff: 0.000000000 0.537861187 0.462138813
A:/cccrf: 0.536714235 0.463285765 0.000000000
A:/cccrfcrc: 0.000000000 1.000000000 0.000000000
A:/cccrfcrf: 0.000000000 1.000000000 0.000000000
A:/cccrr: 0.000000000 1.000000000 0.000000000
A:/ccrcc: 0.507174411 0.492721140 0.000104449
A:/ccrcf: 0.263823677 0.483373433 0.252802890
A:/ccrcr: 0.000000000 0.942620025 0.057379975
A:/ccrfc: 0.331578777 0.551721308 0.116699915
A:/ccrff: 0.233311779 0.638626518 0.128061703
A:/ccrfr: 0.000000000 0.648690762 0.351309238
A:/ccrrc: 0.000000000 0.949619495 0.050380505
A:/ccrrf: 0.000000000 0.783116141 0.216883859
A:/crccr: 0.000000000 0.999994413 0.000005587
A:/crcfr: 0.000000000 1.000000000 0.000000000
A:/crcrc: 0.000000000 0.609675333 0.390324667
A:/crcrf: 0.000000000 0.445267199 0.554732801
A:/crfcr: 0.000000000 0.999999533 0.000000467
A:/crffr: 0.000000000 0.027751872 0.972248128
A:/crfrc: 0.000000000 0.999836981 0.000163019
A:/crfrf: 0.000000000 0.768925869 0.231074131
A:/crrcc: 0.000000000 0.510944972 0.489055028
A:/crrcf: 0.000000000 0.451715750 0.548284250
A:/crrfc: 0.000000000 0.999898749 0.000101251
A:/crrff: 0.000000000 0.999997426 0.000002574
A:/r: 0.912784981 0.081447246 0.005767773
A:/rccrc: 0.000000000 0.160592255 0.839407745
A:/rccrf: 0.000000000 0.151274392 0.848725608
A:/rcfrc: 0.000000000 0.509092961 0.490907039
A:/rcfrf: 0.000000000 0.660234801 0.339765199
A:/rcrcc: 0.000000000 0.305998997 0.694001003
A:/rcrcf: 0.000000000 0.556423996 0.443576004
A:/rcrfc: 0.000000000 0.724749532 0.275250468
A:/rcrff: 0.000000000 0.560079189 0.439920811
J:/c: 0.001931063 0.998068937 0.000000000
J:/cccrc: 0.003089835 0.528064640 0.468845525
J:/cccrccrcc: 0.000000000 0.131377801 0.868622199
J:/cccrccrcf: 0.000000000 0.303817083 0.696182917
J:/cccrccrfc: 0.000000000 0.530776634 0.469223366
J:/cccrccrff: 0.000000000 0.982059213 0.017940787
J:/cccrf: 0.999925349 0.000047559 0.000027091
J:/cccrfcrc: 0.000000000 0.704722553 0.295277447
J:/cccrfcrf: 0.000000000 0.074579892 0.925420108
J:/cccrr: 0.000000000 0.909668130 0.090331870
J:/ccrcc: 0.140577412 0.741171845 0.118250743
J:/ccrcf: 0.399791353 0.254582776 0.345625872
J:/ccrcr: 0.000000000 0.043008411 0.956991589
J:/ccrfc: 0.000000955 0.000000000 0.999999045
J:/ccrff: 0.025723915 0.242793945 0.731482140
J:/ccrfr: 0.000000000 0.000003488 0.999996512
J:/ccrrc: 0.000000000 0.129160267 0.870839733
J:/ccrrf: 0.000000000 0.371452224 0.628547776
J:/crccr: 0.000000000 0.243372673 0.756627327
J:/crcfr: 0.000000000 0.000000000 1.000000000
J:/crcrc: 0.000000000 0.000000000 1.000000000
J:/crcrf: 0.000000000 0.497595325 0.502404675
J:/crfcr: 0.000000000 0.166890220 0.833109780
J:/crffr: 0.000000000 0.851316196 0.148683804
J:/crfrc: 0.000000000 0.000000000 1.000000000
J:/crfrf: 0.000000000 0.384273073 0.615726927
J:/crrcc: 0.000000000 0.310948787 0.689051213
J:/crrcf: 0.000000000 0.310797026 0.689202974
J:/crrfc: 0.000000000 0.135612019 0.864387981
J:/crrff: 0.000000000 0.165652776 0.834347224
J:/r: 0.000000000 0.000002247 0.999997753
J:/rccrc: 0.000000000 0.704225691 0.295774309
J:/rccrf: 0.000000000 0.701852340 0.298147660
J:/rcfrc: 0.000000000 0.491203402 0.508796598
J:/rcfrf: 0.000000000 0.248656383 0.751343617
J:/rcrcc: 0.000000000 0.018048679 0.981951321
J:/rcrcf: 0.000000000 0.513681081 0.486318919
J:/rcrfc: 0.000000000 0.000001741 0.999998259
J:/rcrff: 0.000000000 0.958103076 0.041896924
K:/c: 0.000170425 0.999829575 0.000000000
K:/cccrc: 0.319390768 0.500476717 0.180132514
K:/cccrccrcc: 0.000000000 0.582063982 0.417936018
K:/cccrccrcf: 0.000000000 0.688980682 0.311019318
K:/cccrccrfc: 0.000000000 0.093146897 0.906853103
K:/cccrccrff: 0.000000000 0.819365015 0.180634985
K:/cccrf: 0.999677218 0.000271556 0.000051226
K:/cccrfcrc: 0.000000000 0.835826805 0.164173195
K:/cccrfcrf: 0.000000000 0.592849578 0.407150422
K:/cccrr: 0.000000000 0.751028772 0.248971228
K:/ccrcc: 0.133110371 0.553859156 0.313030474
K:/ccrcf: 0.000000000 0.702800222 0.297199778
K:/ccrcr: 0.000000000 0.280344053 0.719655947
K:/ccrfc: 0.000000375 0.000000000 0.999999625
K:/ccrff: 0.050022668 0.593387384 0.356589948
K:/ccrfr: 0.000000000 0.000004057 0.999995943
K:/ccrrc: 0.000000000 0.599011870 0.400988130
K:/ccrrf: 0.000000000 0.082285677 0.917714323
K:/crccr: 0.000000000 0.270088725 0.729911275
K:/crcfr: 0.000000000 0.402057375 0.597942625
K:/crcrc: 0.000000000 0.299438071 0.700561929
K:/crcrf: 0.000000000 0.551117478 0.448882522
K:/crfcr: 0.000000000 0.000000000 1.000000000
K:/crffr: 0.000000000 0.999966361 0.000033639
K:/crfrc: 0.000000000 0.996259022 0.003740978
K:/crfrf: 0.000000000 0.051325737 0.948674263
K:/crrcc: 0.000000000 0.933153081 0.066846919
K:/crrcf: 0.000000000 0.331144259 0.668855741
K:/crrfc: 0.000000000 0.540590577 0.459409423
K:/crrff: 0.000000000 0.040820596 0.959179404
K:/r: 0.000000000 0.000000000 1.000000000
K:/rccrc: 0.000000000 0.512836753 0.487163247
K:/rccrf: 0.000000000 0.801033017 0.198966983
K:/rcfrc: 0.000000000 0.313515862 0.686484138
K:/rcfrf: 0.000000000 0.664368415 0.335631585
K:/rcrcc: 0.000000000 0.526120171 0.473879829
K:/rcrcf: 0.000000000 1.000000000 0.000000000
K:/rcrfc: 0.000000000 0.000000607 0.999999393
K:/rcrff: 0.000000000 0.999989672 0.000010328
Q:/c: 0.001551958 0.998448042 0.000000000
Q:/cccrc: 0.318318108 0.036182196 0.645499696
Q:/cccrccrcc: 0.000000000 0.142200871 0.857799129
Q:/cccrccrcf: 0.000000000 0.906951161 0.093048839
Q:/cccrccrfc: 0.000000000 0.177451293 0.822548707
Q:/cccrccrff: 0.000000000 0.621978198 0.378021802
Q:/cccrf: 0.999924923 0.000048266 0.000026811
Q:/cccrfcrc: 0.000000000 0.112803659 0.887196341
Q:/cccrfcrf: 0.000000000 0.653581831 0.346418169
Q:/cccrr: 0.000000000 0.000000000 1.000000000
Q:/ccrcc: 0.299379043 0.513126460 0.187494497
Q:/ccrcf: 0.633149619 0.182015288 0.184835093
Q:/ccrcr: 0.000000000 0.211136804 0.788863196
Q:/ccrfc: 0.000000033 0.000000000 0.999999967
Q:/ccrff: 0.243898171 0.192671245 0.563430583
Q:/ccrfr: 0.000000000 0.000000000 1.000000000
Q:/ccrrc: 0.000000000 0.134685179 0.865314821
Q:/ccrrf: 0.000000000 0.274781649 0.725218351
Q:/crccr: 0.000000000 0.726016049 0.273983951
Q:/crcfr: 0.000000000 0.224779667 0.775220333
Q:/crcrc: 0.000000000 0.426917211 0.573082789
Q:/crcrf: 0.000000000 0.163525711 0.836474289
Q:/crfcr: 0.000000000 0.055747014 0.944252986
Q:/crffr: 0.000000000 1.000000000 0.000000000
Q:/crfrc: 0.000000000 0.000000000 1.000000000
Q:/crfrf: 0.000000000 0.038799518 0.961200482
Q:/crrcc: 0.000000000 0.196510702 0.803489298
Q:/crrcf: 0.000000000 0.196352677 0.803647323
Q:/crrfc: 0.000000000 0.199761693 0.800238307
Q:/crrff: 0.000000000 0.248963846 0.751036154
Q:/r: 0.000000000 0.000000000 1.000000000
Q:/rccrc: 0.000000000 0.386675760 0.613324240
Q:/rccrf: 0.000000000 0.650558689 0.349441311
Q:/rcfrc: 0.000000000 0.547764567 0.452235433
Q:/rcfrf: 0.000000000 0.382945431 0.617054569
Q:/rcrcc: 0.000000000 0.167007345 0.832992655
Q:/rcrcf: 0.000000000 0.260707925 0.739292075
Q:/rcrfc: 0.000000000 0.000000400 0.999999600
Q:/rcrff: 0.000000000 1.000000000 0.000000000
T:/c: 0.002177298 0.997822702 0.000000000
T:/cccrc: 0.482046752 0.175859899 0.342093349
T:/cccrccrcc: 0.000000000 0.457209399 0.542790601
T:/cccrccrcf: 0.000000000 0.614795348 0.385204652
T:/cccrccrfc: 0.000000000 0.742382277 0.257617723
T:/cccrccrff: 0.000000000 0.664523449 0.335476551
T:/cccrf: 0.696733870 0.000004915 0.303261215
T:/cccrfcrc: 0.000000000 0.479257441 0.520742559
T:/cccrfcrf: 0.000000000 0.523113738 0.476886262
T:/cccrr: 0.000000000 0.983419980 0.016580020
T:/ccrcc: 0.036669144 0.894720115 0.068610741
T:/ccrcf: 0.091324141 0.454701114 0.453974745
T:/ccrcr: 0.000000000 0.272098153 0.727901847
T:/ccrfc: 0.000001666 0.000000000 0.999998334
T:/ccrff: 0.110106604 0.114889750 0.775003647
T:/ccrfr: 0.000000000 0.000002778 0.999997222
T:/ccrrc: 0.000000000 0.393883814 0.606116186
T:/ccrrf: 0.000000000 0.332846340 0.667153660
T:/crccr: 0.000000000 0.532070356 0.467929644
T:/crcfr: 0.000000000 0.100936967 0.899063033
T:/crcrc: 0.000000000 0.140553763 0.859446237
T:/crcrf: 0.000000000 0.183066941 0.816933059
T:/crfcr: 0.000000000 0.000000000 1.000000000
T:/crffr: 0.000000000 0.914887260 0.085112740
T:/crfrc: 0.000000000 0.000000000 1.000000000
T:/crfrf: 0.000000000 0.937357362 0.062642638
T:/crrcc: 0.000000000 0.374329162 0.625670838
T:/crrcf: 0.000000000 0.374082628 0.625917372
T:/crrfc: 0.000000000 0.326809749 0.673190251
T:/crrff: 0.000000000 0.299667628 0.700332372
T:/r: 0.000000000 0.000013572 0.999986428
T:/rccrc: 0.000000000 0.210707203 0.789292797
T:/rccrf: 0.000000000 0.503397792 0.496602208
T:/rcfrc: 0.000000000 0.503271265 0.496728735
T:/rcfrf: 0.000000000 0.484777969 0.515222031
T:/rcrcc: 0.000000000 0.000000000 1.000000000
T:/rcrcf: 0.000000000 0.655957469 0.344042531
T:/rcrfc: 0.000000000 0.001551397 0.998448603
T:/rcrff: 0.000000000 0.590801088 0.409198912
