A:/cc: 0.013421231 0.986578769 0.000000000
A:/cccrcc: 0.249936332 0.208113929 0.541949740
A:/cccrcf: 0.070199324 0.500653376 0.429147300
A:/cccrcr: 0.000000000 0.674503888 0.325496112
A:/cccrfc: 0.442232018 0.557766153 0.000001828
A:/cccrff: 0.694315616 0.305673552 0.000010833
A:/cccrfr: 0.000000000 0.684972308 0.315027692
A:/cccrrc: 0.000000000 1.000000000 0.000000000
A:/cccrrf: 0.000000000 0.733056713 0.266943287
A:/ccrccr: 0.000000000 1.000000000 0.000000000
A:/ccrcfr: 0.000000000 0.999989583 0.000010417
A:/ccrcrc: 0.000000000 1.000000000 0.000000000
A:/ccrcrf: 0.000000000 1.000000000 0.000000000
A:/ccrfcr: 0.000000000 1.000000000 0.000000000
A:/ccrffr: 0.000000000 0.000000000 1.000000000
A:/ccrfrc: 0.000000000 0.999871492 0.000128508
A:/ccrfrf: 0.000000000 0.260903432 0.739096568
A:/ccrrcc: 0.000000000 0.931758627 0.068241373
A:/ccrrcf: 0.000000000 0.999991339 0.000008661
A:/ccrrfc: 0.000000000 0.667926475 0.332073525
A:/ccrrff: 0.000000000 0.924139914 0.075860086
A:/cr: 0.920985836 0.078860380 0.000153784
A:/crccrc: 0.000000000 0.646398799 0.353601201
A:/crccrf: 0.000000000 0.235412295 0.764587705
A:/crcfrc: 0.000000000 0.616680830 0.383319170
A:/crcfrf: 0.000000000 0.495661721 0.504338279
A:/crcrcc: 0.000000000 0.645229747 0.354770253
A:/crcrcf: 0.000000000 1.000000000 0.000000000
A:/crcrfc: 0.000000000 0.603534112 0.396465888
A:/crcrff: 0.000000000 0.520470995 0.479529005
A:/rc: 0.265108860 0.693604370 0.041286770
A:/rccrcc: 0.000000000 0.445807206 0.554192794
A:/rccrcf: 0.000000000 0.457013851 0.542986149
A:/rccrfc: 0.000000000 0.555557150 0.444442850
A:/rccrff: 0.000000000 0.071997887 0.928002113
A:/rf: 0.174666553 0.787452599 0.037880849
A:/rfcrc: 0.000000000 0.976180759 0.023819241
A:/rfcrf: 0.000000000 0.967117704 0.032882296
A:/rr: 0.000000000 0.476299388 0.523700612
J:/cc: 0.002293479 0.997706521 0.000000000
J:/cccrcc: 0.083859496 0.553143983 0.362996521
J:/cccrcf: 0.176314045 0.359003277 0.464682678
J:/cccrcr: 0.000000000 0.940557485 0.059442515
J:/cccrfc: 0.000000000 0.000000000 1.000000000
J:/cccrff: 0.000000000 0.000035695 0.999964305
J:/cccrfr: 0.000000000 0.000000000 1.000000000
J:/cccrrc: 0.000000000 0.000000000 1.000000000
J:/cccrrf: 0.000000000 0.000000000 1.000000000
J:/ccrccr: 0.000000000 0.172486165 0.827513835
J:/ccrcfr: 0.000000000 0.055704893 0.944295107
J:/ccrcrc: 0.000000000 0.000000000 1.000000000
J:/ccrcrf: 0.000000000 0.000202708 0.999797292
J:/ccrfcr: 0.000000000 0.000000000 1.000000000
J:/ccrffr: 0.000000000 0.050284505 0.949715495
J:/ccrfrc: 0.000000000 0.000000000 1.000000000
J:/ccrfrf: 0.000000000 0.269952386 0.730047614
J:/ccrrcc: 0.000000000 0.041406069 0.958593931
J:/ccrrcf: 0.000000000 0.114006463 0.885993537
J:/ccrrfc: 0.000000000 0.192009884 0.807990116
J:/ccrrff: 0.000000000 0.628445840 0.371554160
J:/cr: 0.000000000 0.000000000 1.000000000
J:/crccrc: 0.000000000 0.311028271 0.688971729
J:/crccrf: 0.000000000 0.800945936 0.199054064
J:/crcfrc: 0.000000000 0.000043167 0.999956833
J:/crcfrf: 0.000000000 0.651556700 0.348443300
J:/crcrcc: 0.000000000 0.000000000 1.000000000
J:/crcrcf: 0.000000000 0.464154445 0.535845555
J:/crcrfc: 0.000000000 0.685928712 0.314071288
J:/crcrff: 0.000000000 0.000000000 1.000000000
J:/rc: 0.419996122 0.317353322 0.262650556
J:/rccrcc: 0.000000000 0.195815674 0.804184326
J:/rccrcf: 0.000000000 0.276167655 0.723832345
J:/rccrfc: 0.000000000 0.645027532 0.354972468
J:/rccrff: 0.000000000 0.686823909 0.313176091
J:/rf: 0.835677895 0.000000000 0.164322105
J:/rfcrc: 0.000000000 0.185708773 0.814291227
J:/rfcrf: 0.000000000 0.654510419 0.345489581
J:/rr: 0.000000000 0.461974704 0.538025296
K:/cc: 0.000524339 0.999475661 0.000000000
K:/cccrcc: 0.490923789 0.189728878 0.319347333
K:/cccrcf: 0.072359767 0.411219815 0.516420418
K:/cccrcr: 0.000000000 0.622958934 0.377041066
K:/cccrfc: 0.287871784 0.536949699 0.175178517
K:/cccrff: 0.000000000 0.000035128 0.999964872
K:/cccrfr: 0.000000000 0.000000000 1.000000000
K:/cccrrc: 0.000000000 0.492571573 0.507428427
K:/cccrrf: 0.000000000 0.236694574 0.763305426
K:/ccrccr: 0.000000000 0.524630694 0.475369306
K:/ccrcfr: 0.000000000 0.000112514 0.999887486
K:/ccrcrc: 0.000000000 0.370526788 0.629473212
K:/ccrcrf: 0.000000000 0.000156362 0.999843638
K:/ccrfcr: 0.000000000 0.000000000 1.000000000
K:/ccrffr: 0.000000000 0.349439193 0.650560807
K:/ccrfrc: 0.000000000 0.000000000 1.000000000
K:/ccrfrf: 0.000000000 0.552852921 0.447147079
K:/ccrrcc: 0.000000000 0.255441453 0.744558547
K:/ccrrcf: 0.000000000 0.306603317 0.693396683
K:/ccrrfc: 0.000000000 0.224886100 0.775113900
K:/ccrrff: 0.000000000 0.227682418 0.772317582
K:/cr: 0.000000000 0.000048848 0.999951152
K:/crccrc: 0.000000000 0.404173712 0.595826288
K:/crccrf: 0.000000000 0.593588586 0.406411414
K:/crcfrc: 0.000000000 0.402759503 0.597240497
K:/crcfrf: 0.000000000 0.385111007 0.614888993
K:/crcrcc: 0.000000000 0.435436294 0.564563706
K:/crcrcf: 0.000000000 0.500480880 0.499519120
K:/crcrfc: 0.000000000 0.327887755 0.672112245
K:/crcrff: 0.000000000 0.715112997 0.284887003
K:/rc: 0.411779725 0.313015705 0.275204570
K:/rccrcc: 0.000000000 0.688978599 0.311021401
K:/rccrcf: 0.000000000 0.666069461 0.333930539
K:/rccrfc: 0.000000000 0.725079543 0.274920457
K:/rccrff: 0.000000000 0.470099218 0.529900782
K:/rf: 0.759069907 0.224040825 0.016889267
K:/rfcrc: 0.000000000 0.483508619 0.516491381
K:/rfcrf: 0.000000000 0.698917811 0.301082189
K:/rr: 0.000000000 0.453900275 0.546099725
Q:/cc: 0.001830546 0.998169454 0.000000000
Q:/cccrcc: 0.000750519 0.629497016 0.369752464
Q:/cccrcf: 0.344305859 0.141773492 0.513920649
Q:/cccrcr: 0.000000000 0.700432461 0.299567539
Q:/cccrfc: 0.000000000 0.000000000 1.000000000
Q:/cccrff: 0.000000000 0.000035347 0.999964653
Q:/cccrfr: 0.000000000 0.000000000 1.000000000
Q:/cccrrc: 0.000000000 0.000000000 1.000000000
Q:/cccrrf: 0.000000000 0.351494948 0.648505052
Q:/ccrccr: 0.000000000 0.303935695 0.696064305
Q:/ccrcfr: 0.000000000 0.000030626 0.999969374
Q:/ccrcrc: 0.000000000 0.186642518 0.813357482
Q:/ccrcrf: 0.000000000 0.000155107 0.999844893
Q:/ccrfcr: 0.000000000 0.000000000 1.000000000
Q:/ccrffr: 0.000000000 0.581711264 0.418288736
Q:/ccrfrc: 0.000000000 0.000000000 1.000000000
Q:/ccrfrf: 0.000000000 0.801252766 0.198747234
Q:/ccrrcc: 0.000000000 0.107245245 0.892754755
Q:/ccrrcf: 0.000000000 0.000000000 1.000000000
Q:/ccrrfc: 0.000000000 0.466977391 0.533022609
Q:/ccrrff: 0.000000000 0.142742287 0.857257713
Q:/cr: 0.000000000 0.000000000 1.000000000
Q:/crccrc: 0.000000000 0.246711999 0.753288001
Q:/crccrf: 0.000000000 0.435477721 0.564522279
Q:/crcfrc: 0.000000000 0.079422422 0.920577578
Q:/crcfrf: 0.000000000 0.970044724 0.029955276
Q:/crcrcc: 0.000000000 0.317169812 0.682830188
Q:/crcrcf: 0.000000000 0.739133733 0.260866267
Q:/crcrfc: 0.000000000 0.758609663 0.241390337
Q:/crcrff: 0.000000000 0.137792434 0.862207566
Q:/rc: 0.420938867 0.161931559 0.417129574
Q:/rccrcc: 0.000000000 0.895214787 0.104785213
Q:/rccrcf: 0.000000000 0.257183781 0.742816219
Q:/rccrfc: 0.000000000 0.602387036 0.397612964
Q:/rccrff: 0.000000000 0.670683949 0.329316051
Q:/rf: 0.584623505 0.000000000 0.415376495
Q:/rfcrc: 0.000000000 0.471208034 0.528791966
Q:/rfcrf: 0.000000000 0.544657665 0.455342335
Q:/rr: 0.000000000 0.702069192 0.297930808
T:/cc: 0.002395547 0.997604453 0.000000000
T:/cccrcc: 0.309340990 0.334999283 0.355659728
T:/cccrcf: 0.396742749 0.243983903 0.359273348
T:/cccrcr: 0.000000000 0.325638296 0.674361704
T:/cccrfc: 0.000000000 0.000000000 1.000000000
T:/cccrff: 0.194304652 0.000000023 0.805695325
T:/cccrfr: 0.000000000 0.000000000 1.000000000
T:/cccrrc: 0.000000000 0.073847894 0.926152106
T:/cccrrf: 0.000000000 0.000000000 1.000000000
T:/ccrccr: 0.000000000 0.531053291 0.468946709
T:/ccrcfr: 0.000000000 0.327213310 0.672786690
T:/ccrcrc: 0.000000000 0.000003644 0.999996356
T:/ccrcrf: 0.000000000 0.000237925 0.999762075
T:/ccrfcr: 0.000000000 0.000000000 1.000000000
T:/ccrffr: 0.000000000 0.980304751 0.019695249
T:/ccrfrc: 0.000000000 0.000000000 1.000000000
T:/ccrfrf: 0.000000000 0.570718529 0.429281471
T:/ccrrcc: 0.000000000 0.063405233 0.936594767
T:/ccrrcf: 0.000000000 0.000000000 1.000000000
T:/ccrrfc: 0.000000000 0.270594101 0.729405899
T:/ccrrff: 0.000000000 0.725826254 0.274173746
T:/cr: 0.000003055 0.000000553 0.999996391
T:/crccrc: 0.000000000 0.626971946 0.373028054
T:/crccrf: 0.000000000 0.523543772 0.476456228
T:/crcfrc: 0.000000000 0.756329624 0.243670376
T:/crcfrf: 0.000000000 0.764421286 0.235578714
T:/crcrcc: 0.000000000 0.000000000 1.000000000
T:/crcrcf: 0.000000000 0.364350857 0.635649143
T:/crcrfc: 0.000000000 0.297956748 0.702043252
T:/crcrff: 0.000000000 0.388423582 0.611576418
T:/rc: 0.573388520 0.268069395 0.158542085
T:/rccrcc: 0.000000000 0.548713755 0.451286245
T:/rccrcf: 0.000000000 0.540810041 0.459189959
T:/rccrfc: 0.000000000 0.729245098 0.270754902
T:/rccrff: 0.000000000 0.926268763 0.073731237
T:/rf: 0.531222322 0.000000000 0.468777678
T:/rfcrc: 0.000000000 0.650289888 0.349710112
T:/rfcrf: 0.000000000 0.328684965 0.671315035
T:/rr: 0.000000000 0.544025626 0.455974374
