A:/ccc: 0.978641036 0.021358964 0.000000000
A:/cccrccr: 0.000000000 0.692510539 0.307489461
A:/cccrcfr: 0.000000000 0.779698760 0.220301240
A:/cccrcrc: 0.000000000 0.957403680 0.042596320
A:/cccrcrf: 0.000000000 0.694904057 0.305095943
A:/cccrfcr: 0.000000000 0.515722621 0.484277379
A:/cccrffr: 0.000000000 0.716187057 0.283812943
A:/cccrfrc: 0.000000000 0.999995652 0.000004348
A:/cccrfrf: 0.000000000 0.200667905 0.799332095
A:/cccrrcc: 0.000000000 0.848170490 0.151829510
A:/cccrrcf: 0.000000000 1.000000000 0.000000000
A:/cccrrfc: 0.000000000 0.598534443 0.401465557
A:/cccrrff: 0.000000000 0.387901069 0.612098931
A:/ccr: 0.810107752 0.189604158 0.000288090
A:/ccrccrc: 0.000000000 0.999989730 0.000010270
A:/ccrccrf: 0.000000000 0.451644007 0.548355993
A:/ccrcfrc: 0.000000000 0.358356778 0.641643222
A:/ccrcfrf: 0.000000000 0.581739015 0.418260985
A:/ccrcrcc: 0.000000000 0.727472754 0.272527246
A:/ccrcrcf: 0.000000000 0.931546773 0.068453227
A:/ccrcrfc: 0.000000000 0.665419788 0.334580212
A:/ccrcrff: 0.000000000 0.740880157 0.259119843
A:/crc: 0.435871399 0.552657449 0.011471151
A:/crccrcc: 0.000000000 0.938863059 0.061136941
A:/crccrcf: 0.000000000 0.501052774 0.498947226
A:/crccrfc: 0.000000000 0.260472317 0.739527683
A:/crccrff: 0.000000000 0.635315467 0.364684533
A:/crf: 0.612963992 0.369023095 0.018012912
A:/crfcrc: 0.000000000 0.960966028 0.039033972
A:/crfcrf: 0.000000000 0.732750247 0.267249753
A:/crr: 0.000000000 0.526040046 0.473959954
A:/rcc: 0.360287706 0.325623078 0.314089217
A:/rcf: 0.085805991 0.555475270 0.358718739
A:/rcr: 0.000000000 0.639698726 0.360301274
A:/rfc: 0.537728157 0.283380145 0.178891697
A:/rff: 0.141055194 0.845110527 0.013834279
A:/rfr: 0.000000000 0.712642194 0.287357806
A:/rrc: 0.000000000 0.178316913 0.821683087
A:/rrf: 0.000000000 0.426880516 0.573119484
J:/ccc: 0.000212639 0.999787361 0.000000000
J:/cccrccr: 0.000000000 0.811050496 0.188949504
J:/cccrcfr: 0.000000000 0.360206129 0.639793871
J:/cccrcrc: 0.000000000 0.645215157 0.354784843
J:/cccrcrf: 0.000000000 0.098436482 0.901563518
J:/cccrfcr: 0.000000000 0.197681373 0.802318627
J:/cccrffr: 0.000000000 0.000000000 1.000000000
J:/cccrfrc: 0.000000000 0.000000000 1.000000000
J:/cccrfrf: 0.000000000 0.081027753 0.918972247
J:/cccrrcc: 0.000000000 0.000000000 1.000000000
J:/cccrrcf: 0.000000000 0.000000000 1.000000000
J:/cccrrfc: 0.000000000 0.676863601 0.323136399
J:/cccrrff: 0.000000000 0.634409818 0.365590182
J:/ccr: 0.000001550 0.000002565 0.999995885
J:/ccrccrc: 0.000000000 0.468711855 0.531288145
J:/ccrccrf: 0.000000000 0.597840113 0.402159887
J:/ccrcfrc: 0.000000000 0.000000154 0.999999846
J:/ccrcfrf: 0.000000000 0.396435689 0.603564311
J:/ccrcrcc: 0.000000000 0.430232106 0.569767894
J:/ccrcrcf: 0.000000000 0.612715942 0.387284058
J:/ccrcrfc: 0.000000000 0.263018458 0.736981542
J:/ccrcrff: 0.000000000 0.544573496 0.455426504
J:/crc: 0.000000311 0.430052412 0.569947278
J:/crccrcc: 0.000000000 0.739679859 0.260320141
J:/crccrcf: 0.000000000 0.929189136 0.070810864
J:/crccrfc: 0.000000000 0.183513212 0.816486788
J:/crccrff: 0.000000000 0.332014044 0.667985956
J:/crf: 0.238779873 0.761220127 0.000000000
J:/crfcrc: 0.000000000 0.329452178 0.670547822
J:/crfcrf: 0.000000000 0.652872236 0.347127764
J:/crr: 0.000000000 0.011469245 0.988530755
J:/rcc: 0.304810142 0.434088362 0.261101496
J:/rcf: 0.178249096 0.385381912 0.436368992
J:/rcr: 0.000000000 0.114040497 0.885959503
J:/rfc: 0.000037385 0.000000000 0.999962615
J:/rff: 0.000001948 0.000000670 0.999997382
J:/rfr: 0.000000000 0.000273622 0.999726378
J:/rrc: 0.000000000 0.826050654 0.173949346
J:/rrf: 0.000000000 0.866157292 0.133842708
K:/ccc: 0.000000000 1.000000000 0.000000000
K:/cccrccr: 0.000000000 0.710552989 0.289447011
K:/cccrcfr: 0.000000000 0.821803055 0.178196945
K:/cccrcrc: 0.000000000 0.654694204 0.345305796
K:/cccrcrf: 0.000000000 0.768472709 0.231527291
K:/cccrfcr: 0.000000000 0.601335185 0.398664815
K:/cccrffr: 0.000000000 0.057450897 0.942549103
K:/cccrfrc: 0.000000000 0.000000000 1.000000000
K:/cccrfrf: 0.000000000 0.434164047 0.565835953
K:/cccrrcc: 0.000000000 0.000000000 1.000000000
K:/cccrrcf: 0.000000000 0.000000000 1.000000000
K:/cccrrfc: 0.000000000 0.952830837 0.047169163
K:/cccrrff: 0.000000000 0.164942633 0.835057367
K:/ccr: 0.000001152 0.000002593 0.999996255
K:/ccrccrc: 0.000000000 0.220591579 0.779408421
K:/ccrccrf: 0.000000000 0.869950645 0.130049355
K:/ccrcfrc: 0.000000000 0.000000139 0.999999861
K:/ccrcfrf: 0.000000000 0.485548027 0.514451973
K:/ccrcrcc: 0.000000000 0.876889978 0.123110022
K:/ccrcrcf: 0.000000000 0.251483435 0.748516565
K:/ccrcrfc: 0.000000000 0.000000000 1.000000000
K:/ccrcrff: 0.000000000 0.985306027 0.014693973
K:/crc: 0.302940749 0.327905588 0.369153664
K:/crccrcc: 0.000000000 0.409168279 0.590831721
K:/crccrcf: 0.000000000 0.462338101 0.537661899
K:/crccrfc: 0.000000000 0.606990914 0.393009086
K:/crccrff: 0.000000000 0.455686032 0.544313968
K:/crf: 1.000000000 0.000000000 0.000000000
K:/crfcrc: 0.000000000 0.599546420 0.400453580
K:/crfcrf: 0.000000000 0.640710056 0.359289944
K:/crr: 0.000000000 0.512903582 0.487096418
K:/rcc: 0.451802982 0.199397072 0.348799946
K:/rcf: 0.364706800 0.405676031 0.229617169
K:/rcr: 0.000000000 0.662463449 0.337536551
K:/rfc: 0.021974908 0.297331255 0.680693837
K:/rff: 0.000017833 0.000002530 0.999979637
K:/rfr: 0.000000000 0.000160457 0.999839543
K:/rrc: 0.000000000 0.293839457 0.706160543
K:/rrf: 0.000000000 0.679432492 0.320567508
Q:/ccc: 0.000000000 1.000000000 0.000000000
Q:/cccrccr: 0.000000000 0.979996930 0.020003070
Q:/cccrcfr: 0.000000000 0.229299423 0.770700577
Q:/cccrcrc: 0.000000000 0.303848388 0.696151612
Q:/cccrcrf: 0.000000000 0.547611808 0.452388192
Q:/cccrfcr: 0.000000000 0.056966157 0.943033843
Q:/cccrffr: 0.000000000 0.000066126 0.999933874
Q:/cccrfrc: 0.000000000 0.000000000 1.000000000
Q:/cccrfrf: 0.000000000 0.557961343 0.442038657
Q:/cccrrcc: 0.000000000 0.214572779 0.785427221
Q:/cccrrcf: 0.000000000 0.000000000 1.000000000
Q:/cccrrfc: 0.000000000 0.757531534 0.242468466
Q:/cccrrff: 0.000000000 1.000000000 0.000000000
Q:/ccr: 0.000001444 0.000004685 0.999993871
Q:/ccrccrc: 0.000000000 0.442842274 0.557157726
Q:/ccrccrf: 0.000000000 0.743411333 0.256588667
Q:/ccrcfrc: 0.000000000 0.538460360 0.461539640
Q:/ccrcfrf: 0.000000000 0.894840890 0.105159110
Q:/ccrcrcc: 0.000000000 0.877803303 0.122196697
Q:/ccrcrcf: 0.000000000 0.428264524 0.571735476
Q:/ccrcrfc: 0.000000000 0.034978300 0.965021700
Q:/ccrcrff: 0.000000000 0.891757304 0.108242696
Q:/crc: 0.138143429 0.309958114 0.551898458
Q:/crccrcc: 0.000000000 0.411565099 0.588434901
Q:/crccrcf: 0.000000000 0.532705044 0.467294956
Q:/crccrfc: 0.000000000 0.504439314 0.495560686
Q:/crccrff: 0.000000000 0.790409197 0.209590803
Q:/crf: 0.386700848 0.613299152 0.000000000
Q:/crfcrc: 0.000000000 0.482477600 0.517522400
Q:/crfcrf: 0.000000000 0.462956422 0.537043578
Q:/crr: 0.000000000 0.000431434 0.999568566
Q:/rcc: 0.195682887 0.224199769 0.580117344
Q:/rcf: 0.257354040 0.229760875 0.512885086
Q:/rcr: 0.000000000 0.443460944 0.556539056
Q:/rfc: 0.000189592 0.052724971 0.947085437
Q:/rff: 0.000001831 0.000000603 0.999997566
Q:/rfr: 0.000000000 0.000266780 0.999733220
Q:/rrc: 0.000000000 0.503386262 0.496613738
Q:/rrf: 0.000000000 0.522134281 0.477865719
T:/ccc: 0.000628355 0.999371645 0.000000000
T:/cccrccr: 0.000000000 0.607014040 0.392985960
T:/cccrcfr: 0.000000000 0.917315646 0.082684354
T:/cccrcrc: 0.000000000 0.894876822 0.105123178
T:/cccrcrf: 0.000000000 0.186195245 0.813804755
T:/cccrfcr: 0.000000000 0.792724904 0.207275096
T:/cccrffr: 0.000000000 0.999999953 0.000000047
T:/cccrfrc: 0.000000000 0.000000000 1.000000000
T:/cccrfrf: 0.000000000 0.173728747 0.826271253
T:/cccrrcc: 0.000000000 0.000000000 1.000000000
T:/cccrrcf: 0.000000000 0.000000000 1.000000000
T:/cccrrfc: 0.000000000 0.515369296 0.484630704
T:/cccrrff: 0.000000000 0.369161060 0.630838940
T:/ccr: 0.000001986 0.000002747 0.999995267
T:/ccrccrc: 0.000000000 0.561202533 0.438797467
T:/ccrccrf: 0.000000000 0.454517062 0.545482938
T:/ccrcfrc: 0.000000000 0.601625951 0.398374049
T:/ccrcfrf: 0.000000000 0.701937078 0.298062922
T:/ccrcrcc: 0.000000000 0.244199361 0.755800639
T:/ccrcrcf: 0.000000000 0.544486249 0.455513751
T:/ccrcrfc: 0.000000000 0.000000000 1.000000000
T:/ccrcrff: 0.000000000 0.817182812 0.182817188
T:/crc: 0.024177895 0.161961446 0.813860659
T:/crccrcc: 0.000000000 0.519152107 0.480847893
T:/crccrcf: 0.000000000 0.872810985 0.127189015
T:/crccrfc: 0.000000000 0.000000000 1.000000000
T:/crccrff: 0.000000000 0.354483600 0.645516400
T:/crf: 0.433004392 0.566995608 0.000000000
T:/crfcrc: 0.000000000 0.506283827 0.493716173
T:/crfcrf: 0.000000000 0.710496234 0.289503766
T:/crr: 0.000000000 0.016639976 0.983360024
T:/rcc: 0.296252143 0.257300616 0.446447241
T:/rcf: 0.327930643 0.164878460 0.507190897
T:/rcr: 0.000000000 0.168919607 0.831080393
T:/rfc: 0.000006454 0.000000000 0.999993546
T:/rff: 0.000002090 0.000000000 0.999997910
T:/rfr: 0.000000000 0.000351034 0.999648966
T:/rrc: 0.000000000 0.554669069 0.445330931
T:/rrf: 0.000000000 0.167711160 0.832288840
