A:/c: 0.999999867 0.000000133 0.000000000
A:/cccrc: 0.000000000 0.999993001 0.000006999
A:/cccrf: 0.000000000 0.531747572 0.468252428
A:/ccrcc: 0.000000000 0.985782792 0.014217208
A:/ccrcf: 0.000000000 0.999999694 0.000000306
A:/ccrfc: 0.000000000 0.999999675 0.000000325
A:/ccrff: 0.000000000 1.000000000 0.000000000
A:/r: 0.000000000 1.000000000 0.000000000
J:/c: 0.052314221 0.947685779 0.000000000
J:/cccrc: 0.000000000 0.000000928 0.999999072
J:/cccrf: 0.000000000 0.000000354 0.999999646
J:/ccrcc: 0.000000000 0.587513322 0.412486678
J:/ccrcf: 0.000000000 0.000000040 0.999999960
J:/ccrfc: 0.000000000 0.170999553 0.829000447
J:/ccrff: 0.000000000 0.358652721 0.641347279
J:/r: 0.000000000 0.000000000 1.000000000
K:/c: 0.571367070 0.428632930 0.000000000
K:/cccrc: 0.000000000 0.164019209 0.835980791
K:/cccrf: 0.000000000 0.471840412 0.528159588
K:/ccrcc: 0.000000000 0.077183637 0.922816363
K:/ccrcf: 0.000000000 0.220264013 0.779735987
K:/ccrfc: 0.000000000 0.835631707 0.164368293
K:/ccrff: 0.000000000 0.732766040 0.267233960
K:/r: 0.000000000 1.000000000 0.000000000
Q:/c: 0.309170310 0.690829690 0.000000000
Q:/cccrc: 0.000000000 0.077436547 0.922563453
Q:/cccrf: 0.000000000 0.434126975 0.565873025
Q:/ccrcc: 0.000000000 0.641877159 0.358122841
Q:/ccrcf: 0.000000000 0.120446922 0.879553078
Q:/ccrfc: 0.000000000 0.352303132 0.647696868
Q:/ccrff: 0.000000000 0.533670820 0.466329180
Q:/r: 0.000000000 0.080803562 0.919196438
T:/c: 0.177257646 0.822742354 0.000000000
T:/cccrc: 0.000000000 0.225857774 0.774142226
T:/cccrf: 0.000000000 0.299203949 0.700796051
T:/ccrcc: 0.000000000 0.012806021 0.987193979
T:/ccrcf: 0.000000000 0.214089073 0.785910927
T:/ccrfc: 0.000000000 0.000000000 1.000000000
T:/ccrff: 0.000000000 0.454318865 0.545681135
T:/r: 0.000000000 0.000000000 1.000000000
