A:/cc: 0.213909852 0.786090148 0.000000000
A:/cccrcc: 0.000000000 0.767475050 0.232524950
A:/cccrcf: 0.000000000 0.512823396 0.487176604
A:/cccrfc: 0.000000000 0.618078188 0.381921812
A:/cccrff: 0.000000000 0.024128881 0.975871119
A:/cr: 0.000000000 0.000001976 0.999998024
A:/rc: 0.000000000 1.000000000 0.000000000
A:/rf: 0.000000000 1.000000000 0.000000000
J:/cc: 0.218875830 0.781124170 0.000000000
J:/cccrcc: 0.000000000 0.678077612 0.321922388
J:/cccrcf: 0.000000000 0.471254990 0.528745010
J:/cccrfc: 0.000000000 0.375925827 0.624074173
J:/cccrff: 0.000000000 0.520199829 0.479800171
J:/cr: 0.000000000 0.298995870 0.701004130
J:/rc: 0.000000000 0.000000000 1.000000000
J:/rf: 0.000000000 0.000000000 1.000000000
K:/cc: 0.741295951 0.258704049 0.000000000
K:/cccrcc: 0.000000000 0.089265870 0.910734130
K:/cccrcf: 0.000000000 0.746098717 0.253901283
K:/cccrfc: 0.000000000 0.430219999 0.569780001
K:/cccrff: 0.000000000 0.402835998 0.597164002
K:/cr: 0.000000000 0.000901359 0.999098641
K:/rc: 0.000000000 0.000000000 1.000000000
K:/rf: 0.000000000 0.500160073 0.499839927
Q:/cc: 0.000011004 0.999988996 0.000000000
Q:/cccrcc: 0.000000000 0.926162120 0.073837880
Q:/cccrcf: 0.000000000 0.517253837 0.482746163
Q:/cccrfc: 0.000000000 0.325633564 0.674366436
Q:/cccrff: 0.000000000 0.502323804 0.497676196
Q:/cr: 0.000000000 0.137701661 0.862298339
Q:/rc: 0.000000000 0.000000000 1.000000000
Q:/rf: 0.000000000 0.582868405 0.417131595
T:/cc: 0.092017977 0.907982023 0.000000000
T:/cccrcc: 0.000000000 0.535761532 0.464238468
T:/cccrcf: 0.000000000 0.647597663 0.352402337
T:/cccrfc: 0.000000000 0.187581987 0.812418013
T:/cccrff: 0.000000000 0.133105873 0.866894127
T:/cr: 0.000000000 0.251041052 0.748958948
T:/rc: 0.000000000 0.000000000 1.000000000
T:/rf: 0.000000000 0.000000000 1.000000000
