8:/: 0.002367210 0.997632790 0.000000000
8:/cccr: 0.000000000 0.000000000 1.000000000
8:/cccrccrc: 0.000000000 0.047620075 0.952379925
8:/cccrccrf: 0.000000000 0.445165517 0.554834483
8:/cccrcfrc: 0.000000000 0.139007104 0.860992896
8:/cccrcfrf: 0.000000000 0.422258376 0.577741624
8:/cccrcrcc: 0.000000000 0.261668245 0.738331755
8:/cccrcrcf: 0.000000000 0.673168444 0.326831556
8:/cccrcrfc: 0.000000000 0.344241870 0.655758130
8:/cccrcrff: 0.000000000 0.338131031 0.661868969
8:/ccrc: 0.265513120 0.362108727 0.372378153
8:/ccrccrcc: 0.000000000 0.088856827 0.911143173
8:/ccrccrcf: 0.000000000 0.336719198 0.663280802
8:/ccrccrfc: 0.000000000 0.479075672 0.520924328
8:/ccrccrff: 0.000000000 0.366200217 0.633799783
8:/ccrf: 0.131067987 0.491100249 0.377831764
8:/ccrfcrc: 0.000000000 0.578084600 0.421915400
8:/ccrfcrf: 0.000000000 0.059655355 0.940344645
8:/ccrr: 0.000000000 0.336208647 0.663791353
8:/crcc: 0.113677974 0.473796466 0.412525561
8:/crcf: 0.000000000 0.538930509 0.461069491
8:/crcr: 0.000000000 0.480467960 0.519532040
8:/crfc: 0.000000000 0.412003765 0.587996235
8:/crff: 0.000000000 0.000000000 1.000000000
8:/crfr: 0.000000000 0.000000000 1.000000000
8:/crrc: 0.000000000 0.880003508 0.119996492
8:/crrf: 0.000000000 0.390127929 0.609872071
8:/rccr: 0.000000000 0.589310421 0.410689579
8:/rcfr: 0.000000000 0.155336033 0.844663967
8:/rcrc: 0.000000000 0.606394729 0.393605271
8:/rcrf: 0.000000000 0.215821228 0.784178772
8:/rfcr: 0.000000000 0.803589556 0.196410444
8:/rffr: 0.000000000 0.155359642 0.844640358
8:/rfrc: 0.000000000 0.000000000 1.000000000
8:/rfrf: 0.000000000 0.607734439 0.392265561
8:/rrcc: 0.000000000 0.476372381 0.523627619
8:/rrcf: 0.000000000 0.460410473 0.539589527
8:/rrfc: 0.000000000 0.067765485 0.932234515
8:/rrff: 0.000000000 0.067732983 0.932267017
9:/: 0.145601818 0.854398182 0.000000000
9:/cccr: 0.000000000 0.000000000 1.000000000
9:/cccrccrc: 0.000000000 0.435064312 0.564935688
9:/cccrccrf: 0.000000000 0.416529702 0.583470298
9:/cccrcfrc: 0.000000000 0.041729546 0.958270454
9:/cccrcfrf: 0.000000000 0.422311629 0.577688371
9:/cccrcrcc: 0.000000000 0.192674015 0.807325985
9:/cccrcrcf: 0.000000000 0.566314090 0.433685910
9:/cccrcrfc: 0.000000000 0.524703462 0.475296538
9:/cccrcrff: 0.000000000 0.432421597 0.567578403
9:/ccrc: 0.130814524 0.353526998 0.515658478
9:/ccrccrcc: 0.000000000 0.492544509 0.507455491
9:/ccrccrcf: 0.000000000 0.575553901 0.424446099
9:/ccrccrfc: 0.000000000 0.000000000 1.000000000
9:/ccrccrff: 0.000000000 0.163400930 0.836599070
9:/ccrf: 0.437899266 0.437974926 0.124125808
9:/ccrfcrc: 0.000000000 0.268960195 0.731039805
9:/ccrfcrf: 0.000000000 0.420135140 0.579864860
9:/ccrr: 0.000000000 0.298986488 0.701013512
9:/crcc: 0.340793275 0.251382368 0.407824357
9:/crcf: 0.000000000 0.470923860 0.529076140
9:/crcr: 0.000000000 0.000000000 1.000000000
9:/crfc: 0.000000000 0.000000000 1.000000000
9:/crff: 0.000000000 0.000000000 1.000000000
9:/crfr: 0.000000000 0.000000000 1.000000000
9:/crrc: 0.000000000 0.374586456 0.625413544
9:/crrf: 0.000000000 0.008036603 0.991963397
9:/rccr: 0.000000000 0.872309694 0.127690306
9:/rcfr: 0.000000000 0.000000000 1.000000000
9:/rcrc: 0.000000000 0.104576578 0.895423422
9:/rcrf: 0.000000000 0.254982661 0.745017339
9:/rfcr: 0.000000000 0.280623637 0.719376363
9:/rffr: 0.000000000 0.000000000 1.000000000
9:/rfrc: 0.000000000 0.000000000 1.000000000
9:/rfrf: 0.000000000 0.544633544 0.455366456
9:/rrcc: 0.000000000 0.488929792 0.511070208
9:/rrcf: 0.000000000 0.480700597 0.519299403
9:/rrfc: 0.000000000 0.000000000 1.000000000
9:/rrff: 0.000000000 0.000000000 1.000000000
A:/: 0.605680450 0.394319550 0.000000000
A:/cccr: 0.596508862 0.403491138 0.000000000
A:/cccrccrc: 0.000000000 0.620454984 0.379545016
A:/cccrccrf: 0.000000000 0.581581215 0.418418785
A:/cccrcfrc: 0.000000000 0.932913686 0.067086314
A:/cccrcfrf: 0.000000000 0.589622435 0.410377565
A:/cccrcrcc: 0.000000000 0.342684079 0.657315921
A:/cccrcrcf: 0.000000000 0.769078831 0.230921169
A:/cccrcrfc: 0.000000000 1.000000000 0.000000000
A:/cccrcrff: 0.000000000 1.000000000 0.000000000
A:/ccrc: 0.710975337 0.289024663 0.000000000
A:/ccrccrcc: 0.000000000 0.422975885 0.577024115
A:/ccrccrcf: 0.000000000 0.410051013 0.589948987
A:/ccrccrfc: 0.000000000 0.958389581 0.041610419
A:/ccrccrff: 0.000000000 0.812449235 0.187550765
A:/ccrf: 0.507062583 0.492937417 0.000000000
A:/ccrfcrc: 0.000000000 1.000000000 0.000000000
A:/ccrfcrf: 0.000000000 0.667188915 0.332811085
A:/ccrr: 0.000000000 1.000000000 0.000000000
A:/crcc: 0.392754654 0.418432546 0.188812801
A:/crcf: 0.623820268 0.191769671 0.184410061
A:/crcr: 0.000000000 0.626885939 0.373114061
A:/crfc: 0.389571856 0.610428144 0.000000000
A:/crff: 0.606770273 0.393229727 0.000000000
A:/crfr: 0.000000000 1.000000000 0.000000000
A:/crrc: 0.000000000 0.564447004 0.435552996
A:/crrf: 0.000000000 0.785399150 0.214600850
A:/rccr: 0.000000000 0.696080120 0.303919880
A:/rcfr: 0.000000000 1.000000000 0.000000000
A:/rcrc: 0.000000000 0.895769237 0.104230763
A:/rcrf: 0.000000000 0.635477336 0.364522664
A:/rfcr: 0.000000000 1.000000000 0.000000000
A:/rffr: 0.000000000 1.000000000 0.000000000
A:/rfrc: 0.000000000 1.000000000 0.000000000
A:/rfrf: 0.000000000 0.574580374 0.425419626
A:/rrcc: 0.000000000 0.141837512 0.858162488
A:/rrcf: 0.000000000 0.496790823 0.503209177
A:/rrfc: 0.000000000 0.850169369 0.149830631
A:/rrff: 0.000000000 1.000000000 0.000000000
J:/: 0.000000000 1.000000000 0.000000000
J:/cccr: 0.000000000 0.000000000 1.000000000
J:/cccrccrc: 0.000000000 0.402030491 0.597969509
J:/cccrccrf: 0.000000000 0.321016966 0.678983034
J:/cccrcfrc: 0.000000000 0.012457599 0.987542401
J:/cccrcfrf: 0.000000000 0.103754429 0.896245571
J:/cccrcrcc: 0.000000000 0.358687850 0.641312150
J:/cccrcrcf: 0.000000000 0.704069314 0.295930686
J:/cccrcrfc: 0.000000000 0.093843991 0.906156009
J:/cccrcrff: 0.000000000 0.533491396 0.466508604
J:/ccrc: 0.145091000 0.303673564 0.551235436
J:/ccrccrcc: 0.000000000 0.075025125 0.924974875
J:/ccrccrcf: 0.000000000 0.508745893 0.491254107
J:/ccrccrfc: 0.000000000 0.178151594 0.821848406
J:/ccrccrff: 0.000000000 0.513150097 0.486849903
J:/ccrf: 0.664184116 0.329486089 0.006329795
J:/ccrfcrc: 0.000000000 0.738146839 0.261853161
J:/ccrfcrf: 0.000000000 0.334566359 0.665433641
J:/ccrr: 0.000000000 0.313219848 0.686780152
J:/crcc: 0.333260005 0.380158661 0.286581334
J:/crcf: 0.164871468 0.401807479 0.433321053
J:/crcr: 0.000000000 0.476073156 0.523926844
J:/crfc: 0.000000000 0.201796551 0.798203449
J:/crff: 0.000000000 0.295727636 0.704272364
J:/crfr: 0.000000000 0.000000000 1.000000000
J:/crrc: 0.000000000 0.000000000 1.000000000
J:/crrf: 0.000000000 0.773766166 0.226233834
J:/rccr: 0.000000000 0.997572635 0.002427365
J:/rcfr: 0.000000000 0.001283675 0.998716325
J:/rcrc: 0.000000000 0.464993602 0.535006398
J:/rcrf: 0.000000000 0.706789286 0.293210714
J:/rfcr: 0.000000000 0.312544174 0.687455826
J:/rffr: 0.000000000 0.454703248 0.545296752
J:/rfrc: 0.000000000 0.404260389 0.595739611
J:/rfrf: 0.000000000 0.426082648 0.573917352
J:/rrcc: 0.000000000 0.483654478 0.516345522
J:/rrcf: 0.000000000 0.456651845 0.543348155
J:/rrfc: 0.000000000 0.000000000 1.000000000
J:/rrff: 0.000000000 0.255981961 0.744018039
K:/: 0.000000000 1.000000000 0.000000000
K:/cccr: 0.000098394 0.478721096 0.521180511
K:/cccrccrc: 0.000000000 0.755008440 0.244991560
K:/cccrccrf: 0.000000000 0.610920653 0.389079347
K:/cccrcfrc: 0.000000000 0.618627834 0.381372166
K:/cccrcfrf: 0.000000000 0.395244463 0.604755537
K:/cccrcrcc: 0.000000000 0.369161261 0.630838739
K:/cccrcrcf: 0.000000000 0.244388012 0.755611988
K:/cccrcrfc: 0.000000000 0.585442500 0.414557500
K:/cccrcrff: 0.000000000 0.717132591 0.282867409
K:/ccrc: 0.339360311 0.013900630 0.646739059
K:/ccrccrcc: 0.000000000 0.759330521 0.240669479
K:/ccrccrcf: 0.000000000 0.518437491 0.481562509
K:/ccrccrfc: 0.000000000 0.551220297 0.448779703
K:/ccrccrff: 0.000000000 0.323942695 0.676057305
K:/ccrf: 0.471798610 0.527307467 0.000893923
K:/ccrfcrc: 0.000000000 0.815285798 0.184714202
K:/ccrfcrf: 0.000000000 0.981370800 0.018629200
K:/ccrr: 0.000000000 0.966391424 0.033608576
K:/crcc: 0.314871933 0.415322188 0.269805879
K:/crcf: 0.395315368 0.417836394 0.186848238
K:/crcr: 0.000000000 0.681801526 0.318198474
K:/crfc: 0.040284194 0.844569259 0.115146547
K:/crff: 0.000000000 0.859963420 0.140036580
K:/crfr: 0.000000000 0.554909045 0.445090955
K:/crrc: 0.000000000 0.802913487 0.197086513
K:/crrf: 0.000000000 0.065217540 0.934782460
K:/rccr: 0.000000000 0.722939376 0.277060624
K:/rcfr: 0.000000000 0.704452190 0.295547810
K:/rcrc: 0.000000000 0.685035073 0.314964927
K:/rcrf: 0.000000000 0.738983767 0.261016233
K:/rfcr: 0.000000000 0.249478432 0.750521568
K:/rffr: 0.000000000 0.360308257 0.639691743
K:/rfrc: 0.000000000 0.697849862 0.302150138
K:/rfrf: 0.000000000 0.183590336 0.816409664
K:/rrcc: 0.000000000 0.315156047 0.684843953
K:/rrcf: 0.000000000 0.537845663 0.462154337
K:/rrfc: 0.000000000 0.290215686 0.709784314
K:/rrff: 0.000000000 0.749402083 0.250597917
Q:/: 0.000000000 1.000000000 0.000000000
Q:/cccr: 0.000000000 0.000000000 1.000000000
Q:/cccrccrc: 0.000000000 0.291338821 0.708661179
Q:/cccrccrf: 0.000000000 0.571449408 0.428550592
Q:/cccrcfrc: 0.000000000 0.482317141 0.517682859
Q:/cccrcfrf: 0.000000000 0.662018109 0.337981891
Q:/cccrcrcc: 0.000000000 0.272905029 0.727094971
Q:/cccrcrcf: 0.000000000 0.675197120 0.324802880
Q:/cccrcrfc: 0.000000000 0.047735588 0.952264412
Q:/cccrcrff: 0.000000000 0.841449609 0.158550391
Q:/ccrc: 0.215898797 0.427283831 0.356817372
Q:/ccrccrcc: 0.000000000 0.833436760 0.166563240
Q:/ccrccrcf: 0.000000000 0.591959510 0.408040490
Q:/ccrccrfc: 0.000000000 0.410467935 0.589532065
Q:/ccrccrff: 0.000000000 0.569222350 0.430777650
Q:/ccrf: 0.408255956 0.485967845 0.105776199
Q:/ccrfcrc: 0.000000000 0.242181566 0.757818434
Q:/ccrfcrf: 0.000000000 0.748655673 0.251344327
Q:/ccrr: 0.000000000 0.589922627 0.410077373
Q:/crcc: 0.000000000 0.338827056 0.661172944
Q:/crcf: 0.000000000 0.118480332 0.881519668
Q:/crcr: 0.000000000 0.380213114 0.619786886
Q:/crfc: 0.000000000 0.211587346 0.788412654
Q:/crff: 0.000000000 0.599152707 0.400847293
Q:/crfr: 0.000000000 0.297469629 0.702530371
Q:/crrc: 0.000000000 0.062712204 0.937287796
Q:/crrf: 0.000000000 0.461461960 0.538538040
Q:/rccr: 0.000000000 0.779459088 0.220540912
Q:/rcfr: 0.000000000 0.052564473 0.947435527
Q:/rcrc: 0.000000000 0.531516592 0.468483408
Q:/rcrf: 0.000000000 0.405393317 0.594606683
Q:/rfcr: 0.000000000 0.407344728 0.592655272
Q:/rffr: 0.000000000 0.222449928 0.777550072
Q:/rfrc: 0.000000000 0.000000000 1.000000000
Q:/rfrf: 0.000000000 0.206222212 0.793777788
Q:/rrcc: 0.000000000 0.029696636 0.970303364
Q:/rrcf: 0.000000000 0.298788886 0.701211114
Q:/rrfc: 0.000000000 0.000000000 1.000000000
Q:/rrff: 0.000000000 0.399002088 0.600997912
T:/: 0.107113368 0.892886632 0.000000000
T:/cccr: 0.000000000 0.000000000 1.000000000
T:/cccrccrc: 0.000000000 0.367700086 0.632299914
T:/cccrccrf: 0.000000000 0.603397133 0.396602867
T:/cccrcfrc: 0.000000000 0.244448650 0.755551350
T:/cccrcfrf: 0.000000000 0.202650907 0.797349093
T:/cccrcrcc: 0.000000000 0.374405284 0.625594716
T:/cccrcrcf: 0.000000000 0.656789002 0.343210998
T:/cccrcrfc: 0.000000000 0.362241126 0.637758874
T:/cccrcrff: 0.000000000 0.330829542 0.669170458
T:/ccrc: 0.000567207 0.377394709 0.622038084
T:/ccrccrcc: 0.000000000 0.180693516 0.819306484
T:/ccrccrcf: 0.000000000 0.568935908 0.431064092
T:/ccrccrfc: 0.000000000 0.128978589 0.871021411
T:/ccrccrff: 0.000000000 0.409265927 0.590734073
T:/ccrf: 0.620147258 0.038641195 0.341211547
T:/ccrfcrc: 0.000000000 0.573962656 0.426037344
T:/ccrfcrf: 0.000000000 0.645216135 0.354783865
T:/ccrr: 0.000000000 0.145371684 0.854628316
T:/crcc: 0.220738869 0.427286916 0.351974215
T:/crcf: 0.298158487 0.276941902 0.424899612
T:/crcr: 0.000000000 0.354757585 0.645242415
T:/crfc: 0.000000000 0.029018217 0.970981783
T:/crff: 0.000000000 0.060550855 0.939449145
T:/crfr: 0.000000000 0.046580870 0.953419130
T:/crrc: 0.000000000 0.253795603 0.746204397
T:/crrf: 0.000000000 0.151941141 0.848058859
T:/rccr: 0.000000000 0.174979030 0.825020970
T:/rcfr: 0.000000000 0.235992531 0.764007469
T:/rcrc: 0.000000000 0.572702445 0.427297555
T:/rcrf: 0.000000000 0.361952615 0.638047385
T:/rfcr: 0.000000000 0.327350162 0.672649838
T:/rffr: 0.000000000 0.211443392 0.788556608
T:/rfrc: 0.000000000 0.000000000 1.000000000
T:/rfrf: 0.000000000 0.170376863 0.829623137
T:/rrcc: 0.000000000 0.049107383 0.950892617
T:/rrcf: 0.000000000 0.178904726 0.821095274
T:/rrfc: 0.000000000 0.000000000 1.000000000
T:/rrff: 0.000000000 0.000000000 1.000000000
