8:/cc: 0.102629845 0.897370155 0.000000000
8:/cccrcc: 0.415933774 0.399492579 0.184573647
8:/cccrcf: 0.030981146 0.425438136 0.543580718
8:/cccrcr: 0.000000000 0.466025946 0.533974054
8:/cccrfc: 0.033138602 0.000000000 0.966861398
8:/cccrff: 0.265278764 0.370229552 0.364491685
8:/cccrfr: 0.000000000 0.000000000 1.000000000
8:/cccrrc: 0.000000000 0.435867605 0.564132395
8:/cccrrf: 0.000000000 0.458120976 0.541879024
8:/ccrccr: 0.000000000 0.238936480 0.761063520
8:/ccrcfr: 0.000000000 0.497828987 0.502171013
8:/ccrcrc: 0.000000000 0.735982444 0.264017556
8:/ccrcrf: 0.000000000 0.784247660 0.215752340
8:/ccrfcr: 0.000000000 0.581649412 0.418350588
8:/ccrffr: 0.000000000 0.803190059 0.196809941
8:/ccrfrc: 0.000000000 0.194263035 0.805736965
8:/ccrfrf: 0.000000000 0.594239119 0.405760881
8:/ccrrcc: 0.000000000 0.208941858 0.791058142
8:/ccrrcf: 0.000000000 0.091357205 0.908642795
8:/ccrrfc: 0.000000000 0.281029785 0.718970215
8:/ccrrff: 0.000000000 0.297528864 0.702471136
8:/cr: 0.000000000 0.000000000 1.000000000
8:/crccrc: 0.000000000 0.534132187 0.465867813
8:/crccrf: 0.000000000 0.524840763 0.475159237
8:/crcfrc: 0.000000000 0.176682027 0.823317973
8:/crcfrf: 0.000000000 0.287056867 0.712943133
8:/crcrcc: 0.000000000 0.349988213 0.650011787
8:/crcrcf: 0.000000000 0.430988036 0.569011964
8:/crcrfc: 0.000000000 0.125711709 0.874288291
8:/crcrff: 0.000000000 0.227243037 0.772756963
8:/rc: 0.013952263 0.026012380 0.960035357
8:/rccrcc: 0.000000000 0.197898542 0.802101458
8:/rccrcf: 0.000000000 0.039525646 0.960474354
8:/rccrfc: 0.000000000 0.106866736 0.893133264
8:/rccrff: 0.000000000 0.643361562 0.356638438
8:/rf: 0.569705796 0.000000000 0.430294204
8:/rfcrc: 0.000000000 0.528559794 0.471440206
8:/rfcrf: 0.000000000 0.329750298 0.670249702
8:/rr: 0.000000000 0.000000000 1.000000000
9:/cc: 0.034750043 0.965249957 0.000000000
9:/cccrcc: 0.069371961 0.581258369 0.349369670
9:/cccrcf: 0.051893612 0.432521369 0.515585019
9:/cccrcr: 0.000000000 0.000000000 1.000000000
9:/cccrfc: 0.032173958 0.046921582 0.920904460
9:/cccrff: 0.186905029 0.454403543 0.358691427
9:/cccrfr: 0.000000000 0.000000000 1.000000000
9:/cccrrc: 0.000000000 0.479818898 0.520181102
9:/cccrrf: 0.000000000 0.022095228 0.977904772
9:/ccrccr: 0.000000000 0.371136675 0.628863325
9:/ccrcfr: 0.000000000 0.529473496 0.470526504
9:/ccrcrc: 0.000000000 0.179292941 0.820707059
9:/ccrcrf: 0.000000000 0.884586888 0.115413112
9:/ccrfcr: 0.000000000 0.189350278 0.810649722
9:/ccrffr: 0.000000000 0.569747925 0.430252075
9:/ccrfrc: 0.000000000 0.287181056 0.712818944
9:/ccrfrf: 0.000000000 0.734831327 0.265168673
9:/ccrrcc: 0.000000000 0.456616540 0.543383460
9:/ccrrcf: 0.000000000 0.589661961 0.410338039
9:/ccrrfc: 0.000000000 0.043723374 0.956276626
9:/ccrrff: 0.000000000 0.000000000 1.000000000
9:/cr: 0.000000000 0.000000000 1.000000000
9:/crccrc: 0.000000000 0.598865945 0.401134055
9:/crccrf: 0.000000000 0.627985067 0.372014933
9:/crcfrc: 0.000000000 0.151853327 0.848146673
9:/crcfrf: 0.000000000 0.510378759 0.489621241
9:/crcrcc: 0.000000000 0.247197616 0.752802384
9:/crcrcf: 0.000000000 0.670618976 0.329381024
9:/crcrfc: 0.000000000 0.000000000 1.000000000
9:/crcrff: 0.000000000 0.866193462 0.133806538
9:/rc: 0.003577198 0.020155559 0.976267243
9:/rccrcc: 0.000000000 0.492906837 0.507093163
9:/rccrcf: 0.000000000 0.072495989 0.927504011
9:/rccrfc: 0.000000000 0.424893944 0.575106056
9:/rccrff: 0.000000000 0.519475987 0.480524013
9:/rf: 0.354907776 0.000000000 0.645092224
9:/rfcrc: 0.000000000 0.358835016 0.641164984
9:/rfcrf: 0.000000000 0.407679152 0.592320848
9:/rr: 0.000000000 0.087567235 0.912432765
A:/cc: 0.326941827 0.673058173 0.000000000
A:/cccrcc: 0.364274709 0.635725291 0.000000000
A:/cccrcf: 0.316940854 0.683059146 0.000000000
A:/cccrcr: 0.000000000 0.832459611 0.167540389
A:/cccrfc: 0.836342796 0.163657204 0.000000000
A:/cccrff: 0.450443591 0.549556409 0.000000000
A:/cccrfr: 0.000000000 1.000000000 0.000000000
A:/cccrrc: 0.000000000 0.233572639 0.766427361
A:/cccrrf: 0.000000000 0.260197801 0.739802199
A:/ccrccr: 0.000000000 0.994252888 0.005747112
A:/ccrcfr: 0.000000000 1.000000000 0.000000000
A:/ccrcrc: 0.000000000 0.779278758 0.220721242
A:/ccrcrf: 0.000000000 1.000000000 0.000000000
A:/ccrfcr: 0.000000000 0.944372172 0.055627828
A:/ccrffr: 0.000000000 0.893340830 0.106659170
A:/ccrfrc: 0.000000000 1.000000000 0.000000000
A:/ccrfrf: 0.000000000 0.597379813 0.402620187
A:/ccrrcc: 0.000000000 1.000000000 0.000000000
A:/ccrrcf: 0.000000000 1.000000000 0.000000000
A:/ccrrfc: 0.000000000 0.686926727 0.313073273
A:/ccrrff: 0.000000000 0.869787804 0.130212196
A:/cr: 0.599153645 0.400846355 0.000000000
A:/crccrc: 0.000000000 0.868306175 0.131693825
A:/crccrf: 0.000000000 0.667659385 0.332340615
A:/crcfrc: 0.000000000 0.839968096 0.160031904
A:/crcfrf: 0.000000000 0.154470310 0.845529690
A:/crcrcc: 0.000000000 1.000000000 0.000000000
A:/crcrcf: 0.000000000 1.000000000 0.000000000
A:/crcrfc: 0.000000000 1.000000000 0.000000000
A:/crcrff: 0.000000000 1.000000000 0.000000000
A:/rc: 0.481457140 0.518542860 0.000000000
A:/rccrcc: 0.000000000 0.908496688 0.091503312
A:/rccrcf: 0.000000000 0.937042403 0.062957597
A:/rccrfc: 0.000000000 0.752440489 0.247559511
A:/rccrff: 0.000000000 0.755368988 0.244631012
A:/rf: 0.703668228 0.296331772 0.000000000
A:/rfcrc: 0.000000000 1.000000000 0.000000000
A:/rfcrf: 0.000000000 0.987248485 0.012751515
A:/rr: 0.000000000 1.000000000 0.000000000
J:/cc: 0.000000000 1.000000000 0.000000000
J:/cccrcc: 0.142958694 0.268716097 0.588325209
J:/cccrcf: 0.271221317 0.160377524 0.568401158
J:/cccrcr: 0.000000000 0.278521037 0.721478963
J:/cccrfc: 0.028092273 0.124310751 0.847596976
J:/cccrff: 0.333449574 0.163527932 0.503022494
J:/cccrfr: 0.000000000 0.053557279 0.946442721
J:/cccrrc: 0.000000000 0.524145431 0.475854569
J:/cccrrf: 0.000000000 0.273689717 0.726310283
J:/ccrccr: 0.000000000 0.494233063 0.505766937
J:/ccrcfr: 0.000000000 0.860751128 0.139248872
J:/ccrcrc: 0.000000000 0.844274606 0.155725394
J:/ccrcrf: 0.000000000 0.289213744 0.710786256
J:/ccrfcr: 0.000000000 0.761402354 0.238597646
J:/ccrffr: 0.000000000 0.596936874 0.403063126
J:/ccrfrc: 0.000000000 0.229248939 0.770751061
J:/ccrfrf: 0.000000000 0.665416721 0.334583279
J:/ccrrcc: 0.000000000 0.375180170 0.624819830
J:/ccrrcf: 0.000000000 0.000000000 1.000000000
J:/ccrrfc: 0.000000000 0.313443249 0.686556751
J:/ccrrff: 0.000000000 0.317668873 0.682331127
J:/cr: 0.000000000 0.000000000 1.000000000
J:/crccrc: 0.000000000 0.600775979 0.399224021
J:/crccrf: 0.000000000 0.473532404 0.526467596
J:/crcfrc: 0.000000000 0.558083870 0.441916130
J:/crcfrf: 0.000000000 0.432643950 0.567356050
J:/crcrcc: 0.000000000 0.032035522 0.967964478
J:/crcrcf: 0.000000000 0.668675082 0.331324918
J:/crcrfc: 0.000000000 0.644605888 0.355394112
J:/crcrff: 0.000000000 0.000000000 1.000000000
J:/rc: 0.000191695 0.000000000 0.999808305
J:/rccrcc: 0.000000000 0.348038315 0.651961685
J:/rccrcf: 0.000000000 0.779496072 0.220503928
J:/rccrfc: 0.000000000 0.548111673 0.451888327
J:/rccrff: 0.000000000 0.678082071 0.321917929
J:/rf: 0.337543898 0.092163020 0.570293082
J:/rfcrc: 0.000000000 0.820205759 0.179794241
J:/rfcrf: 0.000000000 0.429592777 0.570407223
J:/rr: 0.000000000 0.000000000 1.000000000
K:/cc: 0.000000000 1.000000000 0.000000000
K:/cccrcc: 0.157925861 0.500746771 0.341327368
K:/cccrcf: 0.405714724 0.400716836 0.193568440
K:/cccrcr: 0.000000000 0.713637258 0.286362742
K:/cccrfc: 0.075860454 0.873263818 0.050875728
K:/cccrff: 0.631846281 0.300229677 0.067924042
K:/cccrfr: 0.000000000 0.728593315 0.271406685
K:/cccrrc: 0.000000000 0.258800967 0.741199033
K:/cccrrf: 0.000000000 0.930712771 0.069287229
K:/ccrccr: 0.000000000 0.817387147 0.182612853
K:/ccrcfr: 0.000000000 0.783066350 0.216933650
K:/ccrcrc: 0.000000000 0.502364999 0.497635001
K:/ccrcrf: 0.000000000 0.739910275 0.260089725
K:/ccrfcr: 0.000000000 0.855908733 0.144091267
K:/ccrffr: 0.000000000 0.879510962 0.120489038
K:/ccrfrc: 0.000000000 0.972305829 0.027694171
K:/ccrfrf: 0.000000000 0.299945795 0.700054205
K:/ccrrcc: 0.000000000 0.122560787 0.877439213
K:/ccrrcf: 0.000000000 0.843923384 0.156076616
K:/ccrrfc: 0.000000000 0.376328771 0.623671229
K:/ccrrff: 0.000000000 0.510149885 0.489850115
K:/cr: 0.000000000 0.301074859 0.698925141
K:/crccrc: 0.000000000 0.062288012 0.937711988
K:/crccrf: 0.000000000 0.743561201 0.256438799
K:/crcfrc: 0.000000000 0.631225880 0.368774120
K:/crcfrf: 0.000000000 0.615160747 0.384839253
K:/crcrcc: 0.000000000 0.334382435 0.665617565
K:/crcrcf: 0.000000000 0.333689230 0.666310770
K:/crcrfc: 0.000000000 0.253728294 0.746271706
K:/crcrff: 0.000000000 0.477766074 0.522233926
K:/rc: 0.288871508 0.285824565 0.425303927
K:/rccrcc: 0.000000000 0.594818610 0.405181390
K:/rccrcf: 0.000000000 0.717749523 0.282250477
K:/rccrfc: 0.000000000 0.328387273 0.671612727
K:/rccrff: 0.000000000 0.198968979 0.801031021
K:/rf: 0.654838102 0.309318264 0.035843635
K:/rfcrc: 0.000000000 0.956515839 0.043484161
K:/rfcrf: 0.000000000 0.793581248 0.206418752
K:/rr: 0.000000000 0.597558583 0.402441417
Q:/cc: 0.000000000 1.000000000 0.000000000
Q:/cccrcc: 0.000000000 0.762691909 0.237308091
Q:/cccrcf: 0.143998414 0.454116132 0.401885454
Q:/cccrcr: 0.000000000 0.494739040 0.505260960
Q:/cccrfc: 0.006011787 0.600170681 0.393817532
Q:/cccrff: 0.250404785 0.625707581 0.123887634
Q:/cccrfr: 0.000000000 0.514397570 0.485602430
Q:/cccrrc: 0.000000000 0.707814659 0.292185341
Q:/cccrrf: 0.000000000 0.734274066 0.265725934
Q:/ccrccr: 0.000000000 0.460900371 0.539099629
Q:/ccrcfr: 0.000000000 0.532246599 0.467753401
Q:/ccrcrc: 0.000000000 0.129021768 0.870978232
Q:/ccrcrf: 0.000000000 0.095057210 0.904942790
Q:/ccrfcr: 0.000000000 0.510153095 0.489846905
Q:/ccrffr: 0.000000000 0.636291877 0.363708123
Q:/ccrfrc: 0.000000000 0.079640119 0.920359881
Q:/ccrfrf: 0.000000000 0.823478240 0.176521760
Q:/ccrrcc: 0.000000000 0.040615601 0.959384399
Q:/ccrrcf: 0.000000000 0.287129845 0.712870155
Q:/ccrrfc: 0.000000000 0.227607912 0.772392088
Q:/ccrrff: 0.000000000 0.262987341 0.737012659
Q:/cr: 0.000000000 0.000000000 1.000000000
Q:/crccrc: 0.000000000 0.137728409 0.862271591
Q:/crccrf: 0.000000000 0.463819045 0.536180955
Q:/crcfrc: 0.000000000 0.167591761 0.832408239
Q:/crcfrf: 0.000000000 0.558374291 0.441625709
Q:/crcrcc: 0.000000000 0.409760552 0.590239448
Q:/crcrcf: 0.000000000 0.809462667 0.190537333
Q:/crcrfc: 0.000000000 0.319636252 0.680363748
Q:/crcrff: 0.000000000 0.473809194 0.526190806
Q:/rc: 0.013766891 0.201362694 0.784870416
Q:/rccrcc: 0.000000000 0.003947933 0.996052067
Q:/rccrcf: 0.000000000 0.251529171 0.748470829
Q:/rccrfc: 0.000000000 0.265073849 0.734926151
Q:/rccrff: 0.000000000 0.729375039 0.270624961
Q:/rf: 0.097899414 0.318434284 0.583666302
Q:/rfcrc: 0.000000000 0.538896664 0.461103336
Q:/rfcrf: 0.000000000 0.488088819 0.511911181
Q:/rr: 0.000000000 0.000000000 1.000000000
T:/cc: 0.000988133 0.999011867 0.000000000
T:/cccrcc: 0.276676529 0.343165811 0.380157660
T:/cccrcf: 0.000000000 0.393427616 0.606572384
T:/cccrcr: 0.000000000 0.145822421 0.854177579
T:/cccrfc: 0.036583267 0.128725881 0.834690852
T:/cccrff: 0.000012480 0.125370450 0.874617071
T:/cccrfr: 0.000000000 0.000000000 1.000000000
T:/cccrrc: 0.000000000 0.431661969 0.568338031
T:/cccrrf: 0.000000000 0.082005643 0.917994357
T:/ccrccr: 0.000000000 0.636253729 0.363746271
T:/ccrcfr: 0.000000000 0.126256053 0.873743947
T:/ccrcrc: 0.000000000 0.860715900 0.139284100
T:/ccrcrf: 0.000000000 0.045989858 0.954010142
T:/ccrfcr: 0.000000000 0.515800441 0.484199559
T:/ccrffr: 0.000000000 0.425732317 0.574267683
T:/ccrfrc: 0.000000000 0.272309392 0.727690608
T:/ccrfrf: 0.000000000 0.203736175 0.796263825
T:/ccrrcc: 0.000000000 0.448151579 0.551848421
T:/ccrrcf: 0.000000000 0.349754035 0.650245965
T:/ccrrfc: 0.000000000 0.291296590 0.708703410
T:/ccrrff: 0.000000000 0.123180330 0.876819670
T:/cr: 0.000000000 0.000000000 1.000000000
T:/crccrc: 0.000000000 0.435546907 0.564453093
T:/crccrf: 0.000000000 0.248648060 0.751351940
T:/crcfrc: 0.000000000 0.517968550 0.482031450
T:/crcfrf: 0.000000000 0.778963465 0.221036535
T:/crcrcc: 0.000000000 0.314823404 0.685176596
T:/crcrcf: 0.000000000 0.445186012 0.554813988
T:/crcrfc: 0.000000000 0.000000000 1.000000000
T:/crcrff: 0.000000000 0.473861443 0.526138557
T:/rc: 0.000053087 0.000000000 0.999946913
T:/rccrcc: 0.000000000 0.267455298 0.732544702
T:/rccrcf: 0.000000000 0.424243400 0.575756600
T:/rccrfc: 0.000000000 0.503678981 0.496321019
T:/rccrff: 0.000000000 0.587059582 0.412940418
T:/rf: 0.055086537 0.000000000 0.944913463
T:/rfcrc: 0.000000000 0.869053791 0.130946209
T:/rfcrf: 0.000000000 0.512495618 0.487504382
T:/rr: 0.000000000 0.000000000 1.000000000
