8:/: 0.039483039 0.960516961 0.000000000
8:/cccr: 0.004149092 0.000000000 0.995850908
8:/cccrccrc: 0.000000000 0.402314180 0.597685820
8:/cccrccrf: 0.000000000 0.943636689 0.056363311
8:/cccrcfrc: 0.000000000 0.476060272 0.523939728
8:/cccrcfrf: 0.000000000 0.976569706 0.023430294
8:/cccrcrcc: 0.000000000 0.394649683 0.605350317
8:/cccrcrcf: 0.000000000 0.024260935 0.975739065
8:/cccrcrfc: 0.000000000 0.460609865 0.539390135
8:/cccrcrff: 0.000000000 0.402731525 0.597268475
8:/ccrc: 0.000000000 0.447188225 0.552811775
8:/ccrccrcc: 0.000000000 0.036741109 0.963258891
8:/ccrccrcf: 0.000000000 0.116844464 0.883155536
8:/ccrccrfc: 0.000000000 0.540880985 0.459119015
8:/ccrccrff: 0.000000000 0.463116395 0.536883605
8:/ccrf: 0.045821585 0.042786280 0.911392135
8:/ccrfcrc: 0.000000000 0.470212058 0.529787942
8:/ccrfcrf: 0.000000000 0.615867210 0.384132790
8:/ccrr: 0.000000000 0.156144972 0.843855028
8:/crcc: 0.254663331 0.289134664 0.456202005
8:/crcf: 0.136881166 0.534470465 0.328648369
8:/crcr: 0.000000000 0.102105099 0.897894901
8:/crfc: 0.008505388 0.370550368 0.620944244
8:/crff: 0.000000000 0.000000000 1.000000000
8:/crfr: 0.000000000 0.000000000 1.000000000
8:/crrc: 0.000000000 0.370969877 0.629030123
8:/crrf: 0.000000000 0.211684846 0.788315154
8:/rccr: 0.000000000 0.216930712 0.783069288
8:/rcfr: 0.000000000 0.285278231 0.714721769
8:/rcrc: 0.000000000 0.354384731 0.645615269
8:/rcrf: 0.000000000 0.273789825 0.726210175
8:/rfcr: 0.000000000 0.099920674 0.900079326
8:/rffr: 0.000000000 0.000000000 1.000000000
8:/rfrc: 0.000000000 0.311871218 0.688128782
8:/rfrf: 0.000000000 0.579073415 0.420926585
8:/rrcc: 0.000000000 0.259407622 0.740592378
8:/rrcf: 0.000000000 0.123920172 0.876079828
8:/rrfc: 0.000000000 0.045059759 0.954940241
8:/rrff: 0.000000000 0.139836531 0.860163469
9:/: 0.048388839 0.951611161 0.000000000
9:/cccr: 0.004200162 0.000000000 0.995799838
9:/cccrccrc: 0.000000000 0.375426479 0.624573521
9:/cccrccrf: 0.000000000 0.567177962 0.432822038
9:/cccrcfrc: 0.000000000 0.310418910 0.689581090
9:/cccrcfrf: 0.000000000 0.969613233 0.030386767
9:/cccrcrcc: 0.000000000 0.396725934 0.603274066
9:/cccrcrcf: 0.000000000 0.419211213 0.580788787
9:/cccrcrfc: 0.000000000 0.592435280 0.407564720
9:/cccrcrff: 0.000000000 0.000000000 1.000000000
9:/ccrc: 0.000000000 0.542182337 0.457817663
9:/ccrccrcc: 0.000000000 0.454770720 0.545229280
9:/ccrccrcf: 0.000000000 0.615837375 0.384162625
9:/ccrccrfc: 0.000000000 0.252021412 0.747978588
9:/ccrccrff: 0.000000000 0.358223605 0.641776395
9:/ccrf: 0.284909495 0.224899477 0.490191028
9:/ccrfcrc: 0.000000000 0.778056841 0.221943159
9:/ccrfcrf: 0.000000000 0.330472792 0.669527208
9:/ccrr: 0.000000000 0.332078304 0.667921696
9:/crcc: 0.000000000 0.165593302 0.834406698
9:/crcf: 0.000000000 0.330488737 0.669511263
9:/crcr: 0.000000000 0.115136578 0.884863422
9:/crfc: 0.038299184 0.065651240 0.896049575
9:/crff: 0.000614811 0.124452078 0.874933111
9:/crfr: 0.000000000 0.009982250 0.990017750
9:/crrc: 0.000000000 0.069618485 0.930381515
9:/crrf: 0.000000000 0.549345789 0.450654211
9:/rccr: 0.000000000 0.102220623 0.897779377
9:/rcfr: 0.000000000 0.345637385 0.654362615
9:/rcrc: 0.000000000 0.330095176 0.669904824
9:/rcrf: 0.000000000 0.464500232 0.535499768
9:/rfcr: 0.000000000 0.127089916 0.872910084
9:/rffr: 0.000000000 0.000000000 1.000000000
9:/rfrc: 0.000000000 0.661169637 0.338830363
9:/rfrf: 0.000000000 0.988881463 0.011118537
9:/rrcc: 0.000000000 0.000000000 1.000000000
9:/rrcf: 0.000000000 0.000000000 1.000000000
9:/rrfc: 0.000000000 0.000000000 1.000000000
9:/rrff: 0.000000000 0.000000000 1.000000000
A:/: 0.258393693 0.741606307 0.000000000
A:/cccr: 0.983708652 0.016291348 0.000000000
A:/cccrccrc: 0.000000000 0.864333218 0.135666782
A:/cccrccrf: 0.000000000 0.617972344 0.382027656
A:/cccrcfrc: 0.000000000 0.778376911 0.221623089
A:/cccrcfrf: 0.000000000 0.625763922 0.374236078
A:/cccrcrcc: 0.000000000 0.596759305 0.403240695
A:/cccrcrcf: 0.000000000 0.827685764 0.172314236
A:/cccrcrfc: 0.000000000 0.877801426 0.122198574
A:/cccrcrff: 0.000000000 0.876775027 0.123224973
A:/ccrc: 0.613959190 0.386040810 0.000000000
A:/ccrccrcc: 0.000000000 0.737584130 0.262415870
A:/ccrccrcf: 0.000000000 0.568526019 0.431473981
A:/ccrccrfc: 0.000000000 0.304901145 0.695098855
A:/ccrccrff: 0.000000000 0.375276740 0.624723260
A:/ccrf: 0.469473507 0.530526493 0.000000000
A:/ccrfcrc: 0.000000000 0.979639351 0.020360649
A:/ccrfcrf: 0.000000000 0.787922979 0.212077021
A:/ccrr: 0.000000000 0.894440691 0.105559309
A:/crcc: 0.574711187 0.425288813 0.000000000
A:/crcf: 0.377803274 0.622196726 0.000000000
A:/crcr: 0.000000000 0.958987043 0.041012957
A:/crfc: 0.751943366 0.248056634 0.000000000
A:/crff: 0.753487906 0.246512094 0.000000000
A:/crfr: 0.000000000 1.000000000 0.000000000
A:/crrc: 0.000000000 1.000000000 0.000000000
A:/crrf: 0.000000000 1.000000000 0.000000000
A:/rccr: 0.000000000 0.906913773 0.093086227
A:/rcfr: 0.000000000 1.000000000 0.000000000
A:/rcrc: 0.000000000 0.642001761 0.357998239
A:/rcrf: 0.000000000 0.658029330 0.341970670
A:/rfcr: 0.000000000 1.000000000 0.000000000
A:/rffr: 0.000000000 1.000000000 0.000000000
A:/rfrc: 0.000000000 0.988873425 0.011126575
A:/rfrf: 0.000000000 0.573862621 0.426137379
A:/rrcc: 0.000000000 1.000000000 0.000000000
A:/rrcf: 0.000000000 1.000000000 0.000000000
A:/rrfc: 0.000000000 0.964853258 0.035146742
A:/rrff: 0.000000000 1.000000000 0.000000000
J:/: 0.001261102 0.998738898 0.000000000
J:/cccr: 0.003907004 0.000000000 0.996092996
J:/cccrccrc: 0.000000000 0.516009879 0.483990121
J:/cccrccrf: 0.000000000 0.548875560 0.451124440
J:/cccrcfrc: 0.000000000 0.589685751 0.410314249
J:/cccrcfrf: 0.000000000 0.526329533 0.473670467
J:/cccrcrcc: 0.000000000 0.439796285 0.560203715
J:/cccrcrcf: 0.000000000 0.468604314 0.531395686
J:/cccrcrfc: 0.000000000 0.634541894 0.365458106
J:/cccrcrff: 0.000000000 0.736185071 0.263814929
J:/ccrc: 0.105702409 0.440825821 0.453471770
J:/ccrccrcc: 0.000000000 0.487980929 0.512019071
J:/ccrccrcf: 0.000000000 0.662712375 0.337287625
J:/ccrccrfc: 0.000000000 0.430014128 0.569985872
J:/ccrccrff: 0.000000000 0.979431620 0.020568380
J:/ccrf: 0.048250885 0.382473259 0.569275856
J:/ccrfcrc: 0.000000000 0.881259102 0.118740898
J:/ccrfcrf: 0.000000000 0.989785426 0.010214574
J:/ccrr: 0.000000000 0.428726619 0.571273381
J:/crcc: 0.113154328 0.434633328 0.452212344
J:/crcf: 0.163770530 0.283036308 0.553193162
J:/crcr: 0.000000000 0.027263892 0.972736108
J:/crfc: 0.000000000 0.151180480 0.848819520
J:/crff: 0.000000000 0.286095934 0.713904066
J:/crfr: 0.000000000 0.277916711 0.722083289
J:/crrc: 0.000000000 0.794980295 0.205019705
J:/crrf: 0.000000000 0.000000000 1.000000000
J:/rccr: 0.000000000 0.590306562 0.409693438
J:/rcfr: 0.000000000 0.228419427 0.771580573
J:/rcrc: 0.000000000 0.201012526 0.798987474
J:/rcrf: 0.000000000 0.262368656 0.737631344
J:/rfcr: 0.000000000 0.000000000 1.000000000
J:/rffr: 0.000000000 0.000000000 1.000000000
J:/rfrc: 0.000000000 0.000000000 1.000000000
J:/rfrf: 0.000000000 0.545354589 0.454645411
J:/rrcc: 0.000000000 0.116875687 0.883124313
J:/rrcf: 0.000000000 0.325206663 0.674793337
J:/rrfc: 0.000000000 0.228414084 0.771585916
J:/rrff: 0.000000000 0.024378969 0.975621031
K:/: 0.000372218 0.999627782 0.000000000
K:/cccr: 0.004362481 0.618164694 0.377472824
K:/cccrccrc: 0.000000000 0.409525503 0.590474497
K:/cccrccrf: 0.000000000 0.537128414 0.462871586
K:/cccrcfrc: 0.000000000 0.406294285 0.593705715
K:/cccrcfrf: 0.000000000 0.463170590 0.536829410
K:/cccrcrcc: 0.000000000 0.465722277 0.534277723
K:/cccrcrcf: 0.000000000 0.725398266 0.274601734
K:/cccrcrfc: 0.000000000 0.755934999 0.244065001
K:/cccrcrff: 0.000000000 0.906726581 0.093273419
K:/ccrc: 0.122254133 0.558352970 0.319392897
K:/ccrccrcc: 0.000000000 0.387836799 0.612163201
K:/ccrccrcf: 0.000000000 0.553473274 0.446526726
K:/ccrccrfc: 0.000000000 0.765000692 0.234999308
K:/ccrccrff: 0.000000000 0.397694257 0.602305743
K:/ccrf: 0.749509366 0.250490634 0.000000000
K:/ccrfcrc: 0.000000000 0.119703747 0.880296253
K:/ccrfcrf: 0.000000000 0.484702811 0.515297189
K:/ccrr: 0.000000000 0.912750241 0.087249759
K:/crcc: 0.397297769 0.367939860 0.234762371
K:/crcf: 0.000000000 0.848693489 0.151306511
K:/crcr: 0.000000000 0.413615348 0.586384652
K:/crfc: 0.137488630 0.632257722 0.230253648
K:/crff: 0.000000000 0.791100625 0.208899375
K:/crfr: 0.000000000 0.479592685 0.520407315
K:/crrc: 0.000000000 0.335680419 0.664319581
K:/crrf: 0.000000000 0.320031357 0.679968643
K:/rccr: 0.000000000 0.815723023 0.184276977
K:/rcfr: 0.000000000 0.673309991 0.326690009
K:/rcrc: 0.000000000 0.192972664 0.807027336
K:/rcrf: 0.000000000 0.198563839 0.801436161
K:/rfcr: 0.000000000 0.566181769 0.433818231
K:/rffr: 0.000000000 0.198707922 0.801292078
K:/rfrc: 0.000000000 0.313900113 0.686099887
K:/rfrf: 0.000000000 0.409986374 0.590013626
K:/rrcc: 0.000000000 0.663928070 0.336071930
K:/rrcf: 0.000000000 0.807475645 0.192524355
K:/rrfc: 0.000000000 0.684541886 0.315458114
K:/rrff: 0.000000000 0.588354231 0.411645769
Q:/: 0.003697756 0.996302244 0.000000000
Q:/cccr: 0.007067188 0.001497305 0.991435507
Q:/cccrccrc: 0.000000000 0.051428543 0.948571457
Q:/cccrccrf: 0.000000000 0.794797431 0.205202569
Q:/cccrcfrc: 0.000000000 0.530893844 0.469106156
Q:/cccrcfrf: 0.000000000 0.744036861 0.255963139
Q:/cccrcrcc: 0.000000000 0.847763903 0.152236097
Q:/cccrcrcf: 0.000000000 0.889129956 0.110870044
Q:/cccrcrfc: 0.000000000 0.351724796 0.648275204
Q:/cccrcrff: 0.000000000 0.331009688 0.668990312
Q:/ccrc: 0.471742873 0.126745231 0.401511896
Q:/ccrccrcc: 0.000000000 0.454416089 0.545583911
Q:/ccrccrcf: 0.000000000 0.929123969 0.070876031
Q:/ccrccrfc: 0.000000000 0.703297986 0.296702014
Q:/ccrccrff: 0.000000000 0.367884822 0.632115178
Q:/ccrf: 0.264262769 0.639320836 0.096416395
Q:/ccrfcrc: 0.000000000 0.895949645 0.104050355
Q:/ccrfcrf: 0.000000000 0.575020911 0.424979089
Q:/ccrr: 0.000000000 0.000000000 1.000000000
Q:/crcc: 0.083641102 0.443690612 0.472668285
Q:/crcf: 0.000000000 0.560555460 0.439444540
Q:/crcr: 0.000000000 0.316080911 0.683919089
Q:/crfc: 0.000000000 0.126216245 0.873783755
Q:/crff: 0.000000000 0.282860091 0.717139909
Q:/crfr: 0.000000000 0.000000000 1.000000000
Q:/crrc: 0.000000000 0.372683333 0.627316667
Q:/crrf: 0.000000000 0.511764464 0.488235536
Q:/rccr: 0.000000000 0.411133489 0.588866511
Q:/rcfr: 0.000000000 0.677984727 0.322015273
Q:/rcrc: 0.000000000 0.833609686 0.166390314
Q:/rcrf: 0.000000000 0.592445283 0.407554717
Q:/rfcr: 0.000000000 0.266880108 0.733119892
Q:/rffr: 0.000000000 0.384120326 0.615879674
Q:/rfrc: 0.000000000 0.401006709 0.598993291
Q:/rfrf: 0.000000000 0.540707691 0.459292309
Q:/rrcc: 0.000000000 0.736710043 0.263289957
Q:/rrcf: 0.000000000 0.000000000 1.000000000
Q:/rrfc: 0.000000000 0.303636037 0.696363963
Q:/rrff: 0.000000000 0.189333606 0.810666394
T:/: 0.001046351 0.998953649 0.000000000
T:/cccr: 0.003701474 0.000000000 0.996298526
T:/cccrccrc: 0.000000000 0.000065150 0.999934850
T:/cccrccrf: 0.000000000 0.622939082 0.377060918
T:/cccrcfrc: 0.000000000 0.195990506 0.804009494
T:/cccrcfrf: 0.000000000 0.462421698 0.537578302
T:/cccrcrcc: 0.000000000 0.794747801 0.205252199
T:/cccrcrcf: 0.000000000 0.515020497 0.484979503
T:/cccrcrfc: 0.000000000 0.000000000 1.000000000
T:/cccrcrff: 0.000000000 0.108056694 0.891943306
T:/ccrc: 0.169450615 0.364034060 0.466515325
T:/ccrccrcc: 0.000000000 0.212982357 0.787017643
T:/ccrccrcf: 0.000000000 0.746702612 0.253297388
T:/ccrccrfc: 0.000000000 0.650583613 0.349416387
T:/ccrccrff: 0.000000000 0.503803029 0.496196971
T:/ccrf: 0.007686261 0.462063783 0.530249956
T:/ccrfcrc: 0.000000000 0.498843657 0.501156343
T:/ccrfcrf: 0.000000000 0.423579773 0.576420227
T:/ccrr: 0.000000000 0.241859928 0.758140072
T:/crcc: 0.253678830 0.481671545 0.264649624
T:/crcf: 0.022979592 0.545670367 0.431350041
T:/crcr: 0.000000000 0.300281618 0.699718382
T:/crfc: 0.000000000 0.131913086 0.868086914
T:/crff: 0.000000000 0.216718712 0.783281288
T:/crfr: 0.000000000 0.000000000 1.000000000
T:/crrc: 0.000000000 0.103519085 0.896480915
T:/crrf: 0.000000000 0.142732618 0.857267382
T:/rccr: 0.000000000 0.787117960 0.212882040
T:/rcfr: 0.000000000 0.308229186 0.691770814
T:/rcrc: 0.000000000 0.532047754 0.467952246
T:/rcrf: 0.000000000 0.878530254 0.121469746
T:/rfcr: 0.000000000 0.000000000 1.000000000
T:/rffr: 0.000000000 0.409911849 0.590088151
T:/rfrc: 0.000000000 0.629544503 0.370455497
T:/rfrf: 0.000000000 0.799908349 0.200091651
T:/rrcc: 0.000000000 0.396381913 0.603618087
T:/rrcf: 0.000000000 0.313157015 0.686842985
T:/rrfc: 0.000000000 0.174687268 0.825312732
T:/rrff: 0.000000000 0.447315964 0.552684036
