8:/cc: 0.054290373 0.945709627 0.000000000
8:/cccrcc: 0.294610693 0.109190334 0.596198973
8:/cccrcf: 0.000000000 0.241973817 0.758026183
8:/cccrcr: 0.000000000 0.065905065 0.934094935
8:/cccrfc: 0.011562521 0.107206529 0.881230950
8:/cccrff: 0.065228863 0.178079084 0.756692053
8:/cccrfr: 0.000000000 0.000000000 1.000000000
8:/cccrrc: 0.000000000 0.946431298 0.053568702
8:/cccrrf: 0.000000000 0.550623692 0.449376308
8:/ccrccr: 0.000000000 0.416708782 0.583291218
8:/ccrcfr: 0.000000000 0.695190217 0.304809783
8:/ccrcrc: 0.000000000 0.522490119 0.477509881
8:/ccrcrf: 0.000000000 0.157929826 0.842070174
8:/ccrfcr: 0.000000000 0.405676771 0.594323229
8:/ccrffr: 0.000000000 0.254295611 0.745704389
8:/ccrfrc: 0.000000000 0.814145031 0.185854969
8:/ccrfrf: 0.000000000 0.514600427 0.485399573
8:/ccrrcc: 0.000000000 0.039215631 0.960784369
8:/ccrrcf: 0.000000000 0.407357291 0.592642709
8:/ccrrfc: 0.000000000 0.191556098 0.808443902
8:/ccrrff: 0.000000000 0.404693529 0.595306471
8:/cr: 0.000008507 0.000000000 0.999991493
8:/crccrc: 0.000000000 0.512168726 0.487831274
8:/crccrf: 0.000000000 0.544024962 0.455975038
8:/crcfrc: 0.000000000 0.076785691 0.923214309
8:/crcfrf: 0.000000000 0.404657325 0.595342675
8:/crcrcc: 0.000000000 0.257292832 0.742707168
8:/crcrcf: 0.000000000 0.912559478 0.087440522
8:/crcrfc: 0.000000000 0.000000000 1.000000000
8:/crcrff: 0.000000000 0.244805023 0.755194977
8:/rc: 0.066923055 0.161314368 0.771762578
8:/rccrcc: 0.000000000 0.567384616 0.432615384
8:/rccrcf: 0.000000000 0.505315677 0.494684323
8:/rccrfc: 0.000000000 0.835239092 0.164760908
8:/rccrff: 0.000000000 0.532330871 0.467669129
8:/rf: 0.000000000 0.227293869 0.772706131
8:/rfcrc: 0.000000000 0.756918792 0.243081208
8:/rfcrf: 0.000000000 0.505606860 0.494393140
8:/rr: 0.000000000 0.122341900 0.877658100
9:/cc: 0.061633744 0.938366256 0.000000000
9:/cccrcc: 0.175841783 0.484501752 0.339656465
9:/cccrcf: 0.054538396 0.329479453 0.615982151
9:/cccrcr: 0.000000000 0.508362923 0.491637077
9:/cccrfc: 0.011728216 0.019889432 0.968382351
9:/cccrff: 0.052864711 0.112193675 0.834941614
9:/cccrfr: 0.000000000 0.000000000 1.000000000
9:/cccrrc: 0.000000000 0.432945915 0.567054085
9:/cccrrf: 0.000000000 0.661529838 0.338470162
9:/ccrccr: 0.000000000 0.847534456 0.152465544
9:/ccrcfr: 0.000000000 0.525310950 0.474689050
9:/ccrcrc: 0.000000000 0.625624380 0.374375620
9:/ccrcrf: 0.000000000 0.368450721 0.631549279
9:/ccrfcr: 0.000000000 0.951924507 0.048075493
9:/ccrffr: 0.000000000 0.211817502 0.788182498
9:/ccrfrc: 0.000000000 0.907061371 0.092938629
9:/ccrfrf: 0.000000000 0.894657144 0.105342856
9:/ccrrcc: 0.000000000 0.349355299 0.650644701
9:/ccrrcf: 0.000000000 0.481281020 0.518718980
9:/ccrrfc: 0.000000000 0.040556412 0.959443588
9:/ccrrff: 0.000000000 0.000000000 1.000000000
9:/cr: 0.000031034 0.000000000 0.999968966
9:/crccrc: 0.000000000 0.214352382 0.785647618
9:/crccrf: 0.000000000 0.502835048 0.497164952
9:/crcfrc: 0.000000000 0.858494026 0.141505974
9:/crcfrf: 0.000000000 0.588290830 0.411709170
9:/crcrcc: 0.000000000 0.057937413 0.942062587
9:/crcrcf: 0.000000000 0.313209709 0.686790291
9:/crcrfc: 0.000000000 0.635420535 0.364579465
9:/crcrff: 0.000000000 0.000000000 1.000000000
9:/rc: 0.000000000 0.282896339 0.717103661
9:/rccrcc: 0.000000000 0.578992364 0.421007636
9:/rccrcf: 0.000000000 0.578532010 0.421467990
9:/rccrfc: 0.000000000 0.350629807 0.649370193
9:/rccrff: 0.000000000 0.225326041 0.774673959
9:/rf: 0.104682896 0.153123276 0.742193827
9:/rfcrc: 0.000000000 0.071667910 0.928332090
9:/rfcrf: 0.000000000 0.113189603 0.886810397
9:/rr: 0.000000000 0.000000000 1.000000000
A:/cc: 0.774103169 0.225896831 0.000000000
A:/cccrcc: 0.150260783 0.627975124 0.221764093
A:/cccrcf: 0.299419154 0.169164789 0.531416057
A:/cccrcr: 0.000000000 0.509783212 0.490216788
A:/cccrfc: 0.506451447 0.493548553 0.000000000
A:/cccrff: 0.789213798 0.210786202 0.000000000
A:/cccrfr: 0.000000000 1.000000000 0.000000000
A:/cccrrc: 0.000000000 0.726980221 0.273019779
A:/cccrrf: 0.000000000 0.745150947 0.254849053
A:/ccrccr: 0.000000000 0.903017717 0.096982283
A:/ccrcfr: 0.000000000 0.771422470 0.228577530
A:/ccrcrc: 0.000000000 0.831447684 0.168552316
A:/ccrcrf: 0.000000000 1.000000000 0.000000000
A:/ccrfcr: 0.000000000 1.000000000 0.000000000
A:/ccrffr: 0.000000000 0.893835347 0.106164653
A:/ccrfrc: 0.000000000 1.000000000 0.000000000
A:/ccrfrf: 0.000000000 0.489698356 0.510301644
A:/ccrrcc: 0.000000000 0.681430126 0.318569874
A:/ccrrcf: 0.000000000 1.000000000 0.000000000
A:/ccrrfc: 0.000000000 0.771839101 0.228160899
A:/ccrrff: 0.000000000 1.000000000 0.000000000
A:/cr: 0.502790269 0.497209731 0.000000000
A:/crccrc: 0.000000000 0.617363552 0.382636448
A:/crccrf: 0.000000000 0.689548792 0.310451208
A:/crcfrc: 0.000000000 1.000000000 0.000000000
A:/crcfrf: 0.000000000 0.594960242 0.405039758
A:/crcrcc: 0.000000000 0.702221022 0.297778978
A:/crcrcf: 0.000000000 0.840626817 0.159373183
A:/crcrfc: 0.000000000 0.926928438 0.073071562
A:/crcrff: 0.000000000 0.862319659 0.137680341
A:/rc: 0.623710731 0.376289269 0.000000000
A:/rccrcc: 0.000000000 0.543838569 0.456161431
A:/rccrcf: 0.000000000 0.513760244 0.486239756
A:/rccrfc: 0.000000000 0.725272622 0.274727378
A:/rccrff: 0.000000000 0.622786433 0.377213567
A:/rf: 0.488077085 0.511922915 0.000000000
A:/rfcrc: 0.000000000 0.374992215 0.625007785
A:/rfcrf: 0.000000000 1.000000000 0.000000000
A:/rr: 0.000000000 1.000000000 0.000000000
J:/cc: 0.064632513 0.935367487 0.000000000
J:/cccrcc: 0.172897969 0.515983162 0.311118869
J:/cccrcf: 0.203440527 0.521373739 0.275185734
J:/cccrcr: 0.000000000 0.572193474 0.427806526
J:/cccrfc: 0.006059518 0.156777333 0.837163149
J:/cccrff: 0.024872704 0.534038670 0.441088626
J:/cccrfr: 0.000000000 0.279035011 0.720964989
J:/cccrrc: 0.000000000 0.591410488 0.408589512
J:/cccrrf: 0.000000000 0.289390155 0.710609845
J:/ccrccr: 0.000000000 0.521614826 0.478385174
J:/ccrcfr: 0.000000000 0.255826611 0.744173389
J:/ccrcrc: 0.000000000 0.566733038 0.433266962
J:/ccrcrf: 0.000000000 0.153167627 0.846832373
J:/ccrfcr: 0.000000000 0.248859098 0.751140902
J:/ccrffr: 0.000000000 0.623739560 0.376260440
J:/ccrfrc: 0.000000000 0.858339679 0.141660321
J:/ccrfrf: 0.000000000 0.002884823 0.997115177
J:/ccrrcc: 0.000000000 0.217409740 0.782590260
J:/ccrrcf: 0.000000000 0.142225399 0.857774601
J:/ccrrfc: 0.000000000 0.161938970 0.838061030
J:/ccrrff: 0.000000000 0.160656280 0.839343720
J:/cr: 0.000140572 0.000000000 0.999859428
J:/crccrc: 0.000000000 0.202302282 0.797697718
J:/crccrf: 0.000000000 0.559673444 0.440326556
J:/crcfrc: 0.000000000 0.947793659 0.052206341
J:/crcfrf: 0.000000000 0.475462665 0.524537335
J:/crcrcc: 0.000000000 0.433122674 0.566877326
J:/crcrcf: 0.000000000 0.414528902 0.585471098
J:/crcrfc: 0.000000000 0.146229764 0.853770236
J:/crcrff: 0.000000000 0.135716533 0.864283467
J:/rc: 0.000000000 0.442348237 0.557651763
J:/rccrcc: 0.000000000 0.934020186 0.065979814
J:/rccrcf: 0.000000000 0.943388889 0.056611111
J:/rccrfc: 0.000000000 0.576165093 0.423834907
J:/rccrff: 0.000000000 0.204923810 0.795076190
J:/rf: 0.099143542 0.291029269 0.609827189
J:/rfcrc: 0.000000000 0.496910730 0.503089270
J:/rfcrf: 0.000000000 0.510769050 0.489230950
J:/rr: 0.000000000 0.418391674 0.581608326
K:/cc: 0.000000000 1.000000000 0.000000000
K:/cccrcc: 0.265038710 0.414411271 0.320550018
K:/cccrcf: 0.342236363 0.343211670 0.314551967
K:/cccrcr: 0.000000000 0.655872667 0.344127333
K:/cccrfc: 0.016815050 0.730479475 0.252705475
K:/cccrff: 0.309061212 0.664481019 0.026457770
K:/cccrfr: 0.000000000 0.536945829 0.463054171
K:/cccrrc: 0.000000000 0.064991567 0.935008433
K:/cccrrf: 0.000000000 0.577492901 0.422507099
K:/ccrccr: 0.000000000 0.831481692 0.168518308
K:/ccrcfr: 0.000000000 0.663776666 0.336223334
K:/ccrcrc: 0.000000000 0.335388533 0.664611467
K:/ccrcrf: 0.000000000 0.515013127 0.484986873
K:/ccrfcr: 0.000000000 0.679429784 0.320570216
K:/ccrffr: 0.000000000 0.929941656 0.070058344
K:/ccrfrc: 0.000000000 0.639655399 0.360344601
K:/ccrfrf: 0.000000000 0.794010887 0.205989113
K:/ccrrcc: 0.000000000 0.516287243 0.483712757
K:/ccrrcf: 0.000000000 0.748739274 0.251260726
K:/ccrrfc: 0.000000000 0.388496415 0.611503585
K:/ccrrff: 0.000000000 0.454979646 0.545020354
K:/cr: 0.000828776 0.494199091 0.504972133
K:/crccrc: 0.000000000 0.433781344 0.566218656
K:/crccrf: 0.000000000 0.264288167 0.735711833
K:/crcfrc: 0.000000000 0.945756882 0.054243118
K:/crcfrf: 0.000000000 0.028660416 0.971339584
K:/crcrcc: 0.000000000 0.612339049 0.387660951
K:/crcrcf: 0.000000000 0.497187643 0.502812357
K:/crcrfc: 0.000000000 0.234162361 0.765837639
K:/crcrff: 0.000000000 0.825012499 0.174987501
K:/rc: 0.561802019 0.229626108 0.208571873
K:/rccrcc: 0.000000000 0.349875586 0.650124414
K:/rccrcf: 0.000000000 0.285040552 0.714959448
K:/rccrfc: 0.000000000 0.132413905 0.867586095
K:/rccrff: 0.000000000 0.501305123 0.498694877
K:/rf: 0.405324781 0.146644179 0.448031040
K:/rfcrc: 0.000000000 0.423976528 0.576023472
K:/rfcrf: 0.000000000 0.790993731 0.209006269
K:/rr: 0.000000000 0.143093801 0.856906199
Q:/cc: 0.072877921 0.927122079 0.000000000
Q:/cccrcc: 0.231706275 0.114114827 0.654178898
Q:/cccrcf: 0.093692205 0.283942911 0.622364884
Q:/cccrcr: 0.000000000 0.510609869 0.489390131
Q:/cccrfc: 0.008421576 0.648617317 0.342961107
Q:/cccrff: 0.181420773 0.433597016 0.384982211
Q:/cccrfr: 0.000000000 0.319202839 0.680797161
Q:/cccrrc: 0.000000000 0.463626364 0.536373636
Q:/cccrrf: 0.000000000 0.552449301 0.447550699
Q:/ccrccr: 0.000000000 0.100306993 0.899693007
Q:/ccrcfr: 0.000000000 0.472594477 0.527405523
Q:/ccrcrc: 0.000000000 0.466097621 0.533902379
Q:/ccrcrf: 0.000000000 0.944465088 0.055534912
Q:/ccrfcr: 0.000000000 0.527613153 0.472386847
Q:/ccrffr: 0.000000000 0.497545920 0.502454080
Q:/ccrfrc: 0.000000000 0.088236907 0.911763093
Q:/ccrfrf: 0.000000000 0.809794210 0.190205790
Q:/ccrrcc: 0.000000000 0.363139403 0.636860597
Q:/ccrrcf: 0.000000000 0.506593329 0.493406671
Q:/ccrrfc: 0.000000000 0.156373205 0.843626795
Q:/ccrrff: 0.000000000 0.394920350 0.605079650
Q:/cr: 0.000295251 0.000000000 0.999704749
Q:/crccrc: 0.000000000 0.410866883 0.589133117
Q:/crccrf: 0.000000000 0.554187760 0.445812240
Q:/crcfrc: 0.000000000 0.689478275 0.310521725
Q:/crcfrf: 0.000000000 0.732947746 0.267052254
Q:/crcrcc: 0.000000000 0.327730473 0.672269527
Q:/crcrcf: 0.000000000 0.399915297 0.600084703
Q:/crcrfc: 0.000000000 0.763382583 0.236617417
Q:/crcrff: 0.000000000 0.750480736 0.249519264
Q:/rc: 0.000000000 0.439321077 0.560678923
Q:/rccrcc: 0.000000000 0.095762418 0.904237582
Q:/rccrcf: 0.000000000 0.744868208 0.255131792
Q:/rccrfc: 0.000000000 0.303859480 0.696140520
Q:/rccrff: 0.000000000 0.531955064 0.468044936
Q:/rf: 0.322302849 0.054826932 0.622870220
Q:/rfcrc: 0.000000000 0.349531839 0.650468161
Q:/rfcrf: 0.000000000 0.636303577 0.363696423
Q:/rr: 0.000000000 0.698922186 0.301077814
T:/cc: 0.195751077 0.804248923 0.000000000
T:/cccrcc: 0.060216688 0.565231272 0.374552040
T:/cccrcf: 0.000000000 0.642803825 0.357196175
T:/cccrcr: 0.000000000 0.000000000 1.000000000
T:/cccrfc: 0.009497136 0.195191089 0.795311775
T:/cccrff: 0.065895831 0.262193316 0.671910853
T:/cccrfr: 0.000000000 0.000000000 1.000000000
T:/cccrrc: 0.000000000 0.425030145 0.574969855
T:/cccrrf: 0.000000000 0.169112288 0.830887712
T:/ccrccr: 0.000000000 0.602158831 0.397841169
T:/ccrcfr: 0.000000000 0.000000000 1.000000000
T:/ccrcrc: 0.000000000 0.527034511 0.472965489
T:/ccrcrf: 0.000000000 0.753928527 0.246071473
T:/ccrfcr: 0.000000000 0.443639413 0.556360587
T:/ccrffr: 0.000000000 0.291285924 0.708714076
T:/ccrfrc: 0.000000000 0.746594891 0.253405109
T:/ccrfrf: 0.000000000 0.856781969 0.143218031
T:/ccrrcc: 0.000000000 0.844032160 0.155967840
T:/ccrrcf: 0.000000000 0.552010337 0.447989663
T:/ccrrfc: 0.000000000 0.190968077 0.809031923
T:/ccrrff: 0.000000000 0.187543620 0.812456380
T:/cr: 0.000089913 0.000000000 0.999910087
T:/crccrc: 0.000000000 0.373852196 0.626147804
T:/crccrf: 0.000000000 0.434081977 0.565918023
T:/crcfrc: 0.000000000 0.089532441 0.910467559
T:/crcfrf: 0.000000000 0.927477148 0.072522852
T:/crcrcc: 0.000000000 0.492545215 0.507454785
T:/crcrcf: 0.000000000 0.887086359 0.112913641
T:/crcrfc: 0.000000000 0.214721149 0.785278851
T:/crcrff: 0.000000000 0.559894068 0.440105932
T:/rc: 0.008095094 0.337992240 0.653912666
T:/rccrcc: 0.000000000 0.077224382 0.922775618
T:/rccrcf: 0.000000000 0.681914230 0.318085770
T:/rccrfc: 0.000000000 0.433931152 0.566068848
T:/rccrff: 0.000000000 0.854484675 0.145515325
T:/rf: 0.000000000 0.105281715 0.894718285
T:/rfcrc: 0.000000000 0.580864344 0.419135656
T:/rfcrf: 0.000000000 0.014280245 0.985719755
T:/rr: 0.000000000 0.441376393 0.558623607
