A:/cc: 0.591839743 0.408160257 0.000000000
A:/cccrcc: 0.000000000 0.626548667 0.373451333
A:/cccrcf: 0.000000000 0.812209921 0.187790079
A:/cccrfc: 0.000000000 1.000000000 0.000000000
A:/cccrff: 0.000000000 0.862263082 0.137736918
A:/cr: 0.000000000 1.000000000 0.000000000
A:/rc: 0.000000000 1.000000000 0.000000000
A:/rf: 0.000000000 1.000000000 0.000000000
J:/cc: 0.281538871 0.718461129 0.000000000
J:/cccrcc: 0.000000000 0.147160561 0.852839439
J:/cccrcf: 0.000000000 0.696580588 0.303419412
J:/cccrfc: 0.000000000 0.664397885 0.335602115
J:/cccrff: 0.000000000 0.204310737 0.795689263
J:/cr: 0.000000000 0.307170690 0.692829310
J:/rc: 0.000000000 0.000000000 1.000000000
J:/rf: 0.000000000 0.000000000 1.000000000
K:/cc: 0.808573740 0.191426260 0.000000000
K:/cccrcc: 0.000000000 0.341314343 0.658685657
K:/cccrcf: 0.000000000 0.912384895 0.087615105
K:/cccrfc: 0.000000000 0.639696914 0.360303086
K:/cccrff: 0.000000000 0.755952586 0.244047414
K:/cr: 0.000000000 0.924835764 0.075164236
K:/rc: 0.000000000 0.999500031 0.000499969
K:/rf: 0.000000000 1.000000000 0.000000000
Q:/cc: 0.000000000 1.000000000 0.000000000
Q:/cccrcc: 0.000000000 0.000000000 1.000000000
Q:/cccrcf: 0.000000000 0.454481263 0.545518737
Q:/cccrfc: 0.000000000 0.418079873 0.581920127
Q:/cccrff: 0.000000000 0.004250394 0.995749606
Q:/cr: 0.000000000 0.406099856 0.593900144
Q:/rc: 0.000000000 0.000000000 1.000000000
Q:/rf: 0.000000000 0.000000000 1.000000000
T:/cc: 0.341651646 0.658348354 0.000000000
T:/cccrcc: 0.000000000 0.070554887 0.929445113
T:/cccrcf: 0.000000000 0.087182571 0.912817429
T:/cccrfc: 0.000000000 0.273303545 0.726696455
T:/cccrff: 0.000000000 0.219731868 0.780268132
T:/cr: 0.000000000 0.703588422 0.296411578
T:/rc: 0.000000000 0.000000000 1.000000000
T:/rf: 0.000000000 0.000000000 1.000000000
