A:/: 0.999733409 0.000266591 0.000000000
A:/ccr: 0.000000000 0.996434943 0.003565057
A:/crc: 0.000000000 1.000000000 0.000000000
A:/crf: 0.000000000 1.000000000 0.000000000
AA:/ccc/: 0.520683344 0.479316656 0.000000000
AA:/ccc/ccr: 0.000000000 0.499483459 0.500516541
AA:/ccc/crc: 0.000000000 1.000000000 0.000000000
AA:/ccc/crf: 0.000000000 1.000000000 0.000000000
AA:/ccrcc/: 0.752971141 0.247028859 0.000000000
AA:/ccrcc/ccr: 0.000000000 0.436183868 0.563816132
AA:/ccrcc/crc: 0.000000000 0.807993260 0.192006740
AA:/ccrcc/crf: 0.000000000 0.818407467 0.181592533
AA:/ccrcf/: 0.341772586 0.658227414 0.000000000
AA:/ccrcf/cr: 0.000000000 0.257150266 0.742849734
AA:/crcc/: 0.550614338 0.449385662 0.000000000
AA:/crcc/ccr: 0.000000000 1.000000000 0.000000000
AA:/crcc/crc: 0.000000000 1.000000000 0.000000000
AA:/crcc/crf: 0.000000000 1.000000000 0.000000000
AA:/crfc/: 0.834105503 0.165894497 0.000000000
AA:/crfc/cr: 0.000000000 1.000000000 0.000000000
AA:/rcc/: 0.766143315 0.233856685 0.000000000
AA:/rcc/ccr: 0.000000000 0.196882801 0.803117199
AA:/rcc/crc: 0.000000000 0.638885057 0.361114943
AA:/rcc/crf: 0.000000000 0.705598366 0.294401634
AA:/rcf/: 0.958773071 0.041226929 0.000000000
AA:/rcf/cr: 0.000000000 1.000000000 0.000000000
AA:/rfc/: 0.988288776 0.011711224 0.000000000
AA:/rfc/cr: 0.000000000 0.293553395 0.706446605
AJ:/ccc/: 0.849665813 0.150334187 0.000000000
AJ:/ccc/ccr: 0.000000000 0.153555838 0.846444162
AJ:/ccc/crc: 0.000000000 0.666359578 0.333640422
AJ:/ccc/crf: 0.000000000 0.345610618 0.654389382
AJ:/ccrcc/: 0.767839249 0.232160751 0.000000000
AJ:/ccrcc/ccr: 0.000000000 0.615712868 0.384287132
AJ:/ccrcc/crc: 0.000000000 0.909900299 0.090099701
AJ:/ccrcc/crf: 0.000000000 0.948146899 0.051853101
AJ:/ccrcf/: 0.542760386 0.457239614 0.000000000
AJ:/ccrcf/cr: 0.000000000 0.162241140 0.837758860
AJ:/crcc/: 0.880388214 0.119611786 0.000000000
AJ:/crcc/ccr: 0.000000000 1.000000000 0.000000000
AJ:/crcc/crc: 0.000000000 1.000000000 0.000000000
AJ:/crcc/crf: 0.000000000 1.000000000 0.000000000
AJ:/crfc/: 0.576167167 0.423832833 0.000000000
AJ:/crfc/cr: 0.000000000 1.000000000 0.000000000
AJ:/rcc/: 0.434555813 0.565444187 0.000000000
AJ:/rcc/ccr: 0.000000000 0.477406939 0.522593061
AJ:/rcc/crc: 0.000000000 0.305524564 0.694475436
AJ:/rcc/crf: 0.000000000 0.947538732 0.052461268
AJ:/rcf/: 0.960040776 0.039959224 0.000000000
AJ:/rcf/cr: 0.000000000 1.000000000 0.000000000
AJ:/rfc/: 0.465621317 0.534378683 0.000000000
AJ:/rfc/cr: 0.000000000 0.359798038 0.640201962
AK:/ccc/: 0.691070209 0.308929791 0.000000000
AK:/ccc/ccr: 0.000000000 0.387291582 0.612708418
AK:/ccc/crc: 0.000000000 0.841114157 0.158885843
AK:/ccc/crf: 0.000000000 1.000000000 0.000000000
AK:/ccrcc/: 0.937758044 0.062241956 0.000000000
AK:/ccrcc/ccr: 0.000000000 0.708254262 0.291745738
AK:/ccrcc/crc: 0.000000000 0.273728612 0.726271388
AK:/ccrcc/crf: 0.000000000 1.000000000 0.000000000
AK:/ccrcf/: 0.772857346 0.227142654 0.000000000
AK:/ccrcf/cr: 0.000000000 0.541821343 0.458178657
AK:/crcc/: 0.999965834 0.000034166 0.000000000
AK:/crcc/ccr: 0.000000000 0.896270542 0.103729458
AK:/crcc/crc: 0.000000000 0.583315583 0.416684417
AK:/crcc/crf: 0.000000000 1.000000000 0.000000000
AK:/crfc/: 0.338964336 0.661035664 0.000000000
AK:/crfc/cr: 0.000000000 1.000000000 0.000000000
AK:/rcc/: 0.512871325 0.487128675 0.000000000
AK:/rcc/ccr: 0.000000000 0.354637895 0.645362105
AK:/rcc/crc: 0.000000000 0.307617052 0.692382948
AK:/rcc/crf: 0.000000000 0.991733838 0.008266162
AK:/rcf/: 0.568382733 0.431617267 0.000000000
AK:/rcf/cr: 0.000000000 0.868790336 0.131209664
AK:/rfc/: 0.353087845 0.646912155 0.000000000
AK:/rfc/cr: 0.000000000 0.416664854 0.583335146
AQ:/ccc/: 0.707216456 0.292783544 0.000000000
AQ:/ccc/ccr: 0.000000000 0.706830729 0.293169271
AQ:/ccc/crc: 0.000000000 0.652252880 0.347747120
AQ:/ccc/crf: 0.000000000 0.330686361 0.669313639
AQ:/ccrcc/: 0.373435170 0.626564830 0.000000000
AQ:/ccrcc/ccr: 0.000000000 0.814758176 0.185241824
AQ:/ccrcc/crc: 0.000000000 0.362401675 0.637598325
AQ:/ccrcc/crf: 0.000000000 1.000000000 0.000000000
AQ:/ccrcf/: 0.231331757 0.768668243 0.000000000
AQ:/ccrcf/cr: 0.000000000 0.189518080 0.810481920
AQ:/crcc/: 0.506854736 0.493145264 0.000000000
AQ:/crcc/ccr: 0.000000000 0.463752061 0.536247939
AQ:/crcc/crc: 0.000000000 0.592621774 0.407378226
AQ:/crcc/crf: 0.000000000 1.000000000 0.000000000
AQ:/crfc/: 0.333950576 0.666049424 0.000000000
AQ:/crfc/cr: 0.000000000 0.923784883 0.076215117
AQ:/rcc/: 0.994694655 0.005305345 0.000000000
AQ:/rcc/ccr: 0.000000000 0.570062399 0.429937601
AQ:/rcc/crc: 0.000000000 0.111858140 0.888141860
AQ:/rcc/crf: 0.000000000 0.765244787 0.234755213
AQ:/rcf/: 0.885777839 0.114222161 0.000000000
AQ:/rcf/cr: 0.000000000 1.000000000 0.000000000
AQ:/rfc/: 0.227407217 0.772592783 0.000000000
AQ:/rfc/cr: 0.000000000 0.023090818 0.976909182
J:/: 0.112340507 0.887659493 0.000000000
J:/ccr: 0.000000000 0.000000072 0.999999928
J:/crc: 0.000000000 0.000000000 1.000000000
J:/crf: 0.000000000 1.000000000 0.000000000
JA:/ccc/: 0.894616439 0.105383561 0.000000000
JA:/ccc/ccr: 0.000000000 0.548716772 0.451283228
JA:/ccc/crc: 0.000000000 0.108208954 0.891791046
JA:/ccc/crf: 0.000000000 0.357360330 0.642639670
JA:/ccrcc/: 0.767130349 0.232869651 0.000000000
JA:/ccrcc/ccr: 0.000000000 0.394440874 0.605559126
JA:/ccrcc/crc: 0.000000000 0.230608720 0.769391280
JA:/ccrcc/crf: 0.000000000 0.652889110 0.347110890
JA:/ccrcf/: 0.466042714 0.533957286 0.000000000
JA:/ccrcf/cr: 0.000000000 0.019172140 0.980827860
JA:/crcc/: 0.197728769 0.802271231 0.000000000
JA:/crcc/ccr: 0.000000000 0.987199954 0.012800046
JA:/crcc/crc: 0.000000000 0.000000000 1.000000000
JA:/crcc/crf: 0.000000000 0.076995274 0.923004726
JA:/crfc/: 0.204910282 0.795089718 0.000000000
JA:/crfc/cr: 0.000000000 0.000000000 1.000000000
JA:/rcc/: 1.000000000 0.000000000 0.000000000
JA:/rcc/ccr: 0.000000000 0.728219743 0.271780257
JA:/rcc/crc: 0.000000000 0.031890256 0.968109744
JA:/rcc/crf: 0.000000000 0.000000000 1.000000000
JA:/rcf/: 1.000000000 0.000000000 0.000000000
JA:/rcf/cr: 0.000000000 0.181078791 0.818921209
JA:/rfc/: 0.441598514 0.558401486 0.000000000
JA:/rfc/cr: 0.000000000 0.393303098 0.606696902
JJ:/ccc/: 0.605174474 0.394825526 0.000000000
JJ:/ccc/ccr: 0.000000000 0.761532071 0.238467929
JJ:/ccc/crc: 0.000000000 0.312474343 0.687525657
JJ:/ccc/crf: 0.000000000 0.381464396 0.618535604
JJ:/ccrcc/: 1.000000000 0.000000000 0.000000000
JJ:/ccrcc/ccr: 0.000000000 0.310879784 0.689120216
JJ:/ccrcc/crc: 0.000000000 0.513264770 0.486735230
JJ:/ccrcc/crf: 0.000000000 0.474398641 0.525601359
JJ:/ccrcf/: 0.495205341 0.504794659 0.000000000
JJ:/ccrcf/cr: 0.000000000 0.441719970 0.558280030
JJ:/crcc/: 0.900251623 0.099748377 0.000000000
JJ:/crcc/ccr: 0.000000000 0.913727897 0.086272103
JJ:/crcc/crc: 0.000000000 1.000000000 0.000000000
JJ:/crcc/crf: 0.000000000 1.000000000 0.000000000
JJ:/crfc/: 1.000000000 0.000000000 0.000000000
JJ:/crfc/cr: 0.000000000 0.927040899 0.072959101
JJ:/rcc/: 1.000000000 0.000000000 0.000000000
JJ:/rcc/ccr: 0.000000000 0.322184416 0.677815584
JJ:/rcc/crc: 0.000000000 1.000000000 0.000000000
JJ:/rcc/crf: 0.000000000 0.599877527 0.400122473
JJ:/rcf/: 0.846449375 0.153550625 0.000000000
JJ:/rcf/cr: 0.000000000 1.000000000 0.000000000
JJ:/rfc/: 0.416627118 0.583372882 0.000000000
JJ:/rfc/cr: 0.000000000 0.244793908 0.755206092
JK:/ccc/: 0.168215894 0.831784106 0.000000000
JK:/ccc/ccr: 0.000000000 0.458718957 0.541281043
JK:/ccc/crc: 0.000000000 0.524660742 0.475339258
JK:/ccc/crf: 0.000000000 0.504731756 0.495268244
JK:/ccrcc/: 0.767757572 0.232242428 0.000000000
JK:/ccrcc/ccr: 0.000000000 0.780279270 0.219720730
JK:/ccrcc/crc: 0.000000000 0.383096451 0.616903549
JK:/ccrcc/crf: 0.000000000 0.072781747 0.927218253
JK:/ccrcf/: 0.345902653 0.654097347 0.000000000
JK:/ccrcf/cr: 0.000000000 0.309612119 0.690387881
JK:/crcc/: 0.439711554 0.560288446 0.000000000
JK:/crcc/ccr: 0.000000000 0.400780187 0.599219813
JK:/crcc/crc: 0.000000000 0.143847482 0.856152518
JK:/crcc/crf: 0.000000000 0.154443987 0.845556013
JK:/crfc/: 0.157449538 0.842550462 0.000000000
JK:/crfc/cr: 0.000000000 0.106512462 0.893487538
JK:/rcc/: 0.450035851 0.549964149 0.000000000
JK:/rcc/ccr: 0.000000000 0.191086286 0.808913714
JK:/rcc/crc: 0.000000000 0.394173143 0.605826857
JK:/rcc/crf: 0.000000000 0.639172812 0.360827188
JK:/rcf/: 1.000000000 0.000000000 0.000000000
JK:/rcf/cr: 0.000000000 0.000000000 1.000000000
JK:/rfc/: 0.395048919 0.604951081 0.000000000
JK:/rfc/cr: 0.000000000 0.550049924 0.449950076
JQ:/ccc/: 0.633562642 0.366437358 0.000000000
JQ:/ccc/ccr: 0.000000000 0.487028164 0.512971836
JQ:/ccc/crc: 0.000000000 0.455117461 0.544882539
JQ:/ccc/crf: 0.000000000 0.623396707 0.376603293
JQ:/ccrcc/: 0.442462920 0.557537080 0.000000000
JQ:/ccrcc/ccr: 0.000000000 0.749904846 0.250095154
JQ:/ccrcc/crc: 0.000000000 0.974191302 0.025808698
JQ:/ccrcc/crf: 0.000000000 0.560547305 0.439452695
JQ:/ccrcf/: 0.597056034 0.402943966 0.000000000
JQ:/ccrcf/cr: 0.000000000 0.895756100 0.104243900
JQ:/crcc/: 0.000059795 0.999940205 0.000000000
JQ:/crcc/ccr: 0.000000000 0.191245468 0.808754532
JQ:/crcc/crc: 0.000000000 0.639398248 0.360601752
JQ:/crcc/crf: 0.000000000 0.000000000 1.000000000
JQ:/crfc/: 0.073699896 0.926300104 0.000000000
JQ:/crfc/cr: 0.000000000 0.016658712 0.983341288
JQ:/rcc/: 0.398576797 0.601423203 0.000000000
JQ:/rcc/ccr: 0.000000000 0.122566158 0.877433842
JQ:/rcc/crc: 0.000000000 0.604455363 0.395544637
JQ:/rcc/crf: 0.000000000 0.721663588 0.278336412
JQ:/rcf/: 0.999792603 0.000207397 0.000000000
JQ:/rcf/cr: 0.000000000 0.000000000 1.000000000
JQ:/rfc/: 0.341978935 0.658021065 0.000000000
JQ:/rfc/cr: 0.000000000 0.636019941 0.363980059
K:/: 0.997518618 0.002481382 0.000000000
K:/ccr: 0.000000000 0.000179550 0.999820450
K:/crc: 0.000000000 0.019674853 0.980325147
K:/crf: 0.000000000 1.000000000 0.000000000
KA:/ccc/: 0.992325879 0.007674121 0.000000000
KA:/ccc/ccr: 0.000000000 0.614214442 0.385785558
KA:/ccc/crc: 0.000000000 0.403447907 0.596552093
KA:/ccc/crf: 0.000000000 1.000000000 0.000000000
KA:/ccrcc/: 0.384832828 0.615167172 0.000000000
KA:/ccrcc/ccr: 0.000000000 0.872749995 0.127250005
KA:/ccrcc/crc: 0.000000000 0.766557902 0.233442098
KA:/ccrcc/crf: 0.000000000 0.997797480 0.002202520
KA:/ccrcf/: 0.605978618 0.394021382 0.000000000
KA:/ccrcf/cr: 0.000000000 0.586190022 0.413809978
KA:/crcc/: 1.000000000 0.000000000 0.000000000
KA:/crcc/ccr: 0.000000000 0.755884196 0.244115804
KA:/crcc/crc: 0.000000000 0.400743485 0.599256515
KA:/crcc/crf: 0.000000000 1.000000000 0.000000000
KA:/crfc/: 0.664541006 0.335458994 0.000000000
KA:/crfc/cr: 0.000000000 1.000000000 0.000000000
KA:/rcc/: 0.955376799 0.044623201 0.000000000
KA:/rcc/ccr: 0.000000000 0.027208932 0.972791068
KA:/rcc/crc: 0.000000000 0.804403061 0.195596939
KA:/rcc/crf: 0.000000000 0.979778298 0.020221702
KA:/rcf/: 0.659586390 0.340413610 0.000000000
KA:/rcf/cr: 0.000000000 0.995643428 0.004356572
KA:/rfc/: 0.557857699 0.442142301 0.000000000
KA:/rfc/cr: 0.000000000 0.206560900 0.793439100
KJ:/ccc/: 0.846814844 0.153185156 0.000000000
KJ:/ccc/ccr: 0.000000000 0.711579858 0.288420142
KJ:/ccc/crc: 0.000000000 0.265062018 0.734937982
KJ:/ccc/crf: 0.000000000 0.416091234 0.583908766
KJ:/ccrcc/: 0.505033597 0.494966403 0.000000000
KJ:/ccrcc/ccr: 0.000000000 0.405149215 0.594850785
KJ:/ccrcc/crc: 0.000000000 0.376079778 0.623920222
KJ:/ccrcc/crf: 0.000000000 0.601309300 0.398690700
KJ:/ccrcf/: 0.489580930 0.510419070 0.000000000
KJ:/ccrcf/cr: 0.000000000 0.284467351 0.715532649
KJ:/crcc/: 0.783218164 0.216781836 0.000000000
KJ:/crcc/ccr: 0.000000000 0.801907342 0.198092658
KJ:/crcc/crc: 0.000000000 0.349411545 0.650588455
KJ:/crcc/crf: 0.000000000 0.983985558 0.016014442
KJ:/crfc/: 0.878534427 0.121465573 0.000000000
KJ:/crfc/cr: 0.000000000 1.000000000 0.000000000
KJ:/rcc/: 0.316360112 0.683639888 0.000000000
KJ:/rcc/ccr: 0.000000000 0.445865752 0.554134248
KJ:/rcc/crc: 0.000000000 0.384618898 0.615381102
KJ:/rcc/crf: 0.000000000 0.396812864 0.603187136
KJ:/rcf/: 0.419491837 0.580508163 0.000000000
KJ:/rcf/cr: 0.000000000 0.915026335 0.084973665
KJ:/rfc/: 0.596791789 0.403208211 0.000000000
KJ:/rfc/cr: 0.000000000 0.617490737 0.382509263
KK:/ccc/: 0.558772066 0.441227934 0.000000000
KK:/ccc/ccr: 0.000000000 0.222562112 0.777437888
KK:/ccc/crc: 0.000000000 0.223495048 0.776504952
KK:/ccc/crf: 0.000000000 1.000000000 0.000000000
KK:/ccrcc/: 0.417882169 0.582117831 0.000000000
KK:/ccrcc/ccr: 0.000000000 0.027507729 0.972492271
KK:/ccrcc/crc: 0.000000000 0.297586080 0.702413920
KK:/ccrcc/crf: 0.000000000 0.997569970 0.002430030
KK:/ccrcf/: 0.421587786 0.578412214 0.000000000
KK:/ccrcf/cr: 0.000000000 0.463803298 0.536196702
KK:/crcc/: 0.999945073 0.000054927 0.000000000
KK:/crcc/ccr: 0.000000000 0.679266502 0.320733498
KK:/crcc/crc: 0.000000000 1.000000000 0.000000000
KK:/crcc/crf: 0.000000000 1.000000000 0.000000000
KK:/crfc/: 0.350237419 0.649762581 0.000000000
KK:/crfc/cr: 0.000000000 1.000000000 0.000000000
KK:/rcc/: 0.371218501 0.628781499 0.000000000
KK:/rcc/ccr: 0.000000000 0.723834991 0.276165009
KK:/rcc/crc: 0.000000000 0.915406728 0.084593272
KK:/rcc/crf: 0.000000000 0.845606748 0.154393252
KK:/rcf/: 0.510368844 0.489631156 0.000000000
KK:/rcf/cr: 0.000000000 1.000000000 0.000000000
KK:/rfc/: 0.255831113 0.744168887 0.000000000
KK:/rfc/cr: 0.000000000 0.712993299 0.287006701
KQ:/ccc/: 0.872888978 0.127111022 0.000000000
KQ:/ccc/ccr: 0.000000000 0.488913617 0.511086383
KQ:/ccc/crc: 0.000000000 0.766695568 0.233304432
KQ:/ccc/crf: 0.000000000 0.728076531 0.271923469
KQ:/ccrcc/: 0.777601689 0.222398311 0.000000000
KQ:/ccrcc/ccr: 0.000000000 0.344519854 0.655480146
KQ:/ccrcc/crc: 0.000000000 0.517923345 0.482076655
KQ:/ccrcc/crf: 0.000000000 0.998083692 0.001916308
KQ:/ccrcf/: 0.439451321 0.560548679 0.000000000
KQ:/ccrcf/cr: 0.000000000 0.634518680 0.365481320
KQ:/crcc/: 0.000018680 0.999981320 0.000000000
KQ:/crcc/ccr: 0.000000000 0.577705786 0.422294214
KQ:/crcc/crc: 0.000000000 0.625803183 0.374196817
KQ:/crcc/crf: 0.000000000 0.691373074 0.308626926
KQ:/crfc/: 0.422149747 0.577850253 0.000000000
KQ:/crfc/cr: 0.000000000 0.318983081 0.681016919
KQ:/rcc/: 0.003298394 0.996701606 0.000000000
KQ:/rcc/ccr: 0.000000000 0.239917798 0.760082202
KQ:/rcc/crc: 0.000000000 0.000000000 1.000000000
KQ:/rcc/crf: 0.000000000 0.924570360 0.075429640
KQ:/rcf/: 0.524118106 0.475881894 0.000000000
KQ:/rcf/cr: 0.000000000 0.762228817 0.237771183
KQ:/rfc/: 0.585691990 0.414308010 0.000000000
KQ:/rfc/cr: 0.000000000 0.637787448 0.362212552
Q:/: 0.415553928 0.584446072 0.000000000
Q:/ccr: 0.000000000 0.000156327 0.999843673
Q:/crc: 0.000000000 0.000000000 1.000000000
Q:/crf: 0.000000000 1.000000000 0.000000000
QA:/ccc/: 0.863683129 0.136316871 0.000000000
QA:/ccc/ccr: 0.000000000 0.941653699 0.058346301
QA:/ccc/crc: 0.000000000 0.381623428 0.618376572
QA:/ccc/crf: 0.000000000 0.795945910 0.204054090
QA:/ccrcc/: 0.487785640 0.512214360 0.000000000
QA:/ccrcc/ccr: 0.000000000 0.889523220 0.110476780
QA:/ccrcc/crc: 0.000000000 0.506472859 0.493527141
QA:/ccrcc/crf: 0.000000000 0.727348817 0.272651183
QA:/ccrcf/: 0.294443162 0.705556838 0.000000000
QA:/ccrcf/cr: 0.000000000 0.408439495 0.591560505
QA:/crcc/: 0.797114355 0.202885645 0.000000000
QA:/crcc/ccr: 0.000000000 0.852089032 0.147910968
QA:/crcc/crc: 0.000000000 0.104359960 0.895640040
QA:/crcc/crf: 0.000000000 0.809012200 0.190987800
QA:/crfc/: 0.695557059 0.304442941 0.000000000
QA:/crfc/cr: 0.000000000 0.479418029 0.520581971
QA:/rcc/: 1.000000000 0.000000000 0.000000000
QA:/rcc/ccr: 0.000000000 0.428202897 0.571797103
QA:/rcc/crc: 0.000000000 0.764767970 0.235232030
QA:/rcc/crf: 0.000000000 0.738404646 0.261595354
QA:/rcf/: 0.756790912 0.243209088 0.000000000
QA:/rcf/cr: 0.000000000 0.238824513 0.761175487
QA:/rfc/: 0.306173705 0.693826295 0.000000000
QA:/rfc/cr: 0.000000000 0.265485280 0.734514720
QJ:/ccc/: 0.249396104 0.750603896 0.000000000
QJ:/ccc/ccr: 0.000000000 0.614189909 0.385810091
QJ:/ccc/crc: 0.000000000 0.657752920 0.342247080
QJ:/ccc/crf: 0.000000000 0.757766930 0.242233070
QJ:/ccrcc/: 0.491501928 0.508498072 0.000000000
QJ:/ccrcc/ccr: 0.000000000 0.294674668 0.705325332
QJ:/ccrcc/crc: 0.000000000 0.589802971 0.410197029
QJ:/ccrcc/crf: 0.000000000 0.285298228 0.714701772
QJ:/ccrcf/: 0.737141731 0.262858269 0.000000000
QJ:/ccrcf/cr: 0.000000000 0.105198781 0.894801219
QJ:/crcc/: 0.786334774 0.213665226 0.000000000
QJ:/crcc/ccr: 0.000000000 0.482517310 0.517482690
QJ:/crcc/crc: 0.000000000 0.137724716 0.862275284
QJ:/crcc/crf: 0.000000000 0.000000000 1.000000000
QJ:/crfc/: 0.487904757 0.512095243 0.000000000
QJ:/crfc/cr: 0.000000000 0.546844889 0.453155111
QJ:/rcc/: 0.182922428 0.817077572 0.000000000
QJ:/rcc/ccr: 0.000000000 0.791327218 0.208672782
QJ:/rcc/crc: 0.000000000 0.166716092 0.833283908
QJ:/rcc/crf: 0.000000000 0.000000000 1.000000000
QJ:/rcf/: 0.325199851 0.674800149 0.000000000
QJ:/rcf/cr: 0.000000000 0.000000000 1.000000000
QJ:/rfc/: 0.233501953 0.766498047 0.000000000
QJ:/rfc/cr: 0.000000000 0.575221722 0.424778278
QK:/ccc/: 0.433506832 0.566493168 0.000000000
QK:/ccc/ccr: 0.000000000 0.460335900 0.539664100
QK:/ccc/crc: 0.000000000 0.460723538 0.539276462
QK:/ccc/crf: 0.000000000 0.680724079 0.319275921
QK:/ccrcc/: 0.666227343 0.333772657 0.000000000
QK:/ccrcc/ccr: 0.000000000 0.139124020 0.860875980
QK:/ccrcc/crc: 0.000000000 0.321333939 0.678666061
QK:/ccrcc/crf: 0.000000000 1.000000000 0.000000000
QK:/ccrcf/: 0.622185758 0.377814242 0.000000000
QK:/ccrcf/cr: 0.000000000 0.065891031 0.934108969
QK:/crcc/: 0.266203208 0.733796792 0.000000000
QK:/crcc/ccr: 0.000000000 0.531545282 0.468454718
QK:/crcc/crc: 0.000000000 0.222575735 0.777424265
QK:/crcc/crf: 0.000000000 0.587593704 0.412406296
QK:/crfc/: 0.614291027 0.385708973 0.000000000
QK:/crfc/cr: 0.000000000 0.784775145 0.215224855
QK:/rcc/: 0.497334444 0.502665556 0.000000000
QK:/rcc/ccr: 0.000000000 0.668548705 0.331451295
QK:/rcc/crc: 0.000000000 0.470374828 0.529625172
QK:/rcc/crf: 0.000000000 0.603053900 0.396946100
QK:/rcf/: 0.523355967 0.476644033 0.000000000
QK:/rcf/cr: 0.000000000 0.520358622 0.479641378
QK:/rfc/: 0.102603919 0.897396081 0.000000000
QK:/rfc/cr: 0.000000000 0.378959049 0.621040951
QQ:/ccc/: 0.478085407 0.521914593 0.000000000
QQ:/ccc/ccr: 0.000000000 0.718670933 0.281329067
QQ:/ccc/crc: 0.000000000 1.000000000 0.000000000
QQ:/ccc/crf: 0.000000000 0.476432359 0.523567641
QQ:/ccrcc/: 0.528108366 0.471891634 0.000000000
QQ:/ccrcc/ccr: 0.000000000 0.305276897 0.694723103
QQ:/ccrcc/crc: 0.000000000 0.480230441 0.519769559
QQ:/ccrcc/crf: 0.000000000 0.955910568 0.044089432
QQ:/ccrcf/: 0.071330974 0.928669026 0.000000000
QQ:/ccrcf/cr: 0.000000000 0.795264481 0.204735519
QQ:/crcc/: 0.199247523 0.800752477 0.000000000
QQ:/crcc/ccr: 0.000000000 1.000000000 0.000000000
QQ:/crcc/crc: 0.000000000 0.692924430 0.307075570
QQ:/crcc/crf: 0.000000000 1.000000000 0.000000000
QQ:/crfc/: 0.696308762 0.303691238 0.000000000
QQ:/crfc/cr: 0.000000000 1.000000000 0.000000000
QQ:/rcc/: 0.769422609 0.230577391 0.000000000
QQ:/rcc/ccr: 0.000000000 0.252018751 0.747981249
QQ:/rcc/crc: 0.000000000 1.000000000 0.000000000
QQ:/rcc/crf: 0.000000000 1.000000000 0.000000000
QQ:/rcf/: 0.751933916 0.248066084 0.000000000
QQ:/rcf/cr: 0.000000000 1.000000000 0.000000000
QQ:/rfc/: 0.191639847 0.808360153 0.000000000
QQ:/rfc/cr: 0.000000000 0.456941499 0.543058501
