A:/cc: 1.000000000 0.000000000 0.000000000
A:/cr: 0.000000000 1.000000000 0.000000000
A:/rc: 0.000000000 1.000000000 0.000000000
A:/rf: 0.000000000 0.205273943 0.794726057
AA:/ccc/cc: 0.646267398 0.353732602 0.000000000
AA:/ccc/cr: 0.000000000 0.956479803 0.043520197
AA:/ccc/rc: 0.000000000 1.000000000 0.000000000
AA:/ccc/rf: 0.000000000 0.937782933 0.062217067
AA:/ccrcc/cc: 0.370917050 0.629082950 0.000000000
AA:/ccrcc/cr: 0.000000000 0.099221270 0.900778730
AA:/ccrcc/rc: 0.000000000 0.193377369 0.806622631
AA:/ccrcc/rf: 0.000000000 0.615003312 0.384996688
AA:/ccrcf/c: 0.459807815 0.540192185 0.000000000
AA:/ccrcf/r: 0.000000000 0.755491050 0.244508950
AA:/ccrfc/c: 0.534821006 0.465178994 0.000000000
AA:/ccrfc/r: 0.000000000 0.815463283 0.184536717
AA:/crcc/cc: 0.320171320 0.679828680 0.000000000
AA:/crcc/cr: 0.000000000 0.232876221 0.767123779
AA:/crcc/rc: 0.000000000 0.735856630 0.264143370
AA:/crcc/rf: 0.000000000 0.556651086 0.443348914
AA:/crcf/c: 0.437279730 0.562720270 0.000000000
AA:/crcf/r: 0.000000000 1.000000000 0.000000000
AA:/rcc/cc: 0.716451157 0.283548843 0.000000000
AA:/rcc/cr: 0.000000000 0.390204247 0.609795753
AA:/rcc/rc: 0.000000000 1.000000000 0.000000000
AA:/rcc/rf: 0.000000000 0.382286875 0.617713125
AA:/rfc/c: 0.232742245 0.767257755 0.000000000
AA:/rfc/r: 0.000000000 0.647120325 0.352879675
AJ:/ccc/cc: 0.689846457 0.310153543 0.000000000
AJ:/ccc/cr: 0.000000000 1.000000000 0.000000000
AJ:/ccc/rc: 0.000000000 0.251074342 0.748925658
AJ:/ccc/rf: 0.000000000 0.600901696 0.399098304
AJ:/ccrcc/cc: 0.657585826 0.342414174 0.000000000
AJ:/ccrcc/cr: 0.000000000 0.551023828 0.448976172
AJ:/ccrcc/rc: 0.000000000 0.228737155 0.771262845
AJ:/ccrcc/rf: 0.000000000 0.458911560 0.541088440
AJ:/ccrcf/c: 0.214216459 0.785783541 0.000000000
AJ:/ccrcf/r: 0.000000000 0.811286643 0.188713357
AJ:/ccrfc/c: 0.502887232 0.497112768 0.000000000
AJ:/ccrfc/r: 0.000000000 0.880694625 0.119305375
AJ:/crcc/cc: 0.036279943 0.963720057 0.000000000
AJ:/crcc/cr: 0.000000000 0.288171856 0.711828144
AJ:/crcc/rc: 0.000000000 0.284904052 0.715095948
AJ:/crcc/rf: 0.000000000 0.731968605 0.268031395
AJ:/crcf/c: 0.573025603 0.426974397 0.000000000
AJ:/crcf/r: 0.000000000 1.000000000 0.000000000
AJ:/rcc/cc: 0.656866069 0.343133931 0.000000000
AJ:/rcc/cr: 0.000000000 0.952250174 0.047749826
AJ:/rcc/rc: 0.000000000 1.000000000 0.000000000
AJ:/rcc/rf: 0.000000000 0.184519854 0.815480146
AJ:/rfc/c: 0.482910489 0.517089511 0.000000000
AJ:/rfc/r: 0.000000000 0.258614542 0.741385458
AK:/ccc/cc: 0.448107899 0.551892101 0.000000000
AK:/ccc/cr: 0.000000000 0.957297140 0.042702860
AK:/ccc/rc: 0.000000000 0.588878603 0.411121397
AK:/ccc/rf: 0.000000000 0.412746799 0.587253201
AK:/ccrcc/cc: 0.217219977 0.782780023 0.000000000
AK:/ccrcc/cr: 0.000000000 0.538648988 0.461351012
AK:/ccrcc/rc: 0.000000000 0.448823573 0.551176427
AK:/ccrcc/rf: 0.000000000 0.277836426 0.722163574
AK:/ccrcf/c: 0.287899441 0.712100559 0.000000000
AK:/ccrcf/r: 0.000000000 0.513465735 0.486534265
AK:/ccrfc/c: 0.485876797 0.514123203 0.000000000
AK:/ccrfc/r: 0.000000000 1.000000000 0.000000000
AK:/crcc/cc: 0.612128040 0.387871960 0.000000000
AK:/crcc/cr: 0.000000000 0.867290736 0.132709264
AK:/crcc/rc: 0.000000000 0.514404172 0.485595828
AK:/crcc/rf: 0.000000000 0.408057395 0.591942605
AK:/crcf/c: 0.859152237 0.140847763 0.000000000
AK:/crcf/r: 0.000000000 1.000000000 0.000000000
AK:/rcc/cc: 0.511169766 0.488830234 0.000000000
AK:/rcc/cr: 0.000000000 0.914548873 0.085451127
AK:/rcc/rc: 0.000000000 1.000000000 0.000000000
AK:/rcc/rf: 0.000000000 0.584920089 0.415079911
AK:/rfc/c: 0.426649450 0.573350550 0.000000000
AK:/rfc/r: 0.000000000 0.433059482 0.566940518
AQ:/ccc/cc: 0.356467378 0.643532622 0.000000000
AQ:/ccc/cr: 0.000000000 0.756905354 0.243094646
AQ:/ccc/rc: 0.000000000 0.883318351 0.116681649
AQ:/ccc/rf: 0.000000000 0.811863628 0.188136372
AQ:/ccrcc/cc: 0.950256774 0.049743226 0.000000000
AQ:/ccrcc/cr: 0.000000000 0.572231377 0.427768623
AQ:/ccrcc/rc: 0.000000000 0.316493499 0.683506501
AQ:/ccrcc/rf: 0.000000000 0.678079259 0.321920741
AQ:/ccrcf/c: 0.383520724 0.616479276 0.000000000
AQ:/ccrcf/r: 0.000000000 0.554132338 0.445867662
AQ:/ccrfc/c: 0.582547609 0.417452391 0.000000000
AQ:/ccrfc/r: 0.000000000 0.987051737 0.012948263
AQ:/crcc/cc: 0.714690982 0.285309018 0.000000000
AQ:/crcc/cr: 0.000000000 0.581501323 0.418498677
AQ:/crcc/rc: 0.000000000 0.229709620 0.770290380
AQ:/crcc/rf: 0.000000000 0.753395824 0.246604176
AQ:/crcf/c: 0.898819185 0.101180815 0.000000000
AQ:/crcf/r: 0.000000000 1.000000000 0.000000000
AQ:/rcc/cc: 0.184532633 0.815467367 0.000000000
AQ:/rcc/cr: 0.000000000 1.000000000 0.000000000
AQ:/rcc/rc: 0.000000000 0.724084026 0.275915974
AQ:/rcc/rf: 0.000000000 0.456941499 0.543058501
AQ:/rfc/c: 0.546260626 0.453739374 0.000000000
AQ:/rfc/r: 0.000000000 0.284647713 0.715352287
J:/cc: 0.000009511 0.999990489 0.000000000
J:/cr: 0.000000000 0.222657863 0.777342137
J:/rc: 0.000000000 0.089137207 0.910862793
J:/rf: 0.000000000 0.404483771 0.595516229
JA:/ccc/cc: 0.789793349 0.210206651 0.000000000
JA:/ccc/cr: 0.000000000 0.475228816 0.524771184
JA:/ccc/rc: 0.000000000 0.000000000 1.000000000
JA:/ccc/rf: 0.000000000 0.668181170 0.331818830
JA:/ccrcc/cc: 0.033312122 0.966687878 0.000000000
JA:/ccrcc/cr: 0.000000000 0.887529379 0.112470621
JA:/ccrcc/rc: 0.000000000 0.398778348 0.601221652
JA:/ccrcc/rf: 0.000000000 0.272273688 0.727726312
JA:/ccrcf/c: 0.772554809 0.227445191 0.000000000
JA:/ccrcf/r: 0.000000000 0.508404908 0.491595092
JA:/ccrfc/c: 0.936547457 0.063452543 0.000000000
JA:/ccrfc/r: 0.000000000 0.354903313 0.645096687
JA:/crcc/cc: 0.789221792 0.210778208 0.000000000
JA:/crcc/cr: 0.000000000 0.304358711 0.695641289
JA:/crcc/rc: 0.000000000 0.369813834 0.630186166
JA:/crcc/rf: 0.000000000 0.657175052 0.342824948
JA:/crcf/c: 0.490446097 0.509553903 0.000000000
JA:/crcf/r: 0.000000000 0.356612829 0.643387171
JA:/rcc/cc: 0.312043620 0.687956380 0.000000000
JA:/rcc/cr: 0.000000000 0.000000000 1.000000000
JA:/rcc/rc: 0.000000000 0.198814529 0.801185471
JA:/rcc/rf: 0.000000000 0.050191076 0.949808924
JA:/rfc/c: 0.529869050 0.470130950 0.000000000
JA:/rfc/r: 0.000000000 0.477665397 0.522334603
JJ:/ccc/cc: 0.686439450 0.313560550 0.000000000
JJ:/ccc/cr: 0.000000000 0.741200558 0.258799442
JJ:/ccc/rc: 0.000000000 0.791506584 0.208493416
JJ:/ccc/rf: 0.000000000 0.453213988 0.546786012
JJ:/ccrcc/cc: 0.413433808 0.586566192 0.000000000
JJ:/ccrcc/cr: 0.000000000 0.178821736 0.821178264
JJ:/ccrcc/rc: 0.000000000 0.606782319 0.393217681
JJ:/ccrcc/rf: 0.000000000 0.877007823 0.122992177
JJ:/ccrcf/c: 0.219027662 0.780972338 0.000000000
JJ:/ccrcf/r: 0.000000000 0.788450683 0.211549317
JJ:/ccrfc/c: 0.107457601 0.892542399 0.000000000
JJ:/ccrfc/r: 0.000000000 1.000000000 0.000000000
JJ:/crcc/cc: 0.579127881 0.420872119 0.000000000
JJ:/crcc/cr: 0.000000000 0.528371954 0.471628046
JJ:/crcc/rc: 0.000000000 0.233681406 0.766318594
JJ:/crcc/rf: 0.000000000 0.839453131 0.160546869
JJ:/crcf/c: 0.629877206 0.370122794 0.000000000
JJ:/crcf/r: 0.000000000 0.974524967 0.025475033
JJ:/rcc/cc: 0.632876152 0.367123848 0.000000000
JJ:/rcc/cr: 0.000000000 1.000000000 0.000000000
JJ:/rcc/rc: 0.000000000 1.000000000 0.000000000
JJ:/rcc/rf: 0.000000000 0.448026067 0.551973933
JJ:/rfc/c: 0.304323625 0.695676375 0.000000000
JJ:/rfc/r: 0.000000000 0.432798041 0.567201959
JK:/ccc/cc: 0.210983139 0.789016861 0.000000000
JK:/ccc/cr: 0.000000000 0.047754317 0.952245683
JK:/ccc/rc: 0.000000000 0.315826365 0.684173635
JK:/ccc/rf: 0.000000000 0.745368208 0.254631792
JK:/ccrcc/cc: 0.906997586 0.093002414 0.000000000
JK:/ccrcc/cr: 0.000000000 0.234274391 0.765725609
JK:/ccrcc/rc: 0.000000000 0.479565953 0.520434047
JK:/ccrcc/rf: 0.000000000 0.771023495 0.228976505
JK:/ccrcf/c: 0.613118279 0.386881721 0.000000000
JK:/ccrcf/r: 0.000000000 0.403194934 0.596805066
JK:/ccrfc/c: 0.445889750 0.554110250 0.000000000
JK:/ccrfc/r: 0.000000000 0.000000000 1.000000000
JK:/crcc/cc: 0.357998558 0.642001442 0.000000000
JK:/crcc/cr: 0.000000000 0.419322464 0.580677536
JK:/crcc/rc: 0.000000000 0.921822350 0.078177650
JK:/crcc/rf: 0.000000000 0.555587757 0.444412243
JK:/crcf/c: 0.849474074 0.150525926 0.000000000
JK:/crcf/r: 0.000000000 0.000000000 1.000000000
JK:/rcc/cc: 0.327263469 0.672736531 0.000000000
JK:/rcc/cr: 0.000000000 0.288102853 0.711897147
JK:/rcc/rc: 0.000000000 0.000000000 1.000000000
JK:/rcc/rf: 0.000000000 0.343432596 0.656567404
JK:/rfc/c: 0.362351118 0.637648882 0.000000000
JK:/rfc/r: 0.000000000 0.763121027 0.236878973
JQ:/ccc/cc: 0.883278295 0.116721705 0.000000000
JQ:/ccc/cr: 0.000000000 0.740025026 0.259974974
JQ:/ccc/rc: 0.000000000 0.249336649 0.750663351
JQ:/ccc/rf: 0.000000000 0.386725344 0.613274656
JQ:/ccrcc/cc: 0.478528487 0.521471513 0.000000000
JQ:/ccrcc/cr: 0.000000000 0.312228912 0.687771088
JQ:/ccrcc/rc: 0.000000000 0.400345780 0.599654220
JQ:/ccrcc/rf: 0.000000000 0.529388448 0.470611552
JQ:/ccrcf/c: 0.455543826 0.544456174 0.000000000
JQ:/ccrcf/r: 0.000000000 0.452253267 0.547746733
JQ:/ccrfc/c: 0.256259472 0.743740528 0.000000000
JQ:/ccrfc/r: 0.000000000 0.303275729 0.696724271
JQ:/crcc/cc: 0.479455647 0.520544353 0.000000000
JQ:/crcc/cr: 0.000000000 0.009817291 0.990182709
JQ:/crcc/rc: 0.000000000 0.185685663 0.814314337
JQ:/crcc/rf: 0.000000000 0.488334070 0.511665930
JQ:/crcf/c: 0.325755834 0.674244166 0.000000000
JQ:/crcf/r: 0.000000000 0.314796604 0.685203396
JQ:/rcc/cc: 0.308896801 0.691103199 0.000000000
JQ:/rcc/cr: 0.000000000 0.369339511 0.630660489
JQ:/rcc/rc: 0.000000000 0.198934656 0.801065344
JQ:/rcc/rf: 0.000000000 0.439502971 0.560497029
JQ:/rfc/c: 0.557479905 0.442520095 0.000000000
JQ:/rfc/r: 0.000000000 0.610897875 0.389102125
K:/cc: 1.000000000 0.000000000 0.000000000
K:/cr: 0.000000000 1.000000000 0.000000000
K:/rc: 0.000000000 0.060639111 0.939360889
K:/rf: 0.000000000 0.089934218 0.910065782
KA:/ccc/cc: 0.406811576 0.593188424 0.000000000
KA:/ccc/cr: 0.000000000 0.404832829 0.595167171
KA:/ccc/rc: 0.000000000 0.999751217 0.000248783
KA:/ccc/rf: 0.000000000 0.815204608 0.184795392
KA:/ccrcc/cc: 0.536207506 0.463792494 0.000000000
KA:/ccrcc/cr: 0.000000000 0.793711923 0.206288077
KA:/ccrcc/rc: 0.000000000 0.803820666 0.196179334
KA:/ccrcc/rf: 0.000000000 0.300668913 0.699331087
KA:/ccrcf/c: 0.614188861 0.385811139 0.000000000
KA:/ccrcf/r: 0.000000000 0.573467262 0.426532738
KA:/ccrfc/c: 0.945777917 0.054222083 0.000000000
KA:/ccrfc/r: 0.000000000 0.999541817 0.000458183
KA:/crcc/cc: 0.217637217 0.782362783 0.000000000
KA:/crcc/cr: 0.000000000 0.490072719 0.509927281
KA:/crcc/rc: 0.000000000 0.162651409 0.837348591
KA:/crcc/rf: 0.000000000 0.419899687 0.580100313
KA:/crcf/c: 0.510216185 0.489783815 0.000000000
KA:/crcf/r: 0.000000000 0.940934976 0.059065024
KA:/rcc/cc: 0.353804605 0.646195395 0.000000000
KA:/rcc/cr: 0.000000000 1.000000000 0.000000000
KA:/rcc/rc: 0.000000000 0.663225169 0.336774831
KA:/rcc/rf: 0.000000000 0.441598514 0.558401486
KA:/rfc/c: 0.344967017 0.655032983 0.000000000
KA:/rfc/r: 0.000000000 0.476791522 0.523208478
KJ:/ccc/cc: 0.875598484 0.124401516 0.000000000
KJ:/ccc/cr: 0.000000000 0.057444785 0.942555215
KJ:/ccc/rc: 0.000000000 0.889450196 0.110549804
KJ:/ccc/rf: 0.000000000 0.252200156 0.747799844
KJ:/ccrcc/cc: 0.641823152 0.358176848 0.000000000
KJ:/ccrcc/cr: 0.000000000 0.575737141 0.424262859
KJ:/ccrcc/rc: 0.000000000 0.564387026 0.435612974
KJ:/ccrcc/rf: 0.000000000 0.579185017 0.420814983
KJ:/ccrcf/c: 0.288479341 0.711520659 0.000000000
KJ:/ccrcf/r: 0.000000000 0.460036662 0.539963338
KJ:/ccrfc/c: 0.658752397 0.341247603 0.000000000
KJ:/ccrfc/r: 0.000000000 0.879101639 0.120898361
KJ:/crcc/cc: 0.277492547 0.722507453 0.000000000
KJ:/crcc/cr: 0.000000000 0.591529768 0.408470232
KJ:/crcc/rc: 0.000000000 0.497708042 0.502291958
KJ:/crcc/rf: 0.000000000 0.689883568 0.310116432
KJ:/crcf/c: 0.394274148 0.605725852 0.000000000
KJ:/crcf/r: 0.000000000 0.852315293 0.147684707
KJ:/rcc/cc: 0.360966973 0.639033027 0.000000000
KJ:/rcc/cr: 0.000000000 0.003948899 0.996051101
KJ:/rcc/rc: 0.000000000 0.332210803 0.667789197
KJ:/rcc/rf: 0.000000000 0.424189309 0.575810691
KJ:/rfc/c: 0.713321580 0.286678420 0.000000000
KJ:/rfc/r: 0.000000000 0.526427159 0.473572841
KK:/ccc/cc: 0.835721709 0.164278291 0.000000000
KK:/ccc/cr: 0.000000000 0.711761759 0.288238241
KK:/ccc/rc: 0.000000000 0.641119329 0.358880671
KK:/ccc/rf: 0.000000000 0.400779153 0.599220847
KK:/ccrcc/cc: 0.254442209 0.745557791 0.000000000
KK:/ccrcc/cr: 0.000000000 0.073747673 0.926252327
KK:/ccrcc/rc: 0.000000000 0.660775171 0.339224829
KK:/ccrcc/rf: 0.000000000 0.282288610 0.717711390
KK:/ccrcf/c: 0.363499348 0.636500652 0.000000000
KK:/ccrcf/r: 0.000000000 0.216592608 0.783407392
KK:/ccrfc/c: 0.416627118 0.583372882 0.000000000
KK:/ccrfc/r: 0.000000000 0.734631177 0.265368823
KK:/crcc/cc: 0.601846882 0.398153118 0.000000000
KK:/crcc/cr: 0.000000000 0.162582214 0.837417786
KK:/crcc/rc: 0.000000000 0.049211219 0.950788781
KK:/crcc/rf: 0.000000000 0.416652807 0.583347193
KK:/crcf/c: 0.833165407 0.166834593 0.000000000
KK:/crcf/r: 0.000000000 1.000000000 0.000000000
KK:/rcc/cc: 0.535116533 0.464883467 0.000000000
KK:/rcc/cr: 0.000000000 0.571925557 0.428074443
KK:/rcc/rc: 0.000000000 1.000000000 0.000000000
KK:/rcc/rf: 0.000000000 0.824704985 0.175295015
KK:/rfc/c: 0.280722581 0.719277419 0.000000000
KK:/rfc/r: 0.000000000 0.014606755 0.985393245
KQ:/ccc/cc: 0.972486423 0.027513577 0.000000000
KQ:/ccc/cr: 0.000000000 0.440013507 0.559986493
KQ:/ccc/rc: 0.000000000 0.305642108 0.694357892
KQ:/ccc/rf: 0.000000000 0.554745246 0.445254754
KQ:/ccrcc/cc: 0.756994722 0.243005278 0.000000000
KQ:/ccrcc/cr: 0.000000000 0.331902375 0.668097625
KQ:/ccrcc/rc: 0.000000000 0.412450777 0.587549223
KQ:/ccrcc/rf: 0.000000000 0.215388567 0.784611433
KQ:/ccrcf/c: 0.398879980 0.601120020 0.000000000
KQ:/ccrcf/r: 0.000000000 0.143728815 0.856271185
KQ:/ccrfc/c: 0.593617771 0.406382229 0.000000000
KQ:/ccrfc/r: 0.000000000 0.680146683 0.319853317
KQ:/crcc/cc: 0.776566794 0.223433206 0.000000000
KQ:/crcc/cr: 0.000000000 0.046065090 0.953934910
KQ:/crcc/rc: 0.000000000 0.260102494 0.739897506
KQ:/crcc/rf: 0.000000000 0.441932524 0.558067476
KQ:/crcf/c: 0.619181455 0.380818545 0.000000000
KQ:/crcf/r: 0.000000000 0.740380087 0.259619913
KQ:/rcc/cc: 0.403411465 0.596588535 0.000000000
KQ:/rcc/cr: 0.000000000 0.195028305 0.804971695
KQ:/rcc/rc: 0.000000000 0.000000000 1.000000000
KQ:/rcc/rf: 0.000000000 0.671342141 0.328657859
KQ:/rfc/c: 0.373881599 0.626118401 0.000000000
KQ:/rfc/r: 0.000000000 0.640282618 0.359717382
Q:/cc: 0.932243346 0.067756654 0.000000000
Q:/cr: 0.000000000 0.976350983 0.023649017
Q:/rc: 0.000000000 0.011762920 0.988237080
Q:/rf: 0.000000000 0.617605046 0.382394954
QA:/ccc/cc: 0.289812225 0.710187775 0.000000000
QA:/ccc/cr: 0.000000000 0.871193464 0.128806536
QA:/ccc/rc: 0.000000000 0.379094857 0.620905143
QA:/ccc/rf: 0.000000000 0.536722288 0.463277712
QA:/ccrcc/cc: 0.279739891 0.720260109 0.000000000
QA:/ccrcc/cr: 0.000000000 0.782406673 0.217593327
QA:/ccrcc/rc: 0.000000000 0.424076630 0.575923370
QA:/ccrcc/rf: 0.000000000 0.264179916 0.735820084
QA:/ccrcf/c: 0.875607473 0.124392527 0.000000000
QA:/ccrcf/r: 0.000000000 0.831029218 0.168970782
QA:/ccrfc/c: 0.883245164 0.116754836 0.000000000
QA:/ccrfc/r: 0.000000000 0.819682098 0.180317902
QA:/crcc/cc: 0.823993841 0.176006159 0.000000000
QA:/crcc/cr: 0.000000000 0.778218558 0.221781442
QA:/crcc/rc: 0.000000000 0.553623978 0.446376022
QA:/crcc/rf: 0.000000000 0.649352788 0.350647212
QA:/crcf/c: 0.347330597 0.652669403 0.000000000
QA:/crcf/r: 0.000000000 0.528085013 0.471914987
QA:/rcc/cc: 0.177896937 0.822103063 0.000000000
QA:/rcc/cr: 0.000000000 0.539724093 0.460275907
QA:/rcc/rc: 0.000000000 0.000000000 1.000000000
QA:/rcc/rf: 0.000000000 0.481973606 0.518026394
QA:/rfc/c: 0.819028677 0.180971323 0.000000000
QA:/rfc/r: 0.000000000 0.485165851 0.514834149
QJ:/ccc/cc: 0.762468033 0.237531967 0.000000000
QJ:/ccc/cr: 0.000000000 0.141736507 0.858263493
QJ:/ccc/rc: 0.000000000 0.617709011 0.382290989
QJ:/ccc/rf: 0.000000000 0.139340978 0.860659022
QJ:/ccrcc/cc: 0.519427587 0.480572413 0.000000000
QJ:/ccrcc/cr: 0.000000000 0.528117963 0.471882037
QJ:/ccrcc/rc: 0.000000000 0.755864784 0.244135216
QJ:/ccrcc/rf: 0.000000000 0.765034618 0.234965382
QJ:/ccrcf/c: 0.587787859 0.412212141 0.000000000
QJ:/ccrcf/r: 0.000000000 0.473583269 0.526416731
QJ:/ccrfc/c: 0.558610218 0.441389782 0.000000000
QJ:/ccrfc/r: 0.000000000 0.551664601 0.448335399
QJ:/crcc/cc: 0.693292849 0.306707151 0.000000000
QJ:/crcc/cr: 0.000000000 0.487425991 0.512574009
QJ:/crcc/rc: 0.000000000 0.619671056 0.380328944
QJ:/crcc/rf: 0.000000000 0.171698232 0.828301768
QJ:/crcf/c: 0.844215743 0.155784257 0.000000000
QJ:/crcf/r: 0.000000000 0.284158691 0.715841309
QJ:/rcc/cc: 0.724235197 0.275764803 0.000000000
QJ:/rcc/cr: 0.000000000 0.000000000 1.000000000
QJ:/rcc/rc: 0.000000000 0.000000000 1.000000000
QJ:/rcc/rf: 0.000000000 0.842845272 0.157154728
QJ:/rfc/c: 0.763418818 0.236581182 0.000000000
QJ:/rfc/r: 0.000000000 0.581588268 0.418411732
QK:/ccc/cc: 0.342092159 0.657907841 0.000000000
QK:/ccc/cr: 0.000000000 0.877305391 0.122694609
QK:/ccc/rc: 0.000000000 0.508935955 0.491064045
QK:/ccc/rf: 0.000000000 0.368515184 0.631484816
QK:/ccrcc/cc: 0.024300980 0.975699020 0.000000000
QK:/ccrcc/cr: 0.000000000 0.775744712 0.224255288
QK:/ccrcc/rc: 0.000000000 0.709235268 0.290764732
QK:/ccrcc/rf: 0.000000000 0.952537744 0.047462256
QK:/ccrcf/c: 0.957691312 0.042308688 0.000000000
QK:/ccrcf/r: 0.000000000 0.157019095 0.842980905
QK:/ccrfc/c: 0.564030866 0.435969134 0.000000000
QK:/ccrfc/r: 0.000000000 0.978275685 0.021724315
QK:/crcc/cc: 0.145479844 0.854520156 0.000000000
QK:/crcc/cr: 0.000000000 0.494871657 0.505128343
QK:/crcc/rc: 0.000000000 0.364776782 0.635223218
QK:/crcc/rf: 0.000000000 0.971680053 0.028319947
QK:/crcf/c: 0.516886623 0.483113377 0.000000000
QK:/crcf/r: 0.000000000 0.526681873 0.473318127
QK:/rcc/cc: 0.596834892 0.403165108 0.000000000
QK:/rcc/cr: 0.000000000 0.069829989 0.930170011
QK:/rcc/rc: 0.000000000 0.183856884 0.816143116
QK:/rcc/rf: 0.000000000 0.715895572 0.284104428
QK:/rfc/c: 0.293250000 0.706750000 0.000000000
QK:/rfc/r: 0.000000000 0.489018659 0.510981341
QQ:/ccc/cc: 0.290794442 0.709205558 0.000000000
QQ:/ccc/cr: 0.000000000 0.198199008 0.801800992
QQ:/ccc/rc: 0.000000000 0.567951182 0.432048818
QQ:/ccc/rf: 0.000000000 0.007147631 0.992852369
QQ:/ccrcc/cc: 0.647875232 0.352124768 0.000000000
QQ:/ccrcc/cr: 0.000000000 0.755960679 0.244039321
QQ:/ccrcc/rc: 0.000000000 0.534190938 0.465809062
QQ:/ccrcc/rf: 0.000000000 0.602148171 0.397851829
QQ:/ccrcf/c: 0.403815772 0.596184228 0.000000000
QQ:/ccrcf/r: 0.000000000 0.035445271 0.964554729
QQ:/ccrfc/c: 0.622801338 0.377198662 0.000000000
QQ:/ccrfc/r: 0.000000000 1.000000000 0.000000000
QQ:/crcc/cc: 0.525969422 0.474030578 0.000000000
QQ:/crcc/cr: 0.000000000 0.751190347 0.248809653
QQ:/crcc/rc: 0.000000000 0.148351171 0.851648829
QQ:/crcc/rf: 0.000000000 0.383417305 0.616582695
QQ:/crcf/c: 0.397057455 0.602942545 0.000000000
QQ:/crcf/r: 0.000000000 1.000000000 0.000000000
QQ:/rcc/cc: 0.782268220 0.217731780 0.000000000
QQ:/rcc/cr: 0.000000000 1.000000000 0.000000000
QQ:/rcc/rc: 0.000000000 0.861594379 0.138405621
QQ:/rcc/rf: 0.000000000 0.377699779 0.622300221
QQ:/rfc/c: 0.500971811 0.499028189 0.000000000
QQ:/rfc/r: 0.000000000 0.992678205 0.007321795
