8:/: 0.000345380 0.999654620 0.000000000
8:/cccr: 0.013053010 0.000000000 0.986946990
8:/cccrccrc: 0.000000000 0.362799829 0.637200171
8:/cccrccrf: 0.000000000 0.480512696 0.519487304
8:/cccrcfrc: 0.000000000 0.526113716 0.473886284
8:/cccrcfrf: 0.000000000 0.979116149 0.020883851
8:/cccrcrcc: 0.000000000 0.422330937 0.577669063
8:/cccrcrcf: 0.000000000 0.705255917 0.294744083
8:/cccrcrfc: 0.000000000 0.000000000 1.000000000
8:/cccrcrff: 0.000000000 0.227548564 0.772451436
8:/ccrc: 0.381605562 0.019920857 0.598473580
8:/ccrccrcc: 0.000000000 0.502493694 0.497506306
8:/ccrccrcf: 0.000000000 0.279383949 0.720616051
8:/ccrccrfc: 0.000000000 0.266564230 0.733435770
8:/ccrccrff: 0.000000000 0.549784532 0.450215468
8:/ccrf: 0.562633369 0.350779742 0.086586888
8:/ccrfcrc: 0.000000000 0.683602151 0.316397849
8:/ccrfcrf: 0.000000000 0.699850878 0.300149122
8:/ccrr: 0.000000000 0.101091543 0.898908457
8:/crcc: 0.256070588 0.473080028 0.270849384
8:/crcf: 0.000000000 0.363932287 0.636067713
8:/crcr: 0.000000000 0.111638811 0.888361189
8:/crfc: 0.033621801 0.082284750 0.884093449
8:/crff: 0.035321549 0.048933117 0.915745334
8:/crfr: 0.000000000 0.085370780 0.914629220
8:/crrc: 0.000000000 0.903387716 0.096612284
8:/crrf: 0.000000000 0.541715975 0.458284025
8:/rccr: 0.000000000 0.725583592 0.274416408
8:/rcfr: 0.000000000 0.761837204 0.238162796
8:/rcrc: 0.000000000 0.579044302 0.420955698
8:/rcrf: 0.000000000 0.558691824 0.441308176
8:/rfcr: 0.000000000 0.000000000 1.000000000
8:/rffr: 0.000000000 0.063538256 0.936461744
8:/rfrc: 0.000000000 0.387120459 0.612879541
8:/rfrf: 0.000000000 0.255195546 0.744804454
8:/rrcc: 0.000000000 0.203771921 0.796228079
8:/rrcf: 0.000000000 0.305650774 0.694349226
8:/rrfc: 0.000000000 0.120645364 0.879354636
8:/rrff: 0.000000000 0.059169408 0.940830592
9:/: 0.000823134 0.999176866 0.000000000
9:/cccr: 0.018659823 0.000000000 0.981340177
9:/cccrccrc: 0.000000000 0.730148321 0.269851679
9:/cccrccrf: 0.000000000 0.109228073 0.890771927
9:/cccrcfrc: 0.000000000 0.307186909 0.692813091
9:/cccrcfrf: 0.000000000 0.587379680 0.412620320
9:/cccrcrcc: 0.000000000 0.225567923 0.774432077
9:/cccrcrcf: 0.000000000 0.024540857 0.975459143
9:/cccrcrfc: 0.000000000 0.462367327 0.537632673
9:/cccrcrff: 0.000000000 0.632415803 0.367584197
9:/ccrc: 0.437053229 0.048055953 0.514890818
9:/ccrccrcc: 0.000000000 0.363124157 0.636875843
9:/ccrccrcf: 0.000000000 0.374214953 0.625785047
9:/ccrccrfc: 0.000000000 0.162289068 0.837710932
9:/ccrccrff: 0.000000000 0.491313121 0.508686879
9:/ccrf: 0.414833799 0.000000000 0.585166201
9:/ccrfcrc: 0.000000000 0.935915211 0.064084789
9:/ccrfcrf: 0.000000000 0.853351811 0.146648189
9:/ccrr: 0.000000000 0.427549399 0.572450601
9:/crcc: 0.079162887 0.791804142 0.129032971
9:/crcf: 0.463878689 0.060231748 0.475889563
9:/crcr: 0.000000000 0.543278101 0.456721899
9:/crfc: 0.048878306 0.292342634 0.658779060
9:/crff: 0.026941085 0.199960884 0.773098031
9:/crfr: 0.000000000 0.000000000 1.000000000
9:/crrc: 0.000000000 0.777122534 0.222877466
9:/crrf: 0.000000000 0.807409080 0.192590920
9:/rccr: 0.000000000 0.808213034 0.191786966
9:/rcfr: 0.000000000 0.383871765 0.616128235
9:/rcrc: 0.000000000 0.427195367 0.572804633
9:/rcrf: 0.000000000 0.815050543 0.184949457
9:/rfcr: 0.000000000 0.390098933 0.609901067
9:/rffr: 0.000000000 0.116546805 0.883453195
9:/rfrc: 0.000000000 0.148445007 0.851554993
9:/rfrf: 0.000000000 0.421273264 0.578726736
9:/rrcc: 0.000000000 0.498471229 0.501528771
9:/rrcf: 0.000000000 0.171902664 0.828097336
9:/rrfc: 0.000000000 0.302470891 0.697529109
9:/rrff: 0.000000000 0.014236437 0.985763563
A:/: 0.009247608 0.990752392 0.000000000
A:/cccr: 0.713280357 0.286719643 0.000000000
A:/cccrccrc: 0.000000000 0.721134750 0.278865250
A:/cccrccrf: 0.000000000 0.526134299 0.473865701
A:/cccrcfrc: 0.000000000 1.000000000 0.000000000
A:/cccrcfrf: 0.000000000 0.231216027 0.768783973
A:/cccrcrcc: 0.000000000 0.822251571 0.177748429
A:/cccrcrcf: 0.000000000 0.953062594 0.046937406
A:/cccrcrfc: 0.000000000 0.692813956 0.307186044
A:/cccrcrff: 0.000000000 0.857093308 0.142906692
A:/ccrc: 0.611284009 0.388715991 0.000000000
A:/ccrccrcc: 0.000000000 0.895570272 0.104429728
A:/ccrccrcf: 0.000000000 0.670936311 0.329063689
A:/ccrccrfc: 0.000000000 0.686843170 0.313156830
A:/ccrccrff: 0.000000000 0.786325941 0.213674059
A:/ccrf: 0.727238221 0.272761779 0.000000000
A:/ccrfcrc: 0.000000000 1.000000000 0.000000000
A:/ccrfcrf: 0.000000000 0.581147758 0.418852242
A:/ccrr: 0.000000000 1.000000000 0.000000000
A:/crcc: 0.395962075 0.475609980 0.128427946
A:/crcf: 0.642100829 0.189524102 0.168375069
A:/crcr: 0.000000000 0.710295563 0.289704437
A:/crfc: 0.638977386 0.361022614 0.000000000
A:/crff: 0.483028806 0.516971194 0.000000000
A:/crfr: 0.000000000 0.927636648 0.072363352
A:/crrc: 0.000000000 0.394017176 0.605982824
A:/crrf: 0.000000000 0.702187464 0.297812536
A:/rccr: 0.000000000 0.854795778 0.145204222
A:/rcfr: 0.000000000 0.950271312 0.049728688
A:/rcrc: 0.000000000 0.916523397 0.083476603
A:/rcrf: 0.000000000 1.000000000 0.000000000
A:/rfcr: 0.000000000 1.000000000 0.000000000
A:/rffr: 0.000000000 1.000000000 0.000000000
A:/rfrc: 0.000000000 1.000000000 0.000000000
A:/rfrf: 0.000000000 0.332271296 0.667728704
A:/rrcc: 0.000000000 0.800809074 0.199190926
A:/rrcf: 0.000000000 1.000000000 0.000000000
A:/rrfc: 0.000000000 1.000000000 0.000000000
A:/rrff: 0.000000000 1.000000000 0.000000000
J:/: 0.002027903 0.997972097 0.000000000
J:/cccr: 0.028878629 0.000000000 0.971121371
J:/cccrccrc: 0.000000000 0.550612860 0.449387140
J:/cccrccrf: 0.000000000 0.862267877 0.137732123
J:/cccrcfrc: 0.000000000 0.496181289 0.503818711
J:/cccrcfrf: 0.000000000 0.463817040 0.536182960
J:/cccrcrcc: 0.000000000 0.275746099 0.724253901
J:/cccrcrcf: 0.000000000 0.514000205 0.485999795
J:/cccrcrfc: 0.000000000 0.175259230 0.824740770
J:/cccrcrff: 0.000000000 0.719202168 0.280797832
J:/ccrc: 0.263649214 0.260836497 0.475514289
J:/ccrccrcc: 0.000000000 0.558142063 0.441857937
J:/ccrccrcf: 0.000000000 0.096681629 0.903318371
J:/ccrccrfc: 0.000000000 0.566022532 0.433977468
J:/ccrccrff: 0.000000000 0.618592209 0.381407791
J:/ccrf: 0.139869632 0.143247015 0.716883353
J:/ccrfcrc: 0.000000000 0.793745463 0.206254537
J:/ccrfcrf: 0.000000000 0.113954306 0.886045694
J:/ccrr: 0.000000000 0.820510758 0.179489242
J:/crcc: 0.550382010 0.247027804 0.202590186
J:/crcf: 0.000000000 0.505149518 0.494850482
J:/crcr: 0.000000000 0.550835368 0.449164632
J:/crfc: 0.000000000 0.304720440 0.695279560
J:/crff: 0.006275909 0.310832262 0.682891829
J:/crfr: 0.000000000 0.000397647 0.999602353
J:/crrc: 0.000000000 0.277987326 0.722012674
J:/crrf: 0.000000000 0.209426802 0.790573198
J:/rccr: 0.000000000 0.283085845 0.716914155
J:/rcfr: 0.000000000 0.000000000 1.000000000
J:/rcrc: 0.000000000 0.136678685 0.863321315
J:/rcrf: 0.000000000 0.108677891 0.891322109
J:/rfcr: 0.000000000 0.006830736 0.993169264
J:/rffr: 0.000000000 0.070967941 0.929032059
J:/rfrc: 0.000000000 0.061699466 0.938300534
J:/rfrf: 0.000000000 0.457309072 0.542690928
J:/rrcc: 0.000000000 0.145704218 0.854295782
J:/rrcf: 0.000000000 0.277459709 0.722540291
J:/rrfc: 0.000000000 0.087057688 0.912942312
J:/rrff: 0.000000000 0.101281468 0.898718532
K:/: 0.000000000 1.000000000 0.000000000
K:/cccr: 0.039735488 0.391010798 0.569253714
K:/cccrccrc: 0.000000000 0.871900951 0.128099049
K:/cccrccrf: 0.000000000 0.765438875 0.234561125
K:/cccrcfrc: 0.000000000 0.602165819 0.397834181
K:/cccrcfrf: 0.000000000 0.064407123 0.935592877
K:/cccrcrcc: 0.000000000 0.451691263 0.548308737
K:/cccrcrcf: 0.000000000 0.582647337 0.417352663
K:/cccrcrfc: 0.000000000 0.608225641 0.391774359
K:/cccrcrff: 0.000000000 0.651212088 0.348787912
K:/ccrc: 0.397204751 0.474390076 0.128405173
K:/ccrccrcc: 0.000000000 0.679121707 0.320878293
K:/ccrccrcf: 0.000000000 0.809055521 0.190944479
K:/ccrccrfc: 0.000000000 0.362927529 0.637072471
K:/ccrccrff: 0.000000000 0.186924461 0.813075539
K:/ccrf: 0.419454495 0.573754502 0.006791004
K:/ccrfcrc: 0.000000000 0.992525807 0.007474193
K:/ccrfcrf: 0.000000000 0.413153748 0.586846252
K:/ccrr: 0.000000000 0.611898011 0.388101989
K:/crcc: 0.585788527 0.179750377 0.234461096
K:/crcf: 0.505960652 0.494039343 0.000000005
K:/crcr: 0.000000000 0.774659747 0.225340253
K:/crfc: 0.099451249 0.889680306 0.010868445
K:/crff: 0.024027950 0.941720753 0.034251297
K:/crfr: 0.000000000 0.586172207 0.413827793
K:/crrc: 0.000000000 0.482068691 0.517931309
K:/crrf: 0.000000000 0.363150139 0.636849861
K:/rccr: 0.000000000 0.490560188 0.509439812
K:/rcfr: 0.000000000 0.259517283 0.740482717
K:/rcrc: 0.000000000 0.328142842 0.671857158
K:/rcrf: 0.000000000 0.613004807 0.386995193
K:/rfcr: 0.000000000 0.741851323 0.258148677
K:/rffr: 0.000000000 0.775914657 0.224085343
K:/rfrc: 0.000000000 0.265528767 0.734471233
K:/rfrf: 0.000000000 0.606502516 0.393497484
K:/rrcc: 0.000000000 0.461639316 0.538360684
K:/rrcf: 0.000000000 0.773713710 0.226286290
K:/rrfc: 0.000000000 0.096663696 0.903336304
K:/rrff: 0.000000000 0.585493204 0.414506796
Q:/: 0.000044336 0.999955664 0.000000000
Q:/cccr: 0.061685459 0.004652555 0.933661986
Q:/cccrccrc: 0.000000000 0.323048404 0.676951596
Q:/cccrccrf: 0.000000000 0.482474931 0.517525069
Q:/cccrcfrc: 0.000000000 0.301114097 0.698885903
Q:/cccrcfrf: 0.000000000 0.532420022 0.467579978
Q:/cccrcrcc: 0.000000000 0.384291133 0.615708867
Q:/cccrcrcf: 0.000000000 0.034002842 0.965997158
Q:/cccrcrfc: 0.000000000 0.590331760 0.409668240
Q:/cccrcrff: 0.000000000 0.534154858 0.465845142
Q:/ccrc: 0.389441408 0.233791758 0.376766833
Q:/ccrccrcc: 0.000000000 0.479486694 0.520513306
Q:/ccrccrcf: 0.000000000 0.479420797 0.520579203
Q:/ccrccrfc: 0.000000000 0.232138797 0.767861203
Q:/ccrccrff: 0.000000000 0.427941015 0.572058985
Q:/ccrf: 0.364005101 0.366666708 0.269328190
Q:/ccrfcrc: 0.000000000 0.659645869 0.340354131
Q:/ccrfcrf: 0.000000000 0.931498575 0.068501425
Q:/ccrr: 0.000000000 0.248796996 0.751203004
Q:/crcc: 0.273526851 0.482650399 0.243822750
Q:/crcf: 0.364867710 0.280327846 0.354804444
Q:/crcr: 0.000000000 0.773882605 0.226117395
Q:/crfc: 0.000000000 0.104982888 0.895017112
Q:/crff: 0.034058432 0.601080187 0.364861381
Q:/crfr: 0.000000000 0.217282744 0.782717256
Q:/crrc: 0.000000000 0.724231075 0.275768925
Q:/crrf: 0.000000000 0.526729975 0.473270025
Q:/rccr: 0.000000000 0.349345384 0.650654616
Q:/rcfr: 0.000000000 0.262834696 0.737165304
Q:/rcrc: 0.000000000 0.675017078 0.324982922
Q:/rcrf: 0.000000000 0.271152726 0.728847274
Q:/rfcr: 0.000000000 0.314855126 0.685144874
Q:/rffr: 0.000000000 0.528951896 0.471048104
Q:/rfrc: 0.000000000 0.161592066 0.838407934
Q:/rfrf: 0.000000000 0.989620125 0.010379875
Q:/rrcc: 0.000000000 0.615640908 0.384359092
Q:/rrcf: 0.000000000 0.172097035 0.827902965
Q:/rrfc: 0.000000000 0.600682834 0.399317166
Q:/rrff: 0.000000000 0.510128603 0.489871397
T:/: 0.000705240 0.999294760 0.000000000
T:/cccr: 0.011252485 0.000000000 0.988747515
T:/cccrccrc: 0.000000000 0.796948501 0.203051499
T:/cccrccrf: 0.000000000 0.972215779 0.027784221
T:/cccrcfrc: 0.000000000 0.118909490 0.881090510
T:/cccrcfrf: 0.000000000 0.557780205 0.442219795
T:/cccrcrcc: 0.000000000 0.483860222 0.516139778
T:/cccrcrcf: 0.000000000 0.780734612 0.219265388
T:/cccrcrfc: 0.000000000 0.388428595 0.611571405
T:/cccrcrff: 0.000000000 0.560208476 0.439791524
T:/ccrc: 0.076188351 0.438686765 0.485124884
T:/ccrccrcc: 0.000000000 0.444154782 0.555845218
T:/ccrccrcf: 0.000000000 0.573329860 0.426670140
T:/ccrccrfc: 0.000000000 0.656062047 0.343937953
T:/ccrccrff: 0.000000000 0.426229599 0.573770401
T:/ccrf: 0.719870145 0.205483351 0.074646503
T:/ccrfcrc: 0.000000000 0.423766580 0.576233420
T:/ccrfcrf: 0.000000000 0.412077607 0.587922393
T:/ccrr: 0.000000000 0.402283263 0.597716737
T:/crcc: 0.359627410 0.286003878 0.354368712
T:/crcf: 0.112227048 0.737907751 0.149865201
T:/crcr: 0.000000000 0.427042373 0.572957627
T:/crfc: 0.032569296 0.112866902 0.854563802
T:/crff: 0.000000000 0.037668530 0.962331470
T:/crfr: 0.000000000 0.000255931 0.999744069
T:/crrc: 0.000000000 0.297948942 0.702051058
T:/crrf: 0.000000000 0.657310021 0.342689979
T:/rccr: 0.000000000 0.412420565 0.587579435
T:/rcfr: 0.000000000 0.178474522 0.821525478
T:/rcrc: 0.000000000 0.327366648 0.672633352
T:/rcrf: 0.000000000 0.381559226 0.618440774
T:/rfcr: 0.000000000 0.338150073 0.661849927
T:/rffr: 0.000000000 0.042538824 0.957461176
T:/rfrc: 0.000000000 0.208498752 0.791501248
T:/rfrf: 0.000000000 0.686273184 0.313726816
T:/rrcc: 0.000000000 0.682235444 0.317764556
T:/rrcf: 0.000000000 0.020789895 0.979210105
T:/rrfc: 0.000000000 0.143608888 0.856391112
T:/rrff: 0.000000000 0.207425837 0.792574163
