8:/cc: 0.000209278 0.999790722 0.000000000
8:/cccrcc: 0.093838687 0.339137564 0.567023750
8:/cccrcf: 0.159895117 0.089518454 0.750586429
8:/cccrcr: 0.000000000 0.000000000 1.000000000
8:/cccrfc: 0.013085725 0.000000000 0.986914275
8:/cccrff: 0.355860961 0.247095232 0.397043807
8:/cccrfr: 0.000000000 0.000000000 1.000000000
8:/cccrrc: 0.000000000 0.380989932 0.619010068
8:/cccrrf: 0.000000000 0.279705184 0.720294816
8:/ccrccr: 0.000000000 0.440825710 0.559174290
8:/ccrcfr: 0.000000000 0.168306745 0.831693255
8:/ccrcrc: 0.000000000 0.489459439 0.510540561
8:/ccrcrf: 0.000000000 0.388401368 0.611598632
8:/ccrfcr: 0.000000000 0.393193821 0.606806179
8:/ccrffr: 0.000000000 0.549069836 0.450930164
8:/ccrfrc: 0.000000000 0.354312805 0.645687195
8:/ccrfrf: 0.000000000 0.427810439 0.572189561
8:/ccrrcc: 0.000000000 0.386045334 0.613954666
8:/ccrrcf: 0.000000000 0.719860207 0.280139793
8:/ccrrfc: 0.000000000 0.114806880 0.885193120
8:/ccrrff: 0.000000000 0.592164777 0.407835223
8:/cr: 0.000000000 0.000000000 1.000000000
8:/crccrc: 0.000000000 0.612552332 0.387447668
8:/crccrf: 0.000000000 0.692551961 0.307448039
8:/crcfrc: 0.000000000 0.679529678 0.320470322
8:/crcfrf: 0.000000000 0.812433946 0.187566054
8:/crcrcc: 0.000000000 0.430355110 0.569644890
8:/crcrcf: 0.000000000 0.224210779 0.775789221
8:/crcrfc: 0.000000000 0.193249750 0.806750250
8:/crcrff: 0.000000000 0.650199846 0.349800154
8:/rc: 0.036124160 0.163741492 0.800134347
8:/rccrcc: 0.000000000 0.165951475 0.834048525
8:/rccrcf: 0.000000000 0.324454105 0.675545895
8:/rccrfc: 0.000000000 0.434250161 0.565749839
8:/rccrff: 0.000000000 0.521270697 0.478729303
8:/rf: 0.111772079 0.407585765 0.480642156
8:/rfcrc: 0.000000000 0.815226970 0.184773030
8:/rfcrf: 0.000000000 0.828023313 0.171976687
8:/rr: 0.000000000 0.703842553 0.296157447
9:/cc: 0.171173475 0.828826525 0.000000000
9:/cccrcc: 0.076629620 0.519280436 0.404089944
9:/cccrcf: 0.380929588 0.404636651 0.214433761
9:/cccrcr: 0.000000000 0.000000000 1.000000000
9:/cccrfc: 0.013072526 0.000000000 0.986927474
9:/cccrff: 0.588455173 0.270208060 0.141336767
9:/cccrfr: 0.000000000 0.000000000 1.000000000
9:/cccrrc: 0.000000000 0.421021967 0.578978033
9:/cccrrf: 0.000000000 0.517544379 0.482455621
9:/ccrccr: 0.000000000 0.653603801 0.346396199
9:/ccrcfr: 0.000000000 0.000000000 1.000000000
9:/ccrcrc: 0.000000000 0.201783750 0.798216250
9:/ccrcrf: 0.000000000 0.023082222 0.976917778
9:/ccrfcr: 0.000000000 0.075251910 0.924748090
9:/ccrffr: 0.000000000 0.219256478 0.780743522
9:/ccrfrc: 0.000000000 0.407754157 0.592245843
9:/ccrfrf: 0.000000000 0.797616960 0.202383040
9:/ccrrcc: 0.000000000 0.639530584 0.360469416
9:/ccrrcf: 0.000000000 0.688436657 0.311563343
9:/ccrrfc: 0.000000000 0.019526729 0.980473271
9:/ccrrff: 0.000000000 0.160313434 0.839686566
9:/cr: 0.000000000 0.000000000 1.000000000
9:/crccrc: 0.000000000 0.713724951 0.286275049
9:/crccrf: 0.000000000 0.816803827 0.183196173
9:/crcfrc: 0.000000000 0.469856192 0.530143808
9:/crcfrf: 0.000000000 0.657885603 0.342114397
9:/crcrcc: 0.000000000 0.000000000 1.000000000
9:/crcrcf: 0.000000000 0.000000000 1.000000000
9:/crcrfc: 0.000000000 0.129737191 0.870262809
9:/crcrff: 0.000000000 0.171631098 0.828368902
9:/rc: 0.011958786 0.641083567 0.346957646
9:/rccrcc: 0.000000000 0.473908209 0.526091791
9:/rccrcf: 0.000000000 0.210840895 0.789159105
9:/rccrfc: 0.000000000 0.291852181 0.708147819
9:/rccrff: 0.000000000 0.307733184 0.692266816
9:/rf: 0.257197024 0.375740746 0.367062230
9:/rfcrc: 0.000000000 0.375878942 0.624121058
9:/rfcrf: 0.000000000 0.032761365 0.967238635
9:/rr: 0.000000000 0.164829131 0.835170869
A:/cc: 0.767363481 0.232636519 0.000000000
A:/cccrcc: 0.223862613 0.743312977 0.032824410
A:/cccrcf: 0.397856134 0.351564025 0.250579840
A:/cccrcr: 0.000000000 1.000000000 0.000000000
A:/cccrfc: 0.458884586 0.541115414 0.000000000
A:/cccrff: 0.517351043 0.482648957 0.000000000
A:/cccrfr: 0.000000000 1.000000000 0.000000000
A:/cccrrc: 0.000000000 0.758387771 0.241612229
A:/cccrrf: 0.000000000 1.000000000 0.000000000
A:/ccrccr: 0.000000000 1.000000000 0.000000000
A:/ccrcfr: 0.000000000 0.864224420 0.135775580
A:/ccrcrc: 0.000000000 0.906250058 0.093749942
A:/ccrcrf: 0.000000000 1.000000000 0.000000000
A:/ccrfcr: 0.000000000 0.978249787 0.021750213
A:/ccrffr: 0.000000000 0.888386226 0.111613774
A:/ccrfrc: 0.000000000 1.000000000 0.000000000
A:/ccrfrf: 0.000000000 0.690136838 0.309863162
A:/ccrrcc: 0.000000000 0.783659982 0.216340018
A:/ccrrcf: 0.000000000 1.000000000 0.000000000
A:/ccrrfc: 0.000000000 0.819412655 0.180587345
A:/ccrrff: 0.000000000 1.000000000 0.000000000
A:/cr: 0.996628796 0.003371204 0.000000000
A:/crccrc: 0.000000000 0.487174704 0.512825296
A:/crccrf: 0.000000000 0.704567666 0.295432334
A:/crcfrc: 0.000000000 0.436090268 0.563909732
A:/crcfrf: 0.000000000 0.714109666 0.285890334
A:/crcrcc: 0.000000000 0.888846132 0.111153868
A:/crcrcf: 0.000000000 0.704149826 0.295850174
A:/crcrfc: 0.000000000 1.000000000 0.000000000
A:/crcrff: 0.000000000 0.868378848 0.131621152
A:/rc: 0.518217222 0.362441292 0.119341486
A:/rccrcc: 0.000000000 0.543618652 0.456381348
A:/rccrcf: 0.000000000 0.334294252 0.665705748
A:/rccrfc: 0.000000000 0.320473170 0.679526830
A:/rccrff: 0.000000000 0.787871855 0.212128145
A:/rf: 0.478461217 0.344570810 0.176967974
A:/rfcrc: 0.000000000 1.000000000 0.000000000
A:/rfcrf: 0.000000000 0.563785683 0.436214317
A:/rr: 0.000000000 0.808045669 0.191954331
J:/cc: 0.180641916 0.819358084 0.000000000
J:/cccrcc: 0.218420998 0.279844035 0.501734967
J:/cccrcf: 0.299886925 0.064113137 0.635999938
J:/cccrcr: 0.000000000 0.457660083 0.542339917
J:/cccrfc: 0.022599278 0.329634607 0.647766115
J:/cccrff: 0.312890945 0.349490513 0.337618542
J:/cccrfr: 0.000000000 0.228505964 0.771494036
J:/cccrrc: 0.000000000 0.621493824 0.378506176
J:/cccrrf: 0.000000000 0.420484345 0.579515655
J:/ccrccr: 0.000000000 0.472408755 0.527591245
J:/ccrcfr: 0.000000000 0.000000000 1.000000000
J:/ccrcrc: 0.000000000 0.475603619 0.524396381
J:/ccrcrf: 0.000000000 0.703579401 0.296420599
J:/ccrfcr: 0.000000000 0.361670910 0.638329090
J:/ccrffr: 0.000000000 0.494256057 0.505743943
J:/ccrfrc: 0.000000000 0.209676071 0.790323929
J:/ccrfrf: 0.000000000 0.966327341 0.033672659
J:/ccrrcc: 0.000000000 0.270226693 0.729773307
J:/ccrrcf: 0.000000000 0.264749559 0.735250441
J:/ccrrfc: 0.000000000 0.219595505 0.780404495
J:/ccrrff: 0.000000000 0.127705701 0.872294299
J:/cr: 0.000000000 0.000000000 1.000000000
J:/crccrc: 0.000000000 0.837311415 0.162688585
J:/crccrf: 0.000000000 0.790470718 0.209529282
J:/crcfrc: 0.000000000 0.439960076 0.560039924
J:/crcfrf: 0.000000000 0.023010504 0.976989496
J:/crcrcc: 0.000000000 0.456048793 0.543951207
J:/crcrcf: 0.000000000 0.486980528 0.513019472
J:/crcrfc: 0.000000000 0.312376757 0.687623243
J:/crcrff: 0.000000000 0.237358742 0.762641258
J:/rc: 0.349527108 0.198292279 0.452180613
J:/rccrcc: 0.000000000 0.412245172 0.587754828
J:/rccrcf: 0.000000000 0.024916038 0.975083962
J:/rccrfc: 0.000000000 0.354729450 0.645270550
J:/rccrff: 0.000000000 0.448248296 0.551751704
J:/rf: 0.113520423 0.313351805 0.573127773
J:/rfcrc: 0.000000000 0.794368114 0.205631886
J:/rfcrf: 0.000000000 0.789697110 0.210302890
J:/rr: 0.000000000 0.374687532 0.625312468
K:/cc: 0.000000000 1.000000000 0.000000000
K:/cccrcc: 0.417162594 0.034629570 0.548207836
K:/cccrcf: 0.558259898 0.172112045 0.269628056
K:/cccrcr: 0.000000000 0.566484939 0.433515061
K:/cccrfc: 0.168151382 0.831848618 0.000000000
K:/cccrff: 0.700270679 0.268846307 0.030883014
K:/cccrfr: 0.000000000 0.986150642 0.013849358
K:/cccrrc: 0.000000000 0.783327970 0.216672030
K:/cccrrf: 0.000000000 0.588450737 0.411549263
K:/ccrccr: 0.000000000 0.366676255 0.633323745
K:/ccrcfr: 0.000000000 0.645258167 0.354741833
K:/ccrcrc: 0.000000000 0.570401786 0.429598214
K:/ccrcrf: 0.000000000 0.207082116 0.792917884
K:/ccrfcr: 0.000000000 0.937336286 0.062663714
K:/ccrffr: 0.000000000 0.950861620 0.049138380
K:/ccrfrc: 0.000000000 0.568650578 0.431349422
K:/ccrfrf: 0.000000000 0.942805472 0.057194528
K:/ccrrcc: 0.000000000 0.394147808 0.605852192
K:/ccrrcf: 0.000000000 0.484965923 0.515034077
K:/ccrrfc: 0.000000000 0.364863574 0.635136426
K:/ccrrff: 0.000000000 0.565966436 0.434033564
K:/cr: 0.000000000 0.148937916 0.851062084
K:/crccrc: 0.000000000 0.670430603 0.329569397
K:/crccrf: 0.000000000 0.386299175 0.613700825
K:/crcfrc: 0.000000000 0.757428701 0.242571299
K:/crcfrf: 0.000000000 0.962354569 0.037645431
K:/crcrcc: 0.000000000 0.470845006 0.529154994
K:/crcrcf: 0.000000000 0.513360674 0.486639326
K:/crcrfc: 0.000000000 0.650591479 0.349408521
K:/crcrff: 0.000000000 0.862180584 0.137819416
K:/rc: 0.693146980 0.181515903 0.125337117
K:/rccrcc: 0.000000000 0.372330191 0.627669809
K:/rccrcf: 0.000000000 0.464038531 0.535961469
K:/rccrfc: 0.000000000 0.187518311 0.812481689
K:/rccrff: 0.000000000 0.628753242 0.371246758
K:/rf: 0.509281002 0.404669431 0.086049567
K:/rfcrc: 0.000000000 0.809996555 0.190003445
K:/rfcrf: 0.000000000 0.538974086 0.461025914
K:/rr: 0.000000000 0.844624694 0.155375306
Q:/cc: 0.000000000 1.000000000 0.000000000
Q:/cccrcc: 0.308352354 0.482530916 0.209116729
Q:/cccrcf: 0.338259833 0.197111246 0.464628920
Q:/cccrcr: 0.000000000 0.335617857 0.664382143
Q:/cccrfc: 0.006194724 0.663018836 0.330786440
Q:/cccrff: 0.107270054 0.657460424 0.235269522
Q:/cccrfr: 0.000000000 0.429423747 0.570576253
Q:/cccrrc: 0.000000000 0.844738409 0.155261591
Q:/cccrrf: 0.000000000 0.816301503 0.183698497
Q:/ccrccr: 0.000000000 0.788798446 0.211201554
Q:/ccrcfr: 0.000000000 0.225652053 0.774347947
Q:/ccrcrc: 0.000000000 0.515445767 0.484554233
Q:/ccrcrf: 0.000000000 0.459539941 0.540460059
Q:/ccrfcr: 0.000000000 0.516305770 0.483694230
Q:/ccrffr: 0.000000000 0.951452468 0.048547532
Q:/ccrfrc: 0.000000000 0.000000000 1.000000000
Q:/ccrfrf: 0.000000000 0.980002729 0.019997271
Q:/ccrrcc: 0.000000000 0.665733673 0.334266327
Q:/ccrrcf: 0.000000000 0.191727011 0.808272989
Q:/ccrrfc: 0.000000000 0.287942472 0.712057528
Q:/ccrrff: 0.000000000 0.514168908 0.485831092
Q:/cr: 0.007931035 0.000000000 0.992068965
Q:/crccrc: 0.000000000 0.353188146 0.646811854
Q:/crccrf: 0.000000000 0.440765265 0.559234735
Q:/crcfrc: 0.000000000 0.614789179 0.385210821
Q:/crcfrf: 0.000000000 0.469952058 0.530047942
Q:/crcrcc: 0.000000000 0.258546005 0.741453995
Q:/crcrcf: 0.000000000 0.476313697 0.523686303
Q:/crcrfc: 0.000000000 0.097320174 0.902679826
Q:/crcrff: 0.000000000 0.472067085 0.527932915
Q:/rc: 0.566105386 0.111473964 0.322420650
Q:/rccrcc: 0.000000000 0.645539000 0.354461000
Q:/rccrcf: 0.000000000 0.787458086 0.212541914
Q:/rccrfc: 0.000000000 0.389203309 0.610796691
Q:/rccrff: 0.000000000 0.758862290 0.241137710
Q:/rf: 0.287211321 0.405112115 0.307676564
Q:/rfcrc: 0.000000000 0.555080045 0.444919955
Q:/rfcrf: 0.000000000 0.805851260 0.194148740
Q:/rr: 0.000000000 0.211596579 0.788403421
T:/cc: 0.024899938 0.975100062 0.000000000
T:/cccrcc: 0.253449992 0.352153592 0.394396416
T:/cccrcf: 0.142324036 0.567569266 0.290106698
T:/cccrcr: 0.000000000 0.516611693 0.483388307
T:/cccrfc: 0.013716723 0.000000000 0.986283277
T:/cccrff: 0.330031125 0.476770536 0.193198339
T:/cccrfr: 0.000000000 0.000000000 1.000000000
T:/cccrrc: 0.000000000 0.460272186 0.539727814
T:/cccrrf: 0.000000000 0.000000000 1.000000000
T:/ccrccr: 0.000000000 0.687085129 0.312914871
T:/ccrcfr: 0.000000000 0.000000000 1.000000000
T:/ccrcrc: 0.000000000 0.689627955 0.310372045
T:/ccrcrf: 0.000000000 0.566489575 0.433510425
T:/ccrfcr: 0.000000000 0.895603356 0.104396644
T:/ccrffr: 0.000000000 0.363701219 0.636298781
T:/ccrfrc: 0.000000000 0.441148647 0.558851353
T:/ccrfrf: 0.000000000 0.658696050 0.341303950
T:/ccrrcc: 0.000000000 0.386423825 0.613576175
T:/ccrrcf: 0.000000000 0.116344004 0.883655996
T:/ccrrfc: 0.000000000 0.220258613 0.779741387
T:/ccrrff: 0.000000000 0.000000000 1.000000000
T:/cr: 0.000000000 0.000000000 1.000000000
T:/crccrc: 0.000000000 0.909477448 0.090522552
T:/crccrf: 0.000000000 0.426396987 0.573603013
T:/crcfrc: 0.000000000 0.430070008 0.569929992
T:/crcfrf: 0.000000000 0.382661479 0.617338521
T:/crcrcc: 0.000000000 0.233441822 0.766558178
T:/crcrcf: 0.000000000 0.408067232 0.591932768
T:/crcrfc: 0.000000000 0.580572862 0.419427138
T:/crcrff: 0.000000000 0.487756128 0.512243872
T:/rc: 0.157314003 0.542646002 0.300039995
T:/rccrcc: 0.000000000 0.186695059 0.813304941
T:/rccrcf: 0.000000000 0.688289315 0.311710685
T:/rccrfc: 0.000000000 0.540003673 0.459996327
T:/rccrff: 0.000000000 0.818701014 0.181298986
T:/rf: 0.525825335 0.055911638 0.418263027
T:/rfcrc: 0.000000000 0.870073500 0.129926500
T:/rfcrf: 0.000000000 0.502252999 0.497747001
T:/rr: 0.000000000 0.676457791 0.323542209
