A:/: 1.000000000 0.000000000 0.000000000
A:/ccr: 0.000000000 0.998763906 0.001236094
A:/crc: 0.000000000 1.000000000 0.000000000
A:/crf: 0.000000000 0.000184789 0.999815211
AJ:/ccc/: 0.000791544 0.999208456 0.000000000
AJ:/ccc/ccr: 0.000000000 0.263304540 0.736695460
AJ:/ccc/crc: 0.000000000 0.997325055 0.002674945
AJ:/ccc/crf: 0.000000000 0.999996994 0.000003006
AJ:/ccrcc/: 0.749259559 0.250740441 0.000000000
AJ:/ccrcc/ccr: 0.000000000 0.723897583 0.276102417
AJ:/ccrcc/crc: 0.000000000 0.999934320 0.000065680
AJ:/ccrcc/crf: 0.000000000 0.796884770 0.203115230
AJ:/ccrcf/: 0.734944082 0.265055918 0.000000000
AJ:/ccrcf/cr: 0.000000000 0.486777034 0.513222966
AJ:/crcc/: 0.000730439 0.999269561 0.000000000
AJ:/crcc/ccr: 0.000000000 0.999446143 0.000553857
AJ:/crcc/crc: 0.000000000 0.000000000 1.000000000
AJ:/crcc/crf: 0.000000000 0.998406836 0.001593164
AJ:/crfc/: 0.770308930 0.229691070 0.000000000
AJ:/crfc/cr: 0.000000000 1.000000000 0.000000000
AJ:/rcc/: 0.681893001 0.318106999 0.000000000
AJ:/rcc/ccr: 0.000000000 0.352655227 0.647344773
AJ:/rcc/crc: 0.000000000 0.312231414 0.687768586
AJ:/rcc/crf: 0.000000000 0.254268422 0.745731578
AJ:/rcf/: 0.425747543 0.574252457 0.000000000
AJ:/rcf/cr: 0.000000000 0.999955513 0.000044487
AJ:/rfc/: 0.100672475 0.899327525 0.000000000
AJ:/rfc/cr: 0.000000000 0.904673182 0.095326818
AK:/ccc/: 0.000000000 1.000000000 0.000000000
AK:/ccc/ccr: 0.000000000 0.000364300 0.999635700
AK:/ccc/crc: 0.000000000 0.552027910 0.447972090
AK:/ccc/crf: 0.000000000 0.609053428 0.390946572
AK:/ccrcc/: 0.692201827 0.307798173 0.000000000
AK:/ccrcc/ccr: 0.000000000 0.437780004 0.562219996
AK:/ccrcc/crc: 0.000000000 0.685452153 0.314547847
AK:/ccrcc/crf: 0.000000000 0.999975759 0.000024241
AK:/ccrcf/: 0.104998087 0.895001913 0.000000000
AK:/ccrcf/cr: 0.000000000 0.739909308 0.260090692
AK:/crcc/: 0.110222206 0.889777794 0.000000000
AK:/crcc/ccr: 0.000000000 0.582509322 0.417490678
AK:/crcc/crc: 0.000000000 0.610712964 0.389287036
AK:/crcc/crf: 0.000000000 0.999999554 0.000000446
AK:/crfc/: 0.353454521 0.646545479 0.000000000
AK:/crfc/cr: 0.000000000 0.594383494 0.405616506
AK:/rcc/: 0.988516339 0.011483661 0.000000000
AK:/rcc/ccr: 0.000000000 0.341930292 0.658069708
AK:/rcc/crc: 0.000000000 1.000000000 0.000000000
AK:/rcc/crf: 0.000000000 0.354621024 0.645378976
AK:/rcf/: 0.013241806 0.986758194 0.000000000
AK:/rcf/cr: 0.000000000 0.986967810 0.013032190
AK:/rfc/: 0.468973767 0.531026233 0.000000000
AK:/rfc/cr: 0.000000000 0.734121789 0.265878211
AQ:/ccc/: 0.000791441 0.999208559 0.000000000
AQ:/ccc/ccr: 0.000000000 0.009464692 0.990535308
AQ:/ccc/crc: 0.000000000 0.506018393 0.493981607
AQ:/ccc/crf: 0.000000000 0.554894558 0.445105442
AQ:/ccrcc/: 0.944451682 0.055548318 0.000000000
AQ:/ccrcc/ccr: 0.000000000 0.244847070 0.755152930
AQ:/ccrcc/crc: 0.000000000 0.942944680 0.057055320
AQ:/ccrcc/crf: 0.000000000 0.999999999 0.000000001
AQ:/ccrcf/: 0.702167020 0.297832980 0.000000000
AQ:/ccrcf/cr: 0.000000000 0.265611502 0.734388498
AQ:/crcc/: 0.000180960 0.999819040 0.000000000
AQ:/crcc/ccr: 0.000000000 0.846429412 0.153570588
AQ:/crcc/crc: 0.000000000 0.997476206 0.002523794
AQ:/crcc/crf: 0.000000000 0.889260718 0.110739282
AQ:/crfc/: 0.000000000 1.000000000 0.000000000
AQ:/crfc/cr: 0.000000000 0.000000000 1.000000000
AQ:/rcc/: 0.644910738 0.355089262 0.000000000
AQ:/rcc/ccr: 0.000000000 0.964878275 0.035121725
AQ:/rcc/crc: 0.000000000 0.875634496 0.124365504
AQ:/rcc/crf: 0.000000000 0.288780804 0.711219196
AQ:/rcf/: 0.013785058 0.986214942 0.000000000
AQ:/rcf/cr: 0.000000000 0.942542993 0.057457007
AQ:/rfc/: 0.966344381 0.033655619 0.000000000
AQ:/rfc/cr: 0.000000000 0.738708914 0.261291086
J:/: 0.011918154 0.988081846 0.000000000
J:/ccr: 0.000000000 0.995889609 0.004110391
J:/crc: 0.000000000 0.000000000 1.000000000
J:/crf: 0.000000000 1.000000000 0.000000000
JA:/ccc/: 0.262642188 0.737357812 0.000000000
JA:/ccc/ccr: 0.000000000 0.105325937 0.894674063
JA:/ccc/crc: 0.000000000 0.143216494 0.856783506
JA:/ccc/crf: 0.000000000 0.083280214 0.916719786
JA:/ccrcc/: 0.278056568 0.721943432 0.000000000
JA:/ccrcc/ccr: 0.000000000 0.333474720 0.666525280
JA:/ccrcc/crc: 0.000000000 0.738396710 0.261603290
JA:/ccrcc/crf: 0.000000000 0.517558849 0.482441151
JA:/ccrcf/: 0.553504077 0.446495923 0.000000000
JA:/ccrcf/cr: 0.000000000 0.223821070 0.776178930
JA:/crcc/: 0.352298971 0.647701029 0.000000000
JA:/crcc/ccr: 0.000000000 0.999999993 0.000000007
JA:/crcc/crc: 0.000000000 0.000000000 1.000000000
JA:/crcc/crf: 0.000000000 0.000000000 1.000000000
JA:/crfc/: 0.395407731 0.604592269 0.000000000
JA:/crfc/cr: 0.000000000 0.116962926 0.883037074
JA:/rcc/: 1.000000000 0.000000000 0.000000000
JA:/rcc/ccr: 0.000000000 0.419670606 0.580329394
JA:/rcc/crc: 0.000000000 0.580871156 0.419128844
JA:/rcc/crf: 0.000000000 0.827719319 0.172280681
JA:/rcf/: 1.000000000 0.000000000 0.000000000
JA:/rcf/cr: 0.000000000 0.000000000 1.000000000
JA:/rfc/: 0.834406858 0.165593142 0.000000000
JA:/rfc/cr: 0.000000000 0.442424534 0.557575466
JK:/ccc/: 0.000002848 0.999997152 0.000000000
JK:/ccc/ccr: 0.000000000 0.000001071 0.999998929
JK:/ccc/crc: 0.000000000 0.000140958 0.999859042
JK:/ccc/crf: 0.000000000 0.244675632 0.755324368
JK:/ccrcc/: 0.227966530 0.772033470 0.000000000
JK:/ccrcc/ccr: 0.000000000 0.320745299 0.679254701
JK:/ccrcc/crc: 0.000000000 0.627818752 0.372181248
JK:/ccrcc/crf: 0.000000000 0.814541036 0.185458964
JK:/ccrcf/: 0.053147588 0.946852412 0.000000000
JK:/ccrcf/cr: 0.000000000 0.474606251 0.525393749
JK:/crcc/: 0.995958497 0.004041503 0.000000000
JK:/crcc/ccr: 0.000000000 0.000000000 1.000000000
JK:/crcc/crc: 0.000000000 0.000000000 1.000000000
JK:/crcc/crf: 0.000000000 0.000000000 1.000000000
JK:/crfc/: 0.561268070 0.438731930 0.000000000
JK:/crfc/cr: 0.000000000 0.394293317 0.605706683
JK:/rcc/: 0.801406008 0.198593992 0.000000000
JK:/rcc/ccr: 0.000000000 0.829467513 0.170532487
JK:/rcc/crc: 0.000000000 0.415160243 0.584839757
JK:/rcc/crf: 0.000000000 0.000180867 0.999819133
JK:/rcf/: 1.000000000 0.000000000 0.000000000
JK:/rcf/cr: 0.000000000 0.000004373 0.999995627
JK:/rfc/: 0.033225244 0.966774756 0.000000000
JK:/rfc/cr: 0.000000000 0.970044724 0.029955276
JQ:/ccc/: 0.038248769 0.961751231 0.000000000
JQ:/ccc/ccr: 0.000000000 0.658746297 0.341253703
JQ:/ccc/crc: 0.000000000 0.255056172 0.744943828
JQ:/ccc/crf: 0.000000000 0.497690628 0.502309372
JQ:/ccrcc/: 0.784806703 0.215193297 0.000000000
JQ:/ccrcc/ccr: 0.000000000 0.362859045 0.637140955
JQ:/ccrcc/crc: 0.000000000 0.321232852 0.678767148
JQ:/ccrcc/crf: 0.000000000 0.487245194 0.512754806
JQ:/ccrcf/: 0.407232254 0.592767746 0.000000000
JQ:/ccrcf/cr: 0.000000000 0.526970577 0.473029423
JQ:/crcc/: 0.997063660 0.002936340 0.000000000
JQ:/crcc/ccr: 0.000000000 0.000000000 1.000000000
JQ:/crcc/crc: 0.000000000 0.000000000 1.000000000
JQ:/crcc/crf: 0.000000000 0.000000000 1.000000000
JQ:/crfc/: 0.111693998 0.888306002 0.000000000
JQ:/crfc/cr: 0.000000000 0.729643681 0.270356319
JQ:/rcc/: 0.990447777 0.009552223 0.000000000
JQ:/rcc/ccr: 0.000000000 0.862507462 0.137492538
JQ:/rcc/crc: 0.000000000 0.000000000 1.000000000
JQ:/rcc/crf: 0.000000000 0.000000000 1.000000000
JQ:/rcf/: 1.000000000 0.000000000 0.000000000
JQ:/rcf/cr: 0.000000000 0.000000946 0.999999054
JQ:/rfc/: 0.098587788 0.901412212 0.000000000
JQ:/rfc/cr: 0.000000000 0.163298573 0.836701427
K:/: 1.000000000 0.000000000 0.000000000
K:/ccr: 0.000000000 0.994037156 0.005962844
K:/crc: 0.000000000 0.994845485 0.005154515
K:/crf: 0.000000000 0.000086092 0.999913908
KA:/ccc/: 0.239468664 0.760531336 0.000000000
KA:/ccc/ccr: 0.000000000 0.729137640 0.270862360
KA:/ccc/crc: 0.000000000 0.322011343 0.677988657
KA:/ccc/crf: 0.000000000 0.572037969 0.427962031
KA:/ccrcc/: 0.999993293 0.000006707 0.000000000
KA:/ccrcc/ccr: 0.000000000 0.355038752 0.644961248
KA:/ccrcc/crc: 0.000000000 0.702776007 0.297223993
KA:/ccrcc/crf: 0.000000000 0.760261776 0.239738224
KA:/ccrcf/: 0.503736351 0.496263649 0.000000000
KA:/ccrcf/cr: 0.000000000 0.356126197 0.643873803
KA:/crcc/: 0.618461518 0.381538482 0.000000000
KA:/crcc/ccr: 0.000000000 0.477131817 0.522868183
KA:/crcc/crc: 0.000000000 0.738520197 0.261479803
KA:/crcc/crf: 0.000000000 0.999999739 0.000000261
KA:/crfc/: 0.276316654 0.723683346 0.000000000
KA:/crfc/cr: 0.000000000 0.411502072 0.588497928
KA:/rcc/: 0.845338291 0.154661709 0.000000000
KA:/rcc/ccr: 0.000000000 0.308698202 0.691301798
KA:/rcc/crc: 0.000000000 0.876089798 0.123910202
KA:/rcc/crf: 0.000000000 0.304140886 0.695859114
KA:/rcf/: 0.066468800 0.933531200 0.000000000
KA:/rcf/cr: 0.000000000 0.996486905 0.003513095
KA:/rfc/: 0.350557611 0.649442389 0.000000000
KA:/rfc/cr: 0.000000000 0.205326957 0.794673043
KJ:/ccc/: 0.000175149 0.999824851 0.000000000
KJ:/ccc/ccr: 0.000000000 0.000000000 1.000000000
KJ:/ccc/crc: 0.000000000 0.441405152 0.558594848
KJ:/ccc/crf: 0.000000000 0.000005579 0.999994421
KJ:/ccrcc/: 0.561263775 0.438736225 0.000000000
KJ:/ccrcc/ccr: 0.000000000 0.072207869 0.927792131
KJ:/ccrcc/crc: 0.000000000 0.425276659 0.574723341
KJ:/ccrcc/crf: 0.000000000 0.775314682 0.224685318
KJ:/ccrcf/: 0.677877980 0.322122020 0.000000000
KJ:/ccrcf/cr: 0.000000000 0.077378137 0.922621863
KJ:/crcc/: 0.000000000 1.000000000 0.000000000
KJ:/crcc/ccr: 0.000000000 1.000000000 0.000000000
KJ:/crcc/crc: 0.000000000 1.000000000 0.000000000
KJ:/crcc/crf: 0.000000000 0.000000000 1.000000000
KJ:/crfc/: 0.765893884 0.234106116 0.000000000
KJ:/crfc/cr: 0.000000000 0.241856723 0.758143277
KJ:/rcc/: 0.995944638 0.004055362 0.000000000
KJ:/rcc/ccr: 0.000000000 0.000000000 1.000000000
KJ:/rcc/crc: 0.000000000 0.552430195 0.447569805
KJ:/rcc/crf: 0.000000000 0.999995652 0.000004348
KJ:/rcf/: 0.000000000 1.000000000 0.000000000
KJ:/rcf/cr: 0.000000000 0.000004373 0.999995627
KJ:/rfc/: 0.269878213 0.730121787 0.000000000
KJ:/rfc/cr: 0.000000000 0.837462379 0.162537621
KQ:/ccc/: 0.091529088 0.908470912 0.000000000
KQ:/ccc/ccr: 0.000000000 0.279261083 0.720738917
KQ:/ccc/crc: 0.000000000 0.664038899 0.335961101
KQ:/ccc/crf: 0.000000000 0.000000806 0.999999194
KQ:/ccrcc/: 0.039045755 0.960954245 0.000000000
KQ:/ccrcc/ccr: 0.000000000 0.451049540 0.548950460
KQ:/ccrcc/crc: 0.000000000 0.574121323 0.425878677
KQ:/ccrcc/crf: 0.000000000 1.000000000 0.000000000
KQ:/ccrcf/: 0.282302489 0.717697511 0.000000000
KQ:/ccrcf/cr: 0.000000000 0.725556607 0.274443393
KQ:/crcc/: 0.999935292 0.000064708 0.000000000
KQ:/crcc/ccr: 0.000000000 1.000000000 0.000000000
KQ:/crcc/crc: 0.000000000 0.000000000 1.000000000
KQ:/crcc/crf: 0.000000000 0.999957775 0.000042225
KQ:/crfc/: 0.000000000 1.000000000 0.000000000
KQ:/crfc/cr: 0.000000000 1.000000000 0.000000000
KQ:/rcc/: 0.879674703 0.120325297 0.000000000
KQ:/rcc/ccr: 0.000000000 0.554524538 0.445475462
KQ:/rcc/crc: 0.000000000 0.270083445 0.729916555
KQ:/rcc/crf: 0.000000000 0.857688547 0.142311453
KQ:/rcf/: 0.004286197 0.995713803 0.000000000
KQ:/rcf/cr: 0.000000000 0.000013520 0.999986480
KQ:/rfc/: 0.778558710 0.221441290 0.000000000
KQ:/rfc/cr: 0.000000000 0.661786760 0.338213240
Q:/: 0.999580888 0.000419112 0.000000000
Q:/ccr: 0.000000000 0.998474154 0.001525846
Q:/crc: 0.000000000 0.000000000 1.000000000
Q:/crf: 0.000000000 0.000003297 0.999996703
QA:/ccc/: 0.292181012 0.707818988 0.000000000
QA:/ccc/ccr: 0.000000000 0.434593035 0.565406965
QA:/ccc/crc: 0.000000000 0.217100466 0.782899534
QA:/ccc/crf: 0.000000000 0.999723540 0.000276460
QA:/ccrcc/: 0.805378170 0.194621830 0.000000000
QA:/ccrcc/ccr: 0.000000000 0.560851033 0.439148967
QA:/ccrcc/crc: 0.000000000 0.219199648 0.780800352
QA:/ccrcc/crf: 0.000000000 0.037893479 0.962106521
QA:/ccrcf/: 0.405056489 0.594943511 0.000000000
QA:/ccrcf/cr: 0.000000000 0.538243989 0.461756011
QA:/crcc/: 0.000000000 1.000000000 0.000000000
QA:/crcc/ccr: 0.000000000 1.000000000 0.000000000
QA:/crcc/crc: 0.000000000 0.000000000 1.000000000
QA:/crcc/crf: 0.000000000 0.000000000 1.000000000
QA:/crfc/: 0.625127295 0.374872705 0.000000000
QA:/crfc/cr: 0.000000000 0.863657062 0.136342938
QA:/rcc/: 0.904422727 0.095577273 0.000000000
QA:/rcc/ccr: 0.000000000 0.642844934 0.357155066
QA:/rcc/crc: 0.000000000 0.657268606 0.342731394
QA:/rcc/crf: 0.000000000 0.731023307 0.268976693
QA:/rcf/: 0.001190338 0.998809662 0.000000000
QA:/rcf/cr: 0.000000000 0.682028985 0.317971015
QA:/rfc/: 0.823641271 0.176358729 0.000000000
QA:/rfc/cr: 0.000000000 0.896136819 0.103863181
QJ:/ccc/: 0.445784712 0.554215288 0.000000000
QJ:/ccc/ccr: 0.000000000 0.464580065 0.535419935
QJ:/ccc/crc: 0.000000000 0.184495457 0.815504543
QJ:/ccc/crf: 0.000000000 0.731160806 0.268839194
QJ:/ccrcc/: 0.127228047 0.872771953 0.000000000
QJ:/ccrcc/ccr: 0.000000000 0.437423251 0.562576749
QJ:/ccrcc/crc: 0.000000000 0.236116900 0.763883100
QJ:/ccrcc/crf: 0.000000000 0.565564924 0.434435076
QJ:/ccrcf/: 0.504674894 0.495325106 0.000000000
QJ:/ccrcf/cr: 0.000000000 0.510322244 0.489677756
QJ:/crcc/: 0.000000000 1.000000000 0.000000000
QJ:/crcc/ccr: 0.000000000 0.006164004 0.993835996
QJ:/crcc/crc: 0.000000000 0.000000000 1.000000000
QJ:/crcc/crf: 0.000000000 0.000000000 1.000000000
QJ:/crfc/: 0.164780351 0.835219649 0.000000000
QJ:/crfc/cr: 0.000000000 0.701331982 0.298668018
QJ:/rcc/: 0.000548002 0.999451998 0.000000000
QJ:/rcc/ccr: 0.000000000 0.488070550 0.511929450
QJ:/rcc/crc: 0.000000000 0.329113193 0.670886807
QJ:/rcc/crf: 0.000000000 0.671243802 0.328756198
QJ:/rcf/: 0.615000896 0.384999104 0.000000000
QJ:/rcf/cr: 0.000000000 0.000000946 0.999999054
QJ:/rfc/: 0.984741502 0.015258498 0.000000000
QJ:/rfc/cr: 0.000000000 0.074464956 0.925535044
QK:/ccc/: 0.171996830 0.828003170 0.000000000
QK:/ccc/ccr: 0.000000000 0.830982863 0.169017137
QK:/ccc/crc: 0.000000000 0.343456944 0.656543056
QK:/ccc/crf: 0.000000000 0.000000342 0.999999658
QK:/ccrcc/: 0.742334677 0.257665323 0.000000000
QK:/ccrcc/ccr: 0.000000000 0.639747838 0.360252162
QK:/ccrcc/crc: 0.000000000 0.467924337 0.532075663
QK:/ccrcc/crf: 0.000000000 0.999808329 0.000191671
QK:/ccrcf/: 0.742375073 0.257624927 0.000000000
QK:/ccrcf/cr: 0.000000000 0.589622435 0.410377565
QK:/crcc/: 0.997696315 0.002303685 0.000000000
QK:/crcc/ccr: 0.000000000 0.000000000 1.000000000
QK:/crcc/crc: 0.000000000 0.000000000 1.000000000
QK:/crcc/crf: 0.000000000 0.999888492 0.000111508
QK:/crfc/: 0.051827597 0.948172403 0.000000000
QK:/crfc/cr: 0.000000000 1.000000000 0.000000000
QK:/rcc/: 0.999402313 0.000597687 0.000000000
QK:/rcc/ccr: 0.000000000 0.522298924 0.477701076
QK:/rcc/crc: 0.000000000 0.137778334 0.862221666
QK:/rcc/crf: 0.000000000 0.999999580 0.000000420
QK:/rcf/: 0.004286197 0.995713803 0.000000000
QK:/rcf/cr: 0.000000000 0.000013520 0.999986480
QK:/rfc/: 0.200880305 0.799119695 0.000000000
QK:/rfc/cr: 0.000000000 0.547881611 0.452118389
