A:/c: 0.998369461 0.001630539 0.000000000
A:/ccrc: 0.000000000 1.000000000 0.000000000
A:/ccrf: 0.000000000 1.000000000 0.000000000
A:/r: 0.000000000 1.000000000 0.000000000
AJ:/ccc/c: 0.316053767 0.683946233 0.000000000
AJ:/ccc/ccrc: 0.000000000 0.522846141 0.477153859
AJ:/ccc/ccrf: 0.000000000 0.689465536 0.310534464
AJ:/ccc/r: 0.000000000 0.816355825 0.183644175
AJ:/ccrcc/c: 0.153916988 0.846083012 0.000000000
AJ:/ccrcc/ccrc: 0.000000000 0.132906955 0.867093045
AJ:/ccrcc/ccrf: 0.000000000 1.000000000 0.000000000
AJ:/ccrcc/r: 0.000000000 0.732937511 0.267062489
AJ:/ccrfc/: 0.651320430 0.348679570 0.000000000
AJ:/ccrfc/cr: 0.000000000 0.324193868 0.675806132
AJ:/crcc/c: 0.403955765 0.596044235 0.000000000
AJ:/crcc/ccrc: 0.000000000 0.810010308 0.189989692
AJ:/crcc/ccrf: 0.000000000 0.527682892 0.472317108
AJ:/crcc/r: 0.000000000 0.285089797 0.714910203
AJ:/crcf/: 0.481874606 0.518125394 0.000000000
AJ:/crcf/cr: 0.000000000 0.991624261 0.008375739
AJ:/crfc/c: 0.447995077 0.552004923 0.000000000
AJ:/crfc/r: 0.000000000 0.548315158 0.451684842
AJ:/rcc/c: 0.254538385 0.745461615 0.000000000
AJ:/rcc/ccrc: 0.000000000 0.761782625 0.238217375
AJ:/rcc/ccrf: 0.000000000 0.864618947 0.135381053
AJ:/rcc/r: 0.000000000 0.859282905 0.140717095
AJ:/rcf/c: 1.000000000 0.000000000 0.000000000
AJ:/rcf/r: 0.000000000 1.000000000 0.000000000
AK:/ccc/c: 0.420230133 0.579769867 0.000000000
AK:/ccc/ccrc: 0.000000000 1.000000000 0.000000000
AK:/ccc/ccrf: 0.000000000 1.000000000 0.000000000
AK:/ccc/r: 0.000000000 1.000000000 0.000000000
AK:/ccrcc/c: 0.613371990 0.386628010 0.000000000
AK:/ccrcc/ccrc: 0.000000000 1.000000000 0.000000000
AK:/ccrcc/ccrf: 0.000000000 1.000000000 0.000000000
AK:/ccrcc/r: 0.000000000 1.000000000 0.000000000
AK:/ccrfc/: 0.201968940 0.798031060 0.000000000
AK:/ccrfc/cr: 0.000000000 0.912759199 0.087240801
AK:/crcc/c: 0.560432854 0.439567146 0.000000000
AK:/crcc/ccrc: 0.000000000 0.107175994 0.892824006
AK:/crcc/ccrf: 0.000000000 0.783945874 0.216054126
AK:/crcc/r: 0.000000000 1.000000000 0.000000000
AK:/crcf/: 0.999913601 0.000086399 0.000000000
AK:/crcf/cr: 0.000000000 1.000000000 0.000000000
AK:/crfc/c: 0.693235324 0.306764676 0.000000000
AK:/crfc/r: 0.000000000 0.868921961 0.131078039
AK:/rcc/c: 0.550497144 0.449502856 0.000000000
AK:/rcc/ccrc: 0.000000000 0.302851933 0.697148067
AK:/rcc/ccrf: 0.000000000 0.516305688 0.483694312
AK:/rcc/r: 0.000000000 0.775027783 0.224972217
AK:/rcf/c: 1.000000000 0.000000000 0.000000000
AK:/rcf/r: 0.000000000 1.000000000 0.000000000
AQ:/ccc/c: 0.991963234 0.008036766 0.000000000
AQ:/ccc/ccrc: 0.000000000 1.000000000 0.000000000
AQ:/ccc/ccrf: 0.000000000 1.000000000 0.000000000
AQ:/ccc/r: 0.000000000 1.000000000 0.000000000
AQ:/ccrcc/c: 0.331055141 0.668944859 0.000000000
AQ:/ccrcc/ccrc: 0.000000000 1.000000000 0.000000000
AQ:/ccrcc/ccrf: 0.000000000 1.000000000 0.000000000
AQ:/ccrcc/r: 0.000000000 1.000000000 0.000000000
AQ:/ccrfc/: 0.296753279 0.703246721 0.000000000
AQ:/ccrfc/cr: 0.000000000 1.000000000 0.000000000
AQ:/crcc/c: 0.264677115 0.735322885 0.000000000
AQ:/crcc/ccrc: 0.000000000 0.433563559 0.566436441
AQ:/crcc/ccrf: 0.000000000 0.366143546 0.633856454
AQ:/crcc/r: 0.000000000 1.000000000 0.000000000
AQ:/crcf/: 0.656049784 0.343950216 0.000000000
AQ:/crcf/cr: 0.000000000 1.000000000 0.000000000
AQ:/crfc/c: 0.476414886 0.523585114 0.000000000
AQ:/crfc/r: 0.000000000 0.407644957 0.592355043
AQ:/rcc/c: 0.078257130 0.921742870 0.000000000
AQ:/rcc/ccrc: 0.000000000 1.000000000 0.000000000
AQ:/rcc/ccrf: 0.000000000 0.568781496 0.431218504
AQ:/rcc/r: 0.000000000 0.823998887 0.176001113
AQ:/rcf/c: 1.000000000 0.000000000 0.000000000
AQ:/rcf/r: 0.000000000 1.000000000 0.000000000
J:/c: 0.000000000 1.000000000 0.000000000
J:/ccrc: 0.000000000 0.000000000 1.000000000
J:/ccrf: 0.000000000 0.734347116 0.265652884
J:/r: 0.000000000 0.999746749 0.000253251
JA:/ccc/c: 0.627790008 0.372209992 0.000000000
JA:/ccc/ccrc: 0.000000000 0.505373915 0.494626085
JA:/ccc/ccrf: 0.000000000 0.455908804 0.544091196
JA:/ccc/r: 0.000000000 0.307015300 0.692984700
JA:/ccrcc/c: 0.402431766 0.597568234 0.000000000
JA:/ccrcc/ccrc: 0.000000000 0.738678708 0.261321292
JA:/ccrcc/ccrf: 0.000000000 0.469542292 0.530457708
JA:/ccrcc/r: 0.000000000 0.602993778 0.397006222
JA:/ccrfc/: 0.754033786 0.245966214 0.000000000
JA:/ccrfc/cr: 0.000000000 0.543088923 0.456911077
JA:/crcc/c: 0.150648996 0.849351004 0.000000000
JA:/crcc/ccrc: 0.000000000 0.097753173 0.902246827
JA:/crcc/ccrf: 0.000000000 0.476801570 0.523198430
JA:/crcc/r: 0.000000000 0.125519180 0.874480820
JA:/crcf/: 0.708029048 0.291970952 0.000000000
JA:/crcf/cr: 0.000000000 0.471500763 0.528499237
JA:/crfc/c: 0.991567582 0.008432418 0.000000000
JA:/crfc/r: 0.000000000 0.625697623 0.374302377
JA:/rcc/c: 0.436205094 0.563794906 0.000000000
JA:/rcc/ccrc: 0.000000000 0.556107733 0.443892267
JA:/rcc/ccrf: 0.000000000 0.286161615 0.713838385
JA:/rcc/r: 0.000000000 0.000000000 1.000000000
JA:/rcf/c: 0.168157836 0.831842164 0.000000000
JA:/rcf/r: 0.000000000 0.000000000 1.000000000
JK:/ccc/c: 0.572891679 0.427108321 0.000000000
JK:/ccc/ccrc: 0.000000000 0.425481296 0.574518704
JK:/ccc/ccrf: 0.000000000 0.466773373 0.533226627
JK:/ccc/r: 0.000000000 0.705317509 0.294682491
JK:/ccrcc/c: 0.429745162 0.570254838 0.000000000
JK:/ccrcc/ccrc: 0.000000000 0.605987154 0.394012846
JK:/ccrcc/ccrf: 0.000000000 0.258011396 0.741988604
JK:/ccrcc/r: 0.000000000 0.293110615 0.706889385
JK:/ccrfc/: 0.372753798 0.627246202 0.000000000
JK:/ccrfc/cr: 0.000000000 0.183101936 0.816898064
JK:/crcc/c: 0.485462607 0.514537393 0.000000000
JK:/crcc/ccrc: 0.000000000 0.456921921 0.543078079
JK:/crcc/ccrf: 0.000000000 0.393891773 0.606108227
JK:/crcc/r: 0.000000000 0.809163402 0.190836598
JK:/crcf/: 0.746389638 0.253610362 0.000000000
JK:/crcf/cr: 0.000000000 0.450096272 0.549903728
JK:/crfc/c: 0.023488078 0.976511922 0.000000000
JK:/crfc/r: 0.000000000 0.794825097 0.205174903
JK:/rcc/c: 0.000000000 1.000000000 0.000000000
JK:/rcc/ccrc: 0.000000000 0.181914458 0.818085542
JK:/rcc/ccrf: 0.000000000 0.181985776 0.818014224
JK:/rcc/r: 0.000000000 0.000000000 1.000000000
JK:/rcf/c: 0.000000000 1.000000000 0.000000000
JK:/rcf/r: 0.000000000 0.000000000 1.000000000
JQ:/ccc/c: 0.692771341 0.307228659 0.000000000
JQ:/ccc/ccrc: 0.000000000 0.721117829 0.278882171
JQ:/ccc/ccrf: 0.000000000 0.277372038 0.722627962
JQ:/ccc/r: 0.000000000 0.641703477 0.358296523
JQ:/ccrcc/c: 0.382150181 0.617849819 0.000000000
JQ:/ccrcc/ccrc: 0.000000000 0.659773514 0.340226486
JQ:/ccrcc/ccrf: 0.000000000 0.768396830 0.231603170
JQ:/ccrcc/r: 0.000000000 0.599177001 0.400822999
JQ:/ccrfc/: 0.004791856 0.995208144 0.000000000
JQ:/ccrfc/cr: 0.000000000 0.435900764 0.564099236
JQ:/crcc/c: 0.386529733 0.613470267 0.000000000
JQ:/crcc/ccrc: 0.000000000 0.938105401 0.061894599
JQ:/crcc/ccrf: 0.000000000 0.746200165 0.253799835
JQ:/crcc/r: 0.000000000 0.491879335 0.508120665
JQ:/crcf/: 0.485531294 0.514468706 0.000000000
JQ:/crcf/cr: 0.000000000 0.653245342 0.346754658
JQ:/crfc/c: 0.416689579 0.583310421 0.000000000
JQ:/crfc/r: 0.000000000 0.873361214 0.126638786
JQ:/rcc/c: 0.000000000 1.000000000 0.000000000
JQ:/rcc/ccrc: 0.000000000 0.000000000 1.000000000
JQ:/rcc/ccrf: 0.000000000 0.000000000 1.000000000
JQ:/rcc/r: 0.000000000 0.000000000 1.000000000
JQ:/rcf/c: 0.000000000 1.000000000 0.000000000
JQ:/rcf/r: 0.000000000 0.000000000 1.000000000
K:/c: 0.998736511 0.001263489 0.000000000
K:/ccrc: 0.000000000 0.299413996 0.700586004
K:/ccrf: 0.000000000 1.000000000 0.000000000
K:/r: 0.000000000 1.000000000 0.000000000
KA:/ccc/c: 0.790482771 0.209517229 0.000000000
KA:/ccc/ccrc: 0.000000000 1.000000000 0.000000000
KA:/ccc/ccrf: 0.000000000 1.000000000 0.000000000
KA:/ccc/r: 0.000000000 1.000000000 0.000000000
KA:/ccrcc/c: 0.611288352 0.388711648 0.000000000
KA:/ccrcc/ccrc: 0.000000000 1.000000000 0.000000000
KA:/ccrcc/ccrf: 0.000000000 1.000000000 0.000000000
KA:/ccrcc/r: 0.000000000 1.000000000 0.000000000
KA:/ccrfc/: 0.818319087 0.181680913 0.000000000
KA:/ccrfc/cr: 0.000000000 0.861310670 0.138689330
KA:/crcc/c: 0.737996889 0.262003111 0.000000000
KA:/crcc/ccrc: 0.000000000 0.934438350 0.065561650
KA:/crcc/ccrf: 0.000000000 0.802744211 0.197255789
KA:/crcc/r: 0.000000000 0.776650486 0.223349514
KA:/crcf/: 0.812023172 0.187976828 0.000000000
KA:/crcf/cr: 0.000000000 1.000000000 0.000000000
KA:/crfc/c: 0.558438132 0.441561868 0.000000000
KA:/crfc/r: 0.000000000 0.852894017 0.147105983
KA:/rcc/c: 0.575458604 0.424541396 0.000000000
KA:/rcc/ccrc: 0.000000000 0.944799126 0.055200874
KA:/rcc/ccrf: 0.000000000 0.105520702 0.894479298
KA:/rcc/r: 0.000000000 1.000000000 0.000000000
KA:/rcf/c: 1.000000000 0.000000000 0.000000000
KA:/rcf/r: 0.000000000 1.000000000 0.000000000
KJ:/ccc/c: 0.584741461 0.415258539 0.000000000
KJ:/ccc/ccrc: 0.000000000 0.403933663 0.596066337
KJ:/ccc/ccrf: 0.000000000 0.380173782 0.619826218
KJ:/ccc/r: 0.000000000 0.504524243 0.495475757
KJ:/ccrcc/c: 0.611148574 0.388851426 0.000000000
KJ:/ccrcc/ccrc: 0.000000000 0.414669314 0.585330686
KJ:/ccrcc/ccrf: 0.000000000 0.219685729 0.780314271
KJ:/ccrcc/r: 0.000000000 0.463528788 0.536471212
KJ:/ccrfc/: 0.795420096 0.204579904 0.000000000
KJ:/ccrfc/cr: 0.000000000 0.489052464 0.510947536
KJ:/crcc/c: 0.262566884 0.737433116 0.000000000
KJ:/crcc/ccrc: 0.000000000 0.784276092 0.215723908
KJ:/crcc/ccrf: 0.000000000 0.637273609 0.362726391
KJ:/crcc/r: 0.000000000 0.997962600 0.002037400
KJ:/crcf/: 0.131273791 0.868726209 0.000000000
KJ:/crcf/cr: 0.000000000 0.802505866 0.197494134
KJ:/crfc/c: 0.646010059 0.353989941 0.000000000
KJ:/crfc/r: 0.000000000 0.509747750 0.490252250
KJ:/rcc/c: 0.001495129 0.998504871 0.000000000
KJ:/rcc/ccrc: 0.000000000 0.000000000 1.000000000
KJ:/rcc/ccrf: 0.000000000 0.000000000 1.000000000
KJ:/rcc/r: 0.000000000 0.210337608 0.789662392
KJ:/rcf/c: 0.000368038 0.999631962 0.000000000
KJ:/rcf/r: 0.000000000 0.000000000 1.000000000
KQ:/ccc/c: 0.001248124 0.998751876 0.000000000
KQ:/ccc/ccrc: 0.000000000 0.000000000 1.000000000
KQ:/ccc/ccrf: 0.000000000 0.000000000 1.000000000
KQ:/ccc/r: 0.000000000 0.368744232 0.631255768
KQ:/ccrcc/c: 0.000189830 0.999810170 0.000000000
KQ:/ccrcc/ccrc: 0.000000000 0.000000000 1.000000000
KQ:/ccrcc/ccrf: 0.000000000 0.000000000 1.000000000
KQ:/ccrcc/r: 0.000000000 0.001373395 0.998626605
KQ:/ccrfc/: 0.715747261 0.284252739 0.000000000
KQ:/ccrfc/cr: 0.000000000 0.000000000 1.000000000
KQ:/crcc/c: 0.363965291 0.636034709 0.000000000
KQ:/crcc/ccrc: 0.000000000 0.961805272 0.038194728
KQ:/crcc/ccrf: 0.000000000 0.749046783 0.250953217
KQ:/crcc/r: 0.000000000 0.802256772 0.197743228
KQ:/crcf/: 0.000000000 1.000000000 0.000000000
KQ:/crcf/cr: 0.000000000 0.000000000 1.000000000
KQ:/crfc/c: 0.459079439 0.540920561 0.000000000
KQ:/crfc/r: 0.000000000 0.168308939 0.831691061
KQ:/rcc/c: 0.438463772 0.561536228 0.000000000
KQ:/rcc/ccrc: 0.000000000 0.015728248 0.984271752
KQ:/rcc/ccrf: 0.000000000 0.932880776 0.067119224
KQ:/rcc/r: 0.000000000 0.439902583 0.560097417
KQ:/rcf/c: 0.000000000 1.000000000 0.000000000
KQ:/rcf/r: 0.000000000 0.000000000 1.000000000
Q:/c: 0.000000000 1.000000000 0.000000000
Q:/ccrc: 0.000000000 0.000000000 1.000000000
Q:/ccrf: 0.000000000 1.000000000 0.000000000
Q:/r: 0.000000000 1.000000000 0.000000000
QA:/ccc/c: 0.000607768 0.999392232 0.000000000
QA:/ccc/ccrc: 0.000000000 0.000000000 1.000000000
QA:/ccc/ccrf: 0.000000000 0.000000000 1.000000000
QA:/ccc/r: 0.000000000 0.000105296 0.999894704
QA:/ccrcc/c: 0.999429488 0.000570512 0.000000000
QA:/ccrcc/ccrc: 0.000000000 0.312181458 0.687818542
QA:/ccrcc/ccrf: 0.000000000 0.000000000 1.000000000
QA:/ccrcc/r: 0.000000000 0.999762488 0.000237512
QA:/ccrfc/: 1.000000000 0.000000000 0.000000000
QA:/ccrfc/cr: 0.000000000 0.797233139 0.202766861
QA:/crcc/c: 0.457588354 0.542411646 0.000000000
QA:/crcc/ccrc: 0.000000000 0.673721909 0.326278091
QA:/crcc/ccrf: 0.000000000 0.109372437 0.890627563
QA:/crcc/r: 0.000000000 0.626001282 0.373998718
QA:/crcf/: 0.167088051 0.832911949 0.000000000
QA:/crcf/cr: 0.000000000 0.000000000 1.000000000
QA:/crfc/c: 0.379980599 0.620019401 0.000000000
QA:/crfc/r: 0.000000000 1.000000000 0.000000000
QA:/rcc/c: 0.681015446 0.318984554 0.000000000
QA:/rcc/ccrc: 0.000000000 0.406510481 0.593489519
QA:/rcc/ccrf: 0.000000000 0.407928273 0.592071727
QA:/rcc/r: 0.000000000 0.482972566 0.517027434
QA:/rcf/c: 0.000000000 1.000000000 0.000000000
QA:/rcf/r: 0.000000000 0.000004375 0.999995625
QJ:/ccc/c: 0.606073795 0.393926205 0.000000000
QJ:/ccc/ccrc: 0.000000000 0.736427759 0.263572241
QJ:/ccc/ccrf: 0.000000000 0.101581878 0.898418122
QJ:/ccc/r: 0.000000000 0.513999580 0.486000420
QJ:/ccrcc/c: 0.390206246 0.609793754 0.000000000
QJ:/ccrcc/ccrc: 0.000000000 0.728071929 0.271928071
QJ:/ccrcc/ccrf: 0.000000000 0.464839252 0.535160748
QJ:/ccrcc/r: 0.000000000 0.375095640 0.624904360
QJ:/ccrfc/: 0.271052596 0.728947404 0.000000000
QJ:/ccrfc/cr: 0.000000000 0.348529644 0.651470356
QJ:/crcc/c: 0.809377134 0.190622866 0.000000000
QJ:/crcc/ccrc: 0.000000000 0.808663786 0.191336214
QJ:/crcc/ccrf: 0.000000000 0.365772912 0.634227088
QJ:/crcc/r: 0.000000000 0.602929094 0.397070906
QJ:/crcf/: 0.510495312 0.489504688 0.000000000
QJ:/crcf/cr: 0.000000000 0.194279254 0.805720746
QJ:/crfc/c: 0.553759545 0.446240455 0.000000000
QJ:/crfc/r: 0.000000000 0.969387389 0.030612611
QJ:/rcc/c: 0.000000000 1.000000000 0.000000000
QJ:/rcc/ccrc: 0.000000000 0.298426323 0.701573677
QJ:/rcc/ccrf: 0.000000000 0.205123029 0.794876971
QJ:/rcc/r: 0.000000000 0.000000000 1.000000000
QJ:/rcf/c: 0.000871594 0.999128406 0.000000000
QJ:/rcf/r: 0.000000000 0.000000000 1.000000000
QK:/ccc/c: 0.000969484 0.999030516 0.000000000
QK:/ccc/ccrc: 0.000000000 0.268027449 0.731972551
QK:/ccc/ccrf: 0.000000000 0.000000000 1.000000000
QK:/ccc/r: 0.000000000 0.202625049 0.797374951
QK:/ccrcc/c: 0.999963800 0.000036200 0.000000000
QK:/ccrcc/ccrc: 0.000000000 0.000000000 1.000000000
QK:/ccrcc/ccrf: 0.000000000 0.000000000 1.000000000
QK:/ccrcc/r: 0.000000000 0.999805275 0.000194725
QK:/ccrfc/: 1.000000000 0.000000000 0.000000000
QK:/ccrfc/cr: 0.000000000 0.409498121 0.590501879
QK:/crcc/c: 0.599584165 0.400415835 0.000000000
QK:/crcc/ccrc: 0.000000000 0.256348051 0.743651949
QK:/crcc/ccrf: 0.000000000 0.366319148 0.633680852
QK:/crcc/r: 0.000000000 0.908718371 0.091281629
QK:/crcf/: 1.000000000 0.000000000 0.000000000
QK:/crcf/cr: 0.000000000 0.000000000 1.000000000
QK:/crfc/c: 0.246742371 0.753257629 0.000000000
QK:/crfc/r: 0.000000000 0.742567447 0.257432553
QK:/rcc/c: 0.431356739 0.568643261 0.000000000
QK:/rcc/ccrc: 0.000000000 0.559287953 0.440712047
QK:/rcc/ccrf: 0.000000000 0.672248394 0.327751606
QK:/rcc/r: 0.000000000 0.536958542 0.463041458
QK:/rcf/c: 0.000000000 1.000000000 0.000000000
QK:/rcf/r: 0.000000000 0.000000000 1.000000000
