A:/cc: 0.998038056 0.001961944 0.000000000
A:/cr: 0.000000000 1.000000000 0.000000000
A:/rc: 0.000000000 0.884364809 0.115635191
A:/rf: 0.000000000 0.002771419 0.997228581
AJ:/ccc/cc: 0.239841093 0.760158907 0.000000000
AJ:/ccc/cr: 0.000000000 0.662274128 0.337725872
AJ:/ccc/rc: 0.000000000 0.721280619 0.278719381
AJ:/ccc/rf: 0.000000000 0.396435689 0.603564311
AJ:/ccrcc/cc: 0.169505011 0.830494989 0.000000000
AJ:/ccrcc/cr: 0.000000000 0.514738903 0.485261097
AJ:/ccrcc/rc: 0.000000000 0.322997746 0.677002254
AJ:/ccrcc/rf: 0.000000000 0.042571579 0.957428421
AJ:/ccrcf/c: 0.417222187 0.582777813 0.000000000
AJ:/ccrcf/r: 0.000000000 0.530131833 0.469868167
AJ:/ccrfc/c: 0.359687798 0.640312202 0.000000000
AJ:/ccrfc/r: 0.000000000 0.676060373 0.323939627
AJ:/crcc/cc: 0.460932909 0.539067091 0.000000000
AJ:/crcc/cr: 0.000000000 0.449402113 0.550597887
AJ:/crcc/rc: 0.000000000 0.342809732 0.657190268
AJ:/crcc/rf: 0.000000000 0.733001958 0.266998042
AJ:/crcf/c: 0.676662640 0.323337360 0.000000000
AJ:/crcf/r: 0.000000000 0.833339466 0.166660534
AJ:/rcc/cc: 0.000370178 0.999629822 0.000000000
AJ:/rcc/cr: 0.000000000 0.871536264 0.128463736
AJ:/rcc/rc: 0.000000000 0.376844423 0.623155577
AJ:/rcc/rf: 0.000000000 0.554062691 0.445937309
AJ:/rfc/c: 0.360293766 0.639706234 0.000000000
AJ:/rfc/r: 0.000000000 0.742375073 0.257624927
AK:/ccc/cc: 0.585342210 0.414657790 0.000000000
AK:/ccc/cr: 0.000000000 0.999995661 0.000004339
AK:/ccc/rc: 0.000000000 0.869131443 0.130868557
AK:/ccc/rf: 0.000000000 0.378416420 0.621583580
AK:/ccrcc/cc: 0.868092399 0.131907601 0.000000000
AK:/ccrcc/cr: 0.000000000 0.754370618 0.245629382
AK:/ccrcc/rc: 0.000000000 0.731333124 0.268666876
AK:/ccrcc/rf: 0.000000000 0.689033036 0.310966964
AK:/ccrcf/c: 0.282724038 0.717275962 0.000000000
AK:/ccrcf/r: 0.000000000 0.313307526 0.686692474
AK:/ccrfc/c: 0.032192290 0.967807710 0.000000000
AK:/ccrfc/r: 0.000000000 0.707818745 0.292181255
AK:/crcc/cc: 0.489073786 0.510926214 0.000000000
AK:/crcc/cr: 0.000000000 0.744002698 0.255997302
AK:/crcc/rc: 0.000000000 0.970233297 0.029766703
AK:/crcc/rf: 0.000000000 0.033225244 0.966774756
AK:/crcf/c: 0.940606588 0.059393412 0.000000000
AK:/crcf/r: 0.000000000 0.537354855 0.462645145
AK:/rcc/cc: 0.000000701 0.999999299 0.000000000
AK:/rcc/cr: 0.000000000 0.663589373 0.336410627
AK:/rcc/rc: 0.000000000 0.511908221 0.488091779
AK:/rcc/rf: 0.000000000 0.205590828 0.794409172
AK:/rfc/c: 0.862008306 0.137991694 0.000000000
AK:/rfc/r: 0.000000000 0.364868978 0.635131022
AQ:/ccc/cc: 0.636924719 0.363075281 0.000000000
AQ:/ccc/cr: 0.000000000 0.829353834 0.170646166
AQ:/ccc/rc: 0.000000000 0.875307688 0.124692312
AQ:/ccc/rf: 0.000000000 0.394623766 0.605376234
AQ:/ccrcc/cc: 0.804528992 0.195471008 0.000000000
AQ:/ccrcc/cr: 0.000000000 0.868592033 0.131407967
AQ:/ccrcc/rc: 0.000000000 0.875619545 0.124380455
AQ:/ccrcc/rf: 0.000000000 0.363910557 0.636089443
AQ:/ccrcf/c: 0.730370570 0.269629430 0.000000000
AQ:/ccrcf/r: 0.000000000 0.568491655 0.431508345
AQ:/ccrfc/c: 0.814725317 0.185274683 0.000000000
AQ:/ccrfc/r: 0.000000000 0.834234536 0.165765464
AQ:/crcc/cc: 0.375257858 0.624742142 0.000000000
AQ:/crcc/cr: 0.000000000 0.143221870 0.856778130
AQ:/crcc/rc: 0.000000000 0.897682655 0.102317345
AQ:/crcc/rf: 0.000000000 0.705993075 0.294006925
AQ:/crcf/c: 0.482592266 0.517407734 0.000000000
AQ:/crcf/r: 0.000000000 0.834502578 0.165497422
AQ:/rcc/cc: 0.445722916 0.554277084 0.000000000
AQ:/rcc/cr: 0.000000000 0.597134780 0.402865220
AQ:/rcc/rc: 0.000000000 0.634253033 0.365746967
AQ:/rcc/rf: 0.000000000 0.407232254 0.592767746
AQ:/rfc/c: 0.380685513 0.619314487 0.000000000
AQ:/rfc/r: 0.000000000 0.212252209 0.787747791
J:/cc: 0.872811263 0.127188737 0.000000000
J:/cr: 0.000000000 1.000000000 0.000000000
J:/rc: 0.000000000 0.006219179 0.993780821
J:/rf: 0.000000000 0.492996891 0.507003109
JA:/ccc/cc: 0.374123239 0.625876761 0.000000000
JA:/ccc/cr: 0.000000000 0.328349650 0.671650350
JA:/ccc/rc: 0.000000000 0.490158671 0.509841329
JA:/ccc/rf: 0.000000000 0.615007398 0.384992602
JA:/ccrcc/cc: 0.940563881 0.059436119 0.000000000
JA:/ccrcc/cr: 0.000000000 0.590650491 0.409349509
JA:/ccrcc/rc: 0.000000000 0.206723380 0.793276620
JA:/ccrcc/rf: 0.000000000 0.421987297 0.578012703
JA:/ccrcf/c: 0.198101858 0.801898142 0.000000000
JA:/ccrcf/r: 0.000000000 0.326060865 0.673939135
JA:/ccrfc/c: 0.189851072 0.810148928 0.000000000
JA:/ccrfc/r: 0.000000000 0.553560348 0.446439652
JA:/crcc/cc: 0.155920310 0.844079690 0.000000000
JA:/crcc/cr: 0.000000000 0.238391866 0.761608134
JA:/crcc/rc: 0.000000000 0.540982228 0.459017772
JA:/crcc/rf: 0.000000000 0.405056489 0.594943511
JA:/crcf/c: 0.508712870 0.491287130 0.000000000
JA:/crcf/r: 0.000000000 0.545791373 0.454208627
JA:/rcc/cc: 0.000000000 1.000000000 0.000000000
JA:/rcc/cr: 0.000000000 0.999846370 0.000153630
JA:/rcc/rc: 0.000000000 0.000000000 1.000000000
JA:/rcc/rf: 0.000000000 0.988285376 0.011714624
JA:/rfc/c: 0.779419589 0.220580411 0.000000000
JA:/rfc/r: 0.000000000 0.562508078 0.437491922
JK:/ccc/cc: 0.351971769 0.648028231 0.000000000
JK:/ccc/cr: 0.000000000 0.501544502 0.498455498
JK:/ccc/rc: 0.000000000 0.353708549 0.646291451
JK:/ccc/rf: 0.000000000 0.565085540 0.434914460
JK:/ccrcc/cc: 0.318700431 0.681299569 0.000000000
JK:/ccrcc/cr: 0.000000000 0.674445591 0.325554409
JK:/ccrcc/rc: 0.000000000 0.577851958 0.422148042
JK:/ccrcc/rf: 0.000000000 0.589664487 0.410335513
JK:/ccrcf/c: 0.505912202 0.494087798 0.000000000
JK:/ccrcf/r: 0.000000000 0.364300472 0.635699528
JK:/ccrfc/c: 0.269372209 0.730627791 0.000000000
JK:/ccrfc/r: 0.000000000 0.831891929 0.168108071
JK:/crcc/cc: 0.097909398 0.902090602 0.000000000
JK:/crcc/cr: 0.000000000 0.698807170 0.301192830
JK:/crcc/rc: 0.000000000 0.724748679 0.275251321
JK:/crcc/rf: 0.000000000 0.282302489 0.717697511
JK:/crcf/c: 0.337227286 0.662772714 0.000000000
JK:/crcf/r: 0.000000000 0.649183472 0.350816528
JK:/rcc/cc: 0.062832492 0.937167508 0.000000000
JK:/rcc/cr: 0.000000000 0.999999857 0.000000143
JK:/rcc/rc: 0.000000000 0.000000000 1.000000000
JK:/rcc/rf: 0.000000000 0.010963986 0.989036014
JK:/rfc/c: 0.646485509 0.353514491 0.000000000
JK:/rfc/r: 0.000000000 0.475306957 0.524693043
JQ:/ccc/cc: 0.510904448 0.489095552 0.000000000
JQ:/ccc/cr: 0.000000000 0.693541087 0.306458913
JQ:/ccc/rc: 0.000000000 0.880337718 0.119662282
JQ:/ccc/rf: 0.000000000 0.265611502 0.734388498
JQ:/ccrcc/cc: 0.081003388 0.918996612 0.000000000
JQ:/ccrcc/cr: 0.000000000 0.341201498 0.658798502
JQ:/ccrcc/rc: 0.000000000 0.274543400 0.725456600
JQ:/ccrcc/rf: 0.000000000 0.639602907 0.360397093
JQ:/ccrcf/c: 0.674481335 0.325518665 0.000000000
JQ:/ccrcf/r: 0.000000000 0.430798166 0.569201834
JQ:/ccrfc/c: 0.250082324 0.749917676 0.000000000
JQ:/ccrfc/r: 0.000000000 0.484144215 0.515855785
JQ:/crcc/cc: 0.297872979 0.702127021 0.000000000
JQ:/crcc/cr: 0.000000000 0.951357056 0.048642944
JQ:/crcc/rc: 0.000000000 0.410010806 0.589989194
JQ:/crcc/rf: 0.000000000 0.034390129 0.965609871
JQ:/crcf/c: 0.726150389 0.273849611 0.000000000
JQ:/crcf/r: 0.000000000 0.726636704 0.273363296
JQ:/rcc/cc: 0.162900035 0.837099965 0.000000000
JQ:/rcc/cr: 0.000000000 0.999913851 0.000086149
JQ:/rcc/rc: 0.000000000 0.000000000 1.000000000
JQ:/rcc/rf: 0.000000000 0.264501148 0.735498852
JQ:/rfc/c: 0.613610289 0.386389711 0.000000000
JQ:/rfc/r: 0.000000000 0.104998087 0.895001913
K:/cc: 0.088264036 0.911735964 0.000000000
K:/cr: 0.000000000 1.000000000 0.000000000
K:/rc: 0.000000000 0.000000000 1.000000000
K:/rf: 0.000000000 0.622826637 0.377173363
KA:/ccc/cc: 0.325947212 0.674052788 0.000000000
KA:/ccc/cr: 0.000000000 0.759659802 0.240340198
KA:/ccc/rc: 0.000000000 0.802084712 0.197915288
KA:/ccc/rf: 0.000000000 0.533314043 0.466685957
KA:/ccrcc/cc: 0.545514908 0.454485092 0.000000000
KA:/ccrcc/cr: 0.000000000 0.830943829 0.169056171
KA:/ccrcc/rc: 0.000000000 0.395523536 0.604476464
KA:/ccrcc/rf: 0.000000000 0.556776300 0.443223700
KA:/ccrcf/c: 0.368213383 0.631786617 0.000000000
KA:/ccrcf/r: 0.000000000 0.299223395 0.700776605
KA:/ccrfc/c: 0.546410321 0.453589679 0.000000000
KA:/ccrfc/r: 0.000000000 0.157484654 0.842515346
KA:/crcc/cc: 0.725796690 0.274203310 0.000000000
KA:/crcc/cr: 0.000000000 0.810727652 0.189272348
KA:/crcc/rc: 0.000000000 0.510351247 0.489648753
KA:/crcc/rf: 0.000000000 0.834406858 0.165593142
KA:/crcf/c: 0.803753851 0.196246149 0.000000000
KA:/crcf/r: 0.000000000 0.916388699 0.083611301
KA:/rcc/cc: 0.000000000 1.000000000 0.000000000
KA:/rcc/cr: 0.000000000 0.000000000 1.000000000
KA:/rcc/rc: 0.000000000 0.665816800 0.334183200
KA:/rcc/rf: 0.000000000 0.944377101 0.055622899
KA:/rfc/c: 0.502317300 0.497682700 0.000000000
KA:/rfc/r: 0.000000000 0.421124974 0.578875026
KJ:/ccc/cc: 0.404189888 0.595810112 0.000000000
KJ:/ccc/cr: 0.000000000 0.502296081 0.497703919
KJ:/ccc/rc: 0.000000000 0.393679730 0.606320270
KJ:/ccc/rf: 0.000000000 0.734121789 0.265878211
KJ:/ccrcc/cc: 0.807892048 0.192107952 0.000000000
KJ:/ccrcc/cr: 0.000000000 0.378385344 0.621614656
KJ:/ccrcc/rc: 0.000000000 0.632969444 0.367030556
KJ:/ccrcc/rf: 0.000000000 0.825054366 0.174945634
KJ:/ccrcf/c: 0.494233723 0.505766277 0.000000000
KJ:/ccrcf/r: 0.000000000 0.206445979 0.793554021
KJ:/ccrfc/c: 0.553816705 0.446183295 0.000000000
KJ:/ccrfc/r: 0.000000000 0.985850215 0.014149785
KJ:/crcc/cc: 0.980589283 0.019410717 0.000000000
KJ:/crcc/cr: 0.000000000 0.415407048 0.584592952
KJ:/crcc/rc: 0.000000000 0.079557342 0.920442658
KJ:/crcc/rf: 0.000000000 0.677877980 0.322122020
KJ:/crcf/c: 0.570587627 0.429412373 0.000000000
KJ:/crcf/r: 0.000000000 0.725871287 0.274128713
KJ:/rcc/cc: 0.453142438 0.546857562 0.000000000
KJ:/rcc/cr: 0.000000000 0.000000000 1.000000000
KJ:/rcc/rc: 0.000000000 0.659853292 0.340146708
KJ:/rcc/rf: 0.000000000 0.226761597 0.773238403
KJ:/rfc/c: 0.430530114 0.569469886 0.000000000
KJ:/rfc/r: 0.000000000 0.775358417 0.224641583
KQ:/ccc/cc: 0.404388846 0.595611154 0.000000000
KQ:/ccc/cr: 0.000000000 0.440788523 0.559211477
KQ:/ccc/rc: 0.000000000 0.355924005 0.644075995
KQ:/ccc/rf: 0.000000000 0.107221835 0.892778165
KQ:/ccrcc/cc: 0.795081463 0.204918537 0.000000000
KQ:/ccrcc/cr: 0.000000000 0.444113158 0.555886842
KQ:/ccrcc/rc: 0.000000000 0.132701388 0.867298612
KQ:/ccrcc/rf: 0.000000000 0.667064756 0.332935244
KQ:/ccrcf/c: 0.621556925 0.378443075 0.000000000
KQ:/ccrcf/r: 0.000000000 0.414059839 0.585940161
KQ:/ccrfc/c: 0.731290633 0.268709367 0.000000000
KQ:/ccrfc/r: 0.000000000 0.717584758 0.282415242
KQ:/crcc/cc: 0.445291354 0.554708646 0.000000000
KQ:/crcc/cr: 0.000000000 0.410592472 0.589407528
KQ:/crcc/rc: 0.000000000 0.293058605 0.706941395
KQ:/crcc/rf: 0.000000000 0.503736351 0.496263649
KQ:/crcf/c: 0.000298154 0.999701846 0.000000000
KQ:/crcf/r: 0.000000000 0.000000000 1.000000000
KQ:/rcc/cc: 0.198155146 0.801844854 0.000000000
KQ:/rcc/cr: 0.000000000 0.622555567 0.377444433
KQ:/rcc/rc: 0.000000000 0.148711957 0.851288043
KQ:/rcc/rf: 0.000000000 0.156195818 0.843804182
KQ:/rfc/c: 0.836753411 0.163246589 0.000000000
KQ:/rfc/r: 0.000000000 0.386137367 0.613862633
Q:/cc: 0.161144767 0.838855233 0.000000000
Q:/cr: 0.000000000 1.000000000 0.000000000
Q:/rc: 0.000000000 0.001921401 0.998078599
Q:/rf: 0.000000000 0.861484506 0.138515494
QA:/ccc/cc: 0.357897562 0.642102438 0.000000000
QA:/ccc/cr: 0.000000000 0.293861064 0.706138936
QA:/ccc/rc: 0.000000000 0.000000000 1.000000000
QA:/ccc/rf: 0.000000000 0.533269656 0.466730344
QA:/ccrcc/cc: 0.628139509 0.371860491 0.000000000
QA:/ccrcc/cr: 0.000000000 0.268269257 0.731730743
QA:/ccrcc/rc: 0.000000000 0.472540997 0.527459003
QA:/ccrcc/rf: 0.000000000 0.997730277 0.002269723
QA:/ccrcf/c: 0.401550995 0.598449005 0.000000000
QA:/ccrcf/r: 0.000000000 0.471226066 0.528773934
QA:/ccrfc/c: 0.580251430 0.419748570 0.000000000
QA:/ccrfc/r: 0.000000000 0.555927713 0.444072287
QA:/crcc/cc: 0.187851453 0.812148547 0.000000000
QA:/crcc/cr: 0.000000000 0.455027621 0.544972379
QA:/crcc/rc: 0.000000000 0.135537845 0.864462155
QA:/crcc/rf: 0.000000000 0.098587788 0.901412212
QA:/crcf/c: 0.000162933 0.999837067 0.000000000
QA:/crcf/r: 0.000000000 0.000000000 1.000000000
QA:/rcc/cc: 0.000000000 1.000000000 0.000000000
QA:/rcc/cr: 0.000000000 0.999991316 0.000008684
QA:/rcc/rc: 0.000000000 0.008570433 0.991429567
QA:/rcc/rf: 0.000000000 0.588439761 0.411560239
QA:/rfc/c: 0.576036394 0.423963606 0.000000000
QA:/rfc/r: 0.000000000 0.474133294 0.525866706
QJ:/ccc/cc: 0.570012276 0.429987724 0.000000000
QJ:/ccc/cr: 0.000000000 0.375923808 0.624076192
QJ:/ccc/rc: 0.000000000 0.515992304 0.484007696
QJ:/ccc/rf: 0.000000000 0.406537912 0.593462088
QJ:/ccrcc/cc: 0.486786095 0.513213905 0.000000000
QJ:/ccrcc/cr: 0.000000000 0.651364680 0.348635320
QJ:/ccrcc/rc: 0.000000000 0.618479025 0.381520975
QJ:/ccrcc/rf: 0.000000000 0.713833018 0.286166982
QJ:/ccrcf/c: 0.552465706 0.447534294 0.000000000
QJ:/ccrcf/r: 0.000000000 0.734944082 0.265055918
QJ:/ccrfc/c: 0.295697427 0.704302573 0.000000000
QJ:/ccrfc/r: 0.000000000 0.212224827 0.787775173
QJ:/crcc/cc: 0.461400709 0.538599291 0.000000000
QJ:/crcc/cr: 0.000000000 0.000000000 1.000000000
QJ:/crcc/rc: 0.000000000 0.224909673 0.775090327
QJ:/crcc/rf: 0.000000000 0.794378962 0.205621038
QJ:/crcf/c: 0.474979005 0.525020995 0.000000000
QJ:/crcf/r: 0.000000000 0.617435454 0.382564546
QJ:/rcc/cc: 0.000123523 0.999876477 0.000000000
QJ:/rcc/cr: 0.000000000 0.824165119 0.175834881
QJ:/rcc/rc: 0.000000000 0.000000000 1.000000000
QJ:/rcc/rf: 0.000000000 0.127243867 0.872756133
QJ:/rfc/c: 0.161898725 0.838101275 0.000000000
QJ:/rfc/r: 0.000000000 0.100672475 0.899327525
QK:/ccc/cc: 0.484182655 0.515817345 0.000000000
QK:/ccc/cr: 0.000000000 0.359031680 0.640968320
QK:/ccc/rc: 0.000000000 0.647519992 0.352480008
QK:/ccc/rf: 0.000000000 0.432115405 0.567884595
QK:/ccrcc/cc: 0.618050922 0.381949078 0.000000000
QK:/ccrcc/cr: 0.000000000 0.141237350 0.858762650
QK:/ccrcc/rc: 0.000000000 0.723259790 0.276740210
QK:/ccrcc/rf: 0.000000000 0.021433663 0.978566337
QK:/ccrcf/c: 0.435324786 0.564675214 0.000000000
QK:/ccrcf/r: 0.000000000 0.263347712 0.736652288
QK:/ccrfc/c: 0.308412621 0.691587379 0.000000000
QK:/ccrfc/r: 0.000000000 0.255894923 0.744105077
QK:/crcc/cc: 0.416942447 0.583057553 0.000000000
QK:/crcc/cr: 0.000000000 0.428615018 0.571384982
QK:/crcc/rc: 0.000000000 0.743636881 0.256363119
QK:/crcc/rf: 0.000000000 0.475854183 0.524145817
QK:/crcf/c: 0.000000150 0.999999850 0.000000000
QK:/crcf/r: 0.000000000 0.000000000 1.000000000
QK:/rcc/cc: 0.340428902 0.659571098 0.000000000
QK:/rcc/cr: 0.000000000 0.273898891 0.726101109
QK:/rcc/rc: 0.000000000 0.477186482 0.522813518
QK:/rcc/rf: 0.000000000 0.504674894 0.495325106
QK:/rfc/c: 0.287618312 0.712381688 0.000000000
QK:/rfc/r: 0.000000000 0.510206632 0.489793368
