2:/: 0.522528960 0.477471040 0.000000000
2:/ccr: 0.000000000 0.000000000 1.000000000
2:/ccrcrc: 0.000000000 0.241430551 0.758569449
2:/ccrcrf: 0.000000000 0.098638215 0.901361785
2:/crc: 0.000149941 0.000000000 0.999850059
2:/crf: 0.053519414 0.000000000 0.946480586
2:/crr: 0.000000000 0.000000000 1.000000000
2:/rcr: 0.000000000 0.358870825 0.641129175
2:/rfr: 0.000000000 0.271914373 0.728085627
2:/rrc: 0.000000000 0.000000000 1.000000000
2:/rrf: 0.000000000 0.000000000 1.000000000
3:/: 0.619574814 0.380425186 0.000000000
3:/ccr: 0.000000000 0.000000000 1.000000000
3:/ccrcrc: 0.000000000 0.411367029 0.588632971
3:/ccrcrf: 0.000000000 0.641430541 0.358569459
3:/crc: 0.043437468 0.000000000 0.956562532
3:/crf: 0.000000000 0.000019656 0.999980344
3:/crr: 0.000000000 0.000000000 1.000000000
3:/rcr: 0.000000000 0.377759691 0.622240309
3:/rfr: 0.000000000 0.655640527 0.344359473
3:/rrc: 0.000000000 0.000000000 1.000000000
3:/rrf: 0.000000000 0.000000000 1.000000000
4:/: 0.211114587 0.788885413 0.000000000
4:/ccr: 0.000000000 0.000000000 1.000000000
4:/ccrcrc: 0.000000000 0.000000000 1.000000000
4:/ccrcrf: 0.000000000 0.086672178 0.913327822
4:/crc: 0.000149933 0.000000000 0.999850067
4:/crf: 0.000507997 0.243926289 0.755565714
4:/crr: 0.000000000 0.000000000 1.000000000
4:/rcr: 0.000000000 0.602679585 0.397320415
4:/rfr: 0.000000000 0.925658102 0.074341898
4:/rrc: 0.000000000 0.226152717 0.773847283
4:/rrf: 0.000000000 0.000000000 1.000000000
5:/: 0.005160223 0.994839777 0.000000000
5:/ccr: 0.000000000 0.028606265 0.971393735
5:/ccrcrc: 0.000000000 0.325648197 0.674351803
5:/ccrcrf: 0.000000000 0.356524032 0.643475968
5:/crc: 0.000137914 0.000000000 0.999862086
5:/crf: 0.001322350 0.000291343 0.998386307
5:/crr: 0.000000000 0.000000000 1.000000000
5:/rcr: 0.000000000 0.548413421 0.451586579
5:/rfr: 0.000000000 0.272110157 0.727889843
5:/rrc: 0.000000000 0.000000000 1.000000000
5:/rrf: 0.000000000 0.000000000 1.000000000
6:/: 0.000809213 0.999190787 0.000000000
6:/ccr: 0.017522298 0.237572670 0.744905032
6:/ccrcrc: 0.000000000 0.326493289 0.673506711
6:/ccrcrf: 0.000000000 0.513667172 0.486332828
6:/crc: 0.000119873 0.000000000 0.999880127
6:/crf: 0.009545774 0.108730785 0.881723442
6:/crr: 0.000000000 0.000000000 1.000000000
6:/rcr: 0.000000000 0.672045722 0.327954278
6:/rfr: 0.000000000 0.724871027 0.275128973
6:/rrc: 0.000000000 0.431573808 0.568426192
6:/rrf: 0.000000000 0.000000000 1.000000000
7:/: 0.000145271 0.999854729 0.000000000
7:/ccr: 0.000000000 0.173778038 0.826221962
7:/ccrcrc: 0.000000000 0.183407058 0.816592942
7:/ccrcrf: 0.000000000 0.145558309 0.854441691
7:/crc: 0.000111223 0.000000000 0.999888777
7:/crf: 0.013203575 0.116092472 0.870703953
7:/crr: 0.000000000 0.000000000 1.000000000
7:/rcr: 0.000000000 0.354618014 0.645381986
7:/rfr: 0.000000000 0.907306598 0.092693402
7:/rrc: 0.000000000 0.000000000 1.000000000
7:/rrf: 0.000000000 0.000000000 1.000000000
8:/: 0.000000000 1.000000000 0.000000000
8:/ccr: 0.083092866 0.335048390 0.581858744
8:/ccrcrc: 0.000000000 0.746824174 0.253175826
8:/ccrcrf: 0.000000000 0.711720186 0.288279814
8:/crc: 0.000138298 0.000000000 0.999861702
8:/crf: 0.008001514 0.401050554 0.590947932
8:/crr: 0.000000000 0.000000000 1.000000000
8:/rcr: 0.000000000 0.714984397 0.285015603
8:/rfr: 0.000000000 0.207941476 0.792058524
8:/rrc: 0.000000000 0.066718773 0.933281227
8:/rrf: 0.000000000 0.000000000 1.000000000
9:/: 0.000000000 1.000000000 0.000000000
9:/ccr: 0.066641802 0.310917079 0.622441119
9:/ccrcrc: 0.000000000 0.514386573 0.485613427
9:/ccrcrf: 0.000000000 0.909444240 0.090555760
9:/crc: 0.000117682 0.000000000 0.999882318
9:/crf: 0.010113691 0.720785631 0.269100678
9:/crr: 0.000000000 0.071590163 0.928409837
9:/rcr: 0.000000000 0.508276140 0.491723860
9:/rfr: 0.000000000 0.480490784 0.519509216
9:/rrc: 0.000000000 0.252340198 0.747659802
9:/rrf: 0.000000000 0.000000000 1.000000000
A:/: 0.915891506 0.084108494 0.000000000
A:/ccr: 0.622106294 0.377893706 0.000000000
A:/ccrcrc: 0.000000000 1.000000000 0.000000000
A:/ccrcrf: 0.000000000 1.000000000 0.000000000
A:/crc: 0.627586054 0.372413946 0.000000000
A:/crf: 1.000000000 0.000000000 0.000000000
A:/crr: 0.000000000 1.000000000 0.000000000
A:/rcr: 0.000000000 1.000000000 0.000000000
A:/rfr: 0.000000000 0.324678974 0.675321026
A:/rrc: 0.000000000 1.000000000 0.000000000
A:/rrf: 0.000000000 1.000000000 0.000000000
J:/: 0.024832910 0.975167090 0.000000000
J:/ccr: 0.705743650 0.294234230 0.000022119
J:/ccrcrc: 0.000000000 0.205957826 0.794042174
J:/ccrcrf: 0.000000000 0.831631427 0.168368573
J:/crc: 0.000012718 0.000000000 0.999987282
J:/crf: 0.000040713 0.999926344 0.000032943
J:/crr: 0.000000000 0.390450061 0.609549939
J:/rcr: 0.000000000 0.823394566 0.176605434
J:/rfr: 0.000000000 0.268210480 0.731789520
J:/rrc: 0.000000000 0.613689990 0.386310010
J:/rrf: 0.000000000 0.834205146 0.165794854
K:/: 0.564731683 0.435268317 0.000000000
K:/ccr: 0.351532485 0.648467515 0.000000000
K:/ccrcrc: 0.000000000 0.967571177 0.032428823
K:/ccrcrf: 0.000000000 0.981024978 0.018975022
K:/crc: 0.180173636 0.819826364 0.000000000
K:/crf: 0.760752543 0.239247457 0.000000000
K:/crr: 0.000000000 1.000000000 0.000000000
K:/rcr: 0.000000000 1.000000000 0.000000000
K:/rfr: 0.000000000 0.336055876 0.663944124
K:/rrc: 0.000000000 0.844952397 0.155047603
K:/rrf: 0.000000000 0.944270158 0.055729842
Q:/: 0.999768385 0.000231615 0.000000000
Q:/ccr: 0.560099198 0.439880288 0.000020515
Q:/ccrcrc: 0.000000000 0.843773054 0.156226946
Q:/ccrcrf: 0.000000000 0.944276183 0.055723817
Q:/crc: 0.000000000 0.621980600 0.378019400
Q:/crf: 0.000000000 1.000000000 0.000000000
Q:/crr: 0.000000000 0.667466551 0.332533449
Q:/rcr: 0.000000000 0.596855008 0.403144992
Q:/rfr: 0.000000000 0.001966668 0.998033332
Q:/rrc: 0.000000000 0.666048095 0.333951905
Q:/rrf: 0.000000000 0.745320993 0.254679007
T:/: 0.000000000 1.000000000 0.000000000
T:/ccr: 0.315305593 0.480510524 0.204183883
T:/ccrcrc: 0.000000000 0.620672304 0.379327696
T:/ccrcrf: 0.000000000 0.808880194 0.191119806
T:/crc: 0.000110912 0.000000000 0.999889088
T:/crf: 0.011276636 0.805741113 0.182982250
T:/crr: 0.000000000 0.138449550 0.861550450
T:/rcr: 0.000000000 0.340374137 0.659625863
T:/rfr: 0.000000000 0.817834936 0.182165064
T:/rrc: 0.000000000 0.051559036 0.948440964
T:/rrf: 0.000000000 0.573327820 0.426672180
