2:/cc: 0.410891136 0.589108864 0.000000000
2:/ccrcr: 0.000000000 0.456827274 0.543172726
2:/ccrfr: 0.000000000 0.174011855 0.825988145
2:/ccrrc: 0.000000000 0.228135240 0.771864760
2:/ccrrf: 0.000000000 0.481310797 0.518689203
2:/cr: 0.009316784 0.000000000 0.990683216
2:/crcrc: 0.000000000 0.088623548 0.911376452
2:/crcrf: 0.000000000 0.548655359 0.451344641
2:/rc: 0.096765426 0.000000000 0.903234574
2:/rf: 0.357880238 0.089192982 0.552926780
2:/rr: 0.000000000 0.000000000 1.000000000
3:/cc: 0.443517802 0.556482198 0.000000000
3:/ccrcr: 0.000000000 0.425843156 0.574156844
3:/ccrfr: 0.000000000 0.365444077 0.634555923
3:/ccrrc: 0.000000000 0.198628083 0.801371917
3:/ccrrf: 0.000000000 0.998785176 0.001214824
3:/cr: 0.000265202 0.000000000 0.999734798
3:/crcrc: 0.000000000 0.339732897 0.660267103
3:/crcrf: 0.000000000 0.506438177 0.493561823
3:/rc: 0.009967594 0.027080370 0.962952035
3:/rf: 0.336903998 0.469992689 0.193103314
3:/rr: 0.000000000 0.000000000 1.000000000
4:/cc: 0.272920047 0.727079953 0.000000000
4:/ccrcr: 0.000000000 0.408643149 0.591356851
4:/ccrfr: 0.000000000 0.000000000 1.000000000
4:/ccrrc: 0.000000000 0.393982272 0.606017728
4:/ccrrf: 0.000000000 0.770686349 0.229313651
4:/cr: 0.056311989 0.000219029 0.943468981
4:/crcrc: 0.000000000 0.405386052 0.594613948
4:/crcrf: 0.000000000 0.801232813 0.198767187
4:/rc: 0.005687388 0.000000000 0.994312612
4:/rf: 0.811724054 0.000592676 0.187683271
4:/rr: 0.000000000 0.000000000 1.000000000
5:/cc: 0.025144811 0.974855189 0.000000000
5:/ccrcr: 0.000000000 0.000000000 1.000000000
5:/ccrfr: 0.000000000 0.635846216 0.364153784
5:/ccrrc: 0.000000000 0.093276832 0.906723168
5:/ccrrf: 0.000000000 0.831249694 0.168750306
5:/cr: 0.022418536 0.141254894 0.836326570
5:/crcrc: 0.000000000 0.396251501 0.603748499
5:/crcrf: 0.000000000 0.538234263 0.461765737
5:/rc: 0.070821520 0.000000000 0.929178480
5:/rf: 0.361102001 0.269580982 0.369317017
5:/rr: 0.000000000 0.000000000 1.000000000
6:/cc: 0.000000000 1.000000000 0.000000000
6:/ccrcr: 0.000000000 0.451716111 0.548283889
6:/ccrfr: 0.000000000 0.621925576 0.378074424
6:/ccrrc: 0.000000000 0.780697927 0.219302073
6:/ccrrf: 0.000000000 0.409529634 0.590470366
6:/cr: 0.018994309 0.351981794 0.629023897
6:/crcrc: 0.000000000 0.375022739 0.624977261
6:/crcrf: 0.000000000 0.532613399 0.467386601
6:/rc: 0.054018942 0.000000000 0.945981058
6:/rf: 0.373837542 0.383888367 0.242274091
6:/rr: 0.000000000 0.000000000 1.000000000
7:/cc: 0.000000000 1.000000000 0.000000000
7:/ccrcr: 0.000000000 0.000000000 1.000000000
7:/ccrfr: 0.000000000 0.399136503 0.600863497
7:/ccrrc: 0.000000000 0.672277259 0.327722741
7:/ccrrf: 0.000000000 0.658399338 0.341600662
7:/cr: 0.019994909 0.454632586 0.525372505
7:/crcrc: 0.000000000 0.398787862 0.601212138
7:/crcrf: 0.000000000 0.640956780 0.359043220
7:/rc: 0.052496051 0.000000000 0.947503949
7:/rf: 0.093221931 0.427425221 0.479352848
7:/rr: 0.000000000 0.000000000 1.000000000
8:/cc: 0.000000000 1.000000000 0.000000000
8:/ccrcr: 0.000000000 0.402793578 0.597206422
8:/ccrfr: 0.000000000 0.768248135 0.231751865
8:/ccrrc: 0.000000000 0.327223677 0.672776323
8:/ccrrf: 0.000000000 0.651485429 0.348514571
8:/cr: 0.197747581 0.137915182 0.664337236
8:/crcrc: 0.000000000 0.459744835 0.540255165
8:/crcrf: 0.000000000 0.748261340 0.251738660
8:/rc: 0.050622420 0.000000000 0.949377580
8:/rf: 0.552185947 0.174561273 0.273252780
8:/rr: 0.000000000 0.000000000 1.000000000
9:/cc: 0.000000000 1.000000000 0.000000000
9:/ccrcr: 0.000000000 0.800524681 0.199475319
9:/ccrfr: 0.000000000 0.613054832 0.386945168
9:/ccrrc: 0.000000000 0.039399418 0.960600582
9:/ccrrf: 0.000000000 0.143995278 0.856004722
9:/cr: 0.000901067 0.393681756 0.605417177
9:/crcrc: 0.000000000 0.685468442 0.314531558
9:/crcrf: 0.000000000 0.218315951 0.781684049
9:/rc: 0.052262749 0.000000000 0.947737251
9:/rf: 0.212748558 0.588419943 0.198831499
9:/rr: 0.000000000 0.000000000 1.000000000
A:/cc: 1.000000000 0.000000000 0.000000000
A:/ccrcr: 0.000000000 1.000000000 0.000000000
A:/ccrfr: 0.000000000 1.000000000 0.000000000
A:/ccrrc: 0.000000000 1.000000000 0.000000000
A:/ccrrf: 0.000000000 0.095992006 0.904007994
A:/cr: 1.000000000 0.000000000 0.000000000
A:/crcrc: 0.000000000 0.453059963 0.546940037
A:/crcrf: 0.000000000 0.602008822 0.397991178
A:/rc: 1.000000000 0.000000000 0.000000000
A:/rf: 0.411211495 0.305932214 0.282856291
A:/rr: 0.000000000 1.000000000 0.000000000
J:/cc: 0.873544946 0.126455054 0.000000000
J:/ccrcr: 0.000000000 0.561257738 0.438742262
J:/ccrfr: 0.000000000 0.799223831 0.200776169
J:/ccrrc: 0.000000000 0.759713493 0.240286507
J:/ccrrf: 0.000000000 0.111909102 0.888090898
J:/cr: 0.000000000 1.000000000 0.000000000
J:/crcrc: 0.000000000 0.607533296 0.392466704
J:/crcrf: 0.000000000 0.609466911 0.390533089
J:/rc: 0.225609304 0.774390696 0.000000000
J:/rf: 0.468393362 0.123289469 0.408317168
J:/rr: 0.000000000 0.271877496 0.728122504
K:/cc: 1.000000000 0.000000000 0.000000000
K:/ccrcr: 0.000000000 0.968461722 0.031538278
K:/ccrfr: 0.000000000 0.818534632 0.181465368
K:/ccrrc: 0.000000000 0.999956238 0.000043762
K:/ccrrf: 0.000000000 0.422762296 0.577237704
K:/cr: 0.707330137 0.292669863 0.000000000
K:/crcrc: 0.000000000 0.582133645 0.417866355
K:/crcrf: 0.000000000 0.947777166 0.052222834
K:/rc: 0.909878800 0.090121200 0.000000000
K:/rf: 0.448115627 0.329036666 0.222847706
K:/rr: 0.000000000 0.587859620 0.412140380
Q:/cc: 0.999810312 0.000189688 0.000000000
Q:/ccrcr: 0.000000000 0.896415825 0.103584175
Q:/ccrfr: 0.000000000 0.804185162 0.195814838
Q:/ccrrc: 0.000000000 0.615674082 0.384325918
Q:/ccrrf: 0.000000000 0.042700731 0.957299269
Q:/cr: 0.000000000 1.000000000 0.000000000
Q:/crcrc: 0.000000000 0.875626716 0.124373284
Q:/crcrf: 0.000000000 0.108200858 0.891799142
Q:/rc: 0.600592083 0.399407917 0.000000000
Q:/rf: 0.150242130 0.367477680 0.482280190
Q:/rr: 0.000000000 0.657733815 0.342266185
T:/cc: 0.256904496 0.743095504 0.000000000
T:/ccrcr: 0.000000000 0.612071615 0.387928385
T:/ccrfr: 0.000000000 0.611754218 0.388245782
T:/ccrrc: 0.000000000 0.593105027 0.406894973
T:/ccrrf: 0.000000000 0.041621462 0.958378538
T:/cr: 0.000440683 0.490940035 0.508619283
T:/crcrc: 0.000000000 0.904017170 0.095982830
T:/crcrf: 0.000000000 0.729111583 0.270888417
T:/rc: 0.000067252 0.449438314 0.550494434
T:/rf: 0.435563101 0.525171711 0.039265189
T:/rr: 0.000000000 0.003028455 0.996971545
