5:/: 0.274735724 0.725264276 0.000000000
5:/ccr: 0.000000000 1.000000000 0.000000000
5:/ccrcrc: 0.077780235 0.288245250 0.633974515
5:/ccrcrf: 0.328750623 0.130839771 0.540409606
5:/ccrcrr: 0.000000000 0.491417294 0.508582706
5:/ccrrcr: 0.000000000 0.767788627 0.232211373
5:/ccrrfr: 0.000000000 0.495644884 0.504355116
5:/ccrrrc: 0.000000000 0.359869192 0.640130808
5:/ccrrrf: 0.000000000 0.511534798 0.488465202
5:/crc: 0.000165651 0.000041056 0.999793294
5:/crcrcr: 0.000000000 0.999997670 0.000002330
5:/crcrfr: 0.000000000 0.373354228 0.626645772
5:/crcrrc: 0.000000000 0.696477376 0.303522624
5:/crcrrf: 0.000000000 0.525685944 0.474314056
5:/crf: 0.001258797 0.000066547 0.998674656
5:/crfrr: 0.000000000 0.000076784 0.999923216
5:/crr: 0.049198318 0.433231881 0.517569801
5:/crrcrc: 0.000000000 0.487060110 0.512939890
5:/crrcrf: 0.000000000 0.322774846 0.677225154
5:/rcr: 0.560618580 0.439381420 0.000000000
5:/rcrcrc: 0.000000000 0.379954539 0.620045461
5:/rcrcrf: 0.000000000 0.346950912 0.653049088
5:/rfr: 0.348813443 0.349220404 0.301966153
5:/rrc: 0.000000000 0.000000000 1.000000000
5:/rrf: 0.005583863 0.000478930 0.993937207
5:/rrr: 0.000000000 0.400103452 0.599896548
6:/: 0.275826887 0.724173113 0.000000000
6:/ccr: 0.000000000 0.999824130 0.000175870
6:/ccrcrc: 0.078143484 0.747260088 0.174596428
6:/ccrcrf: 0.014495879 0.469630102 0.515874018
6:/ccrcrr: 0.000000000 0.084251209 0.915748791
6:/ccrrcr: 0.000000000 0.592181560 0.407818440
6:/ccrrfr: 0.000000000 0.593730478 0.406269522
6:/ccrrrc: 0.000000000 0.151162247 0.848837753
6:/ccrrrf: 0.000000000 0.398182988 0.601817012
6:/crc: 0.000144058 0.000038453 0.999817488
6:/crcrcr: 0.000000000 0.999997684 0.000002316
6:/crcrfr: 0.000000000 0.009659691 0.990340309
6:/crcrrc: 0.000000000 0.580961958 0.419038042
6:/crcrrf: 0.000000000 0.287168956 0.712831044
6:/crf: 0.000000000 0.000291501 0.999708499
6:/crfrr: 0.000000000 0.000076784 0.999923216
6:/crr: 0.109991941 0.746402700 0.143605360
6:/crrcrc: 0.000000000 0.497396166 0.502603834
6:/crrcrf: 0.000000000 0.309705455 0.690294545
6:/rcr: 0.366940371 0.633059629 0.000000000
6:/rcrcrc: 0.000000000 0.000000000 1.000000000
6:/rcrcrf: 0.000000000 0.000013081 0.999986919
6:/rfr: 0.373179463 0.089271255 0.537549282
6:/rrc: 0.000000000 0.000000000 1.000000000
6:/rrf: 0.001045501 0.000476666 0.998477834
6:/rrr: 0.000000000 0.836063980 0.163936020
7:/: 0.308619734 0.691380266 0.000000000
7:/ccr: 0.007748315 0.991847233 0.000404451
7:/ccrcrc: 0.129315138 0.156622578 0.714062284
7:/ccrcrf: 0.319617674 0.142276768 0.538105558
7:/ccrcrr: 0.000000000 0.727925702 0.272074298
7:/ccrrcr: 0.000000000 0.503149849 0.496850151
7:/ccrrfr: 0.000000000 0.550774217 0.449225783
7:/ccrrrc: 0.000000000 0.000000000 1.000000000
7:/ccrrrf: 0.000000000 0.349663627 0.650336373
7:/crc: 0.000129388 0.000046866 0.999823746
7:/crcrcr: 0.000000000 0.999997674 0.000002326
7:/crcrfr: 0.000000000 0.259821849 0.740178151
7:/crcrrc: 0.000000000 0.369249516 0.630750484
7:/crcrrf: 0.000000000 0.471185039 0.528814961
7:/crf: 0.002563773 0.116506711 0.880929515
7:/crfrr: 0.000000000 0.000076773 0.999923227
7:/crr: 0.215676199 0.312586625 0.471737176
7:/crrcrc: 0.000000000 0.769867971 0.230132029
7:/crrcrf: 0.000000000 0.416614507 0.583385493
7:/rcr: 0.544606288 0.455393712 0.000000000
7:/rcrcrc: 0.000000000 0.575356513 0.424643487
7:/rcrcrf: 0.000000000 0.000000000 1.000000000
7:/rfr: 0.384176596 0.516139599 0.099683805
7:/rrc: 0.000000000 0.000002319 0.999997681
7:/rrf: 0.001041123 0.000475476 0.998483401
7:/rrr: 0.000000000 0.477015052 0.522984948
8:/: 0.005877335 0.994122665 0.000000000
8:/ccr: 0.000668977 0.998962806 0.000368218
8:/ccrcrc: 0.084761363 0.581001504 0.334237133
8:/ccrcrf: 0.066086871 0.579212652 0.354700478
8:/ccrcrr: 0.000000000 0.668203162 0.331796838
8:/ccrrcr: 0.000000000 0.505457612 0.494542388
8:/ccrrfr: 0.000000000 0.765094127 0.234905873
8:/ccrrrc: 0.000000000 0.259743509 0.740256491
8:/ccrrrf: 0.000000000 0.535900559 0.464099441
8:/crc: 0.000145083 0.000047116 0.999807801
8:/crcrcr: 0.000000000 0.999997709 0.000002291
8:/crcrfr: 0.000000000 0.187146015 0.812853985
8:/crcrrc: 0.000000000 0.104366960 0.895633040
8:/crcrrf: 0.000000000 0.109171480 0.890828520
8:/crf: 0.010711438 0.408214808 0.581073754
8:/crfrr: 0.000000000 0.000076679 0.999923321
8:/crr: 0.378644119 0.451898811 0.169457070
8:/crrcrc: 0.000000000 0.601990633 0.398009367
8:/crrcrf: 0.000000000 0.332732875 0.667267125
8:/rcr: 0.539072984 0.460927016 0.000000000
8:/rcrcrc: 0.000000000 0.295119179 0.704880821
8:/rcrcrf: 0.000000000 0.786576517 0.213423483
8:/rfr: 0.138635865 0.394669872 0.466694263
8:/rrc: 0.000064342 0.051244829 0.948690829
8:/rrf: 0.001050555 0.000469461 0.998479984
8:/rrr: 0.000000000 0.878220180 0.121779820
9:/: 0.001088464 0.998911536 0.000000000
9:/ccr: 0.000464984 0.999158640 0.000376376
9:/ccrcrc: 0.383567116 0.356617906 0.259814978
9:/ccrcrf: 0.053903909 0.420584078 0.525512014
9:/ccrcrr: 0.000000000 0.599263969 0.400736031
9:/ccrrcr: 0.000000000 0.125649578 0.874350422
9:/ccrrfr: 0.000000000 0.095738852 0.904261148
9:/ccrrrc: 0.000000000 0.288241995 0.711758005
9:/ccrrrf: 0.000000000 0.469782702 0.530217298
9:/crc: 0.000134843 0.000043491 0.999821666
9:/crcrcr: 0.000000000 0.999997679 0.000002321
9:/crcrfr: 0.000000000 0.776921170 0.223078830
9:/crcrrc: 0.000000000 0.205393432 0.794606568
9:/crcrrf: 0.000000000 0.358051712 0.641948288
9:/crf: 0.004209744 0.560199854 0.435590402
9:/crfrr: 0.000000000 0.000076679 0.999923321
9:/crr: 0.000023528 0.400127461 0.599849011
9:/crrcrc: 0.000000000 0.494978556 0.505021444
9:/crrcrf: 0.000000000 0.448670933 0.551329067
9:/rcr: 0.581301275 0.418698725 0.000000000
9:/rcrcrc: 0.000000000 0.549814345 0.450185655
9:/rcrcrf: 0.000000000 0.203184075 0.796815925
9:/rfr: 0.433920550 0.224071218 0.342008232
9:/rrc: 0.000000000 0.000002315 0.999997685
9:/rrf: 0.001048407 0.000458770 0.998492823
9:/rrr: 0.000000000 0.391763197 0.608236803
A:/: 0.898327295 0.101672705 0.000000000
A:/ccr: 0.078902610 0.921097390 0.000000000
A:/ccrcrc: 0.573524380 0.340537658 0.085937962
A:/ccrcrf: 0.721711938 0.278165125 0.000122937
A:/ccrcrr: 0.000000000 0.259727027 0.740272973
A:/ccrrcr: 0.000000000 0.762268578 0.237731422
A:/ccrrfr: 0.000000000 0.896471192 0.103528808
A:/ccrrrc: 0.000000000 0.841472282 0.158527718
A:/ccrrrf: 0.000000000 0.456790985 0.543209015
A:/crc: 0.042611195 0.957388805 0.000000000
A:/crcrcr: 0.000000000 0.760703312 0.239296688
A:/crcrfr: 0.000000000 0.301867358 0.698132642
A:/crcrrc: 0.000000000 0.924166702 0.075833298
A:/crcrrf: 0.000000000 0.959531246 0.040468754
A:/crf: 1.000000000 0.000000000 0.000000000
A:/crfrr: 0.000000000 0.999995233 0.000004767
A:/crr: 0.794345150 0.172744287 0.032910562
A:/crrcrc: 0.000000000 0.448488752 0.551511248
A:/crrcrf: 0.000000000 0.683209163 0.316790837
A:/rcr: 0.527395285 0.472604715 0.000000000
A:/rcrcrc: 0.000000000 0.927655680 0.072344320
A:/rcrcrf: 0.000000000 0.782056246 0.217943754
A:/rfr: 0.417040750 0.509829952 0.073129298
A:/rrc: 0.604851613 0.395148387 0.000000000
A:/rrf: 0.381814002 0.617362858 0.000823141
A:/rrr: 0.000000000 0.106713106 0.893286894
J:/: 0.000000000 1.000000000 0.000000000
J:/ccr: 0.000000000 1.000000000 0.000000000
J:/ccrcrc: 0.034800755 0.742756568 0.222442676
J:/ccrcrf: 0.000000000 0.715147486 0.284852514
J:/ccrcrr: 0.000000000 0.255878152 0.744121848
J:/ccrrcr: 0.000000000 0.636891592 0.363108408
J:/ccrrfr: 0.000000000 0.255874716 0.744125284
J:/ccrrrc: 0.000000000 0.734607247 0.265392753
J:/ccrrrf: 0.000000000 0.637102642 0.362897358
J:/crc: 0.000124621 0.092611487 0.907263892
J:/crcrcr: 0.000000000 0.999997699 0.000002301
J:/crcrfr: 0.000000000 0.649395202 0.350604798
J:/crcrrc: 0.000000000 0.763984752 0.236015248
J:/crcrrf: 0.000000000 0.506512393 0.493487607
J:/crf: 0.002418349 0.992595592 0.004986060
J:/crfrr: 0.000000000 0.000076679 0.999923321
J:/crr: 0.042166411 0.772354407 0.185479182
J:/crrcrc: 0.000000000 0.508609560 0.491390440
J:/crrcrf: 0.000000000 0.618256252 0.381743748
J:/rcr: 0.999454596 0.000545404 0.000000000
J:/rcrcrc: 0.000000000 0.138332219 0.861667781
J:/rcrcrf: 0.000000000 0.367574258 0.632425742
J:/rfr: 0.550590644 0.003947979 0.445461376
J:/rrc: 0.000000000 0.061397284 0.938602716
J:/rrf: 0.000419211 0.136589417 0.862991372
J:/rrr: 0.000000000 0.858480732 0.141519268
K:/: 0.647231070 0.352768930 0.000000000
K:/ccr: 0.000000000 1.000000000 0.000000000
K:/ccrcrc: 0.379553307 0.611186782 0.009259911
K:/ccrcrf: 0.421706202 0.440289854 0.138003945
K:/ccrcrr: 0.000000000 0.562946235 0.437053765
K:/ccrrcr: 0.000000000 0.190030847 0.809969153
K:/ccrrfr: 0.000000000 0.432831847 0.567168153
K:/ccrrrc: 0.000000000 0.706441748 0.293558252
K:/ccrrrf: 0.000000000 0.403285974 0.596714026
K:/crc: 0.000053802 0.966606890 0.033339308
K:/crcrcr: 0.000000000 0.637569175 0.362430825
K:/crcrfr: 0.000000000 0.867034672 0.132965328
K:/crcrrc: 0.000000000 0.717949833 0.282050167
K:/crcrrf: 0.000000000 0.883067797 0.116932203
K:/crf: 0.001278707 0.998721293 0.000000000
K:/crfrr: 0.000000000 0.000089455 0.999910545
K:/crr: 0.271625172 0.574535538 0.153839290
K:/crrcrc: 0.000000000 0.574900710 0.425099290
K:/crrcrf: 0.000000000 0.596409056 0.403590944
K:/rcr: 0.184788946 0.815211054 0.000000000
K:/rcrcrc: 0.000000000 0.871687087 0.128312913
K:/rcrcrf: 0.000000000 0.758120211 0.241879789
K:/rfr: 0.168160906 0.142226184 0.689612910
K:/rrc: 0.000075033 0.796401478 0.203523489
K:/rrf: 0.000445592 0.687096391 0.312458017
K:/rrr: 0.000000000 0.544224236 0.455775764
Q:/: 0.000000000 1.000000000 0.000000000
Q:/ccr: 0.000000000 1.000000000 0.000000000
Q:/ccrcrc: 0.687794676 0.267577821 0.044627503
Q:/ccrcrf: 0.562796955 0.188134639 0.249068406
Q:/ccrcrr: 0.000000000 0.470607423 0.529392577
Q:/ccrrcr: 0.000000000 0.559280562 0.440719438
Q:/ccrrfr: 0.000000000 0.490360307 0.509639693
Q:/ccrrrc: 0.000000000 0.657224965 0.342775035
Q:/ccrrrf: 0.000000000 0.634750048 0.365249952
Q:/crc: 0.000076992 0.162939986 0.836983022
Q:/crcrcr: 0.000000000 0.956836824 0.043163176
Q:/crcrfr: 0.000000000 0.259237721 0.740762279
Q:/crcrrc: 0.000000000 0.549477175 0.450522825
Q:/crcrrf: 0.000000000 0.210261732 0.789738268
Q:/crf: 0.000197210 0.996975151 0.002827638
Q:/crfrr: 0.000000000 0.072563456 0.927436544
Q:/crr: 0.200608661 0.366151782 0.433239557
Q:/crrcrc: 0.000000000 0.076213566 0.923786434
Q:/crrcrf: 0.000000000 0.675050444 0.324949556
Q:/rcr: 0.028189771 0.971810229 0.000000000
Q:/rcrcrc: 0.000000000 0.000000000 1.000000000
Q:/rcrcrf: 0.000000000 0.215423302 0.784576698
Q:/rfr: 0.392971145 0.328322896 0.278705959
Q:/rrc: 0.000000000 0.750376277 0.249623723
Q:/rrf: 0.000447388 0.947870547 0.051682065
Q:/rrr: 0.000000000 0.462049927 0.537950073
T:/: 0.000110668 0.999889332 0.000000000
T:/ccr: 0.000076962 0.999703798 0.000219240
T:/ccrcrc: 0.055862800 0.246315939 0.697821261
T:/ccrcrf: 0.226635543 0.376807677 0.396556781
T:/ccrcrr: 0.000000000 0.173081860 0.826918140
T:/ccrrcr: 0.000000000 0.436613496 0.563386504
T:/ccrrfr: 0.000000000 0.690153780 0.309846220
T:/ccrrrc: 0.000000000 0.350718710 0.649281290
T:/ccrrrf: 0.000000000 0.531758736 0.468241264
T:/crc: 0.000131538 0.000046411 0.999822051
T:/crcrcr: 0.000000000 0.999997670 0.000002330
T:/crcrfr: 0.000000000 0.573703645 0.426296355
T:/crcrrc: 0.000000000 0.612186517 0.387813483
T:/crcrrf: 0.000000000 0.407348790 0.592651210
T:/crf: 0.002900477 0.734076974 0.263022549
T:/crfrr: 0.000000000 0.000076679 0.999923321
T:/crr: 0.033404735 0.796337874 0.170257391
T:/crrcrc: 0.000000000 0.920872987 0.079127013
T:/crrcrf: 0.000000000 0.529615391 0.470384609
T:/rcr: 0.677289095 0.322710905 0.000000000
T:/rcrcrc: 0.000000000 0.392002217 0.607997783
T:/rcrcrf: 0.000000000 0.406527971 0.593472029
T:/rfr: 0.369461444 0.324467087 0.306071469
T:/rrc: 0.000000000 0.041369964 0.958630036
T:/rrf: 0.001058410 0.000445710 0.998495880
T:/rrr: 0.000000000 0.618412594 0.381587406
