5:/c: 0.298107320 0.701892680 0.000000000
5:/ccrc: 0.000000000 0.000000000 1.000000000
5:/ccrcrcr: 0.000000000 0.000000000 1.000000000
5:/ccrcrfr: 0.000000000 0.229077656 0.770922344
5:/ccrcrrc: 0.000000000 0.141281038 0.858718962
5:/ccrcrrf: 0.000000000 0.000000000 1.000000000
5:/ccrf: 0.143408356 0.172356991 0.684234653
5:/ccrfrr: 0.000000000 0.411181194 0.588818806
5:/ccrr: 0.000000000 0.000000000 1.000000000
5:/ccrrcrc: 0.000000000 0.375466189 0.624533811
5:/ccrrcrf: 0.000000000 0.607315708 0.392684292
5:/crcr: 0.000000000 0.548359746 0.451640254
5:/crcrcrc: 0.000000000 0.507437617 0.492562383
5:/crcrcrf: 0.000000000 0.067252205 0.932747795
5:/crfr: 0.000000000 0.000000000 1.000000000
5:/crrc: 0.000000000 0.000000000 1.000000000
5:/crrf: 0.000205448 0.000000000 0.999794552
5:/crrr: 0.000000000 0.000000000 1.000000000
5:/r: 0.000000000 0.000000000 1.000000000
5:/rcrc: 0.000000000 0.000000000 1.000000000
5:/rcrf: 0.205086721 0.342779849 0.452133430
5:/rcrr: 0.000000000 0.000000000 1.000000000
5:/rrcr: 0.000000000 0.000000000 1.000000000
5:/rrfr: 0.000000000 0.000000000 1.000000000
5:/rrrc: 0.000000000 0.291145916 0.708854084
5:/rrrf: 0.000000000 0.000000000 1.000000000
6:/c: 0.315041789 0.684958211 0.000000000
6:/ccrc: 0.000000000 0.000000000 1.000000000
6:/ccrcrcr: 0.000000000 0.000000000 1.000000000
6:/ccrcrfr: 0.000000000 0.045142157 0.954857843
6:/ccrcrrc: 0.000000000 0.000000000 1.000000000
6:/ccrcrrf: 0.000000000 0.000000000 1.000000000
6:/ccrf: 0.193846583 0.456720998 0.349432419
6:/ccrfrr: 0.000000000 0.621743076 0.378256924
6:/ccrr: 0.000000000 0.000000000 1.000000000
6:/ccrrcrc: 0.000000000 0.000000000 1.000000000
6:/ccrrcrf: 0.000000000 0.679633352 0.320366648
6:/crcr: 0.000000000 0.000000000 1.000000000
6:/crcrcrc: 0.000000000 0.599725741 0.400274259
6:/crcrcrf: 0.000000000 0.397246236 0.602753764
6:/crfr: 0.000000000 0.000000000 1.000000000
6:/crrc: 0.000000000 0.000000000 1.000000000
6:/crrf: 0.000261150 0.000000000 0.999738850
6:/crrr: 0.000000000 0.000000000 1.000000000
6:/r: 0.000000000 0.000000000 1.000000000
6:/rcrc: 0.000000000 0.000000000 1.000000000
6:/rcrf: 0.811454244 0.025620069 0.162925687
6:/rcrr: 0.000000000 0.000000000 1.000000000
6:/rrcr: 0.000000000 0.000000000 1.000000000
6:/rrfr: 0.000000000 0.000000000 1.000000000
6:/rrrc: 0.000000000 0.000000000 1.000000000
6:/rrrf: 0.000000000 0.000000000 1.000000000
7:/c: 0.014274212 0.985725788 0.000000000
7:/ccrc: 0.000000000 0.000000000 1.000000000
7:/ccrcrcr: 0.000000000 0.000000000 1.000000000
7:/ccrcrfr: 0.000000000 0.563059609 0.436940391
7:/ccrcrrc: 0.000000000 0.405056477 0.594943523
7:/ccrcrrf: 0.000000000 0.000000000 1.000000000
7:/ccrf: 0.009536745 0.301601890 0.688861365
7:/ccrfrr: 0.000000000 0.446740636 0.553259364
7:/ccrr: 0.000000000 0.000000000 1.000000000
7:/ccrrcrc: 0.000000000 0.000000000 1.000000000
7:/ccrrcrf: 0.000000000 0.936283465 0.063716535
7:/crcr: 0.000000000 0.428785925 0.571214075
7:/crcrcrc: 0.000000000 0.207546172 0.792453828
7:/crcrcrf: 0.000000000 0.503488037 0.496511963
7:/crfr: 0.004493376 0.000000000 0.995506624
7:/crrc: 0.000000000 0.000000000 1.000000000
7:/crrf: 0.000206805 0.000000000 0.999793195
7:/crrr: 0.000000000 0.000000000 1.000000000
7:/r: 0.000000000 0.000000000 1.000000000
7:/rcrc: 0.000000000 0.000000000 1.000000000
7:/rcrf: 0.174152386 0.346311572 0.479536043
7:/rcrr: 0.000000000 0.000000000 1.000000000
7:/rrcr: 0.000000000 0.000000000 1.000000000
7:/rrfr: 0.000000000 0.000000000 1.000000000
7:/rrrc: 0.000000000 0.366525785 0.633474215
7:/rrrf: 0.000000000 0.099924255 0.900075745
8:/c: 0.000488215 0.999511785 0.000000000
8:/ccrc: 0.000000000 0.000000000 1.000000000
8:/ccrcrcr: 0.000000000 0.000000000 1.000000000
8:/ccrcrfr: 0.000000000 1.000000000 0.000000000
8:/ccrcrrc: 0.000000000 0.014023304 0.985976696
8:/ccrcrrf: 0.000000000 0.000000000 1.000000000
8:/ccrf: 0.011769334 0.915206898 0.073023768
8:/ccrfrr: 0.000000000 0.486543327 0.513456673
8:/ccrr: 0.000000000 0.000000000 1.000000000
8:/ccrrcrc: 0.000000000 0.304278942 0.695721058
8:/ccrrcrf: 0.000000000 0.454820297 0.545179703
8:/crcr: 0.009484095 0.067543488 0.922972417
8:/crcrcrc: 0.000000000 0.408888697 0.591111303
8:/crcrcrf: 0.000000000 0.289970204 0.710029796
8:/crfr: 0.000000000 0.000000000 1.000000000
8:/crrc: 0.000000000 0.000000000 1.000000000
8:/crrf: 0.000220012 0.000000000 0.999779988
8:/crrr: 0.000000000 0.000000000 1.000000000
8:/r: 0.000000000 0.002674632 0.997325368
8:/rcrc: 0.000270769 0.305312233 0.694416998
8:/rcrf: 0.015376635 0.283581917 0.701041447
8:/rcrr: 0.000000000 0.098168561 0.901831439
8:/rrcr: 0.000000000 0.131125724 0.868874276
8:/rrfr: 0.000000000 0.000000000 1.000000000
8:/rrrc: 0.000000000 0.000000000 1.000000000
8:/rrrf: 0.000000000 0.222649530 0.777350470
9:/c: 0.001057395 0.998942605 0.000000000
9:/ccrc: 0.000000000 0.000000000 1.000000000
9:/ccrcrcr: 0.000000000 0.068814233 0.931185767
9:/ccrcrfr: 0.000000000 1.000000000 0.000000000
9:/ccrcrrc: 0.000000000 0.000000000 1.000000000
9:/ccrcrrf: 0.000000000 0.000000000 1.000000000
9:/ccrf: 0.175545302 0.696041086 0.128413612
9:/ccrfrr: 0.000000000 0.398882052 0.601117948
9:/ccrr: 0.000000000 0.000000000 1.000000000
9:/ccrrcrc: 0.000000000 0.058272452 0.941727548
9:/ccrrcrf: 0.000000000 0.116286619 0.883713381
9:/crcr: 0.134991737 0.382669297 0.482338966
9:/crcrcrc: 0.000000000 0.465204393 0.534795607
9:/crcrcrf: 0.000000000 0.568121206 0.431878794
9:/crfr: 0.000000000 0.205249437 0.794750563
9:/crrc: 0.000000000 0.000000000 1.000000000
9:/crrf: 0.024858096 0.000000000 0.975141904
9:/crrr: 0.000000000 0.000091432 0.999908568
9:/r: 0.000000000 0.165025588 0.834974412
9:/rcrc: 0.000280684 0.195682075 0.804037240
9:/rcrf: 0.287407800 0.424673768 0.287918433
9:/rcrr: 0.000000000 0.029814911 0.970185089
9:/rrcr: 0.000000000 0.000000000 1.000000000
9:/rrfr: 0.000000000 0.000000000 1.000000000
9:/rrrc: 0.000000000 0.101430575 0.898569425
9:/rrrf: 0.000000000 0.000000000 1.000000000
A:/c: 0.690523456 0.309476544 0.000000000
A:/ccrc: 1.000000000 0.000000000 0.000000000
A:/ccrcrcr: 0.000000000 1.000000000 0.000000000
A:/ccrcrfr: 0.000000000 1.000000000 0.000000000
A:/ccrcrrc: 0.000000000 1.000000000 0.000000000
A:/ccrcrrf: 0.000000000 1.000000000 0.000000000
A:/ccrf: 0.263612389 0.736387611 0.000000000
A:/ccrfrr: 0.000000000 1.000000000 0.000000000
A:/ccrr: 0.857197165 0.142802835 0.000000000
A:/ccrrcrc: 0.000000000 1.000000000 0.000000000
A:/ccrrcrf: 0.000000000 1.000000000 0.000000000
A:/crcr: 0.471448347 0.528551653 0.000000000
A:/crcrcrc: 0.000000000 0.916513055 0.083486945
A:/crcrcrf: 0.000000000 0.718882190 0.281117810
A:/crfr: 0.533901798 0.466098202 0.000000000
A:/crrc: 0.637949151 0.362050849 0.000000000
A:/crrf: 0.585929084 0.414070916 0.000000000
A:/crrr: 0.000000000 1.000000000 0.000000000
A:/r: 0.254445838 0.745554162 0.000000000
A:/rcrc: 0.936938987 0.063061013 0.000000000
A:/rcrf: 0.227836307 0.657885592 0.114278102
A:/rcrr: 0.000000000 1.000000000 0.000000000
A:/rrcr: 0.000000000 0.943924600 0.056075400
A:/rrfr: 0.000000000 1.000000000 0.000000000
A:/rrrc: 0.000000000 1.000000000 0.000000000
A:/rrrf: 0.000000000 0.808556149 0.191443851
J:/c: 0.000000000 1.000000000 0.000000000
J:/ccrc: 0.018147165 0.981852835 0.000000000
J:/ccrcrcr: 0.000000000 1.000000000 0.000000000
J:/ccrcrfr: 0.000000000 1.000000000 0.000000000
J:/ccrcrrc: 0.000000000 0.435359363 0.564640637
J:/ccrcrrf: 0.000000000 0.000000000 1.000000000
J:/ccrf: 0.371505252 0.628494748 0.000000000
J:/ccrfrr: 0.000000000 0.551719149 0.448280851
J:/ccrr: 0.125461327 0.332325621 0.542213052
J:/ccrrcrc: 0.000000000 0.198707487 0.801292513
J:/ccrrcrf: 0.000000000 0.896935439 0.103064561
J:/crcr: 0.000000000 0.312907294 0.687092706
J:/crcrcrc: 0.000000000 0.225808515 0.774191485
J:/crcrcrf: 0.000000000 0.543590312 0.456409688
J:/crfr: 0.000000000 0.548026744 0.451973256
J:/crrc: 0.000000000 0.000241431 0.999758569
J:/crrf: 0.000000000 0.000000000 1.000000000
J:/crrr: 0.000000000 0.000000000 1.000000000
J:/r: 0.049525972 0.948828368 0.001645660
J:/rcrc: 0.014226043 0.558053203 0.427720753
J:/rcrf: 0.439247105 0.266032494 0.294720402
J:/rcrr: 0.000000000 0.000042550 0.999957450
J:/rrcr: 0.000000000 0.000000000 1.000000000
J:/rrfr: 0.000000000 0.000000000 1.000000000
J:/rrrc: 0.000000000 0.147242166 0.852757834
J:/rrrf: 0.000000000 0.117859340 0.882140660
K:/c: 1.000000000 0.000000000 0.000000000
K:/ccrc: 0.000000000 1.000000000 0.000000000
K:/ccrcrcr: 0.000000000 0.410834799 0.589165201
K:/ccrcrfr: 0.000000000 1.000000000 0.000000000
K:/ccrcrrc: 0.000000000 0.675633527 0.324366473
K:/ccrcrrf: 0.000000000 0.787033197 0.212966803
K:/ccrf: 0.746180846 0.253819154 0.000000000
K:/ccrfrr: 0.000000000 0.854717346 0.145282654
K:/ccrr: 0.996837873 0.003162127 0.000000000
K:/ccrrcrc: 0.000000000 0.943867989 0.056132011
K:/ccrrcrf: 0.000000000 0.999999757 0.000000243
K:/crcr: 0.208769364 0.573291053 0.217939584
K:/crcrcrc: 0.000000000 0.674723183 0.325276817
K:/crcrcrf: 0.000000000 0.263897146 0.736102854
K:/crfr: 0.000000000 0.787709175 0.212290825
K:/crrc: 0.000554249 0.725536459 0.273909291
K:/crrf: 0.000000000 0.262032461 0.737967539
K:/crrr: 0.000000000 0.230705176 0.769294824
K:/r: 0.000000000 1.000000000 0.000000000
K:/rcrc: 0.385823567 0.614145942 0.000030491
K:/rcrf: 0.377584070 0.201161017 0.421254914
K:/rcrr: 0.000000000 1.000000000 0.000000000
K:/rrcr: 0.000000000 0.237494853 0.762505147
K:/rrfr: 0.000000000 0.000000000 1.000000000
K:/rrrc: 0.000000000 0.293227650 0.706772350
K:/rrrf: 0.000000000 0.656587204 0.343412796
Q:/c: 0.450437337 0.549562663 0.000000000
Q:/ccrc: 0.014889377 0.985110623 0.000000000
Q:/ccrcrcr: 0.000000000 1.000000000 0.000000000
Q:/ccrcrfr: 0.000000000 1.000000000 0.000000000
Q:/ccrcrrc: 0.000000000 0.047205118 0.952794882
Q:/ccrcrrf: 0.000000000 0.000000000 1.000000000
Q:/ccrf: 0.298271591 0.697670544 0.004057865
Q:/ccrfrr: 0.000000000 0.596842033 0.403157967
Q:/ccrr: 0.254406168 0.448580379 0.297013453
Q:/ccrrcrc: 0.000000000 0.554752493 0.445247507
Q:/ccrrcrf: 0.000000000 0.652556390 0.347443610
Q:/crcr: 0.259849513 0.044364287 0.695786201
Q:/crcrcrc: 0.000000000 0.677522814 0.322477186
Q:/crcrcrf: 0.000000000 0.427135372 0.572864628
Q:/crfr: 0.000000000 0.675884072 0.324115928
Q:/crrc: 0.000405858 0.562379534 0.437214607
Q:/crrf: 0.000000000 0.207983358 0.792016642
Q:/crrr: 0.000000000 0.192957877 0.807042123
Q:/r: 0.000000000 1.000000000 0.000000000
Q:/rcrc: 0.043974992 0.277796182 0.678228826
Q:/rcrf: 0.166821311 0.773681470 0.059497219
Q:/rcrr: 0.000000000 0.599607272 0.400392728
Q:/rrcr: 0.000000000 0.401173177 0.598826823
Q:/rrfr: 0.000000000 0.000000000 1.000000000
Q:/rrrc: 0.000000000 0.364548395 0.635451605
Q:/rrrf: 0.000000000 0.000000000 1.000000000
T:/c: 0.000903642 0.999096358 0.000000000
T:/ccrc: 0.044774328 0.273775444 0.681450229
T:/ccrcrcr: 0.000000000 0.669805575 0.330194425
T:/ccrcrfr: 0.000000000 1.000000000 0.000000000
T:/ccrcrrc: 0.000000000 0.230658194 0.769341806
T:/ccrcrrf: 0.000000000 0.000000000 1.000000000
T:/ccrf: 0.721590611 0.278409389 0.000000000
T:/ccrfrr: 0.000000000 0.650332045 0.349667955
T:/ccrr: 0.000000000 0.000031636 0.999968364
T:/ccrrcrc: 0.000000000 0.144912950 0.855087050
T:/ccrrcrf: 0.000000000 0.630093988 0.369906012
T:/crcr: 0.000000000 0.124883324 0.875116676
T:/crcrcrc: 0.000000000 0.548405527 0.451594473
T:/crcrcrf: 0.000000000 0.682585067 0.317414933
T:/crfr: 0.000000000 0.258800151 0.741199849
T:/crrc: 0.000000000 0.000000000 1.000000000
T:/crrf: 0.000000000 0.000000000 1.000000000
T:/crrr: 0.000000000 0.000000000 1.000000000
T:/r: 0.000000000 0.135145982 0.864854018
T:/rcrc: 0.096819252 0.633009075 0.270171673
T:/rcrf: 0.359213932 0.589751306 0.051034762
T:/rcrr: 0.000000000 0.000036574 0.999963426
T:/rrcr: 0.000000000 0.037960627 0.962039373
T:/rrfr: 0.000000000 0.000000000 1.000000000
T:/rrrc: 0.000000000 0.421614495 0.578385505
T:/rrrf: 0.000000000 0.000000000 1.000000000
