5:/cc: 0.406039936 0.593960064 0.000000000
5:/ccrcr: 0.034100182 0.000172337 0.965727480
5:/ccrcrcrc: 0.000000000 0.000000000 1.000000000
5:/ccrcrcrf: 0.000000000 0.078159475 0.921840525
5:/ccrfr: 0.395745397 0.459171758 0.145082845
5:/ccrrc: 0.009888091 0.491213588 0.498898321
5:/ccrrf: 0.487841791 0.397896459 0.114261750
5:/ccrrr: 0.000000000 0.603891890 0.396108110
5:/cr: 0.001849780 0.000332767 0.997817453
5:/crcrc: 0.000000000 0.480890998 0.519109002
5:/crcrf: 0.168840181 0.207683734 0.623476085
5:/crcrr: 0.000000000 0.210310714 0.789689286
5:/crrcr: 0.000000000 0.000045989 0.999954011
5:/crrfr: 0.000000000 0.275474468 0.724525532
5:/crrrc: 0.000000000 0.000000000 1.000000000
5:/crrrf: 0.000000000 0.443161955 0.556838045
5:/rc: 0.301972595 0.000072630 0.697954776
5:/rcrcr: 0.000000000 0.000000000 1.000000000
5:/rcrfr: 0.000000000 0.900383863 0.099616137
5:/rcrrc: 0.000000000 0.388969663 0.611030337
5:/rcrrf: 0.000000000 0.876492980 0.123507020
5:/rf: 0.429717939 0.463365409 0.106916652
5:/rfrr: 0.000000000 0.792025177 0.207974823
5:/rr: 0.000163546 0.013510822 0.986325632
5:/rrcrc: 0.000000000 0.453974372 0.546025628
5:/rrcrf: 0.000000000 0.389095809 0.610904191
6:/cc: 0.452087217 0.547912783 0.000000000
6:/ccrcr: 0.032703716 0.000252605 0.967043679
6:/ccrcrcrc: 0.000000000 0.196207973 0.803792027
6:/ccrcrcrf: 0.000000000 0.748426817 0.251573183
6:/ccrfr: 0.106836253 0.291134537 0.602029210
6:/ccrrc: 0.201271959 0.295325420 0.503402621
6:/ccrrf: 0.411179037 0.126243775 0.462577188
6:/ccrrr: 0.000000000 0.808143246 0.191856754
6:/cr: 0.001380969 0.001078468 0.997540563
6:/crcrc: 0.165127506 0.529220271 0.305652223
6:/crcrf: 0.168397838 0.354813173 0.476788989
6:/crcrr: 0.000000000 0.117277154 0.882722846
6:/crrcr: 0.000000000 0.000045989 0.999954011
6:/crrfr: 0.000000000 0.000056097 0.999943903
6:/crrrc: 0.000000000 0.000000000 1.000000000
6:/crrrf: 0.000000000 0.166055050 0.833944950
6:/rc: 0.252244641 0.000070718 0.747684641
6:/rcrcr: 0.000000000 0.000000000 1.000000000
6:/rcrfr: 0.000000000 0.295731330 0.704268670
6:/rcrrc: 0.000000000 0.369954778 0.630045222
6:/rcrrf: 0.000000000 0.777453495 0.222546505
6:/rf: 0.307736709 0.493713679 0.198549612
6:/rfrr: 0.000000000 0.622880763 0.377119237
6:/rr: 0.000163565 0.044535501 0.955300935
6:/rrcrc: 0.000000000 0.864137510 0.135862490
6:/rrcrf: 0.000000000 0.418834366 0.581165634
7:/cc: 0.000000000 1.000000000 0.000000000
7:/ccrcr: 0.044799404 0.000081290 0.955119306
7:/ccrcrcrc: 0.000000000 0.199920984 0.800079016
7:/ccrcrcrf: 0.000000000 0.570955679 0.429044321
7:/ccrfr: 0.002431249 0.909699282 0.087869469
7:/ccrrc: 0.021250087 0.577015078 0.401734835
7:/ccrrf: 0.079179122 0.747853170 0.172967708
7:/ccrrr: 0.000000000 0.628152700 0.371847300
7:/cr: 0.001555465 0.001789427 0.996655108
7:/crcrc: 0.038373819 0.353811456 0.607814725
7:/crcrf: 0.455404752 0.384959913 0.159635335
7:/crcrr: 0.000000000 0.713990974 0.286009026
7:/crrcr: 0.000000000 0.000045989 0.999954011
7:/crrfr: 0.000000000 0.000069962 0.999930038
7:/crrrc: 0.000000000 0.168891512 0.831108488
7:/crrrf: 0.000000000 0.230728302 0.769271698
7:/rc: 0.060182135 0.000000000 0.939817865
7:/rcrcr: 0.000000000 0.000000000 1.000000000
7:/rcrfr: 0.000000000 0.001714891 0.998285109
7:/rcrrc: 0.000000000 0.460473782 0.539526218
7:/rcrrf: 0.000000000 0.390697102 0.609302898
7:/rf: 0.368478256 0.440231866 0.191289878
7:/rfrr: 0.000000000 0.499384254 0.500615746
7:/rr: 0.000094314 0.000031909 0.999873777
7:/rrcrc: 0.000000000 0.387837761 0.612162239
7:/rrcrf: 0.000000000 0.607088403 0.392911597
8:/cc: 0.000000000 1.000000000 0.000000000
8:/ccrcr: 0.082381086 0.000072501 0.917546413
8:/ccrcrcrc: 0.000000000 0.185161710 0.814838290
8:/ccrcrcrf: 0.000000000 0.239228778 0.760771222
8:/ccrfr: 0.085354463 0.766039801 0.148605736
8:/ccrrc: 0.017436549 0.521842743 0.460720708
8:/ccrrf: 0.455826514 0.204644423 0.339529062
8:/ccrrr: 0.000000000 0.264665682 0.735334318
8:/cr: 0.006752854 0.001500128 0.991747017
8:/crcrc: 0.482619809 0.183431546 0.333948644
8:/crcrf: 0.352253530 0.282430376 0.365316094
8:/crcrr: 0.000000000 0.530093184 0.469906816
8:/crrcr: 0.000000000 0.000045988 0.999954012
8:/crrfr: 0.000000000 0.000055976 0.999944024
8:/crrrc: 0.000000000 0.006760552 0.993239448
8:/crrrf: 0.000000000 0.647415382 0.352584618
8:/rc: 0.043778660 0.000000000 0.956221340
8:/rcrcr: 0.000000000 0.174608854 0.825391146
8:/rcrfr: 0.000000000 0.379827968 0.620172032
8:/rcrrc: 0.000000000 0.490868002 0.509131998
8:/rcrrf: 0.000000000 0.872156407 0.127843593
8:/rf: 0.381244786 0.357023263 0.261731951
8:/rfrr: 0.000000000 0.932194865 0.067805135
8:/rr: 0.000163751 0.000081564 0.999754685
8:/rrcrc: 0.000000000 0.623935375 0.376064625
8:/rrcrf: 0.000000000 0.218434351 0.781565649
9:/cc: 0.000000000 1.000000000 0.000000000
9:/ccrcr: 0.179799104 0.149404924 0.670795971
9:/ccrcrcrc: 0.000000000 0.275869598 0.724130402
9:/ccrcrcrf: 0.000000000 0.932031889 0.067968111
9:/ccrfr: 0.596900051 0.402805894 0.000294055
9:/ccrrc: 0.057101028 0.280862195 0.662036777
9:/ccrrf: 0.157933646 0.459296726 0.382769628
9:/ccrrr: 0.000000000 0.627963665 0.372036335
9:/cr: 0.002254706 0.001429181 0.996316113
9:/crcrc: 0.121873798 0.698854482 0.179271720
9:/crcrf: 0.402528066 0.242881223 0.354590712
9:/crcrr: 0.000000000 0.642825261 0.357174739
9:/crrcr: 0.000000000 0.000045988 0.999954012
9:/crrfr: 0.000000000 0.000055973 0.999944027
9:/crrrc: 0.000000000 0.000000000 1.000000000
9:/crrrf: 0.000000000 0.722609186 0.277390814
9:/rc: 0.029616301 0.000000000 0.970383699
9:/rcrcr: 0.000000000 0.000000000 1.000000000
9:/rcrfr: 0.000000000 0.369813008 0.630186992
9:/rcrrc: 0.000000000 0.098267581 0.901732419
9:/rcrrf: 0.000000000 0.474515028 0.525484972
9:/rf: 0.400748406 0.294435737 0.304815857
9:/rfrr: 0.000000000 0.511435748 0.488564252
9:/rr: 0.000164037 0.000075090 0.999760873
9:/rrcrc: 0.000000000 0.855185579 0.144814421
9:/rrcrf: 0.000000000 0.198552833 0.801447167
A:/cc: 1.000000000 0.000000000 0.000000000
A:/ccrcr: 0.792138852 0.207429196 0.000431952
A:/ccrcrcrc: 0.000000000 1.000000000 0.000000000
A:/ccrcrcrf: 0.000000000 0.368929330 0.631070670
A:/ccrfr: 0.186768354 0.346667822 0.466563824
A:/ccrrc: 0.313865048 0.404059088 0.282075865
A:/ccrrf: 0.247503235 0.251852741 0.500644024
A:/ccrrr: 0.000000000 0.823351300 0.176648700
A:/cr: 1.000000000 0.000000000 0.000000000
A:/crcrc: 0.619869993 0.152758996 0.227371011
A:/crcrf: 0.116643198 0.556226551 0.327130251
A:/crcrr: 0.000000000 0.527172610 0.472827390
A:/crrcr: 0.000000000 0.922307555 0.077692445
A:/crrfr: 0.000000000 0.876384775 0.123615225
A:/crrrc: 0.000000000 0.968058173 0.031941827
A:/crrrf: 0.000000000 0.787946772 0.212053228
A:/rc: 0.863301110 0.136698890 0.000000000
A:/rcrcr: 0.000000000 0.999578217 0.000421783
A:/rcrfr: 0.000000000 0.536746547 0.463253453
A:/rcrrc: 0.000000000 0.997789961 0.002210039
A:/rcrrf: 0.000000000 0.626264987 0.373735013
A:/rf: 0.378870751 0.571346109 0.049783140
A:/rfrr: 0.000000000 0.509834832 0.490165168
A:/rr: 0.522244176 0.477639859 0.000115965
A:/rrcrc: 0.000000000 0.394970922 0.605029078
A:/rrcrf: 0.000000000 0.477314254 0.522685746
J:/cc: 0.000000000 1.000000000 0.000000000
J:/ccrcr: 0.001336244 0.000000000 0.998663756
J:/ccrcrcrc: 0.000000000 0.000000000 1.000000000
J:/ccrcrcrf: 0.000000000 0.965153067 0.034846933
J:/ccrfr: 0.104803103 0.555717511 0.339479386
J:/ccrrc: 0.000028189 0.967102195 0.032869615
J:/ccrrf: 0.307068541 0.402372188 0.290559271
J:/ccrrr: 0.000000000 0.370602123 0.629397877
J:/cr: 0.072325594 0.001346022 0.926328384
J:/crcrc: 0.473370775 0.302662956 0.223966269
J:/crcrf: 0.113315545 0.563192400 0.323492055
J:/crcrr: 0.000000000 0.892298081 0.107701919
J:/crrcr: 0.000000000 0.000022994 0.999977006
J:/crrfr: 0.000000000 0.000069915 0.999930085
J:/crrrc: 0.000000000 0.229032683 0.770967317
J:/crrrf: 0.000000000 0.568985968 0.431014032
J:/rc: 0.001446184 0.058979748 0.939574068
J:/rcrcr: 0.000000000 0.000000000 1.000000000
J:/rcrfr: 0.000000000 0.289598759 0.710401241
J:/rcrrc: 0.000000000 0.655047654 0.344952346
J:/rcrrf: 0.000000000 0.618309284 0.381690716
J:/rf: 0.344841908 0.365185558 0.289972534
J:/rfrr: 0.000000000 0.518258219 0.481741781
J:/rr: 0.000194021 0.000000000 0.999805979
J:/rrcrc: 0.000000000 0.557345890 0.442654110
J:/rrcrf: 0.000000000 0.049591845 0.950408155
K:/cc: 0.892744545 0.107255455 0.000000000
K:/ccrcr: 0.002789725 0.773288375 0.223921899
K:/ccrcrcrc: 0.000000000 0.809145871 0.190854129
K:/ccrcrcrf: 0.000000000 0.218758340 0.781241660
K:/ccrfr: 0.254785974 0.220087857 0.525126169
K:/ccrrc: 0.533681346 0.375063045 0.091255609
K:/ccrrf: 0.243226768 0.166431784 0.590341448
K:/ccrrr: 0.000000000 0.928956528 0.071043472
K:/cr: 0.000233472 0.999766528 0.000000000
K:/crcrc: 0.154068147 0.493947574 0.351984279
K:/crcrf: 0.484472497 0.415873298 0.099654204
K:/crcrr: 0.000000000 0.112736009 0.887263991
K:/crrcr: 0.000000000 0.000045648 0.999954352
K:/crrfr: 0.000000000 0.000069873 0.999930127
K:/crrrc: 0.000000000 0.059798609 0.940201391
K:/crrrf: 0.000000000 0.673346620 0.326653380
K:/rc: 0.311684916 0.688179390 0.000135694
K:/rcrcr: 0.000000000 0.881876589 0.118123411
K:/rcrfr: 0.000000000 0.751530839 0.248469161
K:/rcrrc: 0.000000000 0.827534153 0.172465847
K:/rcrrf: 0.000000000 0.455650616 0.544349384
K:/rf: 0.346868244 0.571950917 0.081180839
K:/rfrr: 0.000000000 0.520650533 0.479349467
K:/rr: 0.000078853 0.758588245 0.241332903
K:/rrcrc: 0.000000000 0.810397173 0.189602827
K:/rrcrf: 0.000000000 0.332038740 0.667961260
Q:/cc: 0.094823761 0.905176239 0.000000000
Q:/ccrcr: 0.000508264 0.331580705 0.667911031
Q:/ccrcrcrc: 0.000000000 0.322049039 0.677950961
Q:/ccrcrcrf: 0.000000000 0.512936034 0.487063966
Q:/ccrfr: 0.731308730 0.070248540 0.198442729
Q:/ccrrc: 0.265257340 0.143109474 0.591633186
Q:/ccrrf: 0.560943911 0.064780503 0.374275586
Q:/ccrrr: 0.000000000 0.550126851 0.449873149
Q:/cr: 0.000365304 0.618956877 0.380677819
Q:/crcrc: 0.052067342 0.485087388 0.462845270
Q:/crcrf: 0.386914659 0.130310098 0.482775243
Q:/crcrr: 0.000000000 0.365879896 0.634120104
Q:/crrcr: 0.000000000 0.000045955 0.999954045
Q:/crrfr: 0.000000000 0.000055944 0.999944056
Q:/crrrc: 0.000000000 0.000000000 1.000000000
Q:/crrrf: 0.000000000 0.620363215 0.379636785
Q:/rc: 0.000000000 0.999429331 0.000570669
Q:/rcrcr: 0.000000000 0.427433439 0.572566561
Q:/rcrfr: 0.000000000 0.909733517 0.090266483
Q:/rcrrc: 0.000000000 0.999923412 0.000076588
Q:/rcrrf: 0.000000000 0.521096439 0.478903561
Q:/rf: 0.251048839 0.336575289 0.412375873
Q:/rfrr: 0.000000000 0.360738714 0.639261286
Q:/rr: 0.000201108 0.405061383 0.594737509
Q:/rrcrc: 0.000000000 0.118597683 0.881402317
Q:/rrcrf: 0.000000000 0.570045662 0.429954338
T:/cc: 0.000000000 1.000000000 0.000000000
T:/ccrcr: 0.308909565 0.000000000 0.691090435
T:/ccrcrcrc: 0.000000000 0.340070296 0.659929704
T:/ccrcrcrf: 0.000000000 0.562229721 0.437770279
T:/ccrfr: 0.303667617 0.689274763 0.007057620
T:/ccrrc: 0.103950340 0.303059668 0.592989991
T:/ccrrf: 0.375587691 0.390354588 0.234057722
T:/ccrrr: 0.000000000 0.569913391 0.430086609
T:/cr: 0.073713843 0.001278600 0.925007558
T:/crcrc: 0.000000000 0.596515442 0.403484558
T:/crcrf: 0.333672861 0.288563959 0.377763180
T:/crcrr: 0.000000000 0.268589540 0.731410460
T:/crrcr: 0.000000000 0.000022994 0.999977006
T:/crrfr: 0.000000000 0.000069915 0.999930085
T:/crrrc: 0.000000000 0.000000000 1.000000000
T:/crrrf: 0.000000000 0.470499592 0.529500408
T:/rc: 0.022603411 0.000577572 0.976819017
T:/rcrcr: 0.000000000 0.305249668 0.694750332
T:/rcrfr: 0.000000000 0.681558618 0.318441382
T:/rcrrc: 0.000000000 0.607470816 0.392529184
T:/rcrrf: 0.000000000 0.429695424 0.570304576
T:/rf: 0.248680694 0.181020482 0.570298824
T:/rfrr: 0.000000000 0.044464390 0.955535610
T:/rr: 0.000164564 0.173106159 0.826729277
T:/rrcrc: 0.000000000 0.478019761 0.521980239
T:/rrcrf: 0.000000000 0.350257853 0.649742147
