A:/: 0.999884322 0.000115678 0.000000000
A:/ccr: 0.000000000 1.000000000 0.000000000
A:/crc: 0.000000000 1.000000000 0.000000000
A:/crf: 0.000000000 1.000000000 0.000000000
AA:/ccc/: 0.431054542 0.568945458 0.000000000
AA:/ccc/ccr: 0.000000000 0.414065052 0.585934948
AA:/ccc/crc: 0.000000000 0.578445317 0.421554683
AA:/ccc/crf: 0.000000000 1.000000000 0.000000000
AA:/ccrcc/: 0.698806383 0.301193617 0.000000000
AA:/ccrcc/ccr: 0.000000000 1.000000000 0.000000000
AA:/ccrcc/crc: 0.000000000 0.996149843 0.003850157
AA:/ccrcc/crf: 0.000000000 1.000000000 0.000000000
AA:/ccrcf/: 0.565023959 0.434976041 0.000000000
AA:/ccrcf/cr: 0.000000000 0.611907904 0.388092096
AA:/crcc/: 1.000000000 0.000000000 0.000000000
AA:/crcc/ccr: 0.000000000 0.521988300 0.478011700
AA:/crcc/crc: 0.000000000 0.523272737 0.476727263
AA:/crcc/crf: 0.000000000 1.000000000 0.000000000
AA:/crfc/: 0.790794013 0.209205987 0.000000000
AA:/crfc/cr: 0.000000000 1.000000000 0.000000000
AA:/rcc/: 0.998121417 0.001878583 0.000000000
AA:/rcc/ccr: 0.000000000 1.000000000 0.000000000
AA:/rcc/crc: 0.000000000 0.657446230 0.342553770
AA:/rcc/crf: 0.000000000 1.000000000 0.000000000
AA:/rcf/: 0.496886993 0.503113007 0.000000000
AA:/rcf/cr: 0.000000000 1.000000000 0.000000000
AA:/rfc/: 0.534781178 0.465218822 0.000000000
AA:/rfc/cr: 0.000000000 0.479838534 0.520161466
AJ:/ccc/: 0.831380848 0.168619152 0.000000000
AJ:/ccc/ccr: 0.000000000 0.814403387 0.185596613
AJ:/ccc/crc: 0.000000000 1.000000000 0.000000000
AJ:/ccc/crf: 0.000000000 1.000000000 0.000000000
AJ:/ccrcc/: 0.446220490 0.553779510 0.000000000
AJ:/ccrcc/ccr: 0.000000000 0.432984870 0.567015130
AJ:/ccrcc/crc: 0.000000000 0.275648736 0.724351264
AJ:/ccrcc/crf: 0.000000000 1.000000000 0.000000000
AJ:/ccrcf/: 0.711327605 0.288672395 0.000000000
AJ:/ccrcf/cr: 0.000000000 0.628379341 0.371620659
AJ:/crcc/: 0.513572677 0.486427323 0.000000000
AJ:/crcc/ccr: 0.000000000 1.000000000 0.000000000
AJ:/crcc/crc: 0.000000000 0.924770734 0.075229266
AJ:/crcc/crf: 0.000000000 1.000000000 0.000000000
AJ:/crfc/: 0.636706476 0.363293524 0.000000000
AJ:/crfc/cr: 0.000000000 1.000000000 0.000000000
AJ:/rcc/: 0.608607175 0.391392825 0.000000000
AJ:/rcc/ccr: 0.000000000 0.317297203 0.682702797
AJ:/rcc/crc: 0.000000000 0.350825467 0.649174533
AJ:/rcc/crf: 0.000000000 0.999957487 0.000042513
AJ:/rcf/: 0.930294896 0.069705104 0.000000000
AJ:/rcf/cr: 0.000000000 1.000000000 0.000000000
AJ:/rfc/: 0.288989668 0.711010332 0.000000000
AJ:/rfc/cr: 0.000000000 0.460205341 0.539794659
AK:/ccc/: 0.214650359 0.785349641 0.000000000
AK:/ccc/ccr: 0.000000000 0.131508228 0.868491772
AK:/ccc/crc: 0.000000000 0.321048130 0.678951870
AK:/ccc/crf: 0.000000000 1.000000000 0.000000000
AK:/ccrcc/: 0.999991997 0.000008003 0.000000000
AK:/ccrcc/ccr: 0.000000000 1.000000000 0.000000000
AK:/ccrcc/crc: 0.000000000 0.493288411 0.506711589
AK:/ccrcc/crf: 0.000000000 1.000000000 0.000000000
AK:/ccrcf/: 0.950271786 0.049728214 0.000000000
AK:/ccrcf/cr: 0.000000000 0.537339615 0.462660385
AK:/crcc/: 0.994942268 0.005057732 0.000000000
AK:/crcc/ccr: 0.000000000 0.874625987 0.125374013
AK:/crcc/crc: 0.000000000 1.000000000 0.000000000
AK:/crcc/crf: 0.000000000 1.000000000 0.000000000
AK:/crfc/: 0.920752969 0.079247031 0.000000000
AK:/crfc/cr: 0.000000000 1.000000000 0.000000000
AK:/rcc/: 0.568987446 0.431012554 0.000000000
AK:/rcc/ccr: 0.000000000 1.000000000 0.000000000
AK:/rcc/crc: 0.000000000 0.390679792 0.609320208
AK:/rcc/crf: 0.000000000 1.000000000 0.000000000
AK:/rcf/: 0.795490447 0.204509553 0.000000000
AK:/rcf/cr: 0.000000000 1.000000000 0.000000000
AK:/rfc/: 0.653037508 0.346962492 0.000000000
AK:/rfc/cr: 0.000000000 0.444491631 0.555508369
AQ:/ccc/: 0.510708024 0.489291976 0.000000000
AQ:/ccc/ccr: 0.000000000 0.569173579 0.430826421
AQ:/ccc/crc: 0.000000000 0.671653571 0.328346429
AQ:/ccc/crf: 0.000000000 0.863129805 0.136870195
AQ:/ccrcc/: 1.000000000 0.000000000 0.000000000
AQ:/ccrcc/ccr: 0.000000000 1.000000000 0.000000000
AQ:/ccrcc/crc: 0.000000000 0.999994447 0.000005553
AQ:/ccrcc/crf: 0.000000000 0.715253576 0.284746424
AQ:/ccrcf/: 0.985508589 0.014491411 0.000000000
AQ:/ccrcf/cr: 0.000000000 0.568528194 0.431471806
AQ:/crcc/: 0.770379614 0.229620386 0.000000000
AQ:/crcc/ccr: 0.000000000 0.637909534 0.362090466
AQ:/crcc/crc: 0.000000000 0.321357096 0.678642904
AQ:/crcc/crf: 0.000000000 1.000000000 0.000000000
AQ:/crfc/: 0.208240180 0.791759820 0.000000000
AQ:/crfc/cr: 0.000000000 1.000000000 0.000000000
AQ:/rcc/: 0.847981663 0.152018337 0.000000000
AQ:/rcc/ccr: 0.000000000 0.896116912 0.103883088
AQ:/rcc/crc: 0.000000000 0.988569294 0.011430706
AQ:/rcc/crf: 0.000000000 0.732936136 0.267063864
AQ:/rcf/: 0.652460570 0.347539430 0.000000000
AQ:/rcf/cr: 0.000000000 1.000000000 0.000000000
AQ:/rfc/: 0.383087460 0.616912540 0.000000000
AQ:/rfc/cr: 0.000000000 0.791539448 0.208460552
J:/: 1.000000000 0.000000000 0.000000000
J:/ccr: 0.000000000 0.000302652 0.999697348
J:/crc: 0.000000000 0.187779886 0.812220114
J:/crf: 0.000000000 1.000000000 0.000000000
JA:/ccc/: 0.843260167 0.156739833 0.000000000
JA:/ccc/ccr: 0.000000000 0.366909720 0.633090280
JA:/ccc/crc: 0.000000000 0.175791322 0.824208678
JA:/ccc/crf: 0.000000000 0.675839833 0.324160167
JA:/ccrcc/: 1.000000000 0.000000000 0.000000000
JA:/ccrcc/ccr: 0.000000000 0.660032554 0.339967446
JA:/ccrcc/crc: 0.000000000 0.903333085 0.096666915
JA:/ccrcc/crf: 0.000000000 0.490840312 0.509159688
JA:/ccrcf/: 0.496133124 0.503866876 0.000000000
JA:/ccrcf/cr: 0.000000000 0.380893684 0.619106316
JA:/crcc/: 0.689322860 0.310677140 0.000000000
JA:/crcc/ccr: 0.000000000 0.265648250 0.734351750
JA:/crcc/crc: 0.000000000 0.468316769 0.531683231
JA:/crcc/crf: 0.000000000 0.487810086 0.512189914
JA:/crfc/: 0.565284952 0.434715048 0.000000000
JA:/crfc/cr: 0.000000000 0.196927318 0.803072682
JA:/rcc/: 0.152486681 0.847513319 0.000000000
JA:/rcc/ccr: 0.000000000 0.049158697 0.950841303
JA:/rcc/crc: 0.000000000 0.627290263 0.372709737
JA:/rcc/crf: 0.000000000 0.184667773 0.815332227
JA:/rcf/: 0.451886547 0.548113453 0.000000000
JA:/rcf/cr: 0.000000000 0.358024622 0.641975378
JA:/rfc/: 0.214432645 0.785567355 0.000000000
JA:/rfc/cr: 0.000000000 0.351114330 0.648885670
JJ:/ccc/: 0.511291221 0.488708779 0.000000000
JJ:/ccc/ccr: 0.000000000 0.611857406 0.388142594
JJ:/ccc/crc: 0.000000000 0.976139745 0.023860255
JJ:/ccc/crf: 0.000000000 1.000000000 0.000000000
JJ:/ccrcc/: 1.000000000 0.000000000 0.000000000
JJ:/ccrcc/ccr: 0.000000000 0.936493312 0.063506688
JJ:/ccrcc/crc: 0.000000000 0.159996770 0.840003230
JJ:/ccrcc/crf: 0.000000000 1.000000000 0.000000000
JJ:/ccrcf/: 0.434884833 0.565115167 0.000000000
JJ:/ccrcf/cr: 0.000000000 0.617800261 0.382199739
JJ:/crcc/: 0.349754614 0.650245386 0.000000000
JJ:/crcc/ccr: 0.000000000 0.866270712 0.133729288
JJ:/crcc/crc: 0.000000000 1.000000000 0.000000000
JJ:/crcc/crf: 0.000000000 1.000000000 0.000000000
JJ:/crfc/: 0.668501107 0.331498893 0.000000000
JJ:/crfc/cr: 0.000000000 1.000000000 0.000000000
JJ:/rcc/: 0.999987213 0.000012787 0.000000000
JJ:/rcc/ccr: 0.000000000 1.000000000 0.000000000
JJ:/rcc/crc: 0.000000000 1.000000000 0.000000000
JJ:/rcc/crf: 0.000000000 1.000000000 0.000000000
JJ:/rcf/: 0.696691949 0.303308051 0.000000000
JJ:/rcf/cr: 0.000000000 1.000000000 0.000000000
JJ:/rfc/: 0.870632989 0.129367011 0.000000000
JJ:/rfc/cr: 0.000000000 0.451488835 0.548511165
JK:/ccc/: 0.651081850 0.348918150 0.000000000
JK:/ccc/ccr: 0.000000000 0.373143939 0.626856061
JK:/ccc/crc: 0.000000000 0.817784667 0.182215333
JK:/ccc/crf: 0.000000000 0.282452423 0.717547577
JK:/ccrcc/: 0.590210013 0.409789987 0.000000000
JK:/ccrcc/ccr: 0.000000000 0.728279711 0.271720289
JK:/ccrcc/crc: 0.000000000 0.507546782 0.492453218
JK:/ccrcc/crf: 0.000000000 0.061146639 0.938853361
JK:/ccrcf/: 0.943637624 0.056362376 0.000000000
JK:/ccrcf/cr: 0.000000000 0.673972470 0.326027530
JK:/crcc/: 0.386801722 0.613198278 0.000000000
JK:/crcc/ccr: 0.000000000 0.999982568 0.000017432
JK:/crcc/crc: 0.000000000 0.024761766 0.975238234
JK:/crcc/crf: 0.000000000 0.280076327 0.719923673
JK:/crfc/: 0.570837716 0.429162284 0.000000000
JK:/crfc/cr: 0.000000000 0.460713086 0.539286914
JK:/rcc/: 0.000000000 1.000000000 0.000000000
JK:/rcc/ccr: 0.000000000 0.761127268 0.238872732
JK:/rcc/crc: 0.000000000 0.090542580 0.909457420
JK:/rcc/crf: 0.000000000 0.361409469 0.638590531
JK:/rcf/: 0.042003673 0.957996327 0.000000000
JK:/rcf/cr: 0.000000000 0.133230618 0.866769382
JK:/rfc/: 0.813494088 0.186505912 0.000000000
JK:/rfc/cr: 0.000000000 0.868906009 0.131093991
JQ:/ccc/: 0.513399289 0.486600711 0.000000000
JQ:/ccc/ccr: 0.000000000 0.209742363 0.790257637
JQ:/ccc/crc: 0.000000000 0.000000000 1.000000000
JQ:/ccc/crf: 0.000000000 0.641815947 0.358184053
JQ:/ccrcc/: 0.144351829 0.855648171 0.000000000
JQ:/ccrcc/ccr: 0.000000000 0.167354409 0.832645591
JQ:/ccrcc/crc: 0.000000000 0.559795108 0.440204892
JQ:/ccrcc/crf: 0.000000000 0.514859032 0.485140968
JQ:/ccrcf/: 0.578879646 0.421120354 0.000000000
JQ:/ccrcf/cr: 0.000000000 0.753957870 0.246042130
JQ:/crcc/: 0.283561283 0.716438717 0.000000000
JQ:/crcc/ccr: 0.000000000 0.894115513 0.105884487
JQ:/crcc/crc: 0.000000000 0.452550646 0.547449354
JQ:/crcc/crf: 0.000000000 0.248421230 0.751578770
JQ:/crfc/: 0.420766891 0.579233109 0.000000000
JQ:/crfc/cr: 0.000000000 0.347463043 0.652536957
JQ:/rcc/: 0.764267526 0.235732474 0.000000000
JQ:/rcc/ccr: 0.000000000 0.539979603 0.460020397
JQ:/rcc/crc: 0.000000000 0.270938188 0.729061812
JQ:/rcc/crf: 0.000000000 0.258233578 0.741766422
JQ:/rcf/: 0.365338417 0.634661583 0.000000000
JQ:/rcf/cr: 0.000000000 0.127601407 0.872398593
JQ:/rfc/: 0.815789490 0.184210510 0.000000000
JQ:/rfc/cr: 0.000000000 0.647012910 0.352987090
K:/: 0.999712086 0.000287914 0.000000000
K:/ccr: 0.000000000 1.000000000 0.000000000
K:/crc: 0.000000000 1.000000000 0.000000000
K:/crf: 0.000000000 1.000000000 0.000000000
KA:/ccc/: 0.540651935 0.459348065 0.000000000
KA:/ccc/ccr: 0.000000000 0.592544672 0.407455328
KA:/ccc/crc: 0.000000000 1.000000000 0.000000000
KA:/ccc/crf: 0.000000000 1.000000000 0.000000000
KA:/ccrcc/: 0.830647453 0.169352547 0.000000000
KA:/ccrcc/ccr: 0.000000000 1.000000000 0.000000000
KA:/ccrcc/crc: 0.000000000 0.681068324 0.318931676
KA:/ccrcc/crf: 0.000000000 1.000000000 0.000000000
KA:/ccrcf/: 0.314966559 0.685033441 0.000000000
KA:/ccrcf/cr: 0.000000000 0.838994429 0.161005571
KA:/crcc/: 0.871571072 0.128428928 0.000000000
KA:/crcc/ccr: 0.000000000 0.667236867 0.332763133
KA:/crcc/crc: 0.000000000 0.583560651 0.416439349
KA:/crcc/crf: 0.000000000 0.999977835 0.000022165
KA:/crfc/: 0.999973007 0.000026993 0.000000000
KA:/crfc/cr: 0.000000000 0.999982322 0.000017678
KA:/rcc/: 0.287880818 0.712119182 0.000000000
KA:/rcc/ccr: 0.000000000 0.881131188 0.118868812
KA:/rcc/crc: 0.000000000 0.831073163 0.168926837
KA:/rcc/crf: 0.000000000 1.000000000 0.000000000
KA:/rcf/: 0.872714473 0.127285527 0.000000000
KA:/rcf/cr: 0.000000000 1.000000000 0.000000000
KA:/rfc/: 0.734986250 0.265013750 0.000000000
KA:/rfc/cr: 0.000000000 0.642337407 0.357662593
KJ:/ccc/: 0.737189016 0.262810984 0.000000000
KJ:/ccc/ccr: 0.000000000 0.518464817 0.481535183
KJ:/ccc/crc: 0.000000000 0.265867659 0.734132341
KJ:/ccc/crf: 0.000000000 1.000000000 0.000000000
KJ:/ccrcc/: 0.678340869 0.321659131 0.000000000
KJ:/ccrcc/ccr: 0.000000000 0.449160499 0.550839501
KJ:/ccrcc/crc: 0.000000000 0.726655044 0.273344956
KJ:/ccrcc/crf: 0.000000000 1.000000000 0.000000000
KJ:/ccrcf/: 0.484163492 0.515836508 0.000000000
KJ:/ccrcf/cr: 0.000000000 0.780922245 0.219077755
KJ:/crcc/: 0.284981383 0.715018617 0.000000000
KJ:/crcc/ccr: 0.000000000 0.702874336 0.297125664
KJ:/crcc/crc: 0.000000000 0.000002300 0.999997700
KJ:/crcc/crf: 0.000000000 0.973409799 0.026590201
KJ:/crfc/: 0.286136559 0.713863441 0.000000000
KJ:/crfc/cr: 0.000000000 0.659163986 0.340836014
KJ:/rcc/: 0.378942774 0.621057226 0.000000000
KJ:/rcc/ccr: 0.000000000 0.693621415 0.306378585
KJ:/rcc/crc: 0.000000000 0.120131645 0.879868355
KJ:/rcc/crf: 0.000000000 0.806515174 0.193484826
KJ:/rcf/: 0.280059885 0.719940115 0.000000000
KJ:/rcf/cr: 0.000000000 1.000000000 0.000000000
KJ:/rfc/: 0.823506056 0.176493944 0.000000000
KJ:/rfc/cr: 0.000000000 0.360936646 0.639063354
KK:/ccc/: 0.698240101 0.301759899 0.000000000
KK:/ccc/ccr: 0.000000000 0.440966720 0.559033280
KK:/ccc/crc: 0.000000000 0.987705887 0.012294113
KK:/ccc/crf: 0.000000000 0.772169239 0.227830761
KK:/ccrcc/: 0.427634781 0.572365219 0.000000000
KK:/ccrcc/ccr: 0.000000000 0.485839102 0.514160898
KK:/ccrcc/crc: 0.000000000 0.834813370 0.165186630
KK:/ccrcc/crf: 0.000000000 1.000000000 0.000000000
KK:/ccrcf/: 0.572350725 0.427649275 0.000000000
KK:/ccrcf/cr: 0.000000000 0.544748220 0.455251780
KK:/crcc/: 0.889795858 0.110204142 0.000000000
KK:/crcc/ccr: 0.000000000 0.952372208 0.047627792
KK:/crcc/crc: 0.000000000 1.000000000 0.000000000
KK:/crcc/crf: 0.000000000 1.000000000 0.000000000
KK:/crfc/: 0.199433502 0.800566498 0.000000000
KK:/crfc/cr: 0.000000000 1.000000000 0.000000000
KK:/rcc/: 1.000000000 0.000000000 0.000000000
KK:/rcc/ccr: 0.000000000 1.000000000 0.000000000
KK:/rcc/crc: 0.000000000 0.546053330 0.453946670
KK:/rcc/crf: 0.000000000 1.000000000 0.000000000
KK:/rcf/: 0.977150861 0.022849139 0.000000000
KK:/rcf/cr: 0.000000000 1.000000000 0.000000000
KK:/rfc/: 0.142947655 0.857052345 0.000000000
KK:/rfc/cr: 0.000000000 0.395920073 0.604079927
KQ:/ccc/: 0.502622969 0.497377031 0.000000000
KQ:/ccc/ccr: 0.000000000 0.579765779 0.420234221
KQ:/ccc/crc: 0.000000000 0.288931947 0.711068053
KQ:/ccc/crf: 0.000000000 0.996098923 0.003901077
KQ:/ccrcc/: 1.000000000 0.000000000 0.000000000
KQ:/ccrcc/ccr: 0.000000000 0.909088879 0.090911121
KQ:/ccrcc/crc: 0.000000000 0.116920537 0.883079463
KQ:/ccrcc/crf: 0.000000000 0.999990473 0.000009527
KQ:/ccrcf/: 0.284756911 0.715243089 0.000000000
KQ:/ccrcf/cr: 0.000000000 0.318109430 0.681890570
KQ:/crcc/: 0.620462103 0.379537897 0.000000000
KQ:/crcc/ccr: 0.000000000 0.366495878 0.633504122
KQ:/crcc/crc: 0.000000000 0.364820703 0.635179297
KQ:/crcc/crf: 0.000000000 0.665368941 0.334631059
KQ:/crfc/: 0.777864199 0.222135801 0.000000000
KQ:/crfc/cr: 0.000000000 0.848748609 0.151251391
KQ:/rcc/: 0.243275887 0.756724113 0.000000000
KQ:/rcc/ccr: 0.000000000 0.383850436 0.616149564
KQ:/rcc/crc: 0.000000000 0.506316065 0.493683935
KQ:/rcc/crf: 0.000000000 0.446743879 0.553256121
KQ:/rcf/: 0.550868767 0.449131233 0.000000000
KQ:/rcf/cr: 0.000000000 0.622598844 0.377401156
KQ:/rfc/: 0.759468150 0.240531850 0.000000000
KQ:/rfc/cr: 0.000000000 0.264110226 0.735889774
Q:/: 1.000000000 0.000000000 0.000000000
Q:/ccr: 0.000000000 0.579335630 0.420664370
Q:/crc: 0.000000000 0.236242324 0.763757676
Q:/crf: 0.000000000 1.000000000 0.000000000
QA:/ccc/: 0.834413715 0.165586285 0.000000000
QA:/ccc/ccr: 0.000000000 0.163000494 0.836999506
QA:/ccc/crc: 0.000000000 0.052100981 0.947899019
QA:/ccc/crf: 0.000000000 0.690326798 0.309673202
QA:/ccrcc/: 1.000000000 0.000000000 0.000000000
QA:/ccrcc/ccr: 0.000000000 0.928425816 0.071574184
QA:/ccrcc/crc: 0.000000000 0.255908613 0.744091387
QA:/ccrcc/crf: 0.000000000 0.403941731 0.596058269
QA:/ccrcf/: 0.610067184 0.389932816 0.000000000
QA:/ccrcf/cr: 0.000000000 0.154469397 0.845530603
QA:/crcc/: 0.526050898 0.473949102 0.000000000
QA:/crcc/ccr: 0.000000000 0.235972957 0.764027043
QA:/crcc/crc: 0.000000000 0.415655884 0.584344116
QA:/crcc/crf: 0.000000000 0.669835306 0.330164694
QA:/crfc/: 0.999992773 0.000007227 0.000000000
QA:/crfc/cr: 0.000000000 0.684720260 0.315279740
QA:/rcc/: 0.000000000 1.000000000 0.000000000
QA:/rcc/ccr: 0.000000000 0.388901945 0.611098055
QA:/rcc/crc: 0.000000000 0.474721010 0.525278990
QA:/rcc/crf: 0.000000000 0.466647642 0.533352358
QA:/rcf/: 0.152024802 0.847975198 0.000000000
QA:/rcf/cr: 0.000000000 0.758859558 0.241140442
QA:/rfc/: 0.117796209 0.882203791 0.000000000
QA:/rfc/cr: 0.000000000 0.535403410 0.464596590
QJ:/ccc/: 0.215503765 0.784496235 0.000000000
QJ:/ccc/ccr: 0.000000000 0.407376250 0.592623750
QJ:/ccc/crc: 0.000000000 0.379243636 0.620756364
QJ:/ccc/crf: 0.000000000 0.000000000 1.000000000
QJ:/ccrcc/: 0.506229417 0.493770583 0.000000000
QJ:/ccrcc/ccr: 0.000000000 0.323927987 0.676072013
QJ:/ccrcc/crc: 0.000000000 0.410081430 0.589918570
QJ:/ccrcc/crf: 0.000000000 0.271608604 0.728391396
QJ:/ccrcf/: 0.521402684 0.478597316 0.000000000
QJ:/ccrcf/cr: 0.000000000 0.503438054 0.496561946
QJ:/crcc/: 0.153439802 0.846560198 0.000000000
QJ:/crcc/ccr: 0.000000000 0.274091139 0.725908861
QJ:/crcc/crc: 0.000000000 0.428181114 0.571818886
QJ:/crcc/crf: 0.000000000 0.154373095 0.845626905
QJ:/crfc/: 0.799089588 0.200910412 0.000000000
QJ:/crfc/cr: 0.000000000 0.000006207 0.999993793
QJ:/rcc/: 0.421007444 0.578992556 0.000000000
QJ:/rcc/ccr: 0.000000000 0.329981681 0.670018319
QJ:/rcc/crc: 0.000000000 0.213008599 0.786991401
QJ:/rcc/crf: 0.000000000 0.000000000 1.000000000
QJ:/rcf/: 0.298606529 0.701393471 0.000000000
QJ:/rcf/cr: 0.000000000 0.099311625 0.900688375
QJ:/rfc/: 0.166463533 0.833536467 0.000000000
QJ:/rfc/cr: 0.000000000 0.994511365 0.005488635
QK:/ccc/: 0.970047974 0.029952026 0.000000000
QK:/ccc/ccr: 0.000000000 0.360743328 0.639256672
QK:/ccc/crc: 0.000000000 0.409081259 0.590918741
QK:/ccc/crf: 0.000000000 0.648418729 0.351581271
QK:/ccrcc/: 0.764535006 0.235464994 0.000000000
QK:/ccrcc/ccr: 0.000000000 1.000000000 0.000000000
QK:/ccrcc/crc: 0.000000000 0.715290150 0.284709850
QK:/ccrcc/crf: 0.000000000 0.825912366 0.174087634
QK:/ccrcf/: 0.962117753 0.037882247 0.000000000
QK:/ccrcf/cr: 0.000000000 0.938748743 0.061251257
QK:/crcc/: 1.000000000 0.000000000 0.000000000
QK:/crcc/ccr: 0.000000000 0.165903918 0.834096082
QK:/crcc/crc: 0.000000000 0.210640717 0.789359283
QK:/crcc/crf: 0.000000000 0.429657499 0.570342501
QK:/crfc/: 0.306129143 0.693870857 0.000000000
QK:/crfc/cr: 0.000000000 0.949839083 0.050160917
QK:/rcc/: 0.000000000 1.000000000 0.000000000
QK:/rcc/ccr: 0.000000000 0.250674147 0.749325853
QK:/rcc/crc: 0.000000000 0.257588456 0.742411544
QK:/rcc/crf: 0.000000000 0.491272560 0.508727440
QK:/rcf/: 0.926594990 0.073405010 0.000000000
QK:/rcf/cr: 0.000000000 0.431288601 0.568711399
QK:/rfc/: 0.073612116 0.926387884 0.000000000
QK:/rfc/cr: 0.000000000 0.510521903 0.489478097
QQ:/ccc/: 0.793892444 0.206107556 0.000000000
QQ:/ccc/ccr: 0.000000000 0.876443527 0.123556473
QQ:/ccc/crc: 0.000000000 0.846137881 0.153862119
QQ:/ccc/crf: 0.000000000 0.925633708 0.074366292
QQ:/ccrcc/: 0.689892933 0.310107067 0.000000000
QQ:/ccrcc/ccr: 0.000000000 0.995460466 0.004539534
QQ:/ccrcc/crc: 0.000000000 1.000000000 0.000000000
QQ:/ccrcc/crf: 0.000000000 1.000000000 0.000000000
QQ:/ccrcf/: 0.404656117 0.595343883 0.000000000
QQ:/ccrcf/cr: 0.000000000 0.475153082 0.524846918
QQ:/crcc/: 0.669660772 0.330339228 0.000000000
QQ:/crcc/ccr: 0.000000000 0.489471820 0.510528180
QQ:/crcc/crc: 0.000000000 1.000000000 0.000000000
QQ:/crcc/crf: 0.000000000 1.000000000 0.000000000
QQ:/crfc/: 0.501027807 0.498972193 0.000000000
QQ:/crfc/cr: 0.000000000 1.000000000 0.000000000
QQ:/rcc/: 0.726932276 0.273067724 0.000000000
QQ:/rcc/ccr: 0.000000000 0.678896796 0.321103204
QQ:/rcc/crc: 0.000000000 1.000000000 0.000000000
QQ:/rcc/crf: 0.000000000 1.000000000 0.000000000
QQ:/rcf/: 0.559394889 0.440605111 0.000000000
QQ:/rcf/cr: 0.000000000 1.000000000 0.000000000
QQ:/rfc/: 0.525368892 0.474631108 0.000000000
QQ:/rfc/cr: 0.000000000 0.305435946 0.694564054
