A:/cc: 0.615942048 0.384057952 0.000000000
A:/cr: 0.000000000 0.743600846 0.256399154
A:/rc: 0.000000000 1.000000000 0.000000000
A:/rf: 0.000000000 0.934178428 0.065821572
AA:/ccc/cc: 0.764472245 0.235527755 0.000000000
AA:/ccc/cr: 0.000000000 0.586399665 0.413600335
AA:/ccc/rc: 0.000000000 0.712700574 0.287299426
AA:/ccc/rf: 0.000000000 0.672129360 0.327870640
AA:/ccrcc/cc: 0.122840111 0.877159889 0.000000000
AA:/ccrcc/cr: 0.000000000 0.374462788 0.625537212
AA:/ccrcc/rc: 0.000000000 0.951746438 0.048253562
AA:/ccrcc/rf: 0.000000000 0.668329630 0.331670370
AA:/ccrcf/c: 0.491422094 0.508577906 0.000000000
AA:/ccrcf/r: 0.000000000 0.205293866 0.794706134
AA:/ccrfc/c: 0.638220027 0.361779973 0.000000000
AA:/ccrfc/r: 0.000000000 0.611508676 0.388491324
AA:/crcc/cc: 0.305027626 0.694972374 0.000000000
AA:/crcc/cr: 0.000000000 0.919124055 0.080875945
AA:/crcc/rc: 0.000000000 0.630709896 0.369290104
AA:/crcc/rf: 0.000000000 0.432191149 0.567808851
AA:/crcf/c: 0.731220772 0.268779228 0.000000000
AA:/crcf/r: 0.000000000 0.585143355 0.414856645
AA:/rcc/cc: 1.000000000 0.000000000 0.000000000
AA:/rcc/cr: 0.000000000 1.000000000 0.000000000
AA:/rcc/rc: 0.000000000 1.000000000 0.000000000
AA:/rcc/rf: 0.000000000 0.643208216 0.356791784
AA:/rfc/c: 0.593773815 0.406226185 0.000000000
AA:/rfc/r: 0.000000000 0.433288360 0.566711640
AJ:/ccc/cc: 0.555155243 0.444844757 0.000000000
AJ:/ccc/cr: 0.000000000 0.128331371 0.871668629
AJ:/ccc/rc: 0.000000000 0.070461197 0.929538803
AJ:/ccc/rf: 0.000000000 0.415628837 0.584371163
AJ:/ccrcc/cc: 0.795865082 0.204134918 0.000000000
AJ:/ccrcc/cr: 0.000000000 0.014165879 0.985834121
AJ:/ccrcc/rc: 0.000000000 0.312446241 0.687553759
AJ:/ccrcc/rf: 0.000000000 0.411946930 0.588053070
AJ:/ccrcf/c: 0.099239102 0.900760898 0.000000000
AJ:/ccrcf/r: 0.000000000 0.811729333 0.188270667
AJ:/ccrfc/c: 0.492840810 0.507159190 0.000000000
AJ:/ccrfc/r: 0.000000000 0.507627051 0.492372949
AJ:/crcc/cc: 0.501643357 0.498356643 0.000000000
AJ:/crcc/cr: 0.000000000 0.494937087 0.505062913
AJ:/crcc/rc: 0.000000000 0.524437313 0.475562687
AJ:/crcc/rf: 0.000000000 0.850306195 0.149693805
AJ:/crcf/c: 0.340880750 0.659119250 0.000000000
AJ:/crcf/r: 0.000000000 0.776068412 0.223931588
AJ:/rcc/cc: 0.463909326 0.536090674 0.000000000
AJ:/rcc/cr: 0.000000000 0.999979473 0.000020527
AJ:/rcc/rc: 0.000000000 1.000000000 0.000000000
AJ:/rcc/rf: 0.000000000 0.545015847 0.454984153
AJ:/rfc/c: 0.976634645 0.023365355 0.000000000
AJ:/rfc/r: 0.000000000 0.591278713 0.408721287
AK:/ccc/cc: 0.830146708 0.169853292 0.000000000
AK:/ccc/cr: 0.000000000 0.417260233 0.582739767
AK:/ccc/rc: 0.000000000 0.388119204 0.611880796
AK:/ccc/rf: 0.000000000 0.415214916 0.584785084
AK:/ccrcc/cc: 0.344495833 0.655504167 0.000000000
AK:/ccrcc/cr: 0.000000000 0.057732212 0.942267788
AK:/ccrcc/rc: 0.000000000 0.421187688 0.578812312
AK:/ccrcc/rf: 0.000000000 0.339049338 0.660950662
AK:/ccrcf/c: 0.121635487 0.878364513 0.000000000
AK:/ccrcf/r: 0.000000000 0.867994952 0.132005048
AK:/ccrfc/c: 0.444815627 0.555184373 0.000000000
AK:/ccrfc/r: 0.000000000 0.683052605 0.316947395
AK:/crcc/cc: 0.451397119 0.548602881 0.000000000
AK:/crcc/cr: 0.000000000 0.366903607 0.633096393
AK:/crcc/rc: 0.000000000 0.393978557 0.606021443
AK:/crcc/rf: 0.000000000 0.171707693 0.828292307
AK:/crcf/c: 0.962484830 0.037515170 0.000000000
AK:/crcf/r: 0.000000000 0.500861864 0.499138136
AK:/rcc/cc: 0.623497374 0.376502626 0.000000000
AK:/rcc/cr: 0.000000000 1.000000000 0.000000000
AK:/rcc/rc: 0.000000000 0.393989027 0.606010973
AK:/rcc/rf: 0.000000000 0.500800386 0.499199614
AK:/rfc/c: 0.820581291 0.179418709 0.000000000
AK:/rfc/r: 0.000000000 0.307431559 0.692568441
AQ:/ccc/cc: 0.376320738 0.623679262 0.000000000
AQ:/ccc/cr: 0.000000000 0.473077064 0.526922936
AQ:/ccc/rc: 0.000000000 0.503555641 0.496444359
AQ:/ccc/rf: 0.000000000 0.048939712 0.951060288
AQ:/ccrcc/cc: 0.830545105 0.169454895 0.000000000
AQ:/ccrcc/cr: 0.000000000 0.105075957 0.894924043
AQ:/ccrcc/rc: 0.000000000 0.251954505 0.748045495
AQ:/ccrcc/rf: 0.000000000 0.895330443 0.104669557
AQ:/ccrcf/c: 0.746672793 0.253327207 0.000000000
AQ:/ccrcf/r: 0.000000000 0.565159300 0.434840700
AQ:/ccrfc/c: 0.797746950 0.202253050 0.000000000
AQ:/ccrfc/r: 0.000000000 0.674130451 0.325869549
AQ:/crcc/cc: 0.546152693 0.453847307 0.000000000
AQ:/crcc/cr: 0.000000000 0.589524652 0.410475348
AQ:/crcc/rc: 0.000000000 0.757793535 0.242206465
AQ:/crcc/rf: 0.000000000 0.007823475 0.992176525
AQ:/crcf/c: 0.276125806 0.723874194 0.000000000
AQ:/crcf/r: 0.000000000 0.934336954 0.065663046
AQ:/rcc/cc: 0.160184182 0.839815818 0.000000000
AQ:/rcc/cr: 0.000000000 0.901580704 0.098419296
AQ:/rcc/rc: 0.000000000 1.000000000 0.000000000
AQ:/rcc/rf: 0.000000000 0.305435946 0.694564054
AQ:/rfc/c: 0.545180762 0.454819238 0.000000000
AQ:/rfc/r: 0.000000000 0.295982451 0.704017549
J:/cc: 0.686586445 0.313413555 0.000000000
J:/cr: 0.000000000 0.342265578 0.657734422
J:/rc: 0.000000000 0.407246279 0.592753721
J:/rf: 0.000000000 0.147862567 0.852137433
JA:/ccc/cc: 0.417506333 0.582493667 0.000000000
JA:/ccc/cr: 0.000000000 0.483827700 0.516172300
JA:/ccc/rc: 0.000000000 0.897561511 0.102438489
JA:/ccc/rf: 0.000000000 0.969456937 0.030543063
JA:/ccrcc/cc: 0.790759740 0.209240260 0.000000000
JA:/ccrcc/cr: 0.000000000 0.390831129 0.609168871
JA:/ccrcc/rc: 0.000000000 0.857990919 0.142009081
JA:/ccrcc/rf: 0.000000000 0.608366898 0.391633102
JA:/ccrcf/c: 0.152503883 0.847496117 0.000000000
JA:/ccrcf/r: 0.000000000 0.435613171 0.564386829
JA:/ccrfc/c: 0.460323177 0.539676823 0.000000000
JA:/ccrfc/r: 0.000000000 0.204088833 0.795911167
JA:/crcc/cc: 0.938208147 0.061791853 0.000000000
JA:/crcc/cr: 0.000000000 0.646542552 0.353457448
JA:/crcc/rc: 0.000000000 0.946088808 0.053911192
JA:/crcc/rf: 0.000000000 0.193883054 0.806116946
JA:/crcf/c: 0.758272687 0.241727313 0.000000000
JA:/crcf/r: 0.000000000 0.742980303 0.257019697
JA:/rcc/cc: 0.566408083 0.433591917 0.000000000
JA:/rcc/cr: 0.000000000 0.000000000 1.000000000
JA:/rcc/rc: 0.000000000 0.539076966 0.460923034
JA:/rcc/rf: 0.000000000 0.373705442 0.626294558
JA:/rfc/c: 0.984154731 0.015845269 0.000000000
JA:/rfc/r: 0.000000000 0.197956730 0.802043270
JJ:/ccc/cc: 0.836001483 0.163998517 0.000000000
JJ:/ccc/cr: 0.000000000 0.844203645 0.155796355
JJ:/ccc/rc: 0.000000000 0.346502751 0.653497249
JJ:/ccc/rf: 0.000000000 0.024441843 0.975558157
JJ:/ccrcc/cc: 0.487093464 0.512906536 0.000000000
JJ:/ccrcc/cr: 0.000000000 0.302158962 0.697841038
JJ:/ccrcc/rc: 0.000000000 0.053494547 0.946505453
JJ:/ccrcc/rf: 0.000000000 0.083433980 0.916566020
JJ:/ccrcf/c: 0.414574046 0.585425954 0.000000000
JJ:/ccrcf/r: 0.000000000 0.439032998 0.560967002
JJ:/ccrfc/c: 0.959070941 0.040929059 0.000000000
JJ:/ccrfc/r: 0.000000000 0.083047170 0.916952830
JJ:/crcc/cc: 0.290219876 0.709780124 0.000000000
JJ:/crcc/cr: 0.000000000 0.600545029 0.399454971
JJ:/crcc/rc: 0.000000000 0.391680508 0.608319492
JJ:/crcc/rf: 0.000000000 0.163491160 0.836508840
JJ:/crcf/c: 0.563184300 0.436815700 0.000000000
JJ:/crcf/r: 0.000000000 0.702195610 0.297804390
JJ:/rcc/cc: 0.812586338 0.187413662 0.000000000
JJ:/rcc/cr: 0.000000000 1.000000000 0.000000000
JJ:/rcc/rc: 0.000000000 1.000000000 0.000000000
JJ:/rcc/rf: 0.000000000 0.223882407 0.776117593
JJ:/rfc/c: 0.403597643 0.596402357 0.000000000
JJ:/rfc/r: 0.000000000 0.437191833 0.562808167
JK:/ccc/cc: 0.312778481 0.687221519 0.000000000
JK:/ccc/cr: 0.000000000 0.829240209 0.170759791
JK:/ccc/rc: 0.000000000 0.559570144 0.440429856
JK:/ccc/rf: 0.000000000 0.363503721 0.636496279
JK:/ccrcc/cc: 0.453672341 0.546327659 0.000000000
JK:/ccrcc/cr: 0.000000000 0.700483692 0.299516308
JK:/ccrcc/rc: 0.000000000 0.872796769 0.127203231
JK:/ccrcc/rf: 0.000000000 0.086618700 0.913381300
JK:/ccrcf/c: 0.435712655 0.564287345 0.000000000
JK:/ccrcf/r: 0.000000000 0.703528914 0.296471086
JK:/ccrfc/c: 0.458465338 0.541534662 0.000000000
JK:/ccrfc/r: 0.000000000 0.728797780 0.271202220
JK:/crcc/cc: 0.210008204 0.789991796 0.000000000
JK:/crcc/cr: 0.000000000 0.534663451 0.465336549
JK:/crcc/rc: 0.000000000 0.274105239 0.725894761
JK:/crcc/rf: 0.000000000 0.342839383 0.657160617
JK:/crcf/c: 0.320139027 0.679860973 0.000000000
JK:/crcf/r: 0.000000000 0.934373469 0.065626531
JK:/rcc/cc: 0.517947406 0.482052594 0.000000000
JK:/rcc/cr: 0.000000000 0.000000000 1.000000000
JK:/rcc/rc: 0.000000000 0.223305277 0.776694723
JK:/rcc/rf: 0.000000000 0.269037425 0.730962575
JK:/rfc/c: 0.759713814 0.240286186 0.000000000
JK:/rfc/r: 0.000000000 0.411307566 0.588692434
JQ:/ccc/cc: 0.744012876 0.255987124 0.000000000
JQ:/ccc/cr: 0.000000000 0.551227508 0.448772492
JQ:/ccc/rc: 0.000000000 0.146095032 0.853904968
JQ:/ccc/rf: 0.000000000 0.747199153 0.252800847
JQ:/ccrcc/cc: 0.938695409 0.061304591 0.000000000
JQ:/ccrcc/cr: 0.000000000 0.554797746 0.445202254
JQ:/ccrcc/rc: 0.000000000 0.570549344 0.429450656
JQ:/ccrcc/rf: 0.000000000 0.540707691 0.459292309
JQ:/ccrcf/c: 0.289454952 0.710545048 0.000000000
JQ:/ccrcf/r: 0.000000000 0.927477148 0.072522852
JQ:/ccrfc/c: 0.679877664 0.320122336 0.000000000
JQ:/ccrfc/r: 0.000000000 0.919904166 0.080095834
JQ:/crcc/cc: 0.663947111 0.336052889 0.000000000
JQ:/crcc/cr: 0.000000000 0.193137024 0.806862976
JQ:/crcc/rc: 0.000000000 0.135958871 0.864041129
JQ:/crcc/rf: 0.000000000 0.752627335 0.247372665
JQ:/crcf/c: 0.176900891 0.823099109 0.000000000
JQ:/crcf/r: 0.000000000 0.882059622 0.117940378
JQ:/rcc/cc: 0.069244837 0.930755163 0.000000000
JQ:/rcc/cr: 0.000000000 0.203105163 0.796894837
JQ:/rcc/rc: 0.000000000 0.000000000 1.000000000
JQ:/rcc/rf: 0.000000000 0.464736566 0.535263434
JQ:/rfc/c: 0.393090190 0.606909810 0.000000000
JQ:/rfc/r: 0.000000000 0.838122950 0.161877050
K:/cc: 0.187997942 0.812002058 0.000000000
K:/cr: 0.000000000 0.858525138 0.141474862
K:/rc: 0.000000000 1.000000000 0.000000000
K:/rf: 0.000000000 0.641790554 0.358209446
KA:/ccc/cc: 0.305508895 0.694491105 0.000000000
KA:/ccc/cr: 0.000000000 0.159071695 0.840928305
KA:/ccc/rc: 0.000000000 0.408871189 0.591128811
KA:/ccc/rf: 0.000000000 0.373752232 0.626247768
KA:/ccrcc/cc: 0.319412332 0.680587668 0.000000000
KA:/ccrcc/cr: 0.000000000 0.411610566 0.588389434
KA:/ccrcc/rc: 0.000000000 0.677858541 0.322141459
KA:/ccrcc/rf: 0.000000000 0.782666026 0.217333974
KA:/ccrcf/c: 0.439888900 0.560111100 0.000000000
KA:/ccrcf/r: 0.000000000 0.883974289 0.116025711
KA:/ccrfc/c: 0.545309867 0.454690133 0.000000000
KA:/ccrfc/r: 0.000000000 0.363369276 0.636630724
KA:/crcc/cc: 0.786519649 0.213480351 0.000000000
KA:/crcc/cr: 0.000000000 0.524287994 0.475712006
KA:/crcc/rc: 0.000000000 1.000000000 0.000000000
KA:/crcc/rf: 0.000000000 0.523131801 0.476868199
KA:/crcf/c: 0.928214036 0.071785964 0.000000000
KA:/crcf/r: 0.000000000 0.586797904 0.413202096
KA:/rcc/cc: 0.900570902 0.099429098 0.000000000
KA:/rcc/cr: 0.000000000 1.000000000 0.000000000
KA:/rcc/rc: 0.000000000 0.731024664 0.268975336
KA:/rcc/rf: 0.000000000 0.214432645 0.785567355
KA:/rfc/c: 0.551395197 0.448604803 0.000000000
KA:/rfc/r: 0.000000000 0.947175690 0.052824310
KJ:/ccc/cc: 0.325240537 0.674759463 0.000000000
KJ:/ccc/cr: 0.000000000 0.412623010 0.587376990
KJ:/ccc/rc: 0.000000000 0.294087783 0.705912217
KJ:/ccc/rf: 0.000000000 0.465763021 0.534236979
KJ:/ccrcc/cc: 0.446699939 0.553300061 0.000000000
KJ:/ccrcc/cr: 0.000000000 0.614908036 0.385091964
KJ:/ccrcc/rc: 0.000000000 0.254650329 0.745349671
KJ:/ccrcc/rf: 0.000000000 0.981312222 0.018687778
KJ:/ccrcf/c: 0.492507807 0.507492193 0.000000000
KJ:/ccrcf/r: 0.000000000 0.418919305 0.581080695
KJ:/ccrfc/c: 0.858189811 0.141810189 0.000000000
KJ:/ccrfc/r: 0.000000000 0.115440519 0.884559481
KJ:/crcc/cc: 0.072899025 0.927100975 0.000000000
KJ:/crcc/cr: 0.000000000 0.267172967 0.732827033
KJ:/crcc/rc: 0.000000000 0.430291812 0.569708188
KJ:/crcc/rf: 0.000000000 0.770971021 0.229028979
KJ:/crcf/c: 0.261187836 0.738812164 0.000000000
KJ:/crcf/r: 0.000000000 0.618004841 0.381995159
KJ:/rcc/cc: 0.342326966 0.657673034 0.000000000
KJ:/rcc/cr: 0.000000000 0.000006971 0.999993029
KJ:/rcc/rc: 0.000000000 0.257519055 0.742480945
KJ:/rcc/rf: 0.000000000 0.480015959 0.519984041
KJ:/rfc/c: 0.539922701 0.460077299 0.000000000
KJ:/rfc/r: 0.000000000 0.324762208 0.675237792
KK:/ccc/cc: 0.682450472 0.317549528 0.000000000
KK:/ccc/cr: 0.000000000 0.818493956 0.181506044
KK:/ccc/rc: 0.000000000 0.870323237 0.129676763
KK:/ccc/rf: 0.000000000 0.786675399 0.213324601
KK:/ccrcc/cc: 0.154916886 0.845083114 0.000000000
KK:/ccrcc/cr: 0.000000000 0.449150742 0.550849258
KK:/ccrcc/rc: 0.000000000 0.689308338 0.310691662
KK:/ccrcc/rf: 0.000000000 0.492543558 0.507456442
KK:/ccrcf/c: 0.498489314 0.501510686 0.000000000
KK:/ccrcf/r: 0.000000000 0.701020898 0.298979102
KK:/ccrfc/c: 0.870632989 0.129367011 0.000000000
KK:/ccrfc/r: 0.000000000 0.465023821 0.534976179
KK:/crcc/cc: 0.624152844 0.375847156 0.000000000
KK:/crcc/cr: 0.000000000 0.120943025 0.879056975
KK:/crcc/rc: 0.000000000 0.468126422 0.531873578
KK:/crcc/rf: 0.000000000 0.697750454 0.302249546
KK:/crcf/c: 0.732530190 0.267469810 0.000000000
KK:/crcf/r: 0.000000000 0.770799273 0.229200727
KK:/rcc/cc: 0.778744786 0.221255214 0.000000000
KK:/rcc/cr: 0.000000000 1.000000000 0.000000000
KK:/rcc/rc: 0.000000000 0.979111795 0.020888205
KK:/rcc/rf: 0.000000000 0.251165489 0.748834511
KK:/rfc/c: 0.514352517 0.485647483 0.000000000
KK:/rfc/r: 0.000000000 0.336765375 0.663234625
KQ:/ccc/cc: 0.572478334 0.427521666 0.000000000
KQ:/ccc/cr: 0.000000000 0.489866574 0.510133426
KQ:/ccc/rc: 0.000000000 0.514656825 0.485343175
KQ:/ccc/rf: 0.000000000 0.728116233 0.271883767
KQ:/ccrcc/cc: 0.435278576 0.564721424 0.000000000
KQ:/ccrcc/cr: 0.000000000 0.580672335 0.419327665
KQ:/ccrcc/rc: 0.000000000 0.387395665 0.612604335
KQ:/ccrcc/rf: 0.000000000 0.757501643 0.242498357
KQ:/ccrcf/c: 0.961871404 0.038128596 0.000000000
KQ:/ccrcf/r: 0.000000000 0.263163330 0.736836670
KQ:/ccrfc/c: 0.214352671 0.785647329 0.000000000
KQ:/ccrfc/r: 0.000000000 0.207695276 0.792304724
KQ:/crcc/cc: 0.648098190 0.351901810 0.000000000
KQ:/crcc/cr: 0.000000000 0.140656026 0.859343974
KQ:/crcc/rc: 0.000000000 0.919539439 0.080460561
KQ:/crcc/rf: 0.000000000 0.561478060 0.438521940
KQ:/crcf/c: 0.597057566 0.402942434 0.000000000
KQ:/crcf/r: 0.000000000 0.611473432 0.388526568
KQ:/rcc/cc: 0.428985765 0.571014235 0.000000000
KQ:/rcc/cr: 0.000000000 0.339673698 0.660326302
KQ:/rcc/rc: 0.000000000 0.205151416 0.794848584
KQ:/rcc/rf: 0.000000000 0.359296537 0.640703463
KQ:/rfc/c: 0.813467648 0.186532352 0.000000000
KQ:/rfc/r: 0.000000000 0.745453553 0.254546447
Q:/cc: 0.227773628 0.772226372 0.000000000
Q:/cr: 0.000000000 0.896898396 0.103101604
Q:/rc: 0.000000000 1.000000000 0.000000000
Q:/rf: 0.000000000 0.511867625 0.488132375
QA:/ccc/cc: 0.290942873 0.709057127 0.000000000
QA:/ccc/cr: 0.000000000 0.331360492 0.668639508
QA:/ccc/rc: 0.000000000 0.056948467 0.943051533
QA:/ccc/rf: 0.000000000 0.015575813 0.984424187
QA:/ccrcc/cc: 0.542886070 0.457113930 0.000000000
QA:/ccrcc/cr: 0.000000000 0.113683897 0.886316103
QA:/ccrcc/rc: 0.000000000 0.231179493 0.768820507
QA:/ccrcc/rf: 0.000000000 0.456707613 0.543292387
QA:/ccrcf/c: 0.303879745 0.696120255 0.000000000
QA:/ccrcf/r: 0.000000000 0.461121247 0.538878753
QA:/ccrfc/c: 0.752498111 0.247501889 0.000000000
QA:/ccrfc/r: 0.000000000 0.290892358 0.709107642
QA:/crcc/cc: 0.185896599 0.814103401 0.000000000
QA:/crcc/cr: 0.000000000 0.200054045 0.799945955
QA:/crcc/rc: 0.000000000 0.260463958 0.739536042
QA:/crcc/rf: 0.000000000 0.583698457 0.416301543
QA:/crcf/c: 0.477161863 0.522838137 0.000000000
QA:/crcf/r: 0.000000000 0.558313453 0.441686547
QA:/rcc/cc: 0.267036838 0.732963162 0.000000000
QA:/rcc/cr: 0.000000000 0.114285031 0.885714969
QA:/rcc/rc: 0.000000000 0.343487724 0.656512276
QA:/rcc/rf: 0.000000000 0.563034410 0.436965590
QA:/rfc/c: 0.877748680 0.122251320 0.000000000
QA:/rfc/r: 0.000000000 0.409566064 0.590433936
QJ:/ccc/cc: 0.928226635 0.071773365 0.000000000
QJ:/ccc/cr: 0.000000000 0.671913445 0.328086555
QJ:/ccc/rc: 0.000000000 0.870420844 0.129579156
QJ:/ccc/rf: 0.000000000 0.678610954 0.321389046
QJ:/ccrcc/cc: 0.382329379 0.617670621 0.000000000
QJ:/ccrcc/cr: 0.000000000 0.200228243 0.799771757
QJ:/ccrcc/rc: 0.000000000 0.326456987 0.673543013
QJ:/ccrcc/rf: 0.000000000 0.764256795 0.235743205
QJ:/ccrcf/c: 0.475791486 0.524208514 0.000000000
QJ:/ccrcf/r: 0.000000000 0.547529805 0.452470195
QJ:/ccrfc/c: 0.467782830 0.532217170 0.000000000
QJ:/ccrfc/r: 0.000000000 0.579748863 0.420251137
QJ:/crcc/cc: 0.762322090 0.237677910 0.000000000
QJ:/crcc/cr: 0.000000000 0.248834557 0.751165443
QJ:/crcc/rc: 0.000000000 0.193003542 0.806996458
QJ:/crcc/rf: 0.000000000 0.741884541 0.258115459
QJ:/crcf/c: 0.584343062 0.415656938 0.000000000
QJ:/crcf/r: 0.000000000 0.187098979 0.812901021
QJ:/rcc/cc: 0.018858913 0.981141087 0.000000000
QJ:/rcc/cr: 0.000000000 0.000000000 1.000000000
QJ:/rcc/rc: 0.000000000 0.000000000 1.000000000
QJ:/rcc/rf: 0.000000000 0.539026162 0.460973838
QJ:/rfc/c: 0.605437537 0.394562463 0.000000000
QJ:/rfc/r: 0.000000000 0.582332699 0.417667301
QK:/ccc/cc: 0.885827819 0.114172181 0.000000000
QK:/ccc/cr: 0.000000000 0.091652063 0.908347937
QK:/ccc/rc: 0.000000000 0.461511003 0.538488997
QK:/ccc/rf: 0.000000000 0.129694507 0.870305493
QK:/ccrcc/cc: 0.478668316 0.521331684 0.000000000
QK:/ccrcc/cr: 0.000000000 0.188623689 0.811376311
QK:/ccrcc/rc: 0.000000000 0.764314959 0.235685041
QK:/ccrcc/rf: 0.000000000 0.830084317 0.169915683
QK:/ccrcf/c: 0.517880183 0.482119817 0.000000000
QK:/ccrcf/r: 0.000000000 0.511960361 0.488039639
QK:/ccrfc/c: 0.302081989 0.697918011 0.000000000
QK:/ccrfc/r: 0.000000000 0.539334180 0.460665820
QK:/crcc/cc: 0.499931497 0.500068503 0.000000000
QK:/crcc/cr: 0.000000000 0.712793238 0.287206762
QK:/crcc/rc: 0.000000000 0.505326004 0.494673996
QK:/crcc/rf: 0.000000000 0.199220400 0.800779600
QK:/crcf/c: 0.544307296 0.455692704 0.000000000
QK:/crcf/r: 0.000000000 0.554099902 0.445900098
QK:/rcc/cc: 0.188114447 0.811885553 0.000000000
QK:/rcc/cr: 0.000000000 0.223886624 0.776113376
QK:/rcc/rc: 0.000000000 0.337583674 0.662416326
QK:/rcc/rf: 0.000000000 0.366623730 0.633376270
QK:/rfc/c: 0.784132602 0.215867398 0.000000000
QK:/rfc/r: 0.000000000 0.379599221 0.620400779
QQ:/ccc/cc: 0.358181682 0.641818318 0.000000000
QQ:/ccc/cr: 0.000000000 0.228594161 0.771405839
QQ:/ccc/rc: 0.000000000 0.507687056 0.492312944
QQ:/ccc/rf: 0.000000000 0.484728641 0.515271359
QQ:/ccrcc/cc: 0.490142337 0.509857663 0.000000000
QQ:/ccrcc/cr: 0.000000000 0.605670725 0.394329275
QQ:/ccrcc/rc: 0.000000000 0.642389909 0.357610091
QQ:/ccrcc/rf: 0.000000000 0.745379595 0.254620405
QQ:/ccrcf/c: 0.690642562 0.309357438 0.000000000
QQ:/ccrcf/r: 0.000000000 0.799297457 0.200702543
QQ:/ccrfc/c: 0.546445980 0.453554020 0.000000000
QQ:/ccrfc/r: 0.000000000 0.835064469 0.164935531
QQ:/crcc/cc: 0.725297591 0.274702409 0.000000000
QQ:/crcc/cr: 0.000000000 0.556496395 0.443503605
QQ:/crcc/rc: 0.000000000 0.387053083 0.612946917
QQ:/crcc/rf: 0.000000000 0.714369215 0.285630785
QQ:/crcf/c: 0.811636826 0.188363174 0.000000000
QQ:/crcf/r: 0.000000000 0.336494967 0.663505033
QQ:/rcc/cc: 0.635990550 0.364009450 0.000000000
QQ:/rcc/cr: 0.000000000 1.000000000 0.000000000
QQ:/rcc/rc: 0.000000000 1.000000000 0.000000000
QQ:/rcc/rf: 0.000000000 0.973308930 0.026691070
QQ:/rfc/c: 0.220931600 0.779068400 0.000000000
QQ:/rfc/r: 0.000000000 0.482712334 0.517287666
