A:/: 0.000699598 0.999300402 0.000000000
A:/cccr: 1.000000000 0.000000000 0.000000000
A:/cccrccrc: 0.000000000 0.544343872 0.455656128
A:/cccrccrf: 0.000000000 0.849712498 0.150287502
A:/cccrcfrc: 0.000000000 0.340231381 0.659768619
A:/cccrcfrf: 0.000000000 0.662625557 0.337374443
A:/cccrcrcc: 0.000000000 0.548951858 0.451048142
A:/cccrcrcf: 0.000000000 1.000000000 0.000000000
A:/cccrcrfc: 0.000000000 0.999999993 0.000000007
A:/cccrcrff: 0.000000000 0.945778214 0.054221786
A:/ccrc: 0.979775058 0.020224942 0.000000000
A:/ccrccrcc: 0.000000000 0.450807459 0.549192541
A:/ccrccrcf: 0.000000000 0.789702210 0.210297790
A:/ccrccrfc: 0.000000000 0.837451402 0.162548598
A:/ccrccrff: 0.000000000 1.000000000 0.000000000
A:/ccrf: 0.640993859 0.358976165 0.000029976
A:/ccrfcrc: 0.000000000 0.460058314 0.539941686
A:/ccrfcrf: 0.000000000 0.999989182 0.000010818
A:/ccrr: 0.000000000 1.000000000 0.000000000
A:/crcc: 0.159915250 0.840084750 0.000000000
A:/crcf: 0.463982803 0.281158602 0.254858594
A:/crcr: 0.000000000 1.000000000 0.000000000
A:/crfc: 1.000000000 0.000000000 0.000000000
A:/crff: 0.207604240 0.792395760 0.000000000
A:/crfr: 0.000000000 1.000000000 0.000000000
A:/crrc: 0.000000000 0.600216760 0.399783240
A:/crrf: 0.000000000 1.000000000 0.000000000
A:/rccr: 0.000000000 1.000000000 0.000000000
A:/rcfr: 0.000000000 0.999491586 0.000508414
A:/rcrc: 0.000000000 1.000000000 0.000000000
A:/rcrf: 0.000000000 1.000000000 0.000000000
A:/rfcr: 0.000000000 0.878189956 0.121810044
A:/rffr: 0.000000000 1.000000000 0.000000000
A:/rfrc: 0.000000000 1.000000000 0.000000000
A:/rfrf: 0.000000000 0.989217312 0.010782688
A:/rrcc: 0.000000000 0.999796615 0.000203385
A:/rrcf: 0.000000000 0.999999537 0.000000463
A:/rrfc: 0.000000000 1.000000000 0.000000000
A:/rrff: 0.000000000 0.999278773 0.000721227
J:/: 0.903273971 0.096726029 0.000000000
J:/cccr: 0.000248505 0.000000000 0.999751495
J:/cccrccrc: 0.000000000 0.203486360 0.796513640
J:/cccrccrf: 0.000000000 0.696769340 0.303230660
J:/cccrcfrc: 0.000000000 0.000000000 1.000000000
J:/cccrcfrf: 0.000000000 0.474832894 0.525167106
J:/cccrcrcc: 0.000000000 0.582207453 0.417792547
J:/cccrcrcf: 0.000000000 0.651134798 0.348865202
J:/cccrcrfc: 0.000000000 0.350013037 0.649986963
J:/cccrcrff: 0.000000000 0.190766570 0.809233430
J:/ccrc: 0.000115165 0.999884835 0.000000000
J:/ccrccrcc: 0.000000000 0.377211686 0.622788314
J:/ccrccrcf: 0.000000000 0.132899217 0.867100783
J:/ccrccrfc: 0.000000000 0.257359537 0.742640463
J:/ccrccrff: 0.000000000 0.220796450 0.779203550
J:/ccrf: 0.749539074 0.250460926 0.000000000
J:/ccrfcrc: 0.000000000 0.556526777 0.443473223
J:/ccrfcrf: 0.000000000 0.000014402 0.999985598
J:/ccrr: 0.000000000 0.649563260 0.350436740
J:/crcc: 0.000000000 0.490561289 0.509438711
J:/crcf: 0.047640015 0.495526356 0.456833629
J:/crcr: 0.000000000 0.063161192 0.936838808
J:/crfc: 0.000000000 0.000000000 1.000000000
J:/crff: 0.000000000 1.000000000 0.000000000
J:/crfr: 0.000000000 0.000000000 1.000000000
J:/crrc: 0.000000000 0.127272177 0.872727823
J:/crrf: 0.000000000 0.839748565 0.160251435
J:/rccr: 0.000000000 0.000000000 1.000000000
J:/rcfr: 0.000000000 0.000028333 0.999971667
J:/rcrc: 0.000000000 0.000000000 1.000000000
J:/rcrf: 0.000000000 0.479280729 0.520719271
J:/rfcr: 0.000000000 0.000000000 1.000000000
J:/rffr: 0.000000000 0.000000000 1.000000000
J:/rfrc: 0.000000000 0.222713551 0.777286449
J:/rfrf: 0.000000000 0.348206823 0.651793177
J:/rrcc: 0.000000000 0.561885235 0.438114765
J:/rrcf: 0.000000000 0.040498862 0.959501138
J:/rrfc: 0.000000000 0.000000000 1.000000000
J:/rrff: 0.000000000 0.011522415 0.988477585
K:/: 0.000000000 1.000000000 0.000000000
K:/cccr: 0.000061097 0.523852243 0.476086659
K:/cccrccrc: 0.000000000 0.338991823 0.661008177
K:/cccrccrf: 0.000000000 0.025836154 0.974163846
K:/cccrcfrc: 0.000000000 0.396356234 0.603643766
K:/cccrcfrf: 0.000000000 0.722661385 0.277338615
K:/cccrcrcc: 0.000000000 0.889015536 0.110984464
K:/cccrcrcf: 0.000000000 0.749442602 0.250557398
K:/cccrcrfc: 0.000000000 0.080775873 0.919224127
K:/cccrcrff: 0.000000000 0.593277168 0.406722832
K:/ccrc: 0.868322792 0.131677208 0.000000000
K:/ccrccrcc: 0.000000000 0.276189827 0.723810173
K:/ccrccrcf: 0.000000000 0.584251205 0.415748795
K:/ccrccrfc: 0.000000000 0.815780361 0.184219639
K:/ccrccrff: 0.000000000 0.793691532 0.206308468
K:/ccrf: 0.484049008 0.515950992 0.000000000
K:/ccrfcrc: 0.000000000 1.000000000 0.000000000
K:/ccrfcrf: 0.000000000 0.722660314 0.277339686
K:/ccrr: 0.000000000 1.000000000 0.000000000
K:/crcc: 0.000144116 0.434339496 0.565516387
K:/crcf: 0.000000170 0.312518395 0.687481435
K:/crcr: 0.000000000 0.458708428 0.541291572
K:/crfc: 0.000000000 0.607308836 0.392691164
K:/crff: 0.000000000 1.000000000 0.000000000
K:/crfr: 0.000000000 0.358177665 0.641822335
K:/crrc: 0.000000000 0.345309301 0.654690699
K:/crrf: 0.000000000 0.964201095 0.035798905
K:/rccr: 0.000000000 0.273212613 0.726787387
K:/rcfr: 0.000000000 0.790653596 0.209346404
K:/rcrc: 0.000000000 0.268839008 0.731160992
K:/rcrf: 0.000000000 0.750089607 0.249910393
K:/rfcr: 0.000000000 0.184488447 0.815511553
K:/rffr: 0.000000000 0.999917037 0.000082963
K:/rfrc: 0.000000000 0.532914282 0.467085718
K:/rfrf: 0.000000000 0.296560948 0.703439052
K:/rrcc: 0.000000000 0.863447452 0.136552548
K:/rrcf: 0.000000000 0.426516226 0.573483774
K:/rrfc: 0.000000000 0.460049909 0.539950091
K:/rrff: 0.000000000 0.442019183 0.557980817
Q:/: 0.000073115 0.999926885 0.000000000
Q:/cccr: 0.000326875 0.000000000 0.999673125
Q:/cccrccrc: 0.000000000 0.604463395 0.395536605
Q:/cccrccrf: 0.000000000 0.496306543 0.503693457
Q:/cccrcfrc: 0.000000000 0.084687032 0.915312968
Q:/cccrcfrf: 0.000000000 0.507263026 0.492736974
Q:/cccrcrcc: 0.000000000 0.006283017 0.993716983
Q:/cccrcrcf: 0.000000000 0.722865924 0.277134076
Q:/cccrcrfc: 0.000000000 0.675535729 0.324464271
Q:/cccrcrff: 0.000000000 0.335067458 0.664932542
Q:/ccrc: 0.000197790 0.999802210 0.000000000
Q:/ccrccrcc: 0.000000000 0.550908562 0.449091438
Q:/ccrccrcf: 0.000000000 0.213744109 0.786255891
Q:/ccrccrfc: 0.000000000 0.184898849 0.815101151
Q:/ccrccrff: 0.000000000 0.188739155 0.811260845
Q:/ccrf: 0.251480749 0.744931311 0.003587940
Q:/ccrfcrc: 0.000000000 0.173895739 0.826104261
Q:/ccrfcrf: 0.000000000 0.616907284 0.383092716
Q:/ccrr: 0.000000000 0.486809250 0.513190750
Q:/crcc: 0.000000866 0.650268167 0.349730967
Q:/crcf: 0.116140401 0.576879730 0.306979869
Q:/crcr: 0.000000000 0.705115575 0.294884425
Q:/crfc: 0.264149206 0.000164031 0.735686763
Q:/crff: 0.000000000 1.000000000 0.000000000
Q:/crfr: 0.000000000 0.187284760 0.812715240
Q:/crrc: 0.000000000 0.605358450 0.394641550
Q:/crrf: 0.000000000 0.280229769 0.719770231
Q:/rccr: 0.000000000 0.092031146 0.907968854
Q:/rcfr: 0.000000000 0.097240525 0.902759475
Q:/rcrc: 0.000000000 0.691843542 0.308156458
Q:/rcrf: 0.000000000 0.565829872 0.434170128
Q:/rfcr: 0.000000000 0.000000000 1.000000000
Q:/rffr: 0.000000000 0.000000000 1.000000000
Q:/rfrc: 0.000000000 0.000000000 1.000000000
Q:/rfrf: 0.000000000 0.676714963 0.323285037
Q:/rrcc: 0.000000000 0.258076045 0.741923955
Q:/rrcf: 0.000000000 0.593780004 0.406219996
Q:/rrfc: 0.000000000 0.466345309 0.533654691
Q:/rrff: 0.000000000 0.205954682 0.794045318
T:/: 0.945136894 0.054863106 0.000000000
T:/cccr: 0.000120219 0.000000000 0.999879781
T:/cccrccrc: 0.000000000 0.702249232 0.297750768
T:/cccrccrf: 0.000000000 0.816381547 0.183618453
T:/cccrcfrc: 0.000000000 0.370491638 0.629508362
T:/cccrcfrf: 0.000000000 0.444272653 0.555727347
T:/cccrcrcc: 0.000000000 0.199399348 0.800600652
T:/cccrcrcf: 0.000000000 0.499418315 0.500581685
T:/cccrcrfc: 0.000000000 0.000000968 0.999999032
T:/cccrcrff: 0.000000000 0.339941433 0.660058567
T:/ccrc: 0.000000000 1.000000000 0.000000000
T:/ccrccrcc: 0.000000000 0.457812761 0.542187239
T:/ccrccrcf: 0.000000000 0.522000580 0.477999420
T:/ccrccrfc: 0.000000000 0.082187534 0.917812466
T:/ccrccrff: 0.000000000 0.000009279 0.999990721
T:/ccrf: 0.918989838 0.081010162 0.000000000
T:/ccrfcrc: 0.000000000 0.846197036 0.153802964
T:/ccrfcrf: 0.000000000 0.383316962 0.616683038
T:/ccrr: 0.000000000 0.999605460 0.000394540
T:/crcc: 0.000000000 0.217432506 0.782567494
T:/crcf: 0.000000000 0.195484266 0.804515734
T:/crcr: 0.000000000 0.000000000 1.000000000
T:/crfc: 0.000486669 0.000323262 0.999190069
T:/crff: 0.972790549 0.000000000 0.027209451
T:/crfr: 0.000000000 0.000000000 1.000000000
T:/crrc: 0.000000000 0.704693260 0.295306740
T:/crrf: 0.000000000 0.774520424 0.225479576
T:/rccr: 0.000000000 0.000000000 1.000000000
T:/rcfr: 0.000000000 0.000000000 1.000000000
T:/rcrc: 0.000000000 0.000000000 1.000000000
T:/rcrf: 0.000000000 0.480456108 0.519543892
T:/rfcr: 0.000000000 0.000000000 1.000000000
T:/rffr: 0.000000000 0.000000000 1.000000000
T:/rfrc: 0.000000000 0.000000000 1.000000000
T:/rfrf: 0.000000000 0.438752168 0.561247832
T:/rrcc: 0.000000000 0.235159463 0.764840537
T:/rrcf: 0.000000000 0.000000000 1.000000000
T:/rrfc: 0.000000000 0.249454642 0.750545358
T:/rrff: 0.000000000 0.155343666 0.844656334
