A:/c: 0.584732461 0.415267539 0.000000000
A:/cccrc: 0.568256237 0.431743763 0.000000000
A:/cccrccrcc: 0.000000000 0.504175110 0.495824890
A:/cccrccrcf: 0.000000000 0.079721977 0.920278023
A:/cccrccrfc: 0.000000000 0.337036333 0.662963667
A:/cccrccrff: 0.000000000 0.773600572 0.226399428
A:/cccrf: 0.977040766 0.022959234 0.000000000
A:/cccrfcrc: 0.000000000 0.547349056 0.452650944
A:/cccrfcrf: 0.000000000 1.000000000 0.000000000
A:/cccrr: 0.000000000 1.000000000 0.000000000
A:/ccrcc: 0.414189313 0.585462360 0.000348328
A:/ccrcf: 0.172060004 0.827284988 0.000655008
A:/ccrcr: 0.000000000 1.000000000 0.000000000
A:/ccrfc: 0.644362365 0.153004959 0.202632676
A:/ccrff: 0.705250830 0.186350029 0.108399142
A:/ccrfr: 0.000000000 0.524406406 0.475593594
A:/ccrrc: 0.000000000 0.986180098 0.013819902
A:/ccrrf: 0.000000000 0.999872958 0.000127042
A:/crccr: 0.000000000 0.999999980 0.000000020
A:/crcfr: 0.000000000 0.938099746 0.061900254
A:/crcrc: 0.000000000 0.879974657 0.120025343
A:/crcrf: 0.000000000 0.999481722 0.000518278
A:/crfcr: 0.000000000 0.464124802 0.535875198
A:/crffr: 0.000000000 1.000000000 0.000000000
A:/crfrc: 0.000000000 1.000000000 0.000000000
A:/crfrf: 0.000000000 0.145723303 0.854276697
A:/crrcc: 0.000000000 0.871074656 0.128925344
A:/crrcf: 0.000000000 0.675093079 0.324906921
A:/crrfc: 0.000000000 0.841974908 0.158025092
A:/crrff: 0.000000000 0.758999484 0.241000516
A:/r: 0.000421746 0.999578254 0.000000000
A:/rccrc: 0.000000000 0.662641862 0.337358138
A:/rccrf: 0.000000000 0.805645035 0.194354965
A:/rcfrc: 0.000000000 1.000000000 0.000000000
A:/rcfrf: 0.000000000 0.325809178 0.674190822
A:/rcrcc: 0.000000000 1.000000000 0.000000000
A:/rcrcf: 0.000000000 1.000000000 0.000000000
A:/rcrfc: 0.000000000 0.000000000 1.000000000
A:/rcrff: 0.000000000 0.000000000 1.000000000
J:/c: 1.000000000 0.000000000 0.000000000
J:/cccrc: 0.089644187 0.407697820 0.502657993
J:/cccrccrcc: 0.000000000 0.456805200 0.543194800
J:/cccrccrcf: 0.000000000 0.331934623 0.668065377
J:/cccrccrfc: 0.000000000 0.209262358 0.790737642
J:/cccrccrff: 0.000000000 0.409866289 0.590133711
J:/cccrf: 0.560890590 0.439109410 0.000000000
J:/cccrfcrc: 0.000000000 0.135279780 0.864720220
J:/cccrfcrf: 0.000000000 0.606879043 0.393120957
J:/cccrr: 0.000000000 0.000000000 1.000000000
J:/ccrcc: 0.515156031 0.002730724 0.482113245
J:/ccrcf: 0.172756707 0.156649450 0.670593843
J:/ccrcr: 0.000000000 0.000000000 1.000000000
J:/ccrfc: 0.514129490 0.000000000 0.485870510
J:/ccrff: 1.000000000 0.000000000 0.000000000
J:/ccrfr: 0.000000000 0.000000000 1.000000000
J:/ccrrc: 0.000000000 0.000000000 1.000000000
J:/ccrrf: 0.000000000 0.165956478 0.834043522
J:/crccr: 0.000000000 0.677600047 0.322399953
J:/crcfr: 0.000000000 0.195225401 0.804774599
J:/crcrc: 0.000000000 0.261436161 0.738563839
J:/crcrf: 0.000000000 0.639874416 0.360125584
J:/crfcr: 0.000000000 0.000000000 1.000000000
J:/crffr: 0.000000000 0.000000000 1.000000000
J:/crfrc: 0.000000000 0.000000000 1.000000000
J:/crfrf: 0.000000000 0.682883954 0.317116046
J:/crrcc: 0.000000000 0.071088740 0.928911260
J:/crrcf: 0.000000000 0.630718617 0.369281383
J:/crrfc: 0.000000000 0.000000000 1.000000000
J:/crrff: 0.000000000 0.000000000 1.000000000
J:/r: 0.002057066 0.310233162 0.687709772
J:/rccrc: 0.000000000 0.004552793 0.995447207
J:/rccrf: 0.000000000 0.755983064 0.244016936
J:/rcfrc: 0.000000000 0.070207455 0.929792545
J:/rcfrf: 0.000000000 0.457467471 0.542532529
J:/rcrcc: 0.000000000 0.000000000 1.000000000
J:/rcrcf: 0.000000000 0.000000000 1.000000000
J:/rcrfc: 0.000000000 0.812213358 0.187786642
J:/rcrff: 0.000000000 0.674094549 0.325905451
K:/c: 0.000349610 0.999650390 0.000000000
K:/cccrc: 0.116663316 0.360468927 0.522867757
K:/cccrccrcc: 0.000000000 0.505552304 0.494447696
K:/cccrccrcf: 0.000000000 0.596955138 0.403044862
K:/cccrccrfc: 0.000000000 0.324408414 0.675591586
K:/cccrccrff: 0.000000000 0.088442529 0.911557471
K:/cccrf: 0.603879923 0.396120077 0.000000000
K:/cccrfcrc: 0.000000000 0.449359124 0.550640876
K:/cccrfcrf: 0.000000000 0.906509723 0.093490277
K:/cccrr: 0.000000000 0.194860952 0.805139048
K:/ccrcc: 0.000000000 0.396577140 0.603422860
K:/ccrcf: 0.760547777 0.096425805 0.143026418
K:/ccrcr: 0.000000000 0.000251425 0.999748575
K:/ccrfc: 0.292653498 0.707346502 0.000000000
K:/ccrff: 0.815709416 0.184290584 0.000000000
K:/ccrfr: 0.000000000 0.980920155 0.019079845
K:/ccrrc: 0.000000000 0.000000000 1.000000000
K:/ccrrf: 0.000000000 0.418991675 0.581008325
K:/crccr: 0.000000000 0.567250930 0.432749070
K:/crcfr: 0.000000000 0.327158872 0.672841128
K:/crcrc: 0.000000000 0.080474976 0.919525024
K:/crcrf: 0.000000000 0.814827081 0.185172919
K:/crfcr: 0.000000000 0.578240489 0.421759511
K:/crffr: 0.000000000 0.543627614 0.456372386
K:/crfrc: 0.000000000 0.000000000 1.000000000
K:/crfrf: 0.000000000 0.898338911 0.101661089
K:/crrcc: 0.000000000 0.617564827 0.382435173
K:/crrcf: 0.000000000 0.000000000 1.000000000
K:/crrfc: 0.000000000 0.000000000 1.000000000
K:/crrff: 0.000000000 0.000000000 1.000000000
K:/r: 0.001386128 0.998613872 0.000000000
K:/rccrc: 0.000000000 0.723578997 0.276421003
K:/rccrf: 0.000000000 0.408220868 0.591779132
K:/rcfrc: 0.000000000 0.740492575 0.259507425
K:/rcfrf: 0.000000000 0.211969576 0.788030424
K:/rcrcc: 0.000000000 0.501416197 0.498583803
K:/rcrcf: 0.000000000 0.000000000 1.000000000
K:/rcrfc: 0.000000000 0.449238463 0.550761537
K:/rcrff: 0.000000000 0.707020788 0.292979212
Q:/c: 0.792089371 0.207910629 0.000000000
Q:/cccrc: 0.000185432 0.397792684 0.602021884
Q:/cccrccrcc: 0.000000000 0.987235108 0.012764892
Q:/cccrccrcf: 0.000000000 0.483354654 0.516645346
Q:/cccrccrfc: 0.000000000 0.026415646 0.973584354
Q:/cccrccrff: 0.000000000 0.474593203 0.525406797
Q:/cccrf: 0.265185758 0.734814242 0.000000000
Q:/cccrfcrc: 0.000000000 0.411974270 0.588025730
Q:/cccrfcrf: 0.000000000 0.933494913 0.066505087
Q:/cccrr: 0.000000000 0.000000000 1.000000000
Q:/ccrcc: 0.050206292 0.000176343 0.949617365
Q:/ccrcf: 0.375073851 0.063611304 0.561314845
Q:/ccrcr: 0.000000000 0.000000000 1.000000000
Q:/ccrfc: 0.415631654 0.051924731 0.532443615
Q:/ccrff: 0.759504345 0.017261734 0.223233921
Q:/ccrfr: 0.000000000 0.359099875 0.640900125
Q:/ccrrc: 0.000000000 0.074277809 0.925722191
Q:/ccrrf: 0.000000000 0.155927370 0.844072630
Q:/crccr: 0.000000000 0.570485328 0.429514672
Q:/crcfr: 0.000000000 0.237002250 0.762997750
Q:/crcrc: 0.000000000 0.810975963 0.189024037
Q:/crcrf: 0.000000000 0.001877093 0.998122907
Q:/crfcr: 0.000000000 0.000000000 1.000000000
Q:/crffr: 0.000000000 0.000000000 1.000000000
Q:/crfrc: 0.000000000 0.000000000 1.000000000
Q:/crfrf: 0.000000000 0.945010639 0.054989361
Q:/crrcc: 0.000000000 0.321105488 0.678894512
Q:/crrcf: 0.000000000 0.431401290 0.568598710
Q:/crrfc: 0.000000000 0.237413809 0.762586191
Q:/crrff: 0.000000000 0.235229267 0.764770733
Q:/r: 0.003621776 0.996378224 0.000000000
Q:/rccrc: 0.000000000 0.547991223 0.452008777
Q:/rccrf: 0.000000000 0.583485010 0.416514990
Q:/rcfrc: 0.000000000 0.000000000 1.000000000
Q:/rcfrf: 0.000000000 0.546240475 0.453759525
Q:/rcrcc: 0.000000000 0.216799423 0.783200577
Q:/rcrcf: 0.000000000 0.000000000 1.000000000
Q:/rcrfc: 0.000000000 0.758684116 0.241315884
Q:/rcrff: 0.000000000 0.730118952 0.269881048
T:/c: 1.000000000 0.000000000 0.000000000
T:/cccrc: 0.000435014 0.749398912 0.250166074
T:/cccrccrcc: 0.000000000 0.613777106 0.386222894
T:/cccrccrcf: 0.000000000 0.805884766 0.194115234
T:/cccrccrfc: 0.000000000 0.500049437 0.499950563
T:/cccrccrff: 0.000000000 0.574644185 0.425355815
T:/cccrf: 0.694159663 0.305840337 0.000000000
T:/cccrfcrc: 0.000000000 0.035519968 0.964480032
T:/cccrfcrf: 0.000000000 0.342716014 0.657283986
T:/cccrr: 0.000000000 0.000000000 1.000000000
T:/ccrcc: 0.188739260 0.000936111 0.810324629
T:/ccrcf: 0.043185908 0.388368214 0.568445878
T:/ccrcr: 0.000000000 0.000000000 1.000000000
T:/ccrfc: 0.382800167 0.000000000 0.617199833
T:/ccrff: 1.000000000 0.000000000 0.000000000
T:/ccrfr: 0.000000000 0.000000000 1.000000000
T:/ccrrc: 0.000000000 0.000029290 0.999970710
T:/ccrrf: 0.000000000 0.000000000 1.000000000
T:/crccr: 0.000000000 0.810573352 0.189426648
T:/crcfr: 0.000000000 0.301424964 0.698575036
T:/crcrc: 0.000000000 0.565013020 0.434986980
T:/crcrf: 0.000000000 0.150976132 0.849023868
T:/crfcr: 0.000000000 0.000004661 0.999995339
T:/crffr: 0.000000000 0.000000000 1.000000000
T:/crfrc: 0.000000000 0.011231523 0.988768477
T:/crfrf: 0.000000000 0.662271691 0.337728309
T:/crrcc: 0.000000000 0.828160651 0.171839349
T:/crrcf: 0.000000000 0.000000000 1.000000000
T:/crrfc: 0.000000000 0.000000000 1.000000000
T:/crrff: 0.000000000 0.000000000 1.000000000
T:/r: 0.001897524 0.838630528 0.159471948
T:/rccrc: 0.000000000 0.711104789 0.288895211
T:/rccrf: 0.000000000 0.651413205 0.348586795
T:/rcfrc: 0.000000000 0.362810406 0.637189594
T:/rcfrf: 0.000000000 0.458054855 0.541945145
T:/rcrcc: 0.000000000 0.049639459 0.950360541
T:/rcrcf: 0.000000000 0.000000000 1.000000000
T:/rcrfc: 0.000000000 0.513179236 0.486820764
T:/rcrff: 0.000000000 0.454130845 0.545869155
