A:/cc: 1.000000000 0.000000000 0.000000000
A:/cccrcc: 0.200927034 0.363137984 0.435934982
A:/cccrcf: 0.672369360 0.267417541 0.060213098
A:/cccrcr: 0.000000000 0.161324621 0.838675379
A:/cccrfc: 0.211078322 0.514066301 0.274855377
A:/cccrff: 0.463826880 0.432803048 0.103370072
A:/cccrfr: 0.000000000 0.253632793 0.746367207
A:/cccrrc: 0.000000000 0.206311859 0.793688141
A:/cccrrf: 0.000000000 0.690113905 0.309886095
A:/ccrccr: 0.000000000 0.877874162 0.122125838
A:/ccrcfr: 0.000000000 0.644979464 0.355020536
A:/ccrcrc: 0.000000000 0.609877274 0.390122726
A:/ccrcrf: 0.000000000 0.530959668 0.469040332
A:/ccrfcr: 0.000000000 1.000000000 0.000000000
A:/ccrffr: 0.000000000 0.531249860 0.468750140
A:/ccrfrc: 0.000000000 0.929616663 0.070383337
A:/ccrfrf: 0.000000000 0.894186227 0.105813773
A:/ccrrcc: 0.000000000 0.401049554 0.598950446
A:/ccrrcf: 0.000000000 0.868252659 0.131747341
A:/ccrrfc: 0.000000000 0.509664395 0.490335605
A:/ccrrff: 0.000000000 0.663336124 0.336663876
A:/cr: 0.999068685 0.000931315 0.000000000
A:/crccrc: 0.000000000 0.000000059 0.999999941
A:/crccrf: 0.000000000 0.885489076 0.114510924
A:/crcfrc: 0.000000000 0.704235975 0.295764025
A:/crcfrf: 0.000000000 0.473061322 0.526938678
A:/crcrcc: 0.000000000 0.797474714 0.202525286
A:/crcrcf: 0.000000000 0.999999904 0.000000096
A:/crcrfc: 0.000000000 0.571689650 0.428310350
A:/crcrff: 0.000000000 0.622006846 0.377993154
A:/rc: 1.000000000 0.000000000 0.000000000
A:/rccrcc: 0.000000000 1.000000000 0.000000000
A:/rccrcf: 0.000000000 1.000000000 0.000000000
A:/rccrfc: 0.000000000 1.000000000 0.000000000
A:/rccrff: 0.000000000 1.000000000 0.000000000
A:/rf: 0.729308274 0.270691726 0.000000000
A:/rfcrc: 0.000000000 1.000000000 0.000000000
A:/rfcrf: 0.000000000 1.000000000 0.000000000
A:/rr: 0.000000000 0.999998949 0.000001051
J:/cc: 0.145329934 0.854670066 0.000000000
J:/cccrcc: 0.000000000 0.369668047 0.630331953
J:/cccrcf: 0.000002958 0.322737475 0.677259567
J:/cccrcr: 0.000000000 0.368707074 0.631292926
J:/cccrfc: 0.000000000 0.135250031 0.864749969
J:/cccrff: 0.249629177 0.694268041 0.056102781
J:/cccrfr: 0.000000000 0.116113334 0.883886666
J:/cccrrc: 0.000000000 0.448079891 0.551920109
J:/cccrrf: 0.000000000 0.955658704 0.044341296
J:/ccrccr: 0.000000000 0.000000000 1.000000000
J:/ccrcfr: 0.000000000 0.540621721 0.459378279
J:/ccrcrc: 0.000000000 0.000000000 1.000000000
J:/ccrcrf: 0.000000000 0.520148244 0.479851756
J:/ccrfcr: 0.000000000 0.297546587 0.702453413
J:/ccrffr: 0.000000000 0.635554844 0.364445156
J:/ccrfrc: 0.000000000 0.352663407 0.647336593
J:/ccrfrf: 0.000000000 0.914000669 0.085999331
J:/ccrrcc: 0.000000000 0.196340318 0.803659682
J:/ccrrcf: 0.000000000 0.000000000 1.000000000
J:/ccrrfc: 0.000000000 0.131603524 0.868396476
J:/ccrrff: 0.000000000 0.109537156 0.890462844
J:/cr: 0.000000000 0.001206331 0.998793669
J:/crccrc: 0.000000000 0.667027383 0.332972617
J:/crccrf: 0.000000000 0.816175110 0.183824890
J:/crcfrc: 0.000000000 0.971526177 0.028473823
J:/crcfrf: 0.000000000 0.083417762 0.916582238
J:/crcrcc: 0.000000000 0.000019079 0.999980921
J:/crcrcf: 0.000000000 0.000060326 0.999939674
J:/crcrfc: 0.000000000 0.468828634 0.531171366
J:/crcrff: 0.000000000 0.621495201 0.378504799
J:/rc: 0.000000000 0.000000000 1.000000000
J:/rccrcc: 0.000000000 0.388137227 0.611862773
J:/rccrcf: 0.000000000 0.784390512 0.215609488
J:/rccrfc: 0.000000000 0.000000000 1.000000000
J:/rccrff: 0.000000000 0.000000000 1.000000000
J:/rf: 0.022440551 0.032423056 0.945136392
J:/rfcrc: 0.000000000 0.738887817 0.261112183
J:/rfcrf: 0.000000000 0.157192525 0.842807475
J:/rr: 0.000000000 0.000064555 0.999935445
K:/cc: 1.000000000 0.000000000 0.000000000
K:/cccrcc: 0.416657840 0.422395107 0.160947053
K:/cccrcf: 0.185513418 0.510613444 0.303873138
K:/cccrcr: 0.000000000 0.816827543 0.183172457
K:/cccrfc: 0.185156075 0.391430101 0.423413823
K:/cccrff: 0.573451083 0.027968660 0.398580257
K:/cccrfr: 0.000000000 0.588607027 0.411392973
K:/cccrrc: 0.000000000 0.701919347 0.298080653
K:/cccrrf: 0.000000000 0.606685451 0.393314549
K:/ccrccr: 0.000000000 0.036746631 0.963253369
K:/ccrcfr: 0.000000000 0.431587642 0.568412358
K:/ccrcrc: 0.000000000 0.526743126 0.473256874
K:/ccrcrf: 0.000000000 0.764862159 0.235137841
K:/ccrfcr: 0.000000000 0.128487637 0.871512363
K:/ccrffr: 0.000000000 0.268154677 0.731845323
K:/ccrfrc: 0.000000000 0.504710115 0.495289885
K:/ccrfrf: 0.000000000 0.636779273 0.363220727
K:/ccrrcc: 0.000000000 0.024670603 0.975329397
K:/ccrrcf: 0.000000000 0.258310677 0.741689323
K:/ccrrfc: 0.000000000 0.381593059 0.618406941
K:/ccrrff: 0.000000000 0.415281011 0.584718989
K:/cr: 0.000000000 0.000751454 0.999248546
K:/crccrc: 0.000000000 0.599366345 0.400633655
K:/crccrf: 0.000000000 0.636000988 0.363999012
K:/crcfrc: 0.000000000 0.503043661 0.496956339
K:/crcfrf: 0.000000000 0.974487919 0.025512081
K:/crcrcc: 0.000000000 0.000000000 1.000000000
K:/crcrcf: 0.000000000 0.000011962 0.999988038
K:/crcrfc: 0.000000000 0.312084243 0.687915757
K:/crcrff: 0.000000000 0.999358540 0.000641460
K:/rc: 0.364830745 0.635169255 0.000000000
K:/rccrcc: 0.000000000 0.241571478 0.758428522
K:/rccrcf: 0.000000000 0.601424391 0.398575609
K:/rccrfc: 0.000000000 0.373368357 0.626631643
K:/rccrff: 0.000000000 0.931557379 0.068442621
K:/rf: 0.403898087 0.596101913 0.000000000
K:/rfcrc: 0.000000000 0.909771607 0.090228393
K:/rfcrf: 0.000000000 0.636833205 0.363166795
K:/rr: 0.000000000 0.603201405 0.396798595
Q:/cc: 0.145894016 0.854105984 0.000000000
Q:/cccrcc: 0.212230411 0.566812479 0.220957111
Q:/cccrcf: 0.372178254 0.197908537 0.429913209
Q:/cccrcr: 0.000000000 0.558359508 0.441640492
Q:/cccrfc: 0.276706421 0.330557738 0.392735841
Q:/cccrff: 0.288660133 0.349755735 0.361584132
Q:/cccrfr: 0.000000000 0.999825450 0.000174550
Q:/cccrrc: 0.000000000 0.330673955 0.669326045
Q:/cccrrf: 0.000000000 0.463635846 0.536364154
Q:/ccrccr: 0.000000000 0.310377125 0.689622875
Q:/ccrcfr: 0.000000000 0.774204763 0.225795237
Q:/ccrcrc: 0.000000000 0.000000000 1.000000000
Q:/ccrcrf: 0.000000000 0.003723048 0.996276952
Q:/ccrfcr: 0.000000000 0.541738737 0.458261263
Q:/ccrffr: 0.000000000 0.605328624 0.394671376
Q:/ccrfrc: 0.000000000 0.761040880 0.238959120
Q:/ccrfrf: 0.000000000 0.167179909 0.832820091
Q:/ccrrcc: 0.000000000 0.480105320 0.519894680
Q:/ccrrcf: 0.000000000 0.000031550 0.999968450
Q:/ccrrfc: 0.000000000 0.711613248 0.288386752
Q:/ccrrff: 0.000000000 0.518107212 0.481892788
Q:/cr: 0.000000000 0.000271483 0.999728517
Q:/crccrc: 0.000000000 0.998772370 0.001227630
Q:/crccrf: 0.000000000 0.117175200 0.882824800
Q:/crcfrc: 0.000000000 0.461022457 0.538977543
Q:/crcfrf: 0.000000000 0.193968446 0.806031554
Q:/crcrcc: 0.000000000 0.000016425 0.999983575
Q:/crcrcf: 0.000000000 0.000038446 0.999961554
Q:/crcrfc: 0.000000000 0.547684077 0.452315923
Q:/crcrff: 0.000000000 0.263618770 0.736381230
Q:/rc: 0.199816897 0.000000000 0.800183103
Q:/rccrcc: 0.000000000 0.646573738 0.353426262
Q:/rccrcf: 0.000000000 0.688590121 0.311409879
Q:/rccrfc: 0.000000000 0.000000000 1.000000000
Q:/rccrff: 0.000000000 0.674306155 0.325693845
Q:/rf: 0.207099730 0.044986188 0.747914082
Q:/rfcrc: 0.000000000 0.390497242 0.609502758
Q:/rfcrf: 0.000000000 0.000000000 1.000000000
Q:/rr: 0.000000000 0.000000173 0.999999827
T:/cc: 0.163782375 0.836217625 0.000000000
T:/cccrcc: 0.000000000 0.309926526 0.690073474
T:/cccrcf: 0.000002922 0.210285403 0.789711674
T:/cccrcr: 0.000000000 0.223786983 0.776213017
T:/cccrfc: 0.000000000 0.182783847 0.817216153
T:/cccrff: 0.064155227 0.279384980 0.656459793
T:/cccrfr: 0.000000000 0.000000000 1.000000000
T:/cccrrc: 0.000000000 0.093259045 0.906740955
T:/cccrrf: 0.000000000 0.369094571 0.630905429
T:/ccrccr: 0.000000000 0.000000000 1.000000000
T:/ccrcfr: 0.000000000 0.642488156 0.357511844
T:/ccrcrc: 0.000000000 0.158559986 0.841440014
T:/ccrcrf: 0.000000000 0.000000000 1.000000000
T:/ccrfcr: 0.000000000 0.327140247 0.672859753
T:/ccrffr: 0.000000000 0.654000927 0.345999073
T:/ccrfrc: 0.000000000 0.163954558 0.836045442
T:/ccrfrf: 0.000000000 0.179389376 0.820610624
T:/ccrrcc: 0.000000000 0.411286274 0.588713726
T:/ccrrcf: 0.000000000 0.000000000 1.000000000
T:/ccrrfc: 0.000000000 0.251206386 0.748793614
T:/ccrrff: 0.000000000 0.596345029 0.403654971
T:/cr: 0.000000000 0.000000000 1.000000000
T:/crccrc: 0.000000000 1.000000000 0.000000000
T:/crccrf: 0.000000000 0.419773655 0.580226345
T:/crcfrc: 0.000000000 0.977362102 0.022637898
T:/crcfrf: 0.000000000 0.587643715 0.412356285
T:/crcrcc: 0.000000000 0.026762269 0.973237731
T:/crcrcf: 0.000000000 0.018044613 0.981955387
T:/crcrfc: 0.000000000 0.697205846 0.302794154
T:/crcrff: 0.000000000 0.000000000 1.000000000
T:/rc: 0.000000000 0.000000000 1.000000000
T:/rccrcc: 0.000000000 0.609780090 0.390219910
T:/rccrcf: 0.000000000 0.831525733 0.168474267
T:/rccrfc: 0.000000000 0.000000000 1.000000000
T:/rccrff: 0.000000000 0.000000000 1.000000000
T:/rf: 0.063905203 0.134573122 0.801521675
T:/rfcrc: 0.000000000 0.296770441 0.703229559
T:/rfcrf: 0.000000000 0.107777104 0.892222896
T:/rr: 0.000000000 0.000018923 0.999981077
