A:/ccc: 0.000201189 0.999798811 0.000000000
A:/cccrccr: 0.000000000 0.772505792 0.227494208
A:/cccrcfr: 0.000000000 0.864830487 0.135169513
A:/cccrcrc: 0.000000000 0.000000000 1.000000000
A:/cccrcrf: 0.000000000 0.135544990 0.864455010
A:/cccrfcr: 0.000000000 0.470789389 0.529210611
A:/cccrffr: 0.000000000 0.622136605 0.377863395
A:/cccrfrc: 0.000000000 0.238182726 0.761817274
A:/cccrfrf: 0.000000000 0.348581218 0.651418782
A:/cccrrcc: 0.000000000 0.668606295 0.331393705
A:/cccrrcf: 0.000000000 0.859342507 0.140657493
A:/cccrrfc: 0.000000000 0.659987026 0.340012974
A:/cccrrff: 0.000000000 0.687516764 0.312483236
A:/ccr: 0.000000000 0.334531162 0.665468838
A:/ccrccrc: 0.000000000 0.721274516 0.278725484
A:/ccrccrf: 0.000000000 0.337992849 0.662007151
A:/ccrcfrc: 0.000000000 0.002505773 0.997494227
A:/ccrcfrf: 0.000000000 0.971237182 0.028762818
A:/ccrcrcc: 0.000000000 0.558979023 0.441020977
A:/ccrcrcf: 0.000000000 0.570611268 0.429388732
A:/ccrcrfc: 0.000000000 0.732131875 0.267868125
A:/ccrcrff: 0.000000000 0.217757160 0.782242840
A:/crc: 0.897653804 0.102346196 0.000000000
A:/crccrcc: 0.000000000 1.000000000 0.000000000
A:/crccrcf: 0.000000000 1.000000000 0.000000000
A:/crccrfc: 0.000000000 0.788969330 0.211030670
A:/crccrff: 0.000000000 0.321808710 0.678191290
A:/crf: 0.588826129 0.411173871 0.000000000
A:/crfcrc: 0.000000000 0.891144615 0.108855385
A:/crfcrf: 0.000000000 1.000000000 0.000000000
A:/crr: 0.000000000 0.999986878 0.000013122
A:/rcc: 0.698676606 0.301323394 0.000000000
A:/rcf: 1.000000000 0.000000000 0.000000000
A:/rcr: 0.000000000 1.000000000 0.000000000
A:/rfc: 0.174761601 0.547139560 0.278098839
A:/rff: 0.801484266 0.198515734 0.000000000
A:/rfr: 0.000000000 0.609014345 0.390985655
A:/rrc: 0.000000000 0.883029741 0.116970259
A:/rrf: 0.000000000 0.550543590 0.449456410
J:/ccc: 0.000027086 0.999972914 0.000000000
J:/cccrccr: 0.000000000 0.000000000 1.000000000
J:/cccrcfr: 0.000000000 0.472956497 0.527043503
J:/cccrcrc: 0.000000000 0.522477087 0.477522913
J:/cccrcrf: 0.000000000 0.282063394 0.717936606
J:/cccrfcr: 0.000000000 0.160407288 0.839592712
J:/cccrffr: 0.000000000 0.540872297 0.459127703
J:/cccrfrc: 0.000000000 0.922455815 0.077544185
J:/cccrfrf: 0.000000000 0.478591556 0.521408444
J:/cccrrcc: 0.000000000 0.588472138 0.411527862
J:/cccrrcf: 0.000000000 0.170665394 0.829334606
J:/cccrrfc: 0.000000000 0.000000000 1.000000000
J:/cccrrff: 0.000000000 0.642563787 0.357436213
J:/ccr: 0.059943504 0.922109862 0.017946634
J:/ccrccrc: 0.000000000 0.500744306 0.499255694
J:/ccrccrf: 0.000000000 0.464193088 0.535806912
J:/ccrcfrc: 0.000000000 0.902013098 0.097986902
J:/ccrcfrf: 0.000000000 0.918281768 0.081718232
J:/ccrcrcc: 0.000000000 0.249925774 0.750074226
J:/ccrcrcf: 0.000000000 0.256495473 0.743504527
J:/ccrcrfc: 0.000000000 0.134453044 0.865546956
J:/ccrcrff: 0.000000000 0.439766201 0.560233799
J:/crc: 0.000000361 0.000000000 0.999999639
J:/crccrcc: 0.000000000 0.000000000 1.000000000
J:/crccrcf: 0.000000000 0.456650149 0.543349851
J:/crccrfc: 0.000000000 0.618793069 0.381206931
J:/crccrff: 0.000000000 0.821209458 0.178790542
J:/crf: 0.304584830 0.149612241 0.545802929
J:/crfcrc: 0.000000000 0.377212054 0.622787946
J:/crfcrf: 0.000000000 0.000000000 1.000000000
J:/crr: 0.000000000 0.000000000 1.000000000
J:/rcc: 0.070466306 0.000082943 0.929450751
J:/rcf: 0.274129461 0.000001272 0.725869267
J:/rcr: 0.000000000 1.000000000 0.000000000
J:/rfc: 0.036667229 0.679781180 0.283551591
J:/rff: 0.130978119 0.378785385 0.490236496
J:/rfr: 0.000000000 0.717398247 0.282601753
J:/rrc: 0.000000000 0.882429388 0.117570612
J:/rrf: 0.000000000 0.814821175 0.185178825
K:/ccc: 1.000000000 0.000000000 0.000000000
K:/cccrccr: 0.000000000 0.559414285 0.440585715
K:/cccrcfr: 0.000000000 0.149826925 0.850173075
K:/cccrcrc: 0.000000000 0.800156410 0.199843590
K:/cccrcrf: 0.000000000 0.501979555 0.498020445
K:/cccrfcr: 0.000000000 0.517305025 0.482694975
K:/cccrffr: 0.000000000 0.167971267 0.832028733
K:/cccrfrc: 0.000000000 0.520029567 0.479970433
K:/cccrfrf: 0.000000000 0.459669500 0.540330500
K:/cccrrcc: 0.000000000 0.055911021 0.944088979
K:/cccrrcf: 0.000000000 0.286945168 0.713054832
K:/cccrrfc: 0.000000000 0.932035859 0.067964141
K:/cccrrff: 0.000000000 0.925857823 0.074142177
K:/ccr: 0.640928553 0.359071447 0.000000000
K:/ccrccrc: 0.000000000 0.250127544 0.749872456
K:/ccrccrf: 0.000000000 0.573816395 0.426183605
K:/ccrcfrc: 0.000000000 0.417632811 0.582367189
K:/ccrcfrf: 0.000000000 0.834716320 0.165283680
K:/ccrcrcc: 0.000000000 0.747439961 0.252560039
K:/ccrcrcf: 0.000000000 0.542292946 0.457707054
K:/ccrcrfc: 0.000000000 0.236428339 0.763571661
K:/ccrcrff: 0.000000000 0.440775071 0.559224929
K:/crc: 0.000001563 0.141353768 0.858644669
K:/crccrcc: 0.000000000 0.439242659 0.560757341
K:/crccrcf: 0.000000000 0.313380350 0.686619650
K:/crccrfc: 0.000000000 0.940863341 0.059136659
K:/crccrff: 0.000000000 0.505391786 0.494608214
K:/crf: 0.000000000 0.995322010 0.004677990
K:/crfcrc: 0.000000000 0.466909501 0.533090499
K:/crfcrf: 0.000000000 0.637350312 0.362649688
K:/crr: 0.000000000 0.000000000 1.000000000
K:/rcc: 0.227980355 0.474733881 0.297285764
K:/rcf: 0.146097592 0.853902408 0.000000000
K:/rcr: 0.000000000 0.999878916 0.000121084
K:/rfc: 0.000030170 0.293465715 0.706504115
K:/rff: 0.000221812 0.217415824 0.782362365
K:/rfr: 0.000000000 0.255752136 0.744247864
K:/rrc: 0.000000000 0.470774940 0.529225060
K:/rrf: 0.000000000 0.254326780 0.745673220
Q:/ccc: 0.000000000 1.000000000 0.000000000
Q:/cccrccr: 0.000000000 0.396576901 0.603423099
Q:/cccrcfr: 0.000000000 0.490467798 0.509532202
Q:/cccrcrc: 0.000000000 0.252971049 0.747028951
Q:/cccrcrf: 0.000000000 0.262052726 0.737947274
Q:/cccrfcr: 0.000000000 0.388649846 0.611350154
Q:/cccrffr: 0.000000000 0.932405425 0.067594575
Q:/cccrfrc: 0.000000000 0.521406357 0.478593643
Q:/cccrfrf: 0.000000000 0.413281449 0.586718551
Q:/cccrrcc: 0.000000000 0.350390097 0.649609903
Q:/cccrrcf: 0.000000000 0.148196924 0.851803076
Q:/cccrrfc: 0.000000000 0.000000000 1.000000000
Q:/cccrrff: 0.000000000 0.505904040 0.494095960
Q:/ccr: 0.731822006 0.268177994 0.000000000
Q:/ccrccrc: 0.000000000 0.284527758 0.715472242
Q:/ccrccrf: 0.000000000 0.456468397 0.543531603
Q:/ccrcfrc: 0.000000000 0.525686335 0.474313665
Q:/ccrcfrf: 0.000000000 0.111571385 0.888428615
Q:/ccrcrcc: 0.000000000 0.066780793 0.933219207
Q:/ccrcrcf: 0.000000000 0.601412106 0.398587894
Q:/ccrcrfc: 0.000000000 0.375275591 0.624724409
Q:/ccrcrff: 0.000000000 0.623912061 0.376087939
Q:/crc: 0.000000737 0.000000000 0.999999263
Q:/crccrcc: 0.000000000 0.634183645 0.365816355
Q:/crccrcf: 0.000000000 0.561276497 0.438723503
Q:/crccrfc: 0.000000000 0.187406446 0.812593554
Q:/crccrff: 0.000000000 0.890483653 0.109516347
Q:/crf: 0.000000000 0.008904937 0.991095063
Q:/crfcrc: 0.000000000 0.251422328 0.748577672
Q:/crfcrf: 0.000000000 0.000000000 1.000000000
Q:/crr: 0.000000000 0.000000000 1.000000000
Q:/rcc: 0.000000000 0.000000000 1.000000000
Q:/rcf: 0.000000000 0.000000000 1.000000000
Q:/rcr: 0.000000000 1.000000000 0.000000000
Q:/rfc: 0.021885751 0.174758247 0.803356002
Q:/rff: 0.163575909 0.197983795 0.638440295
Q:/rfr: 0.000000000 0.000000000 1.000000000
Q:/rrc: 0.000000000 0.893230706 0.106769294
Q:/rrf: 0.000000000 0.902370501 0.097629499
T:/ccc: 0.000487418 0.999512582 0.000000000
T:/cccrccr: 0.000000000 0.343538101 0.656461899
T:/cccrcfr: 0.000000000 0.478458805 0.521541195
T:/cccrcrc: 0.000000000 0.400041086 0.599958914
T:/cccrcrf: 0.000000000 0.000000000 1.000000000
T:/cccrfcr: 0.000000000 0.000000000 1.000000000
T:/cccrffr: 0.000000000 0.306145087 0.693854913
T:/cccrfrc: 0.000000000 0.704800223 0.295199777
T:/cccrfrf: 0.000000000 0.605741802 0.394258198
T:/cccrrcc: 0.000000000 0.247034894 0.752965106
T:/cccrrcf: 0.000000000 0.119605522 0.880394478
T:/cccrrfc: 0.000000000 0.302753395 0.697246605
T:/cccrrff: 0.000000000 0.830775136 0.169224864
T:/ccr: 0.000000000 0.980727260 0.019272740
T:/ccrccrc: 0.000000000 0.559046562 0.440953438
T:/ccrccrf: 0.000000000 0.708362115 0.291637885
T:/ccrcfrc: 0.000000000 0.654585189 0.345414811
T:/ccrcfrf: 0.000000000 0.119878696 0.880121304
T:/ccrcrcc: 0.000000000 0.800482043 0.199517957
T:/ccrcrcf: 0.000000000 0.611955089 0.388044911
T:/ccrcrfc: 0.000000000 0.645078422 0.354921578
T:/ccrcrff: 0.000000000 0.358146163 0.641853837
T:/crc: 0.000000503 0.000000000 0.999999497
T:/crccrcc: 0.000000000 0.460671047 0.539328953
T:/crccrcf: 0.000000000 0.439974269 0.560025731
T:/crccrfc: 0.000000000 0.915648983 0.084351017
T:/crccrff: 0.000000000 0.540112488 0.459887512
T:/crf: 0.339044573 0.080231831 0.580723596
T:/crfcrc: 0.000000000 0.037500965 0.962499035
T:/crfcrf: 0.000000000 0.000000000 1.000000000
T:/crr: 0.000000000 0.000000000 1.000000000
T:/rcc: 0.097461246 0.150273097 0.752265657
T:/rcf: 0.100042662 0.000000041 0.899957297
T:/rcr: 0.000000000 1.000000000 0.000000000
T:/rfc: 0.140793952 0.313158571 0.546047477
T:/rff: 0.043567074 0.141585173 0.814847753
T:/rfr: 0.000000000 0.000000000 1.000000000
T:/rrc: 0.000000000 0.999548954 0.000451046
T:/rrf: 0.000000000 0.372975660 0.627024340
