8:/: 0.001095587 0.998904413 0.000000000
8:/cccr: 0.000000000 0.000000000 1.000000000
8:/cccrccrc: 0.000000000 0.324549565 0.675450435
8:/cccrccrf: 0.000000000 0.406662740 0.593337260
8:/cccrcfrc: 0.000000000 0.362617176 0.637382824
8:/cccrcfrf: 0.000000000 0.979116149 0.020883851
8:/cccrcrcc: 0.000000000 0.437727209 0.562272791
8:/cccrcrcf: 0.000000000 0.705324311 0.294675689
8:/cccrcrfc: 0.000000000 0.107428947 0.892571053
8:/cccrcrff: 0.000000000 0.238998103 0.761001897
8:/ccrc: 0.327745724 0.128002474 0.544251803
8:/ccrccrcc: 0.000000000 0.537157567 0.462842433
8:/ccrccrcf: 0.000000000 0.285176148 0.714823852
8:/ccrccrfc: 0.000000000 0.284616412 0.715383588
8:/ccrccrff: 0.000000000 0.550943909 0.449056091
8:/ccrf: 0.603675843 0.334946517 0.061377641
8:/ccrfcrc: 0.000000000 0.606936971 0.393063029
8:/ccrfcrf: 0.000000000 0.746613046 0.253386954
8:/ccrr: 0.000000000 0.157192698 0.842807302
8:/crcc: 0.158734950 0.491002518 0.350262533
8:/crcf: 0.000007025 0.358002398 0.641990576
8:/crcr: 0.000000000 0.168119135 0.831880865
8:/crfc: 0.000000000 0.031689542 0.968310458
8:/crff: 0.139037381 0.384336082 0.476626537
8:/crfr: 0.000000000 0.000000000 1.000000000
8:/crrc: 0.000000000 0.943359033 0.056640967
8:/crrf: 0.000000000 0.573037164 0.426962836
8:/rccr: 0.000000000 0.892471374 0.107528626
8:/rcfr: 0.000000000 0.902766726 0.097233274
8:/rcrc: 0.000000000 0.641330908 0.358669092
8:/rcrf: 0.000000000 0.441668189 0.558331811
8:/rfcr: 0.000000000 0.000000000 1.000000000
8:/rffr: 0.000000000 0.234440134 0.765559866
8:/rfrc: 0.000000000 0.688053580 0.311946420
8:/rfrf: 0.000000000 0.255195546 0.744804454
8:/rrcc: 0.000000000 0.000057806 0.999942194
8:/rrcf: 0.000000000 0.102369729 0.897630271
8:/rrfc: 0.000000000 0.213318775 0.786681225
8:/rrff: 0.000000000 0.159738937 0.840261063
9:/: 0.001097219 0.998902781 0.000000000
9:/cccr: 0.000000000 0.000000000 1.000000000
9:/cccrccrc: 0.000000000 0.693934270 0.306065730
9:/cccrccrf: 0.000000000 0.037456158 0.962543842
9:/cccrcfrc: 0.000000000 0.177040279 0.822959721
9:/cccrcfrf: 0.000000000 0.587379680 0.412620320
9:/cccrcrcc: 0.000000000 0.220129851 0.779870149
9:/cccrcrcf: 0.000000000 0.008952667 0.991047333
9:/cccrcrfc: 0.000000000 0.618475085 0.381524915
9:/cccrcrff: 0.000000000 0.624363631 0.375636369
9:/ccrc: 0.337717651 0.146163707 0.516118643
9:/ccrccrcc: 0.000000000 0.392321265 0.607678735
9:/ccrccrcf: 0.000000000 0.379374227 0.620625773
9:/ccrccrfc: 0.000000000 0.180074046 0.819925954
9:/ccrccrff: 0.000000000 0.487828673 0.512171327
9:/ccrf: 0.544021584 0.000000000 0.455978416
9:/ccrfcrc: 0.000000000 0.853613419 0.146386581
9:/ccrfcrf: 0.000000000 0.861042978 0.138957022
9:/ccrr: 0.000000000 0.329159512 0.670840488
9:/crcc: 0.023284692 0.798606708 0.178108600
9:/crcf: 0.519015989 0.031089552 0.449894460
9:/crcr: 0.000000000 0.585732519 0.414267481
9:/crfc: 0.000000000 0.404242009 0.595757991
9:/crff: 0.000000000 0.539989455 0.460010545
9:/crfr: 0.000000000 0.000000000 1.000000000
9:/crrc: 0.000000000 0.814624852 0.185375148
9:/crrf: 0.000000000 0.839270182 0.160729818
9:/rccr: 0.000000000 0.907753409 0.092246591
9:/rcfr: 0.000000000 0.551797130 0.448202870
9:/rcrc: 0.000000000 0.523051557 0.476948443
9:/rcrf: 0.000000000 0.694688392 0.305311608
9:/rfcr: 0.000000000 0.048192829 0.951807171
9:/rffr: 0.000000000 0.394948069 0.605051931
9:/rfrc: 0.000000000 0.460463548 0.539536452
9:/rfrf: 0.000000000 0.421273264 0.578726736
9:/rrcc: 0.000000000 0.227418534 0.772581466
9:/rrcf: 0.000000000 0.000000000 1.000000000
9:/rrfc: 0.000000000 0.460242624 0.539757376
9:/rrff: 0.000000000 0.176032696 0.823967304
A:/: 0.004194321 0.995805679 0.000000000
A:/cccr: 0.999880074 0.000085328 0.000034598
A:/cccrccrc: 0.000000000 0.995806182 0.004193818
A:/cccrccrf: 0.000000000 0.184615041 0.815384959
A:/cccrcfrc: 0.000000000 1.000000000 0.000000000
A:/cccrcfrf: 0.000000000 0.231216027 0.768783973
A:/cccrcrcc: 0.000000000 1.000000000 0.000000000
A:/cccrcrcf: 0.000000000 1.000000000 0.000000000
A:/cccrcrfc: 0.000000000 0.677152740 0.322847260
A:/cccrcrff: 0.000000000 0.797352790 0.202647210
A:/ccrc: 0.664718624 0.335039291 0.000242085
A:/ccrccrcc: 0.000000000 0.755210471 0.244789529
A:/ccrccrcf: 0.000000000 0.610244496 0.389755504
A:/ccrccrfc: 0.000000000 0.600811656 0.399188344
A:/ccrccrff: 0.000000000 0.722081489 0.277918511
A:/ccrf: 0.655475422 0.344524578 0.000000000
A:/ccrfcrc: 0.000000000 1.000000000 0.000000000
A:/ccrfcrf: 0.000000000 0.515615318 0.484384682
A:/ccrr: 0.000000000 1.000000000 0.000000000
A:/crcc: 0.480688669 0.511523180 0.007788151
A:/crcf: 0.454854410 0.092716943 0.452428647
A:/crcr: 0.000000000 0.678464229 0.321535771
A:/crfc: 0.600529586 0.399470363 0.000000052
A:/crff: 0.374956553 0.625043394 0.000000054
A:/crfr: 0.000000000 0.938521344 0.061478656
A:/crrc: 0.000000000 0.384293922 0.615706078
A:/crrf: 0.000000000 0.605706155 0.394293845
A:/rccr: 0.000000000 1.000000000 0.000000000
A:/rcfr: 0.000000000 1.000000000 0.000000000
A:/rcrc: 0.000000000 1.000000000 0.000000000
A:/rcrf: 0.000000000 1.000000000 0.000000000
A:/rfcr: 0.000000000 1.000000000 0.000000000
A:/rffr: 0.000000000 0.942054899 0.057945101
A:/rfrc: 0.000000000 0.948844301 0.051155699
A:/rfrf: 0.000000000 0.332271296 0.667728704
A:/rrcc: 0.000000000 0.999976409 0.000023591
A:/rrcf: 0.000000000 0.999999994 0.000000006
A:/rrfc: 0.000000000 0.789290544 0.210709456
A:/rrff: 0.000000000 0.873210204 0.126789796
J:/: 0.000903814 0.999096186 0.000000000
J:/cccr: 0.000163152 0.000000000 0.999836848
J:/cccrccrc: 0.000000000 0.523311736 0.476688264
J:/cccrccrf: 0.000000000 0.807481304 0.192518696
J:/cccrcfrc: 0.000000000 0.393995550 0.606004450
J:/cccrcfrf: 0.000000000 0.463817040 0.536182960
J:/cccrcrcc: 0.000000000 0.327872911 0.672127089
J:/cccrcrcf: 0.000000000 0.506244713 0.493755287
J:/cccrcrfc: 0.000000000 0.274313238 0.725686762
J:/cccrcrff: 0.000000000 0.507115130 0.492884870
J:/ccrc: 0.232463111 0.343186124 0.424350765
J:/ccrccrcc: 0.000000000 0.593912237 0.406087763
J:/ccrccrcf: 0.000000000 0.092986933 0.907013067
J:/ccrccrfc: 0.000000000 0.569521776 0.430478224
J:/ccrccrff: 0.000000000 0.587631397 0.412368603
J:/ccrf: 0.302215893 0.059746860 0.638037247
J:/ccrfcrc: 0.000000000 0.729763085 0.270236915
J:/ccrfcrf: 0.000000000 0.163508336 0.836491664
J:/ccrr: 0.000000000 0.999983267 0.000016733
J:/crcc: 0.477547709 0.253880950 0.268571341
J:/crcf: 0.000029613 0.483696427 0.516273960
J:/crcr: 0.000000000 0.575294892 0.424705108
J:/crfc: 0.000000000 0.431282229 0.568717771
J:/crff: 0.195488672 0.177446401 0.627064927
J:/crfr: 0.000000000 0.000000000 1.000000000
J:/crrc: 0.000000000 0.300030470 0.699969530
J:/crrf: 0.000000000 0.244110798 0.755889202
J:/rccr: 0.000000000 0.441485399 0.558514601
J:/rcfr: 0.000000000 0.137086724 0.862913276
J:/rcrc: 0.000000000 0.223901219 0.776098781
J:/rcrf: 0.000000000 0.018926936 0.981073064
J:/rfcr: 0.000000000 0.000000000 1.000000000
J:/rffr: 0.000000000 0.533153147 0.466846853
J:/rfrc: 0.000000000 0.226606282 0.773393718
J:/rfrf: 0.000000000 0.457309072 0.542690928
J:/rrcc: 0.000000000 0.000000000 1.000000000
J:/rrcf: 0.000000000 0.094238063 0.905761937
J:/rrfc: 0.000000000 0.132602121 0.867397879
J:/rrff: 0.000000000 0.280424721 0.719575279
K:/: 0.000208074 0.999791926 0.000000000
K:/cccr: 0.343255926 0.000019543 0.656724531
K:/cccrccrc: 0.000000000 0.888181356 0.111818644
K:/cccrccrf: 0.000000000 0.889975351 0.110024649
K:/cccrcfrc: 0.000000000 0.422377730 0.577622270
K:/cccrcfrf: 0.000000000 0.064407123 0.935592877
K:/cccrcrcc: 0.000000000 0.600766015 0.399233985
K:/cccrcrcf: 0.000000000 0.668002096 0.331997904
K:/cccrcrfc: 0.000000000 0.678836091 0.321163909
K:/cccrcrff: 0.000000000 0.505022403 0.494977597
K:/ccrc: 0.406236578 0.531866552 0.061896869
K:/ccrccrcc: 0.000000000 0.660812663 0.339187337
K:/ccrccrcf: 0.000000000 0.809889479 0.190110521
K:/ccrccrfc: 0.000000000 0.349842463 0.650157537
K:/ccrccrff: 0.000000000 0.164772409 0.835227591
K:/ccrf: 0.499504156 0.470148971 0.030346872
K:/ccrfcrc: 0.000000000 1.000000000 0.000000000
K:/ccrfcrf: 0.000000000 0.468888376 0.531111624
K:/ccrr: 0.000000000 0.933401318 0.066598682
K:/crcc: 0.515708541 0.198863486 0.285427973
K:/crcf: 0.430292355 0.555672787 0.014034858
K:/crcr: 0.000000000 0.902855936 0.097144064
K:/crfc: 0.000000000 0.512212142 0.487787858
K:/crff: 0.144588816 0.747759370 0.107651814
K:/crfr: 0.000000000 0.608515931 0.391484069
K:/crrc: 0.000000000 0.510100062 0.489899938
K:/crrf: 0.000000000 0.312598750 0.687401250
K:/rccr: 0.000000000 0.872423612 0.127576388
K:/rcfr: 0.000000000 0.493305772 0.506694228
K:/rcrc: 0.000000000 0.373868525 0.626131475
K:/rcrf: 0.000000000 0.621964767 0.378035233
K:/rfcr: 0.000000000 0.999916628 0.000083372
K:/rffr: 0.000000000 0.999977862 0.000022138
K:/rfrc: 0.000000000 0.634799425 0.365200575
K:/rfrf: 0.000000000 0.606502516 0.393497484
K:/rrcc: 0.000000000 0.530360739 0.469639261
K:/rrcf: 0.000000000 0.591407795 0.408592205
K:/rrfc: 0.000000000 0.110538128 0.889461872
K:/rrff: 0.000000000 0.482727286 0.517272714
Q:/: 0.000551499 0.999448501 0.000000000
Q:/cccr: 0.088039672 0.000000000 0.911960328
Q:/cccrccrc: 0.000000000 0.292594661 0.707405339
Q:/cccrccrf: 0.000000000 0.463192195 0.536807805
Q:/cccrcfrc: 0.000000000 0.159411545 0.840588455
Q:/cccrcfrf: 0.000000000 0.532420022 0.467579978
Q:/cccrcrcc: 0.000000000 0.449190635 0.550809365
Q:/cccrcrcf: 0.000000000 0.076348703 0.923651297
Q:/cccrcrfc: 0.000000000 0.691322520 0.308677480
Q:/cccrcrff: 0.000000000 0.419571329 0.580428671
Q:/ccrc: 0.394458108 0.395606930 0.209934962
Q:/ccrccrcc: 0.000000000 0.506790240 0.493209760
Q:/ccrccrcf: 0.000000000 0.481492569 0.518507431
Q:/ccrccrfc: 0.000000000 0.225305251 0.774694749
Q:/ccrccrff: 0.000000000 0.379901259 0.620098741
Q:/ccrf: 0.629179643 0.304903695 0.065916662
Q:/ccrfcrc: 0.000000000 0.643122895 0.356877105
Q:/ccrfcrf: 0.000000000 0.999995704 0.000004296
Q:/ccrr: 0.000000000 0.467312036 0.532687964
Q:/crcc: 0.186016462 0.509821479 0.304162059
Q:/crcf: 0.288834061 0.243463634 0.467702305
Q:/crcr: 0.000000000 0.871477538 0.128522462
Q:/crfc: 0.000000000 0.000000000 1.000000000
Q:/crff: 0.000000000 0.450041135 0.549958865
Q:/crfr: 0.000000000 0.224969993 0.775030007
Q:/crrc: 0.000000000 0.735595457 0.264404543
Q:/crrf: 0.000000000 0.535090915 0.464909085
Q:/rccr: 0.000000000 0.569944212 0.430055788
Q:/rcfr: 0.000000000 0.555536360 0.444463640
Q:/rcrc: 0.000000000 0.706712854 0.293287146
Q:/rcrf: 0.000000000 0.204955840 0.795044160
Q:/rfcr: 0.000000000 0.355331472 0.644668528
Q:/rffr: 0.000000000 0.999941832 0.000058168
Q:/rfrc: 0.000000000 0.476590273 0.523409727
Q:/rfrf: 0.000000000 0.989620125 0.010379875
Q:/rrcc: 0.000000000 0.419713432 0.580286568
Q:/rrcf: 0.000000000 0.000000000 1.000000000
Q:/rrfc: 0.000000000 0.684127901 0.315872099
Q:/rrff: 0.000000000 0.556589450 0.443410550
T:/: 0.001158751 0.998841249 0.000000000
T:/cccr: 0.000121878 0.000000000 0.999878122
T:/cccrccrc: 0.000000000 0.763551189 0.236448811
T:/cccrccrf: 0.000000000 0.905633172 0.094366828
T:/cccrcfrc: 0.000000000 0.000000000 1.000000000
T:/cccrcfrf: 0.000000000 0.557780205 0.442219795
T:/cccrcrcc: 0.000000000 0.533141254 0.466858746
T:/cccrcrcf: 0.000000000 0.809899565 0.190100435
T:/cccrcrfc: 0.000000000 0.589711948 0.410288052
T:/cccrcrff: 0.000000000 0.570372153 0.429627847
T:/ccrc: 0.062190236 0.537185801 0.400623963
T:/ccrccrcc: 0.000000000 0.481148438 0.518851562
T:/ccrccrcf: 0.000000000 0.581399849 0.418600151
T:/ccrccrfc: 0.000000000 0.677649817 0.322350183
T:/ccrccrff: 0.000000000 0.404238309 0.595761691
T:/ccrf: 0.739416307 0.230027155 0.030556538
T:/ccrfcrc: 0.000000000 0.390697328 0.609302672
T:/ccrfcrf: 0.000000000 0.434914058 0.565085942
T:/ccrr: 0.000000000 0.557061703 0.442938297
T:/crcc: 0.175741977 0.329242633 0.495015390
T:/crcf: 0.193733387 0.701800260 0.104466353
T:/crcr: 0.000000000 0.484864490 0.515135510
T:/crfc: 0.000000000 0.153939118 0.846060882
T:/crff: 0.196214288 0.115683391 0.688102321
T:/crfr: 0.000000000 0.000000000 1.000000000
T:/crrc: 0.000000000 0.329262543 0.670737457
T:/crrf: 0.000000000 0.695328764 0.304671236
T:/rccr: 0.000000000 0.556075466 0.443924534
T:/rcfr: 0.000000000 0.419578666 0.580421334
T:/rcrc: 0.000000000 0.363177298 0.636822702
T:/rcrf: 0.000000000 0.271782248 0.728217752
T:/rfcr: 0.000000000 0.000000000 1.000000000
T:/rffr: 0.000000000 0.625992662 0.374007338
T:/rfrc: 0.000000000 0.670685363 0.329314637
T:/rfrf: 0.000000000 0.686273184 0.313726816
T:/rrcc: 0.000000000 0.459721263 0.540278737
T:/rrcf: 0.000000000 0.000000000 1.000000000
T:/rrfc: 0.000000000 0.225007538 0.774992462
T:/rrff: 0.000000000 0.291365768 0.708634232
