8:/c: 0.000000000 1.000000000 0.000000000
8:/cccrc: 0.000030650 0.495176580 0.504792769
8:/cccrccrcc: 0.000000000 0.538673654 0.461326346
8:/cccrccrcf: 0.000000000 0.532805872 0.467194128
8:/cccrccrfc: 0.000000000 0.920201741 0.079798259
8:/cccrccrff: 0.000000000 0.836712492 0.163287508
8:/cccrf: 0.799359519 0.000000000 0.200640481
8:/cccrfcrc: 0.000000000 0.430392534 0.569607466
8:/cccrfcrf: 0.000000000 0.552780370 0.447219630
8:/cccrr: 0.000000000 1.000000000 0.000000000
8:/ccrcc: 0.008342765 0.777962716 0.213694519
8:/ccrcf: 0.242035801 0.355793736 0.402170463
8:/ccrcr: 0.000000000 0.551688045 0.448311955
8:/ccrfc: 0.000000000 0.000000000 1.000000000
8:/ccrff: 0.046340509 0.000000000 0.953659491
8:/ccrfr: 0.000000000 0.000042793 0.999957207
8:/ccrrc: 0.000000000 0.313767839 0.686232161
8:/ccrrf: 0.000000000 0.171091071 0.828908929
8:/crccr: 0.000000000 0.242840379 0.757159621
8:/crcfr: 0.000000000 0.898838817 0.101161183
8:/crcrc: 0.000000000 0.858700491 0.141299509
8:/crcrf: 0.000000000 0.508599610 0.491400390
8:/crfcr: 0.000000000 0.205506493 0.794493507
8:/crffr: 0.000000000 0.169541754 0.830458246
8:/crfrc: 0.000000000 0.161092031 0.838907969
8:/crfrf: 0.000000000 0.396151518 0.603848482
8:/crrcc: 0.000000000 0.000000000 1.000000000
8:/crrcf: 0.000000000 0.000000000 1.000000000
8:/crrfc: 0.000000000 0.329172017 0.670827983
8:/crrff: 0.000000000 0.896786991 0.103213009
8:/r: 0.000000000 0.000000000 1.000000000
8:/rccrc: 0.000000000 0.572168535 0.427831465
8:/rccrf: 0.000000000 0.790387259 0.209612741
8:/rcfrc: 0.000000000 0.882064749 0.117935251
8:/rcfrf: 0.000000000 0.682242740 0.317757260
8:/rcrcc: 0.000000000 0.524888506 0.475111494
8:/rcrcf: 0.000000000 0.362423793 0.637576207
8:/rcrfc: 0.000000000 0.266921308 0.733078692
8:/rcrff: 0.000000000 0.126633271 0.873366729
9:/c: 0.000000000 1.000000000 0.000000000
9:/cccrc: 0.000029400 0.530778077 0.469192523
9:/cccrccrcc: 0.000000000 0.400204491 0.599795509
9:/cccrccrcf: 0.000000000 0.188789652 0.811210348
9:/cccrccrfc: 0.000000000 0.539588095 0.460411905
9:/cccrccrff: 0.000000000 0.953394870 0.046605130
9:/cccrf: 0.706376952 0.077911282 0.215711766
9:/cccrfcrc: 0.000000000 0.231683147 0.768316853
9:/cccrfcrf: 0.000000000 0.571036982 0.428963018
9:/cccrr: 0.000000000 0.942523865 0.057476135
9:/ccrcc: 0.159566448 0.361908742 0.478524810
9:/ccrcf: 0.146067567 0.371947836 0.481984597
9:/ccrcr: 0.000000000 0.514258571 0.485741429
9:/ccrfc: 0.000000000 0.000000000 1.000000000
9:/ccrff: 0.079028890 0.000000000 0.920971110
9:/ccrfr: 0.000000000 0.000467176 0.999532824
9:/ccrrc: 0.000000000 0.133464588 0.866535412
9:/ccrrf: 0.000000000 0.567939092 0.432060908
9:/crccr: 0.000000000 0.474242543 0.525757457
9:/crcfr: 0.000000000 0.276412433 0.723587567
9:/crcrc: 0.000000000 0.833618589 0.166381411
9:/crcrf: 0.000000000 0.115902371 0.884097629
9:/crfcr: 0.000000000 0.377250599 0.622749401
9:/crffr: 0.000000000 0.584201774 0.415798226
9:/crfrc: 0.000000000 0.000000000 1.000000000
9:/crfrf: 0.000000000 0.547722323 0.452277677
9:/crrcc: 0.000000000 0.000000000 1.000000000
9:/crrcf: 0.000000000 0.000000000 1.000000000
9:/crrfc: 0.000000000 0.616756055 0.383243945
9:/crrff: 0.000000000 0.457127317 0.542872683
9:/r: 0.000000018 0.000000079 0.999999903
9:/rccrc: 0.000000000 0.492953128 0.507046872
9:/rccrf: 0.000000000 0.351136823 0.648863177
9:/rcfrc: 0.000000000 0.512400683 0.487599317
9:/rcfrf: 0.000000000 0.479293080 0.520706920
9:/rcrcc: 0.000000000 0.726627115 0.273372885
9:/rcrcf: 0.000000000 0.176143590 0.823856410
9:/rcrfc: 0.000000000 0.082699538 0.917300462
9:/rcrff: 0.000000000 0.381340666 0.618659334
A:/c: 0.001596690 0.998403310 0.000000000
A:/cccrc: 0.614736640 0.385243165 0.000020194
A:/cccrccrcc: 0.000000000 0.853326890 0.146673110
A:/cccrccrcf: 0.000000000 0.873239963 0.126760037
A:/cccrccrfc: 0.000000000 0.189520867 0.810479133
A:/cccrccrff: 0.000000000 0.334139212 0.665860788
A:/cccrf: 0.582029073 0.417970927 0.000000000
A:/cccrfcrc: 0.000000000 0.800870062 0.199129938
A:/cccrfcrf: 0.000000000 0.983846494 0.016153506
A:/cccrr: 0.000000000 1.000000000 0.000000000
A:/ccrcc: 0.351225566 0.396375769 0.252398665
A:/ccrcf: 0.397007662 0.299278320 0.303714018
A:/ccrcr: 0.000000000 1.000000000 0.000000000
A:/ccrfc: 0.743173758 0.256826242 0.000000000
A:/ccrff: 0.646724342 0.353275658 0.000000000
A:/ccrfr: 0.000000000 0.999703792 0.000296208
A:/ccrrc: 0.000000000 1.000000000 0.000000000
A:/ccrrf: 0.000000000 0.838364203 0.161635797
A:/crccr: 0.000000000 1.000000000 0.000000000
A:/crcfr: 0.000000000 0.861528760 0.138471240
A:/crcrc: 0.000000000 1.000000000 0.000000000
A:/crcrf: 0.000000000 1.000000000 0.000000000
A:/crfcr: 0.000000000 1.000000000 0.000000000
A:/crffr: 0.000000000 0.731840677 0.268159323
A:/crfrc: 0.000000000 1.000000000 0.000000000
A:/crfrf: 0.000000000 0.817972806 0.182027194
A:/crrcc: 0.000000000 0.999999903 0.000000097
A:/crrcf: 0.000000000 0.838309813 0.161690187
A:/crrfc: 0.000000000 0.999999414 0.000000586
A:/crrff: 0.000000000 0.710915940 0.289084060
A:/r: 0.999991412 0.000000000 0.000008588
A:/rccrc: 0.000000000 0.834766888 0.165233112
A:/rccrf: 0.000000000 0.538462253 0.461537747
A:/rcfrc: 0.000000000 0.999999790 0.000000210
A:/rcfrf: 0.000000000 0.989751232 0.010248768
A:/rcrcc: 0.000000000 0.757103418 0.242896582
A:/rcrcf: 0.000000000 0.639061208 0.360938792
A:/rcrfc: 0.000000000 0.512471764 0.487528236
A:/rcrff: 0.000000000 0.698946822 0.301053178
J:/c: 0.000000000 1.000000000 0.000000000
J:/cccrc: 0.060487865 0.531281063 0.408231071
J:/cccrccrcc: 0.000000000 0.024083878 0.975916122
J:/cccrccrcf: 0.000000000 0.725989570 0.274010430
J:/cccrccrfc: 0.000000000 0.623214431 0.376785569
J:/cccrccrff: 0.000000000 0.546902775 0.453097225
J:/cccrf: 0.597527605 0.402472395 0.000000000
J:/cccrfcrc: 0.000000000 0.336203638 0.663796362
J:/cccrfcrf: 0.000000000 0.732875896 0.267124104
J:/cccrr: 0.000000000 0.909240295 0.090759705
J:/ccrcc: 0.334993533 0.177126144 0.487880323
J:/ccrcf: 0.141000430 0.372522459 0.486477111
J:/ccrcr: 0.000000000 0.771986979 0.228013021
J:/ccrfc: 0.000000000 0.135877703 0.864122297
J:/ccrff: 0.000000000 0.671340312 0.328659688
J:/ccrfr: 0.000000000 0.027411069 0.972588931
J:/ccrrc: 0.000000000 0.264253331 0.735746669
J:/ccrrf: 0.000000000 0.000000000 1.000000000
J:/crccr: 0.000000000 0.613686664 0.386313336
J:/crcfr: 0.000000000 0.729819246 0.270180754
J:/crcrc: 0.000000000 0.190758756 0.809241244
J:/crcrf: 0.000000000 0.493324635 0.506675365
J:/crfcr: 0.000000000 0.556446910 0.443553090
J:/crffr: 0.000000000 0.628614716 0.371385284
J:/crfrc: 0.000000000 0.054429074 0.945570926
J:/crfrf: 0.000000000 0.082846219 0.917153781
J:/crrcc: 0.000000000 0.000000000 1.000000000
J:/crrcf: 0.000000000 0.138951769 0.861048231
J:/crrfc: 0.000000000 0.779263504 0.220736496
J:/crrff: 0.000000000 0.292725849 0.707274151
J:/r: 0.000000000 0.000000208 0.999999792
J:/rccrc: 0.000000000 0.783072462 0.216927538
J:/rccrf: 0.000000000 0.288277427 0.711722573
J:/rcfrc: 0.000000000 0.428244900 0.571755100
J:/rcfrf: 0.000000000 0.547741500 0.452258500
J:/rcrcc: 0.000000000 0.690573711 0.309426289
J:/rcrcf: 0.000000000 0.207131237 0.792868763
J:/rcrfc: 0.000000000 0.501809809 0.498190191
J:/rcrff: 0.000000000 0.555828474 0.444171526
K:/c: 0.000000000 1.000000000 0.000000000
K:/cccrc: 0.586542802 0.335101045 0.078356153
K:/cccrccrcc: 0.000000000 0.936888872 0.063111128
K:/cccrccrcf: 0.000000000 0.413026909 0.586973091
K:/cccrccrfc: 0.000000000 0.608639103 0.391360897
K:/cccrccrff: 0.000000000 0.703445865 0.296554135
K:/cccrf: 0.329836474 0.670163526 0.000000000
K:/cccrfcrc: 0.000000000 0.936826475 0.063173525
K:/cccrfcrf: 0.000000000 0.493740800 0.506259200
K:/cccrr: 0.000000000 0.996026624 0.003973376
K:/ccrcc: 0.423505018 0.375001146 0.201493837
K:/ccrcf: 0.594370106 0.284866241 0.120763652
K:/ccrcr: 0.000000000 0.640045129 0.359954871
K:/ccrfc: 0.327682174 0.165296256 0.507021570
K:/ccrff: 0.109809826 0.709994685 0.180195489
K:/ccrfr: 0.000000000 0.202621527 0.797378473
K:/ccrrc: 0.000000000 0.468428157 0.531571843
K:/ccrrf: 0.000000000 0.431085070 0.568914930
K:/crccr: 0.000000000 0.763315124 0.236684876
K:/crcfr: 0.000000000 0.999999868 0.000000132
K:/crcrc: 0.000000000 0.668480665 0.331519335
K:/crcrf: 0.000000000 0.945320326 0.054679674
K:/crfcr: 0.000000000 0.804280218 0.195719782
K:/crffr: 0.000000000 1.000000000 0.000000000
K:/crfrc: 0.000000000 0.794274205 0.205725795
K:/crfrf: 0.000000000 0.091722271 0.908277729
K:/crrcc: 0.000000000 0.081001992 0.918998008
K:/crrcf: 0.000000000 0.530093685 0.469906315
K:/crrfc: 0.000000000 0.900520025 0.099479975
K:/crrff: 0.000000000 0.556268607 0.443731393
K:/r: 0.000000119 0.000000000 0.999999881
K:/rccrc: 0.000000000 0.740477668 0.259522332
K:/rccrf: 0.000000000 0.823957387 0.176042613
K:/rcfrc: 0.000000000 0.271626022 0.728373978
K:/rcfrf: 0.000000000 0.755463121 0.244536879
K:/rcrcc: 0.000000000 0.288652238 0.711347762
K:/rcrcf: 0.000000000 0.760597198 0.239402802
K:/rcrfc: 0.000000000 0.729685752 0.270314248
K:/rcrff: 0.000000000 0.696475728 0.303524272
Q:/c: 0.000000000 1.000000000 0.000000000
Q:/cccrc: 0.274238587 0.623401338 0.102360074
Q:/cccrccrcc: 0.000000000 0.541344082 0.458655918
Q:/cccrccrcf: 0.000000000 0.596800700 0.403199300
Q:/cccrccrfc: 0.000000000 0.683107930 0.316892070
Q:/cccrccrff: 0.000000000 0.756095190 0.243904810
Q:/cccrf: 0.793479452 0.206520548 0.000000000
Q:/cccrfcrc: 0.000000000 0.532851141 0.467148859
Q:/cccrfcrf: 0.000000000 0.344905045 0.655094955
Q:/cccrr: 0.000000000 1.000000000 0.000000000
Q:/ccrcc: 0.490617366 0.147261880 0.362120754
Q:/ccrcf: 0.012997696 0.516710662 0.470291642
Q:/ccrcr: 0.000000000 0.517856850 0.482143150
Q:/ccrfc: 0.210668222 0.095773224 0.693558554
Q:/ccrff: 0.010590722 0.630595820 0.358813458
Q:/ccrfr: 0.000000000 0.220488741 0.779511259
Q:/ccrrc: 0.000000000 0.359537551 0.640462449
Q:/ccrrf: 0.000000000 0.048678621 0.951321379
Q:/crccr: 0.000000000 0.550775376 0.449224624
Q:/crcfr: 0.000000000 0.647590363 0.352409637
Q:/crcrc: 0.000000000 0.550067522 0.449932478
Q:/crcrf: 0.000000000 0.434177246 0.565822754
Q:/crfcr: 0.000000000 0.495048075 0.504951925
Q:/crffr: 0.000000000 0.753409770 0.246590230
Q:/crfrc: 0.000000000 0.027074975 0.972925025
Q:/crfrf: 0.000000000 0.623709074 0.376290926
Q:/crrcc: 0.000000000 0.000000000 1.000000000
Q:/crrcf: 0.000000000 0.000000000 1.000000000
Q:/crrfc: 0.000000000 0.712046191 0.287953809
Q:/crrff: 0.000000000 0.609874102 0.390125898
Q:/r: 0.000000343 0.000000000 0.999999657
Q:/rccrc: 0.000000000 0.434204138 0.565795862
Q:/rccrf: 0.000000000 0.659710397 0.340289603
Q:/rcfrc: 0.000000000 0.592011264 0.407988736
Q:/rcfrf: 0.000000000 0.538683506 0.461316494
Q:/rcrcc: 0.000000000 0.386429420 0.613570580
Q:/rcrcf: 0.000000000 0.459400457 0.540599543
Q:/rcrfc: 0.000000000 0.000000062 0.999999938
Q:/rcrff: 0.000000000 0.472953375 0.527046625
T:/c: 0.000000000 1.000000000 0.000000000
T:/cccrc: 0.188181682 0.220012708 0.591805610
T:/cccrccrcc: 0.000000000 0.634986924 0.365013076
T:/cccrccrcf: 0.000000000 0.120392996 0.879607004
T:/cccrccrfc: 0.000000000 0.401537426 0.598462574
T:/cccrccrff: 0.000000000 0.516679076 0.483320924
T:/cccrf: 0.763805475 0.236194525 0.000000000
T:/cccrfcrc: 0.000000000 0.635820303 0.364179697
T:/cccrfcrf: 0.000000000 0.491913616 0.508086384
T:/cccrr: 0.000000000 0.778190361 0.221809639
T:/ccrcc: 0.000000000 0.792855828 0.207144172
T:/ccrcf: 0.394806427 0.358365729 0.246827844
T:/ccrcr: 0.000000000 0.214330581 0.785669419
T:/ccrfc: 0.000000000 0.068084214 0.931915786
T:/ccrff: 0.000000000 0.200717895 0.799282105
T:/ccrfr: 0.000000000 0.094268960 0.905731040
T:/ccrrc: 0.000000000 0.013643109 0.986356891
T:/ccrrf: 0.000000000 0.089483194 0.910516806
T:/crccr: 0.000000000 0.423431838 0.576568162
T:/crcfr: 0.000000000 0.139999977 0.860000023
T:/crcrc: 0.000000000 0.249016793 0.750983207
T:/crcrf: 0.000000000 0.177133542 0.822866458
T:/crfcr: 0.000000000 0.524841916 0.475158084
T:/crffr: 0.000000000 0.934156054 0.065843946
T:/crfrc: 0.000000000 0.000000000 1.000000000
T:/crfrf: 0.000000000 0.233274213 0.766725787
T:/crrcc: 0.000000000 0.232436587 0.767563413
T:/crrcf: 0.000000000 0.000000000 1.000000000
T:/crrfc: 0.000000000 0.619262528 0.380737472
T:/crrff: 0.000000000 0.176013633 0.823986367
T:/r: 0.000000000 0.000000000 1.000000000
T:/rccrc: 0.000000000 0.267476580 0.732523420
T:/rccrf: 0.000000000 0.092907629 0.907092371
T:/rcfrc: 0.000000000 0.393946814 0.606053186
T:/rcfrf: 0.000000000 0.125765516 0.874234484
T:/rcrcc: 0.000000000 0.134576867 0.865423133
T:/rcrcf: 0.000000000 0.474368339 0.525631661
T:/rcrfc: 0.000000000 0.034077370 0.965922630
T:/rcrff: 0.000000000 0.302388857 0.697611143
