8:/cc: 0.071354270 0.928645730 0.000000000
8:/cccrcc: 0.218783213 0.306235615 0.474981171
8:/cccrcf: 0.292758108 0.042505081 0.664736811
8:/cccrcr: 0.000000000 0.244329173 0.755670827
8:/cccrfc: 0.000000000 0.179936151 0.820063849
8:/cccrff: 0.086803607 0.280798418 0.632397975
8:/cccrfr: 0.000000000 0.000000000 1.000000000
8:/cccrrc: 0.000000000 0.000000000 1.000000000
8:/cccrrf: 0.000000000 0.225315370 0.774684630
8:/ccrccr: 0.000000000 0.589411090 0.410588910
8:/ccrcfr: 0.000000000 0.317257723 0.682742277
8:/ccrcrc: 0.000000000 0.481573012 0.518426988
8:/ccrcrf: 0.000000000 0.451137998 0.548862002
8:/ccrfcr: 0.000000000 0.729024510 0.270975490
8:/ccrffr: 0.000000000 0.528426350 0.471573650
8:/ccrfrc: 0.000000000 0.000000000 1.000000000
8:/ccrfrf: 0.000000000 0.427810439 0.572189561
8:/ccrrcc: 0.000000000 0.372058840 0.627941160
8:/ccrrcf: 0.000000000 0.000000000 1.000000000
8:/ccrrfc: 0.000000000 0.386620377 0.613379623
8:/ccrrff: 0.000000000 1.000000000 0.000000000
8:/cr: 0.000000000 0.000000000 1.000000000
8:/crccrc: 0.000000000 0.539688125 0.460311875
8:/crccrf: 0.000000000 0.642242581 0.357757419
8:/crcfrc: 0.000000000 0.686967349 0.313032651
8:/crcfrf: 0.000000000 0.812433946 0.187566054
8:/crcrcc: 0.000000000 0.565931066 0.434068934
8:/crcrcf: 0.000000000 0.247331296 0.752668704
8:/crcrfc: 0.000000000 0.258850375 0.741149625
8:/crcrff: 0.000000000 0.697092569 0.302907431
8:/rc: 0.067145298 0.186427570 0.746427132
8:/rccrcc: 0.000000000 0.182053291 0.817946709
8:/rccrcf: 0.000000000 0.319240606 0.680759394
8:/rccrfc: 0.000000000 0.445834136 0.554165864
8:/rccrff: 0.000000000 0.514368242 0.485631758
8:/rf: 0.000000000 0.665798953 0.334201047
8:/rfcrc: 0.000000000 0.817453078 0.182546922
8:/rfcrf: 0.000000000 0.860304494 0.139695506
8:/rr: 0.000000000 0.719676484 0.280323516
9:/cc: 0.150959550 0.849040450 0.000000000
9:/cccrcc: 0.192515452 0.483709326 0.323775222
9:/cccrcf: 0.520889023 0.352374112 0.126736866
9:/cccrcr: 0.000000000 0.116683781 0.883316219
9:/cccrfc: 0.009084250 0.216554665 0.774361085
9:/cccrff: 0.301587845 0.248918393 0.449493762
9:/cccrfr: 0.000000000 0.000000000 1.000000000
9:/cccrrc: 0.000000000 0.019793087 0.980206913
9:/cccrrf: 0.000000000 0.497208750 0.502791250
9:/ccrccr: 0.000000000 0.786193510 0.213806490
9:/ccrcfr: 0.000000000 0.056431765 0.943568235
9:/ccrcrc: 0.000000000 0.195687776 0.804312224
9:/ccrcrf: 0.000000000 0.000000000 1.000000000
9:/ccrfcr: 0.000000000 0.374411285 0.625588715
9:/ccrffr: 0.000000000 0.382703264 0.617296736
9:/ccrfrc: 0.000000000 0.013356349 0.986643651
9:/ccrfrf: 0.000000000 0.797616960 0.202383040
9:/ccrrcc: 0.000000000 0.603865190 0.396134810
9:/ccrrcf: 0.000000000 0.000000000 1.000000000
9:/ccrrfc: 0.000000000 0.178927066 0.821072934
9:/ccrrff: 0.000000000 0.497300984 0.502699016
9:/cr: 0.000000000 0.000000000 1.000000000
9:/crccrc: 0.000000000 0.651320760 0.348679240
9:/crccrf: 0.000000000 0.744119856 0.255880144
9:/crcfrc: 0.000000000 0.482292074 0.517707926
9:/crcfrf: 0.000000000 0.657885603 0.342114397
9:/crcrcc: 0.000000000 0.054538726 0.945461274
9:/crcrcf: 0.000000000 0.000000000 1.000000000
9:/crcrfc: 0.000000000 0.181099389 0.818900611
9:/crcrff: 0.000000000 0.282007099 0.717992901
9:/rc: 0.029547167 0.685825817 0.284627017
9:/rccrcc: 0.000000000 0.487769261 0.512230739
9:/rccrcf: 0.000000000 0.208042553 0.791957447
9:/rccrfc: 0.000000000 0.302990441 0.697009559
9:/rccrff: 0.000000000 0.302152208 0.697847792
9:/rf: 0.090991599 0.601347249 0.307661152
9:/rfcrc: 0.000000000 0.378751877 0.621248123
9:/rfcrf: 0.000000000 0.065324943 0.934675057
9:/rr: 0.000000000 0.216723469 0.783276531
A:/cc: 0.913010125 0.086989875 0.000000000
A:/cccrcc: 0.188095545 0.732519210 0.079385246
A:/cccrcf: 0.412926373 0.394169594 0.192904033
A:/cccrcr: 0.000000000 1.000000000 0.000000000
A:/cccrfc: 0.331258546 0.668624411 0.000117043
A:/cccrff: 0.576199369 0.423765234 0.000035397
A:/cccrfr: 0.000000000 1.000000000 0.000000000
A:/cccrrc: 0.000000000 0.999997016 0.000002984
A:/cccrrf: 0.000000000 1.000000000 0.000000000
A:/ccrccr: 0.000000000 1.000000000 0.000000000
A:/ccrcfr: 0.000000000 0.662277578 0.337722422
A:/ccrcrc: 0.000000000 0.999734321 0.000265679
A:/ccrcrf: 0.000000000 0.999739741 0.000260259
A:/ccrfcr: 0.000000000 0.997870975 0.002129025
A:/ccrffr: 0.000000000 0.871515630 0.128484370
A:/ccrfrc: 0.000000000 1.000000000 0.000000000
A:/ccrfrf: 0.000000000 0.690136838 0.309863162
A:/ccrrcc: 0.000000000 1.000000000 0.000000000
A:/ccrrcf: 0.000000000 1.000000000 0.000000000
A:/ccrrfc: 0.000000000 0.660400936 0.339599064
A:/ccrrff: 0.000000000 0.815128134 0.184871866
A:/cr: 0.998814368 0.001184346 0.000001286
A:/crccrc: 0.000000000 0.458678405 0.541321595
A:/crccrf: 0.000000000 0.514650043 0.485349957
A:/crcfrc: 0.000000000 0.288790941 0.711209059
A:/crcfrf: 0.000000000 0.714109666 0.285890334
A:/crcrcc: 0.000000000 0.565997939 0.434002061
A:/crcrcf: 0.000000000 0.738236041 0.261763959
A:/crcrfc: 0.000000000 0.999937382 0.000062618
A:/crcrff: 0.000000000 0.743173068 0.256826932
A:/rc: 0.570557463 0.374040314 0.055402224
A:/rccrcc: 0.000000000 0.550159604 0.449840396
A:/rccrcf: 0.000000000 0.374274385 0.625725615
A:/rccrfc: 0.000000000 0.323379882 0.676620118
A:/rccrff: 0.000000000 0.824757782 0.175242218
A:/rf: 0.201726147 0.195352654 0.602921200
A:/rfcrc: 0.000000000 1.000000000 0.000000000
A:/rfcrf: 0.000000000 0.466793941 0.533206059
A:/rr: 0.000000000 0.903049343 0.096950657
J:/cc: 0.162552017 0.837447983 0.000000000
J:/cccrcc: 0.315403305 0.256687409 0.427909285
J:/cccrcf: 0.439386275 0.002176418 0.558437308
J:/cccrcr: 0.000000000 0.621739334 0.378260666
J:/cccrfc: 0.000820801 0.245498339 0.753680861
J:/cccrff: 0.122964629 0.381481991 0.495553380
J:/cccrfr: 0.000000000 0.123862894 0.876137106
J:/cccrrc: 0.000000000 0.288459290 0.711540710
J:/cccrrf: 0.000000000 0.426290085 0.573709915
J:/ccrccr: 0.000000000 0.533975885 0.466024115
J:/ccrcfr: 0.000000000 0.069317313 0.930682687
J:/ccrcrc: 0.000000000 0.452930830 0.547069170
J:/ccrcrf: 0.000000000 0.770609057 0.229390943
J:/ccrfcr: 0.000000000 0.599198185 0.400801815
J:/ccrffr: 0.000000000 0.221384878 0.778615122
J:/ccrfrc: 0.000000000 0.205272133 0.794727867
J:/ccrfrf: 0.000000000 0.966327341 0.033672659
J:/ccrrcc: 0.000000000 0.321609172 0.678390828
J:/ccrrcf: 0.000000000 0.000000000 1.000000000
J:/ccrrfc: 0.000000000 0.355132869 0.644867131
J:/ccrrff: 0.000000000 0.002561872 0.997438128
J:/cr: 0.000000000 0.000000000 1.000000000
J:/crccrc: 0.000000000 0.782549181 0.217450819
J:/crccrf: 0.000000000 0.782487354 0.217512646
J:/crcfrc: 0.000000000 0.463796487 0.536203513
J:/crcfrf: 0.000000000 0.023010504 0.976989496
J:/crcrcc: 0.000000000 0.503790371 0.496209629
J:/crcrcf: 0.000000000 0.529930338 0.470069662
J:/crcrfc: 0.000000000 0.363477419 0.636522581
J:/crcrff: 0.000000000 0.303183677 0.696816323
J:/rc: 0.389369458 0.221016948 0.389613594
J:/rccrcc: 0.000000000 0.431382063 0.568617937
J:/rccrcf: 0.000000000 0.023697333 0.976302667
J:/rccrfc: 0.000000000 0.367450339 0.632549661
J:/rccrff: 0.000000000 0.448131923 0.551868077
J:/rf: 0.000000000 0.581786897 0.418213103
J:/rfcrc: 0.000000000 0.804469006 0.195530994
J:/rfcrf: 0.000000000 0.825485796 0.174514204
J:/rr: 0.000000000 0.368685657 0.631314343
K:/cc: 0.000000000 1.000000000 0.000000000
K:/cccrcc: 0.377606746 0.059340443 0.563052810
K:/cccrcf: 0.551285726 0.154397026 0.294317248
K:/cccrcr: 0.000000000 0.641255826 0.358744174
K:/cccrfc: 0.341661676 0.463167417 0.195170906
K:/cccrff: 0.392664607 0.251872064 0.355463329
K:/cccrfr: 0.000000000 0.646981781 0.353018219
K:/cccrrc: 0.000000000 0.832680961 0.167319039
K:/cccrrf: 0.000000000 0.632395308 0.367604692
K:/ccrccr: 0.000000000 0.397121283 0.602878717
K:/ccrcfr: 0.000000000 0.705212269 0.294787731
K:/ccrcrc: 0.000000000 0.664345274 0.335654726
K:/ccrcrf: 0.000000000 0.339492543 0.660507457
K:/ccrfcr: 0.000000000 0.859647605 0.140352395
K:/ccrffr: 0.000000000 0.777634039 0.222365961
K:/ccrfrc: 0.000000000 0.998548631 0.001451369
K:/ccrfrf: 0.000000000 0.942805472 0.057194528
K:/ccrrcc: 0.000000000 0.819322411 0.180677589
K:/ccrrcf: 0.000000000 0.441669358 0.558330642
K:/ccrrfc: 0.000000000 0.524443207 0.475556793
K:/ccrrff: 0.000000000 0.342280345 0.657719655
K:/cr: 0.000000000 0.000000000 1.000000000
K:/crccrc: 0.000000000 0.718305900 0.281694100
K:/crccrf: 0.000000000 0.242363033 0.757636967
K:/crcfrc: 0.000000000 0.629790020 0.370209980
K:/crcfrf: 0.000000000 0.962354569 0.037645431
K:/crcrcc: 0.000000000 0.578273446 0.421726554
K:/crcrcf: 0.000000000 0.646460944 0.353539056
K:/crcrfc: 0.000000000 0.672808381 0.327191619
K:/crcrff: 0.000000000 0.999999841 0.000000159
K:/rc: 0.788556620 0.181944343 0.029499037
K:/rccrcc: 0.000000000 0.413061251 0.586938749
K:/rccrcf: 0.000000000 0.484069881 0.515930119
K:/rccrfc: 0.000000000 0.210601787 0.789398213
K:/rccrff: 0.000000000 0.648015428 0.351984572
K:/rf: 0.372620419 0.558440920 0.068938662
K:/rfcrc: 0.000000000 0.798549324 0.201450676
K:/rfcrf: 0.000000000 0.517633046 0.482366954
K:/rr: 0.000000000 0.937533826 0.062466174
Q:/cc: 0.000005945 0.999994055 0.000000000
Q:/cccrcc: 0.454047418 0.439491958 0.106460624
Q:/cccrcf: 0.424753049 0.145955267 0.429291684
Q:/cccrcr: 0.000000000 0.459637349 0.540362651
Q:/cccrfc: 0.000000000 0.337599324 0.662400676
Q:/cccrff: 0.000000000 0.557950061 0.442049939
Q:/cccrfr: 0.000000000 0.340779265 0.659220735
Q:/cccrrc: 0.000000000 0.598095470 0.401904530
Q:/cccrrf: 0.000000000 0.795779045 0.204220955
Q:/ccrccr: 0.000000000 0.845582652 0.154417348
Q:/ccrcfr: 0.000000000 0.286837101 0.713162899
Q:/ccrcrc: 0.000000000 0.505758557 0.494241443
Q:/ccrcrf: 0.000000000 0.593848232 0.406151768
Q:/ccrfcr: 0.000000000 0.752525957 0.247474043
Q:/ccrffr: 0.000000000 0.792179116 0.207820884
Q:/ccrfrc: 0.000000000 0.356217720 0.643782280
Q:/ccrfrf: 0.000000000 0.980002729 0.019997271
Q:/ccrrcc: 0.000000000 0.759834261 0.240165739
Q:/ccrrcf: 0.000000000 0.000000000 1.000000000
Q:/ccrrfc: 0.000000000 0.551715691 0.448284309
Q:/ccrrff: 0.000000000 0.456488965 0.543511035
Q:/cr: 0.000000000 0.000000000 1.000000000
Q:/crccrc: 0.000000000 0.270930393 0.729069607
Q:/crccrf: 0.000000000 0.431932473 0.568067527
Q:/crcfrc: 0.000000000 0.607112760 0.392887240
Q:/crcfrf: 0.000000000 0.469952058 0.530047942
Q:/crcrcc: 0.000000000 0.351012263 0.648987737
Q:/crcrcf: 0.000000000 0.542828255 0.457171745
Q:/crcrfc: 0.000000000 0.151351933 0.848648067
Q:/crcrff: 0.000000000 0.650166037 0.349833963
Q:/rc: 0.578552318 0.174445576 0.247002106
Q:/rccrcc: 0.000000000 0.673984859 0.326015141
Q:/rccrcf: 0.000000000 0.795358484 0.204641516
Q:/rccrfc: 0.000000000 0.404800819 0.595199181
Q:/rccrff: 0.000000000 0.764828796 0.235171204
Q:/rf: 0.143741386 0.702058610 0.154200004
Q:/rfcrc: 0.000000000 0.557166460 0.442833540
Q:/rfcrf: 0.000000000 0.821140063 0.178859937
Q:/rr: 0.000000000 0.303258897 0.696741103
T:/cc: 0.082215303 0.917784697 0.000000000
T:/cccrcc: 0.344762002 0.333166430 0.322071568
T:/cccrcf: 0.287572421 0.505269412 0.207158168
T:/cccrcr: 0.000000000 0.724987763 0.275012237
T:/cccrfc: 0.000014381 0.012570395 0.987415224
T:/cccrff: 0.000000000 0.442549519 0.557450481
T:/cccrfr: 0.000000000 0.000000000 1.000000000
T:/cccrrc: 0.000000000 0.070738883 0.929261117
T:/cccrrf: 0.000000000 0.000000000 1.000000000
T:/ccrccr: 0.000000000 0.779158517 0.220841483
T:/ccrcfr: 0.000000000 0.123129053 0.876870947
T:/ccrcrc: 0.000000000 0.650162588 0.349837412
T:/ccrcrf: 0.000000000 0.630465654 0.369534346
T:/ccrfcr: 0.000000000 1.000000000 0.000000000
T:/ccrffr: 0.000000000 0.408173259 0.591826741
T:/ccrfrc: 0.000000000 0.188335861 0.811664139
T:/ccrfrf: 0.000000000 0.658696050 0.341303950
T:/ccrrcc: 0.000000000 0.377008801 0.622991199
T:/ccrrcf: 0.000000000 0.000000000 1.000000000
T:/ccrrfc: 0.000000000 0.448415563 0.551584437
T:/ccrrff: 0.000000000 0.103688041 0.896311959
T:/cr: 0.000000000 0.000000000 1.000000000
T:/crccrc: 0.000000000 0.824953159 0.175046841
T:/crccrf: 0.000000000 0.417020248 0.582979752
T:/crcfrc: 0.000000000 0.456333397 0.543666603
T:/crcfrf: 0.000000000 0.382661479 0.617338521
T:/crcrcc: 0.000000000 0.312817802 0.687182198
T:/crcrcf: 0.000000000 0.434021932 0.565978068
T:/crcrfc: 0.000000000 0.641266334 0.358733666
T:/crcrff: 0.000000000 0.572498065 0.427501935
T:/rc: 0.130501703 0.577410003 0.292088294
T:/rccrcc: 0.000000000 0.203036024 0.796963976
T:/rccrcf: 0.000000000 0.685995071 0.314004929
T:/rccrfc: 0.000000000 0.549166087 0.450833913
T:/rccrff: 0.000000000 0.815765130 0.184234870
T:/rf: 0.384180965 0.327514657 0.288304379
T:/rfcrc: 0.000000000 0.878126945 0.121873055
T:/rfcrf: 0.000000000 0.512950614 0.487049386
T:/rr: 0.000000000 0.686356883 0.313643117
