8:/ccc: 0.364920003 0.635079997 0.000000000
8:/cccrccr: 0.000000000 0.596160314 0.403839686
8:/cccrcfr: 0.000000000 0.835497377 0.164502623
8:/cccrcrc: 0.000000000 0.160589256 0.839410744
8:/cccrcrf: 0.000000000 0.398610594 0.601389406
8:/cccrfcr: 0.000000000 0.145787857 0.854212143
8:/cccrffr: 0.000000000 0.112900465 0.887099535
8:/cccrfrc: 0.000000000 0.138862248 0.861137752
8:/cccrfrf: 0.000000000 0.222080264 0.777919736
8:/cccrrcc: 0.000000000 0.108362904 0.891637096
8:/cccrrcf: 0.000000000 0.000000000 1.000000000
8:/cccrrfc: 0.000000000 0.571211891 0.428788109
8:/cccrrff: 0.000000000 0.730806100 0.269193900
8:/ccr: 0.000000000 0.000000000 1.000000000
8:/ccrccrc: 0.000000000 0.000000000 1.000000000
8:/ccrccrf: 0.000000000 0.574966288 0.425033712
8:/ccrcfrc: 0.000000000 0.514638322 0.485361678
8:/ccrcfrf: 0.000000000 0.515059840 0.484940160
8:/ccrcrcc: 0.000000000 0.038642784 0.961357216
8:/ccrcrcf: 0.000000000 0.577349002 0.422650998
8:/ccrcrfc: 0.000000000 0.671241445 0.328758555
8:/ccrcrff: 0.000000000 0.550133207 0.449866793
8:/crc: 0.582609952 0.257401332 0.159988716
8:/crccrcc: 0.000000000 0.008145903 0.991854097
8:/crccrcf: 0.000000000 0.317147113 0.682852887
8:/crccrfc: 0.000000000 0.259511175 0.740488825
8:/crccrff: 0.000000000 0.772909910 0.227090090
8:/crf: 0.309311811 0.342175933 0.348512256
8:/crfcrc: 0.000000000 0.086396557 0.913603443
8:/crfcrf: 0.000000000 0.243642133 0.756357867
8:/crr: 0.000000000 0.270061619 0.729938381
8:/rcc: 0.072604884 0.513807899 0.413587216
8:/rcf: 0.000099087 0.480433463 0.519467451
8:/rcr: 0.000000000 0.032959285 0.967040715
8:/rfc: 0.000000236 0.194869622 0.805130142
8:/rff: 0.000000000 0.305839920 0.694160080
8:/rfr: 0.000000000 0.058658831 0.941341169
8:/rrc: 0.000000000 0.234909999 0.765090001
8:/rrf: 0.000000000 0.423430408 0.576569592
9:/ccc: 0.183946168 0.816053832 0.000000000
9:/cccrccr: 0.000000000 0.652310492 0.347689508
9:/cccrcfr: 0.000000000 0.366783356 0.633216644
9:/cccrcrc: 0.000000000 0.779845691 0.220154309
9:/cccrcrf: 0.000000000 0.617857607 0.382142393
9:/cccrfcr: 0.000000000 0.022506410 0.977493590
9:/cccrffr: 0.000000000 0.556820421 0.443179579
9:/cccrfrc: 0.000000000 0.037029398 0.962970602
9:/cccrfrf: 0.000000000 0.949912940 0.050087060
9:/cccrrcc: 0.000000000 0.878814303 0.121185697
9:/cccrrcf: 0.000000000 0.000000000 1.000000000
9:/cccrrfc: 0.000000000 0.644767427 0.355232573
9:/cccrrff: 0.000000000 0.213714427 0.786285573
9:/ccr: 0.000000000 0.000000000 1.000000000
9:/ccrccrc: 0.000000000 0.389083247 0.610916753
9:/ccrccrf: 0.000000000 0.225606739 0.774393261
9:/ccrcfrc: 0.000000000 0.276234851 0.723765149
9:/ccrcfrf: 0.000000000 0.605997341 0.394002659
9:/ccrcrcc: 0.000000000 0.160849129 0.839150871
9:/ccrcrcf: 0.000000000 0.777629934 0.222370066
9:/ccrcrfc: 0.000000000 0.021134309 0.978865691
9:/ccrcrff: 0.000000000 0.494857526 0.505142474
9:/crc: 0.201113963 0.494326268 0.304559769
9:/crccrcc: 0.000000000 0.453231893 0.546768107
9:/crccrcf: 0.000000000 0.759960079 0.240039921
9:/crccrfc: 0.000000000 0.547620873 0.452379127
9:/crccrff: 0.000000000 0.954918572 0.045081428
9:/crf: 0.118387121 0.749398264 0.132214615
9:/crfcrc: 0.000000000 0.601020383 0.398979617
9:/crfcrf: 0.000000000 0.740956787 0.259043213
9:/crr: 0.000000000 0.517875534 0.482124466
9:/rcc: 0.409039936 0.421718391 0.169241673
9:/rcf: 0.120726643 0.508522169 0.370751188
9:/rcr: 0.000000000 0.543914657 0.456085343
9:/rfc: 0.000000158 0.054754146 0.945245696
9:/rff: 0.109785351 0.062275437 0.827939212
9:/rfr: 0.000000000 0.130237408 0.869762592
9:/rrc: 0.000000000 0.727231879 0.272768121
9:/rrf: 0.000000000 0.149668826 0.850331174
A:/ccc: 1.000000000 0.000000000 0.000000000
A:/cccrccr: 0.000000000 0.999999904 0.000000096
A:/cccrcfr: 0.000000000 0.935272919 0.064727081
A:/cccrcrc: 0.000000000 0.999999977 0.000000023
A:/cccrcrf: 0.000000000 0.526828066 0.473171934
A:/cccrfcr: 0.000000000 0.931134314 0.068865686
A:/cccrffr: 0.000000000 0.869106133 0.130893867
A:/cccrfrc: 0.000000000 1.000000000 0.000000000
A:/cccrfrf: 0.000000000 0.198757378 0.801242622
A:/cccrrcc: 0.000000000 0.931252592 0.068747408
A:/cccrrcf: 0.000000000 1.000000000 0.000000000
A:/cccrrfc: 0.000000000 0.512323283 0.487676717
A:/cccrrff: 0.000000000 0.626217981 0.373782019
A:/ccr: 0.998658693 0.001252228 0.000089079
A:/ccrccrc: 0.000000000 0.549350103 0.450649897
A:/ccrccrf: 0.000000000 0.345736122 0.654263878
A:/ccrcfrc: 0.000000000 0.698389323 0.301610677
A:/ccrcfrf: 0.000000000 0.845085153 0.154914847
A:/ccrcrcc: 0.000000000 0.837245772 0.162754228
A:/ccrcrcf: 0.000000000 1.000000000 0.000000000
A:/ccrcrfc: 0.000000000 0.805020494 0.194979506
A:/ccrcrff: 0.000000000 0.905438847 0.094561153
A:/crc: 0.485598334 0.388432359 0.125969307
A:/crccrcc: 0.000000000 0.538437936 0.461562064
A:/crccrcf: 0.000000000 0.981778902 0.018221098
A:/crccrfc: 0.000000000 0.654607165 0.345392835
A:/crccrff: 0.000000000 0.394737653 0.605262347
A:/crf: 0.653334271 0.000002085 0.346663643
A:/crfcrc: 0.000000000 0.304510231 0.695489769
A:/crfcrf: 0.000000000 0.399543613 0.600456387
A:/crr: 0.000000000 0.720476413 0.279523587
A:/rcc: 0.256097168 0.464953018 0.278949814
A:/rcf: 0.348563772 0.600701437 0.050734791
A:/rcr: 0.000000000 0.668334835 0.331665165
A:/rfc: 0.825782741 0.174175126 0.000042133
A:/rff: 0.565077094 0.370198319 0.064724587
A:/rfr: 0.000000000 1.000000000 0.000000000
A:/rrc: 0.000000000 0.387446950 0.612553050
A:/rrf: 0.000000000 0.556567884 0.443432116
J:/ccc: 0.000000000 1.000000000 0.000000000
J:/cccrccr: 0.000000000 0.844674314 0.155325686
J:/cccrcfr: 0.000000000 0.724676191 0.275323809
J:/cccrcrc: 0.000000000 0.424528560 0.575471440
J:/cccrcrf: 0.000000000 0.540665721 0.459334279
J:/cccrfcr: 0.000000000 0.562652759 0.437347241
J:/cccrffr: 0.000000000 0.399933288 0.600066712
J:/cccrfrc: 0.000000000 0.553652554 0.446347446
J:/cccrfrf: 0.000000000 0.087208817 0.912791183
J:/cccrrcc: 0.000000000 0.543412655 0.456587345
J:/cccrrcf: 0.000000000 0.176160984 0.823839016
J:/cccrrfc: 0.000000000 0.972347167 0.027652833
J:/cccrrff: 0.000000000 0.966718690 0.033281310
J:/ccr: 0.000000000 0.000000000 1.000000000
J:/ccrccrc: 0.000000000 0.493177682 0.506822318
J:/ccrccrf: 0.000000000 0.518777171 0.481222829
J:/ccrcfrc: 0.000000000 0.573693473 0.426306527
J:/ccrcfrf: 0.000000000 0.469659018 0.530340982
J:/ccrcrcc: 0.000000000 0.439580127 0.560419873
J:/ccrcrcf: 0.000000000 0.492814085 0.507185915
J:/ccrcrfc: 0.000000000 0.628435024 0.371564976
J:/ccrcrff: 0.000000000 0.582405550 0.417594450
J:/crc: 0.224800457 0.527319119 0.247880425
J:/crccrcc: 0.000000000 0.509829564 0.490170436
J:/crccrcf: 0.000000000 0.292048621 0.707951379
J:/crccrfc: 0.000000000 0.535154880 0.464845120
J:/crccrff: 0.000000000 0.344209024 0.655790976
J:/crf: 0.000006154 0.999993846 0.000000000
J:/crfcrc: 0.000000000 0.975850020 0.024149980
J:/crfcrf: 0.000000000 0.756257372 0.243742628
J:/crr: 0.000000000 0.484693163 0.515306837
J:/rcc: 0.265862796 0.541045434 0.193091770
J:/rcf: 0.467446028 0.312906780 0.219647192
J:/rcr: 0.000000000 0.694423981 0.305576019
J:/rfc: 0.000000079 0.047823712 0.952176209
J:/rff: 0.027308074 0.504551865 0.468140062
J:/rfr: 0.000000000 0.000000000 1.000000000
J:/rrc: 0.000000000 0.142695626 0.857304374
J:/rrf: 0.000000000 0.608128391 0.391871609
K:/ccc: 0.000000000 1.000000000 0.000000000
K:/cccrccr: 0.000000000 0.999999990 0.000000010
K:/cccrcfr: 0.000000000 0.424377337 0.575622663
K:/cccrcrc: 0.000000000 0.628833403 0.371166597
K:/cccrcrf: 0.000000000 0.999236911 0.000763089
K:/cccrfcr: 0.000000000 0.446456681 0.553543319
K:/cccrffr: 0.000000000 0.662872240 0.337127760
K:/cccrfrc: 0.000000000 0.906993883 0.093006117
K:/cccrfrf: 0.000000000 0.758001328 0.241998672
K:/cccrrcc: 0.000000000 0.559519141 0.440480859
K:/cccrrcf: 0.000000000 0.647141326 0.352858674
K:/cccrrfc: 0.000000000 0.720889894 0.279110106
K:/cccrrff: 0.000000000 0.554411874 0.445588126
K:/ccr: 0.300842876 0.000000000 0.699157124
K:/ccrccrc: 0.000000000 0.352489563 0.647510437
K:/ccrccrf: 0.000000000 0.203222111 0.796777889
K:/ccrcfrc: 0.000000000 0.557296773 0.442703227
K:/ccrcfrf: 0.000000000 0.851410348 0.148589652
K:/ccrcrcc: 0.000000000 0.942375485 0.057624515
K:/ccrcrcf: 0.000000000 0.277888875 0.722111125
K:/ccrcrfc: 0.000000000 0.531384302 0.468615698
K:/ccrcrff: 0.000000000 0.657951631 0.342048369
K:/crc: 0.173468174 0.773551307 0.052980519
K:/crccrcc: 0.000000000 0.531130722 0.468869278
K:/crccrcf: 0.000000000 0.855159114 0.144840886
K:/crccrfc: 0.000000000 0.893922435 0.106077565
K:/crccrff: 0.000000000 0.771492949 0.228507051
K:/crf: 0.513172847 0.486827153 0.000000000
K:/crfcrc: 0.000000000 0.999935729 0.000064271
K:/crfcrf: 0.000000000 0.761260066 0.238739934
K:/crr: 0.000000000 0.945043238 0.054956762
K:/rcc: 0.099682439 0.494591158 0.405726402
K:/rcf: 0.407270939 0.464019711 0.128709350
K:/rcr: 0.000000000 0.532638186 0.467361814
K:/rfc: 0.000000000 0.321346211 0.678653789
K:/rff: 0.177984136 0.511578881 0.310436982
K:/rfr: 0.000000000 0.717075811 0.282924189
K:/rrc: 0.000000000 0.689342259 0.310657741
K:/rrf: 0.000000000 0.411146096 0.588853904
Q:/ccc: 0.000000000 1.000000000 0.000000000
Q:/cccrccr: 0.000000000 1.000000000 0.000000000
Q:/cccrcfr: 0.000000000 0.575950737 0.424049263
Q:/cccrcrc: 0.000000000 0.237661697 0.762338303
Q:/cccrcrf: 0.000000000 0.531125731 0.468874269
Q:/cccrfcr: 0.000000000 0.523597645 0.476402355
Q:/cccrffr: 0.000000000 0.717189106 0.282810894
Q:/cccrfrc: 0.000000000 0.213131064 0.786868936
Q:/cccrfrf: 0.000000000 0.490988065 0.509011935
Q:/cccrrcc: 0.000000000 0.314144944 0.685855056
Q:/cccrrcf: 0.000000000 0.256397415 0.743602585
Q:/cccrrfc: 0.000000000 0.459492190 0.540507810
Q:/cccrrff: 0.000000000 0.341067824 0.658932176
Q:/ccr: 0.063673988 0.000000000 0.936326012
Q:/ccrccrc: 0.000000000 0.565849984 0.434150016
Q:/ccrccrf: 0.000000000 0.691983175 0.308016825
Q:/ccrcfrc: 0.000000000 0.334194395 0.665805605
Q:/ccrcfrf: 0.000000000 0.308620281 0.691379719
Q:/ccrcrcc: 0.000000000 0.186180652 0.813819348
Q:/ccrcrcf: 0.000000000 0.490443389 0.509556611
Q:/ccrcrfc: 0.000000000 0.408180685 0.591819315
Q:/ccrcrff: 0.000000000 0.585863787 0.414136213
Q:/crc: 0.433960322 0.320354827 0.245684851
Q:/crccrcc: 0.000000000 0.301323411 0.698676589
Q:/crccrcf: 0.000000000 0.348368888 0.651631112
Q:/crccrfc: 0.000000000 0.719428628 0.280571372
Q:/crccrff: 0.000000000 0.675571473 0.324428527
Q:/crf: 0.668768036 0.312015545 0.019216419
Q:/crfcrc: 0.000000000 0.359335315 0.640664685
Q:/crfcrf: 0.000000000 0.623603888 0.376396112
Q:/crr: 0.000000000 0.818758308 0.181241692
Q:/rcc: 0.132125215 0.253203749 0.614671036
Q:/rcf: 0.308220976 0.637448888 0.054330135
Q:/rcr: 0.000000000 0.290283479 0.709716521
Q:/rfc: 0.000000000 0.473152552 0.526847448
Q:/rff: 0.000000111 0.545664383 0.454335505
Q:/rfr: 0.000000000 0.268605939 0.731394061
Q:/rrc: 0.000000000 0.782929572 0.217070428
Q:/rrf: 0.000000000 0.164609203 0.835390797
T:/ccc: 0.013875311 0.986124689 0.000000000
T:/cccrccr: 0.000000000 0.867903019 0.132096981
T:/cccrcfr: 0.000000000 0.461295554 0.538704446
T:/cccrcrc: 0.000000000 0.615369301 0.384630699
T:/cccrcrf: 0.000000000 0.710898612 0.289101388
T:/cccrfcr: 0.000000000 0.468881300 0.531118700
T:/cccrffr: 0.000000000 0.579504060 0.420495940
T:/cccrfrc: 0.000000000 0.551277044 0.448722956
T:/cccrfrf: 0.000000000 0.259237721 0.740762279
T:/cccrrcc: 0.000000000 0.325374906 0.674625094
T:/cccrrcf: 0.000000000 0.000000000 1.000000000
T:/cccrrfc: 0.000000000 0.882307319 0.117692681
T:/cccrrff: 0.000000000 0.680560895 0.319439105
T:/ccr: 0.000000000 0.000000000 1.000000000
T:/ccrccrc: 0.000000000 0.677158464 0.322841536
T:/ccrccrf: 0.000000000 0.332503822 0.667496178
T:/ccrcfrc: 0.000000000 0.073793438 0.926206562
T:/ccrcfrf: 0.000000000 0.415595792 0.584404208
T:/ccrcrcc: 0.000000000 0.394391347 0.605608653
T:/ccrcrcf: 0.000000000 0.343829230 0.656170770
T:/ccrcrfc: 0.000000000 0.325933986 0.674066014
T:/ccrcrff: 0.000000000 0.616458492 0.383541508
T:/crc: 0.368054628 0.220545241 0.411400131
T:/crccrcc: 0.000000000 0.537768804 0.462231196
T:/crccrcf: 0.000000000 0.499801428 0.500198572
T:/crccrfc: 0.000000000 0.290394628 0.709605372
T:/crccrff: 0.000000000 0.873686495 0.126313505
T:/crf: 0.533120470 0.466879530 0.000000000
T:/crfcrc: 0.000000000 0.444779060 0.555220940
T:/crfcrf: 0.000000000 0.393875506 0.606124494
T:/crr: 0.000000000 0.658053517 0.341946483
T:/rcc: 0.173905872 0.474446759 0.351647369
T:/rcf: 0.599743315 0.151937574 0.248319112
T:/rcr: 0.000000000 0.000066146 0.999933854
T:/rfc: 0.000000158 0.000000222 0.999999620
T:/rff: 0.000000000 0.220485364 0.779514636
T:/rfr: 0.000000000 0.398779727 0.601220273
T:/rrc: 0.000000000 0.409939946 0.590060054
T:/rrf: 0.000000000 0.366446712 0.633553288
