2:/: 0.231377960 0.768622040 0.000000000
2:/ccr: 0.000000000 0.000000000 1.000000000
2:/ccrcrc: 0.000000000 0.604285691 0.395714309
2:/ccrcrf: 0.000000000 0.618078559 0.381921441
2:/crc: 0.021182067 0.000000000 0.978817933
2:/crf: 0.002843016 0.000000000 0.997156984
2:/crr: 0.000000000 0.013714669 0.986285331
2:/rcr: 0.000000000 0.619271489 0.380728511
2:/rfr: 0.000000000 0.396820213 0.603179787
2:/rrc: 0.000000000 0.000000000 1.000000000
2:/rrf: 0.000000000 0.000000000 1.000000000
3:/: 0.232025608 0.767974392 0.000000000
3:/ccr: 0.000000000 0.000000000 1.000000000
3:/ccrcrc: 0.000000000 0.351090827 0.648909173
3:/ccrcrf: 0.000000000 0.252536244 0.747463756
3:/crc: 0.002771912 0.000000000 0.997228088
3:/crf: 0.002769322 0.000000000 0.997230678
3:/crr: 0.000000000 0.082343467 0.917656533
3:/rcr: 0.000000000 0.778011416 0.221988584
3:/rfr: 0.000000000 0.247807178 0.752192822
3:/rrc: 0.000000000 0.000000000 1.000000000
3:/rrf: 0.000000000 0.000000000 1.000000000
4:/: 0.373670465 0.626329535 0.000000000
4:/ccr: 0.313160341 0.060717920 0.626121740
4:/ccrcrc: 0.000000000 0.000000000 1.000000000
4:/ccrcrf: 0.000000000 0.239219412 0.760780588
4:/crc: 0.001862564 0.000000000 0.998137436
4:/crf: 0.002811335 0.000000000 0.997188665
4:/crr: 0.000000000 0.023588247 0.976411753
4:/rcr: 0.000000000 0.189606050 0.810393950
4:/rfr: 0.000000000 0.725125354 0.274874646
4:/rrc: 0.000000000 0.000000000 1.000000000
4:/rrf: 0.000000000 0.000000000 1.000000000
5:/: 0.495984722 0.504015278 0.000000000
5:/ccr: 0.378921811 0.289016484 0.332061705
5:/ccrcrc: 0.000000000 0.000000000 1.000000000
5:/ccrcrf: 0.000000000 0.141900866 0.858099134
5:/crc: 0.001696618 0.000000000 0.998303382
5:/crf: 0.023039292 0.270428659 0.706532049
5:/crr: 0.000000000 0.007288050 0.992711950
5:/rcr: 0.000000000 0.815072436 0.184927564
5:/rfr: 0.000000000 0.538859230 0.461140770
5:/rrc: 0.000000000 0.000000000 1.000000000
5:/rrf: 0.000000000 0.000000000 1.000000000
6:/: 0.003992279 0.996007721 0.000000000
6:/ccr: 0.336131218 0.035077340 0.628791442
6:/ccrcrc: 0.000000000 0.260811795 0.739188205
6:/ccrcrf: 0.000000000 0.678017716 0.321982284
6:/crc: 0.000386892 0.000000000 0.999613108
6:/crf: 0.032278246 0.455524271 0.512197484
6:/crr: 0.000000000 0.000012767 0.999987233
6:/rcr: 0.000000000 0.000002411 0.999997589
6:/rfr: 0.000000000 0.351296375 0.648703625
6:/rrc: 0.000000000 0.000000000 1.000000000
6:/rrf: 0.000000000 0.000000000 1.000000000
7:/: 0.014272945 0.985727055 0.000000000
7:/ccr: 0.168473640 0.196247194 0.635279166
7:/ccrcrc: 0.000000000 0.168927768 0.831072232
7:/ccrcrf: 0.000000000 0.569225203 0.430774797
7:/crc: 0.001647174 0.000000000 0.998352826
7:/crf: 0.044107296 0.515082328 0.440810376
7:/crr: 0.000000000 0.043997482 0.956002518
7:/rcr: 0.000000000 0.190180620 0.809819380
7:/rfr: 0.000000000 0.629973317 0.370026683
7:/rrc: 0.000000000 0.000000000 1.000000000
7:/rrf: 0.000000000 0.000000000 1.000000000
8:/: 0.000575170 0.999424830 0.000000000
8:/ccr: 0.364295401 0.000061427 0.635643172
8:/ccrcrc: 0.000000000 0.431821934 0.568178066
8:/ccrcrf: 0.000000000 0.548696134 0.451303866
8:/crc: 0.001643955 0.000000000 0.998356045
8:/crf: 0.009780119 0.750819831 0.239400050
8:/crr: 0.000000000 0.183024983 0.816975017
8:/rcr: 0.000000000 0.861577825 0.138422175
8:/rfr: 0.000000000 0.920056860 0.079943140
8:/rrc: 0.000000000 0.000000000 1.000000000
8:/rrf: 0.000000000 0.000077501 0.999922499
9:/: 0.000000000 1.000000000 0.000000000
9:/ccr: 0.630162414 0.191320732 0.178516854
9:/ccrcrc: 0.000000000 0.508130753 0.491869247
9:/ccrcrf: 0.000000000 0.602903041 0.397096959
9:/crc: 0.000234596 0.000000000 0.999765404
9:/crf: 0.011546082 0.521626676 0.466827242
9:/crr: 0.000000000 0.358609537 0.641390463
9:/rcr: 0.000000000 0.563387200 0.436612800
9:/rfr: 0.000000000 0.132068374 0.867931626
9:/rrc: 0.000000000 0.615007739 0.384992261
9:/rrf: 0.000000000 0.017776558 0.982223442
A:/: 0.829415718 0.170584282 0.000000000
A:/ccr: 0.656774939 0.343225061 0.000000000
A:/ccrcrc: 0.000000000 1.000000000 0.000000000
A:/ccrcrf: 0.000000000 0.828151875 0.171848125
A:/crc: 0.881719637 0.118280363 0.000000000
A:/crf: 0.999823781 0.000176219 0.000000000
A:/crr: 0.000000000 0.999976265 0.000023735
A:/rcr: 0.000000000 1.000000000 0.000000000
A:/rfr: 0.000000000 0.811268986 0.188731014
A:/rrc: 0.000000000 1.000000000 0.000000000
A:/rrf: 0.000000000 0.998467702 0.001532298
J:/: 0.998929335 0.001070665 0.000000000
J:/ccr: 0.648141794 0.332607715 0.019250491
J:/ccrcrc: 0.000000000 0.745348804 0.254651196
J:/ccrcrf: 0.000000000 0.917533008 0.082466992
J:/crc: 0.000158082 0.567397013 0.432444904
J:/crf: 0.002015967 0.997984033 0.000000000
J:/crr: 0.000000000 0.256742865 0.743257135
J:/rcr: 0.000000000 0.707527949 0.292472051
J:/rfr: 0.000000000 0.968027301 0.031972699
J:/rrc: 0.000000000 0.716784219 0.283215781
J:/rrf: 0.000000000 0.786509046 0.213490954
K:/: 0.519917403 0.480082597 0.000000000
K:/ccr: 0.843373893 0.156406068 0.000220038
K:/ccrcrc: 0.000000000 0.999934633 0.000065367
K:/ccrcrf: 0.000000000 0.716331415 0.283668585
K:/crc: 0.000015082 0.999984918 0.000000000
K:/crf: 0.811066612 0.188933388 0.000000000
K:/crr: 0.000000000 0.934397703 0.065602297
K:/rcr: 0.000000000 1.000000000 0.000000000
K:/rfr: 0.000000000 0.659961249 0.340038751
K:/rrc: 0.000000000 0.847043940 0.152956060
K:/rrf: 0.000000000 0.885732808 0.114267192
Q:/: 0.387523116 0.612476884 0.000000000
Q:/ccr: 0.381374098 0.618343086 0.000282816
Q:/ccrcrc: 0.000000000 0.999889567 0.000110433
Q:/ccrcrf: 0.000000000 0.941184580 0.058815420
Q:/crc: 0.000009856 0.999990144 0.000000000
Q:/crf: 0.000158879 0.999841121 0.000000000
Q:/crr: 0.000000000 0.466683915 0.533316085
Q:/rcr: 0.000000000 0.525865835 0.474134165
Q:/rfr: 0.000000000 0.276138254 0.723861746
Q:/rrc: 0.000000000 0.602503921 0.397496079
Q:/rrf: 0.000000000 0.754022707 0.245977293
T:/: 0.000000000 1.000000000 0.000000000
T:/ccr: 0.713821480 0.285678415 0.000500105
T:/ccrcrc: 0.000000000 0.708592804 0.291407196
T:/ccrcrf: 0.000000000 0.939456228 0.060543772
T:/crc: 0.000738070 0.000000000 0.999261930
T:/crf: 0.011242008 0.983067251 0.005690741
T:/crr: 0.000000000 0.330137239 0.669862761
T:/rcr: 0.000000000 0.661328494 0.338671506
T:/rfr: 0.000000000 0.883803280 0.116196720
T:/rrc: 0.000000000 0.556126791 0.443873209
T:/rrf: 0.000000000 0.998962517 0.001037483
