2:/cc: 0.401476966 0.598523034 0.000000000
2:/ccrcr: 0.000000000 0.216459169 0.783540831
2:/ccrfr: 0.000000000 0.223123429 0.776876571
2:/ccrrc: 0.000000000 0.240671490 0.759328510
2:/ccrrf: 0.000000000 0.471926316 0.528073684
2:/cr: 0.002451743 0.000000000 0.997548257
2:/crcrc: 0.000000000 0.218984439 0.781015561
2:/crcrf: 0.000000000 0.194445810 0.805554190
2:/rc: 0.000000000 0.000020522 0.999979478
2:/rf: 0.132992569 0.220203656 0.646803775
2:/rr: 0.000000000 0.000000000 1.000000000
3:/cc: 0.661533998 0.338466002 0.000000000
3:/ccrcr: 0.000000000 0.655650786 0.344349214
3:/ccrfr: 0.000000000 0.685274390 0.314725610
3:/ccrrc: 0.000000000 0.000000000 1.000000000
3:/ccrrf: 0.000000000 0.447020075 0.552979925
3:/cr: 0.002442642 0.000000000 0.997557358
3:/crcrc: 0.000000000 0.224159082 0.775840918
3:/crcrf: 0.000000000 0.097473637 0.902526363
3:/rc: 0.000000000 0.000000000 1.000000000
3:/rf: 0.074064153 0.684028550 0.241907297
3:/rr: 0.000000000 0.000000000 1.000000000
4:/cc: 0.024387270 0.975612730 0.000000000
4:/ccrcr: 0.000000000 0.640346781 0.359653219
4:/ccrfr: 0.000000000 0.040046010 0.959953990
4:/ccrrc: 0.000000000 0.000000000 1.000000000
4:/ccrrf: 0.000000000 0.534467150 0.465532850
4:/cr: 0.002292900 0.000000000 0.997707100
4:/crcrc: 0.000000000 0.102620117 0.897379883
4:/crcrf: 0.000000000 0.327722603 0.672277397
4:/rc: 0.175307917 0.000009112 0.824682971
4:/rf: 0.748114088 0.031559821 0.220326091
4:/rr: 0.000000000 0.000000000 1.000000000
5:/cc: 0.025919332 0.974080668 0.000000000
5:/ccrcr: 0.000000000 0.363509377 0.636490623
5:/ccrfr: 0.000000000 0.000000000 1.000000000
5:/ccrrc: 0.000000000 0.000000000 1.000000000
5:/ccrrf: 0.000000000 0.534114455 0.465885545
5:/cr: 0.035409860 0.000089672 0.964500468
5:/crcrc: 0.000000000 0.325410848 0.674589152
5:/crcrf: 0.000000000 0.873366208 0.126633792
5:/rc: 0.000000000 0.000000000 1.000000000
5:/rf: 0.546587668 0.418134942 0.035277389
5:/rr: 0.000000000 0.000000000 1.000000000
6:/cc: 0.000850199 0.999149801 0.000000000
6:/ccrcr: 0.000000000 0.999982146 0.000017854
6:/ccrfr: 0.000000000 0.523048323 0.476951677
6:/ccrrc: 0.000000000 0.234794693 0.765205307
6:/ccrrf: 0.000000000 0.725075677 0.274924323
6:/cr: 0.144252014 0.083297891 0.772450094
6:/crcrc: 0.000000000 0.437028093 0.562971907
6:/crcrf: 0.000000000 0.487740312 0.512259688
6:/rc: 0.101000476 0.000000000 0.898999524
6:/rf: 0.000333631 0.228804719 0.770861650
6:/rr: 0.000000000 0.000000000 1.000000000
7:/cc: 0.001606282 0.998393718 0.000000000
7:/ccrcr: 0.000000000 0.629206470 0.370793530
7:/ccrfr: 0.000000000 0.720792631 0.279207369
7:/ccrrc: 0.000000000 0.004282583 0.995717417
7:/ccrrf: 0.000000000 0.515085781 0.484914219
7:/cr: 0.014466135 0.000094598 0.985439267
7:/crcrc: 0.000000000 0.613424305 0.386575695
7:/crcrf: 0.000000000 0.794749431 0.205250569
7:/rc: 0.065939645 0.000000000 0.934060355
7:/rf: 0.454156175 0.321677097 0.224166728
7:/rr: 0.000000000 0.000000000 1.000000000
8:/cc: 0.000000000 1.000000000 0.000000000
8:/ccrcr: 0.000000000 0.368177029 0.631822971
8:/ccrfr: 0.000000000 0.360023758 0.639976242
8:/ccrrc: 0.000000000 0.048448323 0.951551677
8:/ccrrf: 0.000000000 0.191603263 0.808396737
8:/cr: 0.054935430 0.000156685 0.944907885
8:/crcrc: 0.000000000 0.506117238 0.493882762
8:/crcrf: 0.000000000 0.276727228 0.723272772
8:/rc: 0.015608730 0.000000000 0.984391270
8:/rf: 0.408207148 0.511382262 0.080410591
8:/rr: 0.000000000 0.000000000 1.000000000
9:/cc: 0.056686072 0.943313928 0.000000000
9:/ccrcr: 0.000000000 0.900618711 0.099381289
9:/ccrfr: 0.000000000 0.837500185 0.162499815
9:/ccrrc: 0.000000000 0.316521626 0.683478374
9:/ccrrf: 0.000000000 0.628143851 0.371856149
9:/cr: 0.024223379 0.308987493 0.666789128
9:/crcrc: 0.000000000 0.463576908 0.536423092
9:/crcrf: 0.000000000 0.153797539 0.846202461
9:/rc: 0.014602430 0.000015011 0.985382559
9:/rf: 0.335914908 0.317245228 0.346839865
9:/rr: 0.000000000 0.000000000 1.000000000
A:/cc: 1.000000000 0.000000000 0.000000000
A:/ccrcr: 0.000000000 0.851919415 0.148080585
A:/ccrfr: 0.000000000 1.000000000 0.000000000
A:/ccrrc: 0.000000000 1.000000000 0.000000000
A:/ccrrf: 0.000000000 0.536270691 0.463729309
A:/cr: 0.999843488 0.000156512 0.000000000
A:/crcrc: 0.000000000 0.263487538 0.736512462
A:/crcrf: 0.000000000 0.716109162 0.283890838
A:/rc: 1.000000000 0.000000000 0.000000000
A:/rf: 0.128006870 0.528301565 0.343691565
A:/rr: 0.000000000 0.999847294 0.000152706
J:/cc: 0.299173666 0.700826334 0.000000000
J:/ccrcr: 0.000000000 0.602941985 0.397058015
J:/ccrfr: 0.000000000 0.823242837 0.176757163
J:/ccrrc: 0.000000000 0.461163138 0.538836862
J:/ccrrf: 0.000000000 0.479569338 0.520430662
J:/cr: 0.001687502 0.635000918 0.363311579
J:/crcrc: 0.000000000 0.511656648 0.488343352
J:/crcrf: 0.000000000 0.394647916 0.605352084
J:/rc: 0.066721268 0.933262102 0.000016630
J:/rf: 0.518843683 0.447234381 0.033921935
J:/rr: 0.000000000 0.343031652 0.656968348
K:/cc: 0.997430945 0.002569055 0.000000000
K:/ccrcr: 0.000000000 0.835968655 0.164031345
K:/ccrfr: 0.000000000 0.768180159 0.231819841
K:/ccrrc: 0.000000000 0.999689953 0.000310047
K:/ccrrf: 0.000000000 0.384496042 0.615503958
K:/cr: 0.402772860 0.597227140 0.000000000
K:/crcrc: 0.000000000 0.466263011 0.533736989
K:/crcrf: 0.000000000 0.594073712 0.405926288
K:/rc: 1.000000000 0.000000000 0.000000000
K:/rf: 0.251018062 0.303482576 0.445499362
K:/rr: 0.000000000 0.700172590 0.299827410
Q:/cc: 0.949224107 0.050775893 0.000000000
Q:/ccrcr: 0.000000000 0.795414063 0.204585937
Q:/ccrfr: 0.000000000 0.849729706 0.150270294
Q:/ccrrc: 0.000000000 0.999576129 0.000423871
Q:/ccrrf: 0.000000000 0.526970577 0.473029423
Q:/cr: 0.000099373 0.999900627 0.000000000
Q:/crcrc: 0.000000000 0.626788123 0.373211877
Q:/crcrf: 0.000000000 0.335622525 0.664377475
Q:/rc: 0.231404092 0.768595908 0.000000000
Q:/rf: 0.481657540 0.167233933 0.351108527
Q:/rr: 0.000000000 0.329154918 0.670845082
T:/cc: 0.222530121 0.777469879 0.000000000
T:/ccrcr: 0.000000000 0.646364224 0.353635776
T:/ccrfr: 0.000000000 0.664924389 0.335075611
T:/ccrrc: 0.000000000 0.377914452 0.622085548
T:/ccrrf: 0.000000000 0.672402880 0.327597120
T:/cr: 0.002863525 0.256083215 0.741053260
T:/crcrc: 0.000000000 0.596759130 0.403240870
T:/crcrf: 0.000000000 0.532246550 0.467753450
T:/rc: 0.012145605 0.024979002 0.962875393
T:/rf: 0.527064508 0.219075466 0.253860026
T:/rr: 0.000000000 0.000000000 1.000000000
