8:/: 0.001339823 0.998660177 0.000000000
8:/cccr: 0.009708769 0.000000000 0.990291231
8:/cccrccrc: 0.000000000 0.180875622 0.819124378
8:/cccrccrf: 0.000000000 0.296087168 0.703912832
8:/cccrcfrc: 0.000000000 0.462834405 0.537165595
8:/cccrcfrf: 0.000000000 0.761692626 0.238307374
8:/cccrcrcc: 0.000000000 0.445975826 0.554024174
8:/cccrcrcf: 0.000000000 0.471617786 0.528382214
8:/cccrcrfc: 0.000000000 0.357673769 0.642326231
8:/cccrcrff: 0.000000000 0.462721543 0.537278457
8:/ccrc: 0.127681542 0.000000000 0.872318458
8:/ccrccrcc: 0.000000000 0.701534127 0.298465873
8:/ccrccrcf: 0.000000000 0.358104745 0.641895255
8:/ccrccrfc: 0.000000000 0.372793157 0.627206843
8:/ccrccrff: 0.000000000 0.299862257 0.700137743
8:/ccrf: 0.038081785 0.001732317 0.960185898
8:/ccrfcrc: 0.000000000 0.308894872 0.691105128
8:/ccrfcrf: 0.000000000 0.487540627 0.512459373
8:/ccrr: 0.000000000 0.000000000 1.000000000
8:/crcc: 0.411483716 0.501329052 0.087187232
8:/crcf: 0.000000000 0.457184375 0.542815625
8:/crcr: 0.000000000 0.306355359 0.693644641
8:/crfc: 0.004352692 0.175843188 0.819804119
8:/crff: 0.012163731 0.162532772 0.825303498
8:/crfr: 0.000000000 0.163555519 0.836444481
8:/crrc: 0.000000000 0.715333421 0.284666579
8:/crrf: 0.000000000 0.000000000 1.000000000
8:/rccr: 0.000000000 0.109843019 0.890156981
8:/rcfr: 0.000000000 0.000000000 1.000000000
8:/rcrc: 0.000000000 0.250798111 0.749201889
8:/rcrf: 0.000000000 0.210019354 0.789980646
8:/rfcr: 0.000000000 0.539169245 0.460830755
8:/rffr: 0.000000000 0.236817749 0.763182251
8:/rfrc: 0.000000000 0.000000000 1.000000000
8:/rfrf: 0.000000000 0.196234794 0.803765206
8:/rrcc: 0.000000000 0.000000000 1.000000000
8:/rrcf: 0.000000000 0.632353308 0.367646692
8:/rrfc: 0.000000000 0.222132235 0.777867765
8:/rrff: 0.000000000 0.000000000 1.000000000
9:/: 0.148839879 0.851160121 0.000000000
9:/cccr: 0.040800455 0.000000000 0.959199545
9:/cccrccrc: 0.000000000 0.223871915 0.776128085
9:/cccrccrf: 0.000000000 0.374366283 0.625633717
9:/cccrcfrc: 0.000000000 0.379084996 0.620915004
9:/cccrcfrf: 0.000000000 0.363906267 0.636093733
9:/cccrcrcc: 0.000000000 0.448075011 0.551924989
9:/cccrcrcf: 0.000000000 0.923647179 0.076352821
9:/cccrcrfc: 0.000000000 0.384830385 0.615169615
9:/cccrcrff: 0.000000000 0.260977917 0.739022083
9:/ccrc: 0.002579770 0.000000000 0.997420230
9:/ccrccrcc: 0.000000000 0.573530535 0.426469465
9:/ccrccrcf: 0.000000000 0.188427915 0.811572085
9:/ccrccrfc: 0.000000000 0.331958234 0.668041766
9:/ccrccrff: 0.000000000 0.368613748 0.631386252
9:/ccrf: 0.237089300 0.402639896 0.360270805
9:/ccrfcrc: 0.000000000 0.275854314 0.724145686
9:/ccrfcrf: 0.000000000 0.861595475 0.138404525
9:/ccrr: 0.000000000 0.000000000 1.000000000
9:/crcc: 0.391455955 0.122074722 0.486469324
9:/crcf: 0.330389241 0.491511432 0.178099327
9:/crcr: 0.000000000 0.573229600 0.426770400
9:/crfc: 0.018971163 0.228897725 0.752131112
9:/crff: 0.008019258 0.056214553 0.935766190
9:/crfr: 0.000000000 0.100354871 0.899645129
9:/crrc: 0.000000000 0.269270309 0.730729691
9:/crrf: 0.000000000 0.278806919 0.721193081
9:/rccr: 0.000000000 0.353328687 0.646671313
9:/rcfr: 0.000000000 0.000000000 1.000000000
9:/rcrc: 0.000000000 0.110093815 0.889906185
9:/rcrf: 0.000000000 0.397545745 0.602454255
9:/rfcr: 0.000000000 0.000000000 1.000000000
9:/rffr: 0.000000000 0.177837744 0.822162256
9:/rfrc: 0.000000000 0.058437470 0.941562530
9:/rfrf: 0.000000000 0.530521368 0.469478632
9:/rrcc: 0.000000000 0.387421346 0.612578654
9:/rrcf: 0.000000000 0.244829875 0.755170125
9:/rrfc: 0.000000000 0.046190823 0.953809177
9:/rrff: 0.000000000 0.350028106 0.649971894
A:/: 0.330148933 0.669851067 0.000000000
A:/cccr: 0.900748783 0.099251217 0.000000000
A:/cccrccrc: 0.000000000 0.542231269 0.457768731
A:/cccrccrf: 0.000000000 0.166458745 0.833541255
A:/cccrcfrc: 0.000000000 0.676519714 0.323480286
A:/cccrcfrf: 0.000000000 0.455918029 0.544081971
A:/cccrcrcc: 0.000000000 1.000000000 0.000000000
A:/cccrcrcf: 0.000000000 0.886197419 0.113802581
A:/cccrcrfc: 0.000000000 1.000000000 0.000000000
A:/cccrcrff: 0.000000000 1.000000000 0.000000000
A:/ccrc: 1.000000000 0.000000000 0.000000000
A:/ccrccrcc: 0.000000000 1.000000000 0.000000000
A:/ccrccrcf: 0.000000000 0.667899570 0.332100430
A:/ccrccrfc: 0.000000000 0.844934943 0.155065057
A:/ccrccrff: 0.000000000 0.569525320 0.430474680
A:/ccrf: 0.641656409 0.358343591 0.000000000
A:/ccrfcrc: 0.000000000 1.000000000 0.000000000
A:/ccrfcrf: 0.000000000 1.000000000 0.000000000
A:/ccrr: 0.000000000 1.000000000 0.000000000
A:/crcc: 0.497420579 0.314511403 0.188068018
A:/crcf: 0.690615062 0.083425765 0.225959174
A:/crcr: 0.000000000 0.985646176 0.014353824
A:/crfc: 0.698644112 0.301355888 0.000000000
A:/crff: 0.693500103 0.306499897 0.000000000
A:/crfr: 0.000000000 1.000000000 0.000000000
A:/crrc: 0.000000000 0.710438861 0.289561139
A:/crrf: 0.000000000 0.922630699 0.077369301
A:/rccr: 0.000000000 1.000000000 0.000000000
A:/rcfr: 0.000000000 1.000000000 0.000000000
A:/rcrc: 0.000000000 0.777222016 0.222777984
A:/rcrf: 0.000000000 0.740558598 0.259441402
A:/rfcr: 0.000000000 1.000000000 0.000000000
A:/rffr: 0.000000000 1.000000000 0.000000000
A:/rfrc: 0.000000000 1.000000000 0.000000000
A:/rfrf: 0.000000000 0.156886318 0.843113682
A:/rrcc: 0.000000000 0.727013357 0.272986643
A:/rrcf: 0.000000000 1.000000000 0.000000000
A:/rrfc: 0.000000000 0.815509280 0.184490720
A:/rrff: 0.000000000 1.000000000 0.000000000
J:/: 0.000000000 1.000000000 0.000000000
J:/cccr: 0.019136948 0.000184475 0.980678578
J:/cccrccrc: 0.000000000 0.818089630 0.181910370
J:/cccrccrf: 0.000000000 0.451428762 0.548571238
J:/cccrcfrc: 0.000000000 0.499849136 0.500150864
J:/cccrcfrf: 0.000000000 0.521901771 0.478098229
J:/cccrcrcc: 0.000000000 0.200607021 0.799392979
J:/cccrcrcf: 0.000000000 0.711347690 0.288652310
J:/cccrcrfc: 0.000000000 0.150016679 0.849983321
J:/cccrcrff: 0.000000000 0.018108712 0.981891288
J:/ccrc: 0.000000000 0.000000000 1.000000000
J:/ccrccrcc: 0.000000000 0.459709260 0.540290740
J:/ccrccrcf: 0.000000000 0.872673039 0.127326961
J:/ccrccrfc: 0.000000000 0.062647003 0.937352997
J:/ccrccrff: 0.000000000 0.397244219 0.602755781
J:/ccrf: 0.270445314 0.024029259 0.705525426
J:/ccrfcrc: 0.000000000 0.341889109 0.658110891
J:/ccrfcrf: 0.000000000 0.248491261 0.751508739
J:/ccrr: 0.000000000 0.000000000 1.000000000
J:/crcc: 0.278027454 0.437173531 0.284799015
J:/crcf: 0.136205479 0.411688971 0.452105549
J:/crcr: 0.000000000 0.490614171 0.509385829
J:/crfc: 0.000000000 0.226210937 0.773789063
J:/crff: 0.000000000 0.290865055 0.709134945
J:/crfr: 0.000000000 0.101626554 0.898373446
J:/crrc: 0.000000000 0.000000000 1.000000000
J:/crrf: 0.000000000 0.000000000 1.000000000
J:/rccr: 0.000000000 0.143604747 0.856395253
J:/rcfr: 0.000000000 0.118731108 0.881268892
J:/rcrc: 0.000000000 0.513829243 0.486170757
J:/rcrf: 0.000000000 0.129656685 0.870343315
J:/rfcr: 0.000000000 0.532426822 0.467573178
J:/rffr: 0.000000000 0.296822291 0.703177709
J:/rfrc: 0.000000000 0.000000000 1.000000000
J:/rfrf: 0.000000000 0.883147684 0.116852316
J:/rrcc: 0.000000000 0.599694261 0.400305739
J:/rrcf: 0.000000000 0.093946217 0.906053783
J:/rrfc: 0.000000000 0.444252399 0.555747601
J:/rrff: 0.000000000 0.015075575 0.984924425
K:/: 0.000000000 1.000000000 0.000000000
K:/cccr: 0.045131043 0.890364937 0.064504020
K:/cccrccrc: 0.000000000 0.256049654 0.743950346
K:/cccrccrf: 0.000000000 0.378049056 0.621950944
K:/cccrcfrc: 0.000000000 0.490117398 0.509882602
K:/cccrcfrf: 0.000000000 0.583906183 0.416093817
K:/cccrcrcc: 0.000000000 0.718699294 0.281300706
K:/cccrcrcf: 0.000000000 0.469944779 0.530055221
K:/cccrcrfc: 0.000000000 0.619288743 0.380711257
K:/cccrcrff: 0.000000000 0.691884705 0.308115295
K:/ccrc: 0.604052335 0.376929375 0.019018290
K:/ccrccrcc: 0.000000000 0.644873517 0.355126483
K:/ccrccrcf: 0.000000000 0.888774043 0.111225957
K:/ccrccrfc: 0.000000000 0.688000440 0.311999560
K:/ccrccrff: 0.000000000 0.811893360 0.188106640
K:/ccrf: 0.506075020 0.493924980 0.000000000
K:/ccrfcrc: 0.000000000 0.714555264 0.285444736
K:/ccrfcrf: 0.000000000 0.695796385 0.304203615
K:/ccrr: 0.000000000 0.524379487 0.475620513
K:/crcc: 0.140306115 0.361202566 0.498491319
K:/crcf: 0.135808826 0.209010823 0.655180351
K:/crcr: 0.000000000 0.111358727 0.888641273
K:/crfc: 0.434074638 0.388811761 0.177113600
K:/crff: 0.135871796 0.786060641 0.078067563
K:/crfr: 0.000000000 0.612344216 0.387655784
K:/crrc: 0.000000000 0.211064075 0.788935925
K:/crrf: 0.000000000 0.846276231 0.153723769
K:/rccr: 0.000000000 0.543163706 0.456836294
K:/rcfr: 0.000000000 0.604213474 0.395786526
K:/rcrc: 0.000000000 0.546637979 0.453362021
K:/rcrf: 0.000000000 0.944801630 0.055198370
K:/rfcr: 0.000000000 0.676273818 0.323726182
K:/rffr: 0.000000000 0.223100895 0.776899105
K:/rfrc: 0.000000000 0.495314329 0.504685671
K:/rfrf: 0.000000000 0.664904616 0.335095384
K:/rrcc: 0.000000000 0.700568906 0.299431094
K:/rrcf: 0.000000000 0.779663147 0.220336853
K:/rrfc: 0.000000000 0.593419248 0.406580752
K:/rrff: 0.000000000 0.187932659 0.812067341
Q:/: 0.086597136 0.913402864 0.000000000
Q:/cccr: 0.117898956 0.000000000 0.882101044
Q:/cccrccrc: 0.000000000 0.219090322 0.780909678
Q:/cccrccrf: 0.000000000 0.152988723 0.847011277
Q:/cccrcfrc: 0.000000000 0.733457697 0.266542303
Q:/cccrcfrf: 0.000000000 0.328577275 0.671422725
Q:/cccrcrcc: 0.000000000 0.385116459 0.614883541
Q:/cccrcrcf: 0.000000000 0.135411408 0.864588592
Q:/cccrcrfc: 0.000000000 0.706821445 0.293178555
Q:/cccrcrff: 0.000000000 0.735361769 0.264638231
Q:/ccrc: 0.338986051 0.000000000 0.661013949
Q:/ccrccrcc: 0.000000000 0.505537926 0.494462074
Q:/ccrccrcf: 0.000000000 0.465247653 0.534752347
Q:/ccrccrfc: 0.000000000 0.570952109 0.429047891
Q:/ccrccrff: 0.000000000 0.524543520 0.475456480
Q:/ccrf: 0.197176595 0.533844442 0.268978963
Q:/ccrfcrc: 0.000000000 0.224761978 0.775238022
Q:/ccrfcrf: 0.000000000 0.671779464 0.328220536
Q:/ccrr: 0.000000000 0.149076370 0.850923630
Q:/crcc: 0.000000000 0.758815563 0.241184437
Q:/crcf: 0.000000000 0.463665569 0.536334431
Q:/crcr: 0.000000000 0.166513792 0.833486208
Q:/crfc: 0.000000000 0.294590958 0.705409042
Q:/crff: 0.058844917 0.499563976 0.441591107
Q:/crfr: 0.000000000 0.157478863 0.842521137
Q:/crrc: 0.000000000 0.398226167 0.601773833
Q:/crrf: 0.000000000 0.262770133 0.737229867
Q:/rccr: 0.000000000 0.309056798 0.690943202
Q:/rcfr: 0.000000000 0.156704094 0.843295906
Q:/rcrc: 0.000000000 0.036672226 0.963327774
Q:/rcrf: 0.000000000 0.463870557 0.536129443
Q:/rfcr: 0.000000000 0.201183877 0.798816123
Q:/rffr: 0.000000000 0.475158240 0.524841760
Q:/rfrc: 0.000000000 0.000000000 1.000000000
Q:/rfrf: 0.000000000 0.201955023 0.798044977
Q:/rrcc: 0.000000000 0.381292510 0.618707490
Q:/rrcf: 0.000000000 0.578973572 0.421026428
Q:/rrfc: 0.000000000 0.365375080 0.634624920
Q:/rrff: 0.000000000 0.191584019 0.808415981
T:/: 0.000000000 1.000000000 0.000000000
T:/cccr: 0.000000000 0.000000000 1.000000000
T:/cccrccrc: 0.000000000 0.497278789 0.502721211
T:/cccrccrf: 0.000000000 0.738262601 0.261737399
T:/cccrcfrc: 0.000000000 0.544924983 0.455075017
T:/cccrcfrf: 0.000000000 0.665794986 0.334205014
T:/cccrcrcc: 0.000000000 0.134180494 0.865819506
T:/cccrcrcf: 0.000000000 0.558173995 0.441826005
T:/cccrcrfc: 0.000000000 0.512361284 0.487638716
T:/cccrcrff: 0.000000000 0.804429933 0.195570067
T:/ccrc: 0.011748941 0.000000000 0.988251059
T:/ccrccrcc: 0.000000000 0.651712965 0.348287035
T:/ccrccrcf: 0.000000000 0.472670797 0.527329203
T:/ccrccrfc: 0.000000000 0.526646818 0.473353182
T:/ccrccrff: 0.000000000 0.747545217 0.252454783
T:/ccrf: 0.043554266 0.281860846 0.674584888
T:/ccrfcrc: 0.000000000 0.476618200 0.523381800
T:/ccrfcrf: 0.000000000 0.043557924 0.956442076
T:/ccrr: 0.000000000 0.000000000 1.000000000
T:/crcc: 0.000000000 0.387411001 0.612588999
T:/crcf: 0.000000000 0.724538543 0.275461457
T:/crcr: 0.000000000 0.088187305 0.911812695
T:/crfc: 0.000000000 0.067011400 0.932988600
T:/crff: 0.000000000 0.138734765 0.861265235
T:/crfr: 0.000000000 0.031123975 0.968876025
T:/crrc: 0.000000000 0.303620268 0.696379732
T:/crrf: 0.000000000 0.000000000 1.000000000
T:/rccr: 0.000000000 0.540298646 0.459701354
T:/rcfr: 0.000000000 0.402154358 0.597845642
T:/rcrc: 0.000000000 0.423507027 0.576492973
T:/rcrf: 0.000000000 0.855010466 0.144989534
T:/rfcr: 0.000000000 0.216310153 0.783689847
T:/rffr: 0.000000000 0.576783892 0.423216108
T:/rfrc: 0.000000000 0.089028049 0.910971951
T:/rfrf: 0.000000000 0.086531145 0.913468855
T:/rrcc: 0.000000000 0.555973020 0.444026980
T:/rrcf: 0.000000000 0.741298544 0.258701456
T:/rrfc: 0.000000000 0.614317410 0.385682590
T:/rrff: 0.000000000 0.177199382 0.822800618
