8:/cc: 0.347026597 0.652973403 0.000000000
8:/cccrcc: 0.131670590 0.310173679 0.558155731
8:/cccrcf: 0.009344439 0.412161141 0.578494419
8:/cccrcr: 0.000000000 0.314062965 0.685937035
8:/cccrfc: 0.000000000 0.083125270 0.916874730
8:/cccrff: 0.154648582 0.020895090 0.824456329
8:/cccrfr: 0.000000000 0.030545377 0.969454623
8:/cccrrc: 0.000000000 0.490401415 0.509598585
8:/cccrrf: 0.000000000 0.000000000 1.000000000
8:/ccrccr: 0.000000000 0.196727810 0.803272190
8:/ccrcfr: 0.000000000 0.355119677 0.644880323
8:/ccrcrc: 0.000000000 0.622198771 0.377801229
8:/ccrcrf: 0.000000000 0.535452942 0.464547058
8:/ccrfcr: 0.000000000 0.044122840 0.955877160
8:/ccrffr: 0.000000000 0.214483274 0.785516726
8:/ccrfrc: 0.000000000 0.221401095 0.778598905
8:/ccrfrf: 0.000000000 0.534387103 0.465612897
8:/ccrrcc: 0.000000000 0.854052944 0.145947056
8:/ccrrcf: 0.000000000 0.669725108 0.330274892
8:/ccrrfc: 0.000000000 0.192434404 0.807565596
8:/ccrrff: 0.000000000 0.367243920 0.632756080
8:/cr: 0.000000000 0.000000000 1.000000000
8:/crccrc: 0.000000000 0.323131803 0.676868197
8:/crccrf: 0.000000000 0.108753278 0.891246722
8:/crcfrc: 0.000000000 0.601187418 0.398812582
8:/crcfrf: 0.000000000 0.686404622 0.313595378
8:/crcrcc: 0.000000000 0.559123469 0.440876531
8:/crcrcf: 0.000000000 0.946105129 0.053894871
8:/crcrfc: 0.000000000 0.344523172 0.655476828
8:/crcrff: 0.000000000 0.092892814 0.907107186
8:/rc: 0.000000000 0.000000000 1.000000000
8:/rccrcc: 0.000000000 0.946429709 0.053570291
8:/rccrcf: 0.000000000 0.768595441 0.231404559
8:/rccrfc: 0.000000000 0.560862753 0.439137247
8:/rccrff: 0.000000000 0.413432581 0.586567419
8:/rf: 0.024243356 0.296896714 0.678859930
8:/rfcrc: 0.000000000 0.215122008 0.784877992
8:/rfcrf: 0.000000000 0.000000000 1.000000000
8:/rr: 0.000000000 0.000000000 1.000000000
9:/cc: 0.002611992 0.997388008 0.000000000
9:/cccrcc: 0.177047481 0.432951637 0.390000882
9:/cccrcf: 0.000000000 0.088031106 0.911968894
9:/cccrcr: 0.000000000 0.153823467 0.846176533
9:/cccrfc: 0.004572281 0.237151455 0.758276264
9:/cccrff: 0.046154434 0.056379203 0.897466362
9:/cccrfr: 0.000000000 0.000000000 1.000000000
9:/cccrrc: 0.000000000 0.210425612 0.789574388
9:/cccrrf: 0.000000000 0.328949421 0.671050579
9:/ccrccr: 0.000000000 0.209115333 0.790884667
9:/ccrcfr: 0.000000000 0.372155624 0.627844376
9:/ccrcrc: 0.000000000 0.346605702 0.653394298
9:/ccrcrf: 0.000000000 0.769357741 0.230642259
9:/ccrfcr: 0.000000000 0.208172916 0.791827084
9:/ccrffr: 0.000000000 0.845810735 0.154189265
9:/ccrfrc: 0.000000000 0.265175415 0.734824585
9:/ccrfrf: 0.000000000 0.414305895 0.585694105
9:/ccrrcc: 0.000000000 0.126345810 0.873654190
9:/ccrrcf: 0.000000000 0.541953365 0.458046635
9:/ccrrfc: 0.000000000 0.545684431 0.454315569
9:/ccrrff: 0.000000000 0.491219696 0.508780304
9:/cr: 0.000000000 0.000000000 1.000000000
9:/crccrc: 0.000000000 0.683448635 0.316551365
9:/crccrf: 0.000000000 0.480399764 0.519600236
9:/crcfrc: 0.000000000 0.321861075 0.678138925
9:/crcfrf: 0.000000000 0.466445287 0.533554713
9:/crcrcc: 0.000000000 0.767142325 0.232857675
9:/crcrcf: 0.000000000 0.587979174 0.412020826
9:/crcrfc: 0.000000000 0.000000000 1.000000000
9:/crcrff: 0.000000000 0.097909683 0.902090317
9:/rc: 0.000000000 0.158727992 0.841272008
9:/rccrcc: 0.000000000 0.256687768 0.743312232
9:/rccrcf: 0.000000000 0.574240306 0.425759694
9:/rccrfc: 0.000000000 0.411917720 0.588082280
9:/rccrff: 0.000000000 0.516612291 0.483387709
9:/rf: 0.080862393 0.064050355 0.855087252
9:/rfcrc: 0.000000000 0.438598607 0.561401393
9:/rfcrf: 0.000000000 0.722782958 0.277217042
9:/rr: 0.000000000 0.000000000 1.000000000
A:/cc: 0.836698085 0.163301915 0.000000000
A:/cccrcc: 0.434575103 0.282110728 0.283314169
A:/cccrcf: 0.384478608 0.554642435 0.060878956
A:/cccrcr: 0.000000000 0.765947072 0.234052928
A:/cccrfc: 0.607198019 0.392801981 0.000000000
A:/cccrff: 0.735574773 0.264425227 0.000000000
A:/cccrfr: 0.000000000 1.000000000 0.000000000
A:/cccrrc: 0.000000000 0.932155183 0.067844817
A:/cccrrf: 0.000000000 0.780560819 0.219439181
A:/ccrccr: 0.000000000 0.206990990 0.793009010
A:/ccrcfr: 0.000000000 0.798600644 0.201399356
A:/ccrcrc: 0.000000000 0.752006978 0.247993022
A:/ccrcrf: 0.000000000 1.000000000 0.000000000
A:/ccrfcr: 0.000000000 0.990778678 0.009221322
A:/ccrffr: 0.000000000 0.990447115 0.009552885
A:/ccrfrc: 0.000000000 1.000000000 0.000000000
A:/ccrfrf: 0.000000000 0.380585196 0.619414804
A:/ccrrcc: 0.000000000 0.941313718 0.058686282
A:/ccrrcf: 0.000000000 0.474847814 0.525152186
A:/ccrrfc: 0.000000000 0.815715434 0.184284566
A:/ccrrff: 0.000000000 1.000000000 0.000000000
A:/cr: 0.894631274 0.105368726 0.000000000
A:/crccrc: 0.000000000 0.524377757 0.475622243
A:/crccrf: 0.000000000 0.601439682 0.398560318
A:/crcfrc: 0.000000000 0.400331933 0.599668067
A:/crcfrf: 0.000000000 0.462829087 0.537170913
A:/crcrcc: 0.000000000 1.000000000 0.000000000
A:/crcrcf: 0.000000000 0.868534911 0.131465089
A:/crcrfc: 0.000000000 1.000000000 0.000000000
A:/crcrff: 0.000000000 0.799354328 0.200645672
A:/rc: 0.933609498 0.066390502 0.000000000
A:/rccrcc: 0.000000000 0.933336199 0.066663801
A:/rccrcf: 0.000000000 0.920499447 0.079500553
A:/rccrfc: 0.000000000 0.555646232 0.444353768
A:/rccrff: 0.000000000 1.000000000 0.000000000
A:/rf: 0.789576138 0.210423862 0.000000000
A:/rfcrc: 0.000000000 0.788056092 0.211943908
A:/rfcrf: 0.000000000 1.000000000 0.000000000
A:/rr: 0.000000000 1.000000000 0.000000000
J:/cc: 0.000000000 1.000000000 0.000000000
J:/cccrcc: 0.000000000 0.291529111 0.708470889
J:/cccrcf: 0.000000000 0.392255489 0.607744511
J:/cccrcr: 0.000000000 0.000000000 1.000000000
J:/cccrfc: 0.002187421 0.193158462 0.804654117
J:/cccrff: 0.008610619 0.434857735 0.556531646
J:/cccrfr: 0.000000000 0.042538902 0.957461098
J:/cccrrc: 0.000000000 0.538071068 0.461928932
J:/cccrrf: 0.000000000 0.283659594 0.716340406
J:/ccrccr: 0.000000000 0.337654604 0.662345396
J:/ccrcfr: 0.000000000 0.512667365 0.487332635
J:/ccrcrc: 0.000000000 0.324824255 0.675175745
J:/ccrcrf: 0.000000000 0.489994467 0.510005533
J:/ccrfcr: 0.000000000 0.079628454 0.920371546
J:/ccrffr: 0.000000000 0.256193822 0.743806178
J:/ccrfrc: 0.000000000 0.445113951 0.554886049
J:/ccrfrf: 0.000000000 0.574598064 0.425401936
J:/ccrrcc: 0.000000000 0.672503360 0.327496640
J:/ccrrcf: 0.000000000 0.474182610 0.525817390
J:/ccrrfc: 0.000000000 0.000000000 1.000000000
J:/ccrrff: 0.000000000 0.342246429 0.657753571
J:/cr: 0.000000000 0.000000000 1.000000000
J:/crccrc: 0.000000000 0.032984365 0.967015635
J:/crccrf: 0.000000000 0.356320150 0.643679850
J:/crcfrc: 0.000000000 0.673255627 0.326744373
J:/crcfrf: 0.000000000 0.995798463 0.004201537
J:/crcrcc: 0.000000000 0.461165955 0.538834045
J:/crcrcf: 0.000000000 0.457069836 0.542930164
J:/crcrfc: 0.000000000 0.070341453 0.929658547
J:/crcrff: 0.000000000 0.945110655 0.054889345
J:/rc: 0.025691996 0.049991686 0.924316318
J:/rccrcc: 0.000000000 0.411268194 0.588731806
J:/rccrcf: 0.000000000 0.552003763 0.447996237
J:/rccrfc: 0.000000000 0.020777085 0.979222915
J:/rccrff: 0.000000000 0.545233040 0.454766960
J:/rf: 0.072804188 0.260216962 0.666978849
J:/rfcrc: 0.000000000 0.123458169 0.876541831
J:/rfcrf: 0.000000000 0.555077839 0.444922161
J:/rr: 0.000000000 0.000000000 1.000000000
K:/cc: 0.009968432 0.990031568 0.000000000
K:/cccrcc: 0.400134268 0.490825856 0.109039876
K:/cccrcf: 0.162992712 0.446919732 0.390087556
K:/cccrcr: 0.000000000 0.873832701 0.126167299
K:/cccrfc: 0.262653293 0.731091110 0.006255597
K:/cccrff: 0.459437568 0.540562432 0.000000000
K:/cccrfr: 0.000000000 0.806277292 0.193722708
K:/cccrrc: 0.000000000 0.646772376 0.353227624
K:/cccrrf: 0.000000000 0.573978745 0.426021255
K:/ccrccr: 0.000000000 0.961682534 0.038317466
K:/ccrcfr: 0.000000000 0.671741788 0.328258212
K:/ccrcrc: 0.000000000 0.714315421 0.285684579
K:/ccrcrf: 0.000000000 0.542863758 0.457136242
K:/ccrfcr: 0.000000000 0.970348969 0.029651031
K:/ccrffr: 0.000000000 0.654183384 0.345816616
K:/ccrfrc: 0.000000000 0.473248025 0.526751975
K:/ccrfrf: 0.000000000 0.348633224 0.651366776
K:/ccrrcc: 0.000000000 0.381957012 0.618042988
K:/ccrrcf: 0.000000000 0.671526655 0.328473345
K:/ccrrfc: 0.000000000 0.659041429 0.340958571
K:/ccrrff: 0.000000000 0.290209455 0.709790545
K:/cr: 0.042841123 0.273630002 0.683528874
K:/crccrc: 0.000000000 0.755369885 0.244630115
K:/crccrf: 0.000000000 0.816282512 0.183717488
K:/crcfrc: 0.000000000 0.796353110 0.203646890
K:/crcfrf: 0.000000000 0.032097560 0.967902440
K:/crcrcc: 0.000000000 0.430271641 0.569728359
K:/crcrcf: 0.000000000 0.648765469 0.351234531
K:/crcrfc: 0.000000000 0.369404152 0.630595848
K:/crcrff: 0.000000000 0.720368796 0.279631204
K:/rc: 0.697674001 0.221814344 0.080511655
K:/rccrcc: 0.000000000 0.445962095 0.554037905
K:/rccrcf: 0.000000000 0.445333767 0.554666233
K:/rccrfc: 0.000000000 0.959701329 0.040298671
K:/rccrff: 0.000000000 0.657262873 0.342737127
K:/rf: 0.426577465 0.551897952 0.021524583
K:/rfcrc: 0.000000000 0.524003948 0.475996052
K:/rfcrf: 0.000000000 0.873708530 0.126291470
K:/rr: 0.000000000 0.513852968 0.486147032
Q:/cc: 0.000000000 1.000000000 0.000000000
Q:/cccrcc: 0.152371053 0.065720931 0.781908016
Q:/cccrcf: 0.000000000 0.470760120 0.529239880
Q:/cccrcr: 0.000000000 0.244055844 0.755944156
Q:/cccrfc: 0.001054898 0.615065188 0.383879914
Q:/cccrff: 0.082629038 0.510485111 0.406885851
Q:/cccrfr: 0.000000000 0.420737905 0.579262095
Q:/cccrrc: 0.000000000 0.235834288 0.764165712
Q:/cccrrf: 0.000000000 0.479723910 0.520276090
Q:/ccrccr: 0.000000000 0.917414757 0.082585243
Q:/ccrcfr: 0.000000000 0.543485827 0.456514173
Q:/ccrcrc: 0.000000000 0.427486537 0.572513463
Q:/ccrcrf: 0.000000000 0.500026728 0.499973272
Q:/ccrfcr: 0.000000000 0.883749692 0.116250308
Q:/ccrffr: 0.000000000 0.784848380 0.215151620
Q:/ccrfrc: 0.000000000 0.119940547 0.880059453
Q:/ccrfrf: 0.000000000 0.745370759 0.254629241
Q:/ccrrcc: 0.000000000 0.621062217 0.378937783
Q:/ccrrcf: 0.000000000 0.561213106 0.438786894
Q:/ccrrfc: 0.000000000 0.526775679 0.473224321
Q:/ccrrff: 0.000000000 0.000000000 1.000000000
Q:/cr: 0.000000000 0.000000000 1.000000000
Q:/crccrc: 0.000000000 0.393012401 0.606987599
Q:/crccrf: 0.000000000 0.639963496 0.360036504
Q:/crcfrc: 0.000000000 0.509567406 0.490432594
Q:/crcfrf: 0.000000000 0.453326005 0.546673995
Q:/crcrcc: 0.000000000 0.765455205 0.234544795
Q:/crcrcf: 0.000000000 0.615161937 0.384838063
Q:/crcrfc: 0.000000000 0.428412034 0.571587966
Q:/crcrff: 0.000000000 0.417019032 0.582980968
Q:/rc: 0.000000000 0.369384396 0.630615604
Q:/rccrcc: 0.000000000 0.553607285 0.446392715
Q:/rccrcf: 0.000000000 0.367704102 0.632295898
Q:/rccrfc: 0.000000000 0.917349048 0.082650952
Q:/rccrff: 0.000000000 0.637722935 0.362277065
Q:/rf: 0.566555304 0.283456735 0.149987960
Q:/rfcrc: 0.000000000 0.535572754 0.464427246
Q:/rfcrf: 0.000000000 0.230146127 0.769853873
Q:/rr: 0.000000000 0.190357089 0.809642911
T:/cc: 0.074135389 0.925864611 0.000000000
T:/cccrcc: 0.000000000 0.543332988 0.456667012
T:/cccrcf: 0.000000000 0.553287475 0.446712525
T:/cccrcr: 0.000000000 0.399171146 0.600828854
T:/cccrfc: 0.000000000 0.000000000 1.000000000
T:/cccrff: 0.026711910 0.422804831 0.550483259
T:/cccrfr: 0.000000000 0.000000000 1.000000000
T:/cccrrc: 0.000000000 0.037794856 0.962205144
T:/cccrrf: 0.000000000 0.073341395 0.926658605
T:/ccrccr: 0.000000000 0.921598608 0.078401392
T:/ccrcfr: 0.000000000 0.440705708 0.559294292
T:/ccrcrc: 0.000000000 0.094158243 0.905841757
T:/ccrcrf: 0.000000000 0.403246102 0.596753898
T:/ccrfcr: 0.000000000 0.447996329 0.552003671
T:/ccrffr: 0.000000000 0.289069200 0.710930800
T:/ccrfrc: 0.000000000 0.203950676 0.796049324
T:/ccrfrf: 0.000000000 0.203172321 0.796827679
T:/ccrrcc: 0.000000000 0.540134490 0.459865510
T:/ccrrcf: 0.000000000 0.694988423 0.305011577
T:/ccrrfc: 0.000000000 0.182559176 0.817440824
T:/ccrrff: 0.000000000 0.000000000 1.000000000
T:/cr: 0.000000000 0.000000000 1.000000000
T:/crccrc: 0.000000000 0.232469593 0.767530407
T:/crccrf: 0.000000000 0.015067393 0.984932607
T:/crcfrc: 0.000000000 0.685410185 0.314589815
T:/crcfrf: 0.000000000 0.344146738 0.655853262
T:/crcrcc: 0.000000000 0.212292461 0.787707539
T:/crcrcf: 0.000000000 0.796394465 0.203605535
T:/crcrfc: 0.000000000 0.352175055 0.647824945
T:/crcrff: 0.000000000 0.458632946 0.541367054
T:/rc: 0.000000000 0.000000000 1.000000000
T:/rccrcc: 0.000000000 0.595852882 0.404147118
T:/rccrcf: 0.000000000 0.456919795 0.543080205
T:/rccrfc: 0.000000000 0.349335895 0.650664105
T:/rccrff: 0.000000000 0.078270479 0.921729521
T:/rf: 0.462280233 0.000000000 0.537719767
T:/rfcrc: 0.000000000 0.889555676 0.110444324
T:/rfcrf: 0.000000000 0.324448588 0.675551412
T:/rr: 0.000000000 0.000000000 1.000000000
