8:/: 0.259561476 0.740438524 0.000000000
8:/cccr: 0.000000000 0.000000000 1.000000000
8:/ccrc: 0.000000000 0.180124461 0.819875539
8:/ccrf: 0.000000000 0.505099972 0.494900028
8:/crcc: 0.000000000 0.238021556 0.761978444
8:/crcf: 0.000000000 0.000000000 1.000000000
8:/crfc: 0.000000000 0.073855375 0.926144625
8:/crff: 0.000000000 0.076118029 0.923881971
9:/: 0.000000000 1.000000000 0.000000000
9:/cccr: 0.000000000 0.000000000 1.000000000
9:/ccrc: 0.000000000 0.000000000 1.000000000
9:/ccrf: 0.000000000 0.000000000 1.000000000
9:/crcc: 0.000000000 0.055296641 0.944703359
9:/crcf: 0.000000000 0.003730859 0.996269141
9:/crfc: 0.000000000 0.000000000 1.000000000
9:/crff: 0.000000000 0.004339786 0.995660214
A:/: 0.732752133 0.267247867 0.000000000
A:/cccr: 0.000000000 1.000000000 0.000000000
A:/ccrc: 0.000000000 1.000000000 0.000000000
A:/ccrf: 0.000000000 1.000000000 0.000000000
A:/crcc: 0.000000000 1.000000000 0.000000000
A:/crcf: 0.000000000 1.000000000 0.000000000
A:/crfc: 0.000000000 1.000000000 0.000000000
A:/crff: 0.000000000 1.000000000 0.000000000
J:/: 0.004200683 0.995799317 0.000000000
J:/cccr: 0.000000000 0.007112151 0.992887849
J:/ccrc: 0.000000000 0.000000000 1.000000000
J:/ccrf: 0.000000000 0.179656192 0.820343808
J:/crcc: 0.000000000 0.000000000 1.000000000
J:/crcf: 0.000000000 0.261796063 0.738203937
J:/crfc: 0.000000000 0.248115757 0.751884243
J:/crff: 0.000000000 0.306526367 0.693473633
K:/: 0.001920073 0.998079927 0.000000000
K:/cccr: 0.000000000 0.970338028 0.029661972
K:/ccrc: 0.000000000 0.419377311 0.580622689
K:/ccrf: 0.000000000 0.823016228 0.176983772
K:/crcc: 0.000000000 0.309171663 0.690828337
K:/crcf: 0.000000000 0.713696306 0.286303694
K:/crfc: 0.000000000 0.750441533 0.249558467
K:/crff: 0.000000000 0.789122395 0.210877605
Q:/: 0.005349701 0.994650299 0.000000000
Q:/cccr: 0.000000000 0.768508321 0.231491679
Q:/ccrc: 0.000000000 0.000000000 1.000000000
Q:/ccrf: 0.000000000 0.322733062 0.677266938
Q:/crcc: 0.000000000 0.638842435 0.361157565
Q:/crcf: 0.000000000 0.434420724 0.565579276
Q:/crfc: 0.000000000 0.273107604 0.726892396
Q:/crff: 0.000000000 0.337519354 0.662480646
T:/: 0.000000000 1.000000000 0.000000000
T:/cccr: 0.000000000 0.000939240 0.999060760
T:/ccrc: 0.000000000 0.000000000 1.000000000
T:/ccrf: 0.000000000 0.353442675 0.646557325
T:/crcc: 0.000000000 0.315682593 0.684317407
T:/crcf: 0.000000000 0.193989631 0.806010369
T:/crfc: 0.000000000 0.218873989 0.781126011
T:/crff: 0.000000000 0.083324241 0.916675759
