8:/cc: 0.202073215 0.797926785 0.000000000
8:/cccrcc: 0.000000000 0.073724643 0.926275357
8:/cccrcf: 0.000000000 0.000000000 1.000000000
8:/cccrfc: 0.000000000 0.146124910 0.853875090
8:/cccrff: 0.000000000 0.000000000 1.000000000
8:/cr: 0.000000000 0.000000000 1.000000000
8:/rc: 0.000000000 0.484338862 0.515661138
8:/rf: 0.000000000 0.178729557 0.821270443
9:/cc: 0.146281235 0.853718765 0.000000000
9:/cccrcc: 0.000000000 0.175208580 0.824791420
9:/cccrcf: 0.000000000 0.000000000 1.000000000
9:/cccrfc: 0.000000000 0.000000000 1.000000000
9:/cccrff: 0.000000000 0.000000000 1.000000000
9:/cr: 0.000000000 0.000000000 1.000000000
9:/rc: 0.000000000 0.000000000 1.000000000
9:/rf: 0.000000000 0.232751832 0.767248168
A:/cc: 0.529561836 0.470438164 0.000000000
A:/cccrcc: 0.000000000 1.000000000 0.000000000
A:/cccrcf: 0.000000000 1.000000000 0.000000000
A:/cccrfc: 0.000000000 1.000000000 0.000000000
A:/cccrff: 0.000000000 1.000000000 0.000000000
A:/cr: 0.000000000 1.000000000 0.000000000
A:/rc: 0.000000000 1.000000000 0.000000000
A:/rf: 0.000000000 1.000000000 0.000000000
J:/cc: 0.000000000 1.000000000 0.000000000
J:/cccrcc: 0.000000000 0.090333852 0.909666148
J:/cccrcf: 0.000000000 0.000000000 1.000000000
J:/cccrfc: 0.000000000 0.213653734 0.786346266
J:/cccrff: 0.000000000 0.210019453 0.789980547
J:/cr: 0.000000000 0.000000000 1.000000000
J:/rc: 0.000000000 0.143608511 0.856391489
J:/rf: 0.000000000 0.002861610 0.997138390
K:/cc: 0.937164092 0.062835908 0.000000000
K:/cccrcc: 0.000000000 0.335248578 0.664751422
K:/cccrcf: 0.000000000 0.798420966 0.201579034
K:/cccrfc: 0.000000000 0.805606356 0.194393644
K:/cccrff: 0.000000000 0.949832689 0.050167311
K:/cr: 0.000000000 0.842663848 0.157336152
K:/rc: 0.000000000 0.371955206 0.628044794
K:/rf: 0.000000000 0.422862851 0.577137149
Q:/cc: 0.000000000 1.000000000 0.000000000
Q:/cccrcc: 0.000000000 0.175496143 0.824503857
Q:/cccrcf: 0.000000000 0.120834232 0.879165768
Q:/cccrfc: 0.000000000 0.214021665 0.785978335
Q:/cccrff: 0.000000000 0.328089422 0.671910578
Q:/cr: 0.000000000 0.323896634 0.676103366
Q:/rc: 0.000000000 0.461526498 0.538473502
Q:/rf: 0.000000000 0.291700014 0.708299986
T:/cc: 0.173768685 0.826231315 0.000000000
T:/cccrcc: 0.000000000 0.139054447 0.860945553
T:/cccrcf: 0.000000000 0.011618946 0.988381054
T:/cccrfc: 0.000000000 0.173808546 0.826191454
T:/cccrff: 0.000000000 0.223347896 0.776652104
T:/cr: 0.000000000 0.000000000 1.000000000
T:/rc: 0.000000000 0.525221722 0.474778278
T:/rf: 0.000000000 0.209438643 0.790561357
