A:/: 1.000000000 0.000000000 0.000000000
A:/ccr: 0.000000000 1.000000000 0.000000000
A:/crc: 0.000000000 1.000000000 0.000000000
A:/crf: 0.000000000 0.487940570 0.512059430
AJ:/ccc/: 1.000000000 0.000000000 0.000000000
AJ:/ccc/ccr: 0.000000000 0.439747236 0.560252764
AJ:/ccc/crc: 0.000000000 0.998882170 0.001117830
AJ:/ccc/crf: 0.000000000 0.977240534 0.022759466
AJ:/ccrcc/: 1.000000000 0.000000000 0.000000000
AJ:/ccrcc/ccr: 0.000000000 0.412498096 0.587501904
AJ:/ccrcc/crc: 0.000000000 0.958660931 0.041339069
AJ:/ccrcc/crf: 0.000000000 0.825859980 0.174140020
AJ:/ccrcf/: 0.324495501 0.675504499 0.000000000
AJ:/ccrcf/cr: 0.000000000 0.625089462 0.374910538
AJ:/crcc/: 0.000008943 0.999991057 0.000000000
AJ:/crcc/ccr: 0.000000000 0.985479217 0.014520783
AJ:/crcc/crc: 0.000000000 0.000000000 1.000000000
AJ:/crcc/crf: 0.000000000 0.999389514 0.000610486
AJ:/crfc/: 0.350424488 0.649575512 0.000000000
AJ:/crfc/cr: 0.000000000 0.953676852 0.046323148
AJ:/rcc/: 0.634295791 0.365704209 0.000000000
AJ:/rcc/ccr: 0.000000000 0.445976047 0.554023953
AJ:/rcc/crc: 0.000000000 0.781838041 0.218161959
AJ:/rcc/crf: 0.000000000 0.541331900 0.458668100
AJ:/rcf/: 0.426934560 0.573065440 0.000000000
AJ:/rcf/cr: 0.000000000 0.999993651 0.000006349
AJ:/rfc/: 0.582776787 0.417223213 0.000000000
AJ:/rfc/cr: 0.000000000 0.086788807 0.913211193
AK:/ccc/: 0.999708771 0.000291229 0.000000000
AK:/ccc/ccr: 0.000000000 0.998637618 0.001362382
AK:/ccc/crc: 0.000000000 0.999212318 0.000787682
AK:/ccc/crf: 0.000000000 0.998649782 0.001350218
AK:/ccrcc/: 0.290834382 0.709165618 0.000000000
AK:/ccrcc/ccr: 0.000000000 0.431910623 0.568089377
AK:/ccrcc/crc: 0.000000000 0.391935910 0.608064090
AK:/ccrcc/crf: 0.000000000 0.039478836 0.960521164
AK:/ccrcf/: 0.632434455 0.367565545 0.000000000
AK:/ccrcf/cr: 0.000000000 0.346843649 0.653156351
AK:/crcc/: 0.999775136 0.000224864 0.000000000
AK:/crcc/ccr: 0.000000000 0.312114946 0.687885054
AK:/crcc/crc: 0.000000000 0.869194761 0.130805239
AK:/crcc/crf: 0.000000000 0.999320336 0.000679664
AK:/crfc/: 1.000000000 0.000000000 0.000000000
AK:/crfc/cr: 0.000000000 0.681495010 0.318504990
AK:/rcc/: 0.245507054 0.754492946 0.000000000
AK:/rcc/ccr: 0.000000000 0.834551469 0.165448531
AK:/rcc/crc: 0.000000000 0.406704994 0.593295006
AK:/rcc/crf: 0.000000000 0.564566064 0.435433936
AK:/rcf/: 0.396772470 0.603227530 0.000000000
AK:/rcf/cr: 0.000000000 0.994189105 0.005810895
AK:/rfc/: 0.519625265 0.480374735 0.000000000
AK:/rfc/cr: 0.000000000 0.972847692 0.027152308
AQ:/ccc/: 0.000121825 0.999878175 0.000000000
AQ:/ccc/ccr: 0.000000000 0.999730220 0.000269780
AQ:/ccc/crc: 0.000000000 1.000000000 0.000000000
AQ:/ccc/crf: 0.000000000 0.999045045 0.000954955
AQ:/ccrcc/: 0.000000000 1.000000000 0.000000000
AQ:/ccrcc/ccr: 0.000000000 0.529377195 0.470622805
AQ:/ccrcc/crc: 0.000000000 0.000000281 0.999999719
AQ:/ccrcc/crf: 0.000000000 0.000000000 1.000000000
AQ:/ccrcf/: 0.349531189 0.650468811 0.000000000
AQ:/ccrcf/cr: 0.000000000 0.509633512 0.490366488
AQ:/crcc/: 0.205967538 0.794032462 0.000000000
AQ:/crcc/ccr: 0.000000000 0.110400756 0.889599244
AQ:/crcc/crc: 0.000000000 0.999966105 0.000033895
AQ:/crcc/crf: 0.000000000 0.053438434 0.946561566
AQ:/crfc/: 0.554595421 0.445404579 0.000000000
AQ:/crfc/cr: 0.000000000 0.227945708 0.772054292
AQ:/rcc/: 0.680130196 0.319869804 0.000000000
AQ:/rcc/ccr: 0.000000000 0.723237750 0.276762250
AQ:/rcc/crc: 0.000000000 0.732176139 0.267823861
AQ:/rcc/crf: 0.000000000 0.468287797 0.531712203
AQ:/rcf/: 0.036542850 0.963457150 0.000000000
AQ:/rcf/cr: 0.000000000 0.941899211 0.058100789
AQ:/rfc/: 0.982669099 0.017330901 0.000000000
AQ:/rfc/cr: 0.000000000 0.441940994 0.558059006
J:/: 0.009788639 0.990211361 0.000000000
J:/ccr: 0.000000000 0.998174277 0.001825723
J:/crc: 0.000000000 0.000000000 1.000000000
J:/crf: 0.000000000 0.940383861 0.059616139
JA:/ccc/: 1.000000000 0.000000000 0.000000000
JA:/ccc/ccr: 0.000000000 0.000059761 0.999940239
JA:/ccc/crc: 0.000000000 0.000000000 1.000000000
JA:/ccc/crf: 0.000000000 0.000000000 1.000000000
JA:/ccrcc/: 0.000000000 1.000000000 0.000000000
JA:/ccrcc/ccr: 0.000000000 0.119487065 0.880512935
JA:/ccrcc/crc: 0.000000000 0.488985594 0.511014406
JA:/ccrcc/crf: 0.000000000 0.000000000 1.000000000
JA:/ccrcf/: 0.372472212 0.627527788 0.000000000
JA:/ccrcf/cr: 0.000000000 0.532075338 0.467924662
JA:/crcc/: 0.000000000 1.000000000 0.000000000
JA:/crcc/ccr: 0.000000000 0.963922675 0.036077325
JA:/crcc/crc: 0.000000000 0.240249583 0.759750417
JA:/crcc/crf: 0.000000000 0.273857181 0.726142819
JA:/crfc/: 0.221915866 0.778084134 0.000000000
JA:/crfc/cr: 0.000000000 0.631505132 0.368494868
JA:/rcc/: 0.097021023 0.902978977 0.000000000
JA:/rcc/ccr: 0.000000000 0.155077500 0.844922500
JA:/rcc/crc: 0.000000000 0.328392224 0.671607776
JA:/rcc/crf: 0.000000000 0.086445637 0.913554363
JA:/rcf/: 1.000000000 0.000000000 0.000000000
JA:/rcf/cr: 0.000000000 0.000000000 1.000000000
JA:/rfc/: 0.782000782 0.217999218 0.000000000
JA:/rfc/cr: 0.000000000 0.461763849 0.538236151
JK:/ccc/: 0.000003840 0.999996160 0.000000000
JK:/ccc/ccr: 0.000000000 0.911114201 0.088885799
JK:/ccc/crc: 0.000000000 0.375766868 0.624233132
JK:/ccc/crf: 0.000000000 0.000703027 0.999296973
JK:/ccrcc/: 0.631170947 0.368829053 0.000000000
JK:/ccrcc/ccr: 0.000000000 0.645245833 0.354754167
JK:/ccrcc/crc: 0.000000000 0.781335143 0.218664857
JK:/ccrcc/crf: 0.000000000 0.210822849 0.789177151
JK:/ccrcf/: 0.688998691 0.311001309 0.000000000
JK:/ccrcf/cr: 0.000000000 0.492332156 0.507667844
JK:/crcc/: 0.998957481 0.001042519 0.000000000
JK:/crcc/ccr: 0.000000000 0.000000000 1.000000000
JK:/crcc/crc: 0.000000000 0.000000000 1.000000000
JK:/crcc/crf: 0.000000000 0.000004757 0.999995243
JK:/crfc/: 0.460697348 0.539302652 0.000000000
JK:/crfc/cr: 0.000000000 0.419919156 0.580080844
JK:/rcc/: 0.002105302 0.997894698 0.000000000
JK:/rcc/ccr: 0.000000000 0.109498072 0.890501928
JK:/rcc/crc: 0.000000000 0.442440954 0.557559046
JK:/rcc/crf: 0.000000000 0.000000000 1.000000000
JK:/rcf/: 1.000000000 0.000000000 0.000000000
JK:/rcf/cr: 0.000000000 0.000000000 1.000000000
JK:/rfc/: 0.359615823 0.640384177 0.000000000
JK:/rfc/cr: 0.000000000 0.524503909 0.475496091
JQ:/ccc/: 0.404101165 0.595898835 0.000000000
JQ:/ccc/ccr: 0.000000000 0.139817987 0.860182013
JQ:/ccc/crc: 0.000000000 0.636212177 0.363787823
JQ:/ccc/crf: 0.000000000 0.287304867 0.712695133
JQ:/ccrcc/: 0.999900169 0.000099831 0.000000000
JQ:/ccrcc/ccr: 0.000000000 0.838568345 0.161431655
JQ:/ccrcc/crc: 0.000000000 0.611224383 0.388775617
JQ:/ccrcc/crf: 0.000000000 0.000000000 1.000000000
JQ:/ccrcf/: 0.935050888 0.064949112 0.000000000
JQ:/ccrcf/cr: 0.000000000 0.369280693 0.630719307
JQ:/crcc/: 0.009848783 0.990151217 0.000000000
JQ:/crcc/ccr: 0.000000000 0.000006988 0.999993012
JQ:/crcc/crc: 0.000000000 0.216487962 0.783512038
JQ:/crcc/crf: 0.000000000 0.000000000 1.000000000
JQ:/crfc/: 0.139327398 0.860672602 0.000000000
JQ:/crfc/cr: 0.000000000 0.628863597 0.371136403
JQ:/rcc/: 0.002327331 0.997672669 0.000000000
JQ:/rcc/ccr: 0.000000000 0.000000000 1.000000000
JQ:/rcc/crc: 0.000000000 0.492671082 0.507328918
JQ:/rcc/crf: 0.000000000 0.469040491 0.530959509
JQ:/rcf/: 1.000000000 0.000000000 0.000000000
JQ:/rcf/cr: 0.000000000 0.000000000 1.000000000
JQ:/rfc/: 0.558098935 0.441901065 0.000000000
JQ:/rfc/cr: 0.000000000 0.659932147 0.340067853
K:/: 0.997980077 0.002019923 0.000000000
K:/ccr: 0.000000000 0.000000000 1.000000000
K:/crc: 0.000000000 0.005610087 0.994389913
K:/crf: 0.000000000 0.113036326 0.886963674
KA:/ccc/: 0.150391217 0.849608783 0.000000000
KA:/ccc/ccr: 0.000000000 0.999500406 0.000499594
KA:/ccc/crc: 0.000000000 1.000000000 0.000000000
KA:/ccc/crf: 0.000000000 0.756049895 0.243950105
KA:/ccrcc/: 0.000000000 1.000000000 0.000000000
KA:/ccrcc/ccr: 0.000000000 0.250804527 0.749195473
KA:/ccrcc/crc: 0.000000000 0.999983387 0.000016613
KA:/ccrcc/crf: 0.000000000 0.000000000 1.000000000
KA:/ccrcf/: 0.154833022 0.845166978 0.000000000
KA:/ccrcf/cr: 0.000000000 0.449318023 0.550681977
KA:/crcc/: 0.001010320 0.998989680 0.000000000
KA:/crcc/ccr: 0.000000000 0.346401103 0.653598897
KA:/crcc/crc: 0.000000000 0.460800055 0.539199945
KA:/crcc/crf: 0.000000000 0.727614872 0.272385128
KA:/crfc/: 0.405759444 0.594240556 0.000000000
KA:/crfc/cr: 0.000000000 0.717303266 0.282696734
KA:/rcc/: 0.789583523 0.210416477 0.000000000
KA:/rcc/ccr: 0.000000000 0.523559740 0.476440260
KA:/rcc/crc: 0.000000000 0.340844763 0.659155237
KA:/rcc/crf: 0.000000000 0.847822549 0.152177451
KA:/rcf/: 0.075939349 0.924060651 0.000000000
KA:/rcf/cr: 0.000000000 0.996516883 0.003483117
KA:/rfc/: 0.176891877 0.823108123 0.000000000
KA:/rfc/cr: 0.000000000 0.182280160 0.817719840
KJ:/ccc/: 0.533450522 0.466549478 0.000000000
KJ:/ccc/ccr: 0.000000000 0.948306582 0.051693418
KJ:/ccc/crc: 0.000000000 0.660921750 0.339078250
KJ:/ccc/crf: 0.000000000 0.559605049 0.440394951
KJ:/ccrcc/: 0.715877010 0.284122990 0.000000000
KJ:/ccrcc/ccr: 0.000000000 0.597791461 0.402208539
KJ:/ccrcc/crc: 0.000000000 0.711879797 0.288120203
KJ:/ccrcc/crf: 0.000000000 0.631455156 0.368544844
KJ:/ccrcf/: 0.676662493 0.323337507 0.000000000
KJ:/ccrcf/cr: 0.000000000 0.873452080 0.126547920
KJ:/crcc/: 0.992749179 0.007250821 0.000000000
KJ:/crcc/ccr: 0.000000000 0.000000000 1.000000000
KJ:/crcc/crc: 0.000000000 1.000000000 0.000000000
KJ:/crcc/crf: 0.000000000 0.629119138 0.370880862
KJ:/crfc/: 0.094817754 0.905182246 0.000000000
KJ:/crfc/cr: 0.000000000 0.523342889 0.476657111
KJ:/rcc/: 0.404008186 0.595991814 0.000000000
KJ:/rcc/ccr: 0.000000000 0.244141099 0.755858901
KJ:/rcc/crc: 0.000000000 0.302872557 0.697127443
KJ:/rcc/crf: 0.000000000 0.887339936 0.112660064
KJ:/rcf/: 0.000000000 1.000000000 0.000000000
KJ:/rcf/cr: 0.000000000 0.000000000 1.000000000
KJ:/rfc/: 0.174445641 0.825554359 0.000000000
KJ:/rfc/cr: 0.000000000 0.485841180 0.514158820
KQ:/ccc/: 0.060670685 0.939329315 0.000000000
KQ:/ccc/ccr: 0.000000000 0.066553796 0.933446204
KQ:/ccc/crc: 0.000000000 0.693747794 0.306252206
KQ:/ccc/crf: 0.000000000 0.582962000 0.417038000
KQ:/ccrcc/: 0.000001478 0.999998522 0.000000000
KQ:/ccrcc/ccr: 0.000000000 0.605672223 0.394327777
KQ:/ccrcc/crc: 0.000000000 0.278089687 0.721910313
KQ:/ccrcc/crf: 0.000000000 0.000000000 1.000000000
KQ:/ccrcf/: 0.482840509 0.517159491 0.000000000
KQ:/ccrcf/cr: 0.000000000 0.640805938 0.359194062
KQ:/crcc/: 0.875972775 0.124027225 0.000000000
KQ:/crcc/ccr: 0.000000000 0.000227215 0.999772785
KQ:/crcc/crc: 0.000000000 0.000000000 1.000000000
KQ:/crcc/crf: 0.000000000 0.997778831 0.002221169
KQ:/crfc/: 0.000003111 0.999996889 0.000000000
KQ:/crfc/cr: 0.000000000 0.546645497 0.453354503
KQ:/rcc/: 0.440981628 0.559018372 0.000000000
KQ:/rcc/ccr: 0.000000000 1.000000000 0.000000000
KQ:/rcc/crc: 0.000000000 0.729790670 0.270209330
KQ:/rcc/crf: 0.000000000 0.292150624 0.707849376
KQ:/rcf/: 0.003481741 0.996518259 0.000000000
KQ:/rcf/cr: 0.000000000 0.000000000 1.000000000
KQ:/rfc/: 0.440275724 0.559724276 0.000000000
KQ:/rfc/cr: 0.000000000 0.250076433 0.749923567
Q:/: 0.994175357 0.005824643 0.000000000
Q:/ccr: 0.000000000 0.996370434 0.003629566
Q:/crc: 0.000000000 0.000282354 0.999717646
Q:/crf: 0.000000000 0.000027079 0.999972921
QA:/ccc/: 0.000000000 1.000000000 0.000000000
QA:/ccc/ccr: 0.000000000 0.155132505 0.844867495
QA:/ccc/crc: 0.000000000 0.000000000 1.000000000
QA:/ccc/crf: 0.000000000 0.340942865 0.659057135
QA:/ccrcc/: 0.542860040 0.457139960 0.000000000
QA:/ccrcc/ccr: 0.000000000 0.750322520 0.249677480
QA:/ccrcc/crc: 0.000000000 0.298618339 0.701381661
QA:/ccrcc/crf: 0.000000000 0.706362123 0.293637877
QA:/ccrcf/: 0.429506320 0.570493680 0.000000000
QA:/ccrcf/cr: 0.000000000 0.773038976 0.226961024
QA:/crcc/: 0.000812653 0.999187347 0.000000000
QA:/crcc/ccr: 0.000000000 0.763602907 0.236397093
QA:/crcc/crc: 0.000000000 0.287448864 0.712551136
QA:/crcc/crf: 0.000000000 1.000000000 0.000000000
QA:/crfc/: 0.807500647 0.192499353 0.000000000
QA:/crfc/cr: 0.000000000 0.385557432 0.614442568
QA:/rcc/: 0.189859593 0.810140407 0.000000000
QA:/rcc/ccr: 0.000000000 0.506509964 0.493490036
QA:/rcc/crc: 0.000000000 0.983670952 0.016329048
QA:/rcc/crf: 0.000000000 0.319516711 0.680483289
QA:/rcf/: 0.001133133 0.998866867 0.000000000
QA:/rcf/cr: 0.000000000 0.683034306 0.316965694
QA:/rfc/: 0.591854348 0.408145652 0.000000000
QA:/rfc/cr: 0.000000000 0.684173744 0.315826256
QJ:/ccc/: 0.577466882 0.422533118 0.000000000
QJ:/ccc/ccr: 0.000000000 0.626118552 0.373881448
QJ:/ccc/crc: 0.000000000 0.434142484 0.565857516
QJ:/ccc/crf: 0.000000000 0.250470779 0.749529221
QJ:/ccrcc/: 0.000000000 1.000000000 0.000000000
QJ:/ccrcc/ccr: 0.000000000 0.352957611 0.647042389
QJ:/ccrcc/crc: 0.000000000 0.760775437 0.239224563
QJ:/ccrcc/crf: 0.000000000 0.704950579 0.295049421
QJ:/ccrcf/: 0.807943731 0.192056269 0.000000000
QJ:/ccrcf/cr: 0.000000000 0.650539532 0.349460468
QJ:/crcc/: 0.002922652 0.997077348 0.000000000
QJ:/crcc/ccr: 0.000000000 0.000000000 1.000000000
QJ:/crcc/crc: 0.000000000 1.000000000 0.000000000
QJ:/crcc/crf: 0.000000000 0.126970160 0.873029840
QJ:/crfc/: 0.101110963 0.898889037 0.000000000
QJ:/crfc/cr: 0.000000000 0.862281480 0.137718520
QJ:/rcc/: 0.000000000 1.000000000 0.000000000
QJ:/rcc/ccr: 0.000000000 0.584317820 0.415682180
QJ:/rcc/crc: 0.000000000 0.472394338 0.527605662
QJ:/rcc/crf: 0.000000000 0.392756599 0.607243401
QJ:/rcf/: 0.618466901 0.381533099 0.000000000
QJ:/rcf/cr: 0.000000000 0.000000000 1.000000000
QJ:/rfc/: 0.341830554 0.658169446 0.000000000
QJ:/rfc/cr: 0.000000000 0.551693128 0.448306872
QK:/ccc/: 0.611644548 0.388355452 0.000000000
QK:/ccc/ccr: 0.000000000 0.415516153 0.584483847
QK:/ccc/crc: 0.000000000 0.731729963 0.268270037
QK:/ccc/crf: 0.000000000 0.605888569 0.394111431
QK:/ccrcc/: 0.999624267 0.000375733 0.000000000
QK:/ccrcc/ccr: 0.000000000 0.731581609 0.268418391
QK:/ccrcc/crc: 0.000000000 0.462128012 0.537871988
QK:/ccrcc/crf: 0.000000000 0.360340363 0.639659637
QK:/ccrcf/: 0.445106779 0.554893221 0.000000000
QK:/ccrcf/cr: 0.000000000 0.066529572 0.933470428
QK:/crcc/: 0.997558173 0.002441827 0.000000000
QK:/crcc/ccr: 0.000000000 0.000000000 1.000000000
QK:/crcc/crc: 0.000000000 0.000000000 1.000000000
QK:/crcc/crf: 0.000000000 0.999574861 0.000425139
QK:/crfc/: 0.441921503 0.558078497 0.000000000
QK:/crfc/cr: 0.000000000 0.514174864 0.485825136
QK:/rcc/: 0.530139598 0.469860402 0.000000000
QK:/rcc/ccr: 0.000000000 1.000000000 0.000000000
QK:/rcc/crc: 0.000000000 0.163046110 0.836953890
QK:/rcc/crf: 0.000000000 0.533781005 0.466218995
QK:/rcf/: 0.003481741 0.996518259 0.000000000
QK:/rcf/cr: 0.000000000 0.000000000 1.000000000
QK:/rfc/: 0.563827057 0.436172943 0.000000000
QK:/rfc/cr: 0.000000000 0.139340978 0.860659022
