A:/c: 0.999409258 0.000590742 0.000000000
A:/ccrc: 0.000000000 1.000000000 0.000000000
A:/ccrf: 0.000000000 1.000000000 0.000000000
A:/r: 0.000000000 1.000000000 0.000000000
AJ:/ccc/c: 0.989440919 0.010559081 0.000000000
AJ:/ccc/ccrc: 0.000000000 0.776049659 0.223950341
AJ:/ccc/ccrf: 0.000000000 1.000000000 0.000000000
AJ:/ccc/r: 0.000000000 1.000000000 0.000000000
AJ:/ccrcc/c: 0.702545222 0.297454778 0.000000000
AJ:/ccrcc/ccrc: 0.000000000 0.611823154 0.388176846
AJ:/ccrcc/ccrf: 0.000000000 0.697603072 0.302396928
AJ:/ccrcc/r: 0.000000000 0.727566103 0.272433897
AJ:/ccrfc/: 0.364952194 0.635047806 0.000000000
AJ:/ccrfc/cr: 0.000000000 0.798359571 0.201640429
AJ:/crcc/c: 0.615868139 0.384131861 0.000000000
AJ:/crcc/ccrc: 0.000000000 0.691378123 0.308621877
AJ:/crcc/ccrf: 0.000000000 0.792010633 0.207989367
AJ:/crcc/r: 0.000000000 0.933871033 0.066128967
AJ:/crcf/: 0.710157712 0.289842288 0.000000000
AJ:/crcf/cr: 0.000000000 1.000000000 0.000000000
AJ:/crfc/c: 0.277846653 0.722153347 0.000000000
AJ:/crfc/r: 0.000000000 0.287718828 0.712281172
AJ:/rcc/c: 1.000000000 0.000000000 0.000000000
AJ:/rcc/ccrc: 0.000000000 1.000000000 0.000000000
AJ:/rcc/ccrf: 0.000000000 0.764275198 0.235724802
AJ:/rcc/r: 0.000000000 0.859802434 0.140197566
AJ:/rcf/c: 0.934905656 0.065094344 0.000000000
AJ:/rcf/r: 0.000000000 1.000000000 0.000000000
AK:/ccc/c: 0.864205733 0.135794267 0.000000000
AK:/ccc/ccrc: 0.000000000 1.000000000 0.000000000
AK:/ccc/ccrf: 0.000000000 1.000000000 0.000000000
AK:/ccc/r: 0.000000000 1.000000000 0.000000000
AK:/ccrcc/c: 0.917612236 0.082387764 0.000000000
AK:/ccrcc/ccrc: 0.000000000 1.000000000 0.000000000
AK:/ccrcc/ccrf: 0.000000000 1.000000000 0.000000000
AK:/ccrcc/r: 0.000000000 1.000000000 0.000000000
AK:/ccrfc/: 0.753347653 0.246652347 0.000000000
AK:/ccrfc/cr: 0.000000000 0.656222756 0.343777244
AK:/crcc/c: 0.375461893 0.624538107 0.000000000
AK:/crcc/ccrc: 0.000000000 0.462599142 0.537400858
AK:/crcc/ccrf: 0.000000000 0.522012055 0.477987945
AK:/crcc/r: 0.000000000 0.845928463 0.154071537
AK:/crcf/: 0.876527255 0.123472745 0.000000000
AK:/crcf/cr: 0.000000000 1.000000000 0.000000000
AK:/crfc/c: 0.513856992 0.486143008 0.000000000
AK:/crfc/r: 0.000000000 0.841714006 0.158285994
AK:/rcc/c: 0.531091470 0.468908530 0.000000000
AK:/rcc/ccrc: 0.000000000 0.794581339 0.205418661
AK:/rcc/ccrf: 0.000000000 1.000000000 0.000000000
AK:/rcc/r: 0.000000000 0.618442227 0.381557773
AK:/rcf/c: 0.336526211 0.663473789 0.000000000
AK:/rcf/r: 0.000000000 1.000000000 0.000000000
AQ:/ccc/c: 0.000210080 0.999789920 0.000000000
AQ:/ccc/ccrc: 0.000000000 1.000000000 0.000000000
AQ:/ccc/ccrf: 0.000000000 1.000000000 0.000000000
AQ:/ccc/r: 0.000000000 1.000000000 0.000000000
AQ:/ccrcc/c: 0.848758188 0.151241812 0.000000000
AQ:/ccrcc/ccrc: 0.000000000 0.471307847 0.528692153
AQ:/ccrcc/ccrf: 0.000000000 0.177678679 0.822321321
AQ:/ccrcc/r: 0.000000000 1.000000000 0.000000000
AQ:/ccrfc/: 0.792916248 0.207083752 0.000000000
AQ:/ccrfc/cr: 0.000000000 0.540029787 0.459970213
AQ:/crcc/c: 0.959806237 0.040193763 0.000000000
AQ:/crcc/ccrc: 0.000000000 0.478295238 0.521704762
AQ:/crcc/ccrf: 0.000000000 0.492536593 0.507463407
AQ:/crcc/r: 0.000000000 0.895085875 0.104914125
AQ:/crcf/: 0.452513468 0.547486532 0.000000000
AQ:/crcf/cr: 0.000000000 1.000000000 0.000000000
AQ:/crfc/c: 0.521278946 0.478721054 0.000000000
AQ:/crfc/r: 0.000000000 0.283341615 0.716658385
AQ:/rcc/c: 1.000000000 0.000000000 0.000000000
AQ:/rcc/ccrc: 0.000000000 0.918499801 0.081500199
AQ:/rcc/ccrf: 0.000000000 0.575235919 0.424764081
AQ:/rcc/r: 0.000000000 0.505283144 0.494716856
AQ:/rcf/c: 0.537079026 0.462920974 0.000000000
AQ:/rcf/r: 0.000000000 1.000000000 0.000000000
J:/c: 0.556919595 0.443080405 0.000000000
J:/ccrc: 0.000000000 0.332261635 0.667738365
J:/ccrf: 0.000000000 0.835088544 0.164911456
J:/r: 0.000000000 0.999772922 0.000227078
JA:/ccc/c: 0.503759846 0.496240154 0.000000000
JA:/ccc/ccrc: 0.000000000 0.478310599 0.521689401
JA:/ccc/ccrf: 0.000000000 0.401296488 0.598703512
JA:/ccc/r: 0.000000000 0.417435035 0.582564965
JA:/ccrcc/c: 0.491386793 0.508613207 0.000000000
JA:/ccrcc/ccrc: 0.000000000 0.610457747 0.389542253
JA:/ccrcc/ccrf: 0.000000000 0.140603453 0.859396547
JA:/ccrcc/r: 0.000000000 0.389445867 0.610554133
JA:/ccrfc/: 0.870397715 0.129602285 0.000000000
JA:/ccrfc/cr: 0.000000000 0.547181875 0.452818125
JA:/crcc/c: 0.513751474 0.486248526 0.000000000
JA:/crcc/ccrc: 0.000000000 0.538383306 0.461616694
JA:/crcc/ccrf: 0.000000000 0.453854106 0.546145894
JA:/crcc/r: 0.000000000 0.632810438 0.367189562
JA:/crcf/: 1.000000000 0.000000000 0.000000000
JA:/crcf/cr: 0.000000000 0.000000000 1.000000000
JA:/crfc/c: 0.020919884 0.979080116 0.000000000
JA:/crfc/r: 0.000000000 0.564932893 0.435067107
JA:/rcc/c: 0.265014672 0.734985328 0.000000000
JA:/rcc/ccrc: 0.000000000 0.704280314 0.295719686
JA:/rcc/ccrf: 0.000000000 0.203774696 0.796225304
JA:/rcc/r: 0.000000000 0.418565761 0.581434239
JA:/rcf/c: 0.166735088 0.833264912 0.000000000
JA:/rcf/r: 0.000000000 0.000000000 1.000000000
JK:/ccc/c: 0.312018081 0.687981919 0.000000000
JK:/ccc/ccrc: 0.000000000 0.183594254 0.816405746
JK:/ccc/ccrf: 0.000000000 0.486246850 0.513753150
JK:/ccc/r: 0.000000000 0.000000000 1.000000000
JK:/ccrcc/c: 0.444131237 0.555868763 0.000000000
JK:/ccrcc/ccrc: 0.000000000 0.705404263 0.294595737
JK:/ccrcc/ccrf: 0.000000000 0.661757073 0.338242927
JK:/ccrcc/r: 0.000000000 0.531821466 0.468178534
JK:/ccrfc/: 0.547000071 0.452999929 0.000000000
JK:/ccrfc/cr: 0.000000000 0.029727921 0.970272079
JK:/crcc/c: 0.200848268 0.799151732 0.000000000
JK:/crcc/ccrc: 0.000000000 0.767006084 0.232993916
JK:/crcc/ccrf: 0.000000000 0.610454795 0.389545205
JK:/crcc/r: 0.000000000 0.306560635 0.693439365
JK:/crcf/: 0.412061046 0.587938954 0.000000000
JK:/crcf/cr: 0.000000000 0.008098871 0.991901129
JK:/crfc/c: 0.479455928 0.520544072 0.000000000
JK:/crfc/r: 0.000000000 0.281447396 0.718552604
JK:/rcc/c: 0.000000000 1.000000000 0.000000000
JK:/rcc/ccrc: 0.000000000 0.000000000 1.000000000
JK:/rcc/ccrf: 0.000000000 0.358698970 0.641301030
JK:/rcc/r: 0.000000000 0.000000000 1.000000000
JK:/rcf/c: 0.000848109 0.999151891 0.000000000
JK:/rcf/r: 0.000000000 0.000000000 1.000000000
JQ:/ccc/c: 0.620693923 0.379306077 0.000000000
JQ:/ccc/ccrc: 0.000000000 0.591770840 0.408229160
JQ:/ccc/ccrf: 0.000000000 0.370380284 0.629619716
JQ:/ccc/r: 0.000000000 0.185057681 0.814942319
JQ:/ccrcc/c: 0.612390634 0.387609366 0.000000000
JQ:/ccrcc/ccrc: 0.000000000 0.238847061 0.761152939
JQ:/ccrcc/ccrf: 0.000000000 0.435735294 0.564264706
JQ:/ccrcc/r: 0.000000000 0.723502841 0.276497159
JQ:/ccrfc/: 0.608767423 0.391232577 0.000000000
JQ:/ccrfc/cr: 0.000000000 0.258612073 0.741387927
JQ:/crcc/c: 0.704581993 0.295418007 0.000000000
JQ:/crcc/ccrc: 0.000000000 0.334841862 0.665158138
JQ:/crcc/ccrf: 0.000000000 0.573425233 0.426574767
JQ:/crcc/r: 0.000000000 0.313959439 0.686040561
JQ:/crcf/: 0.180803254 0.819196746 0.000000000
JQ:/crcf/cr: 0.000000000 0.066965248 0.933034752
JQ:/crfc/c: 0.407602261 0.592397739 0.000000000
JQ:/crfc/r: 0.000000000 0.315908393 0.684091607
JQ:/rcc/c: 0.000000000 1.000000000 0.000000000
JQ:/rcc/ccrc: 0.000000000 0.000000000 1.000000000
JQ:/rcc/ccrf: 0.000000000 0.515534547 0.484465453
JQ:/rcc/r: 0.000000000 0.000000000 1.000000000
JQ:/rcf/c: 0.000000000 1.000000000 0.000000000
JQ:/rcf/r: 0.000000000 0.000000000 1.000000000
K:/c: 0.017290117 0.982709883 0.000000000
K:/ccrc: 0.000000000 0.798714149 0.201285851
K:/ccrf: 0.000000000 1.000000000 0.000000000
K:/r: 0.000000000 1.000000000 0.000000000
KA:/ccc/c: 0.898836095 0.101163905 0.000000000
KA:/ccc/ccrc: 0.000000000 1.000000000 0.000000000
KA:/ccc/ccrf: 0.000000000 1.000000000 0.000000000
KA:/ccc/r: 0.000000000 1.000000000 0.000000000
KA:/ccrcc/c: 0.658104481 0.341895519 0.000000000
KA:/ccrcc/ccrc: 0.000000000 0.878450469 0.121549531
KA:/ccrcc/ccrf: 0.000000000 1.000000000 0.000000000
KA:/ccrcc/r: 0.000000000 1.000000000 0.000000000
KA:/ccrfc/: 0.463674779 0.536325221 0.000000000
KA:/ccrfc/cr: 0.000000000 0.877850926 0.122149074
KA:/crcc/c: 0.403990215 0.596009785 0.000000000
KA:/crcc/ccrc: 0.000000000 0.855412894 0.144587106
KA:/crcc/ccrf: 0.000000000 0.289222445 0.710777555
KA:/crcc/r: 0.000000000 0.695459115 0.304540885
KA:/crcf/: 0.999572333 0.000427667 0.000000000
KA:/crcf/cr: 0.000000000 1.000000000 0.000000000
KA:/crfc/c: 0.232152835 0.767847165 0.000000000
KA:/crfc/r: 0.000000000 0.855246600 0.144753400
KA:/rcc/c: 0.394659867 0.605340133 0.000000000
KA:/rcc/ccrc: 0.000000000 0.295820825 0.704179175
KA:/rcc/ccrf: 0.000000000 0.410383655 0.589616345
KA:/rcc/r: 0.000000000 0.631481179 0.368518821
KA:/rcf/c: 1.000000000 0.000000000 0.000000000
KA:/rcf/r: 0.000000000 1.000000000 0.000000000
KJ:/ccc/c: 0.174712820 0.825287180 0.000000000
KJ:/ccc/ccrc: 0.000000000 0.405253653 0.594746347
KJ:/ccc/ccrf: 0.000000000 0.565048373 0.434951627
KJ:/ccc/r: 0.000000000 0.258023228 0.741976772
KJ:/ccrcc/c: 0.404498071 0.595501929 0.000000000
KJ:/ccrcc/ccrc: 0.000000000 0.248184974 0.751815026
KJ:/ccrcc/ccrf: 0.000000000 0.394326547 0.605673453
KJ:/ccrcc/r: 0.000000000 0.030489069 0.969510931
KJ:/ccrfc/: 0.322910354 0.677089646 0.000000000
KJ:/ccrfc/cr: 0.000000000 0.621095828 0.378904172
KJ:/crcc/c: 0.829907559 0.170092441 0.000000000
KJ:/crcc/ccrc: 0.000000000 0.510561883 0.489438117
KJ:/crcc/ccrf: 0.000000000 0.534718212 0.465281788
KJ:/crcc/r: 0.000000000 0.602942563 0.397057437
KJ:/crcf/: 0.016751827 0.983248173 0.000000000
KJ:/crcf/cr: 0.000000000 0.000000000 1.000000000
KJ:/crfc/c: 0.315472448 0.684527552 0.000000000
KJ:/crfc/r: 0.000000000 0.648683784 0.351316216
KJ:/rcc/c: 0.002281646 0.997718354 0.000000000
KJ:/rcc/ccrc: 0.000000000 0.000000000 1.000000000
KJ:/rcc/ccrf: 0.000000000 0.000000000 1.000000000
KJ:/rcc/r: 0.000000000 0.538343903 0.461656097
KJ:/rcf/c: 0.000367556 0.999632444 0.000000000
KJ:/rcf/r: 0.000000000 0.000000000 1.000000000
KQ:/ccc/c: 0.000000000 1.000000000 0.000000000
KQ:/ccc/ccrc: 0.000000000 0.210828241 0.789171759
KQ:/ccc/ccrf: 0.000000000 0.000000000 1.000000000
KQ:/ccc/r: 0.000000000 0.264433097 0.735566903
KQ:/ccrcc/c: 0.510996315 0.489003685 0.000000000
KQ:/ccrcc/ccrc: 0.000000000 0.515039853 0.484960147
KQ:/ccrcc/ccrf: 0.000000000 0.616988481 0.383011519
KQ:/ccrcc/r: 0.000000000 0.000646017 0.999353983
KQ:/ccrfc/: 0.446003650 0.553996350 0.000000000
KQ:/ccrfc/cr: 0.000000000 0.405321372 0.594678628
KQ:/crcc/c: 0.093233306 0.906766694 0.000000000
KQ:/crcc/ccrc: 0.000000000 0.963484258 0.036515742
KQ:/crcc/ccrf: 0.000000000 0.489254852 0.510745148
KQ:/crcc/r: 0.000000000 0.430085047 0.569914953
KQ:/crcf/: 0.000000000 1.000000000 0.000000000
KQ:/crcf/cr: 0.000000000 0.000000000 1.000000000
KQ:/crfc/c: 0.516383711 0.483616289 0.000000000
KQ:/crfc/r: 0.000000000 0.215270325 0.784729675
KQ:/rcc/c: 0.584070271 0.415929729 0.000000000
KQ:/rcc/ccrc: 0.000000000 0.525202345 0.474797655
KQ:/rcc/ccrf: 0.000000000 0.375961771 0.624038229
KQ:/rcc/r: 0.000000000 0.625253312 0.374746688
KQ:/rcf/c: 0.000000000 1.000000000 0.000000000
KQ:/rcf/r: 0.000000000 0.000000000 1.000000000
Q:/c: 0.000236211 0.999763789 0.000000000
Q:/ccrc: 0.000000000 0.000736202 0.999263798
Q:/ccrf: 0.000000000 1.000000000 0.000000000
Q:/r: 0.000000000 1.000000000 0.000000000
QA:/ccc/c: 0.672479831 0.327520169 0.000000000
QA:/ccc/ccrc: 0.000000000 0.302197914 0.697802086
QA:/ccc/ccrf: 0.000000000 0.208707903 0.791292097
QA:/ccc/r: 0.000000000 0.000000000 1.000000000
QA:/ccrcc/c: 0.654728402 0.345271598 0.000000000
QA:/ccrcc/ccrc: 0.000000000 0.000000000 1.000000000
QA:/ccrcc/ccrf: 0.000000000 0.000000000 1.000000000
QA:/ccrcc/r: 0.000000000 0.955782156 0.044217844
QA:/ccrfc/: 0.732257458 0.267742542 0.000000000
QA:/ccrfc/cr: 0.000000000 0.836804053 0.163195947
QA:/crcc/c: 0.649464447 0.350535553 0.000000000
QA:/crcc/ccrc: 0.000000000 0.459547567 0.540452433
QA:/crcc/ccrf: 0.000000000 0.630641957 0.369358043
QA:/crcc/r: 0.000000000 0.318984459 0.681015541
QA:/crcf/: 1.000000000 0.000000000 0.000000000
QA:/crcf/cr: 0.000000000 0.000000000 1.000000000
QA:/crfc/c: 0.302206044 0.697793956 0.000000000
QA:/crfc/r: 0.000000000 0.975364959 0.024635041
QA:/rcc/c: 0.344309010 0.655690990 0.000000000
QA:/rcc/ccrc: 0.000000000 0.918468054 0.081531946
QA:/rcc/ccrf: 0.000000000 0.847052597 0.152947403
QA:/rcc/r: 0.000000000 0.335628619 0.664371381
QA:/rcf/c: 0.000000000 1.000000000 0.000000000
QA:/rcf/r: 0.000000000 0.005119916 0.994880084
QJ:/ccc/c: 0.595481149 0.404518851 0.000000000
QJ:/ccc/ccrc: 0.000000000 0.278681546 0.721318454
QJ:/ccc/ccrf: 0.000000000 0.619352376 0.380647624
QJ:/ccc/r: 0.000000000 0.523460487 0.476539513
QJ:/ccrcc/c: 0.956228006 0.043771994 0.000000000
QJ:/ccrcc/ccrc: 0.000000000 0.965866464 0.034133536
QJ:/ccrcc/ccrf: 0.000000000 0.515507448 0.484492552
QJ:/ccrcc/r: 0.000000000 0.542754245 0.457245755
QJ:/ccrfc/: 0.812547573 0.187452427 0.000000000
QJ:/ccrfc/cr: 0.000000000 0.203179197 0.796820803
QJ:/crcc/c: 0.289891424 0.710108576 0.000000000
QJ:/crcc/ccrc: 0.000000000 0.282388140 0.717611860
QJ:/crcc/ccrf: 0.000000000 0.535700888 0.464299112
QJ:/crcc/r: 0.000000000 0.485795531 0.514204469
QJ:/crcf/: 0.812343186 0.187656814 0.000000000
QJ:/crcf/cr: 0.000000000 0.274340276 0.725659724
QJ:/crfc/c: 0.043433085 0.956566915 0.000000000
QJ:/crfc/r: 0.000000000 0.124315773 0.875684227
QJ:/rcc/c: 0.000000000 1.000000000 0.000000000
QJ:/rcc/ccrc: 0.000000000 0.000000000 1.000000000
QJ:/rcc/ccrf: 0.000000000 0.000000000 1.000000000
QJ:/rcc/r: 0.000000000 0.000000000 1.000000000
QJ:/rcf/c: 0.000858225 0.999141775 0.000000000
QJ:/rcf/r: 0.000000000 0.000000000 1.000000000
QK:/ccc/c: 0.181481647 0.818518353 0.000000000
QK:/ccc/ccrc: 0.000000000 0.001918910 0.998081090
QK:/ccc/ccrf: 0.000000000 0.492971511 0.507028489
QK:/ccc/r: 0.000000000 0.654795462 0.345204538
QK:/ccrcc/c: 0.999900053 0.000099947 0.000000000
QK:/ccrcc/ccrc: 0.000000000 0.000000000 1.000000000
QK:/ccrcc/ccrf: 0.000000000 0.000000000 1.000000000
QK:/ccrcc/r: 0.000000000 1.000000000 0.000000000
QK:/ccrfc/: 0.670392693 0.329607307 0.000000000
QK:/ccrfc/cr: 0.000000000 0.666814283 0.333185717
QK:/crcc/c: 0.666175960 0.333824040 0.000000000
QK:/crcc/ccrc: 0.000000000 0.160196550 0.839803450
QK:/crcc/ccrf: 0.000000000 0.751312105 0.248687895
QK:/crcc/r: 0.000000000 0.521806862 0.478193138
QK:/crcf/: 0.900646783 0.099353217 0.000000000
QK:/crcf/cr: 0.000000000 0.000000000 1.000000000
QK:/crfc/c: 0.722564165 0.277435835 0.000000000
QK:/crfc/r: 0.000000000 0.198472090 0.801527910
QK:/rcc/c: 0.769883875 0.230116125 0.000000000
QK:/rcc/ccrc: 0.000000000 0.742291403 0.257708597
QK:/rcc/ccrf: 0.000000000 0.400031347 0.599968653
QK:/rcc/r: 0.000000000 0.315406563 0.684593437
QK:/rcf/c: 0.000362677 0.999637323 0.000000000
QK:/rcf/r: 0.000000000 0.000000000 1.000000000
