A:/cc: 1.000000000 0.000000000 0.000000000
A:/cr: 0.000000000 1.000000000 0.000000000
A:/rc: 0.000000000 0.887450010 0.112549990
A:/rf: 0.000000000 0.645391879 0.354608121
AJ:/ccc/cc: 0.765043632 0.234956368 0.000000000
AJ:/ccc/cr: 0.000000000 0.787302293 0.212697707
AJ:/ccc/rc: 0.000000000 0.713355293 0.286644707
AJ:/ccc/rf: 0.000000000 0.199346412 0.800653588
AJ:/ccrcc/cc: 0.426077183 0.573922817 0.000000000
AJ:/ccrcc/cr: 0.000000000 0.876149923 0.123850077
AJ:/ccrcc/rc: 0.000000000 0.412201923 0.587798077
AJ:/ccrcc/rf: 0.000000000 0.438720775 0.561279225
AJ:/ccrcf/c: 0.483041723 0.516958277 0.000000000
AJ:/ccrcf/r: 0.000000000 0.251853212 0.748146788
AJ:/ccrfc/c: 0.070195168 0.929804832 0.000000000
AJ:/ccrfc/r: 0.000000000 0.878565395 0.121434605
AJ:/crcc/cc: 0.146656965 0.853343035 0.000000000
AJ:/crcc/cr: 0.000000000 0.585198700 0.414801300
AJ:/crcc/rc: 0.000000000 0.584888095 0.415111905
AJ:/crcc/rf: 0.000000000 0.302187110 0.697812890
AJ:/crcf/c: 0.606280876 0.393719124 0.000000000
AJ:/crcf/r: 0.000000000 0.847358292 0.152641708
AJ:/rcc/cc: 0.755312339 0.244687661 0.000000000
AJ:/rcc/cr: 0.000000000 0.875238922 0.124761078
AJ:/rcc/rc: 0.000000000 0.363139230 0.636860770
AJ:/rcc/rf: 0.000000000 0.510077708 0.489922292
AJ:/rfc/c: 0.802281815 0.197718185 0.000000000
AJ:/rfc/r: 0.000000000 0.445106779 0.554893221
AK:/ccc/cc: 0.000000000 1.000000000 0.000000000
AK:/ccc/cr: 0.000000000 0.998660941 0.001339059
AK:/ccc/rc: 0.000000000 0.000000154 0.999999846
AK:/ccc/rf: 0.000000000 0.113234081 0.886765919
AK:/ccrcc/cc: 0.227008700 0.772991300 0.000000000
AK:/ccrcc/cr: 0.000000000 0.854754121 0.145245879
AK:/ccrcc/rc: 0.000000000 0.691855558 0.308144442
AK:/ccrcc/rf: 0.000000000 0.512384073 0.487615927
AK:/ccrcf/c: 0.724952413 0.275047587 0.000000000
AK:/ccrcf/r: 0.000000000 0.667342814 0.332657186
AK:/ccrfc/c: 0.660201472 0.339798528 0.000000000
AK:/ccrfc/r: 0.000000000 0.439581162 0.560418838
AK:/crcc/cc: 0.261066255 0.738933745 0.000000000
AK:/crcc/cr: 0.000000000 0.478274203 0.521725797
AK:/crcc/rc: 0.000000000 0.596025070 0.403974930
AK:/crcc/rf: 0.000000000 0.359615823 0.640384177
AK:/crcf/c: 0.759658818 0.240341182 0.000000000
AK:/crcf/r: 0.000000000 0.834508510 0.165491490
AK:/rcc/cc: 0.000005383 0.999994617 0.000000000
AK:/rcc/cr: 0.000000000 0.808346939 0.191653061
AK:/rcc/rc: 0.000000000 0.492729380 0.507270620
AK:/rcc/rf: 0.000000000 0.542264185 0.457735815
AK:/rfc/c: 0.315354228 0.684645772 0.000000000
AK:/rfc/r: 0.000000000 0.746633622 0.253366378
AQ:/ccc/cc: 1.000000000 0.000000000 0.000000000
AQ:/ccc/cr: 0.000000000 1.000000000 0.000000000
AQ:/ccc/rc: 0.000000000 0.998871572 0.001128428
AQ:/ccc/rf: 0.000000000 0.713827375 0.286172625
AQ:/ccrcc/cc: 0.148322402 0.851677598 0.000000000
AQ:/ccrcc/cr: 0.000000000 0.843997157 0.156002843
AQ:/ccrcc/rc: 0.000000000 0.951761131 0.048238869
AQ:/ccrcc/rf: 0.000000000 0.294950236 0.705049764
AQ:/ccrcf/c: 0.536950276 0.463049724 0.000000000
AQ:/ccrcf/r: 0.000000000 0.193971794 0.806028206
AQ:/ccrfc/c: 0.571766129 0.428233871 0.000000000
AQ:/ccrfc/r: 0.000000000 0.921397423 0.078602577
AQ:/crcc/cc: 0.602969829 0.397030171 0.000000000
AQ:/crcc/cr: 0.000000000 0.685294583 0.314705417
AQ:/crcc/rc: 0.000000000 0.357876236 0.642123764
AQ:/crcc/rf: 0.000000000 0.492058478 0.507941522
AQ:/crcf/c: 0.427874354 0.572125646 0.000000000
AQ:/crcf/r: 0.000000000 0.844899461 0.155100539
AQ:/rcc/cc: 0.000484279 0.999515721 0.000000000
AQ:/rcc/cr: 0.000000000 0.861356696 0.138643304
AQ:/rcc/rc: 0.000000000 0.422083003 0.577916997
AQ:/rcc/rf: 0.000000000 0.935050888 0.064949112
AQ:/rfc/c: 0.654246698 0.345753302 0.000000000
AQ:/rfc/r: 0.000000000 0.513406997 0.486593003
J:/cc: 0.000000000 1.000000000 0.000000000
J:/cr: 0.000000000 1.000000000 0.000000000
J:/rc: 0.000000000 0.000000000 1.000000000
J:/rf: 0.000000000 0.567189795 0.432810205
JA:/ccc/cc: 0.548907300 0.451092700 0.000000000
JA:/ccc/cr: 0.000000000 0.588030098 0.411969902
JA:/ccc/rc: 0.000000000 0.531033541 0.468966459
JA:/ccc/rf: 0.000000000 0.555734260 0.444265740
JA:/ccrcc/cc: 0.357096254 0.642903746 0.000000000
JA:/ccrcc/cr: 0.000000000 0.844143386 0.155856614
JA:/ccrcc/rc: 0.000000000 0.099531241 0.900468759
JA:/ccrcc/rf: 0.000000000 0.517408080 0.482591920
JA:/ccrcf/c: 0.673875954 0.326124046 0.000000000
JA:/ccrcf/r: 0.000000000 0.047578879 0.952421121
JA:/ccrfc/c: 0.684087956 0.315912044 0.000000000
JA:/ccrfc/r: 0.000000000 0.000000000 1.000000000
JA:/crcc/cc: 0.739799446 0.260200554 0.000000000
JA:/crcc/cr: 0.000000000 0.267372091 0.732627909
JA:/crcc/rc: 0.000000000 0.759295755 0.240704245
JA:/crcc/rf: 0.000000000 0.429506320 0.570493680
JA:/crcf/c: 0.462766890 0.537233110 0.000000000
JA:/crcf/r: 0.000000000 0.425458396 0.574541604
JA:/rcc/cc: 0.017847795 0.982152205 0.000000000
JA:/rcc/cr: 0.000000000 0.000000000 1.000000000
JA:/rcc/rc: 0.000000000 1.000000000 0.000000000
JA:/rcc/rf: 0.000000000 0.812703772 0.187296228
JA:/rfc/c: 0.356815025 0.643184975 0.000000000
JA:/rfc/r: 0.000000000 0.802311049 0.197688951
JK:/ccc/cc: 0.857452986 0.142547014 0.000000000
JK:/ccc/cr: 0.000000000 0.255314955 0.744685045
JK:/ccc/rc: 0.000000000 0.686538755 0.313461245
JK:/ccc/rf: 0.000000000 0.695771494 0.304228506
JK:/ccrcc/cc: 0.682123182 0.317876818 0.000000000
JK:/ccrcc/cr: 0.000000000 0.408113534 0.591886466
JK:/ccrcc/rc: 0.000000000 0.252766256 0.747233744
JK:/ccrcc/rf: 0.000000000 0.912552905 0.087447095
JK:/ccrcf/c: 0.494209652 0.505790348 0.000000000
JK:/ccrcf/r: 0.000000000 0.158163756 0.841836244
JK:/ccrfc/c: 0.174385100 0.825614900 0.000000000
JK:/ccrfc/r: 0.000000000 0.473140715 0.526859285
JK:/crcc/cc: 0.530056193 0.469943807 0.000000000
JK:/crcc/cr: 0.000000000 0.714447043 0.285552957
JK:/crcc/rc: 0.000000000 0.632342337 0.367657663
JK:/crcc/rf: 0.000000000 0.482840509 0.517159491
JK:/crcf/c: 0.005885223 0.994114777 0.000000000
JK:/crcf/r: 0.000000000 0.214601318 0.785398682
JK:/rcc/cc: 0.265490201 0.734509799 0.000000000
JK:/rcc/cr: 0.000000000 0.000448620 0.999551380
JK:/rcc/rc: 0.000000000 0.000000000 1.000000000
JK:/rcc/rf: 0.000000000 0.606584755 0.393415245
JK:/rfc/c: 0.198366259 0.801633741 0.000000000
JK:/rfc/r: 0.000000000 0.518598599 0.481401401
JQ:/ccc/cc: 0.583450027 0.416549973 0.000000000
JQ:/ccc/cr: 0.000000000 0.350677176 0.649322824
JQ:/ccc/rc: 0.000000000 0.440944306 0.559055694
JQ:/ccc/rf: 0.000000000 0.509633512 0.490366488
JQ:/ccrcc/cc: 0.190241407 0.809758593 0.000000000
JQ:/ccrcc/cr: 0.000000000 0.424923500 0.575076500
JQ:/ccrcc/rc: 0.000000000 0.051893238 0.948106762
JQ:/ccrcc/rf: 0.000000000 0.230320820 0.769679180
JQ:/ccrcf/c: 0.144897246 0.855102754 0.000000000
JQ:/ccrcf/r: 0.000000000 0.528639956 0.471360044
JQ:/ccrfc/c: 0.664185131 0.335814869 0.000000000
JQ:/ccrfc/r: 0.000000000 0.540054512 0.459945488
JQ:/crcc/cc: 0.573203065 0.426796935 0.000000000
JQ:/crcc/cr: 0.000000000 0.482988138 0.517011862
JQ:/crcc/rc: 0.000000000 0.645414171 0.354585829
JQ:/crcc/rf: 0.000000000 0.578444660 0.421555340
JQ:/crcf/c: 0.123728959 0.876271041 0.000000000
JQ:/crcf/r: 0.000000000 0.455507884 0.544492116
JQ:/rcc/cc: 0.767562468 0.232437532 0.000000000
JQ:/rcc/cr: 0.000000000 0.865691776 0.134308224
JQ:/rcc/rc: 0.000000000 0.000000000 1.000000000
JQ:/rcc/rf: 0.000000000 0.855819963 0.144180037
JQ:/rfc/c: 0.648078098 0.351921902 0.000000000
JQ:/rfc/r: 0.000000000 0.632434455 0.367565545
K:/cc: 0.002436394 0.997563606 0.000000000
K:/cr: 0.000000000 1.000000000 0.000000000
K:/rc: 0.000000000 0.001030772 0.998969228
K:/rf: 0.000000000 0.202882892 0.797117108
KA:/ccc/cc: 0.607050858 0.392949142 0.000000000
KA:/ccc/cr: 0.000000000 0.620862519 0.379137481
KA:/ccc/rc: 0.000000000 0.801119072 0.198880928
KA:/ccc/rf: 0.000000000 0.897960244 0.102039756
KA:/ccrcc/cc: 0.520076667 0.479923333 0.000000000
KA:/ccrcc/cr: 0.000000000 0.698777761 0.301222239
KA:/ccrcc/rc: 0.000000000 0.782655219 0.217344781
KA:/ccrcc/rf: 0.000000000 0.230938050 0.769061950
KA:/ccrcf/c: 0.334619353 0.665380647 0.000000000
KA:/ccrcf/r: 0.000000000 0.162005138 0.837994862
KA:/ccrfc/c: 0.353309561 0.646690439 0.000000000
KA:/ccrfc/r: 0.000000000 0.171411375 0.828588625
KA:/crcc/cc: 0.238479377 0.761520623 0.000000000
KA:/crcc/cr: 0.000000000 0.140518406 0.859481594
KA:/crcc/rc: 0.000000000 0.530913030 0.469086970
KA:/crcc/rf: 0.000000000 0.782000782 0.217999218
KA:/crcf/c: 0.622438499 0.377561501 0.000000000
KA:/crcf/r: 0.000000000 0.751381429 0.248618571
KA:/rcc/cc: 0.296413484 0.703586516 0.000000000
KA:/rcc/cr: 0.000000000 1.000000000 0.000000000
KA:/rcc/rc: 0.000000000 0.238965334 0.761034666
KA:/rcc/rf: 0.000000000 0.135081519 0.864918481
KA:/rfc/c: 0.572573511 0.427426489 0.000000000
KA:/rfc/r: 0.000000000 0.860874256 0.139125744
KJ:/ccc/cc: 0.916747721 0.083252279 0.000000000
KJ:/ccc/cr: 0.000000000 0.514198290 0.485801710
KJ:/ccc/rc: 0.000000000 0.499530139 0.500469861
KJ:/ccc/rf: 0.000000000 0.972847692 0.027152308
KJ:/ccrcc/cc: 0.343410593 0.656589407 0.000000000
KJ:/ccrcc/cr: 0.000000000 0.476570172 0.523429828
KJ:/ccrcc/rc: 0.000000000 0.518155117 0.481844883
KJ:/ccrcc/rf: 0.000000000 0.297882241 0.702117759
KJ:/ccrcf/c: 0.841355316 0.158644684 0.000000000
KJ:/ccrcf/r: 0.000000000 0.426103529 0.573896471
KJ:/ccrfc/c: 0.043287542 0.956712458 0.000000000
KJ:/ccrfc/r: 0.000000000 0.128139719 0.871860281
KJ:/crcc/cc: 0.631263032 0.368736968 0.000000000
KJ:/crcc/cr: 0.000000000 0.132085831 0.867914169
KJ:/crcc/rc: 0.000000000 0.860393877 0.139606123
KJ:/crcc/rf: 0.000000000 0.676662493 0.323337507
KJ:/crcf/c: 0.693911422 0.306088578 0.000000000
KJ:/crcf/r: 0.000000000 0.507789284 0.492210716
KJ:/rcc/cc: 0.003821894 0.996178106 0.000000000
KJ:/rcc/cr: 0.000000000 0.000000000 1.000000000
KJ:/rcc/rc: 0.000000000 0.156786370 0.843213630
KJ:/rcc/rf: 0.000000000 0.735794985 0.264205015
KJ:/rfc/c: 0.753504633 0.246495367 0.000000000
KJ:/rfc/r: 0.000000000 0.220892061 0.779107939
KQ:/ccc/cc: 0.792635037 0.207364963 0.000000000
KQ:/ccc/cr: 0.000000000 0.457426576 0.542573424
KQ:/ccc/rc: 0.000000000 0.437770889 0.562229111
KQ:/ccc/rf: 0.000000000 0.931048145 0.068951855
KQ:/ccrcc/cc: 0.315923217 0.684076783 0.000000000
KQ:/ccrcc/cr: 0.000000000 0.300178292 0.699821708
KQ:/ccrcc/rc: 0.000000000 0.431149884 0.568850116
KQ:/ccrcc/rf: 0.000000000 0.281257538 0.718742462
KQ:/ccrcf/c: 0.729298036 0.270701964 0.000000000
KQ:/ccrcf/r: 0.000000000 0.411894521 0.588105479
KQ:/ccrfc/c: 0.432839334 0.567160666 0.000000000
KQ:/ccrfc/r: 0.000000000 0.272739332 0.727260668
KQ:/crcc/cc: 0.353391931 0.646608069 0.000000000
KQ:/crcc/cr: 0.000000000 0.290391101 0.709608899
KQ:/crcc/rc: 0.000000000 0.441836952 0.558163048
KQ:/crcc/rf: 0.000000000 0.154833022 0.845166978
KQ:/crcf/c: 0.000000000 1.000000000 0.000000000
KQ:/crcf/r: 0.000000000 0.000391863 0.999608137
KQ:/rcc/cc: 0.000277665 0.999722335 0.000000000
KQ:/rcc/cr: 0.000000000 0.916612622 0.083387378
KQ:/rcc/rc: 0.000000000 0.287369355 0.712630645
KQ:/rcc/rf: 0.000000000 0.257699840 0.742300160
KQ:/rfc/c: 0.800201821 0.199798179 0.000000000
KQ:/rfc/r: 0.000000000 0.273032810 0.726967190
Q:/cc: 0.205001617 0.794998383 0.000000000
Q:/cr: 0.000000000 0.998896260 0.001103740
Q:/rc: 0.000000000 0.003532344 0.996467656
Q:/rf: 0.000000000 0.632135729 0.367864271
QA:/ccc/cc: 0.631329211 0.368670789 0.000000000
QA:/ccc/cr: 0.000000000 0.676717876 0.323282124
QA:/ccc/rc: 0.000000000 0.000000000 1.000000000
QA:/ccc/rf: 0.000000000 0.573160168 0.426839832
QA:/ccrcc/cc: 0.000469919 0.999530081 0.000000000
QA:/ccrcc/cr: 0.000000000 0.000000000 1.000000000
QA:/ccrcc/rc: 0.000000000 0.000000000 1.000000000
QA:/ccrcc/rf: 0.000000000 0.020862072 0.979137928
QA:/ccrcf/c: 0.502786513 0.497213487 0.000000000
QA:/ccrcf/r: 0.000000000 0.150315413 0.849684587
QA:/ccrfc/c: 0.766323559 0.233676441 0.000000000
QA:/ccrfc/r: 0.000000000 0.999998431 0.000001569
QA:/crcc/cc: 0.552795589 0.447204411 0.000000000
QA:/crcc/cr: 0.000000000 0.482719918 0.517280082
QA:/crcc/rc: 0.000000000 0.652487485 0.347512515
QA:/crcc/rf: 0.000000000 0.558098935 0.441901065
QA:/crcf/c: 0.182318730 0.817681270 0.000000000
QA:/crcf/r: 0.000000000 0.184754869 0.815245131
QA:/rcc/cc: 0.000000000 1.000000000 0.000000000
QA:/rcc/cr: 0.000000000 0.001084212 0.998915788
QA:/rcc/rc: 0.000000000 0.545120742 0.454879258
QA:/rcc/rf: 0.000000000 0.799999969 0.200000031
QA:/rfc/c: 0.972381245 0.027618755 0.000000000
QA:/rfc/r: 0.000000000 0.731407179 0.268592821
QJ:/ccc/cc: 0.165167724 0.834832276 0.000000000
QJ:/ccc/cr: 0.000000000 0.569056881 0.430943119
QJ:/ccc/rc: 0.000000000 0.328272044 0.671727956
QJ:/ccc/rf: 0.000000000 0.438069010 0.561930990
QJ:/ccrcc/cc: 0.623696057 0.376303943 0.000000000
QJ:/ccrcc/cr: 0.000000000 0.574421258 0.425578742
QJ:/ccrcc/rc: 0.000000000 0.383458275 0.616541725
QJ:/ccrcc/rf: 0.000000000 0.195475632 0.804524368
QJ:/ccrcf/c: 0.614770859 0.385229141 0.000000000
QJ:/ccrcf/r: 0.000000000 0.324495501 0.675504499
QJ:/ccrfc/c: 0.561347677 0.438652323 0.000000000
QJ:/ccrfc/r: 0.000000000 0.632032929 0.367967071
QJ:/crcc/cc: 0.628915636 0.371084364 0.000000000
QJ:/crcc/cr: 0.000000000 0.000000000 1.000000000
QJ:/crcc/rc: 0.000000000 0.736138807 0.263861193
QJ:/crcc/rf: 0.000000000 0.203737961 0.796262039
QJ:/crcf/c: 0.000003487 0.999996513 0.000000000
QJ:/crcf/r: 0.000000000 0.043427010 0.956572990
QJ:/rcc/cc: 0.962853877 0.037146123 0.000000000
QJ:/rcc/cr: 0.000000000 0.479287057 0.520712943
QJ:/rcc/rc: 0.000000000 0.000440173 0.999559827
QJ:/rcc/rf: 0.000000000 0.556641389 0.443358611
QJ:/rfc/c: 0.347667448 0.652332552 0.000000000
QJ:/rfc/r: 0.000000000 0.582776787 0.417223213
QK:/ccc/cc: 0.155620526 0.844379474 0.000000000
QK:/ccc/cr: 0.000000000 0.219469061 0.780530939
QK:/ccc/rc: 0.000000000 0.000000000 1.000000000
QK:/ccc/rf: 0.000000000 0.213741143 0.786258857
QK:/ccrcc/cc: 0.653230637 0.346769363 0.000000000
QK:/ccrcc/cr: 0.000000000 0.551112496 0.448887504
QK:/ccrcc/rc: 0.000000000 0.048744810 0.951255190
QK:/ccrcc/rf: 0.000000000 0.498017517 0.501982483
QK:/ccrcf/c: 0.533059061 0.466940939 0.000000000
QK:/ccrcf/r: 0.000000000 0.665747630 0.334252370
QK:/ccrfc/c: 0.177158609 0.822841391 0.000000000
QK:/ccrfc/r: 0.000000000 0.197348939 0.802651061
QK:/crcc/cc: 0.229398479 0.770601521 0.000000000
QK:/crcc/cr: 0.000000000 0.630921313 0.369078687
QK:/crcc/rc: 0.000000000 0.320842082 0.679157918
QK:/crcc/rf: 0.000000000 0.780565083 0.219434917
QK:/crcf/c: 0.000000000 1.000000000 0.000000000
QK:/crcf/r: 0.000000000 0.000759043 0.999240957
QK:/rcc/cc: 0.999803982 0.000196018 0.000000000
QK:/rcc/cr: 0.000000000 0.551017786 0.448982214
QK:/rcc/rc: 0.000000000 0.639622530 0.360377470
QK:/rcc/rf: 0.000000000 0.807943731 0.192056269
QK:/rfc/c: 0.525846288 0.474153712 0.000000000
QK:/rfc/r: 0.000000000 0.098989164 0.901010836
