8:/c: 0.336391277 0.663608723 0.000000000
8:/cccrc: 0.000000000 0.556880111 0.443119889
8:/cccrf: 0.000000000 0.793127570 0.206872430
8:/ccrcc: 0.000000000 0.489051847 0.510948153
8:/ccrcf: 0.000000000 0.034664394 0.965335606
8:/ccrfc: 0.000000000 0.496382195 0.503617805
8:/ccrff: 0.000000000 0.432701778 0.567298222
8:/r: 0.000000000 1.000000000 0.000000000
9:/c: 0.230440912 0.769559088 0.000000000
9:/cccrc: 0.000000000 0.793755114 0.206244886
9:/cccrf: 0.000000000 0.383877198 0.616122802
9:/ccrcc: 0.000000000 0.019280438 0.980719562
9:/ccrcf: 0.000000000 0.573671391 0.426328609
9:/ccrfc: 0.000000000 0.457868970 0.542131030
9:/ccrff: 0.000000000 0.467230709 0.532769291
9:/r: 0.000000000 1.000000000 0.000000000
A:/c: 1.000000000 0.000000000 0.000000000
A:/cccrc: 0.000000000 0.783304989 0.216695011
A:/cccrf: 0.000000000 0.504367491 0.495632509
A:/ccrcc: 0.000000000 0.601074398 0.398925602
A:/ccrcf: 0.000000000 0.578786646 0.421213354
A:/ccrfc: 0.000000000 0.611196209 0.388803791
A:/ccrff: 0.000000000 0.828329608 0.171670392
A:/r: 0.000000000 1.000000000 0.000000000
J:/c: 0.856855600 0.143144400 0.000000000
J:/cccrc: 0.000000000 0.552966751 0.447033249
J:/cccrf: 0.000000000 0.577660785 0.422339215
J:/ccrcc: 0.000000000 0.904451136 0.095548864
J:/ccrcf: 0.000000000 0.132663374 0.867336626
J:/ccrfc: 0.000000000 0.452983618 0.547016382
J:/ccrff: 0.000000000 0.581459295 0.418540705
J:/r: 0.000000000 1.000000000 0.000000000
K:/c: 0.571288058 0.428711942 0.000000000
K:/cccrc: 0.000000000 0.627761626 0.372238374
K:/cccrf: 0.000000000 0.348329880 0.651670120
K:/ccrcc: 0.000000000 0.834281420 0.165718580
K:/ccrcf: 0.000000000 0.760448772 0.239551228
K:/ccrfc: 0.000000000 0.912416363 0.087583637
K:/ccrff: 0.000000000 0.328036904 0.671963096
K:/r: 0.000000000 1.000000000 0.000000000
Q:/c: 0.500745133 0.499254867 0.000000000
Q:/cccrc: 0.000000000 0.967588371 0.032411629
Q:/cccrf: 0.000000000 0.999999021 0.000000979
Q:/ccrcc: 0.000000000 0.150753530 0.849246470
Q:/ccrcf: 0.000000000 1.000000000 0.000000000
Q:/ccrfc: 0.000000000 0.521539022 0.478460978
Q:/ccrff: 0.000000000 0.984909189 0.015090811
Q:/r: 0.000000000 1.000000000 0.000000000
T:/c: 0.843463825 0.156536175 0.000000000
T:/cccrc: 0.000000000 0.513666757 0.486333243
T:/cccrf: 0.000000000 0.947499207 0.052500793
T:/ccrcc: 0.000000000 0.658638274 0.341361726
T:/ccrcf: 0.000000000 0.451322700 0.548677300
T:/ccrfc: 0.000000000 0.475616740 0.524383260
T:/ccrff: 0.000000000 0.716702115 0.283297885
T:/r: 0.000000000 1.000000000 0.000000000
