8:/cc: 0.123805913 0.876194087 0.000000000
8:/cccrcc: 0.000000000 0.463912861 0.536087139
8:/cccrcf: 0.000000000 0.512416444 0.487583556
8:/cccrfc: 0.000000000 0.772331215 0.227668785
8:/cccrff: 0.000000000 0.365083093 0.634916907
8:/cr: 0.000000000 0.446557962 0.553442038
8:/rc: 0.000000000 0.000000000 1.000000000
8:/rf: 0.000000000 0.000000000 1.000000000
9:/cc: 0.610578657 0.389421343 0.000000000
9:/cccrcc: 0.000000000 0.483166625 0.516833375
9:/cccrcf: 0.000000000 0.683782310 0.316217690
9:/cccrfc: 0.000000000 0.519697153 0.480302847
9:/cccrff: 0.000000000 0.958941770 0.041058230
9:/cr: 0.000000000 0.496906731 0.503093269
9:/rc: 0.000000000 0.000000000 1.000000000
9:/rf: 0.000000000 0.657969251 0.342030749
A:/cc: 0.896653299 0.103346701 0.000000000
A:/cccrcc: 0.000000000 0.665474294 0.334525706
A:/cccrcf: 0.000000000 0.579252581 0.420747419
A:/cccrfc: 0.000000000 0.565046338 0.434953662
A:/cccrff: 0.000000000 0.379520346 0.620479654
A:/cr: 0.000000000 0.251804735 0.748195265
A:/rc: 0.000000000 1.000000000 0.000000000
A:/rf: 0.000000000 0.999983715 0.000016285
J:/cc: 0.272764132 0.727235868 0.000000000
J:/cccrcc: 0.000000000 0.532086184 0.467913816
J:/cccrcf: 0.000000000 0.877711511 0.122288489
J:/cccrfc: 0.000000000 0.936117908 0.063882092
J:/cccrff: 0.000000000 0.908786675 0.091213325
J:/cr: 0.000000000 0.863406836 0.136593164
J:/rc: 0.000000000 0.000000000 1.000000000
J:/rf: 0.000000000 0.182587135 0.817412865
K:/cc: 0.444986822 0.555013178 0.000000000
K:/cccrcc: 0.000000000 0.589063088 0.410936912
K:/cccrcf: 0.000000000 0.510506256 0.489493744
K:/cccrfc: 0.000000000 0.532941065 0.467058935
K:/cccrff: 0.000000000 0.859839118 0.140160882
K:/cr: 0.000000000 0.090005270 0.909994730
K:/rc: 0.000000000 1.000000000 0.000000000
K:/rf: 0.000000000 0.869377445 0.130622555
Q:/cc: 0.000000913 0.999999087 0.000000000
Q:/cccrcc: 0.000000000 0.885990823 0.114009177
Q:/cccrcf: 0.000000000 0.082467204 0.917532796
Q:/cccrfc: 0.000000000 0.511155265 0.488844735
Q:/cccrff: 0.000000000 0.255904018 0.744095982
Q:/cr: 0.000000000 0.481450289 0.518549711
Q:/rc: 0.000000000 1.000000000 0.000000000
Q:/rf: 0.000000000 0.875151868 0.124848132
T:/cc: 0.623899810 0.376100190 0.000000000
T:/cccrcc: 0.000000000 0.466674307 0.533325693
T:/cccrcf: 0.000000000 0.482668175 0.517331825
T:/cccrfc: 0.000000000 0.589604514 0.410395486
T:/cccrff: 0.000000000 0.562031562 0.437968438
T:/cr: 0.000000000 0.147101082 0.852898918
T:/rc: 0.000000000 0.000000000 1.000000000
T:/rf: 0.000000000 0.876362770 0.123637230
