8:/ccc: 0.630034966 0.369965034 0.000000000
8:/ccr: 0.000000000 0.921917083 0.078082917
8:/crc: 0.000000000 0.642365238 0.357634762
8:/crf: 0.000000000 0.497924844 0.502075156
8:/rcc: 0.000000000 0.000000000 1.000000000
8:/rcf: 0.000000000 0.000000000 1.000000000
8:/rfc: 0.000000000 0.336987129 0.663012871
8:/rff: 0.000000000 0.457183924 0.542816076
9:/ccc: 0.740002898 0.259997102 0.000000000
9:/ccr: 0.000000000 0.531404472 0.468595528
9:/crc: 0.000000000 0.410786984 0.589213016
9:/crf: 0.000000000 0.526317719 0.473682281
9:/rcc: 0.000000000 0.000000000 1.000000000
9:/rcf: 0.000000000 0.000000000 1.000000000
9:/rfc: 0.000000000 0.112402274 0.887597726
9:/rff: 0.000000000 0.452668572 0.547331428
A:/ccc: 0.999999565 0.000000435 0.000000000
A:/ccr: 0.000000000 0.849209406 0.150790594
A:/crc: 0.000000000 0.960288314 0.039711686
A:/crf: 0.000000000 0.852202676 0.147797324
A:/rcc: 0.000000000 1.000000000 0.000000000
A:/rcf: 0.000000000 1.000000000 0.000000000
A:/rfc: 0.000000000 0.652932926 0.347067074
A:/rff: 0.000000000 0.662826743 0.337173257
J:/ccc: 0.009463404 0.990536596 0.000000000
J:/ccr: 0.000000000 0.217452596 0.782547404
J:/crc: 0.000000000 0.032575023 0.967424977
J:/crf: 0.000000000 0.490973641 0.509026359
J:/rcc: 0.000000000 0.000000000 1.000000000
J:/rcf: 0.000000000 0.205347796 0.794652204
J:/rfc: 0.000000000 0.587398255 0.412601745
J:/rff: 0.000000000 0.902206270 0.097793730
K:/ccc: 0.503020311 0.496979689 0.000000000
K:/ccr: 0.000000000 0.953500999 0.046499001
K:/crc: 0.000000000 0.759339817 0.240660183
K:/crf: 0.000000000 0.689365376 0.310634624
K:/rcc: 0.000000000 1.000000000 0.000000000
K:/rcf: 0.000000000 1.000000000 0.000000000
K:/rfc: 0.000000000 0.170433884 0.829566116
K:/rff: 0.000000000 0.545630888 0.454369112
Q:/ccc: 0.219523604 0.780476396 0.000000000
Q:/ccr: 0.000000000 0.465260675 0.534739325
Q:/crc: 0.000000000 0.567119835 0.432880165
Q:/crf: 0.000000000 0.789398122 0.210601878
Q:/rcc: 0.000000000 0.000000000 1.000000000
Q:/rcf: 0.000000000 1.000000000 0.000000000
Q:/rfc: 0.000000000 0.626096017 0.373903983
Q:/rff: 0.000000000 0.465377086 0.534622914
T:/ccc: 0.322708693 0.677291307 0.000000000
T:/ccr: 0.000000000 0.864770916 0.135229084
T:/crc: 0.000000000 0.836538705 0.163461295
T:/crf: 0.000000000 0.923615538 0.076384462
T:/rcc: 0.000000000 0.000000000 1.000000000
T:/rcf: 0.000000000 0.000000000 1.000000000
T:/rfc: 0.000000000 0.921007163 0.078992837
T:/rff: 0.000000000 0.509604497 0.490395503
