A:/cc: 0.000000000 1.000000000 0.000000000
A:/cccrcc: 0.088111394 0.088565058 0.823323549
A:/cccrcf: 0.943168501 0.000000000 0.056831499
A:/cccrcr: 0.000000000 0.671060396 0.328939604
A:/cccrfc: 1.000000000 0.000000000 0.000000000
A:/cccrff: 0.410427830 0.589572170 0.000000000
A:/cccrfr: 0.000000000 1.000000000 0.000000000
A:/cccrrc: 0.000000000 0.818495305 0.181504695
A:/cccrrf: 0.000000000 0.386413509 0.613586491
A:/ccrccr: 0.000000000 0.306077367 0.693922633
A:/ccrcfr: 0.000000000 1.000000000 0.000000000
A:/ccrcrc: 0.000000000 0.488645785 0.511354215
A:/ccrcrf: 0.000000000 0.896442542 0.103557458
A:/ccrfcr: 0.000000000 1.000000000 0.000000000
A:/ccrffr: 0.000000000 1.000000000 0.000000000
A:/ccrfrc: 0.000000000 1.000000000 0.000000000
A:/ccrfrf: 0.000000000 0.969776575 0.030223425
A:/ccrrcc: 0.000000000 0.289171533 0.710828467
A:/ccrrcf: 0.000000000 0.788546052 0.211453948
A:/ccrrfc: 0.000000000 1.000000000 0.000000000
A:/ccrrff: 0.000000000 0.995482297 0.004517703
A:/cr: 0.000000000 1.000000000 0.000000000
A:/crccrc: 0.000000000 1.000000000 0.000000000
A:/crccrf: 0.000000000 1.000000000 0.000000000
A:/crcfrc: 0.000000000 1.000000000 0.000000000
A:/crcfrf: 0.000000000 0.767415481 0.232584519
A:/crcrcc: 0.000000000 1.000000000 0.000000000
A:/crcrcf: 0.000000000 1.000000000 0.000000000
A:/crcrfc: 0.000000000 1.000000000 0.000000000
A:/crcrff: 0.000000000 1.000000000 0.000000000
A:/rc: 0.492381117 0.507618883 0.000000000
A:/rccrcc: 0.000000000 0.569429110 0.430570890
A:/rccrcf: 0.000000000 0.702050687 0.297949313
A:/rccrfc: 0.000000000 0.637514500 0.362485500
A:/rccrff: 0.000000000 0.612656129 0.387343871
A:/rf: 0.468656929 0.531343071 0.000000000
A:/rfcrc: 0.000000000 0.928150394 0.071849606
A:/rfcrf: 0.000000000 1.000000000 0.000000000
A:/rr: 0.000000000 0.987890314 0.012109686
J:/cc: 0.000000000 1.000000000 0.000000000
J:/cccrcc: 0.534122203 0.232249897 0.233627901
J:/cccrcf: 1.000000000 0.000000000 0.000000000
J:/cccrcr: 0.000000000 0.789093807 0.210906193
J:/cccrfc: 0.235554786 0.001669747 0.762775468
J:/cccrff: 0.321868229 0.115802977 0.562328794
J:/cccrfr: 0.000000000 0.000000000 1.000000000
J:/cccrrc: 0.000000000 0.069481639 0.930518361
J:/cccrrf: 0.000000000 0.146791550 0.853208450
J:/ccrccr: 0.000000000 0.374159703 0.625840297
J:/ccrcfr: 0.000000000 0.000000000 1.000000000
J:/ccrcrc: 0.000000000 0.186665746 0.813334254
J:/ccrcrf: 0.000000000 0.316781969 0.683218031
J:/ccrfcr: 0.000000000 0.121886394 0.878113606
J:/ccrffr: 0.000000000 0.000000000 1.000000000
J:/ccrfrc: 0.000000000 0.000000000 1.000000000
J:/ccrfrf: 0.000000000 0.083845295 0.916154705
J:/ccrrcc: 0.000000000 0.837118659 0.162881341
J:/ccrrcf: 0.000000000 0.312748860 0.687251140
J:/ccrrfc: 0.000000000 0.000000000 1.000000000
J:/ccrrff: 0.000000000 0.512255172 0.487744828
J:/cr: 0.000000000 0.000000000 1.000000000
J:/crccrc: 0.000000000 0.000000000 1.000000000
J:/crccrf: 0.000000000 0.720885032 0.279114968
J:/crcfrc: 0.000000000 0.000000000 1.000000000
J:/crcfrf: 0.000000000 0.108656318 0.891343682
J:/crcrcc: 0.000000000 0.000000000 1.000000000
J:/crcrcf: 0.000000000 0.116094062 0.883905938
J:/crcrfc: 0.000000000 0.000000000 1.000000000
J:/crcrff: 0.000000000 0.752798914 0.247201086
J:/rc: 0.063720849 0.463749632 0.472529519
J:/rccrcc: 0.000000000 0.142218447 0.857781553
J:/rccrcf: 0.000000000 0.346121498 0.653878502
J:/rccrfc: 0.000000000 0.653547085 0.346452915
J:/rccrff: 0.000000000 0.567088487 0.432911513
J:/rf: 0.300543672 0.188670535 0.510785793
J:/rfcrc: 0.000000000 0.415443896 0.584556104
J:/rfcrf: 0.000000000 0.427123611 0.572876389
J:/rr: 0.000000000 0.000000000 1.000000000
K:/cc: 0.000529003 0.999470997 0.000000000
K:/cccrcc: 0.196948292 0.633543530 0.169508178
K:/cccrcf: 1.000000000 0.000000000 0.000000000
K:/cccrcr: 0.000000000 0.808730164 0.191269836
K:/cccrfc: 0.111675425 0.480099750 0.408224824
K:/cccrff: 0.191466469 0.516587923 0.291945608
K:/cccrfr: 0.000000000 1.000000000 0.000000000
K:/cccrrc: 0.000000000 0.509990667 0.490009333
K:/cccrrf: 0.000000000 0.552663219 0.447336781
K:/ccrccr: 0.000000000 0.758650303 0.241349697
K:/ccrcfr: 0.000000000 0.746756060 0.253243940
K:/ccrcrc: 0.000000000 0.694288476 0.305711524
K:/ccrcrf: 0.000000000 0.028862100 0.971137900
K:/ccrfcr: 0.000000000 0.232717375 0.767282625
K:/ccrffr: 0.000000000 0.937444968 0.062555032
K:/ccrfrc: 0.000000000 0.633812594 0.366187406
K:/ccrfrf: 0.000000000 0.550757387 0.449242613
K:/ccrrcc: 0.000000000 0.273747085 0.726252915
K:/ccrrcf: 0.000000000 1.000000000 0.000000000
K:/ccrrfc: 0.000000000 0.000000000 1.000000000
K:/ccrrff: 0.000000000 1.000000000 0.000000000
K:/cr: 0.000000000 1.000000000 0.000000000
K:/crccrc: 0.000000000 1.000000000 0.000000000
K:/crccrf: 0.000000000 0.589193493 0.410806507
K:/crcfrc: 0.000000000 0.767829409 0.232170591
K:/crcfrf: 0.000000000 0.934970755 0.065029245
K:/crcrcc: 0.000000000 0.000000000 1.000000000
K:/crcrcf: 0.000000000 0.985076730 0.014923270
K:/crcrfc: 0.000000000 0.000000000 1.000000000
K:/crcrff: 0.000000000 0.806722622 0.193277378
K:/rc: 0.335298540 0.301594067 0.363107393
K:/rccrcc: 0.000000000 0.892836667 0.107163333
K:/rccrcf: 0.000000000 0.312875395 0.687124605
K:/rccrfc: 0.000000000 0.481946702 0.518053298
K:/rccrff: 0.000000000 0.397417391 0.602582609
K:/rf: 0.411517450 0.404719005 0.183763545
K:/rfcrc: 0.000000000 0.341677068 0.658322932
K:/rfcrf: 0.000000000 0.481148089 0.518851911
K:/rr: 0.000000000 0.628855322 0.371144678
Q:/cc: 0.000208906 0.999791094 0.000000000
Q:/cccrcc: 0.411410681 0.391523016 0.197066303
Q:/cccrcf: 1.000000000 0.000000000 0.000000000
Q:/cccrcr: 0.000000000 0.231713089 0.768286911
Q:/cccrfc: 0.325801693 0.354763510 0.319434797
Q:/cccrff: 0.554558185 0.445441815 0.000000000
Q:/cccrfr: 0.000000000 1.000000000 0.000000000
Q:/cccrrc: 0.000000000 0.501998469 0.498001531
Q:/cccrrf: 0.000000000 0.071840059 0.928159941
Q:/ccrccr: 0.000000000 0.150396607 0.849603393
Q:/ccrcfr: 0.000000000 0.462777427 0.537222573
Q:/ccrcrc: 0.000000000 0.112050733 0.887949267
Q:/ccrcrf: 0.000000000 0.281317161 0.718682839
Q:/ccrfcr: 0.000000000 0.604183555 0.395816445
Q:/ccrffr: 0.000000000 0.105794043 0.894205957
Q:/ccrfrc: 0.000000000 0.000000000 1.000000000
Q:/ccrfrf: 0.000000000 0.768284983 0.231715017
Q:/ccrrcc: 0.000000000 0.657076792 0.342923208
Q:/ccrrcf: 0.000000000 0.000015076 0.999984924
Q:/ccrrfc: 0.000000000 0.000000000 1.000000000
Q:/ccrrff: 0.000000000 1.000000000 0.000000000
Q:/cr: 0.000000000 0.000242263 0.999757737
Q:/crccrc: 0.000000000 0.523410488 0.476589512
Q:/crccrf: 0.000000000 0.954618411 0.045381589
Q:/crcfrc: 0.000000000 0.675001086 0.324998914
Q:/crcfrf: 0.000000000 0.113632534 0.886367466
Q:/crcrcc: 0.000000000 0.000000000 1.000000000
Q:/crcrcf: 0.000000000 0.595209079 0.404790921
Q:/crcrfc: 0.000000000 0.000000000 1.000000000
Q:/crcrff: 0.000000000 0.760162978 0.239837022
Q:/rc: 0.812477896 0.148170148 0.039351957
Q:/rccrcc: 0.000000000 0.408943939 0.591056061
Q:/rccrcf: 0.000000000 0.606036054 0.393963946
Q:/rccrfc: 0.000000000 0.938671613 0.061328387
Q:/rccrff: 0.000000000 0.013002448 0.986997552
Q:/rf: 0.323198786 0.254397489 0.422403726
Q:/rfcrc: 0.000000000 0.903471841 0.096528159
Q:/rfcrf: 0.000000000 0.514825449 0.485174551
Q:/rr: 0.000000000 0.320267677 0.679732323
T:/cc: 0.000000000 1.000000000 0.000000000
T:/cccrcc: 0.581982754 0.268855367 0.149161879
T:/cccrcf: 1.000000000 0.000000000 0.000000000
T:/cccrcr: 0.000000000 0.542922206 0.457077794
T:/cccrfc: 0.132993581 0.253684396 0.613322023
T:/cccrff: 0.126518323 0.454633673 0.418848004
T:/cccrfr: 0.000000000 0.000000000 1.000000000
T:/cccrrc: 0.000000000 0.828806638 0.171193362
T:/cccrrf: 0.000000000 0.169771367 0.830228633
T:/ccrccr: 0.000000000 0.462806519 0.537193481
T:/ccrcfr: 0.000000000 0.487095669 0.512904331
T:/ccrcrc: 0.000000000 0.406674895 0.593325105
T:/ccrcrf: 0.000000000 0.765058076 0.234941924
T:/ccrfcr: 0.000000000 0.664829267 0.335170733
T:/ccrffr: 0.000000000 0.439306018 0.560693982
T:/ccrfrc: 0.000000000 0.000000000 1.000000000
T:/ccrfrf: 0.000000000 0.766917169 0.233082831
T:/ccrrcc: 0.000000000 0.321480043 0.678519957
T:/ccrrcf: 0.000000000 0.816708662 0.183291338
T:/ccrrfc: 0.000000000 0.000000000 1.000000000
T:/ccrrff: 0.000000000 0.000000000 1.000000000
T:/cr: 0.000000000 0.000000000 1.000000000
T:/crccrc: 0.000000000 0.000000000 1.000000000
T:/crccrf: 0.000000000 0.482324733 0.517675267
T:/crcfrc: 0.000000000 0.543046604 0.456953396
T:/crcfrf: 0.000000000 0.752989290 0.247010710
T:/crcrcc: 0.000000000 0.324196052 0.675803948
T:/crcrcf: 0.000000000 0.386397201 0.613602799
T:/crcrfc: 0.000000000 0.079745055 0.920254945
T:/crcrff: 0.000000000 0.000000000 1.000000000
T:/rc: 0.000000000 0.878087225 0.121912775
T:/rccrcc: 0.000000000 0.593806512 0.406193488
T:/rccrcf: 0.000000000 0.351218977 0.648781023
T:/rccrfc: 0.000000000 0.259687594 0.740312406
T:/rccrff: 0.000000000 0.303879503 0.696120497
T:/rf: 0.343213677 0.289003443 0.367782880
T:/rfcrc: 0.000000000 0.692661868 0.307338132
T:/rfcrf: 0.000000000 0.857530107 0.142469893
T:/rr: 0.000000000 0.629650724 0.370349276
