A:/: 0.000000000 1.000000000 0.000000000
A:/cccr: 0.902951345 0.097048655 0.000000000
A:/cccrccrc: 0.000000000 0.858674091 0.141325909
A:/cccrccrf: 0.000000000 0.871571751 0.128428249
A:/cccrcfrc: 0.000000000 0.444428036 0.555571964
A:/cccrcfrf: 0.000000000 0.662625557 0.337374443
A:/cccrcrcc: 0.000000000 0.458804797 0.541195203
A:/cccrcrcf: 0.000000000 0.973004951 0.026995049
A:/cccrcrfc: 0.000000000 1.000000000 0.000000000
A:/cccrcrff: 0.000000000 0.599701405 0.400298595
A:/ccrc: 0.971515235 0.028484765 0.000000000
A:/ccrccrcc: 0.000000000 0.607012110 0.392987890
A:/ccrccrcf: 0.000000000 0.616856875 0.383143125
A:/ccrccrfc: 0.000000000 1.000000000 0.000000000
A:/ccrccrff: 0.000000000 1.000000000 0.000000000
A:/ccrf: 0.566153489 0.433846511 0.000000000
A:/ccrfcrc: 0.000000000 0.450424085 0.549575915
A:/ccrfcrf: 0.000000000 1.000000000 0.000000000
A:/ccrr: 0.000000000 1.000000000 0.000000000
A:/crcc: 0.089010854 0.868388926 0.042600220
A:/crcf: 0.375314317 0.405860111 0.218825573
A:/crcr: 0.000000000 0.844232550 0.155767450
A:/crfc: 1.000000000 0.000000000 0.000000000
A:/crff: 0.135555228 0.519587116 0.344857656
A:/crfr: 0.000000000 0.737152256 0.262847744
A:/crrc: 0.000000000 0.528464546 0.471535454
A:/crrf: 0.000000000 0.763971970 0.236028030
A:/rccr: 0.000000000 1.000000000 0.000000000
A:/rcfr: 0.000000000 1.000000000 0.000000000
A:/rcrc: 0.000000000 1.000000000 0.000000000
A:/rcrf: 0.000000000 1.000000000 0.000000000
A:/rfcr: 0.000000000 0.858511079 0.141488921
A:/rffr: 0.000000000 1.000000000 0.000000000
A:/rfrc: 0.000000000 0.778293320 0.221706680
A:/rfrf: 0.000000000 0.989217312 0.010782688
A:/rrcc: 0.000000000 1.000000000 0.000000000
A:/rrcf: 0.000000000 1.000000000 0.000000000
A:/rrfc: 0.000000000 1.000000000 0.000000000
A:/rrff: 0.000000000 1.000000000 0.000000000
J:/: 0.000000000 1.000000000 0.000000000
J:/cccr: 0.000000000 0.000000000 1.000000000
J:/cccrccrc: 0.000000000 0.000000000 1.000000000
J:/cccrccrf: 0.000000000 0.764433020 0.235566980
J:/cccrcfrc: 0.000000000 0.000000000 1.000000000
J:/cccrcfrf: 0.000000000 0.474832894 0.525167106
J:/cccrcrcc: 0.000000000 0.372701211 0.627298789
J:/cccrcrcf: 0.000000000 0.718406175 0.281593825
J:/cccrcrfc: 0.000000000 0.043817839 0.956182161
J:/cccrcrff: 0.000000000 1.000000000 0.000000000
J:/ccrc: 0.000089832 0.000000000 0.999910168
J:/ccrccrcc: 0.000000000 0.440594456 0.559405544
J:/ccrccrcf: 0.000000000 0.250036324 0.749963676
J:/ccrccrfc: 0.000000000 0.390836843 0.609163157
J:/ccrccrff: 0.000000000 0.460060744 0.539939256
J:/ccrf: 0.330097489 0.556935134 0.112967377
J:/ccrfcrc: 0.000000000 0.622713272 0.377286728
J:/ccrfcrf: 0.000000000 0.046028388 0.953971612
J:/ccrr: 0.000000000 0.000000000 1.000000000
J:/crcc: 0.319078197 0.312993403 0.367928400
J:/crcf: 0.467842798 0.345589271 0.186567931
J:/crcr: 0.000000000 0.437393729 0.562606271
J:/crfc: 1.000000000 0.000000000 0.000000000
J:/crff: 0.999888889 0.000000000 0.000111111
J:/crfr: 0.000000000 0.000000000 1.000000000
J:/crrc: 0.000000000 0.164479533 0.835520467
J:/crrf: 0.000000000 0.814480235 0.185519765
J:/rccr: 0.000000000 0.245802951 0.754197049
J:/rcfr: 0.000000000 0.000618771 0.999381229
J:/rcrc: 0.000000000 0.213400777 0.786599223
J:/rcrf: 0.000000000 0.327923033 0.672076967
J:/rfcr: 0.000000000 0.000000000 1.000000000
J:/rffr: 0.000000000 0.000000000 1.000000000
J:/rfrc: 0.000000000 0.141201523 0.858798477
J:/rfrf: 0.000000000 0.348206823 0.651793177
J:/rrcc: 0.000000000 0.215136761 0.784863239
J:/rrcf: 0.000000000 0.000000000 1.000000000
J:/rrfc: 0.000000000 0.000000000 1.000000000
J:/rrff: 0.000000000 0.000000000 1.000000000
K:/: 0.000000000 1.000000000 0.000000000
K:/cccr: 0.000438259 0.000000000 0.999561741
K:/cccrccrc: 0.000000000 0.206108287 0.793891713
K:/cccrccrf: 0.000000000 0.059458749 0.940541251
K:/cccrcfrc: 0.000000000 0.303679294 0.696320706
K:/cccrcfrf: 0.000000000 0.722661385 0.277338615
K:/cccrcrcc: 0.000000000 0.732124657 0.267875343
K:/cccrcrcf: 0.000000000 0.873578230 0.126421770
K:/cccrcrfc: 0.000000000 0.000000000 1.000000000
K:/cccrcrff: 0.000000000 1.000000000 0.000000000
K:/ccrc: 0.000214973 0.000000000 0.999785027
K:/ccrccrcc: 0.000000000 0.214085513 0.785914487
K:/ccrccrcf: 0.000000000 0.625791591 0.374208409
K:/ccrccrfc: 0.000000000 0.547784483 0.452215517
K:/ccrccrff: 0.000000000 0.776638132 0.223361868
K:/ccrf: 0.418540049 0.581459951 0.000000000
K:/ccrfcrc: 0.000000000 0.951766037 0.048233963
K:/ccrfcrf: 0.000000000 0.518676492 0.481323508
K:/ccrr: 0.000000000 0.000000000 1.000000000
K:/crcc: 0.581371387 0.158734800 0.259893812
K:/crcf: 0.065257457 0.291972064 0.642770479
K:/crcr: 0.000000000 0.624391270 0.375608730
K:/crfc: 1.000000000 0.000000000 0.000000000
K:/crff: 1.000000000 0.000000000 0.000000000
K:/crfr: 0.000000000 0.056710489 0.943289511
K:/crrc: 0.000000000 0.490829722 0.509170278
K:/crrf: 0.000000000 0.882715035 0.117284965
K:/rccr: 0.000000000 0.247725089 0.752274911
K:/rcfr: 0.000000000 1.000000000 0.000000000
K:/rcrc: 0.000000000 1.000000000 0.000000000
K:/rcrf: 0.000000000 0.519512977 0.480487023
K:/rfcr: 0.000000000 0.000000000 1.000000000
K:/rffr: 0.000000000 0.186936878 0.813063122
K:/rfrc: 0.000000000 0.245676266 0.754323734
K:/rfrf: 0.000000000 0.296560948 0.703439052
K:/rrcc: 0.000000000 0.474981983 0.525018017
K:/rrcf: 0.000000000 0.009918597 0.990081403
K:/rrfc: 0.000000000 0.000818030 0.999181970
K:/rrff: 0.000000000 0.258184578 0.741815422
Q:/: 0.000000000 1.000000000 0.000000000
Q:/cccr: 0.000054047 0.000000000 0.999945953
Q:/cccrccrc: 0.000000000 0.394287758 0.605712242
Q:/cccrccrf: 0.000000000 0.532227074 0.467772926
Q:/cccrcfrc: 0.000000000 0.059458095 0.940541905
Q:/cccrcfrf: 0.000000000 0.507263026 0.492736974
Q:/cccrcrcc: 0.000000000 0.000000000 1.000000000
Q:/cccrcrcf: 0.000000000 0.773365918 0.226634082
Q:/cccrcrfc: 0.000000000 0.389687107 0.610312893
Q:/cccrcrff: 0.000000000 1.000000000 0.000000000
Q:/ccrc: 0.000107487 0.000000000 0.999892513
Q:/ccrccrcc: 0.000000000 0.586027342 0.413972658
Q:/ccrccrcf: 0.000000000 0.298500487 0.701499513
Q:/ccrccrfc: 0.000000000 0.253776327 0.746223673
Q:/ccrccrff: 0.000000000 0.642022030 0.357977970
Q:/ccrf: 0.616267316 0.072472643 0.311260041
Q:/ccrfcrc: 0.000000000 0.169001091 0.830998909
Q:/ccrfcrf: 0.000000000 0.515519314 0.484480686
Q:/ccrr: 0.000000000 0.000000000 1.000000000
Q:/crcc: 0.121217855 0.570328841 0.308453303
Q:/crcf: 0.351819080 0.434269052 0.213911869
Q:/crcr: 0.000000000 0.826307412 0.173692588
Q:/crfc: 1.000000000 0.000000000 0.000000000
Q:/crff: 0.999888889 0.000000000 0.000111111
Q:/crfr: 0.000000000 0.035373341 0.964626659
Q:/crrc: 0.000000000 0.620054440 0.379945560
Q:/crrf: 0.000000000 0.154799501 0.845200499
Q:/rccr: 0.000000000 0.000071131 0.999928869
Q:/rcfr: 0.000000000 0.060462640 0.939537360
Q:/rcrc: 0.000000000 0.000005023 0.999994977
Q:/rcrf: 0.000000000 0.327918890 0.672081110
Q:/rfcr: 0.000000000 0.000000000 1.000000000
Q:/rffr: 0.000000000 0.000000000 1.000000000
Q:/rfrc: 0.000000000 0.000000000 1.000000000
Q:/rfrf: 0.000000000 0.676714963 0.323285037
Q:/rrcc: 0.000000000 0.000000000 1.000000000
Q:/rrcf: 0.000000000 0.224639982 0.775360018
Q:/rrfc: 0.000000000 0.191599168 0.808400832
Q:/rrff: 0.000000000 0.254139558 0.745860442
T:/: 0.000638931 0.999361069 0.000000000
T:/cccr: 0.000000000 0.000000000 1.000000000
T:/cccrccrc: 0.000000000 0.428095242 0.571904758
T:/cccrccrf: 0.000000000 0.894478555 0.105521445
T:/cccrcfrc: 0.000000000 0.417218591 0.582781409
T:/cccrcfrf: 0.000000000 0.444272653 0.555727347
T:/cccrcrcc: 0.000000000 0.036316415 0.963683585
T:/cccrcrcf: 0.000000000 0.579494805 0.420505195
T:/cccrcrfc: 0.000000000 0.000000000 1.000000000
T:/cccrcrff: 0.000000000 0.113045495 0.886954505
T:/ccrc: 0.000017654 0.000000000 0.999982346
T:/ccrccrcc: 0.000000000 0.493507395 0.506492605
T:/ccrccrcf: 0.000000000 0.641834783 0.358165217
T:/ccrccrfc: 0.000000000 0.181112929 0.818887071
T:/ccrccrff: 0.000000000 0.048067232 0.951932768
T:/ccrf: 0.206715991 0.256243846 0.537040163
T:/ccrfcrc: 0.000000000 0.881559646 0.118440354
T:/ccrfcrf: 0.000000000 0.472110099 0.527889901
T:/ccrr: 0.000000000 0.077485794 0.922514206
T:/crcc: 0.337020539 0.043511191 0.619468270
T:/crcf: 0.121283455 0.188322002 0.690394543
T:/crcr: 0.000000000 0.000000000 1.000000000
T:/crfc: 0.310454437 0.000000000 0.689545563
T:/crff: 0.999888889 0.000000000 0.000111111
T:/crfr: 0.000000000 0.081066918 0.918933082
T:/crrc: 0.000000000 0.647666983 0.352333017
T:/crrf: 0.000000000 0.616247993 0.383752007
T:/rccr: 0.000000000 0.000000000 1.000000000
T:/rcfr: 0.000000000 0.000000000 1.000000000
T:/rcrc: 0.000000000 0.209552745 0.790447255
T:/rcrf: 0.000000000 0.296443895 0.703556105
T:/rfcr: 0.000000000 0.000000000 1.000000000
T:/rffr: 0.000000000 0.000000000 1.000000000
T:/rfrc: 0.000000000 0.000000000 1.000000000
T:/rfrf: 0.000000000 0.438752168 0.561247832
T:/rrcc: 0.000000000 0.000000000 1.000000000
T:/rrcf: 0.000000000 0.000000000 1.000000000
T:/rrfc: 0.000000000 0.000000000 1.000000000
T:/rrff: 0.000000000 0.000000000 1.000000000
