A:/cc: 0.856232752 0.143767248 0.000000000
A:/cccrcc: 0.181820073 0.355268831 0.462911096
A:/cccrcf: 0.501230803 0.195256306 0.303512891
A:/cccrcr: 0.000000000 0.489649834 0.510350166
A:/cccrfc: 1.000000000 0.000000000 0.000000000
A:/cccrff: 0.451488788 0.420567513 0.127943699
A:/cccrfr: 0.000000000 0.743047379 0.256952621
A:/cccrrc: 0.000000000 0.221386908 0.778613092
A:/cccrrf: 0.000000000 0.617479635 0.382520365
A:/ccrccr: 0.000000000 0.772318632 0.227681368
A:/ccrcfr: 0.000000000 1.000000000 0.000000000
A:/ccrcrc: 0.000000000 0.508101113 0.491898887
A:/ccrcrf: 0.000000000 0.422581551 0.577418449
A:/ccrfcr: 0.000000000 0.960978458 0.039021542
A:/ccrffr: 0.000000000 0.898074431 0.101925569
A:/ccrfrc: 0.000000000 1.000000000 0.000000000
A:/ccrfrf: 0.000000000 0.894186227 0.105813773
A:/ccrrcc: 0.000000000 0.266263516 0.733736484
A:/ccrrcf: 0.000000000 0.733276113 0.266723887
A:/ccrrfc: 0.000000000 0.828421411 0.171578589
A:/ccrrff: 0.000000000 0.988547546 0.011452454
A:/cr: 1.000000000 0.000000000 0.000000000
A:/crccrc: 0.000000000 1.000000000 0.000000000
A:/crccrf: 0.000000000 1.000000000 0.000000000
A:/crcfrc: 0.000000000 1.000000000 0.000000000
A:/crcfrf: 0.000000000 0.473061322 0.526938678
A:/crcrcc: 0.000000000 1.000000000 0.000000000
A:/crcrcf: 0.000000000 0.490722127 0.509277873
A:/crcrfc: 0.000000000 1.000000000 0.000000000
A:/crcrff: 0.000000000 1.000000000 0.000000000
A:/rc: 0.953778633 0.046221367 0.000000000
A:/rccrcc: 0.000000000 0.586956996 0.413043004
A:/rccrcf: 0.000000000 0.748773051 0.251226949
A:/rccrfc: 0.000000000 0.709647847 0.290352153
A:/rccrff: 0.000000000 0.542524694 0.457475306
A:/rf: 0.633505167 0.366494833 0.000000000
A:/rfcrc: 0.000000000 0.898126191 0.101873809
A:/rfcrf: 0.000000000 1.000000000 0.000000000
A:/rr: 0.000000000 1.000000000 0.000000000
J:/cc: 0.134706642 0.865293358 0.000000000
J:/cccrcc: 0.000000000 0.463251462 0.536748538
J:/cccrcf: 0.225649532 0.436579729 0.337770739
J:/cccrcr: 0.000000000 0.101704236 0.898295764
J:/cccrfc: 1.000000000 0.000000000 0.000000000
J:/cccrff: 0.186459365 0.774072908 0.039467727
J:/cccrfr: 0.000000000 0.736308364 0.263691636
J:/cccrrc: 0.000000000 0.435953019 0.564046981
J:/cccrrf: 0.000000000 0.925015925 0.074984075
J:/ccrccr: 0.000000000 0.266934618 0.733065382
J:/ccrcfr: 0.000000000 0.098166009 0.901833991
J:/ccrcrc: 0.000000000 0.365055928 0.634944072
J:/ccrcrf: 0.000000000 0.868689205 0.131310795
J:/ccrfcr: 0.000000000 0.214084754 0.785915246
J:/ccrffr: 0.000000000 0.340389279 0.659610721
J:/ccrfrc: 0.000000000 0.409410856 0.590589144
J:/ccrfrf: 0.000000000 0.914000669 0.085999331
J:/ccrrcc: 0.000000000 0.041267181 0.958732819
J:/ccrrcf: 0.000000000 0.103286279 0.896713721
J:/ccrrfc: 0.000000000 0.000000000 1.000000000
J:/ccrrff: 0.000000000 0.000000000 1.000000000
J:/cr: 0.000000000 0.000000000 1.000000000
J:/crccrc: 0.000000000 0.113190619 0.886809381
J:/crccrf: 0.000000000 0.676511211 0.323488789
J:/crcfrc: 0.000000000 0.482694204 0.517305796
J:/crcfrf: 0.000000000 0.083417762 0.916582238
J:/crcrcc: 0.000000000 0.000000000 1.000000000
J:/crcrcf: 0.000000000 0.394539263 0.605460737
J:/crcrfc: 0.000000000 0.000000000 1.000000000
J:/crcrff: 0.000000000 1.000000000 0.000000000
J:/rc: 0.150989068 0.276095739 0.572915193
J:/rccrcc: 0.000000000 0.335828658 0.664171342
J:/rccrcf: 0.000000000 0.759011640 0.240988360
J:/rccrfc: 0.000000000 0.604162762 0.395837238
J:/rccrff: 0.000000000 0.542854772 0.457145228
J:/rf: 0.000187954 0.149301782 0.850510264
J:/rfcrc: 0.000000000 0.746220555 0.253779445
J:/rfcrf: 0.000000000 0.170488769 0.829511231
J:/rr: 0.000000000 0.652658814 0.347341186
K:/cc: 0.000000000 1.000000000 0.000000000
K:/cccrcc: 0.431572780 0.416476245 0.151950975
K:/cccrcf: 0.155915130 0.526096009 0.317988861
K:/cccrcr: 0.000000000 0.781038538 0.218961462
K:/cccrfc: 1.000000000 0.000000000 0.000000000
K:/cccrff: 0.610555715 0.035217906 0.354226379
K:/cccrfr: 0.000000000 1.000000000 0.000000000
K:/cccrrc: 0.000000000 0.704383574 0.295616426
K:/cccrrf: 0.000000000 0.530713099 0.469286901
K:/ccrccr: 0.000000000 0.299715811 0.700284189
K:/ccrcfr: 0.000000000 0.963911565 0.036088435
K:/ccrcrc: 0.000000000 0.565501054 0.434498946
K:/ccrcrf: 0.000000000 0.734435798 0.265564202
K:/ccrfcr: 0.000000000 0.113449391 0.886550609
K:/ccrffr: 0.000000000 0.545935063 0.454064937
K:/ccrfrc: 0.000000000 0.467698381 0.532301619
K:/ccrfrf: 0.000000000 0.636779273 0.363220727
K:/ccrrcc: 0.000000000 0.000000000 1.000000000
K:/ccrrcf: 0.000000000 0.131827585 0.868172415
K:/ccrrfc: 0.000000000 0.000000000 1.000000000
K:/ccrrff: 0.000000000 0.000000000 1.000000000
K:/cr: 0.000186023 0.000000000 0.999813977
K:/crccrc: 0.000000000 0.216700039 0.783299961
K:/crccrf: 0.000000000 1.000000000 0.000000000
K:/crcfrc: 0.000000000 0.299278241 0.700721759
K:/crcfrf: 0.000000000 0.974487919 0.025512081
K:/crcrcc: 0.000000000 0.026278080 0.973721920
K:/crcrcf: 0.000000000 0.960042310 0.039957690
K:/crcrfc: 0.000000000 0.000000000 1.000000000
K:/crcrff: 0.000000000 1.000000000 0.000000000
K:/rc: 0.557707924 0.156819151 0.285472925
K:/rccrcc: 0.000000000 0.220967787 0.779032213
K:/rccrcf: 0.000000000 0.585179805 0.414820195
K:/rccrfc: 0.000000000 0.529676667 0.470323333
K:/rccrff: 0.000000000 0.748677380 0.251322620
K:/rf: 0.416830950 0.297899142 0.285269908
K:/rfcrc: 0.000000000 0.936727534 0.063272466
K:/rfcrf: 0.000000000 0.896029341 0.103970659
K:/rr: 0.000000000 0.531628353 0.468371647
Q:/cc: 0.000000000 1.000000000 0.000000000
Q:/cccrcc: 0.239171023 0.547813000 0.213015977
Q:/cccrcf: 0.318262486 0.299985152 0.381752362
Q:/cccrcr: 0.000000000 0.300067655 0.699932345
Q:/cccrfc: 1.000000000 0.000000000 0.000000000
Q:/cccrff: 0.346422344 0.329140207 0.324437448
Q:/cccrfr: 0.000000000 1.000000000 0.000000000
Q:/cccrrc: 0.000000000 0.340462848 0.659537152
Q:/cccrrf: 0.000000000 0.420161713 0.579838287
Q:/ccrccr: 0.000000000 0.368903031 0.631096969
Q:/ccrcfr: 0.000000000 0.839119977 0.160880023
Q:/ccrcrc: 0.000000000 0.200472316 0.799527684
Q:/ccrcrf: 0.000000000 0.026927481 0.973072519
Q:/ccrfcr: 0.000000000 0.543766709 0.456233291
Q:/ccrffr: 0.000000000 0.489985162 0.510014838
Q:/ccrfrc: 0.000000000 0.740640865 0.259359135
Q:/ccrfrf: 0.000000000 0.167179909 0.832820091
Q:/ccrrcc: 0.000000000 0.286465526 0.713534474
Q:/ccrrcf: 0.000000000 0.000000000 1.000000000
Q:/ccrrfc: 0.000000000 0.000000000 1.000000000
Q:/ccrrff: 0.000000000 0.000000000 1.000000000
Q:/cr: 0.000108027 0.000000000 0.999891973
Q:/crccrc: 0.000000000 0.299779395 0.700220605
Q:/crccrf: 0.000000000 0.299283115 0.700716885
Q:/crcfrc: 0.000000000 0.000000000 1.000000000
Q:/crcfrf: 0.000000000 0.193968446 0.806031554
Q:/crcrcc: 0.000000000 0.000000000 1.000000000
Q:/crcrcf: 0.000000000 0.000000000 1.000000000
Q:/crcrfc: 0.000000000 0.000000000 1.000000000
Q:/crcrff: 0.000000000 1.000000000 0.000000000
Q:/rc: 0.102241194 0.370139048 0.527619758
Q:/rccrcc: 0.000000000 0.763705492 0.236294508
Q:/rccrcf: 0.000000000 0.730113195 0.269886805
Q:/rccrfc: 0.000000000 0.837526056 0.162473944
Q:/rccrff: 0.000000000 0.689260175 0.310739825
Q:/rf: 0.000452460 0.149313826 0.850233714
Q:/rfcrc: 0.000000000 0.403281331 0.596718669
Q:/rfcrf: 0.000000000 0.686587266 0.313412734
Q:/rr: 0.000000000 0.380845105 0.619154895
T:/cc: 0.620916497 0.379083503 0.000000000
T:/cccrcc: 0.009120414 0.407149994 0.583729592
T:/cccrcf: 0.388437472 0.256336760 0.355225768
T:/cccrcr: 0.000000000 0.000000000 1.000000000
T:/cccrfc: 0.000000000 0.000000000 1.000000000
T:/cccrff: 0.239707897 0.206094886 0.554197217
T:/cccrfr: 0.000000000 0.000000000 1.000000000
T:/cccrrc: 0.000000000 0.097932649 0.902067351
T:/cccrrf: 0.000000000 0.381883769 0.618116231
T:/ccrccr: 0.000000000 0.182996225 0.817003775
T:/ccrcfr: 0.000000000 0.000000000 1.000000000
T:/ccrcrc: 0.000000000 0.488010095 0.511989905
T:/ccrcrf: 0.000000000 0.528001377 0.471998623
T:/ccrfcr: 0.000000000 0.303589658 0.696410342
T:/ccrffr: 0.000000000 0.423231207 0.576768793
T:/ccrfrc: 0.000000000 0.181355115 0.818644885
T:/ccrfrf: 0.000000000 0.179389376 0.820610624
T:/ccrrcc: 0.000000000 0.405831350 0.594168650
T:/ccrrcf: 0.000000000 0.306733044 0.693266956
T:/ccrrfc: 0.000000000 0.000000000 1.000000000
T:/ccrrff: 0.000000000 0.000000000 1.000000000
T:/cr: 0.000000000 0.000000000 1.000000000
T:/crccrc: 0.000000000 0.431298182 0.568701818
T:/crccrf: 0.000000000 0.227571260 0.772428740
T:/crcfrc: 0.000000000 0.376867461 0.623132539
T:/crcfrf: 0.000000000 0.587643715 0.412356285
T:/crcrcc: 0.000000000 0.000000000 1.000000000
T:/crcrcf: 0.000000000 0.383488405 0.616511595
T:/crcrfc: 0.000000000 0.240565566 0.759434434
T:/crcrff: 0.000000000 0.000000000 1.000000000
T:/rc: 0.327388558 0.277158863 0.395452579
T:/rccrcc: 0.000000000 0.781745685 0.218254315
T:/rccrcf: 0.000000000 0.904850524 0.095149476
T:/rccrfc: 0.000000000 0.708500141 0.291499859
T:/rccrff: 0.000000000 0.001144232 0.998855768
T:/rf: 0.253713189 0.161719461 0.584567350
T:/rfcrc: 0.000000000 0.293744919 0.706255081
T:/rfcrf: 0.000000000 0.159739893 0.840260107
T:/rr: 0.000000000 0.175360848 0.824639152
