A:/: 0.014113927 0.985886073 0.000000000
A:/cccr: 0.023382249 0.976617751 0.000000000
A:/cccrccrc: 0.535554904 0.257164903 0.207280193
A:/cccrccrccrcc: 0.000000000 0.447004004 0.552995996
A:/cccrccrccrcf: 0.000000000 0.427682164 0.572317836
A:/cccrccrccrfc: 0.000000000 0.308535251 0.691464749
A:/cccrccrccrff: 0.000000000 0.485686969 0.514313031
A:/cccrccrf: 0.711965292 0.020746440 0.267288268
A:/cccrccrfcrc: 0.000000000 0.407263067 0.592736933
A:/cccrccrfcrf: 0.000000000 0.333111161 0.666888839
A:/cccrccrr: 0.000000000 0.596786215 0.403213785
A:/cccrcfrc: 0.386990218 0.565584741 0.047425041
A:/cccrcfrf: 0.105776175 0.441686204 0.452537621
A:/cccrcfrr: 0.000000000 1.000000000 0.000000000
A:/cccrcrcc: 0.337285779 0.184373808 0.478340413
A:/cccrcrcf: 0.166602683 0.262683640 0.570713677
A:/cccrcrcr: 0.000000000 0.785681103 0.214318897
A:/cccrcrfc: 0.772942330 0.227057670 0.000000000
A:/cccrcrff: 0.406858607 0.538262906 0.054878486
A:/cccrcrfr: 0.000000000 0.821404261 0.178595739
A:/cccrcrrc: 0.000000000 0.976850679 0.023149321
A:/cccrcrrf: 0.000000000 0.803928958 0.196071042
A:/cccrrccr: 0.000000000 0.940696598 0.059303402
A:/cccrrcfr: 0.000000000 0.791392647 0.208607353
A:/cccrrcrc: 0.000000000 0.344775236 0.655224764
A:/cccrrcrf: 0.000000000 0.949750993 0.050249007
A:/cccrrfcr: 0.000000000 1.000000000 0.000000000
A:/cccrrffr: 0.000000000 1.000000000 0.000000000
A:/cccrrfrc: 0.000000000 0.724939907 0.275060093
A:/cccrrfrf: 0.000000000 0.933717572 0.066282428
A:/cccrrrcc: 0.000000000 0.670842686 0.329157314
A:/cccrrrcf: 0.000000000 0.547257902 0.452742098
A:/cccrrrfc: 0.000000000 0.778502799 0.221497201
A:/cccrrrff: 0.000000000 0.934791490 0.065208510
A:/ccrc: 0.442200752 0.557799248 0.000000000
A:/ccrccrcc: 0.263361030 0.128700964 0.607938005
A:/ccrccrcf: 0.169728412 0.392952900 0.437318689
A:/ccrccrcr: 0.000000000 0.732609710 0.267390290
A:/ccrccrfc: 0.517248682 0.457527488 0.025223830
A:/ccrccrff: 0.356813106 0.152890306 0.490296589
A:/ccrccrfr: 0.000000000 0.767001405 0.232998595
A:/ccrccrrc: 0.000000000 0.722011142 0.277988858
A:/ccrccrrf: 0.000000000 0.371939147 0.628060853
A:/ccrcrccr: 0.000000000 0.740722409 0.259277591
A:/ccrcrcfr: 0.000000000 0.893813120 0.106186880
A:/ccrcrcrc: 0.000000000 0.667672287 0.332327713
A:/ccrcrcrf: 0.000000000 0.740820862 0.259179138
A:/ccrcrfcr: 0.000000000 0.381853174 0.618146826
A:/ccrcrffr: 0.000000000 0.246478929 0.753521071
A:/ccrcrfrc: 0.000000000 0.508497288 0.491502712
A:/ccrcrfrf: 0.000000000 0.227291713 0.772708287
A:/ccrcrrcc: 0.000000000 0.747057721 0.252942279
A:/ccrcrrcf: 0.000000000 0.750813120 0.249186880
A:/ccrcrrfc: 0.000000000 0.522583618 0.477416382
A:/ccrcrrff: 0.000000000 0.157746142 0.842253858
A:/ccrf: 0.697670993 0.285741828 0.016587179
A:/ccrfcrc: 0.208595930 0.379625436 0.411778633
A:/ccrfcrf: 0.567728402 0.237970025 0.194301573
A:/ccrfcrr: 0.000000000 0.741124595 0.258875405
A:/ccrfrcr: 0.000000000 0.488956548 0.511043452
A:/ccrfrfr: 0.000000000 0.794584404 0.205415596
A:/ccrfrrc: 0.000000000 1.000000000 0.000000000
A:/ccrfrrf: 0.000000000 0.745861385 0.254138615
A:/ccrr: 0.997203420 0.002796580 0.000000000
A:/ccrrccrc: 0.000000000 0.389571413 0.610428587
A:/ccrrccrf: 0.000000000 0.394899966 0.605100034
A:/ccrrcfrc: 0.000000000 0.865142525 0.134857475
A:/ccrrcfrf: 0.000000000 0.457189597 0.542810403
A:/ccrrcrcc: 0.000000000 0.652801298 0.347198702
A:/ccrrcrcf: 0.000000000 0.464997633 0.535002367
A:/ccrrcrfc: 0.000000000 0.358508874 0.641491126
A:/ccrrcrff: 0.000000000 0.249041188 0.750958812
A:/crcc: 0.315160123 0.438578506 0.246261371
A:/crccrccr: 0.000000000 0.528262536 0.471737464
A:/crccrcfr: 0.000000000 0.473602066 0.526397934
A:/crccrcrc: 0.000000000 0.928212627 0.071787373
A:/crccrcrf: 0.000000000 0.851491087 0.148508913
A:/crccrfcr: 0.000000000 0.539673432 0.460326568
A:/crccrffr: 0.000000000 1.000000000 0.000000000
A:/crccrfrc: 0.000000000 0.802268108 0.197731892
A:/crccrfrf: 0.000000000 0.661318711 0.338681289
A:/crccrrcc: 0.000000000 0.550454363 0.449545637
A:/crccrrcf: 0.000000000 0.272750187 0.727249813
A:/crccrrfc: 0.000000000 0.263567849 0.736432151
A:/crccrrff: 0.000000000 0.902908547 0.097091453
A:/crcf: 0.418475279 0.354790433 0.226734288
A:/crcfrcr: 0.000000000 0.682028325 0.317971675
A:/crcfrfr: 0.000000000 0.075354264 0.924645736
A:/crcfrrc: 0.000000000 0.470223385 0.529776615
A:/crcfrrf: 0.000000000 0.882689278 0.117310722
A:/crcr: 0.470067165 0.529932835 0.000000000
A:/crcrccrc: 0.000000000 0.668446814 0.331553186
A:/crcrccrf: 0.000000000 0.788368955 0.211631045
A:/crcrcfrc: 0.000000000 0.660803251 0.339196749
A:/crcrcfrf: 0.000000000 0.579381030 0.420618970
A:/crcrcrcc: 0.000000000 0.556245369 0.443754631
A:/crcrcrcf: 0.000000000 0.740881276 0.259118724
A:/crcrcrfc: 0.000000000 0.835577011 0.164422989
A:/crcrcrff: 0.000000000 0.715374652 0.284625348
A:/crfc: 0.530303581 0.469696419 0.000000000
A:/crfcrcr: 0.000000000 0.716572140 0.283427860
A:/crfcrfr: 0.000000000 0.772181342 0.227818658
A:/crfcrrc: 0.000000000 0.747997626 0.252002374
A:/crfcrrf: 0.000000000 0.827051394 0.172948606
A:/crff: 0.309812777 0.690187223 0.000000000
A:/crffrr: 0.000000000 1.000000000 0.000000000
A:/crfr: 0.501785197 0.371113196 0.127101607
A:/crfrcrc: 0.000000000 0.693910387 0.306089613
A:/crfrcrf: 0.000000000 0.901854730 0.098145270
A:/crrc: 0.531119211 0.254021688 0.214859102
A:/crrccrcc: 0.000000000 0.109786349 0.890213651
A:/crrccrcf: 0.000000000 0.963542022 0.036457978
A:/crrccrfc: 0.000000000 0.799279656 0.200720344
A:/crrccrff: 0.000000000 0.789105512 0.210894488
A:/crrf: 0.326139126 0.569783564 0.104077311
A:/crrfcrc: 0.000000000 0.557643955 0.442356045
A:/crrfcrf: 0.000000000 0.937957096 0.062042904
A:/crrr: 0.000000000 0.739585906 0.260414094
A:/rccr: 0.891551357 0.108448643 0.000000000
A:/rccrccrc: 0.000000000 0.514865795 0.485134205
A:/rccrccrf: 0.000000000 0.310877032 0.689122968
A:/rccrcfrc: 0.000000000 0.802223464 0.197776536
A:/rccrcfrf: 0.000000000 0.223522797 0.776477203
A:/rccrcrcc: 0.000000000 0.435334691 0.564665309
A:/rccrcrcf: 0.000000000 0.709220201 0.290779799
A:/rccrcrfc: 0.000000000 0.994478138 0.005521862
A:/rccrcrff: 0.000000000 0.760750830 0.239249170
A:/rcfr: 0.967882454 0.032117546 0.000000000
A:/rcfrcrc: 0.000000000 0.316985349 0.683014651
A:/rcfrcrf: 0.000000000 0.319387071 0.680612929
A:/rcrc: 0.174608321 0.701551498 0.123840181
A:/rcrccrcc: 0.000000000 0.230706940 0.769293060
A:/rcrccrcf: 0.000000000 0.511913831 0.488086169
A:/rcrccrfc: 0.000000000 0.629608122 0.370391878
A:/rcrccrff: 0.000000000 0.714313196 0.285686804
A:/rcrf: 0.558810902 0.312489055 0.128700043
A:/rcrfcrc: 0.000000000 0.807492058 0.192507942
A:/rcrfcrf: 0.000000000 0.725731682 0.274268318
A:/rcrr: 0.000000000 0.700741200 0.299258800
A:/rfcr: 0.356102532 0.368230041 0.275667427
A:/rfcrcrc: 0.000000000 0.807307561 0.192692439
A:/rfcrcrf: 0.000000000 0.720316127 0.279683873
A:/rffr: 0.289380445 0.710619555 0.000000000
A:/rfrc: 0.510091031 0.397757959 0.092151010
A:/rfrf: 0.125643807 0.604588925 0.269767267
A:/rfrr: 0.000000000 0.895388935 0.104611065
A:/rrcc: 0.500407131 0.376575262 0.123017607
A:/rrcf: 0.235144952 0.433254711 0.331600338
A:/rrcr: 0.000000000 0.929614714 0.070385286
A:/rrfc: 0.383515772 0.380976222 0.235508006
A:/rrff: 0.618949434 0.361401466 0.019649100
A:/rrfr: 0.000000000 0.726464998 0.273535002
A:/rrrc: 0.000000000 0.368681566 0.631318434
A:/rrrf: 0.000000000 1.000000000 0.000000000
J:/: 0.004920917 0.995079083 0.000000000
J:/cccr: 0.000000000 0.000000000 1.000000000
J:/cccrccrc: 0.620674745 0.000000000 0.379325255
J:/cccrccrccrcc: 0.000000000 0.644107217 0.355892783
J:/cccrccrccrcf: 0.000000000 0.415376482 0.584623518
J:/cccrccrccrfc: 0.000000000 0.224177415 0.775822585
J:/cccrccrccrff: 0.000000000 0.239832622 0.760167378
J:/cccrccrf: 0.586945145 0.000000000 0.413054855
J:/cccrccrfcrc: 0.000000000 0.320463519 0.679536481
J:/cccrccrfcrf: 0.000000000 0.530847429 0.469152571
J:/cccrccrr: 0.000000000 0.551764548 0.448235452
J:/cccrcfrc: 0.242036668 0.010585176 0.747378156
J:/cccrcfrf: 0.379458620 0.528487711 0.092053669
J:/cccrcfrr: 0.000000000 0.105265034 0.894734966
J:/cccrcrcc: 0.599825729 0.000000000 0.400174271
J:/cccrcrcf: 0.030680282 0.225590890 0.743728828
J:/cccrcrcr: 0.000000000 0.035292182 0.964707818
J:/cccrcrfc: 0.373869522 0.000000000 0.626130478
J:/cccrcrff: 0.928987499 0.000000000 0.071012501
J:/cccrcrfr: 0.000000000 0.008934184 0.991065816
J:/cccrcrrc: 0.000000000 0.257994272 0.742005728
J:/cccrcrrf: 0.000000000 0.509359152 0.490640848
J:/cccrrccr: 0.000000000 0.155444568 0.844555432
J:/cccrrcfr: 0.000000000 0.143212283 0.856787717
J:/cccrrcrc: 0.000000000 0.167160997 0.832839003
J:/cccrrcrf: 0.000000000 0.429817479 0.570182521
J:/cccrrfcr: 0.000000000 0.000000000 1.000000000
J:/cccrrffr: 0.000000000 0.000000000 1.000000000
J:/cccrrfrc: 0.000000000 0.073126308 0.926873692
J:/cccrrfrf: 0.000000000 0.909017245 0.090982755
J:/cccrrrcc: 0.000000000 0.532359235 0.467640765
J:/cccrrrcf: 0.000000000 0.226842517 0.773157483
J:/cccrrrfc: 0.000000000 0.000000000 1.000000000
J:/cccrrrff: 0.000000000 0.741354692 0.258645308
J:/ccrc: 0.073844443 0.264047848 0.662107709
J:/ccrccrcc: 0.263099392 0.397846543 0.339054065
J:/ccrccrcf: 0.422224301 0.542026715 0.035748984
J:/ccrccrcr: 0.000000000 0.520432827 0.479567173
J:/ccrccrfc: 0.551182576 0.315691350 0.133126074
J:/ccrccrff: 0.037021803 0.702028367 0.260949829
J:/ccrccrfr: 0.000000000 0.383917813 0.616082187
J:/ccrccrrc: 0.000000000 0.914860202 0.085139798
J:/ccrccrrf: 0.000000000 0.788000365 0.211999635
J:/ccrcrccr: 0.000000000 0.829597765 0.170402235
J:/ccrcrcfr: 0.000000000 0.439811968 0.560188032
J:/ccrcrcrc: 0.000000000 0.712519658 0.287480342
J:/ccrcrcrf: 0.000000000 0.894441087 0.105558913
J:/ccrcrfcr: 0.000000000 0.464900631 0.535099369
J:/ccrcrffr: 0.000000000 0.805651489 0.194348511
J:/ccrcrfrc: 0.000000000 0.469347447 0.530652553
J:/ccrcrfrf: 0.000000000 0.771342152 0.228657848
J:/ccrcrrcc: 0.000000000 0.408266201 0.591733799
J:/ccrcrrcf: 0.000000000 0.015998629 0.984001371
J:/ccrcrrfc: 0.000000000 0.303043979 0.696956021
J:/ccrcrrff: 0.000000000 0.311211079 0.688788921
J:/ccrf: 0.000000000 0.523161158 0.476838842
J:/ccrfcrc: 0.229002717 0.487459405 0.283537878
J:/ccrfcrf: 0.590420990 0.030119853 0.379459157
J:/ccrfcrr: 0.000000000 0.523800033 0.476199967
J:/ccrfrcr: 0.000000000 0.198832975 0.801167025
J:/ccrfrfr: 0.000000000 0.430094267 0.569905733
J:/ccrfrrc: 0.000000000 0.302893279 0.697106721
J:/ccrfrrf: 0.000000000 0.448354940 0.551645060
J:/ccrr: 0.000000000 0.013901674 0.986098326
J:/ccrrccrc: 0.000000000 0.152089081 0.847910919
J:/ccrrccrf: 0.000000000 0.356899811 0.643100189
J:/ccrrcfrc: 0.000000000 0.488294966 0.511705034
J:/ccrrcfrf: 0.000000000 0.716931283 0.283068717
J:/ccrrcrcc: 0.000000000 0.354500088 0.645499912
J:/ccrrcrcf: 0.000000000 0.874848578 0.125151422
J:/ccrrcrfc: 0.000000000 0.585578010 0.414421990
J:/ccrrcrff: 0.000000000 0.638670720 0.361329280
J:/crcc: 0.396487050 0.329167363 0.274345586
J:/crccrccr: 0.000000000 0.467512924 0.532487076
J:/crccrcfr: 0.000000000 0.627053061 0.372946939
J:/crccrcrc: 0.000000000 0.386928847 0.613071153
J:/crccrcrf: 0.000000000 0.730469089 0.269530911
J:/crccrfcr: 0.000000000 0.784203964 0.215796036
J:/crccrffr: 0.000000000 0.642868505 0.357131495
J:/crccrfrc: 0.000000000 0.905781508 0.094218492
J:/crccrfrf: 0.000000000 0.252823234 0.747176766
J:/crccrrcc: 0.000000000 0.495513845 0.504486155
J:/crccrrcf: 0.000000000 0.035832447 0.964167553
J:/crccrrfc: 0.000000000 0.631930596 0.368069404
J:/crccrrff: 0.000000000 0.255474854 0.744525146
J:/crcf: 0.000000000 0.849540037 0.150459963
J:/crcfrcr: 0.000000000 0.565482879 0.434517121
J:/crcfrfr: 0.000000000 0.222037575 0.777962425
J:/crcfrrc: 0.000000000 0.540905738 0.459094262
J:/crcfrrf: 0.000000000 0.497914751 0.502085249
J:/crcr: 0.323928909 0.075877817 0.600193273
J:/crcrccrc: 0.000000000 0.683481327 0.316518673
J:/crcrccrf: 0.000000000 0.767078811 0.232921189
J:/crcrcfrc: 0.000000000 0.480403140 0.519596860
J:/crcrcfrf: 0.000000000 0.101467183 0.898532817
J:/crcrcrcc: 0.000000000 0.402018973 0.597981027
J:/crcrcrcf: 0.000000000 0.285525603 0.714474397
J:/crcrcrfc: 0.000000000 0.246992135 0.753007865
J:/crcrcrff: 0.000000000 0.440394715 0.559605285
J:/crfc: 0.000000000 0.000000000 1.000000000
J:/crfcrcr: 0.000000000 0.345850471 0.654149529
J:/crfcrfr: 0.000000000 0.418033777 0.581966223
J:/crfcrrc: 0.000000000 0.193077316 0.806922684
J:/crfcrrf: 0.000000000 0.078771932 0.921228068
J:/crff: 0.000000000 0.000000000 1.000000000
J:/crffrr: 0.000000000 0.000000000 1.000000000
J:/crfr: 0.000000000 0.000000000 1.000000000
J:/crfrcrc: 0.000000000 0.713055765 0.286944235
J:/crfrcrf: 0.000000000 0.000000000 1.000000000
J:/crrc: 0.376847540 0.051273898 0.571878562
J:/crrccrcc: 0.000000000 0.221126739 0.778873261
J:/crrccrcf: 0.000000000 0.608777411 0.391222589
J:/crrccrfc: 0.000000000 0.493880773 0.506119227
J:/crrccrff: 0.000000000 0.507577476 0.492422524
J:/crrf: 0.000000000 0.322519270 0.677480730
J:/crrfcrc: 0.000000000 0.281010795 0.718989205
J:/crrfcrf: 0.000000000 0.147840011 0.852159989
J:/crrr: 0.000000000 0.104492362 0.895507638
J:/rccr: 0.000016598 0.000000000 0.999983402
J:/rccrccrc: 0.000000000 0.299958530 0.700041470
J:/rccrccrf: 0.000000000 0.346726084 0.653273916
J:/rccrcfrc: 0.000000000 0.880414400 0.119585600
J:/rccrcfrf: 0.000000000 0.319430070 0.680569930
J:/rccrcrcc: 0.000000000 0.683956657 0.316043343
J:/rccrcrcf: 0.000000000 0.592664679 0.407335321
J:/rccrcrfc: 0.000000000 0.252077532 0.747922468
J:/rccrcrff: 0.000000000 0.035975410 0.964024590
J:/rcfr: 0.000000000 0.000000000 1.000000000
J:/rcfrcrc: 0.000000000 0.000000000 1.000000000
J:/rcfrcrf: 0.000000000 0.516921524 0.483078476
J:/rcrc: 0.045781838 0.355299806 0.598918356
J:/rcrccrcc: 0.000000000 0.160595031 0.839404969
J:/rcrccrcf: 0.000000000 0.403778036 0.596221964
J:/rcrccrfc: 0.000000000 0.462954741 0.537045259
J:/rcrccrff: 0.000000000 0.407459219 0.592540781
J:/rcrf: 0.610993866 0.122491944 0.266514190
J:/rcrfcrc: 0.000000000 0.636410521 0.363589479
J:/rcrfcrf: 0.000000000 0.113229189 0.886770811
J:/rcrr: 0.000000000 0.380224828 0.619775172
J:/rfcr: 0.000000000 0.400244395 0.599755605
J:/rfcrcrc: 0.000000000 0.622798431 0.377201569
J:/rfcrcrf: 0.000000000 0.268170396 0.731829604
J:/rffr: 0.000000000 0.000000000 1.000000000
J:/rfrc: 0.129165737 0.535972369 0.334861893
J:/rfrf: 0.460098977 0.197082583 0.342818440
J:/rfrr: 0.000000000 0.416965248 0.583034752
J:/rrcc: 0.481249098 0.489036196 0.029714706
J:/rrcf: 0.312954016 0.568244905 0.118801079
J:/rrcr: 0.000000000 0.623507245 0.376492755
J:/rrfc: 0.000000000 0.000000000 1.000000000
J:/rrff: 0.000000000 0.000000000 1.000000000
J:/rrfr: 0.000000000 0.000000000 1.000000000
J:/rrrc: 0.000000000 0.462939582 0.537060418
J:/rrrf: 0.000000000 0.364493644 0.635506356
K:/: 0.000000000 1.000000000 0.000000000
K:/cccr: 0.000000000 0.000283226 0.999716774
K:/cccrccrc: 0.750687456 0.106049958 0.143262586
K:/cccrccrccrcc: 0.000000000 0.054113472 0.945886528
K:/cccrccrccrcf: 0.000000000 0.519994130 0.480005870
K:/cccrccrccrfc: 0.000000000 0.704453326 0.295546674
K:/cccrccrccrff: 0.000000000 0.533702363 0.466297637
K:/cccrccrf: 0.843631570 0.087595159 0.068773271
K:/cccrccrfcrc: 0.000000000 0.639009523 0.360990477
K:/cccrccrfcrf: 0.000000000 0.620696850 0.379303150
K:/cccrccrr: 0.000000000 0.602750962 0.397249038
K:/cccrcfrc: 0.259492441 0.271754752 0.468752807
K:/cccrcfrf: 0.262344929 0.343695586 0.393959485
K:/cccrcfrr: 0.000000000 0.119926685 0.880073315
K:/cccrcrcc: 0.466784261 0.107378905 0.425836834
K:/cccrcrcf: 0.468622016 0.531377984 0.000000000
K:/cccrcrcr: 0.000000000 0.540020130 0.459979870
K:/cccrcrfc: 0.689636153 0.000000000 0.310363847
K:/cccrcrff: 0.617414661 0.382585339 0.000000000
K:/cccrcrfr: 0.000000000 0.339004877 0.660995123
K:/cccrcrrc: 0.000000000 0.000000000 1.000000000
K:/cccrcrrf: 0.000000000 0.966829520 0.033170480
K:/cccrrccr: 0.000000000 0.088865014 0.911134986
K:/cccrrcfr: 0.000000000 0.276412745 0.723587255
K:/cccrrcrc: 0.000000000 0.845172322 0.154827678
K:/cccrrcrf: 0.000000000 0.937944048 0.062055952
K:/cccrrfcr: 0.000000000 0.013556000 0.986444000
K:/cccrrffr: 0.000000000 0.000000000 1.000000000
K:/cccrrfrc: 0.000000000 0.427894131 0.572105869
K:/cccrrfrf: 0.000000000 0.947891694 0.052108306
K:/cccrrrcc: 0.000000000 0.164444368 0.835555632
K:/cccrrrcf: 0.000000000 0.739455076 0.260544924
K:/cccrrrfc: 0.000000000 0.301703951 0.698296049
K:/cccrrrff: 0.000000000 1.000000000 0.000000000
K:/ccrc: 0.235628950 0.353134293 0.411236757
K:/ccrccrcc: 0.426176368 0.435919088 0.137904544
K:/ccrccrcf: 0.400525341 0.393195134 0.206279525
K:/ccrccrcr: 0.000000000 0.534870786 0.465129214
K:/ccrccrfc: 0.453229629 0.218644844 0.328125526
K:/ccrccrff: 0.282924637 0.386798248 0.330277115
K:/ccrccrfr: 0.000000000 0.784130321 0.215869679
K:/ccrccrrc: 0.000000000 0.128054623 0.871945377
K:/ccrccrrf: 0.000000000 0.380348376 0.619651624
K:/ccrcrccr: 0.000000000 0.349801411 0.650198589
K:/ccrcrcfr: 0.000000000 0.568187477 0.431812523
K:/ccrcrcrc: 0.000000000 0.748825443 0.251174557
K:/ccrcrcrf: 0.000000000 0.794852030 0.205147970
K:/ccrcrfcr: 0.000000000 0.110424989 0.889575011
K:/ccrcrffr: 0.000000000 0.183300844 0.816699156
K:/ccrcrfrc: 0.000000000 0.252265453 0.747734547
K:/ccrcrfrf: 0.000000000 0.462894841 0.537105159
K:/ccrcrrcc: 0.000000000 0.037753991 0.962246009
K:/ccrcrrcf: 0.000000000 0.576333245 0.423666755
K:/ccrcrrfc: 0.000000000 0.233720442 0.766279558
K:/ccrcrrff: 0.000000000 0.795865694 0.204134306
K:/ccrf: 0.000000000 0.821991875 0.178008125
K:/ccrfcrc: 0.225320411 0.698887546 0.075792043
K:/ccrfcrf: 0.067325811 0.501226505 0.431447684
K:/ccrfcrr: 0.000000000 0.430974184 0.569025816
K:/ccrfrcr: 0.000000000 0.523866868 0.476133132
K:/ccrfrfr: 0.000000000 0.754472392 0.245527608
K:/ccrfrrc: 0.000000000 0.125078045 0.874921955
K:/ccrfrrf: 0.000000000 0.801742032 0.198257968
K:/ccrr: 0.124288576 0.436580186 0.439131238
K:/ccrrccrc: 0.000000000 0.531197286 0.468802714
K:/ccrrccrf: 0.000000000 0.888796687 0.111203313
K:/ccrrcfrc: 0.000000000 0.388094217 0.611905783
K:/ccrrcfrf: 0.000000000 0.514484027 0.485515973
K:/ccrrcrcc: 0.000000000 0.365562699 0.634437301
K:/ccrrcrcf: 0.000000000 0.919197227 0.080802773
K:/ccrrcrfc: 0.000000000 0.932806885 0.067193115
K:/ccrrcrff: 0.000000000 0.112132285 0.887867715
K:/crcc: 0.345293967 0.188356358 0.466349675
K:/crccrccr: 0.000000000 0.360379444 0.639620556
K:/crccrcfr: 0.000000000 0.171936302 0.828063698
K:/crccrcrc: 0.000000000 0.372452135 0.627547865
K:/crccrcrf: 0.000000000 0.418848817 0.581151183
K:/crccrfcr: 0.000000000 0.730720940 0.269279060
K:/crccrffr: 0.000000000 0.088001420 0.911998580
K:/crccrfrc: 0.000000000 0.747595375 0.252404625
K:/crccrfrf: 0.000000000 0.799520404 0.200479596
K:/crccrrcc: 0.000000000 0.376688710 0.623311290
K:/crccrrcf: 0.000000000 0.374576417 0.625423583
K:/crccrrfc: 0.000000000 0.908230762 0.091769238
K:/crccrrff: 0.000000000 0.485036050 0.514963950
K:/crcf: 0.148981890 0.449868985 0.401149125
K:/crcfrcr: 0.000000000 0.113106493 0.886893507
K:/crcfrfr: 0.000000000 0.517672224 0.482327776
K:/crcfrrc: 0.000000000 0.292888500 0.707111500
K:/crcfrrf: 0.000000000 0.889882456 0.110117544
K:/crcr: 0.149680745 0.288073265 0.562245990
K:/crcrccrc: 0.000000000 0.401367337 0.598632663
K:/crcrccrf: 0.000000000 0.658197373 0.341802627
K:/crcrcfrc: 0.000000000 0.286710478 0.713289522
K:/crcrcfrf: 0.000000000 0.649352788 0.350647212
K:/crcrcrcc: 0.000000000 0.549973652 0.450026348
K:/crcrcrcf: 0.000000000 0.452032770 0.547967230
K:/crcrcrfc: 0.000000000 0.548740223 0.451259777
K:/crcrcrff: 0.000000000 0.603108961 0.396891039
K:/crfc: 0.000000000 0.000000000 1.000000000
K:/crfcrcr: 0.000000000 0.751598723 0.248401277
K:/crfcrfr: 0.000000000 0.880995939 0.119004061
K:/crfcrrc: 0.000000000 0.303708901 0.696291099
K:/crfcrrf: 0.000000000 0.544940391 0.455059609
K:/crff: 0.000000000 0.000000000 1.000000000
K:/crffrr: 0.000000000 0.000000000 1.000000000
K:/crfr: 0.000000000 0.000000000 1.000000000
K:/crfrcrc: 0.000000000 0.737291858 0.262708142
K:/crfrcrf: 0.000000000 0.751740522 0.248259478
K:/crrc: 0.312378173 0.271252880 0.416368947
K:/crrccrcc: 0.000000000 0.316125052 0.683874948
K:/crrccrcf: 0.000000000 0.510412001 0.489587999
K:/crrccrfc: 0.000000000 0.534646565 0.465353435
K:/crrccrff: 0.000000000 0.513851893 0.486148107
K:/crrf: 0.347753454 0.476477384 0.175769162
K:/crrfcrc: 0.000000000 0.225675874 0.774324126
K:/crrfcrf: 0.000000000 0.644947907 0.355052093
K:/crrr: 0.000000000 0.338840577 0.661159423
K:/rccr: 0.401700091 0.000000000 0.598299909
K:/rccrccrc: 0.000000000 0.060759936 0.939240064
K:/rccrccrf: 0.000000000 0.271783874 0.728216126
K:/rccrcfrc: 0.000000000 0.818575739 0.181424261
K:/rccrcfrf: 0.000000000 0.416664854 0.583335146
K:/rccrcrcc: 0.000000000 0.019425857 0.980574143
K:/rccrcrcf: 0.000000000 0.054815872 0.945184128
K:/rccrcrfc: 0.000000000 0.146096120 0.853903880
K:/rccrcrff: 0.000000000 0.638951056 0.361048944
K:/rcfr: 0.191687588 0.341207252 0.467105160
K:/rcfrcrc: 0.000000000 0.000000000 1.000000000
K:/rcfrcrf: 0.000000000 0.000000000 1.000000000
K:/rcrc: 0.432542528 0.316149035 0.251308436
K:/rcrccrcc: 0.000000000 0.957617475 0.042382525
K:/rcrccrcf: 0.000000000 0.719807443 0.280192557
K:/rcrccrfc: 0.000000000 0.798478206 0.201521794
K:/rcrccrff: 0.000000000 0.709845891 0.290154109
K:/rcrf: 0.540066148 0.459933852 0.000000000
K:/rcrfcrc: 0.000000000 0.456436364 0.543563636
K:/rcrfcrf: 0.000000000 0.918027032 0.081972968
K:/rcrr: 0.000000000 0.008569004 0.991430996
K:/rfcr: 0.798289358 0.000000000 0.201710642
K:/rfcrcrc: 0.000000000 0.284148469 0.715851531
K:/rfcrcrf: 0.000000000 0.620079401 0.379920599
K:/rffr: 0.000000000 0.000000000 1.000000000
K:/rfrc: 0.177960301 0.294568909 0.527470790
K:/rfrf: 0.347558881 0.290327037 0.362114083
K:/rfrr: 0.000000000 0.146905994 0.853094006
K:/rrcc: 0.261501032 0.052195747 0.686303221
K:/rrcf: 0.293514807 0.467517239 0.238967955
K:/rrcr: 0.000000000 0.605095100 0.394904900
K:/rrfc: 0.256341834 0.000000000 0.743658166
K:/rrff: 0.000000000 0.041961076 0.958038924
K:/rrfr: 0.000000000 0.345815556 0.654184444
K:/rrrc: 0.000000000 0.230003014 0.769996986
K:/rrrf: 0.000000000 0.591952040 0.408047960
Q:/: 0.000008884 0.999991116 0.000000000
Q:/cccr: 0.000000000 0.000000000 1.000000000
Q:/cccrccrc: 0.716172378 0.093843053 0.189984569
Q:/cccrccrccrcc: 0.000000000 0.680221457 0.319778543
Q:/cccrccrccrcf: 0.000000000 0.988447245 0.011552755
Q:/cccrccrccrfc: 0.000000000 0.041516174 0.958483826
Q:/cccrccrccrff: 0.000000000 0.329898088 0.670101912
Q:/cccrccrf: 0.953120562 0.046879438 0.000000000
Q:/cccrccrfcrc: 0.000000000 0.403246827 0.596753173
Q:/cccrccrfcrf: 0.000000000 0.979000719 0.020999281
Q:/cccrccrr: 0.000000000 0.384604930 0.615395070
Q:/cccrcfrc: 0.656085730 0.000000000 0.343914270
Q:/cccrcfrf: 0.030545914 0.463351167 0.506102918
Q:/cccrcfrr: 0.000000000 0.013444359 0.986555641
Q:/cccrcrcc: 0.702888506 0.000000000 0.297111494
Q:/cccrcrcf: 0.184398671 0.432946227 0.382655102
Q:/cccrcrcr: 0.000000000 0.000000000 1.000000000
Q:/cccrcrfc: 0.365656481 0.129245494 0.505098025
Q:/cccrcrff: 0.677958252 0.322041748 0.000000000
Q:/cccrcrfr: 0.000000000 0.468591750 0.531408250
Q:/cccrcrrc: 0.000000000 0.000000000 1.000000000
Q:/cccrcrrf: 0.000000000 0.180063225 0.819936775
Q:/cccrrccr: 0.000000000 0.323915399 0.676084601
Q:/cccrrcfr: 0.000000000 0.134170963 0.865829037
Q:/cccrrcrc: 0.000000000 0.304612648 0.695387352
Q:/cccrrcrf: 0.000000000 0.782035997 0.217964003
Q:/cccrrfcr: 0.000000000 0.251445256 0.748554744
Q:/cccrrffr: 0.000000000 0.000000000 1.000000000
Q:/cccrrfrc: 0.000000000 0.297628681 0.702371319
Q:/cccrrfrf: 0.000000000 0.646189979 0.353810021
Q:/cccrrrcc: 0.000000000 0.211068315 0.788931685
Q:/cccrrrcf: 0.000000000 0.491619332 0.508380668
Q:/cccrrrfc: 0.000000000 0.000000000 1.000000000
Q:/cccrrrff: 0.000000000 1.000000000 0.000000000
Q:/ccrc: 0.437602017 0.003299064 0.559098920
Q:/ccrccrcc: 0.192652828 0.313549167 0.493798005
Q:/ccrccrcf: 0.318228360 0.074874350 0.606897290
Q:/ccrccrcr: 0.000000000 0.209813455 0.790186545
Q:/ccrccrfc: 0.270835633 0.562001347 0.167163020
Q:/ccrccrff: 0.116387457 0.840033574 0.043578969
Q:/ccrccrfr: 0.000000000 0.349149783 0.650850217
Q:/ccrccrrc: 0.000000000 0.556700091 0.443299909
Q:/ccrccrrf: 0.000000000 0.410247810 0.589752190
Q:/ccrcrccr: 0.000000000 0.076411781 0.923588219
Q:/ccrcrcfr: 0.000000000 0.386179323 0.613820677
Q:/ccrcrcrc: 0.000000000 0.499242128 0.500757872
Q:/ccrcrcrf: 0.000000000 0.579864815 0.420135185
Q:/ccrcrfcr: 0.000000000 0.549947927 0.450052073
Q:/ccrcrffr: 0.000000000 0.547863138 0.452136862
Q:/ccrcrfrc: 0.000000000 0.686979058 0.313020942
Q:/ccrcrfrf: 0.000000000 0.681674746 0.318325254
Q:/ccrcrrcc: 0.000000000 0.104355855 0.895644145
Q:/ccrcrrcf: 0.000000000 0.603021677 0.396978323
Q:/ccrcrrfc: 0.000000000 0.712218133 0.287781867
Q:/ccrcrrff: 0.000000000 0.509369746 0.490630254
Q:/ccrf: 0.000000000 0.415751318 0.584248682
Q:/ccrfcrc: 0.084155598 0.560471217 0.355373185
Q:/ccrfcrf: 0.405237487 0.065285145 0.529477368
Q:/ccrfcrr: 0.000000000 0.080133702 0.919866298
Q:/ccrfrcr: 0.000000000 0.584388870 0.415611130
Q:/ccrfrfr: 0.000000000 0.466497734 0.533502266
Q:/ccrfrrc: 0.000000000 0.430096236 0.569903764
Q:/ccrfrrf: 0.000000000 0.170327468 0.829672532
Q:/ccrr: 0.261729237 0.103923666 0.634347097
Q:/ccrrccrc: 0.000000000 0.279996561 0.720003439
Q:/ccrrccrf: 0.000000000 0.950625219 0.049374781
Q:/ccrrcfrc: 0.000000000 0.383408661 0.616591339
Q:/ccrrcfrf: 0.000000000 0.115864899 0.884135101
Q:/ccrrcrcc: 0.000000000 0.565766648 0.434233352
Q:/ccrrcrcf: 0.000000000 0.325741359 0.674258641
Q:/ccrrcrfc: 0.000000000 0.291270118 0.708729882
Q:/ccrrcrff: 0.000000000 0.502311573 0.497688427
Q:/crcc: 0.358527218 0.556041189 0.085431593
Q:/crccrccr: 0.000000000 0.571226937 0.428773063
Q:/crccrcfr: 0.000000000 0.904995120 0.095004880
Q:/crccrcrc: 0.000000000 0.032458288 0.967541712
Q:/crccrcrf: 0.000000000 0.386719559 0.613280441
Q:/crccrfcr: 0.000000000 0.755351404 0.244648596
Q:/crccrffr: 0.000000000 0.586041262 0.413958738
Q:/crccrfrc: 0.000000000 0.813086802 0.186913198
Q:/crccrfrf: 0.000000000 0.313147260 0.686852740
Q:/crccrrcc: 0.000000000 0.305650839 0.694349161
Q:/crccrrcf: 0.000000000 0.470955900 0.529044100
Q:/crccrrfc: 0.000000000 0.419610505 0.580389495
Q:/crccrrff: 0.000000000 0.759847746 0.240152254
Q:/crcf: 0.162337115 0.330990623 0.506672262
Q:/crcfrcr: 0.000000000 0.543645906 0.456354094
Q:/crcfrfr: 0.000000000 0.280505656 0.719494344
Q:/crcfrrc: 0.000000000 0.987409698 0.012590302
Q:/crcfrrf: 0.000000000 0.706332501 0.293667499
Q:/crcr: 0.223160703 0.404680479 0.372158818
Q:/crcrccrc: 0.000000000 0.524488172 0.475511828
Q:/crcrccrf: 0.000000000 0.498911027 0.501088973
Q:/crcrcfrc: 0.000000000 0.491397955 0.508602045
Q:/crcrcfrf: 0.000000000 0.490561162 0.509438838
Q:/crcrcrcc: 0.000000000 0.035154024 0.964845976
Q:/crcrcrcf: 0.000000000 0.563177474 0.436822526
Q:/crcrcrfc: 0.000000000 0.768704745 0.231295255
Q:/crcrcrff: 0.000000000 0.340216502 0.659783498
Q:/crfc: 0.000000000 0.000000000 1.000000000
Q:/crfcrcr: 0.000000000 0.149036349 0.850963651
Q:/crfcrfr: 0.000000000 1.000000000 0.000000000
Q:/crfcrrc: 0.000000000 0.223243928 0.776756072
Q:/crfcrrf: 0.000000000 0.066167351 0.933832649
Q:/crff: 0.000000000 0.000000000 1.000000000
Q:/crffrr: 0.000000000 0.000000000 1.000000000
Q:/crfr: 0.000000000 0.000000000 1.000000000
Q:/crfrcrc: 0.000000000 0.261467489 0.738532511
Q:/crfrcrf: 0.000000000 0.078648542 0.921351458
Q:/crrc: 0.179443589 0.316115347 0.504441063
Q:/crrccrcc: 0.000000000 0.415666414 0.584333586
Q:/crrccrcf: 0.000000000 0.403535217 0.596464783
Q:/crrccrfc: 0.000000000 0.515320721 0.484679279
Q:/crrccrff: 0.000000000 0.454264425 0.545735575
Q:/crrf: 0.008755637 0.231222013 0.760022350
Q:/crrfcrc: 0.000000000 0.242531496 0.757468504
Q:/crrfcrf: 0.000000000 0.467171487 0.532828513
Q:/crrr: 0.000000000 0.559512710 0.440487290
Q:/rccr: 0.126887006 0.000000000 0.873112994
Q:/rccrccrc: 0.000000000 0.000000000 1.000000000
Q:/rccrccrf: 0.000000000 0.271727795 0.728272205
Q:/rccrcfrc: 0.000000000 0.835353727 0.164646273
Q:/rccrcfrf: 0.000000000 0.078086349 0.921913651
Q:/rccrcrcc: 0.000000000 0.586946340 0.413053660
Q:/rccrcrcf: 0.000000000 0.685110951 0.314889049
Q:/rccrcrfc: 0.000000000 0.343816855 0.656183145
Q:/rccrcrff: 0.000000000 0.549384367 0.450615633
Q:/rcfr: 0.000000000 0.000000000 1.000000000
Q:/rcfrcrc: 0.000000000 0.184030557 0.815969443
Q:/rcfrcrf: 0.000000000 0.184025543 0.815974457
Q:/rcrc: 0.177245708 0.485124187 0.337630106
Q:/rcrccrcc: 0.000000000 0.525653103 0.474346897
Q:/rcrccrcf: 0.000000000 0.764899851 0.235100149
Q:/rcrccrfc: 0.000000000 0.451270676 0.548729324
Q:/rcrccrff: 0.000000000 0.454498025 0.545501975
Q:/rcrf: 0.256200931 0.731265775 0.012533294
Q:/rcrfcrc: 0.000000000 0.638832462 0.361167538
Q:/rcrfcrf: 0.000000000 0.737497058 0.262502942
Q:/rcrr: 0.000000000 0.252753775 0.747246225
Q:/rfcr: 0.000000000 0.169298324 0.830701676
Q:/rfcrcrc: 0.000000000 0.224262666 0.775737334
Q:/rfcrcrf: 0.000000000 0.579748501 0.420251499
Q:/rffr: 0.000000000 0.000000000 1.000000000
Q:/rfrc: 0.273338021 0.312467120 0.414194858
Q:/rfrf: 0.585117524 0.265759403 0.149123073
Q:/rfrr: 0.000000000 0.107112912 0.892887088
Q:/rrcc: 0.349414518 0.379022951 0.271562531
Q:/rrcf: 0.252509437 0.472817001 0.274673562
Q:/rrcr: 0.000000000 0.334506246 0.665493754
Q:/rrfc: 0.000000000 0.000000000 1.000000000
Q:/rrff: 0.000000000 0.002987811 0.997012189
Q:/rrfr: 0.000000000 0.001600211 0.998399789
Q:/rrrc: 0.000000000 0.137437763 0.862562237
Q:/rrrf: 0.000000000 0.000000000 1.000000000
T:/: 0.003128758 0.996871242 0.000000000
T:/cccr: 0.000000000 0.000000000 1.000000000
T:/cccrccrc: 0.661774667 0.000000000 0.338225333
T:/cccrccrccrcc: 0.000000000 0.509779352 0.490220648
T:/cccrccrccrcf: 0.000000000 0.047922379 0.952077621
T:/cccrccrccrfc: 0.000000000 0.426646697 0.573353303
T:/cccrccrccrff: 0.000000000 0.142651620 0.857348380
T:/cccrccrf: 1.000000000 0.000000000 0.000000000
T:/cccrccrfcrc: 0.000000000 0.450579416 0.549420584
T:/cccrccrfcrf: 0.000000000 0.439231393 0.560768607
T:/cccrccrr: 0.000000000 0.000000000 1.000000000
T:/cccrcfrc: 0.348729295 0.236718024 0.414552682
T:/cccrcfrf: 0.030721288 0.927712663 0.041566049
T:/cccrcfrr: 0.000000000 0.000000000 1.000000000
T:/cccrcrcc: 0.676875360 0.000000000 0.323124640
T:/cccrcrcf: 0.016387936 0.003796757 0.979815307
T:/cccrcrcr: 0.000000000 0.000000000 1.000000000
T:/cccrcrfc: 0.224723171 0.454730409 0.320546420
T:/cccrcrff: 0.246323018 0.000000000 0.753676982
T:/cccrcrfr: 0.000000000 0.490921426 0.509078574
T:/cccrcrrc: 0.000000000 0.325132117 0.674867883
T:/cccrcrrf: 0.000000000 0.000000000 1.000000000
T:/cccrrccr: 0.000000000 0.500206374 0.499793626
T:/cccrrcfr: 0.000000000 0.546916076 0.453083924
T:/cccrrcrc: 0.000000000 0.505507080 0.494492920
T:/cccrrcrf: 0.000000000 0.461363968 0.538636032
T:/cccrrfcr: 0.000000000 0.000000000 1.000000000
T:/cccrrffr: 0.000000000 0.000000000 1.000000000
T:/cccrrfrc: 0.000000000 0.000000000 1.000000000
T:/cccrrfrf: 0.000000000 0.417673524 0.582326476
T:/cccrrrcc: 0.000000000 0.184844449 0.815155551
T:/cccrrrcf: 0.000000000 0.564410645 0.435589355
T:/cccrrrfc: 0.000000000 0.126700696 0.873299304
T:/cccrrrff: 0.000000000 0.000000000 1.000000000
T:/ccrc: 0.000000000 0.000000000 1.000000000
T:/ccrccrcc: 0.416967742 0.303294764 0.279737494
T:/ccrccrcf: 0.318850806 0.461059392 0.220089802
T:/ccrccrcr: 0.000000000 0.425498760 0.574501240
T:/ccrccrfc: 0.336839326 0.318688461 0.344472214
T:/ccrccrff: 0.306536836 0.180942451 0.512520713
T:/ccrccrfr: 0.000000000 0.482392541 0.517607459
T:/ccrccrrc: 0.000000000 0.566226698 0.433773302
T:/ccrccrrf: 0.000000000 0.254293508 0.745706492
T:/ccrcrccr: 0.000000000 0.630562593 0.369437407
T:/ccrcrcfr: 0.000000000 0.277080925 0.722919075
T:/ccrcrcrc: 0.000000000 0.396408275 0.603591725
T:/ccrcrcrf: 0.000000000 0.831828393 0.168171607
T:/ccrcrfcr: 0.000000000 0.825249082 0.174750918
T:/ccrcrffr: 0.000000000 0.693323006 0.306676994
T:/ccrcrfrc: 0.000000000 0.529195864 0.470804136
T:/ccrcrfrf: 0.000000000 0.180979954 0.819020046
T:/ccrcrrcc: 0.000000000 0.622468014 0.377531986
T:/ccrcrrcf: 0.000000000 0.424817534 0.575182466
T:/ccrcrrfc: 0.000000000 0.312590331 0.687409669
T:/ccrcrrff: 0.000000000 0.726348518 0.273651482
T:/ccrf: 0.000000000 0.273615003 0.726384997
T:/ccrfcrc: 0.111312288 0.499777985 0.388909727
T:/ccrfcrf: 0.056243145 0.343046952 0.600709904
T:/ccrfcrr: 0.000000000 0.373449818 0.626550182
T:/ccrfrcr: 0.000000000 0.637683643 0.362316357
T:/ccrfrfr: 0.000000000 0.655211194 0.344788806
T:/ccrfrrc: 0.000000000 0.433219157 0.566780843
T:/ccrfrrf: 0.000000000 0.000000000 1.000000000
T:/ccrr: 0.032568655 0.000000000 0.967431345
T:/ccrrccrc: 0.000000000 0.757491786 0.242508214
T:/ccrrccrf: 0.000000000 0.482756900 0.517243100
T:/ccrrcfrc: 0.000000000 0.349650314 0.650349686
T:/ccrrcfrf: 0.000000000 0.225346738 0.774653262
T:/ccrrcrcc: 0.000000000 0.479693569 0.520306431
T:/ccrrcrcf: 0.000000000 0.491055637 0.508944363
T:/ccrrcrfc: 0.000000000 0.084960879 0.915039121
T:/ccrrcrff: 0.000000000 0.204188309 0.795811691
T:/crcc: 0.000000000 0.342350418 0.657649582
T:/crccrccr: 0.000000000 0.438425757 0.561574243
T:/crccrcfr: 0.000000000 0.776020915 0.223979085
T:/crccrcrc: 0.000000000 0.400012159 0.599987841
T:/crccrcrf: 0.000000000 0.863023475 0.136976525
T:/crccrfcr: 0.000000000 0.210291654 0.789708346
T:/crccrffr: 0.000000000 0.359563000 0.640437000
T:/crccrfrc: 0.000000000 0.086141696 0.913858304
T:/crccrfrf: 0.000000000 0.432798041 0.567201959
T:/crccrrcc: 0.000000000 0.437834521 0.562165479
T:/crccrrcf: 0.000000000 0.779693962 0.220306038
T:/crccrrfc: 0.000000000 0.597313399 0.402686601
T:/crccrrff: 0.000000000 0.598269656 0.401730344
T:/crcf: 0.086813433 0.143490679 0.769695888
T:/crcfrcr: 0.000000000 0.972876227 0.027123773
T:/crcfrfr: 0.000000000 0.567652316 0.432347684
T:/crcfrrc: 0.000000000 0.565282611 0.434717389
T:/crcfrrf: 0.000000000 0.365087561 0.634912439
T:/crcr: 0.188560225 0.437269389 0.374170386
T:/crcrccrc: 0.000000000 0.002641063 0.997358937
T:/crcrccrf: 0.000000000 0.498944141 0.501055859
T:/crcrcfrc: 0.000000000 0.575850593 0.424149407
T:/crcrcfrf: 0.000000000 0.470574612 0.529425388
T:/crcrcrcc: 0.000000000 0.428760906 0.571239094
T:/crcrcrcf: 0.000000000 0.057377170 0.942622830
T:/crcrcrfc: 0.000000000 0.563466889 0.436533111
T:/crcrcrff: 0.000000000 0.453259236 0.546740764
T:/crfc: 0.000000000 0.000000000 1.000000000
T:/crfcrcr: 0.000000000 0.190579792 0.809420208
T:/crfcrfr: 0.000000000 0.343010149 0.656989851
T:/crfcrrc: 0.000000000 0.314283223 0.685716777
T:/crfcrrf: 0.000000000 0.563094017 0.436905983
T:/crff: 0.000000000 0.000000000 1.000000000
T:/crffrr: 0.000000000 0.000000000 1.000000000
T:/crfr: 0.000000000 0.000000000 1.000000000
T:/crfrcrc: 0.000000000 0.140227368 0.859772632
T:/crfrcrf: 0.000000000 0.721896936 0.278103064
T:/crrc: 0.091680370 0.063935614 0.844384016
T:/crrccrcc: 0.000000000 0.599709985 0.400290015
T:/crrccrcf: 0.000000000 0.717994478 0.282005522
T:/crrccrfc: 0.000000000 0.453710067 0.546289933
T:/crrccrff: 0.000000000 0.533583819 0.466416181
T:/crrf: 0.000000000 0.321400923 0.678599077
T:/crrfcrc: 0.000000000 0.615563552 0.384436448
T:/crrfcrf: 0.000000000 0.521319194 0.478680806
T:/crrr: 0.000000000 0.101149773 0.898850227
T:/rccr: 0.000000000 0.000000000 1.000000000
T:/rccrccrc: 0.000000000 0.389461462 0.610538538
T:/rccrccrf: 0.000000000 0.314582198 0.685417802
T:/rccrcfrc: 0.000000000 0.371299414 0.628700586
T:/rccrcfrf: 0.000000000 0.785976836 0.214023164
T:/rccrcrcc: 0.000000000 0.919836482 0.080163518
T:/rccrcrcf: 0.000000000 0.561494585 0.438505415
T:/rccrcrfc: 0.000000000 0.433262730 0.566737270
T:/rccrcrff: 0.000000000 0.000000000 1.000000000
T:/rcfr: 0.000000000 0.000000000 1.000000000
T:/rcfrcrc: 0.000000000 0.000000000 1.000000000
T:/rcfrcrf: 0.000000000 0.267783674 0.732216326
T:/rcrc: 0.104123353 0.463176755 0.432699891
T:/rcrccrcc: 0.000000000 0.787197474 0.212802526
T:/rcrccrcf: 0.000000000 0.343052272 0.656947728
T:/rcrccrfc: 0.000000000 0.596128327 0.403871673
T:/rcrccrff: 0.000000000 0.466903388 0.533096612
T:/rcrf: 0.315494282 0.289127392 0.395378326
T:/rcrfcrc: 0.000000000 0.168396809 0.831603191
T:/rcrfcrf: 0.000000000 0.913240335 0.086759665
T:/rcrr: 0.000000000 0.704138102 0.295861898
T:/rfcr: 0.000000000 0.000000000 1.000000000
T:/rfcrcrc: 0.000000000 0.019729920 0.980270080
T:/rfcrcrf: 0.000000000 0.470921836 0.529078164
T:/rffr: 0.000000000 0.000000000 1.000000000
T:/rfrc: 0.412033662 0.062501162 0.525465176
T:/rfrf: 0.630350909 0.101263860 0.268385231
T:/rfrr: 0.000000000 0.202465758 0.797534242
T:/rrcc: 0.252766605 0.405243731 0.341989664
T:/rrcf: 0.362547251 0.523784312 0.113668437
T:/rrcr: 0.000000000 0.780099593 0.219900407
T:/rrfc: 0.000000000 0.225970364 0.774029636
T:/rrff: 0.000596217 0.064700415 0.934703368
T:/rrfr: 0.000000000 0.000000000 1.000000000
T:/rrrc: 0.000000000 0.000000000 1.000000000
T:/rrrf: 0.000000000 0.409720088 0.590279912
