A:/cc: 0.006030186 0.993969814 0.000000000
A:/cccrcc: 0.243749443 0.616107163 0.140143394
A:/cccrccrccr: 0.000000000 0.030874402 0.969125598
A:/cccrccrcfr: 0.000000000 0.770813504 0.229186496
A:/cccrccrcrc: 0.000000000 0.859200770 0.140799230
A:/cccrccrcrf: 0.000000000 0.796781159 0.203218841
A:/cccrccrfcr: 0.000000000 0.027841877 0.972158123
A:/cccrccrffr: 0.000000000 0.767555545 0.232444455
A:/cccrccrfrc: 0.000000000 0.595987084 0.404012916
A:/cccrccrfrf: 0.000000000 0.911700920 0.088299080
A:/cccrccrrcc: 0.000000000 0.854931850 0.145068150
A:/cccrccrrcf: 0.000000000 0.196149051 0.803850949
A:/cccrccrrfc: 0.000000000 0.417969817 0.582030183
A:/cccrccrrff: 0.000000000 0.369084207 0.630915793
A:/cccrcf: 0.105171514 0.537118882 0.357709605
A:/cccrcfrcr: 0.000000000 0.812168034 0.187831966
A:/cccrcfrfr: 0.000000000 0.903411292 0.096588708
A:/cccrcfrrc: 0.000000000 0.206899838 0.793100162
A:/cccrcfrrf: 0.000000000 0.155749322 0.844250678
A:/cccrcr: 0.521017771 0.478982229 0.000000000
A:/cccrcrccrc: 0.000000000 0.452737019 0.547262981
A:/cccrcrccrf: 0.000000000 0.695172507 0.304827493
A:/cccrcrcfrc: 0.000000000 0.647017260 0.352982740
A:/cccrcrcfrf: 0.000000000 0.377552053 0.622447947
A:/cccrcrcrcc: 0.000000000 0.626537983 0.373462017
A:/cccrcrcrcf: 0.000000000 0.447485880 0.552514120
A:/cccrcrcrfc: 0.000000000 0.399751740 0.600248260
A:/cccrcrcrff: 0.000000000 0.480283928 0.519716072
A:/cccrfc: 0.157059061 0.842940939 0.000000000
A:/cccrfcrcr: 0.000000000 0.792155308 0.207844692
A:/cccrfcrfr: 0.000000000 0.912174265 0.087825735
A:/cccrfcrrc: 0.000000000 0.696778729 0.303221271
A:/cccrfcrrf: 0.000000000 1.000000000 0.000000000
A:/cccrff: 0.482804616 0.517195384 0.000000000
A:/cccrffrr: 0.000000000 1.000000000 0.000000000
A:/cccrfr: 0.742304129 0.119138061 0.138557810
A:/cccrfrcrc: 0.000000000 0.696046401 0.303953599
A:/cccrfrcrf: 0.000000000 0.664908964 0.335091036
A:/cccrrc: 0.422688542 0.252932611 0.324378847
A:/cccrrccrcc: 0.000000000 0.609152843 0.390847157
A:/cccrrccrcf: 0.000000000 0.555631905 0.444368095
A:/cccrrccrfc: 0.000000000 0.475426855 0.524573145
A:/cccrrccrff: 0.000000000 0.055699709 0.944300291
A:/cccrrf: 0.490882733 0.124080046 0.385037221
A:/cccrrfcrc: 0.000000000 0.684157426 0.315842574
A:/cccrrfcrf: 0.000000000 1.000000000 0.000000000
A:/cccrrr: 0.000000000 0.560742296 0.439257704
A:/ccrccr: 0.723157387 0.222593910 0.054248703
A:/ccrccrccrc: 0.000000000 0.149882701 0.850117299
A:/ccrccrccrf: 0.000000000 0.443109396 0.556890604
A:/ccrccrcfrc: 0.000000000 0.218565835 0.781434165
A:/ccrccrcfrf: 0.000000000 0.585691990 0.414308010
A:/ccrccrcrcc: 0.000000000 0.711550320 0.288449680
A:/ccrccrcrcf: 0.000000000 0.313034069 0.686965931
A:/ccrccrcrfc: 0.000000000 0.641978372 0.358021628
A:/ccrccrcrff: 0.000000000 0.477052869 0.522947131
A:/ccrcfr: 0.897215099 0.102784901 0.000000000
A:/ccrcfrcrc: 0.000000000 0.728455032 0.271544968
A:/ccrcfrcrf: 0.000000000 0.688114364 0.311885636
A:/ccrcrc: 0.640384889 0.323759036 0.035856075
A:/ccrcrccrcc: 0.000000000 0.603354001 0.396645999
A:/ccrcrccrcf: 0.000000000 0.594439648 0.405560352
A:/ccrcrccrfc: 0.000000000 0.505055178 0.494944822
A:/ccrcrccrff: 0.000000000 0.537658393 0.462341607
A:/ccrcrf: 0.679918790 0.320081210 0.000000000
A:/ccrcrfcrc: 0.000000000 0.901173897 0.098826103
A:/ccrcrfcrf: 0.000000000 1.000000000 0.000000000
A:/ccrcrr: 0.000000000 0.744264302 0.255735698
A:/ccrfcr: 0.847752693 0.152247307 0.000000000
A:/ccrfcrcrc: 0.000000000 0.286797676 0.713202324
A:/ccrfcrcrf: 0.000000000 0.409283521 0.590716479
A:/ccrffr: 0.563753708 0.436246292 0.000000000
A:/ccrfrc: 0.355542497 0.382459306 0.261998196
A:/ccrfrf: 0.388006144 0.380129435 0.231864420
A:/ccrfrr: 0.000000000 0.100041515 0.899958485
A:/ccrrcc: 0.366024722 0.177332854 0.456642425
A:/ccrrcf: 0.491976025 0.167707399 0.340316577
A:/ccrrcr: 0.000000000 0.561202244 0.438797756
A:/ccrrfc: 0.344022695 0.408769292 0.247208013
A:/ccrrff: 0.506237471 0.442953345 0.050809183
A:/ccrrfr: 0.000000000 0.661752002 0.338247998
A:/ccrrrc: 0.000000000 0.624600379 0.375399621
A:/ccrrrf: 0.000000000 0.635716533 0.364283467
A:/cr: 0.623656139 0.376343861 0.000000000
A:/crccrc: 0.115120702 0.817792928 0.067086370
A:/crccrccrcc: 0.000000000 0.426512645 0.573487355
A:/crccrccrcf: 0.000000000 0.863131062 0.136868938
A:/crccrccrfc: 0.000000000 0.463510331 0.536489669
A:/crccrccrff: 0.000000000 0.776487069 0.223512931
A:/crccrf: 0.383471433 0.346791398 0.269737169
A:/crccrfcrc: 0.000000000 0.626637514 0.373362486
A:/crccrfcrf: 0.000000000 0.276885845 0.723114155
A:/crccrr: 0.000000000 0.600260640 0.399739360
A:/crcfrc: 0.723493739 0.224590283 0.051915977
A:/crcfrf: 0.814027478 0.022675645 0.163296877
A:/crcfrr: 0.000000000 0.699321027 0.300678973
A:/crcrcc: 0.678816235 0.156398332 0.164785433
A:/crcrcf: 0.447323530 0.501178935 0.051497535
A:/crcrcr: 0.000000000 0.785973015 0.214026985
A:/crcrfc: 0.358316091 0.459981975 0.181701934
A:/crcrff: 0.369127541 0.415631830 0.215240630
A:/crcrfr: 0.000000000 0.823741221 0.176258779
A:/crcrrc: 0.000000000 0.579101749 0.420898251
A:/crcrrf: 0.000000000 0.635629109 0.364370891
A:/crrccr: 0.000000000 0.751052621 0.248947379
A:/crrcfr: 0.000000000 0.823774476 0.176225524
A:/crrcrc: 0.000000000 0.653450023 0.346549977
A:/crrcrf: 0.000000000 0.773135487 0.226864513
A:/crrfcr: 0.000000000 0.971932508 0.028067492
A:/crrffr: 0.000000000 0.828208878 0.171791122
A:/crrfrc: 0.000000000 0.558153725 0.441846275
A:/crrfrf: 0.000000000 0.140134953 0.859865047
A:/crrrcc: 0.000000000 0.587043184 0.412956816
A:/crrrcf: 0.000000000 0.244049890 0.755950110
A:/crrrfc: 0.000000000 0.842839493 0.157160507
A:/crrrff: 0.000000000 1.000000000 0.000000000
A:/rc: 0.379517291 0.620482709 0.000000000
A:/rccrcc: 0.135571442 0.530625142 0.333803415
A:/rccrcf: 0.305594491 0.489700008 0.204705500
A:/rccrcr: 0.000000000 0.852557259 0.147442741
A:/rccrfc: 0.294260872 0.280401711 0.425337417
A:/rccrff: 0.175455343 0.070868060 0.753676597
A:/rccrfr: 0.000000000 0.496774623 0.503225377
A:/rccrrc: 0.000000000 0.738332154 0.261667846
A:/rccrrf: 0.000000000 0.086470264 0.913529736
A:/rcrccr: 0.000000000 0.902168626 0.097831374
A:/rcrcfr: 0.000000000 0.518727565 0.481272435
A:/rcrcrc: 0.000000000 0.663376822 0.336623178
A:/rcrcrf: 0.000000000 0.676109135 0.323890865
A:/rcrfcr: 0.000000000 0.871729679 0.128270321
A:/rcrffr: 0.000000000 0.441708891 0.558291109
A:/rcrfrc: 0.000000000 1.000000000 0.000000000
A:/rcrfrf: 0.000000000 0.308591902 0.691408098
A:/rcrrcc: 0.000000000 0.495166895 0.504833105
A:/rcrrcf: 0.000000000 0.911547320 0.088452680
A:/rcrrfc: 0.000000000 0.903380981 0.096619019
A:/rcrrff: 0.000000000 0.770808254 0.229191746
A:/rf: 0.694012375 0.305987625 0.000000000
A:/rfcrc: 0.506020490 0.493979510 0.000000000
A:/rfcrf: 0.595485782 0.385468575 0.019045643
A:/rfcrr: 0.000000000 0.145147494 0.854852506
A:/rfrcr: 0.000000000 0.750195307 0.249804693
A:/rfrfr: 0.000000000 0.751075519 0.248924481
A:/rfrrc: 0.000000000 0.689714781 0.310285219
A:/rfrrf: 0.000000000 1.000000000 0.000000000
A:/rr: 0.873031983 0.126968017 0.000000000
A:/rrccrc: 0.000000000 0.501122354 0.498877646
A:/rrccrf: 0.000000000 0.840757886 0.159242114
A:/rrcfrc: 0.000000000 0.344881564 0.655118436
A:/rrcfrf: 0.000000000 0.254009189 0.745990811
A:/rrcrcc: 0.000000000 0.282392663 0.717607337
A:/rrcrcf: 0.000000000 0.677929672 0.322070328
A:/rrcrfc: 0.000000000 0.898838883 0.101161117
A:/rrcrff: 0.000000000 0.445240960 0.554759040
J:/cc: 0.000814027 0.999185973 0.000000000
J:/cccrcc: 0.312198626 0.271851865 0.415949510
J:/cccrccrccr: 0.000000000 0.947737926 0.052262074
J:/cccrccrcfr: 0.000000000 0.748695764 0.251304236
J:/cccrccrcrc: 0.000000000 0.704853959 0.295146041
J:/cccrccrcrf: 0.000000000 0.072170955 0.927829045
J:/cccrccrfcr: 0.000000000 0.531887496 0.468112504
J:/cccrccrffr: 0.000000000 0.735680691 0.264319309
J:/cccrccrfrc: 0.000000000 0.476839993 0.523160007
J:/cccrccrfrf: 0.000000000 0.039343658 0.960656342
J:/cccrccrrcc: 0.000000000 0.518412662 0.481587338
J:/cccrccrrcf: 0.000000000 0.704085296 0.295914704
J:/cccrccrrfc: 0.000000000 0.946336274 0.053663726
J:/cccrccrrff: 0.000000000 0.367032296 0.632967704
J:/cccrcf: 0.239744001 0.254575774 0.505680225
J:/cccrcfrcr: 0.000000000 0.458211243 0.541788757
J:/cccrcfrfr: 0.000000000 0.751633464 0.248366536
J:/cccrcfrrc: 0.000000000 0.850376643 0.149623357
J:/cccrcfrrf: 0.000000000 0.651961907 0.348038093
J:/cccrcr: 0.503686367 0.232801418 0.263512215
J:/cccrcrccrc: 0.000000000 0.051868324 0.948131676
J:/cccrcrccrf: 0.000000000 0.458599094 0.541400906
J:/cccrcrcfrc: 0.000000000 0.576021678 0.423978322
J:/cccrcrcfrf: 0.000000000 0.609169866 0.390830134
J:/cccrcrcrcc: 0.000000000 0.347908591 0.652091409
J:/cccrcrcrcf: 0.000000000 0.140038664 0.859961336
J:/cccrcrcrfc: 0.000000000 0.272673410 0.727326590
J:/cccrcrcrff: 0.000000000 0.594967034 0.405032966
J:/cccrfc: 0.000000000 0.000000000 1.000000000
J:/cccrfcrcr: 0.000000000 0.529885099 0.470114901
J:/cccrfcrfr: 0.000000000 0.785290848 0.214709152
J:/cccrfcrrc: 0.000000000 0.079899311 0.920100689
J:/cccrfcrrf: 0.000000000 0.436824302 0.563175698
J:/cccrff: 0.000000000 0.000000000 1.000000000
J:/cccrffrr: 0.000000000 0.000000000 1.000000000
J:/cccrfr: 0.000000000 0.000000000 1.000000000
J:/cccrfrcrc: 0.000000000 0.188222108 0.811777892
J:/cccrfrcrf: 0.000000000 0.374842438 0.625157562
J:/cccrrc: 0.367291520 0.354595110 0.278113370
J:/cccrrccrcc: 0.000000000 0.722908580 0.277091420
J:/cccrrccrcf: 0.000000000 0.948999288 0.051000712
J:/cccrrccrfc: 0.000000000 0.063746359 0.936253641
J:/cccrrccrff: 0.000000000 0.215286467 0.784713533
J:/cccrrf: 0.001314209 0.224701317 0.773984475
J:/cccrrfcrc: 0.000000000 0.282349957 0.717650043
J:/cccrrfcrf: 0.000000000 0.109635685 0.890364315
J:/cccrrr: 0.000000000 0.404679312 0.595320688
J:/ccrccr: 0.317276092 0.014311191 0.668412718
J:/ccrccrccrc: 0.000000000 0.693976429 0.306023571
J:/ccrccrccrf: 0.000000000 0.867610714 0.132389286
J:/ccrccrcfrc: 0.000000000 0.744943098 0.255056902
J:/ccrccrcfrf: 0.000000000 0.394948374 0.605051626
J:/ccrccrcrcc: 0.000000000 0.291948848 0.708051152
J:/ccrccrcrcf: 0.000000000 0.415804675 0.584195325
J:/ccrccrcrfc: 0.000000000 0.505042127 0.494957873
J:/ccrccrcrff: 0.000000000 0.740742011 0.259257989
J:/ccrcfr: 0.008749401 0.000000000 0.991250599
J:/ccrcfrcrc: 0.000000000 0.003984376 0.996015624
J:/ccrcfrcrf: 0.000000000 0.135344433 0.864655567
J:/ccrcrc: 0.027312365 0.405992177 0.566695457
J:/ccrcrccrcc: 0.000000000 0.085014843 0.914985157
J:/ccrcrccrcf: 0.000000000 0.370608465 0.629391535
J:/ccrcrccrfc: 0.000000000 0.854128460 0.145871540
J:/ccrcrccrff: 0.000000000 0.995458159 0.004541841
J:/ccrcrf: 0.199451982 0.183114480 0.617433537
J:/ccrcrfcrc: 0.000000000 0.034480879 0.965519121
J:/ccrcrfcrf: 0.000000000 0.276866800 0.723133200
J:/ccrcrr: 0.000000000 0.758931275 0.241068725
J:/ccrfcr: 0.000000000 0.000000000 1.000000000
J:/ccrfcrcrc: 0.000000000 0.541710394 0.458289606
J:/ccrfcrcrf: 0.000000000 0.504617547 0.495382453
J:/ccrffr: 0.000000000 0.000000000 1.000000000
J:/ccrfrc: 0.221757082 0.406427761 0.371815157
J:/ccrfrf: 0.382076233 0.389548526 0.228375242
J:/ccrfrr: 0.000000000 0.999999997 0.000000003
J:/ccrrcc: 0.044136184 0.527131343 0.428732473
J:/ccrrcf: 0.002483400 0.597070508 0.400446093
J:/ccrrcr: 0.000000000 0.475960328 0.524039672
J:/ccrrfc: 0.000000000 0.000000000 1.000000000
J:/ccrrff: 0.000688056 0.000000000 0.999311944
J:/ccrrfr: 0.000000000 0.000000000 1.000000000
J:/ccrrrc: 0.000000000 0.348159681 0.651840319
J:/ccrrrf: 0.000000000 0.106418326 0.893581674
J:/cr: 0.000000000 0.000000000 1.000000000
J:/crccrc: 0.874795021 0.103329157 0.021875822
J:/crccrccrcc: 0.000000000 0.365103801 0.634896199
J:/crccrccrcf: 0.000000000 0.416846306 0.583153694
J:/crccrccrfc: 0.000000000 0.351004547 0.648995453
J:/crccrccrff: 0.000000000 0.199030412 0.800969588
J:/crccrf: 0.246642721 0.338158838 0.415198441
J:/crccrfcrc: 0.000000000 0.800502222 0.199497778
J:/crccrfcrf: 0.000000000 0.372890771 0.627109229
J:/crccrr: 0.000000000 0.374329404 0.625670596
J:/crcfrc: 0.365788942 0.480817719 0.153393339
J:/crcfrf: 0.080393949 0.630366559 0.289239492
J:/crcfrr: 0.000000000 0.000000000 1.000000000
J:/crcrcc: 0.425763442 0.334232032 0.240004526
J:/crcrcf: 0.625283808 0.097680654 0.277035538
J:/crcrcr: 0.000000000 0.059700418 0.940299582
J:/crcrfc: 0.394043674 0.276738816 0.329217510
J:/crcrff: 0.725810872 0.195303695 0.078885433
J:/crcrfr: 0.000000000 0.615858139 0.384141861
J:/crcrrc: 0.000000000 0.460667951 0.539332049
J:/crcrrf: 0.000000000 0.597587516 0.402412484
J:/crrccr: 0.000000000 0.161244140 0.838755860
J:/crrcfr: 0.000000000 0.400714483 0.599285517
J:/crrcrc: 0.000000000 0.842334857 0.157665143
J:/crrcrf: 0.000000000 0.527488430 0.472511570
J:/crrfcr: 0.000000000 0.242262437 0.757737563
J:/crrffr: 0.000000000 0.394616598 0.605383402
J:/crrfrc: 0.000000000 0.242768968 0.757231032
J:/crrfrf: 0.000000000 0.610813150 0.389186850
J:/crrrcc: 0.000000000 0.776435690 0.223564310
J:/crrrcf: 0.000000000 0.254342347 0.745657653
J:/crrrfc: 0.000000000 0.086058964 0.913941036
J:/crrrff: 0.000000000 0.091582608 0.908417392
J:/rc: 0.000000000 0.365053543 0.634946457
J:/rccrcc: 0.211821563 0.379637657 0.408540780
J:/rccrcf: 0.488647852 0.248822922 0.262529226
J:/rccrcr: 0.000000000 0.239197344 0.760802656
J:/rccrfc: 0.335943252 0.244014479 0.420042269
J:/rccrff: 0.312966850 0.311597438 0.375435711
J:/rccrfr: 0.000000000 0.498357638 0.501642362
J:/rccrrc: 0.000000000 0.552652048 0.447347952
J:/rccrrf: 0.000000000 0.499569462 0.500430538
J:/rcrccr: 0.000000000 0.668099091 0.331900909
J:/rcrcfr: 0.000000000 0.416980243 0.583019757
J:/rcrcrc: 0.000000000 0.624559079 0.375440921
J:/rcrcrf: 0.000000000 0.137562615 0.862437385
J:/rcrfcr: 0.000000000 0.450286360 0.549713640
J:/rcrffr: 0.000000000 0.625392730 0.374607270
J:/rcrfrc: 0.000000000 0.798230165 0.201769835
J:/rcrfrf: 0.000000000 0.627321562 0.372678438
J:/rcrrcc: 0.000000000 0.672514314 0.327485686
J:/rcrrcf: 0.000000000 0.575737225 0.424262775
J:/rcrrfc: 0.000000000 0.513300758 0.486699242
J:/rcrrff: 0.000000000 0.827797579 0.172202421
J:/rf: 0.000000000 0.021812881 0.978187119
J:/rfcrc: 0.254083961 0.265874987 0.480041052
J:/rfcrf: 0.210510923 0.004161715 0.785327363
J:/rfcrr: 0.000000000 0.182138744 0.817861256
J:/rfrcr: 0.000000000 0.483659667 0.516340333
J:/rfrfr: 0.000000000 0.976197198 0.023802802
J:/rfrrc: 0.000000000 0.340147117 0.659852883
J:/rfrrf: 0.000000000 0.247271916 0.752728084
J:/rr: 0.274043973 0.002281041 0.723674986
J:/rrccrc: 0.000000000 0.565157253 0.434842747
J:/rrccrf: 0.000000000 0.907582596 0.092417404
J:/rrcfrc: 0.000000000 0.690231902 0.309768098
J:/rrcfrf: 0.000000000 0.818463750 0.181536250
J:/rrcrcc: 0.000000000 0.336263068 0.663736932
J:/rrcrcf: 0.000000000 0.745892198 0.254107802
J:/rrcrfc: 0.000000000 0.635835280 0.364164720
J:/rrcrff: 0.000000000 0.816090026 0.183909974
K:/cc: 0.000000000 1.000000000 0.000000000
K:/cccrcc: 0.438265017 0.047165620 0.514569363
K:/cccrccrccr: 0.000000000 0.633261137 0.366738863
K:/cccrccrcfr: 0.000000000 0.698350293 0.301649707
K:/cccrccrcrc: 0.000000000 0.383606339 0.616393661
K:/cccrccrcrf: 0.000000000 0.514778993 0.485221007
K:/cccrccrfcr: 0.000000000 0.418730038 0.581269962
K:/cccrccrffr: 0.000000000 0.518172211 0.481827789
K:/cccrccrfrc: 0.000000000 0.878027582 0.121972418
K:/cccrccrfrf: 0.000000000 0.785165460 0.214834540
K:/cccrccrrcc: 0.000000000 0.585928534 0.414071466
K:/cccrccrrcf: 0.000000000 0.508047311 0.491952689
K:/cccrccrrfc: 0.000000000 0.908882287 0.091117713
K:/cccrccrrff: 0.000000000 0.455614301 0.544385699
K:/cccrcf: 0.247170638 0.480205401 0.272623961
K:/cccrcfrcr: 0.000000000 0.241108306 0.758891694
K:/cccrcfrfr: 0.000000000 0.534827560 0.465172440
K:/cccrcfrrc: 0.000000000 0.651439874 0.348560126
K:/cccrcfrrf: 0.000000000 0.476073689 0.523926311
K:/cccrcr: 0.038772216 0.780316630 0.180911155
K:/cccrcrccrc: 0.000000000 0.424222186 0.575777814
K:/cccrcrccrf: 0.000000000 0.429406725 0.570593275
K:/cccrcrcfrc: 0.000000000 0.445678734 0.554321266
K:/cccrcrcfrf: 0.000000000 0.527092360 0.472907640
K:/cccrcrcrcc: 0.000000000 0.726160719 0.273839281
K:/cccrcrcrcf: 0.000000000 0.498619322 0.501380678
K:/cccrcrcrfc: 0.000000000 0.814339971 0.185660029
K:/cccrcrcrff: 0.000000000 0.623379324 0.376620676
K:/cccrfc: 0.000000000 0.000000000 1.000000000
K:/cccrfcrcr: 0.000000000 0.654741680 0.345258320
K:/cccrfcrfr: 0.000000000 0.702499280 0.297500720
K:/cccrfcrrc: 0.000000000 0.437258987 0.562741013
K:/cccrfcrrf: 0.000000000 0.630066407 0.369933593
K:/cccrff: 0.000000000 0.034416136 0.965583864
K:/cccrffrr: 0.000000000 0.000000000 1.000000000
K:/cccrfr: 0.000499241 0.000000000 0.999500759
K:/cccrfrcrc: 0.000000000 0.112630532 0.887369468
K:/cccrfrcrf: 0.000000000 0.825390053 0.174609947
K:/cccrrc: 0.113932559 0.599838629 0.286228811
K:/cccrrccrcc: 0.000000000 0.226519419 0.773480581
K:/cccrrccrcf: 0.000000000 0.670010875 0.329989125
K:/cccrrccrfc: 0.000000000 0.333627903 0.666372097
K:/cccrrccrff: 0.000000000 0.502183558 0.497816442
K:/cccrrf: 0.244696667 0.341409346 0.413893987
K:/cccrrfcrc: 0.000000000 0.515147121 0.484852879
K:/cccrrfcrf: 0.000000000 0.532302090 0.467697910
K:/cccrrr: 0.000000000 0.041424763 0.958575237
K:/ccrccr: 0.116548740 0.445058661 0.438392599
K:/ccrccrccrc: 0.000000000 0.355580733 0.644419267
K:/ccrccrccrf: 0.000000000 0.362832776 0.637167224
K:/ccrccrcfrc: 0.000000000 0.647470471 0.352529529
K:/ccrccrcfrf: 0.000000000 0.169062296 0.830937704
K:/ccrccrcrcc: 0.000000000 0.508345238 0.491654762
K:/ccrccrcrcf: 0.000000000 0.004638565 0.995361435
K:/ccrccrcrfc: 0.000000000 0.432054506 0.567945494
K:/ccrccrcrff: 0.000000000 0.011684739 0.988315261
K:/ccrcfr: 0.288910171 0.122899578 0.588190251
K:/ccrcfrcrc: 0.000000000 0.284301587 0.715698413
K:/ccrcfrcrf: 0.000000000 0.544910913 0.455089087
K:/ccrcrc: 0.283772893 0.159373530 0.556853577
K:/ccrcrccrcc: 0.000000000 0.764186011 0.235813989
K:/ccrcrccrcf: 0.000000000 0.374871202 0.625128798
K:/ccrcrccrfc: 0.000000000 0.788412071 0.211587929
K:/ccrcrccrff: 0.000000000 0.667660910 0.332339090
K:/ccrcrf: 0.433198835 0.305744466 0.261056698
K:/ccrcrfcrc: 0.000000000 0.396126195 0.603873805
K:/ccrcrfcrf: 0.000000000 0.146267066 0.853732934
K:/ccrcrr: 0.000000000 0.663303940 0.336696060
K:/ccrfcr: 0.000000000 0.000000000 1.000000000
K:/ccrfcrcrc: 0.000000000 0.128451074 0.871548926
K:/ccrfcrcrf: 0.000000000 0.448684006 0.551315994
K:/ccrffr: 0.000000000 0.000000000 1.000000000
K:/ccrfrc: 0.426993345 0.001822188 0.571184467
K:/ccrfrf: 0.442974131 0.292089151 0.264936719
K:/ccrfrr: 0.000000000 0.926616570 0.073383430
K:/ccrrcc: 0.423801188 0.337341408 0.238857404
K:/ccrrcf: 0.281446829 0.056583776 0.661969395
K:/ccrrcr: 0.000000000 0.545893715 0.454106285
K:/ccrrfc: 0.012055132 0.000000000 0.987944868
K:/ccrrff: 0.001433316 0.000000000 0.998566684
K:/ccrrfr: 0.000000000 0.636513343 0.363486657
K:/ccrrrc: 0.000000000 0.615671948 0.384328052
K:/ccrrrf: 0.000000000 0.059981581 0.940018419
K:/cr: 0.000000000 0.000000000 1.000000000
K:/crccrc: 0.339124860 0.000108935 0.660766206
K:/crccrccrcc: 0.000000000 0.379669648 0.620330352
K:/crccrccrcf: 0.000000000 0.749449319 0.250550681
K:/crccrccrfc: 0.000000000 0.462380838 0.537619162
K:/crccrccrff: 0.000000000 0.690682163 0.309317837
K:/crccrf: 0.434495814 0.116760096 0.448744090
K:/crccrfcrc: 0.000000000 0.243698889 0.756301111
K:/crccrfcrf: 0.000000000 0.318395445 0.681604555
K:/crccrr: 0.000000000 0.127531051 0.872468949
K:/crcfrc: 0.514264558 0.196126771 0.289608671
K:/crcfrf: 0.362896496 0.278823556 0.358279948
K:/crcfrr: 0.000000000 0.429703415 0.570296585
K:/crcrcc: 0.763983001 0.028036846 0.207980153
K:/crcrcf: 0.168731503 0.831268497 0.000000000
K:/crcrcr: 0.000000000 0.716721229 0.283278771
K:/crcrfc: 0.688797137 0.093144236 0.218058626
K:/crcrff: 0.498954748 0.501045252 0.000000000
K:/crcrfr: 0.000000000 0.285055260 0.714944740
K:/crcrrc: 0.000000000 0.186913348 0.813086652
K:/crcrrf: 0.000000000 0.576421825 0.423578175
K:/crrccr: 0.000000000 0.291482196 0.708517804
K:/crrcfr: 0.000000000 0.046474268 0.953525732
K:/crrcrc: 0.000000000 0.774597615 0.225402385
K:/crrcrf: 0.000000000 0.588847182 0.411152818
K:/crrfcr: 0.000000000 0.516920473 0.483079527
K:/crrffr: 0.000000000 0.148673518 0.851326482
K:/crrfrc: 0.000000000 0.259730832 0.740269168
K:/crrfrf: 0.000000000 0.026947205 0.973052795
K:/crrrcc: 0.000000000 0.624736136 0.375263864
K:/crrrcf: 0.000000000 0.606962605 0.393037395
K:/crrrfc: 0.000000000 0.272521753 0.727478247
K:/crrrff: 0.000000000 1.000000000 0.000000000
K:/rc: 0.033000126 0.189479120 0.777520754
K:/rccrcc: 0.504531837 0.084478465 0.410989697
K:/rccrcf: 0.585740359 0.064856969 0.349402673
K:/rccrcr: 0.000000000 0.000024257 0.999975743
K:/rccrfc: 0.446372280 0.313516590 0.240111130
K:/rccrff: 0.450416973 0.495337906 0.054245121
K:/rccrfr: 0.000000000 0.579563978 0.420436022
K:/rccrrc: 0.000000000 0.746495841 0.253504159
K:/rccrrf: 0.000000000 0.107278858 0.892721142
K:/rcrccr: 0.000000000 0.522576829 0.477423171
K:/rcrcfr: 0.000000000 0.682683358 0.317316642
K:/rcrcrc: 0.000000000 0.913938615 0.086061385
K:/rcrcrf: 0.000000000 0.891081102 0.108918898
K:/rcrfcr: 0.000000000 0.381175089 0.618824911
K:/rcrffr: 0.000000000 0.960244986 0.039755014
K:/rcrfrc: 0.000000000 0.114219911 0.885780089
K:/rcrfrf: 0.000000000 0.916808849 0.083191151
K:/rcrrcc: 0.000000000 0.430432680 0.569567320
K:/rcrrcf: 0.000000000 0.518399068 0.481600932
K:/rcrrfc: 0.000000000 0.921352906 0.078647094
K:/rcrrff: 0.000000000 0.652310202 0.347689798
K:/rf: 0.000000000 0.178359135 0.821640865
K:/rfcrc: 0.000000000 0.496377950 0.503622050
K:/rfcrf: 0.158783919 0.058012668 0.783203413
K:/rfcrr: 0.000000000 0.605871664 0.394128336
K:/rfrcr: 0.000000000 0.204946444 0.795053556
K:/rfrfr: 0.000000000 0.561276988 0.438723012
K:/rfrrc: 0.000000000 0.856377109 0.143622891
K:/rfrrf: 0.000000000 0.303833200 0.696166800
K:/rr: 0.137924095 0.113440008 0.748635897
K:/rrccrc: 0.000000000 0.397178423 0.602821577
K:/rrccrf: 0.000000000 0.461485965 0.538514035
K:/rrcfrc: 0.000000000 0.180247718 0.819752282
K:/rrcfrf: 0.000000000 0.568977327 0.431022673
K:/rrcrcc: 0.000000000 0.526858186 0.473141814
K:/rrcrcf: 0.000000000 0.486550383 0.513449617
K:/rrcrfc: 0.000000000 0.753625940 0.246374060
K:/rrcrff: 0.000000000 0.503749894 0.496250106
Q:/cc: 0.000697818 0.999302182 0.000000000
Q:/cccrcc: 0.695920564 0.260415901 0.043663534
Q:/cccrccrccr: 0.000000000 0.527441891 0.472558109
Q:/cccrccrcfr: 0.000000000 0.494678967 0.505321033
Q:/cccrccrcrc: 0.000000000 0.461567921 0.538432079
Q:/cccrccrcrf: 0.000000000 0.531764114 0.468235886
Q:/cccrccrfcr: 0.000000000 0.314905238 0.685094762
Q:/cccrccrffr: 0.000000000 0.690957232 0.309042768
Q:/cccrccrfrc: 0.000000000 0.659761380 0.340238620
Q:/cccrccrfrf: 0.000000000 0.630990375 0.369009625
Q:/cccrccrrcc: 0.000000000 0.324341705 0.675658295
Q:/cccrccrrcf: 0.000000000 0.509830539 0.490169461
Q:/cccrccrrfc: 0.000000000 0.932450028 0.067549972
Q:/cccrccrrff: 0.000000000 0.301486509 0.698513491
Q:/cccrcf: 0.069678344 0.532230694 0.398090962
Q:/cccrcfrcr: 0.000000000 0.429959865 0.570040135
Q:/cccrcfrfr: 0.000000000 0.650539532 0.349460468
Q:/cccrcfrrc: 0.000000000 0.322512522 0.677487478
Q:/cccrcfrrf: 0.000000000 0.500966122 0.499033878
Q:/cccrcr: 0.220949658 0.244503160 0.534547182
Q:/cccrcrccrc: 0.000000000 0.886044463 0.113955537
Q:/cccrcrccrf: 0.000000000 0.287562317 0.712437683
Q:/cccrcrcfrc: 0.000000000 0.439472956 0.560527044
Q:/cccrcrcfrf: 0.000000000 0.916976754 0.083023246
Q:/cccrcrcrcc: 0.000000000 0.779112984 0.220887016
Q:/cccrcrcrcf: 0.000000000 0.785031161 0.214968839
Q:/cccrcrcrfc: 0.000000000 0.834098666 0.165901334
Q:/cccrcrcrff: 0.000000000 0.469669061 0.530330939
Q:/cccrfc: 0.000000000 0.000000000 1.000000000
Q:/cccrfcrcr: 0.000000000 0.280992493 0.719007507
Q:/cccrfcrfr: 0.000000000 0.266250511 0.733749489
Q:/cccrfcrrc: 0.000000000 0.000747685 0.999252315
Q:/cccrfcrrf: 0.000000000 0.609874474 0.390125526
Q:/cccrff: 0.000000000 0.000000000 1.000000000
Q:/cccrffrr: 0.000000000 0.000000000 1.000000000
Q:/cccrfr: 0.000000000 0.000000000 1.000000000
Q:/cccrfrcrc: 0.000000000 0.229622812 0.770377188
Q:/cccrfrcrf: 0.000000000 0.211417863 0.788582137
Q:/cccrrc: 0.164270374 0.283841345 0.551888281
Q:/cccrrccrcc: 0.000000000 0.126187115 0.873812885
Q:/cccrrccrcf: 0.000000000 0.760811661 0.239188339
Q:/cccrrccrfc: 0.000000000 0.853760766 0.146239234
Q:/cccrrccrff: 0.000000000 0.347309154 0.652690846
Q:/cccrrf: 0.060936430 0.433041822 0.506021749
Q:/cccrrfcrc: 0.000000000 0.875176517 0.124823483
Q:/cccrrfcrf: 0.000000000 0.416687671 0.583312329
Q:/cccrrr: 0.000000000 0.735486916 0.264513084
Q:/ccrccr: 0.021578797 0.000000000 0.978421203
Q:/ccrccrccrc: 0.000000000 0.735313645 0.264686355
Q:/ccrccrccrf: 0.000000000 0.447218384 0.552781616
Q:/ccrccrcfrc: 0.000000000 0.884141859 0.115858141
Q:/ccrccrcfrf: 0.000000000 0.273598040 0.726401960
Q:/ccrccrcrcc: 0.000000000 0.878359820 0.121640180
Q:/ccrccrcrcf: 0.000000000 0.865937711 0.134062289
Q:/ccrccrcrfc: 0.000000000 0.000000000 1.000000000
Q:/ccrccrcrff: 0.000000000 0.475279188 0.524720812
Q:/ccrcfr: 0.017186488 0.000000000 0.982813512
Q:/ccrcfrcrc: 0.000000000 0.152697162 0.847302838
Q:/ccrcfrcrf: 0.000000000 0.093574575 0.906425425
Q:/ccrcrc: 0.069843349 0.475406562 0.454750088
Q:/ccrcrccrcc: 0.000000000 0.537841955 0.462158045
Q:/ccrcrccrcf: 0.000000000 0.619183758 0.380816242
Q:/ccrcrccrfc: 0.000000000 0.425308105 0.574691895
Q:/ccrcrccrff: 0.000000000 0.416581183 0.583418817
Q:/ccrcrf: 0.627585055 0.108887323 0.263527622
Q:/ccrcrfcrc: 0.000000000 0.723590187 0.276409813
Q:/ccrcrfcrf: 0.000000000 0.875023553 0.124976447
Q:/ccrcrr: 0.000000000 0.549797457 0.450202543
Q:/ccrfcr: 0.000000000 0.000000000 1.000000000
Q:/ccrfcrcrc: 0.000000000 0.168722193 0.831277807
Q:/ccrfcrcrf: 0.000000000 0.301494262 0.698505738
Q:/ccrffr: 0.000000000 0.000000000 1.000000000
Q:/ccrfrc: 0.223772905 0.598437071 0.177790025
Q:/ccrfrf: 0.455204890 0.369159935 0.175635175
Q:/ccrfrr: 0.000000000 0.403843021 0.596156979
Q:/ccrrcc: 0.262848169 0.129178474 0.607973357
Q:/ccrrcf: 0.412239758 0.148238871 0.439521371
Q:/ccrrcr: 0.000000000 0.241670790 0.758329210
Q:/ccrrfc: 0.000000000 0.000000000 1.000000000
Q:/ccrrff: 0.000784416 0.000000000 0.999215584
Q:/ccrrfr: 0.000000000 0.000205709 0.999794291
Q:/ccrrrc: 0.000000000 0.038838754 0.961161246
Q:/ccrrrf: 0.000000000 0.009347942 0.990652058
Q:/cr: 0.000000000 0.000000000 1.000000000
Q:/crccrc: 0.749954301 0.050956073 0.199089626
Q:/crccrccrcc: 0.000000000 0.920886490 0.079113510
Q:/crccrccrcf: 0.000000000 0.850149029 0.149850971
Q:/crccrccrfc: 0.000000000 0.518310141 0.481689859
Q:/crccrccrff: 0.000000000 0.526090397 0.473909603
Q:/crccrf: 0.632054484 0.367945516 0.000000000
Q:/crccrfcrc: 0.000000000 0.535402485 0.464597515
Q:/crccrfcrf: 0.000000000 0.617211794 0.382788206
Q:/crccrr: 0.000000000 0.788159714 0.211840286
Q:/crcfrc: 0.243105489 0.241733845 0.515160666
Q:/crcfrf: 0.504429870 0.235206771 0.260363359
Q:/crcfrr: 0.000000000 0.418545014 0.581454986
Q:/crcrcc: 0.621001156 0.000023482 0.378975363
Q:/crcrcf: 0.563650032 0.287841371 0.148508597
Q:/crcrcr: 0.000000000 0.209462948 0.790537052
Q:/crcrfc: 0.663377074 0.034762553 0.301860373
Q:/crcrff: 0.551442651 0.448557349 0.000000000
Q:/crcrfr: 0.000000000 0.467231731 0.532768269
Q:/crcrrc: 0.000000000 0.171323136 0.828676864
Q:/crcrrf: 0.000000000 0.325068169 0.674931831
Q:/crrccr: 0.000000000 0.370001295 0.629998705
Q:/crrcfr: 0.000000000 0.636040592 0.363959408
Q:/crrcrc: 0.000000000 0.396960696 0.603039304
Q:/crrcrf: 0.000000000 0.432523017 0.567476983
Q:/crrfcr: 0.000000000 0.539338267 0.460661733
Q:/crrffr: 0.000000000 0.000000000 1.000000000
Q:/crrfrc: 0.000000000 0.000000000 1.000000000
Q:/crrfrf: 0.000000000 0.157740282 0.842259718
Q:/crrrcc: 0.000000000 0.384482399 0.615517601
Q:/crrrcf: 0.000000000 0.405958324 0.594041676
Q:/crrrfc: 0.000000000 0.446006352 0.553993648
Q:/crrrff: 0.000000000 0.899838748 0.100161252
Q:/rc: 0.000000000 0.208206791 0.791793209
Q:/rccrcc: 0.333488521 0.321242656 0.345268822
Q:/rccrcf: 0.784231316 0.206085893 0.009682791
Q:/rccrcr: 0.000000000 0.510183568 0.489816432
Q:/rccrfc: 0.625814090 0.147912883 0.226273027
Q:/rccrff: 0.245060553 0.630514225 0.124425221
Q:/rccrfr: 0.000000000 0.658656829 0.341343171
Q:/rccrrc: 0.000000000 0.689368811 0.310631189
Q:/rccrrf: 0.000000000 0.723049708 0.276950292
Q:/rcrccr: 0.000000000 0.540638614 0.459361386
Q:/rcrcfr: 0.000000000 0.691699722 0.308300278
Q:/rcrcrc: 0.000000000 0.216822328 0.783177672
Q:/rcrcrf: 0.000000000 0.766492715 0.233507285
Q:/rcrfcr: 0.000000000 0.527215082 0.472784918
Q:/rcrffr: 0.000000000 0.666577718 0.333422282
Q:/rcrfrc: 0.000000000 0.467930851 0.532069149
Q:/rcrfrf: 0.000000000 0.609113819 0.390886181
Q:/rcrrcc: 0.000000000 0.732760567 0.267239433
Q:/rcrrcf: 0.000000000 0.604775728 0.395224272
Q:/rcrrfc: 0.000000000 0.481738373 0.518261627
Q:/rcrrff: 0.000000000 0.320300171 0.679699829
Q:/rf: 0.000000000 0.000000000 1.000000000
Q:/rfcrc: 0.168277745 0.190792802 0.640929453
Q:/rfcrf: 0.438376025 0.025228167 0.536395808
Q:/rfcrr: 0.000000000 0.655886428 0.344113572
Q:/rfrcr: 0.000000000 0.651940940 0.348059060
Q:/rfrfr: 0.000000000 0.436074696 0.563925304
Q:/rfrrc: 0.000000000 0.528717267 0.471282733
Q:/rfrrf: 0.000000000 0.465568650 0.534431350
Q:/rr: 0.001715073 0.009649198 0.988635729
Q:/rrccrc: 0.000000000 0.337231840 0.662768160
Q:/rrccrf: 0.000000000 0.488110504 0.511889496
Q:/rrcfrc: 0.000000000 0.255083066 0.744916934
Q:/rrcfrf: 0.000000000 0.450492936 0.549507064
Q:/rrcrcc: 0.000000000 0.196420705 0.803579295
Q:/rrcrcf: 0.000000000 0.815452312 0.184547688
Q:/rrcrfc: 0.000000000 0.874894862 0.125105138
Q:/rrcrff: 0.000000000 0.561551253 0.438448747
T:/cc: 0.000610146 0.999389854 0.000000000
T:/cccrcc: 0.063826436 0.456058215 0.480115349
T:/cccrccrccr: 0.000000000 0.308386760 0.691613240
T:/cccrccrcfr: 0.000000000 0.392042784 0.607957216
T:/cccrccrcrc: 0.000000000 0.645675373 0.354324627
T:/cccrccrcrf: 0.000000000 0.131145409 0.868854591
T:/cccrccrfcr: 0.000000000 0.477416953 0.522583047
T:/cccrccrffr: 0.000000000 0.811000551 0.188999449
T:/cccrccrfrc: 0.000000000 0.542289356 0.457710644
T:/cccrccrfrf: 0.000000000 0.406132144 0.593867856
T:/cccrccrrcc: 0.000000000 0.433495351 0.566504649
T:/cccrccrrcf: 0.000000000 0.749034431 0.250965569
T:/cccrccrrfc: 0.000000000 0.644820214 0.355179786
T:/cccrccrrff: 0.000000000 0.692668729 0.307331271
T:/cccrcf: 0.330465755 0.136897692 0.532636553
T:/cccrcfrcr: 0.000000000 0.260079263 0.739920737
T:/cccrcfrfr: 0.000000000 0.618182418 0.381817582
T:/cccrcfrrc: 0.000000000 0.508762253 0.491237747
T:/cccrcfrrf: 0.000000000 0.672149642 0.327850358
T:/cccrcr: 0.176857602 0.000000000 0.823142398
T:/cccrcrccrc: 0.000000000 0.452701239 0.547298761
T:/cccrcrccrf: 0.000000000 0.612618209 0.387381791
T:/cccrcrcfrc: 0.000000000 0.442410182 0.557589818
T:/cccrcrcfrf: 0.000000000 0.748838308 0.251161692
T:/cccrcrcrcc: 0.000000000 0.257317029 0.742682971
T:/cccrcrcrcf: 0.000000000 0.000000000 1.000000000
T:/cccrcrcrfc: 0.000000000 0.132813310 0.867186690
T:/cccrcrcrff: 0.000000000 0.336040358 0.663959642
T:/cccrfc: 0.000000000 0.000000000 1.000000000
T:/cccrfcrcr: 0.000000000 0.689241373 0.310758627
T:/cccrfcrfr: 0.000000000 0.494936748 0.505063252
T:/cccrfcrrc: 0.000000000 0.638842316 0.361157684
T:/cccrfcrrf: 0.000000000 0.578018329 0.421981671
T:/cccrff: 0.000000000 0.000000000 1.000000000
T:/cccrffrr: 0.000000000 0.000000000 1.000000000
T:/cccrfr: 0.000000000 0.000000000 1.000000000
T:/cccrfrcrc: 0.000000000 0.057011077 0.942988923
T:/cccrfrcrf: 0.000000000 0.480908057 0.519091943
T:/cccrrc: 0.140363191 0.120107059 0.739529751
T:/cccrrccrcc: 0.000000000 0.319089435 0.680910565
T:/cccrrccrcf: 0.000000000 0.538733477 0.461266523
T:/cccrrccrfc: 0.000000000 0.460899041 0.539100959
T:/cccrrccrff: 0.000000000 0.052948916 0.947051084
T:/cccrrf: 0.343076995 0.105352997 0.551570008
T:/cccrrfcrc: 0.000000000 0.189695034 0.810304966
T:/cccrrfcrf: 0.000000000 0.441841411 0.558158589
T:/cccrrr: 0.000000000 0.100803960 0.899196040
T:/ccrccr: 0.000065328 0.041138457 0.958796216
T:/ccrccrccrc: 0.000000000 0.322690087 0.677309913
T:/ccrccrccrf: 0.000000000 0.307997640 0.692002360
T:/ccrccrcfrc: 0.000000000 0.207861560 0.792138440
T:/ccrccrcfrf: 0.000000000 0.556212903 0.443787097
T:/ccrccrcrcc: 0.000000000 0.678888720 0.321111280
T:/ccrccrcrcf: 0.000000000 0.688914565 0.311085435
T:/ccrccrcrfc: 0.000000000 0.791131126 0.208868874
T:/ccrccrcrff: 0.000000000 0.302401194 0.697598806
T:/ccrcfr: 0.002867351 0.000000000 0.997132649
T:/ccrcfrcrc: 0.000000000 0.470144382 0.529855618
T:/ccrcfrcrf: 0.000000000 0.448345528 0.551654472
T:/ccrcrc: 0.201802433 0.227095794 0.571101773
T:/ccrcrccrcc: 0.000000000 0.905333665 0.094666335
T:/ccrcrccrcf: 0.000000000 0.547270287 0.452729713
T:/ccrcrccrfc: 0.000000000 0.239907608 0.760092392
T:/ccrcrccrff: 0.000000000 0.258234136 0.741765864
T:/ccrcrf: 0.618417888 0.126317445 0.255264667
T:/ccrcrfcrc: 0.000000000 0.226931043 0.773068957
T:/ccrcrfcrf: 0.000000000 0.016545182 0.983454818
T:/ccrcrr: 0.000000000 0.133983094 0.866016906
T:/ccrfcr: 0.000000000 0.000000000 1.000000000
T:/ccrfcrcrc: 0.000000000 0.306189696 0.693810304
T:/ccrfcrcrf: 0.000000000 0.829909115 0.170090885
T:/ccrffr: 0.000000000 0.000000000 1.000000000
T:/ccrfrc: 0.000000000 0.158644841 0.841355159
T:/ccrfrf: 0.160739113 0.580826953 0.258433934
T:/ccrfrr: 0.000000000 0.397946826 0.602053174
T:/ccrrcc: 0.393361818 0.308280944 0.298357238
T:/ccrrcf: 0.144736536 0.483283888 0.371979576
T:/ccrrcr: 0.000000000 0.000048288 0.999951712
T:/ccrrfc: 0.000000000 0.000000000 1.000000000
T:/ccrrff: 0.000692729 0.000000000 0.999307271
T:/ccrrfr: 0.000000000 0.000000000 1.000000000
T:/ccrrrc: 0.000000000 0.050770842 0.949229158
T:/ccrrrf: 0.000000000 0.418496866 0.581503134
T:/cr: 0.000000000 0.000000000 1.000000000
T:/crccrc: 0.817254559 0.000041198 0.182704243
T:/crccrccrcc: 0.000000000 0.020867613 0.979132387
T:/crccrccrcf: 0.000000000 0.382310011 0.617689989
T:/crccrccrfc: 0.000000000 0.559205759 0.440794241
T:/crccrccrff: 0.000000000 0.896592759 0.103407241
T:/crccrf: 0.701175769 0.168511500 0.130312732
T:/crccrfcrc: 0.000000000 0.108787125 0.891212875
T:/crccrfcrf: 0.000000000 0.839949919 0.160050081
T:/crccrr: 0.000000000 0.572270579 0.427729421
T:/crcfrc: 0.273481850 0.281084767 0.445433383
T:/crcfrf: 0.412651939 0.346343665 0.241004396
T:/crcfrr: 0.000000000 0.186673870 0.813326130
T:/crcrcc: 0.521000986 0.322219328 0.156779686
T:/crcrcf: 0.379502685 0.463134477 0.157362838
T:/crcrcr: 0.000000000 0.584263641 0.415736359
T:/crcrfc: 0.189013520 0.273193922 0.537792558
T:/crcrff: 0.388024572 0.478693752 0.133281677
T:/crcrfr: 0.000000000 0.188605461 0.811394539
T:/crcrrc: 0.000000000 0.000000000 1.000000000
T:/crcrrf: 0.000000000 0.509505035 0.490494965
T:/crrccr: 0.000000000 0.199499889 0.800500111
T:/crrcfr: 0.000000000 0.264898033 0.735101967
T:/crrcrc: 0.000000000 0.521300542 0.478699458
T:/crrcrf: 0.000000000 0.082534738 0.917465262
T:/crrfcr: 0.000000000 0.391273016 0.608726984
T:/crrffr: 0.000000000 0.000000000 1.000000000
T:/crrfrc: 0.000000000 0.384483746 0.615516254
T:/crrfrf: 0.000000000 0.494971937 0.505028063
T:/crrrcc: 0.000000000 0.230248268 0.769751732
T:/crrrcf: 0.000000000 0.869294445 0.130705555
T:/crrrfc: 0.000000000 0.050035954 0.949964046
T:/crrrff: 0.000000000 0.472851620 0.527148380
T:/rc: 0.000000000 0.477652880 0.522347120
T:/rccrcc: 0.272464327 0.383194751 0.344340922
T:/rccrcf: 0.702638746 0.157772295 0.139588959
T:/rccrcr: 0.000000000 0.312003247 0.687996753
T:/rccrfc: 0.085084597 0.247029886 0.667885517
T:/rccrff: 0.250116683 0.562272987 0.187610330
T:/rccrfr: 0.000000000 0.234319127 0.765680873
T:/rccrrc: 0.000000000 0.334850687 0.665149313
T:/rccrrf: 0.000000000 0.524761605 0.475238395
T:/rcrccr: 0.000000000 0.397240452 0.602759548
T:/rcrcfr: 0.000000000 0.647690260 0.352309740
T:/rcrcrc: 0.000000000 0.262749346 0.737250654
T:/rcrcrf: 0.000000000 0.217293088 0.782706912
T:/rcrfcr: 0.000000000 0.313592743 0.686407257
T:/rcrffr: 0.000000000 0.139557302 0.860442698
T:/rcrfrc: 0.000000000 0.716172697 0.283827303
T:/rcrfrf: 0.000000000 0.156440542 0.843559458
T:/rcrrcc: 0.000000000 0.589452595 0.410547405
T:/rcrrcf: 0.000000000 0.964405011 0.035594989
T:/rcrrfc: 0.000000000 0.732334678 0.267665322
T:/rcrrff: 0.000000000 0.373983215 0.626016785
T:/rf: 0.021781304 0.000000000 0.978218696
T:/rfcrc: 0.173009425 0.406452128 0.420538447
T:/rfcrf: 0.540909687 0.166326903 0.292763411
T:/rfcrr: 0.000000000 0.139979011 0.860020989
T:/rfrcr: 0.000000000 0.184643500 0.815356500
T:/rfrfr: 0.000000000 0.574663335 0.425336665
T:/rfrrc: 0.000000000 0.264988743 0.735011257
T:/rfrrf: 0.000000000 0.434567851 0.565432149
T:/rr: 0.000000000 0.005142950 0.994857050
T:/rrccrc: 0.000000000 0.501728438 0.498271562
T:/rrccrf: 0.000000000 0.483454438 0.516545562
T:/rrcfrc: 0.000000000 0.093603499 0.906396501
T:/rrcfrf: 0.000000000 0.755155957 0.244844043
T:/rrcrcc: 0.000000000 0.397932945 0.602067055
T:/rrcrcf: 0.000000000 0.008597709 0.991402291
T:/rrcrfc: 0.000000000 0.444614891 0.555385109
T:/rrcrff: 0.000000000 0.475574885 0.524425115
