A:/: 1.000000000 0.000000000 0.000000000
A:/ccr: 0.000000000 0.999186986 0.000813014
A:/crc: 0.000000000 0.999500102 0.000499898
A:/crf: 0.000000000 0.999386479 0.000613521
AA:/ccc/: 0.339857822 0.660142178 0.000000000
AA:/ccc/ccr: 0.000000000 0.326180356 0.673819644
AA:/ccc/crc: 0.000000000 0.485233352 0.514766648
AA:/ccc/crf: 0.000000000 0.999960334 0.000039666
AA:/ccrcc/: 0.621142465 0.378857535 0.000000000
AA:/ccrcc/ccr: 0.000000000 0.749295230 0.250704770
AA:/ccrcc/crc: 0.000000000 0.847405516 0.152594484
AA:/ccrcc/crf: 0.000000000 0.750533140 0.249466860
AA:/ccrcf/: 0.565024067 0.434975933 0.000000000
AA:/ccrcf/cr: 0.000000000 0.611907904 0.388092096
AA:/crcc/: 0.999990841 0.000009159 0.000000000
AA:/crcc/ccr: 0.000000000 0.293079647 0.706920353
AA:/crcc/crc: 0.000000000 0.609998258 0.390001742
AA:/crcc/crf: 0.000000000 0.999875304 0.000124696
AA:/crfc/: 0.783504527 0.216495473 0.000000000
AA:/crfc/cr: 0.000000000 0.999949360 0.000050640
AA:/rcc/: 0.613165852 0.386834148 0.000000000
AA:/rcc/ccr: 0.000000000 0.386975598 0.613024402
AA:/rcc/crc: 0.000000000 0.492813789 0.507186211
AA:/rcc/crf: 0.000000000 0.704090737 0.295909263
AA:/rcf/: 0.524109550 0.475890450 0.000000000
AA:/rcf/cr: 0.000000000 1.000000000 0.000000000
AA:/rfc/: 0.534781178 0.465218822 0.000000000
AA:/rfc/cr: 0.000000000 0.479838534 0.520161466
AJ:/ccc/: 0.920698169 0.079301831 0.000000000
AJ:/ccc/ccr: 0.000000000 0.745475999 0.254524001
AJ:/ccc/crc: 0.000000000 0.979108767 0.020891233
AJ:/ccc/crf: 0.000000000 0.885756873 0.114243127
AJ:/ccrcc/: 0.341741190 0.658258810 0.000000000
AJ:/ccrcc/ccr: 0.000000000 0.425074797 0.574925203
AJ:/ccrcc/crc: 0.000000000 0.144435941 0.855564059
AJ:/ccrcc/crf: 0.000000000 0.989128627 0.010871373
AJ:/ccrcf/: 0.711328220 0.288671780 0.000000000
AJ:/ccrcf/cr: 0.000000000 0.628379341 0.371620659
AJ:/crcc/: 0.402546503 0.597453497 0.000000000
AJ:/crcc/ccr: 0.000000000 0.858161097 0.141838903
AJ:/crcc/crc: 0.000000000 0.702408600 0.297591400
AJ:/crcc/crf: 0.000000000 0.999741016 0.000258984
AJ:/crfc/: 0.571900850 0.428099150 0.000000000
AJ:/crfc/cr: 0.000000000 0.999984319 0.000015681
AJ:/rcc/: 0.446027686 0.553972314 0.000000000
AJ:/rcc/ccr: 0.000000000 0.204821703 0.795178297
AJ:/rcc/crc: 0.000000000 0.372629508 0.627370492
AJ:/rcc/crf: 0.000000000 1.000000000 0.000000000
AJ:/rcf/: 0.951458114 0.048541886 0.000000000
AJ:/rcf/cr: 0.000000000 1.000000000 0.000000000
AJ:/rfc/: 0.288989668 0.711010332 0.000000000
AJ:/rfc/cr: 0.000000000 0.460205341 0.539794659
AK:/ccc/: 0.072595872 0.927404128 0.000000000
AK:/ccc/ccr: 0.000000000 0.044681891 0.955318109
AK:/ccc/crc: 0.000000000 0.256448841 0.743551159
AK:/ccc/crf: 0.000000000 0.999924827 0.000075173
AK:/ccrcc/: 0.920045144 0.079954856 0.000000000
AK:/ccrcc/ccr: 0.000000000 0.521336388 0.478663612
AK:/ccrcc/crc: 0.000000000 0.450058689 0.549941311
AK:/ccrcc/crf: 0.000000000 0.884225278 0.115774722
AK:/ccrcf/: 0.950273084 0.049726916 0.000000000
AK:/ccrcf/cr: 0.000000000 0.537339615 0.462660385
AK:/crcc/: 0.999974788 0.000025212 0.000000000
AK:/crcc/ccr: 0.000000000 0.690292449 0.309707551
AK:/crcc/crc: 0.000000000 0.808915325 0.191084675
AK:/crcc/crf: 0.000000000 0.707650969 0.292349031
AK:/crfc/: 0.827126132 0.172873868 0.000000000
AK:/crfc/cr: 0.000000000 0.999982001 0.000017999
AK:/rcc/: 0.466638600 0.533361400 0.000000000
AK:/rcc/ccr: 0.000000000 0.628874913 0.371125087
AK:/rcc/crc: 0.000000000 0.418015653 0.581984347
AK:/rcc/crf: 0.000000000 0.559645151 0.440354849
AK:/rcf/: 0.631038624 0.368961376 0.000000000
AK:/rcf/cr: 0.000000000 1.000000000 0.000000000
AK:/rfc/: 0.653037508 0.346962492 0.000000000
AK:/rfc/cr: 0.000000000 0.444491631 0.555508369
AQ:/ccc/: 0.254484892 0.745515108 0.000000000
AQ:/ccc/ccr: 0.000000000 0.441993760 0.558006240
AQ:/ccc/crc: 0.000000000 0.578971987 0.421028013
AQ:/ccc/crf: 0.000000000 0.604899520 0.395100480
AQ:/ccrcc/: 0.773691413 0.226308587 0.000000000
AQ:/ccrcc/ccr: 0.000000000 0.410945365 0.589054635
AQ:/ccrcc/crc: 0.000000000 0.946480894 0.053519106
AQ:/ccrcc/crf: 0.000000000 0.393928108 0.606071892
AQ:/ccrcf/: 0.985511253 0.014488747 0.000000000
AQ:/ccrcf/cr: 0.000000000 0.568528194 0.431471806
AQ:/crcc/: 0.380360739 0.619639261 0.000000000
AQ:/crcc/ccr: 0.000000000 0.547428057 0.452571943
AQ:/crcc/crc: 0.000000000 0.180769723 0.819230277
AQ:/crcc/crf: 0.000000000 0.999980644 0.000019356
AQ:/crfc/: 0.111428209 0.888571791 0.000000000
AQ:/crfc/cr: 0.000000000 1.000000000 0.000000000
AQ:/rcc/: 0.516111683 0.483888317 0.000000000
AQ:/rcc/ccr: 0.000000000 0.613992896 0.386007104
AQ:/rcc/crc: 0.000000000 0.967718330 0.032281670
AQ:/rcc/crf: 0.000000000 0.453733643 0.546266357
AQ:/rcf/: 0.536359491 0.463640509 0.000000000
AQ:/rcf/cr: 0.000000000 0.999990650 0.000009350
AQ:/rfc/: 0.383087460 0.616912540 0.000000000
AQ:/rfc/cr: 0.000000000 0.791539448 0.208460552
J:/: 0.998858711 0.001141289 0.000000000
J:/ccr: 0.000000000 0.000000000 1.000000000
J:/crc: 0.000000000 0.241776726 0.758223274
J:/crf: 0.000000000 0.999615230 0.000384770
JA:/ccc/: 0.690999220 0.309000780 0.000000000
JA:/ccc/ccr: 0.000000000 0.348900073 0.651099927
JA:/ccc/crc: 0.000000000 0.239306016 0.760693984
JA:/ccc/crf: 0.000000000 0.881400925 0.118599075
JA:/ccrcc/: 0.753651695 0.246348305 0.000000000
JA:/ccrcc/ccr: 0.000000000 0.448271491 0.551728509
JA:/ccrcc/crc: 0.000000000 0.932819436 0.067180564
JA:/ccrcc/crf: 0.000000000 0.566258913 0.433741087
JA:/ccrcf/: 0.496133701 0.503866299 0.000000000
JA:/ccrcf/cr: 0.000000000 0.380893684 0.619106316
JA:/crcc/: 0.384259289 0.615740711 0.000000000
JA:/crcc/ccr: 0.000000000 0.312539939 0.687460061
JA:/crcc/crc: 0.000000000 0.586033176 0.413966824
JA:/crcc/crf: 0.000000000 0.658708979 0.341291021
JA:/crfc/: 0.420535758 0.579464242 0.000000000
JA:/crfc/cr: 0.000000000 0.283615123 0.716384877
JA:/rcc/: 0.447850271 0.552149729 0.000000000
JA:/rcc/ccr: 0.000000000 0.318164556 0.681835444
JA:/rcc/crc: 0.000000000 0.909511581 0.090488419
JA:/rcc/crf: 0.000000000 0.368242155 0.631757845
JA:/rcf/: 0.550798576 0.449201424 0.000000000
JA:/rcf/cr: 0.000000000 0.455402790 0.544597210
JA:/rfc/: 0.214432645 0.785567355 0.000000000
JA:/rfc/cr: 0.000000000 0.351114330 0.648885670
JJ:/ccc/: 0.530654810 0.469345190 0.000000000
JJ:/ccc/ccr: 0.000000000 0.658771698 0.341228302
JJ:/ccc/crc: 0.000000000 0.740072899 0.259927101
JJ:/ccc/crf: 0.000000000 1.000000000 0.000000000
JJ:/ccrcc/: 1.000000000 0.000000000 0.000000000
JJ:/ccrcc/ccr: 0.000000000 0.882425300 0.117574700
JJ:/ccrcc/crc: 0.000000000 0.046886076 0.953113924
JJ:/ccrcc/crf: 0.000000000 0.885034070 0.114965930
JJ:/ccrcf/: 0.434884920 0.565115080 0.000000000
JJ:/ccrcf/cr: 0.000000000 0.617800261 0.382199739
JJ:/crcc/: 0.310117434 0.689882566 0.000000000
JJ:/crcc/ccr: 0.000000000 0.775994443 0.224005557
JJ:/crcc/crc: 0.000000000 1.000000000 0.000000000
JJ:/crcc/crf: 0.000000000 0.999901216 0.000098784
JJ:/crfc/: 0.649055404 0.350944596 0.000000000
JJ:/crfc/cr: 0.000000000 1.000000000 0.000000000
JJ:/rcc/: 0.868052362 0.131947638 0.000000000
JJ:/rcc/ccr: 0.000000000 0.669672676 0.330327324
JJ:/rcc/crc: 0.000000000 1.000000000 0.000000000
JJ:/rcc/crf: 0.000000000 1.000000000 0.000000000
JJ:/rcf/: 0.662770498 0.337229502 0.000000000
JJ:/rcf/cr: 0.000000000 1.000000000 0.000000000
JJ:/rfc/: 0.870632989 0.129367011 0.000000000
JJ:/rfc/cr: 0.000000000 0.451488835 0.548511165
JK:/ccc/: 0.541427101 0.458572899 0.000000000
JK:/ccc/ccr: 0.000000000 0.383523257 0.616476743
JK:/ccc/crc: 0.000000000 0.860110203 0.139889797
JK:/ccc/crf: 0.000000000 0.421655353 0.578344647
JK:/ccrcc/: 0.650190876 0.349809124 0.000000000
JK:/ccrcc/ccr: 0.000000000 0.677326639 0.322673361
JK:/ccrcc/crc: 0.000000000 0.547555550 0.452444450
JK:/ccrcc/crf: 0.000000000 0.135708546 0.864291454
JK:/ccrcf/: 0.943638290 0.056361710 0.000000000
JK:/ccrcf/cr: 0.000000000 0.673972470 0.326027530
JK:/crcc/: 0.737138066 0.262861934 0.000000000
JK:/crcc/ccr: 0.000000000 0.822879172 0.177120828
JK:/crcc/crc: 0.000000000 0.174246247 0.825753753
JK:/crcc/crf: 0.000000000 0.428894033 0.571105967
JK:/crfc/: 0.306005414 0.693994586 0.000000000
JK:/crfc/cr: 0.000000000 0.586524942 0.413475058
JK:/rcc/: 0.028000623 0.971999377 0.000000000
JK:/rcc/ccr: 0.000000000 0.952696167 0.047303833
JK:/rcc/crc: 0.000000000 0.367061450 0.632938550
JK:/rcc/crf: 0.000000000 0.567732857 0.432267143
JK:/rcf/: 0.043285118 0.956714882 0.000000000
JK:/rcf/cr: 0.000000000 0.268999304 0.731000696
JK:/rfc/: 0.813494088 0.186505912 0.000000000
JK:/rfc/cr: 0.000000000 0.868906009 0.131093991
JQ:/ccc/: 0.339716282 0.660283718 0.000000000
JQ:/ccc/ccr: 0.000000000 0.182674608 0.817325392
JQ:/ccc/crc: 0.000000000 0.043033702 0.956966298
JQ:/ccc/crf: 0.000000000 0.802999328 0.197000672
JQ:/ccrcc/: 0.216603764 0.783396236 0.000000000
JQ:/ccrcc/ccr: 0.000000000 0.075008385 0.924991615
JQ:/ccrcc/crc: 0.000000000 0.611600687 0.388399313
JQ:/ccrcc/crf: 0.000000000 0.597115443 0.402884557
JQ:/ccrcf/: 0.578882720 0.421117280 0.000000000
JQ:/ccrcf/cr: 0.000000000 0.753957870 0.246042130
JQ:/crcc/: 0.041061040 0.958938960 0.000000000
JQ:/crcc/ccr: 0.000000000 0.858911524 0.141088476
JQ:/crcc/crc: 0.000000000 0.580664057 0.419335943
JQ:/crcc/crf: 0.000000000 0.608298131 0.391701869
JQ:/crfc/: 0.263384366 0.736615634 0.000000000
JQ:/crfc/cr: 0.000000000 0.441152371 0.558847629
JQ:/rcc/: 0.985585158 0.014414842 0.000000000
JQ:/rcc/ccr: 0.000000000 0.538485321 0.461514679
JQ:/rcc/crc: 0.000000000 0.631976530 0.368023470
JQ:/rcc/crf: 0.000000000 0.465349710 0.534650290
JQ:/rcf/: 0.564617672 0.435382328 0.000000000
JQ:/rcf/cr: 0.000000000 0.231209571 0.768790429
JQ:/rfc/: 0.815789490 0.184210510 0.000000000
JQ:/rfc/cr: 0.000000000 0.647012910 0.352987090
K:/: 1.000000000 0.000000000 0.000000000
K:/ccr: 0.000000000 0.999064492 0.000935508
K:/crc: 0.000000000 0.999321922 0.000678078
K:/crf: 0.000000000 1.000000000 0.000000000
KA:/ccc/: 0.476786252 0.523213748 0.000000000
KA:/ccc/ccr: 0.000000000 0.477468283 0.522531717
KA:/ccc/crc: 0.000000000 1.000000000 0.000000000
KA:/ccc/crf: 0.000000000 0.999964594 0.000035406
KA:/ccrcc/: 0.710732961 0.289267039 0.000000000
KA:/ccrcc/ccr: 0.000000000 0.772142580 0.227857420
KA:/ccrcc/crc: 0.000000000 0.576022382 0.423977618
KA:/ccrcc/crf: 0.000000000 1.000000000 0.000000000
KA:/ccrcf/: 0.314967315 0.685032685 0.000000000
KA:/ccrcf/cr: 0.000000000 0.838994429 0.161005571
KA:/crcc/: 0.737776958 0.262223042 0.000000000
KA:/crcc/ccr: 0.000000000 0.468557795 0.531442205
KA:/crcc/crc: 0.000000000 0.509429425 0.490570575
KA:/crcc/crf: 0.000000000 0.732321745 0.267678255
KA:/crfc/: 0.999997552 0.000002448 0.000000000
KA:/crfc/cr: 0.000000000 0.985065146 0.014934854
KA:/rcc/: 0.263123741 0.736876259 0.000000000
KA:/rcc/ccr: 0.000000000 0.607981558 0.392018442
KA:/rcc/crc: 0.000000000 0.856614341 0.143385659
KA:/rcc/crf: 0.000000000 0.477058132 0.522941868
KA:/rcf/: 0.774664957 0.225335043 0.000000000
KA:/rcf/cr: 0.000000000 1.000000000 0.000000000
KA:/rfc/: 0.734986250 0.265013750 0.000000000
KA:/rfc/cr: 0.000000000 0.642337407 0.357662593
KJ:/ccc/: 0.719027085 0.280972915 0.000000000
KJ:/ccc/ccr: 0.000000000 0.520293955 0.479706045
KJ:/ccc/crc: 0.000000000 0.173448063 0.826551937
KJ:/ccc/crf: 0.000000000 0.898176929 0.101823071
KJ:/ccrcc/: 0.679668970 0.320331030 0.000000000
KJ:/ccrcc/ccr: 0.000000000 0.492759888 0.507240112
KJ:/ccrcc/crc: 0.000000000 0.719586712 0.280413288
KJ:/ccrcc/crf: 0.000000000 0.843096341 0.156903659
KJ:/ccrcf/: 0.484164055 0.515835945 0.000000000
KJ:/ccrcf/cr: 0.000000000 0.780922245 0.219077755
KJ:/crcc/: 0.265327212 0.734672788 0.000000000
KJ:/crcc/ccr: 0.000000000 0.547236287 0.452763713
KJ:/crcc/crc: 0.000000000 0.066300807 0.933699193
KJ:/crcc/crf: 0.000000000 0.993922768 0.006077232
KJ:/crfc/: 0.199254781 0.800745219 0.000000000
KJ:/crfc/cr: 0.000000000 0.649374659 0.350625341
KJ:/rcc/: 0.364443550 0.635556450 0.000000000
KJ:/rcc/ccr: 0.000000000 0.907658584 0.092341416
KJ:/rcc/crc: 0.000000000 0.301320417 0.698679583
KJ:/rcc/crf: 0.000000000 0.607652800 0.392347200
KJ:/rcf/: 0.259519801 0.740480199 0.000000000
KJ:/rcf/cr: 0.000000000 0.939481030 0.060518970
KJ:/rfc/: 0.823506056 0.176493944 0.000000000
KJ:/rfc/cr: 0.000000000 0.360936646 0.639063354
KK:/ccc/: 0.664789333 0.335210667 0.000000000
KK:/ccc/ccr: 0.000000000 0.398576766 0.601423234
KK:/ccc/crc: 0.000000000 1.000000000 0.000000000
KK:/ccc/crf: 0.000000000 0.907620383 0.092379617
KK:/ccrcc/: 0.261719301 0.738280699 0.000000000
KK:/ccrcc/ccr: 0.000000000 0.262932742 0.737067258
KK:/ccrcc/crc: 0.000000000 0.911762739 0.088237261
KK:/ccrcc/crf: 0.000000000 0.999949666 0.000050334
KK:/ccrcf/: 0.572351099 0.427648901 0.000000000
KK:/ccrcf/cr: 0.000000000 0.544748220 0.455251780
KK:/crcc/: 0.764655384 0.235344616 0.000000000
KK:/crcc/ccr: 0.000000000 0.586591835 0.413408165
KK:/crcc/crc: 0.000000000 0.944249480 0.055750520
KK:/crcc/crf: 0.000000000 0.963254655 0.036745345
KK:/crfc/: 0.208404609 0.791595391 0.000000000
KK:/crfc/cr: 0.000000000 1.000000000 0.000000000
KK:/rcc/: 0.900595870 0.099404130 0.000000000
KK:/rcc/ccr: 0.000000000 0.838510691 0.161489309
KK:/rcc/crc: 0.000000000 0.466740901 0.533259099
KK:/rcc/crf: 0.000000000 0.558245249 0.441754751
KK:/rcf/: 0.819937989 0.180062011 0.000000000
KK:/rcf/cr: 0.000000000 1.000000000 0.000000000
KK:/rfc/: 0.142947655 0.857052345 0.000000000
KK:/rfc/cr: 0.000000000 0.395920073 0.604079927
KQ:/ccc/: 0.328087155 0.671912845 0.000000000
KQ:/ccc/ccr: 0.000000000 0.553496225 0.446503775
KQ:/ccc/crc: 0.000000000 0.323992640 0.676007360
KQ:/ccc/crf: 0.000000000 0.997429121 0.002570879
KQ:/ccrcc/: 0.999945842 0.000054158 0.000000000
KQ:/ccrcc/ccr: 0.000000000 0.662914818 0.337085182
KQ:/ccrcc/crc: 0.000000000 0.111117520 0.888882480
KQ:/ccrcc/crf: 0.000000000 0.999992508 0.000007492
KQ:/ccrcf/: 0.284760819 0.715239181 0.000000000
KQ:/ccrcf/cr: 0.000000000 0.318109430 0.681890570
KQ:/crcc/: 0.178853734 0.821146266 0.000000000
KQ:/crcc/ccr: 0.000000000 0.310450979 0.689549021
KQ:/crcc/crc: 0.000000000 0.459667052 0.540332948
KQ:/crcc/crf: 0.000000000 0.742601115 0.257398885
KQ:/crfc/: 0.572311223 0.427688777 0.000000000
KQ:/crfc/cr: 0.000000000 0.947494148 0.052505852
KQ:/rcc/: 0.362721737 0.637278263 0.000000000
KQ:/rcc/ccr: 0.000000000 0.441216865 0.558783135
KQ:/rcc/crc: 0.000000000 0.796746857 0.203253143
KQ:/rcc/crf: 0.000000000 0.556734074 0.443265926
KQ:/rcf/: 0.581650310 0.418349690 0.000000000
KQ:/rcf/cr: 0.000000000 0.650388861 0.349611139
KQ:/rfc/: 0.759468150 0.240531850 0.000000000
KQ:/rfc/cr: 0.000000000 0.264110226 0.735889774
Q:/: 1.000000000 0.000000000 0.000000000
Q:/ccr: 0.000000000 0.998308658 0.001691342
Q:/crc: 0.000000000 0.512962161 0.487037839
Q:/crf: 0.000000000 1.000000000 0.000000000
QA:/ccc/: 0.740485848 0.259514152 0.000000000
QA:/ccc/ccr: 0.000000000 0.119708231 0.880291769
QA:/ccc/crc: 0.000000000 0.083265471 0.916734529
QA:/ccc/crf: 0.000000000 0.630019733 0.369980267
QA:/ccrcc/: 0.953660318 0.046339682 0.000000000
QA:/ccrcc/ccr: 0.000000000 0.599478913 0.400521087
QA:/ccrcc/crc: 0.000000000 0.282282480 0.717717520
QA:/ccrcc/crf: 0.000000000 0.374894635 0.625105365
QA:/ccrcf/: 0.610067970 0.389932030 0.000000000
QA:/ccrcf/cr: 0.000000000 0.154469397 0.845530603
QA:/crcc/: 0.185501207 0.814498793 0.000000000
QA:/crcc/ccr: 0.000000000 0.273398517 0.726601483
QA:/crcc/crc: 0.000000000 0.500946135 0.499053865
QA:/crcc/crf: 0.000000000 0.600009368 0.399990632
QA:/crfc/: 0.999990372 0.000009628 0.000000000
QA:/crfc/cr: 0.000000000 0.702816419 0.297183581
QA:/rcc/: 0.000000000 1.000000000 0.000000000
QA:/rcc/ccr: 0.000000000 0.604673787 0.395326213
QA:/rcc/crc: 0.000000000 0.713567555 0.286432445
QA:/rcc/crf: 0.000000000 0.261822657 0.738177343
QA:/rcf/: 0.089984285 0.910015715 0.000000000
QA:/rcf/cr: 0.000000000 0.767817107 0.232182893
QA:/rfc/: 0.117796209 0.882203791 0.000000000
QA:/rfc/cr: 0.000000000 0.535403410 0.464596590
QJ:/ccc/: 0.363782320 0.636217680 0.000000000
QJ:/ccc/ccr: 0.000000000 0.424519666 0.575480334
QJ:/ccc/crc: 0.000000000 0.473339723 0.526660277
QJ:/ccc/crf: 0.000000000 0.040105957 0.959894043
QJ:/ccrcc/: 0.598457132 0.401542868 0.000000000
QJ:/ccrcc/ccr: 0.000000000 0.395201099 0.604798901
QJ:/ccrcc/crc: 0.000000000 0.441373696 0.558626304
QJ:/ccrcc/crf: 0.000000000 0.397922847 0.602077153
QJ:/ccrcf/: 0.521403222 0.478596778 0.000000000
QJ:/ccrcf/cr: 0.000000000 0.503438054 0.496561946
QJ:/crcc/: 0.068980465 0.931019535 0.000000000
QJ:/crcc/ccr: 0.000000000 0.169947771 0.830052229
QJ:/crcc/crc: 0.000000000 0.533466373 0.466533627
QJ:/crcc/crf: 0.000000000 0.405203788 0.594796212
QJ:/crfc/: 0.856305110 0.143694890 0.000000000
QJ:/crfc/cr: 0.000000000 0.075534305 0.924465695
QJ:/rcc/: 0.578362448 0.421637552 0.000000000
QJ:/rcc/ccr: 0.000000000 0.514561986 0.485438014
QJ:/rcc/crc: 0.000000000 0.411528145 0.588471855
QJ:/rcc/crf: 0.000000000 0.386139210 0.613860790
QJ:/rcf/: 0.190918777 0.809081223 0.000000000
QJ:/rcf/cr: 0.000000000 0.144402831 0.855597169
QJ:/rfc/: 0.166463533 0.833536467 0.000000000
QJ:/rfc/cr: 0.000000000 0.994511365 0.005488635
QK:/ccc/: 0.853849424 0.146150576 0.000000000
QK:/ccc/ccr: 0.000000000 0.369483653 0.630516347
QK:/ccc/crc: 0.000000000 0.432979347 0.567020653
QK:/ccc/crf: 0.000000000 0.628441714 0.371558286
QK:/ccrcc/: 0.754605837 0.245394163 0.000000000
QK:/ccrcc/ccr: 0.000000000 0.865982642 0.134017358
QK:/ccrcc/crc: 0.000000000 0.739514264 0.260485736
QK:/ccrcc/crf: 0.000000000 0.735680199 0.264319801
QK:/ccrcf/: 0.962118934 0.037881066 0.000000000
QK:/ccrcf/cr: 0.000000000 0.938748743 0.061251257
QK:/crcc/: 0.999957744 0.000042256 0.000000000
QK:/crcc/ccr: 0.000000000 0.031943555 0.968056445
QK:/crcc/crc: 0.000000000 0.297306324 0.702693676
QK:/crcc/crf: 0.000000000 0.399863238 0.600136762
QK:/crfc/: 0.043960782 0.956039218 0.000000000
QK:/crfc/cr: 0.000000000 0.987322714 0.012677286
QK:/rcc/: 0.000000000 1.000000000 0.000000000
QK:/rcc/ccr: 0.000000000 0.356641021 0.643358979
QK:/rcc/crc: 0.000000000 0.481174140 0.518825860
QK:/rcc/crf: 0.000000000 0.473527629 0.526472371
QK:/rcf/: 0.895480408 0.104519592 0.000000000
QK:/rcf/cr: 0.000000000 0.962292516 0.037707484
QK:/rfc/: 0.073612116 0.926387884 0.000000000
QK:/rfc/cr: 0.000000000 0.510521903 0.489478097
QQ:/ccc/: 0.710890706 0.289109294 0.000000000
QQ:/ccc/ccr: 0.000000000 0.793594035 0.206405965
QQ:/ccc/crc: 0.000000000 0.841239768 0.158760232
QQ:/ccc/crf: 0.000000000 0.970616816 0.029383184
QQ:/ccrcc/: 0.606521134 0.393478866 0.000000000
QQ:/ccrcc/ccr: 0.000000000 0.801262204 0.198737796
QQ:/ccrcc/crc: 0.000000000 0.798566967 0.201433033
QQ:/ccrcc/crf: 0.000000000 0.999976873 0.000023127
QQ:/ccrcf/: 0.404657325 0.595342675 0.000000000
QQ:/ccrcf/cr: 0.000000000 0.475153082 0.524846918
QQ:/crcc/: 0.540856179 0.459143821 0.000000000
QQ:/crcc/ccr: 0.000000000 0.395982393 0.604017607
QQ:/crcc/crc: 0.000000000 0.677138865 0.322861135
QQ:/crcc/crf: 0.000000000 1.000000000 0.000000000
QQ:/crfc/: 0.475328858 0.524671142 0.000000000
QQ:/crfc/cr: 0.000000000 1.000000000 0.000000000
QQ:/rcc/: 0.379893034 0.620106966 0.000000000
QQ:/rcc/ccr: 0.000000000 0.284476241 0.715523759
QQ:/rcc/crc: 0.000000000 0.781071353 0.218928647
QQ:/rcc/crf: 0.000000000 1.000000000 0.000000000
QQ:/rcf/: 0.502423845 0.497576155 0.000000000
QQ:/rcf/cr: 0.000000000 1.000000000 0.000000000
QQ:/rfc/: 0.525368892 0.474631108 0.000000000
QQ:/rfc/cr: 0.000000000 0.305435946 0.694564054
