A:/c: 1.000000000 0.000000000 0.000000000
A:/ccrc: 0.000000000 1.000000000 0.000000000
A:/ccrf: 0.000000000 1.000000000 0.000000000
A:/r: 0.000000000 1.000000000 0.000000000
AA:/ccc/c: 0.808108342 0.191891658 0.000000000
AA:/ccc/ccrc: 0.000000000 0.731522504 0.268477496
AA:/ccc/ccrf: 0.000000000 0.606522815 0.393477185
AA:/ccc/r: 0.000000000 1.000000000 0.000000000
AA:/ccrcc/c: 0.551770512 0.448229488 0.000000000
AA:/ccrcc/ccrc: 0.000000000 0.133042465 0.866957535
AA:/ccrcc/ccrf: 0.000000000 0.265902104 0.734097896
AA:/ccrcc/r: 0.000000000 0.597215752 0.402784248
AA:/ccrfc/: 0.658647477 0.341352523 0.000000000
AA:/ccrfc/cr: 0.000000000 0.646222696 0.353777304
AA:/crcc/c: 0.357399567 0.642600433 0.000000000
AA:/crcc/ccrc: 0.000000000 0.509904324 0.490095676
AA:/crcc/ccrf: 0.000000000 0.907393746 0.092606254
AA:/crcc/r: 0.000000000 1.000000000 0.000000000
AA:/crcf/: 0.790196868 0.209803132 0.000000000
AA:/crcf/cr: 0.000000000 0.655995145 0.344004855
AA:/crfc/c: 0.684418030 0.315581970 0.000000000
AA:/crfc/r: 0.000000000 1.000000000 0.000000000
AA:/rcc/c: 0.912679167 0.087320833 0.000000000
AA:/rcc/ccrc: 0.000000000 1.000000000 0.000000000
AA:/rcc/ccrf: 0.000000000 1.000000000 0.000000000
AA:/rcc/r: 0.000000000 1.000000000 0.000000000
AA:/rcf/c: 0.767139876 0.232860124 0.000000000
AA:/rcf/r: 0.000000000 1.000000000 0.000000000
AJ:/ccc/c: 0.538334727 0.461665273 0.000000000
AJ:/ccc/ccrc: 0.000000000 0.988242663 0.011757337
AJ:/ccc/ccrf: 0.000000000 0.334931872 0.665068128
AJ:/ccc/r: 0.000000000 0.364297491 0.635702509
AJ:/ccrcc/c: 0.461722078 0.538277922 0.000000000
AJ:/ccrcc/ccrc: 0.000000000 0.557419996 0.442580004
AJ:/ccrcc/ccrf: 0.000000000 0.580030274 0.419969726
AJ:/ccrcc/r: 0.000000000 0.706852343 0.293147657
AJ:/ccrfc/: 0.587118378 0.412881622 0.000000000
AJ:/ccrfc/cr: 0.000000000 0.797053430 0.202946570
AJ:/crcc/c: 0.539712047 0.460287953 0.000000000
AJ:/crcc/ccrc: 0.000000000 0.953161688 0.046838312
AJ:/crcc/ccrf: 0.000000000 0.965174022 0.034825978
AJ:/crcc/r: 0.000000000 0.923421579 0.076578421
AJ:/crcf/: 0.459491196 0.540508804 0.000000000
AJ:/crcf/cr: 0.000000000 0.574570605 0.425429395
AJ:/crfc/c: 0.357087392 0.642912608 0.000000000
AJ:/crfc/r: 0.000000000 0.530655660 0.469344340
AJ:/rcc/c: 0.599557013 0.400442987 0.000000000
AJ:/rcc/ccrc: 0.000000000 0.982782016 0.017217984
AJ:/rcc/ccrf: 0.000000000 1.000000000 0.000000000
AJ:/rcc/r: 0.000000000 1.000000000 0.000000000
AJ:/rcf/c: 0.879001141 0.120998859 0.000000000
AJ:/rcf/r: 0.000000000 1.000000000 0.000000000
AK:/ccc/c: 0.509881835 0.490118165 0.000000000
AK:/ccc/ccrc: 0.000000000 0.455813312 0.544186688
AK:/ccc/ccrf: 0.000000000 0.433778647 0.566221353
AK:/ccc/r: 0.000000000 0.999999997 0.000000003
AK:/ccrcc/c: 0.560756798 0.439243202 0.000000000
AK:/ccrcc/ccrc: 0.000000000 0.463176652 0.536823348
AK:/ccrcc/ccrf: 0.000000000 0.586796727 0.413203273
AK:/ccrcc/r: 0.000000000 0.539988294 0.460011706
AK:/ccrfc/: 0.509751499 0.490248501 0.000000000
AK:/ccrfc/cr: 0.000000000 0.404360422 0.595639578
AK:/crcc/c: 0.312252504 0.687747496 0.000000000
AK:/crcc/ccrc: 0.000000000 0.615958473 0.384041527
AK:/crcc/ccrf: 0.000000000 0.711861310 0.288138690
AK:/crcc/r: 0.000000000 0.926819178 0.073180822
AK:/crcf/: 0.770313827 0.229686173 0.000000000
AK:/crcf/cr: 0.000000000 0.735486966 0.264513034
AK:/crfc/c: 0.468349164 0.531650836 0.000000000
AK:/crfc/r: 0.000000000 0.485569946 0.514430054
AK:/rcc/c: 0.703032147 0.296967853 0.000000000
AK:/rcc/ccrc: 0.000000000 1.000000000 0.000000000
AK:/rcc/ccrf: 0.000000000 0.790562459 0.209437541
AK:/rcc/r: 0.000000000 0.745962943 0.254037057
AK:/rcf/c: 0.369423739 0.630576261 0.000000000
AK:/rcf/r: 0.000000000 1.000000000 0.000000000
AQ:/ccc/c: 0.236847011 0.763152989 0.000000000
AQ:/ccc/ccrc: 0.000000000 0.867154002 0.132845998
AQ:/ccc/ccrf: 0.000000000 0.206557274 0.793442726
AQ:/ccc/r: 0.000000000 0.346655552 0.653344448
AQ:/ccrcc/c: 0.638230304 0.361769696 0.000000000
AQ:/ccrcc/ccrc: 0.000000000 0.383433705 0.616566295
AQ:/ccrcc/ccrf: 0.000000000 0.713395581 0.286604419
AQ:/ccrcc/r: 0.000000000 0.719930166 0.280069834
AQ:/ccrfc/: 0.668341740 0.331658260 0.000000000
AQ:/ccrfc/cr: 0.000000000 0.417432196 0.582567804
AQ:/crcc/c: 0.826493958 0.173506042 0.000000000
AQ:/crcc/ccrc: 0.000000000 0.570578763 0.429421237
AQ:/crcc/ccrf: 0.000000000 0.756301440 0.243698560
AQ:/crcc/r: 0.000000000 0.763472481 0.236527519
AQ:/crcf/: 0.669681999 0.330318001 0.000000000
AQ:/crcf/cr: 0.000000000 0.583744924 0.416255076
AQ:/crfc/c: 0.376547625 0.623452375 0.000000000
AQ:/crfc/r: 0.000000000 0.795181625 0.204818375
AQ:/rcc/c: 0.985217052 0.014782948 0.000000000
AQ:/rcc/ccrc: 0.000000000 0.946618661 0.053381339
AQ:/rcc/ccrf: 0.000000000 1.000000000 0.000000000
AQ:/rcc/r: 0.000000000 1.000000000 0.000000000
AQ:/rcf/c: 0.596342522 0.403657478 0.000000000
AQ:/rcf/r: 0.000000000 1.000000000 0.000000000
J:/c: 0.058544439 0.941455561 0.000000000
J:/ccrc: 0.000000000 0.127347410 0.872652590
J:/ccrf: 0.000000000 0.845671121 0.154328879
J:/r: 0.000000000 1.000000000 0.000000000
JA:/ccc/c: 0.526807146 0.473192854 0.000000000
JA:/ccc/ccrc: 0.000000000 0.401928875 0.598071125
JA:/ccc/ccrf: 0.000000000 0.127315796 0.872684204
JA:/ccc/r: 0.000000000 0.076881125 0.923118875
JA:/ccrcc/c: 0.482163660 0.517836340 0.000000000
JA:/ccrcc/ccrc: 0.000000000 0.400179154 0.599820846
JA:/ccrcc/ccrf: 0.000000000 0.035389826 0.964610174
JA:/ccrcc/r: 0.000000000 0.497923841 0.502076159
JA:/ccrfc/: 0.603405700 0.396594300 0.000000000
JA:/ccrfc/cr: 0.000000000 0.147603144 0.852396856
JA:/crcc/c: 0.911447072 0.088552928 0.000000000
JA:/crcc/ccrc: 0.000000000 0.284123119 0.715876881
JA:/crcc/ccrf: 0.000000000 0.541857842 0.458142158
JA:/crcc/r: 0.000000000 0.975595454 0.024404546
JA:/crcf/: 0.124345305 0.875654695 0.000000000
JA:/crcf/cr: 0.000000000 0.459407417 0.540592583
JA:/crfc/c: 0.958061419 0.041938581 0.000000000
JA:/crfc/r: 0.000000000 0.561868255 0.438131745
JA:/rcc/c: 0.273784231 0.726215769 0.000000000
JA:/rcc/ccrc: 0.000000000 0.011827752 0.988172248
JA:/rcc/ccrf: 0.000000000 0.210438511 0.789561489
JA:/rcc/r: 0.000000000 0.383168204 0.616831796
JA:/rcf/c: 0.241348843 0.758651157 0.000000000
JA:/rcf/r: 0.000000000 0.244559794 0.755440206
JJ:/ccc/c: 0.732296129 0.267703871 0.000000000
JJ:/ccc/ccrc: 0.000000000 0.659587234 0.340412766
JJ:/ccc/ccrf: 0.000000000 0.797765282 0.202234718
JJ:/ccc/r: 0.000000000 0.795749682 0.204250318
JJ:/ccrcc/c: 0.430095397 0.569904603 0.000000000
JJ:/ccrcc/ccrc: 0.000000000 0.825858694 0.174141306
JJ:/ccrcc/ccrf: 0.000000000 0.566144937 0.433855063
JJ:/ccrcc/r: 0.000000000 0.645869275 0.354130725
JJ:/ccrfc/: 0.417572892 0.582427108 0.000000000
JJ:/ccrfc/cr: 0.000000000 0.501490326 0.498509674
JJ:/crcc/c: 0.164882710 0.835117290 0.000000000
JJ:/crcc/ccrc: 0.000000000 0.106390886 0.893609114
JJ:/crcc/ccrf: 0.000000000 0.799859022 0.200140978
JJ:/crcc/r: 0.000000000 0.334281179 0.665718821
JJ:/crcf/: 0.227881665 0.772118335 0.000000000
JJ:/crcf/cr: 0.000000000 0.562783786 0.437216214
JJ:/crfc/c: 0.276967766 0.723032234 0.000000000
JJ:/crfc/r: 0.000000000 0.448208079 0.551791921
JJ:/rcc/c: 0.728071325 0.271928675 0.000000000
JJ:/rcc/ccrc: 0.000000000 1.000000000 0.000000000
JJ:/rcc/ccrf: 0.000000000 1.000000000 0.000000000
JJ:/rcc/r: 0.000000000 1.000000000 0.000000000
JJ:/rcf/c: 0.494441944 0.505558056 0.000000000
JJ:/rcf/r: 0.000000000 1.000000000 0.000000000
JK:/ccc/c: 0.812160827 0.187839173 0.000000000
JK:/ccc/ccrc: 0.000000000 0.395479946 0.604520054
JK:/ccc/ccrf: 0.000000000 0.404897704 0.595102296
JK:/ccc/r: 0.000000000 0.379411788 0.620588212
JK:/ccrcc/c: 0.563432387 0.436567613 0.000000000
JK:/ccrcc/ccrc: 0.000000000 0.592326916 0.407673084
JK:/ccrcc/ccrf: 0.000000000 0.731688860 0.268311140
JK:/ccrcc/r: 0.000000000 0.532765985 0.467234015
JK:/ccrfc/: 0.962155848 0.037844152 0.000000000
JK:/ccrfc/cr: 0.000000000 0.930946858 0.069053142
JK:/crcc/c: 0.659970960 0.340029040 0.000000000
JK:/crcc/ccrc: 0.000000000 0.295495218 0.704504782
JK:/crcc/ccrf: 0.000000000 0.809174420 0.190825580
JK:/crcc/r: 0.000000000 0.350254567 0.649745433
JK:/crcf/: 0.557869364 0.442130636 0.000000000
JK:/crcf/cr: 0.000000000 0.464350493 0.535649507
JK:/crfc/c: 0.112939420 0.887060580 0.000000000
JK:/crfc/r: 0.000000000 0.931023920 0.068976080
JK:/rcc/c: 0.120418275 0.879581725 0.000000000
JK:/rcc/ccrc: 0.000000000 0.207427095 0.792572905
JK:/rcc/ccrf: 0.000000000 0.108944838 0.891055162
JK:/rcc/r: 0.000000000 0.297187140 0.702812860
JK:/rcf/c: 0.769995524 0.230004476 0.000000000
JK:/rcf/r: 0.000000000 0.295095387 0.704904613
JQ:/ccc/c: 0.376663491 0.623336509 0.000000000
JQ:/ccc/ccrc: 0.000000000 0.046983718 0.953016282
JQ:/ccc/ccrf: 0.000000000 0.460301513 0.539698487
JQ:/ccc/r: 0.000000000 0.466748164 0.533251836
JQ:/ccrcc/c: 0.318449037 0.681550963 0.000000000
JQ:/ccrcc/ccrc: 0.000000000 0.214170653 0.785829347
JQ:/ccrcc/ccrf: 0.000000000 0.694434561 0.305565439
JQ:/ccrcc/r: 0.000000000 0.314932976 0.685067024
JQ:/ccrfc/: 0.517517591 0.482482409 0.000000000
JQ:/ccrfc/cr: 0.000000000 0.494721361 0.505278639
JQ:/crcc/c: 0.516352873 0.483647127 0.000000000
JQ:/crcc/ccrc: 0.000000000 0.651787414 0.348212586
JQ:/crcc/ccrf: 0.000000000 0.059803042 0.940196958
JQ:/crcc/r: 0.000000000 0.722376710 0.277623290
JQ:/crcf/: 0.409765974 0.590234026 0.000000000
JQ:/crcf/cr: 0.000000000 0.801258512 0.198741488
JQ:/crfc/c: 0.679849929 0.320150071 0.000000000
JQ:/crfc/r: 0.000000000 0.150940293 0.849059707
JQ:/rcc/c: 0.341445252 0.658554748 0.000000000
JQ:/rcc/ccrc: 0.000000000 0.373934593 0.626065407
JQ:/rcc/ccrf: 0.000000000 0.177376004 0.822623996
JQ:/rcc/r: 0.000000000 0.211125775 0.788874225
JQ:/rcf/c: 0.254740236 0.745259764 0.000000000
JQ:/rcf/r: 0.000000000 0.067309334 0.932690666
K:/c: 0.813893419 0.186106581 0.000000000
K:/ccrc: 0.000000000 0.812888949 0.187111051
K:/ccrf: 0.000000000 1.000000000 0.000000000
K:/r: 0.000000000 1.000000000 0.000000000
KA:/ccc/c: 0.331363443 0.668636557 0.000000000
KA:/ccc/ccrc: 0.000000000 0.036331000 0.963669000
KA:/ccc/ccrf: 0.000000000 0.348582925 0.651417075
KA:/ccc/r: 0.000000000 0.253225079 0.746774921
KA:/ccrcc/c: 0.092861971 0.907138029 0.000000000
KA:/ccrcc/ccrc: 0.000000000 0.305655593 0.694344407
KA:/ccrcc/ccrf: 0.000000000 0.072773702 0.927226298
KA:/ccrcc/r: 0.000000000 0.417549423 0.582450577
KA:/ccrfc/: 0.614096337 0.385903663 0.000000000
KA:/ccrfc/cr: 0.000000000 0.958554729 0.041445271
KA:/crcc/c: 0.506211453 0.493788547 0.000000000
KA:/crcc/ccrc: 0.000000000 0.761424535 0.238575465
KA:/crcc/ccrf: 0.000000000 0.277297431 0.722702569
KA:/crcc/r: 0.000000000 0.359649886 0.640350114
KA:/crcf/: 0.530108530 0.469891470 0.000000000
KA:/crcf/cr: 0.000000000 0.628093542 0.371906458
KA:/crfc/c: 0.533695147 0.466304853 0.000000000
KA:/crfc/r: 0.000000000 0.930984157 0.069015843
KA:/rcc/c: 0.809685157 0.190314843 0.000000000
KA:/rcc/ccrc: 0.000000000 0.853879580 0.146120420
KA:/rcc/ccrf: 0.000000000 0.884706569 0.115293431
KA:/rcc/r: 0.000000000 1.000000000 0.000000000
KA:/rcf/c: 0.835313299 0.164686701 0.000000000
KA:/rcf/r: 0.000000000 1.000000000 0.000000000
KJ:/ccc/c: 0.927961035 0.072038965 0.000000000
KJ:/ccc/ccrc: 0.000000000 0.671890375 0.328109625
KJ:/ccc/ccrf: 0.000000000 0.671426085 0.328573915
KJ:/ccc/r: 0.000000000 0.879619931 0.120380069
KJ:/ccrcc/c: 0.729004528 0.270995472 0.000000000
KJ:/ccrcc/ccrc: 0.000000000 0.793910704 0.206089296
KJ:/ccrcc/ccrf: 0.000000000 0.365580432 0.634419568
KJ:/ccrcc/r: 0.000000000 0.215881248 0.784118752
KJ:/ccrfc/: 0.713224514 0.286775486 0.000000000
KJ:/ccrfc/cr: 0.000000000 0.637109331 0.362890669
KJ:/crcc/c: 0.769235074 0.230764926 0.000000000
KJ:/crcc/ccrc: 0.000000000 0.317890856 0.682109144
KJ:/crcc/ccrf: 0.000000000 0.494754112 0.505245888
KJ:/crcc/r: 0.000000000 0.533647896 0.466352104
KJ:/crcf/: 0.435207429 0.564792571 0.000000000
KJ:/crcf/cr: 0.000000000 0.528142594 0.471857406
KJ:/crfc/c: 0.536415137 0.463584863 0.000000000
KJ:/crfc/r: 0.000000000 0.801949626 0.198050374
KJ:/rcc/c: 0.299699084 0.700300916 0.000000000
KJ:/rcc/ccrc: 0.000000000 0.470821984 0.529178016
KJ:/rcc/ccrf: 0.000000000 0.174088647 0.825911353
KJ:/rcc/r: 0.000000000 0.586830312 0.413169688
KJ:/rcf/c: 0.883868853 0.116131147 0.000000000
KJ:/rcf/r: 0.000000000 0.785142310 0.214857690
KK:/ccc/c: 0.471732541 0.528267459 0.000000000
KK:/ccc/ccrc: 0.000000000 0.493432489 0.506567511
KK:/ccc/ccrf: 0.000000000 0.899992910 0.100007090
KK:/ccc/r: 0.000000000 0.328439222 0.671560778
KK:/ccrcc/c: 0.198511191 0.801488809 0.000000000
KK:/ccrcc/ccrc: 0.000000000 0.653194000 0.346806000
KK:/ccrcc/ccrf: 0.000000000 0.625856033 0.374143967
KK:/ccrcc/r: 0.000000000 0.738952793 0.261047207
KK:/ccrfc/: 0.849236470 0.150763530 0.000000000
KK:/ccrfc/cr: 0.000000000 0.598214088 0.401785912
KK:/crcc/c: 0.614088528 0.385911472 0.000000000
KK:/crcc/ccrc: 0.000000000 0.301668320 0.698331680
KK:/crcc/ccrf: 0.000000000 0.380939089 0.619060911
KK:/crcc/r: 0.000000000 1.000000000 0.000000000
KK:/crcf/: 0.661388136 0.338611864 0.000000000
KK:/crcf/cr: 0.000000000 0.322068612 0.677931388
KK:/crfc/c: 0.519119458 0.480880542 0.000000000
KK:/crfc/r: 0.000000000 0.834624479 0.165375521
KK:/rcc/c: 1.000000000 0.000000000 0.000000000
KK:/rcc/ccrc: 0.000000000 1.000000000 0.000000000
KK:/rcc/ccrf: 0.000000000 1.000000000 0.000000000
KK:/rcc/r: 0.000000000 1.000000000 0.000000000
KK:/rcf/c: 0.564846609 0.435153391 0.000000000
KK:/rcf/r: 0.000000000 1.000000000 0.000000000
KQ:/ccc/c: 0.148066659 0.851933341 0.000000000
KQ:/ccc/ccrc: 0.000000000 0.226051182 0.773948818
KQ:/ccc/ccrf: 0.000000000 0.473894557 0.526105443
KQ:/ccc/r: 0.000000000 0.585973224 0.414026776
KQ:/ccrcc/c: 0.957955321 0.042044679 0.000000000
KQ:/ccrcc/ccrc: 0.000000000 0.438815282 0.561184718
KQ:/ccrcc/ccrf: 0.000000000 0.362950313 0.637049687
KQ:/ccrcc/r: 0.000000000 0.183167468 0.816832532
KQ:/ccrfc/: 0.986678640 0.013321360 0.000000000
KQ:/ccrfc/cr: 0.000000000 0.572361005 0.427638995
KQ:/crcc/c: 0.737372862 0.262627138 0.000000000
KQ:/crcc/ccrc: 0.000000000 0.770527900 0.229472100
KQ:/crcc/ccrf: 0.000000000 0.509312206 0.490687794
KQ:/crcc/r: 0.000000000 0.653622937 0.346377063
KQ:/crcf/: 0.615344708 0.384655292 0.000000000
KQ:/crcf/cr: 0.000000000 0.550129684 0.449870316
KQ:/crfc/c: 0.011336442 0.988663558 0.000000000
KQ:/crfc/r: 0.000000000 0.759276935 0.240723065
KQ:/rcc/c: 0.365473102 0.634526898 0.000000000
KQ:/rcc/ccrc: 0.000000000 0.211382953 0.788617047
KQ:/rcc/ccrf: 0.000000000 0.513480383 0.486519617
KQ:/rcc/r: 0.000000000 0.752736588 0.247263412
KQ:/rcf/c: 0.328497542 0.671502458 0.000000000
KQ:/rcf/r: 0.000000000 0.898845745 0.101154255
Q:/c: 0.618618571 0.381381429 0.000000000
Q:/ccrc: 0.000000000 0.400375344 0.599624656
Q:/ccrf: 0.000000000 1.000000000 0.000000000
Q:/r: 0.000000000 1.000000000 0.000000000
QA:/ccc/c: 0.411201508 0.588798492 0.000000000
QA:/ccc/ccrc: 0.000000000 0.964561605 0.035438395
QA:/ccc/ccrf: 0.000000000 0.497673528 0.502326472
QA:/ccc/r: 0.000000000 0.999999994 0.000000006
QA:/ccrcc/c: 0.074582051 0.925417949 0.000000000
QA:/ccrcc/ccrc: 0.000000000 0.844045779 0.155954221
QA:/ccrcc/ccrf: 0.000000000 0.402882512 0.597117488
QA:/ccrcc/r: 0.000000000 0.499642424 0.500357576
QA:/ccrfc/: 0.313294166 0.686705834 0.000000000
QA:/ccrfc/cr: 0.000000000 0.830851528 0.169148472
QA:/crcc/c: 0.831823871 0.168176129 0.000000000
QA:/crcc/ccrc: 0.000000000 0.105642445 0.894357555
QA:/crcc/ccrf: 0.000000000 0.532465478 0.467534522
QA:/crcc/r: 0.000000000 0.662354800 0.337645200
QA:/crcf/: 0.089668898 0.910331102 0.000000000
QA:/crcf/cr: 0.000000000 0.292093374 0.707906626
QA:/crfc/c: 0.841809289 0.158190711 0.000000000
QA:/crfc/r: 0.000000000 0.482253410 0.517746590
QA:/rcc/c: 0.308511860 0.691488140 0.000000000
QA:/rcc/ccrc: 0.000000000 0.258447087 0.741552913
QA:/rcc/ccrf: 0.000000000 0.465487709 0.534512291
QA:/rcc/r: 0.000000000 0.570649314 0.429350686
QA:/rcf/c: 0.578553871 0.421446129 0.000000000
QA:/rcf/r: 0.000000000 0.719444547 0.280555453
QJ:/ccc/c: 0.730723602 0.269276398 0.000000000
QJ:/ccc/ccrc: 0.000000000 0.725705576 0.274294424
QJ:/ccc/ccrf: 0.000000000 0.550835925 0.449164075
QJ:/ccc/r: 0.000000000 0.118149780 0.881850220
QJ:/ccrcc/c: 0.407726465 0.592273535 0.000000000
QJ:/ccrcc/ccrc: 0.000000000 0.638193610 0.361806390
QJ:/ccrcc/ccrf: 0.000000000 0.607844212 0.392155788
QJ:/ccrcc/r: 0.000000000 0.489550871 0.510449129
QJ:/ccrfc/: 0.484185739 0.515814261 0.000000000
QJ:/ccrfc/cr: 0.000000000 0.773806467 0.226193533
QJ:/crcc/c: 0.054247899 0.945752101 0.000000000
QJ:/crcc/ccrc: 0.000000000 0.645480157 0.354519843
QJ:/crcc/ccrf: 0.000000000 0.486313083 0.513686917
QJ:/crcc/r: 0.000000000 0.422096295 0.577903705
QJ:/crcf/: 0.820508570 0.179491430 0.000000000
QJ:/crcf/cr: 0.000000000 0.648239452 0.351760548
QJ:/crfc/c: 0.035085086 0.964914914 0.000000000
QJ:/crfc/r: 0.000000000 0.406600190 0.593399810
QJ:/rcc/c: 0.434206936 0.565793064 0.000000000
QJ:/rcc/ccrc: 0.000000000 0.329919762 0.670080238
QJ:/rcc/ccrf: 0.000000000 0.655086553 0.344913447
QJ:/rcc/r: 0.000000000 0.064487720 0.935512280
QJ:/rcf/c: 0.101840190 0.898159810 0.000000000
QJ:/rcf/r: 0.000000000 0.121846003 0.878153997
QK:/ccc/c: 0.306347177 0.693652823 0.000000000
QK:/ccc/ccrc: 0.000000000 0.356611041 0.643388959
QK:/ccc/ccrf: 0.000000000 0.835466107 0.164533893
QK:/ccc/r: 0.000000000 0.651674695 0.348325305
QK:/ccrcc/c: 0.284167999 0.715832001 0.000000000
QK:/ccrcc/ccrc: 0.000000000 0.760385531 0.239614469
QK:/ccrcc/ccrf: 0.000000000 0.881492125 0.118507875
QK:/ccrcc/r: 0.000000000 0.207940236 0.792059764
QK:/ccrfc/: 0.541087003 0.458912997 0.000000000
QK:/ccrfc/cr: 0.000000000 0.280325516 0.719674484
QK:/crcc/c: 0.718688439 0.281311561 0.000000000
QK:/crcc/ccrc: 0.000000000 0.604783145 0.395216855
QK:/crcc/ccrf: 0.000000000 0.399409264 0.600590736
QK:/crcc/r: 0.000000000 0.488459100 0.511540900
QK:/crcf/: 0.792560555 0.207439445 0.000000000
QK:/crcf/cr: 0.000000000 0.451201398 0.548798602
QK:/crfc/c: 0.744042287 0.255957713 0.000000000
QK:/crfc/r: 0.000000000 0.627904488 0.372095512
QK:/rcc/c: 0.653651387 0.346348613 0.000000000
QK:/rcc/ccrc: 0.000000000 0.040552948 0.959447052
QK:/rcc/ccrf: 0.000000000 0.139992779 0.860007221
QK:/rcc/r: 0.000000000 0.345073564 0.654926436
QK:/rcf/c: 0.098793670 0.901206330 0.000000000
QK:/rcf/r: 0.000000000 0.754336716 0.245663284
QQ:/ccc/c: 0.850199733 0.149800267 0.000000000
QQ:/ccc/ccrc: 0.000000000 0.036199590 0.963800410
QQ:/ccc/ccrf: 0.000000000 0.869498994 0.130501006
QQ:/ccc/r: 0.000000000 0.646151219 0.353848781
QQ:/ccrcc/c: 0.571896250 0.428103750 0.000000000
QQ:/ccrcc/ccrc: 0.000000000 0.118787644 0.881212356
QQ:/ccrcc/ccrf: 0.000000000 0.230746095 0.769253905
QQ:/ccrcc/r: 0.000000000 0.818210373 0.181789627
QQ:/ccrfc/: 0.554292488 0.445707512 0.000000000
QQ:/ccrfc/cr: 0.000000000 0.400390608 0.599609392
QQ:/crcc/c: 0.944450306 0.055549694 0.000000000
QQ:/crcc/ccrc: 0.000000000 0.598851746 0.401148254
QQ:/crcc/ccrf: 0.000000000 0.492874896 0.507125104
QQ:/crcc/r: 0.000000000 0.736472463 0.263527537
QQ:/crcf/: 0.175800639 0.824199361 0.000000000
QQ:/crcf/cr: 0.000000000 1.000000000 0.000000000
QQ:/crfc/c: 0.435352304 0.564647696 0.000000000
QQ:/crfc/r: 0.000000000 1.000000000 0.000000000
QQ:/rcc/c: 1.000000000 0.000000000 0.000000000
QQ:/rcc/ccrc: 0.000000000 1.000000000 0.000000000
QQ:/rcc/ccrf: 0.000000000 1.000000000 0.000000000
QQ:/rcc/r: 0.000000000 1.000000000 0.000000000
QQ:/rcf/c: 0.590363370 0.409636630 0.000000000
QQ:/rcf/r: 0.000000000 1.000000000 0.000000000
