A:/cc: 0.460910913 0.539089087 0.000000000
A:/cr: 0.000000000 0.670608411 0.329391589
A:/rc: 0.000000000 1.000000000 0.000000000
A:/rf: 0.000000000 1.000000000 0.000000000
AA:/ccc/cc: 0.759580502 0.240419498 0.000000000
AA:/ccc/cr: 0.000000000 0.604900016 0.395099984
AA:/ccc/rc: 0.000000000 0.679191066 0.320808934
AA:/ccc/rf: 0.000000000 0.672129360 0.327870640
AA:/ccrcc/cc: 0.121816702 0.878183298 0.000000000
AA:/ccrcc/cr: 0.000000000 0.384526362 0.615473638
AA:/ccrcc/rc: 0.000000000 0.934551350 0.065448650
AA:/ccrcc/rf: 0.000000000 0.668329630 0.331670370
AA:/ccrcf/c: 0.491422094 0.508577906 0.000000000
AA:/ccrcf/r: 0.000000000 0.205293866 0.794706134
AA:/ccrfc/c: 0.638236288 0.361763712 0.000000000
AA:/ccrfc/r: 0.000000000 0.662841432 0.337158568
AA:/crcc/cc: 0.303597539 0.696402461 0.000000000
AA:/crcc/cr: 0.000000000 0.957170104 0.042829896
AA:/crcc/rc: 0.000000000 0.523339503 0.476660497
AA:/crcc/rf: 0.000000000 0.432191149 0.567808851
AA:/crcf/c: 0.728854419 0.271145581 0.000000000
AA:/crcf/r: 0.000000000 0.673361434 0.326638566
AA:/rcc/cc: 0.707304385 0.292695615 0.000000000
AA:/rcc/cr: 0.000000000 1.000000000 0.000000000
AA:/rcc/rc: 0.000000000 1.000000000 0.000000000
AA:/rcc/rf: 0.000000000 0.643208216 0.356791784
AA:/rfc/c: 0.593773815 0.406226185 0.000000000
AA:/rfc/r: 0.000000000 0.433288360 0.566711640
AJ:/ccc/cc: 0.552166204 0.447833796 0.000000000
AJ:/ccc/cr: 0.000000000 0.125338198 0.874661802
AJ:/ccc/rc: 0.000000000 0.062543950 0.937456050
AJ:/ccc/rf: 0.000000000 0.415628837 0.584371163
AJ:/ccrcc/cc: 0.792118626 0.207881374 0.000000000
AJ:/ccrcc/cr: 0.000000000 0.016363739 0.983636261
AJ:/ccrcc/rc: 0.000000000 0.305256146 0.694743854
AJ:/ccrcc/rf: 0.000000000 0.411946930 0.588053070
AJ:/ccrcf/c: 0.099239102 0.900760898 0.000000000
AJ:/ccrcf/r: 0.000000000 0.811729333 0.188270667
AJ:/ccrfc/c: 0.492264251 0.507735749 0.000000000
AJ:/ccrfc/r: 0.000000000 0.520595036 0.479404964
AJ:/crcc/cc: 0.494823668 0.505176332 0.000000000
AJ:/crcc/cr: 0.000000000 0.507424612 0.492575388
AJ:/crcc/rc: 0.000000000 0.493013704 0.506986296
AJ:/crcc/rf: 0.000000000 0.850306195 0.149693805
AJ:/crcf/c: 0.337700749 0.662299251 0.000000000
AJ:/crcf/r: 0.000000000 0.773812612 0.226187388
AJ:/rcc/cc: 0.286491634 0.713508366 0.000000000
AJ:/rcc/cr: 0.000000000 0.831760734 0.168239266
AJ:/rcc/rc: 0.000000000 1.000000000 0.000000000
AJ:/rcc/rf: 0.000000000 0.545015847 0.454984153
AJ:/rfc/c: 0.976634645 0.023365355 0.000000000
AJ:/rfc/r: 0.000000000 0.591278713 0.408721287
AK:/ccc/cc: 0.826835775 0.173164225 0.000000000
AK:/ccc/cr: 0.000000000 0.429556270 0.570443730
AK:/ccc/rc: 0.000000000 0.355565475 0.644434525
AK:/ccc/rf: 0.000000000 0.415214916 0.584785084
AK:/ccrcc/cc: 0.342801805 0.657198195 0.000000000
AK:/ccrcc/cr: 0.000000000 0.068419389 0.931580611
AK:/ccrcc/rc: 0.000000000 0.417060563 0.582939437
AK:/ccrcc/rf: 0.000000000 0.339049338 0.660950662
AK:/ccrcf/c: 0.121635487 0.878364513 0.000000000
AK:/ccrcf/r: 0.000000000 0.867994952 0.132005048
AK:/ccrfc/c: 0.444840046 0.555159954 0.000000000
AK:/ccrfc/r: 0.000000000 0.704571226 0.295428774
AK:/crcc/cc: 0.426497340 0.573502660 0.000000000
AK:/crcc/cr: 0.000000000 0.257772947 0.742227053
AK:/crcc/rc: 0.000000000 0.390069165 0.609930835
AK:/crcc/rf: 0.000000000 0.171707693 0.828292307
AK:/crcf/c: 0.959114937 0.040885063 0.000000000
AK:/crcf/r: 0.000000000 0.485906127 0.514093873
AK:/rcc/cc: 0.399565178 0.600434822 0.000000000
AK:/rcc/cr: 0.000000000 0.891155952 0.108844048
AK:/rcc/rc: 0.000000000 0.383948508 0.616051492
AK:/rcc/rf: 0.000000000 0.500800386 0.499199614
AK:/rfc/c: 0.820581291 0.179418709 0.000000000
AK:/rfc/r: 0.000000000 0.307431559 0.692568441
AQ:/ccc/cc: 0.375468308 0.624531692 0.000000000
AQ:/ccc/cr: 0.000000000 0.488497740 0.511502260
AQ:/ccc/rc: 0.000000000 0.463360843 0.536639157
AQ:/ccc/rf: 0.000000000 0.048939712 0.951060288
AQ:/ccrcc/cc: 0.829487919 0.170512081 0.000000000
AQ:/ccrcc/cr: 0.000000000 0.115390892 0.884609108
AQ:/ccrcc/rc: 0.000000000 0.238710558 0.761289442
AQ:/ccrcc/rf: 0.000000000 0.895330443 0.104669557
AQ:/ccrcf/c: 0.746672793 0.253327207 0.000000000
AQ:/ccrcf/r: 0.000000000 0.565159300 0.434840700
AQ:/ccrfc/c: 0.797771451 0.202228549 0.000000000
AQ:/ccrfc/r: 0.000000000 0.695811273 0.304188727
AQ:/crcc/cc: 0.546304357 0.453695643 0.000000000
AQ:/crcc/cr: 0.000000000 0.582830914 0.417169086
AQ:/crcc/rc: 0.000000000 0.645244126 0.354755874
AQ:/crcc/rf: 0.000000000 0.007823475 0.992176525
AQ:/crcf/c: 0.275062568 0.724937432 0.000000000
AQ:/crcf/r: 0.000000000 0.925105958 0.074894042
AQ:/rcc/cc: 0.046473652 0.953526348 0.000000000
AQ:/rcc/cr: 0.000000000 0.633539567 0.366460433
AQ:/rcc/rc: 0.000000000 1.000000000 0.000000000
AQ:/rcc/rf: 0.000000000 0.305435946 0.694564054
AQ:/rfc/c: 0.545180762 0.454819238 0.000000000
AQ:/rfc/r: 0.000000000 0.295982451 0.704017549
J:/cc: 0.567675786 0.432324214 0.000000000
J:/cr: 0.000000000 0.380794633 0.619205367
J:/rc: 0.000000000 0.077070363 0.922929637
J:/rf: 0.000000000 0.327521727 0.672478273
JA:/ccc/cc: 0.410437659 0.589562341 0.000000000
JA:/ccc/cr: 0.000000000 0.483782210 0.516217790
JA:/ccc/rc: 0.000000000 0.903242005 0.096757995
JA:/ccc/rf: 0.000000000 0.969456937 0.030543063
JA:/ccrcc/cc: 0.771836015 0.228163985 0.000000000
JA:/ccrcc/cr: 0.000000000 0.389966409 0.610033591
JA:/ccrcc/rc: 0.000000000 0.860214554 0.139785446
JA:/ccrcc/rf: 0.000000000 0.608366898 0.391633102
JA:/ccrcf/c: 0.152503883 0.847496117 0.000000000
JA:/ccrcf/r: 0.000000000 0.435613171 0.564386829
JA:/ccrfc/c: 0.460348034 0.539651966 0.000000000
JA:/ccrfc/r: 0.000000000 0.203389977 0.796610023
JA:/crcc/cc: 0.930217190 0.069782810 0.000000000
JA:/crcc/cr: 0.000000000 0.647616959 0.352383041
JA:/crcc/rc: 0.000000000 0.959379019 0.040620981
JA:/crcc/rf: 0.000000000 0.193883054 0.806116946
JA:/crcf/c: 0.747210141 0.252789859 0.000000000
JA:/crcf/r: 0.000000000 0.744357270 0.255642730
JA:/rcc/cc: 0.700791705 0.299208295 0.000000000
JA:/rcc/cr: 0.000000000 0.306294160 0.693705840
JA:/rcc/rc: 0.000000000 0.704277943 0.295722057
JA:/rcc/rf: 0.000000000 0.373705442 0.626294558
JA:/rfc/c: 0.984154731 0.015845269 0.000000000
JA:/rfc/r: 0.000000000 0.197956730 0.802043270
JJ:/ccc/cc: 0.835374524 0.164625476 0.000000000
JJ:/ccc/cr: 0.000000000 0.837340610 0.162659390
JJ:/ccc/rc: 0.000000000 0.332396350 0.667603650
JJ:/ccc/rf: 0.000000000 0.024441843 0.975558157
JJ:/ccrcc/cc: 0.486266955 0.513733045 0.000000000
JJ:/ccrcc/cr: 0.000000000 0.303608740 0.696391260
JJ:/ccrcc/rc: 0.000000000 0.036051313 0.963948687
JJ:/ccrcc/rf: 0.000000000 0.083433980 0.916566020
JJ:/ccrcf/c: 0.414574046 0.585425954 0.000000000
JJ:/ccrcf/r: 0.000000000 0.439032998 0.560967002
JJ:/ccrfc/c: 0.959070972 0.040929028 0.000000000
JJ:/ccrfc/r: 0.000000000 0.083750910 0.916249090
JJ:/crcc/cc: 0.290904654 0.709095346 0.000000000
JJ:/crcc/cr: 0.000000000 0.650134870 0.349865130
JJ:/crcc/rc: 0.000000000 0.285695635 0.714304365
JJ:/crcc/rf: 0.000000000 0.163491160 0.836508840
JJ:/crcf/c: 0.560659038 0.439340962 0.000000000
JJ:/crcf/r: 0.000000000 0.760755576 0.239244424
JJ:/rcc/cc: 0.556752502 0.443247498 0.000000000
JJ:/rcc/cr: 0.000000000 1.000000000 0.000000000
JJ:/rcc/rc: 0.000000000 1.000000000 0.000000000
JJ:/rcc/rf: 0.000000000 0.223882407 0.776117593
JJ:/rfc/c: 0.403597643 0.596402357 0.000000000
JJ:/rfc/r: 0.000000000 0.437191833 0.562808167
JK:/ccc/cc: 0.309904697 0.690095303 0.000000000
JK:/ccc/cr: 0.000000000 0.828900259 0.171099741
JK:/ccc/rc: 0.000000000 0.564864546 0.435135454
JK:/ccc/rf: 0.000000000 0.363503721 0.636496279
JK:/ccrcc/cc: 0.452396596 0.547603404 0.000000000
JK:/ccrcc/cr: 0.000000000 0.700688221 0.299311779
JK:/ccrcc/rc: 0.000000000 0.875884386 0.124115614
JK:/ccrcc/rf: 0.000000000 0.086618700 0.913381300
JK:/ccrcf/c: 0.435712655 0.564287345 0.000000000
JK:/ccrcf/r: 0.000000000 0.703528914 0.296471086
JK:/ccrfc/c: 0.458490982 0.541509018 0.000000000
JK:/ccrfc/r: 0.000000000 0.728305265 0.271694735
JK:/crcc/cc: 0.180011280 0.819988720 0.000000000
JK:/crcc/cr: 0.000000000 0.541686783 0.458313217
JK:/crcc/rc: 0.000000000 0.273947707 0.726052293
JK:/crcc/rf: 0.000000000 0.342839383 0.657160617
JK:/crcf/c: 0.315850623 0.684149377 0.000000000
JK:/crcf/r: 0.000000000 0.936770506 0.063229494
JK:/rcc/cc: 0.794994122 0.205005878 0.000000000
JK:/rcc/cr: 0.000000000 0.124395347 0.875604653
JK:/rcc/rc: 0.000000000 0.374328648 0.625671352
JK:/rcc/rf: 0.000000000 0.269037425 0.730962575
JK:/rfc/c: 0.759713814 0.240286186 0.000000000
JK:/rfc/r: 0.000000000 0.411307566 0.588692434
JQ:/ccc/cc: 0.743296219 0.256703781 0.000000000
JQ:/ccc/cr: 0.000000000 0.550492765 0.449507235
JQ:/ccc/rc: 0.000000000 0.153660941 0.846339059
JQ:/ccc/rf: 0.000000000 0.747199153 0.252800847
JQ:/ccrcc/cc: 0.937160163 0.062839837 0.000000000
JQ:/ccrcc/cr: 0.000000000 0.555909032 0.444090968
JQ:/ccrcc/rc: 0.000000000 0.574642743 0.425357257
JQ:/ccrcc/rf: 0.000000000 0.540707691 0.459292309
JQ:/ccrcf/c: 0.289454952 0.710545048 0.000000000
JQ:/ccrcf/r: 0.000000000 0.927477148 0.072522852
JQ:/ccrfc/c: 0.679903289 0.320096711 0.000000000
JQ:/ccrfc/r: 0.000000000 0.919468750 0.080531250
JQ:/crcc/cc: 0.663521487 0.336478513 0.000000000
JQ:/crcc/cr: 0.000000000 0.191322770 0.808677230
JQ:/crcc/rc: 0.000000000 0.159183376 0.840816624
JQ:/crcc/rf: 0.000000000 0.752627335 0.247372665
JQ:/crcf/c: 0.174039248 0.825960752 0.000000000
JQ:/crcf/r: 0.000000000 0.880511244 0.119488756
JQ:/rcc/cc: 0.000000000 1.000000000 0.000000000
JQ:/rcc/cr: 0.000000000 0.628450817 0.371549183
JQ:/rcc/rc: 0.000000000 0.061534361 0.938465639
JQ:/rcc/rf: 0.000000000 0.464736566 0.535263434
JQ:/rfc/c: 0.393090190 0.606909810 0.000000000
JQ:/rfc/r: 0.000000000 0.838122950 0.161877050
K:/cc: 0.048812662 0.951187338 0.000000000
K:/cr: 0.000000000 0.756534825 0.243465175
K:/rc: 0.000000000 0.885848829 0.114151171
K:/rf: 0.000000000 0.853898158 0.146101842
KA:/ccc/cc: 0.300834202 0.699165798 0.000000000
KA:/ccc/cr: 0.000000000 0.170352785 0.829647215
KA:/ccc/rc: 0.000000000 0.375362839 0.624637161
KA:/ccc/rf: 0.000000000 0.373752232 0.626247768
KA:/ccrcc/cc: 0.309736454 0.690263546 0.000000000
KA:/ccrcc/cr: 0.000000000 0.417218825 0.582781175
KA:/ccrcc/rc: 0.000000000 0.673116439 0.326883561
KA:/ccrcc/rf: 0.000000000 0.782666026 0.217333974
KA:/ccrcf/c: 0.439888900 0.560111100 0.000000000
KA:/ccrcf/r: 0.000000000 0.883974289 0.116025711
KA:/ccrfc/c: 0.545335524 0.454664476 0.000000000
KA:/ccrfc/r: 0.000000000 0.388554652 0.611445348
KA:/crcc/cc: 0.782779209 0.217220791 0.000000000
KA:/crcc/cr: 0.000000000 0.519820828 0.480179172
KA:/crcc/rc: 0.000000000 0.904975519 0.095024481
KA:/crcc/rf: 0.000000000 0.523131801 0.476868199
KA:/crcf/c: 0.923710237 0.076289763 0.000000000
KA:/crcf/r: 0.000000000 0.583812930 0.416187070
KA:/rcc/cc: 0.706209059 0.293790941 0.000000000
KA:/rcc/cr: 0.000000000 0.928797856 0.071202144
KA:/rcc/rc: 0.000000000 0.781467660 0.218532340
KA:/rcc/rf: 0.000000000 0.214432645 0.785567355
KA:/rfc/c: 0.551395197 0.448604803 0.000000000
KA:/rfc/r: 0.000000000 0.947175690 0.052824310
KJ:/ccc/cc: 0.321334658 0.678665342 0.000000000
KJ:/ccc/cr: 0.000000000 0.413366771 0.586633229
KJ:/ccc/rc: 0.000000000 0.295534728 0.704465272
KJ:/ccc/rf: 0.000000000 0.465763021 0.534236979
KJ:/ccrcc/cc: 0.442917747 0.557082253 0.000000000
KJ:/ccrcc/cr: 0.000000000 0.616255249 0.383744751
KJ:/ccrcc/rc: 0.000000000 0.254256373 0.745743627
KJ:/ccrcc/rf: 0.000000000 0.981312222 0.018687778
KJ:/ccrcf/c: 0.492507807 0.507492193 0.000000000
KJ:/ccrcf/r: 0.000000000 0.418919305 0.581080695
KJ:/ccrfc/c: 0.857755743 0.142244257 0.000000000
KJ:/ccrfc/r: 0.000000000 0.123233970 0.876766030
KJ:/crcc/cc: 0.065043807 0.934956193 0.000000000
KJ:/crcc/cr: 0.000000000 0.269066601 0.730933399
KJ:/crcc/rc: 0.000000000 0.436276138 0.563723862
KJ:/crcc/rf: 0.000000000 0.770971021 0.229028979
KJ:/crcf/c: 0.254939494 0.745060506 0.000000000
KJ:/crcf/r: 0.000000000 0.611317185 0.388682815
KJ:/rcc/cc: 0.407221371 0.592778629 0.000000000
KJ:/rcc/cr: 0.000000000 0.110503312 0.889496688
KJ:/rcc/rc: 0.000000000 0.522378018 0.477621982
KJ:/rcc/rf: 0.000000000 0.480015959 0.519984041
KJ:/rfc/c: 0.539922701 0.460077299 0.000000000
KJ:/rfc/r: 0.000000000 0.324762208 0.675237792
KK:/ccc/cc: 0.681642875 0.318357125 0.000000000
KK:/ccc/cr: 0.000000000 0.833404319 0.166595681
KK:/ccc/rc: 0.000000000 0.815767664 0.184232336
KK:/ccc/rf: 0.000000000 0.786675399 0.213324601
KK:/ccrcc/cc: 0.154761954 0.845238046 0.000000000
KK:/ccrcc/cr: 0.000000000 0.462658880 0.537341120
KK:/ccrcc/rc: 0.000000000 0.670682264 0.329317736
KK:/ccrcc/rf: 0.000000000 0.492543558 0.507456442
KK:/ccrcf/c: 0.498489314 0.501510686 0.000000000
KK:/ccrcf/r: 0.000000000 0.701020898 0.298979102
KK:/ccrfc/c: 0.870645793 0.129354207 0.000000000
KK:/ccrfc/r: 0.000000000 0.499483611 0.500516389
KK:/crcc/cc: 0.607977187 0.392022813 0.000000000
KK:/crcc/cr: 0.000000000 0.020628386 0.979371614
KK:/crcc/rc: 0.000000000 0.498062273 0.501937727
KK:/crcc/rf: 0.000000000 0.697750454 0.302249546
KK:/crcf/c: 0.731096422 0.268903578 0.000000000
KK:/crcf/r: 0.000000000 0.836614853 0.163385147
KK:/rcc/cc: 0.408982436 0.591017564 0.000000000
KK:/rcc/cr: 0.000000000 0.999957148 0.000042852
KK:/rcc/rc: 0.000000000 0.944386265 0.055613735
KK:/rcc/rf: 0.000000000 0.251165489 0.748834511
KK:/rfc/c: 0.514352517 0.485647483 0.000000000
KK:/rfc/r: 0.000000000 0.336765375 0.663234625
KQ:/ccc/cc: 0.571514665 0.428485335 0.000000000
KQ:/ccc/cr: 0.000000000 0.497298270 0.502701730
KQ:/ccc/rc: 0.000000000 0.504079490 0.495920510
KQ:/ccc/rf: 0.000000000 0.728116233 0.271883767
KQ:/ccrcc/cc: 0.433435833 0.566564167 0.000000000
KQ:/ccrcc/cr: 0.000000000 0.587551882 0.412448118
KQ:/ccrcc/rc: 0.000000000 0.388033389 0.611966611
KQ:/ccrcc/rf: 0.000000000 0.757501643 0.242498357
KQ:/ccrcf/c: 0.961871404 0.038128596 0.000000000
KQ:/ccrcf/r: 0.000000000 0.263163330 0.736836670
KQ:/ccrfc/c: 0.214392221 0.785607779 0.000000000
KQ:/ccrfc/r: 0.000000000 0.217752048 0.782247952
KQ:/crcc/cc: 0.648406082 0.351593918 0.000000000
KQ:/crcc/cr: 0.000000000 0.135898399 0.864101601
KQ:/crcc/rc: 0.000000000 0.913199925 0.086800075
KQ:/crcc/rf: 0.000000000 0.561478060 0.438521940
KQ:/crcf/c: 0.594692486 0.405307514 0.000000000
KQ:/crcf/r: 0.000000000 0.604347160 0.395652840
KQ:/rcc/cc: 0.529022290 0.470977710 0.000000000
KQ:/rcc/cr: 0.000000000 0.518614633 0.481385367
KQ:/rcc/rc: 0.000000000 0.650798848 0.349201152
KQ:/rcc/rf: 0.000000000 0.359296537 0.640703463
KQ:/rfc/c: 0.813467648 0.186532352 0.000000000
KQ:/rfc/r: 0.000000000 0.745453553 0.254546447
Q:/cc: 0.081898593 0.918101407 0.000000000
Q:/cr: 0.000000000 0.935461608 0.064538392
Q:/rc: 0.000000000 0.399788859 0.600211141
Q:/rf: 0.000000000 0.684328448 0.315671552
QA:/ccc/cc: 0.284717662 0.715282338 0.000000000
QA:/ccc/cr: 0.000000000 0.335845532 0.664154468
QA:/ccc/rc: 0.000000000 0.050687398 0.949312602
QA:/ccc/rf: 0.000000000 0.015575813 0.984424187
QA:/ccrcc/cc: 0.513370182 0.486629818 0.000000000
QA:/ccrcc/cr: 0.000000000 0.115879815 0.884120185
QA:/ccrcc/rc: 0.000000000 0.231596602 0.768403398
QA:/ccrcc/rf: 0.000000000 0.456707613 0.543292387
QA:/ccrcf/c: 0.303879745 0.696120255 0.000000000
QA:/ccrcf/r: 0.000000000 0.461121247 0.538878753
QA:/ccrfc/c: 0.752535983 0.247464017 0.000000000
QA:/ccrfc/r: 0.000000000 0.301477727 0.698522273
QA:/crcc/cc: 0.177948434 0.822051566 0.000000000
QA:/crcc/cr: 0.000000000 0.200452167 0.799547833
QA:/crcc/rc: 0.000000000 0.237080932 0.762919068
QA:/crcc/rf: 0.000000000 0.583698457 0.416301543
QA:/crcf/c: 0.471807585 0.528192415 0.000000000
QA:/crcf/r: 0.000000000 0.561212739 0.438787261
QA:/rcc/cc: 0.407702915 0.592297085 0.000000000
QA:/rcc/cr: 0.000000000 0.108110715 0.891889285
QA:/rcc/rc: 0.000000000 0.538446674 0.461553326
QA:/rcc/rf: 0.000000000 0.563034410 0.436965590
QA:/rfc/c: 0.877748680 0.122251320 0.000000000
QA:/rfc/r: 0.000000000 0.409566064 0.590433936
QJ:/ccc/cc: 0.923124126 0.076875874 0.000000000
QJ:/ccc/cr: 0.000000000 0.675284670 0.324715330
QJ:/ccc/rc: 0.000000000 0.875098853 0.124901147
QJ:/ccc/rf: 0.000000000 0.678610954 0.321389046
QJ:/ccrcc/cc: 0.378506510 0.621493490 0.000000000
QJ:/ccrcc/cr: 0.000000000 0.200849791 0.799150209
QJ:/ccrcc/rc: 0.000000000 0.328189416 0.671810584
QJ:/ccrcc/rf: 0.000000000 0.764256795 0.235743205
QJ:/ccrcf/c: 0.475791486 0.524208514 0.000000000
QJ:/ccrcf/r: 0.000000000 0.547529805 0.452470195
QJ:/ccrfc/c: 0.467344794 0.532655206 0.000000000
QJ:/ccrfc/r: 0.000000000 0.580002936 0.419997064
QJ:/crcc/cc: 0.757757386 0.242242614 0.000000000
QJ:/crcc/cr: 0.000000000 0.242621744 0.757378256
QJ:/crcc/rc: 0.000000000 0.206502569 0.793497431
QJ:/crcc/rf: 0.000000000 0.741884541 0.258115459
QJ:/crcf/c: 0.579295669 0.420704331 0.000000000
QJ:/crcf/r: 0.000000000 0.186415846 0.813584154
QJ:/rcc/cc: 0.000000000 1.000000000 0.000000000
QJ:/rcc/cr: 0.000000000 0.012685428 0.987314572
QJ:/rcc/rc: 0.000000000 0.053220098 0.946779902
QJ:/rcc/rf: 0.000000000 0.539026162 0.460973838
QJ:/rfc/c: 0.605437537 0.394562463 0.000000000
QJ:/rfc/r: 0.000000000 0.582332699 0.417667301
QK:/ccc/cc: 0.883043772 0.116956228 0.000000000
QK:/ccc/cr: 0.000000000 0.098227308 0.901772692
QK:/ccc/rc: 0.000000000 0.455481518 0.544518482
QK:/ccc/rf: 0.000000000 0.129694507 0.870305493
QK:/ccrcc/cc: 0.477191953 0.522808047 0.000000000
QK:/ccrcc/cr: 0.000000000 0.194874089 0.805125911
QK:/ccrcc/rc: 0.000000000 0.765288583 0.234711417
QK:/ccrcc/rf: 0.000000000 0.830084317 0.169915683
QK:/ccrcf/c: 0.517880183 0.482119817 0.000000000
QK:/ccrcf/r: 0.000000000 0.511960361 0.488039639
QK:/ccrfc/c: 0.302121434 0.697878566 0.000000000
QK:/ccrfc/r: 0.000000000 0.549320982 0.450679018
QK:/crcc/cc: 0.458708696 0.541291304 0.000000000
QK:/crcc/cr: 0.000000000 0.681416486 0.318583514
QK:/crcc/rc: 0.000000000 0.503994742 0.496005258
QK:/crcc/rf: 0.000000000 0.199220400 0.800779600
QK:/crcf/c: 0.542071465 0.457928535 0.000000000
QK:/crcf/r: 0.000000000 0.549748661 0.450251339
QK:/rcc/cc: 0.369991303 0.630008697 0.000000000
QK:/rcc/cr: 0.000000000 0.200425877 0.799574123
QK:/rcc/rc: 0.000000000 0.478774109 0.521225891
QK:/rcc/rf: 0.000000000 0.366623730 0.633376270
QK:/rfc/c: 0.784132602 0.215867398 0.000000000
QK:/rfc/r: 0.000000000 0.379599221 0.620400779
QQ:/ccc/cc: 0.357432602 0.642567398 0.000000000
QQ:/ccc/cr: 0.000000000 0.250632755 0.749367245
QQ:/ccc/rc: 0.000000000 0.458075143 0.541924857
QQ:/ccc/rf: 0.000000000 0.484728641 0.515271359
QQ:/ccrcc/cc: 0.489931719 0.510068281 0.000000000
QQ:/ccrcc/cr: 0.000000000 0.619914119 0.380085881
QQ:/ccrcc/rc: 0.000000000 0.604004261 0.395995739
QQ:/ccrcc/rf: 0.000000000 0.745379595 0.254620405
QQ:/ccrcf/c: 0.690642562 0.309357438 0.000000000
QQ:/ccrcf/r: 0.000000000 0.799297457 0.200702543
QQ:/ccrfc/c: 0.546458739 0.453541261 0.000000000
QQ:/ccrfc/r: 0.000000000 0.866012504 0.133987496
QQ:/crcc/cc: 0.725243292 0.274756708 0.000000000
QQ:/crcc/cr: 0.000000000 0.609161716 0.390838284
QQ:/crcc/rc: 0.000000000 0.159958000 0.840042000
QQ:/crcc/rf: 0.000000000 0.714369215 0.285630785
QQ:/crcf/c: 0.810981201 0.189018799 0.000000000
QQ:/crcf/r: 0.000000000 0.438213488 0.561786512
QQ:/rcc/cc: 0.491548453 0.508451547 0.000000000
QQ:/rcc/cr: 0.000000000 0.887571819 0.112428181
QQ:/rcc/rc: 0.000000000 1.000000000 0.000000000
QQ:/rcc/rf: 0.000000000 0.973308930 0.026691070
QQ:/rfc/c: 0.220931600 0.779068400 0.000000000
QQ:/rfc/r: 0.000000000 0.482712334 0.517287666
