A:/: 0.999881277 0.000118723 0.000000000
A:/ccr: 0.000000000 1.000000000 0.000000000
A:/crc: 0.000000000 1.000000000 0.000000000
A:/crf: 0.000000000 1.000000000 0.000000000
AJ:/ccc/: 0.524843958 0.475156042 0.000000000
AJ:/ccc/ccr: 0.000000000 0.940760245 0.059239755
AJ:/ccc/crc: 0.000000000 0.755702786 0.244297214
AJ:/ccc/crf: 0.000000000 0.950790982 0.049209018
AJ:/ccrcc/: 0.752821666 0.247178334 0.000000000
AJ:/ccrcc/ccr: 0.000000000 0.217391167 0.782608833
AJ:/ccrcc/crc: 0.000000000 0.534649066 0.465350934
AJ:/ccrcc/crf: 0.000000000 1.000000000 0.000000000
AJ:/ccrcf/: 0.316831995 0.683168005 0.000000000
AJ:/ccrcf/cr: 0.000000000 0.625089462 0.374910538
AJ:/crcc/: 0.000000000 1.000000000 0.000000000
AJ:/crcc/ccr: 0.000000000 1.000000000 0.000000000
AJ:/crcc/crc: 0.000000000 0.880172964 0.119827036
AJ:/crcc/crf: 0.000000000 1.000000000 0.000000000
AJ:/crfc/: 0.345928711 0.654071289 0.000000000
AJ:/crfc/cr: 0.000000000 1.000000000 0.000000000
AJ:/rcc/: 0.777271228 0.222728772 0.000000000
AJ:/rcc/ccr: 0.000000000 0.462102811 0.537897189
AJ:/rcc/crc: 0.000000000 0.823577279 0.176422721
AJ:/rcc/crf: 0.000000000 0.831648860 0.168351140
AJ:/rcf/: 0.351775101 0.648224899 0.000000000
AJ:/rcf/cr: 0.000000000 0.870065988 0.129934012
AJ:/rfc/: 0.582762904 0.417237096 0.000000000
AJ:/rfc/cr: 0.000000000 0.086788807 0.913211193
AK:/ccc/: 0.000006357 0.999993643 0.000000000
AK:/ccc/ccr: 0.000000000 1.000000000 0.000000000
AK:/ccc/crc: 0.000000000 1.000000000 0.000000000
AK:/ccc/crf: 0.000000000 1.000000000 0.000000000
AK:/ccrcc/: 0.990828822 0.009171178 0.000000000
AK:/ccrcc/ccr: 0.000000000 0.762043031 0.237956969
AK:/ccrcc/crc: 0.000000000 0.805830334 0.194169666
AK:/ccrcc/crf: 0.000000000 1.000000000 0.000000000
AK:/ccrcf/: 0.632136256 0.367863744 0.000000000
AK:/ccrcf/cr: 0.000000000 0.346843649 0.653156351
AK:/crcc/: 1.000000000 0.000000000 0.000000000
AK:/crcc/ccr: 0.000000000 1.000000000 0.000000000
AK:/crcc/crc: 0.000000000 1.000000000 0.000000000
AK:/crcc/crf: 0.000000000 1.000000000 0.000000000
AK:/crfc/: 0.997256851 0.002743149 0.000000000
AK:/crfc/cr: 0.000000000 1.000000000 0.000000000
AK:/rcc/: 0.230809510 0.769190490 0.000000000
AK:/rcc/ccr: 0.000000000 0.841434453 0.158565547
AK:/rcc/crc: 0.000000000 0.386088028 0.613911972
AK:/rcc/crf: 0.000000000 0.544748393 0.455251607
AK:/rcf/: 0.869547503 0.130452497 0.000000000
AK:/rcf/cr: 0.000000000 0.836833458 0.163166542
AK:/rfc/: 0.519605835 0.480394165 0.000000000
AK:/rfc/cr: 0.000000000 0.972847692 0.027152308
AQ:/ccc/: 0.797293834 0.202706166 0.000000000
AQ:/ccc/ccr: 0.000000000 1.000000000 0.000000000
AQ:/ccc/crc: 0.000000000 0.882391581 0.117608419
AQ:/ccc/crf: 0.000000000 0.871796545 0.128203455
AQ:/ccrcc/: 0.501030152 0.498969848 0.000000000
AQ:/ccrcc/ccr: 0.000000000 0.693818733 0.306181267
AQ:/ccrcc/crc: 0.000000000 0.332000009 0.667999991
AQ:/ccrcc/crf: 0.000000000 1.000000000 0.000000000
AQ:/ccrcf/: 0.340835624 0.659164376 0.000000000
AQ:/ccrcf/cr: 0.000000000 0.509633512 0.490366488
AQ:/crcc/: 0.000000000 1.000000000 0.000000000
AQ:/crcc/ccr: 0.000000000 1.000000000 0.000000000
AQ:/crcc/crc: 0.000000000 1.000000000 0.000000000
AQ:/crcc/crf: 0.000000000 1.000000000 0.000000000
AQ:/crfc/: 0.793458616 0.206541384 0.000000000
AQ:/crfc/cr: 0.000000000 1.000000000 0.000000000
AQ:/rcc/: 0.673530375 0.326469625 0.000000000
AQ:/rcc/ccr: 0.000000000 0.521151635 0.478848365
AQ:/rcc/crc: 0.000000000 0.677279674 0.322720326
AQ:/rcc/crf: 0.000000000 0.620942247 0.379057753
AQ:/rcf/: 0.393537874 0.606462126 0.000000000
AQ:/rcf/cr: 0.000000000 0.839938409 0.160061591
AQ:/rfc/: 0.982639801 0.017360199 0.000000000
AQ:/rfc/cr: 0.000000000 0.441940994 0.558059006
J:/: 0.000321209 0.999678791 0.000000000
J:/ccr: 0.000000000 0.000000000 1.000000000
J:/crc: 0.000000000 0.000858996 0.999141004
J:/crf: 0.000000000 1.000000000 0.000000000
JA:/ccc/: 0.235778363 0.764221637 0.000000000
JA:/ccc/ccr: 0.000000000 0.602830854 0.397169146
JA:/ccc/crc: 0.000000000 0.086148244 0.913851756
JA:/ccc/crf: 0.000000000 0.656561358 0.343438642
JA:/ccrcc/: 0.447266278 0.552733722 0.000000000
JA:/ccrcc/ccr: 0.000000000 0.161804143 0.838195857
JA:/ccrcc/crc: 0.000000000 0.538385865 0.461614135
JA:/ccrcc/crf: 0.000000000 0.365058986 0.634941014
JA:/ccrcf/: 0.371246224 0.628753776 0.000000000
JA:/ccrcf/cr: 0.000000000 0.532075338 0.467924662
JA:/crcc/: 1.000000000 0.000000000 0.000000000
JA:/crcc/ccr: 0.000000000 0.001342408 0.998657592
JA:/crcc/crc: 0.000000000 0.000000000 1.000000000
JA:/crcc/crf: 0.000000000 0.000000000 1.000000000
JA:/crfc/: 0.079952231 0.920047769 0.000000000
JA:/crfc/cr: 0.000000000 0.361627594 0.638372406
JA:/rcc/: 0.000000000 1.000000000 0.000000000
JA:/rcc/ccr: 0.000000000 0.186599192 0.813400808
JA:/rcc/crc: 0.000000000 0.324876110 0.675123890
JA:/rcc/crf: 0.000000000 0.108289755 0.891710245
JA:/rcf/: 1.000000000 0.000000000 0.000000000
JA:/rcf/cr: 0.000000000 0.000000000 1.000000000
JA:/rfc/: 0.781992766 0.218007234 0.000000000
JA:/rfc/cr: 0.000000000 0.461763849 0.538236151
JK:/ccc/: 0.140225379 0.859774621 0.000000000
JK:/ccc/ccr: 0.000000000 0.805964234 0.194035766
JK:/ccc/crc: 0.000000000 0.407103763 0.592896237
JK:/ccc/crf: 0.000000000 0.042698194 0.957301806
JK:/ccrcc/: 0.000000000 1.000000000 0.000000000
JK:/ccrcc/ccr: 0.000000000 0.664551563 0.335448437
JK:/ccrcc/crc: 0.000000000 0.793371797 0.206628203
JK:/ccrcc/crf: 0.000000000 0.158562766 0.841437234
JK:/ccrcf/: 0.682356063 0.317643937 0.000000000
JK:/ccrcf/cr: 0.000000000 0.492332156 0.507667844
JK:/crcc/: 0.998961601 0.001038399 0.000000000
JK:/crcc/ccr: 0.000000000 0.093649674 0.906350326
JK:/crcc/crc: 0.000000000 0.000000000 1.000000000
JK:/crcc/crf: 0.000000000 0.000000000 1.000000000
JK:/crfc/: 0.199332753 0.800667247 0.000000000
JK:/crfc/cr: 0.000000000 0.081959253 0.918040747
JK:/rcc/: 0.000000000 1.000000000 0.000000000
JK:/rcc/ccr: 0.000000000 0.877166408 0.122833592
JK:/rcc/crc: 0.000000000 0.404809911 0.595190089
JK:/rcc/crf: 0.000000000 0.541632772 0.458367228
JK:/rcf/: 0.000000000 1.000000000 0.000000000
JK:/rcf/cr: 0.000000000 0.000000000 1.000000000
JK:/rfc/: 0.359608861 0.640391139 0.000000000
JK:/rfc/cr: 0.000000000 0.524503909 0.475496091
JQ:/ccc/: 0.591515167 0.408484833 0.000000000
JQ:/ccc/ccr: 0.000000000 0.415282421 0.584717579
JQ:/ccc/crc: 0.000000000 0.654246698 0.345753302
JQ:/ccc/crf: 0.000000000 0.308085642 0.691914358
JQ:/ccrcc/: 0.901166518 0.098833482 0.000000000
JQ:/ccrcc/ccr: 0.000000000 0.624868150 0.375131850
JQ:/ccrcc/crc: 0.000000000 0.603423313 0.396576687
JQ:/ccrcc/crf: 0.000000000 0.469519089 0.530480911
JQ:/ccrcf/: 0.934471229 0.065528771 0.000000000
JQ:/ccrcf/cr: 0.000000000 0.369280693 0.630719307
JQ:/crcc/: 0.000000000 1.000000000 0.000000000
JQ:/crcc/ccr: 0.000000000 0.000000004 0.999999996
JQ:/crcc/crc: 0.000000000 0.000000000 1.000000000
JQ:/crcc/crf: 0.000000000 0.000000000 1.000000000
JQ:/crfc/: 0.168892576 0.831107424 0.000000000
JQ:/crfc/cr: 0.000000000 0.626645292 0.373354708
JQ:/rcc/: 0.000000000 1.000000000 0.000000000
JQ:/rcc/ccr: 0.000000000 0.263566880 0.736433120
JQ:/rcc/crc: 0.000000000 0.497237868 0.502762132
JQ:/rcc/crf: 0.000000000 0.431618609 0.568381391
JQ:/rcf/: 0.000849080 0.999150920 0.000000000
JQ:/rcf/cr: 0.000000000 0.000000000 1.000000000
JQ:/rfc/: 0.558098935 0.441901065 0.000000000
JQ:/rfc/cr: 0.000000000 0.659932147 0.340067853
K:/: 1.000000000 0.000000000 0.000000000
K:/ccr: 0.000000000 0.000032776 0.999967224
K:/crc: 0.000000000 0.995228629 0.004771371
K:/crf: 0.000000000 1.000000000 0.000000000
KA:/ccc/: 0.579415514 0.420584486 0.000000000
KA:/ccc/ccr: 0.000000000 1.000000000 0.000000000
KA:/ccc/crc: 0.000000000 1.000000000 0.000000000
KA:/ccc/crf: 0.000000000 1.000000000 0.000000000
KA:/ccrcc/: 1.000000000 0.000000000 0.000000000
KA:/ccrcc/ccr: 0.000000000 0.445878272 0.554121728
KA:/ccrcc/crc: 0.000000000 1.000000000 0.000000000
KA:/ccrcc/crf: 0.000000000 0.237875706 0.762124294
KA:/ccrcf/: 0.154319512 0.845680488 0.000000000
KA:/ccrcf/cr: 0.000000000 0.449318023 0.550681977
KA:/crcc/: 0.999982554 0.000017446 0.000000000
KA:/crcc/ccr: 0.000000000 1.000000000 0.000000000
KA:/crcc/crc: 0.000000000 1.000000000 0.000000000
KA:/crcc/crf: 0.000000000 1.000000000 0.000000000
KA:/crfc/: 0.424006253 0.575993747 0.000000000
KA:/crfc/cr: 0.000000000 1.000000000 0.000000000
KA:/rcc/: 0.839078114 0.160921886 0.000000000
KA:/rcc/ccr: 0.000000000 0.677370647 0.322629353
KA:/rcc/crc: 0.000000000 0.354152184 0.645847816
KA:/rcc/crf: 0.000000000 0.873706649 0.126293351
KA:/rcf/: 0.001889808 0.998110192 0.000000000
KA:/rcf/cr: 0.000000000 1.000000000 0.000000000
KA:/rfc/: 0.176826260 0.823173740 0.000000000
KA:/rfc/cr: 0.000000000 0.182280160 0.817719840
KJ:/ccc/: 0.571448514 0.428551486 0.000000000
KJ:/ccc/ccr: 0.000000000 0.865834147 0.134165853
KJ:/ccc/crc: 0.000000000 0.724249413 0.275750587
KJ:/ccc/crf: 0.000000000 0.616266616 0.383733384
KJ:/ccrcc/: 0.615457923 0.384542077 0.000000000
KJ:/ccrcc/ccr: 0.000000000 0.598558262 0.401441738
KJ:/ccrcc/crc: 0.000000000 0.738106611 0.261893389
KJ:/ccrcc/crf: 0.000000000 1.000000000 0.000000000
KJ:/ccrcf/: 0.673712048 0.326287952 0.000000000
KJ:/ccrcf/cr: 0.000000000 0.873452080 0.126547920
KJ:/crcc/: 0.997990013 0.002009987 0.000000000
KJ:/crcc/ccr: 0.000000000 0.000725103 0.999274897
KJ:/crcc/crc: 0.000000000 0.685889000 0.314111000
KJ:/crcc/crf: 0.000000000 0.519996111 0.480003889
KJ:/crfc/: 0.463751834 0.536248166 0.000000000
KJ:/crfc/cr: 0.000000000 0.287047483 0.712952517
KJ:/rcc/: 0.540263153 0.459736847 0.000000000
KJ:/rcc/ccr: 0.000000000 0.411660602 0.588339398
KJ:/rcc/crc: 0.000000000 0.282567118 0.717432882
KJ:/rcc/crf: 0.000000000 0.857230793 0.142769207
KJ:/rcf/: 0.000849518 0.999150482 0.000000000
KJ:/rcf/cr: 0.000000000 0.000000000 1.000000000
KJ:/rfc/: 0.174400579 0.825599421 0.000000000
KJ:/rfc/cr: 0.000000000 0.485841180 0.514158820
KQ:/ccc/: 0.019084711 0.980915289 0.000000000
KQ:/ccc/ccr: 0.000000000 0.235897578 0.764102422
KQ:/ccc/crc: 0.000000000 0.702566205 0.297433795
KQ:/ccc/crf: 0.000000000 0.605895414 0.394104586
KQ:/ccrcc/: 0.608371219 0.391628781 0.000000000
KQ:/ccrcc/ccr: 0.000000000 0.518223354 0.481776646
KQ:/ccrcc/crc: 0.000000000 0.268386419 0.731613581
KQ:/ccrcc/crf: 0.000000000 1.000000000 0.000000000
KQ:/ccrcf/: 0.477839202 0.522160798 0.000000000
KQ:/ccrcf/cr: 0.000000000 0.640805938 0.359194062
KQ:/crcc/: 0.998769725 0.001230275 0.000000000
KQ:/crcc/ccr: 0.000000000 0.507437549 0.492562451
KQ:/crcc/crc: 0.000000000 0.000000000 1.000000000
KQ:/crcc/crf: 0.000000000 0.785489774 0.214510226
KQ:/crfc/: 0.999658495 0.000341505 0.000000000
KQ:/crfc/cr: 0.000000000 0.000000000 1.000000000
KQ:/rcc/: 0.279099745 0.720900255 0.000000000
KQ:/rcc/ccr: 0.000000000 0.335528022 0.664471978
KQ:/rcc/crc: 0.000000000 0.744437521 0.255562479
KQ:/rcc/crf: 0.000000000 0.255630907 0.744369093
KQ:/rcf/: 0.000849521 0.999150479 0.000000000
KQ:/rcf/cr: 0.000000000 0.000000000 1.000000000
KQ:/rfc/: 0.440233478 0.559766522 0.000000000
KQ:/rfc/cr: 0.000000000 0.250076433 0.749923567
Q:/: 1.000000000 0.000000000 0.000000000
Q:/ccr: 0.000000000 0.000000000 1.000000000
Q:/crc: 0.000000000 0.002702486 0.997297514
Q:/crf: 0.000000000 1.000000000 0.000000000
QA:/ccc/: 0.138302897 0.861697103 0.000000000
QA:/ccc/ccr: 0.000000000 0.499385199 0.500614801
QA:/ccc/crc: 0.000000000 0.051042843 0.948957157
QA:/ccc/crf: 0.000000000 0.690711195 0.309288805
QA:/ccrcc/: 0.156919386 0.843080614 0.000000000
QA:/ccrcc/ccr: 0.000000000 0.801979073 0.198020927
QA:/ccrcc/crc: 0.000000000 0.231178204 0.768821796
QA:/ccrcc/crf: 0.000000000 1.000000000 0.000000000
QA:/ccrcf/: 0.427454613 0.572545387 0.000000000
QA:/ccrcf/cr: 0.000000000 0.773038976 0.226961024
QA:/crcc/: 0.911925758 0.088074242 0.000000000
QA:/crcc/ccr: 0.000000000 0.001144594 0.998855406
QA:/crcc/crc: 0.000000000 0.000000000 1.000000000
QA:/crcc/crf: 0.000000000 0.442703225 0.557296775
QA:/crfc/: 0.999312650 0.000687350 0.000000000
QA:/crfc/cr: 0.000000000 0.000000000 1.000000000
QA:/rcc/: 0.180905916 0.819094084 0.000000000
QA:/rcc/ccr: 0.000000000 0.583753033 0.416246967
QA:/rcc/crc: 0.000000000 0.983947373 0.016052627
QA:/rcc/crf: 0.000000000 0.320456755 0.679543245
QA:/rcf/: 0.000726858 0.999273142 0.000000000
QA:/rcf/cr: 0.000000000 0.669265088 0.330734912
QA:/rfc/: 0.591839348 0.408160652 0.000000000
QA:/rfc/cr: 0.000000000 0.684173744 0.315826256
QJ:/ccc/: 0.622492203 0.377507797 0.000000000
QJ:/ccc/ccr: 0.000000000 0.720091939 0.279908061
QJ:/ccc/crc: 0.000000000 0.520461005 0.479538995
QJ:/ccc/crf: 0.000000000 0.330572478 0.669427522
QJ:/ccrcc/: 0.079355065 0.920644935 0.000000000
QJ:/ccrcc/ccr: 0.000000000 0.108486528 0.891513472
QJ:/ccrcc/crc: 0.000000000 0.752137569 0.247862431
QJ:/ccrcc/crf: 0.000000000 0.731700919 0.268299081
QJ:/ccrcf/: 0.807447318 0.192552682 0.000000000
QJ:/ccrcf/cr: 0.000000000 0.650539532 0.349460468
QJ:/crcc/: 0.000000000 1.000000000 0.000000000
QJ:/crcc/ccr: 0.000000000 0.000858800 0.999141200
QJ:/crcc/crc: 0.000000000 0.206636436 0.793363564
QJ:/crcc/crf: 0.000000000 0.000000000 1.000000000
QJ:/crfc/: 0.127481857 0.872518143 0.000000000
QJ:/crfc/cr: 0.000000000 0.861433842 0.138566158
QJ:/rcc/: 0.000000000 1.000000000 0.000000000
QJ:/rcc/ccr: 0.000000000 0.582202821 0.417797179
QJ:/rcc/crc: 0.000000000 0.465445229 0.534554771
QJ:/rcc/crf: 0.000000000 0.251342415 0.748657585
QJ:/rcf/: 0.000849080 0.999150920 0.000000000
QJ:/rcf/cr: 0.000000000 0.000000000 1.000000000
QJ:/rfc/: 0.341830554 0.658169446 0.000000000
QJ:/rfc/cr: 0.000000000 0.551693128 0.448306872
QK:/ccc/: 0.527691123 0.472308877 0.000000000
QK:/ccc/ccr: 0.000000000 0.428425821 0.571574179
QK:/ccc/crc: 0.000000000 0.770360994 0.229639006
QK:/ccc/crf: 0.000000000 0.719209040 0.280790960
QK:/ccrcc/: 0.825817994 0.174182006 0.000000000
QK:/ccrcc/ccr: 0.000000000 0.757580566 0.242419434
QK:/ccrcc/crc: 0.000000000 0.455123621 0.544876379
QK:/ccrcc/crf: 0.000000000 1.000000000 0.000000000
QK:/ccrcf/: 0.435978835 0.564021165 0.000000000
QK:/ccrcf/cr: 0.000000000 0.066529572 0.933470428
QK:/crcc/: 1.000000000 0.000000000 0.000000000
QK:/crcc/ccr: 0.000000000 0.038567691 0.961432309
QK:/crcc/crc: 0.000000000 0.000000000 1.000000000
QK:/crcc/crf: 0.000000000 0.715916790 0.284083210
QK:/crfc/: 0.999312650 0.000687350 0.000000000
QK:/crfc/cr: 0.000000000 0.000000000 1.000000000
QK:/rcc/: 0.289632389 0.710367611 0.000000000
QK:/rcc/ccr: 0.000000000 0.866205596 0.133794404
QK:/rcc/crc: 0.000000000 0.164326838 0.835673162
QK:/rcc/crf: 0.000000000 0.515799061 0.484200939
QK:/rcf/: 0.000000000 1.000000000 0.000000000
QK:/rcf/cr: 0.000000000 0.000000000 1.000000000
QK:/rfc/: 0.563817241 0.436182759 0.000000000
QK:/rfc/cr: 0.000000000 0.139340978 0.860659022
