A:/cc: 1.000000000 0.000000000 0.000000000
A:/cr: 0.000000000 1.000000000 0.000000000
A:/rc: 0.000000000 1.000000000 0.000000000
A:/rf: 0.000000000 0.504434038 0.495565962
AJ:/ccc/cc: 0.788912347 0.211087653 0.000000000
AJ:/ccc/cr: 0.000000000 0.559439237 0.440560763
AJ:/ccc/rc: 0.000000000 0.243437619 0.756562381
AJ:/ccc/rf: 0.000000000 0.199346412 0.800653588
AJ:/ccrcc/cc: 0.431357214 0.568642786 0.000000000
AJ:/ccrcc/cr: 0.000000000 0.595072123 0.404927877
AJ:/ccrcc/rc: 0.000000000 0.357260126 0.642739874
AJ:/ccrcc/rf: 0.000000000 0.438720775 0.561279225
AJ:/ccrcf/c: 0.483041723 0.516958277 0.000000000
AJ:/ccrcf/r: 0.000000000 0.251853212 0.748146788
AJ:/ccrfc/c: 0.096185598 0.903814402 0.000000000
AJ:/ccrfc/r: 0.000000000 0.908731992 0.091268008
AJ:/crcc/cc: 0.158722016 0.841277984 0.000000000
AJ:/crcc/cr: 0.000000000 0.659232525 0.340767475
AJ:/crcc/rc: 0.000000000 0.581484036 0.418515964
AJ:/crcc/rf: 0.000000000 0.302187110 0.697812890
AJ:/crcf/c: 0.610400963 0.389599037 0.000000000
AJ:/crcf/r: 0.000000000 0.599344678 0.400655322
AJ:/rcc/cc: 0.907072965 0.092927035 0.000000000
AJ:/rcc/cr: 0.000000000 0.868056893 0.131943107
AJ:/rcc/rc: 0.000000000 0.389252285 0.610747715
AJ:/rcc/rf: 0.000000000 0.510077708 0.489922292
AJ:/rfc/c: 0.802281815 0.197718185 0.000000000
AJ:/rfc/r: 0.000000000 0.445106779 0.554893221
AK:/ccc/cc: 0.970210122 0.029789878 0.000000000
AK:/ccc/cr: 0.000000000 1.000000000 0.000000000
AK:/ccc/rc: 0.000000000 1.000000000 0.000000000
AK:/ccc/rf: 0.000000000 0.113234081 0.886765919
AK:/ccrcc/cc: 0.235419778 0.764580222 0.000000000
AK:/ccrcc/cr: 0.000000000 0.862116274 0.137883726
AK:/ccrcc/rc: 0.000000000 0.672427685 0.327572315
AK:/ccrcc/rf: 0.000000000 0.512384073 0.487615927
AK:/ccrcf/c: 0.724952413 0.275047587 0.000000000
AK:/ccrcf/r: 0.000000000 0.667342814 0.332657186
AK:/ccrfc/c: 0.688998691 0.311001309 0.000000000
AK:/ccrfc/r: 0.000000000 0.833425535 0.166574465
AK:/crcc/cc: 0.270214517 0.729785483 0.000000000
AK:/crcc/cr: 0.000000000 0.467246871 0.532753129
AK:/crcc/rc: 0.000000000 0.612125017 0.387874983
AK:/crcc/rf: 0.000000000 0.359615823 0.640384177
AK:/crcf/c: 0.769975399 0.230024601 0.000000000
AK:/crcf/r: 0.000000000 0.836832474 0.163167526
AK:/rcc/cc: 0.458225578 0.541774422 0.000000000
AK:/rcc/cr: 0.000000000 1.000000000 0.000000000
AK:/rcc/rc: 0.000000000 0.556695065 0.443304935
AK:/rcc/rf: 0.000000000 0.542264185 0.457735815
AK:/rfc/c: 0.315354228 0.684645772 0.000000000
AK:/rfc/r: 0.000000000 0.746633622 0.253366378
AQ:/ccc/cc: 0.830813530 0.169186470 0.000000000
AQ:/ccc/cr: 0.000000000 0.681592639 0.318407361
AQ:/ccc/rc: 0.000000000 0.552038561 0.447961439
AQ:/ccc/rf: 0.000000000 0.713827375 0.286172625
AQ:/ccrcc/cc: 0.174602901 0.825397099 0.000000000
AQ:/ccrcc/cr: 0.000000000 0.760487357 0.239512643
AQ:/ccrcc/rc: 0.000000000 0.984244579 0.015755421
AQ:/ccrcc/rf: 0.000000000 0.294950236 0.705049764
AQ:/ccrcf/c: 0.536950276 0.463049724 0.000000000
AQ:/ccrcf/r: 0.000000000 0.193971794 0.806028206
AQ:/ccrfc/c: 0.591854348 0.408145652 0.000000000
AQ:/ccrfc/r: 0.000000000 0.834913869 0.165086131
AQ:/crcc/cc: 0.610435120 0.389564880 0.000000000
AQ:/crcc/cr: 0.000000000 0.722197211 0.277802789
AQ:/crcc/rc: 0.000000000 0.355053547 0.644946453
AQ:/crcc/rf: 0.000000000 0.492058478 0.507941522
AQ:/crcf/c: 0.433823700 0.566176300 0.000000000
AQ:/crcf/r: 0.000000000 0.836829852 0.163170148
AQ:/rcc/cc: 0.363219650 0.636780350 0.000000000
AQ:/rcc/cr: 0.000000000 0.904311999 0.095688001
AQ:/rcc/rc: 0.000000000 0.456305048 0.543694952
AQ:/rcc/rf: 0.000000000 0.935050888 0.064949112
AQ:/rfc/c: 0.654246698 0.345753302 0.000000000
AQ:/rfc/r: 0.000000000 0.513406997 0.486593003
J:/cc: 0.273508729 0.726491271 0.000000000
J:/cr: 0.000000000 0.608250355 0.391749645
J:/rc: 0.000000000 0.000000000 1.000000000
J:/rf: 0.000000000 0.614266447 0.385733553
JA:/ccc/cc: 0.582405493 0.417594507 0.000000000
JA:/ccc/cr: 0.000000000 0.576609718 0.423390282
JA:/ccc/rc: 0.000000000 0.585811822 0.414188178
JA:/ccc/rf: 0.000000000 0.555734260 0.444265740
JA:/ccrcc/cc: 0.364654822 0.635345178 0.000000000
JA:/ccrcc/cr: 0.000000000 0.865317484 0.134682516
JA:/ccrcc/rc: 0.000000000 0.160577593 0.839422407
JA:/ccrcc/rf: 0.000000000 0.517408080 0.482591920
JA:/ccrcf/c: 0.673875954 0.326124046 0.000000000
JA:/ccrcf/r: 0.000000000 0.047578879 0.952421121
JA:/ccrfc/c: 0.588838162 0.411161838 0.000000000
JA:/ccrfc/r: 0.000000000 0.133062223 0.866937777
JA:/crcc/cc: 0.788298713 0.211701287 0.000000000
JA:/crcc/cr: 0.000000000 0.278868279 0.721131721
JA:/crcc/rc: 0.000000000 0.759115613 0.240884387
JA:/crcc/rf: 0.000000000 0.429506320 0.570493680
JA:/crcf/c: 0.451566651 0.548433349 0.000000000
JA:/crcf/r: 0.000000000 0.509278201 0.490721799
JA:/rcc/cc: 0.201815791 0.798184209 0.000000000
JA:/rcc/cr: 0.000000000 0.000000000 1.000000000
JA:/rcc/rc: 0.000000000 0.000000000 1.000000000
JA:/rcc/rf: 0.000000000 0.812703772 0.187296228
JA:/rfc/c: 0.356815025 0.643184975 0.000000000
JA:/rfc/r: 0.000000000 0.802311049 0.197688951
JK:/ccc/cc: 0.876953212 0.123046788 0.000000000
JK:/ccc/cr: 0.000000000 0.277621916 0.722378084
JK:/ccc/rc: 0.000000000 0.729117960 0.270882040
JK:/ccc/rf: 0.000000000 0.695771494 0.304228506
JK:/ccrcc/cc: 0.684859126 0.315140874 0.000000000
JK:/ccrcc/cr: 0.000000000 0.411018209 0.588981791
JK:/ccrcc/rc: 0.000000000 0.314583944 0.685416056
JK:/ccrcc/rf: 0.000000000 0.912552905 0.087447095
JK:/ccrcf/c: 0.494209652 0.505790348 0.000000000
JK:/ccrcf/r: 0.000000000 0.158163756 0.841836244
JK:/ccrfc/c: 0.174454146 0.825545854 0.000000000
JK:/ccrfc/r: 0.000000000 0.480679680 0.519320320
JK:/crcc/cc: 0.583898030 0.416101970 0.000000000
JK:/crcc/cr: 0.000000000 0.711734859 0.288265141
JK:/crcc/rc: 0.000000000 0.629580799 0.370419201
JK:/crcc/rf: 0.000000000 0.482840509 0.517159491
JK:/crcf/c: 0.043177956 0.956822044 0.000000000
JK:/crcf/r: 0.000000000 0.277252427 0.722747573
JK:/rcc/cc: 0.276255424 0.723744576 0.000000000
JK:/rcc/cr: 0.000000000 0.000000000 1.000000000
JK:/rcc/rc: 0.000000000 0.000000000 1.000000000
JK:/rcc/rf: 0.000000000 0.606584755 0.393415245
JK:/rfc/c: 0.198366259 0.801633741 0.000000000
JK:/rfc/r: 0.000000000 0.518598599 0.481401401
JQ:/ccc/cc: 0.657558708 0.342441292 0.000000000
JQ:/ccc/cr: 0.000000000 0.349587183 0.650412817
JQ:/ccc/rc: 0.000000000 0.442954213 0.557045787
JQ:/ccc/rf: 0.000000000 0.509633512 0.490366488
JQ:/ccrcc/cc: 0.193211769 0.806788231 0.000000000
JQ:/ccrcc/cr: 0.000000000 0.438580910 0.561419090
JQ:/ccrcc/rc: 0.000000000 0.052691960 0.947308040
JQ:/ccrcc/rf: 0.000000000 0.230320820 0.769679180
JQ:/ccrcf/c: 0.144897246 0.855102754 0.000000000
JQ:/ccrcf/r: 0.000000000 0.528639956 0.471360044
JQ:/ccrfc/c: 0.692087002 0.307912998 0.000000000
JQ:/ccrfc/r: 0.000000000 0.546144145 0.453855855
JQ:/crcc/cc: 0.604393597 0.395606403 0.000000000
JQ:/crcc/cr: 0.000000000 0.482720692 0.517279308
JQ:/crcc/rc: 0.000000000 0.650116000 0.349884000
JQ:/crcc/rf: 0.000000000 0.578444660 0.421555340
JQ:/crcf/c: 0.347920241 0.652079759 0.000000000
JQ:/crcf/r: 0.000000000 0.613118878 0.386881122
JQ:/rcc/cc: 0.191043198 0.808956802 0.000000000
JQ:/rcc/cr: 0.000000000 0.000000000 1.000000000
JQ:/rcc/rc: 0.000000000 0.000000000 1.000000000
JQ:/rcc/rf: 0.000000000 0.855819963 0.144180037
JQ:/rfc/c: 0.648078098 0.351921902 0.000000000
JQ:/rfc/r: 0.000000000 0.632434455 0.367565545
K:/cc: 1.000000000 0.000000000 0.000000000
K:/cr: 0.000000000 1.000000000 0.000000000
K:/rc: 0.000000000 0.000000000 1.000000000
K:/rf: 0.000000000 0.265910831 0.734089169
KA:/ccc/cc: 1.000000000 0.000000000 0.000000000
KA:/ccc/cr: 0.000000000 1.000000000 0.000000000
KA:/ccc/rc: 0.000000000 1.000000000 0.000000000
KA:/ccc/rf: 0.000000000 0.897960244 0.102039756
KA:/ccrcc/cc: 0.527750384 0.472249616 0.000000000
KA:/ccrcc/cr: 0.000000000 0.694812710 0.305187290
KA:/ccrcc/rc: 0.000000000 0.781375386 0.218624614
KA:/ccrcc/rf: 0.000000000 0.230938050 0.769061950
KA:/ccrcf/c: 0.334619353 0.665380647 0.000000000
KA:/ccrcf/r: 0.000000000 0.162005138 0.837994862
KA:/ccrfc/c: 0.372472212 0.627527788 0.000000000
KA:/ccrfc/r: 0.000000000 0.835268802 0.164731198
KA:/crcc/cc: 0.242488751 0.757511249 0.000000000
KA:/crcc/cr: 0.000000000 0.130077217 0.869922783
KA:/crcc/rc: 0.000000000 0.544289257 0.455710743
KA:/crcc/rf: 0.000000000 0.782000782 0.217999218
KA:/crcf/c: 0.653778696 0.346221304 0.000000000
KA:/crcf/r: 0.000000000 0.834998708 0.165001292
KA:/rcc/cc: 0.980868701 0.019131299 0.000000000
KA:/rcc/cr: 0.000000000 1.000000000 0.000000000
KA:/rcc/rc: 0.000000000 0.353460330 0.646539670
KA:/rcc/rf: 0.000000000 0.135081519 0.864918481
KA:/rfc/c: 0.572573511 0.427426489 0.000000000
KA:/rfc/r: 0.000000000 0.860874256 0.139125744
KJ:/ccc/cc: 0.955897573 0.044102427 0.000000000
KJ:/ccc/cr: 0.000000000 0.522751829 0.477248171
KJ:/ccc/rc: 0.000000000 0.543289174 0.456710826
KJ:/ccc/rf: 0.000000000 0.972847692 0.027152308
KJ:/ccrcc/cc: 0.343187594 0.656812406 0.000000000
KJ:/ccrcc/cr: 0.000000000 0.538996285 0.461003715
KJ:/ccrcc/rc: 0.000000000 0.519507764 0.480492236
KJ:/ccrcc/rf: 0.000000000 0.297882241 0.702117759
KJ:/ccrcf/c: 0.841355316 0.158644684 0.000000000
KJ:/ccrcf/r: 0.000000000 0.426103529 0.573896471
KJ:/ccrfc/c: 0.043435392 0.956564608 0.000000000
KJ:/ccrfc/r: 0.000000000 0.133575000 0.866425000
KJ:/crcc/cc: 0.659558308 0.340441692 0.000000000
KJ:/crcc/cr: 0.000000000 0.106065879 0.893934121
KJ:/crcc/rc: 0.000000000 0.864364834 0.135635166
KJ:/crcc/rf: 0.000000000 0.676662493 0.323337507
KJ:/crcf/c: 0.707111173 0.292888827 0.000000000
KJ:/crcf/r: 0.000000000 0.590692974 0.409307026
KJ:/rcc/cc: 0.000000000 1.000000000 0.000000000
KJ:/rcc/cr: 0.000000000 0.000000000 1.000000000
KJ:/rcc/rc: 0.000000000 0.164061275 0.835938725
KJ:/rcc/rf: 0.000000000 0.735794985 0.264205015
KJ:/rfc/c: 0.753504633 0.246495367 0.000000000
KJ:/rfc/r: 0.000000000 0.220892061 0.779107939
KQ:/ccc/cc: 0.939735849 0.060264151 0.000000000
KQ:/ccc/cr: 0.000000000 0.466840864 0.533159136
KQ:/ccc/rc: 0.000000000 0.554017574 0.445982426
KQ:/ccc/rf: 0.000000000 0.931048145 0.068951855
KQ:/ccrcc/cc: 0.317168741 0.682831259 0.000000000
KQ:/ccrcc/cr: 0.000000000 0.320647284 0.679352716
KQ:/ccrcc/rc: 0.000000000 0.713823404 0.286176596
KQ:/ccrcc/rf: 0.000000000 0.281257538 0.718742462
KQ:/ccrcf/c: 0.729298036 0.270701964 0.000000000
KQ:/ccrcf/r: 0.000000000 0.411894521 0.588105479
KQ:/ccrfc/c: 0.357598805 0.642401195 0.000000000
KQ:/ccrfc/r: 0.000000000 0.257810333 0.742189667
KQ:/crcc/cc: 0.333183865 0.666816135 0.000000000
KQ:/crcc/cr: 0.000000000 0.304145396 0.695854604
KQ:/crcc/rc: 0.000000000 0.444203373 0.555796627
KQ:/crcc/rf: 0.000000000 0.154833022 0.845166978
KQ:/crcf/c: 0.000000000 1.000000000 0.000000000
KQ:/crcf/r: 0.000000000 0.000000000 1.000000000
KQ:/rcc/cc: 0.067009886 0.932990114 0.000000000
KQ:/rcc/cr: 0.000000000 0.854234358 0.145765642
KQ:/rcc/rc: 0.000000000 0.282515755 0.717484245
KQ:/rcc/rf: 0.000000000 0.257699840 0.742300160
KQ:/rfc/c: 0.800201821 0.199798179 0.000000000
KQ:/rfc/r: 0.000000000 0.273032810 0.726967190
Q:/cc: 0.000067732 0.999932268 0.000000000
Q:/cr: 0.000000000 1.000000000 0.000000000
Q:/rc: 0.000000000 0.000000000 1.000000000
Q:/rf: 0.000000000 0.447419977 0.552580023
QA:/ccc/cc: 0.542419220 0.457580780 0.000000000
QA:/ccc/cr: 0.000000000 0.495994729 0.504005271
QA:/ccc/rc: 0.000000000 0.389620390 0.610379610
QA:/ccc/rf: 0.000000000 0.573160168 0.426839832
QA:/ccrcc/cc: 0.651922468 0.348077532 0.000000000
QA:/ccrcc/cr: 0.000000000 0.364715887 0.635284113
QA:/ccrcc/rc: 0.000000000 0.557571745 0.442428255
QA:/ccrcc/rf: 0.000000000 0.020862072 0.979137928
QA:/ccrcf/c: 0.502786513 0.497213487 0.000000000
QA:/ccrcf/r: 0.000000000 0.150315413 0.849684587
QA:/ccrfc/c: 0.499142449 0.500857551 0.000000000
QA:/ccrfc/r: 0.000000000 0.521719674 0.478280326
QA:/crcc/cc: 0.562496995 0.437503005 0.000000000
QA:/crcc/cr: 0.000000000 0.476953186 0.523046814
QA:/crcc/rc: 0.000000000 0.645773596 0.354226404
QA:/crcc/rf: 0.000000000 0.558098935 0.441901065
QA:/crcf/c: 0.000000000 1.000000000 0.000000000
QA:/crcf/r: 0.000000000 0.000000000 1.000000000
QA:/rcc/cc: 0.417681450 0.582318550 0.000000000
QA:/rcc/cr: 0.000000000 0.482889076 0.517110924
QA:/rcc/rc: 0.000000000 0.526109960 0.473890040
QA:/rcc/rf: 0.000000000 0.799999969 0.200000031
QA:/rfc/c: 0.972381245 0.027618755 0.000000000
QA:/rfc/r: 0.000000000 0.731407179 0.268592821
QJ:/ccc/cc: 0.190119148 0.809880852 0.000000000
QJ:/ccc/cr: 0.000000000 0.586006788 0.413993212
QJ:/ccc/rc: 0.000000000 0.353031074 0.646968926
QJ:/ccc/rf: 0.000000000 0.438069010 0.561930990
QJ:/ccrcc/cc: 0.625043681 0.374956319 0.000000000
QJ:/ccrcc/cr: 0.000000000 0.576574996 0.423425004
QJ:/ccrcc/rc: 0.000000000 0.386106537 0.613893463
QJ:/ccrcc/rf: 0.000000000 0.195475632 0.804524368
QJ:/ccrcf/c: 0.614770859 0.385229141 0.000000000
QJ:/ccrcf/r: 0.000000000 0.324495501 0.675504499
QJ:/ccrfc/c: 0.563211781 0.436788219 0.000000000
QJ:/ccrfc/r: 0.000000000 0.677534018 0.322465982
QJ:/crcc/cc: 0.662970505 0.337029495 0.000000000
QJ:/crcc/cr: 0.000000000 0.021657947 0.978342053
QJ:/crcc/rc: 0.000000000 0.741529532 0.258470468
QJ:/crcc/rf: 0.000000000 0.203737961 0.796262039
QJ:/crcf/c: 0.031987917 0.968012083 0.000000000
QJ:/crcf/r: 0.000000000 0.313497827 0.686502173
QJ:/rcc/cc: 0.606901179 0.393098821 0.000000000
QJ:/rcc/cr: 0.000000000 0.000000000 1.000000000
QJ:/rcc/rc: 0.000000000 0.000000000 1.000000000
QJ:/rcc/rf: 0.000000000 0.556641389 0.443358611
QJ:/rfc/c: 0.347667448 0.652332552 0.000000000
QJ:/rfc/r: 0.000000000 0.582776787 0.417223213
QK:/ccc/cc: 0.322418290 0.677581710 0.000000000
QK:/ccc/cr: 0.000000000 0.395225974 0.604774026
QK:/ccc/rc: 0.000000000 0.000000000 1.000000000
QK:/ccc/rf: 0.000000000 0.213741143 0.786258857
QK:/ccrcc/cc: 0.736512355 0.263487645 0.000000000
QK:/ccrcc/cr: 0.000000000 0.640173224 0.359826776
QK:/ccrcc/rc: 0.000000000 0.248912566 0.751087434
QK:/ccrcc/rf: 0.000000000 0.498017517 0.501982483
QK:/ccrcf/c: 0.533059061 0.466940939 0.000000000
QK:/ccrcf/r: 0.000000000 0.665747630 0.334252370
QK:/ccrfc/c: 0.142376674 0.857623326 0.000000000
QK:/ccrfc/r: 0.000000000 0.141853224 0.858146776
QK:/crcc/cc: 0.240075854 0.759924146 0.000000000
QK:/crcc/cr: 0.000000000 0.633040838 0.366959162
QK:/crcc/rc: 0.000000000 0.325631092 0.674368908
QK:/crcc/rf: 0.000000000 0.780565083 0.219434917
QK:/crcf/c: 0.000000000 1.000000000 0.000000000
QK:/crcf/r: 0.000000000 0.000000000 1.000000000
QK:/rcc/cc: 0.705918329 0.294081671 0.000000000
QK:/rcc/cr: 0.000000000 0.754339638 0.245660362
QK:/rcc/rc: 0.000000000 0.631693742 0.368306258
QK:/rcc/rf: 0.000000000 0.807943731 0.192056269
QK:/rfc/c: 0.525846288 0.474153712 0.000000000
QK:/rfc/r: 0.000000000 0.098989164 0.901010836
