9:/: 1.000000000 0.000000000 0.000000000
9:/cccr: 0.000043687 0.000161534 0.999794779
9:/cccrccrc: 0.000000000 0.237819871 0.762180129
9:/cccrccrf: 0.000000000 0.846874677 0.153125323
9:/cccrcfrc: 0.000000000 0.426962646 0.573037354
9:/cccrcfrf: 0.000000000 0.630440716 0.369559284
9:/cccrcrcc: 0.000000000 0.624523225 0.375476775
9:/cccrcrcf: 0.000000000 0.000000000 1.000000000
9:/cccrcrfc: 0.000000000 0.201906647 0.798093353
9:/cccrcrff: 0.000000000 0.000000000 1.000000000
9:/ccrc: 0.000000000 0.405905296 0.594094704
9:/ccrccrcc: 0.000000000 0.000000000 1.000000000
9:/ccrccrcf: 0.000000000 0.489940529 0.510059471
9:/ccrccrfc: 0.000000000 0.581207108 0.418792892
9:/ccrccrff: 0.000000000 0.295570942 0.704429058
9:/ccrf: 0.503574563 0.496184707 0.000240730
9:/ccrfcrc: 0.000000000 0.352120027 0.647879973
9:/ccrfcrf: 0.000000000 0.167352945 0.832647055
9:/ccrr: 0.000000000 0.000000000 1.000000000
9:/crcc: 0.000012814 0.585961992 0.414025194
9:/crcf: 0.000000000 0.000000000 1.000000000
9:/crcr: 0.000000000 0.000000000 1.000000000
9:/crfc: 0.000570219 0.110294447 0.889135334
9:/crff: 0.261057871 0.000050815 0.738891314
9:/crfr: 0.000000000 0.000134751 0.999865249
9:/crrc: 0.000000000 0.000000000 1.000000000
9:/crrf: 0.000000000 0.878350829 0.121649171
9:/rccr: 0.000000000 0.000000000 1.000000000
9:/rcfr: 0.000000000 0.000000000 1.000000000
9:/rcrc: 0.000000000 0.294349511 0.705650489
9:/rcrf: 0.000000000 0.752589400 0.247410600
9:/rfcr: 0.000000000 0.422613167 0.577386833
9:/rffr: 0.000000000 0.625485679 0.374514321
9:/rfrc: 0.000000000 0.025987963 0.974012037
9:/rfrf: 0.000000000 0.197767822 0.802232178
9:/rrcc: 0.000000000 0.425353811 0.574646189
9:/rrcf: 0.000000000 0.826124398 0.173875602
9:/rrfc: 0.000000000 0.000000000 1.000000000
9:/rrff: 0.000000000 0.000000000 1.000000000
A:/: 0.997753320 0.002246680 0.000000000
A:/cccr: 0.948855044 0.051144956 0.000000000
A:/cccrccrc: 0.000000000 1.000000000 0.000000000
A:/cccrccrf: 0.000000000 0.916565750 0.083434250
A:/cccrcfrc: 0.000000000 1.000000000 0.000000000
A:/cccrcfrf: 0.000000000 0.511503126 0.488496874
A:/cccrcrcc: 0.000000000 0.998996555 0.001003445
A:/cccrcrcf: 0.000000000 1.000000000 0.000000000
A:/cccrcrfc: 0.000000000 1.000000000 0.000000000
A:/cccrcrff: 0.000000000 1.000000000 0.000000000
A:/ccrc: 0.971651913 0.027868473 0.000479614
A:/ccrccrcc: 0.000000000 0.830702014 0.169297986
A:/ccrccrcf: 0.000000000 0.724931608 0.275068392
A:/ccrccrfc: 0.000000000 0.999941570 0.000058430
A:/ccrccrff: 0.000000000 0.364608707 0.635391293
A:/ccrf: 0.832680031 0.167319969 0.000000000
A:/ccrfcrc: 0.000000000 1.000000000 0.000000000
A:/ccrfcrf: 0.000000000 1.000000000 0.000000000
A:/ccrr: 0.000000000 1.000000000 0.000000000
A:/crcc: 0.980256042 0.019743958 0.000000000
A:/crcf: 1.000000000 0.000000000 0.000000000
A:/crcr: 0.000000000 1.000000000 0.000000000
A:/crfc: 0.676508201 0.319761892 0.003729907
A:/crff: 0.721015985 0.278943064 0.000040950
A:/crfr: 0.000000000 0.762962452 0.237037548
A:/crrc: 0.000000000 0.031662429 0.968337571
A:/crrf: 0.000000000 0.928201559 0.071798441
A:/rccr: 0.000000000 1.000000000 0.000000000
A:/rcfr: 0.000000000 1.000000000 0.000000000
A:/rcrc: 0.000000000 0.491548775 0.508451225
A:/rcrf: 0.000000000 0.999688973 0.000311027
A:/rfcr: 0.000000000 0.999762922 0.000237078
A:/rffr: 0.000000000 0.998562250 0.001437750
A:/rfrc: 0.000000000 1.000000000 0.000000000
A:/rfrf: 0.000000000 0.538490058 0.461509942
A:/rrcc: 0.000000000 0.744234444 0.255765556
A:/rrcf: 0.000000000 0.789021889 0.210978111
A:/rrfc: 0.000000000 0.999747937 0.000252063
A:/rrff: 0.000000000 1.000000000 0.000000000
J:/: 1.000000000 0.000000000 0.000000000
J:/cccr: 0.000052520 0.000122298 0.999825181
J:/cccrccrc: 0.000000000 0.725014957 0.274985043
J:/cccrccrf: 0.000000000 0.835531500 0.164468500
J:/cccrcfrc: 0.000000000 0.795382349 0.204617651
J:/cccrcfrf: 0.000000000 0.760196840 0.239803160
J:/cccrcrcc: 0.000000000 0.524836657 0.475163343
J:/cccrcrcf: 0.000000000 0.363670896 0.636329104
J:/cccrcrfc: 0.000000000 0.876147198 0.123852802
J:/cccrcrff: 0.000000000 0.121181831 0.878818169
J:/ccrc: 0.497900316 0.185556858 0.316542826
J:/ccrccrcc: 0.000000000 0.510498089 0.489501911
J:/ccrccrcf: 0.000000000 0.201470981 0.798529019
J:/ccrccrfc: 0.000000000 0.541965346 0.458034654
J:/ccrccrff: 0.000000000 0.733975400 0.266024600
J:/ccrf: 0.239363519 0.760378162 0.000258318
J:/ccrfcrc: 0.000000000 0.708194438 0.291805562
J:/ccrfcrf: 0.000000000 0.457364423 0.542635577
J:/ccrr: 0.000000000 0.570303116 0.429696884
J:/crcc: 0.000236167 0.336933887 0.662829946
J:/crcf: 0.000077092 0.000000000 0.999922908
J:/crcr: 0.000000000 0.000000000 1.000000000
J:/crfc: 0.001747480 0.880861388 0.117391132
J:/crff: 0.999946761 0.000053239 0.000000000
J:/crfr: 0.000000000 0.372290397 0.627709603
J:/crrc: 0.000000000 0.079078029 0.920921971
J:/crrf: 0.000000000 0.000000000 1.000000000
J:/rccr: 0.000000000 0.000000000 1.000000000
J:/rcfr: 0.000000000 0.000000000 1.000000000
J:/rcrc: 0.000000000 0.372931557 0.627068443
J:/rcrf: 0.000000000 0.358347069 0.641652931
J:/rfcr: 0.000000000 0.682547687 0.317452313
J:/rffr: 0.000000000 0.213098495 0.786901505
J:/rfrc: 0.000000000 0.321161885 0.678838115
J:/rfrf: 0.000000000 0.389250711 0.610749289
J:/rrcc: 0.000000000 0.695368290 0.304631710
J:/rrcf: 0.000000000 0.936287722 0.063712278
J:/rrfc: 0.000000000 0.000000000 1.000000000
J:/rrff: 0.000000000 0.214728261 0.785271739
K:/: 0.999417162 0.000582838 0.000000000
K:/cccr: 0.213042617 0.786957383 0.000000000
K:/cccrccrc: 0.000000000 0.939349362 0.060650638
K:/cccrccrf: 0.000000000 0.399449751 0.600550249
K:/cccrcfrc: 0.000000000 1.000000000 0.000000000
K:/cccrcfrf: 0.000000000 0.686336969 0.313663031
K:/cccrcrcc: 0.000000000 0.518972690 0.481027310
K:/cccrcrcf: 0.000000000 1.000000000 0.000000000
K:/cccrcrfc: 0.000000000 0.399846327 0.600153673
K:/cccrcrff: 0.000000000 0.915341247 0.084658753
K:/ccrc: 0.557622588 0.441914822 0.000462590
K:/ccrccrcc: 0.000000000 0.596659742 0.403340258
K:/ccrccrcf: 0.000000000 0.663675604 0.336324396
K:/ccrccrfc: 0.000000000 0.999988652 0.000011348
K:/ccrccrff: 0.000000000 0.539119206 0.460880794
K:/ccrf: 0.617649419 0.382350581 0.000000000
K:/ccrfcrc: 0.000000000 0.290017945 0.709982055
K:/ccrfcrf: 0.000000000 1.000000000 0.000000000
K:/ccrr: 0.000000000 0.680348524 0.319651476
K:/crcc: 0.122987891 0.695886455 0.181125653
K:/crcf: 0.117523820 0.882476180 0.000000000
K:/crcr: 0.000000000 1.000000000 0.000000000
K:/crfc: 0.512356012 0.487643988 0.000000000
K:/crff: 0.999948842 0.000051158 0.000000000
K:/crfr: 0.000000000 1.000000000 0.000000000
K:/crrc: 0.000000000 1.000000000 0.000000000
K:/crrf: 0.000000000 0.443352770 0.556647230
K:/rccr: 0.000000000 0.999995056 0.000004944
K:/rcfr: 0.000000000 0.615892176 0.384107824
K:/rcrc: 0.000000000 0.226713640 0.773286360
K:/rcrf: 0.000000000 0.228067487 0.771932513
K:/rfcr: 0.000000000 0.680165239 0.319834761
K:/rffr: 0.000000000 0.876312462 0.123687538
K:/rfrc: 0.000000000 0.607894327 0.392105673
K:/rfrf: 0.000000000 0.588384085 0.411615915
K:/rrcc: 0.000000000 0.580554440 0.419445560
K:/rrcf: 0.000000000 0.502321805 0.497678195
K:/rrfc: 0.000000000 0.918525352 0.081474648
K:/rrff: 0.000000000 0.995902384 0.004097616
Q:/: 1.000000000 0.000000000 0.000000000
Q:/cccr: 0.589748963 0.004822689 0.405428348
Q:/cccrccrc: 0.000000000 0.569441648 0.430558352
Q:/cccrccrf: 0.000000000 0.650187088 0.349812912
Q:/cccrcfrc: 0.000000000 0.708878702 0.291121298
Q:/cccrcfrf: 0.000000000 0.229019445 0.770980555
Q:/cccrcrcc: 0.000000000 0.472405603 0.527594397
Q:/cccrcrcf: 0.000000000 0.239070954 0.760929046
Q:/cccrcrfc: 0.000000000 0.042124431 0.957875569
Q:/cccrcrff: 0.000000000 0.505661523 0.494338477
Q:/ccrc: 0.999844246 0.000000000 0.000155754
Q:/ccrccrcc: 0.000000000 0.215379375 0.784620625
Q:/ccrccrcf: 0.000000000 0.420836154 0.579163846
Q:/ccrccrfc: 0.000000000 0.876782701 0.123217299
Q:/ccrccrff: 0.000000000 0.784363976 0.215636024
Q:/ccrf: 0.563363297 0.436634782 0.000001920
Q:/ccrfcrc: 0.000000000 0.161573745 0.838426255
Q:/ccrfcrf: 0.000000000 0.662212909 0.337787091
Q:/ccrr: 0.000000000 0.905095806 0.094904194
Q:/crcc: 0.000506110 0.530209118 0.469284772
Q:/crcf: 0.000192389 0.593473228 0.406334383
Q:/crcr: 0.000000000 0.094576644 0.905423356
Q:/crfc: 0.001317049 0.998682951 0.000000000
Q:/crff: 0.999952091 0.000047909 0.000000000
Q:/crfr: 0.000000000 0.569529576 0.430470424
Q:/crrc: 0.000000000 0.241973967 0.758026033
Q:/crrf: 0.000000000 0.406525239 0.593474761
Q:/rccr: 0.000000000 0.000000000 1.000000000
Q:/rcfr: 0.000000000 0.000000000 1.000000000
Q:/rcrc: 0.000000000 0.515213659 0.484786341
Q:/rcrf: 0.000000000 0.396212938 0.603787062
Q:/rfcr: 0.000000000 0.522545238 0.477454762
Q:/rffr: 0.000000000 0.440949040 0.559050960
Q:/rfrc: 0.000000000 0.988178696 0.011821304
Q:/rfrf: 0.000000000 0.822812660 0.177187340
Q:/rrcc: 0.000000000 0.412673953 0.587326047
Q:/rrcf: 0.000000000 0.886373757 0.113626243
Q:/rrfc: 0.000000000 0.000000000 1.000000000
Q:/rrff: 0.000000000 0.995023890 0.004976110
T:/: 1.000000000 0.000000000 0.000000000
T:/cccr: 0.000069975 0.000000000 0.999930025
T:/cccrccrc: 0.000000000 0.245729334 0.754270666
T:/cccrccrf: 0.000000000 0.282436507 0.717563493
T:/cccrcfrc: 0.000000000 0.000000000 1.000000000
T:/cccrcfrf: 0.000000000 0.703908697 0.296091303
T:/cccrcrcc: 0.000000000 0.279221317 0.720778683
T:/cccrcrcf: 0.000000000 0.703682506 0.296317494
T:/cccrcrfc: 0.000000000 0.006950934 0.993049066
T:/cccrcrff: 0.000000000 0.265959790 0.734040210
T:/ccrc: 0.292983627 0.392935116 0.314081257
T:/ccrccrcc: 0.000000000 0.563391718 0.436608282
T:/ccrccrcf: 0.000000000 0.476287272 0.523712728
T:/ccrccrfc: 0.000000000 0.288351401 0.711648599
T:/ccrccrff: 0.000000000 0.528906183 0.471093817
T:/ccrf: 0.000000000 0.999979810 0.000020190
T:/ccrfcrc: 0.000000000 0.310666981 0.689333019
T:/ccrfcrf: 0.000000000 0.198080217 0.801919783
T:/ccrr: 0.000000000 0.304654724 0.695345276
T:/crcc: 0.000117525 0.510786767 0.489095708
T:/crcf: 0.000022838 0.000000000 0.999977162
T:/crcr: 0.000000000 0.000000000 1.000000000
T:/crfc: 0.000000000 0.000158936 0.999841064
T:/crff: 0.999951367 0.000036861 0.000011771
T:/crfr: 0.000000000 0.041402010 0.958597990
T:/crrc: 0.000000000 0.023864015 0.976135985
T:/crrf: 0.000000000 0.325214890 0.674785110
T:/rccr: 0.000000000 0.000000000 1.000000000
T:/rcfr: 0.000000000 0.000000000 1.000000000
T:/rcrc: 0.000000000 0.170620836 0.829379164
T:/rcrf: 0.000000000 0.461701373 0.538298627
T:/rfcr: 0.000000000 0.095247869 0.904752131
T:/rffr: 0.000000000 0.539684389 0.460315611
T:/rfrc: 0.000000000 0.644005271 0.355994729
T:/rfrf: 0.000000000 0.238192035 0.761807965
T:/rrcc: 0.000000000 0.233366941 0.766633059
T:/rrcf: 0.000000000 0.416679375 0.583320625
T:/rrfc: 0.000000000 0.000000000 1.000000000
T:/rrff: 0.000000000 0.006847398 0.993152602
