9:/c: 0.952343593 0.047656407 0.000000000
9:/cccrc: 0.548710841 0.197536729 0.253752429
9:/cccrccrcc: 0.000000000 0.432363796 0.567636204
9:/cccrccrcf: 0.000000000 0.712724325 0.287275675
9:/cccrccrfc: 0.000000000 0.215395249 0.784604751
9:/cccrccrff: 0.000000000 0.327813072 0.672186928
9:/cccrf: 0.085218056 0.128154650 0.786627294
9:/cccrfcrc: 0.000000000 0.143037057 0.856962943
9:/cccrfcrf: 0.000000000 0.686138202 0.313861798
9:/cccrr: 0.000000000 0.082611261 0.917388739
9:/ccrcc: 0.222251368 0.350792464 0.426956168
9:/ccrcf: 0.231318473 0.167656162 0.601025365
9:/ccrcr: 0.000000000 0.000000700 0.999999300
9:/ccrfc: 0.304328500 0.319722667 0.375948833
9:/ccrff: 0.287203959 0.374150173 0.338645867
9:/ccrfr: 0.000000000 0.536968372 0.463031628
9:/ccrrc: 0.000000000 0.533214181 0.466785819
9:/ccrrf: 0.000000000 0.190317455 0.809682545
9:/crccr: 0.000000000 0.228171530 0.771828470
9:/crcfr: 0.000000000 0.470199242 0.529800758
9:/crcrc: 0.000000000 0.664473023 0.335526977
9:/crcrf: 0.000000000 0.244712604 0.755287396
9:/crfcr: 0.000000000 0.246362028 0.753637972
9:/crffr: 0.000000000 0.038865843 0.961134157
9:/crfrc: 0.000000000 0.642869909 0.357130091
9:/crfrf: 0.000000000 0.327715864 0.672284136
9:/crrcc: 0.000000000 0.018197045 0.981802955
9:/crrcf: 0.000000000 0.455859998 0.544140002
9:/crrfc: 0.000000000 0.820367855 0.179632145
9:/crrff: 0.000000000 0.275209281 0.724790719
9:/r: 0.424147508 0.574544253 0.001308239
9:/rccrc: 0.000000000 0.315040082 0.684959918
9:/rccrf: 0.000000000 0.526342362 0.473657638
9:/rcfrc: 0.000000000 0.000000000 1.000000000
9:/rcfrf: 0.000000000 0.766479117 0.233520883
9:/rcrcc: 0.000000000 0.000000000 1.000000000
9:/rcrcf: 0.000000000 0.000000000 1.000000000
9:/rcrfc: 0.000000000 0.000000000 1.000000000
9:/rcrff: 0.000000000 0.000000000 1.000000000
A:/c: 0.999998439 0.000001561 0.000000000
A:/cccrc: 0.446478784 0.444878307 0.108642908
A:/cccrccrcc: 0.000000000 0.778193294 0.221806706
A:/cccrccrcf: 0.000000000 0.762110508 0.237889492
A:/cccrccrfc: 0.000000000 0.115571319 0.884428681
A:/cccrccrff: 0.000000000 0.798267668 0.201732332
A:/cccrf: 0.638458155 0.186638885 0.174902960
A:/cccrfcrc: 0.000000000 0.506763396 0.493236604
A:/cccrfcrf: 0.000000000 0.818422211 0.181577789
A:/cccrr: 0.000000000 0.983517435 0.016482565
A:/ccrcc: 0.594506358 0.142612015 0.262881627
A:/ccrcf: 0.511071183 0.488928817 0.000000000
A:/ccrcr: 0.000000000 0.888477754 0.111522246
A:/ccrfc: 0.362160983 0.378214245 0.259624771
A:/ccrff: 0.104288708 0.849821813 0.045889478
A:/ccrfr: 0.000000000 0.566600883 0.433399117
A:/ccrrc: 0.000000000 0.999999952 0.000000048
A:/ccrrf: 0.000000000 0.731717383 0.268282617
A:/crccr: 0.000000000 0.999969902 0.000030098
A:/crcfr: 0.000000000 0.881056241 0.118943759
A:/crcrc: 0.000000000 0.682024196 0.317975804
A:/crcrf: 0.000000000 0.342883253 0.657116747
A:/crfcr: 0.000000000 1.000000000 0.000000000
A:/crffr: 0.000000000 0.501175941 0.498824059
A:/crfrc: 0.000000000 1.000000000 0.000000000
A:/crfrf: 0.000000000 0.801232813 0.198767187
A:/crrcc: 0.000000000 0.625468255 0.374531745
A:/crrcf: 0.000000000 1.000000000 0.000000000
A:/crrfc: 0.000000000 0.709290448 0.290709552
A:/crrff: 0.000000000 0.921078727 0.078921273
A:/r: 0.997305161 0.002694839 0.000000000
A:/rccrc: 0.000000000 0.826578600 0.173421400
A:/rccrf: 0.000000000 1.000000000 0.000000000
A:/rcfrc: 0.000000000 1.000000000 0.000000000
A:/rcfrf: 0.000000000 0.737653875 0.262346125
A:/rcrcc: 0.000000000 1.000000000 0.000000000
A:/rcrcf: 0.000000000 1.000000000 0.000000000
A:/rcrfc: 0.000000000 0.999891588 0.000108412
A:/rcrff: 0.000000000 1.000000000 0.000000000
J:/c: 0.532278087 0.467721913 0.000000000
J:/cccrc: 0.000000000 0.702871423 0.297128577
J:/cccrccrcc: 0.000000000 0.659548358 0.340451642
J:/cccrccrcf: 0.000000000 0.387964184 0.612035816
J:/cccrccrfc: 0.000000000 0.402891168 0.597108832
J:/cccrccrff: 0.000000000 0.583345240 0.416654760
J:/cccrf: 0.283709653 0.313287235 0.403003112
J:/cccrfcrc: 0.000000000 0.555856438 0.444143562
J:/cccrfcrf: 0.000000000 0.330240249 0.669759751
J:/cccrr: 0.000000000 0.258213563 0.741786437
J:/ccrcc: 0.018309810 0.515563548 0.466126642
J:/ccrcf: 0.823657397 0.000978533 0.175364070
J:/ccrcr: 0.000000000 0.150860101 0.849139899
J:/ccrfc: 0.202136261 0.408901756 0.388961983
J:/ccrff: 0.680015046 0.274162204 0.045822750
J:/ccrfr: 0.000000000 0.417447762 0.582552238
J:/ccrrc: 0.000000000 0.661675500 0.338324500
J:/ccrrf: 0.000000000 0.381216977 0.618783023
J:/crccr: 0.000000000 0.563327014 0.436672986
J:/crcfr: 0.000000000 0.089499892 0.910500108
J:/crcrc: 0.000000000 0.123194350 0.876805650
J:/crcrf: 0.000000000 0.610787450 0.389212550
J:/crfcr: 0.000000000 0.731653621 0.268346379
J:/crffr: 0.000000000 0.704562160 0.295437840
J:/crfrc: 0.000000000 0.673396959 0.326603041
J:/crfrf: 0.000000000 0.282068738 0.717931262
J:/crrcc: 0.000000000 0.402584449 0.597415551
J:/crrcf: 0.000000000 0.527061734 0.472938266
J:/crrfc: 0.000000000 0.334033662 0.665966338
J:/crrff: 0.000000000 0.500353198 0.499646802
J:/r: 0.745862814 0.252945373 0.001191813
J:/rccrc: 0.000000000 0.541297701 0.458702299
J:/rccrf: 0.000000000 0.266075200 0.733924800
J:/rcfrc: 0.000000000 0.000000000 1.000000000
J:/rcfrf: 0.000000000 0.454150161 0.545849839
J:/rcrcc: 0.000000000 0.027933190 0.972066810
J:/rcrcf: 0.000000000 0.045427719 0.954572281
J:/rcrfc: 0.000000000 0.000000000 1.000000000
J:/rcrff: 0.000000000 0.000000000 1.000000000
K:/c: 0.534662679 0.465337321 0.000000000
K:/cccrc: 0.511394846 0.166831804 0.321773350
K:/cccrccrcc: 0.000000000 0.978326729 0.021673271
K:/cccrccrcf: 0.000000000 0.271782567 0.728217433
K:/cccrccrfc: 0.000000000 0.624250304 0.375749696
K:/cccrccrff: 0.000000000 0.456411887 0.543588113
K:/cccrf: 0.500474249 0.209920628 0.289605124
K:/cccrfcrc: 0.000000000 0.493429992 0.506570008
K:/cccrfcrf: 0.000000000 0.666537422 0.333462578
K:/cccrr: 0.000000000 0.365399902 0.634600098
K:/ccrcc: 0.221150199 0.778849801 0.000000000
K:/ccrcf: 0.175741478 0.824258522 0.000000000
K:/ccrcr: 0.000000000 0.852673432 0.147326568
K:/ccrfc: 0.640420045 0.137572317 0.222007638
K:/ccrff: 0.226353117 0.499147901 0.274498982
K:/ccrfr: 0.000000000 0.336339331 0.663660669
K:/ccrrc: 0.000000000 0.999238237 0.000761763
K:/ccrrf: 0.000000000 0.685532325 0.314467675
K:/crccr: 0.000000000 0.381985240 0.618014760
K:/crcfr: 0.000000000 0.722651155 0.277348845
K:/crcrc: 0.000000000 0.586933420 0.413066580
K:/crcrf: 0.000000000 0.885861684 0.114138316
K:/crfcr: 0.000000000 0.762454716 0.237545284
K:/crffr: 0.000000000 0.611899413 0.388100587
K:/crfrc: 0.000000000 0.287008545 0.712991455
K:/crfrf: 0.000000000 0.706400921 0.293599079
K:/crrcc: 0.000000000 0.088862142 0.911137858
K:/crrcf: 0.000000000 0.711736300 0.288263700
K:/crrfc: 0.000000000 0.373243885 0.626756115
K:/crrff: 0.000000000 0.315588346 0.684411654
K:/r: 0.293015531 0.706984469 0.000000000
K:/rccrc: 0.000000000 0.721551180 0.278448820
K:/rccrf: 0.000000000 0.726681008 0.273318992
K:/rcfrc: 0.000000000 0.856218311 0.143781689
K:/rcfrf: 0.000000000 0.882278089 0.117721911
K:/rcrcc: 0.000000000 0.581458019 0.418541981
K:/rcrcf: 0.000000000 0.399317483 0.600682517
K:/rcrfc: 0.000000000 0.999803478 0.000196522
K:/rcrff: 0.000000000 0.999956983 0.000043017
Q:/c: 0.357489764 0.642510236 0.000000000
Q:/cccrc: 0.181650405 0.303519197 0.514830397
Q:/cccrccrcc: 0.000000000 0.091067080 0.908932920
Q:/cccrccrcf: 0.000000000 0.202217426 0.797782574
Q:/cccrccrfc: 0.000000000 0.593184793 0.406815207
Q:/cccrccrff: 0.000000000 0.790985468 0.209014532
Q:/cccrf: 0.228587023 0.628455714 0.142957264
Q:/cccrfcrc: 0.000000000 0.653344171 0.346655829
Q:/cccrfcrf: 0.000000000 0.872514979 0.127485021
Q:/cccrr: 0.000000000 0.601198919 0.398801081
Q:/ccrcc: 0.304210733 0.491138860 0.204650406
Q:/ccrcf: 0.303558850 0.250184038 0.446257112
Q:/ccrcr: 0.000000000 0.378858285 0.621141715
Q:/ccrfc: 0.131806609 0.795662160 0.072531232
Q:/ccrff: 0.505717497 0.315648533 0.178633970
Q:/ccrfr: 0.000000000 0.620929629 0.379070371
Q:/ccrrc: 0.000000000 0.597084400 0.402915600
Q:/ccrrf: 0.000000000 0.612157945 0.387842055
Q:/crccr: 0.000000000 0.651455339 0.348544661
Q:/crcfr: 0.000000000 0.356186056 0.643813944
Q:/crcrc: 0.000000000 0.717844621 0.282155379
Q:/crcrf: 0.000000000 0.167310245 0.832689755
Q:/crfcr: 0.000000000 0.366115071 0.633884929
Q:/crffr: 0.000000000 0.874326112 0.125673888
Q:/crfrc: 0.000000000 0.347839544 0.652160456
Q:/crfrf: 0.000000000 0.071169621 0.928830379
Q:/crrcc: 0.000000000 0.282659165 0.717340835
Q:/crrcf: 0.000000000 0.386925605 0.613074395
Q:/crrfc: 0.000000000 0.448950483 0.551049517
Q:/crrff: 0.000000000 0.118562335 0.881437665
Q:/r: 0.135959593 0.863476404 0.000564003
Q:/rccrc: 0.000000000 0.237971456 0.762028544
Q:/rccrf: 0.000000000 0.194005841 0.805994159
Q:/rcfrc: 0.000000000 0.902656640 0.097343360
Q:/rcfrf: 0.000000000 0.860869855 0.139130145
Q:/rcrcc: 0.000000000 0.338087399 0.661912601
Q:/rcrcf: 0.000000000 0.000000000 1.000000000
Q:/rcrfc: 0.000000000 0.253436893 0.746563107
Q:/rcrff: 0.000000000 0.094604187 0.905395813
T:/c: 0.000195628 0.999804372 0.000000000
T:/cccrc: 0.000000053 0.579035277 0.420964670
T:/cccrccrcc: 0.000000000 0.231411929 0.768588071
T:/cccrccrcf: 0.000000000 0.502944995 0.497055005
T:/cccrccrfc: 0.000000000 0.217570337 0.782429663
T:/cccrccrff: 0.000000000 0.862796312 0.137203688
T:/cccrf: 0.515198175 0.399346487 0.085455338
T:/cccrfcrc: 0.000000000 0.758666565 0.241333435
T:/cccrfcrf: 0.000000000 0.797369191 0.202630809
T:/cccrr: 0.000000000 0.000103942 0.999896058
T:/ccrcc: 0.263778047 0.193845129 0.542376824
T:/ccrcf: 0.700483098 0.075816639 0.223700262
T:/ccrcr: 0.000000000 0.040823872 0.959176128
T:/ccrfc: 0.328223660 0.144344774 0.527431566
T:/ccrff: 0.185465051 0.327704678 0.486830271
T:/ccrfr: 0.000000000 0.631973159 0.368026841
T:/ccrrc: 0.000000000 0.864254526 0.135745474
T:/ccrrf: 0.000000000 0.891065587 0.108934413
T:/crccr: 0.000000000 0.541162037 0.458837963
T:/crcfr: 0.000000000 0.825265072 0.174734928
T:/crcrc: 0.000000000 0.360288701 0.639711299
T:/crcrf: 0.000000000 0.478060064 0.521939936
T:/crfcr: 0.000000000 0.922580907 0.077419093
T:/crffr: 0.000000000 0.559159045 0.440840955
T:/crfrc: 0.000000000 0.456661317 0.543338683
T:/crfrf: 0.000000000 0.341136615 0.658863385
T:/crrcc: 0.000000000 0.441826144 0.558173856
T:/crrcf: 0.000000000 0.112942367 0.887057633
T:/crrfc: 0.000000000 0.367424002 0.632575998
T:/crrff: 0.000000000 0.508958260 0.491041740
T:/r: 0.000000000 0.998612258 0.001387742
T:/rccrc: 0.000000000 0.575819430 0.424180570
T:/rccrf: 0.000000000 0.382785674 0.617214326
T:/rcfrc: 0.000000000 0.000000000 1.000000000
T:/rcfrf: 0.000000000 0.914626277 0.085373723
T:/rcrcc: 0.000000000 0.492797102 0.507202898
T:/rcrcf: 0.000000000 0.478906343 0.521093657
T:/rcrfc: 0.000000000 0.000000000 1.000000000
T:/rcrff: 0.000000000 0.000000000 1.000000000
