9:/cc: 0.004511997 0.995488003 0.000000000
9:/cccrcc: 0.087799573 0.590355622 0.321844805
9:/cccrcf: 0.382578273 0.157584975 0.459836752
9:/cccrcr: 0.000000000 0.495364888 0.504635112
9:/cccrfc: 0.332373481 0.430951951 0.236674568
9:/cccrff: 0.574108225 0.411154164 0.014737611
9:/cccrfr: 0.000000000 0.050867424 0.949132576
9:/cccrrc: 0.000000000 0.001408405 0.998591595
9:/cccrrf: 0.000000000 0.133407843 0.866592157
9:/ccrccr: 0.000000000 0.449631761 0.550368239
9:/ccrcfr: 0.000000000 0.974581942 0.025418058
9:/ccrcrc: 0.000000000 0.282423702 0.717576298
9:/ccrcrf: 0.000000000 0.795202772 0.204797228
9:/ccrfcr: 0.000000000 0.210076873 0.789923127
9:/ccrffr: 0.000000000 0.680460537 0.319539463
9:/ccrfrc: 0.000000000 0.789535659 0.210464341
9:/ccrfrf: 0.000000000 0.767382948 0.232617052
9:/ccrrcc: 0.000000000 0.977606028 0.022393972
9:/ccrrcf: 0.000000000 0.525915621 0.474084379
9:/ccrrfc: 0.000000000 0.809116676 0.190883324
9:/ccrrff: 0.000000000 0.891689444 0.108310556
9:/cr: 0.064555718 0.467892900 0.467551382
9:/crccrc: 0.000000000 0.418048807 0.581951193
9:/crccrf: 0.000000000 0.710824249 0.289175751
9:/crcfrc: 0.000000000 0.629598707 0.370401293
9:/crcfrf: 0.000000000 0.432048470 0.567951530
9:/crcrcc: 0.000000000 0.835615174 0.164384826
9:/crcrcf: 0.000000000 0.135189763 0.864810237
9:/crcrfc: 0.000000000 0.192112095 0.807887905
9:/crcrff: 0.000000000 0.228632658 0.771367342
9:/rc: 0.000072712 0.000000000 0.999927288
9:/rccrcc: 0.000000000 0.769106942 0.230893058
9:/rccrcf: 0.000000000 0.000000000 1.000000000
9:/rccrfc: 0.000000000 0.014196536 0.985803464
9:/rccrff: 0.000000000 0.000000000 1.000000000
9:/rf: 0.462223341 0.159242627 0.378534032
9:/rfcrc: 0.000000000 0.535363621 0.464636379
9:/rfcrf: 0.000000000 0.291746066 0.708253934
9:/rr: 0.000000000 0.000000000 1.000000000
A:/cc: 0.637985176 0.362014824 0.000000000
A:/cccrcc: 0.100460634 0.554198713 0.345340653
A:/cccrcf: 0.187839535 0.249039109 0.563121357
A:/cccrcr: 0.000000000 0.781200441 0.218799559
A:/cccrfc: 0.000001969 0.206633071 0.793364960
A:/cccrff: 0.489955017 0.165464039 0.344580944
A:/cccrfr: 0.000000000 0.798854547 0.201145453
A:/cccrrc: 0.000000000 0.478738667 0.521261333
A:/cccrrf: 0.000000000 0.890795970 0.109204030
A:/ccrccr: 0.000000000 0.312755183 0.687244817
A:/ccrcfr: 0.000000000 0.554618281 0.445381719
A:/ccrcrc: 0.000000000 0.298183050 0.701816950
A:/ccrcrf: 0.000000000 0.933701161 0.066298839
A:/ccrfcr: 0.000000000 0.642008615 0.357991385
A:/ccrffr: 0.000000000 0.656458472 0.343541528
A:/ccrfrc: 0.000000000 0.297730817 0.702269183
A:/ccrfrf: 0.000000000 0.444899659 0.555100341
A:/ccrrcc: 0.000000000 0.974948288 0.025051712
A:/ccrrcf: 0.000000000 0.093127398 0.906872602
A:/ccrrfc: 0.000000000 0.659564063 0.340435937
A:/ccrrff: 0.000000000 0.598549196 0.401450804
A:/cr: 0.000007302 0.343787296 0.656205402
A:/crccrc: 0.000000000 0.329392727 0.670607273
A:/crccrf: 0.000000000 0.483550295 0.516449705
A:/crcfrc: 0.000000000 0.111845033 0.888154967
A:/crcfrf: 0.000000000 0.772237507 0.227762493
A:/crcrcc: 0.000000000 0.594063114 0.405936886
A:/crcrcf: 0.000000000 0.724479826 0.275520174
A:/crcrfc: 0.000000000 0.119259118 0.880740882
A:/crcrff: 0.000000000 0.874113517 0.125886483
A:/rc: 0.670372196 0.329627804 0.000000000
A:/rccrcc: 0.000000000 1.000000000 0.000000000
A:/rccrcf: 0.000000000 1.000000000 0.000000000
A:/rccrfc: 0.000000000 0.988638604 0.011361396
A:/rccrff: 0.000000000 1.000000000 0.000000000
A:/rf: 0.447961278 0.551943185 0.000095537
A:/rfcrc: 0.000000000 0.999408052 0.000591948
A:/rfcrf: 0.000000000 0.999758728 0.000241272
A:/rr: 0.000000000 1.000000000 0.000000000
J:/cc: 0.235992958 0.764007042 0.000000000
J:/cccrcc: 0.346918282 0.280148050 0.372933668
J:/cccrcf: 0.648813326 0.296118048 0.055068626
J:/cccrcr: 0.000000000 0.194081924 0.805918076
J:/cccrfc: 0.092633917 0.411639701 0.495726382
J:/cccrff: 0.222917273 0.561539731 0.215542996
J:/cccrfr: 0.000000000 0.543386523 0.456613477
J:/cccrrc: 0.000000000 0.487844919 0.512155081
J:/cccrrf: 0.000000000 0.051753114 0.948246886
J:/ccrccr: 0.000000000 0.686596962 0.313403038
J:/ccrcfr: 0.000000000 0.575722837 0.424277163
J:/ccrcrc: 0.000000000 0.534944351 0.465055649
J:/ccrcrf: 0.000000000 0.389465352 0.610534648
J:/ccrfcr: 0.000000000 0.536605333 0.463394667
J:/ccrffr: 0.000000000 0.604524461 0.395475539
J:/ccrfrc: 0.000000000 0.698283651 0.301716349
J:/ccrfrf: 0.000000000 0.118676238 0.881323762
J:/ccrrcc: 0.000000000 0.290989647 0.709010353
J:/ccrrcf: 0.000000000 0.750227805 0.249772195
J:/ccrrfc: 0.000000000 0.601214789 0.398785211
J:/ccrrff: 0.000000000 0.638097509 0.361902491
J:/cr: 0.002810764 0.812989300 0.184199937
J:/crccrc: 0.000000000 0.522593723 0.477406277
J:/crccrf: 0.000000000 0.273787137 0.726212863
J:/crcfrc: 0.000000000 0.518218140 0.481781860
J:/crcfrf: 0.000000000 0.710521035 0.289478965
J:/crcrcc: 0.000000000 0.324624649 0.675375351
J:/crcrcf: 0.000000000 0.425083745 0.574916255
J:/crcrfc: 0.000000000 0.956115767 0.043884233
J:/crcrff: 0.000000000 0.506440824 0.493559176
J:/rc: 0.000055508 0.000000000 0.999944492
J:/rccrcc: 0.000000000 0.031608585 0.968391415
J:/rccrcf: 0.000000000 0.000000000 1.000000000
J:/rccrfc: 0.000000000 0.007827682 0.992172318
J:/rccrff: 0.000000000 0.000000000 1.000000000
J:/rf: 0.228152463 0.196336295 0.575511242
J:/rfcrc: 0.000000000 0.153356949 0.846643051
J:/rfcrf: 0.000000000 0.339749837 0.660250163
J:/rr: 0.000000000 0.000000000 1.000000000
K:/cc: 0.886613971 0.113386029 0.000000000
K:/cccrcc: 0.068850418 0.238659308 0.692490274
K:/cccrcf: 0.174656730 0.234787982 0.590555289
K:/cccrcr: 0.000000000 0.713457835 0.286542165
K:/cccrfc: 0.248710143 0.371249089 0.380040768
K:/cccrff: 0.158533681 0.182562122 0.658904197
K:/cccrfr: 0.000000000 0.044295121 0.955704879
K:/cccrrc: 0.000000000 0.119120612 0.880879388
K:/cccrrf: 0.000000000 0.443371306 0.556628694
K:/ccrccr: 0.000000000 0.508583747 0.491416253
K:/ccrcfr: 0.000000000 0.275218633 0.724781367
K:/ccrcrc: 0.000000000 0.069230074 0.930769926
K:/ccrcrf: 0.000000000 0.522892282 0.477107718
K:/ccrfcr: 0.000000000 0.347008754 0.652991246
K:/ccrffr: 0.000000000 0.107878803 0.892121197
K:/ccrfrc: 0.000000000 0.796612237 0.203387763
K:/ccrfrf: 0.000000000 0.365460692 0.634539308
K:/ccrrcc: 0.000000000 0.343042334 0.656957666
K:/ccrrcf: 0.000000000 0.083494363 0.916505637
K:/ccrrfc: 0.000000000 0.482476947 0.517523053
K:/ccrrff: 0.000000000 0.239235024 0.760764976
K:/cr: 0.211292627 0.552616902 0.236090471
K:/crccrc: 0.000000000 0.949380506 0.050619494
K:/crccrf: 0.000000000 0.153764406 0.846235594
K:/crcfrc: 0.000000000 0.228471930 0.771528070
K:/crcfrf: 0.000000000 0.470749117 0.529250883
K:/crcrcc: 0.000000000 0.250371421 0.749628579
K:/crcrcf: 0.000000000 0.595300243 0.404699757
K:/crcrfc: 0.000000000 0.156926044 0.843073956
K:/crcrff: 0.000000000 0.255140414 0.744859586
K:/rc: 0.000000000 1.000000000 0.000000000
K:/rccrcc: 0.000000000 0.471492611 0.528507389
K:/rccrcf: 0.000000000 0.742254994 0.257745006
K:/rccrfc: 0.000000000 0.408771906 0.591228094
K:/rccrff: 0.000000000 0.469078846 0.530921154
K:/rf: 0.902837678 0.097162322 0.000000000
K:/rfcrc: 0.000000000 0.682315706 0.317684294
K:/rfcrf: 0.000000000 0.999033573 0.000966427
K:/rr: 0.000000000 0.000000000 1.000000000
Q:/cc: 0.403518724 0.596481276 0.000000000
Q:/cccrcc: 0.469919276 0.322359545 0.207721178
Q:/cccrcf: 0.157349238 0.359081659 0.483569103
Q:/cccrcr: 0.000000000 0.254879735 0.745120265
Q:/cccrfc: 0.237505394 0.409298172 0.353196434
Q:/cccrff: 0.346236431 0.177199312 0.476564257
Q:/cccrfr: 0.000000000 0.746353647 0.253646353
Q:/cccrrc: 0.000000000 0.044033780 0.955966220
Q:/cccrrf: 0.000000000 0.937615822 0.062384178
Q:/ccrccr: 0.000000000 0.760772908 0.239227092
Q:/ccrcfr: 0.000000000 0.850456464 0.149543536
Q:/ccrcrc: 0.000000000 0.700863979 0.299136021
Q:/ccrcrf: 0.000000000 0.177482228 0.822517772
Q:/ccrfcr: 0.000000000 0.098866241 0.901133759
Q:/ccrffr: 0.000000000 0.353086463 0.646913537
Q:/ccrfrc: 0.000000000 0.340753604 0.659246396
Q:/ccrfrf: 0.000000000 0.834087470 0.165912530
Q:/ccrrcc: 0.000000000 0.485694966 0.514305034
Q:/ccrrcf: 0.000000000 0.275823423 0.724176577
Q:/ccrrfc: 0.000000000 0.953411393 0.046588607
Q:/ccrrff: 0.000000000 0.629320680 0.370679320
Q:/cr: 0.002531989 0.625579655 0.371888356
Q:/crccrc: 0.000000000 0.866794971 0.133205029
Q:/crccrf: 0.000000000 0.709884872 0.290115128
Q:/crcfrc: 0.000000000 0.471686903 0.528313097
Q:/crcfrf: 0.000000000 0.793552859 0.206447141
Q:/crcrcc: 0.000000000 0.716845781 0.283154219
Q:/crcrcf: 0.000000000 0.447377823 0.552622177
Q:/crcrfc: 0.000000000 0.333816698 0.666183302
Q:/crcrff: 0.000000000 0.832107721 0.167892279
Q:/rc: 0.260201072 0.112333185 0.627465743
Q:/rccrcc: 0.000000000 0.000000021 0.999999979
Q:/rccrcf: 0.000000000 0.000000000 1.000000000
Q:/rccrfc: 0.000000000 0.459466666 0.540533334
Q:/rccrff: 0.000000000 0.239581730 0.760418270
Q:/rf: 0.632693102 0.049985438 0.317321460
Q:/rfcrc: 0.000000000 0.532537075 0.467462925
Q:/rfcrf: 0.000000000 0.644102216 0.355897784
Q:/rr: 0.000000000 0.000000000 1.000000000
T:/cc: 0.409129904 0.590870096 0.000000000
T:/cccrcc: 0.141187497 0.293956914 0.564855589
T:/cccrcf: 0.340635117 0.305955179 0.353409703
T:/cccrcr: 0.000000000 0.374943456 0.625056544
T:/cccrfc: 0.172981452 0.149285161 0.677733387
T:/cccrff: 0.303468788 0.350746076 0.345785137
T:/cccrfr: 0.000000000 0.215442496 0.784557504
T:/cccrrc: 0.000000000 0.350605096 0.649394904
T:/cccrrf: 0.000000000 0.638184909 0.361815091
T:/ccrccr: 0.000000000 0.109208193 0.890791807
T:/ccrcfr: 0.000000000 0.067984204 0.932015796
T:/ccrcrc: 0.000000000 0.324386295 0.675613705
T:/ccrcrf: 0.000000000 0.006840370 0.993159630
T:/ccrfcr: 0.000000000 0.277025124 0.722974876
T:/ccrffr: 0.000000000 0.696711343 0.303288657
T:/ccrfrc: 0.000000000 0.478786162 0.521213838
T:/ccrfrf: 0.000000000 0.218315951 0.781684049
T:/ccrrcc: 0.000000000 0.788405658 0.211594342
T:/ccrrcf: 0.000000000 0.589573959 0.410426041
T:/ccrrfc: 0.000000000 0.693618849 0.306381151
T:/ccrrff: 0.000000000 0.436502380 0.563497620
T:/cr: 0.033443026 0.760930743 0.205626231
T:/crccrc: 0.000000000 0.342360676 0.657639324
T:/crccrf: 0.000000000 0.551522596 0.448477404
T:/crcfrc: 0.000000000 0.434577338 0.565422662
T:/crcfrf: 0.000000000 0.361594345 0.638405655
T:/crcrcc: 0.000000000 0.500474871 0.499525129
T:/crcrcf: 0.000000000 0.289112803 0.710887197
T:/crcrfc: 0.000000000 0.516297698 0.483702302
T:/crcrff: 0.000000000 0.612574843 0.387425157
T:/rc: 0.000020271 0.000000000 0.999979729
T:/rccrcc: 0.000000000 0.639267604 0.360732396
T:/rccrcf: 0.000000000 0.000000000 1.000000000
T:/rccrfc: 0.000000000 0.190016746 0.809983254
T:/rccrff: 0.000000000 0.000168139 0.999831861
T:/rf: 0.264154495 0.321360504 0.414485001
T:/rfcrc: 0.000000000 0.386054468 0.613945532
T:/rfcrf: 0.000000000 0.606601044 0.393398956
T:/rr: 0.000000000 0.000000000 1.000000000
