9:/ccc: 0.247206629 0.752793371 0.000000000
9:/cccrccr: 0.000000000 0.580757996 0.419242004
9:/cccrcfr: 0.000000000 0.267851788 0.732148212
9:/cccrcrc: 0.000000000 0.385900383 0.614099617
9:/cccrcrf: 0.000000000 0.407134089 0.592865911
9:/cccrfcr: 0.000000000 0.835718885 0.164281115
9:/cccrffr: 0.000000000 0.310235451 0.689764549
9:/cccrfrc: 0.000000000 0.187605778 0.812394222
9:/cccrfrf: 0.000000000 0.626409223 0.373590777
9:/cccrrcc: 0.000000000 0.250203673 0.749796327
9:/cccrrcf: 0.000000000 0.656827872 0.343172128
9:/cccrrfc: 0.000000000 0.347373618 0.652626382
9:/cccrrff: 0.000000000 0.648164320 0.351835680
9:/ccr: 0.095010841 0.556927999 0.348061160
9:/ccrccrc: 0.000000000 0.468826145 0.531173855
9:/ccrccrf: 0.000000000 0.672022879 0.327977121
9:/ccrcfrc: 0.000000000 0.892219139 0.107780861
9:/ccrcfrf: 0.000000000 0.809567261 0.190432739
9:/ccrcrcc: 0.000000000 0.526883103 0.473116897
9:/ccrcrcf: 0.000000000 0.799601228 0.200398772
9:/ccrcrfc: 0.000000000 0.715090826 0.284909174
9:/ccrcrff: 0.000000000 0.213751107 0.786248893
9:/crc: 0.000002972 0.478232290 0.521764738
9:/crccrcc: 0.000000000 0.280113030 0.719886970
9:/crccrcf: 0.000000000 0.533598108 0.466401892
9:/crccrfc: 0.000000000 0.629335145 0.370664855
9:/crccrff: 0.000000000 0.271367983 0.728632017
9:/crf: 0.210245571 0.788087500 0.001666929
9:/crfcrc: 0.000000000 0.080382882 0.919617118
9:/crfcrf: 0.000000000 0.676725608 0.323274392
9:/crr: 0.000000000 0.366750630 0.633249370
9:/rcc: 0.000259203 0.000166315 0.999574482
9:/rcf: 0.000370203 0.000000000 0.999629797
9:/rcr: 0.000000000 0.000000000 1.000000000
9:/rfc: 0.311345297 0.475468070 0.213186633
9:/rff: 0.187788717 0.512286615 0.299924668
9:/rfr: 0.000000000 0.099604975 0.900395025
9:/rrc: 0.000000000 0.000000000 1.000000000
9:/rrf: 0.000000000 0.000000000 1.000000000
A:/ccc: 0.894416178 0.105583822 0.000000000
A:/cccrccr: 0.000000000 0.845565422 0.154434578
A:/cccrcfr: 0.000000000 0.516639849 0.483360151
A:/cccrcrc: 0.000000000 0.752946162 0.247053838
A:/cccrcrf: 0.000000000 0.141818414 0.858181586
A:/cccrfcr: 0.000000000 0.332421067 0.667578933
A:/cccrffr: 0.000000000 0.644915868 0.355084132
A:/cccrfrc: 0.000000000 0.999999002 0.000000998
A:/cccrfrf: 0.000000000 0.045076573 0.954923427
A:/cccrrcc: 0.000000000 0.610183281 0.389816719
A:/cccrrcf: 0.000000000 0.701784620 0.298215380
A:/cccrrfc: 0.000000000 0.676085672 0.323914328
A:/cccrrff: 0.000000000 0.957204501 0.042795499
A:/ccr: 0.823149827 0.176847808 0.000002365
A:/ccrccrc: 0.000000000 0.618297309 0.381702691
A:/ccrccrf: 0.000000000 0.828443602 0.171556398
A:/ccrcfrc: 0.000000000 0.634214202 0.365785798
A:/ccrcfrf: 0.000000000 0.966767052 0.033232948
A:/ccrcrcc: 0.000000000 0.438197219 0.561802781
A:/ccrcrcf: 0.000000000 0.245707027 0.754292973
A:/ccrcrfc: 0.000000000 0.824370849 0.175629151
A:/ccrcrff: 0.000000000 0.242733590 0.757266410
A:/crc: 0.847896197 0.152102635 0.000001167
A:/crccrcc: 0.000000000 0.852017468 0.147982532
A:/crccrcf: 0.000000000 0.321638152 0.678361848
A:/crccrfc: 0.000000000 0.999947547 0.000052453
A:/crccrff: 0.000000000 0.520747947 0.479252053
A:/crf: 0.690844071 0.309155929 0.000000000
A:/crfcrc: 0.000000000 0.999999978 0.000000022
A:/crfcrf: 0.000000000 1.000000000 0.000000000
A:/crr: 0.000000000 1.000000000 0.000000000
A:/rcc: 1.000000000 0.000000000 0.000000000
A:/rcf: 0.789011367 0.210988633 0.000000000
A:/rcr: 0.000000000 0.999850465 0.000149535
A:/rfc: 0.592145451 0.176030513 0.231824037
A:/rff: 0.240344575 0.547759771 0.211895654
A:/rfr: 0.000000000 0.701742680 0.298257320
A:/rrc: 0.000000000 1.000000000 0.000000000
A:/rrf: 0.000000000 1.000000000 0.000000000
J:/ccc: 0.320976271 0.679023729 0.000000000
J:/cccrccr: 0.000000000 0.463776488 0.536223512
J:/cccrcfr: 0.000000000 0.795548612 0.204451388
J:/cccrcrc: 0.000000000 0.268192669 0.731807331
J:/cccrcrf: 0.000000000 0.623615708 0.376384292
J:/cccrfcr: 0.000000000 0.275363966 0.724636034
J:/cccrffr: 0.000000000 0.947016230 0.052983770
J:/cccrfrc: 0.000000000 0.807037920 0.192962080
J:/cccrfrf: 0.000000000 0.505489593 0.494510407
J:/cccrrcc: 0.000000000 0.046571593 0.953428407
J:/cccrrcf: 0.000000000 0.317288603 0.682711397
J:/cccrrfc: 0.000000000 0.055710028 0.944289972
J:/cccrrff: 0.000000000 0.969646936 0.030353064
J:/ccr: 0.000000037 0.367518439 0.632481524
J:/ccrccrc: 0.000000000 0.517617541 0.482382459
J:/ccrccrf: 0.000000000 0.229294488 0.770705512
J:/ccrcfrc: 0.000000000 0.095364393 0.904635607
J:/ccrcfrf: 0.000000000 0.444535035 0.555464965
J:/ccrcrcc: 0.000000000 0.408129824 0.591870176
J:/ccrcrcf: 0.000000000 0.772351260 0.227648740
J:/ccrcrfc: 0.000000000 0.143608903 0.856391097
J:/ccrcrff: 0.000000000 0.765511832 0.234488168
J:/crc: 0.258127514 0.405597224 0.336275262
J:/crccrcc: 0.000000000 0.438898312 0.561101688
J:/crccrcf: 0.000000000 0.320192318 0.679807682
J:/crccrfc: 0.000000000 0.947048852 0.052951148
J:/crccrff: 0.000000000 0.813482034 0.186517966
J:/crf: 0.520251498 0.427578891 0.052169611
J:/crfcrc: 0.000000000 0.814815529 0.185184471
J:/crfcrf: 0.000000000 0.221103491 0.778896509
J:/crr: 0.000000000 0.617430989 0.382569011
J:/rcc: 0.005354464 0.000132890 0.994512646
J:/rcf: 0.013608259 0.000000000 0.986391741
J:/rcr: 0.000000000 0.000000000 1.000000000
J:/rfc: 0.311773559 0.155636569 0.532589872
J:/rff: 0.375042635 0.001319389 0.623637976
J:/rfr: 0.000000000 0.849805205 0.150194795
J:/rrc: 0.000000000 0.000000000 1.000000000
J:/rrf: 0.000000000 0.000000000 1.000000000
K:/ccc: 0.866447897 0.133552103 0.000000000
K:/cccrccr: 0.000000000 0.323171892 0.676828108
K:/cccrcfr: 0.000000000 0.925298760 0.074701240
K:/cccrcrc: 0.000000000 0.714394602 0.285605398
K:/cccrcrf: 0.000000000 0.219958432 0.780041568
K:/cccrfcr: 0.000000000 0.199200701 0.800799299
K:/cccrffr: 0.000000000 0.850051715 0.149948285
K:/cccrfrc: 0.000000000 0.142115387 0.857884613
K:/cccrfrf: 0.000000000 0.540013798 0.459986202
K:/cccrrcc: 0.000000000 0.308215120 0.691784880
K:/cccrrcf: 0.000000000 0.054618550 0.945381450
K:/cccrrfc: 0.000000000 0.226957536 0.773042464
K:/cccrrff: 0.000000000 0.525770359 0.474229641
K:/ccr: 0.076785952 0.622075412 0.301138636
K:/ccrccrc: 0.000000000 0.562712379 0.437287621
K:/ccrccrf: 0.000000000 0.454750582 0.545249418
K:/ccrcfrc: 0.000000000 0.679231961 0.320768039
K:/ccrcfrf: 0.000000000 0.512399706 0.487600294
K:/ccrcrcc: 0.000000000 0.451060125 0.548939875
K:/ccrcrcf: 0.000000000 0.582453438 0.417546562
K:/ccrcrfc: 0.000000000 0.659713170 0.340286830
K:/ccrcrff: 0.000000000 0.655373291 0.344626709
K:/crc: 0.407876240 0.588079743 0.004044018
K:/crccrcc: 0.000000000 0.601049918 0.398950082
K:/crccrcf: 0.000000000 0.251120410 0.748879590
K:/crccrfc: 0.000000000 0.546033057 0.453966943
K:/crccrff: 0.000000000 0.960146780 0.039853220
K:/crf: 0.440428711 0.559516691 0.000054599
K:/crfcrc: 0.000000000 0.607875182 0.392124818
K:/crfcrf: 0.000000000 0.823423926 0.176576074
K:/crr: 0.000000000 0.500390335 0.499609665
K:/rcc: 0.000011479 0.683100884 0.316887638
K:/rcf: 0.000000000 1.000000000 0.000000000
K:/rcr: 0.000000000 0.103940480 0.896059520
K:/rfc: 0.322868680 0.053932628 0.623198692
K:/rff: 0.677742617 0.104066735 0.218190648
K:/rfr: 0.000000000 0.449847440 0.550152560
K:/rrc: 0.000000000 0.000000000 1.000000000
K:/rrf: 0.000000000 1.000000000 0.000000000
Q:/ccc: 0.000000000 1.000000000 0.000000000
Q:/cccrccr: 0.000000000 0.895750581 0.104249419
Q:/cccrcfr: 0.000000000 0.068361058 0.931638942
Q:/cccrcrc: 0.000000000 0.505378597 0.494621403
Q:/cccrcrf: 0.000000000 0.225260019 0.774739981
Q:/cccrfcr: 0.000000000 0.724390558 0.275609442
Q:/cccrffr: 0.000000000 0.998800426 0.001199574
Q:/cccrfrc: 0.000000000 0.035350833 0.964649167
Q:/cccrfrf: 0.000000000 0.495271875 0.504728125
Q:/cccrrcc: 0.000000000 0.211526693 0.788473307
Q:/cccrrcf: 0.000000000 0.698418150 0.301581850
Q:/cccrrfc: 0.000000000 0.084430446 0.915569554
Q:/cccrrff: 0.000000000 0.244480759 0.755519241
Q:/ccr: 0.000024680 0.380783091 0.619192229
Q:/ccrccrc: 0.000000000 0.287207941 0.712792059
Q:/ccrccrf: 0.000000000 0.632967854 0.367032146
Q:/ccrcfrc: 0.000000000 0.871755692 0.128244308
Q:/ccrcfrf: 0.000000000 0.528758531 0.471241469
Q:/ccrcrcc: 0.000000000 0.548516963 0.451483037
Q:/ccrcrcf: 0.000000000 0.137585519 0.862414481
Q:/ccrcrfc: 0.000000000 0.465410117 0.534589883
Q:/ccrcrff: 0.000000000 0.554083533 0.445916467
Q:/crc: 0.251568090 0.240428401 0.508003509
Q:/crccrcc: 0.000000000 0.130866552 0.869133448
Q:/crccrcf: 0.000000000 0.203512558 0.796487442
Q:/crccrfc: 0.000000000 0.204671665 0.795328335
Q:/crccrff: 0.000000000 0.350459109 0.649540891
Q:/crf: 0.335560883 0.471007623 0.193431494
Q:/crfcrc: 0.000000000 0.840507200 0.159492800
Q:/crfcrf: 0.000000000 0.546034974 0.453965026
Q:/crr: 0.000000000 0.782973937 0.217026063
Q:/rcc: 0.000320869 0.360369147 0.639309984
Q:/rcf: 0.183173621 0.816826379 0.000000000
Q:/rcr: 0.000000000 0.080391694 0.919608306
Q:/rfc: 0.435238036 0.102742354 0.462019610
Q:/rff: 0.453816360 0.334822491 0.211361149
Q:/rfr: 0.000000000 0.076017632 0.923982368
Q:/rrc: 0.000000000 0.000000000 1.000000000
Q:/rrf: 0.000000000 0.000000000 1.000000000
T:/ccc: 0.159128172 0.840871828 0.000000000
T:/cccrccr: 0.000000000 0.800751725 0.199248275
T:/cccrcfr: 0.000000000 0.792680415 0.207319585
T:/cccrcrc: 0.000000000 0.183995139 0.816004861
T:/cccrcrf: 0.000000000 0.596598879 0.403401121
T:/cccrfcr: 0.000000000 0.373429966 0.626570034
T:/cccrffr: 0.000000000 0.039369892 0.960630108
T:/cccrfrc: 0.000000000 0.542448682 0.457551318
T:/cccrfrf: 0.000000000 0.272676090 0.727323910
T:/cccrrcc: 0.000000000 0.502293867 0.497706133
T:/cccrrcf: 0.000000000 0.573302868 0.426697132
T:/cccrrfc: 0.000000000 0.482723673 0.517276327
T:/cccrrff: 0.000000000 0.092133217 0.907866783
T:/ccr: 0.290028973 0.365113363 0.344857664
T:/ccrccrc: 0.000000000 0.633540126 0.366459874
T:/ccrccrf: 0.000000000 0.752134574 0.247865426
T:/ccrcfrc: 0.000000000 0.290881854 0.709118146
T:/ccrcfrf: 0.000000000 0.567909723 0.432090277
T:/ccrcrcc: 0.000000000 0.880421249 0.119578751
T:/ccrcrcf: 0.000000000 0.340573579 0.659426421
T:/ccrcrfc: 0.000000000 0.584301043 0.415698957
T:/ccrcrff: 0.000000000 0.601682252 0.398317748
T:/crc: 0.000002251 0.437248181 0.562749568
T:/crccrcc: 0.000000000 0.409201124 0.590798876
T:/crccrcf: 0.000000000 0.932471243 0.067528757
T:/crccrfc: 0.000000000 0.485329290 0.514670710
T:/crccrff: 0.000000000 0.443980778 0.556019222
T:/crf: 0.060024149 0.645094265 0.294881586
T:/crfcrc: 0.000000000 0.410718687 0.589281313
T:/crfcrf: 0.000000000 0.340672223 0.659327777
T:/crr: 0.000000000 0.038139567 0.961860433
T:/rcc: 0.247711307 0.066711699 0.685576995
T:/rcf: 0.000141058 0.144965758 0.854893185
T:/rcr: 0.000000000 0.000000000 1.000000000
T:/rfc: 0.368110850 0.101840168 0.530048982
T:/rff: 0.081292567 0.456099691 0.462607742
T:/rfr: 0.000000000 0.775896549 0.224103451
T:/rrc: 0.000000000 0.000000000 1.000000000
T:/rrf: 0.000000000 0.301966587 0.698033413
