9:/: 0.000000000 1.000000000 0.000000000
9:/cccr: 0.000000000 0.000000000 1.000000000
9:/cccrccrc: 0.000000000 0.419463804 0.580536196
9:/cccrccrf: 0.000000000 0.183328813 0.816671187
9:/cccrcfrc: 0.000000000 0.758828061 0.241171939
9:/cccrcfrf: 0.000000000 0.107457601 0.892542399
9:/cccrcrcc: 0.000000000 0.630056584 0.369943416
9:/cccrcrcf: 0.000000000 0.344720012 0.655279988
9:/cccrcrfc: 0.000000000 0.325535926 0.674464074
9:/cccrcrff: 0.000000000 0.588584333 0.411415667
9:/ccrc: 0.000000000 0.614315964 0.385684036
9:/ccrccrcc: 0.000000000 0.032139562 0.967860438
9:/ccrccrcf: 0.000000000 0.788235865 0.211764135
9:/ccrccrfc: 0.000000000 0.192225618 0.807774382
9:/ccrccrff: 0.000000000 0.396228375 0.603771625
9:/ccrf: 0.536426870 0.168273861 0.295299269
9:/ccrfcrc: 0.000000000 0.560708319 0.439291681
9:/ccrfcrf: 0.000000000 0.440766419 0.559233581
9:/ccrr: 0.000000000 0.396857345 0.603142655
9:/crcc: 1.000000000 0.000000000 0.000000000
9:/crcf: 1.000000000 0.000000000 0.000000000
9:/crcr: 0.000000000 0.000000000 1.000000000
9:/crfc: 0.520723772 0.000000000 0.479276228
9:/crff: 0.660825693 0.000000000 0.339174307
9:/crfr: 0.000000000 0.167821652 0.832178348
9:/crrc: 0.000000000 0.660133392 0.339866608
9:/crrf: 0.000000000 0.345574109 0.654425891
9:/rccr: 0.000000000 0.976333793 0.023666207
9:/rcfr: 0.000000000 0.000000000 1.000000000
9:/rcrc: 0.000000000 0.098049834 0.901950166
9:/rcrf: 0.000000000 0.392078045 0.607921955
9:/rfcr: 0.000000000 0.061553800 0.938446200
9:/rffr: 0.000000000 0.000000000 1.000000000
9:/rfrc: 0.000000000 0.000000000 1.000000000
9:/rfrf: 0.000000000 0.565505932 0.434494068
9:/rrcc: 0.000000000 0.106989517 0.893010483
9:/rrcf: 0.000000000 0.000000000 1.000000000
9:/rrfc: 0.000000000 0.287403823 0.712596177
9:/rrff: 0.000000000 0.000000000 1.000000000
A:/: 0.000000000 1.000000000 0.000000000
A:/cccr: 0.470047360 0.529952640 0.000000000
A:/cccrccrc: 0.000000000 0.557022950 0.442977050
A:/cccrccrf: 0.000000000 0.777636804 0.222363196
A:/cccrcfrc: 0.000000000 1.000000000 0.000000000
A:/cccrcfrf: 0.000000000 0.550042603 0.449957397
A:/cccrcrcc: 0.000000000 1.000000000 0.000000000
A:/cccrcrcf: 0.000000000 0.561225099 0.438774901
A:/cccrcrfc: 0.000000000 1.000000000 0.000000000
A:/cccrcrff: 0.000000000 1.000000000 0.000000000
A:/ccrc: 0.559091665 0.440908335 0.000000000
A:/ccrccrcc: 0.000000000 0.482693073 0.517306927
A:/ccrccrcf: 0.000000000 0.827064084 0.172935916
A:/ccrccrfc: 0.000000000 0.780013167 0.219986833
A:/ccrccrff: 0.000000000 0.682940278 0.317059722
A:/ccrf: 0.832179824 0.167820176 0.000000000
A:/ccrfcrc: 0.000000000 0.996043383 0.003956617
A:/ccrfcrf: 0.000000000 1.000000000 0.000000000
A:/ccrr: 0.000000000 1.000000000 0.000000000
A:/crcc: 1.000000000 0.000000000 0.000000000
A:/crcf: 0.960038812 0.039961188 0.000000000
A:/crcr: 0.000000000 0.881583388 0.118416612
A:/crfc: 0.816666550 0.183333450 0.000000000
A:/crff: 0.473534319 0.526465681 0.000000000
A:/crfr: 0.000000000 1.000000000 0.000000000
A:/crrc: 0.000000000 1.000000000 0.000000000
A:/crrf: 0.000000000 1.000000000 0.000000000
A:/rccr: 0.000000000 1.000000000 0.000000000
A:/rcfr: 0.000000000 1.000000000 0.000000000
A:/rcrc: 0.000000000 1.000000000 0.000000000
A:/rcrf: 0.000000000 1.000000000 0.000000000
A:/rfcr: 0.000000000 1.000000000 0.000000000
A:/rffr: 0.000000000 1.000000000 0.000000000
A:/rfrc: 0.000000000 1.000000000 0.000000000
A:/rfrf: 0.000000000 0.355260370 0.644739630
A:/rrcc: 0.000000000 1.000000000 0.000000000
A:/rrcf: 0.000000000 1.000000000 0.000000000
A:/rrfc: 0.000000000 1.000000000 0.000000000
A:/rrff: 0.000000000 1.000000000 0.000000000
J:/: 0.000000000 1.000000000 0.000000000
J:/cccr: 0.000000000 0.000000000 1.000000000
J:/cccrccrc: 0.000000000 0.936376120 0.063623880
J:/cccrccrf: 0.000000000 0.635140489 0.364859511
J:/cccrcfrc: 0.000000000 0.000000000 1.000000000
J:/cccrcfrf: 0.000000000 0.627321562 0.372678438
J:/cccrcrcc: 0.000000000 0.673313685 0.326686315
J:/cccrcrcf: 0.000000000 0.585738174 0.414261826
J:/cccrcrfc: 0.000000000 0.555116737 0.444883263
J:/cccrcrff: 0.000000000 0.029868487 0.970131513
J:/ccrc: 0.366435582 0.293604849 0.339959569
J:/ccrccrcc: 0.000000000 0.443837598 0.556162402
J:/ccrccrcf: 0.000000000 0.581736205 0.418263795
J:/ccrccrfc: 0.000000000 0.531008561 0.468991439
J:/ccrccrff: 0.000000000 0.889000515 0.110999485
J:/ccrf: 0.794322527 0.196018166 0.009659307
J:/ccrfcrc: 0.000000000 0.499221723 0.500778277
J:/ccrfcrf: 0.000000000 0.705666368 0.294333632
J:/ccrr: 0.000000000 0.541542887 0.458457113
J:/crcc: 1.000000000 0.000000000 0.000000000
J:/crcf: 1.000000000 0.000000000 0.000000000
J:/crcr: 0.000000000 0.000000000 1.000000000
J:/crfc: 0.999949551 0.000000000 0.000050449
J:/crff: 0.270918812 0.686469168 0.042612020
J:/crfr: 0.000000000 0.892866570 0.107133430
J:/crrc: 0.000000000 0.422399566 0.577600434
J:/crrf: 0.000000000 0.748949114 0.251050886
J:/rccr: 0.000000000 0.864404481 0.135595519
J:/rcfr: 0.000000000 0.550141087 0.449858913
J:/rcrc: 0.000000000 0.254709747 0.745290253
J:/rcrf: 0.000000000 0.566572216 0.433427784
J:/rfcr: 0.000000000 0.898611110 0.101388890
J:/rffr: 0.000000000 0.999925940 0.000074060
J:/rfrc: 0.000000000 0.516979094 0.483020906
J:/rfrf: 0.000000000 0.380752758 0.619247242
J:/rrcc: 0.000000000 0.058505073 0.941494927
J:/rrcf: 0.000000000 0.000000000 1.000000000
J:/rrfc: 0.000000000 0.000000000 1.000000000
J:/rrff: 0.000000000 0.039211035 0.960788965
K:/: 0.000000000 1.000000000 0.000000000
K:/cccr: 1.000000000 0.000000000 0.000000000
K:/cccrccrc: 0.000000000 0.218016397 0.781983603
K:/cccrccrf: 0.000000000 0.715916127 0.284083873
K:/cccrcfrc: 0.000000000 1.000000000 0.000000000
K:/cccrcfrf: 0.000000000 0.660719531 0.339280469
K:/cccrcrcc: 0.000000000 0.524066354 0.475933646
K:/cccrcrcf: 0.000000000 0.209728654 0.790271346
K:/cccrcrfc: 0.000000000 0.752842908 0.247157092
K:/cccrcrff: 0.000000000 0.933274311 0.066725689
K:/ccrc: 0.890278287 0.109721713 0.000000000
K:/ccrccrcc: 0.000000000 0.110079820 0.889920180
K:/ccrccrcf: 0.000000000 0.715284373 0.284715627
K:/ccrccrfc: 0.000000000 0.752357081 0.247642919
K:/ccrccrff: 0.000000000 0.856853020 0.143146980
K:/ccrf: 0.303048371 0.696951629 0.000000000
K:/ccrfcrc: 0.000000000 1.000000000 0.000000000
K:/ccrfcrf: 0.000000000 0.712043249 0.287956751
K:/ccrr: 0.000000000 1.000000000 0.000000000
K:/crcc: 1.000000000 0.000000000 0.000000000
K:/crcf: 1.000000000 0.000000000 0.000000000
K:/crcr: 0.000000000 0.488491295 0.511508705
K:/crfc: 0.838741884 0.161258116 0.000000000
K:/crff: 0.802181076 0.197818924 0.000000000
K:/crfr: 0.000000000 0.982033640 0.017966360
K:/crrc: 0.000000000 0.972963977 0.027036023
K:/crrf: 0.000000000 0.566234371 0.433765629
K:/rccr: 0.000000000 1.000000000 0.000000000
K:/rcfr: 0.000000000 1.000000000 0.000000000
K:/rcrc: 0.000000000 1.000000000 0.000000000
K:/rcrf: 0.000000000 1.000000000 0.000000000
K:/rfcr: 0.000000000 0.999970333 0.000029667
K:/rffr: 0.000000000 0.999895414 0.000104586
K:/rfrc: 0.000000000 0.999905934 0.000094066
K:/rfrf: 0.000000000 0.663547182 0.336452818
K:/rrcc: 0.000000000 1.000000000 0.000000000
K:/rrcf: 0.000000000 0.000000000 1.000000000
K:/rrfc: 0.000000000 1.000000000 0.000000000
K:/rrff: 0.000000000 0.999841629 0.000158371
Q:/: 0.000000000 1.000000000 0.000000000
Q:/cccr: 0.090249711 0.000000000 0.909750289
Q:/cccrccrc: 0.000000000 0.358949139 0.641050861
Q:/cccrccrf: 0.000000000 0.657347748 0.342652252
Q:/cccrcfrc: 0.000000000 0.446000147 0.553999853
Q:/cccrcfrf: 0.000000000 0.467117675 0.532882325
Q:/cccrcrcc: 0.000000000 0.654276603 0.345723397
Q:/cccrcrcf: 0.000000000 0.686458033 0.313541967
Q:/cccrcrfc: 0.000000000 0.649803737 0.350196263
Q:/cccrcrff: 0.000000000 0.720317122 0.279682878
Q:/ccrc: 0.252395388 0.213185228 0.534419384
Q:/ccrccrcc: 0.000000000 0.021282033 0.978717967
Q:/ccrccrcf: 0.000000000 0.547918713 0.452081287
Q:/ccrccrfc: 0.000000000 0.360916142 0.639083858
Q:/ccrccrff: 0.000000000 0.572436498 0.427563502
Q:/ccrf: 0.400864827 0.589475866 0.009659307
Q:/ccrfcrc: 0.000000000 0.657017504 0.342982496
Q:/ccrfcrf: 0.000000000 0.689190405 0.310809595
Q:/ccrr: 0.000000000 0.244052423 0.755947577
Q:/crcc: 1.000000000 0.000000000 0.000000000
Q:/crcf: 1.000000000 0.000000000 0.000000000
Q:/crcr: 0.000000000 0.600351228 0.399648772
Q:/crfc: 0.999967854 0.000000000 0.000032146
Q:/crff: 0.882639723 0.117360277 0.000000000
Q:/crfr: 0.000000000 0.982033640 0.017966360
Q:/crrc: 0.000000000 0.318985750 0.681014250
Q:/crrf: 0.000000000 0.372445162 0.627554838
Q:/rccr: 0.000000000 0.911342236 0.088657764
Q:/rcfr: 0.000000000 0.346163327 0.653836673
Q:/rcrc: 0.000000000 0.851052924 0.148947076
Q:/rcrf: 0.000000000 0.321028618 0.678971382
Q:/rfcr: 0.000000000 0.814115502 0.185884498
Q:/rffr: 0.000000000 0.920074689 0.079925311
Q:/rfrc: 0.000000000 0.494773216 0.505226784
Q:/rfrf: 0.000000000 0.845050683 0.154949317
Q:/rrcc: 0.000000000 0.000000000 1.000000000
Q:/rrcf: 0.000000000 0.108251146 0.891748854
Q:/rrfc: 0.000000000 0.651349388 0.348650612
Q:/rrff: 0.000000000 0.999901539 0.000098461
T:/: 0.000000000 1.000000000 0.000000000
T:/cccr: 0.000000000 0.000000000 1.000000000
T:/cccrccrc: 0.000000000 0.508286233 0.491713767
T:/cccrccrf: 0.000000000 0.549041680 0.450958320
T:/cccrcfrc: 0.000000000 0.538737609 0.461262391
T:/cccrcfrf: 0.000000000 0.430945017 0.569054983
T:/cccrcrcc: 0.000000000 0.572635030 0.427364970
T:/cccrcrcf: 0.000000000 0.000000000 1.000000000
T:/cccrcrfc: 0.000000000 0.290267292 0.709732708
T:/cccrcrff: 0.000000000 0.784411319 0.215588681
T:/ccrc: 0.143102605 0.400678809 0.456218586
T:/ccrccrcc: 0.000000000 0.518317145 0.481682855
T:/ccrccrcf: 0.000000000 0.427741724 0.572258276
T:/ccrccrfc: 0.000000000 0.383840711 0.616159289
T:/ccrccrff: 0.000000000 0.328952043 0.671047957
T:/ccrf: 0.616710222 0.343994180 0.039295598
T:/ccrfcrc: 0.000000000 0.418560486 0.581439514
T:/ccrfcrf: 0.000000000 0.232988790 0.767011210
T:/ccrr: 0.000000000 0.000000000 1.000000000
T:/crcc: 1.000000000 0.000000000 0.000000000
T:/crcf: 1.000000000 0.000000000 0.000000000
T:/crcr: 0.000000000 0.000000000 1.000000000
T:/crfc: 0.999845542 0.000000000 0.000154458
T:/crff: 0.523710108 0.267734439 0.208555453
T:/crfr: 0.000000000 0.161473461 0.838526539
T:/crrc: 0.000000000 0.203322297 0.796677703
T:/crrf: 0.000000000 0.432382271 0.567617729
T:/rccr: 0.000000000 0.571555363 0.428444637
T:/rcfr: 0.000000000 0.224945243 0.775054757
T:/rcrc: 0.000000000 0.291703422 0.708296578
T:/rcrf: 0.000000000 0.692096671 0.307903329
T:/rfcr: 0.000000000 0.270742327 0.729257673
T:/rffr: 0.000000000 0.000000000 1.000000000
T:/rfrc: 0.000000000 0.000000000 1.000000000
T:/rfrf: 0.000000000 0.732239227 0.267760773
T:/rrcc: 0.000000000 0.412555844 0.587444156
T:/rrcf: 0.000000000 0.000000000 1.000000000
T:/rrfc: 0.000000000 0.220028734 0.779971266
T:/rrff: 0.000000000 0.000000000 1.000000000
