9:/cc: 0.595624670 0.404375330 0.000000000
9:/cccrcc: 0.108221301 0.516329173 0.375449526
9:/cccrcf: 1.000000000 0.000000000 0.000000000
9:/cccrcr: 0.000000000 0.448987991 0.551012009
9:/cccrfc: 0.301940999 0.164515961 0.533543039
9:/cccrff: 1.000000000 0.000000000 0.000000000
9:/cccrfr: 0.000000000 0.259153711 0.740846289
9:/cccrrc: 0.000000000 0.729765602 0.270234398
9:/cccrrf: 0.000000000 0.353468171 0.646531829
9:/ccrccr: 0.000000000 0.521401307 0.478598693
9:/ccrcfr: 0.000000000 0.491541528 0.508458472
9:/ccrcrc: 0.000000000 0.265753301 0.734246699
9:/ccrcrf: 0.000000000 0.467511156 0.532488844
9:/ccrfcr: 0.000000000 0.622146226 0.377853774
9:/ccrffr: 0.000000000 0.487073028 0.512926972
9:/ccrfrc: 0.000000000 0.319394866 0.680605134
9:/ccrfrf: 0.000000000 0.517474946 0.482525054
9:/ccrrcc: 0.000000000 0.387734305 0.612265695
9:/ccrrcf: 0.000000000 0.108215666 0.891784334
9:/ccrrfc: 0.000000000 0.244434137 0.755565863
9:/ccrrff: 0.000000000 0.260414939 0.739585061
9:/cr: 0.000000000 1.000000000 0.000000000
9:/crccrc: 0.000000000 0.000000000 1.000000000
9:/crccrf: 0.000000000 0.000000000 1.000000000
9:/crcfrc: 0.000000000 0.000000000 1.000000000
9:/crcfrf: 0.000000000 0.191339704 0.808660296
9:/crcrcc: 0.000000000 0.889336408 0.110663592
9:/crcrcf: 0.000000000 0.882236778 0.117763222
9:/crcrfc: 0.000000000 0.297287441 0.702712559
9:/crcrff: 0.000000000 0.667034505 0.332965495
9:/rc: 0.287473634 0.347924553 0.364601813
9:/rccrcc: 0.000000000 0.336128026 0.663871974
9:/rccrcf: 0.000000000 0.114765356 0.885234644
9:/rccrfc: 0.000000000 0.097459674 0.902540326
9:/rccrff: 0.000000000 0.320648266 0.679351734
9:/rf: 0.516982170 0.028778637 0.454239193
9:/rfcrc: 0.000000000 0.380578715 0.619421285
9:/rfcrf: 0.000000000 0.896107770 0.103892230
9:/rr: 0.000000000 0.000000000 1.000000000
A:/cc: 1.000000000 0.000000000 0.000000000
A:/cccrcc: 0.413065504 0.326700675 0.260233821
A:/cccrcf: 0.521188221 0.478811779 0.000000000
A:/cccrcr: 0.000000000 1.000000000 0.000000000
A:/cccrfc: 0.294169572 0.547121907 0.158708522
A:/cccrff: 1.000000000 0.000000000 0.000000000
A:/cccrfr: 0.000000000 0.726615583 0.273384417
A:/cccrrc: 0.000000000 0.986382691 0.013617309
A:/cccrrf: 0.000000000 0.606154206 0.393845794
A:/ccrccr: 0.000000000 1.000000000 0.000000000
A:/ccrcfr: 0.000000000 1.000000000 0.000000000
A:/ccrcrc: 0.000000000 0.719307400 0.280692600
A:/ccrcrf: 0.000000000 0.527812257 0.472187743
A:/ccrfcr: 0.000000000 1.000000000 0.000000000
A:/ccrffr: 0.000000000 1.000000000 0.000000000
A:/ccrfrc: 0.000000000 1.000000000 0.000000000
A:/ccrfrf: 0.000000000 0.594642637 0.405357363
A:/ccrrcc: 0.000000000 1.000000000 0.000000000
A:/ccrrcf: 0.000000000 1.000000000 0.000000000
A:/ccrrfc: 0.000000000 1.000000000 0.000000000
A:/ccrrff: 0.000000000 1.000000000 0.000000000
A:/cr: 0.003464932 0.996535068 0.000000000
A:/crccrc: 0.000000000 0.475114324 0.524885676
A:/crccrf: 0.000000000 1.000000000 0.000000000
A:/crcfrc: 0.000000000 1.000000000 0.000000000
A:/crcfrf: 0.000000000 0.357894652 0.642105348
A:/crcrcc: 0.000000000 0.499900431 0.500099569
A:/crcrcf: 0.000000000 0.790696535 0.209303465
A:/crcrfc: 0.000000000 1.000000000 0.000000000
A:/crcrff: 0.000000000 1.000000000 0.000000000
A:/rc: 0.620957899 0.379042101 0.000000000
A:/rccrcc: 0.000000000 0.919845369 0.080154631
A:/rccrcf: 0.000000000 0.784379937 0.215620063
A:/rccrfc: 0.000000000 0.454097405 0.545902595
A:/rccrff: 0.000000000 0.314867989 0.685132011
A:/rf: 0.986984508 0.013015492 0.000000000
A:/rfcrc: 0.000000000 1.000000000 0.000000000
A:/rfcrf: 0.000000000 0.842226296 0.157773704
A:/rr: 0.000000000 1.000000000 0.000000000
J:/cc: 0.368963691 0.631036309 0.000000000
J:/cccrcc: 0.339297704 0.424828425 0.235873871
J:/cccrcf: 0.285486284 0.417724351 0.296789365
J:/cccrcr: 0.000000000 0.585653786 0.414346214
J:/cccrfc: 0.262262956 0.281684989 0.456052056
J:/cccrff: 1.000000000 0.000000000 0.000000000
J:/cccrfr: 0.000000000 0.530200451 0.469799549
J:/cccrrc: 0.000000000 0.606012879 0.393987121
J:/cccrrf: 0.000000000 0.514909424 0.485090576
J:/ccrccr: 0.000000000 0.146916650 0.853083350
J:/ccrcfr: 0.000000000 0.783286192 0.216713808
J:/ccrcrc: 0.000000000 0.456368244 0.543631756
J:/ccrcrf: 0.000000000 0.386035507 0.613964493
J:/ccrfcr: 0.000000000 0.426700855 0.573299145
J:/ccrffr: 0.000000000 0.291584216 0.708415784
J:/ccrfrc: 0.000000000 0.934314151 0.065685849
J:/ccrfrf: 0.000000000 0.820244405 0.179755595
J:/ccrrcc: 0.000000000 0.517839333 0.482160667
J:/ccrrcf: 0.000000000 0.337668123 0.662331877
J:/ccrrfc: 0.000000000 0.748153485 0.251846515
J:/ccrrff: 0.000000000 0.857424576 0.142575424
J:/cr: 0.000000000 1.000000000 0.000000000
J:/crccrc: 0.000000000 0.000000000 1.000000000
J:/crccrf: 0.000000000 0.594320174 0.405679826
J:/crcfrc: 0.000000000 0.397900704 0.602099296
J:/crcfrf: 0.000000000 0.570551493 0.429448507
J:/crcrcc: 0.000000000 0.403433965 0.596566035
J:/crcrcf: 0.000000000 0.611312227 0.388687773
J:/crcrfc: 0.000000000 0.541772074 0.458227926
J:/crcrff: 0.000000000 1.000000000 0.000000000
J:/rc: 0.293412699 0.155992659 0.550594642
J:/rccrcc: 0.000000000 0.039934113 0.960065887
J:/rccrcf: 0.000000000 0.911686495 0.088313505
J:/rccrfc: 0.000000000 0.258241595 0.741758405
J:/rccrff: 0.000000000 0.958092338 0.041907662
J:/rf: 0.561799111 0.000000000 0.438200889
J:/rfcrc: 0.000000000 0.955323366 0.044676634
J:/rfcrf: 0.000000000 0.545221839 0.454778161
J:/rr: 0.000000000 0.587873880 0.412126120
K:/cc: 0.572431068 0.427568932 0.000000000
K:/cccrcc: 0.669123685 0.141558555 0.189317760
K:/cccrcf: 0.748144625 0.251855375 0.000000000
K:/cccrcr: 0.000000000 1.000000000 0.000000000
K:/cccrfc: 0.378865296 0.449320567 0.171814137
K:/cccrff: 1.000000000 0.000000000 0.000000000
K:/cccrfr: 0.000000000 0.430488227 0.569511773
K:/cccrrc: 0.000000000 0.349383148 0.650616852
K:/cccrrf: 0.000000000 0.296962476 0.703037524
K:/ccrccr: 0.000000000 0.871128112 0.128871888
K:/ccrcfr: 0.000000000 0.966154659 0.033845341
K:/ccrcrc: 0.000000000 0.658901645 0.341098355
K:/ccrcrf: 0.000000000 0.926398053 0.073601947
K:/ccrfcr: 0.000000000 0.622382457 0.377617543
K:/ccrffr: 0.000000000 0.669082164 0.330917836
K:/ccrfrc: 0.000000000 1.000000000 0.000000000
K:/ccrfrf: 0.000000000 0.490561162 0.509438838
K:/ccrrcc: 0.000000000 1.000000000 0.000000000
K:/ccrrcf: 0.000000000 0.627430637 0.372569363
K:/ccrrfc: 0.000000000 1.000000000 0.000000000
K:/ccrrff: 0.000000000 1.000000000 0.000000000
K:/cr: 0.000000000 1.000000000 0.000000000
K:/crccrc: 0.000000000 0.768337416 0.231662584
K:/crccrf: 0.000000000 1.000000000 0.000000000
K:/crcfrc: 0.000000000 0.447046128 0.552953872
K:/crcfrf: 0.000000000 0.349841839 0.650158161
K:/crcrcc: 0.000000000 0.222359808 0.777640192
K:/crcrcf: 0.000000000 0.231719595 0.768280405
K:/crcrfc: 0.000000000 0.341398690 0.658601310
K:/crcrff: 0.000000000 1.000000000 0.000000000
K:/rc: 0.690286942 0.178665910 0.131047147
K:/rccrcc: 0.000000000 0.799958931 0.200041069
K:/rccrcf: 0.000000000 0.706190572 0.293809428
K:/rccrfc: 0.000000000 0.402655604 0.597344396
K:/rccrff: 0.000000000 0.563633602 0.436366398
K:/rf: 0.438774759 0.194164783 0.367060458
K:/rfcrc: 0.000000000 0.723379423 0.276620577
K:/rfcrf: 0.000000000 0.423979014 0.576020986
K:/rr: 0.000000000 0.906673493 0.093326507
Q:/cc: 0.245256050 0.754743950 0.000000000
Q:/cccrcc: 0.363057262 0.606381424 0.030561314
Q:/cccrcf: 0.521428537 0.238291234 0.240280229
Q:/cccrcr: 0.000000000 0.540132081 0.459867919
Q:/cccrfc: 0.092522315 0.423330154 0.484147531
Q:/cccrff: 1.000000000 0.000000000 0.000000000
Q:/cccrfr: 0.000000000 0.504377276 0.495622724
Q:/cccrrc: 0.000000000 0.386355193 0.613644807
Q:/cccrrf: 0.000000000 0.384044479 0.615955521
Q:/ccrccr: 0.000000000 0.255871202 0.744128798
Q:/ccrcfr: 0.000000000 0.845044112 0.154955888
Q:/ccrcrc: 0.000000000 0.551206806 0.448793194
Q:/ccrcrf: 0.000000000 0.754691496 0.245308504
Q:/ccrfcr: 0.000000000 0.888607616 0.111392384
Q:/ccrffr: 0.000000000 1.000000000 0.000000000
Q:/ccrfrc: 0.000000000 0.147945559 0.852054441
Q:/ccrfrf: 0.000000000 0.440171226 0.559828774
Q:/ccrrcc: 0.000000000 0.563838715 0.436161285
Q:/ccrrcf: 0.000000000 0.305552578 0.694447422
Q:/ccrrfc: 0.000000000 0.918037944 0.081962056
Q:/ccrrff: 0.000000000 0.581585848 0.418414152
Q:/cr: 0.000000000 1.000000000 0.000000000
Q:/crccrc: 0.000000000 0.000000000 1.000000000
Q:/crccrf: 0.000000000 1.000000000 0.000000000
Q:/crcfrc: 0.000000000 0.373582651 0.626417349
Q:/crcfrf: 0.000000000 0.098286873 0.901713127
Q:/crcrcc: 0.000000000 0.601336282 0.398663718
Q:/crcrcf: 0.000000000 0.677950399 0.322049601
Q:/crcrfc: 0.000000000 0.000000000 1.000000000
Q:/crcrff: 0.000000000 1.000000000 0.000000000
Q:/rc: 0.120495778 0.505586966 0.373917256
Q:/rccrcc: 0.000000000 0.145015367 0.854984633
Q:/rccrcf: 0.000000000 0.343085593 0.656914407
Q:/rccrfc: 0.000000000 0.609646570 0.390353430
Q:/rccrff: 0.000000000 0.275211706 0.724788294
Q:/rf: 0.385161288 0.028015332 0.586823380
Q:/rfcrc: 0.000000000 0.629222739 0.370777261
Q:/rfcrf: 0.000000000 0.687655300 0.312344700
Q:/rr: 0.000000000 0.675467680 0.324532320
T:/cc: 0.141035772 0.858964228 0.000000000
T:/cccrcc: 0.000000000 0.463252131 0.536747869
T:/cccrcf: 0.489414792 0.268847086 0.241738122
T:/cccrcr: 0.000000000 0.039577323 0.960422677
T:/cccrfc: 0.175725031 0.303360771 0.520914198
T:/cccrff: 1.000000000 0.000000000 0.000000000
T:/cccrfr: 0.000000000 0.173151216 0.826848784
T:/cccrrc: 0.000000000 0.661296810 0.338703190
T:/cccrrf: 0.000000000 0.306837336 0.693162664
T:/ccrccr: 0.000000000 0.000000000 1.000000000
T:/ccrcfr: 0.000000000 0.294600746 0.705399254
T:/ccrcrc: 0.000000000 0.608327748 0.391672252
T:/ccrcrf: 0.000000000 0.665229143 0.334770857
T:/ccrfcr: 0.000000000 0.468559352 0.531440648
T:/ccrffr: 0.000000000 0.236430754 0.763569246
T:/ccrfrc: 0.000000000 0.423256066 0.576743934
T:/ccrfrf: 0.000000000 0.571323940 0.428676060
T:/ccrrcc: 0.000000000 0.469182007 0.530817993
T:/ccrrcf: 0.000000000 0.508338737 0.491661263
T:/ccrrfc: 0.000000000 0.317207157 0.682792843
T:/ccrrff: 0.000000000 0.289029077 0.710970923
T:/cr: 0.000000000 1.000000000 0.000000000
T:/crccrc: 0.000000000 0.229755514 0.770244486
T:/crccrf: 0.000000000 0.000000000 1.000000000
T:/crcfrc: 0.000000000 0.343029529 0.656970471
T:/crcfrf: 0.000000000 0.639800590 0.360199410
T:/crcrcc: 0.000000000 0.511298584 0.488701416
T:/crcrcf: 0.000000000 0.411252309 0.588747691
T:/crcrfc: 0.000000000 0.048167883 0.951832117
T:/crcrff: 0.000000000 0.627462981 0.372537019
T:/rc: 0.010567468 0.269637711 0.719794821
T:/rccrcc: 0.000000000 0.618207915 0.381792085
T:/rccrcf: 0.000000000 0.487056430 0.512943570
T:/rccrfc: 0.000000000 0.307190257 0.692809743
T:/rccrff: 0.000000000 0.822619360 0.177380640
T:/rf: 0.161524093 0.510492586 0.327983321
T:/rfcrc: 0.000000000 0.265585019 0.734414981
T:/rfcrf: 0.000000000 0.340364225 0.659635775
T:/rr: 0.000000000 0.000000000 1.000000000
