2:/: 0.576865684 0.423134316 0.000000000
2:/ccr: 0.000000000 0.197668370 0.802331630
2:/ccrcrc: 0.000000000 0.705048644 0.294951356
2:/ccrcrf: 0.274308338 0.308966097 0.416725565
2:/ccrcrr: 0.000000000 0.120700026 0.879299974
2:/ccrrcr: 0.000000000 0.499812636 0.500187364
2:/ccrrfr: 0.000000000 0.199234726 0.800765274
2:/ccrrrc: 0.000000000 0.119013176 0.880986824
2:/ccrrrf: 0.000000000 0.528775948 0.471224052
2:/crc: 0.000068968 0.000000000 0.999931032
2:/crcrcr: 0.000000000 0.760737654 0.239262346
2:/crcrfr: 0.000000000 0.637493885 0.362506115
2:/crcrrc: 0.000000000 0.551240686 0.448759314
2:/crcrrf: 0.000000000 0.586944318 0.413055682
2:/crf: 0.001315369 0.000000000 0.998684631
2:/crfrr: 0.000000000 0.000000000 1.000000000
2:/crr: 0.161629493 0.203314012 0.635056495
2:/crrcrc: 0.000000000 0.425619398 0.574380602
2:/crrcrf: 0.000000000 0.260115333 0.739884667
2:/rcr: 0.449040071 0.253628034 0.297331896
2:/rcrcrc: 0.000000000 0.840158612 0.159841388
2:/rcrcrf: 0.000000000 0.626824821 0.373175179
2:/rfr: 0.359263828 0.367941672 0.272794500
2:/rrc: 0.000000000 0.302752915 0.697247085
2:/rrf: 0.001285245 0.000000000 0.998714755
2:/rrr: 0.000000000 0.279209641 0.720790359
3:/: 0.573331119 0.426668881 0.000000000
3:/ccr: 0.000000000 0.000000000 1.000000000
3:/ccrcrc: 0.000000000 0.437251746 0.562748254
3:/ccrcrf: 0.000000000 0.337201105 0.662798895
3:/ccrcrr: 0.000000000 0.108159569 0.891840431
3:/ccrrcr: 0.000000000 0.788959473 0.211040527
3:/ccrrfr: 0.000000000 0.122459510 0.877540490
3:/ccrrrc: 0.000000000 0.155981104 0.844018896
3:/ccrrrf: 0.000000000 0.164376925 0.835623075
3:/crc: 0.000048353 0.000000000 0.999951647
3:/crcrcr: 0.000000000 0.290929053 0.709070947
3:/crcrfr: 0.000000000 0.380287503 0.619712497
3:/crcrrc: 0.000000000 0.150714679 0.849285321
3:/crcrrf: 0.000000000 0.721711222 0.278288778
3:/crf: 0.001315369 0.000000000 0.998684631
3:/crfrr: 0.000000000 0.436543230 0.563456770
3:/crr: 0.755213296 0.000000000 0.244786704
3:/crrcrc: 0.000000000 0.000000000 1.000000000
3:/crrcrf: 0.000000000 0.601462193 0.398537807
3:/rcr: 0.073831109 0.392172657 0.533996235
3:/rcrcrc: 0.000000000 0.629240852 0.370759148
3:/rcrcrf: 0.000000000 0.091434642 0.908565358
3:/rfr: 0.562030147 0.096889627 0.341080226
3:/rrc: 0.000000000 0.172251341 0.827748659
3:/rrf: 0.001285245 0.000000000 0.998714755
3:/rrr: 0.000000000 0.435338436 0.564661564
4:/: 0.250377143 0.749622857 0.000000000
4:/ccr: 0.000000000 0.251759944 0.748240056
4:/ccrcrc: 0.000000000 0.291500346 0.708499654
4:/ccrcrf: 0.190390981 0.305631927 0.503977092
4:/ccrcrr: 0.000000000 0.511684172 0.488315828
4:/ccrrcr: 0.000000000 0.026337655 0.973662345
4:/ccrrfr: 0.000000000 0.226540275 0.773459725
4:/ccrrrc: 0.000000000 0.340637590 0.659362410
4:/ccrrrf: 0.000000000 0.540462974 0.459537026
4:/crc: 0.000084079 0.000000000 0.999915921
4:/crcrcr: 0.000000000 0.740473401 0.259526599
4:/crcrfr: 0.000000000 0.168374366 0.831625634
4:/crcrrc: 0.000000000 0.281589811 0.718410189
4:/crcrrf: 0.000000000 0.298230460 0.701769540
4:/crf: 0.046802862 0.064434711 0.888762426
4:/crfrr: 0.000000000 0.032328551 0.967671449
4:/crr: 0.279821451 0.245783266 0.474395283
4:/crrcrc: 0.000000000 0.403450564 0.596549436
4:/crrcrf: 0.000000000 0.561230830 0.438769170
4:/rcr: 0.412230662 0.326697382 0.261071956
4:/rcrcrc: 0.000000000 0.513978340 0.486021660
4:/rcrcrf: 0.000000000 0.569614560 0.430385440
4:/rfr: 0.287476139 0.424192203 0.288331658
4:/rrc: 0.000000000 0.270432119 0.729567881
4:/rrf: 0.001285238 0.000000000 0.998714762
4:/rrr: 0.000000000 0.706110647 0.293889353
5:/: 0.001130526 0.998869474 0.000000000
5:/ccr: 0.000000000 0.000000000 1.000000000
5:/ccrcrc: 0.000000000 0.534184239 0.465815761
5:/ccrcrf: 0.293625090 0.354080746 0.352294164
5:/ccrcrr: 0.000000000 0.351884130 0.648115870
5:/ccrrcr: 0.000000000 0.479609380 0.520390620
5:/ccrrfr: 0.000000000 0.300584434 0.699415566
5:/ccrrrc: 0.000000000 0.863182288 0.136817712
5:/ccrrrf: 0.000000000 0.330481275 0.669518725
5:/crc: 0.018597818 0.000000000 0.981402182
5:/crcrcr: 0.000000000 0.780270947 0.219729053
5:/crcrfr: 0.000000000 0.801793766 0.198206234
5:/crcrrc: 0.000000000 0.401546362 0.598453638
5:/crcrrf: 0.000000000 0.337060910 0.662939090
5:/crf: 0.024217735 0.345910927 0.629871339
5:/crfrr: 0.000000000 0.095069724 0.904930276
5:/crr: 0.313884806 0.189323800 0.496791394
5:/crrcrc: 0.000000000 0.466542941 0.533457059
5:/crrcrf: 0.000000000 0.931425613 0.068574387
5:/rcr: 0.140508263 0.245723641 0.613768096
5:/rcrcrc: 0.000000000 0.442272675 0.557727325
5:/rcrcrf: 0.000000000 0.813731721 0.186268279
5:/rfr: 0.222047232 0.721948993 0.056003775
5:/rrc: 0.000000000 0.453548218 0.546451782
5:/rrf: 0.000657727 0.000000000 0.999342273
5:/rrr: 0.000000000 0.445589566 0.554410434
6:/: 0.000529418 0.999470582 0.000000000
6:/ccr: 0.000000000 0.356389120 0.643610880
6:/ccrcrc: 0.000000000 0.591302242 0.408697758
6:/ccrcrf: 0.195446575 0.088021372 0.716532053
6:/ccrcrr: 0.000000000 0.320018418 0.679981582
6:/ccrrcr: 0.000000000 0.452541943 0.547458057
6:/ccrrfr: 0.000000000 0.660696078 0.339303922
6:/ccrrrc: 0.000000000 0.140720575 0.859279425
6:/ccrrrf: 0.000000000 0.183040182 0.816959818
6:/crc: 0.000062049 0.000000000 0.999937951
6:/crcrcr: 0.000000000 0.428198372 0.571801628
6:/crcrfr: 0.000000000 0.713188662 0.286811338
6:/crcrrc: 0.000000000 0.144995109 0.855004891
6:/crcrrf: 0.000000000 0.565627968 0.434372032
6:/crf: 0.071737585 0.342724715 0.585537701
6:/crfrr: 0.000000000 0.002670762 0.997329238
6:/crr: 0.066391524 0.147637823 0.785970653
6:/crrcrc: 0.000000000 0.624946718 0.375053282
6:/crrcrf: 0.000000000 0.323532708 0.676467292
6:/rcr: 0.071092675 0.442543176 0.486364148
6:/rcrcrc: 0.000000000 0.461750544 0.538249456
6:/rcrcrf: 0.000000000 0.457702345 0.542297655
6:/rfr: 0.095277765 0.525315854 0.379406381
6:/rrc: 0.000000000 0.612688527 0.387311473
6:/rrf: 0.000657727 0.000000000 0.999342273
6:/rrr: 0.000000000 0.000000000 1.000000000
7:/: 0.000119409 0.999880591 0.000000000
7:/ccr: 0.144622319 0.230440200 0.624937480
7:/ccrcrc: 0.047653255 0.414625397 0.537721347
7:/ccrcrf: 0.092626086 0.691689538 0.215684376
7:/ccrcrr: 0.000000000 0.479951182 0.520048818
7:/ccrrcr: 0.000000000 0.385694628 0.614305372
7:/ccrrfr: 0.000000000 0.678219991 0.321780009
7:/ccrrrc: 0.000000000 0.347418376 0.652581624
7:/ccrrrf: 0.000000000 0.509110312 0.490889688
7:/crc: 0.009339789 0.000000000 0.990660211
7:/crcrcr: 0.000000000 0.823020849 0.176979151
7:/crcrfr: 0.000000000 0.588641589 0.411358411
7:/crcrrc: 0.000000000 0.000000000 1.000000000
7:/crcrrf: 0.000000000 0.317478878 0.682521122
7:/crf: 0.017574964 0.315027402 0.667397634
7:/crfrr: 0.000000000 0.107315583 0.892684417
7:/crr: 0.397869479 0.000000000 0.602130521
7:/crrcrc: 0.000000000 0.504605364 0.495394636
7:/crrcrf: 0.000000000 0.461042692 0.538957308
7:/rcr: 0.025082188 0.403330313 0.571587499
7:/rcrcrc: 0.000000000 0.512725090 0.487274910
7:/rcrcrf: 0.000000000 0.575650887 0.424349113
7:/rfr: 0.216755363 0.286987035 0.496257602
7:/rrc: 0.000000000 0.185190312 0.814809688
7:/rrf: 0.000657727 0.000000000 0.999342273
7:/rrr: 0.000000000 0.553759983 0.446240017
8:/: 0.000000000 1.000000000 0.000000000
8:/ccr: 0.170685815 0.138820579 0.690493606
8:/ccrcrc: 0.071826110 0.168419140 0.759754750
8:/ccrcrf: 0.039187865 0.506360022 0.454452113
8:/ccrcrr: 0.000000000 0.818361376 0.181638624
8:/ccrrcr: 0.000000000 0.668958115 0.331041885
8:/ccrrfr: 0.000000000 0.125279906 0.874720094
8:/ccrrrc: 0.000000000 0.000000000 1.000000000
8:/ccrrrf: 0.000000000 0.632665098 0.367334902
8:/crc: 0.000082150 0.000000000 0.999917850
8:/crcrcr: 0.000000000 0.647785079 0.352214921
8:/crcrfr: 0.000000000 0.458069453 0.541930547
8:/crcrrc: 0.000000000 0.020877888 0.979122112
8:/crcrrf: 0.000000000 0.617034697 0.382965303
8:/crf: 0.001923565 0.583269691 0.414806744
8:/crfrr: 0.000000000 0.355827553 0.644172447
8:/crr: 0.319619913 0.279181890 0.401198197
8:/crrcrc: 0.000000000 0.417644885 0.582355115
8:/crrcrf: 0.000000000 0.714049961 0.285950039
8:/rcr: 0.184674872 0.769244665 0.046080463
8:/rcrcrc: 0.000000000 0.927016079 0.072983921
8:/rcrcrf: 0.000000000 0.645618316 0.354381684
8:/rfr: 0.392854367 0.343833603 0.263312030
8:/rrc: 0.000000000 0.465433156 0.534566844
8:/rrf: 0.000309108 0.000697237 0.998993655
8:/rrr: 0.000000000 0.030762914 0.969237086
9:/: 0.000000000 1.000000000 0.000000000
9:/ccr: 0.000000000 0.245362937 0.754637063
9:/ccrcrc: 0.000000000 0.584386604 0.415613396
9:/ccrcrf: 0.000000000 0.476547037 0.523452963
9:/ccrcrr: 0.000000000 0.870700396 0.129299604
9:/ccrrcr: 0.000000000 0.883327881 0.116672119
9:/ccrrfr: 0.000000000 0.472701644 0.527298356
9:/ccrrrc: 0.000000000 0.402988159 0.597011841
9:/ccrrrf: 0.000000000 0.333958720 0.666041280
9:/crc: 0.037637720 0.009950269 0.952412011
9:/crcrcr: 0.000000000 0.363028429 0.636971571
9:/crcrfr: 0.000000000 0.592966881 0.407033119
9:/crcrrc: 0.000000000 0.433304578 0.566695422
9:/crcrrf: 0.000000000 0.591707908 0.408292092
9:/crf: 0.002078023 0.777325413 0.220596564
9:/crfrr: 0.000000000 0.221892259 0.778107741
9:/crr: 0.000000000 0.728101201 0.271898799
9:/crrcrc: 0.000000000 0.534887301 0.465112699
9:/crrcrf: 0.000000000 0.530454403 0.469545597
9:/rcr: 0.297677271 0.488738175 0.213584554
9:/rcrcrc: 0.000000000 0.745204099 0.254795901
9:/rcrcrf: 0.000000000 0.494517471 0.505482529
9:/rfr: 0.489099292 0.465845131 0.045055577
9:/rrc: 0.000000000 0.343474847 0.656525153
9:/rrf: 0.000000000 0.117042419 0.882957581
9:/rrr: 0.000000000 0.331548635 0.668451365
A:/: 0.242918161 0.757081839 0.000000000
A:/ccr: 0.625306346 0.374693654 0.000000000
A:/ccrcrc: 0.610288627 0.341236693 0.048474680
A:/ccrcrf: 0.386038598 0.400405451 0.213555951
A:/ccrcrr: 0.000000000 1.000000000 0.000000000
A:/ccrrcr: 0.000000000 0.735787365 0.264212635
A:/ccrrfr: 0.000000000 0.640021839 0.359978161
A:/ccrrrc: 0.000000000 0.436459959 0.563540041
A:/ccrrrf: 0.000000000 1.000000000 0.000000000
A:/crc: 0.555604406 0.444395594 0.000000000
A:/crcrcr: 0.000000000 1.000000000 0.000000000
A:/crcrfr: 0.000000000 0.697895652 0.302104348
A:/crcrrc: 0.000000000 0.993664799 0.006335201
A:/crcrrf: 0.000000000 0.836626289 0.163373711
A:/crf: 1.000000000 0.000000000 0.000000000
A:/crfrr: 0.000000000 1.000000000 0.000000000
A:/crr: 0.522268325 0.477731675 0.000000000
A:/crrcrc: 0.000000000 0.911139850 0.088860150
A:/crrcrf: 0.000000000 1.000000000 0.000000000
A:/rcr: 0.456078975 0.543921025 0.000000000
A:/rcrcrc: 0.000000000 0.938651159 0.061348841
A:/rcrcrf: 0.000000000 0.511176352 0.488823648
A:/rfr: 0.293146021 0.432965921 0.273888058
A:/rrc: 0.605996938 0.394003062 0.000000000
A:/rrf: 0.545130751 0.454869249 0.000000000
A:/rrr: 0.000000000 0.663345843 0.336654157
J:/: 0.136257985 0.863742015 0.000000000
J:/ccr: 0.188606322 0.811283754 0.000109924
J:/ccrcrc: 0.306820496 0.417881255 0.275298248
J:/ccrcrf: 0.289462084 0.411638462 0.298899454
J:/ccrcrr: 0.000000000 0.032022633 0.967977367
J:/ccrrcr: 0.000000000 0.300630003 0.699369997
J:/ccrrfr: 0.000000000 0.532588968 0.467411032
J:/ccrrrc: 0.000000000 0.641997597 0.358002403
J:/ccrrrf: 0.000000000 0.745992494 0.254007506
J:/crc: 0.000007822 0.421584008 0.578408170
J:/crcrcr: 0.000000000 0.448363707 0.551636293
J:/crcrfr: 0.000000000 0.333682816 0.666317184
J:/crcrrc: 0.000000000 0.281014759 0.718985241
J:/crcrrf: 0.000000000 0.233149866 0.766850134
J:/crf: 0.001333550 0.998666450 0.000000000
J:/crfrr: 0.000000000 0.280996420 0.719003580
J:/crr: 0.323671764 0.534921785 0.141406450
J:/crrcrc: 0.000000000 0.814827853 0.185172147
J:/crrcrf: 0.000000000 0.595469580 0.404530420
J:/rcr: 0.303951354 0.574483468 0.121565178
J:/rcrcrc: 0.000000000 0.765141489 0.234858511
J:/rcrcrf: 0.000000000 0.484802250 0.515197750
J:/rfr: 0.224149631 0.380796367 0.395054003
J:/rrc: 0.021130147 0.474284856 0.504584998
J:/rrf: 0.000393741 0.875676019 0.123930241
J:/rrr: 0.000000000 0.587555239 0.412444761
K:/: 0.999191622 0.000808378 0.000000000
K:/ccr: 0.213919005 0.786080995 0.000000000
K:/ccrcrc: 0.434282350 0.495777098 0.069940552
K:/ccrcrf: 0.531768555 0.354478025 0.113753420
K:/ccrcrr: 0.000000000 0.731675315 0.268324685
K:/ccrrcr: 0.000000000 0.335349917 0.664650083
K:/ccrrfr: 0.000000000 0.797116197 0.202883803
K:/ccrrrc: 0.000000000 0.684566841 0.315433159
K:/ccrrrf: 0.000000000 0.957612348 0.042387652
K:/crc: 0.000000024 0.999999976 0.000000000
K:/crcrcr: 0.000000000 0.100928664 0.899071336
K:/crcrfr: 0.000000000 0.683863953 0.316136047
K:/crcrrc: 0.000000000 0.302324306 0.697675694
K:/crcrrf: 0.000000000 0.960327149 0.039672851
K:/crf: 0.668316333 0.331683667 0.000000000
K:/crfrr: 0.000000000 0.554630640 0.445369360
K:/crr: 0.452919398 0.528561557 0.018519045
K:/crrcrc: 0.000000000 0.977761042 0.022238958
K:/crrcrf: 0.000000000 0.605320306 0.394679694
K:/rcr: 0.605612813 0.394387187 0.000000000
K:/rcrcrc: 0.000000000 0.606368819 0.393631181
K:/rcrcrf: 0.000000000 0.845635110 0.154364890
K:/rfr: 0.280826040 0.321668430 0.397505529
K:/rrc: 0.295107565 0.384244981 0.320647454
K:/rrf: 0.000417780 0.991947043 0.007635177
K:/rrr: 0.000000000 0.994680821 0.005319179
Q:/: 0.964598845 0.035401155 0.000000000
Q:/ccr: 0.411063575 0.588843023 0.000093403
Q:/ccrcrc: 0.269219998 0.446498844 0.284281157
Q:/ccrcrf: 0.556776583 0.329354113 0.113869304
Q:/ccrcrr: 0.000000000 0.812385901 0.187614099
Q:/ccrrcr: 0.000000000 0.506817411 0.493182589
Q:/ccrrfr: 0.000000000 0.718682532 0.281317468
Q:/ccrrrc: 0.000000000 0.705373425 0.294626575
Q:/ccrrrf: 0.000000000 0.665785807 0.334214193
Q:/crc: 0.000004546 0.850001894 0.149993560
Q:/crcrcr: 0.000000000 0.658970604 0.341029396
Q:/crcrfr: 0.000000000 0.279221590 0.720778410
Q:/crcrrc: 0.000000000 0.321348464 0.678651536
Q:/crcrrf: 0.000000000 0.927924113 0.072075887
Q:/crf: 0.000665825 0.999334175 0.000000000
Q:/crfrr: 0.000000000 0.496223183 0.503776817
Q:/crr: 0.565935478 0.266612591 0.167451931
Q:/crrcrc: 0.000000000 0.603515261 0.396484739
Q:/crrcrf: 0.000000000 0.603526808 0.396473192
Q:/rcr: 0.588584033 0.411415967 0.000000000
Q:/rcrcrc: 0.000000000 0.852218720 0.147781280
Q:/rcrcrf: 0.000000000 0.324086569 0.675913431
Q:/rfr: 0.328514647 0.599804189 0.071681164
Q:/rrc: 0.146970631 0.582061838 0.270967531
Q:/rrf: 0.000404225 0.958825049 0.040770727
Q:/rrr: 0.000000000 0.544285031 0.455714969
T:/: 0.000000000 1.000000000 0.000000000
T:/ccr: 0.166403173 0.405180571 0.428416257
T:/ccrcrc: 0.000000000 0.364588060 0.635411940
T:/ccrcrf: 0.129426455 0.709529696 0.161043849
T:/ccrcrr: 0.000000000 0.620199866 0.379800134
T:/ccrrcr: 0.000000000 0.748763674 0.251236326
T:/ccrrfr: 0.000000000 0.390989003 0.609010997
T:/ccrrrc: 0.000000000 0.572546385 0.427453615
T:/ccrrrf: 0.000000000 0.726447217 0.273552783
T:/crc: 0.003043084 0.114195694 0.882761222
T:/crcrcr: 0.000000000 0.948826461 0.051173539
T:/crcrfr: 0.000000000 0.740607582 0.259392418
T:/crcrrc: 0.000000000 0.223811643 0.776188357
T:/crcrrf: 0.000000000 0.260869716 0.739130284
T:/crf: 0.002005548 0.958570253 0.039424198
T:/crfrr: 0.000000000 0.545718794 0.454281206
T:/crr: 0.243920177 0.207178322 0.548901501
T:/crrcrc: 0.000000000 0.638721497 0.361278503
T:/crrcrf: 0.000000000 0.514277382 0.485722618
T:/rcr: 0.578709526 0.067516101 0.353774373
T:/rcrcrc: 0.000000000 0.435990283 0.564009717
T:/rcrcrf: 0.000000000 0.746415578 0.253584422
T:/rfr: 0.268358842 0.253293031 0.478348127
T:/rrc: 0.379691540 0.157889669 0.462418791
T:/rrf: 0.000399108 0.584151077 0.415449815
T:/rrr: 0.000000000 0.607001616 0.392998384
