2:/cc: 0.323372713 0.676627287 0.000000000
2:/ccrcr: 0.115398750 0.252535947 0.632065303
2:/ccrcrcrc: 0.000000000 0.713160345 0.286839655
2:/ccrcrcrf: 0.000000000 0.504923222 0.495076778
2:/ccrfr: 0.080154094 0.209039496 0.710806410
2:/ccrrc: 0.665909910 0.038589617 0.295500473
2:/ccrrf: 0.211500462 0.722110402 0.066389136
2:/ccrrr: 0.000000000 0.187769253 0.812230747
2:/cr: 0.000179853 0.000000000 0.999820147
2:/crcrc: 0.085109368 0.325846994 0.589043638
2:/crcrf: 0.314182047 0.248286491 0.437531462
2:/crcrr: 0.000000000 0.090012419 0.909987581
2:/crrcr: 0.000000000 0.234265341 0.765734659
2:/crrfr: 0.000000000 0.223196309 0.776803691
2:/crrrc: 0.000000000 0.685507781 0.314492219
2:/crrrf: 0.000000000 0.476088765 0.523911235
2:/rc: 0.000000000 0.000000000 1.000000000
2:/rcrcr: 0.000000000 0.473246828 0.526753172
2:/rcrfr: 0.000000000 0.737508991 0.262491009
2:/rcrrc: 0.000000000 0.328527823 0.671472177
2:/rcrrf: 0.000000000 0.243297370 0.756702630
2:/rf: 0.384188571 0.248738970 0.367072460
2:/rfrr: 0.000000000 0.465787197 0.534212803
2:/rr: 0.000049348 0.000000000 0.999950652
2:/rrcrc: 0.000000000 0.743473154 0.256526846
2:/rrcrf: 0.000000000 0.202318211 0.797681789
3:/cc: 0.296853876 0.703146124 0.000000000
3:/ccrcr: 0.189800142 0.287006868 0.523192990
3:/ccrcrcrc: 0.000000000 0.628389928 0.371610072
3:/ccrcrcrf: 0.000000000 0.178449981 0.821550019
3:/ccrfr: 0.088052933 0.125664498 0.786282569
3:/ccrrc: 0.200914964 0.675612823 0.123472214
3:/ccrrf: 0.147477416 0.343158157 0.509364427
3:/ccrrr: 0.000000000 0.016013362 0.983986638
3:/cr: 0.000130751 0.000000000 0.999869249
3:/crcrc: 0.335500125 0.427500238 0.236999638
3:/crcrf: 0.390412480 0.223424375 0.386163146
3:/crcrr: 0.000000000 0.715856356 0.284143644
3:/crrcr: 0.000000000 0.245756369 0.754243631
3:/crrfr: 0.000000000 0.242752627 0.757247373
3:/crrrc: 0.000000000 0.465512226 0.534487774
3:/crrrf: 0.000000000 0.584090335 0.415909665
3:/rc: 0.187449612 0.067827071 0.744723317
3:/rcrcr: 0.000000000 0.072801892 0.927198108
3:/rcrfr: 0.000000000 0.588266950 0.411733050
3:/rcrrc: 0.000000000 0.135488529 0.864511471
3:/rcrrf: 0.000000000 0.153345777 0.846654223
3:/rf: 0.860488268 0.023964889 0.115546844
3:/rfrr: 0.000000000 0.530405283 0.469594717
3:/rr: 0.000050398 0.000000000 0.999949602
3:/rrcrc: 0.000000000 0.500529024 0.499470976
3:/rrcrf: 0.000000000 0.356725102 0.643274898
4:/cc: 0.000000000 1.000000000 0.000000000
4:/ccrcr: 0.117073807 0.033996788 0.848929405
4:/ccrcrcrc: 0.000000000 0.312974525 0.687025475
4:/ccrcrcrf: 0.000000000 0.374509594 0.625490406
4:/ccrfr: 0.000707482 0.331578900 0.667713618
4:/ccrrc: 0.319576948 0.048239680 0.632183372
4:/ccrrf: 0.648875157 0.333233227 0.017891616
4:/ccrrr: 0.000000000 0.199276744 0.800723256
4:/cr: 0.000307023 0.000018326 0.999674651
4:/crcrc: 0.439399353 0.428552352 0.132048295
4:/crcrf: 0.317915943 0.285068689 0.397015368
4:/crcrr: 0.000000000 0.626515000 0.373485000
4:/crrcr: 0.000000000 0.481600880 0.518399120
4:/crrfr: 0.000000000 0.000000000 1.000000000
4:/crrrc: 0.000000000 0.648936970 0.351063030
4:/crrrf: 0.000000000 0.328396544 0.671603456
4:/rc: 0.015036082 0.000000000 0.984963918
4:/rcrcr: 0.000000000 0.437230472 0.562769528
4:/rcrfr: 0.000000000 0.608829995 0.391170005
4:/rcrrc: 0.000000000 0.000000000 1.000000000
4:/rcrrf: 0.000000000 0.203144148 0.796855852
4:/rf: 0.260241232 0.465988189 0.273770579
4:/rfrr: 0.000000000 0.686592817 0.313407183
4:/rr: 0.000055022 0.000000000 0.999944978
4:/rrcrc: 0.000000000 0.019637451 0.980362549
4:/rrcrf: 0.000000000 0.378080550 0.621919450
5:/cc: 0.348204974 0.651795026 0.000000000
5:/ccrcr: 0.000000000 0.619144701 0.380855299
5:/ccrcrcrc: 0.000000000 0.033317408 0.966682592
5:/ccrcrcrf: 0.000000000 0.001801447 0.998198553
5:/ccrfr: 0.270032633 0.288291972 0.441675395
5:/ccrrc: 0.096342014 0.329933982 0.573724004
5:/ccrrf: 0.581620572 0.275948624 0.142430804
5:/ccrrr: 0.000000000 0.000000000 1.000000000
5:/cr: 0.000291993 0.000022491 0.999685516
5:/crcrc: 0.052794834 0.339823006 0.607382160
5:/crcrf: 0.380180452 0.252160855 0.367658694
5:/crcrr: 0.000000000 0.516057343 0.483942657
5:/crrcr: 0.000000000 0.226663810 0.773336190
5:/crrfr: 0.000000000 0.328732222 0.671267778
5:/crrrc: 0.000000000 0.659861707 0.340138293
5:/crrrf: 0.000000000 0.155491936 0.844508064
5:/rc: 0.015419308 0.000000000 0.984580692
5:/rcrcr: 0.000000000 0.380275729 0.619724271
5:/rcrfr: 0.000000000 0.433617102 0.566382898
5:/rcrrc: 0.000000000 0.466164926 0.533835074
5:/rcrrf: 0.000000000 0.305119323 0.694880677
5:/rf: 0.397614527 0.430924148 0.171461326
5:/rfrr: 0.000000000 0.553787810 0.446212190
5:/rr: 0.000057244 0.000000000 0.999942756
5:/rrcrc: 0.000000000 0.583943427 0.416056573
5:/rrcrf: 0.000000000 0.914817623 0.085182377
6:/cc: 0.000000000 1.000000000 0.000000000
6:/ccrcr: 0.000000000 0.409881354 0.590118646
6:/ccrcrcrc: 0.000000000 0.612562666 0.387437334
6:/ccrcrcrf: 0.000000000 0.844363744 0.155636256
6:/ccrfr: 0.056669009 0.292655445 0.650675546
6:/ccrrc: 0.200437213 0.109219913 0.690342874
6:/ccrrf: 0.075708225 0.528604372 0.395687403
6:/ccrrr: 0.000000000 0.708163839 0.291836161
6:/cr: 0.000365127 0.000000641 0.999634232
6:/crcrc: 0.342536339 0.274455086 0.383008574
6:/crcrf: 0.573157921 0.234090177 0.192751903
6:/crcrr: 0.000000000 0.392040659 0.607959341
6:/crrcr: 0.000000000 0.458161942 0.541838058
6:/crrfr: 0.000000000 0.191010585 0.808989415
6:/crrrc: 0.000000000 0.376187673 0.623812327
6:/crrrf: 0.000000000 0.150819359 0.849180641
6:/rc: 0.086344636 0.000000000 0.913655364
6:/rcrcr: 0.000000000 0.482825284 0.517174716
6:/rcrfr: 0.000000000 0.478133353 0.521866647
6:/rcrrc: 0.000000000 0.165372825 0.834627175
6:/rcrrf: 0.000000000 0.528243071 0.471756929
6:/rf: 0.431939344 0.179847527 0.388213128
6:/rfrr: 0.000000000 0.455225364 0.544774636
6:/rr: 0.000057248 0.000000000 0.999942752
6:/rrcrc: 0.000000000 0.061973780 0.938026220
6:/rrcrf: 0.000000000 0.355798118 0.644201882
7:/cc: 0.000638550 0.999361450 0.000000000
7:/ccrcr: 0.000000000 0.325634651 0.674365349
7:/ccrcrcrc: 0.000000000 0.830966486 0.169033514
7:/ccrcrcrf: 0.000000000 0.388955628 0.611044372
7:/ccrfr: 0.000476869 0.367005771 0.632517359
7:/ccrrc: 0.355251625 0.226367858 0.418380516
7:/ccrrf: 0.365892772 0.408153134 0.225954095
7:/ccrrr: 0.000000000 0.544035450 0.455964550
7:/cr: 0.000272186 0.000030377 0.999697436
7:/crcrc: 0.197250700 0.590211683 0.212537616
7:/crcrf: 0.364246832 0.360589975 0.275163193
7:/crcrr: 0.000000000 0.535426139 0.464573861
7:/crrcr: 0.000000000 0.356570619 0.643429381
7:/crrfr: 0.000000000 0.000000000 1.000000000
7:/crrrc: 0.000000000 0.420268539 0.579731461
7:/crrrf: 0.000000000 0.521773355 0.478226645
7:/rc: 0.096674440 0.000000000 0.903325560
7:/rcrcr: 0.000000000 0.930979245 0.069020755
7:/rcrfr: 0.000000000 0.122045897 0.877954103
7:/rcrrc: 0.000000000 0.344900433 0.655099567
7:/rcrrf: 0.000000000 0.997869340 0.002130660
7:/rf: 0.347984044 0.382615005 0.269400950
7:/rfrr: 0.000000000 0.544382316 0.455617684
7:/rr: 0.000057255 0.000000000 0.999942745
7:/rrcrc: 0.000000000 0.319787008 0.680212992
7:/rrcrf: 0.000000000 0.619983975 0.380016025
8:/cc: 0.001215881 0.998784119 0.000000000
8:/ccrcr: 0.000000000 0.588349951 0.411650049
8:/ccrcrcrc: 0.000000000 0.647881881 0.352118119
8:/ccrcrcrf: 0.000000000 0.301062552 0.698937448
8:/ccrfr: 0.055058223 0.434288548 0.510653229
8:/ccrrc: 0.193266255 0.602984514 0.203749231
8:/ccrrf: 0.255559048 0.398063039 0.346377913
8:/ccrrr: 0.000000000 0.451813217 0.548186783
8:/cr: 0.000291680 0.000043998 0.999664322
8:/crcrc: 0.330787461 0.454181505 0.215031034
8:/crcrf: 0.406555924 0.077754527 0.515689549
8:/crcrr: 0.000000000 0.726480790 0.273519210
8:/crrcr: 0.000000000 0.012082857 0.987917143
8:/crrfr: 0.000000000 0.623511279 0.376488721
8:/crrrc: 0.000000000 0.520060564 0.479939436
8:/crrrf: 0.000000000 0.263454397 0.736545603
8:/rc: 0.021556595 0.000000000 0.978443405
8:/rcrcr: 0.000000000 0.059612968 0.940387032
8:/rcrfr: 0.000000000 0.297431353 0.702568647
8:/rcrrc: 0.000000000 0.457083397 0.542916603
8:/rcrrf: 0.000000000 0.637592584 0.362407416
8:/rf: 0.367119017 0.466467838 0.166413144
8:/rfrr: 0.000000000 0.611001443 0.388998557
8:/rr: 0.000057255 0.000000000 0.999942745
8:/rrcrc: 0.000000000 0.499661487 0.500338513
8:/rrcrf: 0.000000000 0.913945900 0.086054100
9:/cc: 0.000000000 1.000000000 0.000000000
9:/ccrcr: 0.091535505 0.288253298 0.620211197
9:/ccrcrcrc: 0.000000000 0.609861834 0.390138166
9:/ccrcrcrf: 0.000000000 0.312799577 0.687200423
9:/ccrfr: 0.000076816 0.489152395 0.510770788
9:/ccrrc: 0.000000000 0.154406198 0.845593802
9:/ccrrf: 0.305747891 0.268330638 0.425921471
9:/ccrrr: 0.000000000 0.455895809 0.544104191
9:/cr: 0.220012828 0.000035682 0.779951490
9:/crcrc: 0.179964233 0.612925779 0.207109988
9:/crcrf: 0.376250105 0.431387595 0.192362300
9:/crcrr: 0.000000000 0.351183121 0.648816879
9:/crrcr: 0.000000000 0.020879382 0.979120618
9:/crrfr: 0.000000000 0.166480983 0.833519017
9:/crrrc: 0.000000000 0.125856344 0.874143656
9:/crrrf: 0.000000000 0.258623489 0.741376511
9:/rc: 0.079433259 0.000000000 0.920566741
9:/rcrcr: 0.000000000 0.672751736 0.327248264
9:/rcrfr: 0.000000000 0.778038749 0.221961251
9:/rcrrc: 0.000000000 0.446310158 0.553689842
9:/rcrrf: 0.000000000 0.407533287 0.592466713
9:/rf: 0.323676160 0.333528322 0.342795517
9:/rfrr: 0.000000000 0.771023495 0.228976505
9:/rr: 0.000057255 0.000000000 0.999942745
9:/rrcrc: 0.000000000 0.458576971 0.541423029
9:/rrcrf: 0.000000000 0.504832842 0.495167158
A:/cc: 1.000000000 0.000000000 0.000000000
A:/ccrcr: 0.668503178 0.331496822 0.000000000
A:/ccrcrcrc: 0.000000000 0.378026408 0.621973592
A:/ccrcrcrf: 0.000000000 0.553027110 0.446972890
A:/ccrfr: 0.248044253 0.751955747 0.000000000
A:/ccrrc: 0.566626186 0.319013454 0.114360360
A:/ccrrf: 0.108628886 0.436601797 0.454769317
A:/ccrrr: 0.000000000 0.835435443 0.164564557
A:/cr: 1.000000000 0.000000000 0.000000000
A:/crcrc: 0.630210806 0.245647396 0.124141798
A:/crcrf: 0.271505069 0.391768919 0.336726012
A:/crcrr: 0.000000000 0.851844011 0.148155989
A:/crrcr: 0.000000000 1.000000000 0.000000000
A:/crrfr: 0.000000000 1.000000000 0.000000000
A:/crrrc: 0.000000000 1.000000000 0.000000000
A:/crrrf: 0.000000000 0.750038249 0.249961751
A:/rc: 1.000000000 0.000000000 0.000000000
A:/rcrcr: 0.000000000 1.000000000 0.000000000
A:/rcrfr: 0.000000000 1.000000000 0.000000000
A:/rcrrc: 0.000000000 1.000000000 0.000000000
A:/rcrrf: 0.000000000 0.499570584 0.500429416
A:/rf: 0.217576393 0.496728512 0.285695095
A:/rfrr: 0.000000000 0.489812097 0.510187903
A:/rr: 0.824667515 0.175332485 0.000000000
A:/rrcrc: 0.000000000 0.784961383 0.215038617
A:/rrcrf: 0.000000000 0.701854875 0.298145125
J:/cc: 0.754864891 0.245135109 0.000000000
J:/ccrcr: 0.261940164 0.356021162 0.382038674
J:/ccrcrcrc: 0.000000000 0.734651072 0.265348928
J:/ccrcrcrf: 0.000000000 0.789042335 0.210957665
J:/ccrfr: 0.000305033 0.532763219 0.466931748
J:/ccrrc: 0.206211659 0.549178145 0.244610196
J:/ccrrf: 0.388420704 0.098861709 0.512717587
J:/ccrrr: 0.000000000 0.722500897 0.277499103
J:/cr: 0.000168439 0.841081799 0.158749762
J:/crcrc: 0.238753445 0.399137438 0.362109116
J:/crcrf: 0.479950386 0.210578839 0.309470776
J:/crcrr: 0.000000000 0.753342103 0.246657897
J:/crrcr: 0.000000000 0.714206865 0.285793135
J:/crrfr: 0.000000000 0.103256718 0.896743282
J:/crrrc: 0.000000000 0.559397224 0.440602776
J:/crrrf: 0.000000000 0.058335493 0.941664507
J:/rc: 0.000000000 1.000000000 0.000000000
J:/rcrcr: 0.000000000 0.690152780 0.309847220
J:/rcrfr: 0.000000000 0.812408629 0.187591371
J:/rcrrc: 0.000000000 0.267635077 0.732364923
J:/rcrrf: 0.000000000 0.630872913 0.369127087
J:/rf: 0.213939241 0.336829766 0.449230993
J:/rfrr: 0.000000000 0.745946058 0.254053942
J:/rr: 0.000054517 0.000000000 0.999945483
J:/rrcrc: 0.000000000 0.945645593 0.054354407
J:/rrcrf: 0.000000000 0.581588268 0.418411732
K:/cc: 0.999949891 0.000050109 0.000000000
K:/ccrcr: 0.217417666 0.630332607 0.152249727
K:/ccrcrcrc: 0.000000000 0.821763002 0.178236998
K:/ccrcrcrf: 0.000000000 0.849782106 0.150217894
K:/ccrfr: 0.437455628 0.323532641 0.239011731
K:/ccrrc: 0.534607583 0.465392417 0.000000000
K:/ccrrf: 0.025247004 0.180919128 0.793833869
K:/ccrrr: 0.000000000 0.941302166 0.058697834
K:/cr: 0.007987263 0.992012737 0.000000000
K:/crcrc: 0.437699516 0.459912394 0.102388090
K:/crcrf: 0.419177107 0.016878929 0.563943963
K:/crcrr: 0.000000000 0.545530551 0.454469449
K:/crrcr: 0.000000000 0.850693209 0.149306791
K:/crrfr: 0.000000000 0.533171431 0.466828569
K:/crrrc: 0.000000000 0.903233511 0.096766489
K:/crrrf: 0.000000000 0.346832745 0.653167255
K:/rc: 0.898721296 0.101278704 0.000000000
K:/rcrcr: 0.000000000 0.987707081 0.012292919
K:/rcrfr: 0.000000000 0.876321012 0.123678988
K:/rcrrc: 0.000000000 0.833937769 0.166062231
K:/rcrrf: 0.000000000 0.283625119 0.716374881
K:/rf: 0.503698177 0.276769873 0.219531950
K:/rfrr: 0.000000000 0.038478712 0.961521288
K:/rr: 0.000093667 0.402354804 0.597551529
K:/rrcrc: 0.000000000 0.711688867 0.288311133
K:/rrcrf: 0.000000000 0.758550986 0.241449014
Q:/cc: 0.635597650 0.364402350 0.000000000
Q:/ccrcr: 0.213911481 0.470938866 0.315149654
Q:/ccrcrcrc: 0.000000000 0.523579388 0.476420612
Q:/ccrcrcrf: 0.000000000 0.461763849 0.538236151
Q:/ccrfr: 0.496350668 0.403174515 0.100474817
Q:/ccrrc: 0.401222427 0.419544951 0.179232622
Q:/ccrrf: 0.532672401 0.299599826 0.167727773
Q:/ccrrr: 0.000000000 0.524117022 0.475882978
Q:/cr: 0.000052218 0.999947782 0.000000000
Q:/crcrc: 0.328393630 0.352662346 0.318944024
Q:/crcrf: 0.539936022 0.183819591 0.276244387
Q:/crcrr: 0.000000000 0.812508065 0.187491935
Q:/crrcr: 0.000000000 0.289208284 0.710791716
Q:/crrfr: 0.000000000 0.796414498 0.203585502
Q:/crrrc: 0.000000000 0.509735234 0.490264766
Q:/crrrf: 0.000000000 0.355481091 0.644518909
Q:/rc: 0.082585904 0.917414096 0.000000000
Q:/rcrcr: 0.000000000 0.813876098 0.186123902
Q:/rcrfr: 0.000000000 0.873142978 0.126857022
Q:/rcrrc: 0.000000000 0.570959141 0.429040859
Q:/rcrrf: 0.000000000 0.179439946 0.820560054
Q:/rf: 0.444082850 0.151133651 0.404783500
Q:/rfrr: 0.000000000 0.527796679 0.472203321
Q:/rr: 0.000089327 0.175474357 0.824436316
Q:/rrcrc: 0.000000000 0.309574540 0.690425460
Q:/rrcrf: 0.000000000 0.569104500 0.430895500
T:/cc: 0.000000000 1.000000000 0.000000000
T:/ccrcr: 0.334595204 0.172869360 0.492535436
T:/ccrcrcrc: 0.000000000 0.396638791 0.603361209
T:/ccrcrcrf: 0.000000000 0.406132144 0.593867856
T:/ccrfr: 0.350699900 0.394601241 0.254698859
T:/ccrrc: 0.105449028 0.557665964 0.336885008
T:/ccrrf: 0.491994219 0.192583738 0.315422044
T:/ccrrr: 0.000000000 0.234125995 0.765874005
T:/cr: 0.000325502 0.313575333 0.686099165
T:/crcrc: 0.546558276 0.388898674 0.064543051
T:/crcrf: 0.471093479 0.340374688 0.188531833
T:/crcrr: 0.000000000 0.318226667 0.681773333
T:/crrcr: 0.000000000 0.741473636 0.258526364
T:/crrfr: 0.000000000 0.535961567 0.464038433
T:/crrrc: 0.000000000 0.347659105 0.652340895
T:/crrrf: 0.000000000 0.225258248 0.774741752
T:/rc: 0.000236248 0.803995212 0.195768540
T:/rcrcr: 0.000000000 0.804822139 0.195177861
T:/rcrfr: 0.000000000 0.565308237 0.434691763
T:/rcrrc: 0.000000000 0.617641393 0.382358607
T:/rcrrf: 0.000000000 0.471432239 0.528567761
T:/rf: 0.323300475 0.362202799 0.314496725
T:/rfrr: 0.000000000 0.501072835 0.498927165
T:/rr: 0.000131498 0.089477642 0.910390860
T:/rrcrc: 0.000000000 0.436868733 0.563131267
T:/rrcrf: 0.000000000 0.449704935 0.550295065
