8:/c: 0.348380758 0.651619242 0.000000000
8:/cccrc: 0.000000000 0.766089816 0.233910184
8:/cccrf: 0.000000000 0.399449963 0.600550037
8:/ccrcc: 0.000000000 0.483594781 0.516405219
8:/ccrcf: 0.000000000 0.280790666 0.719209334
8:/ccrfc: 0.000000000 0.666061521 0.333938479
8:/ccrff: 0.000000000 0.659150542 0.340849458
8:/r: 0.000000000 0.999647609 0.000352391
9:/c: 0.304346537 0.695653463 0.000000000
9:/cccrc: 0.000000000 0.397501814 0.602498186
9:/cccrf: 0.000000000 0.272808100 0.727191900
9:/ccrcc: 0.000000000 0.423653611 0.576346389
9:/ccrcf: 0.000000000 0.365286810 0.634713190
9:/ccrfc: 0.000000000 0.195262485 0.804737515
9:/ccrff: 0.000000000 0.462255336 0.537744664
9:/r: 0.000000000 0.999839377 0.000160623
A:/c: 0.999922210 0.000077790 0.000000000
A:/cccrc: 0.000000000 0.609008917 0.390991083
A:/cccrf: 0.000000000 0.888677510 0.111322490
A:/ccrcc: 0.000000000 1.000000000 0.000000000
A:/ccrcf: 0.000000000 1.000000000 0.000000000
A:/ccrfc: 0.000000000 0.764693305 0.235306695
A:/ccrff: 0.000000000 1.000000000 0.000000000
A:/r: 0.000000000 1.000000000 0.000000000
J:/c: 0.439221071 0.560778929 0.000000000
J:/cccrc: 0.000000000 0.096902618 0.903097382
J:/cccrf: 0.000000000 0.177871648 0.822128352
J:/ccrcc: 0.000000000 0.196845582 0.803154418
J:/ccrcf: 0.000000000 0.311864739 0.688135261
J:/ccrfc: 0.000000000 0.478913255 0.521086745
J:/ccrff: 0.000000000 0.564735989 0.435264011
J:/r: 0.000000000 0.999916595 0.000083405
K:/c: 0.820180078 0.179819922 0.000000000
K:/cccrc: 0.000000000 0.540226382 0.459773618
K:/cccrf: 0.000000000 0.828203981 0.171796019
K:/ccrcc: 0.000000000 0.669202727 0.330797273
K:/ccrcf: 0.000000000 1.000000000 0.000000000
K:/ccrfc: 0.000000000 0.738206368 0.261793632
K:/ccrff: 0.000000000 0.764136946 0.235863054
K:/r: 0.000000000 1.000000000 0.000000000
Q:/c: 0.736439472 0.263560528 0.000000000
Q:/cccrc: 0.000000000 0.757035710 0.242964290
Q:/cccrf: 0.000000000 0.914794872 0.085205128
Q:/ccrcc: 0.000000000 0.288919473 0.711080527
Q:/ccrcf: 0.000000000 0.994912479 0.005087521
Q:/ccrfc: 0.000000000 0.327044920 0.672955080
Q:/ccrff: 0.000000000 0.713447320 0.286552680
Q:/r: 0.000000000 1.000000000 0.000000000
T:/c: 0.398719895 0.601280105 0.000000000
T:/cccrc: 0.000000000 0.560826105 0.439173895
T:/cccrf: 0.000000000 0.900860597 0.099139403
T:/ccrcc: 0.000000000 0.502185279 0.497814721
T:/ccrcf: 0.000000000 0.857336384 0.142663616
T:/ccrfc: 0.000000000 0.784442086 0.215557914
T:/ccrff: 0.000000000 0.484031726 0.515968274
T:/r: 0.000000000 0.999830692 0.000169308
