8:/cc: 0.343655657 0.656344343 0.000000000
8:/cccrcc: 0.000000000 0.245449511 0.754550489
8:/cccrcf: 0.000000000 0.515024370 0.484975630
8:/cccrfc: 0.000000000 0.443742224 0.556257776
8:/cccrff: 0.000000000 0.269980370 0.730019630
8:/cr: 0.000000000 0.404002152 0.595997848
8:/rc: 0.000000000 0.000000000 1.000000000
8:/rf: 0.000000000 0.348536738 0.651463262
9:/cc: 0.288135515 0.711864485 0.000000000
9:/cccrcc: 0.000000000 0.861743507 0.138256493
9:/cccrcf: 0.000000000 0.507845107 0.492154893
9:/cccrfc: 0.000000000 0.662752516 0.337247484
9:/cccrff: 0.000000000 0.922580186 0.077419814
9:/cr: 0.000000000 0.999831925 0.000168075
9:/rc: 0.000000000 0.000000000 1.000000000
9:/rf: 0.000000000 0.422246485 0.577753515
A:/cc: 0.449879154 0.550120846 0.000000000
A:/cccrcc: 0.000000000 0.602215155 0.397784845
A:/cccrcf: 0.000000000 0.455235626 0.544764374
A:/cccrfc: 0.000000000 0.023178109 0.976821891
A:/cccrff: 0.000000000 0.480308067 0.519691933
A:/cr: 0.000000000 0.375402376 0.624597624
A:/rc: 0.000000000 1.000000000 0.000000000
A:/rf: 0.000000000 0.999998096 0.000001904
J:/cc: 0.404348547 0.595651453 0.000000000
J:/cccrcc: 0.000000000 0.344204587 0.655795413
J:/cccrcf: 0.000000000 0.427319414 0.572680586
J:/cccrfc: 0.000000000 0.749238385 0.250761615
J:/cccrff: 0.000000000 0.794443336 0.205556664
J:/cr: 0.000000000 0.736763657 0.263236343
J:/rc: 0.000000000 0.000000000 1.000000000
J:/rf: 0.000000000 0.238288003 0.761711997
K:/cc: 0.344801609 0.655198391 0.000000000
K:/cccrcc: 0.000000000 0.879328281 0.120671719
K:/cccrcf: 0.000000000 0.956130262 0.043869738
K:/cccrfc: 0.000000000 0.551068340 0.448931660
K:/cccrff: 0.000000000 0.361652337 0.638347663
K:/cr: 0.000000000 0.322474253 0.677525747
K:/rc: 0.000000000 1.000000000 0.000000000
K:/rf: 0.000000000 1.000000000 0.000000000
Q:/cc: 0.190472370 0.809527630 0.000000000
Q:/cccrcc: 0.000000000 0.688689999 0.311310001
Q:/cccrcf: 0.000000000 0.235516633 0.764483367
Q:/cccrfc: 0.000000000 0.429246816 0.570753184
Q:/cccrff: 0.000000000 0.503782097 0.496217903
Q:/cr: 0.000000000 0.745140653 0.254859347
Q:/rc: 0.000000000 0.648734072 0.351265928
Q:/rf: 0.000000000 0.999995517 0.000004483
T:/cc: 0.406405567 0.593594433 0.000000000
T:/cccrcc: 0.000000000 0.510865091 0.489134909
T:/cccrcf: 0.000000000 0.394785387 0.605214613
T:/cccrfc: 0.000000000 0.188855768 0.811144232
T:/cccrff: 0.000000000 0.180317842 0.819682158
T:/cr: 0.000000000 0.396046382 0.603953618
T:/rc: 0.000000000 0.000000000 1.000000000
T:/rf: 0.000000000 0.059467132 0.940532868
