8:/ccc: 0.286775403 0.713224597 0.000000000
8:/ccr: 0.000000000 0.733802660 0.266197340
8:/crc: 0.000000000 0.391297001 0.608702999
8:/crf: 0.000000000 0.564946028 0.435053972
8:/rcc: 0.000000000 0.000000000 1.000000000
8:/rcf: 0.000000000 0.000000000 1.000000000
8:/rfc: 0.000000000 0.722430175 0.277569825
8:/rff: 0.000000000 0.776491532 0.223508468
9:/ccc: 0.500924913 0.499075087 0.000000000
9:/ccr: 0.000000000 0.059667747 0.940332253
9:/crc: 0.000000000 0.258298061 0.741701939
9:/crf: 0.000000000 0.076759988 0.923240012
9:/rcc: 0.000000000 0.000000000 1.000000000
9:/rcf: 0.000000000 0.000000000 1.000000000
9:/rfc: 0.000000000 0.116788682 0.883211318
9:/rff: 0.000000000 0.426654179 0.573345821
A:/ccc: 0.970203031 0.029796969 0.000000000
A:/ccr: 0.000000000 1.000000000 0.000000000
A:/crc: 0.000000000 0.999904355 0.000095645
A:/crf: 0.000000000 0.724621991 0.275378009
A:/rcc: 0.000000000 1.000000000 0.000000000
A:/rcf: 0.000000000 1.000000000 0.000000000
A:/rfc: 0.000000000 0.729092191 0.270907809
A:/rff: 0.000000000 0.777323275 0.222676725
J:/ccc: 0.375519310 0.624480690 0.000000000
J:/ccr: 0.000000000 0.531765187 0.468234813
J:/crc: 0.000000000 0.030424055 0.969575945
J:/crf: 0.000000000 0.501074934 0.498925066
J:/rcc: 0.000000000 0.000000000 1.000000000
J:/rcf: 0.000000000 0.000000000 1.000000000
J:/rfc: 0.000000000 0.848361403 0.151638597
J:/rff: 0.000000000 0.497455873 0.502544127
K:/ccc: 0.667287967 0.332712033 0.000000000
K:/ccr: 0.000000000 1.000000000 0.000000000
K:/crc: 0.000000000 0.999946743 0.000053257
K:/crf: 0.000000000 0.909426121 0.090573879
K:/rcc: 0.000000000 1.000000000 0.000000000
K:/rcf: 0.000000000 1.000000000 0.000000000
K:/rfc: 0.000000000 0.446584208 0.553415792
K:/rff: 0.000000000 0.843016795 0.156983205
Q:/ccc: 0.555015976 0.444984024 0.000000000
Q:/ccr: 0.000000000 0.556661971 0.443338029
Q:/crc: 0.000000000 0.585280309 0.414719691
Q:/crf: 0.000000000 0.501326313 0.498673687
Q:/rcc: 0.000000000 0.000000000 1.000000000
Q:/rcf: 0.000000000 1.000000000 0.000000000
Q:/rfc: 0.000000000 0.451084730 0.548915270
Q:/rff: 0.000000000 0.213197187 0.786802813
T:/ccc: 0.596978909 0.403021091 0.000000000
T:/ccr: 0.000000000 0.716200131 0.283799869
T:/crc: 0.000000000 0.235086119 0.764913881
T:/crf: 0.000000000 0.718643360 0.281356640
T:/rcc: 0.000000000 0.000000000 1.000000000
T:/rcf: 0.000000000 0.000000000 1.000000000
T:/rfc: 0.000000000 0.701133076 0.298866924
T:/rff: 0.000000000 0.231312142 0.768687858
