A:/: 1.000000000 0.000000000 0.000000000
A:/ccr: 0.000000000 0.999564509 0.000435491
A:/crc: 0.000000000 0.996960087 0.003039913
A:/crf: 0.000000000 0.990648817 0.009351183
AJ:/ccc/: 0.094197833 0.905802167 0.000000000
AJ:/ccc/ccr: 0.000000000 1.000000000 0.000000000
AJ:/ccc/crc: 0.000000000 0.588951120 0.411048880
AJ:/ccc/crf: 0.000000000 0.999536312 0.000463688
AJ:/ccrcc/: 1.000000000 0.000000000 0.000000000
AJ:/ccrcc/ccr: 0.000000000 0.605921866 0.394078134
AJ:/ccrcc/crc: 0.000000000 1.000000000 0.000000000
AJ:/ccrcc/crf: 0.000000000 1.000000000 0.000000000
AJ:/ccrcf/: 0.733479015 0.266520985 0.000000000
AJ:/ccrcf/cr: 0.000000000 0.310704611 0.689295389
AJ:/crcc/: 0.999611618 0.000388382 0.000000000
AJ:/crcc/ccr: 0.000000000 0.000000000 1.000000000
AJ:/crcc/crc: 0.000000000 0.980277992 0.019722008
AJ:/crcc/crf: 0.000000000 0.995971743 0.004028257
AJ:/crfc/: 1.000000000 0.000000000 0.000000000
AJ:/crfc/cr: 0.000000000 0.998395240 0.001604760
AJ:/rcc/: 0.080888993 0.919111007 0.000000000
AJ:/rcc/ccr: 0.000000000 0.620499350 0.379500650
AJ:/rcc/crc: 0.000000000 0.354345543 0.645654457
AJ:/rcc/crf: 0.000000000 0.715651031 0.284348969
AJ:/rcf/: 0.296578735 0.703421265 0.000000000
AJ:/rcf/cr: 0.000000000 0.835371503 0.164628497
AJ:/rfc/: 0.767339184 0.232660816 0.000000000
AJ:/rfc/cr: 0.000000000 0.505992993 0.494007007
AK:/ccc/: 0.001243524 0.998756476 0.000000000
AK:/ccc/ccr: 0.000000000 0.999592350 0.000407650
AK:/ccc/crc: 0.000000000 0.999943296 0.000056704
AK:/ccc/crf: 0.000000000 0.999612174 0.000387826
AK:/ccrcc/: 0.714579595 0.285420405 0.000000000
AK:/ccrcc/ccr: 0.000000000 0.459679816 0.540320184
AK:/ccrcc/crc: 0.000000000 0.999979163 0.000020837
AK:/ccrcc/crf: 0.000000000 1.000000000 0.000000000
AK:/ccrcf/: 0.120304098 0.879695902 0.000000000
AK:/ccrcf/cr: 0.000000000 0.856883429 0.143116571
AK:/crcc/: 0.000072673 0.999927327 0.000000000
AK:/crcc/ccr: 0.000000000 0.073301612 0.926698388
AK:/crcc/crc: 0.000000000 0.352970449 0.647029551
AK:/crcc/crf: 0.000000000 0.000000000 1.000000000
AK:/crfc/: 0.000717639 0.999282361 0.000000000
AK:/crfc/cr: 0.000000000 0.997867136 0.002132864
AK:/rcc/: 0.527206830 0.472793170 0.000000000
AK:/rcc/ccr: 0.000000000 0.999999430 0.000000570
AK:/rcc/crc: 0.000000000 0.271376549 0.728623451
AK:/rcc/crf: 0.000000000 0.861522377 0.138477623
AK:/rcf/: 0.150849330 0.849150670 0.000000000
AK:/rcf/cr: 0.000000000 0.841639910 0.158360090
AK:/rfc/: 0.496702197 0.503297803 0.000000000
AK:/rfc/cr: 0.000000000 0.516132721 0.483867279
AQ:/ccc/: 0.000020556 0.999979444 0.000000000
AQ:/ccc/ccr: 0.000000000 1.000000000 0.000000000
AQ:/ccc/crc: 0.000000000 0.999893197 0.000106803
AQ:/ccc/crf: 0.000000000 0.554713802 0.445286198
AQ:/ccrcc/: 0.884335999 0.115664001 0.000000000
AQ:/ccrcc/ccr: 0.000000000 0.999854758 0.000145242
AQ:/ccrcc/crc: 0.000000000 1.000000000 0.000000000
AQ:/ccrcc/crf: 0.000000000 1.000000000 0.000000000
AQ:/ccrcf/: 0.743954093 0.256045907 0.000000000
AQ:/ccrcf/cr: 0.000000000 0.662625557 0.337374443
AQ:/crcc/: 0.000000000 1.000000000 0.000000000
AQ:/crcc/ccr: 0.000000000 0.000000000 1.000000000
AQ:/crcc/crc: 0.000000000 0.412905921 0.587094079
AQ:/crcc/crf: 0.000000000 0.445445442 0.554554558
AQ:/crfc/: 1.000000000 0.000000000 0.000000000
AQ:/crfc/cr: 0.000000000 0.996451946 0.003548054
AQ:/rcc/: 0.035209346 0.964790654 0.000000000
AQ:/rcc/ccr: 0.000000000 0.000000000 1.000000000
AQ:/rcc/crc: 0.000000000 0.992346297 0.007653703
AQ:/rcc/crf: 0.000000000 0.714355769 0.285644231
AQ:/rcf/: 0.129167565 0.870832435 0.000000000
AQ:/rcf/cr: 0.000000000 0.004973951 0.995026049
AQ:/rfc/: 0.553977892 0.446022108 0.000000000
AQ:/rfc/cr: 0.000000000 0.437788277 0.562211723
J:/: 0.985607989 0.014392011 0.000000000
J:/ccr: 0.000000000 0.569587783 0.430412217
J:/crc: 0.000000000 1.000000000 0.000000000
J:/crf: 0.000000000 1.000000000 0.000000000
JA:/ccc/: 1.000000000 0.000000000 0.000000000
JA:/ccc/ccr: 0.000000000 0.151448427 0.848551573
JA:/ccc/crc: 0.000000000 0.000000000 1.000000000
JA:/ccc/crf: 0.000000000 0.153980836 0.846019164
JA:/ccrcc/: 0.000157177 0.999842823 0.000000000
JA:/ccrcc/ccr: 0.000000000 0.354624171 0.645375829
JA:/ccrcc/crc: 0.000000000 0.490104029 0.509895971
JA:/ccrcc/crf: 0.000000000 0.158408164 0.841591836
JA:/ccrcf/: 0.591332834 0.408667166 0.000000000
JA:/ccrcf/cr: 0.000000000 0.196496815 0.803503185
JA:/crcc/: 0.000000000 1.000000000 0.000000000
JA:/crcc/ccr: 0.000000000 0.000202550 0.999797450
JA:/crcc/crc: 0.000000000 1.000000000 0.000000000
JA:/crcc/crf: 0.000000000 0.524324452 0.475675548
JA:/crfc/: 0.000000000 1.000000000 0.000000000
JA:/crfc/cr: 0.000000000 0.000000000 1.000000000
JA:/rcc/: 0.999572877 0.000427123 0.000000000
JA:/rcc/ccr: 0.000000000 0.367353258 0.632646742
JA:/rcc/crc: 0.000000000 0.722674550 0.277325450
JA:/rcc/crf: 0.000000000 0.806453427 0.193546573
JA:/rcf/: 0.004330696 0.995669304 0.000000000
JA:/rcf/cr: 0.000000000 0.000000000 1.000000000
JA:/rfc/: 0.333535894 0.666464106 0.000000000
JA:/rfc/cr: 0.000000000 0.068180447 0.931819553
JK:/ccc/: 1.000000000 0.000000000 0.000000000
JK:/ccc/ccr: 0.000000000 0.000000000 1.000000000
JK:/ccc/crc: 0.000000000 0.488294604 0.511705396
JK:/ccc/crf: 0.000000000 0.000000000 1.000000000
JK:/ccrcc/: 1.000000000 0.000000000 0.000000000
JK:/ccrcc/ccr: 0.000000000 0.425012040 0.574987960
JK:/ccrcc/crc: 0.000000000 0.427062876 0.572937124
JK:/ccrcc/crf: 0.000000000 0.147566039 0.852433961
JK:/ccrcf/: 0.307255053 0.692744947 0.000000000
JK:/ccrcf/cr: 0.000000000 0.737152256 0.262847744
JK:/crcc/: 0.000000000 1.000000000 0.000000000
JK:/crcc/ccr: 0.000000000 0.000000000 1.000000000
JK:/crcc/crc: 0.000000000 0.907182661 0.092817339
JK:/crcc/crf: 0.000000000 0.000020560 0.999979440
JK:/crfc/: 0.001438039 0.998561961 0.000000000
JK:/crfc/cr: 0.000000000 0.000000000 1.000000000
JK:/rcc/: 0.999428555 0.000571445 0.000000000
JK:/rcc/ccr: 0.000000000 0.128125838 0.871874162
JK:/rcc/crc: 0.000000000 0.414253101 0.585746899
JK:/rcc/crf: 0.000000000 0.475703924 0.524296076
JK:/rcf/: 0.004330696 0.995669304 0.000000000
JK:/rcf/cr: 0.000000000 0.000000000 1.000000000
JK:/rfc/: 0.475368561 0.524631439 0.000000000
JK:/rfc/cr: 0.000000000 0.193968446 0.806031554
JQ:/ccc/: 1.000000000 0.000000000 0.000000000
JQ:/ccc/ccr: 0.000000000 0.353531081 0.646468919
JQ:/ccc/crc: 0.000000000 0.390440603 0.609559397
JQ:/ccc/crf: 0.000000000 0.054654057 0.945345943
JQ:/ccrcc/: 0.051410817 0.948589183 0.000000000
JQ:/ccrcc/ccr: 0.000000000 0.711832666 0.288167334
JQ:/ccrcc/crc: 0.000000000 0.329369988 0.670630012
JQ:/ccrcc/crf: 0.000000000 0.000000000 1.000000000
JQ:/ccrcf/: 0.591344356 0.408655644 0.000000000
JQ:/ccrcf/cr: 0.000000000 0.042700731 0.957299269
JQ:/crcc/: 0.000000000 1.000000000 0.000000000
JQ:/crcc/ccr: 0.000000000 0.104949716 0.895050284
JQ:/crcc/crc: 0.000000000 0.000476256 0.999523744
JQ:/crcc/crf: 0.000000000 0.589326335 0.410673665
JQ:/crfc/: 0.998844256 0.001155744 0.000000000
JQ:/crfc/cr: 0.000000000 0.000024647 0.999975353
JQ:/rcc/: 0.000000000 1.000000000 0.000000000
JQ:/rcc/ccr: 0.000000000 0.000000000 1.000000000
JQ:/rcc/crc: 0.000000000 0.750981901 0.249018099
JQ:/rcc/crf: 0.000000000 0.000000000 1.000000000
JQ:/rcf/: 0.744490361 0.255509639 0.000000000
JQ:/rcf/cr: 0.000000000 0.404484491 0.595515509
JQ:/rfc/: 0.501964685 0.498035315 0.000000000
JQ:/rfc/cr: 0.000000000 0.841638035 0.158361965
K:/: 0.992710793 0.007289207 0.000000000
K:/ccr: 0.000000000 0.996980424 0.003019576
K:/crc: 0.000000000 1.000000000 0.000000000
K:/crf: 0.000000000 1.000000000 0.000000000
KA:/ccc/: 0.000000000 1.000000000 0.000000000
KA:/ccc/ccr: 0.000000000 0.965260702 0.034739298
KA:/ccc/crc: 0.000000000 0.996790450 0.003209550
KA:/ccc/crf: 0.000000000 0.000000000 1.000000000
KA:/ccrcc/: 0.999963990 0.000036010 0.000000000
KA:/ccrcc/ccr: 0.000000000 0.386091330 0.613908670
KA:/ccrcc/crc: 0.000000000 0.999993891 0.000006109
KA:/ccrcc/crf: 0.000000000 1.000000000 0.000000000
KA:/ccrcf/: 0.820852832 0.179147168 0.000000000
KA:/ccrcf/cr: 0.000000000 0.812564494 0.187435506
KA:/crcc/: 0.000000000 1.000000000 0.000000000
KA:/crcc/ccr: 0.000000000 0.136080211 0.863919789
KA:/crcc/crc: 0.000000000 0.000000000 1.000000000
KA:/crcc/crf: 0.000000000 0.000000000 1.000000000
KA:/crfc/: 0.000966800 0.999033200 0.000000000
KA:/crfc/cr: 0.000000000 0.995334685 0.004665315
KA:/rcc/: 0.744251089 0.255748911 0.000000000
KA:/rcc/ccr: 0.000000000 1.000000000 0.000000000
KA:/rcc/crc: 0.000000000 0.208585406 0.791414594
KA:/rcc/crf: 0.000000000 0.863040443 0.136959557
KA:/rcf/: 0.572907870 0.427092130 0.000000000
KA:/rcf/cr: 0.000000000 0.835407632 0.164592368
KA:/rfc/: 0.709870586 0.290129414 0.000000000
KA:/rfc/cr: 0.000000000 0.807589800 0.192410200
KJ:/ccc/: 0.329049359 0.670950641 0.000000000
KJ:/ccc/ccr: 0.000000000 0.000000000 1.000000000
KJ:/ccc/crc: 0.000000000 0.180886245 0.819113755
KJ:/ccc/crf: 0.000000000 0.438558947 0.561441053
KJ:/ccrcc/: 0.301133983 0.698866017 0.000000000
KJ:/ccrcc/ccr: 0.000000000 0.396814981 0.603185019
KJ:/ccrcc/crc: 0.000000000 0.387285832 0.612714168
KJ:/ccrcc/crf: 0.000000000 0.964423254 0.035576746
KJ:/ccrcf/: 0.280365750 0.719634250 0.000000000
KJ:/ccrcf/cr: 0.000000000 0.324274098 0.675725902
KJ:/crcc/: 1.000000000 0.000000000 0.000000000
KJ:/crcc/ccr: 0.000000000 0.997750623 0.002249377
KJ:/crcc/crc: 0.000000000 0.569403551 0.430596449
KJ:/crcc/crf: 0.000000000 1.000000000 0.000000000
KJ:/crfc/: 0.999687267 0.000312733 0.000000000
KJ:/crfc/cr: 0.000000000 0.000000000 1.000000000
KJ:/rcc/: 0.000000000 1.000000000 0.000000000
KJ:/rcc/ccr: 0.000000000 0.200922888 0.799077112
KJ:/rcc/crc: 0.000000000 0.499539020 0.500460980
KJ:/rcc/crf: 0.000000000 0.723321245 0.276678755
KJ:/rcf/: 0.002606258 0.997393742 0.000000000
KJ:/rcf/cr: 0.000000000 0.000000000 1.000000000
KJ:/rfc/: 0.350364185 0.649635815 0.000000000
KJ:/rfc/cr: 0.000000000 0.877967287 0.122032713
KQ:/ccc/: 0.941843744 0.058156256 0.000000000
KQ:/ccc/ccr: 0.000000000 0.859865532 0.140134468
KQ:/ccc/crc: 0.000000000 0.018511801 0.981488199
KQ:/ccc/crf: 0.000000000 0.000000000 1.000000000
KQ:/ccrcc/: 1.000000000 0.000000000 0.000000000
KQ:/ccrcc/ccr: 0.000000000 0.462597074 0.537402926
KQ:/ccrcc/crc: 0.000000000 0.147646802 0.852353198
KQ:/ccrcc/crf: 0.000000000 0.974286279 0.025713721
KQ:/ccrcf/: 0.352162234 0.647837766 0.000000000
KQ:/ccrcf/cr: 0.000000000 0.001596100 0.998403900
KQ:/crcc/: 0.000000000 1.000000000 0.000000000
KQ:/crcc/ccr: 0.000000000 0.663805998 0.336194002
KQ:/crcc/crc: 0.000000000 0.719359543 0.280640457
KQ:/crcc/crf: 0.000000000 0.931269724 0.068730276
KQ:/crfc/: 0.636757758 0.363242242 0.000000000
KQ:/crfc/cr: 0.000000000 0.000000000 1.000000000
KQ:/rcc/: 0.001321292 0.998678708 0.000000000
KQ:/rcc/ccr: 0.000000000 0.521092277 0.478907723
KQ:/rcc/crc: 0.000000000 0.000000000 1.000000000
KQ:/rcc/crf: 0.000000000 1.000000000 0.000000000
KQ:/rcf/: 0.000015125 0.999984875 0.000000000
KQ:/rcf/cr: 0.000000000 0.399833995 0.600166005
KQ:/rfc/: 0.501769794 0.498230206 0.000000000
KQ:/rfc/cr: 0.000000000 0.475594917 0.524405083
Q:/: 0.983040788 0.016959212 0.000000000
Q:/ccr: 0.000000000 0.992412475 0.007587525
Q:/crc: 0.000000000 0.999766896 0.000233104
Q:/crf: 0.000000000 0.999166798 0.000833202
QA:/ccc/: 0.614149944 0.385850056 0.000000000
QA:/ccc/ccr: 0.000000000 0.906919620 0.093080380
QA:/ccc/crc: 0.000000000 0.000000000 1.000000000
QA:/ccc/crf: 0.000000000 0.000458804 0.999541196
QA:/ccrcc/: 0.742870854 0.257129146 0.000000000
QA:/ccrcc/ccr: 0.000000000 0.000000000 1.000000000
QA:/ccrcc/crc: 0.000000000 0.000034084 0.999965916
QA:/ccrcc/crf: 0.000000000 0.483555749 0.516444251
QA:/ccrcf/: 0.424359014 0.575640986 0.000000000
QA:/ccrcf/cr: 0.000000000 0.191703687 0.808296313
QA:/crcc/: 0.000000000 1.000000000 0.000000000
QA:/crcc/ccr: 0.000000000 0.459358352 0.540641648
QA:/crcc/crc: 0.000000000 0.937235843 0.062764157
QA:/crcc/crf: 0.000000000 0.419411825 0.580588175
QA:/crfc/: 0.000444704 0.999555296 0.000000000
QA:/crfc/cr: 0.000000000 0.000401594 0.999598406
QA:/rcc/: 0.004917022 0.995082978 0.000000000
QA:/rcc/ccr: 0.000000000 0.470784227 0.529215773
QA:/rcc/crc: 0.000000000 0.524578198 0.475421802
QA:/rcc/crf: 0.000000000 0.857877359 0.142122641
QA:/rcf/: 0.081794907 0.918205093 0.000000000
QA:/rcf/cr: 0.000000000 0.555068054 0.444931946
QA:/rfc/: 0.225347227 0.774652773 0.000000000
QA:/rfc/cr: 0.000000000 0.282616689 0.717383311
QJ:/ccc/: 0.515810464 0.484189536 0.000000000
QJ:/ccc/ccr: 0.000000000 0.000000000 1.000000000
QJ:/ccc/crc: 0.000000000 0.128555470 0.871444530
QJ:/ccc/crf: 0.000000000 0.173615717 0.826384283
QJ:/ccrcc/: 0.000681626 0.999318374 0.000000000
QJ:/ccrcc/ccr: 0.000000000 0.334771095 0.665228905
QJ:/ccrcc/crc: 0.000000000 0.030546028 0.969453972
QJ:/ccrcc/crf: 0.000000000 0.204632965 0.795367035
QJ:/ccrcf/: 0.510205934 0.489794066 0.000000000
QJ:/ccrcf/cr: 0.000000000 0.795127120 0.204872880
QJ:/crcc/: 1.000000000 0.000000000 0.000000000
QJ:/crcc/ccr: 0.000000000 1.000000000 0.000000000
QJ:/crcc/crc: 0.000000000 0.041249451 0.958750549
QJ:/crcc/crf: 0.000000000 0.000006979 0.999993021
QJ:/crfc/: 0.149029986 0.850970014 0.000000000
QJ:/crfc/cr: 0.000000000 0.000080993 0.999919007
QJ:/rcc/: 0.000000000 1.000000000 0.000000000
QJ:/rcc/ccr: 0.000000000 0.000000802 0.999999198
QJ:/rcc/crc: 0.000000000 0.000000000 1.000000000
QJ:/rcc/crf: 0.000000000 0.000000000 1.000000000
QJ:/rcf/: 0.472298163 0.527701837 0.000000000
QJ:/rcf/cr: 0.000000000 0.437954671 0.562045329
QJ:/rfc/: 0.860082706 0.139917294 0.000000000
QJ:/rfc/cr: 0.000000000 0.934323270 0.065676730
QK:/ccc/: 0.000089876 0.999910124 0.000000000
QK:/ccc/ccr: 0.000000000 0.000000000 1.000000000
QK:/ccc/crc: 0.000000000 0.000000000 1.000000000
QK:/ccc/crf: 0.000000000 0.493971520 0.506028480
QK:/ccrcc/: 1.000000000 0.000000000 0.000000000
QK:/ccrcc/ccr: 0.000000000 0.439677894 0.560322106
QK:/ccrcc/crc: 0.000000000 0.623876975 0.376123025
QK:/ccrcc/crf: 0.000000000 0.528133401 0.471866599
QK:/ccrcf/: 0.832527979 0.167472021 0.000000000
QK:/ccrcf/cr: 0.000000000 0.455918029 0.544081971
QK:/crcc/: 0.000186957 0.999813043 0.000000000
QK:/crcc/ccr: 0.000000000 0.395409984 0.604590016
QK:/crcc/crc: 0.000000000 0.667047558 0.332952442
QK:/crcc/crf: 0.000000000 0.999821292 0.000178708
QK:/crfc/: 0.992967222 0.007032778 0.000000000
QK:/crfc/cr: 0.000000000 0.000000000 1.000000000
QK:/rcc/: 0.004330370 0.995669630 0.000000000
QK:/rcc/ccr: 0.000000000 0.067914031 0.932085969
QK:/rcc/crc: 0.000000000 0.152429339 0.847570661
QK:/rcc/crf: 0.000000000 0.857102764 0.142897236
QK:/rcf/: 0.951702719 0.048297281 0.000000000
QK:/rcf/cr: 0.000000000 0.537842893 0.462157107
QK:/rfc/: 0.606747438 0.393252562 0.000000000
QK:/rfc/cr: 0.000000000 0.536587683 0.463412317
