A:/c: 1.000000000 0.000000000 0.000000000
A:/ccrc: 0.000000000 1.000000000 0.000000000
A:/ccrf: 0.000000000 1.000000000 0.000000000
A:/r: 0.000000000 1.000000000 0.000000000
AJ:/ccc/c: 0.717391766 0.282608234 0.000000000
AJ:/ccc/ccrc: 0.000000000 1.000000000 0.000000000
AJ:/ccc/ccrf: 0.000000000 0.321155895 0.678844105
AJ:/ccc/r: 0.000000000 1.000000000 0.000000000
AJ:/ccrcc/c: 0.799344541 0.200655459 0.000000000
AJ:/ccrcc/ccrc: 0.000000000 1.000000000 0.000000000
AJ:/ccrcc/ccrf: 0.000000000 1.000000000 0.000000000
AJ:/ccrcc/r: 0.000000000 0.606391162 0.393608838
AJ:/ccrfc/: 0.454297727 0.545702273 0.000000000
AJ:/ccrfc/cr: 0.000000000 1.000000000 0.000000000
AJ:/crcc/c: 0.565421162 0.434578838 0.000000000
AJ:/crcc/ccrc: 0.000000000 0.715628501 0.284371499
AJ:/crcc/ccrf: 0.000000000 0.256039908 0.743960092
AJ:/crcc/r: 0.000000000 1.000000000 0.000000000
AJ:/crcf/: 0.401757968 0.598242032 0.000000000
AJ:/crcf/cr: 0.000000000 0.764204468 0.235795532
AJ:/crfc/c: 0.479635195 0.520364805 0.000000000
AJ:/crfc/r: 0.000000000 1.000000000 0.000000000
AJ:/rcc/c: 0.636806041 0.363193959 0.000000000
AJ:/rcc/ccrc: 0.000000000 1.000000000 0.000000000
AJ:/rcc/ccrf: 0.000000000 1.000000000 0.000000000
AJ:/rcc/r: 0.000000000 0.413781367 0.586218633
AJ:/rcf/c: 0.783504920 0.216495080 0.000000000
AJ:/rcf/r: 0.000000000 1.000000000 0.000000000
AK:/ccc/c: 1.000000000 0.000000000 0.000000000
AK:/ccc/ccrc: 0.000000000 1.000000000 0.000000000
AK:/ccc/ccrf: 0.000000000 0.512129567 0.487870433
AK:/ccc/r: 0.000000000 0.834705287 0.165294713
AK:/ccrcc/c: 0.562158421 0.437841579 0.000000000
AK:/ccrcc/ccrc: 0.000000000 0.550976991 0.449023009
AK:/ccrcc/ccrf: 0.000000000 0.507504342 0.492495658
AK:/ccrcc/r: 0.000000000 0.998602872 0.001397128
AK:/ccrfc/: 0.379031614 0.620968386 0.000000000
AK:/ccrfc/cr: 0.000000000 0.986815424 0.013184576
AK:/crcc/c: 0.578580624 0.421419376 0.000000000
AK:/crcc/ccrc: 0.000000000 0.591664095 0.408335905
AK:/crcc/ccrf: 0.000000000 0.785358066 0.214641934
AK:/crcc/r: 0.000000000 0.413113897 0.586886103
AK:/crcf/: 0.853783494 0.146216506 0.000000000
AK:/crcf/cr: 0.000000000 0.524038680 0.475961320
AK:/crfc/c: 0.433671052 0.566328948 0.000000000
AK:/crfc/r: 0.000000000 1.000000000 0.000000000
AK:/rcc/c: 0.999835644 0.000164356 0.000000000
AK:/rcc/ccrc: 0.000000000 1.000000000 0.000000000
AK:/rcc/ccrf: 0.000000000 1.000000000 0.000000000
AK:/rcc/r: 0.000000000 1.000000000 0.000000000
AK:/rcf/c: 0.599640718 0.400359282 0.000000000
AK:/rcf/r: 0.000000000 1.000000000 0.000000000
AQ:/ccc/c: 0.685283715 0.314716285 0.000000000
AQ:/ccc/ccrc: 0.000000000 0.362897939 0.637102061
AQ:/ccc/ccrf: 0.000000000 0.888599812 0.111400188
AQ:/ccc/r: 0.000000000 0.726703476 0.273296524
AQ:/ccrcc/c: 0.997690588 0.002309412 0.000000000
AQ:/ccrcc/ccrc: 0.000000000 0.534848341 0.465151659
AQ:/ccrcc/ccrf: 0.000000000 0.585016795 0.414983205
AQ:/ccrcc/r: 0.000000000 0.832715356 0.167284644
AQ:/ccrfc/: 0.647990799 0.352009201 0.000000000
AQ:/ccrfc/cr: 0.000000000 0.680855456 0.319144544
AQ:/crcc/c: 0.750816019 0.249183981 0.000000000
AQ:/crcc/ccrc: 0.000000000 0.664540003 0.335459997
AQ:/crcc/ccrf: 0.000000000 0.564647953 0.435352047
AQ:/crcc/r: 0.000000000 0.371257139 0.628742861
AQ:/crcf/: 0.955482247 0.044517753 0.000000000
AQ:/crcf/cr: 0.000000000 0.430721071 0.569278929
AQ:/crfc/c: 0.675372603 0.324627397 0.000000000
AQ:/crfc/r: 0.000000000 1.000000000 0.000000000
AQ:/rcc/c: 1.000000000 0.000000000 0.000000000
AQ:/rcc/ccrc: 0.000000000 1.000000000 0.000000000
AQ:/rcc/ccrf: 0.000000000 1.000000000 0.000000000
AQ:/rcc/r: 0.000000000 1.000000000 0.000000000
AQ:/rcf/c: 0.724653665 0.275346335 0.000000000
AQ:/rcf/r: 0.000000000 0.369559841 0.630440159
J:/c: 0.219445554 0.780554446 0.000000000
J:/ccrc: 0.000000000 0.000000000 1.000000000
J:/ccrf: 0.000000000 0.803008445 0.196991555
J:/r: 0.000000000 1.000000000 0.000000000
JA:/ccc/c: 0.619999019 0.380000981 0.000000000
JA:/ccc/ccrc: 0.000000000 0.114726120 0.885273880
JA:/ccc/ccrf: 0.000000000 0.873310177 0.126689823
JA:/ccc/r: 0.000000000 0.517613215 0.482386785
JA:/ccrcc/c: 0.510816847 0.489183153 0.000000000
JA:/ccrcc/ccrc: 0.000000000 0.416648426 0.583351574
JA:/ccrcc/ccrf: 0.000000000 0.446909147 0.553090853
JA:/ccrcc/r: 0.000000000 0.000000000 1.000000000
JA:/ccrfc/: 0.580392194 0.419607806 0.000000000
JA:/ccrfc/cr: 0.000000000 0.201189398 0.798810602
JA:/crcc/c: 0.847444981 0.152555019 0.000000000
JA:/crcc/ccrc: 0.000000000 0.400089331 0.599910669
JA:/crcc/ccrf: 0.000000000 0.084622916 0.915377084
JA:/crcc/r: 0.000000000 0.790480642 0.209519358
JA:/crcf/: 0.951032549 0.048967451 0.000000000
JA:/crcf/cr: 0.000000000 0.548823381 0.451176619
JA:/crfc/c: 0.675000307 0.324999693 0.000000000
JA:/crfc/r: 0.000000000 0.582878209 0.417121791
JA:/rcc/c: 0.147126546 0.852873454 0.000000000
JA:/rcc/ccrc: 0.000000000 0.000000000 1.000000000
JA:/rcc/ccrf: 0.000000000 0.000000000 1.000000000
JA:/rcc/r: 0.000000000 0.649876245 0.350123755
JA:/rcf/c: 0.000863475 0.999136525 0.000000000
JA:/rcf/r: 0.000000000 0.000000000 1.000000000
JK:/ccc/c: 0.252724019 0.747275981 0.000000000
JK:/ccc/ccrc: 0.000000000 0.548024728 0.451975272
JK:/ccc/ccrf: 0.000000000 0.139015253 0.860984747
JK:/ccc/r: 0.000000000 0.523568478 0.476431522
JK:/ccrcc/c: 0.553918174 0.446081826 0.000000000
JK:/ccrcc/ccrc: 0.000000000 0.561351567 0.438648433
JK:/ccrcc/ccrf: 0.000000000 0.250878913 0.749121087
JK:/ccrcc/r: 0.000000000 0.460189123 0.539810877
JK:/ccrfc/: 0.833321523 0.166678477 0.000000000
JK:/ccrfc/cr: 0.000000000 0.755086216 0.244913784
JK:/crcc/c: 0.536021854 0.463978146 0.000000000
JK:/crcc/ccrc: 0.000000000 0.456941958 0.543058042
JK:/crcc/ccrf: 0.000000000 0.275127914 0.724872086
JK:/crcc/r: 0.000000000 0.288400526 0.711599474
JK:/crcf/: 1.000000000 0.000000000 0.000000000
JK:/crcf/cr: 0.000000000 0.698159254 0.301840746
JK:/crfc/c: 0.814770801 0.185229199 0.000000000
JK:/crfc/r: 0.000000000 0.153958115 0.846041885
JK:/rcc/c: 0.146932267 0.853067733 0.000000000
JK:/rcc/ccrc: 0.000000000 0.000000000 1.000000000
JK:/rcc/ccrf: 0.000000000 0.000000000 1.000000000
JK:/rcc/r: 0.000000000 0.409121504 0.590878496
JK:/rcf/c: 0.000831318 0.999168682 0.000000000
JK:/rcf/r: 0.000000000 0.000000000 1.000000000
JQ:/ccc/c: 0.538428348 0.461571652 0.000000000
JQ:/ccc/ccrc: 0.000000000 0.000000000 1.000000000
JQ:/ccc/ccrf: 0.000000000 0.342586015 0.657413985
JQ:/ccc/r: 0.000000000 0.517355163 0.482644837
JQ:/ccrcc/c: 0.446377709 0.553622291 0.000000000
JQ:/ccrcc/ccrc: 0.000000000 0.455891057 0.544108943
JQ:/ccrcc/ccrf: 0.000000000 0.455974706 0.544025294
JQ:/ccrcc/r: 0.000000000 0.359549523 0.640450477
JQ:/ccrfc/: 0.311278738 0.688721262 0.000000000
JQ:/ccrfc/cr: 0.000000000 0.331156693 0.668843307
JQ:/crcc/c: 0.418535633 0.581464367 0.000000000
JQ:/crcc/ccrc: 0.000000000 0.348420765 0.651579235
JQ:/crcc/ccrf: 0.000000000 0.200893650 0.799106350
JQ:/crcc/r: 0.000000000 0.675647725 0.324352275
JQ:/crcf/: 0.455291689 0.544708311 0.000000000
JQ:/crcf/cr: 0.000000000 0.630958563 0.369041437
JQ:/crfc/c: 0.289366131 0.710633869 0.000000000
JQ:/crfc/r: 0.000000000 0.067604205 0.932395795
JQ:/rcc/c: 0.000000000 1.000000000 0.000000000
JQ:/rcc/ccrc: 0.000000000 0.000000000 1.000000000
JQ:/rcc/ccrf: 0.000000000 0.000000000 1.000000000
JQ:/rcc/r: 0.000000000 0.000000000 1.000000000
JQ:/rcf/c: 0.977902421 0.022097579 0.000000000
JQ:/rcf/r: 0.000000000 0.622484320 0.377515680
K:/c: 0.966896025 0.033103975 0.000000000
K:/ccrc: 0.000000000 0.713344278 0.286655722
K:/ccrf: 0.000000000 1.000000000 0.000000000
K:/r: 0.000000000 1.000000000 0.000000000
KA:/ccc/c: 0.319181586 0.680818414 0.000000000
KA:/ccc/ccrc: 0.000000000 0.614664822 0.385335178
KA:/ccc/ccrf: 0.000000000 0.907233522 0.092766478
KA:/ccc/r: 0.000000000 0.941121506 0.058878494
KA:/ccrcc/c: 0.603843436 0.396156564 0.000000000
KA:/ccrcc/ccrc: 0.000000000 0.598207347 0.401792653
KA:/ccrcc/ccrf: 0.000000000 0.682832085 0.317167915
KA:/ccrcc/r: 0.000000000 0.906155827 0.093844173
KA:/ccrfc/: 0.807360785 0.192639215 0.000000000
KA:/ccrfc/cr: 0.000000000 0.564996761 0.435003239
KA:/crcc/c: 0.847808817 0.152191183 0.000000000
KA:/crcc/ccrc: 0.000000000 0.355561327 0.644438673
KA:/crcc/ccrf: 0.000000000 0.726338548 0.273661452
KA:/crcc/r: 0.000000000 0.267557690 0.732442310
KA:/crcf/: 0.711584510 0.288415490 0.000000000
KA:/crcf/cr: 0.000000000 0.362187754 0.637812246
KA:/crfc/c: 0.478498461 0.521501539 0.000000000
KA:/crfc/r: 0.000000000 0.921644162 0.078355838
KA:/rcc/c: 1.000000000 0.000000000 0.000000000
KA:/rcc/ccrc: 0.000000000 1.000000000 0.000000000
KA:/rcc/ccrf: 0.000000000 1.000000000 0.000000000
KA:/rcc/r: 0.000000000 1.000000000 0.000000000
KA:/rcf/c: 0.674369529 0.325630471 0.000000000
KA:/rcf/r: 0.000000000 1.000000000 0.000000000
KJ:/ccc/c: 0.608911665 0.391088335 0.000000000
KJ:/ccc/ccrc: 0.000000000 0.270500629 0.729499371
KJ:/ccc/ccrf: 0.000000000 0.010688200 0.989311800
KJ:/ccc/r: 0.000000000 0.890455755 0.109544245
KJ:/ccrcc/c: 0.564016182 0.435983818 0.000000000
KJ:/ccrcc/ccrc: 0.000000000 0.046929094 0.953070906
KJ:/ccrcc/ccrf: 0.000000000 0.518865774 0.481134226
KJ:/ccrcc/r: 0.000000000 0.355124809 0.644875191
KJ:/ccrfc/: 0.996670029 0.003329971 0.000000000
KJ:/ccrfc/cr: 0.000000000 0.276706477 0.723293523
KJ:/crcc/c: 0.685666016 0.314333984 0.000000000
KJ:/crcc/ccrc: 0.000000000 0.255329488 0.744670512
KJ:/crcc/ccrf: 0.000000000 0.396873675 0.603126325
KJ:/crcc/r: 0.000000000 0.680535472 0.319464528
KJ:/crcf/: 0.539502105 0.460497895 0.000000000
KJ:/crcf/cr: 0.000000000 0.000000003 0.999999997
KJ:/crfc/c: 0.656755965 0.343244035 0.000000000
KJ:/crfc/r: 0.000000000 0.441080136 0.558919864
KJ:/rcc/c: 0.001375157 0.998624843 0.000000000
KJ:/rcc/ccrc: 0.000000000 0.000000000 1.000000000
KJ:/rcc/ccrf: 0.000000000 0.000000000 1.000000000
KJ:/rcc/r: 0.000000000 0.512039046 0.487960954
KJ:/rcf/c: 0.000000000 1.000000000 0.000000000
KJ:/rcf/r: 0.000000000 0.000000000 1.000000000
KQ:/ccc/c: 0.296944055 0.703055945 0.000000000
KQ:/ccc/ccrc: 0.000000000 0.811235704 0.188764296
KQ:/ccc/ccrf: 0.000000000 0.461825011 0.538174989
KQ:/ccc/r: 0.000000000 0.829560161 0.170439839
KQ:/ccrcc/c: 0.505491090 0.494508910 0.000000000
KQ:/ccrcc/ccrc: 0.000000000 0.029959422 0.970040578
KQ:/ccrcc/ccrf: 0.000000000 0.739012887 0.260987113
KQ:/ccrcc/r: 0.000000000 0.528614630 0.471385370
KQ:/ccrfc/: 0.799827907 0.200172093 0.000000000
KQ:/ccrfc/cr: 0.000000000 0.682294492 0.317705508
KQ:/crcc/c: 0.072017674 0.927982326 0.000000000
KQ:/crcc/ccrc: 0.000000000 0.548984002 0.451015998
KQ:/crcc/ccrf: 0.000000000 0.431867132 0.568132868
KQ:/crcc/r: 0.000000000 0.502607678 0.497392322
KQ:/crcf/: 0.315320401 0.684679599 0.000000000
KQ:/crcf/cr: 0.000000000 0.660612579 0.339387421
KQ:/crfc/c: 0.522483278 0.477516722 0.000000000
KQ:/crfc/r: 0.000000000 0.509744689 0.490255311
KQ:/rcc/c: 0.003718160 0.996281840 0.000000000
KQ:/rcc/ccrc: 0.000000000 0.288743784 0.711256216
KQ:/rcc/ccrf: 0.000000000 0.002404358 0.997595642
KQ:/rcc/r: 0.000000000 0.000000000 1.000000000
KQ:/rcf/c: 1.000000000 0.000000000 0.000000000
KQ:/rcf/r: 0.000000000 0.090477169 0.909522831
Q:/c: 0.315974549 0.684025451 0.000000000
Q:/ccrc: 0.000000000 0.067193947 0.932806053
Q:/ccrf: 0.000000000 1.000000000 0.000000000
Q:/r: 0.000000000 1.000000000 0.000000000
QA:/ccc/c: 0.130314341 0.869685659 0.000000000
QA:/ccc/ccrc: 0.000000000 0.096385054 0.903614946
QA:/ccc/ccrf: 0.000000000 0.631973976 0.368026024
QA:/ccc/r: 0.000000000 0.676468078 0.323531922
QA:/ccrcc/c: 0.076524018 0.923475982 0.000000000
QA:/ccrcc/ccrc: 0.000000000 0.626367043 0.373632957
QA:/ccrcc/ccrf: 0.000000000 0.518769341 0.481230659
QA:/ccrcc/r: 0.000000000 0.577697608 0.422302392
QA:/ccrfc/: 0.314871023 0.685128977 0.000000000
QA:/ccrfc/cr: 0.000000000 0.365673006 0.634326994
QA:/crcc/c: 0.924992800 0.075007200 0.000000000
QA:/crcc/ccrc: 0.000000000 0.514239109 0.485760891
QA:/crcc/ccrf: 0.000000000 0.861889928 0.138110072
QA:/crcc/r: 0.000000000 0.346739744 0.653260256
QA:/crcf/: 0.726853472 0.273146528 0.000000000
QA:/crcf/cr: 0.000000000 0.620547724 0.379452276
QA:/crfc/c: 0.632397468 0.367602532 0.000000000
QA:/crfc/r: 0.000000000 0.633509643 0.366490357
QA:/rcc/c: 0.003566577 0.996433423 0.000000000
QA:/rcc/ccrc: 0.000000000 0.000000000 1.000000000
QA:/rcc/ccrf: 0.000000000 0.019811062 0.980188938
QA:/rcc/r: 0.000000000 0.000705780 0.999294220
QA:/rcf/c: 0.885390509 0.114609491 0.000000000
QA:/rcf/r: 0.000000000 0.184090269 0.815909731
QJ:/ccc/c: 0.711855453 0.288144547 0.000000000
QJ:/ccc/ccrc: 0.000000000 0.836457250 0.163542750
QJ:/ccc/ccrf: 0.000000000 0.101091717 0.898908283
QJ:/ccc/r: 0.000000000 0.553386845 0.446613155
QJ:/ccrcc/c: 0.671974962 0.328025038 0.000000000
QJ:/ccrcc/ccrc: 0.000000000 0.453221150 0.546778850
QJ:/ccrcc/ccrf: 0.000000000 0.452262974 0.547737026
QJ:/ccrcc/r: 0.000000000 0.244455657 0.755544343
QJ:/ccrfc/: 0.208534845 0.791465155 0.000000000
QJ:/ccrfc/cr: 0.000000000 0.140447433 0.859552567
QJ:/crcc/c: 0.050324969 0.949675031 0.000000000
QJ:/crcc/ccrc: 0.000000000 0.781063721 0.218936279
QJ:/crcc/ccrf: 0.000000000 0.531558209 0.468441791
QJ:/crcc/r: 0.000000000 0.034338869 0.965661131
QJ:/crcf/: 0.889945878 0.110054122 0.000000000
QJ:/crcf/cr: 0.000000000 0.616184755 0.383815245
QJ:/crfc/c: 0.590183744 0.409816256 0.000000000
QJ:/crfc/r: 0.000000000 0.213698278 0.786301722
QJ:/rcc/c: 0.000762963 0.999237037 0.000000000
QJ:/rcc/ccrc: 0.000000000 0.000000000 1.000000000
QJ:/rcc/ccrf: 0.000000000 0.000000000 1.000000000
QJ:/rcc/r: 0.000000000 0.000000000 1.000000000
QJ:/rcf/c: 0.210158779 0.789841221 0.000000000
QJ:/rcf/r: 0.000000000 0.480569787 0.519430213
QK:/ccc/c: 0.038198395 0.961801605 0.000000000
QK:/ccc/ccrc: 0.000000000 0.667701420 0.332298580
QK:/ccc/ccrf: 0.000000000 0.403125571 0.596874429
QK:/ccc/r: 0.000000000 0.588055235 0.411944765
QK:/ccrcc/c: 0.261006999 0.738993001 0.000000000
QK:/ccrcc/ccrc: 0.000000000 0.508438191 0.491561809
QK:/ccrcc/ccrf: 0.000000000 0.655353929 0.344646071
QK:/ccrcc/r: 0.000000000 0.566940576 0.433059424
QK:/ccrfc/: 0.725747914 0.274252086 0.000000000
QK:/ccrfc/cr: 0.000000000 0.650251878 0.349748122
QK:/crcc/c: 0.597362511 0.402637489 0.000000000
QK:/crcc/ccrc: 0.000000000 0.331387377 0.668612623
QK:/crcc/ccrf: 0.000000000 0.682198760 0.317801240
QK:/crcc/r: 0.000000000 0.874817218 0.125182782
QK:/crcf/: 0.961002031 0.038997969 0.000000000
QK:/crcf/cr: 0.000000000 0.806692676 0.193307324
QK:/crfc/c: 0.054725762 0.945274238 0.000000000
QK:/crfc/r: 0.000000000 0.617764831 0.382235169
QK:/rcc/c: 0.003443629 0.996556371 0.000000000
QK:/rcc/ccrc: 0.000000000 0.000000000 1.000000000
QK:/rcc/ccrf: 0.000000000 0.001460364 0.998539636
QK:/rcc/r: 0.000000000 0.002482238 0.997517762
QK:/rcf/c: 0.421333381 0.578666619 0.000000000
QK:/rcf/r: 0.000000000 0.671495857 0.328504143
