A:/cc: 0.984813458 0.015186542 0.000000000
A:/cr: 0.000000000 0.803574483 0.196425517
A:/rc: 0.000000000 1.000000000 0.000000000
A:/rf: 0.000000000 0.569372863 0.430627137
AJ:/ccc/cc: 0.638182681 0.361817319 0.000000000
AJ:/ccc/cr: 0.000000000 0.378848587 0.621151413
AJ:/ccc/rc: 0.000000000 0.612256051 0.387743949
AJ:/ccc/rf: 0.000000000 0.918281768 0.081718232
AJ:/ccrcc/cc: 0.624265850 0.375734150 0.000000000
AJ:/ccrcc/cr: 0.000000000 0.882047067 0.117952933
AJ:/ccrcc/rc: 0.000000000 0.425743676 0.574256324
AJ:/ccrcc/rf: 0.000000000 0.624703972 0.375296028
AJ:/ccrcf/c: 0.151979728 0.848020272 0.000000000
AJ:/ccrcf/r: 0.000000000 0.421328580 0.578671420
AJ:/ccrfc/c: 0.581565361 0.418434639 0.000000000
AJ:/ccrfc/r: 0.000000000 0.491742645 0.508257355
AJ:/crcc/cc: 0.589770557 0.410229443 0.000000000
AJ:/crcc/cr: 0.000000000 0.235853178 0.764146822
AJ:/crcc/rc: 0.000000000 0.676371122 0.323628878
AJ:/crcc/rf: 0.000000000 0.535747703 0.464252297
AJ:/crcf/c: 0.510872716 0.489127284 0.000000000
AJ:/crcf/r: 0.000000000 0.503613781 0.496386219
AJ:/rcc/cc: 0.066196492 0.933803508 0.000000000
AJ:/rcc/cr: 0.000000000 0.981917287 0.018082713
AJ:/rcc/rc: 0.000000000 0.077487650 0.922512350
AJ:/rcc/rf: 0.000000000 0.453226888 0.546773112
AJ:/rfc/c: 0.481212800 0.518787200 0.000000000
AJ:/rfc/r: 0.000000000 0.832527979 0.167472021
AK:/ccc/cc: 0.916902428 0.083097572 0.000000000
AK:/ccc/cr: 0.000000000 0.461280710 0.538719290
AK:/ccc/rc: 0.000000000 0.815733298 0.184266702
AK:/ccc/rf: 0.000000000 0.418746815 0.581253185
AK:/ccrcc/cc: 0.475078207 0.524921793 0.000000000
AK:/ccrcc/cr: 0.000000000 0.572193518 0.427806482
AK:/ccrcc/rc: 0.000000000 0.952061591 0.047938409
AK:/ccrcc/rf: 0.000000000 0.411606388 0.588393612
AK:/ccrcf/c: 0.436726093 0.563273907 0.000000000
AK:/ccrcf/r: 0.000000000 0.438550317 0.561449683
AK:/ccrfc/c: 0.299812523 0.700187477 0.000000000
AK:/ccrfc/r: 0.000000000 0.638589689 0.361410311
AK:/crcc/cc: 0.506195232 0.493804768 0.000000000
AK:/crcc/cr: 0.000000000 0.719596369 0.280403631
AK:/crcc/rc: 0.000000000 0.214686578 0.785313422
AK:/crcc/rf: 0.000000000 0.475368561 0.524631439
AK:/crcf/c: 0.802099585 0.197900415 0.000000000
AK:/crcf/r: 0.000000000 0.321643797 0.678356203
AK:/rcc/cc: 0.732444487 0.267555513 0.000000000
AK:/rcc/cr: 0.000000000 0.000000000 1.000000000
AK:/rcc/rc: 0.000000000 0.821048688 0.178951312
AK:/rcc/rf: 0.000000000 0.549913933 0.450086067
AK:/rfc/c: 0.465514599 0.534485401 0.000000000
AK:/rfc/r: 0.000000000 0.862088099 0.137911901
AQ:/ccc/cc: 0.093829062 0.906170938 0.000000000
AQ:/ccc/cr: 0.000000000 0.611134405 0.388865595
AQ:/ccc/rc: 0.000000000 0.752905794 0.247094206
AQ:/ccc/rf: 0.000000000 0.110272975 0.889727025
AQ:/ccrcc/cc: 0.629653162 0.370346838 0.000000000
AQ:/ccrcc/cr: 0.000000000 0.720824807 0.279175193
AQ:/ccrcc/rc: 0.000000000 0.581412451 0.418587549
AQ:/ccrcc/rf: 0.000000000 0.741707293 0.258292707
AQ:/ccrcf/c: 0.017313002 0.982686998 0.000000000
AQ:/ccrcf/r: 0.000000000 0.511314985 0.488685015
AQ:/ccrfc/c: 0.230255042 0.769744958 0.000000000
AQ:/ccrfc/r: 0.000000000 0.469181565 0.530818435
AQ:/crcc/cc: 0.837374103 0.162625897 0.000000000
AQ:/crcc/cr: 0.000000000 0.953880514 0.046119486
AQ:/crcc/rc: 0.000000000 0.276305192 0.723694808
AQ:/crcc/rf: 0.000000000 0.523350780 0.476649220
AQ:/crcf/c: 0.713190823 0.286809177 0.000000000
AQ:/crcf/r: 0.000000000 0.646212411 0.353787589
AQ:/rcc/cc: 0.000000000 1.000000000 0.000000000
AQ:/rcc/cr: 0.000000000 0.740673154 0.259326846
AQ:/rcc/rc: 0.000000000 0.173210056 0.826789944
AQ:/rcc/rf: 0.000000000 0.591344356 0.408655644
AQ:/rfc/c: 0.859570615 0.140429385 0.000000000
AQ:/rfc/r: 0.000000000 0.248347248 0.751652752
J:/cc: 0.569789526 0.430210474 0.000000000
J:/cr: 0.000000000 0.000000000 1.000000000
J:/rc: 0.000000000 0.992232734 0.007767266
J:/rf: 0.000000000 0.414424875 0.585575125
JA:/ccc/cc: 0.429168971 0.570831029 0.000000000
JA:/ccc/cr: 0.000000000 0.740842475 0.259157525
JA:/ccc/rc: 0.000000000 0.449479913 0.550520087
JA:/ccc/rf: 0.000000000 0.358714096 0.641285904
JA:/ccrcc/cc: 0.422596676 0.577403324 0.000000000
JA:/ccrcc/cr: 0.000000000 0.306939012 0.693060988
JA:/ccrcc/rc: 0.000000000 0.172524336 0.827475664
JA:/ccrcc/rf: 0.000000000 0.667884064 0.332115936
JA:/ccrcf/c: 0.796193132 0.203806868 0.000000000
JA:/ccrcf/r: 0.000000000 0.394278416 0.605721584
JA:/ccrfc/c: 0.571119909 0.428880091 0.000000000
JA:/ccrfc/r: 0.000000000 0.542114481 0.457885519
JA:/crcc/cc: 0.381718949 0.618281051 0.000000000
JA:/crcc/cr: 0.000000000 0.405511131 0.594488869
JA:/crcc/rc: 0.000000000 0.201765842 0.798234158
JA:/crcc/rf: 0.000000000 0.424359014 0.575640986
JA:/crcf/c: 0.814122143 0.185877857 0.000000000
JA:/crcf/r: 0.000000000 0.369870635 0.630129365
JA:/rcc/cc: 0.244328017 0.755671983 0.000000000
JA:/rcc/cr: 0.000000000 0.000169841 0.999830159
JA:/rcc/rc: 0.000000000 0.512219212 0.487780788
JA:/rcc/rf: 0.000000000 0.150129973 0.849870027
JA:/rfc/c: 0.664942788 0.335057212 0.000000000
JA:/rfc/r: 0.000000000 0.096545369 0.903454631
JK:/ccc/cc: 0.881383013 0.118616987 0.000000000
JK:/ccc/cr: 0.000000000 0.767817821 0.232182179
JK:/ccc/rc: 0.000000000 0.665045631 0.334954369
JK:/ccc/rf: 0.000000000 0.520453142 0.479546858
JK:/ccrcc/cc: 0.046573072 0.953426928 0.000000000
JK:/ccrcc/cr: 0.000000000 0.169506088 0.830493912
JK:/ccrcc/rc: 0.000000000 0.472189682 0.527810318
JK:/ccrcc/rf: 0.000000000 0.681912435 0.318087565
JK:/ccrcf/c: 0.404621679 0.595378321 0.000000000
JK:/ccrcf/r: 0.000000000 0.751234649 0.248765351
JK:/ccrfc/c: 0.350519222 0.649480778 0.000000000
JK:/ccrfc/r: 0.000000000 0.864714904 0.135285096
JK:/crcc/cc: 0.706384575 0.293615425 0.000000000
JK:/crcc/cr: 0.000000000 0.595465685 0.404534315
JK:/crcc/rc: 0.000000000 0.004399459 0.995600541
JK:/crcc/rf: 0.000000000 0.352162234 0.647837766
JK:/crcf/c: 0.589971105 0.410028895 0.000000000
JK:/crcf/r: 0.000000000 0.490156582 0.509843418
JK:/rcc/cc: 0.691685960 0.308314040 0.000000000
JK:/rcc/cr: 0.000000000 0.000815225 0.999184775
JK:/rcc/rc: 0.000000000 0.269367035 0.730632965
JK:/rcc/rf: 0.000000000 0.328866904 0.671133096
JK:/rfc/c: 0.567170761 0.432829239 0.000000000
JK:/rfc/r: 0.000000000 0.568146296 0.431853704
JQ:/ccc/cc: 0.797992068 0.202007932 0.000000000
JQ:/ccc/cr: 0.000000000 0.731798806 0.268201194
JQ:/ccc/rc: 0.000000000 0.419905118 0.580094882
JQ:/ccc/rf: 0.000000000 0.662625557 0.337374443
JQ:/ccrcc/cc: 0.479165580 0.520834420 0.000000000
JQ:/ccrcc/cr: 0.000000000 0.304938497 0.695061503
JQ:/ccrcc/rc: 0.000000000 0.000000000 1.000000000
JQ:/ccrcc/rf: 0.000000000 0.627989863 0.372010137
JQ:/ccrcf/c: 0.540072349 0.459927651 0.000000000
JQ:/ccrcf/r: 0.000000000 0.528778423 0.471221577
JQ:/ccrfc/c: 0.736263494 0.263736506 0.000000000
JQ:/ccrfc/r: 0.000000000 0.025184877 0.974815123
JQ:/crcc/cc: 0.298757659 0.701242341 0.000000000
JQ:/crcc/cr: 0.000000000 0.315446280 0.684553720
JQ:/crcc/rc: 0.000000000 0.968922232 0.031077768
JQ:/crcc/rf: 0.000000000 0.802851079 0.197148921
JQ:/crcf/c: 0.740268045 0.259731955 0.000000000
JQ:/crcf/r: 0.000000000 0.182505188 0.817494812
JQ:/rcc/cc: 0.000000000 1.000000000 0.000000000
JQ:/rcc/cr: 0.000000000 1.000000000 0.000000000
JQ:/rcc/rc: 0.000000000 0.122449782 0.877550218
JQ:/rcc/rf: 0.000000000 0.231235519 0.768764481
JQ:/rfc/c: 0.739538211 0.260461789 0.000000000
JQ:/rfc/r: 0.000000000 0.120304098 0.879695902
K:/cc: 0.595877299 0.404122701 0.000000000
K:/cr: 0.000000000 0.551608562 0.448391438
K:/rc: 0.000000000 1.000000000 0.000000000
K:/rf: 0.000000000 0.506985013 0.493014987
KA:/ccc/cc: 0.110723608 0.889276392 0.000000000
KA:/ccc/cr: 0.000000000 0.652782275 0.347217725
KA:/ccc/rc: 0.000000000 0.806027504 0.193972496
KA:/ccc/rf: 0.000000000 0.496516213 0.503483787
KA:/ccrcc/cc: 0.524437532 0.475562468 0.000000000
KA:/ccrcc/cr: 0.000000000 0.501006886 0.498993114
KA:/ccrcc/rc: 0.000000000 0.445761005 0.554238995
KA:/ccrcc/rf: 0.000000000 0.296174213 0.703825787
KA:/ccrcf/c: 0.471245318 0.528754682 0.000000000
KA:/ccrcf/r: 0.000000000 0.417754067 0.582245933
KA:/ccrfc/c: 0.590390306 0.409609694 0.000000000
KA:/ccrfc/r: 0.000000000 0.180129715 0.819870285
KA:/crcc/cc: 0.808820132 0.191179868 0.000000000
KA:/crcc/cr: 0.000000000 0.845679000 0.154321000
KA:/crcc/rc: 0.000000000 0.045781012 0.954218988
KA:/crcc/rf: 0.000000000 0.333535894 0.666464106
KA:/crcf/c: 0.639019798 0.360980202 0.000000000
KA:/crcf/r: 0.000000000 0.168635373 0.831364627
KA:/rcc/cc: 0.136568746 0.863431254 0.000000000
KA:/rcc/cr: 0.000000000 0.000000000 1.000000000
KA:/rcc/rc: 0.000000000 0.795339118 0.204660882
KA:/rcc/rf: 0.000000000 0.903286578 0.096713422
KA:/rfc/c: 0.464109934 0.535890066 0.000000000
KA:/rfc/r: 0.000000000 0.764835530 0.235164470
KJ:/ccc/cc: 0.716638056 0.283361944 0.000000000
KJ:/ccc/cr: 0.000000000 0.500338058 0.499661942
KJ:/ccc/rc: 0.000000000 0.230521422 0.769478578
KJ:/ccc/rf: 0.000000000 0.516132721 0.483867279
KJ:/ccrcc/cc: 0.097713018 0.902286982 0.000000000
KJ:/ccrcc/cr: 0.000000000 0.531261692 0.468738308
KJ:/ccrcc/rc: 0.000000000 0.118745464 0.881254536
KJ:/ccrcc/rf: 0.000000000 0.827959524 0.172040476
KJ:/ccrcf/c: 0.894259626 0.105740374 0.000000000
KJ:/ccrcf/r: 0.000000000 0.636214029 0.363785971
KJ:/ccrfc/c: 0.499120086 0.500879914 0.000000000
KJ:/ccrfc/r: 0.000000000 0.259438827 0.740561173
KJ:/crcc/cc: 0.325674868 0.674325132 0.000000000
KJ:/crcc/cr: 0.000000000 0.428254253 0.571745747
KJ:/crcc/rc: 0.000000000 0.360972468 0.639027532
KJ:/crcc/rf: 0.000000000 0.280365750 0.719634250
KJ:/crcf/c: 0.173005975 0.826994025 0.000000000
KJ:/crcf/r: 0.000000000 0.556395109 0.443604891
KJ:/rcc/cc: 0.000472908 0.999527092 0.000000000
KJ:/rcc/cr: 0.000000000 0.000000000 1.000000000
KJ:/rcc/rc: 0.000000000 0.589875425 0.410124575
KJ:/rcc/rf: 0.000000000 0.064371273 0.935628727
KJ:/rfc/c: 0.576163449 0.423836551 0.000000000
KJ:/rfc/r: 0.000000000 0.701374504 0.298625496
KQ:/ccc/cc: 0.010597020 0.989402980 0.000000000
KQ:/ccc/cr: 0.000000000 0.684917872 0.315082128
KQ:/ccc/rc: 0.000000000 0.484923155 0.515076845
KQ:/ccc/rf: 0.000000000 0.454716317 0.545283683
KQ:/ccrcc/cc: 0.089455070 0.910544930 0.000000000
KQ:/ccrcc/cr: 0.000000000 0.452291099 0.547708901
KQ:/ccrcc/rc: 0.000000000 0.460886139 0.539113861
KQ:/ccrcc/rf: 0.000000000 0.651023983 0.348976017
KQ:/ccrcf/c: 0.430893957 0.569106043 0.000000000
KQ:/ccrcf/r: 0.000000000 0.218391949 0.781608051
KQ:/ccrfc/c: 0.504915194 0.495084806 0.000000000
KQ:/ccrfc/r: 0.000000000 0.516435069 0.483564931
KQ:/crcc/cc: 0.796672062 0.203327938 0.000000000
KQ:/crcc/cr: 0.000000000 0.732861694 0.267138306
KQ:/crcc/rc: 0.000000000 0.812217256 0.187782744
KQ:/crcc/rf: 0.000000000 0.820852832 0.179147168
KQ:/crcf/c: 0.227000790 0.772999210 0.000000000
KQ:/crcf/r: 0.000000000 0.449360113 0.550639887
KQ:/rcc/cc: 0.141750689 0.858249311 0.000000000
KQ:/rcc/cr: 0.000000000 0.000000000 1.000000000
KQ:/rcc/rc: 0.000000000 0.651037935 0.348962065
KQ:/rcc/rf: 0.000000000 0.208384287 0.791615713
KQ:/rfc/c: 0.967164682 0.032835318 0.000000000
KQ:/rfc/r: 0.000000000 0.638192898 0.361807102
Q:/cc: 0.169251409 0.830748591 0.000000000
Q:/cr: 0.000000000 0.069510311 0.930489689
Q:/rc: 0.000000000 0.000000000 1.000000000
Q:/rf: 0.000000000 0.414925453 0.585074547
QA:/ccc/cc: 0.752780571 0.247219429 0.000000000
QA:/ccc/cr: 0.000000000 0.921593433 0.078406567
QA:/ccc/rc: 0.000000000 0.689205114 0.310794886
QA:/ccc/rf: 0.000000000 0.155956965 0.844043035
QA:/ccrcc/cc: 0.419069139 0.580930861 0.000000000
QA:/ccrcc/cr: 0.000000000 0.087183834 0.912816166
QA:/ccrcc/rc: 0.000000000 0.658115204 0.341884796
QA:/ccrcc/rf: 0.000000000 0.669009432 0.330990568
QA:/ccrcf/c: 0.418189891 0.581810109 0.000000000
QA:/ccrcf/r: 0.000000000 0.477545498 0.522454502
QA:/ccrfc/c: 0.289107806 0.710892194 0.000000000
QA:/ccrfc/r: 0.000000000 0.436167741 0.563832259
QA:/crcc/cc: 0.924817220 0.075182780 0.000000000
QA:/crcc/cr: 0.000000000 0.245740678 0.754259322
QA:/crcc/rc: 0.000000000 0.841846864 0.158153136
QA:/crcc/rf: 0.000000000 0.501964685 0.498035315
QA:/crcf/c: 0.775836675 0.224163325 0.000000000
QA:/crcf/r: 0.000000000 0.651070608 0.348929392
QA:/rcc/cc: 0.181678632 0.818321368 0.000000000
QA:/rcc/cr: 0.000000000 0.999998378 0.000001622
QA:/rcc/rc: 0.000000000 0.000000000 1.000000000
QA:/rcc/rf: 0.000000000 0.688540032 0.311459968
QA:/rfc/c: 0.836047418 0.163952582 0.000000000
QA:/rfc/r: 0.000000000 0.430258773 0.569741227
QJ:/ccc/cc: 0.585976934 0.414023066 0.000000000
QJ:/ccc/cr: 0.000000000 0.035708361 0.964291639
QJ:/ccc/rc: 0.000000000 0.827328701 0.172671299
QJ:/ccc/rf: 0.000000000 0.288713792 0.711286208
QJ:/ccrcc/cc: 0.316599195 0.683400805 0.000000000
QJ:/ccrcc/cr: 0.000000000 0.605099692 0.394900308
QJ:/ccrcc/rc: 0.000000000 0.337821598 0.662178402
QJ:/ccrcc/rf: 0.000000000 0.538252537 0.461747463
QJ:/ccrcf/c: 0.224470085 0.775529915 0.000000000
QJ:/ccrcf/r: 0.000000000 0.733479015 0.266520985
QJ:/ccrfc/c: 0.483346790 0.516653210 0.000000000
QJ:/ccrfc/r: 0.000000000 0.060560819 0.939439181
QJ:/crcc/cc: 0.093455514 0.906544486 0.000000000
QJ:/crcc/cr: 0.000000000 0.441278153 0.558721847
QJ:/crcc/rc: 0.000000000 0.340571986 0.659428014
QJ:/crcc/rf: 0.000000000 0.005929558 0.994070442
QJ:/crcf/c: 0.376510244 0.623489756 0.000000000
QJ:/crcf/r: 0.000000000 0.638516820 0.361483180
QJ:/rcc/cc: 0.000000000 1.000000000 0.000000000
QJ:/rcc/cr: 0.000000000 0.000000000 1.000000000
QJ:/rcc/rc: 0.000000000 1.000000000 0.000000000
QJ:/rcc/rf: 0.000000000 0.595359663 0.404640337
QJ:/rfc/c: 0.427934910 0.572065090 0.000000000
QJ:/rfc/r: 0.000000000 0.767339184 0.232660816
QK:/ccc/cc: 0.298473966 0.701526034 0.000000000
QK:/ccc/cr: 0.000000000 0.176455973 0.823544027
QK:/ccc/rc: 0.000000000 0.517009992 0.482990008
QK:/ccc/rf: 0.000000000 0.598010149 0.401989851
QK:/ccrcc/cc: 0.605322568 0.394677432 0.000000000
QK:/ccrcc/cr: 0.000000000 0.513822107 0.486177893
QK:/ccrcc/rc: 0.000000000 0.161071810 0.838928190
QK:/ccrcc/rf: 0.000000000 0.612930368 0.387069632
QK:/ccrcf/c: 0.578837604 0.421162396 0.000000000
QK:/ccrcf/r: 0.000000000 0.267613509 0.732386491
QK:/ccrfc/c: 0.716319544 0.283680456 0.000000000
QK:/ccrfc/r: 0.000000000 0.845577511 0.154422489
QK:/crcc/cc: 0.617348439 0.382651561 0.000000000
QK:/crcc/cr: 0.000000000 0.323944123 0.676055877
QK:/crcc/rc: 0.000000000 0.366536461 0.633463539
QK:/crcc/rf: 0.000000000 0.538745077 0.461254923
QK:/crcf/c: 0.814722283 0.185277717 0.000000000
QK:/crcf/r: 0.000000000 0.818145202 0.181854798
QK:/rcc/cc: 0.000043237 0.999956763 0.000000000
QK:/rcc/cr: 0.000000000 0.999998140 0.000001860
QK:/rcc/rc: 0.000000000 0.000000000 1.000000000
QK:/rcc/rf: 0.000000000 0.510205934 0.489794066
QK:/rfc/c: 0.274774601 0.725225399 0.000000000
QK:/rfc/r: 0.000000000 0.371886963 0.628113037
