A:/: 0.999973616 0.000026384 0.000000000
A:/ccr: 0.000000000 0.531977052 0.468022948
A:/crc: 0.000000000 1.000000000 0.000000000
A:/crf: 0.000000000 1.000000000 0.000000000
AJ:/ccc/: 1.000000000 0.000000000 0.000000000
AJ:/ccc/ccr: 0.000000000 0.775836382 0.224163618
AJ:/ccc/crc: 0.000000000 1.000000000 0.000000000
AJ:/ccc/crf: 0.000000000 0.887873657 0.112126343
AJ:/ccrcc/: 0.284973527 0.715026473 0.000000000
AJ:/ccrcc/ccr: 0.000000000 0.770806050 0.229193950
AJ:/ccrcc/crc: 0.000000000 1.000000000 0.000000000
AJ:/ccrcc/crf: 0.000000000 1.000000000 0.000000000
AJ:/ccrcf/: 0.344058860 0.655941140 0.000000000
AJ:/ccrcf/cr: 0.000000000 0.509633512 0.490366488
AJ:/crcc/: 0.743225372 0.256774628 0.000000000
AJ:/crcc/ccr: 0.000000000 1.000000000 0.000000000
AJ:/crcc/crc: 0.000000000 1.000000000 0.000000000
AJ:/crcc/crf: 0.000000000 1.000000000 0.000000000
AJ:/crfc/: 0.369893820 0.630106180 0.000000000
AJ:/crfc/cr: 0.000000000 1.000000000 0.000000000
AJ:/rcc/: 0.742254193 0.257745807 0.000000000
AJ:/rcc/ccr: 0.000000000 0.452650639 0.547349361
AJ:/rcc/crc: 0.000000000 0.702766049 0.297233951
AJ:/rcc/crf: 0.000000000 0.407725614 0.592274386
AJ:/rcf/: 0.999957194 0.000042806 0.000000000
AJ:/rcf/cr: 0.000000000 1.000000000 0.000000000
AJ:/rfc/: 0.587652592 0.412347408 0.000000000
AJ:/rfc/cr: 0.000000000 0.640805938 0.359194062
AK:/ccc/: 0.961308492 0.038691508 0.000000000
AK:/ccc/ccr: 0.000000000 1.000000000 0.000000000
AK:/ccc/crc: 0.000000000 1.000000000 0.000000000
AK:/ccc/crf: 0.000000000 1.000000000 0.000000000
AK:/ccrcc/: 0.589324877 0.410675123 0.000000000
AK:/ccrcc/ccr: 0.000000000 0.521983603 0.478016397
AK:/ccrcc/crc: 0.000000000 0.769456122 0.230543878
AK:/ccrcc/crf: 0.000000000 0.927005171 0.072994829
AK:/ccrcf/: 0.610234121 0.389765879 0.000000000
AK:/ccrcf/cr: 0.000000000 0.313486166 0.686513834
AK:/crcc/: 0.714558048 0.285441952 0.000000000
AK:/crcc/ccr: 0.000000000 1.000000000 0.000000000
AK:/crcc/crc: 0.000000000 1.000000000 0.000000000
AK:/crcc/crf: 0.000000000 1.000000000 0.000000000
AK:/crfc/: 0.816253278 0.183746722 0.000000000
AK:/crfc/cr: 0.000000000 1.000000000 0.000000000
AK:/rcc/: 0.460433826 0.539566174 0.000000000
AK:/rcc/ccr: 0.000000000 0.527508374 0.472491626
AK:/rcc/crc: 0.000000000 0.598463723 0.401536277
AK:/rcc/crf: 0.000000000 0.829238166 0.170761834
AK:/rcf/: 0.625182933 0.374817067 0.000000000
AK:/rcf/cr: 0.000000000 1.000000000 0.000000000
AK:/rfc/: 0.113234081 0.886765919 0.000000000
AK:/rfc/cr: 0.000000000 0.492332156 0.507667844
AQ:/ccc/: 0.434570125 0.565429875 0.000000000
AQ:/ccc/ccr: 0.000000000 1.000000000 0.000000000
AQ:/ccc/crc: 0.000000000 1.000000000 0.000000000
AQ:/ccc/crf: 0.000000000 1.000000000 0.000000000
AQ:/ccrcc/: 1.000000000 0.000000000 0.000000000
AQ:/ccrcc/ccr: 0.000000000 0.448769407 0.551230593
AQ:/ccrcc/crc: 0.000000000 0.738615031 0.261384969
AQ:/ccrcc/crf: 0.000000000 1.000000000 0.000000000
AQ:/ccrcf/: 0.817239867 0.182760133 0.000000000
AQ:/ccrcf/cr: 0.000000000 0.199346412 0.800653588
AQ:/crcc/: 0.991032313 0.008967687 0.000000000
AQ:/crcc/ccr: 0.000000000 1.000000000 0.000000000
AQ:/crcc/crc: 0.000000000 1.000000000 0.000000000
AQ:/crcc/crf: 0.000000000 1.000000000 0.000000000
AQ:/crfc/: 0.226707380 0.773292620 0.000000000
AQ:/crfc/cr: 0.000000000 1.000000000 0.000000000
AQ:/rcc/: 0.825421242 0.174578758 0.000000000
AQ:/rcc/ccr: 0.000000000 0.786307523 0.213692477
AQ:/rcc/crc: 0.000000000 0.437047004 0.562952996
AQ:/rcc/crf: 0.000000000 1.000000000 0.000000000
AQ:/rcf/: 0.625665405 0.374334595 0.000000000
AQ:/rcf/cr: 0.000000000 1.000000000 0.000000000
AQ:/rfc/: 0.555734260 0.444265740 0.000000000
AQ:/rfc/cr: 0.000000000 0.139340978 0.860659022
AT:/ccc/: 1.000000000 0.000000000 0.000000000
AT:/ccc/ccr: 0.000000000 1.000000000 0.000000000
AT:/ccc/crc: 0.000000000 0.577279388 0.422720612
AT:/ccc/crf: 0.000000000 1.000000000 0.000000000
AT:/ccrcc/: 0.999955688 0.000044312 0.000000000
AT:/ccrcc/ccr: 0.000000000 0.417102989 0.582897011
AT:/ccrcc/crc: 0.000000000 0.788693025 0.211306975
AT:/ccrcc/crf: 0.000000000 1.000000000 0.000000000
AT:/ccrcf/: 0.545912636 0.454087364 0.000000000
AT:/ccrcf/cr: 0.000000000 0.193211769 0.806788231
AT:/crcc/: 0.719481160 0.280518840 0.000000000
AT:/crcc/ccr: 0.000000000 1.000000000 0.000000000
AT:/crcc/crc: 0.000000000 1.000000000 0.000000000
AT:/crcc/crf: 0.000000000 1.000000000 0.000000000
AT:/crfc/: 0.576919103 0.423080897 0.000000000
AT:/crfc/cr: 0.000000000 0.948974426 0.051025574
AT:/rcc/: 0.298486148 0.701513852 0.000000000
AT:/rcc/ccr: 0.000000000 0.197496609 0.802503391
AT:/rcc/crc: 0.000000000 0.357889502 0.642110498
AT:/rcc/crf: 0.000000000 1.000000000 0.000000000
AT:/rcf/: 0.973774672 0.026225328 0.000000000
AT:/rcf/cr: 0.000000000 1.000000000 0.000000000
AT:/rfc/: 0.037064909 0.962935091 0.000000000
AT:/rfc/cr: 0.000000000 0.360150515 0.639849485
J:/: 0.164912700 0.835087300 0.000000000
J:/ccr: 0.000000000 0.000000000 1.000000000
J:/crc: 0.000000000 0.000000000 1.000000000
J:/crf: 0.000000000 1.000000000 0.000000000
JA:/ccc/: 0.128256464 0.871743536 0.000000000
JA:/ccc/ccr: 0.000000000 0.555415346 0.444584654
JA:/ccc/crc: 0.000000000 0.000000000 1.000000000
JA:/ccc/crf: 0.000000000 0.492081391 0.507918609
JA:/ccrcc/: 0.841018514 0.158981486 0.000000000
JA:/ccrcc/ccr: 0.000000000 0.424840040 0.575159960
JA:/ccrcc/crc: 0.000000000 0.917241802 0.082758198
JA:/ccrcc/crf: 0.000000000 0.277739871 0.722260129
JA:/ccrcf/: 0.653846976 0.346153024 0.000000000
JA:/ccrcf/cr: 0.000000000 0.413509323 0.586490677
JA:/crcc/: 1.000000000 0.000000000 0.000000000
JA:/crcc/ccr: 0.000000000 0.409236541 0.590763459
JA:/crcc/crc: 0.000000000 0.000000000 1.000000000
JA:/crcc/crf: 0.000000000 0.367736022 0.632263978
JA:/crfc/: 0.000241574 0.999758426 0.000000000
JA:/crfc/cr: 0.000000000 0.000000000 1.000000000
JA:/rcc/: 0.000000000 1.000000000 0.000000000
JA:/rcc/ccr: 0.000000000 0.738820759 0.261179241
JA:/rcc/crc: 0.000000000 0.784382463 0.215617537
JA:/rcc/crf: 0.000000000 0.319256479 0.680743521
JA:/rcf/: 1.000000000 0.000000000 0.000000000
JA:/rcf/cr: 0.000000000 0.583364579 0.416635421
JA:/rfc/: 0.285743556 0.714256444 0.000000000
JA:/rfc/cr: 0.000000000 0.661318711 0.338681289
JK:/ccc/: 0.502280348 0.497719652 0.000000000
JK:/ccc/ccr: 0.000000000 0.151297051 0.848702949
JK:/ccc/crc: 0.000000000 0.124502060 0.875497940
JK:/ccc/crf: 0.000000000 0.096464523 0.903535477
JK:/ccrcc/: 0.043829259 0.956170741 0.000000000
JK:/ccrcc/ccr: 0.000000000 0.560436010 0.439563990
JK:/ccrcc/crc: 0.000000000 0.529673778 0.470326222
JK:/ccrcc/crf: 0.000000000 0.690748295 0.309251705
JK:/ccrcf/: 0.309742191 0.690257809 0.000000000
JK:/ccrcf/cr: 0.000000000 0.573091677 0.426908323
JK:/crcc/: 0.341259631 0.658740369 0.000000000
JK:/crcc/ccr: 0.000000000 0.486496560 0.513503440
JK:/crcc/crc: 0.000000000 0.420696589 0.579303411
JK:/crcc/crf: 0.000000000 0.350517790 0.649482210
JK:/crfc/: 0.000119865 0.999880135 0.000000000
JK:/crfc/cr: 0.000000000 0.000000000 1.000000000
JK:/rcc/: 0.570552933 0.429447067 0.000000000
JK:/rcc/ccr: 0.000000000 0.330154053 0.669845947
JK:/rcc/crc: 0.000000000 0.380175261 0.619824739
JK:/rcc/crf: 0.000000000 0.209572024 0.790427976
JK:/rcf/: 1.000000000 0.000000000 0.000000000
JK:/rcf/cr: 0.000000000 0.338937985 0.661062015
JK:/rfc/: 0.270275421 0.729724579 0.000000000
JK:/rfc/cr: 0.000000000 0.779616434 0.220383566
JQ:/ccc/: 0.061700780 0.938299220 0.000000000
JQ:/ccc/ccr: 0.000000000 0.335694291 0.664305709
JQ:/ccc/crc: 0.000000000 0.000000000 1.000000000
JQ:/ccc/crf: 0.000000000 0.615303366 0.384696634
JQ:/ccrcc/: 0.493816291 0.506183709 0.000000000
JQ:/ccrcc/ccr: 0.000000000 0.146830004 0.853169996
JQ:/ccrcc/crc: 0.000000000 0.380382866 0.619617134
JQ:/ccrcc/crf: 0.000000000 0.459214504 0.540785496
JQ:/ccrcf/: 0.640407157 0.359592843 0.000000000
JQ:/ccrcf/cr: 0.000000000 0.213020097 0.786979903
JQ:/crcc/: 0.668996440 0.331003560 0.000000000
JQ:/crcc/ccr: 0.000000000 0.525384774 0.474615226
JQ:/crcc/crc: 0.000000000 0.000000000 1.000000000
JQ:/crcc/crf: 0.000000000 0.471247725 0.528752275
JQ:/crfc/: 0.057042599 0.942957401 0.000000000
JQ:/crfc/cr: 0.000000000 0.023055847 0.976944153
JQ:/rcc/: 0.000000000 1.000000000 0.000000000
JQ:/rcc/ccr: 0.000000000 0.044837334 0.955162666
JQ:/rcc/crc: 0.000000000 0.395805960 0.604194040
JQ:/rcc/crf: 0.000000000 0.216423252 0.783576748
JQ:/rcf/: 1.000000000 0.000000000 0.000000000
JQ:/rcf/cr: 0.000000000 0.000000000 1.000000000
JQ:/rfc/: 0.198042230 0.801957770 0.000000000
JQ:/rfc/cr: 0.000000000 0.841295312 0.158704688
JT:/ccc/: 0.421877500 0.578122500 0.000000000
JT:/ccc/ccr: 0.000000000 0.454271048 0.545728952
JT:/ccc/crc: 0.000000000 0.399014984 0.600985016
JT:/ccc/crf: 0.000000000 0.178471034 0.821528966
JT:/ccrcc/: 0.100557835 0.899442165 0.000000000
JT:/ccrcc/ccr: 0.000000000 0.576025527 0.423974473
JT:/ccrcc/crc: 0.000000000 0.658352817 0.341647183
JT:/ccrcc/crf: 0.000000000 0.108610353 0.891389647
JT:/ccrcf/: 0.861185644 0.138814356 0.000000000
JT:/ccrcf/cr: 0.000000000 0.542760632 0.457239368
JT:/crcc/: 0.998544116 0.001455884 0.000000000
JT:/crcc/ccr: 0.000000000 0.208116166 0.791883834
JT:/crcc/crc: 0.000000000 0.000000000 1.000000000
JT:/crcc/crf: 0.000000000 0.000000000 1.000000000
JT:/crfc/: 0.627718955 0.372281045 0.000000000
JT:/crfc/cr: 0.000000000 0.288384326 0.711615674
JT:/rcc/: 0.034736730 0.965263270 0.000000000
JT:/rcc/ccr: 0.000000000 0.706289602 0.293710398
JT:/rcc/crc: 0.000000000 0.104468196 0.895531804
JT:/rcc/crf: 0.000000000 0.186802266 0.813197734
JT:/rcf/: 0.999903748 0.000096252 0.000000000
JT:/rcf/cr: 0.000000000 0.000000000 1.000000000
JT:/rfc/: 0.514781719 0.485218281 0.000000000
JT:/rfc/cr: 0.000000000 0.692850961 0.307149039
K:/: 1.000000000 0.000000000 0.000000000
K:/ccr: 0.000000000 0.000000000 1.000000000
K:/crc: 0.000000000 1.000000000 0.000000000
K:/crf: 0.000000000 1.000000000 0.000000000
KA:/ccc/: 0.900436693 0.099563307 0.000000000
KA:/ccc/ccr: 0.000000000 0.573332802 0.426667198
KA:/ccc/crc: 0.000000000 1.000000000 0.000000000
KA:/ccc/crf: 0.000000000 1.000000000 0.000000000
KA:/ccrcc/: 0.312004429 0.687995571 0.000000000
KA:/ccrcc/ccr: 0.000000000 0.864605097 0.135394903
KA:/ccrcc/crc: 0.000000000 0.755187691 0.244812309
KA:/ccrcc/crf: 0.000000000 1.000000000 0.000000000
KA:/ccrcf/: 0.279777952 0.720222048 0.000000000
KA:/ccrcf/cr: 0.000000000 0.576785890 0.423214110
KA:/crcc/: 1.000000000 0.000000000 0.000000000
KA:/crcc/ccr: 0.000000000 0.873632536 0.126367464
KA:/crcc/crc: 0.000000000 1.000000000 0.000000000
KA:/crcc/crf: 0.000000000 1.000000000 0.000000000
KA:/crfc/: 0.362194860 0.637805140 0.000000000
KA:/crfc/cr: 0.000000000 1.000000000 0.000000000
KA:/rcc/: 0.989719988 0.010280012 0.000000000
KA:/rcc/ccr: 0.000000000 0.924580728 0.075419272
KA:/rcc/crc: 0.000000000 0.965434820 0.034565180
KA:/rcc/crf: 0.000000000 0.960742643 0.039257357
KA:/rcf/: 0.868896977 0.131103023 0.000000000
KA:/rcf/cr: 0.000000000 1.000000000 0.000000000
KA:/rfc/: 0.668639680 0.331360320 0.000000000
KA:/rfc/cr: 0.000000000 0.445435012 0.554564988
KJ:/ccc/: 0.750326354 0.249673646 0.000000000
KJ:/ccc/ccr: 0.000000000 0.850716444 0.149283556
KJ:/ccc/crc: 0.000000000 0.848586506 0.151413494
KJ:/ccc/crf: 0.000000000 0.358586743 0.641413257
KJ:/ccrcc/: 0.773205265 0.226794735 0.000000000
KJ:/ccrcc/ccr: 0.000000000 0.503242225 0.496757775
KJ:/ccrcc/crc: 0.000000000 0.932241972 0.067758028
KJ:/ccrcc/crf: 0.000000000 0.999953952 0.000046048
KJ:/ccrcf/: 0.803326987 0.196673013 0.000000000
KJ:/ccrcf/cr: 0.000000000 0.933717572 0.066282428
KJ:/crcc/: 0.748079840 0.251920160 0.000000000
KJ:/crcc/ccr: 0.000000000 0.407836082 0.592163918
KJ:/crcc/crc: 0.000000000 0.000468375 0.999531625
KJ:/crcc/crf: 0.000000000 0.999931712 0.000068288
KJ:/crfc/: 0.483760748 0.516239252 0.000000000
KJ:/crfc/cr: 0.000000000 0.999939561 0.000060439
KJ:/rcc/: 0.345569099 0.654430901 0.000000000
KJ:/rcc/ccr: 0.000000000 0.538335793 0.461664207
KJ:/rcc/crc: 0.000000000 0.918253166 0.081746834
KJ:/rcc/crf: 0.000000000 0.615561504 0.384438496
KJ:/rcf/: 0.425830237 0.574169763 0.000000000
KJ:/rcf/cr: 0.000000000 0.954709616 0.045290384
KJ:/rfc/: 0.393004234 0.606995766 0.000000000
KJ:/rfc/cr: 0.000000000 0.233490811 0.766509189
KQ:/ccc/: 0.999970915 0.000029085 0.000000000
KQ:/ccc/ccr: 0.000000000 0.620018773 0.379981227
KQ:/ccc/crc: 0.000000000 0.999953586 0.000046414
KQ:/ccc/crf: 0.000000000 0.942258933 0.057741067
KQ:/ccrcc/: 0.669839326 0.330160674 0.000000000
KQ:/ccrcc/ccr: 0.000000000 0.651608486 0.348391514
KQ:/ccrcc/crc: 0.000000000 0.208478205 0.791521795
KQ:/ccrcc/crf: 0.000000000 0.774822134 0.225177866
KQ:/ccrcf/: 0.638995327 0.361004673 0.000000000
KQ:/ccrcf/cr: 0.000000000 0.740387216 0.259612784
KQ:/crcc/: 0.849912285 0.150087715 0.000000000
KQ:/crcc/ccr: 0.000000000 0.389056489 0.610943511
KQ:/crcc/crc: 0.000000000 0.253830346 0.746169654
KQ:/crcc/crf: 0.000000000 0.999925723 0.000074277
KQ:/crfc/: 0.702371554 0.297628446 0.000000000
KQ:/crfc/cr: 0.000000000 0.726542360 0.273457640
KQ:/rcc/: 0.769946282 0.230053718 0.000000000
KQ:/rcc/ccr: 0.000000000 0.498078718 0.501921282
KQ:/rcc/crc: 0.000000000 0.406345328 0.593654672
KQ:/rcc/crf: 0.000000000 0.874837984 0.125162016
KQ:/rcf/: 0.442053907 0.557946093 0.000000000
KQ:/rcf/cr: 0.000000000 0.677682292 0.322317708
KQ:/rfc/: 0.011992708 0.988007292 0.000000000
KQ:/rfc/cr: 0.000000000 0.880900888 0.119099112
KT:/ccc/: 0.502444666 0.497555334 0.000000000
KT:/ccc/ccr: 0.000000000 0.675957287 0.324042713
KT:/ccc/crc: 0.000000000 0.441780419 0.558219581
KT:/ccc/crf: 0.000000000 0.605811869 0.394188131
KT:/ccrcc/: 0.585366547 0.414633453 0.000000000
KT:/ccrcc/ccr: 0.000000000 0.319292099 0.680707901
KT:/ccrcc/crc: 0.000000000 0.433347665 0.566652335
KT:/ccrcc/crf: 0.000000000 0.999958564 0.000041436
KT:/ccrcf/: 0.303227947 0.696772053 0.000000000
KT:/ccrcf/cr: 0.000000000 0.908264650 0.091735350
KT:/crcc/: 0.999739156 0.000260844 0.000000000
KT:/crcc/ccr: 0.000000000 0.794809982 0.205190018
KT:/crcc/crc: 0.000000000 0.999884839 0.000115161
KT:/crcc/crf: 0.000000000 0.999906844 0.000093156
KT:/crfc/: 0.605241655 0.394758345 0.000000000
KT:/crfc/cr: 0.000000000 0.990797276 0.009202724
KT:/rcc/: 0.307878904 0.692121096 0.000000000
KT:/rcc/ccr: 0.000000000 0.612650749 0.387349251
KT:/rcc/crc: 0.000000000 0.803150954 0.196849046
KT:/rcc/crf: 0.000000000 0.982924608 0.017075392
KT:/rcf/: 0.484922837 0.515077163 0.000000000
KT:/rcf/cr: 0.000000000 0.999376194 0.000623806
KT:/rfc/: 0.940840080 0.059159920 0.000000000
KT:/rfc/cr: 0.000000000 0.886543206 0.113456794
Q:/: 0.504313047 0.495686953 0.000000000
Q:/ccr: 0.000000000 0.000000000 1.000000000
Q:/crc: 0.000000000 0.000403597 0.999596403
Q:/crf: 0.000000000 1.000000000 0.000000000
QA:/ccc/: 1.000000000 0.000000000 0.000000000
QA:/ccc/ccr: 0.000000000 0.756085029 0.243914971
QA:/ccc/crc: 0.000000000 0.921392385 0.078607615
QA:/ccc/crf: 0.000000000 0.536995694 0.463004306
QA:/ccrcc/: 0.999968191 0.000031809 0.000000000
QA:/ccrcc/ccr: 0.000000000 0.445232212 0.554767788
QA:/ccrcc/crc: 0.000000000 0.799793187 0.200206813
QA:/ccrcc/crf: 0.000000000 0.553503953 0.446496047
QA:/ccrcf/: 0.411114896 0.588885104 0.000000000
QA:/ccrcf/cr: 0.000000000 0.420789668 0.579210332
QA:/crcc/: 1.000000000 0.000000000 0.000000000
QA:/crcc/ccr: 0.000000000 0.983055771 0.016944229
QA:/crcc/crc: 0.000000000 0.496889151 0.503110849
QA:/crcc/crf: 0.000000000 0.999964872 0.000035128
QA:/crfc/: 0.595411776 0.404588224 0.000000000
QA:/crfc/cr: 0.000000000 0.833413051 0.166586949
QA:/rcc/: 0.635437148 0.364562852 0.000000000
QA:/rcc/ccr: 0.000000000 0.893977494 0.106022506
QA:/rcc/crc: 0.000000000 0.344320489 0.655679511
QA:/rcc/crf: 0.000000000 0.443916500 0.556083500
QA:/rcf/: 0.704357183 0.295642817 0.000000000
QA:/rcf/cr: 0.000000000 0.624281357 0.375718643
QA:/rfc/: 0.148471999 0.851528001 0.000000000
QA:/rfc/cr: 0.000000000 0.754417027 0.245582973
QJ:/ccc/: 0.699518274 0.300481726 0.000000000
QJ:/ccc/ccr: 0.000000000 0.441005860 0.558994140
QJ:/ccc/crc: 0.000000000 0.298556611 0.701443389
QJ:/ccc/crf: 0.000000000 0.480906881 0.519093119
QJ:/ccrcc/: 0.157217636 0.842782364 0.000000000
QJ:/ccrcc/ccr: 0.000000000 0.655458112 0.344541888
QJ:/ccrcc/crc: 0.000000000 0.441181390 0.558818610
QJ:/ccrcc/crf: 0.000000000 0.610005151 0.389994849
QJ:/ccrcf/: 0.299554938 0.700445062 0.000000000
QJ:/ccrcf/cr: 0.000000000 0.481133934 0.518866066
QJ:/crcc/: 0.260996506 0.739003494 0.000000000
QJ:/crcc/ccr: 0.000000000 0.154498250 0.845501750
QJ:/crcc/crc: 0.000000000 0.319903942 0.680096058
QJ:/crcc/crf: 0.000000000 0.449642939 0.550357061
QJ:/crfc/: 0.000120089 0.999879911 0.000000000
QJ:/crfc/cr: 0.000000000 0.000000000 1.000000000
QJ:/rcc/: 0.000019895 0.999980105 0.000000000
QJ:/rcc/ccr: 0.000000000 0.587841856 0.412158144
QJ:/rcc/crc: 0.000000000 0.297306006 0.702693994
QJ:/rcc/crf: 0.000000000 0.257493875 0.742506125
QJ:/rcf/: 0.574962088 0.425037912 0.000000000
QJ:/rcf/cr: 0.000000000 0.000046629 0.999953371
QJ:/rfc/: 0.492363917 0.507636083 0.000000000
QJ:/rfc/cr: 0.000000000 0.227291713 0.772708287
QK:/ccc/: 0.841887446 0.158112554 0.000000000
QK:/ccc/ccr: 0.000000000 1.000000000 0.000000000
QK:/ccc/crc: 0.000000000 0.970223029 0.029776971
QK:/ccc/crf: 0.000000000 0.711405034 0.288594966
QK:/ccrcc/: 0.805568403 0.194431597 0.000000000
QK:/ccrcc/ccr: 0.000000000 0.464240357 0.535759643
QK:/ccrcc/crc: 0.000000000 0.191605009 0.808394991
QK:/ccrcc/crf: 0.000000000 0.607541550 0.392458450
QK:/ccrcf/: 0.040111694 0.959888306 0.000000000
QK:/ccrcf/cr: 0.000000000 0.582665651 0.417334349
QK:/crcc/: 1.000000000 0.000000000 0.000000000
QK:/crcc/ccr: 0.000000000 0.456674963 0.543325037
QK:/crcc/crc: 0.000000000 0.489524568 0.510475432
QK:/crcc/crf: 0.000000000 1.000000000 0.000000000
QK:/crfc/: 0.712437111 0.287562889 0.000000000
QK:/crfc/cr: 0.000000000 0.833401831 0.166598169
QK:/rcc/: 0.143883013 0.856116987 0.000000000
QK:/rcc/ccr: 0.000000000 0.745874516 0.254125484
QK:/rcc/crc: 0.000000000 0.994757740 0.005242260
QK:/rcc/crf: 0.000000000 0.382135738 0.617864262
QK:/rcf/: 0.397317739 0.602682261 0.000000000
QK:/rcf/cr: 0.000000000 0.422538267 0.577461733
QK:/rfc/: 0.154957114 0.845042886 0.000000000
QK:/rfc/cr: 0.000000000 0.727166490 0.272833510
QT:/ccc/: 0.386287602 0.613712398 0.000000000
QT:/ccc/ccr: 0.000000000 0.307769932 0.692230068
QT:/ccc/crc: 0.000000000 0.708771877 0.291228123
QT:/ccc/crf: 0.000000000 0.646185799 0.353814201
QT:/ccrcc/: 0.670361810 0.329638190 0.000000000
QT:/ccrcc/ccr: 0.000000000 0.550989816 0.449010184
QT:/ccrcc/crc: 0.000000000 0.765242747 0.234757253
QT:/ccrcc/crf: 0.000000000 0.126152919 0.873847081
QT:/ccrcf/: 0.518191193 0.481808807 0.000000000
QT:/ccrcf/cr: 0.000000000 0.365755813 0.634244187
QT:/crcc/: 0.999561859 0.000438141 0.000000000
QT:/crcc/ccr: 0.000000000 0.216257362 0.783742638
QT:/crcc/crc: 0.000000000 0.000000000 1.000000000
QT:/crcc/crf: 0.000000000 0.579111967 0.420888033
QT:/crfc/: 0.601304597 0.398695403 0.000000000
QT:/crfc/cr: 0.000000000 0.587757325 0.412242675
QT:/rcc/: 0.053393054 0.946606946 0.000000000
QT:/rcc/ccr: 0.000000000 0.386317709 0.613682291
QT:/rcc/crc: 0.000000000 0.121791899 0.878208101
QT:/rcc/crf: 0.000000000 0.000117917 0.999882083
QT:/rcf/: 0.317168332 0.682831668 0.000000000
QT:/rcf/cr: 0.000000000 0.151560189 0.848439811
QT:/rfc/: 0.425310041 0.574689959 0.000000000
QT:/rfc/cr: 0.000000000 0.161477313 0.838522687
T:/: 0.044060123 0.955939877 0.000000000
T:/ccr: 0.000000000 0.000000000 1.000000000
T:/crc: 0.000000000 0.000000000 1.000000000
T:/crf: 0.000000000 1.000000000 0.000000000
TA:/ccc/: 0.304540178 0.695459822 0.000000000
TA:/ccc/ccr: 0.000000000 0.410109229 0.589890771
TA:/ccc/crc: 0.000000000 0.310258117 0.689741883
TA:/ccc/crf: 0.000000000 0.437314471 0.562685529
TA:/ccrcc/: 0.643799629 0.356200371 0.000000000
TA:/ccrcc/ccr: 0.000000000 0.505309509 0.494690491
TA:/ccrcc/crc: 0.000000000 0.484096937 0.515903063
TA:/ccrcc/crf: 0.000000000 0.366491659 0.633508341
TA:/ccrcf/: 0.307494100 0.692505900 0.000000000
TA:/ccrcf/cr: 0.000000000 0.437707272 0.562292728
TA:/crcc/: 1.000000000 0.000000000 0.000000000
TA:/crcc/ccr: 0.000000000 0.448372557 0.551627443
TA:/crcc/crc: 0.000000000 0.049946614 0.950053386
TA:/crcc/crf: 0.000000000 0.000000000 1.000000000
TA:/crfc/: 0.088014318 0.911985682 0.000000000
TA:/crfc/cr: 0.000000000 0.443758056 0.556241944
TA:/rcc/: 0.000000000 1.000000000 0.000000000
TA:/rcc/ccr: 0.000000000 0.393605865 0.606394135
TA:/rcc/crc: 0.000000000 0.095214143 0.904785857
TA:/rcc/crf: 0.000000000 0.326043318 0.673956682
TA:/rcf/: 1.000000000 0.000000000 0.000000000
TA:/rcf/cr: 0.000000000 0.000000000 1.000000000
TA:/rfc/: 0.807741549 0.192258451 0.000000000
TA:/rfc/cr: 0.000000000 0.831029218 0.168970782
TJ:/ccc/: 0.183541278 0.816458722 0.000000000
TJ:/ccc/ccr: 0.000000000 0.604002303 0.395997697
TJ:/ccc/crc: 0.000000000 0.811355320 0.188644680
TJ:/ccc/crf: 0.000000000 0.854822234 0.145177766
TJ:/ccrcc/: 0.006996983 0.993003017 0.000000000
TJ:/ccrcc/ccr: 0.000000000 0.249344894 0.750655106
TJ:/ccrcc/crc: 0.000000000 0.234281441 0.765718559
TJ:/ccrcc/crf: 0.000000000 0.603785176 0.396214824
TJ:/ccrcf/: 0.967907614 0.032092386 0.000000000
TJ:/ccrcf/cr: 0.000000000 0.665171784 0.334828216
TJ:/crcc/: 0.443539207 0.556460793 0.000000000
TJ:/crcc/ccr: 0.000000000 0.423560516 0.576439484
TJ:/crcc/crc: 0.000000000 0.000000000 1.000000000
TJ:/crcc/crf: 0.000000000 0.000000000 1.000000000
TJ:/crfc/: 0.488188136 0.511811864 0.000000000
TJ:/crfc/cr: 0.000000000 0.445115033 0.554884967
TJ:/rcc/: 0.000028156 0.999971844 0.000000000
TJ:/rcc/ccr: 0.000000000 0.233021348 0.766978652
TJ:/rcc/crc: 0.000000000 0.334887005 0.665112995
TJ:/rcc/crf: 0.000000000 0.450938195 0.549061805
TJ:/rcf/: 0.999761790 0.000238210 0.000000000
TJ:/rcf/cr: 0.000000000 0.000000000 1.000000000
TJ:/rfc/: 0.458927173 0.541072827 0.000000000
TJ:/rfc/cr: 0.000000000 0.660719531 0.339280469
TK:/ccc/: 0.006393280 0.993606720 0.000000000
TK:/ccc/ccr: 0.000000000 0.434991040 0.565008960
TK:/ccc/crc: 0.000000000 0.635295189 0.364704811
TK:/ccc/crf: 0.000000000 0.411966573 0.588033427
TK:/ccrcc/: 0.000000000 1.000000000 0.000000000
TK:/ccrcc/ccr: 0.000000000 0.676532533 0.323467467
TK:/ccrcc/crc: 0.000000000 0.782879001 0.217120999
TK:/ccrcc/crf: 0.000000000 0.266819985 0.733180015
TK:/ccrcf/: 0.927425173 0.072574827 0.000000000
TK:/ccrcf/cr: 0.000000000 0.352382381 0.647617619
TK:/crcc/: 0.510151718 0.489848282 0.000000000
TK:/crcc/ccr: 0.000000000 0.379546229 0.620453771
TK:/crcc/crc: 0.000000000 0.162175606 0.837824394
TK:/crcc/crf: 0.000000000 0.000000000 1.000000000
TK:/crfc/: 0.566270006 0.433729994 0.000000000
TK:/crfc/cr: 0.000000000 0.437434316 0.562565684
TK:/rcc/: 0.486142888 0.513857112 0.000000000
TK:/rcc/ccr: 0.000000000 0.861016419 0.138983581
TK:/rcc/crc: 0.000000000 0.854561275 0.145438725
TK:/rcc/crf: 0.000000000 0.552797384 0.447202616
TK:/rcf/: 1.000000000 0.000000000 0.000000000
TK:/rcf/cr: 0.000000000 0.000000000 1.000000000
TK:/rfc/: 0.527860572 0.472139428 0.000000000
TK:/rfc/cr: 0.000000000 0.153136130 0.846863870
TQ:/ccc/: 0.345120099 0.654879901 0.000000000
TQ:/ccc/ccr: 0.000000000 0.610457299 0.389542701
TQ:/ccc/crc: 0.000000000 0.333454087 0.666545913
TQ:/ccc/crf: 0.000000000 0.571234219 0.428765781
TQ:/ccrcc/: 0.145412635 0.854587365 0.000000000
TQ:/ccrcc/ccr: 0.000000000 0.898902657 0.101097343
TQ:/ccrcc/crc: 0.000000000 0.762922880 0.237077120
TQ:/ccrcc/crf: 0.000000000 0.268318888 0.731681112
TQ:/ccrcf/: 0.515342675 0.484657325 0.000000000
TQ:/ccrcf/cr: 0.000000000 0.927432751 0.072567249
TQ:/crcc/: 0.531739098 0.468260902 0.000000000
TQ:/crcc/ccr: 0.000000000 0.863051551 0.136948449
TQ:/crcc/crc: 0.000000000 0.000000000 1.000000000
TQ:/crcc/crf: 0.000000000 0.000000000 1.000000000
TQ:/crfc/: 0.080673782 0.919326218 0.000000000
TQ:/crfc/cr: 0.000000000 0.716829504 0.283170496
TQ:/rcc/: 0.000000000 1.000000000 0.000000000
TQ:/rcc/ccr: 0.000000000 0.385500293 0.614499707
TQ:/rcc/crc: 0.000000000 0.460957046 0.539042954
TQ:/rcc/crf: 0.000000000 0.088294740 0.911705260
TQ:/rcf/: 1.000000000 0.000000000 0.000000000
TQ:/rcf/cr: 0.000000000 0.000000000 1.000000000
TQ:/rfc/: 0.961823692 0.038176308 0.000000000
TQ:/rfc/cr: 0.000000000 0.480132917 0.519867083
