A:/cc: 1.000000000 0.000000000 0.000000000
A:/cr: 0.000000000 1.000000000 0.000000000
A:/rc: 0.000000000 1.000000000 0.000000000
A:/rf: 0.000000000 0.089862619 0.910137381
AJ:/ccc/cc: 0.537761766 0.462238234 0.000000000
AJ:/ccc/cr: 0.000000000 1.000000000 0.000000000
AJ:/ccc/rc: 0.000000000 0.971166335 0.028833665
AJ:/ccc/rf: 0.000000000 0.641156952 0.358843048
AJ:/ccrcc/cc: 0.539250632 0.460749368 0.000000000
AJ:/ccrcc/cr: 0.000000000 0.935582666 0.064417334
AJ:/ccrcc/rc: 0.000000000 0.418748305 0.581251695
AJ:/ccrcc/rf: 0.000000000 0.697895652 0.302104348
AJ:/ccrcf/c: 0.355260370 0.644739630 0.000000000
AJ:/ccrcf/r: 0.000000000 0.842289327 0.157710673
AJ:/ccrfc/c: 0.835123735 0.164876265 0.000000000
AJ:/ccrfc/r: 0.000000000 0.978970735 0.021029265
AJ:/crcc/cc: 0.199569610 0.800430390 0.000000000
AJ:/crcc/cr: 0.000000000 0.854826028 0.145173972
AJ:/crcc/rc: 0.000000000 0.701725191 0.298274809
AJ:/crcc/rf: 0.000000000 0.514781719 0.485218281
AJ:/crcf/c: 1.000000000 0.000000000 0.000000000
AJ:/crcf/r: 0.000000000 1.000000000 0.000000000
AJ:/rcc/cc: 0.748437826 0.251562174 0.000000000
AJ:/rcc/cr: 0.000000000 0.934170484 0.065829516
AJ:/rcc/rc: 0.000000000 0.461044735 0.538955265
AJ:/rcc/rf: 0.000000000 0.343905922 0.656094078
AJ:/rfc/c: 0.637869224 0.362130776 0.000000000
AJ:/rfc/r: 0.000000000 0.561228983 0.438771017
AK:/ccc/cc: 0.449623999 0.550376001 0.000000000
AK:/ccc/cr: 0.000000000 1.000000000 0.000000000
AK:/ccc/rc: 0.000000000 1.000000000 0.000000000
AK:/ccc/rf: 0.000000000 0.576476360 0.423523640
AK:/ccrcc/cc: 0.357322811 0.642677189 0.000000000
AK:/ccrcc/cr: 0.000000000 0.950822613 0.049177387
AK:/ccrcc/rc: 0.000000000 0.566204656 0.433795344
AK:/ccrcc/rf: 0.000000000 0.613333407 0.386666593
AK:/ccrcf/c: 0.676645887 0.323354113 0.000000000
AK:/ccrcf/r: 0.000000000 0.692743716 0.307256284
AK:/ccrfc/c: 1.000000000 0.000000000 0.000000000
AK:/ccrfc/r: 0.000000000 0.995115946 0.004884054
AK:/crcc/cc: 0.160058841 0.839941159 0.000000000
AK:/crcc/cr: 0.000000000 0.629403244 0.370596756
AK:/crcc/rc: 0.000000000 0.166723388 0.833276612
AK:/crcc/rf: 0.000000000 0.527860572 0.472139428
AK:/crcf/c: 1.000000000 0.000000000 0.000000000
AK:/crcf/r: 0.000000000 1.000000000 0.000000000
AK:/rcc/cc: 0.445604325 0.554395675 0.000000000
AK:/rcc/cr: 0.000000000 1.000000000 0.000000000
AK:/rcc/rc: 0.000000000 1.000000000 0.000000000
AK:/rcc/rf: 0.000000000 0.607873387 0.392126613
AK:/rfc/c: 0.264147886 0.735852114 0.000000000
AK:/rfc/r: 0.000000000 0.297783247 0.702216753
AQ:/ccc/cc: 1.000000000 0.000000000 0.000000000
AQ:/ccc/cr: 0.000000000 1.000000000 0.000000000
AQ:/ccc/rc: 0.000000000 1.000000000 0.000000000
AQ:/ccc/rf: 0.000000000 0.859582544 0.140417456
AQ:/ccrcc/cc: 0.807491861 0.192508139 0.000000000
AQ:/ccrcc/cr: 0.000000000 0.945841911 0.054158089
AQ:/ccrcc/rc: 0.000000000 0.916149215 0.083850785
AQ:/ccrcc/rf: 0.000000000 0.406190137 0.593809863
AQ:/ccrcf/c: 0.968120637 0.031879363 0.000000000
AQ:/ccrcf/r: 0.000000000 0.665171784 0.334828216
AQ:/ccrfc/c: 0.951624614 0.048375386 0.000000000
AQ:/ccrfc/r: 0.000000000 1.000000000 0.000000000
AQ:/crcc/cc: 0.805045849 0.194954151 0.000000000
AQ:/crcc/cr: 0.000000000 0.442301848 0.557698152
AQ:/crcc/rc: 0.000000000 0.306304010 0.693695990
AQ:/crcc/rf: 0.000000000 0.552890574 0.447109426
AQ:/crcf/c: 1.000000000 0.000000000 0.000000000
AQ:/crcf/r: 0.000000000 1.000000000 0.000000000
AQ:/rcc/cc: 0.543687034 0.456312966 0.000000000
AQ:/rcc/cr: 0.000000000 0.896130522 0.103869478
AQ:/rcc/rc: 0.000000000 0.387652290 0.612347710
AQ:/rcc/rf: 0.000000000 0.649278470 0.350721530
AQ:/rfc/c: 0.006452159 0.993547841 0.000000000
AQ:/rfc/r: 0.000000000 0.746632883 0.253367117
AT:/ccc/cc: 1.000000000 0.000000000 0.000000000
AT:/ccc/cr: 0.000000000 1.000000000 0.000000000
AT:/ccc/rc: 0.000000000 0.969315621 0.030684379
AT:/ccc/rf: 0.000000000 0.363193190 0.636806810
AT:/ccrcc/cc: 0.675259314 0.324740686 0.000000000
AT:/ccrcc/cr: 0.000000000 0.772495189 0.227504811
AT:/ccrcc/rc: 0.000000000 0.601245750 0.398754250
AT:/ccrcc/rf: 0.000000000 0.461014447 0.538985553
AT:/ccrcf/c: 0.752947186 0.247052814 0.000000000
AT:/ccrcf/r: 0.000000000 0.579639310 0.420360690
AT:/ccrfc/c: 0.555971414 0.444028586 0.000000000
AT:/ccrfc/r: 0.000000000 1.000000000 0.000000000
AT:/crcc/cc: 0.392242510 0.607757490 0.000000000
AT:/crcc/cr: 0.000000000 0.376862469 0.623137531
AT:/crcc/rc: 0.000000000 0.716250483 0.283749517
AT:/crcc/rf: 0.000000000 0.813197820 0.186802180
AT:/crcf/c: 1.000000000 0.000000000 0.000000000
AT:/crcf/r: 0.000000000 1.000000000 0.000000000
AT:/rcc/cc: 0.326901276 0.673098724 0.000000000
AT:/rcc/cr: 0.000000000 1.000000000 0.000000000
AT:/rcc/rc: 0.000000000 0.964976522 0.035023478
AT:/rcc/rf: 0.000000000 0.121167331 0.878832669
AT:/rfc/c: 0.527286676 0.472713324 0.000000000
AT:/rfc/r: 0.000000000 0.735661871 0.264338129
J:/cc: 0.295944283 0.704055717 0.000000000
J:/cr: 0.000000000 0.999866914 0.000133086
J:/rc: 0.000000000 0.000402079 0.999597921
J:/rf: 0.000000000 0.492332156 0.507667844
JA:/ccc/cc: 0.648044626 0.351955374 0.000000000
JA:/ccc/cr: 0.000000000 0.277620644 0.722379356
JA:/ccc/rc: 0.000000000 0.000000000 1.000000000
JA:/ccc/rf: 0.000000000 0.323542473 0.676457527
JA:/ccrcc/cc: 0.268688351 0.731311649 0.000000000
JA:/ccrcc/cr: 0.000000000 0.774889465 0.225110535
JA:/ccrcc/rc: 0.000000000 0.768802042 0.231197958
JA:/ccrcc/rf: 0.000000000 0.621338113 0.378661887
JA:/ccrcf/c: 0.201667031 0.798332969 0.000000000
JA:/ccrcf/r: 0.000000000 0.681996865 0.318003135
JA:/ccrfc/c: 0.283713694 0.716286306 0.000000000
JA:/ccrfc/r: 0.000000000 0.267000231 0.732999769
JA:/crcc/cc: 0.167196679 0.832803321 0.000000000
JA:/crcc/cr: 0.000000000 0.412958380 0.587041620
JA:/crcc/rc: 0.000000000 0.553487176 0.446512824
JA:/crcc/rf: 0.000000000 0.332485713 0.667514287
JA:/crcf/c: 0.084934268 0.915065732 0.000000000
JA:/crcf/r: 0.000000000 0.051910148 0.948089852
JA:/rcc/cc: 0.365413955 0.634586045 0.000000000
JA:/rcc/cr: 0.000000000 0.429085706 0.570914294
JA:/rcc/rc: 0.000000000 0.113511907 0.886488093
JA:/rcc/rf: 0.000000000 0.692058840 0.307941160
JA:/rfc/c: 0.615753245 0.384246755 0.000000000
JA:/rfc/r: 0.000000000 0.505170230 0.494829770
JK:/ccc/cc: 0.451739920 0.548260080 0.000000000
JK:/ccc/cr: 0.000000000 0.286792067 0.713207933
JK:/ccc/rc: 0.000000000 0.428512701 0.571487299
JK:/ccc/rf: 0.000000000 0.498038281 0.501961719
JK:/ccrcc/cc: 0.456740522 0.543259478 0.000000000
JK:/ccrcc/cr: 0.000000000 0.367134097 0.632865903
JK:/ccrcc/rc: 0.000000000 0.451112713 0.548887287
JK:/ccrcc/rf: 0.000000000 0.428839818 0.571160182
JK:/ccrcf/c: 0.091560534 0.908439466 0.000000000
JK:/ccrcf/r: 0.000000000 0.909172686 0.090827314
JK:/ccrfc/c: 0.618496361 0.381503639 0.000000000
JK:/ccrfc/r: 0.000000000 0.322818309 0.677181691
JK:/crcc/cc: 0.369233837 0.630766163 0.000000000
JK:/crcc/cr: 0.000000000 0.274386276 0.725613724
JK:/crcc/rc: 0.000000000 0.239681458 0.760318542
JK:/crcc/rf: 0.000000000 0.670872615 0.329127385
JK:/crcf/c: 0.086329295 0.913670705 0.000000000
JK:/crcf/r: 0.000000000 0.000179954 0.999820046
JK:/rcc/cc: 0.264176280 0.735823720 0.000000000
JK:/rcc/cr: 0.000000000 0.000000000 1.000000000
JK:/rcc/rc: 0.000000000 0.255968542 0.744031458
JK:/rcc/rf: 0.000000000 0.316740463 0.683259537
JK:/rfc/c: 0.662313028 0.337686972 0.000000000
JK:/rfc/r: 0.000000000 0.592887373 0.407112627
JQ:/ccc/cc: 0.811749007 0.188250993 0.000000000
JQ:/ccc/cr: 0.000000000 0.406001696 0.593998304
JQ:/ccc/rc: 0.000000000 0.001871859 0.998128141
JQ:/ccc/rf: 0.000000000 0.817620688 0.182379312
JQ:/ccrcc/cc: 0.364712308 0.635287692 0.000000000
JQ:/ccrcc/cr: 0.000000000 0.163880030 0.836119970
JQ:/ccrcc/rc: 0.000000000 0.771462947 0.228537053
JQ:/ccrcc/rf: 0.000000000 0.796631212 0.203368788
JQ:/ccrcf/c: 0.907072965 0.092927035 0.000000000
JQ:/ccrcf/r: 0.000000000 0.336271567 0.663728433
JQ:/ccrfc/c: 0.452038085 0.547961915 0.000000000
JQ:/ccrfc/r: 0.000000000 0.382924150 0.617075850
JQ:/crcc/cc: 0.571902752 0.428097248 0.000000000
JQ:/crcc/cr: 0.000000000 0.617169966 0.382830034
JQ:/crcc/rc: 0.000000000 0.582903070 0.417096930
JQ:/crcc/rf: 0.000000000 0.651922468 0.348077532
JQ:/crcf/c: 0.250339253 0.749660747 0.000000000
JQ:/crcf/r: 0.000000000 0.000000000 1.000000000
JQ:/rcc/cc: 0.873193686 0.126806314 0.000000000
JQ:/rcc/cr: 0.000000000 0.360222042 0.639777958
JQ:/rcc/rc: 0.000000000 0.000000000 1.000000000
JQ:/rcc/rf: 0.000000000 0.527750384 0.472249616
JQ:/rfc/c: 0.235419778 0.764580222 0.000000000
JQ:/rfc/r: 0.000000000 0.522150941 0.477849059
JT:/ccc/cc: 0.811312841 0.188687159 0.000000000
JT:/ccc/cr: 0.000000000 0.390461930 0.609538070
JT:/ccc/rc: 0.000000000 0.492038478 0.507961522
JT:/ccc/rf: 0.000000000 0.337698747 0.662301253
JT:/ccrcc/cc: 0.848033133 0.151966867 0.000000000
JT:/ccrcc/cr: 0.000000000 0.352494779 0.647505221
JT:/ccrcc/rc: 0.000000000 0.683872835 0.316127165
JT:/ccrcc/rf: 0.000000000 0.713827375 0.286172625
JT:/ccrcf/c: 0.555734260 0.444265740 0.000000000
JT:/ccrcf/r: 0.000000000 0.139340978 0.860659022
JT:/ccrfc/c: 0.710362998 0.289637002 0.000000000
JT:/ccrfc/r: 0.000000000 0.016325569 0.983674431
JT:/crcc/cc: 0.568003417 0.431996583 0.000000000
JT:/crcc/cr: 0.000000000 0.634673872 0.365326128
JT:/crcc/rc: 0.000000000 0.535118193 0.464881807
JT:/crcc/rf: 0.000000000 0.345549676 0.654450324
JT:/crcf/c: 0.165849467 0.834150533 0.000000000
JT:/crcf/r: 0.000000000 0.117166630 0.882833370
JT:/rcc/cc: 1.000000000 0.000000000 0.000000000
JT:/rcc/cr: 0.000000000 0.000000000 1.000000000
JT:/rcc/rc: 0.000000000 0.000000000 1.000000000
JT:/rcc/rf: 0.000000000 0.168294803 0.831705197
JT:/rfc/c: 0.270034106 0.729965894 0.000000000
JT:/rfc/r: 0.000000000 0.524503909 0.475496091
K:/cc: 1.000000000 0.000000000 0.000000000
K:/cr: 0.000000000 1.000000000 0.000000000
K:/rc: 0.000000000 0.610617916 0.389382084
K:/rf: 0.000000000 0.521414072 0.478585928
KA:/ccc/cc: 0.525325575 0.474674425 0.000000000
KA:/ccc/cr: 0.000000000 1.000000000 0.000000000
KA:/ccc/rc: 0.000000000 1.000000000 0.000000000
KA:/ccc/rf: 0.000000000 0.741873127 0.258126873
KA:/ccrcc/cc: 0.528654080 0.471345920 0.000000000
KA:/ccrcc/cr: 0.000000000 0.574271756 0.425728244
KA:/ccrcc/rc: 0.000000000 0.613832560 0.386167440
KA:/ccrcc/rf: 0.000000000 0.047274798 0.952725202
KA:/ccrcf/c: 0.574962566 0.425037434 0.000000000
KA:/ccrcf/r: 0.000000000 0.651711500 0.348288500
KA:/ccrfc/c: 0.666150013 0.333849987 0.000000000
KA:/ccrfc/r: 0.000000000 1.000000000 0.000000000
KA:/crcc/cc: 0.547479177 0.452520823 0.000000000
KA:/crcc/cr: 0.000000000 0.825418203 0.174581797
KA:/crcc/rc: 0.000000000 0.846930165 0.153069835
KA:/crcc/rf: 0.000000000 0.807741549 0.192258451
KA:/crcf/c: 1.000000000 0.000000000 0.000000000
KA:/crcf/r: 0.000000000 1.000000000 0.000000000
KA:/rcc/cc: 0.414966116 0.585033884 0.000000000
KA:/rcc/cr: 0.000000000 0.913179922 0.086820078
KA:/rcc/rc: 0.000000000 0.431893636 0.568106364
KA:/rcc/rf: 0.000000000 0.386617452 0.613382548
KA:/rfc/c: 0.694761645 0.305238355 0.000000000
KA:/rfc/r: 0.000000000 0.912477626 0.087522374
KJ:/ccc/cc: 0.620415704 0.379584296 0.000000000
KJ:/ccc/cr: 0.000000000 0.718236500 0.281763500
KJ:/ccc/rc: 0.000000000 0.389171134 0.610828866
KJ:/ccc/rf: 0.000000000 0.295614925 0.704385075
KJ:/ccrcc/cc: 0.661638196 0.338361804 0.000000000
KJ:/ccrcc/cr: 0.000000000 0.382085188 0.617914812
KJ:/ccrcc/rc: 0.000000000 0.593553046 0.406446954
KJ:/ccrcc/rf: 0.000000000 0.279924526 0.720075474
KJ:/ccrcf/c: 0.719983498 0.280016502 0.000000000
KJ:/ccrcf/r: 0.000000000 0.393212736 0.606787264
KJ:/ccrfc/c: 0.813456014 0.186543986 0.000000000
KJ:/ccrfc/r: 0.000000000 0.775247310 0.224752690
KJ:/crcc/cc: 0.668960942 0.331039058 0.000000000
KJ:/crcc/cr: 0.000000000 0.447814926 0.552185074
KJ:/crcc/rc: 0.000000000 0.740834248 0.259165752
KJ:/crcc/rf: 0.000000000 0.208843962 0.791156038
KJ:/crcf/c: 0.506831610 0.493168390 0.000000000
KJ:/crcf/r: 0.000000000 0.666584856 0.333415144
KJ:/rcc/cc: 0.442186356 0.557813644 0.000000000
KJ:/rcc/cr: 0.000000000 0.407603157 0.592396843
KJ:/rcc/rc: 0.000000000 0.289118757 0.710881243
KJ:/rcc/rf: 0.000000000 0.347832831 0.652167169
KJ:/rfc/c: 0.778394444 0.221605556 0.000000000
KJ:/rfc/r: 0.000000000 0.441005860 0.558994140
KQ:/ccc/cc: 0.646306940 0.353693060 0.000000000
KQ:/ccc/cr: 0.000000000 0.837145776 0.162854224
KQ:/ccc/rc: 0.000000000 0.883736932 0.116263068
KQ:/ccc/rf: 0.000000000 0.742254911 0.257745089
KQ:/ccrcc/cc: 0.154957114 0.845042886 0.000000000
KQ:/ccrcc/cr: 0.000000000 0.729134597 0.270865403
KQ:/ccrcc/rc: 0.000000000 0.014671590 0.985328410
KQ:/ccrcc/rf: 0.000000000 0.492235729 0.507764271
KQ:/ccrcf/c: 0.482230479 0.517769521 0.000000000
KQ:/ccrcf/r: 0.000000000 0.552069761 0.447930239
KQ:/ccrfc/c: 0.637114634 0.362885366 0.000000000
KQ:/ccrfc/r: 0.000000000 0.666839735 0.333160265
KQ:/crcc/cc: 0.319141063 0.680858937 0.000000000
KQ:/crcc/cr: 0.000000000 0.962686701 0.037313299
KQ:/crcc/rc: 0.000000000 0.686913781 0.313086219
KQ:/crcc/rf: 0.000000000 0.882463346 0.117536654
KQ:/crcf/c: 0.142660421 0.857339579 0.000000000
KQ:/crcf/r: 0.000000000 0.666949130 0.333050870
KQ:/rcc/cc: 0.370198534 0.629801466 0.000000000
KQ:/rcc/cr: 0.000000000 0.183169234 0.816830766
KQ:/rcc/rc: 0.000000000 0.457485360 0.542514640
KQ:/rcc/rf: 0.000000000 0.773396884 0.226603116
KQ:/rfc/c: 0.478057257 0.521942743 0.000000000
KQ:/rfc/r: 0.000000000 0.935930284 0.064069716
KT:/ccc/cc: 0.608510975 0.391489025 0.000000000
KT:/ccc/cr: 0.000000000 0.768953100 0.231046900
KT:/ccc/rc: 0.000000000 0.870764197 0.129235803
KT:/ccc/rf: 0.000000000 0.011992708 0.988007292
KT:/ccrcc/cc: 0.032304793 0.967695207 0.000000000
KT:/ccrcc/cr: 0.000000000 0.950374683 0.049625317
KT:/ccrcc/rc: 0.000000000 0.345329571 0.654670429
KT:/ccrcc/rf: 0.000000000 0.508549151 0.491450849
KT:/ccrcf/c: 0.769083850 0.230916150 0.000000000
KT:/ccrcf/r: 0.000000000 0.509000267 0.490999733
KT:/ccrfc/c: 0.755666192 0.244333808 0.000000000
KT:/ccrfc/r: 0.000000000 0.667557284 0.332442716
KT:/crcc/cc: 0.951970315 0.048029685 0.000000000
KT:/crcc/cr: 0.000000000 0.932150834 0.067849166
KT:/crcc/rc: 0.000000000 0.737719693 0.262280307
KT:/crcc/rf: 0.000000000 0.473577474 0.526422526
KT:/crcf/c: 0.123144205 0.876855795 0.000000000
KT:/crcf/r: 0.000000000 0.666551308 0.333448692
KT:/rcc/cc: 0.086933493 0.913066507 0.000000000
KT:/rcc/cr: 0.000000000 0.076107255 0.923892745
KT:/rcc/rc: 0.000000000 0.097688883 0.902311117
KT:/rcc/rf: 0.000000000 0.518905179 0.481094821
KT:/rfc/c: 0.435263179 0.564736821 0.000000000
KT:/rfc/r: 0.000000000 0.741445274 0.258554726
Q:/cc: 1.000000000 0.000000000 0.000000000
Q:/cr: 0.000000000 1.000000000 0.000000000
Q:/rc: 0.000000000 0.000000000 1.000000000
Q:/rf: 0.000000000 0.640805938 0.359194062
QA:/ccc/cc: 0.715762686 0.284237314 0.000000000
QA:/ccc/cr: 0.000000000 0.902408405 0.097591595
QA:/ccc/rc: 0.000000000 0.403738439 0.596261561
QA:/ccc/rf: 0.000000000 0.556166295 0.443833705
QA:/ccrcc/cc: 0.954747301 0.045252699 0.000000000
QA:/ccrcc/cr: 0.000000000 0.484087338 0.515912662
QA:/ccrcc/rc: 0.000000000 0.657444535 0.342555465
QA:/ccrcc/rf: 0.000000000 0.458927173 0.541072827
QA:/ccrcf/c: 0.382586089 0.617413911 0.000000000
QA:/ccrcf/r: 0.000000000 0.579381030 0.420618970
QA:/ccrfc/c: 0.416450423 0.583549577 0.000000000
QA:/ccrfc/r: 0.000000000 0.667223574 0.332776426
QA:/crcc/cc: 0.690478477 0.309521523 0.000000000
QA:/crcc/cr: 0.000000000 0.757865284 0.242134716
QA:/crcc/rc: 0.000000000 0.437277979 0.562722021
QA:/crcc/rf: 0.000000000 0.594135148 0.405864852
QA:/crcf/c: 0.292829160 0.707170840 0.000000000
QA:/crcf/r: 0.000000000 1.000000000 0.000000000
QA:/rcc/cc: 0.012549896 0.987450104 0.000000000
QA:/rcc/cr: 0.000000000 0.392436890 0.607563110
QA:/rcc/rc: 0.000000000 0.659588726 0.340411274
QA:/rcc/rf: 0.000000000 0.699724316 0.300275684
QA:/rfc/c: 0.510807666 0.489192334 0.000000000
QA:/rfc/r: 0.000000000 0.629390073 0.370609927
QJ:/ccc/cc: 0.677870344 0.322129656 0.000000000
QJ:/ccc/cr: 0.000000000 0.199431920 0.800568080
QJ:/ccc/rc: 0.000000000 0.163277109 0.836722891
QJ:/ccc/rf: 0.000000000 0.386148837 0.613851163
QJ:/ccrcc/cc: 0.604265230 0.395734770 0.000000000
QJ:/ccrcc/cr: 0.000000000 0.662334744 0.337665256
QJ:/ccrcc/rc: 0.000000000 0.345938679 0.654061321
QJ:/ccrcc/rf: 0.000000000 0.853585553 0.146414447
QJ:/ccrcf/c: 0.546217159 0.453782841 0.000000000
QJ:/ccrcf/r: 0.000000000 0.193211769 0.806788231
QJ:/ccrfc/c: 0.313193842 0.686806158 0.000000000
QJ:/ccrfc/r: 0.000000000 0.382256678 0.617743322
QJ:/crcc/cc: 0.566848155 0.433151845 0.000000000
QJ:/crcc/cr: 0.000000000 0.764220891 0.235779109
QJ:/crcc/rc: 0.000000000 0.177282872 0.822717128
QJ:/crcc/rf: 0.000000000 0.550042603 0.449957397
QJ:/crcf/c: 0.095458249 0.904541751 0.000000000
QJ:/crcf/r: 0.000000000 0.000000000 1.000000000
QJ:/rcc/cc: 0.124403099 0.875596901 0.000000000
QJ:/rcc/cr: 0.000000000 0.000000000 1.000000000
QJ:/rcc/rc: 0.000000000 0.000000000 1.000000000
QJ:/rcc/rf: 0.000000000 0.067742975 0.932257025
QJ:/rfc/c: 0.037064909 0.962935091 0.000000000
QJ:/rfc/r: 0.000000000 0.360150515 0.639849485
QK:/ccc/cc: 0.188516886 0.811483114 0.000000000
QK:/ccc/cr: 0.000000000 1.000000000 0.000000000
QK:/ccc/rc: 0.000000000 0.630077376 0.369922624
QK:/ccc/rf: 0.000000000 0.623172278 0.376827722
QK:/ccrcc/cc: 0.148471999 0.851528001 0.000000000
QK:/ccrcc/cr: 0.000000000 0.757755863 0.242244137
QK:/ccrcc/rc: 0.000000000 0.379589462 0.620410538
QK:/ccrcc/rf: 0.000000000 0.963036193 0.036963807
QK:/ccrcf/c: 0.511016241 0.488983759 0.000000000
QK:/ccrcf/r: 0.000000000 0.383990369 0.616009631
QK:/ccrfc/c: 0.241677939 0.758322061 0.000000000
QK:/ccrfc/r: 0.000000000 0.678585843 0.321414157
QK:/crcc/cc: 0.170378080 0.829621920 0.000000000
QK:/crcc/cr: 0.000000000 0.266512864 0.733487136
QK:/crcc/rc: 0.000000000 0.574192472 0.425807528
QK:/crcc/rf: 0.000000000 0.716703575 0.283296425
QK:/crcf/c: 0.484805059 0.515194941 0.000000000
QK:/crcf/r: 0.000000000 0.954506810 0.045493190
QK:/rcc/cc: 0.833946869 0.166053131 0.000000000
QK:/rcc/cr: 0.000000000 0.082405902 0.917594098
QK:/rcc/rc: 0.000000000 0.307412219 0.692587781
QK:/rcc/rf: 0.000000000 0.465799342 0.534200658
QK:/rfc/c: 0.652293059 0.347706941 0.000000000
QK:/rfc/r: 0.000000000 0.357173568 0.642826432
QT:/ccc/cc: 0.432013983 0.567986017 0.000000000
QT:/ccc/cr: 0.000000000 0.670330093 0.329669907
QT:/ccc/rc: 0.000000000 0.000000000 1.000000000
QT:/ccc/rf: 0.000000000 0.625540163 0.374459837
QT:/ccrcc/cc: 0.586206629 0.413793371 0.000000000
QT:/ccrcc/cr: 0.000000000 0.270736390 0.729263610
QT:/ccrcc/rc: 0.000000000 0.970852551 0.029147449
QT:/ccrcc/rf: 0.000000000 0.434535314 0.565464686
QT:/ccrcf/c: 0.052704852 0.947295148 0.000000000
QT:/ccrcf/r: 0.000000000 0.441940994 0.558059006
QT:/ccrfc/c: 0.093521703 0.906478297 0.000000000
QT:/ccrfc/r: 0.000000000 0.385746145 0.614253855
QT:/crcc/cc: 0.694408527 0.305591473 0.000000000
QT:/crcc/cr: 0.000000000 0.470973129 0.529026871
QT:/crcc/rc: 0.000000000 0.309181812 0.690818188
QT:/crcc/rf: 0.000000000 0.684859679 0.315140321
QT:/crcf/c: 0.248654470 0.751345530 0.000000000
QT:/crcf/r: 0.000000000 0.249429758 0.750570242
QT:/rcc/cc: 0.923362118 0.076637882 0.000000000
QT:/rcc/cr: 0.000000000 0.000000000 1.000000000
QT:/rcc/rc: 0.000000000 0.000000000 1.000000000
QT:/rcc/rf: 0.000000000 0.743353901 0.256646099
QT:/rfc/c: 0.931048145 0.068951855 0.000000000
QT:/rfc/r: 0.000000000 0.250076433 0.749923567
T:/cc: 0.195665007 0.804334993 0.000000000
T:/cr: 0.000000000 0.420594876 0.579405124
T:/rc: 0.000000000 0.000636739 0.999363261
T:/rf: 0.000000000 0.536722288 0.463277712
TA:/ccc/cc: 0.070886694 0.929113306 0.000000000
TA:/ccc/cr: 0.000000000 0.714361461 0.285638539
TA:/ccc/rc: 0.000000000 0.373986150 0.626013850
TA:/ccc/rf: 0.000000000 0.498791444 0.501208556
TA:/ccrcc/cc: 0.279875412 0.720124588 0.000000000
TA:/ccrcc/cr: 0.000000000 0.649237360 0.350762640
TA:/ccrcc/rc: 0.000000000 0.890415587 0.109584413
TA:/ccrcc/rf: 0.000000000 0.227957827 0.772042173
TA:/ccrcf/c: 0.355481091 0.644518909 0.000000000
TA:/ccrcf/r: 0.000000000 0.541821343 0.458178657
TA:/ccrfc/c: 1.000000000 0.000000000 0.000000000
TA:/ccrfc/r: 0.000000000 0.132104288 0.867895712
TA:/crcc/cc: 0.152123059 0.847876941 0.000000000
TA:/crcc/cr: 0.000000000 0.791547590 0.208452410
TA:/crcc/rc: 0.000000000 0.468241629 0.531758371
TA:/crcc/rf: 0.000000000 0.432059956 0.567940044
TA:/crcf/c: 0.621377065 0.378622935 0.000000000
TA:/crcf/r: 0.000000000 0.090497955 0.909502045
TA:/rcc/cc: 1.000000000 0.000000000 0.000000000
TA:/rcc/cr: 0.000000000 0.352172580 0.647827420
TA:/rcc/rc: 0.000000000 0.103376517 0.896623483
TA:/rcc/rf: 0.000000000 0.259949108 0.740050892
TA:/rfc/c: 0.343256322 0.656743678 0.000000000
TA:/rfc/r: 0.000000000 0.655751083 0.344248917
TJ:/ccc/cc: 0.303467892 0.696532108 0.000000000
TJ:/ccc/cr: 0.000000000 0.869241102 0.130758898
TJ:/ccc/rc: 0.000000000 0.412562112 0.587437888
TJ:/ccc/rf: 0.000000000 0.647022003 0.352977997
TJ:/ccrcc/cc: 0.051377734 0.948622266 0.000000000
TJ:/ccrcc/cr: 0.000000000 0.918190002 0.081809998
TJ:/ccrcc/rc: 0.000000000 0.179094897 0.820905103
TJ:/ccrcc/rf: 0.000000000 0.186069813 0.813930187
TJ:/ccrcf/c: 0.448635804 0.551364196 0.000000000
TJ:/ccrcf/r: 0.000000000 0.766480808 0.233519192
TJ:/ccrfc/c: 0.382934214 0.617065786 0.000000000
TJ:/ccrfc/r: 0.000000000 0.273307466 0.726692534
TJ:/crcc/cc: 0.444842539 0.555157461 0.000000000
TJ:/crcc/cr: 0.000000000 0.000000000 1.000000000
TJ:/crcc/rc: 0.000000000 0.455254257 0.544745743
TJ:/crcc/rf: 0.000000000 0.833587564 0.166412436
TJ:/crcf/c: 0.726892387 0.273107613 0.000000000
TJ:/crcf/r: 0.000000000 0.050577958 0.949422042
TJ:/rcc/cc: 1.000000000 0.000000000 0.000000000
TJ:/rcc/cr: 0.000000000 0.000000000 1.000000000
TJ:/rcc/rc: 0.000000000 0.263789198 0.736210802
TJ:/rcc/rf: 0.000000000 0.582011783 0.417988217
TJ:/rfc/c: 0.335001447 0.664998553 0.000000000
TJ:/rfc/r: 0.000000000 0.612215381 0.387784619
TK:/ccc/cc: 0.446745306 0.553254694 0.000000000
TK:/ccc/cr: 0.000000000 0.154187118 0.845812882
TK:/ccc/rc: 0.000000000 0.000000000 1.000000000
TK:/ccc/rf: 0.000000000 0.425310041 0.574689959
TK:/ccrcc/cc: 0.337981876 0.662018124 0.000000000
TK:/ccrcc/cr: 0.000000000 0.673385180 0.326614820
TK:/ccrcc/rc: 0.000000000 0.656490719 0.343509281
TK:/ccrcc/rf: 0.000000000 0.335034964 0.664965036
TK:/ccrcf/c: 0.098286873 0.901713127 0.000000000
TK:/ccrcf/r: 0.000000000 0.550700658 0.449299342
TK:/ccrfc/c: 1.000000000 0.000000000 0.000000000
TK:/ccrfc/r: 0.000000000 0.308398073 0.691601927
TK:/crcc/cc: 0.011784154 0.988215846 0.000000000
TK:/crcc/cr: 0.000000000 0.257843104 0.742156896
TK:/crcc/rc: 0.000000000 0.691295853 0.308704147
TK:/crcc/rf: 0.000000000 0.679002830 0.320997170
TK:/crcf/c: 0.617748467 0.382251533 0.000000000
TK:/crcf/r: 0.000000000 0.000000000 1.000000000
TK:/rcc/cc: 0.329092759 0.670907241 0.000000000
TK:/rcc/cr: 0.000000000 0.085060167 0.914939833
TK:/rcc/rc: 0.000000000 0.182359026 0.817640974
TK:/rcc/rf: 0.000000000 0.650279189 0.349720811
TK:/rfc/c: 0.241117034 0.758882966 0.000000000
TK:/rfc/r: 0.000000000 0.888413386 0.111586614
TQ:/ccc/cc: 0.327223700 0.672776300 0.000000000
TQ:/ccc/cr: 0.000000000 0.313707032 0.686292968
TQ:/ccc/rc: 0.000000000 0.818038347 0.181961653
TQ:/ccc/rf: 0.000000000 0.803565272 0.196434728
TQ:/ccrcc/cc: 0.344014785 0.655985215 0.000000000
TQ:/ccrcc/cr: 0.000000000 0.459888872 0.540111128
TQ:/ccrcc/rc: 0.000000000 0.836452030 0.163547970
TQ:/ccrcc/rf: 0.000000000 0.621367752 0.378632248
TQ:/ccrcf/c: 0.548810034 0.451189966 0.000000000
TQ:/ccrcf/r: 0.000000000 0.415795381 0.584204619
TQ:/ccrfc/c: 0.968684416 0.031315584 0.000000000
TQ:/ccrfc/r: 0.000000000 0.765949023 0.234050977
TQ:/crcc/cc: 0.361042566 0.638957434 0.000000000
TQ:/crcc/cr: 0.000000000 0.213179064 0.786820936
TQ:/crcc/rc: 0.000000000 0.876130199 0.123869801
TQ:/crcc/rf: 0.000000000 0.940840080 0.059159920
TQ:/crcf/c: 0.169183446 0.830816554 0.000000000
TQ:/crcf/r: 0.000000000 0.000000000 1.000000000
TQ:/rcc/cc: 1.000000000 0.000000000 0.000000000
TQ:/rcc/cr: 0.000000000 0.000000000 1.000000000
TQ:/rcc/rc: 0.000000000 0.049324665 0.950675335
TQ:/rcc/rf: 0.000000000 0.444147494 0.555852506
TQ:/rfc/c: 0.347164075 0.652835925 0.000000000
TQ:/rfc/r: 0.000000000 0.841571602 0.158428398
