A:/: 1.000000000 0.000000000 0.000000000
A:/ccr: 0.000000000 1.000000000 0.000000000
A:/crc: 0.000000000 1.000000000 0.000000000
A:/crf: 0.000000000 1.000000000 0.000000000
AA:/ccc/: 0.998443468 0.001556532 0.000000000
AA:/ccc/ccr: 0.000000000 0.556660386 0.443339614
AA:/ccc/crc: 0.000000000 1.000000000 0.000000000
AA:/ccc/crf: 0.000000000 1.000000000 0.000000000
AA:/ccrcc/: 0.635963203 0.364036797 0.000000000
AA:/ccrcc/ccr: 0.000000000 0.593730738 0.406269262
AA:/ccrcc/crc: 0.000000000 0.761536638 0.238463362
AA:/ccrcc/crf: 0.000000000 1.000000000 0.000000000
AA:/ccrcf/: 0.640585760 0.359414240 0.000000000
AA:/ccrcf/cr: 0.000000000 0.460730834 0.539269166
AA:/crcc/: 0.636784963 0.363215037 0.000000000
AA:/crcc/ccr: 0.000000000 0.721793574 0.278206426
AA:/crcc/crc: 0.000000000 1.000000000 0.000000000
AA:/crcc/crf: 0.000000000 1.000000000 0.000000000
AA:/crfc/: 0.805307782 0.194692218 0.000000000
AA:/crfc/cr: 0.000000000 1.000000000 0.000000000
AA:/rcc/: 1.000000000 0.000000000 0.000000000
AA:/rcc/ccr: 0.000000000 0.778387714 0.221612286
AA:/rcc/crc: 0.000000000 0.815962012 0.184037988
AA:/rcc/crf: 0.000000000 1.000000000 0.000000000
AA:/rcf/: 0.667069347 0.332930653 0.000000000
AA:/rcf/cr: 0.000000000 1.000000000 0.000000000
AA:/rfc/: 0.451025837 0.548974163 0.000000000
AA:/rfc/cr: 0.000000000 0.746897084 0.253102916
AJ:/ccc/: 0.587535614 0.412464386 0.000000000
AJ:/ccc/ccr: 0.000000000 0.640003579 0.359996421
AJ:/ccc/crc: 0.000000000 0.724915794 0.275084206
AJ:/ccc/crf: 0.000000000 1.000000000 0.000000000
AJ:/ccrcc/: 0.449253786 0.550746214 0.000000000
AJ:/ccrcc/ccr: 0.000000000 0.540318468 0.459681532
AJ:/ccrcc/crc: 0.000000000 0.184368919 0.815631081
AJ:/ccrcc/crf: 0.000000000 1.000000000 0.000000000
AJ:/ccrcf/: 0.572784220 0.427215780 0.000000000
AJ:/ccrcf/cr: 0.000000000 0.182889418 0.817110582
AJ:/crcc/: 0.999977911 0.000022089 0.000000000
AJ:/crcc/ccr: 0.000000000 0.692553193 0.307446807
AJ:/crcc/crc: 0.000000000 1.000000000 0.000000000
AJ:/crcc/crf: 0.000000000 0.814020589 0.185979411
AJ:/crfc/: 0.639137567 0.360862433 0.000000000
AJ:/crfc/cr: 0.000000000 1.000000000 0.000000000
AJ:/rcc/: 0.448566274 0.551433726 0.000000000
AJ:/rcc/ccr: 0.000000000 0.835146779 0.164853221
AJ:/rcc/crc: 0.000000000 0.557195812 0.442804188
AJ:/rcc/crf: 0.000000000 0.989954362 0.010045638
AJ:/rcf/: 0.845542551 0.154457449 0.000000000
AJ:/rcf/cr: 0.000000000 1.000000000 0.000000000
AJ:/rfc/: 0.626536044 0.373463956 0.000000000
AJ:/rfc/cr: 0.000000000 0.113048362 0.886951638
AK:/ccc/: 0.977014377 0.022985623 0.000000000
AK:/ccc/ccr: 0.000000000 0.512756253 0.487243747
AK:/ccc/crc: 0.000000000 0.702649297 0.297350703
AK:/ccc/crf: 0.000000000 0.999972913 0.000027087
AK:/ccrcc/: 0.237238931 0.762761069 0.000000000
AK:/ccrcc/ccr: 0.000000000 0.691610281 0.308389719
AK:/ccrcc/crc: 0.000000000 0.825977195 0.174022805
AK:/ccrcc/crf: 0.000000000 0.999996363 0.000003637
AK:/ccrcf/: 0.205490499 0.794509501 0.000000000
AK:/ccrcf/cr: 0.000000000 0.549797786 0.450202214
AK:/crcc/: 0.756530961 0.243469039 0.000000000
AK:/crcc/ccr: 0.000000000 0.343179168 0.656820832
AK:/crcc/crc: 0.000000000 0.939202029 0.060797971
AK:/crcc/crf: 0.000000000 1.000000000 0.000000000
AK:/crfc/: 0.888178434 0.111821566 0.000000000
AK:/crfc/cr: 0.000000000 1.000000000 0.000000000
AK:/rcc/: 0.550821919 0.449178081 0.000000000
AK:/rcc/ccr: 0.000000000 0.610308217 0.389691783
AK:/rcc/crc: 0.000000000 0.601765766 0.398234234
AK:/rcc/crf: 0.000000000 1.000000000 0.000000000
AK:/rcf/: 0.864186010 0.135813990 0.000000000
AK:/rcf/cr: 0.000000000 1.000000000 0.000000000
AK:/rfc/: 0.545736600 0.454263400 0.000000000
AK:/rfc/cr: 0.000000000 0.464251554 0.535748446
AQ:/ccc/: 0.795024532 0.204975468 0.000000000
AQ:/ccc/ccr: 0.000000000 0.655940552 0.344059448
AQ:/ccc/crc: 0.000000000 0.762285310 0.237714690
AQ:/ccc/crf: 0.000000000 0.851817383 0.148182617
AQ:/ccrcc/: 0.979998097 0.020001903 0.000000000
AQ:/ccrcc/ccr: 0.000000000 0.598647525 0.401352475
AQ:/ccrcc/crc: 0.000000000 0.595674203 0.404325797
AQ:/ccrcc/crf: 0.000000000 1.000000000 0.000000000
AQ:/ccrcf/: 0.599346310 0.400653690 0.000000000
AQ:/ccrcf/cr: 0.000000000 0.241939144 0.758060856
AQ:/crcc/: 0.782444825 0.217555175 0.000000000
AQ:/crcc/ccr: 0.000000000 1.000000000 0.000000000
AQ:/crcc/crc: 0.000000000 1.000000000 0.000000000
AQ:/crcc/crf: 0.000000000 1.000000000 0.000000000
AQ:/crfc/: 0.966609035 0.033390965 0.000000000
AQ:/crfc/cr: 0.000000000 1.000000000 0.000000000
AQ:/rcc/: 0.786558237 0.213441763 0.000000000
AQ:/rcc/ccr: 0.000000000 1.000000000 0.000000000
AQ:/rcc/crc: 0.000000000 0.425186195 0.574813805
AQ:/rcc/crf: 0.000000000 0.999967789 0.000032211
AQ:/rcf/: 0.979680135 0.020319865 0.000000000
AQ:/rcf/cr: 0.000000000 1.000000000 0.000000000
AQ:/rfc/: 0.757503626 0.242496374 0.000000000
AQ:/rfc/cr: 0.000000000 0.889359040 0.110640960
J:/: 0.999810506 0.000189494 0.000000000
J:/ccr: 0.000000000 0.372453179 0.627546821
J:/crc: 0.000000000 0.000000000 1.000000000
J:/crf: 0.000000000 1.000000000 0.000000000
JA:/ccc/: 0.999426389 0.000573611 0.000000000
JA:/ccc/ccr: 0.000000000 1.000000000 0.000000000
JA:/ccc/crc: 0.000000000 0.336915181 0.663084819
JA:/ccc/crf: 0.000000000 0.000000000 1.000000000
JA:/ccrcc/: 0.497801520 0.502198480 0.000000000
JA:/ccrcc/ccr: 0.000000000 0.467646881 0.532353119
JA:/ccrcc/crc: 0.000000000 0.511412725 0.488587275
JA:/ccrcc/crf: 0.000000000 0.731386037 0.268613963
JA:/ccrcf/: 0.084517304 0.915482696 0.000000000
JA:/ccrcf/cr: 0.000000000 0.432113235 0.567886765
JA:/crcc/: 0.056881971 0.943118029 0.000000000
JA:/crcc/ccr: 0.000000000 0.418473248 0.581526752
JA:/crcc/crc: 0.000000000 0.267338727 0.732661273
JA:/crcc/crf: 0.000000000 0.368656248 0.631343752
JA:/crfc/: 0.877734097 0.122265903 0.000000000
JA:/crfc/cr: 0.000000000 0.428223328 0.571776672
JA:/rcc/: 0.481648308 0.518351692 0.000000000
JA:/rcc/ccr: 0.000000000 0.181050490 0.818949510
JA:/rcc/crc: 0.000000000 0.579738024 0.420261976
JA:/rcc/crf: 0.000000000 0.505566354 0.494433646
JA:/rcf/: 0.369811511 0.630188489 0.000000000
JA:/rcf/cr: 0.000000000 0.000000000 1.000000000
JA:/rfc/: 0.379150071 0.620849929 0.000000000
JA:/rfc/cr: 0.000000000 0.630361565 0.369638435
JJ:/ccc/: 0.562568243 0.437431757 0.000000000
JJ:/ccc/ccr: 0.000000000 0.618907682 0.381092318
JJ:/ccc/crc: 0.000000000 0.731938624 0.268061376
JJ:/ccc/crf: 0.000000000 0.924099092 0.075900908
JJ:/ccrcc/: 0.382697458 0.617302542 0.000000000
JJ:/ccrcc/ccr: 0.000000000 0.599501999 0.400498001
JJ:/ccrcc/crc: 0.000000000 0.862690500 0.137309500
JJ:/ccrcc/crf: 0.000000000 0.904782023 0.095217977
JJ:/ccrcf/: 0.141955407 0.858044593 0.000000000
JJ:/ccrcf/cr: 0.000000000 0.468220820 0.531779180
JJ:/crcc/: 0.714215385 0.285784615 0.000000000
JJ:/crcc/ccr: 0.000000000 0.557277821 0.442722179
JJ:/crcc/crc: 0.000000000 1.000000000 0.000000000
JJ:/crcc/crf: 0.000000000 1.000000000 0.000000000
JJ:/crfc/: 0.999999986 0.000000014 0.000000000
JJ:/crfc/cr: 0.000000000 1.000000000 0.000000000
JJ:/rcc/: 0.974949559 0.025050441 0.000000000
JJ:/rcc/ccr: 0.000000000 1.000000000 0.000000000
JJ:/rcc/crc: 0.000000000 1.000000000 0.000000000
JJ:/rcc/crf: 0.000000000 1.000000000 0.000000000
JJ:/rcf/: 0.311336928 0.688663072 0.000000000
JJ:/rcf/cr: 0.000000000 1.000000000 0.000000000
JJ:/rfc/: 0.736797237 0.263202763 0.000000000
JJ:/rfc/cr: 0.000000000 0.434288621 0.565711379
JK:/ccc/: 0.697183367 0.302816633 0.000000000
JK:/ccc/ccr: 0.000000000 0.451071571 0.548928429
JK:/ccc/crc: 0.000000000 0.541329257 0.458670743
JK:/ccc/crf: 0.000000000 0.571142397 0.428857603
JK:/ccrcc/: 0.713119965 0.286880035 0.000000000
JK:/ccrcc/ccr: 0.000000000 0.726364684 0.273635316
JK:/ccrcc/crc: 0.000000000 0.372200252 0.627799748
JK:/ccrcc/crf: 0.000000000 0.393875477 0.606124523
JK:/ccrcf/: 0.692947596 0.307052404 0.000000000
JK:/ccrcf/cr: 0.000000000 0.526331077 0.473668923
JK:/crcc/: 0.774485744 0.225514256 0.000000000
JK:/crcc/ccr: 0.000000000 0.784830625 0.215169375
JK:/crcc/crc: 0.000000000 0.266042857 0.733957143
JK:/crcc/crf: 0.000000000 0.536371590 0.463628410
JK:/crfc/: 0.490586053 0.509413947 0.000000000
JK:/crfc/cr: 0.000000000 0.298306414 0.701693586
JK:/rcc/: 0.476538990 0.523461010 0.000000000
JK:/rcc/ccr: 0.000000000 0.463554816 0.536445184
JK:/rcc/crc: 0.000000000 0.365971072 0.634028928
JK:/rcc/crf: 0.000000000 0.000000000 1.000000000
JK:/rcf/: 0.328086720 0.671913280 0.000000000
JK:/rcf/cr: 0.000000000 0.224187867 0.775812133
JK:/rfc/: 0.643753326 0.356246674 0.000000000
JK:/rfc/cr: 0.000000000 0.867303283 0.132696717
JQ:/ccc/: 0.396937924 0.603062076 0.000000000
JQ:/ccc/ccr: 0.000000000 0.481515256 0.518484744
JQ:/ccc/crc: 0.000000000 0.325885725 0.674114275
JQ:/ccc/crf: 0.000000000 0.068318406 0.931681594
JQ:/ccrcc/: 1.000000000 0.000000000 0.000000000
JQ:/ccrcc/ccr: 0.000000000 0.640112986 0.359887014
JQ:/ccrcc/crc: 0.000000000 0.395600718 0.604399282
JQ:/ccrcc/crf: 0.000000000 0.652394255 0.347605745
JQ:/ccrcf/: 0.583583811 0.416416189 0.000000000
JQ:/ccrcf/cr: 0.000000000 0.924964880 0.075035120
JQ:/crcc/: 0.463176767 0.536823233 0.000000000
JQ:/crcc/ccr: 0.000000000 0.999991230 0.000008770
JQ:/crcc/crc: 0.000000000 0.099392113 0.900607887
JQ:/crcc/crf: 0.000000000 0.337474298 0.662525702
JQ:/crfc/: 0.355500064 0.644499936 0.000000000
JQ:/crfc/cr: 0.000000000 0.434897233 0.565102767
JQ:/rcc/: 0.545182540 0.454817460 0.000000000
JQ:/rcc/ccr: 0.000000000 0.318981017 0.681018983
JQ:/rcc/crc: 0.000000000 0.239662654 0.760337346
JQ:/rcc/crf: 0.000000000 0.134019467 0.865980533
JQ:/rcf/: 0.369108411 0.630891589 0.000000000
JQ:/rcf/cr: 0.000000000 0.285715052 0.714284948
JQ:/rfc/: 0.657082195 0.342917805 0.000000000
JQ:/rfc/cr: 0.000000000 0.572296418 0.427703582
K:/: 1.000000000 0.000000000 0.000000000
K:/ccr: 0.000000000 1.000000000 0.000000000
K:/crc: 0.000000000 0.999732225 0.000267775
K:/crf: 0.000000000 1.000000000 0.000000000
KA:/ccc/: 0.893412701 0.106587299 0.000000000
KA:/ccc/ccr: 0.000000000 0.887854888 0.112145112
KA:/ccc/crc: 0.000000000 1.000000000 0.000000000
KA:/ccc/crf: 0.000000000 1.000000000 0.000000000
KA:/ccrcc/: 0.696426582 0.303573418 0.000000000
KA:/ccrcc/ccr: 0.000000000 0.669215150 0.330784850
KA:/ccrcc/crc: 0.000000000 0.941702852 0.058297148
KA:/ccrcc/crf: 0.000000000 0.894769021 0.105230979
KA:/ccrcf/: 0.520433877 0.479566123 0.000000000
KA:/ccrcf/cr: 0.000000000 0.499384254 0.500615746
KA:/crcc/: 0.359172556 0.640827444 0.000000000
KA:/crcc/ccr: 0.000000000 1.000000000 0.000000000
KA:/crcc/crc: 0.000000000 0.848524622 0.151475378
KA:/crcc/crf: 0.000000000 0.999977474 0.000022526
KA:/crfc/: 0.209175053 0.790824947 0.000000000
KA:/crfc/cr: 0.000000000 0.999983281 0.000016719
KA:/rcc/: 0.573850437 0.426149563 0.000000000
KA:/rcc/ccr: 0.000000000 0.370071007 0.629928993
KA:/rcc/crc: 0.000000000 0.359263728 0.640736272
KA:/rcc/crf: 0.000000000 1.000000000 0.000000000
KA:/rcf/: 0.631696689 0.368303311 0.000000000
KA:/rcf/cr: 0.000000000 1.000000000 0.000000000
KA:/rfc/: 0.057899734 0.942100266 0.000000000
KA:/rfc/cr: 0.000000000 0.978528208 0.021471792
KJ:/ccc/: 0.735082095 0.264917905 0.000000000
KJ:/ccc/ccr: 0.000000000 0.401566478 0.598433522
KJ:/ccc/crc: 0.000000000 0.366852611 0.633147389
KJ:/ccc/crf: 0.000000000 0.490648187 0.509351813
KJ:/ccrcc/: 0.703717411 0.296282589 0.000000000
KJ:/ccrcc/ccr: 0.000000000 0.646991392 0.353008608
KJ:/ccrcc/crc: 0.000000000 0.227115423 0.772884577
KJ:/ccrcc/crf: 0.000000000 0.999996747 0.000003253
KJ:/ccrcf/: 0.441127194 0.558872806 0.000000000
KJ:/ccrcf/cr: 0.000000000 0.264472713 0.735527287
KJ:/crcc/: 0.291704063 0.708295937 0.000000000
KJ:/crcc/ccr: 0.000000000 0.537039883 0.462960117
KJ:/crcc/crc: 0.000000000 0.212971775 0.787028225
KJ:/crcc/crf: 0.000000000 0.923203996 0.076796004
KJ:/crfc/: 0.985069037 0.014930963 0.000000000
KJ:/crfc/cr: 0.000000000 0.012991310 0.987008690
KJ:/rcc/: 0.547304578 0.452695422 0.000000000
KJ:/rcc/ccr: 0.000000000 0.363409081 0.636590919
KJ:/rcc/crc: 0.000000000 0.384329893 0.615670107
KJ:/rcc/crf: 0.000000000 0.528907719 0.471092281
KJ:/rcf/: 0.107405258 0.892594742 0.000000000
KJ:/rcf/cr: 0.000000000 0.875312747 0.124687253
KJ:/rfc/: 0.366907240 0.633092760 0.000000000
KJ:/rfc/cr: 0.000000000 0.405498602 0.594501398
KK:/ccc/: 0.837200426 0.162799574 0.000000000
KK:/ccc/ccr: 0.000000000 0.780409950 0.219590050
KK:/ccc/crc: 0.000000000 0.241452387 0.758547613
KK:/ccc/crf: 0.000000000 1.000000000 0.000000000
KK:/ccrcc/: 0.753228208 0.246771792 0.000000000
KK:/ccrcc/ccr: 0.000000000 0.540702692 0.459297308
KK:/ccrcc/crc: 0.000000000 0.495354869 0.504645131
KK:/ccrcc/crf: 0.000000000 0.494675622 0.505324378
KK:/ccrcf/: 0.930593888 0.069406112 0.000000000
KK:/ccrcf/cr: 0.000000000 0.480775849 0.519224151
KK:/crcc/: 0.876747126 0.123252874 0.000000000
KK:/crcc/ccr: 0.000000000 0.772576724 0.227423276
KK:/crcc/crc: 0.000000000 1.000000000 0.000000000
KK:/crcc/crf: 0.000000000 1.000000000 0.000000000
KK:/crfc/: 0.664899145 0.335100855 0.000000000
KK:/crfc/cr: 0.000000000 1.000000000 0.000000000
KK:/rcc/: 1.000000000 0.000000000 0.000000000
KK:/rcc/ccr: 0.000000000 1.000000000 0.000000000
KK:/rcc/crc: 0.000000000 0.720908154 0.279091846
KK:/rcc/crf: 0.000000000 1.000000000 0.000000000
KK:/rcf/: 0.614405833 0.385594167 0.000000000
KK:/rcf/cr: 0.000000000 1.000000000 0.000000000
KK:/rfc/: 0.512669144 0.487330856 0.000000000
KK:/rfc/cr: 0.000000000 0.478314557 0.521685443
KQ:/ccc/: 0.704369626 0.295630374 0.000000000
KQ:/ccc/ccr: 0.000000000 0.817472035 0.182527965
KQ:/ccc/crc: 0.000000000 0.240908694 0.759091306
KQ:/ccc/crf: 0.000000000 0.691593547 0.308406453
KQ:/ccrcc/: 0.665256502 0.334743498 0.000000000
KQ:/ccrcc/ccr: 0.000000000 0.523936542 0.476063458
KQ:/ccrcc/crc: 0.000000000 0.658547872 0.341452128
KQ:/ccrcc/crf: 0.000000000 0.852345493 0.147654507
KQ:/ccrcf/: 0.569545503 0.430454497 0.000000000
KQ:/ccrcf/cr: 0.000000000 0.736263691 0.263736309
KQ:/crcc/: 0.984060398 0.015939602 0.000000000
KQ:/crcc/ccr: 0.000000000 0.712671189 0.287328811
KQ:/crcc/crc: 0.000000000 0.370555808 0.629444192
KQ:/crcc/crf: 0.000000000 0.445354741 0.554645259
KQ:/crfc/: 0.580504862 0.419495138 0.000000000
KQ:/crfc/cr: 0.000000000 0.792657504 0.207342496
KQ:/rcc/: 0.729715851 0.270284149 0.000000000
KQ:/rcc/ccr: 0.000000000 0.228722968 0.771277032
KQ:/rcc/crc: 0.000000000 0.592188437 0.407811563
KQ:/rcc/crf: 0.000000000 0.600477439 0.399522561
KQ:/rcf/: 0.474917170 0.525082830 0.000000000
KQ:/rcf/cr: 0.000000000 0.832958159 0.167041841
KQ:/rfc/: 0.233423958 0.766576042 0.000000000
KQ:/rfc/cr: 0.000000000 0.616871609 0.383128391
Q:/: 1.000000000 0.000000000 0.000000000
Q:/ccr: 0.000000000 0.839410650 0.160589350
Q:/crc: 0.000000000 0.999817648 0.000182352
Q:/crf: 0.000000000 1.000000000 0.000000000
QA:/ccc/: 0.545413770 0.454586230 0.000000000
QA:/ccc/ccr: 0.000000000 0.090896372 0.909103628
QA:/ccc/crc: 0.000000000 0.416780963 0.583219037
QA:/ccc/crf: 0.000000000 0.682896344 0.317103656
QA:/ccrcc/: 0.817151175 0.182848825 0.000000000
QA:/ccrcc/ccr: 0.000000000 0.593196003 0.406803997
QA:/ccrcc/crc: 0.000000000 0.308926233 0.691073767
QA:/ccrcc/crf: 0.000000000 0.628254452 0.371745548
QA:/ccrcf/: 0.827784955 0.172215045 0.000000000
QA:/ccrcf/cr: 0.000000000 0.693924975 0.306075025
QA:/crcc/: 0.577716771 0.422283229 0.000000000
QA:/crcc/ccr: 0.000000000 0.927191612 0.072808388
QA:/crcc/crc: 0.000000000 0.805407066 0.194592934
QA:/crcc/crf: 0.000000000 0.999973307 0.000026693
QA:/crfc/: 0.584958463 0.415041537 0.000000000
QA:/crfc/cr: 0.000000000 0.999988200 0.000011800
QA:/rcc/: 0.121150493 0.878849507 0.000000000
QA:/rcc/ccr: 0.000000000 0.533611451 0.466388549
QA:/rcc/crc: 0.000000000 0.243196905 0.756803095
QA:/rcc/crf: 0.000000000 0.535475437 0.464524563
QA:/rcf/: 0.084325935 0.915674065 0.000000000
QA:/rcf/cr: 0.000000000 0.790084451 0.209915549
QA:/rfc/: 0.112736480 0.887263520 0.000000000
QA:/rfc/cr: 0.000000000 0.683025027 0.316974973
QJ:/ccc/: 0.600218020 0.399781980 0.000000000
QJ:/ccc/ccr: 0.000000000 0.752563576 0.247436424
QJ:/ccc/crc: 0.000000000 0.312223175 0.687776825
QJ:/ccc/crf: 0.000000000 0.380652115 0.619347885
QJ:/ccrcc/: 0.557393016 0.442606984 0.000000000
QJ:/ccrcc/ccr: 0.000000000 0.182609742 0.817390258
QJ:/ccrcc/crc: 0.000000000 0.452172918 0.547827082
QJ:/ccrcc/crf: 0.000000000 0.847134855 0.152865145
QJ:/ccrcf/: 0.755101797 0.244898203 0.000000000
QJ:/ccrcf/cr: 0.000000000 0.297525611 0.702474389
QJ:/crcc/: 0.106320085 0.893679915 0.000000000
QJ:/crcc/ccr: 0.000000000 1.000000000 0.000000000
QJ:/crcc/crc: 0.000000000 0.000000000 1.000000000
QJ:/crcc/crf: 0.000000000 0.244317966 0.755682034
QJ:/crfc/: 0.999986382 0.000013618 0.000000000
QJ:/crfc/cr: 0.000000000 0.409324864 0.590675136
QJ:/rcc/: 0.357007105 0.642992895 0.000000000
QJ:/rcc/ccr: 0.000000000 0.398753452 0.601246548
QJ:/rcc/crc: 0.000000000 0.380629296 0.619370704
QJ:/rcc/crf: 0.000000000 0.421635681 0.578364319
QJ:/rcf/: 0.349245842 0.650754158 0.000000000
QJ:/rcf/cr: 0.000000000 0.317891379 0.682108621
QJ:/rfc/: 0.224697849 0.775302151 0.000000000
QJ:/rfc/cr: 0.000000000 0.272537710 0.727462290
QK:/ccc/: 0.800706012 0.199293988 0.000000000
QK:/ccc/ccr: 0.000000000 0.471446288 0.528553712
QK:/ccc/crc: 0.000000000 0.588829036 0.411170964
QK:/ccc/crf: 0.000000000 0.599347624 0.400652376
QK:/ccrcc/: 0.990083945 0.009916055 0.000000000
QK:/ccrcc/ccr: 0.000000000 0.947267000 0.052733000
QK:/ccrcc/crc: 0.000000000 0.370277756 0.629722244
QK:/ccrcc/crf: 0.000000000 0.473094657 0.526905343
QK:/ccrcf/: 0.547721564 0.452278436 0.000000000
QK:/ccrcf/cr: 0.000000000 0.595498330 0.404501670
QK:/crcc/: 0.586877004 0.413122996 0.000000000
QK:/crcc/ccr: 0.000000000 0.801086393 0.198913607
QK:/crcc/crc: 0.000000000 0.149271653 0.850728347
QK:/crcc/crf: 0.000000000 0.586288689 0.413711311
QK:/crfc/: 0.473169516 0.526830484 0.000000000
QK:/crfc/cr: 0.000000000 0.496378448 0.503621552
QK:/rcc/: 0.365443830 0.634556170 0.000000000
QK:/rcc/ccr: 0.000000000 0.495536854 0.504463146
QK:/rcc/crc: 0.000000000 0.747650848 0.252349152
QK:/rcc/crf: 0.000000000 0.644178082 0.355821918
QK:/rcf/: 0.189386533 0.810613467 0.000000000
QK:/rcf/cr: 0.000000000 0.823076661 0.176923339
QK:/rfc/: 0.242760886 0.757239114 0.000000000
QK:/rfc/cr: 0.000000000 0.550257936 0.449742064
QQ:/ccc/: 0.665153127 0.334846873 0.000000000
QQ:/ccc/ccr: 0.000000000 0.868399554 0.131600446
QQ:/ccc/crc: 0.000000000 0.581908825 0.418091175
QQ:/ccc/crf: 0.000000000 0.693515020 0.306484980
QQ:/ccrcc/: 0.592405093 0.407594907 0.000000000
QQ:/ccrcc/ccr: 0.000000000 0.231969468 0.768030532
QQ:/ccrcc/crc: 0.000000000 1.000000000 0.000000000
QQ:/ccrcc/crf: 0.000000000 1.000000000 0.000000000
QQ:/ccrcf/: 0.812433717 0.187566283 0.000000000
QQ:/ccrcf/cr: 0.000000000 0.305181358 0.694818642
QQ:/crcc/: 0.750781992 0.249218008 0.000000000
QQ:/crcc/ccr: 0.000000000 1.000000000 0.000000000
QQ:/crcc/crc: 0.000000000 1.000000000 0.000000000
QQ:/crcc/crf: 0.000000000 1.000000000 0.000000000
QQ:/crfc/: 0.774671243 0.225328757 0.000000000
QQ:/crfc/cr: 0.000000000 1.000000000 0.000000000
QQ:/rcc/: 1.000000000 0.000000000 0.000000000
QQ:/rcc/ccr: 0.000000000 1.000000000 0.000000000
QQ:/rcc/crc: 0.000000000 1.000000000 0.000000000
QQ:/rcc/crf: 0.000000000 1.000000000 0.000000000
QQ:/rcf/: 0.486746341 0.513253659 0.000000000
QQ:/rcf/cr: 0.000000000 1.000000000 0.000000000
QQ:/rfc/: 0.578948949 0.421051051 0.000000000
QQ:/rfc/cr: 0.000000000 0.285144094 0.714855906
