A:/cc: 0.473310954 0.526689046 0.000000000
A:/cr: 0.000000000 0.889682148 0.110317852
A:/rc: 0.000000000 1.000000000 0.000000000
A:/rf: 0.000000000 0.434196940 0.565803060
AA:/ccc/cc: 0.769428651 0.230571349 0.000000000
AA:/ccc/cr: 0.000000000 0.580516994 0.419483006
AA:/ccc/rc: 0.000000000 0.789725394 0.210274606
AA:/ccc/rf: 0.000000000 0.133093363 0.866906637
AA:/ccrcc/cc: 0.077063753 0.922936247 0.000000000
AA:/ccrcc/cr: 0.000000000 0.928959005 0.071040995
AA:/ccrcc/rc: 0.000000000 0.956140643 0.043859357
AA:/ccrcc/rf: 0.000000000 0.572978661 0.427021339
AA:/ccrcf/c: 0.929124426 0.070875574 0.000000000
AA:/ccrcf/r: 0.000000000 0.285020777 0.714979223
AA:/ccrfc/c: 0.390612530 0.609387470 0.000000000
AA:/ccrfc/r: 0.000000000 0.405749443 0.594250557
AA:/crcc/cc: 0.536330305 0.463669695 0.000000000
AA:/crcc/cr: 0.000000000 0.740004870 0.259995130
AA:/crcc/rc: 0.000000000 0.056135901 0.943864099
AA:/crcc/rf: 0.000000000 0.414599279 0.585400721
AA:/crcf/c: 0.540286101 0.459713899 0.000000000
AA:/crcf/r: 0.000000000 0.858490937 0.141509063
AA:/rcc/cc: 0.922252570 0.077747430 0.000000000
AA:/rcc/cr: 0.000000000 1.000000000 0.000000000
AA:/rcc/rc: 0.000000000 1.000000000 0.000000000
AA:/rcc/rf: 0.000000000 0.789807068 0.210192932
AA:/rfc/c: 0.463811168 0.536188832 0.000000000
AA:/rfc/r: 0.000000000 0.609626677 0.390373323
AJ:/ccc/cc: 0.166197893 0.833802107 0.000000000
AJ:/ccc/cr: 0.000000000 0.114234398 0.885765602
AJ:/ccc/rc: 0.000000000 0.396346741 0.603653259
AJ:/ccc/rf: 0.000000000 0.490871039 0.509128961
AJ:/ccrcc/cc: 0.902977496 0.097022504 0.000000000
AJ:/ccrcc/cr: 0.000000000 0.514044971 0.485955029
AJ:/ccrcc/rc: 0.000000000 0.519016146 0.480983854
AJ:/ccrcc/rf: 0.000000000 0.332613150 0.667386850
AJ:/ccrcf/c: 0.214778805 0.785221195 0.000000000
AJ:/ccrcf/r: 0.000000000 0.430810662 0.569189338
AJ:/ccrfc/c: 0.557435706 0.442564294 0.000000000
AJ:/ccrfc/r: 0.000000000 0.572958267 0.427041733
AJ:/crcc/cc: 0.074289956 0.925710044 0.000000000
AJ:/crcc/cr: 0.000000000 0.461497884 0.538502116
AJ:/crcc/rc: 0.000000000 0.738136006 0.261863994
AJ:/crcc/rf: 0.000000000 0.982032800 0.017967200
AJ:/crcf/c: 0.203491836 0.796508164 0.000000000
AJ:/crcf/r: 0.000000000 0.928825057 0.071174943
AJ:/rcc/cc: 0.676762517 0.323237483 0.000000000
AJ:/rcc/cr: 0.000000000 0.995208860 0.004791140
AJ:/rcc/rc: 0.000000000 1.000000000 0.000000000
AJ:/rcc/rf: 0.000000000 0.750526039 0.249473961
AJ:/rfc/c: 0.365471752 0.634528248 0.000000000
AJ:/rfc/r: 0.000000000 0.361577988 0.638422012
AK:/ccc/cc: 0.626269217 0.373730783 0.000000000
AK:/ccc/cr: 0.000000000 0.472820263 0.527179737
AK:/ccc/rc: 0.000000000 0.662006786 0.337993214
AK:/ccc/rf: 0.000000000 0.362056286 0.637943714
AK:/ccrcc/cc: 0.017635316 0.982364684 0.000000000
AK:/ccrcc/cr: 0.000000000 0.647383099 0.352616901
AK:/ccrcc/rc: 0.000000000 0.978088569 0.021911431
AK:/ccrcc/rf: 0.000000000 0.677694844 0.322305156
AK:/ccrcf/c: 0.364142040 0.635857960 0.000000000
AK:/ccrcf/r: 0.000000000 0.667148437 0.332851563
AK:/ccrfc/c: 0.391115631 0.608884369 0.000000000
AK:/ccrfc/r: 0.000000000 0.589536273 0.410463727
AK:/crcc/cc: 0.590770559 0.409229441 0.000000000
AK:/crcc/cr: 0.000000000 0.709058782 0.290941218
AK:/crcc/rc: 0.000000000 0.525117637 0.474882363
AK:/crcc/rf: 0.000000000 0.851410348 0.148589652
AK:/crcf/c: 0.587379680 0.412620320 0.000000000
AK:/crcf/r: 0.000000000 0.643384115 0.356615885
AK:/rcc/cc: 0.987890994 0.012109006 0.000000000
AK:/rcc/cr: 0.000000000 0.904896538 0.095103462
AK:/rcc/rc: 0.000000000 1.000000000 0.000000000
AK:/rcc/rf: 0.000000000 0.181057584 0.818942416
AK:/rfc/c: 0.497082158 0.502917842 0.000000000
AK:/rfc/r: 0.000000000 0.462753518 0.537246482
AQ:/ccc/cc: 0.379358920 0.620641080 0.000000000
AQ:/ccc/cr: 0.000000000 0.831484703 0.168515297
AQ:/ccc/rc: 0.000000000 0.465277998 0.534722002
AQ:/ccc/rf: 0.000000000 0.605638975 0.394361025
AQ:/ccrcc/cc: 0.679310142 0.320689858 0.000000000
AQ:/ccrcc/cr: 0.000000000 0.082084328 0.917915672
AQ:/ccrcc/rc: 0.000000000 0.700198975 0.299801025
AQ:/ccrcc/rf: 0.000000000 0.865509978 0.134490022
AQ:/ccrcf/c: 0.674994334 0.325005666 0.000000000
AQ:/ccrcf/r: 0.000000000 0.898812180 0.101187820
AQ:/ccrfc/c: 0.766885690 0.233114310 0.000000000
AQ:/ccrfc/r: 0.000000000 0.565839768 0.434160232
AQ:/crcc/cc: 0.030525160 0.969474840 0.000000000
AQ:/crcc/cr: 0.000000000 0.853119725 0.146880275
AQ:/crcc/rc: 0.000000000 0.761816628 0.238183372
AQ:/crcc/rf: 0.000000000 0.667665880 0.332334120
AQ:/crcf/c: 0.824508905 0.175491095 0.000000000
AQ:/crcf/r: 0.000000000 1.000000000 0.000000000
AQ:/rcc/cc: 0.432914606 0.567085394 0.000000000
AQ:/rcc/cr: 0.000000000 0.999982665 0.000017335
AQ:/rcc/rc: 0.000000000 1.000000000 0.000000000
AQ:/rcc/rf: 0.000000000 0.285144094 0.714855906
AQ:/rfc/c: 0.425819654 0.574180346 0.000000000
AQ:/rfc/r: 0.000000000 0.303013658 0.696986342
J:/cc: 0.244855679 0.755144321 0.000000000
J:/cr: 0.000000000 0.862704055 0.137295945
J:/rc: 0.000000000 0.929710060 0.070289940
J:/rf: 0.000000000 0.813987247 0.186012753
JA:/ccc/cc: 0.396329061 0.603670939 0.000000000
JA:/ccc/cr: 0.000000000 0.734885264 0.265114736
JA:/ccc/rc: 0.000000000 0.533906241 0.466093759
JA:/ccc/rf: 0.000000000 0.038876063 0.961123937
JA:/ccrcc/cc: 0.547633096 0.452366904 0.000000000
JA:/ccrcc/cr: 0.000000000 0.483636998 0.516363002
JA:/ccrcc/rc: 0.000000000 0.806928528 0.193071472
JA:/ccrcc/rf: 0.000000000 0.272701292 0.727298708
JA:/ccrcf/c: 0.503905173 0.496094827 0.000000000
JA:/ccrcf/r: 0.000000000 0.407518401 0.592481599
JA:/ccrfc/c: 0.510369731 0.489630269 0.000000000
JA:/ccrfc/r: 0.000000000 0.266651834 0.733348166
JA:/crcc/cc: 0.733684574 0.266315426 0.000000000
JA:/crcc/cr: 0.000000000 0.543676933 0.456323067
JA:/crcc/rc: 0.000000000 0.504876633 0.495123367
JA:/crcc/rf: 0.000000000 0.580649742 0.419350258
JA:/crcf/c: 0.074709059 0.925290941 0.000000000
JA:/crcf/r: 0.000000000 0.209525245 0.790474755
JA:/rcc/cc: 0.147116247 0.852883753 0.000000000
JA:/rcc/cr: 0.000000000 0.000000000 1.000000000
JA:/rcc/rc: 0.000000000 0.000000000 1.000000000
JA:/rcc/rf: 0.000000000 0.547368927 0.452631073
JA:/rfc/c: 0.554569691 0.445430309 0.000000000
JA:/rfc/r: 0.000000000 0.465662010 0.534337990
JJ:/ccc/cc: 0.627538926 0.372461074 0.000000000
JJ:/ccc/cr: 0.000000000 0.634164167 0.365835833
JJ:/ccc/rc: 0.000000000 0.363546534 0.636453466
JJ:/ccc/rf: 0.000000000 0.102508866 0.897491134
JJ:/ccrcc/cc: 0.175604174 0.824395826 0.000000000
JJ:/ccrcc/cr: 0.000000000 0.337889863 0.662110137
JJ:/ccrcc/rc: 0.000000000 0.190454520 0.809545480
JJ:/ccrcc/rf: 0.000000000 0.288417016 0.711582984
JJ:/ccrcf/c: 0.376396314 0.623603686 0.000000000
JJ:/ccrcf/r: 0.000000000 0.758588620 0.241411380
JJ:/ccrfc/c: 0.694498499 0.305501501 0.000000000
JJ:/ccrfc/r: 0.000000000 0.892726976 0.107273024
JJ:/crcc/cc: 0.560070887 0.439929113 0.000000000
JJ:/crcc/cr: 0.000000000 1.000000000 0.000000000
JJ:/crcc/rc: 0.000000000 0.196671412 0.803328588
JJ:/crcc/rf: 0.000000000 0.126814358 0.873185642
JJ:/crcf/c: 0.600996444 0.399003556 0.000000000
JJ:/crcf/r: 0.000000000 0.983607293 0.016392707
JJ:/rcc/cc: 0.993709607 0.006290393 0.000000000
JJ:/rcc/cr: 0.000000000 1.000000000 0.000000000
JJ:/rcc/rc: 0.000000000 1.000000000 0.000000000
JJ:/rcc/rf: 0.000000000 0.560213445 0.439786555
JJ:/rfc/c: 0.999105550 0.000894450 0.000000000
JJ:/rfc/r: 0.000000000 0.787752475 0.212247525
JK:/ccc/cc: 0.649931306 0.350068694 0.000000000
JK:/ccc/cr: 0.000000000 0.080942939 0.919057061
JK:/ccc/rc: 0.000000000 0.739873003 0.260126997
JK:/ccc/rf: 0.000000000 0.636346761 0.363653239
JK:/ccrcc/cc: 0.545879386 0.454120614 0.000000000
JK:/ccrcc/cr: 0.000000000 0.642416355 0.357583645
JK:/ccrcc/rc: 0.000000000 0.766056895 0.233943105
JK:/ccrcc/rf: 0.000000000 0.208074406 0.791925594
JK:/ccrcf/c: 0.957399016 0.042600984 0.000000000
JK:/ccrcf/r: 0.000000000 0.552560902 0.447439098
JK:/ccrfc/c: 0.794549802 0.205450198 0.000000000
JK:/ccrfc/r: 0.000000000 0.256611559 0.743388441
JK:/crcc/cc: 0.505056617 0.494943383 0.000000000
JK:/crcc/cr: 0.000000000 0.769332936 0.230667064
JK:/crcc/rc: 0.000000000 0.729292289 0.270707711
JK:/crcc/rf: 0.000000000 0.389095809 0.610904191
JK:/crcf/c: 0.639298623 0.360701377 0.000000000
JK:/crcf/r: 0.000000000 0.586313900 0.413686100
JK:/rcc/cc: 0.174858579 0.825141421 0.000000000
JK:/rcc/cr: 0.000000000 0.000000000 1.000000000
JK:/rcc/rc: 0.000000000 0.000000000 1.000000000
JK:/rcc/rf: 0.000000000 0.688406870 0.311593130
JK:/rfc/c: 0.200749656 0.799250344 0.000000000
JK:/rfc/r: 0.000000000 0.296067337 0.703932663
JQ:/ccc/cc: 0.532403997 0.467596003 0.000000000
JQ:/ccc/cr: 0.000000000 0.330697174 0.669302826
JQ:/ccc/rc: 0.000000000 0.378889941 0.621110059
JQ:/ccc/rf: 0.000000000 0.404107201 0.595892799
JQ:/ccrcc/cc: 0.452165031 0.547834969 0.000000000
JQ:/ccrcc/cr: 0.000000000 0.537280588 0.462719412
JQ:/ccrcc/rc: 0.000000000 0.494582023 0.505417977
JQ:/ccrcc/rf: 0.000000000 0.989620125 0.010379875
JQ:/ccrcf/c: 0.690775293 0.309224707 0.000000000
JQ:/ccrcf/r: 0.000000000 0.382661479 0.617338521
JQ:/ccrfc/c: 0.222572077 0.777427923 0.000000000
JQ:/ccrfc/r: 0.000000000 0.451579219 0.548420781
JQ:/crcc/cc: 0.341488703 0.658511297 0.000000000
JQ:/crcc/cr: 0.000000000 0.736075211 0.263924789
JQ:/crcc/rc: 0.000000000 0.048140655 0.951859345
JQ:/crcc/rf: 0.000000000 0.237585157 0.762414843
JQ:/crcf/c: 0.312816292 0.687183708 0.000000000
JQ:/crcf/r: 0.000000000 0.644252481 0.355747519
JQ:/rcc/cc: 0.468561515 0.531438485 0.000000000
JQ:/rcc/cr: 0.000000000 0.168884341 0.831115659
JQ:/rcc/rc: 0.000000000 0.000000000 1.000000000
JQ:/rcc/rf: 0.000000000 0.541104983 0.458895017
JQ:/rfc/c: 0.846225918 0.153774082 0.000000000
JQ:/rfc/r: 0.000000000 0.571603173 0.428396827
K:/cc: 0.369525011 0.630474989 0.000000000
K:/cr: 0.000000000 0.875725540 0.124274460
K:/rc: 0.000000000 1.000000000 0.000000000
K:/rf: 0.000000000 0.347443366 0.652556634
KA:/ccc/cc: 0.655732658 0.344267342 0.000000000
KA:/ccc/cr: 0.000000000 0.531513754 0.468486246
KA:/ccc/rc: 0.000000000 0.638594462 0.361405538
KA:/ccc/rf: 0.000000000 0.397698545 0.602301455
KA:/ccrcc/cc: 0.697540085 0.302459915 0.000000000
KA:/ccrcc/cr: 0.000000000 0.265162660 0.734837340
KA:/ccrcc/rc: 0.000000000 0.284197942 0.715802058
KA:/ccrcc/rf: 0.000000000 0.921781601 0.078218399
KA:/ccrcf/c: 0.896518142 0.103481858 0.000000000
KA:/ccrcf/r: 0.000000000 0.681691812 0.318308188
KA:/ccrfc/c: 0.800459139 0.199540861 0.000000000
KA:/ccrfc/r: 0.000000000 1.000000000 0.000000000
KA:/crcc/cc: 0.150513007 0.849486993 0.000000000
KA:/crcc/cr: 0.000000000 0.194605361 0.805394639
KA:/crcc/rc: 0.000000000 0.491773778 0.508226222
KA:/crcc/rf: 0.000000000 0.315305052 0.684694948
KA:/crcf/c: 0.533832274 0.466167726 0.000000000
KA:/crcf/r: 0.000000000 0.671330704 0.328669296
KA:/rcc/cc: 0.850498020 0.149501980 0.000000000
KA:/rcc/cr: 0.000000000 1.000000000 0.000000000
KA:/rcc/rc: 0.000000000 1.000000000 0.000000000
KA:/rcc/rf: 0.000000000 0.379150071 0.620849929
KA:/rfc/c: 0.590607354 0.409392646 0.000000000
KA:/rfc/r: 0.000000000 0.090966066 0.909033934
KJ:/ccc/cc: 0.141280390 0.858719610 0.000000000
KJ:/ccc/cr: 0.000000000 0.620172312 0.379827688
KJ:/ccc/rc: 0.000000000 0.386130808 0.613869192
KJ:/ccc/rf: 0.000000000 0.952633171 0.047366829
KJ:/ccrcc/cc: 0.384846633 0.615153367 0.000000000
KJ:/ccrcc/cr: 0.000000000 0.285236902 0.714763098
KJ:/ccrcc/rc: 0.000000000 0.765588730 0.234411270
KJ:/ccrcc/rf: 0.000000000 0.797751944 0.202248056
KJ:/ccrcf/c: 0.355448745 0.644551255 0.000000000
KJ:/ccrcf/r: 0.000000000 0.367032828 0.632967172
KJ:/ccrfc/c: 0.247736023 0.752263977 0.000000000
KJ:/ccrfc/r: 0.000000000 0.589949601 0.410050399
KJ:/crcc/cc: 0.835079352 0.164920648 0.000000000
KJ:/crcc/cr: 0.000000000 0.930665394 0.069334606
KJ:/crcc/rc: 0.000000000 0.453075799 0.546924201
KJ:/crcc/rf: 0.000000000 0.401074625 0.598925375
KJ:/crcf/c: 0.456862940 0.543137060 0.000000000
KJ:/crcf/r: 0.000000000 0.816252829 0.183747171
KJ:/rcc/cc: 0.540774812 0.459225188 0.000000000
KJ:/rcc/cr: 0.000000000 0.105411004 0.894588996
KJ:/rcc/rc: 0.000000000 0.114765629 0.885234371
KJ:/rcc/rf: 0.000000000 0.230973256 0.769026744
KJ:/rfc/c: 0.582122993 0.417877007 0.000000000
KJ:/rfc/r: 0.000000000 0.435384276 0.564615724
KK:/ccc/cc: 0.112156791 0.887843209 0.000000000
KK:/ccc/cr: 0.000000000 0.695664498 0.304335502
KK:/ccc/rc: 0.000000000 0.885699305 0.114300695
KK:/ccc/rf: 0.000000000 0.295966953 0.704033047
KK:/ccrcc/cc: 0.184327736 0.815672264 0.000000000
KK:/ccrcc/cr: 0.000000000 0.594589770 0.405410230
KK:/ccrcc/rc: 0.000000000 0.634750081 0.365249919
KK:/ccrcc/rf: 0.000000000 0.179224600 0.820775400
KK:/ccrcf/c: 0.447070680 0.552929320 0.000000000
KK:/ccrcf/r: 0.000000000 0.470097144 0.529902856
KK:/ccrfc/c: 0.736797237 0.263202763 0.000000000
KK:/ccrfc/r: 0.000000000 0.484548283 0.515451717
KK:/crcc/cc: 0.768815459 0.231184541 0.000000000
KK:/crcc/cr: 0.000000000 0.516504652 0.483495348
KK:/crcc/rc: 0.000000000 0.716979332 0.283020668
KK:/crcc/rf: 0.000000000 0.637501657 0.362498343
KK:/crcf/c: 0.957062581 0.042937419 0.000000000
KK:/crcf/r: 0.000000000 0.544475474 0.455524526
KK:/rcc/cc: 1.000000000 0.000000000 0.000000000
KK:/rcc/cr: 0.000000000 1.000000000 0.000000000
KK:/rcc/rc: 0.000000000 1.000000000 0.000000000
KK:/rcc/rf: 0.000000000 0.453901819 0.546098181
KK:/rfc/c: 0.165143526 0.834856474 0.000000000
KK:/rfc/r: 0.000000000 0.623505105 0.376494895
KQ:/ccc/cc: 0.503386115 0.496613885 0.000000000
KQ:/ccc/cr: 0.000000000 0.664908570 0.335091430
KQ:/ccc/rc: 0.000000000 0.404723132 0.595276868
KQ:/ccc/rf: 0.000000000 0.361595390 0.638404610
KQ:/ccrcc/cc: 0.510024956 0.489975044 0.000000000
KQ:/ccrcc/cr: 0.000000000 0.545055812 0.454944188
KQ:/ccrcc/rc: 0.000000000 0.509199170 0.490800830
KQ:/ccrcc/rf: 0.000000000 0.550924380 0.449075620
KQ:/ccrcf/c: 0.028592987 0.971407013 0.000000000
KQ:/ccrcf/r: 0.000000000 0.589772053 0.410227947
KQ:/ccrfc/c: 0.331310302 0.668689698 0.000000000
KQ:/ccrfc/r: 0.000000000 0.488953403 0.511046597
KQ:/crcc/cc: 0.666114905 0.333885095 0.000000000
KQ:/crcc/cr: 0.000000000 0.503275378 0.496724622
KQ:/crcc/rc: 0.000000000 0.581096334 0.418903666
KQ:/crcc/rf: 0.000000000 0.428794853 0.571205147
KQ:/crcf/c: 0.456506246 0.543493754 0.000000000
KQ:/crcf/r: 0.000000000 0.432424210 0.567575790
KQ:/rcc/cc: 0.442734833 0.557265167 0.000000000
KQ:/rcc/cr: 0.000000000 0.257354332 0.742645668
KQ:/rcc/rc: 0.000000000 0.218644770 0.781355230
KQ:/rcc/rf: 0.000000000 0.778754896 0.221245104
KQ:/rfc/c: 0.658397811 0.341602189 0.000000000
KQ:/rfc/r: 0.000000000 0.344748041 0.655251959
Q:/cc: 0.000154552 0.999845448 0.000000000
Q:/cr: 0.000000000 0.412964607 0.587035393
Q:/rc: 0.000000000 1.000000000 0.000000000
Q:/rf: 0.000000000 0.649395202 0.350604798
QA:/ccc/cc: 0.437392114 0.562607886 0.000000000
QA:/ccc/cr: 0.000000000 0.411245951 0.588754049
QA:/ccc/rc: 0.000000000 0.263125687 0.736874313
QA:/ccc/rf: 0.000000000 0.709861111 0.290138889
QA:/ccrcc/cc: 0.474665945 0.525334055 0.000000000
QA:/ccrcc/cr: 0.000000000 0.858554248 0.141445752
QA:/ccrcc/rc: 0.000000000 0.315619044 0.684380956
QA:/ccrcc/rf: 0.000000000 0.682302283 0.317697717
QA:/ccrcf/c: 0.812632305 0.187367695 0.000000000
QA:/ccrcf/r: 0.000000000 0.340846051 0.659153949
QA:/ccrfc/c: 0.506405288 0.493594712 0.000000000
QA:/ccrfc/r: 0.000000000 0.496445174 0.503554826
QA:/crcc/cc: 0.506638324 0.493361676 0.000000000
QA:/crcc/cr: 0.000000000 0.241356971 0.758643029
QA:/crcc/rc: 0.000000000 0.257470583 0.742529417
QA:/crcc/rf: 0.000000000 0.503597220 0.496402780
QA:/crcf/c: 0.677179770 0.322820230 0.000000000
QA:/crcf/r: 0.000000000 0.410092945 0.589907055
QA:/rcc/cc: 0.392073681 0.607926319 0.000000000
QA:/rcc/cr: 0.000000000 0.110004822 0.889995178
QA:/rcc/rc: 0.000000000 0.000000000 1.000000000
QA:/rcc/rf: 0.000000000 0.199637006 0.800362994
QA:/rfc/c: 0.830825345 0.169174655 0.000000000
QA:/rfc/r: 0.000000000 0.608126763 0.391873237
QJ:/ccc/cc: 0.403225474 0.596774526 0.000000000
QJ:/ccc/cr: 0.000000000 0.448045883 0.551954117
QJ:/ccc/rc: 0.000000000 0.480492783 0.519507217
QJ:/ccc/rf: 0.000000000 0.663654336 0.336345664
QJ:/ccrcc/cc: 0.568203716 0.431796284 0.000000000
QJ:/ccrcc/cr: 0.000000000 0.512054870 0.487945130
QJ:/ccrcc/rc: 0.000000000 0.537137011 0.462862989
QJ:/ccrcc/rf: 0.000000000 0.562958277 0.437041723
QJ:/ccrcf/c: 0.638096936 0.361903064 0.000000000
QJ:/ccrcf/r: 0.000000000 0.271796476 0.728203524
QJ:/ccrfc/c: 0.418470055 0.581529945 0.000000000
QJ:/ccrfc/r: 0.000000000 0.704612471 0.295387529
QJ:/crcc/cc: 0.004628367 0.995371633 0.000000000
QJ:/crcc/cr: 0.000000000 0.298250819 0.701749181
QJ:/crcc/rc: 0.000000000 0.576255923 0.423744077
QJ:/crcc/rf: 0.000000000 0.125754053 0.874245947
QJ:/crcf/c: 0.528995943 0.471004057 0.000000000
QJ:/crcf/r: 0.000000000 0.429236519 0.570763481
QJ:/rcc/cc: 0.096550636 0.903449364 0.000000000
QJ:/rcc/cr: 0.000000000 0.000000000 1.000000000
QJ:/rcc/rc: 0.000000000 0.000000000 1.000000000
QJ:/rcc/rf: 0.000000000 0.486877279 0.513122721
QJ:/rfc/c: 0.740430104 0.259569896 0.000000000
QJ:/rfc/r: 0.000000000 0.708893361 0.291106639
QK:/ccc/cc: 0.370689693 0.629310307 0.000000000
QK:/ccc/cr: 0.000000000 0.558604465 0.441395535
QK:/ccc/rc: 0.000000000 0.477623711 0.522376289
QK:/ccc/rf: 0.000000000 0.550331643 0.449668357
QK:/ccrcc/cc: 0.241085162 0.758914838 0.000000000
QK:/ccrcc/cr: 0.000000000 0.463065191 0.536934809
QK:/ccrcc/rc: 0.000000000 0.249518609 0.750481391
QK:/ccrcc/rf: 0.000000000 0.640186455 0.359813545
QK:/ccrcf/c: 0.188094248 0.811905752 0.000000000
QK:/ccrcf/r: 0.000000000 0.341643650 0.658356350
QK:/ccrfc/c: 0.426419713 0.573580287 0.000000000
QK:/ccrfc/r: 0.000000000 0.335390930 0.664609070
QK:/crcc/cc: 0.551020553 0.448979447 0.000000000
QK:/crcc/cr: 0.000000000 0.151577767 0.848422233
QK:/crcc/rc: 0.000000000 0.502875758 0.497124242
QK:/crcc/rf: 0.000000000 0.241017881 0.758982119
QK:/crcf/c: 0.401566479 0.598433521 0.000000000
QK:/crcf/r: 0.000000000 0.896392681 0.103607319
QK:/rcc/cc: 0.422687454 0.577312546 0.000000000
QK:/rcc/cr: 0.000000000 0.136489391 0.863510609
QK:/rcc/rc: 0.000000000 0.224062967 0.775937033
QK:/rcc/rf: 0.000000000 0.519258703 0.480741297
QK:/rfc/c: 0.366958312 0.633041688 0.000000000
QK:/rfc/r: 0.000000000 0.132265521 0.867734479
QQ:/ccc/cc: 0.360741659 0.639258341 0.000000000
QQ:/ccc/cr: 0.000000000 0.422179999 0.577820001
QQ:/ccc/rc: 0.000000000 0.692537417 0.307462583
QQ:/ccc/rf: 0.000000000 0.732924439 0.267075561
QQ:/ccrcc/cc: 0.582197757 0.417802243 0.000000000
QQ:/ccrcc/cr: 0.000000000 0.497524231 0.502475769
QQ:/ccrcc/rc: 0.000000000 0.696785918 0.303214082
QQ:/ccrcc/rf: 0.000000000 0.291936627 0.708063373
QQ:/ccrcf/c: 0.130379078 0.869620922 0.000000000
QQ:/ccrcf/r: 0.000000000 0.477824404 0.522175596
QQ:/ccrfc/c: 0.199656577 0.800343423 0.000000000
QQ:/ccrfc/r: 0.000000000 0.447128814 0.552871186
QQ:/crcc/cc: 0.855095161 0.144904839 0.000000000
QQ:/crcc/cr: 0.000000000 0.319809361 0.680190639
QQ:/crcc/rc: 0.000000000 0.142620655 0.857379345
QQ:/crcc/rf: 0.000000000 0.874301350 0.125698650
QQ:/crcf/c: 0.469235969 0.530764031 0.000000000
QQ:/crcf/r: 0.000000000 0.185545096 0.814454904
QQ:/rcc/cc: 0.769175249 0.230824751 0.000000000
QQ:/rcc/cr: 0.000000000 1.000000000 0.000000000
QQ:/rcc/rc: 0.000000000 1.000000000 0.000000000
QQ:/rcc/rf: 0.000000000 0.238185270 0.761814730
QQ:/rfc/c: 0.110033402 0.889966598 0.000000000
QQ:/rfc/r: 0.000000000 0.400522968 0.599477032
