A:/: 0.173332754 0.826667246 0.000000000
A:/cccr: 0.567336685 0.432663315 0.000000000
A:/cccrccrc: 0.000000000 0.989183321 0.010816679
A:/cccrccrf: 0.000000000 0.550963906 0.449036094
A:/cccrcfrc: 0.000000000 0.913963024 0.086036976
A:/cccrcfrf: 0.000000000 0.509633512 0.490366488
A:/cccrcrcc: 0.000000000 0.898344621 0.101655379
A:/cccrcrcf: 0.000000000 0.907720995 0.092279005
A:/cccrcrfc: 0.000000000 0.921653642 0.078346358
A:/cccrcrff: 0.000000000 1.000000000 0.000000000
A:/ccrc: 0.867033081 0.132966919 0.000000000
A:/ccrccrcc: 0.000000000 0.873026272 0.126973728
A:/ccrccrcf: 0.000000000 0.580170721 0.419829279
A:/ccrccrfc: 0.000000000 0.548457559 0.451542441
A:/ccrccrff: 0.000000000 0.680907485 0.319092515
A:/ccrf: 0.823065299 0.176934701 0.000000000
A:/ccrfcrc: 0.000000000 1.000000000 0.000000000
A:/ccrfcrf: 0.000000000 1.000000000 0.000000000
A:/ccrr: 0.000000000 1.000000000 0.000000000
A:/crcc: 0.304662645 0.348077239 0.347260116
A:/crcf: 0.508845471 0.491154529 0.000000000
A:/crcr: 0.000000000 1.000000000 0.000000000
A:/crfc: 0.708423157 0.291576843 0.000000000
A:/crff: 0.705336054 0.294663946 0.000000000
A:/crfr: 0.000000000 1.000000000 0.000000000
A:/crrc: 0.000000000 0.854138062 0.145861938
A:/crrf: 0.000000000 1.000000000 0.000000000
A:/rccr: 0.000000000 0.924927906 0.075072094
A:/rcfr: 0.000000000 1.000000000 0.000000000
A:/rcrc: 0.000000000 0.536914573 0.463085427
A:/rcrf: 0.000000000 0.172948799 0.827051201
A:/rfcr: 0.000000000 1.000000000 0.000000000
A:/rffr: 0.000000000 1.000000000 0.000000000
A:/rfrc: 0.000000000 1.000000000 0.000000000
A:/rfrf: 0.000000000 0.840568887 0.159431113
A:/rrcc: 0.000000000 0.191960559 0.808039441
A:/rrcf: 0.000000000 0.957216469 0.042783531
A:/rrfc: 0.000000000 0.827702115 0.172297885
A:/rrff: 0.000000000 1.000000000 0.000000000
J:/: 0.103353490 0.896646510 0.000000000
J:/cccr: 0.000596994 0.000000000 0.999403006
J:/cccrccrc: 0.000000000 0.038713691 0.961286309
J:/cccrccrf: 0.000000000 0.335315604 0.664684396
J:/cccrcfrc: 0.000000000 0.414148161 0.585851839
J:/cccrcfrf: 0.000000000 0.424466206 0.575533794
J:/cccrcrcc: 0.000000000 0.459391297 0.540608703
J:/cccrcrcf: 0.000000000 0.270008925 0.729991075
J:/cccrcrfc: 0.000000000 0.028919505 0.971080495
J:/cccrcrff: 0.000000000 0.551658832 0.448341168
J:/ccrc: 0.000000000 0.188293699 0.811706301
J:/ccrccrcc: 0.000000000 0.662099367 0.337900633
J:/ccrccrcf: 0.000000000 0.198297367 0.801702633
J:/ccrccrfc: 0.000000000 0.492193676 0.507806324
J:/ccrccrff: 0.000000000 0.688479503 0.311520497
J:/ccrf: 0.882318088 0.117674605 0.000007307
J:/ccrfcrc: 0.000000000 0.411633841 0.588366159
J:/ccrfcrf: 0.000000000 0.251644631 0.748355369
J:/ccrr: 0.000000000 0.000000000 1.000000000
J:/crcc: 0.024901795 0.430244821 0.544853384
J:/crcf: 0.093497909 0.528463922 0.378038169
J:/crcr: 0.000000000 0.000000000 1.000000000
J:/crfc: 0.000000000 0.000000000 1.000000000
J:/crff: 0.000000000 0.000000000 1.000000000
J:/crfr: 0.000000000 0.000000000 1.000000000
J:/crrc: 0.000000000 0.000000000 1.000000000
J:/crrf: 0.000000000 0.210507736 0.789492264
J:/rccr: 0.000000000 0.000054021 0.999945979
J:/rcfr: 0.000000000 0.000000000 1.000000000
J:/rcrc: 0.000000000 0.431692042 0.568307958
J:/rcrf: 0.000000000 0.471716605 0.528283395
J:/rfcr: 0.000000000 0.464424191 0.535575809
J:/rffr: 0.000000000 0.000000000 1.000000000
J:/rfrc: 0.000000000 0.000000000 1.000000000
J:/rfrf: 0.000000000 0.504425903 0.495574097
J:/rrcc: 0.000000000 0.521123370 0.478876630
J:/rrcf: 0.000000000 0.318248358 0.681751642
J:/rrfc: 0.000000000 0.000000000 1.000000000
J:/rrff: 0.000000000 0.000000000 1.000000000
K:/: 0.000000000 1.000000000 0.000000000
K:/cccr: 0.000526501 0.001454792 0.998018707
K:/cccrccrc: 0.000000000 0.525171818 0.474828182
K:/cccrccrf: 0.000000000 1.000000000 0.000000000
K:/cccrcfrc: 0.000000000 0.000000000 1.000000000
K:/cccrcfrf: 0.000000000 0.393212736 0.606787264
K:/cccrcrcc: 0.000000000 0.238398734 0.761601266
K:/cccrcrcf: 0.000000000 0.939773526 0.060226474
K:/cccrcrfc: 0.000000000 0.323308662 0.676691338
K:/cccrcrff: 0.000000000 0.578840356 0.421159644
K:/ccrc: 0.000084982 0.000487004 0.999428015
K:/ccrccrcc: 0.000000000 0.240674733 0.759325267
K:/ccrccrcf: 0.000000000 0.647894690 0.352105310
K:/ccrccrfc: 0.000000000 0.306613512 0.693386488
K:/ccrccrff: 0.000000000 0.482230552 0.517769448
K:/ccrf: 0.668957245 0.331042755 0.000000000
K:/ccrfcrc: 0.000000000 0.670601461 0.329398539
K:/ccrfcrf: 0.000000000 0.632752589 0.367247411
K:/ccrr: 0.000000000 0.000000000 1.000000000
K:/crcc: 0.213696757 0.219960283 0.566342960
K:/crcf: 0.005458694 0.295824345 0.698716961
K:/crcr: 0.000000000 0.000000000 1.000000000
K:/crfc: 0.000277783 0.219495827 0.780226391
K:/crff: 0.000000337 0.254544048 0.745455616
K:/crfr: 0.000000000 0.104213709 0.895786291
K:/crrc: 0.000000000 0.502496753 0.497503247
K:/crrf: 0.000000000 0.696942629 0.303057371
K:/rccr: 0.000000000 0.415701122 0.584298878
K:/rcfr: 0.000000000 0.824249158 0.175750842
K:/rcrc: 0.000000000 0.643319120 0.356680880
K:/rcrf: 0.000000000 0.459860412 0.540139588
K:/rfcr: 0.000000000 0.647092636 0.352907364
K:/rffr: 0.000000000 0.000000000 1.000000000
K:/rfrc: 0.000000000 0.008306633 0.991693367
K:/rfrf: 0.000000000 0.383990369 0.616009631
K:/rrcc: 0.000000000 0.837384872 0.162615128
K:/rrcf: 0.000000000 0.799711487 0.200288513
K:/rrfc: 0.000000000 0.159170860 0.840829140
K:/rrff: 0.000000000 0.158682161 0.841317839
Q:/: 0.001825042 0.998174958 0.000000000
Q:/cccr: 0.000000000 0.000000000 1.000000000
Q:/cccrccrc: 0.000000000 0.430703498 0.569296502
Q:/cccrccrf: 0.000000000 0.147474362 0.852525638
Q:/cccrcfrc: 0.000000000 0.000000000 1.000000000
Q:/cccrcfrf: 0.000000000 0.841295312 0.158704688
Q:/cccrcrcc: 0.000000000 0.131651807 0.868348193
Q:/cccrcrcf: 0.000000000 0.435870757 0.564129243
Q:/cccrcrfc: 0.000000000 0.098399517 0.901600483
Q:/cccrcrff: 0.000000000 0.423461477 0.576538523
Q:/ccrc: 0.000011019 0.000000000 0.999988981
Q:/ccrccrcc: 0.000000000 0.341811478 0.658188522
Q:/ccrccrcf: 0.000000000 0.791130285 0.208869715
Q:/ccrccrfc: 0.000000000 0.566527939 0.433472061
Q:/ccrccrff: 0.000000000 0.492887282 0.507112718
Q:/ccrf: 0.962593187 0.037406813 0.000000000
Q:/ccrfcrc: 0.000000000 0.350974339 0.649025661
Q:/ccrfcrf: 0.000000000 0.246540717 0.753459283
Q:/ccrr: 0.000000000 0.000000000 1.000000000
Q:/crcc: 0.428466997 0.121773988 0.449759015
Q:/crcf: 0.286576596 0.195197809 0.518225595
Q:/crcr: 0.000000000 0.306425149 0.693574851
Q:/crfc: 0.000000000 0.000000000 1.000000000
Q:/crff: 0.000000000 0.000000000 1.000000000
Q:/crfr: 0.000000000 0.000000000 1.000000000
Q:/crrc: 0.000000000 0.264952992 0.735047008
Q:/crrf: 0.000000000 0.182445014 0.817554986
Q:/rccr: 0.000000000 0.000122070 0.999877930
Q:/rcfr: 0.000000000 0.000000000 1.000000000
Q:/rcrc: 0.000000000 0.860914203 0.139085797
Q:/rcrf: 0.000000000 0.069602183 0.930397817
Q:/rfcr: 0.000000000 0.218718061 0.781281939
Q:/rffr: 0.000000000 0.000000000 1.000000000
Q:/rfrc: 0.000000000 0.010507017 0.989492983
Q:/rfrf: 0.000000000 0.473583269 0.526416731
Q:/rrcc: 0.000000000 0.332463627 0.667536373
Q:/rrcf: 0.000000000 0.460962339 0.539037661
Q:/rrfc: 0.000000000 0.000000000 1.000000000
Q:/rrff: 0.000000000 0.003441192 0.996558808
T:/: 0.000929042 0.999070958 0.000000000
T:/cccr: 0.000230751 0.000264593 0.999504656
T:/cccrccrc: 0.000000000 0.250156483 0.749843517
T:/cccrccrf: 0.000000000 0.470643632 0.529356368
T:/cccrcfrc: 0.000000000 0.088958024 0.911041976
T:/cccrcfrf: 0.000000000 0.743693367 0.256306633
T:/cccrcrcc: 0.000000000 0.228699983 0.771300017
T:/cccrcrcf: 0.000000000 0.249253449 0.750746551
T:/cccrcrfc: 0.000000000 0.000000000 1.000000000
T:/cccrcrff: 0.000000000 0.054865723 0.945134277
T:/ccrc: 0.000000000 0.000000000 1.000000000
T:/ccrccrcc: 0.000000000 0.678424237 0.321575763
T:/ccrccrcf: 0.000000000 0.000000000 1.000000000
T:/ccrccrfc: 0.000000000 0.328699600 0.671300400
T:/ccrccrff: 0.000000000 0.675704974 0.324295026
T:/ccrf: 0.925611015 0.074388985 0.000000000
T:/ccrfcrc: 0.000000000 0.276635572 0.723364428
T:/ccrfcrf: 0.000000000 0.137910864 0.862089136
T:/ccrr: 0.000000000 0.000000000 1.000000000
T:/crcc: 0.311155408 0.132689835 0.556154758
T:/crcf: 0.093190334 0.157656921 0.749152745
T:/crcr: 0.000000000 0.306087697 0.693912303
T:/crfc: 0.000000000 0.000000000 1.000000000
T:/crff: 0.000000000 0.000000000 1.000000000
T:/crfr: 0.000000000 0.000000000 1.000000000
T:/crrc: 0.000000000 0.000000000 1.000000000
T:/crrf: 0.000000000 0.000000000 1.000000000
T:/rccr: 0.000000000 0.024690837 0.975309163
T:/rcfr: 0.000000000 0.000000000 1.000000000
T:/rcrc: 0.000000000 0.699092738 0.300907262
T:/rcrf: 0.000000000 0.847162151 0.152837849
T:/rfcr: 0.000000000 0.821183218 0.178816782
T:/rffr: 0.000000000 0.000000000 1.000000000
T:/rfrc: 0.000000000 0.099124222 0.900875778
T:/rfrf: 0.000000000 0.705597141 0.294402859
T:/rrcc: 0.000000000 0.732404554 0.267595446
T:/rrcf: 0.000000000 0.426606219 0.573393781
T:/rrfc: 0.000000000 0.161176803 0.838823197
T:/rrff: 0.000000000 0.160732705 0.839267295
