A:/cc: 0.066918725 0.933081275 0.000000000
A:/cccrcc: 0.137342591 0.628548504 0.234108906
A:/cccrcf: 0.523927899 0.277645339 0.198426762
A:/cccrcr: 0.000000000 0.963410556 0.036589444
A:/cccrfc: 0.469673035 0.530326965 0.000000000
A:/cccrff: 0.738987251 0.261012749 0.000000000
A:/cccrfr: 0.000000000 1.000000000 0.000000000
A:/cccrrc: 0.000000000 0.834420850 0.165579150
A:/cccrrf: 0.000000000 0.589485350 0.410514650
A:/ccrccr: 0.000000000 0.811829230 0.188170770
A:/ccrcfr: 0.000000000 0.943613190 0.056386810
A:/ccrcrc: 0.000000000 0.469312339 0.530687661
A:/ccrcrf: 0.000000000 0.803375087 0.196624913
A:/ccrfcr: 0.000000000 0.911826634 0.088173366
A:/ccrffr: 0.000000000 0.641153948 0.358846052
A:/ccrfrc: 0.000000000 1.000000000 0.000000000
A:/ccrfrf: 0.000000000 0.454016480 0.545983520
A:/ccrrcc: 0.000000000 0.411847649 0.588152351
A:/ccrrcf: 0.000000000 0.812636852 0.187363148
A:/ccrrfc: 0.000000000 0.862488257 0.137511743
A:/ccrrff: 0.000000000 0.951055847 0.048944153
A:/cr: 0.900313017 0.099686983 0.000000000
A:/crccrc: 0.000000000 0.954546322 0.045453678
A:/crccrf: 0.000000000 0.780053455 0.219946545
A:/crcfrc: 0.000000000 0.795485116 0.204514884
A:/crcfrf: 0.000000000 0.039343658 0.960656342
A:/crcrcc: 0.000000000 1.000000000 0.000000000
A:/crcrcf: 0.000000000 0.823434544 0.176565456
A:/crcrfc: 0.000000000 1.000000000 0.000000000
A:/crcrff: 0.000000000 0.967604794 0.032395206
A:/rc: 0.766487681 0.233512319 0.000000000
A:/rccrcc: 0.000000000 0.792656747 0.207343253
A:/rccrcf: 0.000000000 0.744379107 0.255620893
A:/rccrfc: 0.000000000 1.000000000 0.000000000
A:/rccrff: 0.000000000 1.000000000 0.000000000
A:/rf: 0.777311394 0.222688606 0.000000000
A:/rfcrc: 0.000000000 1.000000000 0.000000000
A:/rfcrf: 0.000000000 0.687129809 0.312870191
A:/rr: 0.000000000 1.000000000 0.000000000
J:/cc: 0.059558132 0.940441868 0.000000000
J:/cccrcc: 0.118076508 0.183289534 0.698633957
J:/cccrcf: 0.431632600 0.199069723 0.369297677
J:/cccrcr: 0.000000000 0.850259637 0.149740363
J:/cccrfc: 0.000000000 0.000000000 1.000000000
J:/cccrff: 0.012499284 0.000000000 0.987500716
J:/cccrfr: 0.000000000 0.000000000 1.000000000
J:/cccrrc: 0.000000000 0.641468843 0.358531157
J:/cccrrf: 0.000000000 0.337664186 0.662335814
J:/ccrccr: 0.000000000 0.468073368 0.531926632
J:/ccrcfr: 0.000000000 0.000000000 1.000000000
J:/ccrcrc: 0.000000000 0.306519899 0.693480101
J:/ccrcrf: 0.000000000 0.204659232 0.795340768
J:/ccrfcr: 0.000000000 0.139782888 0.860217112
J:/ccrffr: 0.000000000 0.789613700 0.210386300
J:/ccrfrc: 0.000000000 0.000000000 1.000000000
J:/ccrfrf: 0.000000000 0.671832022 0.328167978
J:/ccrrcc: 0.000000000 0.413496281 0.586503719
J:/ccrrcf: 0.000000000 0.664667787 0.335332213
J:/ccrrfc: 0.000000000 0.000000000 1.000000000
J:/ccrrff: 0.000000000 0.000000000 1.000000000
J:/cr: 0.000233879 0.000000000 0.999766121
J:/crccrc: 0.000000000 0.000000000 1.000000000
J:/crccrf: 0.000000000 0.619416316 0.380583684
J:/crcfrc: 0.000000000 0.634305265 0.365694735
J:/crcfrf: 0.000000000 0.456880944 0.543119056
J:/crcrcc: 0.000000000 0.487564955 0.512435045
J:/crcrcf: 0.000000000 0.387816825 0.612183175
J:/crcrfc: 0.000000000 0.568780537 0.431219463
J:/crcrff: 0.000000000 0.871298308 0.128701692
J:/rc: 0.000000239 0.000000000 0.999999761
J:/rccrcc: 0.000000000 0.575502716 0.424497284
J:/rccrcf: 0.000000000 0.371085378 0.628914622
J:/rccrfc: 0.000000000 0.287168022 0.712831978
J:/rccrff: 0.000000000 0.394270214 0.605729786
J:/rf: 0.000000000 0.000000000 1.000000000
J:/rfcrc: 0.000000000 0.010183716 0.989816284
J:/rfcrf: 0.000000000 0.669656271 0.330343729
J:/rr: 0.000000000 0.000000000 1.000000000
K:/cc: 0.000000000 1.000000000 0.000000000
K:/cccrcc: 0.685888366 0.023531014 0.290580621
K:/cccrcf: 0.234291212 0.289357066 0.476351722
K:/cccrcr: 0.000000000 0.001222492 0.998777508
K:/cccrfc: 0.000789620 0.157434637 0.841775744
K:/cccrff: 0.000000000 0.477025804 0.522974196
K:/cccrfr: 0.000000000 0.078562940 0.921437060
K:/cccrrc: 0.000000000 0.135270019 0.864729981
K:/cccrrf: 0.000000000 0.125754693 0.874245307
K:/ccrccr: 0.000000000 0.683735740 0.316264260
K:/ccrcfr: 0.000000000 0.479172989 0.520827011
K:/ccrcrc: 0.000000000 0.766833241 0.233166759
K:/ccrcrf: 0.000000000 0.859759831 0.140240169
K:/ccrfcr: 0.000000000 0.431922260 0.568077740
K:/ccrffr: 0.000000000 0.699366453 0.300633547
K:/ccrfrc: 0.000000000 0.000000000 1.000000000
K:/ccrfrf: 0.000000000 0.564764335 0.435235665
K:/ccrrcc: 0.000000000 0.738723831 0.261276169
K:/ccrrcf: 0.000000000 0.651717162 0.348282838
K:/ccrrfc: 0.000000000 0.000000000 1.000000000
K:/ccrrff: 0.000000000 0.342481455 0.657518545
K:/cr: 0.001190756 0.000000000 0.998809244
K:/crccrc: 0.000000000 0.203716598 0.796283402
K:/crccrf: 0.000000000 0.249444485 0.750555515
K:/crcfrc: 0.000000000 0.577813354 0.422186646
K:/crcfrf: 0.000000000 0.056753179 0.943246821
K:/crcrcc: 0.000000000 0.436682528 0.563317472
K:/crcrcf: 0.000000000 0.872801222 0.127198778
K:/crcrfc: 0.000000000 0.000000000 1.000000000
K:/crcrff: 0.000000000 1.000000000 0.000000000
K:/rc: 0.000052921 0.248406049 0.751541030
K:/rccrcc: 0.000000000 0.297974855 0.702025145
K:/rccrcf: 0.000000000 0.492642889 0.507357111
K:/rccrfc: 0.000000000 0.000000000 1.000000000
K:/rccrff: 0.000000000 0.363355360 0.636644640
K:/rf: 0.000000000 0.000000000 1.000000000
K:/rfcrc: 0.000000000 0.121669093 0.878330907
K:/rfcrf: 0.000000000 0.256163198 0.743836802
K:/rr: 0.000000000 0.000000000 1.000000000
Q:/cc: 0.000741858 0.999258142 0.000000000
Q:/cccrcc: 0.489147490 0.088885792 0.421966719
Q:/cccrcf: 0.724069196 0.048970810 0.226959994
Q:/cccrcr: 0.000000000 0.117906880 0.882093120
Q:/cccrfc: 0.000371693 0.000000000 0.999628307
Q:/cccrff: 0.000000000 0.016112305 0.983887695
Q:/cccrfr: 0.000000000 0.000000000 1.000000000
Q:/cccrrc: 0.000000000 0.284388574 0.715611426
Q:/cccrrf: 0.000000000 0.163123544 0.836876456
Q:/ccrccr: 0.000000000 0.358016942 0.641983058
Q:/ccrcfr: 0.000000000 0.000033768 0.999966232
Q:/ccrcrc: 0.000000000 0.131797191 0.868202809
Q:/ccrcrf: 0.000000000 0.258551119 0.741448881
Q:/ccrfcr: 0.000000000 0.000000000 1.000000000
Q:/ccrffr: 0.000000000 0.786774456 0.213225544
Q:/ccrfrc: 0.000000000 0.000000000 1.000000000
Q:/ccrfrf: 0.000000000 0.282062816 0.717937184
Q:/ccrrcc: 0.000000000 0.583463407 0.416536593
Q:/ccrrcf: 0.000000000 0.366321534 0.633678466
Q:/ccrrfc: 0.000000000 0.276115569 0.723884431
Q:/ccrrff: 0.000000000 0.121517612 0.878482388
Q:/cr: 0.000553604 0.000000000 0.999446396
Q:/crccrc: 0.000000000 0.243153079 0.756846921
Q:/crccrf: 0.000000000 0.475325230 0.524674770
Q:/crcfrc: 0.000000000 0.491040740 0.508959260
Q:/crcfrf: 0.000000000 0.524503909 0.475496091
Q:/crcrcc: 0.000000000 0.681351741 0.318648259
Q:/crcrcf: 0.000000000 0.327345768 0.672654232
Q:/crcrfc: 0.000000000 0.172848047 0.827151953
Q:/crcrff: 0.000000000 1.000000000 0.000000000
Q:/rc: 0.000012329 0.000000000 0.999987671
Q:/rccrcc: 0.000000000 0.478402558 0.521597442
Q:/rccrcf: 0.000000000 0.052078267 0.947921733
Q:/rccrfc: 0.000000000 0.184843693 0.815156307
Q:/rccrff: 0.000000000 0.192588140 0.807411860
Q:/rf: 0.000000000 0.000000000 1.000000000
Q:/rfcrc: 0.000000000 0.000000000 1.000000000
Q:/rfcrf: 0.000000000 0.073051190 0.926948810
Q:/rr: 0.000000000 0.000000000 1.000000000
T:/cc: 0.000928106 0.999071894 0.000000000
T:/cccrcc: 0.110095117 0.508566417 0.381338466
T:/cccrcf: 0.022927642 0.065558762 0.911513596
T:/cccrcr: 0.000000000 0.451905753 0.548094247
T:/cccrfc: 0.000000000 0.000000000 1.000000000
T:/cccrff: 0.013678385 0.000000000 0.986321615
T:/cccrfr: 0.000000000 0.000000000 1.000000000
T:/cccrrc: 0.000000000 0.589058871 0.410941129
T:/cccrrf: 0.000000000 0.000000000 1.000000000
T:/ccrccr: 0.000000000 0.376310628 0.623689372
T:/ccrcfr: 0.000000000 0.000000000 1.000000000
T:/ccrcrc: 0.000000000 0.759483184 0.240516816
T:/ccrcrf: 0.000000000 0.841400236 0.158599764
T:/ccrfcr: 0.000000000 0.088890089 0.911109911
T:/ccrffr: 0.000000000 0.751142355 0.248857645
T:/ccrfrc: 0.000000000 0.000000000 1.000000000
T:/ccrfrf: 0.000000000 0.505170230 0.494829770
T:/ccrrcc: 0.000000000 0.646150151 0.353849849
T:/ccrrcf: 0.000000000 0.224654746 0.775345254
T:/ccrrfc: 0.000000000 0.022916816 0.977083184
T:/ccrrff: 0.000000000 0.141079596 0.858920404
T:/cr: 0.000000000 0.000000000 1.000000000
T:/crccrc: 0.000000000 0.503914455 0.496085545
T:/crccrf: 0.000000000 0.775089330 0.224910670
T:/crcfrc: 0.000000000 0.470407342 0.529592658
T:/crcfrf: 0.000000000 0.271985026 0.728014974
T:/crcrcc: 0.000000000 0.189015683 0.810984317
T:/crcrcf: 0.000000000 0.395482705 0.604517295
T:/crcrfc: 0.000000000 0.265419164 0.734580836
T:/crcrff: 0.000000000 0.114056411 0.885943589
T:/rc: 0.000012466 0.000000000 0.999987534
T:/rccrcc: 0.000000000 0.414547244 0.585452756
T:/rccrcf: 0.000000000 0.374414690 0.625585310
T:/rccrfc: 0.000000000 0.003477570 0.996522430
T:/rccrff: 0.000000000 0.450530500 0.549469500
T:/rf: 0.000000000 0.000000000 1.000000000
T:/rfcrc: 0.000000000 0.021699589 0.978300411
T:/rfcrf: 0.000000000 0.293162478 0.706837522
T:/rr: 0.000000000 0.000000000 1.000000000
