9:/: 0.000000000 1.000000000 0.000000000
9:/cccr: 0.000000000 1.000000000 0.000000000
9:/cccrccrc: 0.000000000 0.231416859 0.768583141
9:/cccrccrf: 0.000000000 0.000000000 1.000000000
9:/cccrcfrc: 0.000000000 0.183544828 0.816455172
9:/cccrcfrf: 0.000000000 0.694498499 0.305501501
9:/cccrcrcc: 0.000000000 0.433834243 0.566165757
9:/cccrcrcf: 0.000000000 0.584586948 0.415413052
9:/cccrcrfc: 0.000000000 0.318463571 0.681536429
9:/cccrcrff: 0.000000000 0.664754532 0.335245468
9:/ccrc: 0.118793662 0.554465301 0.326741037
9:/ccrccrcc: 0.000000000 0.703466751 0.296533249
9:/ccrccrcf: 0.000000000 0.758556346 0.241443654
9:/ccrccrfc: 0.000000000 0.372475901 0.627524099
9:/ccrccrff: 0.000000000 0.552535704 0.447464296
9:/ccrf: 0.037221336 0.800295464 0.162483200
9:/ccrfcrc: 0.000000000 0.264398352 0.735601648
9:/ccrfcrf: 0.000000000 0.840607481 0.159392519
9:/ccrr: 0.000000000 0.402574087 0.597425913
9:/crcc: 0.529367411 0.000000000 0.470632589
9:/crcf: 0.999896434 0.000027019 0.000076546
9:/crcr: 0.000000000 0.000000000 1.000000000
9:/crfc: 0.111775271 0.447196143 0.441028586
9:/crff: 0.540282409 0.261792338 0.197925253
9:/crfr: 0.000000000 0.835149465 0.164850535
9:/crrc: 0.000000000 0.501807008 0.498192992
9:/crrf: 0.000000000 0.840206342 0.159793658
9:/rccr: 0.000000000 0.098576546 0.901423454
9:/rcfr: 0.000000000 0.746723148 0.253276852
9:/rcrc: 0.000000000 0.557301578 0.442698422
9:/rcrf: 0.000000000 0.217483310 0.782516690
9:/rfcr: 0.000000000 0.000000000 1.000000000
9:/rffr: 0.000000000 0.245511867 0.754488133
9:/rfrc: 0.000000000 0.129212859 0.870787141
9:/rfrf: 0.000000000 0.309856428 0.690143572
9:/rrcc: 0.000000000 0.052939487 0.947060513
9:/rrcf: 0.000000000 0.143990827 0.856009173
9:/rrfc: 0.000000000 0.000000000 1.000000000
9:/rrff: 0.000000000 0.000000000 1.000000000
A:/: 0.001389718 0.998610282 0.000000000
A:/cccr: 0.000249081 0.999750919 0.000000000
A:/cccrccrc: 0.000000000 1.000000000 0.000000000
A:/cccrccrf: 0.000000000 1.000000000 0.000000000
A:/cccrcfrc: 0.000000000 1.000000000 0.000000000
A:/cccrcfrf: 0.000000000 0.435518192 0.564481808
A:/cccrcrcc: 0.000000000 1.000000000 0.000000000
A:/cccrcrcf: 0.000000000 0.610603525 0.389396475
A:/cccrcrfc: 0.000000000 1.000000000 0.000000000
A:/cccrcrff: 0.000000000 1.000000000 0.000000000
A:/ccrc: 0.558893156 0.365613798 0.075493046
A:/ccrccrcc: 0.000000000 0.069184669 0.930815331
A:/ccrccrcf: 0.000000000 0.321156830 0.678843170
A:/ccrccrfc: 0.000000000 0.592648712 0.407351288
A:/ccrccrff: 0.000000000 0.915166287 0.084833713
A:/ccrf: 0.562006666 0.374865813 0.063127520
A:/ccrfcrc: 0.000000000 0.826307252 0.173692748
A:/ccrfcrf: 0.000000000 0.796234723 0.203765277
A:/ccrr: 0.000000000 0.958378850 0.041621150
A:/crcc: 0.279643598 0.720356402 0.000000000
A:/crcf: 0.549684552 0.450315448 0.000000000
A:/crcr: 0.000000000 1.000000000 0.000000000
A:/crfc: 0.400861057 0.381060221 0.218078722
A:/crff: 0.959685710 0.040314290 0.000000000
A:/crfr: 0.000000000 0.639022766 0.360977234
A:/crrc: 0.000000000 0.960269102 0.039730898
A:/crrf: 0.000000000 0.299066468 0.700933532
A:/rccr: 0.000000000 1.000000000 0.000000000
A:/rcfr: 0.000000000 1.000000000 0.000000000
A:/rcrc: 0.000000000 1.000000000 0.000000000
A:/rcrf: 0.000000000 1.000000000 0.000000000
A:/rfcr: 0.000000000 1.000000000 0.000000000
A:/rffr: 0.000000000 1.000000000 0.000000000
A:/rfrc: 0.000000000 1.000000000 0.000000000
A:/rfrf: 0.000000000 0.376280354 0.623719646
A:/rrcc: 0.000000000 1.000000000 0.000000000
A:/rrcf: 0.000000000 1.000000000 0.000000000
A:/rrfc: 0.000000000 1.000000000 0.000000000
A:/rrff: 0.000000000 1.000000000 0.000000000
J:/: 0.000000000 1.000000000 0.000000000
J:/cccr: 0.000000000 1.000000000 0.000000000
J:/cccrccrc: 0.000000000 0.549925990 0.450074010
J:/cccrccrf: 0.000000000 1.000000000 0.000000000
J:/cccrcfrc: 0.000000000 0.000000000 1.000000000
J:/cccrcfrf: 0.000000000 0.508089710 0.491910290
J:/cccrcrcc: 0.000000000 0.443659606 0.556340394
J:/cccrcrcf: 0.000000000 0.463321625 0.536678375
J:/cccrcrfc: 0.000000000 0.000000000 1.000000000
J:/cccrcrff: 0.000000000 0.728178421 0.271821579
J:/ccrc: 0.154316030 0.136260339 0.709423631
J:/ccrccrcc: 0.000000000 0.734410316 0.265589684
J:/ccrccrcf: 0.000000000 0.498261155 0.501738845
J:/ccrccrfc: 0.000000000 0.726908572 0.273091428
J:/ccrccrff: 0.000000000 0.298909553 0.701090447
J:/ccrf: 0.471586287 0.458870204 0.069543509
J:/ccrfcrc: 0.000000000 0.525249062 0.474750938
J:/ccrfcrf: 0.000000000 0.642949598 0.357050402
J:/ccrr: 0.000000000 0.530577844 0.469422156
J:/crcc: 0.721616346 0.000000000 0.278383654
J:/crcf: 0.999923481 0.000026356 0.000050163
J:/crcr: 0.000000000 0.000000000 1.000000000
J:/crfc: 0.387809463 0.000000000 0.612190537
J:/crff: 0.914659947 0.000000000 0.085340053
J:/crfr: 0.000000000 0.443405660 0.556594340
J:/crrc: 0.000000000 0.653953152 0.346046848
J:/crrf: 0.000000000 0.766495134 0.233504866
J:/rccr: 0.000000000 0.254998647 0.745001353
J:/rcfr: 0.000000000 0.464482639 0.535517361
J:/rcrc: 0.000000000 0.000000000 1.000000000
J:/rcrf: 0.000000000 0.399804949 0.600195051
J:/rfcr: 0.000000000 0.000000000 1.000000000
J:/rffr: 0.000000000 0.511648652 0.488351348
J:/rfrc: 0.000000000 0.000000000 1.000000000
J:/rfrf: 0.000000000 0.827629801 0.172370199
J:/rrcc: 0.000000000 0.000000000 1.000000000
J:/rrcf: 0.000000000 0.000086206 0.999913794
J:/rrfc: 0.000000000 0.000000000 1.000000000
J:/rrff: 0.000000000 0.004002945 0.995997055
K:/: 0.000000000 1.000000000 0.000000000
K:/cccr: 0.000000000 1.000000000 0.000000000
K:/cccrccrc: 0.000000000 1.000000000 0.000000000
K:/cccrccrf: 0.000000000 1.000000000 0.000000000
K:/cccrcfrc: 0.000000000 0.193876608 0.806123392
K:/cccrcfrf: 0.000000000 0.952994288 0.047005712
K:/cccrcrcc: 0.000000000 0.587301946 0.412698054
K:/cccrcrcf: 0.000000000 1.000000000 0.000000000
K:/cccrcrfc: 0.000000000 0.516978316 0.483021684
K:/cccrcrff: 0.000000000 1.000000000 0.000000000
K:/ccrc: 0.444511772 0.409653584 0.145834644
K:/ccrccrcc: 0.000000000 0.687001094 0.312998906
K:/ccrccrcf: 0.000000000 0.293429919 0.706570081
K:/ccrccrfc: 0.000000000 0.505175046 0.494824954
K:/ccrccrff: 0.000000000 0.541563117 0.458436883
K:/ccrf: 0.220507594 0.715576599 0.063915807
K:/ccrfcrc: 0.000000000 0.991356028 0.008643972
K:/ccrfcrf: 0.000000000 0.646372591 0.353627409
K:/ccrr: 0.000000000 0.710488234 0.289511766
K:/crcc: 1.000000000 0.000000000 0.000000000
K:/crcf: 1.000000000 0.000000000 0.000000000
K:/crcr: 0.000000000 1.000000000 0.000000000
K:/crfc: 0.942294329 0.000000000 0.057705671
K:/crff: 1.000000000 0.000000000 0.000000000
K:/crfr: 0.000000000 0.369947390 0.630052610
K:/crrc: 0.000000000 0.333855907 0.666144093
K:/crrf: 0.000000000 0.534132502 0.465867498
K:/rccr: 0.000000000 0.727003784 0.272996216
K:/rcfr: 0.000000000 0.473227764 0.526772236
K:/rcrc: 0.000000000 0.996580489 0.003419511
K:/rcrf: 0.000000000 0.835492148 0.164507852
K:/rfcr: 0.000000000 1.000000000 0.000000000
K:/rffr: 0.000000000 1.000000000 0.000000000
K:/rfrc: 0.000000000 0.504215035 0.495784965
K:/rfrf: 0.000000000 0.636772108 0.363227892
K:/rrcc: 0.000000000 0.751201260 0.248798740
K:/rrcf: 0.000000000 1.000000000 0.000000000
K:/rrfc: 0.000000000 0.873032996 0.126967004
K:/rrff: 0.000000000 1.000000000 0.000000000
Q:/: 0.000000000 1.000000000 0.000000000
Q:/cccr: 0.000000000 1.000000000 0.000000000
Q:/cccrccrc: 0.000000000 0.027327919 0.972672081
Q:/cccrccrf: 0.000000000 1.000000000 0.000000000
Q:/cccrcfrc: 0.000000000 0.000000000 1.000000000
Q:/cccrcfrf: 0.000000000 0.523368498 0.476631502
Q:/cccrcrcc: 0.000000000 0.162016150 0.837983850
Q:/cccrcrcf: 0.000000000 0.691504224 0.308495776
Q:/cccrcrfc: 0.000000000 0.349255125 0.650744875
Q:/cccrcrff: 0.000000000 1.000000000 0.000000000
Q:/ccrc: 0.349618489 0.177926004 0.472455507
Q:/ccrccrcc: 0.000000000 0.219581068 0.780418932
Q:/ccrccrcf: 0.000000000 0.886655671 0.113344329
Q:/ccrccrfc: 0.000000000 0.086047150 0.913952850
Q:/ccrccrff: 0.000000000 0.332112354 0.667887646
Q:/ccrf: 0.371408391 0.599232333 0.029359275
Q:/ccrfcrc: 0.000000000 0.754070048 0.245929952
Q:/ccrfcrf: 0.000000000 0.939470644 0.060529356
Q:/ccrr: 0.000000000 0.116358348 0.883641652
Q:/crcc: 0.529441229 0.000000000 0.470558771
Q:/crcf: 0.999980602 0.000000532 0.000018866
Q:/crcr: 0.000000000 0.000000000 1.000000000
Q:/crfc: 0.720772106 0.000000000 0.279227894
Q:/crff: 0.739781279 0.000000000 0.260218721
Q:/crfr: 0.000000000 0.332092448 0.667907552
Q:/crrc: 0.000000000 0.029540668 0.970459332
Q:/crrf: 0.000000000 0.563671224 0.436328776
Q:/rccr: 0.000000000 0.888122676 0.111877324
Q:/rcfr: 0.000000000 0.540937375 0.459062625
Q:/rcrc: 0.000000000 0.264363825 0.735636175
Q:/rcrf: 0.000000000 0.517889447 0.482110553
Q:/rfcr: 0.000000000 0.390013904 0.609986096
Q:/rffr: 0.000000000 0.761702172 0.238297828
Q:/rfrc: 0.000000000 0.000000000 1.000000000
Q:/rfrf: 0.000000000 0.088147730 0.911852270
Q:/rrcc: 0.000000000 0.246115243 0.753884757
Q:/rrcf: 0.000000000 0.058406116 0.941593884
Q:/rrfc: 0.000000000 0.001997911 0.998002089
Q:/rrff: 0.000000000 0.307770212 0.692229788
T:/: 0.000000000 1.000000000 0.000000000
T:/cccr: 0.000000000 1.000000000 0.000000000
T:/cccrccrc: 0.000000000 0.000000000 1.000000000
T:/cccrccrf: 0.000000000 0.696045695 0.303954305
T:/cccrcfrc: 0.000000000 0.000000000 1.000000000
T:/cccrcfrf: 0.000000000 0.357673946 0.642326054
T:/cccrcrcc: 0.000000000 0.088265499 0.911734501
T:/cccrcrcf: 0.000000000 0.608874283 0.391125717
T:/cccrcrfc: 0.000000000 0.457218709 0.542781291
T:/cccrcrff: 0.000000000 0.471561523 0.528438477
T:/ccrc: 0.314667054 0.480088792 0.205244154
T:/ccrccrcc: 0.000000000 0.521634542 0.478365458
T:/ccrccrcf: 0.000000000 0.953470980 0.046529020
T:/ccrccrfc: 0.000000000 0.612442644 0.387557356
T:/ccrccrff: 0.000000000 0.623655371 0.376344629
T:/ccrf: 0.202301504 0.461226535 0.336471961
T:/ccrfcrc: 0.000000000 0.548527335 0.451472665
T:/ccrfcrf: 0.000000000 0.383094813 0.616905187
T:/ccrr: 0.000000000 0.434059131 0.565940869
T:/crcc: 0.000000000 0.000000000 1.000000000
T:/crcf: 0.999908181 0.000026619 0.000065200
T:/crcr: 0.000000000 0.000000000 1.000000000
T:/crfc: 0.407914858 0.000000000 0.592085142
T:/crff: 0.780783745 0.000000000 0.219216255
T:/crfr: 0.000000000 0.045890218 0.954109782
T:/crrc: 0.000000000 0.063382373 0.936617627
T:/crrf: 0.000000000 0.720437274 0.279562726
T:/rccr: 0.000000000 0.384620115 0.615379885
T:/rcfr: 0.000000000 0.419859808 0.580140192
T:/rcrc: 0.000000000 0.423106239 0.576893761
T:/rcrf: 0.000000000 0.282361751 0.717638249
T:/rfcr: 0.000000000 0.000000000 1.000000000
T:/rffr: 0.000000000 0.004409289 0.995590711
T:/rfrc: 0.000000000 0.293303669 0.706696331
T:/rfrf: 0.000000000 0.685944855 0.314055145
T:/rrcc: 0.000000000 0.000000000 1.000000000
T:/rrcf: 0.000000000 0.000000000 1.000000000
T:/rrfc: 0.000000000 0.000000000 1.000000000
T:/rrff: 0.000000000 0.000000000 1.000000000
