9:/cc: 0.000000000 1.000000000 0.000000000
9:/cccrcc: 1.000000000 0.000000000 0.000000000
9:/cccrcf: 1.000000000 0.000000000 0.000000000
9:/cccrcr: 0.000000000 0.000000000 1.000000000
9:/cccrfc: 0.345993517 0.508164001 0.145842482
9:/cccrff: 0.073035170 0.267773243 0.659191587
9:/cccrfr: 0.000000000 0.233956750 0.766043250
9:/cccrrc: 0.000000000 0.768290418 0.231709582
9:/cccrrf: 0.000000000 0.393880442 0.606119558
9:/ccrccr: 0.000000000 0.000000000 1.000000000
9:/ccrcfr: 0.000000000 0.586536410 0.413463590
9:/ccrcrc: 0.000000000 0.762080336 0.237919664
9:/ccrcrf: 0.000000000 0.158135582 0.841864418
9:/ccrfcr: 0.000000000 0.632763124 0.367236876
9:/ccrffr: 0.000000000 0.461281471 0.538718529
9:/ccrfrc: 0.000000000 0.639945008 0.360054992
9:/ccrfrf: 0.000000000 0.534481420 0.465518580
9:/ccrrcc: 0.000000000 0.447854106 0.552145894
9:/ccrrcf: 0.000000000 0.108426097 0.891573903
9:/ccrrfc: 0.000000000 0.465573005 0.534426995
9:/ccrrff: 0.000000000 0.140870672 0.859129328
9:/cr: 0.000000000 0.000000000 1.000000000
9:/crccrc: 0.000000000 0.418051016 0.581948984
9:/crccrf: 0.000000000 0.721300924 0.278699076
9:/crcfrc: 0.000000000 0.000000000 1.000000000
9:/crcfrf: 0.000000000 0.354097767 0.645902233
9:/crcrcc: 0.000000000 0.424728876 0.575271124
9:/crcrcf: 0.000000000 0.329542065 0.670457935
9:/crcrfc: 0.000000000 0.060748983 0.939251017
9:/crcrff: 0.000000000 0.270491269 0.729508731
9:/rc: 0.167210695 0.349741743 0.483047563
9:/rccrcc: 0.000000000 0.564699800 0.435300200
9:/rccrcf: 0.000000000 0.429405293 0.570594707
9:/rccrfc: 0.000000000 0.352058863 0.647941137
9:/rccrff: 0.000000000 0.024240922 0.975759078
9:/rf: 0.414693012 0.525882635 0.059424352
9:/rfcrc: 0.000000000 0.403634597 0.596365403
9:/rfcrf: 0.000000000 0.162445782 0.837554218
9:/rr: 0.000000000 0.443923120 0.556076880
A:/cc: 0.000611327 0.999388673 0.000000000
A:/cccrcc: 1.000000000 0.000000000 0.000000000
A:/cccrcf: 1.000000000 0.000000000 0.000000000
A:/cccrcr: 0.000000000 1.000000000 0.000000000
A:/cccrfc: 0.499158079 0.470766704 0.030075217
A:/cccrff: 0.432407032 0.567592968 0.000000000
A:/cccrfr: 0.000000000 0.784977933 0.215022067
A:/cccrrc: 0.000000000 0.539715087 0.460284913
A:/cccrrf: 0.000000000 0.999426671 0.000573329
A:/ccrccr: 0.000000000 1.000000000 0.000000000
A:/ccrcfr: 0.000000000 1.000000000 0.000000000
A:/ccrcrc: 0.000000000 1.000000000 0.000000000
A:/ccrcrf: 0.000000000 1.000000000 0.000000000
A:/ccrfcr: 0.000000000 1.000000000 0.000000000
A:/ccrffr: 0.000000000 1.000000000 0.000000000
A:/ccrfrc: 0.000000000 1.000000000 0.000000000
A:/ccrfrf: 0.000000000 0.275280806 0.724719194
A:/ccrrcc: 0.000000000 0.445506979 0.554493021
A:/ccrrcf: 0.000000000 1.000000000 0.000000000
A:/ccrrfc: 0.000000000 0.758133463 0.241866537
A:/ccrrff: 0.000000000 1.000000000 0.000000000
A:/cr: 0.000000000 1.000000000 0.000000000
A:/crccrc: 0.000000000 0.588964479 0.411035521
A:/crccrf: 0.000000000 0.811888740 0.188111260
A:/crcfrc: 0.000000000 0.607284065 0.392715935
A:/crcfrf: 0.000000000 0.860024635 0.139975365
A:/crcrcc: 0.000000000 0.951473022 0.048526978
A:/crcrcf: 0.000000000 0.780209783 0.219790217
A:/crcrfc: 0.000000000 1.000000000 0.000000000
A:/crcrff: 0.000000000 1.000000000 0.000000000
A:/rc: 0.366509483 0.633490517 0.000000000
A:/rccrcc: 0.000000000 0.828757234 0.171242766
A:/rccrcf: 0.000000000 0.283184409 0.716815591
A:/rccrfc: 0.000000000 0.806074699 0.193925301
A:/rccrff: 0.000000000 0.696429469 0.303570531
A:/rf: 0.574721154 0.425278846 0.000000000
A:/rfcrc: 0.000000000 0.416334577 0.583665423
A:/rfcrf: 0.000000000 0.659157397 0.340842603
A:/rr: 0.000000000 0.870505578 0.129494422
J:/cc: 0.000000000 1.000000000 0.000000000
J:/cccrcc: 1.000000000 0.000000000 0.000000000
J:/cccrcf: 1.000000000 0.000000000 0.000000000
J:/cccrcr: 0.000000000 0.175871463 0.824128537
J:/cccrfc: 0.451767112 0.424883256 0.123349632
J:/cccrff: 0.202337155 0.459368517 0.338294328
J:/cccrfr: 0.000000000 0.584729029 0.415270971
J:/cccrrc: 0.000000000 0.268489832 0.731510168
J:/cccrrf: 0.000000000 0.435074418 0.564925582
J:/ccrccr: 0.000000000 0.652184264 0.347815736
J:/ccrcfr: 0.000000000 0.775201578 0.224798422
J:/ccrcrc: 0.000000000 0.352429741 0.647570259
J:/ccrcrf: 0.000000000 0.812907858 0.187092142
J:/ccrfcr: 0.000000000 0.687705664 0.312294336
J:/ccrffr: 0.000000000 0.318851282 0.681148718
J:/ccrfrc: 0.000000000 0.174095635 0.825904365
J:/ccrfrf: 0.000000000 0.926114631 0.073885369
J:/ccrrcc: 0.000000000 0.305022408 0.694977592
J:/ccrrcf: 0.000000000 0.290491810 0.709508190
J:/ccrrfc: 0.000000000 0.044436313 0.955563687
J:/ccrrff: 0.000000000 0.419548411 0.580451589
J:/cr: 0.000000000 1.000000000 0.000000000
J:/crccrc: 0.000000000 0.641876733 0.358123267
J:/crccrf: 0.000000000 0.854272819 0.145727181
J:/crcfrc: 0.000000000 0.077358612 0.922641388
J:/crcfrf: 0.000000000 0.390331337 0.609668663
J:/crcrcc: 0.000000000 0.606946861 0.393053139
J:/crcrcf: 0.000000000 0.504587564 0.495412436
J:/crcrfc: 0.000000000 0.000000000 1.000000000
J:/crcrff: 0.000000000 1.000000000 0.000000000
J:/rc: 0.183396274 0.485114204 0.331489522
J:/rccrcc: 0.000000000 0.756685647 0.243314353
J:/rccrcf: 0.000000000 0.671299678 0.328700322
J:/rccrfc: 0.000000000 0.470571203 0.529428797
J:/rccrff: 0.000000000 0.791025657 0.208974343
J:/rf: 0.212913621 0.285087398 0.501998981
J:/rfcrc: 0.000000000 0.509216953 0.490783047
J:/rfcrf: 0.000000000 0.490237932 0.509762068
J:/rr: 0.000000000 0.185629382 0.814370618
K:/cc: 0.000000000 1.000000000 0.000000000
K:/cccrcc: 1.000000000 0.000000000 0.000000000
K:/cccrcf: 1.000000000 0.000000000 0.000000000
K:/cccrcr: 0.000000000 0.653786578 0.346213422
K:/cccrfc: 0.381400390 0.356396025 0.262203585
K:/cccrff: 0.377910489 0.318263010 0.303826501
K:/cccrfr: 0.000000000 0.504367856 0.495632144
K:/cccrrc: 0.000000000 0.404267032 0.595732968
K:/cccrrf: 0.000000000 0.502902516 0.497097484
K:/ccrccr: 0.000000000 0.815255913 0.184744087
K:/ccrcfr: 0.000000000 0.915787940 0.084212060
K:/ccrcrc: 0.000000000 0.361660478 0.638339522
K:/ccrcrf: 0.000000000 1.000000000 0.000000000
K:/ccrfcr: 0.000000000 0.989017354 0.010982646
K:/ccrffr: 0.000000000 1.000000000 0.000000000
K:/ccrfrc: 0.000000000 0.827181047 0.172818953
K:/ccrfrf: 0.000000000 0.554845813 0.445154187
K:/ccrrcc: 0.000000000 0.466113883 0.533886117
K:/ccrrcf: 0.000000000 0.858033626 0.141966374
K:/ccrrfc: 0.000000000 0.234708115 0.765291885
K:/ccrrff: 0.000000000 0.561754842 0.438245158
K:/cr: 0.000000000 1.000000000 0.000000000
K:/crccrc: 0.000000000 0.032503819 0.967496181
K:/crccrf: 0.000000000 0.489184099 0.510815901
K:/crcfrc: 0.000000000 0.230364364 0.769635636
K:/crcfrf: 0.000000000 0.942600810 0.057399190
K:/crcrcc: 0.000000000 0.225802612 0.774197388
K:/crcrcf: 0.000000000 0.208700323 0.791299677
K:/crcrfc: 0.000000000 0.398716321 0.601283679
K:/crcrff: 0.000000000 1.000000000 0.000000000
K:/rc: 0.246287492 0.463935293 0.289777215
K:/rccrcc: 0.000000000 0.368741780 0.631258220
K:/rccrcf: 0.000000000 0.725820243 0.274179757
K:/rccrfc: 0.000000000 0.580394860 0.419605140
K:/rccrff: 0.000000000 0.520373012 0.479626988
K:/rf: 0.616755367 0.103953017 0.279291616
K:/rfcrc: 0.000000000 0.804620981 0.195379019
K:/rfcrf: 0.000000000 0.465195636 0.534804364
K:/rr: 0.000000000 0.399324946 0.600675054
Q:/cc: 0.000000000 1.000000000 0.000000000
Q:/cccrcc: 1.000000000 0.000000000 0.000000000
Q:/cccrcf: 1.000000000 0.000000000 0.000000000
Q:/cccrcr: 0.000000000 1.000000000 0.000000000
Q:/cccrfc: 0.068031377 0.444819098 0.487149525
Q:/cccrff: 0.052401787 0.131898149 0.815700065
Q:/cccrfr: 0.000000000 0.048928291 0.951071709
Q:/cccrrc: 0.000000000 0.052756183 0.947243817
Q:/cccrrf: 0.000000000 0.806401627 0.193598373
Q:/ccrccr: 0.000000000 0.165948745 0.834051255
Q:/ccrcfr: 0.000000000 0.795952231 0.204047769
Q:/ccrcrc: 0.000000000 0.935175866 0.064824134
Q:/ccrcrf: 0.000000000 0.309581244 0.690418756
Q:/ccrfcr: 0.000000000 0.840595862 0.159404138
Q:/ccrffr: 0.000000000 1.000000000 0.000000000
Q:/ccrfrc: 0.000000000 0.308383178 0.691616822
Q:/ccrfrf: 0.000000000 0.703437228 0.296562772
Q:/ccrrcc: 0.000000000 0.278055381 0.721944619
Q:/ccrrcf: 0.000000000 0.662769173 0.337230827
Q:/ccrrfc: 0.000000000 0.365105390 0.634894610
Q:/ccrrff: 0.000000000 0.945099992 0.054900008
Q:/cr: 0.000000000 1.000000000 0.000000000
Q:/crccrc: 0.000000000 0.322045659 0.677954341
Q:/crccrf: 0.000000000 0.311389816 0.688610184
Q:/crcfrc: 0.000000000 0.127430516 0.872569484
Q:/crcfrf: 0.000000000 0.575199100 0.424800900
Q:/crcrcc: 0.000000000 0.000000000 1.000000000
Q:/crcrcf: 0.000000000 0.503772181 0.496227819
Q:/crcrfc: 0.000000000 0.346348383 0.653651617
Q:/crcrff: 0.000000000 1.000000000 0.000000000
Q:/rc: 0.057021135 0.505002614 0.437976251
Q:/rccrcc: 0.000000000 0.934489922 0.065510078
Q:/rccrcf: 0.000000000 0.833970943 0.166029057
Q:/rccrfc: 0.000000000 0.318714196 0.681285804
Q:/rccrff: 0.000000000 0.653565717 0.346434283
Q:/rf: 0.397424266 0.093340253 0.509235482
Q:/rfcrc: 0.000000000 0.573756558 0.426243442
Q:/rfcrf: 0.000000000 0.595242131 0.404757869
Q:/rr: 0.000000000 0.887105248 0.112894752
T:/cc: 0.000000000 1.000000000 0.000000000
T:/cccrcc: 1.000000000 0.000000000 0.000000000
T:/cccrcf: 1.000000000 0.000000000 0.000000000
T:/cccrcr: 0.000000000 0.135883354 0.864116646
T:/cccrfc: 0.239857610 0.287296471 0.472845919
T:/cccrff: 0.000000000 0.450851867 0.549148133
T:/cccrfr: 0.000000000 0.494075527 0.505924473
T:/cccrrc: 0.000000000 0.762616363 0.237383637
T:/cccrrf: 0.000000000 0.920047560 0.079952440
T:/ccrccr: 0.000000000 0.327038779 0.672961221
T:/ccrcfr: 0.000000000 0.523839759 0.476160241
T:/ccrcrc: 0.000000000 0.426118502 0.573881498
T:/ccrcrf: 0.000000000 0.498030014 0.501969986
T:/ccrfcr: 0.000000000 0.956452113 0.043547887
T:/ccrffr: 0.000000000 0.388860114 0.611139886
T:/ccrfrc: 0.000000000 0.248270517 0.751729483
T:/ccrfrf: 0.000000000 0.760918629 0.239081371
T:/ccrrcc: 0.000000000 0.023228780 0.976771220
T:/ccrrcf: 0.000000000 0.324225536 0.675774464
T:/ccrrfc: 0.000000000 0.158137334 0.841862666
T:/ccrrff: 0.000000000 0.184640571 0.815359429
T:/cr: 0.000000000 0.425204416 0.574795584
T:/crccrc: 0.000000000 0.079630537 0.920369463
T:/crccrf: 0.000000000 0.774571188 0.225428812
T:/crcfrc: 0.000000000 0.109686363 0.890313637
T:/crcfrf: 0.000000000 0.386436235 0.613563765
T:/crcrcc: 0.000000000 0.214473991 0.785526009
T:/crcrcf: 0.000000000 0.422675131 0.577324869
T:/crcrfc: 0.000000000 0.000000000 1.000000000
T:/crcrff: 0.000000000 1.000000000 0.000000000
T:/rc: 0.333052992 0.450890599 0.216056409
T:/rccrcc: 0.000000000 0.000000000 1.000000000
T:/rccrcf: 0.000000000 0.427280327 0.572719673
T:/rccrfc: 0.000000000 0.473198263 0.526801737
T:/rccrff: 0.000000000 0.225126045 0.774873955
T:/rf: 0.546907866 0.381336052 0.071756081
T:/rfcrc: 0.000000000 0.861660206 0.138339794
T:/rfcrf: 0.000000000 0.323469122 0.676530878
T:/rr: 0.000000000 0.656358719 0.343641281
