5:/: 0.031716229 0.968283771 0.000000000
5:/ccr: 0.481129682 0.518870318 0.000000000
5:/ccrcrc: 0.044987959 0.141029380 0.813982661
5:/ccrcrf: 0.109403790 0.496354604 0.394241606
5:/ccrcrr: 0.000000000 0.000000000 1.000000000
5:/ccrrcr: 0.000000000 0.721367440 0.278632560
5:/ccrrfr: 0.000000000 0.133367078 0.866632922
5:/ccrrrc: 0.000000000 0.000000000 1.000000000
5:/ccrrrf: 0.000000000 0.218263892 0.781736108
5:/crc: 0.000205774 0.000000000 0.999794226
5:/crcrcr: 0.000000000 0.914683165 0.085316835
5:/crcrfr: 0.000000000 0.137227674 0.862772326
5:/crcrrc: 0.000000000 0.214119204 0.785880796
5:/crcrrf: 0.000000000 0.473298108 0.526701892
5:/crf: 0.004589579 0.000000000 0.995410421
5:/crfrr: 0.000000000 0.000000000 1.000000000
5:/crr: 0.559243146 0.000000000 0.440756854
5:/crrcrc: 0.000000000 0.154290100 0.845709900
5:/crrcrf: 0.000000000 0.585697354 0.414302646
5:/rcr: 0.998824243 0.000387970 0.000787788
5:/rcrcrc: 0.000000000 0.000000000 1.000000000
5:/rcrcrf: 0.000000000 0.000000000 1.000000000
5:/rfr: 0.436669523 0.138491679 0.424838798
5:/rrc: 0.000000000 0.249729610 0.750270390
5:/rrf: 0.000000000 0.211161305 0.788838695
5:/rrr: 0.000000000 0.522039552 0.477960448
6:/: 0.165292901 0.834707099 0.000000000
6:/ccr: 0.000261208 0.000000000 0.999738792
6:/ccrcrc: 0.243767282 0.292634693 0.463598025
6:/ccrcrf: 0.020088116 0.713917891 0.265993992
6:/ccrcrr: 0.000000000 0.496615230 0.503384770
6:/ccrrcr: 0.000000000 0.521321103 0.478678897
6:/ccrrfr: 0.000000000 0.629100731 0.370899269
6:/ccrrrc: 0.000000000 0.000000000 1.000000000
6:/ccrrrf: 0.000000000 0.493350208 0.506649792
6:/crc: 0.000224667 0.000000000 0.999775333
6:/crcrcr: 0.000000000 0.296184717 0.703815283
6:/crcrfr: 0.000000000 0.422301165 0.577698835
6:/crcrrc: 0.000000000 0.226531612 0.773468388
6:/crcrrf: 0.000000000 0.610683221 0.389316779
6:/crf: 0.001625571 0.000000000 0.998374429
6:/crfrr: 0.000000000 0.000000000 1.000000000
6:/crr: 0.197052719 0.225351402 0.577595879
6:/crrcrc: 0.000000000 0.417791592 0.582208408
6:/crrcrf: 0.000000000 0.533869270 0.466130730
6:/rcr: 0.872029938 0.000638270 0.127331792
6:/rcrcrc: 0.000000000 0.000000000 1.000000000
6:/rcrcrf: 0.000000000 0.000000000 1.000000000
6:/rfr: 0.261843148 0.316133166 0.422023686
6:/rrc: 0.000000000 0.225637730 0.774362270
6:/rrf: 0.163073550 0.085492475 0.751433975
6:/rrr: 0.000000000 0.000000000 1.000000000
7:/: 0.255900328 0.744099672 0.000000000
7:/ccr: 0.557208491 0.000015102 0.442776406
7:/ccrcrc: 0.067199935 0.168587726 0.764212339
7:/ccrcrf: 0.149486772 0.362543732 0.487969497
7:/ccrcrr: 0.000000000 0.626240361 0.373759639
7:/ccrrcr: 0.000000000 0.482420144 0.517579856
7:/ccrrfr: 0.000000000 0.916808849 0.083191151
7:/ccrrrc: 0.000000000 0.265650000 0.734350000
7:/ccrrrf: 0.000000000 0.439436704 0.560563296
7:/crc: 0.000206308 0.000000000 0.999793692
7:/crcrcr: 0.000000000 0.896275493 0.103724507
7:/crcrfr: 0.000000000 0.427415180 0.572584820
7:/crcrrc: 0.000000000 0.000000000 1.000000000
7:/crcrrf: 0.000000000 0.304525753 0.695474247
7:/crf: 0.003533058 0.081127620 0.915339322
7:/crfrr: 0.000000000 0.000000000 1.000000000
7:/crr: 0.640911526 0.000000000 0.359088474
7:/crrcrc: 0.000000000 0.371381888 0.628618112
7:/crrcrf: 0.000000000 0.912653587 0.087346413
7:/rcr: 0.474111916 0.000498838 0.525389246
7:/rcrcrc: 0.000000000 0.000000000 1.000000000
7:/rcrcrf: 0.000000000 0.000000000 1.000000000
7:/rfr: 0.314867929 0.438993425 0.246138646
7:/rrc: 0.229756940 0.462788895 0.307454164
7:/rrf: 0.000000000 0.066568592 0.933431408
7:/rrr: 0.000000000 0.273569804 0.726430196
8:/: 0.000000000 1.000000000 0.000000000
8:/ccr: 0.871288197 0.062578249 0.066133554
8:/ccrcrc: 0.000000000 0.575085443 0.424914557
8:/ccrcrf: 0.000000000 0.562272610 0.437727390
8:/ccrcrr: 0.000000000 0.661895481 0.338104519
8:/ccrrcr: 0.000000000 0.452423882 0.547576118
8:/ccrrfr: 0.000000000 0.476942162 0.523057838
8:/ccrrrc: 0.000000000 0.000000000 1.000000000
8:/ccrrrf: 0.000000000 0.538546918 0.461453082
8:/crc: 0.000204158 0.000000000 0.999795842
8:/crcrcr: 0.000000000 0.966229877 0.033770123
8:/crcrfr: 0.000000000 0.181644952 0.818355048
8:/crcrrc: 0.000000000 0.574613321 0.425386679
8:/crcrrf: 0.000000000 0.000000000 1.000000000
8:/crf: 0.013781292 0.357124729 0.629093979
8:/crfrr: 0.000000000 0.000000000 1.000000000
8:/crr: 0.000000000 0.490722048 0.509277952
8:/crrcrc: 0.000000000 0.954552241 0.045447759
8:/crrcrf: 0.000000000 0.117926326 0.882073674
8:/rcr: 0.902461202 0.032565767 0.064973030
8:/rcrcrc: 0.000000000 0.000000000 1.000000000
8:/rcrcrf: 0.000000000 0.000000000 1.000000000
8:/rfr: 0.414800530 0.241528394 0.343671076
8:/rrc: 0.142495645 0.338561496 0.518942859
8:/rrf: 0.000000000 0.255076998 0.744923002
8:/rrr: 0.000000000 0.000000000 1.000000000
9:/: 0.000000000 1.000000000 0.000000000
9:/ccr: 0.853798804 0.079901258 0.066299938
9:/ccrcrc: 0.035469227 0.520626132 0.443904641
9:/ccrcrf: 0.000000000 0.033272668 0.966727332
9:/ccrcrr: 0.000000000 0.212375605 0.787624395
9:/ccrrcr: 0.000000000 0.268910326 0.731089674
9:/ccrrfr: 0.000000000 0.144389279 0.855610721
9:/ccrrrc: 0.000000000 0.406520806 0.593479194
9:/ccrrrf: 0.000000000 0.225051426 0.774948574
9:/crc: 0.000217481 0.000000000 0.999782519
9:/crcrcr: 0.000000000 0.532225992 0.467774008
9:/crcrfr: 0.000000000 0.437835395 0.562164605
9:/crcrrc: 0.000000000 0.731086107 0.268913893
9:/crcrrf: 0.000000000 0.257303543 0.742696457
9:/crf: 0.004267703 0.695141666 0.300590631
9:/crfrr: 0.000000000 0.000000000 1.000000000
9:/crr: 0.437753438 0.356505850 0.205740712
9:/crrcrc: 0.000000000 0.559073188 0.440926812
9:/crrcrf: 0.000000000 0.474411339 0.525588661
9:/rcr: 0.736168545 0.000654096 0.263177359
9:/rcrcrc: 0.000000000 0.000000000 1.000000000
9:/rcrcrf: 0.000000000 0.000000000 1.000000000
9:/rfr: 0.773735230 0.135336242 0.090928528
9:/rrc: 0.000000000 0.324891945 0.675108055
9:/rrf: 0.000000000 0.173044488 0.826955512
9:/rrr: 0.000000000 0.665949925 0.334050075
A:/: 0.887206725 0.112793275 0.000000000
A:/ccr: 0.643869412 0.356130588 0.000000000
A:/ccrcrc: 0.575030668 0.424969332 0.000000000
A:/ccrcrf: 0.729697047 0.270302953 0.000000000
A:/ccrcrr: 0.000000000 0.922246346 0.077753654
A:/ccrrcr: 0.000000000 0.784668075 0.215331925
A:/ccrrfr: 0.000000000 0.630990375 0.369009625
A:/ccrrrc: 0.000000000 0.463302218 0.536697782
A:/ccrrrf: 0.000000000 1.000000000 0.000000000
A:/crc: 0.495678645 0.504321355 0.000000000
A:/crcrcr: 0.000000000 0.816082327 0.183917673
A:/crcrfr: 0.000000000 0.509000267 0.490999733
A:/crcrrc: 0.000000000 0.993622066 0.006377934
A:/crcrrf: 0.000000000 1.000000000 0.000000000
A:/crf: 1.000000000 0.000000000 0.000000000
A:/crfrr: 0.000000000 1.000000000 0.000000000
A:/crr: 0.624843075 0.375156925 0.000000000
A:/crrcrc: 0.000000000 0.392538184 0.607461816
A:/crrcrf: 0.000000000 0.375057005 0.624942995
A:/rcr: 0.999678056 0.000321944 0.000000000
A:/rcrcrc: 0.000000000 1.000000000 0.000000000
A:/rcrcrf: 0.000000000 1.000000000 0.000000000
A:/rfr: 0.474109047 0.177886134 0.348004820
A:/rrc: 0.584751257 0.373597962 0.041650781
A:/rrf: 0.497601074 0.502398926 0.000000000
A:/rrr: 0.000000000 0.506682465 0.493317535
J:/: 0.000000000 1.000000000 0.000000000
J:/ccr: 0.762560058 0.179787436 0.057652506
J:/ccrcrc: 0.000000000 0.570144261 0.429855739
J:/ccrcrf: 0.117927358 0.249026745 0.633045898
J:/ccrcrr: 0.000000000 0.446985559 0.553014441
J:/ccrrcr: 0.000000000 0.722163551 0.277836449
J:/ccrrfr: 0.000000000 0.413474305 0.586525695
J:/ccrrrc: 0.000000000 0.416621235 0.583378765
J:/ccrrrf: 0.000000000 0.639889616 0.360110384
J:/crc: 0.004580280 0.166268225 0.829151495
J:/crcrcr: 0.000000000 0.948147481 0.051852519
J:/crcrfr: 0.000000000 0.617605046 0.382394954
J:/crcrrc: 0.000000000 0.499295491 0.500704509
J:/crcrrf: 0.000000000 0.231539011 0.768460989
J:/crf: 0.004774261 0.839681720 0.155544019
J:/crfrr: 0.000000000 0.000000000 1.000000000
J:/crr: 0.690577408 0.000000000 0.309422592
J:/crrcrc: 0.000000000 0.774950002 0.225049998
J:/crrcrf: 0.000000000 0.638337718 0.361662282
J:/rcr: 0.899968999 0.008484237 0.091546765
J:/rcrcrc: 0.000000000 0.180645083 0.819354917
J:/rcrcrf: 0.000000000 0.085703828 0.914296172
J:/rfr: 0.697876376 0.259245227 0.042878397
J:/rrc: 0.113389365 0.445188141 0.441422495
J:/rrf: 0.000000000 0.363919905 0.636080095
J:/rrr: 0.000000000 0.287642576 0.712357424
K:/: 0.000000000 1.000000000 0.000000000
K:/ccr: 0.706897176 0.293102824 0.000000000
K:/ccrcrc: 0.160970417 0.592058188 0.246971395
K:/ccrcrf: 0.555249058 0.408863225 0.035887717
K:/ccrcrr: 0.000000000 0.868996140 0.131003860
K:/ccrrcr: 0.000000000 0.701519628 0.298480372
K:/ccrrfr: 0.000000000 0.745688313 0.254311687
K:/ccrrrc: 0.000000000 0.497907879 0.502092121
K:/ccrrrf: 0.000000000 0.804117456 0.195882544
K:/crc: 0.000000108 0.676184833 0.323815059
K:/crcrcr: 0.000000000 0.024112828 0.975887172
K:/crcrfr: 0.000000000 0.571419218 0.428580782
K:/crcrrc: 0.000000000 0.665500095 0.334499905
K:/crcrrf: 0.000000000 0.956848460 0.043151540
K:/crf: 0.000162059 0.999837941 0.000000000
K:/crfrr: 0.000000000 0.000000000 1.000000000
K:/crr: 0.192916269 0.643417474 0.163666257
K:/crrcrc: 0.000000000 0.782595366 0.217404634
K:/crrcrf: 0.000000000 0.474179570 0.525820430
K:/rcr: 0.147762068 0.852237932 0.000000000
K:/rcrcrc: 0.000000000 0.999951712 0.000048288
K:/rcrcrf: 0.000000000 0.999946336 0.000053664
K:/rfr: 0.577943927 0.180959961 0.241096113
K:/rrc: 0.214149171 0.551347523 0.234503306
K:/rrf: 0.040577280 0.625968082 0.333454638
K:/rrr: 0.000000000 0.761373032 0.238626968
Q:/: 0.000000000 1.000000000 0.000000000
Q:/ccr: 0.413358533 0.586641467 0.000000000
Q:/ccrcrc: 0.240788895 0.109046384 0.650164722
Q:/ccrcrf: 0.395552441 0.210801278 0.393646281
Q:/ccrcrr: 0.000000000 0.238201469 0.761798531
Q:/ccrrcr: 0.000000000 0.481303726 0.518696274
Q:/ccrrfr: 0.000000000 0.728743172 0.271256828
Q:/ccrrrc: 0.000000000 0.195128955 0.804871045
Q:/ccrrrf: 0.000000000 0.540660587 0.459339413
Q:/crc: 0.000000221 0.489321665 0.510678114
Q:/crcrcr: 0.000000000 0.459071427 0.540928573
Q:/crcrfr: 0.000000000 0.138033090 0.861966910
Q:/crcrrc: 0.000000000 0.844567309 0.155432691
Q:/crcrrf: 0.000000000 0.408225757 0.591774243
Q:/crf: 0.001733960 0.998266040 0.000000000
Q:/crfrr: 0.000000000 0.000000000 1.000000000
Q:/crr: 0.422091998 0.368108433 0.209799569
Q:/crrcrc: 0.000000000 0.976947774 0.023052226
Q:/crrcrf: 0.000000000 0.977137525 0.022862475
Q:/rcr: 0.000000000 0.057125033 0.942874967
Q:/rcrcrc: 0.000000000 0.000000000 1.000000000
Q:/rcrcrf: 0.000000000 0.562954055 0.437045945
Q:/rfr: 0.514540756 0.407301788 0.078157456
Q:/rrc: 0.267886237 0.204026122 0.528087641
Q:/rrf: 0.000000000 0.078525700 0.921474300
Q:/rrr: 0.000000000 0.453928542 0.546071458
T:/: 0.000000000 1.000000000 0.000000000
T:/ccr: 0.920826296 0.012375463 0.066798241
T:/ccrcrc: 0.000000000 0.210213556 0.789786444
T:/ccrcrf: 0.000000000 0.314823340 0.685176660
T:/ccrcrr: 0.000000000 0.239954361 0.760045639
T:/ccrrcr: 0.000000000 0.923639450 0.076360550
T:/ccrrfr: 0.000000000 0.504019192 0.495980808
T:/ccrrrc: 0.000000000 0.067636042 0.932363958
T:/ccrrrf: 0.000000000 0.352871148 0.647128852
T:/crc: 0.000225021 0.000000000 0.999774979
T:/crcrcr: 0.000000000 0.285119657 0.714880343
T:/crcrfr: 0.000000000 0.699763933 0.300236067
T:/crcrrc: 0.000000000 0.857035558 0.142964442
T:/crcrrf: 0.000000000 0.879052962 0.120947038
T:/crf: 0.005397980 0.580227381 0.414374638
T:/crfrr: 0.000000000 0.000000000 1.000000000
T:/crr: 0.808908147 0.000000000 0.191091853
T:/crrcrc: 0.000000000 0.877628058 0.122371942
T:/crrcrf: 0.000000000 0.511748165 0.488251835
T:/rcr: 0.998886110 0.000398120 0.000715770
T:/rcrcrc: 0.000000000 0.000000000 1.000000000
T:/rcrcrf: 0.000000000 0.000000000 1.000000000
T:/rfr: 0.692656594 0.072646055 0.234697350
T:/rrc: 0.000000000 0.228929353 0.771070647
T:/rrf: 0.000000000 0.343726619 0.656273381
T:/rrr: 0.000000000 0.634748009 0.365251991
