5:/cc: 0.004873688 0.995126312 0.000000000
5:/ccrcr: 0.000000000 0.238242830 0.761757170
5:/ccrcrcrc: 0.000000000 0.051033917 0.948966083
5:/ccrcrcrf: 0.000000000 0.900345571 0.099654429
5:/ccrfr: 0.000000000 0.124333841 0.875666159
5:/ccrrc: 0.200401417 0.000000000 0.799598583
5:/ccrrf: 0.466393323 0.042320488 0.491286190
5:/ccrrr: 0.000000000 0.000000000 1.000000000
5:/cr: 0.000950922 0.000000000 0.999049078
5:/crcrc: 0.012618783 0.313304925 0.674076291
5:/crcrf: 0.398976661 0.111377465 0.489645874
5:/crcrr: 0.000000000 0.356054682 0.643945318
5:/crrcr: 0.000000000 0.000000000 1.000000000
5:/crrfr: 0.000000000 0.391583197 0.608416803
5:/crrrc: 0.000000000 0.000000000 1.000000000
5:/crrrf: 0.000000000 0.059838690 0.940161310
5:/rc: 0.355678031 0.059183879 0.585138090
5:/rcrcr: 0.000000000 0.197966022 0.802033978
5:/rcrfr: 0.000000000 0.765649086 0.234350914
5:/rcrrc: 0.000000000 0.116572902 0.883427098
5:/rcrrf: 0.000000000 0.521066623 0.478933377
5:/rf: 0.255661308 0.012799818 0.731538873
5:/rfrr: 0.000000000 0.406445601 0.593554399
5:/rr: 0.088951364 0.202056901 0.708991735
5:/rrcrc: 0.000000000 0.416883859 0.583116141
5:/rrcrf: 0.000000000 0.555587757 0.444412243
6:/cc: 0.999539956 0.000460044 0.000000000
6:/ccrcr: 0.000023926 0.253090174 0.746885900
6:/ccrcrcrc: 0.000000000 0.764293630 0.235706370
6:/ccrcrcrf: 0.000000000 0.768505342 0.231494658
6:/ccrfr: 0.036371766 0.300456012 0.663172221
6:/ccrrc: 0.165416756 0.000000000 0.834583244
6:/ccrrf: 0.350664845 0.384570731 0.264764425
6:/ccrrr: 0.000000000 0.000000000 1.000000000
6:/cr: 0.000722583 0.000000000 0.999277417
6:/crcrc: 0.221396666 0.394429834 0.384173500
6:/crcrf: 0.447450609 0.248475681 0.304073710
6:/crcrr: 0.000000000 0.119099605 0.880900395
6:/crrcr: 0.000000000 0.000000000 1.000000000
6:/crrfr: 0.000000000 0.492870859 0.507129141
6:/crrrc: 0.000000000 0.000000000 1.000000000
6:/crrrf: 0.000000000 0.731244304 0.268755696
6:/rc: 0.578397621 0.000000000 0.421602379
6:/rcrcr: 0.000000000 0.600435086 0.399564914
6:/rcrfr: 0.000000000 0.421459664 0.578540336
6:/rcrrc: 0.000000000 0.000000000 1.000000000
6:/rcrrf: 0.000000000 0.484507607 0.515492393
6:/rf: 0.063923587 0.433650094 0.502426319
6:/rfrr: 0.000000000 0.969300013 0.030699987
6:/rr: 0.136359078 0.031779361 0.831861560
6:/rrcrc: 0.000000000 0.087062834 0.912937166
6:/rrcrf: 0.000000000 0.610605303 0.389394697
7:/cc: 0.071667835 0.928332165 0.000000000
7:/ccrcr: 0.000000000 0.000000000 1.000000000
7:/ccrcrcrc: 0.000000000 0.467373088 0.532626912
7:/ccrcrcrf: 0.000000000 0.452668741 0.547331259
7:/ccrfr: 0.217612309 0.170350620 0.612037071
7:/ccrrc: 0.042007311 0.000000000 0.957992689
7:/ccrrf: 0.134322105 0.795955448 0.069722447
7:/ccrrr: 0.000000000 0.000000000 1.000000000
7:/cr: 0.001295651 0.000000000 0.998704349
7:/crcrc: 0.122282392 0.046579276 0.831138332
7:/crcrf: 0.207125763 0.388114076 0.404760161
7:/crcrr: 0.000000000 0.358406023 0.641593977
7:/crrcr: 0.000000000 0.000000000 1.000000000
7:/crrfr: 0.000000000 0.036716791 0.963283209
7:/crrrc: 0.000000000 0.119214568 0.880785432
7:/crrrf: 0.000000000 0.870108141 0.129891859
7:/rc: 0.697067276 0.000000000 0.302932724
7:/rcrcr: 0.000000000 0.730352736 0.269647264
7:/rcrfr: 0.000000000 0.816555652 0.183444348
7:/rcrrc: 0.000000000 0.261605711 0.738394289
7:/rcrrf: 0.000000000 0.626374796 0.373625204
7:/rf: 0.240932161 0.281153470 0.477914368
7:/rfrr: 0.000000000 0.586190022 0.413809978
7:/rr: 0.000000000 0.603119039 0.396880961
7:/rrcrc: 0.000000000 0.798558480 0.201441520
7:/rrcrf: 0.000000000 0.423271350 0.576728650
8:/cc: 0.000000000 1.000000000 0.000000000
8:/ccrcr: 0.000008944 0.117376937 0.882614119
8:/ccrcrcrc: 0.000000000 0.011388370 0.988611630
8:/ccrcrcrf: 0.000000000 0.277325233 0.722674767
8:/ccrfr: 0.043440271 0.057479422 0.899080307
8:/ccrrc: 0.250236869 0.000000000 0.749763131
8:/ccrrf: 0.347077365 0.341541978 0.311380657
8:/ccrrr: 0.000000000 0.000000000 1.000000000
8:/cr: 0.218618949 0.000000000 0.781381051
8:/crcrc: 0.618701623 0.323053945 0.058244432
8:/crcrf: 0.311532278 0.300917406 0.387550316
8:/crcrr: 0.000000000 0.637952370 0.362047630
8:/crrcr: 0.000000000 0.455608655 0.544391345
8:/crrfr: 0.000000000 0.000000000 1.000000000
8:/crrrc: 0.000000000 0.000000000 1.000000000
8:/crrrf: 0.000000000 0.992517395 0.007482605
8:/rc: 0.311563948 0.000000000 0.688436052
8:/rcrcr: 0.000000000 0.262729233 0.737270767
8:/rcrfr: 0.000000000 0.286400328 0.713599672
8:/rcrrc: 0.000000000 0.529403243 0.470596757
8:/rcrrf: 0.000000000 0.572758749 0.427241251
8:/rf: 0.449796464 0.480566094 0.069637442
8:/rfrr: 0.000000000 0.887882154 0.112117846
8:/rr: 0.094731890 0.399824120 0.505443990
8:/rrcrc: 0.000000000 0.760459696 0.239540304
8:/rrcrf: 0.000000000 0.501072835 0.498927165
9:/cc: 0.000000000 1.000000000 0.000000000
9:/ccrcr: 0.000002894 0.081587951 0.918409155
9:/ccrcrcrc: 0.000000000 0.046856156 0.953143844
9:/ccrcrcrf: 0.000000000 0.557970600 0.442029400
9:/ccrfr: 0.174404103 0.277122484 0.548473413
9:/ccrrc: 0.232073322 0.000000000 0.767926678
9:/ccrrf: 0.329536318 0.467457145 0.203006537
9:/ccrrr: 0.000000000 0.000000000 1.000000000
9:/cr: 0.001474329 0.000000000 0.998525671
9:/crcrc: 0.401769641 0.561993948 0.036236411
9:/crcrf: 0.295537018 0.335976125 0.368486857
9:/crcrr: 0.000000000 0.580780038 0.419219962
9:/crrcr: 0.000000000 0.000000000 1.000000000
9:/crrfr: 0.000000000 0.444663541 0.555336459
9:/crrrc: 0.000000000 0.000000000 1.000000000
9:/crrrf: 0.000000000 0.532338303 0.467661697
9:/rc: 0.373459604 0.000000000 0.626540396
9:/rcrcr: 0.000000000 0.447776853 0.552223147
9:/rcrfr: 0.000000000 0.473325941 0.526674059
9:/rcrrc: 0.000000000 0.469643936 0.530356064
9:/rcrrf: 0.000000000 0.297819450 0.702180550
9:/rf: 0.563115060 0.432111110 0.004773830
9:/rfrr: 0.000000000 0.766140166 0.233859834
9:/rr: 0.152958645 0.046491647 0.800549708
9:/rrcrc: 0.000000000 0.351255532 0.648744468
9:/rrcrf: 0.000000000 0.433166828 0.566833172
A:/cc: 1.000000000 0.000000000 0.000000000
A:/ccrcr: 0.483833068 0.516166932 0.000000000
A:/ccrcrcrc: 0.000000000 1.000000000 0.000000000
A:/ccrcrcrf: 0.000000000 0.604528440 0.395471560
A:/ccrfr: 0.113647428 0.886352572 0.000000000
A:/ccrrc: 1.000000000 0.000000000 0.000000000
A:/ccrrf: 0.106781713 0.693878499 0.199339788
A:/ccrrr: 0.000000000 1.000000000 0.000000000
A:/cr: 1.000000000 0.000000000 0.000000000
A:/crcrc: 0.424744308 0.451125484 0.124130208
A:/crcrf: 0.518254630 0.046696571 0.435048799
A:/crcrr: 0.000000000 0.481466582 0.518533418
A:/crrcr: 0.000000000 0.985462341 0.014537659
A:/crrfr: 0.000000000 1.000000000 0.000000000
A:/crrrc: 0.000000000 1.000000000 0.000000000
A:/crrrf: 0.000000000 0.385325601 0.614674399
A:/rc: 0.360467689 0.639532311 0.000000000
A:/rcrcr: 0.000000000 0.259535303 0.740464697
A:/rcrfr: 0.000000000 1.000000000 0.000000000
A:/rcrrc: 0.000000000 1.000000000 0.000000000
A:/rcrrf: 0.000000000 0.425308271 0.574691729
A:/rf: 0.330929085 0.192990912 0.476080003
A:/rfrr: 0.000000000 0.189682723 0.810317277
A:/rr: 0.550960179 0.449039821 0.000000000
A:/rrcrc: 0.000000000 0.746584042 0.253415958
A:/rrcrf: 0.000000000 0.523504543 0.476495457
J:/cc: 0.000000000 1.000000000 0.000000000
J:/ccrcr: 0.211794898 0.188716771 0.599488331
J:/ccrcrcrc: 0.000000000 0.680631290 0.319368710
J:/ccrcrcrf: 0.000000000 0.665171784 0.334828216
J:/ccrfr: 0.000000000 0.022793999 0.977206001
J:/ccrrc: 0.252624278 0.000000000 0.747375722
J:/ccrrf: 0.443705173 0.151322489 0.404972338
J:/ccrrr: 0.000000000 0.000000000 1.000000000
J:/cr: 0.001087014 0.000000000 0.998912986
J:/crcrc: 0.000000000 0.511382094 0.488617906
J:/crcrf: 0.499554044 0.071431824 0.429014131
J:/crcrr: 0.000000000 0.597228394 0.402771606
J:/crrcr: 0.000000000 0.348664565 0.651335435
J:/crrfr: 0.000000000 0.000000000 1.000000000
J:/crrrc: 0.000000000 0.179168852 0.820831148
J:/crrrf: 0.000000000 0.519428872 0.480571128
J:/rc: 0.343518388 0.000000000 0.656481612
J:/rcrcr: 0.000000000 0.330919128 0.669080872
J:/rcrfr: 0.000000000 0.514097681 0.485902319
J:/rcrrc: 0.000000000 0.263974082 0.736025918
J:/rcrrf: 0.000000000 0.726642933 0.273357067
J:/rf: 0.189626237 0.384586584 0.425787179
J:/rfrr: 0.000000000 0.714298054 0.285701946
J:/rr: 0.362117573 0.399572281 0.238310146
J:/rrcrc: 0.000000000 0.684994706 0.315005294
J:/rrcrf: 0.000000000 0.513584317 0.486415683
K:/cc: 0.779006918 0.220993082 0.000000000
K:/ccrcr: 0.119612942 0.662395298 0.217991760
K:/ccrcrcrc: 0.000000000 0.496445266 0.503554734
K:/ccrcrcrf: 0.000000000 0.178880684 0.821119316
K:/ccrfr: 0.133408539 0.479955652 0.386635809
K:/ccrrc: 0.785773074 0.214226926 0.000000000
K:/ccrrf: 0.591868774 0.348948403 0.059182823
K:/ccrrr: 0.000000000 0.999237854 0.000762146
K:/cr: 0.000164480 0.999835520 0.000000000
K:/crcrc: 0.693611672 0.305473482 0.000914847
K:/crcrf: 0.477417447 0.391439466 0.131143087
K:/crcrr: 0.000000000 0.605923823 0.394076177
K:/crrcr: 0.000000000 0.488503894 0.511496106
K:/crrfr: 0.000000000 0.104282704 0.895717296
K:/crrrc: 0.000000000 0.401887865 0.598112135
K:/crrrf: 0.000000000 0.400042625 0.599957375
K:/rc: 0.416209251 0.583790749 0.000000000
K:/rcrcr: 0.000000000 0.774026692 0.225973308
K:/rcrfr: 0.000000000 1.000000000 0.000000000
K:/rcrrc: 0.000000000 1.000000000 0.000000000
K:/rcrrf: 0.000000000 0.144966424 0.855033576
K:/rf: 0.276343649 0.202350739 0.521305613
K:/rfrr: 0.000000000 0.455042687 0.544957313
K:/rr: 0.572383767 0.037715969 0.389900263
K:/rrcrc: 0.000000000 0.144302532 0.855697468
K:/rrcrf: 0.000000000 0.215640887 0.784359113
Q:/cc: 0.000000000 1.000000000 0.000000000
Q:/ccrcr: 0.286352849 0.268464140 0.445183011
Q:/ccrcrcrc: 0.000000000 0.367714068 0.632285932
Q:/ccrcrcrf: 0.000000000 0.650539532 0.349460468
Q:/ccrfr: 0.000000000 0.388368666 0.611631334
Q:/ccrrc: 0.653914541 0.346085459 0.000000000
Q:/ccrrf: 0.618498298 0.361704130 0.019797573
Q:/ccrrr: 0.000000000 0.995980824 0.004019176
Q:/cr: 0.000671619 0.857805213 0.141523168
Q:/crcrc: 0.220327618 0.430917285 0.348755097
Q:/crcrf: 0.555987660 0.104666358 0.339345982
Q:/crcrr: 0.000000000 0.595546264 0.404453736
Q:/crrcr: 0.000000000 0.149922065 0.850077935
Q:/crrfr: 0.000000000 0.259527302 0.740472698
Q:/crrrc: 0.000000000 0.000000000 1.000000000
Q:/crrrf: 0.000000000 0.481133934 0.518866066
Q:/rc: 0.068647883 0.194665251 0.736686866
Q:/rcrcr: 0.000000000 0.796543261 0.203456739
Q:/rcrfr: 0.000000000 0.398582039 0.601417961
Q:/rcrrc: 0.000000000 0.000000000 1.000000000
Q:/rcrrf: 0.000000000 0.065426291 0.934573709
Q:/rf: 0.086684626 0.443663106 0.469652268
Q:/rfrr: 0.000000000 0.273598040 0.726401960
Q:/rr: 0.054189322 0.548218855 0.397591823
Q:/rrcrc: 0.000000000 0.231365682 0.768634318
Q:/rrcrf: 0.000000000 0.645662339 0.354337661
T:/cc: 0.000000000 1.000000000 0.000000000
T:/ccrcr: 0.120644227 0.000027013 0.879328760
T:/ccrcrcrc: 0.000000000 0.394023460 0.605976540
T:/ccrcrcrf: 0.000000000 0.550531028 0.449468972
T:/ccrfr: 0.030150817 0.130425864 0.839423318
T:/ccrrc: 0.000453036 0.431228540 0.568318424
T:/ccrrf: 0.541893124 0.201706466 0.256400410
T:/ccrrr: 0.000000000 0.000000000 1.000000000
T:/cr: 0.000944044 0.000000000 0.999055956
T:/crcrc: 0.393673225 0.462973493 0.143353283
T:/crcrf: 0.166007051 0.454443954 0.379548996
T:/crcrr: 0.000000000 0.158547065 0.841452935
T:/crrcr: 0.000000000 0.000000000 1.000000000
T:/crrfr: 0.000000000 0.163273969 0.836726031
T:/crrrc: 0.000000000 0.000000000 1.000000000
T:/crrrf: 0.000000000 0.795842594 0.204157406
T:/rc: 0.207696250 0.099694833 0.692608917
T:/rcrcr: 0.000000000 0.223387051 0.776612949
T:/rcrfr: 0.000000000 0.315400704 0.684599296
T:/rcrrc: 0.000000000 0.774070050 0.225929950
T:/rcrrf: 0.000000000 0.904140005 0.095859995
T:/rf: 0.431986228 0.053531532 0.514482239
T:/rfrr: 0.000000000 0.954965060 0.045034940
T:/rr: 0.000000000 0.232710449 0.767289551
T:/rrcrc: 0.000000000 0.483946264 0.516053736
T:/rrcrf: 0.000000000 0.902009723 0.097990277
