A:/: 0.051795864 0.948204136 0.000000000
A:/cccr: 0.535877731 0.464122269 0.000000000
A:/cccrccrc: 0.360909130 0.357794971 0.281295899
A:/cccrccrccrcc: 0.000000000 0.398574109 0.601425891
A:/cccrccrccrcf: 0.000000000 0.440884516 0.559115484
A:/cccrccrccrfc: 0.000000000 0.482174993 0.517825007
A:/cccrccrccrff: 0.000000000 0.036560897 0.963439103
A:/cccrccrf: 0.216774205 0.456544306 0.326681489
A:/cccrccrfcrc: 0.000000000 0.246798673 0.753201327
A:/cccrccrfcrf: 0.000000000 0.484227705 0.515772295
A:/cccrccrr: 0.000000000 0.642179100 0.357820900
A:/cccrcfrc: 0.171495146 0.414371079 0.414133775
A:/cccrcfrf: 0.387568461 0.446775937 0.165655602
A:/cccrcfrr: 0.000000000 0.720157632 0.279842368
A:/cccrcrcc: 0.451831802 0.436619878 0.111548320
A:/cccrcrcf: 0.739010633 0.260989367 0.000000000
A:/cccrcrcr: 0.000000000 0.916853412 0.083146588
A:/cccrcrfc: 0.207090209 0.778697389 0.014212402
A:/cccrcrff: 0.219776586 0.734108805 0.046114609
A:/cccrcrfr: 0.000000000 0.675246170 0.324753830
A:/cccrcrrc: 0.000000000 0.782814767 0.217185233
A:/cccrcrrf: 0.000000000 0.965782139 0.034217861
A:/cccrrccr: 0.000000000 1.000000000 0.000000000
A:/cccrrcfr: 0.000000000 0.978541402 0.021458598
A:/cccrrcrc: 0.000000000 0.761707749 0.238292251
A:/cccrrcrf: 0.000000000 0.652887355 0.347112645
A:/cccrrfcr: 0.000000000 0.903957626 0.096042374
A:/cccrrffr: 0.000000000 0.929857317 0.070142683
A:/cccrrfrc: 0.000000000 1.000000000 0.000000000
A:/cccrrfrf: 0.000000000 0.447850706 0.552149294
A:/cccrrrcc: 0.000000000 1.000000000 0.000000000
A:/cccrrrcf: 0.000000000 1.000000000 0.000000000
A:/cccrrrfc: 0.000000000 1.000000000 0.000000000
A:/cccrrrff: 0.000000000 0.717859325 0.282140675
A:/ccrc: 0.036094726 0.963905274 0.000000000
A:/ccrccrcc: 0.553403743 0.392172698 0.054423560
A:/ccrccrcf: 0.558207704 0.077631275 0.364161021
A:/ccrccrcr: 0.000000000 0.636176496 0.363823504
A:/ccrccrfc: 0.442837411 0.223754697 0.333407893
A:/ccrccrff: 0.803549865 0.189183057 0.007267079
A:/ccrccrfr: 0.000000000 0.586583863 0.413416137
A:/ccrccrrc: 0.000000000 0.901364945 0.098635055
A:/ccrccrrf: 0.000000000 0.793318120 0.206681880
A:/ccrcrccr: 0.000000000 0.149987800 0.850012200
A:/ccrcrcfr: 0.000000000 0.364730356 0.635269644
A:/ccrcrcrc: 0.000000000 0.752436161 0.247563839
A:/ccrcrcrf: 0.000000000 0.434312333 0.565687667
A:/ccrcrfcr: 0.000000000 0.608189553 0.391810447
A:/ccrcrffr: 0.000000000 0.970622785 0.029377215
A:/ccrcrfrc: 0.000000000 0.625551418 0.374448582
A:/ccrcrfrf: 0.000000000 0.380838213 0.619161787
A:/ccrcrrcc: 0.000000000 0.428374056 0.571625944
A:/ccrcrrcf: 0.000000000 0.533611661 0.466388339
A:/ccrcrrfc: 0.000000000 0.319870734 0.680129266
A:/ccrcrrff: 0.000000000 0.360978028 0.639021972
A:/ccrf: 0.489065914 0.510934086 0.000000000
A:/ccrfcrc: 0.465806766 0.125845249 0.408347985
A:/ccrfcrf: 0.543972033 0.314835297 0.141192670
A:/ccrfcrr: 0.000000000 1.000000000 0.000000000
A:/ccrfrcr: 0.000000000 0.665317790 0.334682210
A:/ccrfrfr: 0.000000000 0.395547387 0.604452613
A:/ccrfrrc: 0.000000000 0.753580961 0.246419039
A:/ccrfrrf: 0.000000000 0.969339937 0.030660063
A:/ccrr: 0.799386425 0.200613575 0.000000000
A:/ccrrccrc: 0.000000000 0.602323036 0.397676964
A:/ccrrccrf: 0.000000000 0.336388792 0.663611208
A:/ccrrcfrc: 0.000000000 0.198678101 0.801321899
A:/ccrrcfrf: 0.000000000 0.493641956 0.506358044
A:/ccrrcrcc: 0.000000000 0.628280597 0.371719403
A:/ccrrcrcf: 0.000000000 0.311919268 0.688080732
A:/ccrrcrfc: 0.000000000 0.539393063 0.460606937
A:/ccrrcrff: 0.000000000 0.546722479 0.453277521
A:/crcc: 0.134479128 0.793184685 0.072336187
A:/crccrccr: 0.000000000 0.722451688 0.277548312
A:/crccrcfr: 0.000000000 0.483759102 0.516240898
A:/crccrcrc: 0.000000000 0.486018890 0.513981110
A:/crccrcrf: 0.000000000 0.626664590 0.373335410
A:/crccrfcr: 0.000000000 0.880559385 0.119440615
A:/crccrffr: 0.000000000 0.331256003 0.668743997
A:/crccrfrc: 0.000000000 0.282754623 0.717245377
A:/crccrfrf: 0.000000000 0.879708168 0.120291832
A:/crccrrcc: 0.000000000 0.345829046 0.654170954
A:/crccrrcf: 0.000000000 0.375188584 0.624811416
A:/crccrrfc: 0.000000000 0.397077249 0.602922751
A:/crccrrff: 0.000000000 0.383066201 0.616933799
A:/crcf: 0.450111880 0.275665255 0.274222864
A:/crcfrcr: 0.000000000 0.384761736 0.615238264
A:/crcfrfr: 0.000000000 0.561303094 0.438696906
A:/crcfrrc: 0.000000000 0.822499140 0.177500860
A:/crcfrrf: 0.000000000 0.306542918 0.693457082
A:/crcr: 0.510343045 0.250859558 0.238797398
A:/crcrccrc: 0.000000000 0.371670829 0.628329171
A:/crcrccrf: 0.000000000 0.500386854 0.499613146
A:/crcrcfrc: 0.000000000 0.953095245 0.046904755
A:/crcrcfrf: 0.000000000 0.382573659 0.617426341
A:/crcrcrcc: 0.000000000 0.452145701 0.547854299
A:/crcrcrcf: 0.000000000 0.101225306 0.898774694
A:/crcrcrfc: 0.000000000 0.594313578 0.405686422
A:/crcrcrff: 0.000000000 0.684046335 0.315953665
A:/crfc: 0.459579068 0.540420932 0.000000000
A:/crfcrcr: 0.000000000 0.833500349 0.166499651
A:/crfcrfr: 0.000000000 0.930033375 0.069966625
A:/crfcrrc: 0.000000000 0.785973534 0.214026466
A:/crfcrrf: 0.000000000 0.936722657 0.063277343
A:/crff: 0.858507800 0.141492200 0.000000000
A:/crffrr: 0.000000000 1.000000000 0.000000000
A:/crfr: 0.308792543 0.691207457 0.000000000
A:/crfrcrc: 0.000000000 1.000000000 0.000000000
A:/crfrcrf: 0.000000000 1.000000000 0.000000000
A:/crrc: 0.525076587 0.260997835 0.213925578
A:/crrccrcc: 0.000000000 0.991434475 0.008565525
A:/crrccrcf: 0.000000000 0.669788243 0.330211757
A:/crrccrfc: 0.000000000 0.198223954 0.801776046
A:/crrccrff: 0.000000000 0.525532891 0.474467109
A:/crrf: 0.486724819 0.310390480 0.202884702
A:/crrfcrc: 0.000000000 0.234091860 0.765908140
A:/crrfcrf: 0.000000000 0.907940752 0.092059248
A:/crrr: 0.000000000 0.633058425 0.366941575
A:/rccr: 0.668769639 0.331230361 0.000000000
A:/rccrccrc: 0.000000000 0.427603072 0.572396928
A:/rccrccrf: 0.000000000 0.117743256 0.882256744
A:/rccrcfrc: 0.000000000 0.072099000 0.927901000
A:/rccrcfrf: 0.000000000 0.539383250 0.460616750
A:/rccrcrcc: 0.000000000 0.414380608 0.585619392
A:/rccrcrcf: 0.000000000 0.546320523 0.453679477
A:/rccrcrfc: 0.000000000 0.674586502 0.325413498
A:/rccrcrff: 0.000000000 0.675992610 0.324007390
A:/rcfr: 0.880029207 0.084691147 0.035279646
A:/rcfrcrc: 0.000000000 0.586768461 0.413231539
A:/rcfrcrf: 0.000000000 0.576138901 0.423861099
A:/rcrc: 0.540203537 0.328682778 0.131113685
A:/rcrccrcc: 0.000000000 0.697448568 0.302551432
A:/rcrccrcf: 0.000000000 0.333763450 0.666236550
A:/rcrccrfc: 0.000000000 0.930896834 0.069103166
A:/rcrccrff: 0.000000000 0.654540663 0.345459337
A:/rcrf: 0.745789680 0.254210320 0.000000000
A:/rcrfcrc: 0.000000000 0.802984195 0.197015805
A:/rcrfcrf: 0.000000000 0.854202526 0.145797474
A:/rcrr: 0.000000000 0.742806127 0.257193873
A:/rfcr: 0.275049341 0.724950659 0.000000000
A:/rfcrcrc: 0.000000000 0.636070132 0.363929868
A:/rfcrcrf: 0.000000000 0.522265603 0.477734397
A:/rffr: 0.656387869 0.343612131 0.000000000
A:/rfrc: 0.518542896 0.481457104 0.000000000
A:/rfrf: 0.350170955 0.453541077 0.196287968
A:/rfrr: 0.000000000 1.000000000 0.000000000
A:/rrcc: 0.277297718 0.425536908 0.297165374
A:/rrcf: 0.438470864 0.447399206 0.114129930
A:/rrcr: 0.000000000 0.783659871 0.216340129
A:/rrfc: 0.483256505 0.237118433 0.279625062
A:/rrff: 0.479829644 0.443361441 0.076808915
A:/rrfr: 0.000000000 0.874041464 0.125958536
A:/rrrc: 0.000000000 0.825828569 0.174171431
A:/rrrf: 0.000000000 0.784504243 0.215495757
J:/: 0.000468243 0.999531757 0.000000000
J:/cccr: 0.000000000 0.000000000 1.000000000
J:/cccrccrc: 0.519803292 0.283728491 0.196468216
J:/cccrccrccrcc: 0.000000000 0.584550814 0.415449186
J:/cccrccrccrcf: 0.000000000 0.929541294 0.070458706
J:/cccrccrccrfc: 0.000000000 0.801219110 0.198780890
J:/cccrccrccrff: 0.000000000 0.511362700 0.488637300
J:/cccrccrf: 0.512320803 0.012362491 0.475316706
J:/cccrccrfcrc: 0.000000000 0.336004044 0.663995956
J:/cccrccrfcrf: 0.000000000 0.463987898 0.536012102
J:/cccrccrr: 0.000000000 0.634514925 0.365485075
J:/cccrcfrc: 0.195440199 0.123220355 0.681339446
J:/cccrcfrf: 0.572492441 0.211565917 0.215941642
J:/cccrcfrr: 0.000000000 0.454698729 0.545301271
J:/cccrcrcc: 0.136438459 0.000359231 0.863202309
J:/cccrcrcf: 0.768653874 0.083317404 0.148028722
J:/cccrcrcr: 0.000000000 0.164359856 0.835640144
J:/cccrcrfc: 0.265399922 0.028595217 0.706004860
J:/cccrcrff: 0.835279708 0.164720292 0.000000000
J:/cccrcrfr: 0.000000000 0.000000000 1.000000000
J:/cccrcrrc: 0.000000000 0.108485623 0.891514377
J:/cccrcrrf: 0.000000000 0.175692618 0.824307382
J:/cccrrccr: 0.000000000 0.320530298 0.679469702
J:/cccrrcfr: 0.000000000 0.254348120 0.745651880
J:/cccrrcrc: 0.000000000 0.000000000 1.000000000
J:/cccrrcrf: 0.000000000 0.449476247 0.550523753
J:/cccrrfcr: 0.000000000 0.246933466 0.753066534
J:/cccrrffr: 0.000000000 0.000000000 1.000000000
J:/cccrrfrc: 0.000000000 0.263663011 0.736336989
J:/cccrrfrf: 0.000000000 0.494897143 0.505102857
J:/cccrrrcc: 0.000000000 0.018093761 0.981906239
J:/cccrrrcf: 0.000000000 0.374836982 0.625163018
J:/cccrrrfc: 0.000000000 0.404115325 0.595884675
J:/cccrrrff: 0.000000000 0.769016160 0.230983840
J:/ccrc: 0.000000007 0.353681732 0.646318262
J:/ccrccrcc: 0.448424037 0.009555824 0.542020139
J:/ccrccrcf: 0.130446049 0.541746624 0.327807328
J:/ccrccrcr: 0.000000000 0.465594441 0.534405559
J:/ccrccrfc: 0.196630867 0.482897187 0.320471946
J:/ccrccrff: 0.186163051 0.555616767 0.258220181
J:/ccrccrfr: 0.000000000 0.535479955 0.464520045
J:/ccrccrrc: 0.000000000 0.609185865 0.390814135
J:/ccrccrrf: 0.000000000 0.731013218 0.268986782
J:/ccrcrccr: 0.000000000 0.397896612 0.602103388
J:/ccrcrcfr: 0.000000000 0.400974442 0.599025558
J:/ccrcrcrc: 0.000000000 0.511397417 0.488602583
J:/ccrcrcrf: 0.000000000 0.761580381 0.238419619
J:/ccrcrfcr: 0.000000000 0.722437398 0.277562602
J:/ccrcrffr: 0.000000000 0.507512804 0.492487196
J:/ccrcrfrc: 0.000000000 0.451322670 0.548677330
J:/ccrcrfrf: 0.000000000 0.769974326 0.230025674
J:/ccrcrrcc: 0.000000000 0.888133239 0.111866761
J:/ccrcrrcf: 0.000000000 0.353127190 0.646872810
J:/ccrcrrfc: 0.000000000 0.501055285 0.498944715
J:/ccrcrrff: 0.000000000 0.531021324 0.468978676
J:/ccrf: 0.000000239 0.434423038 0.565576723
J:/ccrfcrc: 0.236209565 0.301913137 0.461877298
J:/ccrfcrf: 0.462221705 0.391894097 0.145884198
J:/ccrfcrr: 0.000000000 0.712961256 0.287038744
J:/ccrfrcr: 0.000000000 0.527884352 0.472115648
J:/ccrfrfr: 0.000000000 0.049750190 0.950249810
J:/ccrfrrc: 0.000000000 0.958392218 0.041607782
J:/ccrfrrf: 0.000000000 0.277233511 0.722766489
J:/ccrr: 0.207117133 0.342847107 0.450035761
J:/ccrrccrc: 0.000000000 0.371582250 0.628417750
J:/ccrrccrf: 0.000000000 0.859965349 0.140034651
J:/ccrrcfrc: 0.000000000 0.242228456 0.757771544
J:/ccrrcfrf: 0.000000000 0.006815635 0.993184365
J:/ccrrcrcc: 0.000000000 0.508310501 0.491689499
J:/ccrrcrcf: 0.000000000 0.701414150 0.298585850
J:/ccrrcrfc: 0.000000000 0.865459653 0.134540347
J:/ccrrcrff: 0.000000000 0.311278690 0.688721310
J:/crcc: 0.315627628 0.383192078 0.301180294
J:/crccrccr: 0.000000000 0.434359780 0.565640220
J:/crccrcfr: 0.000000000 0.745200782 0.254799218
J:/crccrcrc: 0.000000000 0.708688815 0.291311185
J:/crccrcrf: 0.000000000 0.564145234 0.435854766
J:/crccrfcr: 0.000000000 0.901134196 0.098865804
J:/crccrffr: 0.000000000 0.591433719 0.408566281
J:/crccrfrc: 0.000000000 0.553186650 0.446813350
J:/crccrfrf: 0.000000000 0.550818768 0.449181232
J:/crccrrcc: 0.000000000 0.500032552 0.499967448
J:/crccrrcf: 0.000000000 0.077301738 0.922698262
J:/crccrrfc: 0.000000000 0.259928666 0.740071334
J:/crccrrff: 0.000000000 0.686075163 0.313924837
J:/crcf: 0.000000012 0.454052724 0.545947263
J:/crcfrcr: 0.000000000 0.309676633 0.690323367
J:/crcfrfr: 0.000000000 0.924770358 0.075229642
J:/crcfrrc: 0.000000000 0.523085801 0.476914199
J:/crcfrrf: 0.000000000 0.582110777 0.417889223
J:/crcr: 0.149367010 0.061939575 0.788693415
J:/crcrccrc: 0.000000000 0.962437899 0.037562101
J:/crcrccrf: 0.000000000 0.647957948 0.352042052
J:/crcrcfrc: 0.000000000 0.998234355 0.001765645
J:/crcrcfrf: 0.000000000 0.509862266 0.490137734
J:/crcrcrcc: 0.000000000 0.160882229 0.839117771
J:/crcrcrcf: 0.000000000 0.461274382 0.538725618
J:/crcrcrfc: 0.000000000 0.130173257 0.869826743
J:/crcrcrff: 0.000000000 0.895794397 0.104205603
J:/crfc: 0.000000000 0.000000000 1.000000000
J:/crfcrcr: 0.000000000 0.451711162 0.548288838
J:/crfcrfr: 0.000000000 0.885606539 0.114393461
J:/crfcrrc: 0.000000000 0.453340316 0.546659684
J:/crfcrrf: 0.000000000 0.264618854 0.735381146
J:/crff: 0.000000000 0.000000000 1.000000000
J:/crffrr: 0.000000000 0.000000000 1.000000000
J:/crfr: 0.000000000 0.000000000 1.000000000
J:/crfrcrc: 0.000000000 0.355572555 0.644427445
J:/crfrcrf: 0.000000000 0.000000000 1.000000000
J:/crrc: 0.103181026 0.381993462 0.514825512
J:/crrccrcc: 0.000000000 0.680932302 0.319067698
J:/crrccrcf: 0.000000000 0.417696119 0.582303881
J:/crrccrfc: 0.000000000 0.820068265 0.179931735
J:/crrccrff: 0.000000000 0.515072796 0.484927204
J:/crrf: 0.402442753 0.188400462 0.409156784
J:/crrfcrc: 0.000000000 0.328094377 0.671905623
J:/crrfcrf: 0.000000000 0.288266827 0.711733173
J:/crrr: 0.000000000 0.675143160 0.324856840
J:/rccr: 0.000000000 0.000000000 1.000000000
J:/rccrccrc: 0.000000000 0.284744892 0.715255108
J:/rccrccrf: 0.000000000 0.583837475 0.416162525
J:/rccrcfrc: 0.000000000 0.052701324 0.947298676
J:/rccrcfrf: 0.000000000 0.778355372 0.221644628
J:/rccrcrcc: 0.000000000 0.498444423 0.501555577
J:/rccrcrcf: 0.000000000 0.202667960 0.797332040
J:/rccrcrfc: 0.000000000 0.545900117 0.454099883
J:/rccrcrff: 0.000000000 0.260837049 0.739162951
J:/rcfr: 0.000254384 0.000000000 0.999745616
J:/rcfrcrc: 0.000000000 0.164521911 0.835478089
J:/rcfrcrf: 0.000000000 0.705007313 0.294992687
J:/rcrc: 0.424244010 0.158236019 0.417519971
J:/rcrccrcc: 0.000000000 0.578735587 0.421264413
J:/rcrccrcf: 0.000000000 0.442564612 0.557435388
J:/rcrccrfc: 0.000000000 0.009817056 0.990182944
J:/rcrccrff: 0.000000000 0.415738212 0.584261788
J:/rcrf: 0.715722720 0.216312962 0.067964318
J:/rcrfcrc: 0.000000000 0.779035275 0.220964725
J:/rcrfcrf: 0.000000000 0.478484382 0.521515618
J:/rcrr: 0.000000000 0.000000000 1.000000000
J:/rfcr: 0.000000000 0.000000000 1.000000000
J:/rfcrcrc: 0.000000000 0.387832278 0.612167722
J:/rfcrcrf: 0.000000000 0.598915682 0.401084318
J:/rffr: 0.000000000 0.000000000 1.000000000
J:/rfrc: 0.122879373 0.258892084 0.618228543
J:/rfrf: 0.252758902 0.444958376 0.302282721
J:/rfrr: 0.000000000 0.000000000 1.000000000
J:/rrcc: 0.001393278 0.303187496 0.695419226
J:/rrcf: 0.084689235 0.205525027 0.709785738
J:/rrcr: 0.000000000 0.000000000 1.000000000
J:/rrfc: 0.000000000 0.000000000 1.000000000
J:/rrff: 0.000000000 0.000000000 1.000000000
J:/rrfr: 0.000000000 0.000000000 1.000000000
J:/rrrc: 0.000000000 0.032099256 0.967900744
J:/rrrf: 0.000000000 0.033305610 0.966694390
K:/: 0.000049802 0.999950198 0.000000000
K:/cccr: 0.000000000 0.000000000 1.000000000
K:/cccrccrc: 0.617759104 0.236536203 0.145704693
K:/cccrccrccrcc: 0.000000000 0.232077536 0.767922464
K:/cccrccrccrcf: 0.000000000 0.819834944 0.180165056
K:/cccrccrccrfc: 0.000000000 0.352658627 0.647341373
K:/cccrccrccrff: 0.000000000 0.883013929 0.116986071
K:/cccrccrf: 0.526469330 0.240814381 0.232716290
K:/cccrccrfcrc: 0.000000000 0.080472058 0.919527942
K:/cccrccrfcrf: 0.000000000 0.345279814 0.654720186
K:/cccrccrr: 0.000000000 0.596106907 0.403893093
K:/cccrcfrc: 0.399697876 0.209200138 0.391101986
K:/cccrcfrf: 0.111036629 0.503040758 0.385922613
K:/cccrcfrr: 0.000000000 0.432993944 0.567006056
K:/cccrcrcc: 0.713302739 0.164659862 0.122037398
K:/cccrcrcf: 0.356105745 0.560421411 0.083472844
K:/cccrcrcr: 0.000000000 0.236144899 0.763855101
K:/cccrcrfc: 0.639785898 0.000000000 0.360214102
K:/cccrcrff: 0.343476028 0.656523972 0.000000000
K:/cccrcrfr: 0.000000000 0.308743611 0.691256389
K:/cccrcrrc: 0.000000000 0.290796136 0.709203864
K:/cccrcrrf: 0.000000000 0.865254778 0.134745222
K:/cccrrccr: 0.000000000 0.284134434 0.715865566
K:/cccrrcfr: 0.000000000 0.100047212 0.899952788
K:/cccrrcrc: 0.000000000 0.564631272 0.435368728
K:/cccrrcrf: 0.000000000 0.999927567 0.000072433
K:/cccrrfcr: 0.000000000 0.419085228 0.580914772
K:/cccrrffr: 0.000000000 0.445168162 0.554831838
K:/cccrrfrc: 0.000000000 0.238742939 0.761257061
K:/cccrrfrf: 0.000000000 0.786995039 0.213004961
K:/cccrrrcc: 0.000000000 0.247843545 0.752156455
K:/cccrrrcf: 0.000000000 0.996419318 0.003580682
K:/cccrrrfc: 0.000000000 0.682599212 0.317400788
K:/cccrrrff: 0.000000000 0.998903935 0.001096065
K:/ccrc: 0.000000000 0.371260820 0.628739180
K:/ccrccrcc: 0.150689625 0.515821921 0.333488455
K:/ccrccrcf: 0.442968164 0.401605462 0.155426373
K:/ccrccrcr: 0.000000000 0.500518295 0.499481705
K:/ccrccrfc: 0.369711653 0.247261693 0.383026654
K:/ccrccrff: 0.464935634 0.116349236 0.418715130
K:/ccrccrfr: 0.000000000 0.446447503 0.553552497
K:/ccrccrrc: 0.000000000 0.223066543 0.776933457
K:/ccrccrrf: 0.000000000 0.495055278 0.504944722
K:/ccrcrccr: 0.000000000 0.251162106 0.748837894
K:/ccrcrcfr: 0.000000000 0.969944842 0.030055158
K:/ccrcrcrc: 0.000000000 0.197318192 0.802681808
K:/ccrcrcrf: 0.000000000 0.334095888 0.665904112
K:/ccrcrfcr: 0.000000000 0.170804131 0.829195869
K:/ccrcrffr: 0.000000000 0.604624293 0.395375707
K:/ccrcrfrc: 0.000000000 0.700521460 0.299478540
K:/ccrcrfrf: 0.000000000 0.491983379 0.508016621
K:/ccrcrrcc: 0.000000000 0.568942843 0.431057157
K:/ccrcrrcf: 0.000000000 0.722632638 0.277367362
K:/ccrcrrfc: 0.000000000 0.384146217 0.615853783
K:/ccrcrrff: 0.000000000 0.477634177 0.522365823
K:/ccrf: 0.377496197 0.150450226 0.472053577
K:/ccrfcrc: 0.361524723 0.355930305 0.282544972
K:/ccrfcrf: 0.247418429 0.195328284 0.557253286
K:/ccrfcrr: 0.000000000 0.465576778 0.534423222
K:/ccrfrcr: 0.000000000 0.328557918 0.671442082
K:/ccrfrfr: 0.000000000 0.449509459 0.550490541
K:/ccrfrrc: 0.000000000 0.304764010 0.695235990
K:/ccrfrrf: 0.000000000 0.769315253 0.230684747
K:/ccrr: 0.000000000 0.174208223 0.825791777
K:/ccrrccrc: 0.000000000 0.360111261 0.639888739
K:/ccrrccrf: 0.000000000 0.578730214 0.421269786
K:/ccrrcfrc: 0.000000000 0.137276708 0.862723292
K:/ccrrcfrf: 0.000000000 0.844754668 0.155245332
K:/ccrrcrcc: 0.000000000 0.595669333 0.404330667
K:/ccrrcrcf: 0.000000000 0.299169026 0.700830974
K:/ccrrcrfc: 0.000000000 0.006667126 0.993332874
K:/ccrrcrff: 0.000000000 0.476018354 0.523981646
K:/crcc: 0.421144703 0.462440769 0.116414528
K:/crccrccr: 0.000000000 0.430608542 0.569391458
K:/crccrcfr: 0.000000000 0.393404384 0.606595616
K:/crccrcrc: 0.000000000 0.888655841 0.111344159
K:/crccrcrf: 0.000000000 0.376491210 0.623508790
K:/crccrfcr: 0.000000000 0.095780548 0.904219452
K:/crccrffr: 0.000000000 0.580893362 0.419106638
K:/crccrfrc: 0.000000000 0.843316077 0.156683923
K:/crccrfrf: 0.000000000 0.453219417 0.546780583
K:/crccrrcc: 0.000000000 0.710806911 0.289193089
K:/crccrrcf: 0.000000000 0.305799619 0.694200381
K:/crccrrfc: 0.000000000 0.966156563 0.033843437
K:/crccrrff: 0.000000000 0.354867769 0.645132231
K:/crcf: 0.001128965 0.718941959 0.279929076
K:/crcfrcr: 0.000000000 0.460357343 0.539642657
K:/crcfrfr: 0.000000000 0.175719454 0.824280546
K:/crcfrrc: 0.000000000 0.856369251 0.143630749
K:/crcfrrf: 0.000000000 0.800617798 0.199382202
K:/crcr: 0.112104576 0.372378104 0.515517320
K:/crcrccrc: 0.000000000 0.415537476 0.584462524
K:/crcrccrf: 0.000000000 0.419905704 0.580094296
K:/crcrcfrc: 0.000000000 0.542186541 0.457813459
K:/crcrcfrf: 0.000000000 0.503597220 0.496402780
K:/crcrcrcc: 0.000000000 0.923911664 0.076088336
K:/crcrcrcf: 0.000000000 0.479034546 0.520965454
K:/crcrcrfc: 0.000000000 0.242698636 0.757301364
K:/crcrcrff: 0.000000000 0.048498760 0.951501240
K:/crfc: 0.000320802 0.107213423 0.892465775
K:/crfcrcr: 0.000000000 0.613910078 0.386089922
K:/crfcrfr: 0.000000000 0.701310505 0.298689495
K:/crfcrrc: 0.000000000 0.070407919 0.929592081
K:/crfcrrf: 0.000000000 0.327697435 0.672302565
K:/crff: 0.000000000 0.105722928 0.894277072
K:/crffrr: 0.000000000 0.000000000 1.000000000
K:/crfr: 0.000416880 0.029175976 0.970407145
K:/crfrcrc: 0.000000000 0.595274044 0.404725956
K:/crfrcrf: 0.000000000 0.670061138 0.329938862
K:/crrc: 0.481173173 0.247373485 0.271453343
K:/crrccrcc: 0.000000000 0.628930467 0.371069533
K:/crrccrcf: 0.000000000 0.141170185 0.858829815
K:/crrccrfc: 0.000000000 0.576552992 0.423447008
K:/crrccrff: 0.000000000 0.335137612 0.664862388
K:/crrf: 0.142005474 0.640100523 0.217894003
K:/crrfcrc: 0.000000000 0.549572475 0.450427525
K:/crrfcrf: 0.000000000 0.589758623 0.410241377
K:/crrr: 0.000000000 0.274499894 0.725500106
K:/rccr: 0.000000000 0.003107134 0.996892866
K:/rccrccrc: 0.000000000 0.018116026 0.981883974
K:/rccrccrf: 0.000000000 0.634678052 0.365321948
K:/rccrcfrc: 0.000000000 0.351704414 0.648295586
K:/rccrcfrf: 0.000000000 0.464251554 0.535748446
K:/rccrcrcc: 0.000000000 0.228241440 0.771758560
K:/rccrcrcf: 0.000000000 0.554165834 0.445834166
K:/rccrcrfc: 0.000000000 0.708440843 0.291559157
K:/rccrcrff: 0.000000000 0.902417922 0.097582078
K:/rcfr: 0.016708300 0.011379300 0.971912400
K:/rcfrcrc: 0.000000000 0.000000000 1.000000000
K:/rcfrcrf: 0.000000000 0.770887062 0.229112938
K:/rcrc: 0.020967828 0.767955273 0.211076899
K:/rcrccrcc: 0.000000000 0.934599142 0.065400858
K:/rcrccrcf: 0.000000000 0.508718611 0.491281389
K:/rcrccrfc: 0.000000000 0.781669884 0.218330116
K:/rcrccrff: 0.000000000 0.556892789 0.443107211
K:/rcrf: 0.510550194 0.408861873 0.080587932
K:/rcrfcrc: 0.000000000 0.259972217 0.740027783
K:/rcrfcrf: 0.000000000 0.800611759 0.199388241
K:/rcrr: 0.000000000 0.369553022 0.630446978
K:/rfcr: 0.000108908 0.225629048 0.774262043
K:/rfcrcrc: 0.000000000 0.699529229 0.300470771
K:/rfcrcrf: 0.000000000 0.570564075 0.429435925
K:/rffr: 0.000000000 0.000000000 1.000000000
K:/rfrc: 0.317106381 0.373997472 0.308896147
K:/rfrf: 0.373362846 0.220999669 0.405637484
K:/rfrr: 0.000000000 0.314072735 0.685927265
K:/rrcc: 0.156108973 0.000000000 0.843891027
K:/rrcf: 0.016296222 0.223286589 0.760417189
K:/rrcr: 0.000000000 0.514522689 0.485477311
K:/rrfc: 0.158109237 0.000000000 0.841890763
K:/rrff: 0.000000000 0.000000000 1.000000000
K:/rrfr: 0.000000000 0.244522110 0.755477890
K:/rrrc: 0.000000000 0.217690663 0.782309337
K:/rrrf: 0.000000000 0.192851522 0.807148478
Q:/: 0.000035592 0.999964408 0.000000000
Q:/cccr: 0.000000000 0.000029130 0.999970870
Q:/cccrccrc: 0.273758616 0.071376947 0.654864438
Q:/cccrccrccrcc: 0.000000000 0.392138655 0.607861345
Q:/cccrccrccrcf: 0.000000000 0.398121173 0.601878827
Q:/cccrccrccrfc: 0.000000000 0.865525184 0.134474816
Q:/cccrccrccrff: 0.000000000 0.483920651 0.516079349
Q:/cccrccrf: 0.241026107 0.497489028 0.261484866
Q:/cccrccrfcrc: 0.000000000 0.864924911 0.135075089
Q:/cccrccrfcrf: 0.000000000 0.895284202 0.104715798
Q:/cccrccrr: 0.000000000 0.678404514 0.321595486
Q:/cccrcfrc: 0.344321233 0.179475599 0.476203168
Q:/cccrcfrf: 0.563148652 0.159543041 0.277308306
Q:/cccrcfrr: 0.000000000 0.098816899 0.901183101
Q:/cccrcrcc: 0.708158058 0.000406000 0.291435942
Q:/cccrcrcf: 0.834527422 0.042410924 0.123061653
Q:/cccrcrcr: 0.000000000 0.000218015 0.999781985
Q:/cccrcrfc: 0.349329288 0.000000000 0.650670712
Q:/cccrcrff: 0.398784186 0.601215814 0.000000000
Q:/cccrcrfr: 0.000000000 0.193568423 0.806431577
Q:/cccrcrrc: 0.000000000 0.000072158 0.999927842
Q:/cccrcrrf: 0.000000000 0.098772519 0.901227481
Q:/cccrrccr: 0.000000000 0.556557313 0.443442687
Q:/cccrrcfr: 0.000000000 0.106805928 0.893194072
Q:/cccrrcrc: 0.000000000 0.104164788 0.895835212
Q:/cccrrcrf: 0.000000000 0.367604178 0.632395822
Q:/cccrrfcr: 0.000000000 0.225580029 0.774419971
Q:/cccrrffr: 0.000000000 0.280202985 0.719797015
Q:/cccrrfrc: 0.000000000 0.000000000 1.000000000
Q:/cccrrfrf: 0.000000000 0.504977288 0.495022712
Q:/cccrrrcc: 0.000000000 0.000000000 1.000000000
Q:/cccrrrcf: 0.000000000 0.490187008 0.509812992
Q:/cccrrrfc: 0.000000000 0.095526414 0.904473586
Q:/cccrrrff: 0.000000000 0.919008442 0.080991558
Q:/ccrc: 0.000000000 0.078267200 0.921732800
Q:/ccrccrcc: 0.695245079 0.144935136 0.159819785
Q:/ccrccrcf: 0.598461706 0.229473941 0.172064352
Q:/ccrccrcr: 0.000000000 0.347282995 0.652717005
Q:/ccrccrfc: 0.183957645 0.573916500 0.242125855
Q:/ccrccrff: 0.390714596 0.177858798 0.431426605
Q:/ccrccrfr: 0.000000000 0.619002281 0.380997719
Q:/ccrccrrc: 0.000000000 0.165927287 0.834072713
Q:/ccrccrrf: 0.000000000 0.411391947 0.588608053
Q:/ccrcrccr: 0.000000000 0.480087107 0.519912893
Q:/ccrcrcfr: 0.000000000 0.471296566 0.528703434
Q:/ccrcrcrc: 0.000000000 0.657987953 0.342012047
Q:/ccrcrcrf: 0.000000000 0.425458302 0.574541698
Q:/ccrcrfcr: 0.000000000 0.547085244 0.452914756
Q:/ccrcrffr: 0.000000000 0.322116137 0.677883863
Q:/ccrcrfrc: 0.000000000 0.320425976 0.679574024
Q:/ccrcrfrf: 0.000000000 0.976918163 0.023081837
Q:/ccrcrrcc: 0.000000000 0.325462404 0.674537596
Q:/ccrcrrcf: 0.000000000 0.378551517 0.621448483
Q:/ccrcrrfc: 0.000000000 0.848567172 0.151432828
Q:/ccrcrrff: 0.000000000 0.711963597 0.288036403
Q:/ccrf: 0.025238972 0.458977248 0.515783780
Q:/ccrfcrc: 0.300880626 0.317649040 0.381470333
Q:/ccrfcrf: 0.508862812 0.134995309 0.356141878
Q:/ccrfcrr: 0.000000000 0.527989552 0.472010448
Q:/ccrfrcr: 0.000000000 0.390461800 0.609538200
Q:/ccrfrfr: 0.000000000 0.485510259 0.514489741
Q:/ccrfrrc: 0.000000000 0.412782683 0.587217317
Q:/ccrfrrf: 0.000000000 0.331810529 0.668189471
Q:/ccrr: 0.000000000 0.088582657 0.911417343
Q:/ccrrccrc: 0.000000000 0.870672346 0.129327654
Q:/ccrrccrf: 0.000000000 0.703193010 0.296806990
Q:/ccrrcfrc: 0.000000000 0.264093280 0.735906720
Q:/ccrrcfrf: 0.000000000 0.436579100 0.563420900
Q:/ccrrcrcc: 0.000000000 0.350511369 0.649488631
Q:/ccrrcrcf: 0.000000000 0.887908429 0.112091571
Q:/ccrrcrfc: 0.000000000 0.432942687 0.567057313
Q:/ccrrcrff: 0.000000000 0.638754153 0.361245847
Q:/crcc: 0.243705573 0.457579479 0.298714947
Q:/crccrccr: 0.000000000 0.871682649 0.128317351
Q:/crccrcfr: 0.000000000 0.794151530 0.205848470
Q:/crccrcrc: 0.000000000 0.964489921 0.035510079
Q:/crccrcrf: 0.000000000 0.403582763 0.596417237
Q:/crccrfcr: 0.000000000 0.339998403 0.660001597
Q:/crccrffr: 0.000000000 0.428867710 0.571132290
Q:/crccrfrc: 0.000000000 0.196253250 0.803746750
Q:/crccrfrf: 0.000000000 0.482629630 0.517370370
Q:/crccrrcc: 0.000000000 0.386388174 0.613611826
Q:/crccrrcf: 0.000000000 0.579434845 0.420565155
Q:/crccrrfc: 0.000000000 0.319844399 0.680155601
Q:/crccrrff: 0.000000000 0.748938863 0.251061137
Q:/crcf: 0.000000012 0.525404712 0.474595275
Q:/crcfrcr: 0.000000000 0.573278508 0.426721492
Q:/crcfrfr: 0.000000000 0.350594288 0.649405712
Q:/crcfrrc: 0.000000000 0.451854455 0.548145545
Q:/crcfrrf: 0.000000000 0.956817483 0.043182517
Q:/crcr: 0.058730569 0.149639787 0.791629644
Q:/crcrccrc: 0.000000000 0.763930769 0.236069231
Q:/crcrccrf: 0.000000000 0.218432192 0.781567808
Q:/crcrcfrc: 0.000000000 0.179077145 0.820922855
Q:/crcrcfrf: 0.000000000 0.554845813 0.445154187
Q:/crcrcrcc: 0.000000000 0.905814193 0.094185807
Q:/crcrcrcf: 0.000000000 0.691641984 0.308358016
Q:/crcrcrfc: 0.000000000 0.596392781 0.403607219
Q:/crcrcrff: 0.000000000 0.696469411 0.303530589
Q:/crfc: 0.000000000 0.000000000 1.000000000
Q:/crfcrcr: 0.000000000 0.743625530 0.256374470
Q:/crfcrfr: 0.000000000 0.731623806 0.268376194
Q:/crfcrrc: 0.000000000 0.140565150 0.859434850
Q:/crfcrrf: 0.000000000 0.085069107 0.914930893
Q:/crff: 0.000000000 0.000000000 1.000000000
Q:/crffrr: 0.000000000 0.000000000 1.000000000
Q:/crfr: 0.000000000 0.000000000 1.000000000
Q:/crfrcrc: 0.000000000 0.101484161 0.898515839
Q:/crfrcrf: 0.000000000 0.256776487 0.743223513
Q:/crrc: 0.655615088 0.207679975 0.136704937
Q:/crrccrcc: 0.000000000 0.658223129 0.341776871
Q:/crrccrcf: 0.000000000 0.039069192 0.960930808
Q:/crrccrfc: 0.000000000 0.435069625 0.564930375
Q:/crrccrff: 0.000000000 0.531955334 0.468044666
Q:/crrf: 0.464818314 0.388216889 0.146964797
Q:/crrfcrc: 0.000000000 0.767787162 0.232212838
Q:/crrfcrf: 0.000000000 0.190911838 0.809088162
Q:/crrr: 0.000000000 0.292457792 0.707542208
Q:/rccr: 0.000000000 0.000000000 1.000000000
Q:/rccrccrc: 0.000000000 0.483069901 0.516930099
Q:/rccrccrf: 0.000000000 0.439641166 0.560358834
Q:/rccrcfrc: 0.000000000 0.494819480 0.505180520
Q:/rccrcfrf: 0.000000000 0.405774740 0.594225260
Q:/rccrcrcc: 0.000000000 0.269300952 0.730699048
Q:/rccrcrcf: 0.000000000 0.808991605 0.191008395
Q:/rccrcrfc: 0.000000000 0.221769400 0.778230600
Q:/rccrcrff: 0.000000000 0.942921932 0.057078068
Q:/rcfr: 0.000385766 0.000000000 0.999614234
Q:/rcfrcrc: 0.000000000 0.326722776 0.673277224
Q:/rcfrcrf: 0.000000000 0.773706286 0.226293714
Q:/rcrc: 0.447173153 0.201704253 0.351122594
Q:/rcrccrcc: 0.000000000 0.151228505 0.848771495
Q:/rcrccrcf: 0.000000000 0.439805112 0.560194888
Q:/rcrccrfc: 0.000000000 0.801105663 0.198894337
Q:/rcrccrff: 0.000000000 0.140093209 0.859906791
Q:/rcrf: 0.776746177 0.155391813 0.067862010
Q:/rcrfcrc: 0.000000000 0.563391966 0.436608034
Q:/rcrfcrf: 0.000000000 0.685236628 0.314763372
Q:/rcrr: 0.000000000 0.012121318 0.987878682
Q:/rfcr: 0.119257933 0.334331057 0.546411011
Q:/rfcrcrc: 0.000000000 0.180754587 0.819245413
Q:/rfcrcrf: 0.000000000 0.647539825 0.352460175
Q:/rffr: 0.000000000 0.000000000 1.000000000
Q:/rfrc: 0.072431579 0.418960346 0.508608075
Q:/rfrf: 0.647991155 0.131737631 0.220271214
Q:/rfrr: 0.000000000 0.000000000 1.000000000
Q:/rrcc: 0.003797932 0.479643501 0.516558567
Q:/rrcf: 0.022281933 0.268543110 0.709174957
Q:/rrcr: 0.000000000 0.262629314 0.737370686
Q:/rrfc: 0.000117747 0.000000000 0.999882253
Q:/rrff: 0.000000000 0.000000000 1.000000000
Q:/rrfr: 0.000000000 0.000000000 1.000000000
Q:/rrrc: 0.000000000 0.000000000 1.000000000
Q:/rrrf: 0.000000000 0.000588717 0.999411283
T:/: 0.000189974 0.999810026 0.000000000
T:/cccr: 0.000000000 0.000000000 1.000000000
T:/cccrccrc: 0.536621741 0.140534659 0.322843600
T:/cccrccrccrcc: 0.000000000 0.790958027 0.209041973
T:/cccrccrccrcf: 0.000000000 0.438155723 0.561844277
T:/cccrccrccrfc: 0.000000000 0.226933417 0.773066583
T:/cccrccrccrff: 0.000000000 0.526340142 0.473659858
T:/cccrccrf: 0.469801651 0.283985903 0.246212447
T:/cccrccrfcrc: 0.000000000 0.327486821 0.672513179
T:/cccrccrfcrf: 0.000000000 0.228099636 0.771900364
T:/cccrccrr: 0.000000000 0.585243705 0.414756295
T:/cccrcfrc: 0.181686859 0.000030858 0.818282284
T:/cccrcfrf: 0.229602993 0.091370263 0.679026744
T:/cccrcfrr: 0.000000000 0.080055568 0.919944432
T:/cccrcrcc: 0.344287233 0.000464060 0.655248707
T:/cccrcrcf: 0.601909721 0.299187034 0.098903245
T:/cccrcrcr: 0.000000000 0.000000000 1.000000000
T:/cccrcrfc: 0.380015888 0.234927781 0.385056331
T:/cccrcrff: 0.742128462 0.000000000 0.257871538
T:/cccrcrfr: 0.000000000 0.319266480 0.680733520
T:/cccrcrrc: 0.000000000 0.102555744 0.897444256
T:/cccrcrrf: 0.000000000 0.000000000 1.000000000
T:/cccrrccr: 0.000000000 0.499294722 0.500705278
T:/cccrrcfr: 0.000000000 0.572779912 0.427220088
T:/cccrrcrc: 0.000000000 0.061487440 0.938512560
T:/cccrrcrf: 0.000000000 0.496129071 0.503870929
T:/cccrrfcr: 0.000000000 0.174421618 0.825578382
T:/cccrrffr: 0.000000000 0.000000000 1.000000000
T:/cccrrfrc: 0.000000000 0.365989691 0.634010309
T:/cccrrfrf: 0.000000000 0.426712968 0.573287032
T:/cccrrrcc: 0.000000000 0.372230363 0.627769637
T:/cccrrrcf: 0.000000000 0.152383230 0.847616770
T:/cccrrrfc: 0.000000000 0.000000000 1.000000000
T:/cccrrrff: 0.000000000 0.000000000 1.000000000
T:/ccrc: 0.000000000 0.199131323 0.800868677
T:/ccrccrcc: 0.281522227 0.221853424 0.496624350
T:/ccrccrcf: 0.311133506 0.349571787 0.339294707
T:/ccrccrcr: 0.000000000 0.556845006 0.443154994
T:/ccrccrfc: 0.103500994 0.506896007 0.389602999
T:/ccrccrff: 0.027322728 0.443853054 0.528824218
T:/ccrccrfr: 0.000000000 0.120044197 0.879955803
T:/ccrccrrc: 0.000000000 0.529942816 0.470057184
T:/ccrccrrf: 0.000000000 0.458248240 0.541751760
T:/ccrcrccr: 0.000000000 0.211626117 0.788373883
T:/ccrcrcfr: 0.000000000 0.466594511 0.533405489
T:/ccrcrcrc: 0.000000000 0.805917602 0.194082398
T:/ccrcrcrf: 0.000000000 0.251914342 0.748085658
T:/ccrcrfcr: 0.000000000 0.070439561 0.929560439
T:/ccrcrffr: 0.000000000 0.872987461 0.127012539
T:/ccrcrfrc: 0.000000000 0.671497812 0.328502188
T:/ccrcrfrf: 0.000000000 0.510382086 0.489617914
T:/ccrcrrcc: 0.000000000 0.128583718 0.871416282
T:/ccrcrrcf: 0.000000000 0.216239109 0.783760891
T:/ccrcrrfc: 0.000000000 0.587560980 0.412439020
T:/ccrcrrff: 0.000000000 0.298167332 0.701832668
T:/ccrf: 0.000000000 0.206228095 0.793771905
T:/ccrfcrc: 0.416737676 0.294197933 0.289064391
T:/ccrfcrf: 0.580538634 0.270593558 0.148867808
T:/ccrfcrr: 0.000000000 0.802113309 0.197886691
T:/ccrfrcr: 0.000000000 0.422477384 0.577522616
T:/ccrfrfr: 0.000000000 0.694822096 0.305177904
T:/ccrfrrc: 0.000000000 0.931814875 0.068185125
T:/ccrfrrf: 0.000000000 0.398814204 0.601185796
T:/ccrr: 0.000000000 0.000000000 1.000000000
T:/ccrrccrc: 0.000000000 0.396786949 0.603213051
T:/ccrrccrf: 0.000000000 0.135341296 0.864658704
T:/ccrrcfrc: 0.000000000 0.438769724 0.561230276
T:/ccrrcfrf: 0.000000000 0.235438157 0.764561843
T:/ccrrcrcc: 0.000000000 0.584055726 0.415944274
T:/ccrrcrcf: 0.000000000 0.781979743 0.218020257
T:/ccrrcrfc: 0.000000000 0.493704646 0.506295354
T:/ccrrcrff: 0.000000000 0.499806431 0.500193569
T:/crcc: 0.175563972 0.123684827 0.700751201
T:/crccrccr: 0.000000000 0.529333908 0.470666092
T:/crccrcfr: 0.000000000 0.560415202 0.439584798
T:/crccrcrc: 0.000000000 0.673347365 0.326652635
T:/crccrcrf: 0.000000000 0.121319257 0.878680743
T:/crccrfcr: 0.000000000 0.084445942 0.915554058
T:/crccrffr: 0.000000000 0.624641523 0.375358477
T:/crccrfrc: 0.000000000 0.579044364 0.420955636
T:/crccrfrf: 0.000000000 0.787752475 0.212247525
T:/crccrrcc: 0.000000000 0.489087729 0.510912271
T:/crccrrcf: 0.000000000 0.777370265 0.222629735
T:/crccrrfc: 0.000000000 0.411345372 0.588654628
T:/crccrrff: 0.000000000 0.602662991 0.397337009
T:/crcf: 0.000000014 0.565493639 0.434506347
T:/crcfrcr: 0.000000000 0.292883297 0.707116703
T:/crcfrfr: 0.000000000 0.680259190 0.319740810
T:/crcfrrc: 0.000000000 0.309434836 0.690565164
T:/crcfrrf: 0.000000000 0.334109123 0.665890877
T:/crcr: 0.335955893 0.280916942 0.383127165
T:/crcrccrc: 0.000000000 0.614521134 0.385478866
T:/crcrccrf: 0.000000000 0.524395335 0.475604665
T:/crcrcfrc: 0.000000000 0.376749512 0.623250488
T:/crcrcfrf: 0.000000000 0.791831076 0.208168924
T:/crcrcrcc: 0.000000000 0.528856762 0.471143238
T:/crcrcrcf: 0.000000000 0.785151638 0.214848362
T:/crcrcrfc: 0.000000000 0.927460384 0.072539616
T:/crcrcrff: 0.000000000 0.515128552 0.484871448
T:/crfc: 0.000000000 0.000000000 1.000000000
T:/crfcrcr: 0.000000000 0.053370021 0.946629979
T:/crfcrfr: 0.000000000 0.079807260 0.920192740
T:/crfcrrc: 0.000000000 0.057265853 0.942734147
T:/crfcrrf: 0.000000000 0.432950315 0.567049685
T:/crff: 0.000000000 0.000000000 1.000000000
T:/crffrr: 0.000000000 0.000000000 1.000000000
T:/crfr: 0.000000000 0.000000000 1.000000000
T:/crfrcrc: 0.000000000 0.000000000 1.000000000
T:/crfrcrf: 0.000000000 0.035840623 0.964159377
T:/crrc: 0.384205924 0.195626468 0.420167608
T:/crrccrcc: 0.000000000 0.045437613 0.954562387
T:/crrccrcf: 0.000000000 0.706440533 0.293559467
T:/crrccrfc: 0.000000000 0.457963422 0.542036578
T:/crrccrff: 0.000000000 0.480128047 0.519871953
T:/crrf: 0.361832368 0.079149093 0.559018539
T:/crrfcrc: 0.000000000 0.488968873 0.511031127
T:/crrfcrf: 0.000000000 0.455889389 0.544110611
T:/crrr: 0.000000000 0.463557527 0.536442473
T:/rccr: 0.000000000 0.000000000 1.000000000
T:/rccrccrc: 0.000000000 0.610813516 0.389186484
T:/rccrccrf: 0.000000000 0.201393159 0.798606841
T:/rccrcfrc: 0.000000000 0.510556715 0.489443285
T:/rccrcfrf: 0.000000000 0.401747885 0.598252115
T:/rccrcrcc: 0.000000000 0.461828627 0.538171373
T:/rccrcrcf: 0.000000000 0.382354603 0.617645397
T:/rccrcrfc: 0.000000000 0.611493573 0.388506427
T:/rccrcrff: 0.000000000 0.129319083 0.870680917
T:/rcfr: 0.000095104 0.000000000 0.999904896
T:/rcfrcrc: 0.000000000 0.000000000 1.000000000
T:/rcfrcrf: 0.000000000 0.066831795 0.933168205
T:/rcrc: 0.100597414 0.194753719 0.704648866
T:/rcrccrcc: 0.000000000 0.849198949 0.150801051
T:/rcrccrcf: 0.000000000 0.683925265 0.316074735
T:/rcrccrfc: 0.000000000 0.328026716 0.671973284
T:/rcrccrff: 0.000000000 0.840402604 0.159597396
T:/rcrf: 0.392371415 0.514800315 0.092828270
T:/rcrfcrc: 0.000000000 0.498972297 0.501027703
T:/rcrfcrf: 0.000000000 0.000000000 1.000000000
T:/rcrr: 0.000000000 0.000000000 1.000000000
T:/rfcr: 0.000136969 0.068411523 0.931451508
T:/rfcrcrc: 0.000000000 0.056080990 0.943919010
T:/rfcrcrf: 0.000000000 0.704981343 0.295018657
T:/rffr: 0.000000000 0.000000000 1.000000000
T:/rfrc: 0.000000000 0.522838712 0.477161288
T:/rfrf: 0.454426856 0.172248044 0.373325100
T:/rfrr: 0.000000000 0.095091686 0.904908314
T:/rrcc: 0.000297771 0.601035844 0.398666385
T:/rrcf: 0.293951719 0.077068254 0.628980027
T:/rrcr: 0.000000000 0.000000000 1.000000000
T:/rrfc: 0.000000000 0.000000000 1.000000000
T:/rrff: 0.000000000 0.000000000 1.000000000
T:/rrfr: 0.000000000 0.000000000 1.000000000
T:/rrrc: 0.000000000 0.000000000 1.000000000
T:/rrrf: 0.000000000 0.000588717 0.999411283
