A:/cc: 0.121196344 0.878803656 0.000000000
A:/cccrcc: 0.294366266 0.453871436 0.251762299
A:/cccrccrccr: 0.000000000 0.090928311 0.909071689
A:/cccrccrcfr: 0.000000000 0.224210298 0.775789702
A:/cccrccrcrc: 0.000000000 0.326153582 0.673846418
A:/cccrccrcrf: 0.000000000 0.529857595 0.470142405
A:/cccrccrfcr: 0.000000000 0.448704699 0.551295301
A:/cccrccrffr: 0.000000000 0.635737060 0.364262940
A:/cccrccrfrc: 0.000000000 0.711250908 0.288749092
A:/cccrccrfrf: 0.000000000 0.677501164 0.322498836
A:/cccrccrrcc: 0.000000000 0.647080884 0.352919116
A:/cccrccrrcf: 0.000000000 0.830485209 0.169514791
A:/cccrccrrfc: 0.000000000 0.426810216 0.573189784
A:/cccrccrrff: 0.000000000 0.601233466 0.398766534
A:/cccrcf: 0.069402798 0.524407482 0.406189720
A:/cccrcfrcr: 0.000000000 0.923190792 0.076809208
A:/cccrcfrfr: 0.000000000 0.720133512 0.279866488
A:/cccrcfrrc: 0.000000000 0.771775940 0.228224060
A:/cccrcfrrf: 0.000000000 0.589653274 0.410346726
A:/cccrcr: 0.491531366 0.292345132 0.216123501
A:/cccrcrccrc: 0.000000000 0.062288062 0.937711938
A:/cccrcrccrf: 0.000000000 0.555743052 0.444256948
A:/cccrcrcfrc: 0.000000000 0.761417640 0.238582360
A:/cccrcrcfrf: 0.000000000 0.508687067 0.491312933
A:/cccrcrcrcc: 0.000000000 0.366953324 0.633046676
A:/cccrcrcrcf: 0.000000000 0.765303913 0.234696087
A:/cccrcrcrfc: 0.000000000 0.507065815 0.492934185
A:/cccrcrcrff: 0.000000000 0.092790367 0.907209633
A:/cccrfc: 0.208726599 0.791273401 0.000000000
A:/cccrfcrcr: 0.000000000 0.744971680 0.255028320
A:/cccrfcrfr: 0.000000000 0.851425690 0.148574310
A:/cccrfcrrc: 0.000000000 0.713176927 0.286823073
A:/cccrfcrrf: 0.000000000 0.849338181 0.150661819
A:/cccrff: 0.403754223 0.596245777 0.000000000
A:/cccrffrr: 0.000000000 0.966481015 0.033518985
A:/cccrfr: 0.319183027 0.680816973 0.000000000
A:/cccrfrcrc: 0.000000000 0.793181027 0.206818973
A:/cccrfrcrf: 0.000000000 0.868415856 0.131584144
A:/cccrrc: 0.293491191 0.430129359 0.276379450
A:/cccrrccrcc: 0.000000000 0.592950902 0.407049098
A:/cccrrccrcf: 0.000000000 0.389112679 0.610887321
A:/cccrrccrfc: 0.000000000 0.944614649 0.055385351
A:/cccrrccrff: 0.000000000 0.465320613 0.534679387
A:/cccrrf: 0.411950722 0.303422944 0.284626334
A:/cccrrfcrc: 0.000000000 0.875084959 0.124915041
A:/cccrrfcrf: 0.000000000 0.964910838 0.035089162
A:/cccrrr: 0.000000000 0.067864115 0.932135885
A:/ccrccr: 0.482449381 0.481955128 0.035595491
A:/ccrccrccrc: 0.000000000 0.537865394 0.462134606
A:/ccrccrccrf: 0.000000000 0.218207563 0.781792437
A:/ccrccrcfrc: 0.000000000 0.282442112 0.717557888
A:/ccrccrcfrf: 0.000000000 0.233423958 0.766576042
A:/ccrccrcrcc: 0.000000000 0.658674653 0.341325347
A:/ccrccrcrcf: 0.000000000 0.687526974 0.312473026
A:/ccrccrcrfc: 0.000000000 0.619751991 0.380248009
A:/ccrccrcrff: 0.000000000 0.666705088 0.333294912
A:/ccrcfr: 0.359043671 0.500553725 0.140402605
A:/ccrcfrcrc: 0.000000000 0.729632253 0.270367747
A:/ccrcfrcrf: 0.000000000 0.763803155 0.236196845
A:/ccrcrc: 0.343373175 0.313585010 0.343041815
A:/ccrcrccrcc: 0.000000000 0.361858676 0.638141324
A:/ccrcrccrcf: 0.000000000 0.608501499 0.391498501
A:/ccrcrccrfc: 0.000000000 0.798527877 0.201472123
A:/ccrcrccrff: 0.000000000 0.546329198 0.453670802
A:/ccrcrf: 0.497426116 0.115254475 0.387319408
A:/ccrcrfcrc: 0.000000000 0.344451494 0.655548506
A:/ccrcrfcrf: 0.000000000 0.224652268 0.775347732
A:/ccrcrr: 0.000000000 0.771962426 0.228037574
A:/ccrfcr: 0.687388675 0.272958355 0.039652970
A:/ccrfcrcrc: 0.000000000 1.000000000 0.000000000
A:/ccrfcrcrf: 0.000000000 0.617562344 0.382437656
A:/ccrffr: 0.383554444 0.601620696 0.014824860
A:/ccrfrc: 0.672975961 0.190821450 0.136202589
A:/ccrfrf: 0.457220700 0.322056344 0.220722956
A:/ccrfrr: 0.000000000 0.837946384 0.162053616
A:/ccrrcc: 0.626777585 0.149423776 0.223798639
A:/ccrrcf: 0.488937313 0.176664409 0.334398278
A:/ccrrcr: 0.000000000 0.729778499 0.270221501
A:/ccrrfc: 0.341994544 0.601828156 0.056177299
A:/ccrrff: 0.682366913 0.301260303 0.016372785
A:/ccrrfr: 0.000000000 0.701434267 0.298565733
A:/ccrrrc: 0.000000000 0.410299404 0.589700596
A:/ccrrrf: 0.000000000 0.830687380 0.169312620
A:/cr: 0.028372930 0.971627070 0.000000000
A:/crccrc: 0.476215887 0.219694757 0.304089356
A:/crccrccrcc: 0.000000000 0.698511598 0.301488402
A:/crccrccrcf: 0.000000000 0.200461845 0.799538155
A:/crccrccrfc: 0.000000000 0.585054541 0.414945459
A:/crccrccrff: 0.000000000 0.629953241 0.370046759
A:/crccrf: 0.580242422 0.001140702 0.418616876
A:/crccrfcrc: 0.000000000 0.446569614 0.553430386
A:/crccrfcrf: 0.000000000 0.530903330 0.469096670
A:/crccrr: 0.000000000 0.603397584 0.396602416
A:/crcfrc: 0.132983141 0.316110815 0.550906044
A:/crcfrf: 0.209395015 0.505107937 0.285497047
A:/crcfrr: 0.000000000 0.052681853 0.947318147
A:/crcrcc: 0.307777711 0.399208661 0.293013628
A:/crcrcf: 0.443600783 0.119964199 0.436435018
A:/crcrcr: 0.000000000 0.566006771 0.433993229
A:/crcrfc: 0.382806396 0.398339978 0.218853625
A:/crcrff: 0.624324185 0.240483803 0.135192012
A:/crcrfr: 0.000000000 0.686652029 0.313347971
A:/crcrrc: 0.000000000 0.775736738 0.224263262
A:/crcrrf: 0.000000000 0.795548453 0.204451547
A:/crrccr: 0.000000000 0.820887260 0.179112740
A:/crrcfr: 0.000000000 0.826799736 0.173200264
A:/crrcrc: 0.000000000 0.622814690 0.377185310
A:/crrcrf: 0.000000000 0.661441776 0.338558224
A:/crrfcr: 0.000000000 0.884255739 0.115744261
A:/crrffr: 0.000000000 1.000000000 0.000000000
A:/crrfrc: 0.000000000 1.000000000 0.000000000
A:/crrfrf: 0.000000000 0.364526536 0.635473464
A:/crrrcc: 0.000000000 0.656126883 0.343873117
A:/crrrcf: 0.000000000 0.787083841 0.212916159
A:/crrrfc: 0.000000000 0.785784121 0.214215879
A:/crrrff: 0.000000000 0.860759949 0.139240051
A:/rc: 0.066002932 0.583754525 0.350242543
A:/rccrcc: 0.873407489 0.101338418 0.025254093
A:/rccrcf: 0.264230814 0.247835787 0.487933400
A:/rccrcr: 0.000000000 0.674605661 0.325394339
A:/rccrfc: 0.461307890 0.370871206 0.167820904
A:/rccrff: 0.240337594 0.505784404 0.253878002
A:/rccrfr: 0.000000000 0.778718095 0.221281905
A:/rccrrc: 0.000000000 0.599870417 0.400129583
A:/rccrrf: 0.000000000 0.511774245 0.488225755
A:/rcrccr: 0.000000000 0.068229658 0.931770342
A:/rcrcfr: 0.000000000 0.582606215 0.417393785
A:/rcrcrc: 0.000000000 0.463252856 0.536747144
A:/rcrcrf: 0.000000000 0.869330188 0.130669812
A:/rcrfcr: 0.000000000 0.578178151 0.421821849
A:/rcrffr: 0.000000000 0.459735945 0.540264055
A:/rcrfrc: 0.000000000 0.142821084 0.857178916
A:/rcrfrf: 0.000000000 0.055975818 0.944024182
A:/rcrrcc: 0.000000000 0.392234401 0.607765599
A:/rcrrcf: 0.000000000 0.726299074 0.273700926
A:/rcrrfc: 0.000000000 0.759751420 0.240248580
A:/rcrrff: 0.000000000 0.179867091 0.820132909
A:/rf: 0.589545187 0.410454813 0.000000000
A:/rfcrc: 0.565112459 0.260515491 0.174372050
A:/rfcrf: 0.632470039 0.313605199 0.053924762
A:/rfcrr: 0.000000000 0.423068616 0.576931384
A:/rfrcr: 0.000000000 0.325281564 0.674718436
A:/rfrfr: 0.000000000 0.527455576 0.472544424
A:/rfrrc: 0.000000000 1.000000000 0.000000000
A:/rfrrf: 0.000000000 0.328343665 0.671656335
A:/rr: 0.432511724 0.480539241 0.086949035
A:/rrccrc: 0.000000000 0.228257869 0.771742131
A:/rrccrf: 0.000000000 0.487574633 0.512425367
A:/rrcfrc: 0.000000000 0.492190857 0.507809143
A:/rrcfrf: 0.000000000 0.142912144 0.857087856
A:/rrcrcc: 0.000000000 0.497081859 0.502918141
A:/rrcrcf: 0.000000000 0.412411158 0.587588842
A:/rrcrfc: 0.000000000 0.654342140 0.345657860
A:/rrcrff: 0.000000000 0.090550983 0.909449017
J:/cc: 0.045843420 0.954156580 0.000000000
J:/cccrcc: 0.346202311 0.156847384 0.496950305
J:/cccrccrccr: 0.000000000 0.643052656 0.356947344
J:/cccrccrcfr: 0.000000000 0.399892184 0.600107816
J:/cccrccrcrc: 0.000000000 0.958791733 0.041208267
J:/cccrccrcrf: 0.000000000 0.660073137 0.339926863
J:/cccrccrfcr: 0.000000000 0.543202129 0.456797871
J:/cccrccrffr: 0.000000000 0.467537201 0.532462799
J:/cccrccrfrc: 0.000000000 0.379934031 0.620065969
J:/cccrccrfrf: 0.000000000 0.755046605 0.244953395
J:/cccrccrrcc: 0.000000000 0.032996152 0.967003848
J:/cccrccrrcf: 0.000000000 0.242708108 0.757291892
J:/cccrccrrfc: 0.000000000 0.786420002 0.213579998
J:/cccrccrrff: 0.000000000 0.576229090 0.423770910
J:/cccrcf: 0.000000051 0.681509747 0.318490201
J:/cccrcfrcr: 0.000000000 0.139381394 0.860618606
J:/cccrcfrfr: 0.000000000 0.642162249 0.357837751
J:/cccrcfrrc: 0.000000000 0.169881936 0.830118064
J:/cccrcfrrf: 0.000000000 0.649852787 0.350147213
J:/cccrcr: 0.449956178 0.347752417 0.202291406
J:/cccrcrccrc: 0.000000000 0.787267588 0.212732412
J:/cccrcrccrf: 0.000000000 0.203978588 0.796021412
J:/cccrcrcfrc: 0.000000000 0.538339344 0.461660656
J:/cccrcrcfrf: 0.000000000 0.844314860 0.155685140
J:/cccrcrcrcc: 0.000000000 0.140172203 0.859827797
J:/cccrcrcrcf: 0.000000000 0.746104234 0.253895766
J:/cccrcrcrfc: 0.000000000 0.554018054 0.445981946
J:/cccrcrcrff: 0.000000000 0.291993836 0.708006164
J:/cccrfc: 0.000000000 0.000000000 1.000000000
J:/cccrfcrcr: 0.000000000 0.413204213 0.586795787
J:/cccrfcrfr: 0.000000000 0.691393505 0.308606495
J:/cccrfcrrc: 0.000000000 0.000000000 1.000000000
J:/cccrfcrrf: 0.000000000 0.386810284 0.613189716
J:/cccrff: 0.009836161 0.000000000 0.990163839
J:/cccrffrr: 0.000000000 0.000000000 1.000000000
J:/cccrfr: 0.000000000 0.000000000 1.000000000
J:/cccrfrcrc: 0.000000000 0.771842791 0.228157209
J:/cccrfrcrf: 0.000000000 0.488392854 0.511607146
J:/cccrrc: 0.300146184 0.634642747 0.065211069
J:/cccrrccrcc: 0.000000000 0.488175303 0.511824697
J:/cccrrccrcf: 0.000000000 0.531295057 0.468704943
J:/cccrrccrfc: 0.000000000 0.226456911 0.773543089
J:/cccrrccrff: 0.000000000 0.483341181 0.516658819
J:/cccrrf: 0.509678591 0.031296877 0.459024532
J:/cccrrfcrc: 0.000000000 0.491009091 0.508990909
J:/cccrrfcrf: 0.000000000 0.421542975 0.578457025
J:/cccrrr: 0.000000000 0.799713779 0.200286221
J:/ccrccr: 0.000000000 0.000153665 0.999846335
J:/ccrccrccrc: 0.000000000 0.396140426 0.603859574
J:/ccrccrccrf: 0.000000000 0.976374608 0.023625392
J:/ccrccrcfrc: 0.000000000 0.756913306 0.243086694
J:/ccrccrcfrf: 0.000000000 0.037659214 0.962340786
J:/ccrccrcrcc: 0.000000000 0.346527223 0.653472777
J:/ccrccrcrcf: 0.000000000 0.653230400 0.346769600
J:/ccrccrcrfc: 0.000000000 0.333918393 0.666081607
J:/ccrccrcrff: 0.000000000 0.273862652 0.726137348
J:/ccrcfr: 0.000000000 0.000000000 1.000000000
J:/ccrcfrcrc: 0.000000000 0.177519189 0.822480811
J:/ccrcfrcrf: 0.000000000 0.177414995 0.822585005
J:/ccrcrc: 0.300432614 0.307104414 0.392462972
J:/ccrcrccrcc: 0.000000000 0.647859030 0.352140970
J:/ccrcrccrcf: 0.000000000 0.606580291 0.393419709
J:/ccrcrccrfc: 0.000000000 0.307556441 0.692443559
J:/ccrcrccrff: 0.000000000 0.044057704 0.955942296
J:/ccrcrf: 0.355115853 0.106060294 0.538823853
J:/ccrcrfcrc: 0.000000000 0.467762609 0.532237391
J:/ccrcrfcrf: 0.000000000 0.931656553 0.068343447
J:/ccrcrr: 0.000000000 0.821510369 0.178489631
J:/ccrfcr: 0.000000000 0.316390855 0.683609145
J:/ccrfcrcrc: 0.000000000 0.600945249 0.399054751
J:/ccrfcrcrf: 0.000000000 0.532535260 0.467464740
J:/ccrffr: 0.000000000 0.000000000 1.000000000
J:/ccrfrc: 0.272946879 0.310154762 0.416898359
J:/ccrfrf: 0.237646230 0.224736242 0.537617529
J:/ccrfrr: 0.000000000 0.132621913 0.867378087
J:/ccrrcc: 0.402986473 0.077119340 0.519894187
J:/ccrrcf: 0.396079774 0.252792178 0.351128048
J:/ccrrcr: 0.000000000 0.078136144 0.921863856
J:/ccrrfc: 0.000000000 0.085241323 0.914758677
J:/ccrrff: 0.000000000 0.085535761 0.914464239
J:/ccrrfr: 0.000000000 0.039706191 0.960293809
J:/ccrrrc: 0.000000000 0.760940565 0.239059435
J:/ccrrrf: 0.000000000 0.561679195 0.438320805
J:/cr: 0.000000000 0.000000000 1.000000000
J:/crccrc: 0.831290127 0.000000000 0.168709873
J:/crccrccrcc: 0.000000000 0.875713464 0.124286536
J:/crccrccrcf: 0.000000000 0.370518074 0.629481926
J:/crccrccrfc: 0.000000000 0.421684540 0.578315460
J:/crccrccrff: 0.000000000 0.409736453 0.590263547
J:/crccrf: 0.180772021 0.403785083 0.415442895
J:/crccrfcrc: 0.000000000 0.349427189 0.650572811
J:/crccrfcrf: 0.000000000 0.318502304 0.681497696
J:/crccrr: 0.000000000 0.165760479 0.834239521
J:/crcfrc: 0.542181800 0.049033715 0.408784484
J:/crcfrf: 0.343857854 0.403086559 0.253055586
J:/crcfrr: 0.000000000 0.632463684 0.367536316
J:/crcrcc: 0.222560718 0.719358096 0.058081187
J:/crcrcf: 0.366729252 0.286549524 0.346721224
J:/crcrcr: 0.000000000 0.000000000 1.000000000
J:/crcrfc: 0.298181096 0.000000000 0.701818904
J:/crcrff: 0.693940262 0.306059738 0.000000000
J:/crcrfr: 0.000000000 0.447431718 0.552568282
J:/crcrrc: 0.000000000 0.204903742 0.795096258
J:/crcrrf: 0.000000000 0.062863390 0.937136610
J:/crrccr: 0.000000000 0.470585625 0.529414375
J:/crrcfr: 0.000000000 0.393942975 0.606057025
J:/crrcrc: 0.000000000 0.000000000 1.000000000
J:/crrcrf: 0.000000000 0.220569026 0.779430974
J:/crrfcr: 0.000000000 0.000000000 1.000000000
J:/crrffr: 0.000000000 0.000000000 1.000000000
J:/crrfrc: 0.000000000 0.000000000 1.000000000
J:/crrfrf: 0.000000000 0.839689153 0.160310847
J:/crrrcc: 0.000000000 0.389735722 0.610264278
J:/crrrcf: 0.000000000 0.722266507 0.277733493
J:/crrrfc: 0.000000000 0.000000000 1.000000000
J:/crrrff: 0.000000000 0.311087298 0.688912702
J:/rc: 0.291462475 0.120460997 0.588076528
J:/rccrcc: 0.091069287 0.441363889 0.467566824
J:/rccrcf: 0.231720756 0.423125070 0.345154174
J:/rccrcr: 0.000000000 0.306414776 0.693585224
J:/rccrfc: 0.468670632 0.459191026 0.072138342
J:/rccrff: 0.045034222 0.727440542 0.227525236
J:/rccrfr: 0.000000000 0.579885818 0.420114182
J:/rccrrc: 0.000000000 0.630994312 0.369005688
J:/rccrrf: 0.000000000 0.654616756 0.345383244
J:/rcrccr: 0.000000000 0.699425444 0.300574556
J:/rcrcfr: 0.000000000 0.223835824 0.776164176
J:/rcrcrc: 0.000000000 0.617236236 0.382763764
J:/rcrcrf: 0.000000000 0.602079765 0.397920235
J:/rcrfcr: 0.000000000 0.463581281 0.536418719
J:/rcrffr: 0.000000000 0.644963073 0.355036927
J:/rcrfrc: 0.000000000 0.630132012 0.369867988
J:/rcrfrf: 0.000000000 0.508089710 0.491910290
J:/rcrrcc: 0.000000000 0.555945247 0.444054753
J:/rcrrcf: 0.000000000 0.706820637 0.293179363
J:/rcrrfc: 0.000000000 0.711282840 0.288717160
J:/rcrrff: 0.000000000 0.216567273 0.783432727
J:/rf: 0.047644179 0.000000000 0.952355821
J:/rfcrc: 0.296833132 0.485552658 0.217614210
J:/rfcrf: 0.341448033 0.509311819 0.149240148
J:/rfcrr: 0.000000000 0.684238583 0.315761417
J:/rfrcr: 0.000000000 0.586719233 0.413280767
J:/rfrfr: 0.000000000 0.623686402 0.376313598
J:/rfrrc: 0.000000000 0.430473811 0.569526189
J:/rfrrf: 0.000000000 0.445195236 0.554804764
J:/rr: 0.298717540 0.197969790 0.503312670
J:/rrccrc: 0.000000000 0.573931412 0.426068588
J:/rrccrf: 0.000000000 0.484318648 0.515681352
J:/rrcfrc: 0.000000000 0.022662291 0.977337709
J:/rrcfrf: 0.000000000 0.391814739 0.608185261
J:/rrcrcc: 0.000000000 0.535936913 0.464063087
J:/rrcrcf: 0.000000000 0.507026409 0.492973591
J:/rrcrfc: 0.000000000 0.572916044 0.427083956
J:/rrcrff: 0.000000000 0.930888996 0.069111004
K:/cc: 0.000000000 1.000000000 0.000000000
K:/cccrcc: 0.010501277 0.310077367 0.679421356
K:/cccrccrccr: 0.000000000 0.390877385 0.609122615
K:/cccrccrcfr: 0.000000000 0.444696423 0.555303577
K:/cccrccrcrc: 0.000000000 0.200198791 0.799801209
K:/cccrccrcrf: 0.000000000 0.504428615 0.495571385
K:/cccrccrfcr: 0.000000000 0.842194923 0.157805077
K:/cccrccrffr: 0.000000000 0.173302871 0.826697129
K:/cccrccrfrc: 0.000000000 0.835319131 0.164680869
K:/cccrccrfrf: 0.000000000 0.245851979 0.754148021
K:/cccrccrrcc: 0.000000000 0.327132093 0.672867907
K:/cccrccrrcf: 0.000000000 0.624792632 0.375207368
K:/cccrccrrfc: 0.000000000 0.494895717 0.505104283
K:/cccrccrrff: 0.000000000 0.690773803 0.309226197
K:/cccrcf: 0.456445745 0.162410426 0.381143829
K:/cccrcfrcr: 0.000000000 0.187923538 0.812076462
K:/cccrcfrfr: 0.000000000 0.843336471 0.156663529
K:/cccrcfrrc: 0.000000000 0.578525856 0.421474144
K:/cccrcfrrf: 0.000000000 0.681149316 0.318850684
K:/cccrcr: 0.248210722 0.250572717 0.501216561
K:/cccrcrccrc: 0.000000000 0.647823338 0.352176662
K:/cccrcrccrf: 0.000000000 0.607098629 0.392901371
K:/cccrcrcfrc: 0.000000000 0.156579176 0.843420824
K:/cccrcrcfrf: 0.000000000 0.621085516 0.378914484
K:/cccrcrcrcc: 0.000000000 0.607822440 0.392177560
K:/cccrcrcrcf: 0.000000000 0.695866047 0.304133953
K:/cccrcrcrfc: 0.000000000 0.393469618 0.606530382
K:/cccrcrcrff: 0.000000000 0.571426801 0.428573199
K:/cccrfc: 0.000214521 0.049879240 0.949906239
K:/cccrfcrcr: 0.000000000 0.531664617 0.468335383
K:/cccrfcrfr: 0.000000000 0.608464506 0.391535494
K:/cccrfcrrc: 0.000000000 0.265927156 0.734072844
K:/cccrfcrrf: 0.000000000 0.910505651 0.089494349
K:/cccrff: 0.010535997 0.074533954 0.914930049
K:/cccrffrr: 0.000000000 0.000000000 1.000000000
K:/cccrfr: 0.000000000 0.061958691 0.938041309
K:/cccrfrcrc: 0.000000000 0.528228006 0.471771994
K:/cccrfrcrf: 0.000000000 0.641481456 0.358518544
K:/cccrrc: 0.451396061 0.372644968 0.175958972
K:/cccrrccrcc: 0.000000000 0.661022473 0.338977527
K:/cccrrccrcf: 0.000000000 0.887529609 0.112470391
K:/cccrrccrfc: 0.000000000 0.963041578 0.036958422
K:/cccrrccrff: 0.000000000 0.256287763 0.743712237
K:/cccrrf: 0.340545229 0.470474273 0.188980498
K:/cccrrfcrc: 0.000000000 0.162730293 0.837269707
K:/cccrrfcrf: 0.000000000 0.419973681 0.580026319
K:/cccrrr: 0.000000000 0.260103299 0.739896701
K:/ccrccr: 0.000000000 0.226564939 0.773435061
K:/ccrccrccrc: 0.000000000 0.853169932 0.146830068
K:/ccrccrccrf: 0.000000000 0.561350352 0.438649648
K:/ccrccrcfrc: 0.000000000 0.696096424 0.303903576
K:/ccrccrcfrf: 0.000000000 0.795101344 0.204898656
K:/ccrccrcrcc: 0.000000000 0.399776573 0.600223427
K:/ccrccrcrcf: 0.000000000 0.253373522 0.746626478
K:/ccrccrcrfc: 0.000000000 0.000000000 1.000000000
K:/ccrccrcrff: 0.000000000 0.507819078 0.492180922
K:/ccrcfr: 0.423102448 0.202879242 0.374018310
K:/ccrcfrcrc: 0.000000000 0.070321330 0.929678670
K:/ccrcfrcrf: 0.000000000 0.525057202 0.474942798
K:/ccrcrc: 0.168479089 0.354786676 0.476734235
K:/ccrcrccrcc: 0.000000000 0.391257025 0.608742975
K:/ccrcrccrcf: 0.000000000 0.522286661 0.477713339
K:/ccrcrccrfc: 0.000000000 0.723783791 0.276216209
K:/ccrcrccrff: 0.000000000 0.890918283 0.109081717
K:/ccrcrf: 0.252578867 0.451222215 0.296198918
K:/ccrcrfcrc: 0.000000000 0.051236716 0.948763284
K:/ccrcrfcrf: 0.000000000 0.989472581 0.010527419
K:/ccrcrr: 0.000000000 0.538255833 0.461744167
K:/ccrfcr: 0.000000000 0.193200158 0.806799842
K:/ccrfcrcrc: 0.000000000 0.277639431 0.722360569
K:/ccrfcrcrf: 0.000000000 0.351215898 0.648784102
K:/ccrffr: 0.000000000 0.142891400 0.857108600
K:/ccrfrc: 0.403145438 0.261707389 0.335147173
K:/ccrfrf: 0.324341841 0.358474099 0.317184060
K:/ccrfrr: 0.000000000 0.578604763 0.421395237
K:/ccrrcc: 0.000000000 0.577848972 0.422151028
K:/ccrrcf: 0.187610054 0.477457297 0.334932650
K:/ccrrcr: 0.000000000 0.587750545 0.412249455
K:/ccrrfc: 0.450465414 0.000000000 0.549534586
K:/ccrrff: 0.086013381 0.065818798 0.848167821
K:/ccrrfr: 0.000000000 0.700682205 0.299317795
K:/ccrrrc: 0.000000000 0.691063189 0.308936811
K:/ccrrrf: 0.000000000 0.187906904 0.812093096
K:/cr: 0.000000000 0.000000000 1.000000000
K:/crccrc: 0.718005927 0.269019834 0.012974239
K:/crccrccrcc: 0.000000000 0.699078779 0.300921221
K:/crccrccrcf: 0.000000000 0.592731950 0.407268050
K:/crccrccrfc: 0.000000000 0.453745295 0.546254705
K:/crccrccrff: 0.000000000 0.802660567 0.197339433
K:/crccrf: 0.341536719 0.508591141 0.149872140
K:/crccrfcrc: 0.000000000 0.435742831 0.564257169
K:/crccrfcrf: 0.000000000 1.000000000 0.000000000
K:/crccrr: 0.000000000 0.532075493 0.467924507
K:/crcfrc: 0.278248662 0.314635236 0.407116102
K:/crcfrf: 0.223003752 0.496696508 0.280299740
K:/crcfrr: 0.000000000 0.978131804 0.021868196
K:/crcrcc: 0.287999142 0.544531906 0.167468952
K:/crcrcf: 0.453731583 0.546268417 0.000000000
K:/crcrcr: 0.000000000 0.338140140 0.661859860
K:/crcrfc: 0.468624047 0.000000000 0.531375953
K:/crcrff: 0.462423235 0.537576765 0.000000000
K:/crcrfr: 0.000000000 0.000000000 1.000000000
K:/crcrrc: 0.000000000 0.488672015 0.511327985
K:/crcrrf: 0.000000000 0.676424176 0.323575824
K:/crrccr: 0.000000000 0.352207932 0.647792068
K:/crrcfr: 0.000000000 0.260080048 0.739919952
K:/crrcrc: 0.000000000 0.076964634 0.923035366
K:/crrcrf: 0.000000000 0.847763508 0.152236492
K:/crrfcr: 0.000000000 0.303660991 0.696339009
K:/crrffr: 0.000000000 0.079042767 0.920957233
K:/crrfrc: 0.000000000 0.030905322 0.969094678
K:/crrfrf: 0.000000000 0.618765900 0.381234100
K:/crrrcc: 0.000000000 0.138557941 0.861442059
K:/crrrcf: 0.000000000 1.000000000 0.000000000
K:/crrrfc: 0.000000000 0.024916779 0.975083221
K:/crrrff: 0.000000000 0.951512768 0.048487232
K:/rc: 0.222042682 0.337571074 0.440386244
K:/rccrcc: 0.395291518 0.066029346 0.538679136
K:/rccrcf: 0.053901671 0.635306992 0.310791337
K:/rccrcr: 0.000000000 0.820743594 0.179256406
K:/rccrfc: 0.020222751 0.587132122 0.392645127
K:/rccrff: 0.169178729 0.411388009 0.419433262
K:/rccrfr: 0.000000000 0.339433928 0.660566072
K:/rccrrc: 0.000000000 0.808110688 0.191889312
K:/rccrrf: 0.000000000 0.860267529 0.139732471
K:/rcrccr: 0.000000000 0.409768710 0.590231290
K:/rcrcfr: 0.000000000 0.834290183 0.165709817
K:/rcrcrc: 0.000000000 0.468147305 0.531852695
K:/rcrcrf: 0.000000000 0.409207915 0.590792085
K:/rcrfcr: 0.000000000 0.550925448 0.449074552
K:/rcrffr: 0.000000000 0.830289431 0.169710569
K:/rcrfrc: 0.000000000 0.492414576 0.507585424
K:/rcrfrf: 0.000000000 0.550774217 0.449225783
K:/rcrrcc: 0.000000000 0.113009355 0.886990645
K:/rcrrcf: 0.000000000 0.007784435 0.992215565
K:/rcrrfc: 0.000000000 0.554459781 0.445540219
K:/rcrrff: 0.000000000 0.367847692 0.632152308
K:/rf: 0.422367215 0.096862759 0.480770026
K:/rfcrc: 0.313607142 0.229475655 0.456917203
K:/rfcrf: 0.101172007 0.667094029 0.231733965
K:/rfcrr: 0.000000000 0.446653891 0.553346109
K:/rfrcr: 0.000000000 0.106429638 0.893570362
K:/rfrfr: 0.000000000 0.312816292 0.687183708
K:/rfrrc: 0.000000000 0.699790799 0.300209201
K:/rfrrf: 0.000000000 0.561249752 0.438750248
K:/rr: 0.289995433 0.318284913 0.391719654
K:/rrccrc: 0.000000000 0.988049165 0.011950835
K:/rrccrf: 0.000000000 0.045103220 0.954896780
K:/rrcfrc: 0.000000000 0.920775097 0.079224903
K:/rrcfrf: 0.000000000 0.548478686 0.451521314
K:/rrcrcc: 0.000000000 0.589220094 0.410779906
K:/rrcrcf: 0.000000000 0.343361818 0.656638182
K:/rrcrfc: 0.000000000 0.434347218 0.565652782
K:/rrcrff: 0.000000000 0.646793794 0.353206206
Q:/cc: 0.000000000 1.000000000 0.000000000
Q:/cccrcc: 0.099597705 0.746942679 0.153459616
Q:/cccrccrccr: 0.000000000 0.903727137 0.096272863
Q:/cccrccrcfr: 0.000000000 0.766697221 0.233302779
Q:/cccrccrcrc: 0.000000000 0.059057615 0.940942385
Q:/cccrccrcrf: 0.000000000 0.530886906 0.469113094
Q:/cccrccrfcr: 0.000000000 0.319306626 0.680693374
Q:/cccrccrffr: 0.000000000 0.491592581 0.508407419
Q:/cccrccrfrc: 0.000000000 0.486442816 0.513557184
Q:/cccrccrfrf: 0.000000000 0.896471192 0.103528808
Q:/cccrccrrcc: 0.000000000 0.882164652 0.117835348
Q:/cccrccrrcf: 0.000000000 0.388720658 0.611279342
Q:/cccrccrrfc: 0.000000000 0.447430436 0.552569564
Q:/cccrccrrff: 0.000000000 0.437390298 0.562609702
Q:/cccrcf: 0.086387282 0.503303650 0.410309067
Q:/cccrcfrcr: 0.000000000 0.614477003 0.385522997
Q:/cccrcfrfr: 0.000000000 0.512936034 0.487063966
Q:/cccrcfrrc: 0.000000000 0.215136933 0.784863067
Q:/cccrcfrrf: 0.000000000 0.434321663 0.565678337
Q:/cccrcr: 0.324938314 0.434195304 0.240866382
Q:/cccrcrccrc: 0.000000000 0.363092655 0.636907345
Q:/cccrcrccrf: 0.000000000 0.728392870 0.271607130
Q:/cccrcrcfrc: 0.000000000 0.702486861 0.297513139
Q:/cccrcrcfrf: 0.000000000 0.689815764 0.310184236
Q:/cccrcrcrcc: 0.000000000 0.654598234 0.345401766
Q:/cccrcrcrcf: 0.000000000 0.572791075 0.427208925
Q:/cccrcrcrfc: 0.000000000 0.743259998 0.256740002
Q:/cccrcrcrff: 0.000000000 0.294239296 0.705760704
Q:/cccrfc: 0.000000000 0.000000000 1.000000000
Q:/cccrfcrcr: 0.000000000 0.268291588 0.731708412
Q:/cccrfcrfr: 0.000000000 0.588846399 0.411153601
Q:/cccrfcrrc: 0.000000000 0.215274260 0.784725740
Q:/cccrfcrrf: 0.000000000 0.197377786 0.802622214
Q:/cccrff: 0.002044571 0.015583447 0.982371983
Q:/cccrffrr: 0.000000000 0.000000000 1.000000000
Q:/cccrfr: 0.000000000 0.000000000 1.000000000
Q:/cccrfrcrc: 0.000000000 0.000000000 1.000000000
Q:/cccrfrcrf: 0.000000000 0.329866974 0.670133026
Q:/cccrrc: 0.486063870 0.473960373 0.039975756
Q:/cccrrccrcc: 0.000000000 0.907794748 0.092205252
Q:/cccrrccrcf: 0.000000000 0.424437535 0.575562465
Q:/cccrrccrfc: 0.000000000 0.437389710 0.562610290
Q:/cccrrccrff: 0.000000000 0.457344499 0.542655501
Q:/cccrrf: 0.081172914 0.455801693 0.463025393
Q:/cccrrfcrc: 0.000000000 0.132608912 0.867391088
Q:/cccrrfcrf: 0.000000000 0.284766033 0.715233967
Q:/cccrrr: 0.000000000 0.812688138 0.187311862
Q:/ccrccr: 0.000000000 0.000356372 0.999643628
Q:/ccrccrccrc: 0.000000000 0.385439089 0.614560911
Q:/ccrccrccrf: 0.000000000 0.424609208 0.575390792
Q:/ccrccrcfrc: 0.000000000 0.054939655 0.945060345
Q:/ccrccrcfrf: 0.000000000 0.360738714 0.639261286
Q:/ccrccrcrcc: 0.000000000 0.370481565 0.629518435
Q:/ccrccrcrcf: 0.000000000 0.080610963 0.919389037
Q:/ccrccrcrfc: 0.000000000 0.482277035 0.517722965
Q:/ccrccrcrff: 0.000000000 0.738359346 0.261640654
Q:/ccrcfr: 0.000000000 0.000000000 1.000000000
Q:/ccrcfrcrc: 0.000000000 0.088376959 0.911623041
Q:/ccrcfrcrf: 0.000000000 0.088327833 0.911672167
Q:/ccrcrc: 0.355894321 0.441894570 0.202211109
Q:/ccrcrccrcc: 0.000000000 0.572766259 0.427233741
Q:/ccrcrccrcf: 0.000000000 0.628239264 0.371760736
Q:/ccrcrccrfc: 0.000000000 0.208560908 0.791439092
Q:/ccrcrccrff: 0.000000000 0.392581023 0.607418977
Q:/ccrcrf: 0.136148743 0.419106898 0.444744359
Q:/ccrcrfcrc: 0.000000000 0.483210123 0.516789877
Q:/ccrcrfcrf: 0.000000000 0.514132169 0.485867831
Q:/ccrcrr: 0.000000000 0.766099548 0.233900452
Q:/ccrfcr: 0.000000000 0.234694581 0.765305419
Q:/ccrfcrcrc: 0.000000000 0.782141607 0.217858393
Q:/ccrfcrcrf: 0.000000000 0.940351222 0.059648778
Q:/ccrffr: 0.000000000 0.000000000 1.000000000
Q:/ccrfrc: 0.184469017 0.497700078 0.317830905
Q:/ccrfrf: 0.440645797 0.314970582 0.244383620
Q:/ccrfrr: 0.000000000 0.711714588 0.288285412
Q:/ccrrcc: 0.264034968 0.381870109 0.354094923
Q:/ccrrcf: 0.157553454 0.452635129 0.389811416
Q:/ccrrcr: 0.000000000 0.747977962 0.252022038
Q:/ccrrfc: 0.000000000 0.106793653 0.893206347
Q:/ccrrff: 0.000000000 0.111403126 0.888596874
Q:/ccrrfr: 0.000000000 0.000000000 1.000000000
Q:/ccrrrc: 0.000000000 0.016390833 0.983609167
Q:/ccrrrf: 0.000000000 0.346150534 0.653849466
Q:/cr: 0.000000000 0.000000000 1.000000000
Q:/crccrc: 0.320197774 0.018338422 0.661463803
Q:/crccrccrcc: 0.000000000 0.475029339 0.524970661
Q:/crccrccrcf: 0.000000000 0.616298485 0.383701515
Q:/crccrccrfc: 0.000000000 0.690537536 0.309462464
Q:/crccrccrff: 0.000000000 0.521302854 0.478697146
Q:/crccrf: 0.478403337 0.254231117 0.267365546
Q:/crccrfcrc: 0.000000000 0.546621005 0.453378995
Q:/crccrfcrf: 0.000000000 0.546650210 0.453349790
Q:/crccrr: 0.000000000 0.177365917 0.822634083
Q:/crcfrc: 0.286662186 0.186462482 0.526875333
Q:/crcfrf: 0.241032158 0.385441725 0.373526117
Q:/crcfrr: 0.000000000 0.491919735 0.508080265
Q:/crcrcc: 0.595731517 0.195201604 0.209066879
Q:/crcrcf: 0.293595776 0.432803060 0.273601163
Q:/crcrcr: 0.000000000 0.000000000 1.000000000
Q:/crcrfc: 0.287386405 0.000000000 0.712613595
Q:/crcrff: 0.491125074 0.508874926 0.000000000
Q:/crcrfr: 0.000000000 0.078242603 0.921757397
Q:/crcrrc: 0.000000000 0.015021751 0.984978249
Q:/crcrrf: 0.000000000 0.423052291 0.576947709
Q:/crrccr: 0.000000000 0.119235576 0.880764424
Q:/crrcfr: 0.000000000 0.650569827 0.349430173
Q:/crrcrc: 0.000000000 0.659856531 0.340143469
Q:/crrcrf: 0.000000000 0.783840668 0.216159332
Q:/crrfcr: 0.000000000 0.133107162 0.866892838
Q:/crrffr: 0.000000000 0.119348308 0.880651692
Q:/crrfrc: 0.000000000 0.000000000 1.000000000
Q:/crrfrf: 0.000000000 0.252824059 0.747175941
Q:/crrrcc: 0.000000000 0.168771776 0.831228224
Q:/crrrcf: 0.000000000 0.557251960 0.442748040
Q:/crrrfc: 0.000000000 0.061133508 0.938866492
Q:/crrrff: 0.000000000 0.806672365 0.193327635
Q:/rc: 0.265542013 0.051048302 0.683409685
Q:/rccrcc: 0.350433744 0.318892370 0.330673886
Q:/rccrcf: 0.050504528 0.652846426 0.296649047
Q:/rccrcr: 0.000000000 0.816548478 0.183451522
Q:/rccrfc: 0.029385534 0.266663565 0.703950902
Q:/rccrff: 0.273533445 0.172479441 0.553987113
Q:/rccrfr: 0.000000000 0.652346495 0.347653505
Q:/rccrrc: 0.000000000 0.841923404 0.158076596
Q:/rccrrf: 0.000000000 0.050232959 0.949767041
Q:/rcrccr: 0.000000000 0.493350917 0.506649083
Q:/rcrcfr: 0.000000000 0.302724037 0.697275963
Q:/rcrcrc: 0.000000000 0.535703346 0.464296654
Q:/rcrcrf: 0.000000000 0.562957148 0.437042852
Q:/rcrfcr: 0.000000000 0.554177336 0.445822664
Q:/rcrffr: 0.000000000 0.290966357 0.709033643
Q:/rcrfrc: 0.000000000 0.167404791 0.832595209
Q:/rcrfrf: 0.000000000 0.382613014 0.617386986
Q:/rcrrcc: 0.000000000 0.510407912 0.489592088
Q:/rcrrcf: 0.000000000 0.526220413 0.473779587
Q:/rcrrfc: 0.000000000 0.523467507 0.476532493
Q:/rcrrff: 0.000000000 0.260604172 0.739395828
Q:/rf: 0.000378587 0.341630544 0.657990870
Q:/rfcrc: 0.142376910 0.412450458 0.445172632
Q:/rfcrf: 0.037841408 0.519260981 0.442897611
Q:/rfcrr: 0.000000000 0.446429253 0.553570747
Q:/rfrcr: 0.000000000 0.544880961 0.455119039
Q:/rfrfr: 0.000000000 0.464016986 0.535983014
Q:/rfrrc: 0.000000000 0.612124148 0.387875852
Q:/rfrrf: 0.000000000 0.469491907 0.530508093
Q:/rr: 0.000000000 0.206858543 0.793141457
Q:/rrccrc: 0.000000000 0.240469932 0.759530068
Q:/rrccrf: 0.000000000 0.241484418 0.758515582
Q:/rrcfrc: 0.000000000 0.869239358 0.130760642
Q:/rrcfrf: 0.000000000 0.707298490 0.292701510
Q:/rrcrcc: 0.000000000 0.770511336 0.229488664
Q:/rrcrcf: 0.000000000 0.606533970 0.393466030
Q:/rrcrfc: 0.000000000 0.568914777 0.431085223
Q:/rrcrff: 0.000000000 0.420526767 0.579473233
T:/cc: 0.000000000 1.000000000 0.000000000
T:/cccrcc: 0.000000000 0.255829859 0.744170141
T:/cccrccrccr: 0.000000000 0.190276435 0.809723565
T:/cccrccrcfr: 0.000000000 0.132916973 0.867083027
T:/cccrccrcrc: 0.000000000 0.823697582 0.176302418
T:/cccrccrcrf: 0.000000000 0.212636862 0.787363138
T:/cccrccrfcr: 0.000000000 0.736360739 0.263639261
T:/cccrccrffr: 0.000000000 0.458890110 0.541109890
T:/cccrccrfrc: 0.000000000 0.964605165 0.035394835
T:/cccrccrfrf: 0.000000000 0.251458543 0.748541457
T:/cccrccrrcc: 0.000000000 0.150574868 0.849425132
T:/cccrccrrcf: 0.000000000 0.595068801 0.404931199
T:/cccrccrrfc: 0.000000000 0.504604350 0.495395650
T:/cccrccrrff: 0.000000000 0.448123475 0.551876525
T:/cccrcf: 0.000000042 0.437121558 0.562878400
T:/cccrcfrcr: 0.000000000 0.757557463 0.242442537
T:/cccrcfrfr: 0.000000000 0.287487703 0.712512297
T:/cccrcfrrc: 0.000000000 0.020032721 0.979967279
T:/cccrcfrrf: 0.000000000 0.647500097 0.352499903
T:/cccrcr: 0.325732477 0.386172607 0.288094915
T:/cccrcrccrc: 0.000000000 0.257309245 0.742690755
T:/cccrcrccrf: 0.000000000 0.423141745 0.576858255
T:/cccrcrcfrc: 0.000000000 0.553471269 0.446528731
T:/cccrcrcfrf: 0.000000000 0.606502516 0.393497484
T:/cccrcrcrcc: 0.000000000 0.237858696 0.762141304
T:/cccrcrcrcf: 0.000000000 0.512510438 0.487489562
T:/cccrcrcrfc: 0.000000000 0.338108101 0.661891899
T:/cccrcrcrff: 0.000000000 0.487639921 0.512360079
T:/cccrfc: 0.000023590 0.000000000 0.999976410
T:/cccrfcrcr: 0.000000000 0.620750903 0.379249097
T:/cccrfcrfr: 0.000000000 0.005235217 0.994764783
T:/cccrfcrrc: 0.000000000 0.560763590 0.439236410
T:/cccrfcrrf: 0.000000000 0.000000000 1.000000000
T:/cccrff: 0.009835850 0.000000000 0.990164150
T:/cccrffrr: 0.000000000 0.000000000 1.000000000
T:/cccrfr: 0.000000000 0.000000000 1.000000000
T:/cccrfrcrc: 0.000000000 0.366269038 0.633730962
T:/cccrfrcrf: 0.000000000 0.366217180 0.633782820
T:/cccrrc: 0.338460791 0.584069221 0.077469988
T:/cccrrccrcc: 0.000000000 0.719400894 0.280599106
T:/cccrrccrcf: 0.000000000 0.670841115 0.329158885
T:/cccrrccrfc: 0.000000000 0.404487427 0.595512573
T:/cccrrccrff: 0.000000000 0.209601347 0.790398653
T:/cccrrf: 0.242895647 0.169360004 0.587744349
T:/cccrrfcrc: 0.000000000 0.227702215 0.772297785
T:/cccrrfcrf: 0.000000000 0.484751970 0.515248030
T:/cccrrr: 0.000000000 0.686085634 0.313914366
T:/ccrccr: 0.000000000 0.000102802 0.999897198
T:/ccrccrccrc: 0.000000000 0.015571779 0.984428221
T:/ccrccrccrf: 0.000000000 0.567149681 0.432850319
T:/ccrccrcfrc: 0.000000000 0.396395824 0.603604176
T:/ccrccrcfrf: 0.000000000 0.375246399 0.624753601
T:/ccrccrcrcc: 0.000000000 0.341599753 0.658400247
T:/ccrccrcrcf: 0.000000000 0.243038629 0.756961371
T:/ccrccrcrfc: 0.000000000 0.000000000 1.000000000
T:/ccrccrcrff: 0.000000000 0.241996444 0.758003556
T:/ccrcfr: 0.000000000 0.000000000 1.000000000
T:/ccrcfrcrc: 0.000000000 0.000000000 1.000000000
T:/ccrcfrcrf: 0.000000000 0.582247409 0.417752591
T:/ccrcrc: 0.310962545 0.133722084 0.555315370
T:/ccrcrccrcc: 0.000000000 0.460437740 0.539562260
T:/ccrcrccrcf: 0.000000000 0.368207361 0.631792639
T:/ccrcrccrfc: 0.000000000 0.913149726 0.086850274
T:/ccrcrccrff: 0.000000000 0.452885979 0.547114021
T:/ccrcrf: 0.130675575 0.282728526 0.586595899
T:/ccrcrfcrc: 0.000000000 0.592752414 0.407247586
T:/ccrcrfcrf: 0.000000000 0.529110353 0.470889647
T:/ccrcrr: 0.000000000 0.629320687 0.370679313
T:/ccrfcr: 0.000000000 0.172783832 0.827216168
T:/ccrfcrcrc: 0.000000000 0.268246070 0.731753930
T:/ccrfcrcrf: 0.000000000 0.770079596 0.229920404
T:/ccrffr: 0.000000000 0.315010384 0.684989616
T:/ccrfrc: 0.000000000 0.249965221 0.750034779
T:/ccrfrf: 0.235057990 0.386734115 0.378207895
T:/ccrfrr: 0.000000000 0.274744257 0.725255743
T:/ccrrcc: 0.000000000 0.403594060 0.596405940
T:/ccrrcf: 0.000000000 0.626729062 0.373270938
T:/ccrrcr: 0.000000000 0.313107997 0.686892003
T:/ccrrfc: 0.000000000 0.411594409 0.588405591
T:/ccrrff: 0.000000000 0.120914823 0.879085177
T:/ccrrfr: 0.000000000 0.423675298 0.576324702
T:/ccrrrc: 0.000000000 0.295150268 0.704849732
T:/ccrrrf: 0.000000000 0.832097151 0.167902849
T:/cr: 0.000000000 0.000000000 1.000000000
T:/crccrc: 0.403974119 0.266151458 0.329874423
T:/crccrccrcc: 0.000000000 0.951381521 0.048618479
T:/crccrccrcf: 0.000000000 0.396723517 0.603276483
T:/crccrccrfc: 0.000000000 0.860599130 0.139400870
T:/crccrccrff: 0.000000000 0.787811215 0.212188785
T:/crccrf: 0.557239523 0.000000000 0.442760477
T:/crccrfcrc: 0.000000000 0.765359529 0.234640471
T:/crccrfcrf: 0.000000000 0.486723703 0.513276297
T:/crccrr: 0.000000000 0.538955195 0.461044805
T:/crcfrc: 0.083798910 0.271472051 0.644729039
T:/crcfrf: 0.402263205 0.299201702 0.298535093
T:/crcfrr: 0.000000000 0.573403975 0.426596025
T:/crcrcc: 0.544131779 0.176862615 0.279005606
T:/crcrcf: 0.145026492 0.302024219 0.552949289
T:/crcrcr: 0.000000000 0.000000000 1.000000000
T:/crcrfc: 0.024502045 0.205674153 0.769823802
T:/crcrff: 0.905128596 0.000000000 0.094871404
T:/crcrfr: 0.000000000 0.000000000 1.000000000
T:/crcrrc: 0.000000000 0.092989094 0.907010906
T:/crcrrf: 0.000000000 0.497402203 0.502597797
T:/crrccr: 0.000000000 0.597948021 0.402051979
T:/crrcfr: 0.000000000 0.000000000 1.000000000
T:/crrcrc: 0.000000000 0.000000000 1.000000000
T:/crrcrf: 0.000000000 0.622097841 0.377902159
T:/crrfcr: 0.000000000 0.000000000 1.000000000
T:/crrffr: 0.000000000 0.000000000 1.000000000
T:/crrfrc: 0.000000000 0.000000000 1.000000000
T:/crrfrf: 0.000000000 0.752725240 0.247274760
T:/crrrcc: 0.000000000 0.007495018 0.992504982
T:/crrrcf: 0.000000000 0.311933971 0.688066029
T:/crrrfc: 0.000000000 0.218821861 0.781178139
T:/crrrff: 0.000000000 0.396525815 0.603474185
T:/rc: 0.009147488 0.626175262 0.364677251
T:/rccrcc: 0.606848862 0.344072384 0.049078753
T:/rccrcf: 0.282966232 0.260030128 0.457003640
T:/rccrcr: 0.000000000 0.296350652 0.703649348
T:/rccrfc: 0.001400543 0.623165003 0.375434454
T:/rccrff: 0.454188013 0.391350007 0.154461980
T:/rccrfr: 0.000000000 0.327916359 0.672083641
T:/rccrrc: 0.000000000 0.716509793 0.283490207
T:/rccrrf: 0.000000000 0.391452747 0.608547253
T:/rcrccr: 0.000000000 0.801228778 0.198771222
T:/rcrcfr: 0.000000000 0.599976499 0.400023501
T:/rcrcrc: 0.000000000 0.555816908 0.444183092
T:/rcrcrf: 0.000000000 0.493703763 0.506296237
T:/rcrfcr: 0.000000000 0.487170768 0.512829232
T:/rcrffr: 0.000000000 0.438140545 0.561859455
T:/rcrfrc: 0.000000000 0.672199225 0.327800775
T:/rcrfrf: 0.000000000 0.822206256 0.177793744
T:/rcrrcc: 0.000000000 0.182479447 0.817520553
T:/rcrrcf: 0.000000000 0.435929857 0.564070143
T:/rcrrfc: 0.000000000 0.342945027 0.657054973
T:/rcrrff: 0.000000000 0.885577157 0.114422843
T:/rf: 0.156786276 0.000000000 0.843213724
T:/rfcrc: 0.134552077 0.277095129 0.588352794
T:/rfcrf: 0.459509952 0.219784609 0.320705438
T:/rfcrr: 0.000000000 0.164845854 0.835154146
T:/rfrcr: 0.000000000 0.637593976 0.362406024
T:/rfrfr: 0.000000000 0.549377867 0.450622133
T:/rfrrc: 0.000000000 0.424937723 0.575062277
T:/rfrrf: 0.000000000 0.325562624 0.674437376
T:/rr: 0.000000000 0.257386344 0.742613656
T:/rrccrc: 0.000000000 0.756057732 0.243942268
T:/rrccrf: 0.000000000 0.397653996 0.602346004
T:/rrcfrc: 0.000000000 0.647859051 0.352140949
T:/rrcfrf: 0.000000000 0.454547881 0.545452119
T:/rrcrcc: 0.000000000 0.204068163 0.795931837
T:/rrcrcf: 0.000000000 0.371372177 0.628627823
T:/rrcrfc: 0.000000000 0.952727915 0.047272085
T:/rrcrff: 0.000000000 0.434016392 0.565983608
