A:/: 0.999133406 0.000866594 0.000000000
A:/cccr: 1.000000000 0.000000000 0.000000000
A:/cccrccrc: 0.000000000 0.870569366 0.129430634
A:/cccrccrf: 0.000000000 0.599570554 0.400429446
A:/cccrcfrc: 0.000000000 0.891337977 0.108662023
A:/cccrcfrf: 0.000000000 0.230510826 0.769489174
A:/cccrcrcc: 0.000000000 0.999988471 0.000011529
A:/cccrcrcf: 0.000000000 1.000000000 0.000000000
A:/cccrcrfc: 0.000000000 1.000000000 0.000000000
A:/cccrcrff: 0.000000000 0.150625014 0.849374986
A:/ccrc: 1.000000000 0.000000000 0.000000000
A:/ccrccrcc: 0.000000000 0.872399793 0.127600207
A:/ccrccrcf: 0.000000000 0.807503830 0.192496170
A:/ccrccrfc: 0.000000000 1.000000000 0.000000000
A:/ccrccrff: 0.000000000 0.845723967 0.154276033
A:/ccrf: 0.475800502 0.524199498 0.000000000
A:/ccrfcrc: 0.000000000 1.000000000 0.000000000
A:/ccrfcrf: 0.000000000 1.000000000 0.000000000
A:/ccrr: 0.000000000 1.000000000 0.000000000
A:/crcc: 0.784242613 0.215757387 0.000000000
A:/crcf: 0.969918192 0.030081808 0.000000000
A:/crcr: 0.000000000 1.000000000 0.000000000
A:/crfc: 0.000000000 0.000000000 1.000000000
A:/crff: 0.000000000 0.000000000 1.000000000
A:/crfr: 0.000000000 0.000000000 1.000000000
A:/crrc: 0.000000000 1.000000000 0.000000000
A:/crrf: 0.000000000 1.000000000 0.000000000
A:/rccr: 0.000000000 0.999776422 0.000223578
A:/rcfr: 0.000000000 0.999672579 0.000327421
A:/rcrc: 0.000000000 0.283279398 0.716720602
A:/rcrf: 0.000000000 0.768430999 0.231569001
A:/rfcr: 0.000000000 0.787725687 0.212274313
A:/rffr: 0.000000000 0.675529122 0.324470878
A:/rfrc: 0.000000000 0.748174138 0.251825862
A:/rfrf: 0.000000000 0.324529512 0.675470488
A:/rrcc: 0.000000000 0.655332922 0.344667078
A:/rrcf: 0.000000000 0.905340688 0.094659312
A:/rrfc: 0.000000000 1.000000000 0.000000000
A:/rrff: 0.000000000 1.000000000 0.000000000
J:/: 0.998232070 0.001767930 0.000000000
J:/cccr: 0.006936687 0.000398688 0.992664624
J:/cccrccrc: 0.000000000 0.678733622 0.321266378
J:/cccrccrf: 0.000000000 0.791334866 0.208665134
J:/cccrcfrc: 0.000000000 0.023361380 0.976638620
J:/cccrcfrf: 0.000000000 0.133536795 0.866463205
J:/cccrcrcc: 0.000000000 0.540543311 0.459456689
J:/cccrcrcf: 0.000000000 0.340688957 0.659311043
J:/cccrcrfc: 0.000000000 0.483227342 0.516772658
J:/cccrcrff: 0.000000000 0.452226407 0.547773593
J:/ccrc: 0.014424007 0.000000000 0.985575993
J:/ccrccrcc: 0.000000000 0.601817864 0.398182136
J:/ccrccrcf: 0.000000000 0.000000000 1.000000000
J:/ccrccrfc: 0.000000000 0.481814537 0.518185463
J:/ccrccrff: 0.000000000 0.180265374 0.819734626
J:/ccrf: 0.000000000 0.000000000 1.000000000
J:/ccrfcrc: 0.000000000 0.332333314 0.667666686
J:/ccrfcrf: 0.000000000 0.490240434 0.509759566
J:/ccrr: 0.000000000 0.000000000 1.000000000
J:/crcc: 0.000042645 0.000000000 0.999957355
J:/crcf: 0.000041508 0.000000000 0.999958492
J:/crcr: 0.000000000 0.843286552 0.156713448
J:/crfc: 0.148524022 0.771261451 0.080214527
J:/crff: 0.000000000 0.617252425 0.382747575
J:/crfr: 0.000000000 0.719341496 0.280658504
J:/crrc: 0.000000000 0.000000000 1.000000000
J:/crrf: 0.000000000 0.000000000 1.000000000
J:/rccr: 0.000000000 0.255741417 0.744258583
J:/rcfr: 0.000000000 0.514757229 0.485242771
J:/rcrc: 0.000000000 0.371952188 0.628047812
J:/rcrf: 0.000000000 0.108601823 0.891398177
J:/rfcr: 0.000000000 0.086413870 0.913586130
J:/rffr: 0.000000000 0.391748374 0.608251626
J:/rfrc: 0.000000000 0.204898900 0.795101100
J:/rfrf: 0.000000000 0.755816073 0.244183927
J:/rrcc: 0.000000000 0.461557439 0.538442561
J:/rrcf: 0.000000000 0.547543568 0.452456432
J:/rrfc: 0.000000000 0.000000000 1.000000000
J:/rrff: 0.000000000 0.392088190 0.607911810
K:/: 0.996447103 0.003552897 0.000000000
K:/cccr: 0.999872178 0.000127822 0.000000000
K:/cccrccrc: 0.000000000 0.000041192 0.999958808
K:/cccrccrf: 0.000000000 0.674991151 0.325008849
K:/cccrcfrc: 0.000000000 0.713500877 0.286499123
K:/cccrcfrf: 0.000000000 0.444704542 0.555295458
K:/cccrcrcc: 0.000000000 0.737057000 0.262943000
K:/cccrcrcf: 0.000000000 1.000000000 0.000000000
K:/cccrcrfc: 0.000000000 0.373841418 0.626158582
K:/cccrcrff: 0.000000000 0.187054406 0.812945594
K:/ccrc: 1.000000000 0.000000000 0.000000000
K:/ccrccrcc: 0.000000000 0.395743004 0.604256996
K:/ccrccrcf: 0.000000000 1.000000000 0.000000000
K:/ccrccrfc: 0.000000000 0.663689545 0.336310455
K:/ccrccrff: 0.000000000 1.000000000 0.000000000
K:/ccrf: 1.000000000 0.000000000 0.000000000
K:/ccrfcrc: 0.000000000 0.595628627 0.404371373
K:/ccrfcrf: 0.000000000 1.000000000 0.000000000
K:/ccrr: 0.000000000 1.000000000 0.000000000
K:/crcc: 1.000000000 0.000000000 0.000000000
K:/crcf: 0.430859494 0.374921324 0.194219181
K:/crcr: 0.000000000 1.000000000 0.000000000
K:/crfc: 0.000000000 0.477510437 0.522489563
K:/crff: 0.000000000 0.450319299 0.549680701
K:/crfr: 0.000000000 0.140967728 0.859032272
K:/crrc: 0.000000000 0.953293048 0.046706952
K:/crrf: 0.000000000 1.000000000 0.000000000
K:/rccr: 0.000000000 0.975406889 0.024593111
K:/rcfr: 0.000000000 0.559859563 0.440140437
K:/rcrc: 0.000000000 0.580671295 0.419328705
K:/rcrf: 0.000000000 0.513665736 0.486334264
K:/rfcr: 0.000000000 0.201498996 0.798501004
K:/rffr: 0.000000000 0.499681910 0.500318090
K:/rfrc: 0.000000000 0.923873717 0.076126283
K:/rfrf: 0.000000000 0.520949333 0.479050667
K:/rrcc: 0.000000000 0.067092655 0.932907345
K:/rrcf: 0.000000000 0.226663629 0.773336371
K:/rrfc: 0.000000000 0.250455370 0.749544630
K:/rrff: 0.000000000 1.000000000 0.000000000
Q:/: 0.997739327 0.002260673 0.000000000
Q:/cccr: 0.999968514 0.000031486 0.000000000
Q:/cccrccrc: 0.000000000 0.727607248 0.272392752
Q:/cccrccrf: 0.000000000 0.636144828 0.363855172
Q:/cccrcfrc: 0.000000000 0.608964758 0.391035242
Q:/cccrcfrf: 0.000000000 0.752498117 0.247501883
Q:/cccrcrcc: 0.000000000 0.201507668 0.798492332
Q:/cccrcrcf: 0.000000000 0.333316498 0.666683502
Q:/cccrcrfc: 0.000000000 0.269715953 0.730284047
Q:/cccrcrff: 0.000000000 0.648405892 0.351594108
Q:/ccrc: 0.202506748 0.000000000 0.797493252
Q:/ccrccrcc: 0.000000000 0.065612549 0.934387451
Q:/ccrccrcf: 0.000000000 0.622489502 0.377510498
Q:/ccrccrfc: 0.000000000 0.264438455 0.735561545
Q:/ccrccrff: 0.000000000 0.796754583 0.203245417
Q:/ccrf: 0.496613499 0.070148047 0.433238455
Q:/ccrfcrc: 0.000000000 0.824208444 0.175791556
Q:/ccrfcrf: 0.000000000 1.000000000 0.000000000
Q:/ccrr: 0.000000000 0.000000000 1.000000000
Q:/crcc: 0.002302831 0.395329206 0.602367964
Q:/crcf: 0.104939310 0.000000000 0.895060690
Q:/crcr: 0.000000000 1.000000000 0.000000000
Q:/crfc: 0.000000000 0.831068623 0.168931377
Q:/crff: 0.000000000 0.188012483 0.811987517
Q:/crfr: 0.000000000 0.441062683 0.558937317
Q:/crrc: 0.000000000 0.000000000 1.000000000
Q:/crrf: 0.000000000 0.087313427 0.912686573
Q:/rccr: 0.000000000 0.217102573 0.782897427
Q:/rcfr: 0.000000000 0.649323505 0.350676495
Q:/rcrc: 0.000000000 0.269460235 0.730539765
Q:/rcrf: 0.000000000 0.279297131 0.720702869
Q:/rfcr: 0.000000000 0.723392923 0.276607077
Q:/rffr: 0.000000000 0.556763819 0.443236181
Q:/rfrc: 0.000000000 0.913958631 0.086041369
Q:/rfrf: 0.000000000 0.547529805 0.452470195
Q:/rrcc: 0.000000000 0.421984379 0.578015621
Q:/rrcf: 0.000000000 0.353980131 0.646019869
Q:/rrfc: 0.000000000 0.000000000 1.000000000
Q:/rrff: 0.000000000 1.000000000 0.000000000
T:/: 0.997713529 0.002286471 0.000000000
T:/cccr: 0.561596975 0.000000000 0.438403025
T:/cccrccrc: 0.000000000 0.837120009 0.162879991
T:/cccrccrf: 0.000000000 0.735267260 0.264732740
T:/cccrcfrc: 0.000000000 0.418936793 0.581063207
T:/cccrcfrf: 0.000000000 0.108436721 0.891563279
T:/cccrcrcc: 0.000000000 0.239903687 0.760096313
T:/cccrcrcf: 0.000000000 0.000000000 1.000000000
T:/cccrcrfc: 0.000000000 0.358842679 0.641157321
T:/cccrcrff: 0.000000000 0.736431758 0.263568242
T:/ccrc: 0.000000000 0.000000000 1.000000000
T:/ccrccrcc: 0.000000000 0.510570308 0.489429692
T:/ccrccrcf: 0.000000000 0.486754268 0.513245732
T:/ccrccrfc: 0.000000000 0.041705833 0.958294167
T:/ccrccrff: 0.000000000 0.733745873 0.266254127
T:/ccrf: 0.000000000 0.000000000 1.000000000
T:/ccrfcrc: 0.000000000 0.912015127 0.087984873
T:/ccrfcrf: 0.000000000 0.328374369 0.671625631
T:/ccrr: 0.000000000 0.000000000 1.000000000
T:/crcc: 0.008334319 0.190027229 0.801638452
T:/crcf: 0.000026133 0.000000000 0.999973867
T:/crcr: 0.000000000 0.000000000 1.000000000
T:/crfc: 0.168723439 0.831276561 0.000000000
T:/crff: 0.000000000 1.000000000 0.000000000
T:/crfr: 0.000000000 1.000000000 0.000000000
T:/crrc: 0.000000000 0.000000000 1.000000000
T:/crrf: 0.000000000 0.000000000 1.000000000
T:/rccr: 0.000000000 0.220112942 0.779887058
T:/rcfr: 0.000000000 0.578650606 0.421349394
T:/rcrc: 0.000000000 0.579996516 0.420003484
T:/rcrf: 0.000000000 0.100949710 0.899050290
T:/rfcr: 0.000000000 0.655614021 0.344385979
T:/rffr: 0.000000000 0.668534524 0.331465476
T:/rfrc: 0.000000000 0.723152451 0.276847549
T:/rfrf: 0.000000000 0.763285358 0.236714642
T:/rrcc: 0.000000000 0.641312333 0.358687667
T:/rrcf: 0.000000000 0.177477629 0.822522371
T:/rrfc: 0.000000000 0.000000000 1.000000000
T:/rrff: 0.000000000 0.000000000 1.000000000
