A:/c: 0.705217565 0.294782435 0.000000000
A:/cccrc: 0.538699804 0.461243387 0.000056809
A:/cccrccrcc: 0.000000000 0.428906215 0.571093785
A:/cccrccrcf: 0.000000000 0.369513637 0.630486363
A:/cccrccrfc: 0.000000000 0.429937837 0.570062163
A:/cccrccrff: 0.000000000 0.192756439 0.807243561
A:/cccrf: 0.486730883 0.513263498 0.000005619
A:/cccrfcrc: 0.000000000 0.557767145 0.442232855
A:/cccrfcrf: 0.000000000 0.202456981 0.797543019
A:/cccrr: 0.000000000 0.936028718 0.063971282
A:/ccrcc: 0.351506175 0.442894866 0.205598958
A:/ccrcf: 0.498903651 0.111655964 0.389440385
A:/ccrcr: 0.000000000 0.666922162 0.333077838
A:/ccrfc: 0.533470563 0.008556160 0.457973277
A:/ccrff: 0.254793914 0.586921336 0.158284750
A:/ccrfr: 0.000000000 0.609678940 0.390321060
A:/ccrrc: 0.000000000 0.805945818 0.194054182
A:/ccrrf: 0.000000000 0.870028077 0.129971923
A:/crccr: 0.000000000 0.506167372 0.493832628
A:/crcfr: 0.000000000 0.710936342 0.289063658
A:/crcrc: 0.000000000 1.000000000 0.000000000
A:/crcrf: 0.000000000 0.876580845 0.123419155
A:/crfcr: 0.000000000 0.279473226 0.720526774
A:/crffr: 0.000000000 0.385099160 0.614900840
A:/crfrc: 0.000000000 0.685678217 0.314321783
A:/crfrf: 0.000000000 0.479489118 0.520510882
A:/crrcc: 0.000000000 0.667458368 0.332541632
A:/crrcf: 0.000000000 0.999921035 0.000078965
A:/crrfc: 0.000000000 0.796426112 0.203573888
A:/crrff: 0.000000000 0.999951357 0.000048643
A:/r: 0.998499007 0.001500993 0.000000000
A:/rccrc: 0.000000000 1.000000000 0.000000000
A:/rccrf: 0.000000000 1.000000000 0.000000000
A:/rcfrc: 0.000000000 1.000000000 0.000000000
A:/rcfrf: 0.000000000 0.760135181 0.239864819
A:/rcrcc: 0.000000000 1.000000000 0.000000000
A:/rcrcf: 0.000000000 1.000000000 0.000000000
A:/rcrfc: 0.000000000 0.999994348 0.000005652
A:/rcrff: 0.000000000 0.999983015 0.000016985
J:/c: 0.809874848 0.190125152 0.000000000
J:/cccrc: 0.288011108 0.356984833 0.355004060
J:/cccrccrcc: 0.000000000 0.482846575 0.517153425
J:/cccrccrcf: 0.000000000 0.615995804 0.384004196
J:/cccrccrfc: 0.000000000 0.567593291 0.432406709
J:/cccrccrff: 0.000000000 0.645142517 0.354857483
J:/cccrf: 0.055594491 0.505148814 0.439256694
J:/cccrfcrc: 0.000000000 0.566086603 0.433913397
J:/cccrfcrf: 0.000000000 0.761020064 0.238979936
J:/cccrr: 0.000000000 0.858787675 0.141212325
J:/ccrcc: 0.543611443 0.061129894 0.395258663
J:/ccrcf: 0.321380027 0.429678346 0.248941627
J:/ccrcr: 0.000000000 0.361821497 0.638178503
J:/ccrfc: 0.165293301 0.091727068 0.742979631
J:/ccrff: 0.386498876 0.216543816 0.396957309
J:/ccrfr: 0.000000000 0.403565940 0.596434060
J:/ccrrc: 0.000000000 0.499927401 0.500072599
J:/ccrrf: 0.000000000 0.386205435 0.613794565
J:/crccr: 0.000000000 0.536983495 0.463016505
J:/crcfr: 0.000000000 0.659762704 0.340237296
J:/crcrc: 0.000000000 0.247078525 0.752921475
J:/crcrf: 0.000000000 0.141444766 0.858555234
J:/crfcr: 0.000000000 0.383596927 0.616403073
J:/crffr: 0.000000000 1.000000000 0.000000000
J:/crfrc: 0.000000000 0.686146086 0.313853914
J:/crfrf: 0.000000000 0.664156268 0.335843732
J:/crrcc: 0.000000000 0.455351166 0.544648834
J:/crrcf: 0.000000000 0.341452687 0.658547313
J:/crrfc: 0.000000000 0.227223072 0.772776928
J:/crrff: 0.000000000 0.441061708 0.558938292
J:/r: 0.998905423 0.000000000 0.001094577
J:/rccrc: 0.000000000 0.000000000 1.000000000
J:/rccrf: 0.000000000 0.000469828 0.999530172
J:/rcfrc: 0.000000000 0.326693191 0.673306809
J:/rcfrf: 0.000000000 0.734490255 0.265509745
J:/rcrcc: 0.000000000 0.245466905 0.754533095
J:/rcrcf: 0.000000000 0.000000000 1.000000000
J:/rcrfc: 0.000000000 0.063612495 0.936387505
J:/rcrff: 0.000000000 0.000345336 0.999654664
K:/c: 0.848494930 0.151505070 0.000000000
K:/cccrc: 0.468046562 0.458159328 0.073794110
K:/cccrccrcc: 0.000000000 0.375873091 0.624126909
K:/cccrccrcf: 0.000000000 0.243953924 0.756046076
K:/cccrccrfc: 0.000000000 0.397807074 0.602192926
K:/cccrccrff: 0.000000000 0.255175230 0.744824770
K:/cccrf: 0.595944736 0.404047387 0.000007877
K:/cccrfcrc: 0.000000000 0.844529113 0.155470887
K:/cccrfcrf: 0.000000000 0.349370460 0.650629540
K:/cccrr: 0.000000000 0.563470612 0.436529388
K:/ccrcc: 0.071095057 0.125832967 0.803071976
K:/ccrcf: 0.200693019 0.383101794 0.416205188
K:/ccrcr: 0.000000000 0.264425159 0.735574841
K:/ccrfc: 0.505794470 0.144658093 0.349547437
K:/ccrff: 0.517892031 0.185002990 0.297104978
K:/ccrfr: 0.000000000 0.300152565 0.699847435
K:/ccrrc: 0.000000000 0.690131745 0.309868255
K:/ccrrf: 0.000000000 0.038243204 0.961756796
K:/crccr: 0.000000000 0.771951960 0.228048040
K:/crcfr: 0.000000000 0.303276008 0.696723992
K:/crcrc: 0.000000000 0.539919903 0.460080097
K:/crcrf: 0.000000000 0.558776190 0.441223810
K:/crfcr: 0.000000000 0.758147866 0.241852134
K:/crffr: 0.000000000 0.201893816 0.798106184
K:/crfrc: 0.000000000 0.371549196 0.628450804
K:/crfrf: 0.000000000 0.676730769 0.323269231
K:/crrcc: 0.000000000 0.895378389 0.104621611
K:/crrcf: 0.000000000 0.621131047 0.378868953
K:/crrfc: 0.000000000 0.811671665 0.188328335
K:/crrff: 0.000000000 0.862243917 0.137756083
K:/r: 0.998975393 0.001024607 0.000000000
K:/rccrc: 0.000000000 0.920501830 0.079498170
K:/rccrf: 0.000000000 0.962678244 0.037321756
K:/rcfrc: 0.000000000 0.509844383 0.490155617
K:/rcfrf: 0.000000000 0.291861853 0.708138147
K:/rcrcc: 0.000000000 0.412597860 0.587402140
K:/rcrcf: 0.000000000 0.435714016 0.564285984
K:/rcrfc: 0.000000000 0.686135844 0.313864156
K:/rcrff: 0.000000000 1.000000000 0.000000000
Q:/c: 0.320750885 0.679249115 0.000000000
Q:/cccrc: 0.277137945 0.060876071 0.661985984
Q:/cccrccrcc: 0.000000000 0.447814414 0.552185586
Q:/cccrccrcf: 0.000000000 0.811410788 0.188589212
Q:/cccrccrfc: 0.000000000 0.561581567 0.438418433
Q:/cccrccrff: 0.000000000 0.519922547 0.480077453
Q:/cccrf: 0.247711651 0.195012064 0.557276285
Q:/cccrfcrc: 0.000000000 0.908397756 0.091602244
Q:/cccrfcrf: 0.000000000 0.544169159 0.455830841
Q:/cccrr: 0.000000000 0.144917882 0.855082118
Q:/ccrcc: 0.239064337 0.387122386 0.373813277
Q:/ccrcf: 0.421703436 0.209487687 0.368808876
Q:/ccrcr: 0.000000000 0.220120656 0.779879344
Q:/ccrfc: 0.026506436 0.504389626 0.469103939
Q:/ccrff: 0.300888461 0.291955441 0.407156098
Q:/ccrfr: 0.000000000 0.526101400 0.473898600
Q:/ccrrc: 0.000000000 0.417412108 0.582587892
Q:/ccrrf: 0.000000000 0.142239544 0.857760456
Q:/crccr: 0.000000000 0.570865919 0.429134081
Q:/crcfr: 0.000000000 0.257405024 0.742594976
Q:/crcrc: 0.000000000 0.066197810 0.933802190
Q:/crcrf: 0.000000000 0.300995943 0.699004057
Q:/crfcr: 0.000000000 0.933243137 0.066756863
Q:/crffr: 0.000000000 0.642261932 0.357738068
Q:/crfrc: 0.000000000 0.624645624 0.375354376
Q:/crfrf: 0.000000000 0.942888785 0.057111215
Q:/crrcc: 0.000000000 0.397959285 0.602040715
Q:/crrcf: 0.000000000 0.550419845 0.449580155
Q:/crrfc: 0.000000000 0.508404000 0.491596000
Q:/crrff: 0.000000000 0.696909825 0.303090175
Q:/r: 0.999479351 0.000000000 0.000520649
Q:/rccrc: 0.000000000 0.000000000 1.000000000
Q:/rccrf: 0.000000000 0.091711684 0.908288316
Q:/rcfrc: 0.000000000 0.304055658 0.695944342
Q:/rcfrf: 0.000000000 0.498203419 0.501796581
Q:/rcrcc: 0.000000000 0.000000000 1.000000000
Q:/rcrcf: 0.000000000 0.000062127 0.999937873
Q:/rcrfc: 0.000000000 0.365378332 0.634621668
Q:/rcrff: 0.000000000 0.373533853 0.626466147
T:/c: 0.585915224 0.414084776 0.000000000
T:/cccrc: 0.241871823 0.381246758 0.376881419
T:/cccrccrcc: 0.000000000 0.549249622 0.450750378
T:/cccrccrcf: 0.000000000 0.681525666 0.318474334
T:/cccrccrfc: 0.000000000 0.154008772 0.845991228
T:/cccrccrff: 0.000000000 0.343560976 0.656439024
T:/cccrf: 0.095282554 0.452143299 0.452574146
T:/cccrfcrc: 0.000000000 0.152585780 0.847414220
T:/cccrfcrf: 0.000000000 0.110096342 0.889903658
T:/cccrr: 0.000000000 0.519136240 0.480863760
T:/ccrcc: 0.001273270 0.561576001 0.437150728
T:/ccrcf: 0.046168687 0.412136127 0.541695186
T:/ccrcr: 0.000000000 0.659283432 0.340716568
T:/ccrfc: 0.377194352 0.383311800 0.239493847
T:/ccrff: 0.001080219 0.390568510 0.608351271
T:/ccrfr: 0.000000000 0.351171833 0.648828167
T:/ccrrc: 0.000000000 0.346621079 0.653378921
T:/ccrrf: 0.000000000 0.804917350 0.195082650
T:/crccr: 0.000000000 0.372203478 0.627796522
T:/crcfr: 0.000000000 0.147518759 0.852481241
T:/crcrc: 0.000000000 0.451081928 0.548918072
T:/crcrf: 0.000000000 0.324037593 0.675962407
T:/crfcr: 0.000000000 0.281918022 0.718081978
T:/crffr: 0.000000000 0.892554481 0.107445519
T:/crfrc: 0.000000000 0.934365958 0.065634042
T:/crfrf: 0.000000000 0.557240508 0.442759492
T:/crrcc: 0.000000000 0.580213255 0.419786745
T:/crrcf: 0.000000000 0.569493251 0.430506749
T:/crrfc: 0.000000000 0.744189594 0.255810406
T:/crrff: 0.000000000 0.401870750 0.598129250
T:/r: 0.998219920 0.000000000 0.001780080
T:/rccrc: 0.000000000 0.000000000 1.000000000
T:/rccrf: 0.000000000 0.000602865 0.999397135
T:/rcfrc: 0.000000000 0.000000000 1.000000000
T:/rcfrf: 0.000000000 0.627626840 0.372373160
T:/rcrcc: 0.000000000 0.267722565 0.732277435
T:/rcrcf: 0.000000000 0.041406367 0.958593633
T:/rcrfc: 0.000000000 0.079221871 0.920778129
T:/rcrff: 0.000000000 0.000102503 0.999897497
