A:/cc: 0.771355200 0.228644800 0.000000000
A:/cccrcc: 0.048400542 0.067499090 0.884100368
A:/cccrcf: 0.374947162 0.103027432 0.522025406
A:/cccrcr: 0.000000000 0.417691508 0.582308492
A:/cccrfc: 0.695141898 0.062957568 0.241900534
A:/cccrff: 0.360577211 0.589507152 0.049915637
A:/cccrfr: 0.000000000 0.615575241 0.384424759
A:/cccrrc: 0.000000000 0.811446566 0.188553434
A:/cccrrf: 0.000000000 0.359806769 0.640193231
A:/ccrccr: 0.000000000 0.147618950 0.852381050
A:/ccrcfr: 0.000000000 0.817372157 0.182627843
A:/ccrcrc: 0.000000000 0.451341186 0.548658814
A:/ccrcrf: 0.000000000 0.435851235 0.564148765
A:/ccrfcr: 0.000000000 0.680180206 0.319819794
A:/ccrffr: 0.000000000 0.950022466 0.049977534
A:/ccrfrc: 0.000000000 0.424313349 0.575686651
A:/ccrfrf: 0.000000000 0.969776575 0.030223425
A:/ccrrcc: 0.000000000 0.266770969 0.733229031
A:/ccrrcf: 0.000000000 0.110788997 0.889211003
A:/ccrrfc: 0.000000000 0.606225845 0.393774155
A:/ccrrff: 0.000000000 0.694319356 0.305680644
A:/cr: 0.255828322 0.591917170 0.152254508
A:/crccrc: 0.000000000 0.768624431 0.231375569
A:/crccrf: 0.000000000 0.262611126 0.737388874
A:/crcfrc: 0.000000000 0.366173830 0.633826170
A:/crcfrf: 0.000000000 0.767415481 0.232584519
A:/crcrcc: 0.000000000 0.679645226 0.320354774
A:/crcrcf: 0.000000000 0.689125096 0.310874904
A:/crcrfc: 0.000000000 0.481448062 0.518551938
A:/crcrff: 0.000000000 0.390642668 0.609357332
A:/rc: 0.545115752 0.454880392 0.000003856
A:/rccrcc: 0.000000000 0.999997480 0.000002520
A:/rccrcf: 0.000000000 0.862750974 0.137249026
A:/rccrfc: 0.000000000 0.999997746 0.000002254
A:/rccrff: 0.000000000 0.999999337 0.000000663
A:/rf: 0.435760482 0.562590997 0.001648521
A:/rfcrc: 0.000000000 0.904534712 0.095465288
A:/rfcrf: 0.000000000 1.000000000 0.000000000
A:/rr: 0.000000000 1.000000000 0.000000000
J:/cc: 0.029130848 0.970869152 0.000000000
J:/cccrcc: 0.309712080 0.361066387 0.329221534
J:/cccrcf: 0.169727466 0.470140438 0.360132096
J:/cccrcr: 0.000000000 0.832945158 0.167054842
J:/cccrfc: 0.350709807 0.084553524 0.564736669
J:/cccrff: 0.217624437 0.214351600 0.568023963
J:/cccrfr: 0.000000000 0.505694432 0.494305568
J:/cccrrc: 0.000000000 0.058456458 0.941543542
J:/cccrrf: 0.000000000 0.416434270 0.583565730
J:/ccrccr: 0.000000000 0.515401457 0.484598543
J:/ccrcfr: 0.000000000 0.131055051 0.868944949
J:/ccrcrc: 0.000000000 0.248366729 0.751633271
J:/ccrcrf: 0.000000000 0.399381043 0.600618957
J:/ccrfcr: 0.000000000 0.266866433 0.733133567
J:/ccrffr: 0.000000000 0.418279947 0.581720053
J:/ccrfrc: 0.000000000 0.603796977 0.396203023
J:/ccrfrf: 0.000000000 0.083845295 0.916154705
J:/ccrrcc: 0.000000000 0.941316124 0.058683876
J:/ccrrcf: 0.000000000 0.556988098 0.443011902
J:/ccrrfc: 0.000000000 0.472765214 0.527234786
J:/ccrrff: 0.000000000 0.192494160 0.807505840
J:/cr: 0.615797214 0.384202786 0.000000000
J:/crccrc: 0.000000000 0.501829092 0.498170908
J:/crccrf: 0.000000000 0.801208289 0.198791711
J:/crcfrc: 0.000000000 0.013363506 0.986636494
J:/crcfrf: 0.000000000 0.108656318 0.891343682
J:/crcrcc: 0.000000000 0.125911564 0.874088436
J:/crcrcf: 0.000000000 0.342721312 0.657278688
J:/crcrfc: 0.000000000 0.556774184 0.443225816
J:/crcrff: 0.000000000 0.958604025 0.041395975
J:/rc: 0.000000000 0.000054487 0.999945513
J:/rccrcc: 0.000000000 0.085461837 0.914538163
J:/rccrcf: 0.000000000 0.338282820 0.661717180
J:/rccrfc: 0.000000000 0.610866678 0.389133322
J:/rccrff: 0.000000000 0.609405001 0.390594999
J:/rf: 0.394056988 0.182915462 0.423027550
J:/rfcrc: 0.000000000 0.432284517 0.567715483
J:/rfcrf: 0.000000000 0.434902533 0.565097467
J:/rr: 0.000000000 0.000000000 1.000000000
K:/cc: 0.381241093 0.618758907 0.000000000
K:/cccrcc: 0.173051067 0.659361948 0.167586984
K:/cccrcf: 0.388696284 0.238817578 0.372486138
K:/cccrcr: 0.000000000 0.696357216 0.303642784
K:/cccrfc: 0.000036206 0.522316379 0.477647415
K:/cccrff: 0.000028238 0.525742211 0.474229552
K:/cccrfr: 0.000000000 0.729992995 0.270007005
K:/cccrrc: 0.000000000 0.511270801 0.488729199
K:/cccrrf: 0.000000000 0.559196139 0.440803861
K:/ccrccr: 0.000000000 0.805695348 0.194304652
K:/ccrcfr: 0.000000000 0.787619032 0.212380968
K:/ccrcrc: 0.000000000 0.706270681 0.293729319
K:/ccrcrf: 0.000000000 0.025059174 0.974940826
K:/ccrfcr: 0.000000000 0.052162415 0.947837585
K:/ccrffr: 0.000000000 0.523257657 0.476742343
K:/ccrfrc: 0.000000000 0.490424083 0.509575917
K:/ccrfrf: 0.000000000 0.550757387 0.449242613
K:/ccrrcc: 0.000000000 0.306349912 0.693650088
K:/ccrrcf: 0.000000000 0.918316006 0.081683994
K:/ccrrfc: 0.000000000 0.371735846 0.628264154
K:/ccrrff: 0.000000000 0.804903895 0.195096105
K:/cr: 0.551576828 0.448423172 0.000000000
K:/crccrc: 0.000000000 0.694714996 0.305285004
K:/crccrf: 0.000000000 0.502276165 0.497723835
K:/crcfrc: 0.000000000 0.722163554 0.277836446
K:/crcfrf: 0.000000000 0.934970755 0.065029245
K:/crcrcc: 0.000000000 0.198436782 0.801563218
K:/crcrcf: 0.000000000 0.438939165 0.561060835
K:/crcrfc: 0.000000000 0.197112845 0.802887155
K:/crcrff: 0.000000000 0.521536933 0.478463067
K:/rc: 0.001644650 0.522877953 0.475477397
K:/rccrcc: 0.000000000 0.863142138 0.136857862
K:/rccrcf: 0.000000000 0.373984850 0.626015150
K:/rccrfc: 0.000000000 0.428108276 0.571891724
K:/rccrff: 0.000000000 0.551971271 0.448028729
K:/rf: 0.717910764 0.279187696 0.002901541
K:/rfcrc: 0.000000000 0.406872531 0.593127469
K:/rfcrf: 0.000000000 0.597422164 0.402577836
K:/rr: 0.000000000 0.002114167 0.997885833
Q:/cc: 0.667409663 0.332590337 0.000000000
Q:/cccrcc: 0.224626929 0.491719008 0.283654062
Q:/cccrcf: 0.843306980 0.019356325 0.137336695
Q:/cccrcr: 0.000000000 0.250972318 0.749027682
Q:/cccrfc: 0.256728974 0.547167858 0.196103168
Q:/cccrff: 0.469597754 0.520958125 0.009444120
Q:/cccrfr: 0.000000000 0.644357197 0.355642803
Q:/cccrrc: 0.000000000 0.487811711 0.512188289
Q:/cccrrf: 0.000000000 0.336880655 0.663119345
Q:/ccrccr: 0.000000000 0.256490127 0.743509873
Q:/ccrcfr: 0.000000000 0.686072651 0.313927349
Q:/ccrcrc: 0.000000000 0.179391908 0.820608092
Q:/ccrcrf: 0.000000000 0.386148345 0.613851655
Q:/ccrfcr: 0.000000000 0.688366796 0.311633204
Q:/ccrffr: 0.000000000 0.402495634 0.597504366
Q:/ccrfrc: 0.000000000 0.233403039 0.766596961
Q:/ccrfrf: 0.000000000 0.768284983 0.231715017
Q:/ccrrcc: 0.000000000 0.747698793 0.252301207
Q:/ccrrcf: 0.000000000 0.075892016 0.924107984
Q:/ccrrfc: 0.000000000 0.721594234 0.278405766
Q:/ccrrff: 0.000000000 0.062228720 0.937771280
Q:/cr: 0.305592040 0.694407960 0.000000000
Q:/crccrc: 0.000000000 0.303074967 0.696925033
Q:/crccrf: 0.000000000 0.439761668 0.560238332
Q:/crcfrc: 0.000000000 0.777508065 0.222491935
Q:/crcfrf: 0.000000000 0.113632534 0.886367466
Q:/crcrcc: 0.000000000 0.452899817 0.547100183
Q:/crcrcf: 0.000000000 0.334311080 0.665688920
Q:/crcrfc: 0.000000000 0.588817821 0.411182179
Q:/crcrff: 0.000000000 0.239961009 0.760038991
Q:/rc: 0.010074407 0.093290695 0.896634898
Q:/rccrcc: 0.000000000 0.311918778 0.688081222
Q:/rccrcf: 0.000000000 0.559427248 0.440572752
Q:/rccrfc: 0.000000000 0.864248422 0.135751578
Q:/rccrff: 0.000000000 0.289797720 0.710202280
Q:/rf: 0.503510535 0.272579388 0.223910076
Q:/rfcrc: 0.000000000 0.926442622 0.073557378
Q:/rfcrf: 0.000000000 0.562857511 0.437142489
Q:/rr: 0.000000000 0.000000000 1.000000000
T:/cc: 0.589780437 0.410219563 0.000000000
T:/cccrcc: 0.355725388 0.407769632 0.236504979
T:/cccrcf: 0.631093512 0.180593155 0.188313333
T:/cccrcr: 0.000000000 0.626291173 0.373708827
T:/cccrfc: 0.352934247 0.310326465 0.336739289
T:/cccrff: 0.040264344 0.506545403 0.453190253
T:/cccrfr: 0.000000000 0.903208705 0.096791295
T:/cccrrc: 0.000000000 0.831425307 0.168574693
T:/cccrrf: 0.000000000 0.434331701 0.565668299
T:/ccrccr: 0.000000000 0.534049101 0.465950899
T:/ccrcfr: 0.000000000 0.962325332 0.037674668
T:/ccrcrc: 0.000000000 0.472341216 0.527658784
T:/ccrcrf: 0.000000000 0.893151102 0.106848898
T:/ccrfcr: 0.000000000 0.885084341 0.114915659
T:/ccrffr: 0.000000000 0.941722820 0.058277180
T:/ccrfrc: 0.000000000 0.490591544 0.509408456
T:/ccrfrf: 0.000000000 0.766917169 0.233082831
T:/ccrrcc: 0.000000000 0.411113488 0.588886512
T:/ccrrcf: 0.000000000 0.980920084 0.019079916
T:/ccrrfc: 0.000000000 0.542570078 0.457429922
T:/ccrrff: 0.000000000 0.387089633 0.612910367
T:/cr: 0.851201095 0.148798905 0.000000000
T:/crccrc: 0.000000000 0.506216150 0.493783850
T:/crccrf: 0.000000000 0.553361963 0.446638037
T:/crcfrc: 0.000000000 0.943125499 0.056874501
T:/crcfrf: 0.000000000 0.752989290 0.247010710
T:/crcrcc: 0.000000000 0.743666673 0.256333327
T:/crcrcf: 0.000000000 0.571404216 0.428595784
T:/crcrfc: 0.000000000 0.778069940 0.221930060
T:/crcrff: 0.000000000 0.494029899 0.505970101
T:/rc: 0.000000000 0.292815289 0.707184711
T:/rccrcc: 0.000000000 0.507160028 0.492839972
T:/rccrcf: 0.000000000 0.338826504 0.661173496
T:/rccrfc: 0.000000000 0.169203519 0.830796481
T:/rccrff: 0.000000000 0.240858776 0.759141224
T:/rf: 0.412030027 0.284715096 0.303254877
T:/rfcrc: 0.000000000 0.701212183 0.298787817
T:/rfcrf: 0.000000000 0.864623560 0.135376440
T:/rr: 0.000000000 0.000000000 1.000000000
