A:/ccc: 0.574192299 0.425807701 0.000000000
A:/cccrccr: 0.000000000 0.194259070 0.805740930
A:/cccrcfr: 0.000000000 0.494598261 0.505401739
A:/cccrcrc: 0.000000000 0.557749709 0.442250291
A:/cccrcrf: 0.000000000 0.381739743 0.618260257
A:/cccrfcr: 0.000000000 0.302317721 0.697682279
A:/cccrffr: 0.000000000 0.489974090 0.510025910
A:/cccrfrc: 0.000000000 0.576155367 0.423844633
A:/cccrfrf: 0.000000000 0.887827734 0.112172266
A:/cccrrcc: 0.000000000 0.635825962 0.364174038
A:/cccrrcf: 0.000000000 0.996435696 0.003564304
A:/cccrrfc: 0.000000000 0.764747949 0.235252051
A:/cccrrff: 0.000000000 0.420921544 0.579078456
A:/ccr: 0.639328394 0.359065267 0.001606339
A:/ccrccrc: 0.000000000 0.467639114 0.532360886
A:/ccrccrf: 0.000000000 0.101010620 0.898989380
A:/ccrcfrc: 0.000000000 0.880617404 0.119382596
A:/ccrcfrf: 0.000000000 0.008751490 0.991248510
A:/ccrcrcc: 0.000000000 0.572939427 0.427060573
A:/ccrcrcf: 0.000000000 0.425995320 0.574004680
A:/ccrcrfc: 0.000000000 0.625175219 0.374824781
A:/ccrcrff: 0.000000000 0.584047259 0.415952741
A:/crc: 0.582118037 0.417862480 0.000019483
A:/crccrcc: 0.000000000 0.795081955 0.204918045
A:/crccrcf: 0.000000000 0.770983855 0.229016145
A:/crccrfc: 0.000000000 0.645950993 0.354049007
A:/crccrff: 0.000000000 0.883549520 0.116450480
A:/crf: 0.581793670 0.418206330 0.000000000
A:/crfcrc: 0.000000000 0.341348016 0.658651984
A:/crfcrf: 0.000000000 0.572550930 0.427449070
A:/crr: 0.000000000 0.999882580 0.000117420
A:/rcc: 0.098939946 0.620704217 0.280355837
A:/rcf: 0.219952313 0.630661891 0.149385796
A:/rcr: 0.000000000 0.665388693 0.334611307
A:/rfc: 0.354004082 0.059041667 0.586954251
A:/rff: 0.091081719 0.478900980 0.430017300
A:/rfr: 0.000000000 0.299233462 0.700766538
A:/rrc: 0.000000000 0.999972937 0.000027063
A:/rrf: 0.000000000 1.000000000 0.000000000
J:/ccc: 0.695044350 0.304955650 0.000000000
J:/cccrccr: 0.000000000 0.188331038 0.811668962
J:/cccrcfr: 0.000000000 0.442391665 0.557608335
J:/cccrcrc: 0.000000000 0.238271735 0.761728265
J:/cccrcrf: 0.000000000 0.352968286 0.647031714
J:/cccrfcr: 0.000000000 0.915824152 0.084175848
J:/cccrffr: 0.000000000 0.510855146 0.489144854
J:/cccrfrc: 0.000000000 0.619993192 0.380006808
J:/cccrfrf: 0.000000000 0.372667696 0.627332304
J:/cccrrcc: 0.000000000 0.636654495 0.363345505
J:/cccrrcf: 0.000000000 0.362329868 0.637670132
J:/cccrrfc: 0.000000000 0.507635166 0.492364834
J:/cccrrff: 0.000000000 0.364600950 0.635399050
J:/ccr: 0.315531284 0.000006088 0.684462628
J:/ccrccrc: 0.000000000 0.676833360 0.323166640
J:/ccrccrf: 0.000000000 0.624581171 0.375418829
J:/ccrcfrc: 0.000000000 0.327207673 0.672792327
J:/ccrcfrf: 0.000000000 0.714494436 0.285505564
J:/ccrcrcc: 0.000000000 0.428283503 0.571716497
J:/ccrcrcf: 0.000000000 0.155772437 0.844227563
J:/ccrcrfc: 0.000000000 0.000335544 0.999664456
J:/ccrcrff: 0.000000000 0.698211964 0.301788036
J:/crc: 0.321477637 0.275177685 0.403344678
J:/crccrcc: 0.000000000 0.331982459 0.668017541
J:/crccrcf: 0.000000000 0.566494682 0.433505318
J:/crccrfc: 0.000000000 0.237215947 0.762784053
J:/crccrff: 0.000000000 0.287620864 0.712379136
J:/crf: 0.362636001 0.197663451 0.439700548
J:/crfcrc: 0.000000000 0.132194673 0.867805327
J:/crfcrf: 0.000000000 0.325182758 0.674817242
J:/crr: 0.000000000 0.392410316 0.607589684
J:/rcc: 0.700948218 0.297985244 0.001066538
J:/rcf: 0.345180435 0.131904559 0.522915006
J:/rcr: 0.000000000 0.606212726 0.393787274
J:/rfc: 0.233193533 0.515558368 0.251248099
J:/rff: 0.348432822 0.331372833 0.320194345
J:/rfr: 0.000000000 0.716283038 0.283716962
J:/rrc: 0.000000000 0.000000000 1.000000000
J:/rrf: 0.000000000 0.373443047 0.626556953
K:/ccc: 0.437130021 0.562869979 0.000000000
K:/cccrccr: 0.000000000 0.395271965 0.604728035
K:/cccrcfr: 0.000000000 0.545133366 0.454866634
K:/cccrcrc: 0.000000000 0.698965104 0.301034896
K:/cccrcrf: 0.000000000 0.173340894 0.826659106
K:/cccrfcr: 0.000000000 0.857088498 0.142911502
K:/cccrffr: 0.000000000 0.297864148 0.702135852
K:/cccrfrc: 0.000000000 0.755117544 0.244882456
K:/cccrfrf: 0.000000000 0.084288773 0.915711227
K:/cccrrcc: 0.000000000 0.035867836 0.964132164
K:/cccrrcf: 0.000000000 0.550727087 0.449272913
K:/cccrrfc: 0.000000000 0.521764391 0.478235609
K:/cccrrff: 0.000000000 0.571513333 0.428486667
K:/ccr: 0.648712713 0.203949943 0.147337344
K:/ccrccrc: 0.000000000 0.012546518 0.987453482
K:/ccrccrf: 0.000000000 0.565201626 0.434798374
K:/ccrcfrc: 0.000000000 0.132364424 0.867635576
K:/ccrcfrf: 0.000000000 0.568627026 0.431372974
K:/ccrcrcc: 0.000000000 0.743502575 0.256497425
K:/ccrcrcf: 0.000000000 0.557640863 0.442359137
K:/ccrcrfc: 0.000000000 0.103329846 0.896670154
K:/ccrcrff: 0.000000000 0.717834744 0.282165256
K:/crc: 0.649881763 0.342971789 0.007146448
K:/crccrcc: 0.000000000 0.410678895 0.589321105
K:/crccrcf: 0.000000000 0.214537909 0.785462091
K:/crccrfc: 0.000000000 0.618550195 0.381449805
K:/crccrff: 0.000000000 0.736700754 0.263299246
K:/crf: 0.354091396 0.229521629 0.416386974
K:/crfcrc: 0.000000000 0.217872351 0.782127649
K:/crfcrf: 0.000000000 0.995467287 0.004532713
K:/crr: 0.000000000 0.361247393 0.638752607
K:/rcc: 0.330811211 0.550879124 0.118309665
K:/rcf: 0.212134319 0.732954795 0.054910887
K:/rcr: 0.000000000 0.243486268 0.756513732
K:/rfc: 0.329131521 0.315864914 0.355003565
K:/rff: 0.369392223 0.411735467 0.218872310
K:/rfr: 0.000000000 0.387802660 0.612197340
K:/rrc: 0.000000000 0.000000000 1.000000000
K:/rrf: 0.000000000 1.000000000 0.000000000
Q:/ccc: 0.708571573 0.291428427 0.000000000
Q:/cccrccr: 0.000000000 0.629541589 0.370458411
Q:/cccrcfr: 0.000000000 0.544610765 0.455389235
Q:/cccrcrc: 0.000000000 0.618747773 0.381252227
Q:/cccrcrf: 0.000000000 0.573295147 0.426704853
Q:/cccrfcr: 0.000000000 0.567032668 0.432967332
Q:/cccrffr: 0.000000000 0.645751755 0.354248245
Q:/cccrfrc: 0.000000000 0.957713382 0.042286618
Q:/cccrfrf: 0.000000000 0.573804559 0.426195441
Q:/cccrrcc: 0.000000000 0.913547552 0.086452448
Q:/cccrrcf: 0.000000000 0.944278555 0.055721445
Q:/cccrrfc: 0.000000000 0.843558847 0.156441153
Q:/cccrrff: 0.000000000 0.485938108 0.514061892
Q:/ccr: 0.369856546 0.067262362 0.562881093
Q:/ccrccrc: 0.000000000 0.516862911 0.483137089
Q:/ccrccrf: 0.000000000 0.214614399 0.785385601
Q:/ccrcfrc: 0.000000000 0.464665497 0.535334503
Q:/ccrcfrf: 0.000000000 0.278367415 0.721632585
Q:/ccrcrcc: 0.000000000 0.430212667 0.569787333
Q:/ccrcrcf: 0.000000000 0.636348933 0.363651067
Q:/ccrcrfc: 0.000000000 0.326817889 0.673182111
Q:/ccrcrff: 0.000000000 0.120551528 0.879448472
Q:/crc: 0.372013943 0.022197795 0.605788262
Q:/crccrcc: 0.000000000 0.548527386 0.451472614
Q:/crccrcf: 0.000000000 0.794209064 0.205790936
Q:/crccrfc: 0.000000000 0.503520668 0.496479332
Q:/crccrff: 0.000000000 0.481872983 0.518127017
Q:/crf: 0.379870497 0.237767446 0.382362057
Q:/crfcrc: 0.000000000 0.660623637 0.339376363
Q:/crfcrf: 0.000000000 0.715107989 0.284892011
Q:/crr: 0.000000000 0.584915541 0.415084459
Q:/rcc: 0.276750762 0.556911893 0.166337345
Q:/rcf: 0.292990478 0.149072824 0.557936698
Q:/rcr: 0.000000000 0.426117829 0.573882171
Q:/rfc: 0.512264259 0.300305336 0.187430406
Q:/rff: 0.316526004 0.402620944 0.280853052
Q:/rfr: 0.000000000 0.482413158 0.517586842
Q:/rrc: 0.000000000 0.000000000 1.000000000
Q:/rrf: 0.000000000 0.000000000 1.000000000
T:/ccc: 0.005273174 0.994726826 0.000000000
T:/cccrccr: 0.000000000 0.457621130 0.542378870
T:/cccrcfr: 0.000000000 0.876092398 0.123907602
T:/cccrcrc: 0.000000000 0.804820084 0.195179916
T:/cccrcrf: 0.000000000 0.549673940 0.450326060
T:/cccrfcr: 0.000000000 0.238333320 0.761666680
T:/cccrffr: 0.000000000 0.313708895 0.686291105
T:/cccrfrc: 0.000000000 0.513745213 0.486254787
T:/cccrfrf: 0.000000000 0.848349672 0.151650328
T:/cccrrcc: 0.000000000 0.256182163 0.743817837
T:/cccrrcf: 0.000000000 0.406641736 0.593358264
T:/cccrrfc: 0.000000000 0.090412021 0.909587979
T:/cccrrff: 0.000000000 0.447155229 0.552844771
T:/ccr: 0.231475759 0.341344092 0.427180149
T:/ccrccrc: 0.000000000 0.955724881 0.044275119
T:/ccrccrf: 0.000000000 0.300397417 0.699602583
T:/ccrcfrc: 0.000000000 0.675331136 0.324668864
T:/ccrcfrf: 0.000000000 0.809398827 0.190601173
T:/ccrcrcc: 0.000000000 0.440752107 0.559247893
T:/ccrcrcf: 0.000000000 0.377310007 0.622689993
T:/ccrcrfc: 0.000000000 0.344444359 0.655555641
T:/ccrcrff: 0.000000000 0.443472556 0.556527444
T:/crc: 0.688511682 0.003176067 0.308312251
T:/crccrcc: 0.000000000 0.320216760 0.679783240
T:/crccrcf: 0.000000000 0.546006739 0.453993261
T:/crccrfc: 0.000000000 0.931311700 0.068688300
T:/crccrff: 0.000000000 0.466922110 0.533077890
T:/crf: 0.512127457 0.058689587 0.429182955
T:/crfcrc: 0.000000000 0.218634586 0.781365414
T:/crfcrf: 0.000000000 0.620004430 0.379995570
T:/crr: 0.000000000 0.001121578 0.998878422
T:/rcc: 0.393262706 0.306660016 0.300077279
T:/rcf: 0.142113440 0.508957733 0.348928827
T:/rcr: 0.000000000 0.540556562 0.459443438
T:/rfc: 0.303274520 0.312079510 0.384645970
T:/rff: 0.366792383 0.251810551 0.381397067
T:/rfr: 0.000000000 0.734276335 0.265723665
T:/rrc: 0.000000000 0.000000000 1.000000000
T:/rrf: 0.000000000 0.000000000 1.000000000
