A:/: 1.000000000 0.000000000 0.000000000
A:/ccr: 0.000000000 1.000000000 0.000000000
A:/crc: 0.000000000 1.000000000 0.000000000
A:/crf: 0.000000000 1.000000000 0.000000000
AA:/ccc/: 0.484213353 0.515786647 0.000000000
AA:/ccc/ccr: 0.000000000 1.000000000 0.000000000
AA:/ccc/crc: 0.000000000 1.000000000 0.000000000
AA:/ccc/crf: 0.000000000 0.328801580 0.671198420
AA:/ccrcc/: 0.740768821 0.259231179 0.000000000
AA:/ccrcc/ccr: 0.000000000 0.781823147 0.218176853
AA:/ccrcc/crc: 0.000000000 1.000000000 0.000000000
AA:/ccrcc/crf: 0.000000000 0.816532348 0.183467652
AA:/ccrcf/: 0.138834544 0.861165456 0.000000000
AA:/ccrcf/cr: 0.000000000 0.393714243 0.606285757
AA:/crcc/: 1.000000000 0.000000000 0.000000000
AA:/crcc/ccr: 0.000000000 0.988553621 0.011446379
AA:/crcc/crc: 0.000000000 0.615743187 0.384256813
AA:/crcc/crf: 0.000000000 0.730711393 0.269288607
AA:/crfc/: 0.988634363 0.011365637 0.000000000
AA:/crfc/cr: 0.000000000 1.000000000 0.000000000
AA:/rcc/: 0.947534954 0.052465046 0.000000000
AA:/rcc/ccr: 0.000000000 1.000000000 0.000000000
AA:/rcc/crc: 0.000000000 0.925494050 0.074505950
AA:/rcc/crf: 0.000000000 1.000000000 0.000000000
AA:/rcf/: 0.299475209 0.700524791 0.000000000
AA:/rcf/cr: 0.000000000 1.000000000 0.000000000
AA:/rfc/: 0.455419237 0.544580763 0.000000000
AA:/rfc/cr: 0.000000000 0.641164522 0.358835478
AJ:/ccc/: 0.666065505 0.333934495 0.000000000
AJ:/ccc/ccr: 0.000000000 0.829098940 0.170901060
AJ:/ccc/crc: 0.000000000 1.000000000 0.000000000
AJ:/ccc/crf: 0.000000000 1.000000000 0.000000000
AJ:/ccrcc/: 1.000000000 0.000000000 0.000000000
AJ:/ccrcc/ccr: 0.000000000 0.417910137 0.582089863
AJ:/ccrcc/crc: 0.000000000 0.551035327 0.448964673
AJ:/ccrcc/crf: 0.000000000 0.955451562 0.044548438
AJ:/ccrcf/: 0.662997146 0.337002854 0.000000000
AJ:/ccrcf/cr: 0.000000000 0.886758194 0.113241806
AJ:/crcc/: 0.999974295 0.000025705 0.000000000
AJ:/crcc/ccr: 0.000000000 0.633318959 0.366681041
AJ:/crcc/crc: 0.000000000 0.894661985 0.105338015
AJ:/crcc/crf: 0.000000000 1.000000000 0.000000000
AJ:/crfc/: 0.999999978 0.000000022 0.000000000
AJ:/crfc/cr: 0.000000000 1.000000000 0.000000000
AJ:/rcc/: 1.000000000 0.000000000 0.000000000
AJ:/rcc/ccr: 0.000000000 0.346377697 0.653622303
AJ:/rcc/crc: 0.000000000 0.886828902 0.113171098
AJ:/rcc/crf: 0.000000000 1.000000000 0.000000000
AJ:/rcf/: 0.879416471 0.120583529 0.000000000
AJ:/rcf/cr: 0.000000000 1.000000000 0.000000000
AJ:/rfc/: 0.691743026 0.308256974 0.000000000
AJ:/rfc/cr: 0.000000000 0.688022241 0.311977759
AK:/ccc/: 0.983378639 0.016621361 0.000000000
AK:/ccc/ccr: 0.000000000 0.523469896 0.476530104
AK:/ccc/crc: 0.000000000 0.999976577 0.000023423
AK:/ccc/crf: 0.000000000 0.999984667 0.000015333
AK:/ccrcc/: 0.438458739 0.561541261 0.000000000
AK:/ccrcc/ccr: 0.000000000 0.257381946 0.742618054
AK:/ccrcc/crc: 0.000000000 0.959106054 0.040893946
AK:/ccrcc/crf: 0.000000000 0.999990512 0.000009488
AK:/ccrcf/: 0.437447112 0.562552888 0.000000000
AK:/ccrcf/cr: 0.000000000 0.456024443 0.543975557
AK:/crcc/: 0.402236255 0.597763745 0.000000000
AK:/crcc/ccr: 0.000000000 0.685160908 0.314839092
AK:/crcc/crc: 0.000000000 1.000000000 0.000000000
AK:/crcc/crf: 0.000000000 1.000000000 0.000000000
AK:/crfc/: 0.400160464 0.599839536 0.000000000
AK:/crfc/cr: 0.000000000 1.000000000 0.000000000
AK:/rcc/: 0.940720201 0.059279799 0.000000000
AK:/rcc/ccr: 0.000000000 0.704192173 0.295807827
AK:/rcc/crc: 0.000000000 0.999977393 0.000022607
AK:/rcc/crf: 0.000000000 0.944876585 0.055123415
AK:/rcf/: 1.000000000 0.000000000 0.000000000
AK:/rcf/cr: 0.000000000 1.000000000 0.000000000
AK:/rfc/: 0.514753462 0.485246538 0.000000000
AK:/rfc/cr: 0.000000000 0.489888535 0.510111465
AQ:/ccc/: 0.533595423 0.466404577 0.000000000
AQ:/ccc/ccr: 0.000000000 0.116589904 0.883410096
AQ:/ccc/crc: 0.000000000 1.000000000 0.000000000
AQ:/ccc/crf: 0.000000000 0.988816474 0.011183526
AQ:/ccrcc/: 0.439976168 0.560023832 0.000000000
AQ:/ccrcc/ccr: 0.000000000 0.384175757 0.615824243
AQ:/ccrcc/crc: 0.000000000 0.565436716 0.434563284
AQ:/ccrcc/crf: 0.000000000 1.000000000 0.000000000
AQ:/ccrcf/: 0.437042583 0.562957417 0.000000000
AQ:/ccrcf/cr: 0.000000000 0.756605768 0.243394232
AQ:/crcc/: 0.789587557 0.210412443 0.000000000
AQ:/crcc/ccr: 0.000000000 0.821543218 0.178456782
AQ:/crcc/crc: 0.000000000 0.687463731 0.312536269
AQ:/crcc/crf: 0.000000000 1.000000000 0.000000000
AQ:/crfc/: 0.530776568 0.469223432 0.000000000
AQ:/crfc/cr: 0.000000000 1.000000000 0.000000000
AQ:/rcc/: 0.820167836 0.179832164 0.000000000
AQ:/rcc/ccr: 0.000000000 0.994514379 0.005485621
AQ:/rcc/crc: 0.000000000 0.527714251 0.472285749
AQ:/rcc/crf: 0.000000000 0.939673255 0.060326745
AQ:/rcf/: 0.928413747 0.071586253 0.000000000
AQ:/rcf/cr: 0.000000000 1.000000000 0.000000000
AQ:/rfc/: 0.839659355 0.160340645 0.000000000
AQ:/rfc/cr: 0.000000000 0.206243197 0.793756803
J:/: 1.000000000 0.000000000 0.000000000
J:/ccr: 0.000000000 0.479583401 0.520416599
J:/crc: 0.000000000 0.999916734 0.000083266
J:/crf: 0.000000000 1.000000000 0.000000000
JA:/ccc/: 0.547564387 0.452435613 0.000000000
JA:/ccc/ccr: 0.000000000 0.402015767 0.597984233
JA:/ccc/crc: 0.000000000 0.419259753 0.580740247
JA:/ccc/crf: 0.000000000 0.335144909 0.664855091
JA:/ccrcc/: 0.548757905 0.451242095 0.000000000
JA:/ccrcc/ccr: 0.000000000 0.548753912 0.451246088
JA:/ccrcc/crc: 0.000000000 0.913122073 0.086877927
JA:/ccrcc/crf: 0.000000000 0.570626621 0.429373379
JA:/ccrcf/: 0.504041630 0.495958370 0.000000000
JA:/ccrcf/cr: 0.000000000 0.456301414 0.543698586
JA:/crcc/: 0.061103917 0.938896083 0.000000000
JA:/crcc/ccr: 0.000000000 0.614682005 0.385317995
JA:/crcc/crc: 0.000000000 0.355239075 0.644760925
JA:/crcc/crf: 0.000000000 0.096046289 0.903953711
JA:/crfc/: 0.186480734 0.813519266 0.000000000
JA:/crfc/cr: 0.000000000 0.000000000 1.000000000
JA:/rcc/: 0.969841018 0.030158982 0.000000000
JA:/rcc/ccr: 0.000000000 0.499836330 0.500163670
JA:/rcc/crc: 0.000000000 0.472061176 0.527938824
JA:/rcc/crf: 0.000000000 0.132198003 0.867801997
JA:/rcf/: 0.275808803 0.724191197 0.000000000
JA:/rcf/cr: 0.000000000 0.000000000 1.000000000
JA:/rfc/: 0.211438899 0.788561101 0.000000000
JA:/rfc/cr: 0.000000000 0.182334877 0.817665123
JJ:/ccc/: 0.375325359 0.624674641 0.000000000
JJ:/ccc/ccr: 0.000000000 0.686443494 0.313556506
JJ:/ccc/crc: 0.000000000 0.764948248 0.235051752
JJ:/ccc/crf: 0.000000000 0.861559843 0.138440157
JJ:/ccrcc/: 0.541389494 0.458610506 0.000000000
JJ:/ccrcc/ccr: 0.000000000 0.315941617 0.684058383
JJ:/ccrcc/crc: 0.000000000 0.881733255 0.118266745
JJ:/ccrcc/crf: 0.000000000 0.796188561 0.203811439
JJ:/ccrcf/: 0.671369066 0.328630934 0.000000000
JJ:/ccrcf/cr: 0.000000000 0.666474459 0.333525541
JJ:/crcc/: 0.551764294 0.448235706 0.000000000
JJ:/crcc/ccr: 0.000000000 0.693510194 0.306489806
JJ:/crcc/crc: 0.000000000 1.000000000 0.000000000
JJ:/crcc/crf: 0.000000000 1.000000000 0.000000000
JJ:/crfc/: 0.677252744 0.322747256 0.000000000
JJ:/crfc/cr: 0.000000000 1.000000000 0.000000000
JJ:/rcc/: 0.774994837 0.225005163 0.000000000
JJ:/rcc/ccr: 0.000000000 1.000000000 0.000000000
JJ:/rcc/crc: 0.000000000 1.000000000 0.000000000
JJ:/rcc/crf: 0.000000000 1.000000000 0.000000000
JJ:/rcf/: 1.000000000 0.000000000 0.000000000
JJ:/rcf/cr: 0.000000000 1.000000000 0.000000000
JJ:/rfc/: 0.458406545 0.541593455 0.000000000
JJ:/rfc/cr: 0.000000000 0.400194729 0.599805271
JK:/ccc/: 0.193789671 0.806210329 0.000000000
JK:/ccc/ccr: 0.000000000 0.620089090 0.379910910
JK:/ccc/crc: 0.000000000 0.450743488 0.549256512
JK:/ccc/crf: 0.000000000 0.039344864 0.960655136
JK:/ccrcc/: 0.673222181 0.326777819 0.000000000
JK:/ccrcc/ccr: 0.000000000 0.686447522 0.313552478
JK:/ccrcc/crc: 0.000000000 0.083808416 0.916191584
JK:/ccrcc/crf: 0.000000000 0.137394788 0.862605212
JK:/ccrcf/: 0.619319664 0.380680336 0.000000000
JK:/ccrcf/cr: 0.000000000 0.010467516 0.989532484
JK:/crcc/: 0.108324987 0.891675013 0.000000000
JK:/crcc/ccr: 0.000000000 0.198547135 0.801452865
JK:/crcc/crc: 0.000000000 0.361670010 0.638329990
JK:/crcc/crf: 0.000000000 0.388823809 0.611176191
JK:/crfc/: 0.000383905 0.999616095 0.000000000
JK:/crfc/cr: 0.000000000 0.000000000 1.000000000
JK:/rcc/: 0.822489016 0.177510984 0.000000000
JK:/rcc/ccr: 0.000000000 0.238943860 0.761056140
JK:/rcc/crc: 0.000000000 0.261891980 0.738108020
JK:/rcc/crf: 0.000000000 0.095863556 0.904136444
JK:/rcf/: 0.171805709 0.828194291 0.000000000
JK:/rcf/cr: 0.000000000 0.085857823 0.914142177
JK:/rfc/: 0.200398674 0.799601326 0.000000000
JK:/rfc/cr: 0.000000000 0.532126253 0.467873747
JQ:/ccc/: 0.991182477 0.008817523 0.000000000
JQ:/ccc/ccr: 0.000000000 0.420985592 0.579014408
JQ:/ccc/crc: 0.000000000 0.547489686 0.452510314
JQ:/ccc/crf: 0.000000000 0.687602647 0.312397353
JQ:/ccrcc/: 0.265305282 0.734694718 0.000000000
JQ:/ccrcc/ccr: 0.000000000 0.791631812 0.208368188
JQ:/ccrcc/crc: 0.000000000 0.630203626 0.369796374
JQ:/ccrcc/crf: 0.000000000 0.572168635 0.427831365
JQ:/ccrcf/: 0.362358171 0.637641829 0.000000000
JQ:/ccrcf/cr: 0.000000000 0.334341727 0.665658273
JQ:/crcc/: 0.994481420 0.005518580 0.000000000
JQ:/crcc/ccr: 0.000000000 0.962473420 0.037526580
JQ:/crcc/crc: 0.000000000 0.884669069 0.115330931
JQ:/crcc/crf: 0.000000000 0.002541905 0.997458095
JQ:/crfc/: 0.999910203 0.000089797 0.000000000
JQ:/crfc/cr: 0.000000000 0.006968347 0.993031653
JQ:/rcc/: 0.439701588 0.560298412 0.000000000
JQ:/rcc/ccr: 0.000000000 0.638623131 0.361376869
JQ:/rcc/crc: 0.000000000 0.064109312 0.935890688
JQ:/rcc/crf: 0.000000000 0.651059191 0.348940809
JQ:/rcf/: 0.128031287 0.871968713 0.000000000
JQ:/rcf/cr: 0.000000000 0.084067853 0.915932147
JQ:/rfc/: 0.775532209 0.224467791 0.000000000
JQ:/rfc/cr: 0.000000000 0.463268340 0.536731660
K:/: 1.000000000 0.000000000 0.000000000
K:/ccr: 0.000000000 1.000000000 0.000000000
K:/crc: 0.000000000 0.999782060 0.000217940
K:/crf: 0.000000000 1.000000000 0.000000000
KA:/ccc/: 0.979089643 0.020910357 0.000000000
KA:/ccc/ccr: 0.000000000 1.000000000 0.000000000
KA:/ccc/crc: 0.000000000 0.989982044 0.010017956
KA:/ccc/crf: 0.000000000 0.404552454 0.595447546
KA:/ccrcc/: 0.845858947 0.154141053 0.000000000
KA:/ccrcc/ccr: 0.000000000 0.503518604 0.496481396
KA:/ccrcc/crc: 0.000000000 0.762388788 0.237611212
KA:/ccrcc/crf: 0.000000000 1.000000000 0.000000000
KA:/ccrcf/: 0.293823604 0.706176396 0.000000000
KA:/ccrcf/cr: 0.000000000 0.060398245 0.939601755
KA:/crcc/: 0.202678979 0.797321021 0.000000000
KA:/crcc/ccr: 0.000000000 0.513169028 0.486830972
KA:/crcc/crc: 0.000000000 0.668677186 0.331322814
KA:/crcc/crf: 0.000000000 0.999991012 0.000008988
KA:/crfc/: 0.999999328 0.000000672 0.000000000
KA:/crfc/cr: 0.000000000 0.999927255 0.000072745
KA:/rcc/: 1.000000000 0.000000000 0.000000000
KA:/rcc/ccr: 0.000000000 1.000000000 0.000000000
KA:/rcc/crc: 0.000000000 0.283204403 0.716795597
KA:/rcc/crf: 0.000000000 1.000000000 0.000000000
KA:/rcf/: 0.789198545 0.210801455 0.000000000
KA:/rcf/cr: 0.000000000 1.000000000 0.000000000
KA:/rfc/: 0.578040618 0.421959382 0.000000000
KA:/rfc/cr: 0.000000000 0.839636418 0.160363582
KJ:/ccc/: 0.363800772 0.636199228 0.000000000
KJ:/ccc/ccr: 0.000000000 0.717077948 0.282922052
KJ:/ccc/crc: 0.000000000 0.225942859 0.774057141
KJ:/ccc/crf: 0.000000000 0.405104135 0.594895865
KJ:/ccrcc/: 0.558069151 0.441930849 0.000000000
KJ:/ccrcc/ccr: 0.000000000 0.692232453 0.307767547
KJ:/ccrcc/crc: 0.000000000 0.834345244 0.165654756
KJ:/ccrcc/crf: 0.000000000 0.532269134 0.467730866
KJ:/ccrcf/: 0.507253869 0.492746131 0.000000000
KJ:/ccrcf/cr: 0.000000000 0.471641019 0.528358981
KJ:/crcc/: 0.368923164 0.631076836 0.000000000
KJ:/crcc/ccr: 0.000000000 0.849278408 0.150721592
KJ:/crcc/crc: 0.000000000 0.456656922 0.543343078
KJ:/crcc/crf: 0.000000000 0.867939005 0.132060995
KJ:/crfc/: 0.820455029 0.179544971 0.000000000
KJ:/crfc/cr: 0.000000000 0.554900971 0.445099029
KJ:/rcc/: 0.778813463 0.221186537 0.000000000
KJ:/rcc/ccr: 0.000000000 0.536312554 0.463687446
KJ:/rcc/crc: 0.000000000 0.196464760 0.803535240
KJ:/rcc/crf: 0.000000000 0.834848076 0.165151924
KJ:/rcf/: 0.518882778 0.481117222 0.000000000
KJ:/rcf/cr: 0.000000000 0.822130704 0.177869296
KJ:/rfc/: 0.586780624 0.413219376 0.000000000
KJ:/rfc/cr: 0.000000000 0.550385615 0.449614385
KK:/ccc/: 0.336538603 0.663461397 0.000000000
KK:/ccc/ccr: 0.000000000 0.380044247 0.619955753
KK:/ccc/crc: 0.000000000 1.000000000 0.000000000
KK:/ccc/crf: 0.000000000 0.860742406 0.139257594
KK:/ccrcc/: 0.761250757 0.238749243 0.000000000
KK:/ccrcc/ccr: 0.000000000 0.544162806 0.455837194
KK:/ccrcc/crc: 0.000000000 1.000000000 0.000000000
KK:/ccrcc/crf: 0.000000000 0.613186696 0.386813304
KK:/ccrcf/: 0.907306538 0.092693462 0.000000000
KK:/ccrcf/cr: 0.000000000 0.963032042 0.036967958
KK:/crcc/: 0.842382687 0.157617313 0.000000000
KK:/crcc/ccr: 0.000000000 0.570045508 0.429954492
KK:/crcc/crc: 0.000000000 1.000000000 0.000000000
KK:/crcc/crf: 0.000000000 1.000000000 0.000000000
KK:/crfc/: 0.672322678 0.327677322 0.000000000
KK:/crfc/cr: 0.000000000 1.000000000 0.000000000
KK:/rcc/: 0.720602774 0.279397226 0.000000000
KK:/rcc/ccr: 0.000000000 0.596811901 0.403188099
KK:/rcc/crc: 0.000000000 1.000000000 0.000000000
KK:/rcc/crf: 0.000000000 1.000000000 0.000000000
KK:/rcf/: 0.650153431 0.349846569 0.000000000
KK:/rcf/cr: 0.000000000 1.000000000 0.000000000
KK:/rfc/: 0.974471216 0.025528784 0.000000000
KK:/rfc/cr: 0.000000000 0.417730449 0.582269551
KQ:/ccc/: 0.358524724 0.641475276 0.000000000
KQ:/ccc/ccr: 0.000000000 0.695041785 0.304958215
KQ:/ccc/crc: 0.000000000 0.094171997 0.905828003
KQ:/ccc/crf: 0.000000000 1.000000000 0.000000000
KQ:/ccrcc/: 0.502611479 0.497388521 0.000000000
KQ:/ccrcc/ccr: 0.000000000 0.070705083 0.929294917
KQ:/ccrcc/crc: 0.000000000 0.796886536 0.203113464
KQ:/ccrcc/crf: 0.000000000 0.605703311 0.394296689
KQ:/ccrcf/: 0.363722071 0.636277929 0.000000000
KQ:/ccrcf/cr: 0.000000000 0.687210965 0.312789035
KQ:/crcc/: 0.956498390 0.043501610 0.000000000
KQ:/crcc/ccr: 0.000000000 0.422247295 0.577752705
KQ:/crcc/crc: 0.000000000 0.056015804 0.943984196
KQ:/crcc/crf: 0.000000000 0.856196881 0.143803119
KQ:/crfc/: 0.999917682 0.000082318 0.000000000
KQ:/crfc/cr: 0.000000000 0.529186539 0.470813461
KQ:/rcc/: 0.410873064 0.589126936 0.000000000
KQ:/rcc/ccr: 0.000000000 0.630110095 0.369889905
KQ:/rcc/crc: 0.000000000 0.436889318 0.563110682
KQ:/rcc/crf: 0.000000000 0.552927474 0.447072526
KQ:/rcf/: 0.742178588 0.257821412 0.000000000
KQ:/rcf/cr: 0.000000000 0.765489688 0.234510312
KQ:/rfc/: 0.351315713 0.648684287 0.000000000
KQ:/rfc/cr: 0.000000000 0.967833983 0.032166017
Q:/: 1.000000000 0.000000000 0.000000000
Q:/ccr: 0.000000000 0.331307186 0.668692814
Q:/crc: 0.000000000 0.999624624 0.000375376
Q:/crf: 0.000000000 1.000000000 0.000000000
QA:/ccc/: 0.382059792 0.617940208 0.000000000
QA:/ccc/ccr: 0.000000000 0.541147598 0.458852402
QA:/ccc/crc: 0.000000000 0.291130075 0.708869925
QA:/ccc/crf: 0.000000000 0.473554214 0.526445786
QA:/ccrcc/: 0.567143615 0.432856385 0.000000000
QA:/ccrcc/ccr: 0.000000000 0.451438022 0.548561978
QA:/ccrcc/crc: 0.000000000 0.303683980 0.696316020
QA:/ccrcc/crf: 0.000000000 0.626692050 0.373307950
QA:/ccrcf/: 0.726542772 0.273457228 0.000000000
QA:/ccrcf/cr: 0.000000000 0.972041685 0.027958315
QA:/crcc/: 0.001747448 0.998252552 0.000000000
QA:/crcc/ccr: 0.000000000 0.704108870 0.295891130
QA:/crcc/crc: 0.000000000 0.720393620 0.279606380
QA:/crcc/crf: 0.000000000 0.184445137 0.815554863
QA:/crfc/: 0.656209400 0.343790600 0.000000000
QA:/crfc/cr: 0.000000000 0.343206847 0.656793153
QA:/rcc/: 0.877532814 0.122467186 0.000000000
QA:/rcc/ccr: 0.000000000 0.392533889 0.607466111
QA:/rcc/crc: 0.000000000 0.452679256 0.547320744
QA:/rcc/crf: 0.000000000 0.885453692 0.114546308
QA:/rcf/: 0.072322787 0.927677213 0.000000000
QA:/rcf/cr: 0.000000000 0.745052880 0.254947120
QA:/rfc/: 0.055618562 0.944381438 0.000000000
QA:/rfc/cr: 0.000000000 0.576723081 0.423276919
QJ:/ccc/: 0.000000000 1.000000000 0.000000000
QJ:/ccc/ccr: 0.000000000 0.578025722 0.421974278
QJ:/ccc/crc: 0.000000000 0.269219578 0.730780422
QJ:/ccc/crf: 0.000000000 0.566573472 0.433426528
QJ:/ccrcc/: 0.772633485 0.227366515 0.000000000
QJ:/ccrcc/ccr: 0.000000000 0.540388057 0.459611943
QJ:/ccrcc/crc: 0.000000000 0.381481600 0.618518400
QJ:/ccrcc/crf: 0.000000000 0.140579911 0.859420089
QJ:/ccrcf/: 0.870309186 0.129690814 0.000000000
QJ:/ccrcf/cr: 0.000000000 0.350900560 0.649099440
QJ:/crcc/: 0.000023494 0.999976506 0.000000000
QJ:/crcc/ccr: 0.000000000 0.551861839 0.448138161
QJ:/crcc/crc: 0.000000000 0.311482291 0.688517709
QJ:/crcc/crf: 0.000000000 0.031075278 0.968924722
QJ:/crfc/: 0.350597530 0.649402470 0.000000000
QJ:/crfc/cr: 0.000000000 0.000000000 1.000000000
QJ:/rcc/: 0.792631240 0.207368760 0.000000000
QJ:/rcc/ccr: 0.000000000 0.687511833 0.312488167
QJ:/rcc/crc: 0.000000000 0.120201898 0.879798102
QJ:/rcc/crf: 0.000000000 0.000000000 1.000000000
QJ:/rcf/: 0.910878118 0.089121882 0.000000000
QJ:/rcf/cr: 0.000000000 0.161773809 0.838226191
QJ:/rfc/: 0.166161330 0.833838670 0.000000000
QJ:/rfc/cr: 0.000000000 0.560616000 0.439384000
QK:/ccc/: 0.635497470 0.364502530 0.000000000
QK:/ccc/ccr: 0.000000000 0.449684796 0.550315204
QK:/ccc/crc: 0.000000000 0.285465531 0.714534469
QK:/ccc/crf: 0.000000000 0.720077367 0.279922633
QK:/ccrcc/: 0.139098159 0.860901841 0.000000000
QK:/ccrcc/ccr: 0.000000000 0.306996417 0.693003583
QK:/ccrcc/crc: 0.000000000 0.493213919 0.506786081
QK:/ccrcc/crf: 0.000000000 0.526561045 0.473438955
QK:/ccrcf/: 0.419643101 0.580356899 0.000000000
QK:/ccrcf/cr: 0.000000000 0.666004914 0.333995086
QK:/crcc/: 0.962130108 0.037869892 0.000000000
QK:/crcc/ccr: 0.000000000 0.723047643 0.276952357
QK:/crcc/crc: 0.000000000 0.403685725 0.596314275
QK:/crcc/crf: 0.000000000 0.648951718 0.351048282
QK:/crfc/: 0.485060437 0.514939563 0.000000000
QK:/crfc/cr: 0.000000000 0.407080894 0.592919106
QK:/rcc/: 0.603033805 0.396966195 0.000000000
QK:/rcc/ccr: 0.000000000 0.304481675 0.695518325
QK:/rcc/crc: 0.000000000 0.173377956 0.826622044
QK:/rcc/crf: 0.000000000 0.776749304 0.223250696
QK:/rcf/: 0.677133829 0.322866171 0.000000000
QK:/rcf/cr: 0.000000000 0.792480184 0.207519816
QK:/rfc/: 0.477744481 0.522255519 0.000000000
QK:/rfc/cr: 0.000000000 0.926359708 0.073640292
QQ:/ccc/: 0.903755962 0.096244038 0.000000000
QQ:/ccc/ccr: 0.000000000 0.298304109 0.701695891
QQ:/ccc/crc: 0.000000000 0.494021798 0.505978202
QQ:/ccc/crf: 0.000000000 0.558875870 0.441124130
QQ:/ccrcc/: 0.531987608 0.468012392 0.000000000
QQ:/ccrcc/ccr: 0.000000000 0.543029177 0.456970823
QQ:/ccrcc/crc: 0.000000000 0.363246435 0.636753565
QQ:/ccrcc/crf: 0.000000000 0.832040518 0.167959482
QQ:/ccrcf/: 0.686404593 0.313595407 0.000000000
QQ:/ccrcf/cr: 0.000000000 0.007613375 0.992386625
QQ:/crcc/: 0.806924071 0.193075929 0.000000000
QQ:/crcc/ccr: 0.000000000 1.000000000 0.000000000
QQ:/crcc/crc: 0.000000000 0.887453372 0.112546628
QQ:/crcc/crf: 0.000000000 1.000000000 0.000000000
QQ:/crfc/: 0.925071472 0.074928528 0.000000000
QQ:/crfc/cr: 0.000000000 1.000000000 0.000000000
QQ:/rcc/: 1.000000000 0.000000000 0.000000000
QQ:/rcc/ccr: 0.000000000 0.944891252 0.055108748
QQ:/rcc/crc: 0.000000000 0.752724194 0.247275806
QQ:/rcc/crf: 0.000000000 1.000000000 0.000000000
QQ:/rcf/: 0.811690778 0.188309222 0.000000000
QQ:/rcf/cr: 0.000000000 1.000000000 0.000000000
QQ:/rfc/: 0.350637890 0.649362110 0.000000000
QQ:/rfc/cr: 0.000000000 0.892615811 0.107384189
