A:/cc: 0.082244911 0.917755089 0.000000000
A:/cr: 0.000000000 1.000000000 0.000000000
A:/rc: 0.000000000 1.000000000 0.000000000
A:/rf: 0.000000000 0.069113916 0.930886084
AA:/ccc/cc: 0.331158692 0.668841308 0.000000000
AA:/ccc/cr: 0.000000000 0.984464174 0.015535826
AA:/ccc/rc: 0.000000000 0.556763332 0.443236668
AA:/ccc/rf: 0.000000000 0.134394088 0.865605912
AA:/ccrcc/cc: 0.578479097 0.421520903 0.000000000
AA:/ccrcc/cr: 0.000000000 0.469037750 0.530962250
AA:/ccrcc/rc: 0.000000000 0.842095642 0.157904358
AA:/ccrcc/rf: 0.000000000 0.554289108 0.445710892
AA:/ccrcf/c: 0.678324028 0.321675972 0.000000000
AA:/ccrcf/r: 0.000000000 0.602846177 0.397153823
AA:/ccrfc/c: 0.452500438 0.547499562 0.000000000
AA:/ccrfc/r: 0.000000000 0.960050053 0.039949947
AA:/crcc/cc: 0.387874544 0.612125456 0.000000000
AA:/crcc/cr: 0.000000000 0.506771939 0.493228061
AA:/crcc/rc: 0.000000000 0.493040949 0.506959051
AA:/crcc/rf: 0.000000000 0.223784499 0.776215501
AA:/crcf/c: 0.590393437 0.409606563 0.000000000
AA:/crcf/r: 0.000000000 0.565476905 0.434523095
AA:/rcc/cc: 0.367797862 0.632202138 0.000000000
AA:/rcc/cr: 0.000000000 1.000000000 0.000000000
AA:/rcc/rc: 0.000000000 1.000000000 0.000000000
AA:/rcc/rf: 0.000000000 0.479097602 0.520902398
AA:/rfc/c: 0.480408517 0.519591483 0.000000000
AA:/rfc/r: 0.000000000 0.736098989 0.263901011
AJ:/ccc/cc: 0.322219287 0.677780713 0.000000000
AJ:/ccc/cr: 0.000000000 0.658120255 0.341879745
AJ:/ccc/rc: 0.000000000 0.274748913 0.725251087
AJ:/ccc/rf: 0.000000000 0.430460210 0.569539790
AJ:/ccrcc/cc: 0.776316333 0.223683667 0.000000000
AJ:/ccrcc/cr: 0.000000000 0.584858121 0.415141879
AJ:/ccrcc/rc: 0.000000000 0.637414481 0.362585519
AJ:/ccrcc/rf: 0.000000000 0.393242398 0.606757602
AJ:/ccrcf/c: 0.547682685 0.452317315 0.000000000
AJ:/ccrcf/r: 0.000000000 0.518905297 0.481094703
AJ:/ccrfc/c: 0.325443437 0.674556563 0.000000000
AJ:/ccrfc/r: 0.000000000 0.529133258 0.470866742
AJ:/crcc/cc: 0.934388047 0.065611953 0.000000000
AJ:/crcc/cr: 0.000000000 0.975308565 0.024691435
AJ:/crcc/rc: 0.000000000 0.690826185 0.309173815
AJ:/crcc/rf: 0.000000000 0.893351944 0.106648056
AJ:/crcf/c: 0.445526134 0.554473866 0.000000000
AJ:/crcf/r: 0.000000000 1.000000000 0.000000000
AJ:/rcc/cc: 0.556522510 0.443477490 0.000000000
AJ:/rcc/cr: 0.000000000 0.798560339 0.201439661
AJ:/rcc/rc: 0.000000000 1.000000000 0.000000000
AJ:/rcc/rf: 0.000000000 0.804109667 0.195890333
AJ:/rfc/c: 0.365876996 0.634123004 0.000000000
AJ:/rfc/r: 0.000000000 0.162842596 0.837157404
AK:/ccc/cc: 0.435574396 0.564425604 0.000000000
AK:/ccc/cr: 0.000000000 0.572119548 0.427880452
AK:/ccc/rc: 0.000000000 0.224513098 0.775486902
AK:/ccc/rf: 0.000000000 0.390232448 0.609767552
AK:/ccrcc/cc: 0.707475160 0.292524840 0.000000000
AK:/ccrcc/cr: 0.000000000 0.515852275 0.484147725
AK:/ccrcc/rc: 0.000000000 0.518712599 0.481287401
AK:/ccrcc/rf: 0.000000000 0.465303677 0.534696323
AK:/ccrcf/c: 0.670355227 0.329644773 0.000000000
AK:/ccrcf/r: 0.000000000 0.236006494 0.763993506
AK:/ccrfc/c: 0.611069737 0.388930263 0.000000000
AK:/ccrfc/r: 0.000000000 0.596378928 0.403621072
AK:/crcc/cc: 0.775722707 0.224277293 0.000000000
AK:/crcc/cr: 0.000000000 0.383141733 0.616858267
AK:/crcc/rc: 0.000000000 0.485193852 0.514806148
AK:/crcc/rf: 0.000000000 0.667347721 0.332652279
AK:/crcf/c: 0.353048828 0.646951172 0.000000000
AK:/crcf/r: 0.000000000 0.524189482 0.475810518
AK:/rcc/cc: 0.554278525 0.445721475 0.000000000
AK:/rcc/cr: 0.000000000 0.747653628 0.252346372
AK:/rcc/rc: 0.000000000 1.000000000 0.000000000
AK:/rcc/rf: 0.000000000 0.382237235 0.617762765
AK:/rfc/c: 0.278095365 0.721904635 0.000000000
AK:/rfc/r: 0.000000000 0.599019696 0.400980304
AQ:/ccc/cc: 0.393899077 0.606100923 0.000000000
AQ:/ccc/cr: 0.000000000 0.642815032 0.357184968
AQ:/ccc/rc: 0.000000000 0.438719090 0.561280910
AQ:/ccc/rf: 0.000000000 0.709584373 0.290415627
AQ:/ccrcc/cc: 0.365615908 0.634384092 0.000000000
AQ:/ccrcc/cr: 0.000000000 0.473429950 0.526570050
AQ:/ccrcc/rc: 0.000000000 0.458745708 0.541254292
AQ:/ccrcc/rf: 0.000000000 0.525638464 0.474361536
AQ:/ccrcf/c: 0.082381075 0.917618925 0.000000000
AQ:/ccrcf/r: 0.000000000 0.576838964 0.423161036
AQ:/ccrfc/c: 0.272905722 0.727094278 0.000000000
AQ:/ccrfc/r: 0.000000000 0.211230002 0.788769998
AQ:/crcc/cc: 0.370942107 0.629057893 0.000000000
AQ:/crcc/cr: 0.000000000 0.359650403 0.640349597
AQ:/crcc/rc: 0.000000000 0.506862400 0.493137600
AQ:/crcc/rf: 0.000000000 0.438544986 0.561455014
AQ:/crcf/c: 0.357391915 0.642608085 0.000000000
AQ:/crcf/r: 0.000000000 0.258725623 0.741274377
AQ:/rcc/cc: 0.584294997 0.415705003 0.000000000
AQ:/rcc/cr: 0.000000000 0.999948039 0.000051961
AQ:/rcc/rc: 0.000000000 1.000000000 0.000000000
AQ:/rcc/rf: 0.000000000 0.892615811 0.107384189
AQ:/rfc/c: 0.629979035 0.370020965 0.000000000
AQ:/rfc/r: 0.000000000 0.203050263 0.796949737
J:/cc: 0.000000013 0.999999987 0.000000000
J:/cr: 0.000000000 0.216924005 0.783075995
J:/rc: 0.000000000 0.366795317 0.633204683
J:/rf: 0.000000000 0.456661469 0.543338531
JA:/ccc/cc: 0.714498533 0.285501467 0.000000000
JA:/ccc/cr: 0.000000000 0.495303586 0.504696414
JA:/ccc/rc: 0.000000000 0.495082601 0.504917399
JA:/ccc/rf: 0.000000000 0.057872558 0.942127442
JA:/ccrcc/cc: 0.302187675 0.697812325 0.000000000
JA:/ccrcc/cr: 0.000000000 0.160243608 0.839756392
JA:/ccrcc/rc: 0.000000000 0.083500369 0.916499631
JA:/ccrcc/rf: 0.000000000 0.557975124 0.442024876
JA:/ccrcf/c: 0.711485206 0.288514794 0.000000000
JA:/ccrcf/r: 0.000000000 0.012117646 0.987882354
JA:/ccrfc/c: 0.549391177 0.450608823 0.000000000
JA:/ccrfc/r: 0.000000000 0.828055249 0.171944751
JA:/crcc/cc: 0.791804486 0.208195514 0.000000000
JA:/crcc/cr: 0.000000000 0.416669173 0.583330827
JA:/crcc/rc: 0.000000000 0.811088302 0.188911698
JA:/crcc/rf: 0.000000000 0.479812566 0.520187434
JA:/crcf/c: 0.464736822 0.535263178 0.000000000
JA:/crcf/r: 0.000000000 0.249394126 0.750605874
JA:/rcc/cc: 0.744419450 0.255580550 0.000000000
JA:/rcc/cr: 0.000000000 0.650676142 0.349323858
JA:/rcc/rc: 0.000000000 0.000000000 1.000000000
JA:/rcc/rf: 0.000000000 0.322532623 0.677467377
JA:/rfc/c: 0.167751780 0.832248220 0.000000000
JA:/rfc/r: 0.000000000 0.382005177 0.617994823
JJ:/ccc/cc: 0.325176352 0.674823648 0.000000000
JJ:/ccc/cr: 0.000000000 0.962772127 0.037227873
JJ:/ccc/rc: 0.000000000 0.086865607 0.913134393
JJ:/ccc/rf: 0.000000000 0.513570491 0.486429509
JJ:/ccrcc/cc: 0.689045099 0.310954901 0.000000000
JJ:/ccrcc/cr: 0.000000000 0.394272246 0.605727754
JJ:/ccrcc/rc: 0.000000000 0.045575312 0.954424688
JJ:/ccrcc/rf: 0.000000000 0.386213869 0.613786131
JJ:/ccrcf/c: 0.826964876 0.173035124 0.000000000
JJ:/ccrcf/r: 0.000000000 0.555381697 0.444618303
JJ:/ccrfc/c: 0.630440716 0.369559284 0.000000000
JJ:/ccrfc/r: 0.000000000 0.525882993 0.474117007
JJ:/crcc/cc: 0.629644273 0.370355727 0.000000000
JJ:/crcc/cr: 0.000000000 0.585387241 0.414612759
JJ:/crcc/rc: 0.000000000 0.815858378 0.184141622
JJ:/crcc/rf: 0.000000000 0.481531613 0.518468387
JJ:/crcf/c: 0.986728527 0.013271473 0.000000000
JJ:/crcf/r: 0.000000000 0.637046916 0.362953084
JJ:/rcc/cc: 1.000000000 0.000000000 0.000000000
JJ:/rcc/cr: 0.000000000 1.000000000 0.000000000
JJ:/rcc/rc: 0.000000000 1.000000000 0.000000000
JJ:/rcc/rf: 0.000000000 0.426917145 0.573082855
JJ:/rfc/c: 0.531898589 0.468101411 0.000000000
JJ:/rfc/r: 0.000000000 0.642698201 0.357301799
JK:/ccc/cc: 0.331626454 0.668373546 0.000000000
JK:/ccc/cr: 0.000000000 0.653649607 0.346350393
JK:/ccc/rc: 0.000000000 0.682706801 0.317293199
JK:/ccc/rf: 0.000000000 0.324326990 0.675673010
JK:/ccrcc/cc: 0.419103657 0.580896343 0.000000000
JK:/ccrcc/cr: 0.000000000 0.544798508 0.455201492
JK:/ccrcc/rc: 0.000000000 0.414404329 0.585595671
JK:/ccrcc/rf: 0.000000000 0.620402171 0.379597829
JK:/ccrcf/c: 0.297382045 0.702617955 0.000000000
JK:/ccrcf/r: 0.000000000 0.444970170 0.555029830
JK:/ccrfc/c: 0.330152614 0.669847386 0.000000000
JK:/ccrfc/r: 0.000000000 0.748700219 0.251299781
JK:/crcc/cc: 0.788512219 0.211487781 0.000000000
JK:/crcc/cr: 0.000000000 0.755524963 0.244475037
JK:/crcc/rc: 0.000000000 0.000000000 1.000000000
JK:/crcc/rf: 0.000000000 0.439632670 0.560367330
JK:/crcf/c: 0.973245781 0.026754219 0.000000000
JK:/crcf/r: 0.000000000 0.207779562 0.792220438
JK:/rcc/cc: 0.226210385 0.773789615 0.000000000
JK:/rcc/cr: 0.000000000 0.281285112 0.718714888
JK:/rcc/rc: 0.000000000 0.000000000 1.000000000
JK:/rcc/rf: 0.000000000 0.623211327 0.376788673
JK:/rfc/c: 0.791457806 0.208542194 0.000000000
JK:/rfc/r: 0.000000000 0.960920792 0.039079208
JQ:/ccc/cc: 0.328573271 0.671426729 0.000000000
JQ:/ccc/cr: 0.000000000 0.701299606 0.298700394
JQ:/ccc/rc: 0.000000000 0.299057043 0.700942957
JQ:/ccc/rf: 0.000000000 0.138560942 0.861439058
JQ:/ccrcc/cc: 0.824184187 0.175815813 0.000000000
JQ:/ccrcc/cr: 0.000000000 0.359998321 0.640001679
JQ:/ccrcc/rc: 0.000000000 0.016638648 0.983361352
JQ:/ccrcc/rf: 0.000000000 0.201955023 0.798044977
JQ:/ccrcf/c: 0.360945765 0.639054235 0.000000000
JQ:/ccrcf/r: 0.000000000 0.344146738 0.655853262
JQ:/ccrfc/c: 0.639585652 0.360414348 0.000000000
JQ:/ccrfc/r: 0.000000000 0.411731270 0.588268730
JQ:/crcc/cc: 0.187324878 0.812675122 0.000000000
JQ:/crcc/cr: 0.000000000 0.043269583 0.956730417
JQ:/crcc/rc: 0.000000000 0.919536371 0.080463629
JQ:/crcc/rf: 0.000000000 0.732721607 0.267278393
JQ:/crcf/c: 0.556270067 0.443729933 0.000000000
JQ:/crcf/r: 0.000000000 0.803388569 0.196611431
JQ:/rcc/cc: 0.488821054 0.511178946 0.000000000
JQ:/rcc/cr: 0.000000000 0.089122025 0.910877975
JQ:/rcc/rc: 0.000000000 0.000000000 1.000000000
JQ:/rcc/rf: 0.000000000 0.283015573 0.716984427
JQ:/rfc/c: 0.518533330 0.481466670 0.000000000
JQ:/rfc/r: 0.000000000 0.845914670 0.154085330
K:/cc: 0.570672591 0.429327409 0.000000000
K:/cr: 0.000000000 0.728661911 0.271338089
K:/rc: 0.000000000 1.000000000 0.000000000
K:/rf: 0.000000000 0.969309039 0.030690961
KA:/ccc/cc: 0.536886831 0.463113169 0.000000000
KA:/ccc/cr: 0.000000000 0.942596273 0.057403727
KA:/ccc/rc: 0.000000000 0.644632276 0.355367724
KA:/ccc/rf: 0.000000000 0.495893759 0.504106241
KA:/ccrcc/cc: 0.135460684 0.864539316 0.000000000
KA:/ccrcc/cr: 0.000000000 0.726147618 0.273852382
KA:/ccrcc/rc: 0.000000000 0.476418531 0.523581469
KA:/ccrcc/rf: 0.000000000 0.468952943 0.531047057
KA:/ccrcf/c: 0.270645396 0.729354604 0.000000000
KA:/ccrcf/r: 0.000000000 0.633567919 0.366432081
KA:/ccrfc/c: 0.566614495 0.433385505 0.000000000
KA:/ccrfc/r: 0.000000000 0.780785684 0.219214316
KA:/crcc/cc: 0.619335860 0.380664140 0.000000000
KA:/crcc/cr: 0.000000000 0.863976178 0.136023822
KA:/crcc/rc: 0.000000000 0.674732480 0.325267520
KA:/crcc/rf: 0.000000000 0.670558830 0.329441170
KA:/crcf/c: 0.965432916 0.034567084 0.000000000
KA:/crcf/r: 0.000000000 0.908842432 0.091157568
KA:/rcc/cc: 0.772555336 0.227444664 0.000000000
KA:/rcc/cr: 0.000000000 0.898672569 0.101327431
KA:/rcc/rc: 0.000000000 1.000000000 0.000000000
KA:/rcc/rf: 0.000000000 0.211438899 0.788561101
KA:/rfc/c: 0.494958383 0.505041617 0.000000000
KA:/rfc/r: 0.000000000 0.549251905 0.450748095
KJ:/ccc/cc: 0.540684200 0.459315800 0.000000000
KJ:/ccc/cr: 0.000000000 0.175269864 0.824730136
KJ:/ccc/rc: 0.000000000 0.570731109 0.429268891
KJ:/ccc/rf: 0.000000000 0.393031171 0.606968829
KJ:/ccrcc/cc: 0.529186182 0.470813818 0.000000000
KJ:/ccrcc/cr: 0.000000000 0.465748643 0.534251357
KJ:/ccrcc/rc: 0.000000000 0.737038329 0.262961671
KJ:/ccrcc/rf: 0.000000000 0.673279893 0.326720107
KJ:/ccrcf/c: 0.608358152 0.391641848 0.000000000
KJ:/ccrcf/r: 0.000000000 0.608414803 0.391585197
KJ:/ccrfc/c: 0.814853017 0.185146983 0.000000000
KJ:/ccrfc/r: 0.000000000 0.902610425 0.097389575
KJ:/crcc/cc: 0.557417053 0.442582947 0.000000000
KJ:/crcc/cr: 0.000000000 0.492578976 0.507421024
KJ:/crcc/rc: 0.000000000 0.495349987 0.504650013
KJ:/crcc/rf: 0.000000000 0.649009724 0.350990276
KJ:/crcf/c: 0.551469631 0.448530369 0.000000000
KJ:/crcf/r: 0.000000000 0.632837164 0.367162836
KJ:/rcc/cc: 0.550244938 0.449755062 0.000000000
KJ:/rcc/cr: 0.000000000 0.484886366 0.515113634
KJ:/rcc/rc: 0.000000000 0.000000000 1.000000000
KJ:/rcc/rf: 0.000000000 0.445183966 0.554816034
KJ:/rfc/c: 0.770678918 0.229321082 0.000000000
KJ:/rfc/r: 0.000000000 0.535757043 0.464242957
KK:/ccc/cc: 0.581797053 0.418202947 0.000000000
KK:/ccc/cr: 0.000000000 0.254800733 0.745199267
KK:/ccc/rc: 0.000000000 0.555863072 0.444136928
KK:/ccc/rf: 0.000000000 0.471432607 0.528567393
KK:/ccrcc/cc: 0.760394023 0.239605977 0.000000000
KK:/ccrcc/cr: 0.000000000 0.584304198 0.415695802
KK:/ccrcc/rc: 0.000000000 0.249560397 0.750439603
KK:/ccrcc/rf: 0.000000000 0.433757919 0.566242081
KK:/ccrcf/c: 0.576440464 0.423559536 0.000000000
KK:/ccrcf/r: 0.000000000 0.078744515 0.921255485
KK:/ccrfc/c: 0.458406545 0.541593455 0.000000000
KK:/ccrfc/r: 0.000000000 0.501236637 0.498763363
KK:/crcc/cc: 0.593427225 0.406572775 0.000000000
KK:/crcc/cr: 0.000000000 0.571035244 0.428964756
KK:/crcc/rc: 0.000000000 0.656921767 0.343078233
KK:/crcc/rf: 0.000000000 0.475558211 0.524441789
KK:/crcf/c: 0.405940815 0.594059185 0.000000000
KK:/crcf/r: 0.000000000 0.499791545 0.500208455
KK:/rcc/cc: 0.190373589 0.809626411 0.000000000
KK:/rcc/cr: 0.000000000 1.000000000 0.000000000
KK:/rcc/rc: 0.000000000 1.000000000 0.000000000
KK:/rcc/rf: 0.000000000 0.580910897 0.419089103
KK:/rfc/c: 0.992779300 0.007220700 0.000000000
KK:/rfc/r: 0.000000000 0.436690335 0.563309665
KQ:/ccc/cc: 0.550645617 0.449354383 0.000000000
KQ:/ccc/cr: 0.000000000 0.620309232 0.379690768
KQ:/ccc/rc: 0.000000000 0.272115493 0.727884507
KQ:/ccc/rf: 0.000000000 0.376467129 0.623532871
KQ:/ccrcc/cc: 0.668682469 0.331317531 0.000000000
KQ:/ccrcc/cr: 0.000000000 0.652590408 0.347409592
KQ:/ccrcc/rc: 0.000000000 0.406894431 0.593105569
KQ:/ccrcc/rf: 0.000000000 0.407768901 0.592231099
KQ:/ccrcf/c: 0.394153694 0.605846306 0.000000000
KQ:/ccrcf/r: 0.000000000 0.513014143 0.486985857
KQ:/ccrfc/c: 0.582010776 0.417989224 0.000000000
KQ:/ccrfc/r: 0.000000000 0.524472919 0.475527081
KQ:/crcc/cc: 0.667777494 0.332222506 0.000000000
KQ:/crcc/cr: 0.000000000 0.117184267 0.882815733
KQ:/crcc/rc: 0.000000000 0.298095404 0.701904596
KQ:/crcc/rf: 0.000000000 0.145070443 0.854929557
KQ:/crcf/c: 0.674675813 0.325324187 0.000000000
KQ:/crcf/r: 0.000000000 0.461054320 0.538945680
KQ:/rcc/cc: 0.177097480 0.822902520 0.000000000
KQ:/rcc/cr: 0.000000000 0.290856853 0.709143147
KQ:/rcc/rc: 0.000000000 0.000000000 1.000000000
KQ:/rcc/rf: 0.000000000 0.137029400 0.862970600
KQ:/rfc/c: 0.877347788 0.122652212 0.000000000
KQ:/rfc/r: 0.000000000 0.388578047 0.611421953
Q:/cc: 0.635798056 0.364201944 0.000000000
Q:/cr: 0.000000000 0.207792844 0.792207156
Q:/rc: 0.000000000 0.962606327 0.037393673
Q:/rf: 0.000000000 0.516941664 0.483058336
QA:/ccc/cc: 0.847147849 0.152852151 0.000000000
QA:/ccc/cr: 0.000000000 0.998541045 0.001458955
QA:/ccc/rc: 0.000000000 0.434857455 0.565142545
QA:/ccc/rf: 0.000000000 0.689266385 0.310733615
QA:/ccrcc/cc: 0.665322125 0.334677875 0.000000000
QA:/ccrcc/cr: 0.000000000 0.473470518 0.526529482
QA:/ccrcc/rc: 0.000000000 0.382667630 0.617332370
QA:/ccrcc/rf: 0.000000000 0.191712686 0.808287314
QA:/ccrcf/c: 0.001149167 0.998850833 0.000000000
QA:/ccrcf/r: 0.000000000 0.827741649 0.172258351
QA:/ccrfc/c: 0.507263026 0.492736974 0.000000000
QA:/ccrfc/r: 0.000000000 0.925415937 0.074584063
QA:/crcc/cc: 0.514750615 0.485249385 0.000000000
QA:/crcc/cr: 0.000000000 0.830113229 0.169886771
QA:/crcc/rc: 0.000000000 0.496931953 0.503068047
QA:/crcc/rf: 0.000000000 0.468377780 0.531622220
QA:/crcf/c: 0.374677253 0.625322747 0.000000000
QA:/crcf/r: 0.000000000 0.432259727 0.567740273
QA:/rcc/cc: 0.908867138 0.091132862 0.000000000
QA:/rcc/cr: 0.000000000 0.339724504 0.660275496
QA:/rcc/rc: 0.000000000 0.000000000 1.000000000
QA:/rcc/rf: 0.000000000 0.343097700 0.656902300
QA:/rfc/c: 0.743564307 0.256435693 0.000000000
QA:/rfc/r: 0.000000000 0.601375724 0.398624276
QJ:/ccc/cc: 0.631641076 0.368358924 0.000000000
QJ:/ccc/cr: 0.000000000 0.800612876 0.199387124
QJ:/ccc/rc: 0.000000000 0.827259882 0.172740118
QJ:/ccc/rf: 0.000000000 0.536587683 0.463412317
QJ:/ccrcc/cc: 0.416712293 0.583287707 0.000000000
QJ:/ccrcc/cr: 0.000000000 0.529188409 0.470811591
QJ:/ccrcc/rc: 0.000000000 0.915591708 0.084408292
QJ:/ccrcc/rf: 0.000000000 0.429062093 0.570937907
QJ:/ccrcf/c: 0.895877415 0.104122585 0.000000000
QJ:/ccrcf/r: 0.000000000 0.676714963 0.323285037
QJ:/ccrfc/c: 0.775555075 0.224444925 0.000000000
QJ:/ccrfc/r: 0.000000000 0.370483628 0.629516372
QJ:/crcc/cc: 0.545995311 0.454004689 0.000000000
QJ:/crcc/cr: 0.000000000 0.458242130 0.541757870
QJ:/crcc/rc: 0.000000000 0.452799630 0.547200370
QJ:/crcc/rf: 0.000000000 0.357705740 0.642294260
QJ:/crcf/c: 0.400175803 0.599824197 0.000000000
QJ:/crcf/r: 0.000000000 0.435453484 0.564546516
QJ:/rcc/cc: 0.148916049 0.851083951 0.000000000
QJ:/rcc/cr: 0.000000000 0.000000000 1.000000000
QJ:/rcc/rc: 0.000000000 0.000000000 1.000000000
QJ:/rcc/rf: 0.000000000 0.004148007 0.995851993
QJ:/rfc/c: 0.631844577 0.368155423 0.000000000
QJ:/rfc/r: 0.000000000 0.146253211 0.853746789
QK:/ccc/cc: 0.481225183 0.518774817 0.000000000
QK:/ccc/cr: 0.000000000 0.509656572 0.490343428
QK:/ccc/rc: 0.000000000 0.094091264 0.905908736
QK:/ccc/rf: 0.000000000 0.493086010 0.506913990
QK:/ccrcc/cc: 0.643826040 0.356173960 0.000000000
QK:/ccrcc/cr: 0.000000000 0.855828154 0.144171846
QK:/ccrcc/rc: 0.000000000 0.440568901 0.559431099
QK:/ccrcc/rf: 0.000000000 0.060017888 0.939982112
QK:/ccrcf/c: 0.143679384 0.856320616 0.000000000
QK:/ccrcf/r: 0.000000000 0.715761677 0.284238323
QK:/ccrfc/c: 0.333236332 0.666763668 0.000000000
QK:/ccrfc/r: 0.000000000 0.394060462 0.605939538
QK:/crcc/cc: 0.641933033 0.358066967 0.000000000
QK:/crcc/cr: 0.000000000 0.493608691 0.506391309
QK:/crcc/rc: 0.000000000 0.576295368 0.423704632
QK:/crcc/rf: 0.000000000 0.057958875 0.942041125
QK:/crcf/c: 0.575755158 0.424244842 0.000000000
QK:/crcf/r: 0.000000000 0.356587002 0.643412998
QK:/rcc/cc: 0.174926071 0.825073929 0.000000000
QK:/rcc/cr: 0.000000000 0.609215152 0.390784848
QK:/rcc/rc: 0.000000000 0.049293027 0.950706973
QK:/rcc/rf: 0.000000000 0.662098072 0.337901928
QK:/rfc/c: 0.546555580 0.453444420 0.000000000
QK:/rfc/r: 0.000000000 0.331203840 0.668796160
QQ:/ccc/cc: 0.167946370 0.832053630 0.000000000
QQ:/ccc/cr: 0.000000000 0.257038993 0.742961007
QQ:/ccc/rc: 0.000000000 0.877416904 0.122583096
QQ:/ccc/rf: 0.000000000 0.578698756 0.421301244
QQ:/ccrcc/cc: 0.406292779 0.593707221 0.000000000
QQ:/ccrcc/cr: 0.000000000 0.566631228 0.433368772
QQ:/ccrcc/rc: 0.000000000 0.551297831 0.448702169
QQ:/ccrcc/rf: 0.000000000 0.926836257 0.073163743
QQ:/ccrcf/c: 0.507600483 0.492399517 0.000000000
QQ:/ccrcf/r: 0.000000000 0.171526170 0.828473830
QQ:/ccrfc/c: 0.337986277 0.662013723 0.000000000
QQ:/ccrfc/r: 0.000000000 0.819733054 0.180266946
QQ:/crcc/cc: 0.501816942 0.498183058 0.000000000
QQ:/crcc/cr: 0.000000000 0.327372928 0.672627072
QQ:/crcc/rc: 0.000000000 1.000000000 0.000000000
QQ:/crcc/rf: 0.000000000 0.778800805 0.221199195
QQ:/crcf/c: 0.528607557 0.471392443 0.000000000
QQ:/crcf/r: 0.000000000 0.682866591 0.317133409
QQ:/rcc/cc: 0.319782644 0.680217356 0.000000000
QQ:/rcc/cr: 0.000000000 1.000000000 0.000000000
QQ:/rcc/rc: 0.000000000 1.000000000 0.000000000
QQ:/rcc/rf: 0.000000000 0.295884546 0.704115454
QQ:/rfc/c: 0.859500536 0.140499464 0.000000000
QQ:/rfc/r: 0.000000000 0.417526084 0.582473916
