2:/: 0.064209117 0.935790883 0.000000000
2:/ccr: 0.000000000 0.000000000 1.000000000
2:/ccrcrc: 0.000000000 0.309222714 0.690777286
2:/ccrcrf: 0.000000000 0.504927291 0.495072709
2:/crc: 0.000043118 0.000008723 0.999948159
2:/crf: 0.000434147 0.000000000 0.999565853
2:/crr: 0.000000000 0.386875708 0.613124292
2:/rcr: 0.000000000 0.119563915 0.880436085
2:/rfr: 0.000000000 0.411114755 0.588885245
2:/rrc: 0.000000000 0.000000000 1.000000000
2:/rrf: 0.000000000 0.300485386 0.699514614
3:/: 0.063578531 0.936421469 0.000000000
3:/ccr: 0.125719042 0.344925304 0.529355654
3:/ccrcrc: 0.000000000 0.444814185 0.555185815
3:/ccrcrf: 0.000000000 0.000000000 1.000000000
3:/crc: 0.017100175 0.000008723 0.982891102
3:/crf: 0.000434147 0.000000000 0.999565853
3:/crr: 0.000000000 0.329351302 0.670648698
3:/rcr: 0.000000000 0.172474746 0.827525254
3:/rfr: 0.000000000 0.668842904 0.331157096
3:/rrc: 0.000000000 0.143863967 0.856136033
3:/rrf: 0.000000000 0.221157467 0.778842533
4:/: 0.192485656 0.807514344 0.000000000
4:/ccr: 0.310142973 0.288311514 0.401545512
4:/ccrcrc: 0.000000000 0.216234525 0.783765475
4:/ccrcrf: 0.000000000 0.671105535 0.328894465
4:/crc: 0.000043107 0.000008723 0.999948170
4:/crf: 0.000231232 0.000405832 0.999362936
4:/crr: 0.000000000 0.365343337 0.634656663
4:/rcr: 0.000000000 0.699093778 0.300906222
4:/rfr: 0.000000000 0.592047164 0.407952836
4:/rrc: 0.000000000 0.000000000 1.000000000
4:/rrf: 0.000000000 0.278747345 0.721252655
5:/: 0.029553234 0.970446766 0.000000000
5:/ccr: 0.552128059 0.211821324 0.236050617
5:/ccrcrc: 0.000000000 0.180189865 0.819810135
5:/ccrcrf: 0.000000000 0.124064376 0.875935624
5:/crc: 0.000043067 0.000008723 0.999948210
5:/crf: 0.010014607 0.210930146 0.779055248
5:/crr: 0.000000000 0.000000000 1.000000000
5:/rcr: 0.000000000 0.471779018 0.528220982
5:/rfr: 0.000000000 0.619721609 0.380278391
5:/rrc: 0.000000000 0.000000000 1.000000000
5:/rrf: 0.000000000 0.000000000 1.000000000
6:/: 0.000104185 0.999895815 0.000000000
6:/ccr: 0.539344192 0.437630667 0.023025141
6:/ccrcrc: 0.000000000 0.191001098 0.808998902
6:/ccrcrf: 0.000000000 0.458192940 0.541807060
6:/crc: 0.025581593 0.056198461 0.918219946
6:/crf: 0.010896011 0.587168973 0.401935015
6:/crr: 0.000000000 0.041887911 0.958112089
6:/rcr: 0.000000000 0.260629990 0.739370010
6:/rfr: 0.000000000 0.272502641 0.727497359
6:/rrc: 0.000000000 0.000000000 1.000000000
6:/rrf: 0.000000000 0.000000000 1.000000000
7:/: 0.000045805 0.999954195 0.000000000
7:/ccr: 0.284764617 0.715134647 0.000100736
7:/ccrcrc: 0.000000000 0.330365727 0.669634273
7:/ccrcrf: 0.000000000 0.084581867 0.915418133
7:/crc: 0.000043065 0.000008723 0.999948212
7:/crf: 0.011174371 0.392854082 0.595971548
7:/crr: 0.000000000 0.187570382 0.812429618
7:/rcr: 0.000000000 0.403685022 0.596314978
7:/rfr: 0.000000000 0.421587935 0.578412065
7:/rrc: 0.000000000 0.270748913 0.729251087
7:/rrf: 0.000000000 0.022501181 0.977498819
8:/: 0.000000000 1.000000000 0.000000000
8:/ccr: 0.448414161 0.465871396 0.085714443
8:/ccrcrc: 0.000000000 0.735500194 0.264499806
8:/ccrcrf: 0.000000000 0.556823663 0.443176337
8:/crc: 0.001382477 0.148300707 0.850316815
8:/crf: 0.001635295 0.837586414 0.160778291
8:/crr: 0.000000000 0.523974550 0.476025450
8:/rcr: 0.000000000 0.477463874 0.522536126
8:/rfr: 0.000000000 0.276255350 0.723744650
8:/rrc: 0.000000000 0.292687604 0.707312396
8:/rrf: 0.000000000 0.000000000 1.000000000
9:/: 0.000000000 1.000000000 0.000000000
9:/ccr: 0.620419028 0.373919405 0.005661567
9:/ccrcrc: 0.000000000 0.349403845 0.650596155
9:/ccrcrf: 0.000000000 0.748804592 0.251195408
9:/crc: 0.002267536 0.258659013 0.739073451
9:/crf: 0.007610645 0.615644001 0.376745354
9:/crr: 0.000000000 0.000000000 1.000000000
9:/rcr: 0.000000000 0.778538477 0.221461523
9:/rfr: 0.000000000 0.322548551 0.677451449
9:/rrc: 0.000000000 0.244809333 0.755190667
9:/rrf: 0.000000000 0.063495186 0.936504814
A:/: 0.649395606 0.350604394 0.000000000
A:/ccr: 0.801332953 0.198667047 0.000000000
A:/ccrcrc: 0.000000000 0.590467922 0.409532078
A:/ccrcrf: 0.000000000 1.000000000 0.000000000
A:/crc: 0.968110969 0.031889031 0.000000000
A:/crf: 1.000000000 0.000000000 0.000000000
A:/crr: 0.000000000 1.000000000 0.000000000
A:/rcr: 0.000000000 1.000000000 0.000000000
A:/rfr: 0.000000000 0.625604299 0.374395701
A:/rrc: 0.000000000 1.000000000 0.000000000
A:/rrf: 0.000000000 1.000000000 0.000000000
J:/: 0.000000000 1.000000000 0.000000000
J:/ccr: 0.000000000 1.000000000 0.000000000
J:/ccrcrc: 0.000000000 0.281866177 0.718133823
J:/ccrcrf: 0.000000000 0.912499828 0.087500172
J:/crc: 0.000073245 0.004019761 0.995906995
J:/crf: 0.099367224 0.801236270 0.099396506
J:/crr: 0.000000000 0.689129277 0.310870723
J:/rcr: 0.000000000 0.916602646 0.083397354
J:/rfr: 0.000000000 0.914362484 0.085637516
J:/rrc: 0.000000000 0.751375994 0.248624006
J:/rrf: 0.000000000 0.124097353 0.875902647
K:/: 0.049420206 0.950579794 0.000000000
K:/ccr: 0.150990097 0.849009903 0.000000000
K:/ccrcrc: 0.000000000 0.832254068 0.167745932
K:/ccrcrf: 0.000000000 0.945629136 0.054370864
K:/crc: 0.233478780 0.766521220 0.000000000
K:/crf: 0.494450947 0.505549053 0.000000000
K:/crr: 0.000000000 0.861309787 0.138690213
K:/rcr: 0.000000000 1.000000000 0.000000000
K:/rfr: 0.000000000 0.527796679 0.472203321
K:/rrc: 0.000000000 0.771832264 0.228167736
K:/rrf: 0.000000000 0.596805832 0.403194168
Q:/: 0.000000000 1.000000000 0.000000000
Q:/ccr: 0.428595551 0.571404449 0.000000000
Q:/ccrcrc: 0.000000000 0.939437950 0.060562050
Q:/ccrcrf: 0.000000000 0.776679080 0.223320920
Q:/crc: 0.000000000 0.204740363 0.795259637
Q:/crf: 0.000254815 0.999745185 0.000000000
Q:/crr: 0.000000000 0.024197282 0.975802718
Q:/rcr: 0.000000000 1.000000000 0.000000000
Q:/rfr: 0.000000000 0.821483483 0.178516517
Q:/rrc: 0.000000000 0.786674256 0.213325744
Q:/rrf: 0.000000000 0.576410660 0.423589340
T:/: 0.000000000 1.000000000 0.000000000
T:/ccr: 0.369865759 0.630096037 0.000038204
T:/ccrcrc: 0.000000000 0.461804125 0.538195875
T:/ccrcrf: 0.000000000 0.736954140 0.263045860
T:/crc: 0.000011758 0.000008544 0.999979698
T:/crf: 0.009926331 0.708579079 0.281494590
T:/crr: 0.000000000 0.014439995 0.985560005
T:/rcr: 0.000000000 0.413811339 0.586188661
T:/rfr: 0.000000000 0.555153713 0.444846287
T:/rrc: 0.000000000 0.352877164 0.647122836
T:/rrf: 0.000000000 0.336493335 0.663506665
