2:/cc: 0.999805958 0.000194042 0.000000000
2:/ccrcr: 0.000000000 0.000000000 1.000000000
2:/ccrfr: 0.000000000 0.106844479 0.893155521
2:/ccrrc: 0.000000000 0.235443416 0.764556584
2:/ccrrf: 0.000000000 0.301062552 0.698937448
2:/cr: 0.000141815 0.000000000 0.999858185
2:/crcrc: 0.000000000 0.597637816 0.402362184
2:/crcrf: 0.000000000 0.744446342 0.255553658
2:/rc: 0.182688547 0.000000000 0.817311453
2:/rf: 0.267487252 0.446493495 0.286019253
2:/rr: 0.000000000 0.016602720 0.983397280
3:/cc: 0.266511098 0.733488902 0.000000000
3:/ccrcr: 0.000000000 0.105728086 0.894271914
3:/ccrfr: 0.000000000 0.000000000 1.000000000
3:/ccrrc: 0.000000000 0.210880825 0.789119175
3:/ccrrf: 0.000000000 0.370528331 0.629471669
3:/cr: 0.000141838 0.000000000 0.999858162
3:/crcrc: 0.000000000 0.067536699 0.932463301
3:/crcrf: 0.000000000 0.735599486 0.264400514
3:/rc: 0.137423284 0.043145007 0.819431708
3:/rf: 0.282544851 0.401497907 0.315957243
3:/rr: 0.000000000 0.013188750 0.986811250
4:/cc: 0.000000000 1.000000000 0.000000000
4:/ccrcr: 0.000000000 0.233193195 0.766806805
4:/ccrfr: 0.000000000 0.238641899 0.761358101
4:/ccrrc: 0.000000000 0.368162801 0.631837199
4:/ccrrf: 0.000000000 0.859343751 0.140656249
4:/cr: 0.000042575 0.000277194 0.999680231
4:/crcrc: 0.000000000 0.278071867 0.721928133
4:/crcrf: 0.000000000 0.219456621 0.780543379
4:/rc: 0.065847293 0.288296535 0.645856172
4:/rf: 0.255173805 0.349644547 0.395181647
4:/rr: 0.000000000 0.000000000 1.000000000
5:/cc: 0.000000000 1.000000000 0.000000000
5:/ccrcr: 0.000000000 0.000000000 1.000000000
5:/ccrfr: 0.000000000 0.574197212 0.425802788
5:/ccrrc: 0.000000000 0.357235188 0.642764812
5:/ccrrf: 0.000000000 0.044196037 0.955803963
5:/cr: 0.000307250 0.000396328 0.999296422
5:/crcrc: 0.000000000 0.403373547 0.596626453
5:/crcrf: 0.000000000 0.628809911 0.371190089
5:/rc: 0.264210323 0.147045630 0.588744047
5:/rf: 0.202723801 0.197318968 0.599957230
5:/rr: 0.000000000 0.298915363 0.701084637
6:/cc: 0.000000000 1.000000000 0.000000000
6:/ccrcr: 0.000000000 0.000000000 1.000000000
6:/ccrfr: 0.000000000 0.545437532 0.454562468
6:/ccrrc: 0.000000000 0.082000892 0.917999108
6:/ccrrf: 0.000000000 0.484790933 0.515209067
6:/cr: 0.006204125 0.000426247 0.993369628
6:/crcrc: 0.000000000 0.754670811 0.245329189
6:/crcrf: 0.000000000 0.467058942 0.532941058
6:/rc: 0.115537426 0.204404810 0.680057765
6:/rf: 0.477175995 0.486870570 0.035953435
6:/rr: 0.000000000 0.298502191 0.701497809
7:/cc: 0.000000000 1.000000000 0.000000000
7:/ccrcr: 0.000000000 0.087946086 0.912053914
7:/ccrfr: 0.000000000 0.708975125 0.291024875
7:/ccrrc: 0.000000000 0.020103714 0.979896286
7:/ccrrf: 0.000000000 0.165574349 0.834425651
7:/cr: 0.031709804 0.000406648 0.967883549
7:/crcrc: 0.000000000 0.142720351 0.857279649
7:/crcrf: 0.000000000 0.144400244 0.855599756
7:/rc: 0.148902606 0.111768572 0.739328823
7:/rf: 0.278122945 0.262151594 0.459725461
7:/rr: 0.000000000 0.190434302 0.809565698
8:/cc: 0.000000000 1.000000000 0.000000000
8:/ccrcr: 0.000000000 0.474519042 0.525480958
8:/ccrfr: 0.000000000 0.511022791 0.488977209
8:/ccrrc: 0.000000000 0.000000000 1.000000000
8:/ccrrf: 0.000000000 0.146030692 0.853969308
8:/cr: 0.041992395 0.142811591 0.815196014
8:/crcrc: 0.000000000 0.228277425 0.771722575
8:/crcrf: 0.000000000 0.630872913 0.369127087
8:/rc: 0.116970803 0.002857390 0.880171807
8:/rf: 0.004528011 0.087349172 0.908122817
8:/rr: 0.000000000 0.247638606 0.752361394
9:/cc: 0.000000000 1.000000000 0.000000000
9:/ccrcr: 0.000000000 0.338411704 0.661588296
9:/ccrfr: 0.000000000 0.468341819 0.531658181
9:/ccrrc: 0.000000000 0.405709676 0.594290324
9:/ccrrf: 0.000000000 0.437392152 0.562607848
9:/cr: 0.029087847 0.165559075 0.805353078
9:/crcrc: 0.000000000 0.872013706 0.127986294
9:/crcrf: 0.000000000 0.571323940 0.428676060
9:/rc: 0.107496912 0.491201100 0.401301988
9:/rf: 0.030425421 0.653468439 0.316106141
9:/rr: 0.000000000 0.525805735 0.474194265
A:/cc: 1.000000000 0.000000000 0.000000000
A:/ccrcr: 0.000000000 1.000000000 0.000000000
A:/ccrfr: 0.000000000 0.915086038 0.084913962
A:/ccrrc: 0.000000000 1.000000000 0.000000000
A:/ccrrf: 0.000000000 0.913945900 0.086054100
A:/cr: 1.000000000 0.000000000 0.000000000
A:/crcrc: 0.000000000 0.906237696 0.093762304
A:/crcrf: 0.000000000 0.449184652 0.550815348
A:/rc: 1.000000000 0.000000000 0.000000000
A:/rf: 0.205992824 0.323612121 0.470395055
A:/rr: 0.000000000 1.000000000 0.000000000
J:/cc: 0.000000000 1.000000000 0.000000000
J:/ccrcr: 0.000000000 0.701074495 0.298925505
J:/ccrfr: 0.000000000 0.843410839 0.156589161
J:/ccrrc: 0.000000000 0.260831087 0.739168913
J:/ccrrf: 0.000000000 0.637869224 0.362130776
J:/cr: 0.050184660 0.440441296 0.509374043
J:/crcrc: 0.000000000 0.710734977 0.289265023
J:/crcrf: 0.000000000 0.401390188 0.598609812
J:/rc: 0.653314638 0.315819049 0.030866313
J:/rf: 0.380243004 0.245286937 0.374470059
J:/rr: 0.000000000 0.328924846 0.671075154
K:/cc: 0.999891237 0.000108763 0.000000000
K:/ccrcr: 0.000000000 0.806177512 0.193822488
K:/ccrfr: 0.000000000 0.861076964 0.138923036
K:/ccrrc: 0.000000000 1.000000000 0.000000000
K:/ccrrf: 0.000000000 0.173327757 0.826672243
K:/cr: 0.206826482 0.793173518 0.000000000
K:/crcrc: 0.000000000 0.689654963 0.310345037
K:/crcrf: 0.000000000 0.439997715 0.560002285
K:/rc: 0.959985273 0.040014727 0.000000000
K:/rf: 0.268358842 0.253293031 0.478348127
K:/rr: 0.000000000 0.906019618 0.093980382
Q:/cc: 0.946671626 0.053328374 0.000000000
Q:/ccrcr: 0.000000000 0.743876789 0.256123211
Q:/ccrfr: 0.000000000 0.851803566 0.148196434
Q:/ccrrc: 0.000000000 1.000000000 0.000000000
Q:/ccrrf: 0.000000000 0.369280693 0.630719307
Q:/cr: 0.000055152 0.999944848 0.000000000
Q:/crcrc: 0.000000000 0.654674820 0.345325180
Q:/crcrf: 0.000000000 0.640021839 0.359978161
Q:/rc: 0.644986959 0.355013041 0.000000000
Q:/rf: 0.169551607 0.392819317 0.437629076
Q:/rr: 0.000000000 0.882606910 0.117393090
T:/cc: 0.000000000 1.000000000 0.000000000
T:/ccrcr: 0.000000000 0.507962013 0.492037987
T:/ccrfr: 0.000000000 0.799838056 0.200161944
T:/ccrrc: 0.000000000 0.296769368 0.703230632
T:/ccrrf: 0.000000000 0.217365492 0.782634508
T:/cr: 0.062976777 0.241756529 0.695266694
T:/crcrc: 0.000000000 0.099222289 0.900777711
T:/crcrf: 0.000000000 0.459249113 0.540750887
T:/rc: 0.130124526 0.424530550 0.445344924
T:/rf: 0.412454829 0.225211434 0.362333737
T:/rr: 0.000000000 0.513239846 0.486760154
