5:/: 0.116186499 0.883813501 0.000000000
5:/ccr: 0.121276498 0.000077615 0.878645887
5:/ccrcrc: 0.005792598 0.428556775 0.565650627
5:/ccrcrf: 0.144618344 0.639382706 0.215998950
5:/ccrcrr: 0.000000000 0.138109140 0.861890860
5:/ccrrcr: 0.000000000 0.503338432 0.496661568
5:/ccrrfr: 0.000000000 0.176781430 0.823218570
5:/ccrrrc: 0.000000000 0.547474484 0.452525516
5:/ccrrrf: 0.000000000 0.527061729 0.472938271
5:/crc: 0.000014135 0.000000000 0.999985865
5:/crcrcr: 0.000000000 0.999953105 0.000046895
5:/crcrfr: 0.000000000 0.142718376 0.857281624
5:/crcrrc: 0.000000000 0.463167739 0.536832261
5:/crcrrf: 0.000000000 0.647717742 0.352282258
5:/crf: 0.000531298 0.001278567 0.998190135
5:/crfrr: 0.000000000 0.000000000 1.000000000
5:/crr: 0.308598445 0.005956582 0.685444973
5:/crrcrc: 0.000000000 0.174671806 0.825328194
5:/crrcrf: 0.000000000 0.471294689 0.528705311
5:/rcr: 0.999793351 0.000000000 0.000206649
5:/rcrcrc: 0.000000000 0.465969310 0.534030690
5:/rcrcrf: 0.000000000 0.286959759 0.713040241
5:/rfr: 0.570031313 0.193415308 0.236553379
5:/rrc: 0.000000000 0.164258801 0.835741199
5:/rrf: 0.002041610 0.000103180 0.997855210
5:/rrr: 0.000000000 0.579804706 0.420195294
6:/: 0.110980460 0.889019540 0.000000000
6:/ccr: 0.378758571 0.023104144 0.598137285
6:/ccrcrc: 0.017468691 0.491982033 0.490549276
6:/ccrcrf: 0.367628460 0.202485690 0.429885849
6:/ccrcrr: 0.000000000 0.404080961 0.595919039
6:/ccrrcr: 0.000000000 0.126500123 0.873499877
6:/ccrrfr: 0.000000000 0.649336733 0.350663267
6:/ccrrrc: 0.000000000 0.394086147 0.605913853
6:/ccrrrf: 0.000000000 0.607982269 0.392017731
6:/crc: 0.000000000 0.000000000 1.000000000
6:/crcrcr: 0.000000000 0.700648726 0.299351274
6:/crcrfr: 0.000000000 0.053692593 0.946307407
6:/crcrrc: 0.000000000 0.588466510 0.411533490
6:/crcrrf: 0.000000000 0.412974751 0.587025249
6:/crf: 0.000319192 0.000792123 0.998888685
6:/crfrr: 0.000000000 0.000000000 1.000000000
6:/crr: 0.562319567 0.000259746 0.437420687
6:/crrcrc: 0.000000000 0.831966885 0.168033115
6:/crrcrf: 0.000000000 0.544390406 0.455609594
6:/rcr: 0.999747200 0.000000000 0.000252800
6:/rcrcrc: 0.000000000 0.636721109 0.363278891
6:/rcrcrf: 0.000000000 0.308897316 0.691102684
6:/rfr: 0.237263874 0.600763329 0.161972798
6:/rrc: 0.000000000 0.105955127 0.894044873
6:/rrf: 0.002041618 0.000103180 0.997855202
6:/rrr: 0.000000000 0.662946703 0.337053297
7:/: 0.489320062 0.510679938 0.000000000
7:/ccr: 0.000000000 0.000000000 1.000000000
7:/ccrcrc: 0.083200324 0.189322808 0.727476868
7:/ccrcrf: 0.066661576 0.206623828 0.726714596
7:/ccrcrr: 0.000000000 0.000003645 0.999996355
7:/ccrrcr: 0.000000000 0.853388321 0.146611679
7:/ccrrfr: 0.000000000 0.451630165 0.548369835
7:/ccrrrc: 0.000000000 0.137704893 0.862295107
7:/ccrrrf: 0.000000000 0.848157626 0.151842374
7:/crc: 0.000000000 0.000000000 1.000000000
7:/crcrcr: 0.000000000 0.999953459 0.000046541
7:/crcrfr: 0.000000000 0.600437800 0.399562200
7:/crcrrc: 0.000000000 0.499153253 0.500846747
7:/crcrrf: 0.000000000 0.484477752 0.515522248
7:/crf: 0.001274518 0.000272159 0.998453322
7:/crfrr: 0.000000000 0.000000000 1.000000000
7:/crr: 0.049976096 0.002066669 0.947957235
7:/crrcrc: 0.000000000 0.874479649 0.125520351
7:/crrcrf: 0.000000000 0.474143722 0.525856278
7:/rcr: 0.986110170 0.013561244 0.000328586
7:/rcrcrc: 0.000000000 0.227568336 0.772431664
7:/rcrcrf: 0.000000000 0.000000000 1.000000000
7:/rfr: 0.338419063 0.389910380 0.271670557
7:/rrc: 0.000000000 0.157212809 0.842787191
7:/rrf: 0.002040913 0.000103180 0.997855907
7:/rrr: 0.000000000 0.487298695 0.512701305
8:/: 0.001249705 0.998750295 0.000000000
8:/ccr: 0.407826420 0.017176947 0.574996633
8:/ccrcrc: 0.014712871 0.432260182 0.553026946
8:/ccrcrf: 0.486902860 0.347118520 0.165978620
8:/ccrcrr: 0.000000000 0.000003645 0.999996355
8:/ccrrcr: 0.000000000 0.268007754 0.731992246
8:/ccrrfr: 0.000000000 0.279359371 0.720640629
8:/ccrrrc: 0.000000000 0.070521528 0.929478472
8:/ccrrrf: 0.000000000 0.783072948 0.216927052
8:/crc: 0.000000000 0.000000000 1.000000000
8:/crcrcr: 0.000000000 0.999953045 0.000046955
8:/crcrfr: 0.000000000 0.506333222 0.493666778
8:/crcrrc: 0.000000000 0.099650886 0.900349114
8:/crcrrf: 0.000000000 0.472409179 0.527590821
8:/crf: 0.003919809 0.498338827 0.497741364
8:/crfrr: 0.000000000 0.000000000 1.000000000
8:/crr: 0.000000000 0.019043048 0.980956952
8:/crrcrc: 0.000000000 0.018639762 0.981360238
8:/crrcrf: 0.000000000 0.783575713 0.216424287
8:/rcr: 0.999495770 0.000000000 0.000504230
8:/rcrcrc: 0.000000000 0.139101551 0.860898449
8:/rcrcrf: 0.000000000 0.671228001 0.328771999
8:/rfr: 0.160557946 0.818702513 0.020739541
8:/rrc: 0.000000000 0.102475018 0.897524982
8:/rrf: 0.000000000 0.000000000 1.000000000
8:/rrr: 0.000000000 0.883583116 0.116416884
9:/: 0.000858879 0.999141121 0.000000000
9:/ccr: 0.678809857 0.000153796 0.321036347
9:/ccrcrc: 0.324778565 0.164260950 0.510960484
9:/ccrcrf: 0.453438853 0.245850803 0.300710344
9:/ccrcrr: 0.000000000 0.837802471 0.162197529
9:/ccrrcr: 0.000000000 0.689785132 0.310214868
9:/ccrrfr: 0.000000000 0.006190806 0.993809194
9:/ccrrrc: 0.000000000 0.356982420 0.643017580
9:/ccrrrf: 0.000000000 0.573699380 0.426300620
9:/crc: 0.000000000 0.000000000 1.000000000
9:/crcrcr: 0.000000000 0.999953052 0.000046948
9:/crcrfr: 0.000000000 0.283292861 0.716707139
9:/crcrrc: 0.000000000 0.335937196 0.664062804
9:/crcrrf: 0.000000000 0.620494944 0.379505056
9:/crf: 0.038240053 0.454599443 0.507160504
9:/crfrr: 0.000000000 0.000000000 1.000000000
9:/crr: 0.000000000 0.120637829 0.879362171
9:/crrcrc: 0.000000000 0.467134404 0.532865596
9:/crrcrf: 0.000000000 0.401171233 0.598828767
9:/rcr: 0.809765233 0.000083380 0.190151387
9:/rcrcrc: 0.000000000 0.205724044 0.794275956
9:/rcrcrf: 0.000000000 0.000000000 1.000000000
9:/rfr: 0.372000795 0.412731016 0.215268189
9:/rrc: 0.000000000 0.000000000 1.000000000
9:/rrf: 0.001336466 0.001681268 0.996982265
9:/rrr: 0.000000000 0.305455095 0.694544905
A:/: 0.350766200 0.649233800 0.000000000
A:/ccr: 0.945883131 0.054100807 0.000016062
A:/ccrcrc: 0.278357346 0.721471233 0.000171421
A:/ccrcrf: 0.341155056 0.436426883 0.222418061
A:/ccrcrr: 0.000000000 0.826127373 0.173872627
A:/ccrrcr: 0.000000000 0.937232482 0.062767518
A:/ccrrfr: 0.000000000 0.570030839 0.429969161
A:/ccrrrc: 0.000000000 0.478690946 0.521309054
A:/ccrrrf: 0.000000000 0.000067179 0.999932821
A:/crc: 0.169537375 0.830462625 0.000000000
A:/crcrcr: 0.000000000 0.951886693 0.048113307
A:/crcrfr: 0.000000000 0.173728747 0.826271253
A:/crcrrc: 0.000000000 0.933761259 0.066238741
A:/crcrrf: 0.000000000 0.834200321 0.165799679
A:/crf: 0.999934223 0.000065777 0.000000000
A:/crfrr: 0.000000000 0.897298640 0.102701360
A:/crr: 0.497846265 0.502153735 0.000000000
A:/crrcrc: 0.000000000 0.717994051 0.282005949
A:/crrcrf: 0.000000000 0.667453457 0.332546543
A:/rcr: 0.833057103 0.166942897 0.000000000
A:/rcrcrc: 0.000000000 1.000000000 0.000000000
A:/rcrcrf: 0.000000000 0.963899105 0.036100895
A:/rfr: 0.227340988 0.401888984 0.370770028
A:/rrc: 0.345747015 0.654252985 0.000000000
A:/rrf: 0.522626371 0.477196750 0.000176879
A:/rrr: 0.000000000 0.743366003 0.256633997
J:/: 0.000000000 1.000000000 0.000000000
J:/ccr: 0.235313892 0.000166551 0.764519557
J:/ccrcrc: 0.379885045 0.142441390 0.477673564
J:/ccrcrf: 0.306191615 0.348736581 0.345071804
J:/ccrcrr: 0.000000000 0.721322539 0.278677461
J:/ccrrcr: 0.000000000 0.462919968 0.537080032
J:/ccrrfr: 0.000000000 0.426949594 0.573050406
J:/ccrrrc: 0.000000000 0.480445256 0.519554744
J:/ccrrrf: 0.000000000 0.946384717 0.053615283
J:/crc: 0.000052427 0.000000000 0.999947573
J:/crcrcr: 0.000000000 0.999953474 0.000046526
J:/crcrfr: 0.000000000 0.083260135 0.916739865
J:/crcrrc: 0.000000000 0.542134982 0.457865018
J:/crcrrf: 0.000000000 0.959316750 0.040683250
J:/crf: 0.052933401 0.746140362 0.200926237
J:/crfrr: 0.000000000 0.000000000 1.000000000
J:/crr: 0.492072553 0.002873604 0.505053843
J:/crrcrc: 0.000000000 0.594478806 0.405521194
J:/crrcrf: 0.000000000 0.334852598 0.665147402
J:/rcr: 0.999615119 0.000000000 0.000384881
J:/rcrcrc: 0.000000000 0.045026692 0.954973308
J:/rcrcrf: 0.000000000 0.050239418 0.949760582
J:/rfr: 0.377658286 0.134165030 0.488176684
J:/rrc: 0.000000000 0.267516241 0.732483759
J:/rrf: 0.001343959 0.055165730 0.943490311
J:/rrr: 0.000000000 0.830414419 0.169585581
K:/: 0.999495325 0.000504675 0.000000000
K:/ccr: 0.972520599 0.027479401 0.000000000
K:/ccrcrc: 0.267032444 0.498079863 0.234887693
K:/ccrcrf: 0.487595583 0.408837655 0.103566761
K:/ccrcrr: 0.000000000 0.625565650 0.374434350
K:/ccrrcr: 0.000000000 0.508377674 0.491622326
K:/ccrrfr: 0.000000000 0.534129841 0.465870159
K:/ccrrrc: 0.000000000 0.838888430 0.161111570
K:/ccrrrf: 0.000000000 0.430377182 0.569622818
K:/crc: 0.000000000 0.987185151 0.012814849
K:/crcrcr: 0.000000000 0.352452685 0.647547315
K:/crcrfr: 0.000000000 0.349903935 0.650096065
K:/crcrrc: 0.000000000 0.733441846 0.266558154
K:/crcrrf: 0.000000000 0.608979210 0.391020790
K:/crf: 0.000622784 0.999377216 0.000000000
K:/crfrr: 0.000000000 0.000000000 1.000000000
K:/crr: 0.098761080 0.516926439 0.384312481
K:/crrcrc: 0.000000000 0.460341752 0.539658248
K:/crrcrf: 0.000000000 0.620312763 0.379687237
K:/rcr: 1.000000000 0.000000000 0.000000000
K:/rcrcrc: 0.000000000 0.352213679 0.647786321
K:/rcrcrf: 0.000000000 0.999915494 0.000084506
K:/rfr: 0.414620407 0.487931949 0.097447644
K:/rrc: 0.074434494 0.643027191 0.282538315
K:/rrf: 0.001405880 0.889460526 0.109133594
K:/rrr: 0.000000000 0.844356362 0.155643638
Q:/: 0.002401186 0.997598814 0.000000000
Q:/ccr: 0.200153286 0.000173236 0.799673478
Q:/ccrcrc: 0.000159997 0.417204709 0.582635295
Q:/ccrcrf: 0.205973754 0.457589952 0.336436294
Q:/ccrcrr: 0.000000000 0.646326117 0.353673883
Q:/ccrrcr: 0.000000000 0.415458898 0.584541102
Q:/ccrrfr: 0.000000000 0.021598024 0.978401976
Q:/ccrrrc: 0.000000000 0.601288486 0.398711514
Q:/ccrrrf: 0.000000000 0.280868802 0.719131198
Q:/crc: 0.000000000 0.000000000 1.000000000
Q:/crcrcr: 0.000000000 1.000000000 0.000000000
Q:/crcrfr: 0.000000000 0.961322731 0.038677269
Q:/crcrrc: 0.000000000 0.913485592 0.086514408
Q:/crcrrf: 0.000000000 0.704439000 0.295561000
Q:/crf: 0.001371019 0.994582428 0.004046553
Q:/crfrr: 0.000000000 0.000000000 1.000000000
Q:/crr: 0.425789340 0.000124753 0.574085907
Q:/crrcrc: 0.000000000 0.555428315 0.444571685
Q:/crrcrf: 0.000000000 0.480893396 0.519106604
Q:/rcr: 0.999975479 0.000000000 0.000024521
Q:/rcrcrc: 0.000000000 0.381344509 0.618655491
Q:/rcrcrf: 0.000000000 0.673707667 0.326292333
Q:/rfr: 0.109936109 0.403477482 0.486586410
Q:/rrc: 0.000000000 0.244476954 0.755523046
Q:/rrf: 0.001340813 0.992576736 0.006082451
Q:/rrr: 0.000000000 0.619370245 0.380629755
T:/: 0.000675630 0.999324370 0.000000000
T:/ccr: 0.436190761 0.000184337 0.563624902
T:/ccrcrc: 0.014592009 0.623613186 0.361794805
T:/ccrcrf: 0.222662758 0.459055235 0.318282008
T:/ccrcrr: 0.000000000 0.690550183 0.309449817
T:/ccrrcr: 0.000000000 0.987379691 0.012620309
T:/ccrrfr: 0.000000000 0.823433595 0.176566405
T:/ccrrrc: 0.000000000 0.895602496 0.104397504
T:/ccrrrf: 0.000000000 0.430194463 0.569805537
T:/crc: 0.000000000 0.000000000 1.000000000
T:/crcrcr: 0.000000000 0.999953348 0.000046652
T:/crcrfr: 0.000000000 0.298962804 0.701037196
T:/crcrrc: 0.000000000 0.725924546 0.274075454
T:/crcrrf: 0.000000000 0.619232603 0.380767397
T:/crf: 0.037374141 0.821080218 0.141545642
T:/crfrr: 0.000000000 0.000000000 1.000000000
T:/crr: 0.261065449 0.071941588 0.666992963
T:/crrcrc: 0.000000000 0.636665559 0.363334441
T:/crrcrf: 0.000000000 0.947661656 0.052338344
T:/rcr: 0.569489306 0.000000000 0.430510694
T:/rcrcrc: 0.000000000 0.278501180 0.721498820
T:/rcrcrf: 0.000000000 0.560545352 0.439454648
T:/rfr: 0.348352081 0.177845128 0.473802791
T:/rrc: 0.000000000 0.033062705 0.966937295
T:/rrf: 0.001327383 0.001661524 0.997011093
T:/rrr: 0.000000000 0.540304706 0.459695294
