5:/c: 0.281449920 0.718550080 0.000000000
5:/ccrc: 0.000000000 0.000000000 1.000000000
5:/ccrcrcr: 0.000000000 0.433159798 0.566840202
5:/ccrcrfr: 0.000000000 0.781394088 0.218605912
5:/ccrcrrc: 0.000000000 0.000000000 1.000000000
5:/ccrcrrf: 0.000000000 0.000000000 1.000000000
5:/ccrf: 0.000000000 0.000000000 1.000000000
5:/ccrfrr: 0.000000000 0.000000000 1.000000000
5:/ccrr: 0.000000000 0.000000000 1.000000000
5:/ccrrcrc: 0.000000000 0.000000000 1.000000000
5:/ccrrcrf: 0.000000000 0.000000000 1.000000000
5:/crcr: 0.000000000 0.000000000 1.000000000
5:/crcrcrc: 0.000000000 0.184350949 0.815649051
5:/crcrcrf: 0.000000000 0.230388326 0.769611674
5:/crfr: 0.001486917 0.000000000 0.998513083
5:/crrc: 0.000000000 0.000000000 1.000000000
5:/crrf: 0.000118937 0.000000000 0.999881063
5:/crrr: 0.000000000 0.000000000 1.000000000
5:/r: 0.000188423 0.000000000 0.999811577
5:/rcrc: 0.032937477 0.387352818 0.579709706
5:/rcrf: 0.237280673 0.225882200 0.536837127
5:/rcrr: 0.000000000 0.000000000 1.000000000
5:/rrcr: 0.000000000 0.000000000 1.000000000
5:/rrfr: 0.000000000 0.000000000 1.000000000
5:/rrrc: 0.000000000 0.196774694 0.803225306
5:/rrrf: 0.000000000 0.082267937 0.917732063
6:/c: 0.162327910 0.837672090 0.000000000
6:/ccrc: 0.000000000 0.000000000 1.000000000
6:/ccrcrcr: 0.000000000 0.459314107 0.540685893
6:/ccrcrfr: 0.000000000 0.423503740 0.576496260
6:/ccrcrrc: 0.000000000 0.199836751 0.800163249
6:/ccrcrrf: 0.000000000 0.318566484 0.681433516
6:/ccrf: 0.000403918 0.000000000 0.999596082
6:/ccrfrr: 0.000000000 0.000000000 1.000000000
6:/ccrr: 0.000000000 0.000000000 1.000000000
6:/ccrrcrc: 0.000000000 0.000000000 1.000000000
6:/ccrrcrf: 0.000000000 0.700596255 0.299403745
6:/crcr: 0.000000000 0.079537772 0.920462228
6:/crcrcrc: 0.000000000 0.300325403 0.699674597
6:/crcrcrf: 0.000000000 0.644192315 0.355807685
6:/crfr: 0.001486942 0.000000000 0.998513058
6:/crrc: 0.000000000 0.082711095 0.917288905
6:/crrf: 0.000134757 0.000000000 0.999865243
6:/crrr: 0.000000000 0.000000000 1.000000000
6:/r: 0.000203011 0.000000000 0.999796989
6:/rcrc: 0.000000000 0.067808465 0.932191535
6:/rcrf: 0.239145895 0.294209988 0.466644117
6:/rcrr: 0.000000000 0.000000000 1.000000000
6:/rrcr: 0.000000000 0.506149974 0.493850026
6:/rrfr: 0.000000000 0.000000000 1.000000000
6:/rrrc: 0.000000000 0.031890638 0.968109362
6:/rrrf: 0.000000000 0.000000000 1.000000000
7:/c: 0.266088889 0.733911111 0.000000000
7:/ccrc: 0.000000000 0.000000000 1.000000000
7:/ccrcrcr: 0.000000000 0.235106339 0.764893661
7:/ccrcrfr: 0.000000000 0.693234553 0.306765447
7:/ccrcrrc: 0.000000000 0.590505179 0.409494821
7:/ccrcrrf: 0.000000000 0.489910009 0.510089991
7:/ccrf: 0.000000000 0.000000000 1.000000000
7:/ccrfrr: 0.000000000 0.000000000 1.000000000
7:/ccrr: 0.000000000 0.000000000 1.000000000
7:/ccrrcrc: 0.000000000 0.000000000 1.000000000
7:/ccrrcrf: 0.000000000 0.000264800 0.999735200
7:/crcr: 0.000000000 0.000000000 1.000000000
7:/crcrcrc: 0.000000000 0.262140951 0.737859049
7:/crcrcrf: 0.000000000 0.614550721 0.385449279
7:/crfr: 0.001486628 0.000000000 0.998513372
7:/crrc: 0.000000000 0.145337574 0.854662426
7:/crrf: 0.000132312 0.000000000 0.999867688
7:/crrr: 0.000000000 0.000000000 1.000000000
7:/r: 0.000000000 0.000000000 1.000000000
7:/rcrc: 0.357453327 0.000000000 0.642546673
7:/rcrf: 0.343217895 0.000264008 0.656518096
7:/rcrr: 0.000000000 0.000000000 1.000000000
7:/rrcr: 0.000000000 0.074695625 0.925304375
7:/rrfr: 0.000000000 0.000000000 1.000000000
7:/rrrc: 0.000000000 0.488973100 0.511026900
7:/rrrf: 0.000000000 0.462055826 0.537944174
8:/c: 0.001002897 0.998997103 0.000000000
8:/ccrc: 0.000000000 0.000000000 1.000000000
8:/ccrcrcr: 0.000000000 0.081821647 0.918178353
8:/ccrcrfr: 0.000000000 0.483848303 0.516151697
8:/ccrcrrc: 0.000000000 0.456488302 0.543511698
8:/ccrcrrf: 0.000000000 0.641276110 0.358723890
8:/ccrf: 0.024936060 0.490883705 0.484180235
8:/ccrfrr: 0.000000000 0.000000000 1.000000000
8:/ccrr: 0.000000000 0.000000000 1.000000000
8:/ccrrcrc: 0.000000000 0.000000000 1.000000000
8:/ccrrcrf: 0.000000000 0.230324520 0.769675480
8:/crcr: 0.000000000 0.093208947 0.906791053
8:/crcrcrc: 0.000000000 0.362685713 0.637314287
8:/crcrcrf: 0.000000000 0.718491879 0.281508121
8:/crfr: 0.000408350 0.000000000 0.999591650
8:/crrc: 0.000000000 0.333868859 0.666131141
8:/crrf: 0.000000000 0.000000000 1.000000000
8:/crrr: 0.000000000 0.000000000 1.000000000
8:/r: 0.077299275 0.060200073 0.862500652
8:/rcrc: 0.000000000 0.403389974 0.596610026
8:/rcrf: 0.351575771 0.473521335 0.174902894
8:/rcrr: 0.000000000 0.000000000 1.000000000
8:/rrcr: 0.000000000 0.000000000 1.000000000
8:/rrfr: 0.000000000 0.000000000 1.000000000
8:/rrrc: 0.000000000 0.000000000 1.000000000
8:/rrrf: 0.000000000 0.173643202 0.826356798
9:/c: 0.001764466 0.998235534 0.000000000
9:/ccrc: 0.000000000 0.000000000 1.000000000
9:/ccrcrcr: 0.000000000 0.620908921 0.379091079
9:/ccrcrfr: 0.000000000 1.000000000 0.000000000
9:/ccrcrrc: 0.000000000 0.428163450 0.571836550
9:/ccrcrrf: 0.000000000 0.357769903 0.642230097
9:/ccrf: 0.002215254 0.452783692 0.545001054
9:/ccrfrr: 0.000000000 0.000000000 1.000000000
9:/ccrr: 0.000000000 0.000000000 1.000000000
9:/ccrrcrc: 0.000000000 0.000000000 1.000000000
9:/ccrrcrf: 0.000000000 0.347293802 0.652706198
9:/crcr: 0.000000000 0.000000000 1.000000000
9:/crcrcrc: 0.000000000 0.197383601 0.802616399
9:/crcrcrf: 0.000000000 0.587661091 0.412338909
9:/crfr: 0.001464990 0.000008598 0.998526412
9:/crrc: 0.000000000 0.129647641 0.870352359
9:/crrf: 0.000000000 0.000000000 1.000000000
9:/crrr: 0.000000000 0.000000000 1.000000000
9:/r: 0.001066584 0.271132556 0.727800860
9:/rcrc: 0.000000000 0.056859334 0.943140666
9:/rcrf: 0.127879952 0.613154326 0.258965722
9:/rcrr: 0.000000000 0.000068725 0.999931275
9:/rrcr: 0.000000000 0.200513751 0.799486249
9:/rrfr: 0.000000000 0.000000000 1.000000000
9:/rrrc: 0.000000000 0.094979974 0.905020026
9:/rrrf: 0.000000000 0.285764593 0.714235407
A:/c: 0.857477300 0.142522700 0.000000000
A:/ccrc: 1.000000000 0.000000000 0.000000000
A:/ccrcrcr: 0.000000000 0.983894091 0.016105909
A:/ccrcrfr: 0.000000000 1.000000000 0.000000000
A:/ccrcrrc: 0.000000000 1.000000000 0.000000000
A:/ccrcrrf: 0.000000000 1.000000000 0.000000000
A:/ccrf: 1.000000000 0.000000000 0.000000000
A:/ccrfrr: 0.000000000 1.000000000 0.000000000
A:/ccrr: 0.999675648 0.000324352 0.000000000
A:/ccrrcrc: 0.000000000 1.000000000 0.000000000
A:/ccrrcrf: 0.000000000 1.000000000 0.000000000
A:/crcr: 0.387145122 0.612854878 0.000000000
A:/crcrcrc: 0.000000000 0.940607948 0.059392052
A:/crcrcrf: 0.000000000 0.650378862 0.349621138
A:/crfr: 0.532743733 0.467256267 0.000000000
A:/crrc: 0.560711929 0.439288071 0.000000000
A:/crrf: 0.242445476 0.757554524 0.000000000
A:/crrr: 0.000000000 1.000000000 0.000000000
A:/r: 0.397928179 0.602071821 0.000000000
A:/rcrc: 0.738089692 0.261910308 0.000000000
A:/rcrf: 0.608381412 0.391618588 0.000000000
A:/rcrr: 0.000000000 1.000000000 0.000000000
A:/rrcr: 0.000000000 0.893381123 0.106618877
A:/rrfr: 0.000000000 1.000000000 0.000000000
A:/rrrc: 0.000000000 1.000000000 0.000000000
A:/rrrf: 0.000000000 0.993742154 0.006257846
J:/c: 0.000000000 1.000000000 0.000000000
J:/ccrc: 0.019115720 0.081668411 0.899215869
J:/ccrcrcr: 0.000000000 0.884048306 0.115951694
J:/ccrcrfr: 0.000000000 0.569362489 0.430637511
J:/ccrcrrc: 0.000000000 0.298341692 0.701658308
J:/ccrcrrf: 0.000000000 0.683711182 0.316288818
J:/ccrf: 0.000663971 0.694856580 0.304479449
J:/ccrfrr: 0.000000000 0.000000000 1.000000000
J:/ccrr: 0.045981918 0.000000000 0.954018082
J:/ccrrcrc: 0.000000000 0.718701328 0.281298672
J:/ccrrcrf: 0.000000000 0.658309700 0.341690300
J:/crcr: 0.000000000 0.000000000 1.000000000
J:/crcrcrc: 0.000000000 0.111683178 0.888316822
J:/crcrcrf: 0.000000000 0.920893013 0.079106987
J:/crfr: 0.001361601 0.020092494 0.978545905
J:/crrc: 0.000000000 0.267300466 0.732699534
J:/crrf: 0.000023918 0.066517094 0.933458988
J:/crrr: 0.000000000 0.000000000 1.000000000
J:/r: 0.001017114 0.525586473 0.473396413
J:/rcrc: 0.001545929 0.126049190 0.872404881
J:/rcrf: 0.292232490 0.379334097 0.328433413
J:/rcrr: 0.000000000 0.173803587 0.826196413
J:/rrcr: 0.000000000 0.564787550 0.435212450
J:/rrfr: 0.000000000 0.000000000 1.000000000
J:/rrrc: 0.000000000 0.205320117 0.794679883
J:/rrrf: 0.000000000 0.000000000 1.000000000
K:/c: 0.714228730 0.285771270 0.000000000
K:/ccrc: 0.017124146 0.982875854 0.000000000
K:/ccrcrcr: 0.000000000 0.977596777 0.022403223
K:/ccrcrfr: 0.000000000 1.000000000 0.000000000
K:/ccrcrrc: 0.000000000 0.719681712 0.280318288
K:/ccrcrrf: 0.000000000 0.999993872 0.000006128
K:/ccrf: 0.000000000 1.000000000 0.000000000
K:/ccrfrr: 0.000000000 1.000000000 0.000000000
K:/ccrr: 1.000000000 0.000000000 0.000000000
K:/ccrrcrc: 0.000000000 1.000000000 0.000000000
K:/ccrrcrf: 0.000000000 1.000000000 0.000000000
K:/crcr: 0.039931144 0.284641471 0.675427386
K:/crcrcrc: 0.000000000 0.204424468 0.795575532
K:/crcrcrf: 0.000000000 0.715844096 0.284155904
K:/crfr: 0.001649893 0.838905499 0.159444608
K:/crrc: 0.063591819 0.663873328 0.272534853
K:/crrf: 0.000059713 0.959408726 0.040531561
K:/crrr: 0.000000000 0.291315653 0.708684347
K:/r: 0.000000000 1.000000000 0.000000000
K:/rcrc: 0.236491186 0.426808301 0.336700512
K:/rcrf: 0.482145121 0.517854833 0.000000046
K:/rcrr: 0.000000000 1.000000000 0.000000000
K:/rrcr: 0.000000000 0.472609535 0.527390465
K:/rrfr: 0.000000000 0.000000000 1.000000000
K:/rrrc: 0.000000000 0.681330491 0.318669509
K:/rrrf: 0.000000000 0.238912260 0.761087740
Q:/c: 0.839105402 0.160894598 0.000000000
Q:/ccrc: 0.009853584 0.828061090 0.162085325
Q:/ccrcrcr: 0.000000000 0.590223400 0.409776600
Q:/ccrcrfr: 0.000000000 0.990210817 0.009789183
Q:/ccrcrrc: 0.000000000 0.496103627 0.503896373
Q:/ccrcrrf: 0.000000000 0.999201737 0.000798263
Q:/ccrf: 0.000000000 0.999846726 0.000153274
Q:/ccrfrr: 0.000000000 0.000000000 1.000000000
Q:/ccrr: 0.000174761 0.000000000 0.999825239
Q:/ccrrcrc: 0.000000000 0.981607696 0.018392304
Q:/ccrrcrf: 0.000000000 0.894495390 0.105504610
Q:/crcr: 0.000000000 0.491750107 0.508249893
Q:/crcrcrc: 0.000000000 0.059645073 0.940354927
Q:/crcrcrf: 0.000000000 0.261521958 0.738478042
Q:/crfr: 0.001575889 0.652651019 0.345773093
Q:/crrc: 0.086897887 0.126907152 0.786194961
Q:/crrf: 0.000022655 0.508251560 0.491725785
Q:/crrr: 0.000000000 0.168669736 0.831330264
Q:/r: 0.000000000 0.999911863 0.000088137
Q:/rcrc: 0.039451128 0.293137705 0.667411167
Q:/rcrf: 0.375212328 0.598351086 0.026436586
Q:/rcrr: 0.000000000 0.206862157 0.793137843
Q:/rrcr: 0.000000000 0.442650746 0.557349254
Q:/rrfr: 0.000000000 0.000000000 1.000000000
Q:/rrrc: 0.000000000 0.556458874 0.443541126
Q:/rrrf: 0.000000000 0.306807340 0.693192660
T:/c: 0.000000000 1.000000000 0.000000000
T:/ccrc: 0.000000000 0.000000000 1.000000000
T:/ccrcrcr: 0.000000000 0.535797772 0.464202228
T:/ccrcrfr: 0.000000000 0.645111478 0.354888522
T:/ccrcrrc: 0.000000000 0.457090163 0.542909837
T:/ccrcrrf: 0.000000000 0.780917015 0.219082985
T:/ccrf: 0.000711943 0.487172145 0.512115912
T:/ccrfrr: 0.000000000 0.000000000 1.000000000
T:/ccrr: 0.000191474 0.000000000 0.999808526
T:/ccrrcrc: 0.000000000 0.121432268 0.878567732
T:/ccrrcrf: 0.000000000 0.521714250 0.478285750
T:/crcr: 0.000000000 0.000000000 1.000000000
T:/crcrcrc: 0.000000000 0.430598794 0.569401206
T:/crcrcrf: 0.000000000 0.782317307 0.217682693
T:/crfr: 0.001415389 0.000066088 0.998518523
T:/crrc: 0.044833256 0.000000000 0.955166744
T:/crrf: 0.000019136 0.001814287 0.998166577
T:/crrr: 0.000000000 0.000000000 1.000000000
T:/r: 0.001032319 0.281963513 0.717004168
T:/rcrc: 0.000351256 0.563229151 0.436419593
T:/rcrf: 0.353138803 0.398748224 0.248112972
T:/rcrr: 0.000000000 0.000076598 0.999923402
T:/rrcr: 0.000000000 0.000000000 1.000000000
T:/rrfr: 0.000000000 0.000000000 1.000000000
T:/rrrc: 0.000000000 0.410197958 0.589802042
T:/rrrf: 0.000000000 0.195379883 0.804620117
