5:/cc: 0.295314187 0.704685813 0.000000000
5:/ccrcr: 0.136708486 0.537410717 0.325880796
5:/ccrcrcrc: 0.000000000 0.429967356 0.570032644
5:/ccrcrcrf: 0.000000000 0.407381472 0.592618528
5:/ccrfr: 0.034398742 0.053121086 0.912480172
5:/ccrrc: 0.001665372 0.419418078 0.578916551
5:/ccrrf: 0.300018133 0.364282342 0.335699525
5:/ccrrr: 0.000000000 0.000184892 0.999815108
5:/cr: 0.000211632 0.000940923 0.998847445
5:/crcrc: 0.819990919 0.066879853 0.113129228
5:/crcrf: 0.322977848 0.368469072 0.308553080
5:/crcrr: 0.000000000 0.549354977 0.450645023
5:/crrcr: 0.000000000 0.214476648 0.785523352
5:/crrfr: 0.000000000 0.000000000 1.000000000
5:/crrrc: 0.000000000 0.000000000 1.000000000
5:/crrrf: 0.000000000 0.516943210 0.483056790
5:/rc: 0.154039762 0.008815813 0.837144425
5:/rcrcr: 0.000000000 1.000000000 0.000000000
5:/rcrfr: 0.000000000 0.419831024 0.580168976
5:/rcrrc: 0.000000000 0.228717717 0.771282283
5:/rcrrf: 0.000000000 0.287237086 0.712762914
5:/rf: 0.450496059 0.388013557 0.161490384
5:/rfrr: 0.000000000 0.933103555 0.066896445
5:/rr: 0.000050241 0.000041716 0.999908043
5:/rrcrc: 0.000000000 0.531063832 0.468936168
5:/rrcrf: 0.000000000 0.227446203 0.772553797
6:/cc: 0.003244092 0.996755908 0.000000000
6:/ccrcr: 0.392453092 0.607546908 0.000000000
6:/ccrcrcrc: 0.000000000 0.572140203 0.427859797
6:/ccrcrcrf: 0.000000000 0.489060702 0.510939298
6:/ccrfr: 0.053456178 0.039525583 0.907018238
6:/ccrrc: 0.251084685 0.213329967 0.535585349
6:/ccrrf: 0.258615859 0.667130279 0.074253862
6:/ccrrr: 0.000000000 0.047407142 0.952592858
6:/cr: 0.000000000 0.000547565 0.999452435
6:/crcrc: 0.000000000 0.768642581 0.231357419
6:/crcrf: 0.161456422 0.441717755 0.396825822
6:/crcrr: 0.000000000 0.457352581 0.542647419
6:/crrcr: 0.000000000 0.173979932 0.826020068
6:/crrfr: 0.000000000 0.000000000 1.000000000
6:/crrrc: 0.000000000 0.000000000 1.000000000
6:/crrrf: 0.000000000 0.108480219 0.891519781
6:/rc: 0.204195409 0.049576572 0.746228019
6:/rcrcr: 0.000000000 0.456568830 0.543431170
6:/rcrfr: 0.000000000 0.939855369 0.060144631
6:/rcrrc: 0.000000000 0.000044993 0.999955007
6:/rcrrf: 0.000000000 0.042579040 0.957420960
6:/rf: 0.394689016 0.109280415 0.496030569
6:/rfrr: 0.000000000 0.061111183 0.938888817
6:/rr: 0.000054289 0.000037471 0.999908240
6:/rrcrc: 0.000000000 0.930508680 0.069491320
6:/rrcrf: 0.000000000 0.674231099 0.325768901
7:/cc: 0.384918719 0.615081281 0.000000000
7:/ccrcr: 0.374110880 0.577857659 0.048031461
7:/ccrcrcrc: 0.000000000 0.239236898 0.760763102
7:/ccrcrcrf: 0.000000000 0.468891227 0.531108773
7:/ccrfr: 0.247108310 0.219703953 0.533187736
7:/ccrrc: 0.127631583 0.294452900 0.577915517
7:/ccrrf: 0.004831835 0.775653743 0.219514423
7:/ccrrr: 0.000000000 0.000154886 0.999845114
7:/cr: 0.000792638 0.000000000 0.999207362
7:/crcrc: 0.620884429 0.250678823 0.128436748
7:/crcrf: 0.379226319 0.350921294 0.269852387
7:/crcrr: 0.000000000 0.261718411 0.738281589
7:/crrcr: 0.000000000 0.290279269 0.709720731
7:/crrfr: 0.000000000 0.000000000 1.000000000
7:/crrrc: 0.000000000 0.000000000 1.000000000
7:/crrrf: 0.000000000 0.338439542 0.661560458
7:/rc: 0.000240037 0.465094527 0.534665436
7:/rcrcr: 0.000000000 0.963754387 0.036245613
7:/rcrfr: 0.000000000 0.420112132 0.579887868
7:/rcrrc: 0.000000000 0.295710248 0.704289752
7:/rcrrf: 0.000000000 0.215978512 0.784021488
7:/rf: 0.193452309 0.302103980 0.504443711
7:/rfrr: 0.000000000 0.485219566 0.514780434
7:/rr: 0.000000000 0.000012779 0.999987221
7:/rrcrc: 0.000000000 0.359906611 0.640093389
7:/rrcrf: 0.000000000 0.510319814 0.489680186
8:/cc: 0.000081323 0.999918677 0.000000000
8:/ccrcr: 0.086521006 0.818906944 0.094572051
8:/ccrcrcrc: 0.000000000 0.848116795 0.151883205
8:/ccrcrcrf: 0.000000000 0.253986609 0.746013391
8:/ccrfr: 0.024448519 0.059390100 0.916161381
8:/ccrrc: 0.024535151 0.318143430 0.657321420
8:/ccrrf: 0.401734525 0.086142734 0.512122742
8:/ccrrr: 0.000000000 0.000227453 0.999772547
8:/cr: 0.131567366 0.000000000 0.868432634
8:/crcrc: 0.000000000 0.072633259 0.927366741
8:/crcrf: 0.110877255 0.423934786 0.465187959
8:/crcrr: 0.000000000 0.268021091 0.731978909
8:/crrcr: 0.000000000 0.151439268 0.848560732
8:/crrfr: 0.000000000 0.000000000 1.000000000
8:/crrrc: 0.000000000 0.000000000 1.000000000
8:/crrrf: 0.000000000 0.640502890 0.359497110
8:/rc: 0.086521041 0.000220153 0.913258806
8:/rcrcr: 0.000000000 0.568568643 0.431431357
8:/rcrfr: 0.000000000 0.154099805 0.845900195
8:/rcrrc: 0.000000000 0.192171666 0.807828334
8:/rcrrf: 0.000000000 0.592978025 0.407021975
8:/rf: 0.632270247 0.011556364 0.356173389
8:/rfrr: 0.000000000 0.661489440 0.338510560
8:/rr: 0.000000000 0.000000000 1.000000000
8:/rrcrc: 0.000000000 0.575964052 0.424035948
8:/rrcrf: 0.000000000 0.582711006 0.417288994
9:/cc: 0.000549942 0.999450058 0.000000000
9:/ccrcr: 0.206350954 0.620658782 0.172990264
9:/ccrcrcrc: 0.000000000 0.202566731 0.797433269
9:/ccrcrcrf: 0.000000000 0.503155209 0.496844791
9:/ccrfr: 0.000325235 0.046631130 0.953043635
9:/ccrrc: 0.079686785 0.406586038 0.513727177
9:/ccrrf: 0.239066222 0.320873933 0.440059846
9:/ccrrr: 0.000000000 0.605858230 0.394141770
9:/cr: 0.079208013 0.000000000 0.920791987
9:/crcrc: 0.000000000 0.419670047 0.580329953
9:/crcrf: 0.054059258 0.583107935 0.362832807
9:/crcrr: 0.000000000 0.085509703 0.914490297
9:/crrcr: 0.000000000 0.507792899 0.492207101
9:/crrfr: 0.000000000 0.000000000 1.000000000
9:/crrrc: 0.000000000 0.000000000 1.000000000
9:/crrrf: 0.000000000 0.425981252 0.574018748
9:/rc: 0.106745654 0.000269811 0.892984534
9:/rcrcr: 0.000000000 0.984084841 0.015915159
9:/rcrfr: 0.000000000 0.478308256 0.521691744
9:/rcrrc: 0.000000000 0.403275373 0.596724627
9:/rcrrf: 0.000000000 0.029433324 0.970566676
9:/rf: 0.214464806 0.583456792 0.202078402
9:/rfrr: 0.000000000 0.599628749 0.400371251
9:/rr: 0.000000000 0.000270765 0.999729235
9:/rrcrc: 0.000000000 0.859818318 0.140181682
9:/rrcrf: 0.000000000 0.463755215 0.536244785
A:/cc: 1.000000000 0.000000000 0.000000000
A:/ccrcr: 0.325820396 0.648945979 0.025233625
A:/ccrcrcrc: 0.000000000 0.618591653 0.381408347
A:/ccrcrcrf: 0.000000000 0.441390959 0.558609041
A:/ccrfr: 0.643158987 0.355887945 0.000953068
A:/ccrrc: 0.874480536 0.124982352 0.000537113
A:/ccrrf: 0.071696345 0.333868568 0.594435087
A:/ccrrr: 0.000000000 0.999589580 0.000410420
A:/cr: 0.999726857 0.000273143 0.000000000
A:/crcrc: 0.413122349 0.165679185 0.421198465
A:/crcrf: 0.391908327 0.599268649 0.008823024
A:/crcrr: 0.000000000 0.422871304 0.577128696
A:/crrcr: 0.000000000 0.992393878 0.007606122
A:/crrfr: 0.000000000 0.887156889 0.112843111
A:/crrrc: 0.000000000 1.000000000 0.000000000
A:/crrrf: 0.000000000 0.486229864 0.513770136
A:/rc: 0.846771018 0.153160323 0.000068659
A:/rcrcr: 0.000000000 0.222920023 0.777079977
A:/rcrfr: 0.000000000 0.959162713 0.040837287
A:/rcrrc: 0.000000000 1.000000000 0.000000000
A:/rcrrf: 0.000000000 0.809979906 0.190020094
A:/rf: 0.451331506 0.368500876 0.180167618
A:/rfrr: 0.000000000 0.225924347 0.774075653
A:/rr: 0.339924981 0.660052270 0.000022749
A:/rrcrc: 0.000000000 0.624199721 0.375800279
A:/rrcrf: 0.000000000 0.628386912 0.371613088
J:/cc: 0.041884335 0.958115665 0.000000000
J:/ccrcr: 0.285042085 0.617064201 0.097893714
J:/ccrcrcrc: 0.000000000 0.525032633 0.474967367
J:/ccrcrcrf: 0.000000000 0.934675073 0.065324927
J:/ccrfr: 0.503514922 0.187363319 0.309121759
J:/ccrrc: 0.223723640 0.465162089 0.311114270
J:/ccrrf: 0.459194157 0.400510959 0.140294884
J:/ccrrr: 0.000000000 0.212665465 0.787334535
J:/cr: 0.000557805 0.000037248 0.999404947
J:/crcrc: 0.463871801 0.397475917 0.138652282
J:/crcrf: 0.226497309 0.224601795 0.548900895
J:/crcrr: 0.000000000 0.465409273 0.534590727
J:/crrcr: 0.000000000 0.000000000 1.000000000
J:/crrfr: 0.000000000 0.000000000 1.000000000
J:/crrrc: 0.000000000 0.000000000 1.000000000
J:/crrrf: 0.000000000 0.511263467 0.488736533
J:/rc: 0.000295856 0.117192632 0.882511511
J:/rcrcr: 0.000000000 0.682490311 0.317509689
J:/rcrfr: 0.000000000 0.424856309 0.575143691
J:/rcrrc: 0.000000000 0.010276523 0.989723477
J:/rcrrf: 0.000000000 0.716317588 0.283682412
J:/rf: 0.244475965 0.297614975 0.457909060
J:/rfrr: 0.000000000 0.412555671 0.587444329
J:/rr: 0.000000000 0.000269005 0.999730995
J:/rrcrc: 0.000000000 0.846342033 0.153657967
J:/rrcrf: 0.000000000 0.438722234 0.561277766
K:/cc: 1.000000000 0.000000000 0.000000000
K:/ccrcr: 0.553032610 0.306550625 0.140416765
K:/ccrcrcrc: 0.000000000 0.999523416 0.000476584
K:/ccrcrcrf: 0.000000000 0.476041516 0.523958484
K:/ccrfr: 0.214227418 0.485569263 0.300203319
K:/ccrrc: 0.438194080 0.561278207 0.000527713
K:/ccrrf: 0.235962044 0.127427292 0.636610665
K:/ccrrr: 0.000000000 0.924662748 0.075337252
K:/cr: 0.000000000 1.000000000 0.000000000
K:/crcrc: 0.392804162 0.108714846 0.498480992
K:/crcrf: 0.164326430 0.305604985 0.530068585
K:/crcrr: 0.000000000 0.269719437 0.730280563
K:/crrcr: 0.000000000 0.348738330 0.651261670
K:/crrfr: 0.000000000 0.000000000 1.000000000
K:/crrrc: 0.000000000 0.000000000 1.000000000
K:/crrrf: 0.000000000 0.590545926 0.409454074
K:/rc: 0.118460846 0.881231304 0.000307850
K:/rcrcr: 0.000000000 0.237357191 0.762642809
K:/rcrfr: 0.000000000 0.738780784 0.261219216
K:/rcrrc: 0.000000000 0.084837141 0.915162859
K:/rcrrf: 0.000000000 0.503370065 0.496629935
K:/rf: 0.442078706 0.259033883 0.298887411
K:/rfrr: 0.000000000 0.895596832 0.104403168
K:/rr: 0.000095814 0.468914728 0.530989459
K:/rrcrc: 0.000000000 0.677781638 0.322218362
K:/rrcrf: 0.000000000 0.439727618 0.560272382
Q:/cc: 0.369097911 0.630902089 0.000000000
Q:/ccrcr: 0.249526327 0.614130812 0.136342861
Q:/ccrcrcrc: 0.000000000 0.384719101 0.615280899
Q:/ccrcrcrf: 0.000000000 0.510322244 0.489677756
Q:/ccrfr: 0.291470958 0.200090865 0.508438177
Q:/ccrrc: 0.448391717 0.547021988 0.004586295
Q:/ccrrf: 0.438315652 0.330617575 0.231066773
Q:/ccrrr: 0.000000000 0.548990757 0.451009243
Q:/cr: 0.000000000 0.714583085 0.285416915
Q:/crcrc: 0.426770609 0.179385396 0.393843995
Q:/crcrf: 0.421835994 0.144005302 0.434158704
Q:/crcrr: 0.000000000 0.339154114 0.660845886
Q:/crrcr: 0.000000000 0.042630231 0.957369769
Q:/crrfr: 0.000000000 0.000000000 1.000000000
Q:/crrrc: 0.000000000 0.000000000 1.000000000
Q:/crrrf: 0.000000000 0.386306152 0.613693848
Q:/rc: 0.000082187 0.840376835 0.159540978
Q:/rcrcr: 0.000000000 0.968393177 0.031606823
Q:/rcrfr: 0.000000000 0.702925432 0.297074568
Q:/rcrrc: 0.000000000 0.451964084 0.548035916
Q:/rcrrf: 0.000000000 0.559779156 0.440220844
Q:/rf: 0.185327035 0.287564021 0.527108944
Q:/rfrr: 0.000000000 0.567197248 0.432802752
Q:/rr: 0.000000000 0.000259123 0.999740877
Q:/rrcrc: 0.000000000 0.541308633 0.458691367
Q:/rrcrf: 0.000000000 0.185319066 0.814680934
T:/cc: 0.000938172 0.999061828 0.000000000
T:/ccrcr: 0.009397154 0.678081281 0.312521566
T:/ccrcrcrc: 0.000000000 0.021900571 0.978099429
T:/ccrcrcrf: 0.000000000 0.499636558 0.500363442
T:/ccrfr: 0.079715771 0.269853015 0.650431213
T:/ccrrc: 0.059413758 0.703607643 0.236978599
T:/ccrrf: 0.015164541 0.686961747 0.297873713
T:/ccrrr: 0.000000000 0.066390496 0.933609504
T:/cr: 0.000909241 0.000000000 0.999090759
T:/crcrc: 0.318041260 0.497673810 0.184284930
T:/crcrf: 0.421847154 0.110175983 0.467976864
T:/crcrr: 0.000000000 0.993364244 0.006635756
T:/crrcr: 0.000000000 0.144882860 0.855117140
T:/crrfr: 0.000000000 0.000000000 1.000000000
T:/crrrc: 0.000000000 0.000000000 1.000000000
T:/crrrf: 0.000000000 0.732012245 0.267987755
T:/rc: 0.107538083 0.000315389 0.892146527
T:/rcrcr: 0.000000000 0.555688125 0.444311875
T:/rcrfr: 0.000000000 0.465263526 0.534736474
T:/rcrrc: 0.000000000 0.000037296 0.999962704
T:/rcrrf: 0.000000000 0.925082959 0.074917041
T:/rf: 0.217324493 0.434642708 0.348032799
T:/rfrr: 0.000000000 0.532165926 0.467834074
T:/rr: 0.000000000 0.000261912 0.999738088
T:/rrcrc: 0.000000000 0.604147814 0.395852186
T:/rrcrf: 0.000000000 0.046803570 0.953196430
