8:/: 0.088196521 0.911803479 0.000000000
8:/cccr: 0.000000000 0.000000000 1.000000000
8:/ccrc: 0.000000000 0.000000000 1.000000000
8:/ccrf: 0.000000000 0.365795026 0.634204974
8:/crcc: 0.000000000 0.257634071 0.742365929
8:/crcf: 0.000000000 0.491307203 0.508692797
8:/crfc: 0.000000000 0.244885456 0.755114544
8:/crff: 0.000000000 0.026352151 0.973647849
9:/: 0.000000000 1.000000000 0.000000000
9:/cccr: 0.000000000 0.000000000 1.000000000
9:/ccrc: 0.000000000 0.329757540 0.670242460
9:/ccrf: 0.000000000 0.586954505 0.413045495
9:/crcc: 0.000000000 0.339441297 0.660558703
9:/crcf: 0.000000000 0.172789889 0.827210111
9:/crfc: 0.000000000 0.002966574 0.997033426
9:/crff: 0.000000000 0.160560140 0.839439860
A:/: 0.175073561 0.824926439 0.000000000
A:/cccr: 0.000000000 1.000000000 0.000000000
A:/ccrc: 0.000000000 1.000000000 0.000000000
A:/ccrf: 0.000000000 1.000000000 0.000000000
A:/crcc: 0.000000000 0.527256232 0.472743768
A:/crcf: 0.000000000 1.000000000 0.000000000
A:/crfc: 0.000000000 1.000000000 0.000000000
A:/crff: 0.000000000 1.000000000 0.000000000
J:/: 0.057181586 0.942818414 0.000000000
J:/cccr: 0.000000000 0.000000000 1.000000000
J:/ccrc: 0.000000000 0.003139519 0.996860481
J:/ccrf: 0.000000000 0.456728512 0.543271488
J:/crcc: 0.000000000 0.256394839 0.743605161
J:/crcf: 0.000000000 0.187486433 0.812513567
J:/crfc: 0.000000000 0.520731408 0.479268592
J:/crff: 0.000000000 0.492200723 0.507799277
K:/: 0.379836832 0.620163168 0.000000000
K:/cccr: 0.000000000 0.999926952 0.000073048
K:/ccrc: 0.000000000 0.930893845 0.069106155
K:/ccrf: 0.000000000 1.000000000 0.000000000
K:/crcc: 0.000000000 0.564808210 0.435191790
K:/crcf: 0.000000000 0.836116438 0.163883562
K:/crfc: 0.000000000 0.887650133 0.112349867
K:/crff: 0.000000000 0.566427072 0.433572928
Q:/: 0.000000000 1.000000000 0.000000000
Q:/cccr: 0.000000000 0.243534515 0.756465485
Q:/ccrc: 0.000000000 0.042533360 0.957466640
Q:/ccrf: 0.000000000 0.089138573 0.910861427
Q:/crcc: 0.000000000 0.210333616 0.789666384
Q:/crcf: 0.000000000 0.105474569 0.894525431
Q:/crfc: 0.000000000 0.104425694 0.895574306
Q:/crff: 0.000000000 0.286001162 0.713998838
T:/: 0.000000000 1.000000000 0.000000000
T:/cccr: 0.000000000 0.000000000 1.000000000
T:/ccrc: 0.000000000 0.025609126 0.974390874
T:/ccrf: 0.000000000 0.284785058 0.715214942
T:/crcc: 0.000000000 0.154660570 0.845339430
T:/crcf: 0.000000000 0.035505430 0.964494570
T:/crfc: 0.000000000 0.094088993 0.905911007
T:/crff: 0.000000000 0.000000000 1.000000000
