2:/: 0.452625540 0.547374460 0.000000000
2:/ccr: 0.000000000 0.000000000 1.000000000
2:/ccrcrc: 0.000000000 0.334613786 0.665386214
2:/ccrcrf: 0.000000000 0.213624724 0.786375276
2:/crc: 0.039417206 0.000000000 0.960582794
2:/crf: 0.000000000 0.000000000 1.000000000
2:/crr: 0.000000000 0.398968412 0.601031588
2:/rcr: 0.000000000 0.737329458 0.262670542
2:/rfr: 0.000000000 0.496375098 0.503624902
2:/rrc: 0.000000000 0.240403540 0.759596460
2:/rrf: 0.000000000 0.000000000 1.000000000
3:/: 0.451577868 0.548422132 0.000000000
3:/ccr: 0.000000000 0.000000000 1.000000000
3:/ccrcrc: 0.000000000 0.254956589 0.745043411
3:/ccrcrf: 0.000000000 0.033055802 0.966944198
3:/crc: 0.002283681 0.000000000 0.997716319
3:/crf: 0.000000000 0.000000000 1.000000000
3:/crr: 0.000000000 0.420715968 0.579284032
3:/rcr: 0.000000000 0.616956845 0.383043155
3:/rfr: 0.000000000 0.356217849 0.643782151
3:/rrc: 0.000000000 0.000000000 1.000000000
3:/rrf: 0.000000000 0.000000000 1.000000000
4:/: 0.283507169 0.716492831 0.000000000
4:/ccr: 0.000008153 0.000000000 0.999991847
4:/ccrcrc: 0.000000000 0.154213920 0.845786080
4:/ccrcrf: 0.000000000 0.048219257 0.951780743
4:/crc: 0.037376105 0.000000000 0.962623895
4:/crf: 0.010929401 0.100330092 0.888740507
4:/crr: 0.000000000 0.613088912 0.386911088
4:/rcr: 0.000000000 0.477596976 0.522403024
4:/rfr: 0.000000000 0.149744010 0.850255990
4:/rrc: 0.000000000 0.507710524 0.492289476
4:/rrf: 0.000000000 0.000000000 1.000000000
5:/: 0.000979629 0.999020371 0.000000000
5:/ccr: 0.000048145 0.166331381 0.833620474
5:/ccrcrc: 0.000000000 0.100238774 0.899761226
5:/ccrcrf: 0.000000000 0.030875224 0.969124776
5:/crc: 0.002277376 0.000000000 0.997722624
5:/crf: 0.008908276 0.209576386 0.781515337
5:/crr: 0.000000000 0.229197669 0.770802331
5:/rcr: 0.000000000 0.413002901 0.586997099
5:/rfr: 0.000000000 0.223620762 0.776379238
5:/rrc: 0.000000000 0.267719490 0.732280510
5:/rrf: 0.000000000 0.000000000 1.000000000
6:/: 0.000051572 0.999948428 0.000000000
6:/ccr: 0.149258228 0.019180042 0.831561729
6:/ccrcrc: 0.000000000 0.248369888 0.751630112
6:/ccrcrf: 0.000000000 0.300722708 0.699277292
6:/crc: 0.000077703 0.000000000 0.999922297
6:/crf: 0.015160876 0.348914912 0.635924212
6:/crr: 0.000000000 0.000000000 1.000000000
6:/rcr: 0.000000000 0.294517539 0.705482461
6:/rfr: 0.000000000 0.241450716 0.758549284
6:/rrc: 0.000000000 0.000000000 1.000000000
6:/rrf: 0.000000000 0.000000000 1.000000000
7:/: 0.000000000 1.000000000 0.000000000
7:/ccr: 0.106218894 0.000000000 0.893781106
7:/ccrcrc: 0.000000000 0.653692438 0.346307562
7:/ccrcrf: 0.000000000 0.758797387 0.241202613
7:/crc: 0.000018760 0.000000000 0.999981240
7:/crf: 0.014613484 0.279192477 0.706194039
7:/crr: 0.000000000 0.088752641 0.911247359
7:/rcr: 0.000000000 0.406601790 0.593398210
7:/rfr: 0.000000000 0.930594041 0.069405959
7:/rrc: 0.000000000 0.414662251 0.585337749
7:/rrf: 0.000000000 0.000000000 1.000000000
8:/: 0.000000000 1.000000000 0.000000000
8:/ccr: 0.392759331 0.013200354 0.594040315
8:/ccrcrc: 0.000000000 0.799171244 0.200828756
8:/ccrcrf: 0.000000000 0.114854577 0.885145423
8:/crc: 0.002276127 0.000000000 0.997723873
8:/crf: 0.010334378 0.458256006 0.531409616
8:/crr: 0.000000000 0.415664794 0.584335206
8:/rcr: 0.000000000 0.520133545 0.479866455
8:/rfr: 0.000000000 0.062689455 0.937310545
8:/rrc: 0.000000000 0.458364725 0.541635275
8:/rrf: 0.000000000 0.000035807 0.999964193
9:/: 0.000000000 1.000000000 0.000000000
9:/ccr: 0.004195844 0.137182745 0.858621412
9:/ccrcrc: 0.000000000 0.157287429 0.842712571
9:/ccrcrf: 0.000000000 0.681102072 0.318897928
9:/crc: 0.000014072 0.000000000 0.999985928
9:/crf: 0.016057847 0.758193451 0.225748702
9:/crr: 0.000000000 0.000000000 1.000000000
9:/rcr: 0.000000000 0.423142304 0.576857696
9:/rfr: 0.000000000 0.721204439 0.278795561
9:/rrc: 0.000000000 0.327201040 0.672798960
9:/rrf: 0.000000000 0.415951530 0.584048470
A:/: 0.610061236 0.389938764 0.000000000
A:/ccr: 0.440555513 0.559444487 0.000000000
A:/ccrcrc: 0.000000000 1.000000000 0.000000000
A:/ccrcrf: 0.000000000 1.000000000 0.000000000
A:/crc: 1.000000000 0.000000000 0.000000000
A:/crf: 1.000000000 0.000000000 0.000000000
A:/crr: 0.000000000 1.000000000 0.000000000
A:/rcr: 0.000000000 1.000000000 0.000000000
A:/rfr: 0.000000000 0.675299400 0.324700600
A:/rrc: 0.000000000 1.000000000 0.000000000
A:/rrf: 0.000000000 1.000000000 0.000000000
J:/: 0.000118702 0.999881298 0.000000000
J:/ccr: 0.553712871 0.446252050 0.000035079
J:/ccrcrc: 0.000000000 0.677583318 0.322416682
J:/ccrcrf: 0.000000000 0.952828016 0.047171984
J:/crc: 0.000000000 0.000000000 1.000000000
J:/crf: 0.000000000 0.999513827 0.000486173
J:/crr: 0.000000000 0.088255990 0.911744010
J:/rcr: 0.000000000 0.165923402 0.834076598
J:/rfr: 0.000000000 0.586376145 0.413623855
J:/rrc: 0.000000000 0.528661784 0.471338216
J:/rrf: 0.000000000 0.526326238 0.473673762
K:/: 0.821871058 0.178128942 0.000000000
K:/ccr: 0.751135102 0.248864898 0.000000000
K:/ccrcrc: 0.000000000 0.960586280 0.039413720
K:/ccrcrf: 0.000000000 0.988366977 0.011633023
K:/crc: 0.000000000 1.000000000 0.000000000
K:/crf: 0.535733561 0.464266439 0.000000000
K:/crr: 0.000000000 0.627409093 0.372590907
K:/rcr: 0.000000000 1.000000000 0.000000000
K:/rfr: 0.000000000 0.383457308 0.616542692
K:/rrc: 0.000000000 0.898015212 0.101984788
K:/rrf: 0.000000000 0.922440389 0.077559611
Q:/: 0.682549926 0.317450074 0.000000000
Q:/ccr: 0.950758623 0.049241377 0.000000000
Q:/ccrcrc: 0.000000000 0.933993783 0.066006217
Q:/ccrcrf: 0.000000000 0.977767056 0.022232944
Q:/crc: 0.000000000 0.675692161 0.324307839
Q:/crf: 0.000000000 0.999822615 0.000177385
Q:/crr: 0.000000000 0.438829523 0.561170477
Q:/rcr: 0.000000000 0.447518089 0.552481911
Q:/rfr: 0.000000000 0.574425251 0.425574749
Q:/rrc: 0.000000000 0.864537018 0.135462982
Q:/rrf: 0.000000000 0.895507664 0.104492336
T:/: 0.000000000 1.000000000 0.000000000
T:/ccr: 0.216889930 0.448370524 0.334739547
T:/ccrcrc: 0.000000000 0.493115992 0.506884008
T:/ccrcrf: 0.000000000 0.405353074 0.594646926
T:/crc: 0.012308580 0.000000000 0.987691420
T:/crf: 0.016304012 0.870699314 0.112996674
T:/crr: 0.000000000 0.000000000 1.000000000
T:/rcr: 0.000000000 0.846859980 0.153140020
T:/rfr: 0.000000000 0.874638481 0.125361519
T:/rrc: 0.000000000 0.472556742 0.527443258
T:/rrf: 0.000000000 0.699372297 0.300627703
