2:/cc: 0.544390748 0.455609252 0.000000000
2:/ccrcr: 0.000000000 0.751625582 0.248374418
2:/ccrfr: 0.000000000 0.129095995 0.870904005
2:/ccrrc: 0.000000000 0.308213703 0.691786297
2:/ccrrf: 0.000000000 0.469067566 0.530932434
2:/cr: 0.000000000 0.000000000 1.000000000
2:/crcrc: 0.000000000 0.876025990 0.123974010
2:/crcrf: 0.000000000 0.159675619 0.840324381
2:/rc: 0.000043151 0.035262829 0.964694021
2:/rf: 0.110687221 0.381445303 0.507867477
2:/rr: 0.000000000 0.000000000 1.000000000
3:/cc: 0.380931883 0.619068117 0.000000000
3:/ccrcr: 0.000000000 0.632667813 0.367332187
3:/ccrfr: 0.000000000 0.158136561 0.841863439
3:/ccrrc: 0.000000000 0.048726616 0.951273384
3:/ccrrf: 0.000000000 0.472473813 0.527526187
3:/cr: 0.000000000 0.000076769 0.999923231
3:/crcrc: 0.000000000 0.539503958 0.460496042
3:/crcrf: 0.000000000 0.637003404 0.362996596
3:/rc: 0.007920731 0.219856000 0.772223269
3:/rf: 0.326978963 0.335040783 0.337980254
3:/rr: 0.000000000 0.000000000 1.000000000
4:/cc: 0.200797539 0.799202461 0.000000000
4:/ccrcr: 0.000000000 0.734802126 0.265197874
4:/ccrfr: 0.000000000 0.522314415 0.477685585
4:/ccrrc: 0.000000000 0.556335254 0.443664746
4:/ccrrf: 0.000000000 0.394401779 0.605598221
4:/cr: 0.136349520 0.000457035 0.863193445
4:/crcrc: 0.000000000 0.143081077 0.856918923
4:/crcrf: 0.000000000 0.317593972 0.682406028
4:/rc: 0.069917950 0.000000000 0.930082050
4:/rf: 0.778063309 0.099291696 0.122644995
4:/rr: 0.000000000 0.000000000 1.000000000
5:/cc: 0.000163974 0.999836026 0.000000000
5:/ccrcr: 0.000000000 0.103891844 0.896108156
5:/ccrfr: 0.000000000 0.513083750 0.486916250
5:/ccrrc: 0.000000000 0.467715455 0.532284545
5:/ccrrf: 0.000000000 0.838098246 0.161901754
5:/cr: 0.000000000 0.000367682 0.999632318
5:/crcrc: 0.000000000 0.406234261 0.593765739
5:/crcrf: 0.000000000 0.510369731 0.489630269
5:/rc: 0.008157133 0.000000000 0.991842867
5:/rf: 0.047533333 0.693154535 0.259312132
5:/rr: 0.000000000 0.000000000 1.000000000
6:/cc: 0.000094474 0.999905526 0.000000000
6:/ccrcr: 0.000000000 0.525534527 0.474465473
6:/ccrfr: 0.000000000 0.621023601 0.378976399
6:/ccrrc: 0.000000000 0.000000000 1.000000000
6:/ccrrf: 0.000000000 0.072968512 0.927031488
6:/cr: 0.014447328 0.140323695 0.845228977
6:/crcrc: 0.000000000 0.708296411 0.291703589
6:/crcrf: 0.000000000 0.633912332 0.366087668
6:/rc: 0.017244370 0.000000000 0.982755630
6:/rf: 0.393827027 0.129374543 0.476798430
6:/rr: 0.000000000 0.000000000 1.000000000
7:/cc: 0.000007267 0.999992733 0.000000000
7:/ccrcr: 0.000000000 0.220194211 0.779805789
7:/ccrfr: 0.000000000 0.231528215 0.768471785
7:/ccrrc: 0.000000000 0.762305827 0.237694173
7:/ccrrf: 0.000000000 0.565842731 0.434157269
7:/cr: 0.017007279 0.200851291 0.782141429
7:/crcrc: 0.000000000 0.173936164 0.826063836
7:/crcrf: 0.000000000 0.342541670 0.657458330
7:/rc: 0.008199705 0.000000000 0.991800295
7:/rf: 0.260540456 0.040499984 0.698959561
7:/rr: 0.000000000 0.000000000 1.000000000
8:/cc: 0.000062305 0.999937695 0.000000000
8:/ccrcr: 0.000000000 0.420479781 0.579520219
8:/ccrfr: 0.000000000 0.334234756 0.665765244
8:/ccrrc: 0.000000000 0.712070475 0.287929525
8:/ccrrf: 0.000000000 0.551451010 0.448548990
8:/cr: 0.058609054 0.000443932 0.940947014
8:/crcrc: 0.000000000 0.189301593 0.810698407
8:/crcrf: 0.000000000 0.021820311 0.978179689
8:/rc: 0.203164885 0.000000000 0.796835115
8:/rf: 0.372612123 0.516630120 0.110757758
8:/rr: 0.000000000 0.000000000 1.000000000
9:/cc: 0.000000000 1.000000000 0.000000000
9:/ccrcr: 0.000000000 0.346295327 0.653704673
9:/ccrfr: 0.000000000 0.136465501 0.863534499
9:/ccrrc: 0.000000000 0.293519253 0.706480747
9:/ccrrf: 0.000000000 0.300100552 0.699899448
9:/cr: 0.024063191 0.223379074 0.752557736
9:/crcrc: 0.000000000 0.286598916 0.713401084
9:/crcrf: 0.000000000 0.760918629 0.239081371
9:/rc: 0.025641000 0.173315008 0.801043992
9:/rf: 0.135818192 0.464088174 0.400093634
9:/rr: 0.000000000 0.000000000 1.000000000
A:/cc: 1.000000000 0.000000000 0.000000000
A:/ccrcr: 0.000000000 1.000000000 0.000000000
A:/ccrfr: 0.000000000 1.000000000 0.000000000
A:/ccrrc: 0.000000000 1.000000000 0.000000000
A:/ccrrf: 0.000000000 0.040384708 0.959615292
A:/cr: 1.000000000 0.000000000 0.000000000
A:/crcrc: 0.000000000 1.000000000 0.000000000
A:/crcrf: 0.000000000 0.314148897 0.685851103
A:/rc: 1.000000000 0.000000000 0.000000000
A:/rf: 0.176055719 0.407580505 0.416363776
A:/rr: 0.000000000 1.000000000 0.000000000
J:/cc: 0.890175366 0.109824634 0.000000000
J:/ccrcr: 0.000000000 0.761082188 0.238917812
J:/ccrfr: 0.000000000 0.719629648 0.280370352
J:/ccrrc: 0.000000000 0.785635386 0.214364614
J:/ccrrf: 0.000000000 0.384941855 0.615058145
J:/cr: 0.000000000 0.999744255 0.000255745
J:/crcrc: 0.000000000 0.455026980 0.544973020
J:/crcrf: 0.000000000 0.157204654 0.842795346
J:/rc: 0.096472443 0.903527557 0.000000000
J:/rf: 0.356786821 0.476352088 0.166861091
J:/rr: 0.000000000 0.088994502 0.911005498
K:/cc: 1.000000000 0.000000000 0.000000000
K:/ccrcr: 0.000000000 0.811182795 0.188817205
K:/ccrfr: 0.000000000 0.899404485 0.100595515
K:/ccrrc: 0.000000000 0.967265004 0.032734996
K:/ccrrf: 0.000000000 0.623198993 0.376801007
K:/cr: 0.459843199 0.540156801 0.000000000
K:/crcrc: 0.000000000 0.888910749 0.111089251
K:/crcrf: 0.000000000 0.556233384 0.443766616
K:/rc: 0.957610803 0.042389197 0.000000000
K:/rf: 0.235517454 0.359523459 0.404959087
K:/rr: 0.000000000 0.508290122 0.491709878
Q:/cc: 1.000000000 0.000000000 0.000000000
Q:/ccrcr: 0.000000000 0.824748573 0.175251427
Q:/ccrfr: 0.000000000 0.751064944 0.248935056
Q:/ccrrc: 0.000000000 0.676821895 0.323178105
Q:/ccrrf: 0.000000000 0.749213701 0.250786299
Q:/cr: 0.000000000 0.999891340 0.000108660
Q:/crcrc: 0.000000000 0.641920926 0.358079074
Q:/crcrf: 0.000000000 0.914631705 0.085368295
Q:/rc: 0.419610743 0.580389257 0.000000000
Q:/rf: 0.474416068 0.030093372 0.495490561
Q:/rr: 0.000000000 0.254231910 0.745768090
T:/cc: 0.136613778 0.863386222 0.000000000
T:/ccrcr: 0.000000000 0.457328050 0.542671950
T:/ccrfr: 0.000000000 0.724567622 0.275432378
T:/ccrrc: 0.000000000 0.170650407 0.829349593
T:/ccrrf: 0.000000000 0.542405514 0.457594486
T:/cr: 0.009729546 0.256234650 0.734035804
T:/crcrc: 0.000000000 0.591014326 0.408985674
T:/crcrf: 0.000000000 0.337114329 0.662885671
T:/rc: 0.214154653 0.413362771 0.372482576
T:/rf: 0.408073216 0.129681786 0.462244997
T:/rr: 0.000000000 0.050592926 0.949407074
