2:/: 0.997072288 0.002927712 0.000000000
2:/ccr: 1.000000000 0.000000000 0.000000000
2:/ccrcrc: 0.000000000 0.443901586 0.556098414
2:/ccrcrf: 0.000000000 0.062206745 0.937793255
2:/crc: 0.000498049 0.000127625 0.999374326
2:/crf: 0.028534838 0.000268468 0.971196694
2:/crr: 0.000000000 0.003053857 0.996946143
2:/rcr: 0.000000000 0.000005221 0.999994779
2:/rfr: 0.000000000 0.271914373 0.728085627
2:/rrc: 0.000000000 0.000000000 1.000000000
2:/rrf: 0.000000000 0.000000000 1.000000000
3:/: 0.997069999 0.002930001 0.000000000
3:/ccr: 0.652839664 0.347160336 0.000000000
3:/ccrcrc: 0.000000000 0.559623303 0.440376697
3:/ccrcrf: 0.000000000 0.591081032 0.408918968
3:/crc: 0.000123412 0.000184824 0.999691764
3:/crf: 0.007046457 0.000268467 0.992685076
3:/crr: 0.000000000 0.001476130 0.998523870
3:/rcr: 0.000000000 0.000000000 1.000000000
3:/rfr: 0.000000000 0.655640527 0.344359473
3:/rrc: 0.000000000 0.000000000 1.000000000
3:/rrf: 0.000000000 0.000146192 0.999853808
4:/: 0.997084280 0.002915720 0.000000000
4:/ccr: 0.775032100 0.224967900 0.000000000
4:/ccrcrc: 0.000000000 0.145009162 0.854990838
4:/ccrcrf: 0.000000000 0.180893492 0.819106508
4:/crc: 0.000500789 0.000125299 0.999373912
4:/crf: 0.016702007 0.000268467 0.983029525
4:/crr: 0.000000000 0.000797987 0.999202013
4:/rcr: 0.000000000 0.581787870 0.418212130
4:/rfr: 0.000000000 0.925658102 0.074341898
4:/rrc: 0.000000000 0.000000000 1.000000000
4:/rrf: 0.000000000 0.001357399 0.998642601
5:/: 0.997090590 0.002909410 0.000000000
5:/ccr: 0.573607417 0.426392583 0.000000000
5:/ccrcrc: 0.000000000 0.519876127 0.480123873
5:/ccrcrf: 0.000000000 0.549358748 0.450641252
5:/crc: 0.000011810 0.000227656 0.999760534
5:/crf: 0.006922840 0.000399794 0.992677366
5:/crr: 0.000000000 0.000862927 0.999137073
5:/rcr: 0.000000000 0.600457587 0.399542413
5:/rfr: 0.000000000 0.272110157 0.727889843
5:/rrc: 0.000000000 0.000000000 1.000000000
5:/rrf: 0.000000000 0.003111914 0.996888086
6:/: 0.996515068 0.003484932 0.000000000
6:/ccr: 0.541623109 0.458376891 0.000000000
6:/ccrcrc: 0.000000000 0.515249462 0.484750538
6:/ccrcrf: 0.000000000 0.592611617 0.407388383
6:/crc: 0.000000000 0.000311612 0.999688388
6:/crf: 0.068056346 0.651901381 0.280042273
6:/crr: 0.000000000 0.002600519 0.997399481
6:/rcr: 0.000000000 0.678208938 0.321791062
6:/rfr: 0.000000000 0.724871027 0.275128973
6:/rrc: 0.000000000 0.197949342 0.802050658
6:/rrf: 0.000000000 0.005232525 0.994767475
7:/: 0.996367256 0.003632744 0.000000000
7:/ccr: 0.468296597 0.531703403 0.000000000
7:/ccrcrc: 0.000000000 0.319764622 0.680235378
7:/ccrcrf: 0.000000000 0.131291758 0.868708242
7:/crc: 0.000000000 0.000648598 0.999351402
7:/crf: 0.036901418 0.962521549 0.000577033
7:/crr: 0.000000000 0.003212444 0.996787556
7:/rcr: 0.000000000 0.371140822 0.628859178
7:/rfr: 0.000000000 0.907306598 0.092693402
7:/rrc: 0.000000000 0.000000000 1.000000000
7:/rrf: 0.000000000 0.005744544 0.994255456
8:/: 0.998381819 0.001618181 0.000000000
8:/ccr: 0.225070480 0.774929520 0.000000000
8:/ccrcrc: 0.000000000 0.913160610 0.086839390
8:/ccrcrf: 0.000000000 0.673522955 0.326477045
8:/crc: 0.010404708 0.067422353 0.922172940
8:/crf: 0.014988568 0.984974005 0.000037427
8:/crr: 0.000000000 0.005667496 0.994332504
8:/rcr: 0.000000000 0.683708086 0.316291914
8:/rfr: 0.000000000 0.207941476 0.792058524
8:/rrc: 0.000000000 0.000000000 1.000000000
8:/rrf: 0.000000000 0.399594889 0.600405111
9:/: 1.000000000 0.000000000 0.000000000
9:/ccr: 0.156023684 0.843976316 0.000000000
9:/ccrcrc: 0.000000000 0.611172986 0.388827014
9:/ccrcrf: 0.000000000 0.611154441 0.388845559
9:/crc: 0.019198707 0.980545165 0.000256127
9:/crf: 0.661571640 0.338272940 0.000155420
9:/crr: 0.000000000 0.274245816 0.725754184
9:/rcr: 0.000000000 0.473392473 0.526607527
9:/rfr: 0.000000000 0.480490784 0.519509216
9:/rrc: 0.000000000 0.136542233 0.863457767
9:/rrf: 0.000000000 0.923400316 0.076599684
A:/: 1.000000000 0.000000000 0.000000000
A:/ccr: 0.374387976 0.625612024 0.000000000
A:/ccrcrc: 0.000000000 0.936904247 0.063095753
A:/ccrcrf: 0.000000000 0.969400532 0.030599468
A:/crc: 0.999856548 0.000000000 0.000143452
A:/crf: 0.919751735 0.078336944 0.001911321
A:/crr: 0.000000000 1.000000000 0.000000000
A:/rcr: 0.000000000 1.000000000 0.000000000
A:/rfr: 0.000000000 0.324678974 0.675321026
A:/rrc: 0.000000000 0.999767056 0.000232944
A:/rrf: 0.000000000 1.000000000 0.000000000
J:/: 1.000000000 0.000000000 0.000000000
J:/ccr: 0.552174549 0.447825451 0.000000000
J:/ccrcrc: 0.000000000 0.156557966 0.843442034
J:/ccrcrf: 0.000000000 0.325302523 0.674697477
J:/crc: 0.023557082 0.976262720 0.000180198
J:/crf: 0.707290299 0.292041531 0.000668170
J:/crr: 0.000000000 0.999902160 0.000097840
J:/rcr: 0.000000000 0.730223901 0.269776099
J:/rfr: 0.000000000 0.268210480 0.731789520
J:/rrc: 0.000000000 0.569631257 0.430368743
J:/rrf: 0.000000000 1.000000000 0.000000000
K:/: 1.000000000 0.000000000 0.000000000
K:/ccr: 0.086236140 0.912790192 0.000973668
K:/ccrcrc: 0.000000000 0.749768635 0.250231365
K:/ccrcrf: 0.000000000 0.669785359 0.330214641
K:/crc: 0.853462998 0.146315452 0.000221549
K:/crf: 0.589640119 0.408844912 0.001514969
K:/crr: 0.000000000 0.999869698 0.000130302
K:/rcr: 0.000000000 0.999893525 0.000106475
K:/rfr: 0.000000000 0.336055876 0.663944124
K:/rrc: 0.000000000 0.914868811 0.085131189
K:/rrf: 0.000000000 1.000000000 0.000000000
Q:/: 1.000000000 0.000000000 0.000000000
Q:/ccr: 0.465590332 0.534409668 0.000000000
Q:/ccrcrc: 0.000000000 0.850891283 0.149108717
Q:/ccrcrf: 0.000000000 0.599229052 0.400770948
Q:/crc: 0.281983072 0.717853071 0.000163857
Q:/crf: 0.668364188 0.330456875 0.001178937
Q:/crr: 0.000000000 0.999887319 0.000112681
Q:/rcr: 0.000000000 0.666663305 0.333336695
Q:/rfr: 0.000000000 0.001966668 0.998033332
Q:/rrc: 0.000000000 0.736032808 0.263967192
Q:/rrf: 0.000000000 1.000000000 0.000000000
T:/: 1.000000000 0.000000000 0.000000000
T:/ccr: 0.248146856 0.751853144 0.000000000
T:/ccrcrc: 0.000000000 0.513338441 0.486661559
T:/ccrcrf: 0.000000000 0.163612172 0.836387828
T:/crc: 0.026864547 0.973003850 0.000131602
T:/crf: 0.809919650 0.189807642 0.000272709
T:/crr: 0.000000000 0.999897292 0.000102708
T:/rcr: 0.000000000 0.201631087 0.798368913
T:/rfr: 0.000000000 0.817834936 0.182165064
T:/rrc: 0.000000000 0.039481809 0.960518191
T:/rrf: 0.000000000 1.000000000 0.000000000
