2:/c: 0.000004399 0.999995601 0.000000000
2:/ccrc: 0.000000000 0.152032497 0.847967503
2:/ccrf: 0.172249184 0.173980456 0.653770359
2:/ccrr: 0.000000000 0.432475961 0.567524039
2:/crcr: 0.000000000 0.219594464 0.780405536
2:/crfr: 0.000000000 0.394647899 0.605352101
2:/crrc: 0.000000000 0.124246538 0.875753462
2:/crrf: 0.000000000 0.672449986 0.327550014
2:/r: 0.000000000 0.000000000 1.000000000
2:/rcrc: 0.000000000 0.000000000 1.000000000
2:/rcrf: 0.000000000 0.000000000 1.000000000
3:/c: 0.000000958 0.999999042 0.000000000
3:/ccrc: 0.000000000 0.146717172 0.853282828
3:/ccrf: 0.036645855 0.056269169 0.907084976
3:/ccrr: 0.000000000 0.000000000 1.000000000
3:/crcr: 0.000000000 0.674285692 0.325714308
3:/crfr: 0.000000000 0.376969726 0.623030274
3:/crrc: 0.000000000 0.396139182 0.603860818
3:/crrf: 0.000000000 0.290901645 0.709098355
3:/r: 0.000000000 0.000000000 1.000000000
3:/rcrc: 0.000000000 0.000000000 1.000000000
3:/rcrf: 0.000000000 0.000000000 1.000000000
4:/c: 0.000000716 0.999999284 0.000000000
4:/ccrc: 0.000000000 0.000000000 1.000000000
4:/ccrf: 0.424712478 0.144079169 0.431208352
4:/ccrr: 0.000000000 0.000002782 0.999997218
4:/crcr: 0.000000000 0.188665572 0.811334428
4:/crfr: 0.000000000 0.637980678 0.362019322
4:/crrc: 0.000000000 0.044046954 0.955953046
4:/crrf: 0.000000000 0.398298374 0.601701626
4:/r: 0.000000000 0.000000000 1.000000000
4:/rcrc: 0.000000000 0.000000000 1.000000000
4:/rcrf: 0.000000000 0.025819614 0.974180386
5:/c: 0.122792575 0.877207425 0.000000000
5:/ccrc: 0.079737428 0.154486048 0.765776524
5:/ccrf: 0.456396694 0.221688092 0.321915214
5:/ccrr: 0.000000000 0.095011918 0.904988082
5:/crcr: 0.000000000 0.600945637 0.399054363
5:/crfr: 0.000000000 0.589472779 0.410527221
5:/crrc: 0.000000000 0.000000000 1.000000000
5:/crrf: 0.000000000 0.369689552 0.630310448
5:/r: 0.000909885 0.000000000 0.999090115
5:/rcrc: 0.000000000 0.000000000 1.000000000
5:/rcrf: 0.000000000 0.064623694 0.935376306
6:/c: 0.289422704 0.710577296 0.000000000
6:/ccrc: 0.270016266 0.146639425 0.583344309
6:/ccrf: 0.181951757 0.221520980 0.596527263
6:/ccrr: 0.000000000 0.000025226 0.999974774
6:/crcr: 0.000000000 0.220677690 0.779322310
6:/crfr: 0.000000000 0.302886822 0.697113178
6:/crrc: 0.000000000 0.578323134 0.421676866
6:/crrf: 0.000000000 0.830181645 0.169818355
6:/r: 0.188265804 0.000000000 0.811734196
6:/rcrc: 0.000000000 0.000000000 1.000000000
6:/rcrf: 0.000000000 0.118025963 0.881974037
7:/c: 0.254927787 0.745072213 0.000000000
7:/ccrc: 0.009883054 0.532315698 0.457801249
7:/ccrf: 0.557664153 0.400765073 0.041570774
7:/ccrr: 0.000000000 0.416365796 0.583634204
7:/crcr: 0.000000000 0.429192156 0.570807844
7:/crfr: 0.000000000 0.288513359 0.711486641
7:/crrc: 0.000000000 0.393529754 0.606470246
7:/crrf: 0.000000000 0.992641966 0.007358034
7:/r: 0.111623855 0.035449641 0.852926503
7:/rcrc: 0.000000000 0.000000000 1.000000000
7:/rcrf: 0.000000000 0.291410573 0.708589427
8:/c: 0.276647797 0.723352203 0.000000000
8:/ccrc: 0.398496360 0.314436776 0.287066864
8:/ccrf: 0.506998871 0.275529658 0.217471471
8:/ccrr: 0.000000000 0.515811909 0.484188091
8:/crcr: 0.000000000 0.450420028 0.549579972
8:/crfr: 0.000000000 0.542015060 0.457984940
8:/crrc: 0.000000000 0.032370229 0.967629771
8:/crrf: 0.000000000 0.765849704 0.234150296
8:/r: 0.000000000 1.000000000 0.000000000
8:/rcrc: 0.000000000 0.000000000 1.000000000
8:/rcrf: 0.000000000 0.262879114 0.737120886
9:/c: 0.135001524 0.864998476 0.000000000
9:/ccrc: 0.516264419 0.337022573 0.146713008
9:/ccrf: 0.610502839 0.329533049 0.059964112
9:/ccrr: 0.000000000 0.453017446 0.546982554
9:/crcr: 0.000000000 0.742960098 0.257039902
9:/crfr: 0.000000000 0.521838318 0.478161682
9:/crrc: 0.000000000 0.823193043 0.176806957
9:/crrf: 0.000000000 0.999820171 0.000179829
9:/r: 0.349439034 0.650560966 0.000000000
9:/rcrc: 0.000000000 0.000000000 1.000000000
9:/rcrf: 0.000000000 0.450101888 0.549898112
A:/c: 0.605867913 0.394132087 0.000000000
A:/ccrc: 0.690536623 0.309463377 0.000000000
A:/ccrf: 0.688188904 0.311811096 0.000000000
A:/ccrr: 0.000000000 1.000000000 0.000000000
A:/crcr: 0.000000000 0.959042240 0.040957760
A:/crfr: 0.000000000 1.000000000 0.000000000
A:/crrc: 0.000000000 1.000000000 0.000000000
A:/crrf: 0.000000000 1.000000000 0.000000000
A:/r: 1.000000000 0.000000000 0.000000000
A:/rcrc: 0.000000000 1.000000000 0.000000000
A:/rcrf: 0.000000000 1.000000000 0.000000000
J:/c: 0.789248205 0.210751795 0.000000000
J:/ccrc: 0.417158773 0.582829926 0.000011300
J:/ccrf: 0.517521495 0.482478504 0.000000000
J:/ccrr: 0.000000000 0.956511952 0.043488048
J:/crcr: 0.000000000 0.585947913 0.414052087
J:/crfr: 0.000000000 0.928856405 0.071143595
J:/crrc: 0.000000000 0.553038241 0.446961759
J:/crrf: 0.000000000 0.999841280 0.000158720
J:/r: 0.000000000 1.000000000 0.000000000
J:/rcrc: 0.000000000 0.129422016 0.870577984
J:/rcrf: 0.000000000 0.999615589 0.000384411
K:/c: 0.751457737 0.248542263 0.000000000
K:/ccrc: 0.642882816 0.357117184 0.000000000
K:/ccrf: 0.684519790 0.315480210 0.000000000
K:/ccrr: 0.000000000 0.968552827 0.031447173
K:/crcr: 0.000000000 0.938549592 0.061450408
K:/crfr: 0.000000000 0.938203022 0.061796978
K:/crrc: 0.000000000 0.976951402 0.023048598
K:/crrf: 0.000000000 0.999994827 0.000005173
K:/r: 0.311856991 0.688143009 0.000000000
K:/rcrc: 0.000000000 1.000000000 0.000000000
K:/rcrf: 0.000000000 1.000000000 0.000000000
Q:/c: 0.351323698 0.648676302 0.000000000
Q:/ccrc: 0.383370080 0.616629920 0.000000000
Q:/ccrf: 0.421401846 0.552006952 0.026591203
Q:/ccrr: 0.000000000 0.963274880 0.036725120
Q:/crcr: 0.000000000 0.362294304 0.637705696
Q:/crfr: 0.000000000 0.835343953 0.164656047
Q:/crrc: 0.000000000 0.968187736 0.031812264
Q:/crrf: 0.000000000 0.999918434 0.000081566
Q:/r: 0.000152057 0.999847943 0.000000000
Q:/rcrc: 0.000000000 0.999866824 0.000133176
Q:/rcrf: 0.000000000 0.999861327 0.000138673
T:/c: 0.440550920 0.559449080 0.000000000
T:/ccrc: 0.286553983 0.538057022 0.175388994
T:/ccrf: 0.762801796 0.160668521 0.076529682
T:/ccrr: 0.000000000 0.385090303 0.614909697
T:/crcr: 0.000000000 0.663853113 0.336146887
T:/crfr: 0.000000000 0.892377063 0.107622937
T:/crrc: 0.000000000 0.418991315 0.581008685
T:/crrf: 0.000000000 0.999815757 0.000184243
T:/r: 0.000000000 1.000000000 0.000000000
T:/rcrc: 0.000000000 0.000071378 0.999928622
T:/rcrf: 0.000000000 0.973320312 0.026679688
