2:/cc: 0.341727360 0.658272640 0.000000000
2:/ccrcr: 0.000000000 0.616676925 0.383323075
2:/ccrfr: 0.000000000 0.450441964 0.549558036
2:/ccrrc: 0.000000000 0.368754009 0.631245991
2:/ccrrf: 0.000000000 0.481310797 0.518689203
2:/cr: 0.218056196 0.211621413 0.570322390
2:/crcrc: 0.000000000 0.134769963 0.865230037
2:/crcrf: 0.000000000 0.548655359 0.451344641
2:/rc: 0.231979315 0.000094601 0.767926084
2:/rf: 0.357880238 0.089192982 0.552926780
2:/rr: 0.000000000 0.000000000 1.000000000
3:/cc: 0.000051660 0.999948340 0.000000000
3:/ccrcr: 0.000000000 0.593182340 0.406817660
3:/ccrfr: 0.000000000 0.688704598 0.311295402
3:/ccrrc: 0.000000000 0.342144266 0.657855734
3:/ccrrf: 0.000000000 0.998785176 0.001214824
3:/cr: 0.327191211 0.455681812 0.217126977
3:/crcrc: 0.000000000 0.378917530 0.621082470
3:/crcrf: 0.000000000 0.506438177 0.493561823
3:/rc: 0.242606429 0.000094599 0.757298972
3:/rf: 0.336903998 0.469992689 0.193103314
3:/rr: 0.000000000 0.000000000 1.000000000
4:/cc: 0.247825677 0.752174323 0.000000000
4:/ccrcr: 0.000000000 0.570925474 0.429074526
4:/ccrfr: 0.000000000 0.276867770 0.723132230
4:/ccrrc: 0.000000000 0.538097092 0.461902908
4:/ccrrf: 0.000000000 0.770686349 0.229313651
4:/cr: 0.409529009 0.238049262 0.352421729
4:/crcrc: 0.000000000 0.451507401 0.548492599
4:/crcrf: 0.000000000 0.801232813 0.198767187
4:/rc: 0.000000000 0.000000000 1.000000000
4:/rf: 0.811724054 0.000592676 0.187683271
4:/rr: 0.000000000 0.000000000 1.000000000
5:/cc: 0.516704018 0.483295982 0.000000000
5:/ccrcr: 0.000000000 0.091109571 0.908890429
5:/ccrfr: 0.000000000 0.911292014 0.088707986
5:/ccrrc: 0.000000000 0.239435514 0.760564486
5:/ccrrf: 0.000000000 0.831249694 0.168750306
5:/cr: 0.339322268 0.354256986 0.306420746
5:/crcrc: 0.000000000 0.442688710 0.557311290
5:/crcrf: 0.000000000 0.538234263 0.461765737
5:/rc: 0.000000000 0.000000000 1.000000000
5:/rf: 0.361102001 0.269580982 0.369317017
5:/rr: 0.000000000 0.000297135 0.999702865
6:/cc: 0.165768187 0.834231813 0.000000000
6:/ccrcr: 0.000000000 0.574095807 0.425904193
6:/ccrfr: 0.000000000 0.919768335 0.080231665
6:/ccrrc: 0.000000000 0.913898891 0.086101109
6:/ccrrf: 0.000000000 0.409529634 0.590470366
6:/cr: 0.127730650 0.532408540 0.339860810
6:/crcrc: 0.000000000 0.420220624 0.579779376
6:/crcrf: 0.000000000 0.532613399 0.467386601
6:/rc: 0.000000000 0.000000000 1.000000000
6:/rf: 0.373837542 0.383888367 0.242274091
6:/rr: 0.000000000 0.001349860 0.998650140
7:/cc: 0.271223313 0.728776687 0.000000000
7:/ccrcr: 0.000000000 0.111260124 0.888739876
7:/ccrfr: 0.000000000 0.651183002 0.348816998
7:/ccrrc: 0.000000000 0.816190248 0.183809752
7:/ccrrf: 0.000000000 0.658399338 0.341600662
7:/cr: 0.047518332 0.623137439 0.329344229
7:/crcrc: 0.000000000 0.444091306 0.555908694
7:/crcrf: 0.000000000 0.640956780 0.359043220
7:/rc: 0.000049036 0.000083070 0.999867894
7:/rf: 0.093221931 0.427425221 0.479352848
7:/rr: 0.000000000 0.002473819 0.997526181
8:/cc: 0.309748778 0.690251222 0.000000000
8:/ccrcr: 0.000000000 0.501215069 0.498784931
8:/ccrfr: 0.000000000 0.962345640 0.037654360
8:/ccrrc: 0.000000000 0.434950401 0.565049599
8:/ccrrf: 0.000000000 0.651485429 0.348514571
8:/cr: 0.559026435 0.146596278 0.294377287
8:/crcrc: 0.000000000 0.508621991 0.491378009
8:/crcrf: 0.000000000 0.748261340 0.251738660
8:/rc: 0.000000000 0.000000000 1.000000000
8:/rf: 0.552185947 0.174561273 0.273252780
8:/rr: 0.000000000 0.003368058 0.996631942
9:/cc: 0.160458127 0.839541873 0.000000000
9:/ccrcr: 0.000000000 0.894280190 0.105719810
9:/ccrfr: 0.000000000 0.739905498 0.260094502
9:/ccrrc: 0.000000000 0.185525026 0.814474974
9:/ccrrf: 0.000000000 0.143995278 0.856004722
9:/cr: 0.308180282 0.252017745 0.439801973
9:/crcrc: 0.000000000 0.716412998 0.283587002
9:/crcrf: 0.000000000 0.218315951 0.781684049
9:/rc: 0.012764256 0.379543800 0.607691945
9:/rf: 0.212748558 0.588419943 0.198831499
9:/rr: 0.000000000 0.004192974 0.995807026
A:/cc: 0.095782603 0.904217397 0.000000000
A:/ccrcr: 0.000000000 0.511635812 0.488364188
A:/ccrfr: 0.000000000 0.457058412 0.542941588
A:/ccrrc: 0.000000000 0.653933421 0.346066579
A:/ccrrf: 0.000000000 0.095992006 0.904007994
A:/cr: 0.004326764 0.556594486 0.439078750
A:/crcrc: 0.000000000 0.277893971 0.722106029
A:/crcrf: 0.000000000 0.602008822 0.397991178
A:/rc: 1.000000000 0.000000000 0.000000000
A:/rf: 0.411211495 0.305932214 0.282856291
A:/rr: 0.000000000 1.000000000 0.000000000
J:/cc: 0.279469560 0.720530440 0.000000000
J:/ccrcr: 0.000000000 0.510561863 0.489438137
J:/ccrfr: 0.000000000 0.988524348 0.011475652
J:/ccrrc: 0.000000000 0.775158270 0.224841730
J:/ccrrf: 0.000000000 0.111909102 0.888090898
J:/cr: 0.502794291 0.248385002 0.248820708
J:/crcrc: 0.000000000 0.631399327 0.368600673
J:/crcrf: 0.000000000 0.609466911 0.390533089
J:/rc: 0.000000000 1.000000000 0.000000000
J:/rf: 0.468393362 0.123289469 0.408317168
J:/rr: 0.000000000 0.408931748 0.591068252
K:/cc: 0.448710778 0.551289222 0.000000000
K:/ccrcr: 0.000000000 0.816982583 0.183017417
K:/ccrfr: 0.000000000 0.424429403 0.575570597
K:/ccrrc: 0.000000000 0.984540228 0.015459772
K:/ccrrf: 0.000000000 0.422762296 0.577237704
K:/cr: 0.188943368 0.201799393 0.609257239
K:/crcrc: 0.000000000 0.527927656 0.472072344
K:/crcrf: 0.000000000 0.947777166 0.052222834
K:/rc: 1.000000000 0.000000000 0.000000000
K:/rf: 0.448115627 0.329036666 0.222847706
K:/rr: 0.000000000 0.944666885 0.055333115
Q:/cc: 0.585435660 0.414564340 0.000000000
Q:/ccrcr: 0.000000000 0.975494488 0.024505512
Q:/ccrfr: 0.000000000 0.653949469 0.346050531
Q:/ccrrc: 0.000000000 0.354193256 0.645806744
Q:/ccrrf: 0.000000000 0.042700731 0.957299269
Q:/cr: 0.000965267 0.513378392 0.485656341
Q:/crcrc: 0.000000000 0.887206879 0.112793121
Q:/crcrf: 0.000000000 0.108200858 0.891799142
Q:/rc: 0.800625605 0.199374395 0.000000000
Q:/rf: 0.150242130 0.367477680 0.482280190
Q:/rr: 0.000000000 0.650876236 0.349123764
T:/cc: 0.610576492 0.389423508 0.000000000
T:/ccrcr: 0.000000000 0.598173205 0.401826795
T:/ccrfr: 0.000000000 0.650048344 0.349951656
T:/ccrrc: 0.000000000 0.683405230 0.316594770
T:/ccrrf: 0.000000000 0.041621462 0.958378538
T:/cr: 0.345815510 0.278627208 0.375557282
T:/crcrc: 0.000000000 0.929883377 0.070116623
T:/crcrf: 0.000000000 0.729111583 0.270888417
T:/rc: 0.000000000 0.999733284 0.000266716
T:/rf: 0.435563101 0.525171711 0.039265189
T:/rr: 0.000000000 0.294020242 0.705979758
