A:/: 1.000000000 0.000000000 0.000000000
A:/ccr: 0.000000000 1.000000000 0.000000000
A:/crc: 0.000000000 1.000000000 0.000000000
A:/crf: 0.000000000 1.000000000 0.000000000
AJ:/ccc/: 0.631853038 0.368146962 0.000000000
AJ:/ccc/ccr: 0.000000000 0.999999997 0.000000003
AJ:/ccc/crc: 0.000000000 1.000000000 0.000000000
AJ:/ccc/crf: 0.000000000 0.962825222 0.037174778
AJ:/ccrcc/: 0.617650776 0.382349224 0.000000000
AJ:/ccrcc/ccr: 0.000000000 0.837081571 0.162918429
AJ:/ccrcc/crc: 0.000000000 1.000000000 0.000000000
AJ:/ccrcc/crf: 0.000000000 1.000000000 0.000000000
AJ:/ccrcf/: 0.868419527 0.131580473 0.000000000
AJ:/ccrcf/cr: 0.000000000 0.265611502 0.734388498
AJ:/crcc/: 0.871332722 0.128667278 0.000000000
AJ:/crcc/ccr: 0.000000000 1.000000000 0.000000000
AJ:/crcc/crc: 0.000000000 1.000000000 0.000000000
AJ:/crcc/crf: 0.000000000 1.000000000 0.000000000
AJ:/crfc/: 0.994111333 0.005888667 0.000000000
AJ:/crfc/cr: 0.000000000 1.000000000 0.000000000
AJ:/rcc/: 0.692911513 0.307088487 0.000000000
AJ:/rcc/ccr: 0.000000000 0.356126197 0.643873803
AJ:/rcc/crc: 0.000000000 0.224541266 0.775458734
AJ:/rcc/crf: 0.000000000 0.986556056 0.013443944
AJ:/rcf/: 0.999973235 0.000026765 0.000000000
AJ:/rcf/cr: 0.000000000 1.000000000 0.000000000
AJ:/rfc/: 0.145671225 0.854328775 0.000000000
AJ:/rfc/cr: 0.000000000 0.725556607 0.274443393
AK:/ccc/: 0.516973187 0.483026813 0.000000000
AK:/ccc/ccr: 0.000000000 1.000000000 0.000000000
AK:/ccc/crc: 0.000000000 1.000000000 0.000000000
AK:/ccc/crf: 0.000000000 1.000000000 0.000000000
AK:/ccrcc/: 0.797250371 0.202749629 0.000000000
AK:/ccrcc/ccr: 0.000000000 0.539055273 0.460944727
AK:/ccrcc/crc: 0.000000000 1.000000000 0.000000000
AK:/ccrcc/crf: 0.000000000 1.000000000 0.000000000
AK:/ccrcf/: 0.380158259 0.619841741 0.000000000
AK:/ccrcf/cr: 0.000000000 0.608254511 0.391745489
AK:/crcc/: 0.962956675 0.037043325 0.000000000
AK:/crcc/ccr: 0.000000000 1.000000000 0.000000000
AK:/crcc/crc: 0.000000000 1.000000000 0.000000000
AK:/crcc/crf: 0.000000000 1.000000000 0.000000000
AK:/crfc/: 0.830815591 0.169184409 0.000000000
AK:/crfc/cr: 0.000000000 1.000000000 0.000000000
AK:/rcc/: 0.512533939 0.487466061 0.000000000
AK:/rcc/ccr: 0.000000000 0.971330046 0.028669954
AK:/rcc/crc: 0.000000000 0.384835312 0.615164688
AK:/rcc/crf: 0.000000000 0.444828519 0.555171481
AK:/rcf/: 0.807732184 0.192267816 0.000000000
AK:/rcf/cr: 0.000000000 1.000000000 0.000000000
AK:/rfc/: 0.378416420 0.621583580 0.000000000
AK:/rfc/cr: 0.000000000 0.474606251 0.525393749
AQ:/ccc/: 0.630078347 0.369921653 0.000000000
AQ:/ccc/ccr: 0.000000000 1.000000000 0.000000000
AQ:/ccc/crc: 0.000000000 1.000000000 0.000000000
AQ:/ccc/crf: 0.000000000 1.000000000 0.000000000
AQ:/ccrcc/: 1.000000000 0.000000000 0.000000000
AQ:/ccrcc/ccr: 0.000000000 0.256934261 0.743065739
AQ:/ccrcc/crc: 0.000000000 0.903966117 0.096033883
AQ:/ccrcc/crf: 0.000000000 1.000000000 0.000000000
AQ:/ccrcf/: 0.845058886 0.154941114 0.000000000
AQ:/ccrcf/cr: 0.000000000 0.396435689 0.603564311
AQ:/crcc/: 0.669511614 0.330488386 0.000000000
AQ:/crcc/ccr: 0.000000000 1.000000000 0.000000000
AQ:/crcc/crc: 0.000000000 1.000000000 0.000000000
AQ:/crcc/crf: 0.000000000 1.000000000 0.000000000
AQ:/crfc/: 0.622913124 0.377086876 0.000000000
AQ:/crfc/cr: 0.000000000 1.000000000 0.000000000
AQ:/rcc/: 0.274768124 0.725231876 0.000000000
AQ:/rcc/ccr: 0.000000000 0.538243989 0.461756011
AQ:/rcc/crc: 0.000000000 0.213582698 0.786417302
AQ:/rcc/crf: 0.000000000 0.139111586 0.860888414
AQ:/rcf/: 0.809111152 0.190888848 0.000000000
AQ:/rcf/cr: 0.000000000 1.000000000 0.000000000
AQ:/rfc/: 0.615007398 0.384992602 0.000000000
AQ:/rfc/cr: 0.000000000 0.547881611 0.452118389
AT:/ccc/: 0.862368121 0.137631879 0.000000000
AT:/ccc/ccr: 0.000000000 1.000000000 0.000000000
AT:/ccc/crc: 0.000000000 0.956513908 0.043486092
AT:/ccc/crf: 0.000000000 1.000000000 0.000000000
AT:/ccrcc/: 0.699141794 0.300858206 0.000000000
AT:/ccrcc/ccr: 0.000000000 1.000000000 0.000000000
AT:/ccrcc/crc: 0.000000000 1.000000000 0.000000000
AT:/ccrcc/crf: 0.000000000 1.000000000 0.000000000
AT:/ccrcf/: 0.483795281 0.516204719 0.000000000
AT:/ccrcf/cr: 0.000000000 0.081027753 0.918972247
AT:/crcc/: 0.812787510 0.187212490 0.000000000
AT:/crcc/ccr: 0.000000000 1.000000000 0.000000000
AT:/crcc/crc: 0.000000000 1.000000000 0.000000000
AT:/crcc/crf: 0.000000000 1.000000000 0.000000000
AT:/crfc/: 0.635557037 0.364442963 0.000000000
AT:/crfc/cr: 0.000000000 1.000000000 0.000000000
AT:/rcc/: 0.396443749 0.603556251 0.000000000
AT:/rcc/ccr: 0.000000000 0.208669750 0.791330250
AT:/rcc/crc: 0.000000000 0.844642694 0.155357306
AT:/rcc/crf: 0.000000000 1.000000000 0.000000000
AT:/rcf/: 1.000000000 0.000000000 0.000000000
AT:/rcf/cr: 0.000000000 1.000000000 0.000000000
AT:/rfc/: 0.901900176 0.098099824 0.000000000
AT:/rfc/cr: 0.000000000 0.458940401 0.541059599
J:/: 0.267553331 0.732446669 0.000000000
J:/ccr: 0.000000000 0.000000000 1.000000000
J:/crc: 0.000000000 0.000269424 0.999730576
J:/crf: 0.000000000 1.000000000 0.000000000
JA:/ccc/: 0.189121069 0.810878931 0.000000000
JA:/ccc/ccr: 0.000000000 0.281516744 0.718483256
JA:/ccc/crc: 0.000000000 0.113446002 0.886553998
JA:/ccc/crf: 0.000000000 0.406117421 0.593882579
JA:/ccrcc/: 0.995775150 0.004224850 0.000000000
JA:/ccrcc/ccr: 0.000000000 0.419667780 0.580332220
JA:/ccrcc/crc: 0.000000000 0.707086603 0.292913397
JA:/ccrcc/crf: 0.000000000 0.680151930 0.319848070
JA:/ccrcf/: 0.401607725 0.598392275 0.000000000
JA:/ccrcf/cr: 0.000000000 0.948224721 0.051775279
JA:/crcc/: 0.564804367 0.435195633 0.000000000
JA:/crcc/ccr: 0.000000000 0.523188018 0.476811982
JA:/crcc/crc: 0.000000000 0.649580818 0.350419182
JA:/crcc/crf: 0.000000000 0.730905984 0.269094016
JA:/crfc/: 0.337988634 0.662011366 0.000000000
JA:/crfc/cr: 0.000000000 0.261112965 0.738887035
JA:/rcc/: 1.000000000 0.000000000 0.000000000
JA:/rcc/ccr: 0.000000000 0.495433411 0.504566589
JA:/rcc/crc: 0.000000000 0.156236497 0.843763503
JA:/rcc/crf: 0.000000000 0.765642623 0.234357377
JA:/rcf/: 1.000000000 0.000000000 0.000000000
JA:/rcf/cr: 0.000000000 0.000000000 1.000000000
JA:/rfc/: 0.585212835 0.414787165 0.000000000
JA:/rfc/cr: 0.000000000 0.730786587 0.269213413
JK:/ccc/: 0.197087159 0.802912841 0.000000000
JK:/ccc/ccr: 0.000000000 0.396075204 0.603924796
JK:/ccc/crc: 0.000000000 0.410006515 0.589993485
JK:/ccc/crf: 0.000000000 0.338397680 0.661602320
JK:/ccrcc/: 0.986092044 0.013907956 0.000000000
JK:/ccrcc/ccr: 0.000000000 0.237488001 0.762511999
JK:/ccrcc/crc: 0.000000000 0.524103526 0.475896474
JK:/ccrcc/crf: 0.000000000 0.938941984 0.061058016
JK:/ccrcf/: 0.945015111 0.054984889 0.000000000
JK:/ccrcf/cr: 0.000000000 0.682456886 0.317543114
JK:/crcc/: 1.000000000 0.000000000 0.000000000
JK:/crcc/ccr: 0.000000000 0.972376813 0.027623187
JK:/crcc/crc: 0.000000000 0.072458572 0.927541428
JK:/crcc/crf: 0.000000000 0.106689400 0.893310600
JK:/crfc/: 0.000152519 0.999847481 0.000000000
JK:/crfc/cr: 0.000000000 0.000019264 0.999980736
JK:/rcc/: 0.000000000 1.000000000 0.000000000
JK:/rcc/ccr: 0.000000000 0.228917013 0.771082987
JK:/rcc/crc: 0.000000000 0.621562677 0.378437323
JK:/rcc/crf: 0.000000000 0.721190928 0.278809072
JK:/rcf/: 1.000000000 0.000000000 0.000000000
JK:/rcf/cr: 0.000000000 0.025523606 0.974476394
JK:/rfc/: 0.557845359 0.442154641 0.000000000
JK:/rfc/cr: 0.000000000 0.786415103 0.213584897
JQ:/ccc/: 0.186828835 0.813171165 0.000000000
JQ:/ccc/ccr: 0.000000000 0.711526841 0.288473159
JQ:/ccc/crc: 0.000000000 0.387825788 0.612174212
JQ:/ccc/crf: 0.000000000 0.425891764 0.574108236
JQ:/ccrcc/: 1.000000000 0.000000000 0.000000000
JQ:/ccrcc/ccr: 0.000000000 0.727044012 0.272955988
JQ:/ccrcc/crc: 0.000000000 0.240022069 0.759977931
JQ:/ccrcc/crf: 0.000000000 0.518005794 0.481994206
JQ:/ccrcf/: 0.574188607 0.425811393 0.000000000
JQ:/ccrcf/cr: 0.000000000 0.767718139 0.232281861
JQ:/crcc/: 0.999725617 0.000274383 0.000000000
JQ:/crcc/ccr: 0.000000000 0.001549109 0.998450891
JQ:/crcc/crc: 0.000000000 0.057709169 0.942290831
JQ:/crcc/crf: 0.000000000 0.818289854 0.181710146
JQ:/crfc/: 0.699798134 0.300201866 0.000000000
JQ:/crfc/cr: 0.000000000 0.156520514 0.843479486
JQ:/rcc/: 0.078973442 0.921026558 0.000000000
JQ:/rcc/ccr: 0.000000000 0.400381103 0.599618897
JQ:/rcc/crc: 0.000000000 0.000000000 1.000000000
JQ:/rcc/crf: 0.000000000 0.240876088 0.759123912
JQ:/rcf/: 1.000000000 0.000000000 0.000000000
JQ:/rcf/cr: 0.000000000 0.000000000 1.000000000
JQ:/rfc/: 0.272693800 0.727306200 0.000000000
JQ:/rfc/cr: 0.000000000 0.184383731 0.815616269
JT:/ccc/: 0.640627085 0.359372915 0.000000000
JT:/ccc/ccr: 0.000000000 0.600314409 0.399685591
JT:/ccc/crc: 0.000000000 0.721819151 0.278180849
JT:/ccc/crf: 0.000000000 0.424594001 0.575405999
JT:/ccrcc/: 0.612152017 0.387847983 0.000000000
JT:/ccrcc/ccr: 0.000000000 0.715588910 0.284411090
JT:/ccrcc/crc: 0.000000000 0.067878653 0.932121347
JT:/ccrcc/crf: 0.000000000 0.068136072 0.931863928
JT:/ccrcf/: 0.074498929 0.925501071 0.000000000
JT:/ccrcf/cr: 0.000000000 0.657741529 0.342258471
JT:/crcc/: 0.000000000 1.000000000 0.000000000
JT:/crcc/ccr: 0.000000000 0.632531815 0.367468185
JT:/crcc/crc: 0.000000000 0.000000000 1.000000000
JT:/crcc/crf: 0.000000000 0.494853648 0.505146352
JT:/crfc/: 0.191725845 0.808274155 0.000000000
JT:/crfc/cr: 0.000000000 0.401661281 0.598338719
JT:/rcc/: 0.000108186 0.999891814 0.000000000
JT:/rcc/ccr: 0.000000000 0.519941229 0.480058771
JT:/rcc/crc: 0.000000000 0.843772161 0.156227839
JT:/rcc/crf: 0.000000000 0.607675941 0.392324059
JT:/rcf/: 0.537313143 0.462686857 0.000000000
JT:/rcf/cr: 0.000000000 0.000000000 1.000000000
JT:/rfc/: 0.238656805 0.761343195 0.000000000
JT:/rfc/cr: 0.000000000 0.557961343 0.442038657
K:/: 1.000000000 0.000000000 0.000000000
K:/ccr: 0.000000000 0.367473128 0.632526872
K:/crc: 0.000000000 1.000000000 0.000000000
K:/crf: 0.000000000 1.000000000 0.000000000
KA:/ccc/: 0.896291632 0.103708368 0.000000000
KA:/ccc/ccr: 0.000000000 1.000000000 0.000000000
KA:/ccc/crc: 0.000000000 1.000000000 0.000000000
KA:/ccc/crf: 0.000000000 1.000000000 0.000000000
KA:/ccrcc/: 0.383550737 0.616449263 0.000000000
KA:/ccrcc/ccr: 0.000000000 0.624196373 0.375803627
KA:/ccrcc/crc: 0.000000000 1.000000000 0.000000000
KA:/ccrcc/crf: 0.000000000 1.000000000 0.000000000
KA:/ccrcf/: 0.293399244 0.706600756 0.000000000
KA:/ccrcf/cr: 0.000000000 0.527151725 0.472848275
KA:/crcc/: 0.468627626 0.531372374 0.000000000
KA:/crcc/ccr: 0.000000000 1.000000000 0.000000000
KA:/crcc/crc: 0.000000000 1.000000000 0.000000000
KA:/crcc/crf: 0.000000000 1.000000000 0.000000000
KA:/crfc/: 0.339372348 0.660627652 0.000000000
KA:/crfc/cr: 0.000000000 1.000000000 0.000000000
KA:/rcc/: 0.378872030 0.621127970 0.000000000
KA:/rcc/ccr: 0.000000000 0.901863918 0.098136082
KA:/rcc/crc: 0.000000000 0.550543934 0.449456066
KA:/rcc/crf: 0.000000000 0.581506141 0.418493859
KA:/rcf/: 0.999879833 0.000120167 0.000000000
KA:/rcf/cr: 0.000000000 1.000000000 0.000000000
KA:/rfc/: 0.274816359 0.725183641 0.000000000
KA:/rfc/cr: 0.000000000 0.181591933 0.818408067
KJ:/ccc/: 0.761281604 0.238718396 0.000000000
KJ:/ccc/ccr: 0.000000000 0.754713360 0.245286640
KJ:/ccc/crc: 0.000000000 0.552303826 0.447696174
KJ:/ccc/crf: 0.000000000 0.773660754 0.226339246
KJ:/ccrcc/: 0.476183994 0.523816006 0.000000000
KJ:/ccrcc/ccr: 0.000000000 0.902656076 0.097343924
KJ:/ccrcc/crc: 0.000000000 0.570232862 0.429767138
KJ:/ccrcc/crf: 0.000000000 1.000000000 0.000000000
KJ:/ccrcf/: 0.480202887 0.519797113 0.000000000
KJ:/ccrcf/cr: 0.000000000 0.194283187 0.805716813
KJ:/crcc/: 0.997950385 0.002049615 0.000000000
KJ:/crcc/ccr: 0.000000000 0.822926210 0.177073790
KJ:/crcc/crc: 0.000000000 1.000000000 0.000000000
KJ:/crcc/crf: 0.000000000 1.000000000 0.000000000
KJ:/crfc/: 0.059731557 0.940268443 0.000000000
KJ:/crfc/cr: 0.000000000 0.999999994 0.000000006
KJ:/rcc/: 0.918669162 0.081330838 0.000000000
KJ:/rcc/ccr: 0.000000000 0.634608851 0.365391149
KJ:/rcc/crc: 0.000000000 0.745087708 0.254912292
KJ:/rcc/crf: 0.000000000 0.913360224 0.086639776
KJ:/rcf/: 0.080477939 0.919522061 0.000000000
KJ:/rcf/cr: 0.000000000 0.977758132 0.022241868
KJ:/rfc/: 0.663252178 0.336747822 0.000000000
KJ:/rfc/cr: 0.000000000 0.493846625 0.506153375
KQ:/ccc/: 0.999989252 0.000010748 0.000000000
KQ:/ccc/ccr: 0.000000000 0.587416620 0.412583380
KQ:/ccc/crc: 0.000000000 0.501226780 0.498773220
KQ:/ccc/crf: 0.000000000 0.730413751 0.269586249
KQ:/ccrcc/: 0.616384728 0.383615272 0.000000000
KQ:/ccrcc/ccr: 0.000000000 0.441202707 0.558797293
KQ:/ccrcc/crc: 0.000000000 1.000000000 0.000000000
KQ:/ccrcc/crf: 0.000000000 1.000000000 0.000000000
KQ:/ccrcf/: 0.335024697 0.664975303 0.000000000
KQ:/ccrcf/cr: 0.000000000 0.904435119 0.095564881
KQ:/crcc/: 0.999140918 0.000859082 0.000000000
KQ:/crcc/ccr: 0.000000000 0.794512348 0.205487652
KQ:/crcc/crc: 0.000000000 0.812421916 0.187578084
KQ:/crcc/crf: 0.000000000 1.000000000 0.000000000
KQ:/crfc/: 0.814847923 0.185152077 0.000000000
KQ:/crfc/cr: 0.000000000 0.687977248 0.312022752
KQ:/rcc/: 0.248796304 0.751203696 0.000000000
KQ:/rcc/ccr: 0.000000000 0.849597789 0.150402211
KQ:/rcc/crc: 0.000000000 0.796586967 0.203413033
KQ:/rcc/crf: 0.000000000 0.464381800 0.535618200
KQ:/rcf/: 0.000000000 1.000000000 0.000000000
KQ:/rcf/cr: 0.000000000 0.794239666 0.205760334
KQ:/rfc/: 0.497947926 0.502052074 0.000000000
KQ:/rfc/cr: 0.000000000 0.435995604 0.564004396
KT:/ccc/: 0.638992773 0.361007227 0.000000000
KT:/ccc/ccr: 0.000000000 0.788792155 0.211207845
KT:/ccc/crc: 0.000000000 0.357076364 0.642923636
KT:/ccc/crf: 0.000000000 0.674173777 0.325826223
KT:/ccrcc/: 0.999824484 0.000175516 0.000000000
KT:/ccrcc/ccr: 0.000000000 0.722209885 0.277790115
KT:/ccrcc/crc: 0.000000000 0.306463718 0.693536282
KT:/ccrcc/crf: 0.000000000 0.999894562 0.000105438
KT:/ccrcf/: 0.691579608 0.308420392 0.000000000
KT:/ccrcf/cr: 0.000000000 0.823901862 0.176098138
KT:/crcc/: 0.999790431 0.000209569 0.000000000
KT:/crcc/ccr: 0.000000000 0.718298486 0.281701514
KT:/crcc/crc: 0.000000000 0.000000000 1.000000000
KT:/crcc/crf: 0.000000000 0.984387193 0.015612807
KT:/crfc/: 0.381419227 0.618580773 0.000000000
KT:/crfc/cr: 0.000000000 0.790290517 0.209709483
KT:/rcc/: 0.275024255 0.724975745 0.000000000
KT:/rcc/ccr: 0.000000000 0.603965865 0.396034135
KT:/rcc/crc: 0.000000000 0.089683256 0.910316744
KT:/rcc/crf: 0.000000000 0.409885787 0.590114213
KT:/rcf/: 0.033355561 0.966644439 0.000000000
KT:/rcf/cr: 0.000000000 0.999583341 0.000416659
KT:/rfc/: 0.190154280 0.809845720 0.000000000
KT:/rfc/cr: 0.000000000 0.838283230 0.161716770
Q:/: 0.999378209 0.000621791 0.000000000
Q:/ccr: 0.000000000 0.000000000 1.000000000
Q:/crc: 0.000000000 0.000000000 1.000000000
Q:/crf: 0.000000000 1.000000000 0.000000000
QA:/ccc/: 0.748549396 0.251450604 0.000000000
QA:/ccc/ccr: 0.000000000 0.974820517 0.025179483
QA:/ccc/crc: 0.000000000 0.932854290 0.067145710
QA:/ccc/crf: 0.000000000 0.384938765 0.615061235
QA:/ccrcc/: 0.999953669 0.000046331 0.000000000
QA:/ccrcc/ccr: 0.000000000 0.532592487 0.467407513
QA:/ccrcc/crc: 0.000000000 0.516998142 0.483001858
QA:/ccrcc/crf: 0.000000000 0.895647890 0.104352110
QA:/ccrcf/: 0.454119488 0.545880512 0.000000000
QA:/ccrcf/cr: 0.000000000 0.492498902 0.507501098
QA:/crcc/: 0.826654355 0.173345645 0.000000000
QA:/crcc/ccr: 0.000000000 0.471480914 0.528519086
QA:/crcc/crc: 0.000000000 0.650632813 0.349367187
QA:/crcc/crf: 0.000000000 1.000000000 0.000000000
QA:/crfc/: 0.682545923 0.317454077 0.000000000
QA:/crfc/cr: 0.000000000 0.713438189 0.286561811
QA:/rcc/: 0.811783142 0.188216858 0.000000000
QA:/rcc/ccr: 0.000000000 0.695241635 0.304758365
QA:/rcc/crc: 0.000000000 0.379461629 0.620538371
QA:/rcc/crf: 0.000000000 0.692562807 0.307437193
QA:/rcf/: 0.013324697 0.986675303 0.000000000
QA:/rcf/cr: 0.000000000 0.833510642 0.166489358
QA:/rfc/: 0.543003178 0.456996822 0.000000000
QA:/rfc/cr: 0.000000000 0.693788207 0.306211793
QJ:/ccc/: 0.532745955 0.467254045 0.000000000
QJ:/ccc/ccr: 0.000000000 0.539966456 0.460033544
QJ:/ccc/crc: 0.000000000 0.000000000 1.000000000
QJ:/ccc/crf: 0.000000000 0.728707504 0.271292496
QJ:/ccrcc/: 0.181647333 0.818352667 0.000000000
QJ:/ccrcc/ccr: 0.000000000 0.191847384 0.808152616
QJ:/ccrcc/crc: 0.000000000 0.372550950 0.627449050
QJ:/ccrcc/crf: 0.000000000 0.919105796 0.080894204
QJ:/ccrcf/: 0.896241442 0.103758558 0.000000000
QJ:/ccrcf/cr: 0.000000000 0.386306152 0.613693848
QJ:/crcc/: 0.999948763 0.000051237 0.000000000
QJ:/crcc/ccr: 0.000000000 0.491564217 0.508435783
QJ:/crcc/crc: 0.000000000 0.200438991 0.799561009
QJ:/crcc/crf: 0.000000000 0.999765413 0.000234587
QJ:/crfc/: 0.278258671 0.721741329 0.000000000
QJ:/crfc/cr: 0.000000000 0.355809954 0.644190046
QJ:/rcc/: 0.216463145 0.783536855 0.000000000
QJ:/rcc/ccr: 0.000000000 0.847892709 0.152107291
QJ:/rcc/crc: 0.000000000 0.234446516 0.765553484
QJ:/rcc/crf: 0.000000000 0.573426049 0.426573951
QJ:/rcf/: 0.332693891 0.667306109 0.000000000
QJ:/rcf/cr: 0.000000000 0.000000000 1.000000000
QJ:/rfc/: 0.438669154 0.561330846 0.000000000
QJ:/rfc/cr: 0.000000000 0.472281103 0.527718897
QK:/ccc/: 0.836139200 0.163860800 0.000000000
QK:/ccc/ccr: 0.000000000 0.761967323 0.238032677
QK:/ccc/crc: 0.000000000 0.788053039 0.211946961
QK:/ccc/crf: 0.000000000 0.921049857 0.078950143
QK:/ccrcc/: 0.716460163 0.283539837 0.000000000
QK:/ccrcc/ccr: 0.000000000 0.609570288 0.390429712
QK:/ccrcc/crc: 0.000000000 0.743440507 0.256559493
QK:/ccrcc/crf: 0.000000000 0.999968623 0.000031377
QK:/ccrcf/: 0.956847883 0.043152117 0.000000000
QK:/ccrcf/cr: 0.000000000 0.736154083 0.263845917
QK:/crcc/: 0.999692101 0.000307899 0.000000000
QK:/crcc/ccr: 0.000000000 0.810838989 0.189161011
QK:/crcc/crc: 0.000000000 1.000000000 0.000000000
QK:/crcc/crf: 0.000000000 1.000000000 0.000000000
QK:/crfc/: 0.787654217 0.212345783 0.000000000
QK:/crfc/cr: 0.000000000 0.361266917 0.638733083
QK:/rcc/: 0.065285525 0.934714475 0.000000000
QK:/rcc/ccr: 0.000000000 0.662439348 0.337560652
QK:/rcc/crc: 0.000000000 0.011163638 0.988836362
QK:/rcc/crf: 0.000000000 0.625198281 0.374801719
QK:/rcf/: 0.557683593 0.442316407 0.000000000
QK:/rcf/cr: 0.000000000 0.689750702 0.310249298
QK:/rfc/: 0.786369428 0.213630572 0.000000000
QK:/rfc/cr: 0.000000000 0.361300317 0.638699683
QT:/ccc/: 0.974568099 0.025431901 0.000000000
QT:/ccc/ccr: 0.000000000 0.548352450 0.451647550
QT:/ccc/crc: 0.000000000 0.117575804 0.882424196
QT:/ccc/crf: 0.000000000 0.514231082 0.485768918
QT:/ccrcc/: 0.831078373 0.168921627 0.000000000
QT:/ccrcc/ccr: 0.000000000 0.544291579 0.455708421
QT:/ccrcc/crc: 0.000000000 0.625949394 0.374050606
QT:/ccrcc/crf: 0.000000000 0.999796312 0.000203688
QT:/ccrcf/: 0.394650174 0.605349826 0.000000000
QT:/ccrcf/cr: 0.000000000 0.691078070 0.308921930
QT:/crcc/: 0.735767257 0.264232743 0.000000000
QT:/crcc/ccr: 0.000000000 0.225393058 0.774606942
QT:/crcc/crc: 0.000000000 0.099609651 0.900390349
QT:/crcc/crf: 0.000000000 0.000000000 1.000000000
QT:/crfc/: 0.665781067 0.334218933 0.000000000
QT:/crfc/cr: 0.000000000 0.398364665 0.601635335
QT:/rcc/: 0.000087025 0.999912975 0.000000000
QT:/rcc/ccr: 0.000000000 0.508563388 0.491436612
QT:/rcc/crc: 0.000000000 0.426797368 0.573202632
QT:/rcc/crf: 0.000000000 0.363923152 0.636076848
QT:/rcf/: 0.189610085 0.810389915 0.000000000
QT:/rcf/cr: 0.000000000 0.000000000 1.000000000
QT:/rfc/: 0.458895144 0.541104856 0.000000000
QT:/rfc/cr: 0.000000000 0.391902179 0.608097821
T:/: 0.000800536 0.999199464 0.000000000
T:/ccr: 0.000000000 0.000000000 1.000000000
T:/crc: 0.000000000 0.000246359 0.999753641
T:/crf: 0.000000000 1.000000000 0.000000000
TA:/ccc/: 0.644120265 0.355879735 0.000000000
TA:/ccc/ccr: 0.000000000 0.647159263 0.352840737
TA:/ccc/crc: 0.000000000 0.241915410 0.758084590
TA:/ccc/crf: 0.000000000 0.264955387 0.735044613
TA:/ccrcc/: 0.867948257 0.132051743 0.000000000
TA:/ccrcc/ccr: 0.000000000 0.879862433 0.120137567
TA:/ccrcc/crc: 0.000000000 0.222783259 0.777216741
TA:/ccrcc/crf: 0.000000000 0.000000000 1.000000000
TA:/ccrcf/: 0.719912349 0.280087651 0.000000000
TA:/ccrcf/cr: 0.000000000 0.543444189 0.456555811
TA:/crcc/: 0.644388249 0.355611751 0.000000000
TA:/crcc/ccr: 0.000000000 0.357491849 0.642508151
TA:/crcc/crc: 0.000000000 0.111472962 0.888527038
TA:/crcc/crf: 0.000000000 0.000000000 1.000000000
TA:/crfc/: 0.409049961 0.590950039 0.000000000
TA:/crfc/cr: 0.000000000 0.911423633 0.088576367
TA:/rcc/: 1.000000000 0.000000000 0.000000000
TA:/rcc/ccr: 0.000000000 0.048041918 0.951958082
TA:/rcc/crc: 0.000000000 0.909954437 0.090045563
TA:/rcc/crf: 0.000000000 0.253852182 0.746147818
TA:/rcf/: 1.000000000 0.000000000 0.000000000
TA:/rcf/cr: 0.000000000 0.000000000 1.000000000
TA:/rfc/: 0.118611059 0.881388941 0.000000000
TA:/rfc/cr: 0.000000000 0.431488004 0.568511996
TJ:/ccc/: 0.228534702 0.771465298 0.000000000
TJ:/ccc/ccr: 0.000000000 0.269723007 0.730276993
TJ:/ccc/crc: 0.000000000 0.405969060 0.594030940
TJ:/ccc/crf: 0.000000000 0.854305015 0.145694985
TJ:/ccrcc/: 0.145395164 0.854604836 0.000000000
TJ:/ccrcc/ccr: 0.000000000 0.179376387 0.820623613
TJ:/ccrcc/crc: 0.000000000 0.253318642 0.746681358
TJ:/ccrcc/crf: 0.000000000 0.058909970 0.941090030
TJ:/ccrcf/: 0.789438200 0.210561800 0.000000000
TJ:/ccrcf/cr: 0.000000000 0.934675073 0.065324927
TJ:/crcc/: 0.772817787 0.227182213 0.000000000
TJ:/crcc/ccr: 0.000000000 0.693358255 0.306641745
TJ:/crcc/crc: 0.000000000 0.000000000 1.000000000
TJ:/crcc/crf: 0.000000000 0.000000000 1.000000000
TJ:/crfc/: 0.739374827 0.260625173 0.000000000
TJ:/crfc/cr: 0.000000000 0.887366463 0.112633537
TJ:/rcc/: 0.524132595 0.475867405 0.000000000
TJ:/rcc/ccr: 0.000000000 0.019481216 0.980518784
TJ:/rcc/crc: 0.000000000 0.353930793 0.646069207
TJ:/rcc/crf: 0.000000000 0.300740341 0.699259659
TJ:/rcf/: 0.999669381 0.000330619 0.000000000
TJ:/rcf/cr: 0.000000000 0.000000000 1.000000000
TJ:/rfc/: 0.031563767 0.968436233 0.000000000
TJ:/rfc/cr: 0.000000000 0.255001692 0.744998308
TK:/ccc/: 0.583773430 0.416226570 0.000000000
TK:/ccc/ccr: 0.000000000 0.495077316 0.504922684
TK:/ccc/crc: 0.000000000 0.414790659 0.585209341
TK:/ccc/crf: 0.000000000 0.311625631 0.688374369
TK:/ccrcc/: 0.261127875 0.738872125 0.000000000
TK:/ccrcc/ccr: 0.000000000 0.280025095 0.719974905
TK:/ccrcc/crc: 0.000000000 0.192243952 0.807756048
TK:/ccrcc/crf: 0.000000000 0.149890123 0.850109877
TK:/ccrcf/: 0.493375339 0.506624661 0.000000000
TK:/ccrcf/cr: 0.000000000 0.899594649 0.100405351
TK:/crcc/: 0.999644387 0.000355613 0.000000000
TK:/crcc/ccr: 0.000000000 1.000000000 0.000000000
TK:/crcc/crc: 0.000000000 0.000000000 1.000000000
TK:/crcc/crf: 0.000000000 0.000000000 1.000000000
TK:/crfc/: 0.518196976 0.481803024 0.000000000
TK:/crfc/cr: 0.000000000 0.600903825 0.399096175
TK:/rcc/: 0.000000000 1.000000000 0.000000000
TK:/rcc/ccr: 0.000000000 0.915463497 0.084536503
TK:/rcc/crc: 0.000000000 0.495978722 0.504021278
TK:/rcc/crf: 0.000000000 0.534724403 0.465275597
TK:/rcf/: 1.000000000 0.000000000 0.000000000
TK:/rcf/cr: 0.000000000 0.000000000 1.000000000
TK:/rfc/: 0.496294731 0.503705269 0.000000000
TK:/rfc/cr: 0.000000000 0.682890135 0.317109865
TQ:/ccc/: 0.535508591 0.464491409 0.000000000
TQ:/ccc/ccr: 0.000000000 0.473562460 0.526437540
TQ:/ccc/crc: 0.000000000 0.434378984 0.565621016
TQ:/ccc/crf: 0.000000000 0.593012200 0.406987800
TQ:/ccrcc/: 0.857262219 0.142737781 0.000000000
TQ:/ccrcc/ccr: 0.000000000 0.000000128 0.999999872
TQ:/ccrcc/crc: 0.000000000 0.344342435 0.655657565
TQ:/ccrcc/crf: 0.000000000 0.000000000 1.000000000
TQ:/ccrcf/: 0.253798810 0.746201190 0.000000000
TQ:/ccrcf/cr: 0.000000000 0.955202445 0.044797555
TQ:/crcc/: 0.999843729 0.000156271 0.000000000
TQ:/crcc/ccr: 0.000000000 0.423016876 0.576983124
TQ:/crcc/crc: 0.000000000 0.230214455 0.769785545
TQ:/crcc/crf: 0.000000000 0.000000000 1.000000000
TQ:/crfc/: 0.427451470 0.572548530 0.000000000
TQ:/crfc/cr: 0.000000000 0.434928582 0.565071418
TQ:/rcc/: 0.018228216 0.981771784 0.000000000
TQ:/rcc/ccr: 0.000000000 0.416076921 0.583923079
TQ:/rcc/crc: 0.000000000 0.319207499 0.680792501
TQ:/rcc/crf: 0.000000000 0.392737383 0.607262617
TQ:/rcf/: 1.000000000 0.000000000 0.000000000
TQ:/rcf/cr: 0.000000000 0.000000000 1.000000000
TQ:/rfc/: 0.310651749 0.689348251 0.000000000
TQ:/rfc/cr: 0.000000000 0.509243269 0.490756731
