A:/cc: 1.000000000 0.000000000 0.000000000
A:/cr: 0.000000000 1.000000000 0.000000000
A:/rc: 0.000000000 1.000000000 0.000000000
A:/rf: 0.000000000 0.400381103 0.599618897
AJ:/ccc/cc: 0.842949899 0.157050101 0.000000000
AJ:/ccc/cr: 0.000000000 1.000000000 0.000000000
AJ:/ccc/rc: 0.000000000 1.000000000 0.000000000
AJ:/ccc/rf: 0.000000000 0.574889889 0.425110111
AJ:/ccrcc/cc: 0.968669041 0.031330959 0.000000000
AJ:/ccrcc/cr: 0.000000000 0.579677540 0.420322460
AJ:/ccrcc/rc: 0.000000000 0.463244570 0.536755430
AJ:/ccrcc/rf: 0.000000000 0.218392695 0.781607305
AJ:/ccrcf/c: 0.542045674 0.457954326 0.000000000
AJ:/ccrcf/r: 0.000000000 0.203194611 0.796805389
AJ:/ccrfc/c: 0.943380970 0.056619030 0.000000000
AJ:/ccrfc/r: 0.000000000 0.985735218 0.014264782
AJ:/crcc/cc: 0.272696172 0.727303828 0.000000000
AJ:/crcc/cr: 0.000000000 0.305471628 0.694528372
AJ:/crcc/rc: 0.000000000 0.581807301 0.418192699
AJ:/crcc/rf: 0.000000000 0.238656805 0.761343195
AJ:/crcf/c: 0.844718176 0.155281824 0.000000000
AJ:/crcf/r: 0.000000000 1.000000000 0.000000000
AJ:/rcc/cc: 0.396705777 0.603294223 0.000000000
AJ:/rcc/cr: 0.000000000 0.958899304 0.041100696
AJ:/rcc/rc: 0.000000000 0.900136556 0.099863444
AJ:/rcc/rf: 0.000000000 0.554270009 0.445729991
AJ:/rfc/c: 0.479569338 0.520430662 0.000000000
AJ:/rfc/r: 0.000000000 0.214767973 0.785232027
AK:/ccc/cc: 0.906307923 0.093692077 0.000000000
AK:/ccc/cr: 0.000000000 1.000000000 0.000000000
AK:/ccc/rc: 0.000000000 1.000000000 0.000000000
AK:/ccc/rf: 0.000000000 0.475765871 0.524234129
AK:/ccrcc/cc: 0.493244098 0.506755902 0.000000000
AK:/ccrcc/cr: 0.000000000 0.267611952 0.732388048
AK:/ccrcc/rc: 0.000000000 0.706589115 0.293410885
AK:/ccrcc/rf: 0.000000000 0.511763199 0.488236801
AK:/ccrcf/c: 0.081850787 0.918149213 0.000000000
AK:/ccrcf/r: 0.000000000 0.386299998 0.613700002
AK:/ccrfc/c: 0.852175881 0.147824119 0.000000000
AK:/ccrfc/r: 0.000000000 1.000000000 0.000000000
AK:/crcc/cc: 0.103776807 0.896223193 0.000000000
AK:/crcc/cr: 0.000000000 0.553327793 0.446672207
AK:/crcc/rc: 0.000000000 0.688117478 0.311882522
AK:/crcc/rf: 0.000000000 0.496294731 0.503705269
AK:/crcf/c: 1.000000000 0.000000000 0.000000000
AK:/crcf/r: 0.000000000 1.000000000 0.000000000
AK:/rcc/cc: 0.465760930 0.534239070 0.000000000
AK:/rcc/cr: 0.000000000 0.970912040 0.029087960
AK:/rcc/rc: 0.000000000 0.674844334 0.325155666
AK:/rcc/rf: 0.000000000 0.537061861 0.462938139
AK:/rfc/c: 0.625925716 0.374074284 0.000000000
AK:/rfc/r: 0.000000000 0.547934045 0.452065955
AQ:/ccc/cc: 1.000000000 0.000000000 0.000000000
AQ:/ccc/cr: 0.000000000 1.000000000 0.000000000
AQ:/ccc/rc: 0.000000000 1.000000000 0.000000000
AQ:/ccc/rf: 0.000000000 0.978352921 0.021647079
AQ:/ccrcc/cc: 0.453782852 0.546217148 0.000000000
AQ:/ccrcc/cr: 0.000000000 0.151040217 0.848959783
AQ:/ccrcc/rc: 0.000000000 0.409958714 0.590041286
AQ:/ccrcc/rf: 0.000000000 0.633827988 0.366172012
AQ:/ccrcf/c: 0.789707131 0.210292869 0.000000000
AQ:/ccrcf/r: 0.000000000 0.934675073 0.065324927
AQ:/ccrfc/c: 1.000000000 0.000000000 0.000000000
AQ:/ccrfc/r: 0.000000000 0.988242251 0.011757749
AQ:/crcc/cc: 0.516469758 0.483530242 0.000000000
AQ:/crcc/cr: 0.000000000 0.414929402 0.585070598
AQ:/crcc/rc: 0.000000000 0.775049740 0.224950260
AQ:/crcc/rf: 0.000000000 0.909681192 0.090318808
AQ:/crcf/c: 1.000000000 0.000000000 0.000000000
AQ:/crcf/r: 0.000000000 1.000000000 0.000000000
AQ:/rcc/cc: 0.756194905 0.243805095 0.000000000
AQ:/rcc/cr: 0.000000000 1.000000000 0.000000000
AQ:/rcc/rc: 0.000000000 0.875456115 0.124543885
AQ:/rcc/rf: 0.000000000 0.479319519 0.520680481
AQ:/rfc/c: 0.470091005 0.529908995 0.000000000
AQ:/rfc/r: 0.000000000 0.515231164 0.484768836
AT:/ccc/cc: 0.202599359 0.797400641 0.000000000
AT:/ccc/cr: 0.000000000 0.804258350 0.195741650
AT:/ccc/rc: 0.000000000 1.000000000 0.000000000
AT:/ccc/rf: 0.000000000 0.644674463 0.355325537
AT:/ccrcc/cc: 0.558381671 0.441618329 0.000000000
AT:/ccrcc/cr: 0.000000000 0.160574439 0.839425561
AT:/ccrcc/rc: 0.000000000 0.097824314 0.902175686
AT:/ccrcc/rf: 0.000000000 0.632538030 0.367461970
AT:/ccrcf/c: 0.159628155 0.840371845 0.000000000
AT:/ccrcf/r: 0.000000000 0.605365848 0.394634152
AT:/ccrfc/c: 0.548701586 0.451298414 0.000000000
AT:/ccrfc/r: 0.000000000 0.871595512 0.128404488
AT:/crcc/cc: 0.882210615 0.117789385 0.000000000
AT:/crcc/cr: 0.000000000 0.845539842 0.154460158
AT:/crcc/rc: 0.000000000 0.212120296 0.787879704
AT:/crcc/rf: 0.000000000 0.091581027 0.908418973
AT:/crcf/c: 1.000000000 0.000000000 0.000000000
AT:/crcf/r: 0.000000000 0.946961980 0.053038020
AT:/rcc/cc: 0.946395006 0.053604994 0.000000000
AT:/rcc/cr: 0.000000000 1.000000000 0.000000000
AT:/rcc/rc: 0.000000000 0.578994870 0.421005130
AT:/rcc/rf: 0.000000000 0.704216401 0.295783599
AT:/rfc/c: 0.444401595 0.555598405 0.000000000
AT:/rfc/r: 0.000000000 0.641034330 0.358965670
J:/cc: 0.468245846 0.531754154 0.000000000
J:/cr: 0.000000000 0.999669483 0.000330517
J:/rc: 0.000000000 0.000460674 0.999539326
J:/rf: 0.000000000 0.474606251 0.525393749
JA:/ccc/cc: 0.687514978 0.312485022 0.000000000
JA:/ccc/cr: 0.000000000 0.359657772 0.640342228
JA:/ccc/rc: 0.000000000 0.000000000 1.000000000
JA:/ccc/rf: 0.000000000 0.462832400 0.537167600
JA:/ccrcc/cc: 0.557831867 0.442168133 0.000000000
JA:/ccrcc/cr: 0.000000000 0.787066994 0.212933006
JA:/ccrcc/rc: 0.000000000 0.554773466 0.445226534
JA:/ccrcc/rf: 0.000000000 0.471982162 0.528017838
JA:/ccrcf/c: 0.054701085 0.945298915 0.000000000
JA:/ccrcf/r: 0.000000000 0.631066093 0.368933907
JA:/ccrfc/c: 0.504175783 0.495824217 0.000000000
JA:/ccrfc/r: 0.000000000 0.360749109 0.639250891
JA:/crcc/cc: 0.712043497 0.287956503 0.000000000
JA:/crcc/cr: 0.000000000 0.631577305 0.368422695
JA:/crcc/rc: 0.000000000 0.390123651 0.609876349
JA:/crcc/rf: 0.000000000 0.533747374 0.466252626
JA:/crcf/c: 0.000415865 0.999584135 0.000000000
JA:/crcf/r: 0.000000000 0.000000000 1.000000000
JA:/rcc/cc: 0.384518487 0.615481513 0.000000000
JA:/rcc/cr: 0.000000000 0.627650337 0.372349663
JA:/rcc/rc: 0.000000000 0.000000000 1.000000000
JA:/rcc/rf: 0.000000000 0.722425500 0.277574500
JA:/rfc/c: 0.552055523 0.447944477 0.000000000
JA:/rfc/r: 0.000000000 0.570718529 0.429281471
JK:/ccc/cc: 0.434346493 0.565653507 0.000000000
JK:/ccc/cr: 0.000000000 0.136727723 0.863272277
JK:/ccc/rc: 0.000000000 0.165514943 0.834485057
JK:/ccc/rf: 0.000000000 0.829015373 0.170984627
JK:/ccrcc/cc: 0.728142065 0.271857935 0.000000000
JK:/ccrcc/cr: 0.000000000 0.378923359 0.621076641
JK:/ccrcc/rc: 0.000000000 0.772278084 0.227721916
JK:/ccrcc/rf: 0.000000000 0.432407162 0.567592838
JK:/ccrcf/c: 0.675867521 0.324132479 0.000000000
JK:/ccrcf/r: 0.000000000 0.701937078 0.298062922
JK:/ccrfc/c: 0.396978768 0.603021232 0.000000000
JK:/ccrfc/r: 0.000000000 0.458946805 0.541053195
JK:/crcc/cc: 0.561492713 0.438507287 0.000000000
JK:/crcc/cr: 0.000000000 0.426747580 0.573252420
JK:/crcc/rc: 0.000000000 0.534583681 0.465416319
JK:/crcc/rf: 0.000000000 0.231739768 0.768260232
JK:/crcf/c: 0.206396321 0.793603679 0.000000000
JK:/crcf/r: 0.000000000 0.000000000 1.000000000
JK:/rcc/cc: 0.330373842 0.669626158 0.000000000
JK:/rcc/cr: 0.000000000 0.167827492 0.832172508
JK:/rcc/rc: 0.000000000 0.844208726 0.155791274
JK:/rcc/rf: 0.000000000 0.398418821 0.601581179
JK:/rfc/c: 0.435218260 0.564781740 0.000000000
JK:/rfc/r: 0.000000000 0.663118245 0.336881755
JQ:/ccc/cc: 0.836161684 0.163838316 0.000000000
JQ:/ccc/cr: 0.000000000 0.285410674 0.714589326
JQ:/ccc/rc: 0.000000000 0.000000000 1.000000000
JQ:/ccc/rf: 0.000000000 0.845335204 0.154664796
JQ:/ccrcc/cc: 0.941721625 0.058278375 0.000000000
JQ:/ccrcc/cr: 0.000000000 0.213093204 0.786906796
JQ:/ccrcc/rc: 0.000000000 0.537873492 0.462126508
JQ:/ccrcc/rf: 0.000000000 0.155895860 0.844104140
JQ:/ccrcf/c: 0.108891790 0.891108210 0.000000000
JQ:/ccrcf/r: 0.000000000 0.304092697 0.695907303
JQ:/ccrfc/c: 0.508265662 0.491734338 0.000000000
JQ:/ccrfc/r: 0.000000000 0.248119132 0.751880868
JQ:/crcc/cc: 0.533263925 0.466736075 0.000000000
JQ:/crcc/cr: 0.000000000 0.571954612 0.428045388
JQ:/crcc/rc: 0.000000000 0.626596339 0.373403661
JQ:/crcc/rf: 0.000000000 0.742256093 0.257743907
JQ:/crcf/c: 0.194463882 0.805536118 0.000000000
JQ:/crcf/r: 0.000000000 0.000000000 1.000000000
JQ:/rcc/cc: 0.739874064 0.260125936 0.000000000
JQ:/rcc/cr: 0.000000000 0.000000000 1.000000000
JQ:/rcc/rc: 0.000000000 0.002832039 0.997167961
JQ:/rcc/rf: 0.000000000 0.546785673 0.453214327
JQ:/rfc/c: 0.870947670 0.129052330 0.000000000
JQ:/rfc/r: 0.000000000 0.665045074 0.334954926
JT:/ccc/cc: 0.709993769 0.290006231 0.000000000
JT:/ccc/cr: 0.000000000 0.168878344 0.831121656
JT:/ccc/rc: 0.000000000 0.065941043 0.934058957
JT:/ccc/rf: 0.000000000 0.310465960 0.689534040
JT:/ccrcc/cc: 0.002049123 0.997950877 0.000000000
JT:/ccrcc/cr: 0.000000000 0.201638646 0.798361354
JT:/ccrcc/rc: 0.000000000 0.894193801 0.105806199
JT:/ccrcc/rf: 0.000000000 0.394623766 0.605376234
JT:/ccrcf/c: 0.615007398 0.384992602 0.000000000
JT:/ccrcf/r: 0.000000000 0.547881611 0.452118389
JT:/ccrfc/c: 0.041396900 0.958603100 0.000000000
JT:/ccrfc/r: 0.000000000 0.585956499 0.414043501
JT:/crcc/cc: 0.149487677 0.850512323 0.000000000
JT:/crcc/cr: 0.000000000 0.150094939 0.849905061
JT:/crcc/rc: 0.000000000 0.040726754 0.959273246
JT:/crcc/rf: 0.000000000 0.477791614 0.522208386
JT:/crcf/c: 0.598325904 0.401674096 0.000000000
JT:/crcf/r: 0.000000000 0.509491826 0.490508174
JT:/rcc/cc: 1.000000000 0.000000000 0.000000000
JT:/rcc/cr: 0.000000000 0.000000000 1.000000000
JT:/rcc/rc: 0.000000000 0.200595541 0.799404459
JT:/rcc/rf: 0.000000000 0.510671190 0.489328810
JT:/rfc/c: 0.490456682 0.509543318 0.000000000
JT:/rfc/r: 0.000000000 0.970044724 0.029955276
K:/cc: 1.000000000 0.000000000 0.000000000
K:/cr: 0.000000000 1.000000000 0.000000000
K:/rc: 0.000000000 0.761915023 0.238084977
K:/rf: 0.000000000 0.150615631 0.849384369
KA:/ccc/cc: 0.821539936 0.178460064 0.000000000
KA:/ccc/cr: 0.000000000 1.000000000 0.000000000
KA:/ccc/rc: 0.000000000 1.000000000 0.000000000
KA:/ccc/rf: 0.000000000 0.448938979 0.551061021
KA:/ccrcc/cc: 0.355682007 0.644317993 0.000000000
KA:/ccrcc/cr: 0.000000000 0.569000330 0.430999670
KA:/ccrcc/rc: 0.000000000 1.000000000 0.000000000
KA:/ccrcc/rf: 0.000000000 0.409224342 0.590775658
KA:/ccrcf/c: 0.533559935 0.466440065 0.000000000
KA:/ccrcf/r: 0.000000000 0.903206779 0.096793221
KA:/ccrfc/c: 0.983363775 0.016636225 0.000000000
KA:/ccrfc/r: 0.000000000 1.000000000 0.000000000
KA:/crcc/cc: 0.082498822 0.917501178 0.000000000
KA:/crcc/cr: 0.000000000 0.540667071 0.459332929
KA:/crcc/rc: 0.000000000 0.433658280 0.566341720
KA:/crcc/rf: 0.000000000 0.118611059 0.881388941
KA:/crcf/c: 1.000000000 0.000000000 0.000000000
KA:/crcf/r: 0.000000000 1.000000000 0.000000000
KA:/rcc/cc: 0.518783306 0.481216694 0.000000000
KA:/rcc/cr: 0.000000000 0.540225726 0.459774274
KA:/rcc/rc: 0.000000000 1.000000000 0.000000000
KA:/rcc/rf: 0.000000000 0.598568008 0.401431992
KA:/rfc/c: 0.544283890 0.455716110 0.000000000
KA:/rfc/r: 0.000000000 0.562234165 0.437765835
KJ:/ccc/cc: 0.865528072 0.134471928 0.000000000
KJ:/ccc/cr: 0.000000000 0.640194250 0.359805750
KJ:/ccc/rc: 0.000000000 0.765406545 0.234593455
KJ:/ccc/rf: 0.000000000 0.497349309 0.502650691
KJ:/ccrcc/cc: 0.614265965 0.385734035 0.000000000
KJ:/ccrcc/cr: 0.000000000 0.243574917 0.756425083
KJ:/ccrcc/rc: 0.000000000 0.527884648 0.472115352
KJ:/ccrcc/rf: 0.000000000 0.293774548 0.706225452
KJ:/ccrcf/c: 0.438968942 0.561031058 0.000000000
KJ:/ccrcf/r: 0.000000000 0.797339398 0.202660602
KJ:/ccrfc/c: 0.055996877 0.944003123 0.000000000
KJ:/ccrfc/r: 0.000000000 0.681670770 0.318329230
KJ:/crcc/cc: 0.274795198 0.725204802 0.000000000
KJ:/crcc/cr: 0.000000000 0.187815216 0.812184784
KJ:/crcc/rc: 0.000000000 0.090893982 0.909106018
KJ:/crcc/rf: 0.000000000 0.617632905 0.382367095
KJ:/crcf/c: 0.639302683 0.360697317 0.000000000
KJ:/crcf/r: 0.000000000 0.667255212 0.332744788
KJ:/rcc/cc: 0.351430924 0.648569076 0.000000000
KJ:/rcc/cr: 0.000000000 0.116355345 0.883644655
KJ:/rcc/rc: 0.000000000 0.300156838 0.699843162
KJ:/rcc/rf: 0.000000000 0.579575235 0.420424765
KJ:/rfc/c: 0.831178005 0.168821995 0.000000000
KJ:/rfc/r: 0.000000000 0.148623306 0.851376694
KQ:/ccc/cc: 0.771704794 0.228295206 0.000000000
KQ:/ccc/cr: 0.000000000 0.864439488 0.135560512
KQ:/ccc/rc: 0.000000000 0.341807161 0.658192839
KQ:/ccc/rf: 0.000000000 0.631256629 0.368743371
KQ:/ccrcc/cc: 0.785752088 0.214247912 0.000000000
KQ:/ccrcc/cr: 0.000000000 0.361458059 0.638541941
KQ:/ccrcc/rc: 0.000000000 0.360549801 0.639450199
KQ:/ccrcc/rf: 0.000000000 0.815138897 0.184861103
KQ:/ccrcf/c: 0.479614882 0.520385118 0.000000000
KQ:/ccrcf/r: 0.000000000 0.823478240 0.176521760
KQ:/ccrfc/c: 0.042252522 0.957747478 0.000000000
KQ:/ccrfc/r: 0.000000000 0.720223173 0.279776827
KQ:/crcc/cc: 0.623929541 0.376070459 0.000000000
KQ:/crcc/cr: 0.000000000 0.018032216 0.981967784
KQ:/crcc/rc: 0.000000000 0.188950322 0.811049678
KQ:/crcc/rf: 0.000000000 0.201871464 0.798128536
KQ:/crcf/c: 0.003001701 0.996998299 0.000000000
KQ:/crcf/r: 0.000000000 0.667497040 0.332502960
KQ:/rcc/cc: 0.454413545 0.545586455 0.000000000
KQ:/rcc/cr: 0.000000000 0.609286175 0.390713825
KQ:/rcc/rc: 0.000000000 0.496230575 0.503769425
KQ:/rcc/rf: 0.000000000 0.630054717 0.369945283
KQ:/rfc/c: 0.077878340 0.922121660 0.000000000
KQ:/rfc/r: 0.000000000 0.877721326 0.122278674
KT:/ccc/cc: 0.625857760 0.374142240 0.000000000
KT:/ccc/cr: 0.000000000 0.755238291 0.244761709
KT:/ccc/rc: 0.000000000 0.457289241 0.542710759
KT:/ccc/rf: 0.000000000 0.497947926 0.502052074
KT:/ccrcc/cc: 0.270715261 0.729284739 0.000000000
KT:/ccrcc/cr: 0.000000000 0.632135057 0.367864943
KT:/ccrcc/rc: 0.000000000 0.945431800 0.054568200
KT:/ccrcc/rf: 0.000000000 0.549104363 0.450895637
KT:/ccrcf/c: 0.505674471 0.494325529 0.000000000
KT:/ccrcf/r: 0.000000000 0.173728747 0.826271253
KT:/ccrfc/c: 0.258381763 0.741618237 0.000000000
KT:/ccrfc/r: 0.000000000 0.808461624 0.191538376
KT:/crcc/cc: 0.321590134 0.678409866 0.000000000
KT:/crcc/cr: 0.000000000 0.900888891 0.099111109
KT:/crcc/rc: 0.000000000 0.510330158 0.489669842
KT:/crcc/rf: 0.000000000 0.451516620 0.548483380
KT:/crcf/c: 0.495419172 0.504580828 0.000000000
KT:/crcf/r: 0.000000000 0.814974816 0.185025184
KT:/rcc/cc: 0.370097411 0.629902589 0.000000000
KT:/rcc/cr: 0.000000000 0.132013130 0.867986870
KT:/rcc/rc: 0.000000000 0.676550064 0.323449936
KT:/rcc/rf: 0.000000000 0.394826980 0.605173020
KT:/rfc/c: 0.803967584 0.196032416 0.000000000
KT:/rfc/r: 0.000000000 0.296524340 0.703475660
Q:/cc: 0.999909718 0.000090282 0.000000000
Q:/cr: 0.000000000 1.000000000 0.000000000
Q:/rc: 0.000000000 0.000000000 1.000000000
Q:/rf: 0.000000000 0.725556607 0.274443393
QA:/ccc/cc: 0.543855837 0.456144163 0.000000000
QA:/ccc/cr: 0.000000000 0.824976975 0.175023025
QA:/ccc/rc: 0.000000000 0.458999396 0.541000604
QA:/ccc/rf: 0.000000000 0.405061888 0.594938112
QA:/ccrcc/cc: 0.310650921 0.689349079 0.000000000
QA:/ccrcc/cr: 0.000000000 0.507802038 0.492197962
QA:/ccrcc/rc: 0.000000000 0.251982508 0.748017492
QA:/ccrcc/rf: 0.000000000 0.031563767 0.968436233
QA:/ccrcf/c: 0.661901259 0.338098741 0.000000000
QA:/ccrcf/r: 0.000000000 0.505672798 0.494327202
QA:/ccrfc/c: 0.613685973 0.386314027 0.000000000
QA:/ccrfc/r: 0.000000000 0.666922637 0.333077363
QA:/crcc/cc: 0.728518340 0.271481660 0.000000000
QA:/crcc/cr: 0.000000000 0.398828039 0.601171961
QA:/crcc/rc: 0.000000000 0.415921909 0.584078091
QA:/crcc/rf: 0.000000000 0.617488139 0.382511861
QA:/crcf/c: 0.604026620 0.395973380 0.000000000
QA:/crcf/r: 0.000000000 0.667700648 0.332299352
QA:/rcc/cc: 0.791210841 0.208789159 0.000000000
QA:/rcc/cr: 0.000000000 0.640574974 0.359425026
QA:/rcc/rc: 0.000000000 0.230060739 0.769939261
QA:/rcc/rf: 0.000000000 0.882327905 0.117672095
QA:/rfc/c: 0.675945541 0.324054459 0.000000000
QA:/rfc/r: 0.000000000 0.742569845 0.257430155
QJ:/ccc/cc: 0.157005399 0.842994601 0.000000000
QJ:/ccc/cr: 0.000000000 0.290819426 0.709180574
QJ:/ccc/rc: 0.000000000 0.282193734 0.717806266
QJ:/ccc/rf: 0.000000000 0.618486880 0.381513120
QJ:/ccrcc/cc: 0.343881527 0.656118473 0.000000000
QJ:/ccrcc/cr: 0.000000000 0.407329759 0.592670241
QJ:/ccrcc/rc: 0.000000000 0.739561893 0.260438107
QJ:/ccrcc/rf: 0.000000000 0.438363538 0.561636462
QJ:/ccrcf/c: 0.484214240 0.515785760 0.000000000
QJ:/ccrcf/r: 0.000000000 0.081027753 0.918972247
QJ:/ccrfc/c: 0.157771773 0.842228227 0.000000000
QJ:/ccrfc/r: 0.000000000 0.012155455 0.987844545
QJ:/crcc/cc: 0.615972534 0.384027466 0.000000000
QJ:/crcc/cr: 0.000000000 0.507077640 0.492922360
QJ:/crcc/rc: 0.000000000 0.669663227 0.330336773
QJ:/crcc/rf: 0.000000000 0.259761713 0.740238287
QJ:/crcf/c: 0.140467626 0.859532374 0.000000000
QJ:/crcf/r: 0.000000000 0.112943666 0.887056334
QJ:/rcc/cc: 0.517717713 0.482282287 0.000000000
QJ:/rcc/cr: 0.000000000 0.223530273 0.776469727
QJ:/rcc/rc: 0.000000000 0.000000000 1.000000000
QJ:/rcc/rf: 0.000000000 0.283500312 0.716499688
QJ:/rfc/c: 0.901900176 0.098099824 0.000000000
QJ:/rfc/r: 0.000000000 0.458940401 0.541059599
QK:/ccc/cc: 0.257152302 0.742847698 0.000000000
QK:/ccc/cr: 0.000000000 0.553193867 0.446806133
QK:/ccc/rc: 0.000000000 0.644490477 0.355509523
QK:/ccc/rf: 0.000000000 0.500809635 0.499190365
QK:/ccrcc/cc: 0.542959305 0.457040695 0.000000000
QK:/ccrcc/cr: 0.000000000 0.694026087 0.305973913
QK:/ccrcc/rc: 0.000000000 0.386407175 0.613592825
QK:/ccrcc/rf: 0.000000000 0.238544514 0.761455486
QK:/ccrcf/c: 0.059866904 0.940133096 0.000000000
QK:/ccrcf/r: 0.000000000 0.508465922 0.491534078
QK:/ccrfc/c: 0.320886710 0.679113290 0.000000000
QK:/ccrfc/r: 0.000000000 0.666868144 0.333131856
QK:/crcc/cc: 0.027208911 0.972791089 0.000000000
QK:/crcc/cr: 0.000000000 0.390706481 0.609293519
QK:/crcc/rc: 0.000000000 0.197567457 0.802432543
QK:/crcc/rf: 0.000000000 0.509965697 0.490034303
QK:/crcf/c: 0.499227365 0.500772635 0.000000000
QK:/crcf/r: 0.000000000 0.667206316 0.332793684
QK:/rcc/cc: 0.665410999 0.334589001 0.000000000
QK:/rcc/cr: 0.000000000 0.504646252 0.495353748
QK:/rcc/rc: 0.000000000 0.684686762 0.315313238
QK:/rcc/rf: 0.000000000 0.678939403 0.321060597
QK:/rfc/c: 0.375611044 0.624388956 0.000000000
QK:/rfc/r: 0.000000000 0.738906999 0.261093001
QT:/ccc/cc: 0.355165609 0.644834391 0.000000000
QT:/ccc/cr: 0.000000000 0.195629660 0.804370340
QT:/ccc/rc: 0.000000000 0.590889731 0.409110269
QT:/ccc/rf: 0.000000000 0.966420533 0.033579467
QT:/ccrcc/cc: 0.544205981 0.455794019 0.000000000
QT:/ccrcc/cr: 0.000000000 0.361851413 0.638148587
QT:/ccrcc/rc: 0.000000000 0.733072094 0.266927906
QT:/ccrcc/rf: 0.000000000 0.456307187 0.543692813
QT:/ccrcf/c: 0.274554541 0.725445459 0.000000000
QT:/ccrcf/r: 0.000000000 0.738708914 0.261291086
QT:/ccrfc/c: 0.459972982 0.540027018 0.000000000
QT:/ccrfc/r: 0.000000000 0.139523386 0.860476614
QT:/crcc/cc: 0.565085165 0.434914835 0.000000000
QT:/crcc/cr: 0.000000000 0.829039106 0.170960894
QT:/crcc/rc: 0.000000000 0.574427868 0.425572132
QT:/crcc/rf: 0.000000000 0.318700431 0.681299569
QT:/crcf/c: 0.319443678 0.680556322 0.000000000
QT:/crcf/r: 0.000000000 0.000000000 1.000000000
QT:/rcc/cc: 1.000000000 0.000000000 0.000000000
QT:/rcc/cr: 0.000000000 0.118840629 0.881159371
QT:/rcc/rc: 0.000000000 0.453122274 0.546877726
QT:/rcc/rf: 0.000000000 0.612699430 0.387300570
QT:/rfc/c: 0.107221835 0.892778165 0.000000000
QT:/rfc/r: 0.000000000 0.661786760 0.338213240
T:/cc: 0.108518394 0.891481606 0.000000000
T:/cr: 0.000000000 0.999813355 0.000186645
T:/rc: 0.000000000 0.000445939 0.999554061
T:/rf: 0.000000000 0.637870103 0.362129897
TA:/ccc/cc: 0.530865170 0.469134830 0.000000000
TA:/ccc/cr: 0.000000000 0.647972094 0.352027906
TA:/ccc/rc: 0.000000000 0.372289427 0.627710573
TA:/ccc/rf: 0.000000000 0.541776577 0.458223423
TA:/ccrcc/cc: 0.585197320 0.414802680 0.000000000
TA:/ccrcc/cr: 0.000000000 0.728177786 0.271822214
TA:/ccrcc/rc: 0.000000000 0.275547731 0.724452269
TA:/ccrcc/rf: 0.000000000 0.300557649 0.699442351
TA:/ccrcf/c: 0.359626544 0.640373456 0.000000000
TA:/ccrcf/r: 0.000000000 0.754522898 0.245477102
TA:/ccrfc/c: 0.506402517 0.493597483 0.000000000
TA:/ccrfc/r: 0.000000000 0.190757760 0.809242240
TA:/crcc/cc: 0.766290066 0.233709934 0.000000000
TA:/crcc/cr: 0.000000000 0.161248971 0.838751029
TA:/crcc/rc: 0.000000000 0.741177863 0.258822137
TA:/crcc/rf: 0.000000000 0.060907944 0.939092056
TA:/crcf/c: 0.394232065 0.605767935 0.000000000
TA:/crcf/r: 0.000000000 0.245239376 0.754760624
TA:/rcc/cc: 0.755090191 0.244909809 0.000000000
TA:/rcc/cr: 0.000000000 0.034553603 0.965446397
TA:/rcc/rc: 0.000000000 0.000000000 1.000000000
TA:/rcc/rf: 0.000000000 0.231909981 0.768090019
TA:/rfc/c: 0.594389358 0.405610642 0.000000000
TA:/rfc/r: 0.000000000 0.522791586 0.477208414
TJ:/ccc/cc: 0.691489422 0.308510578 0.000000000
TJ:/ccc/cr: 0.000000000 0.820884736 0.179115264
TJ:/ccc/rc: 0.000000000 0.929928964 0.070071036
TJ:/ccc/rf: 0.000000000 0.498835665 0.501164335
TJ:/ccrcc/cc: 0.691336302 0.308663698 0.000000000
TJ:/ccrcc/cr: 0.000000000 0.933976239 0.066023761
TJ:/ccrcc/rc: 0.000000000 0.532005179 0.467994821
TJ:/ccrcc/rf: 0.000000000 0.044678336 0.955321664
TJ:/ccrcf/c: 0.239095586 0.760904414 0.000000000
TJ:/ccrcf/r: 0.000000000 0.418797381 0.581202619
TJ:/ccrfc/c: 0.902115617 0.097884383 0.000000000
TJ:/ccrfc/r: 0.000000000 0.754425984 0.245574016
TJ:/crcc/cc: 0.412524952 0.587475048 0.000000000
TJ:/crcc/cr: 0.000000000 0.627328858 0.372671142
TJ:/crcc/rc: 0.000000000 0.404327870 0.595672130
TJ:/crcc/rf: 0.000000000 0.431158784 0.568841216
TJ:/crcf/c: 0.373044633 0.626955367 0.000000000
TJ:/crcf/r: 0.000000000 0.458523326 0.541476674
TJ:/rcc/cc: 1.000000000 0.000000000 0.000000000
TJ:/rcc/cr: 0.000000000 0.269037624 0.730962376
TJ:/rcc/rc: 0.000000000 0.000000000 1.000000000
TJ:/rcc/rf: 0.000000000 0.355390226 0.644609774
TJ:/rfc/c: 0.376128462 0.623871538 0.000000000
TJ:/rfc/r: 0.000000000 0.611596834 0.388403166
TK:/ccc/cc: 0.397201838 0.602798162 0.000000000
TK:/ccc/cr: 0.000000000 0.275179255 0.724820745
TK:/ccc/rc: 0.000000000 0.299503820 0.700496180
TK:/ccc/rf: 0.000000000 0.458895144 0.541104856
TK:/ccrcc/cc: 0.470419490 0.529580510 0.000000000
TK:/ccrcc/cr: 0.000000000 0.905475350 0.094524650
TK:/ccrcc/rc: 0.000000000 0.343678984 0.656321016
TK:/ccrcc/rf: 0.000000000 0.549804778 0.450195222
TK:/ccrcf/c: 0.460719386 0.539280614 0.000000000
TK:/ccrcf/r: 0.000000000 0.542946826 0.457053174
TK:/ccrfc/c: 0.689998441 0.310001559 0.000000000
TK:/ccrfc/r: 0.000000000 0.191262425 0.808737575
TK:/crcc/cc: 0.133762991 0.866237009 0.000000000
TK:/crcc/cr: 0.000000000 0.564165561 0.435834439
TK:/crcc/rc: 0.000000000 0.038087177 0.961912823
TK:/crcc/rf: 0.000000000 0.331780586 0.668219414
TK:/crcf/c: 0.113109390 0.886890610 0.000000000
TK:/crcf/r: 0.000000000 0.000000000 1.000000000
TK:/rcc/cc: 1.000000000 0.000000000 0.000000000
TK:/rcc/cr: 0.000000000 0.597799149 0.402200851
TK:/rcc/rc: 0.000000000 0.597316460 0.402683540
TK:/rcc/rf: 0.000000000 0.646404604 0.353595396
TK:/rfc/c: 0.981153744 0.018846256 0.000000000
TK:/rfc/r: 0.000000000 0.627476626 0.372523374
TQ:/ccc/cc: 0.231137453 0.768862547 0.000000000
TQ:/ccc/cr: 0.000000000 0.161956055 0.838043945
TQ:/ccc/rc: 0.000000000 0.025048223 0.974951777
TQ:/ccc/rf: 0.000000000 0.480559954 0.519440046
TQ:/ccrcc/cc: 0.035065570 0.964934430 0.000000000
TQ:/ccrcc/cr: 0.000000000 0.864140052 0.135859948
TQ:/ccrcc/rc: 0.000000000 0.648354579 0.351645421
TQ:/ccrcc/rf: 0.000000000 0.353527324 0.646472676
TQ:/ccrcf/c: 0.472441037 0.527558963 0.000000000
TQ:/ccrcf/r: 0.000000000 0.240296194 0.759703806
TQ:/ccrfc/c: 0.639663507 0.360336493 0.000000000
TQ:/ccrfc/r: 0.000000000 0.355611106 0.644388894
TQ:/crcc/cc: 0.662929172 0.337070828 0.000000000
TQ:/crcc/cr: 0.000000000 0.487089665 0.512910335
TQ:/crcc/rc: 0.000000000 0.831965641 0.168034359
TQ:/crcc/rf: 0.000000000 0.190154280 0.809845720
TQ:/crcf/c: 0.128771798 0.871228202 0.000000000
TQ:/crcf/r: 0.000000000 0.000000000 1.000000000
TQ:/rcc/cc: 1.000000000 0.000000000 0.000000000
TQ:/rcc/cr: 0.000000000 0.000000000 1.000000000
TQ:/rcc/rc: 0.000000000 0.000000000 1.000000000
TQ:/rcc/rf: 0.000000000 0.339740155 0.660259845
TQ:/rfc/c: 0.397694557 0.602305443 0.000000000
TQ:/rfc/r: 0.000000000 0.745502312 0.254497688
