A:/: 1.000000000 0.000000000 0.000000000
A:/ccr: 0.000000000 0.847799056 0.152200944
A:/crc: 0.000000000 0.999458085 0.000541915
A:/crf: 0.000000000 0.910202235 0.089797765
AA:/ccc/: 0.679068343 0.320931657 0.000000000
AA:/ccc/ccr: 0.000000000 0.973579566 0.026420434
AA:/ccc/crc: 0.000000000 0.776186565 0.223813435
AA:/ccc/crf: 0.000000000 0.712898591 0.287101409
AA:/ccrcc/: 0.711611762 0.288388238 0.000000000
AA:/ccrcc/ccr: 0.000000000 0.602772589 0.397227411
AA:/ccrcc/crc: 0.000000000 0.940614883 0.059385117
AA:/ccrcc/crf: 0.000000000 0.503954260 0.496045740
AA:/ccrcf/: 0.804010963 0.195989037 0.000000000
AA:/ccrcf/cr: 0.000000000 0.983896228 0.016103772
AA:/crcc/: 0.000000000 1.000000000 0.000000000
AA:/crcc/ccr: 0.000000000 0.023661864 0.976338136
AA:/crcc/crc: 0.000000000 0.999973216 0.000026784
AA:/crcc/crf: 0.000000000 0.999946293 0.000053707
AA:/crfc/: 0.276947641 0.723052359 0.000000000
AA:/crfc/cr: 0.000000000 0.462840513 0.537159487
AA:/rcc/: 0.593963223 0.406036777 0.000000000
AA:/rcc/ccr: 0.000000000 0.017101327 0.982898673
AA:/rcc/crc: 0.000000000 0.934803472 0.065196528
AA:/rcc/crf: 0.000000000 0.999999020 0.000000980
AA:/rcf/: 0.548377641 0.451622359 0.000000000
AA:/rcf/cr: 0.000000000 1.000000000 0.000000000
AA:/rfc/: 0.486020348 0.513979652 0.000000000
AA:/rfc/cr: 0.000000000 0.822126862 0.177873138
AJ:/ccc/: 0.590113499 0.409886501 0.000000000
AJ:/ccc/ccr: 0.000000000 0.361401948 0.638598052
AJ:/ccc/crc: 0.000000000 0.161929854 0.838070146
AJ:/ccc/crf: 0.000000000 0.656791248 0.343208752
AJ:/ccrcc/: 0.689017817 0.310982183 0.000000000
AJ:/ccrcc/ccr: 0.000000000 0.506935286 0.493064714
AJ:/ccrcc/crc: 0.000000000 0.497862215 0.502137785
AJ:/ccrcc/crf: 0.000000000 0.947404688 0.052595312
AJ:/ccrcf/: 0.657741529 0.342258471 0.000000000
AJ:/ccrcf/cr: 0.000000000 0.318904217 0.681095783
AJ:/crcc/: 0.988651575 0.011348425 0.000000000
AJ:/crcc/ccr: 0.000000000 0.466178389 0.533821611
AJ:/crcc/crc: 0.000000000 1.000000000 0.000000000
AJ:/crcc/crf: 0.000000000 0.999870590 0.000129410
AJ:/crfc/: 0.607174953 0.392825047 0.000000000
AJ:/crfc/cr: 0.000000000 0.512690021 0.487309979
AJ:/rcc/: 0.441117080 0.558882920 0.000000000
AJ:/rcc/ccr: 0.000000000 0.470356306 0.529643694
AJ:/rcc/crc: 0.000000000 0.483491362 0.516508638
AJ:/rcc/crf: 0.000000000 0.551986845 0.448013155
AJ:/rcf/: 0.633088230 0.366911770 0.000000000
AJ:/rcf/cr: 0.000000000 1.000000000 0.000000000
AJ:/rfc/: 0.974754026 0.025245974 0.000000000
AJ:/rfc/cr: 0.000000000 0.920041810 0.079958190
AK:/ccc/: 0.593619686 0.406380314 0.000000000
AK:/ccc/ccr: 0.000000000 0.803203701 0.196796299
AK:/ccc/crc: 0.000000000 0.294673753 0.705326247
AK:/ccc/crf: 0.000000000 0.987685904 0.012314096
AK:/ccrcc/: 0.492465744 0.507534256 0.000000000
AK:/ccrcc/ccr: 0.000000000 0.063608323 0.936391677
AK:/ccrcc/crc: 0.000000000 0.717436945 0.282563055
AK:/ccrcc/crf: 0.000000000 0.774109949 0.225890051
AK:/ccrcf/: 0.557548398 0.442451602 0.000000000
AK:/ccrcf/cr: 0.000000000 0.754522898 0.245477102
AK:/crcc/: 0.528152811 0.471847189 0.000000000
AK:/crcc/ccr: 0.000000000 0.443867257 0.556132743
AK:/crcc/crc: 0.000000000 0.329504730 0.670495270
AK:/crcc/crf: 0.000000000 0.999934542 0.000065458
AK:/crfc/: 0.668012244 0.331987756 0.000000000
AK:/crfc/cr: 0.000000000 0.433732928 0.566267072
AK:/rcc/: 0.585231149 0.414768851 0.000000000
AK:/rcc/ccr: 0.000000000 0.511540761 0.488459239
AK:/rcc/crc: 0.000000000 0.106427155 0.893572845
AK:/rcc/crf: 0.000000000 0.474785324 0.525214676
AK:/rcf/: 0.721123241 0.278876759 0.000000000
AK:/rcf/cr: 0.000000000 1.000000000 0.000000000
AK:/rfc/: 0.419068487 0.580931513 0.000000000
AK:/rfc/cr: 0.000000000 0.476676622 0.523323378
AQ:/ccc/: 0.511606937 0.488393063 0.000000000
AQ:/ccc/ccr: 0.000000000 0.484208793 0.515791207
AQ:/ccc/crc: 0.000000000 0.535401299 0.464598701
AQ:/ccc/crf: 0.000000000 0.608989026 0.391010974
AQ:/ccrcc/: 0.755128043 0.244871957 0.000000000
AQ:/ccrcc/ccr: 0.000000000 0.286864106 0.713135894
AQ:/ccrcc/crc: 0.000000000 0.665732057 0.334267943
AQ:/ccrcc/crf: 0.000000000 0.732067420 0.267932580
AQ:/ccrcf/: 0.162852008 0.837147992 0.000000000
AQ:/ccrcf/cr: 0.000000000 0.405034894 0.594965106
AQ:/crcc/: 0.999623953 0.000376047 0.000000000
AQ:/crcc/ccr: 0.000000000 0.525776082 0.474223918
AQ:/crcc/crc: 0.000000000 1.000000000 0.000000000
AQ:/crcc/crf: 0.000000000 0.999921353 0.000078647
AQ:/crfc/: 0.516645319 0.483354681 0.000000000
AQ:/crfc/cr: 0.000000000 0.511863691 0.488136309
AQ:/rcc/: 0.736121699 0.263878301 0.000000000
AQ:/rcc/ccr: 0.000000000 0.332855451 0.667144549
AQ:/rcc/crc: 0.000000000 0.293681477 0.706318523
AQ:/rcc/crf: 0.000000000 1.000000000 0.000000000
AQ:/rcf/: 0.541210903 0.458789097 0.000000000
AQ:/rcf/cr: 0.000000000 1.000000000 0.000000000
AQ:/rfc/: 0.722305511 0.277694489 0.000000000
AQ:/rfc/cr: 0.000000000 0.647789816 0.352210184
J:/: 0.999127825 0.000872175 0.000000000
J:/ccr: 0.000000000 1.000000000 0.000000000
J:/crc: 0.000000000 0.823440039 0.176559961
J:/crf: 0.000000000 0.955338686 0.044661314
JA:/ccc/: 1.000000000 0.000000000 0.000000000
JA:/ccc/ccr: 0.000000000 0.650426706 0.349573294
JA:/ccc/crc: 0.000000000 0.461879914 0.538120086
JA:/ccc/crf: 0.000000000 0.640787583 0.359212417
JA:/ccrcc/: 0.713322653 0.286677347 0.000000000
JA:/ccrcc/ccr: 0.000000000 0.346021612 0.653978388
JA:/ccrcc/crc: 0.000000000 0.897125591 0.102874409
JA:/ccrcc/crf: 0.000000000 0.509773393 0.490226607
JA:/ccrcf/: 0.751347142 0.248652858 0.000000000
JA:/ccrcf/cr: 0.000000000 0.032724093 0.967275907
JA:/crcc/: 0.912676475 0.087323525 0.000000000
JA:/crcc/ccr: 0.000000000 0.507421462 0.492578538
JA:/crcc/crc: 0.000000000 0.332913359 0.667086641
JA:/crcc/crf: 0.000000000 0.256268233 0.743731767
JA:/crfc/: 0.474801965 0.525198035 0.000000000
JA:/crfc/cr: 0.000000000 0.315121555 0.684878445
JA:/rcc/: 0.648347949 0.351652051 0.000000000
JA:/rcc/ccr: 0.000000000 0.333868556 0.666131444
JA:/rcc/crc: 0.000000000 0.469694432 0.530305568
JA:/rcc/crf: 0.000000000 0.635244101 0.364755899
JA:/rcf/: 0.114107471 0.885892529 0.000000000
JA:/rcf/cr: 0.000000000 0.072487645 0.927512355
JA:/rfc/: 0.536991461 0.463008539 0.000000000
JA:/rfc/cr: 0.000000000 0.315008573 0.684991427
JJ:/ccc/: 0.764333451 0.235666549 0.000000000
JJ:/ccc/ccr: 0.000000000 0.693328165 0.306671835
JJ:/ccc/crc: 0.000000000 0.703120605 0.296879395
JJ:/ccc/crf: 0.000000000 0.819535006 0.180464994
JJ:/ccrcc/: 0.755446240 0.244553760 0.000000000
JJ:/ccrcc/ccr: 0.000000000 0.379393237 0.620606763
JJ:/ccrcc/crc: 0.000000000 0.255246373 0.744753627
JJ:/ccrcc/crf: 0.000000000 0.932784274 0.067215726
JJ:/ccrcf/: 0.554737324 0.445262676 0.000000000
JJ:/ccrcf/cr: 0.000000000 0.511166798 0.488833202
JJ:/crcc/: 0.650196128 0.349803872 0.000000000
JJ:/crcc/ccr: 0.000000000 0.423206408 0.576793592
JJ:/crcc/crc: 0.000000000 1.000000000 0.000000000
JJ:/crcc/crf: 0.000000000 0.999804846 0.000195154
JJ:/crfc/: 0.516594632 0.483405368 0.000000000
JJ:/crfc/cr: 0.000000000 0.042011772 0.957988228
JJ:/rcc/: 0.693148237 0.306851763 0.000000000
JJ:/rcc/ccr: 0.000000000 0.421275897 0.578724103
JJ:/rcc/crc: 0.000000000 1.000000000 0.000000000
JJ:/rcc/crf: 0.000000000 0.999457946 0.000542054
JJ:/rcf/: 0.587912724 0.412087276 0.000000000
JJ:/rcf/cr: 0.000000000 1.000000000 0.000000000
JJ:/rfc/: 0.611681752 0.388318248 0.000000000
JJ:/rfc/cr: 0.000000000 0.714397406 0.285602594
JK:/ccc/: 0.472394908 0.527605092 0.000000000
JK:/ccc/ccr: 0.000000000 0.513795237 0.486204763
JK:/ccc/crc: 0.000000000 0.830573384 0.169426616
JK:/ccc/crf: 0.000000000 0.323691045 0.676308955
JK:/ccrcc/: 0.130783968 0.869216032 0.000000000
JK:/ccrcc/ccr: 0.000000000 0.422774041 0.577225959
JK:/ccrcc/crc: 0.000000000 0.767837429 0.232162571
JK:/ccrcc/crf: 0.000000000 0.250883712 0.749116288
JK:/ccrcf/: 0.462180361 0.537819639 0.000000000
JK:/ccrcf/cr: 0.000000000 0.373899232 0.626100768
JK:/crcc/: 0.055720037 0.944279963 0.000000000
JK:/crcc/ccr: 0.000000000 0.902046726 0.097953274
JK:/crcc/crc: 0.000000000 0.246475850 0.753524150
JK:/crcc/crf: 0.000000000 0.083684923 0.916315077
JK:/crfc/: 0.674636948 0.325363052 0.000000000
JK:/crfc/cr: 0.000000000 0.787945170 0.212054830
JK:/rcc/: 0.493075882 0.506924118 0.000000000
JK:/rcc/ccr: 0.000000000 0.705492169 0.294507831
JK:/rcc/crc: 0.000000000 0.468522186 0.531477814
JK:/rcc/crf: 0.000000000 0.461182239 0.538817761
JK:/rcf/: 0.225111599 0.774888401 0.000000000
JK:/rcf/cr: 0.000000000 0.491842299 0.508157701
JK:/rfc/: 0.192391118 0.807608882 0.000000000
JK:/rfc/cr: 0.000000000 0.674347523 0.325652477
JQ:/ccc/: 0.294694606 0.705305394 0.000000000
JQ:/ccc/ccr: 0.000000000 0.527712025 0.472287975
JQ:/ccc/crc: 0.000000000 0.361341884 0.638658116
JQ:/ccc/crf: 0.000000000 0.552549876 0.447450124
JQ:/ccrcc/: 0.639563754 0.360436246 0.000000000
JQ:/ccrcc/ccr: 0.000000000 0.722105712 0.277894288
JQ:/ccrcc/crc: 0.000000000 0.889132286 0.110867714
JQ:/ccrcc/crf: 0.000000000 0.676969035 0.323030965
JQ:/ccrcf/: 0.546524351 0.453475649 0.000000000
JQ:/ccrcf/cr: 0.000000000 0.384553211 0.615446789
JQ:/crcc/: 0.378793799 0.621206201 0.000000000
JQ:/crcc/ccr: 0.000000000 0.233563095 0.766436905
JQ:/crcc/crc: 0.000000000 0.000000000 1.000000000
JQ:/crcc/crf: 0.000000000 0.027349393 0.972650607
JQ:/crfc/: 0.853816003 0.146183997 0.000000000
JQ:/crfc/cr: 0.000000000 0.543851612 0.456148388
JQ:/rcc/: 0.243528978 0.756471022 0.000000000
JQ:/rcc/ccr: 0.000000000 0.534812260 0.465187740
JQ:/rcc/crc: 0.000000000 0.502240677 0.497759323
JQ:/rcc/crf: 0.000000000 0.291788063 0.708211937
JQ:/rcf/: 0.361056109 0.638943891 0.000000000
JQ:/rcf/cr: 0.000000000 0.643591966 0.356408034
JQ:/rfc/: 0.533374545 0.466625455 0.000000000
JQ:/rfc/cr: 0.000000000 0.783898562 0.216101438
K:/: 0.999987199 0.000012801 0.000000000
K:/ccr: 0.000000000 1.000000000 0.000000000
K:/crc: 0.000000000 0.999750215 0.000249785
K:/crf: 0.000000000 0.552368255 0.447631745
KA:/ccc/: 1.000000000 0.000000000 0.000000000
KA:/ccc/ccr: 0.000000000 0.498128145 0.501871855
KA:/ccc/crc: 0.000000000 0.351665467 0.648334533
KA:/ccc/crf: 0.000000000 0.733752998 0.266247002
KA:/ccrcc/: 0.265347079 0.734652921 0.000000000
KA:/ccrcc/ccr: 0.000000000 0.593077854 0.406922146
KA:/ccrcc/crc: 0.000000000 0.152369654 0.847630346
KA:/ccrcc/crf: 0.000000000 0.532153148 0.467846852
KA:/ccrcf/: 0.609512354 0.390487646 0.000000000
KA:/ccrcf/cr: 0.000000000 0.485219566 0.514780434
KA:/crcc/: 0.936279378 0.063720622 0.000000000
KA:/crcc/ccr: 0.000000000 0.000001488 0.999998512
KA:/crcc/crc: 0.000000000 0.999979498 0.000020502
KA:/crcc/crf: 0.000000000 0.999953491 0.000046509
KA:/crfc/: 0.331080350 0.668919650 0.000000000
KA:/crfc/cr: 0.000000000 0.478886021 0.521113979
KA:/rcc/: 0.375323335 0.624676665 0.000000000
KA:/rcc/ccr: 0.000000000 0.658146129 0.341853871
KA:/rcc/crc: 0.000000000 0.473970838 0.526029162
KA:/rcc/crf: 0.000000000 0.440343853 0.559656147
KA:/rcf/: 0.486248984 0.513751016 0.000000000
KA:/rcf/cr: 0.000000000 1.000000000 0.000000000
KA:/rfc/: 0.783831987 0.216168013 0.000000000
KA:/rfc/cr: 0.000000000 0.451148168 0.548851832
KJ:/ccc/: 0.662608178 0.337391822 0.000000000
KJ:/ccc/ccr: 0.000000000 0.585609887 0.414390113
KJ:/ccc/crc: 0.000000000 0.334170387 0.665829613
KJ:/ccc/crf: 0.000000000 0.594137369 0.405862631
KJ:/ccrcc/: 0.464636757 0.535363243 0.000000000
KJ:/ccrcc/ccr: 0.000000000 0.747717059 0.252282941
KJ:/ccrcc/crc: 0.000000000 0.598294801 0.401705199
KJ:/ccrcc/crf: 0.000000000 0.283172790 0.716827210
KJ:/ccrcf/: 0.636848332 0.363151668 0.000000000
KJ:/ccrcf/cr: 0.000000000 0.358307361 0.641692639
KJ:/crcc/: 0.308341179 0.691658821 0.000000000
KJ:/crcc/ccr: 0.000000000 0.365402716 0.634597284
KJ:/crcc/crc: 0.000000000 0.358979358 0.641020642
KJ:/crcc/crf: 0.000000000 0.814046228 0.185953772
KJ:/crfc/: 0.550632009 0.449367991 0.000000000
KJ:/crfc/cr: 0.000000000 0.522558801 0.477441199
KJ:/rcc/: 0.000000000 1.000000000 0.000000000
KJ:/rcc/ccr: 0.000000000 0.820292543 0.179707457
KJ:/rcc/crc: 0.000000000 0.310493029 0.689506971
KJ:/rcc/crf: 0.000000000 0.462633547 0.537366453
KJ:/rcf/: 0.343276105 0.656723895 0.000000000
KJ:/rcf/cr: 0.000000000 0.749869825 0.250130175
KJ:/rfc/: 0.195242623 0.804757377 0.000000000
KJ:/rfc/cr: 0.000000000 0.815198777 0.184801223
KK:/ccc/: 0.639603478 0.360396522 0.000000000
KK:/ccc/ccr: 0.000000000 0.158177471 0.841822529
KK:/ccc/crc: 0.000000000 0.039283262 0.960716738
KK:/ccc/crf: 0.000000000 0.622772794 0.377227206
KK:/ccrcc/: 1.000000000 0.000000000 0.000000000
KK:/ccrcc/ccr: 0.000000000 0.813257024 0.186742976
KK:/ccrcc/crc: 0.000000000 0.431910428 0.568089572
KK:/ccrcc/crf: 0.000000000 0.487076227 0.512923773
KK:/ccrcf/: 0.629973317 0.370026683 0.000000000
KK:/ccrcf/cr: 0.000000000 0.475552281 0.524447719
KK:/crcc/: 0.116289664 0.883710336 0.000000000
KK:/crcc/ccr: 0.000000000 0.017357791 0.982642209
KK:/crcc/crc: 0.000000000 1.000000000 0.000000000
KK:/crcc/crf: 0.000000000 1.000000000 0.000000000
KK:/crfc/: 0.411449273 0.588550727 0.000000000
KK:/crfc/cr: 0.000000000 0.237154063 0.762845937
KK:/rcc/: 0.996112635 0.003887365 0.000000000
KK:/rcc/ccr: 0.000000000 0.389605821 0.610394179
KK:/rcc/crc: 0.000000000 0.887186763 0.112813237
KK:/rcc/crf: 0.000000000 0.591945372 0.408054628
KK:/rcf/: 0.523278103 0.476721897 0.000000000
KK:/rcf/cr: 0.000000000 1.000000000 0.000000000
KK:/rfc/: 0.265567397 0.734432603 0.000000000
KK:/rfc/cr: 0.000000000 0.459202606 0.540797394
KQ:/ccc/: 0.407887913 0.592112087 0.000000000
KQ:/ccc/ccr: 0.000000000 0.107901727 0.892098273
KQ:/ccc/crc: 0.000000000 0.523250718 0.476749282
KQ:/ccc/crf: 0.000000000 0.426502996 0.573497004
KQ:/ccrcc/: 0.842893683 0.157106317 0.000000000
KQ:/ccrcc/ccr: 0.000000000 0.896401952 0.103598048
KQ:/ccrcc/crc: 0.000000000 0.148142718 0.851857282
KQ:/ccrcc/crf: 0.000000000 0.732205560 0.267794440
KQ:/ccrcf/: 0.260064246 0.739935754 0.000000000
KQ:/ccrcf/cr: 0.000000000 0.185199384 0.814800616
KQ:/crcc/: 0.000000000 1.000000000 0.000000000
KQ:/crcc/ccr: 0.000000000 0.023460893 0.976539107
KQ:/crcc/crc: 0.000000000 0.623302318 0.376697682
KQ:/crcc/crf: 0.000000000 0.999999951 0.000000049
KQ:/crfc/: 0.526131684 0.473868316 0.000000000
KQ:/crfc/cr: 0.000000000 0.581470378 0.418529622
KQ:/rcc/: 0.525776113 0.474223887 0.000000000
KQ:/rcc/ccr: 0.000000000 0.549248701 0.450751299
KQ:/rcc/crc: 0.000000000 0.488915370 0.511084630
KQ:/rcc/crf: 0.000000000 0.881513058 0.118486942
KQ:/rcf/: 0.257882140 0.742117860 0.000000000
KQ:/rcf/cr: 0.000000000 0.756227449 0.243772551
KQ:/rfc/: 0.477646116 0.522353884 0.000000000
KQ:/rfc/cr: 0.000000000 0.344503808 0.655496192
Q:/: 0.999626824 0.000373176 0.000000000
Q:/ccr: 0.000000000 1.000000000 0.000000000
Q:/crc: 0.000000000 0.999309351 0.000690649
Q:/crf: 0.000000000 0.976536989 0.023463011
QA:/ccc/: 1.000000000 0.000000000 0.000000000
QA:/ccc/ccr: 0.000000000 0.996362705 0.003637295
QA:/ccc/crc: 0.000000000 0.627349602 0.372650398
QA:/ccc/crf: 0.000000000 0.846258810 0.153741190
QA:/ccrcc/: 0.028112051 0.971887949 0.000000000
QA:/ccrcc/ccr: 0.000000000 0.418433758 0.581566242
QA:/ccrcc/crc: 0.000000000 0.840918776 0.159081224
QA:/ccrcc/crf: 0.000000000 0.938449722 0.061550278
QA:/ccrcf/: 0.191173533 0.808826467 0.000000000
QA:/ccrcf/cr: 0.000000000 0.501562617 0.498437383
QA:/crcc/: 0.870697983 0.129302017 0.000000000
QA:/crcc/ccr: 0.000000000 0.000000000 1.000000000
QA:/crcc/crc: 0.000000000 0.997010027 0.002989973
QA:/crcc/crf: 0.000000000 0.967773950 0.032226050
QA:/crfc/: 0.465630736 0.534369264 0.000000000
QA:/crfc/cr: 0.000000000 0.797881931 0.202118069
QA:/rcc/: 0.255654168 0.744345832 0.000000000
QA:/rcc/ccr: 0.000000000 1.000000000 0.000000000
QA:/rcc/crc: 0.000000000 0.915648356 0.084351644
QA:/rcc/crf: 0.000000000 0.324163275 0.675836725
QA:/rcf/: 0.368364959 0.631635041 0.000000000
QA:/rcf/cr: 0.000000000 0.819976590 0.180023410
QA:/rfc/: 0.366523111 0.633476889 0.000000000
QA:/rfc/cr: 0.000000000 0.521489254 0.478510746
QJ:/ccc/: 0.895637415 0.104362585 0.000000000
QJ:/ccc/ccr: 0.000000000 0.967754550 0.032245450
QJ:/ccc/crc: 0.000000000 0.355261114 0.644738886
QJ:/ccc/crf: 0.000000000 0.481463399 0.518536601
QJ:/ccrcc/: 0.445938768 0.554061232 0.000000000
QJ:/ccrcc/ccr: 0.000000000 0.534485929 0.465514071
QJ:/ccrcc/crc: 0.000000000 0.696554180 0.303445820
QJ:/ccrcc/crf: 0.000000000 0.669237608 0.330762392
QJ:/ccrcf/: 0.479811189 0.520188811 0.000000000
QJ:/ccrcf/cr: 0.000000000 0.562084291 0.437915709
QJ:/crcc/: 0.257498619 0.742501381 0.000000000
QJ:/crcc/ccr: 0.000000000 0.292175118 0.707824882
QJ:/crcc/crc: 0.000000000 0.101714891 0.898285109
QJ:/crcc/crf: 0.000000000 0.447441465 0.552558535
QJ:/crfc/: 0.138395994 0.861604006 0.000000000
QJ:/crfc/cr: 0.000000000 0.729353686 0.270646314
QJ:/rcc/: 0.101937409 0.898062591 0.000000000
QJ:/rcc/ccr: 0.000000000 0.522364681 0.477635319
QJ:/rcc/crc: 0.000000000 0.627245570 0.372754430
QJ:/rcc/crf: 0.000000000 0.357232107 0.642767893
QJ:/rcf/: 0.292234704 0.707765296 0.000000000
QJ:/rcf/cr: 0.000000000 0.653175425 0.346824575
QJ:/rfc/: 0.253252565 0.746747435 0.000000000
QJ:/rfc/cr: 0.000000000 0.135577498 0.864422502
QK:/ccc/: 0.833113189 0.166886811 0.000000000
QK:/ccc/ccr: 0.000000000 0.637609956 0.362390044
QK:/ccc/crc: 0.000000000 0.705547913 0.294452087
QK:/ccc/crf: 0.000000000 0.721237389 0.278762611
QK:/ccrcc/: 0.424570947 0.575429053 0.000000000
QK:/ccrcc/ccr: 0.000000000 0.599640290 0.400359710
QK:/ccrcc/crc: 0.000000000 0.868524616 0.131475384
QK:/ccrcc/crf: 0.000000000 0.903526069 0.096473931
QK:/ccrcf/: 0.591907103 0.408092897 0.000000000
QK:/ccrcf/cr: 0.000000000 0.600947545 0.399052455
QK:/crcc/: 0.746489195 0.253510805 0.000000000
QK:/crcc/ccr: 0.000000000 0.755126481 0.244873519
QK:/crcc/crc: 0.000000000 0.313253594 0.686746406
QK:/crcc/crf: 0.000000000 0.993623163 0.006376837
QK:/crfc/: 0.378446568 0.621553432 0.000000000
QK:/crfc/cr: 0.000000000 0.547059924 0.452940076
QK:/rcc/: 0.338924033 0.661075967 0.000000000
QK:/rcc/ccr: 0.000000000 0.927238970 0.072761030
QK:/rcc/crc: 0.000000000 0.620048060 0.379951940
QK:/rcc/crf: 0.000000000 0.654303334 0.345696666
QK:/rcf/: 0.434035736 0.565964264 0.000000000
QK:/rcf/cr: 0.000000000 0.752993440 0.247006560
QK:/rfc/: 0.640202652 0.359797348 0.000000000
QK:/rfc/cr: 0.000000000 0.560073712 0.439926288
QQ:/ccc/: 0.769025176 0.230974824 0.000000000
QQ:/ccc/ccr: 0.000000000 0.444516629 0.555483371
QQ:/ccc/crc: 0.000000000 0.696583796 0.303416204
QQ:/ccc/crf: 0.000000000 0.669247840 0.330752160
QQ:/ccrcc/: 0.862989424 0.137010576 0.000000000
QQ:/ccrcc/ccr: 0.000000000 0.891946562 0.108053438
QQ:/ccrcc/crc: 0.000000000 0.357054264 0.642945736
QQ:/ccrcc/crf: 0.000000000 0.568981398 0.431018602
QQ:/ccrcf/: 0.287056867 0.712943133 0.000000000
QQ:/ccrcf/cr: 0.000000000 0.764428899 0.235571101
QQ:/crcc/: 0.798594211 0.201405789 0.000000000
QQ:/crcc/ccr: 0.000000000 0.277178501 0.722821499
QQ:/crcc/crc: 0.000000000 1.000000000 0.000000000
QQ:/crcc/crf: 0.000000000 0.999745929 0.000254071
QQ:/crfc/: 0.497137081 0.502862919 0.000000000
QQ:/crfc/cr: 0.000000000 1.000000000 0.000000000
QQ:/rcc/: 0.631758088 0.368241912 0.000000000
QQ:/rcc/ccr: 0.000000000 0.792405223 0.207594777
QQ:/rcc/crc: 0.000000000 1.000000000 0.000000000
QQ:/rcc/crf: 0.000000000 1.000000000 0.000000000
QQ:/rcf/: 0.856635154 0.143364846 0.000000000
QQ:/rcf/cr: 0.000000000 1.000000000 0.000000000
QQ:/rfc/: 0.883834726 0.116165274 0.000000000
QQ:/rfc/cr: 0.000000000 0.219342846 0.780657154
