A:/c: 1.000000000 0.000000000 0.000000000
A:/ccrc: 0.000000000 1.000000000 0.000000000
A:/ccrf: 0.000000000 0.981879348 0.018120652
A:/r: 0.000000000 1.000000000 0.000000000
AA:/ccc/c: 0.218449250 0.781550750 0.000000000
AA:/ccc/ccrc: 0.000000000 0.655390781 0.344609219
AA:/ccc/ccrf: 0.000000000 0.543616469 0.456383531
AA:/ccc/r: 0.000000000 0.752051591 0.247948409
AA:/ccrcc/c: 1.000000000 0.000000000 0.000000000
AA:/ccrcc/ccrc: 0.000000000 0.089345024 0.910654976
AA:/ccrcc/ccrf: 0.000000000 0.315145100 0.684854900
AA:/ccrcc/r: 0.000000000 0.885567208 0.114432792
AA:/ccrfc/: 0.760341884 0.239658116 0.000000000
AA:/ccrfc/cr: 0.000000000 0.739394232 0.260605768
AA:/crcc/c: 0.462848746 0.537151254 0.000000000
AA:/crcc/ccrc: 0.000000000 0.654938237 0.345061763
AA:/crcc/ccrf: 0.000000000 0.644321927 0.355678073
AA:/crcc/r: 0.000000000 0.799680220 0.200319780
AA:/crcf/: 0.723650210 0.276349790 0.000000000
AA:/crcf/cr: 0.000000000 0.598494059 0.401505941
AA:/crfc/c: 0.653182311 0.346817689 0.000000000
AA:/crfc/r: 0.000000000 0.523024580 0.476975420
AA:/rcc/c: 1.000000000 0.000000000 0.000000000
AA:/rcc/ccrc: 0.000000000 1.000000000 0.000000000
AA:/rcc/ccrf: 0.000000000 1.000000000 0.000000000
AA:/rcc/r: 0.000000000 1.000000000 0.000000000
AA:/rcf/c: 0.487630682 0.512369318 0.000000000
AA:/rcf/r: 0.000000000 1.000000000 0.000000000
AJ:/ccc/c: 0.638329025 0.361670975 0.000000000
AJ:/ccc/ccrc: 0.000000000 0.678584647 0.321415353
AJ:/ccc/ccrf: 0.000000000 0.383474621 0.616525379
AJ:/ccc/r: 0.000000000 0.677319831 0.322680169
AJ:/ccrcc/c: 0.975989098 0.024010902 0.000000000
AJ:/ccrcc/ccrc: 0.000000000 1.000000000 0.000000000
AJ:/ccrcc/ccrf: 0.000000000 0.652180881 0.347819119
AJ:/ccrcc/r: 0.000000000 0.645285999 0.354714001
AJ:/ccrfc/: 0.569057135 0.430942865 0.000000000
AJ:/ccrfc/cr: 0.000000000 0.421800617 0.578199383
AJ:/crcc/c: 0.177828321 0.822171679 0.000000000
AJ:/crcc/ccrc: 0.000000000 0.655201200 0.344798800
AJ:/crcc/ccrf: 0.000000000 0.730749273 0.269250727
AJ:/crcc/r: 0.000000000 0.632342143 0.367657857
AJ:/crcf/: 0.326525707 0.673474293 0.000000000
AJ:/crcf/cr: 0.000000000 0.719049680 0.280950320
AJ:/crfc/c: 0.696417045 0.303582955 0.000000000
AJ:/crfc/r: 0.000000000 0.611336171 0.388663829
AJ:/rcc/c: 0.942764779 0.057235221 0.000000000
AJ:/rcc/ccrc: 0.000000000 1.000000000 0.000000000
AJ:/rcc/ccrf: 0.000000000 1.000000000 0.000000000
AJ:/rcc/r: 0.000000000 0.882282324 0.117717676
AJ:/rcf/c: 0.668753619 0.331246381 0.000000000
AJ:/rcf/r: 0.000000000 1.000000000 0.000000000
AK:/ccc/c: 0.360800483 0.639199517 0.000000000
AK:/ccc/ccrc: 0.000000000 0.396333316 0.603666684
AK:/ccc/ccrf: 0.000000000 0.502041602 0.497958398
AK:/ccc/r: 0.000000000 0.964166792 0.035833208
AK:/ccrcc/c: 0.034791215 0.965208785 0.000000000
AK:/ccrcc/ccrc: 0.000000000 0.626720764 0.373279236
AK:/ccrcc/ccrf: 0.000000000 0.672869821 0.327130179
AK:/ccrcc/r: 0.000000000 0.345220712 0.654779288
AK:/ccrfc/: 0.786138416 0.213861584 0.000000000
AK:/ccrfc/cr: 0.000000000 0.072734685 0.927265315
AK:/crcc/c: 0.412020896 0.587979104 0.000000000
AK:/crcc/ccrc: 0.000000000 0.479446280 0.520553720
AK:/crcc/ccrf: 0.000000000 0.487737026 0.512262974
AK:/crcc/r: 0.000000000 0.937470153 0.062529847
AK:/crcf/: 0.833164928 0.166835072 0.000000000
AK:/crcf/cr: 0.000000000 0.049411533 0.950588467
AK:/crfc/c: 0.493425577 0.506574423 0.000000000
AK:/crfc/r: 0.000000000 0.853801024 0.146198976
AK:/rcc/c: 0.824557001 0.175442999 0.000000000
AK:/rcc/ccrc: 0.000000000 1.000000000 0.000000000
AK:/rcc/ccrf: 0.000000000 0.778595757 0.221404243
AK:/rcc/r: 0.000000000 1.000000000 0.000000000
AK:/rcf/c: 0.652603876 0.347396124 0.000000000
AK:/rcf/r: 0.000000000 1.000000000 0.000000000
AQ:/ccc/c: 0.254993684 0.745006316 0.000000000
AQ:/ccc/ccrc: 0.000000000 0.665131122 0.334868878
AQ:/ccc/ccrf: 0.000000000 0.485175270 0.514824730
AQ:/ccc/r: 0.000000000 0.491864423 0.508135577
AQ:/ccrcc/c: 0.578937530 0.421062470 0.000000000
AQ:/ccrcc/ccrc: 0.000000000 0.815478992 0.184521008
AQ:/ccrcc/ccrf: 0.000000000 0.465332796 0.534667204
AQ:/ccrcc/r: 0.000000000 0.702284115 0.297715885
AQ:/ccrfc/: 0.115945663 0.884054337 0.000000000
AQ:/ccrfc/cr: 0.000000000 0.670709763 0.329290237
AQ:/crcc/c: 0.820595064 0.179404936 0.000000000
AQ:/crcc/ccrc: 0.000000000 0.496330281 0.503669719
AQ:/crcc/ccrf: 0.000000000 0.442114483 0.557885517
AQ:/crcc/r: 0.000000000 0.936862476 0.063137524
AQ:/crcf/: 0.566398826 0.433601174 0.000000000
AQ:/crcf/cr: 0.000000000 0.528490542 0.471509458
AQ:/crfc/c: 0.677758087 0.322241913 0.000000000
AQ:/crfc/r: 0.000000000 0.420465595 0.579534405
AQ:/rcc/c: 0.395772506 0.604227494 0.000000000
AQ:/rcc/ccrc: 0.000000000 0.925361107 0.074638893
AQ:/rcc/ccrf: 0.000000000 1.000000000 0.000000000
AQ:/rcc/r: 0.000000000 1.000000000 0.000000000
AQ:/rcf/c: 0.635662698 0.364337302 0.000000000
AQ:/rcf/r: 0.000000000 1.000000000 0.000000000
J:/c: 0.731365306 0.268634694 0.000000000
J:/ccrc: 0.000000000 0.295021517 0.704978483
J:/ccrf: 0.000000000 1.000000000 0.000000000
J:/r: 0.000000000 1.000000000 0.000000000
JA:/ccc/c: 0.775503865 0.224496135 0.000000000
JA:/ccc/ccrc: 0.000000000 0.877130945 0.122869055
JA:/ccc/ccrf: 0.000000000 0.603477945 0.396522055
JA:/ccc/r: 0.000000000 0.645663391 0.354336609
JA:/ccrcc/c: 0.597393372 0.402606628 0.000000000
JA:/ccrcc/ccrc: 0.000000000 0.323513624 0.676486376
JA:/ccrcc/ccrf: 0.000000000 0.664137165 0.335862835
JA:/ccrcc/r: 0.000000000 0.461523689 0.538476311
JA:/ccrfc/: 0.195181816 0.804818184 0.000000000
JA:/ccrfc/cr: 0.000000000 0.497840751 0.502159249
JA:/crcc/c: 0.313384863 0.686615137 0.000000000
JA:/crcc/ccrc: 0.000000000 0.298869185 0.701130815
JA:/crcc/ccrf: 0.000000000 0.381430485 0.618569515
JA:/crcc/r: 0.000000000 0.153581484 0.846418516
JA:/crcf/: 0.041374014 0.958625986 0.000000000
JA:/crcf/cr: 0.000000000 0.669254681 0.330745319
JA:/crfc/c: 0.464644533 0.535355467 0.000000000
JA:/crfc/r: 0.000000000 0.789332174 0.210667826
JA:/rcc/c: 0.180259202 0.819740798 0.000000000
JA:/rcc/ccrc: 0.000000000 0.155618814 0.844381186
JA:/rcc/ccrf: 0.000000000 0.788920039 0.211079961
JA:/rcc/r: 0.000000000 0.607996288 0.392003712
JA:/rcf/c: 0.323352745 0.676647255 0.000000000
JA:/rcf/r: 0.000000000 0.673120056 0.326879944
JJ:/ccc/c: 0.572409091 0.427590909 0.000000000
JJ:/ccc/ccrc: 0.000000000 0.561164335 0.438835665
JJ:/ccc/ccrf: 0.000000000 0.255157750 0.744842250
JJ:/ccc/r: 0.000000000 0.732557839 0.267442161
JJ:/ccrcc/c: 0.517602642 0.482397358 0.000000000
JJ:/ccrcc/ccrc: 0.000000000 0.960414631 0.039585369
JJ:/ccrcc/ccrf: 0.000000000 0.929243385 0.070756615
JJ:/ccrcc/r: 0.000000000 0.611033833 0.388966167
JJ:/ccrfc/: 0.299517630 0.700482370 0.000000000
JJ:/ccrfc/cr: 0.000000000 0.825141902 0.174858098
JJ:/crcc/c: 0.609341654 0.390658346 0.000000000
JJ:/crcc/ccrc: 0.000000000 0.479259290 0.520740710
JJ:/crcc/ccrf: 0.000000000 0.447361033 0.552638967
JJ:/crcc/r: 0.000000000 1.000000000 0.000000000
JJ:/crcf/: 0.652356167 0.347643833 0.000000000
JJ:/crcf/cr: 0.000000000 0.943641943 0.056358057
JJ:/crfc/c: 0.495800729 0.504199271 0.000000000
JJ:/crfc/r: 0.000000000 0.993679199 0.006320801
JJ:/rcc/c: 0.709026687 0.290973313 0.000000000
JJ:/rcc/ccrc: 0.000000000 1.000000000 0.000000000
JJ:/rcc/ccrf: 0.000000000 1.000000000 0.000000000
JJ:/rcc/r: 0.000000000 1.000000000 0.000000000
JJ:/rcf/c: 0.817621284 0.182378716 0.000000000
JJ:/rcf/r: 0.000000000 1.000000000 0.000000000
JK:/ccc/c: 0.798376883 0.201623117 0.000000000
JK:/ccc/ccrc: 0.000000000 0.714220712 0.285779288
JK:/ccc/ccrf: 0.000000000 0.648308961 0.351691039
JK:/ccc/r: 0.000000000 0.715378778 0.284621222
JK:/ccrcc/c: 0.880159642 0.119840358 0.000000000
JK:/ccrcc/ccrc: 0.000000000 0.427354846 0.572645154
JK:/ccrcc/ccrf: 0.000000000 0.167865753 0.832134247
JK:/ccrcc/r: 0.000000000 0.483713452 0.516286548
JK:/ccrfc/: 0.597499202 0.402500798 0.000000000
JK:/ccrfc/cr: 0.000000000 0.597144333 0.402855667
JK:/crcc/c: 0.572641281 0.427358719 0.000000000
JK:/crcc/ccrc: 0.000000000 0.339619521 0.660380479
JK:/crcc/ccrf: 0.000000000 0.251593725 0.748406275
JK:/crcc/r: 0.000000000 0.452161174 0.547838826
JK:/crcf/: 0.589325261 0.410674739 0.000000000
JK:/crcf/cr: 0.000000000 0.427291030 0.572708970
JK:/crfc/c: 0.372194141 0.627805859 0.000000000
JK:/crfc/r: 0.000000000 0.535280396 0.464719604
JK:/rcc/c: 0.253541015 0.746458985 0.000000000
JK:/rcc/ccrc: 0.000000000 0.321338376 0.678661624
JK:/rcc/ccrf: 0.000000000 0.759451226 0.240548774
JK:/rcc/r: 0.000000000 0.325850676 0.674149324
JK:/rcf/c: 0.209436104 0.790563896 0.000000000
JK:/rcf/r: 0.000000000 0.172535060 0.827464940
JQ:/ccc/c: 0.845812711 0.154187289 0.000000000
JQ:/ccc/ccrc: 0.000000000 0.524661936 0.475338064
JQ:/ccc/ccrf: 0.000000000 0.892330391 0.107669609
JQ:/ccc/r: 0.000000000 0.374763291 0.625236709
JQ:/ccrcc/c: 0.553624523 0.446375477 0.000000000
JQ:/ccrcc/ccrc: 0.000000000 0.250190342 0.749809658
JQ:/ccrcc/ccrf: 0.000000000 0.332783542 0.667216458
JQ:/ccrcc/r: 0.000000000 0.496216836 0.503783164
JQ:/ccrfc/: 0.486700925 0.513299075 0.000000000
JQ:/ccrfc/cr: 0.000000000 0.556690446 0.443309554
JQ:/crcc/c: 0.091285071 0.908714929 0.000000000
JQ:/crcc/ccrc: 0.000000000 0.477324191 0.522675809
JQ:/crcc/ccrf: 0.000000000 0.794371326 0.205628674
JQ:/crcc/r: 0.000000000 0.518382952 0.481617048
JQ:/crcf/: 0.193527458 0.806472542 0.000000000
JQ:/crcf/cr: 0.000000000 0.306341194 0.693658806
JQ:/crfc/c: 0.126063302 0.873936698 0.000000000
JQ:/crfc/r: 0.000000000 0.731437360 0.268562640
JQ:/rcc/c: 0.262171883 0.737828117 0.000000000
JQ:/rcc/ccrc: 0.000000000 0.242806085 0.757193915
JQ:/rcc/ccrf: 0.000000000 0.354835669 0.645164331
JQ:/rcc/r: 0.000000000 0.439652841 0.560347159
JQ:/rcf/c: 0.403328687 0.596671313 0.000000000
JQ:/rcf/r: 0.000000000 0.637202503 0.362797497
K:/c: 0.610892737 0.389107263 0.000000000
K:/ccrc: 0.000000000 0.616827616 0.383172384
K:/ccrf: 0.000000000 1.000000000 0.000000000
K:/r: 0.000000000 1.000000000 0.000000000
KA:/ccc/c: 0.364055162 0.635944838 0.000000000
KA:/ccc/ccrc: 0.000000000 0.667510659 0.332489341
KA:/ccc/ccrf: 0.000000000 0.681490728 0.318509272
KA:/ccc/r: 0.000000000 0.832403136 0.167596864
KA:/ccrcc/c: 0.665632734 0.334367266 0.000000000
KA:/ccrcc/ccrc: 0.000000000 0.548810400 0.451189600
KA:/ccrcc/ccrf: 0.000000000 0.194265535 0.805734465
KA:/ccrcc/r: 0.000000000 0.472219628 0.527780372
KA:/ccrfc/: 1.000000000 0.000000000 0.000000000
KA:/ccrfc/cr: 0.000000000 0.600214291 0.399785709
KA:/crcc/c: 0.224790233 0.775209767 0.000000000
KA:/crcc/ccrc: 0.000000000 0.166553292 0.833446708
KA:/crcc/ccrf: 0.000000000 0.541650332 0.458349668
KA:/crcc/r: 0.000000000 0.955534430 0.044465570
KA:/crcf/: 0.908841277 0.091158723 0.000000000
KA:/crcf/cr: 0.000000000 0.546706395 0.453293605
KA:/crfc/c: 0.453824045 0.546175955 0.000000000
KA:/crfc/r: 0.000000000 0.660731557 0.339268443
KA:/rcc/c: 0.379025807 0.620974193 0.000000000
KA:/rcc/ccrc: 0.000000000 0.793048917 0.206951083
KA:/rcc/ccrf: 0.000000000 0.804767776 0.195232224
KA:/rcc/r: 0.000000000 1.000000000 0.000000000
KA:/rcf/c: 0.437273375 0.562726625 0.000000000
KA:/rcf/r: 0.000000000 1.000000000 0.000000000
KJ:/ccc/c: 0.485442747 0.514557253 0.000000000
KJ:/ccc/ccrc: 0.000000000 0.542213467 0.457786533
KJ:/ccc/ccrf: 0.000000000 0.205840127 0.794159873
KJ:/ccc/r: 0.000000000 0.190672007 0.809327993
KJ:/ccrcc/c: 0.265604861 0.734395139 0.000000000
KJ:/ccrcc/ccrc: 0.000000000 0.560399192 0.439600808
KJ:/ccrcc/ccrf: 0.000000000 0.544394893 0.455605107
KJ:/ccrcc/r: 0.000000000 0.728852516 0.271147484
KJ:/ccrfc/: 0.670126818 0.329873182 0.000000000
KJ:/ccrfc/cr: 0.000000000 0.336242444 0.663757556
KJ:/crcc/c: 0.529610555 0.470389445 0.000000000
KJ:/crcc/ccrc: 0.000000000 0.561275383 0.438724617
KJ:/crcc/ccrf: 0.000000000 0.935849837 0.064150163
KJ:/crcc/r: 0.000000000 0.760762354 0.239237646
KJ:/crcf/: 0.904374036 0.095625964 0.000000000
KJ:/crcf/cr: 0.000000000 0.596655633 0.403344367
KJ:/crfc/c: 0.600980407 0.399019593 0.000000000
KJ:/crfc/r: 0.000000000 0.495991806 0.504008194
KJ:/rcc/c: 0.476272744 0.523727256 0.000000000
KJ:/rcc/ccrc: 0.000000000 0.070931353 0.929068647
KJ:/rcc/ccrf: 0.000000000 0.543857416 0.456142584
KJ:/rcc/r: 0.000000000 0.409499800 0.590500200
KJ:/rcf/c: 0.464285881 0.535714119 0.000000000
KJ:/rcf/r: 0.000000000 0.754921864 0.245078136
KK:/ccc/c: 0.812650100 0.187349900 0.000000000
KK:/ccc/ccrc: 0.000000000 0.103214119 0.896785881
KK:/ccc/ccrf: 0.000000000 0.944889605 0.055110395
KK:/ccc/r: 0.000000000 0.432852427 0.567147573
KK:/ccrcc/c: 0.492499991 0.507500009 0.000000000
KK:/ccrcc/ccrc: 0.000000000 0.533283525 0.466716475
KK:/ccrcc/ccrf: 0.000000000 0.778602927 0.221397073
KK:/ccrcc/r: 0.000000000 0.679868122 0.320131878
KK:/ccrfc/: 0.960703339 0.039296661 0.000000000
KK:/ccrfc/cr: 0.000000000 0.838499485 0.161500515
KK:/crcc/c: 0.813937583 0.186062417 0.000000000
KK:/crcc/ccrc: 0.000000000 0.672274096 0.327725904
KK:/crcc/ccrf: 0.000000000 0.597229411 0.402770589
KK:/crcc/r: 0.000000000 1.000000000 0.000000000
KK:/crcf/: 0.334757587 0.665242413 0.000000000
KK:/crcf/cr: 0.000000000 0.696203241 0.303796759
KK:/crfc/c: 0.047721646 0.952278354 0.000000000
KK:/crfc/r: 0.000000000 0.420009361 0.579990639
KK:/rcc/c: 0.944555335 0.055444665 0.000000000
KK:/rcc/ccrc: 0.000000000 1.000000000 0.000000000
KK:/rcc/ccrf: 0.000000000 0.993960131 0.006039869
KK:/rcc/r: 0.000000000 1.000000000 0.000000000
KK:/rcf/c: 0.726165266 0.273834734 0.000000000
KK:/rcf/r: 0.000000000 1.000000000 0.000000000
KQ:/ccc/c: 0.400987703 0.599012297 0.000000000
KQ:/ccc/ccrc: 0.000000000 0.556299145 0.443700855
KQ:/ccc/ccrf: 0.000000000 0.316737174 0.683262826
KQ:/ccc/r: 0.000000000 0.498816759 0.501183241
KQ:/ccrcc/c: 0.335784313 0.664215687 0.000000000
KQ:/ccrcc/ccrc: 0.000000000 0.545706507 0.454293493
KQ:/ccrcc/ccrf: 0.000000000 0.368411240 0.631588760
KQ:/ccrcc/r: 0.000000000 0.582444833 0.417555167
KQ:/ccrfc/: 0.183802638 0.816197362 0.000000000
KQ:/ccrfc/cr: 0.000000000 0.441872373 0.558127627
KQ:/crcc/c: 0.489825284 0.510174716 0.000000000
KQ:/crcc/ccrc: 0.000000000 0.425225624 0.574774376
KQ:/crcc/ccrf: 0.000000000 0.594591147 0.405408853
KQ:/crcc/r: 0.000000000 0.241616538 0.758383462
KQ:/crcf/: 0.274517996 0.725482004 0.000000000
KQ:/crcf/cr: 0.000000000 0.048829319 0.951170681
KQ:/crfc/c: 0.511305245 0.488694755 0.000000000
KQ:/crfc/r: 0.000000000 0.502042303 0.497957697
KQ:/rcc/c: 0.582358446 0.417641554 0.000000000
KQ:/rcc/ccrc: 0.000000000 0.811100227 0.188899773
KQ:/rcc/ccrf: 0.000000000 0.317061045 0.682938955
KQ:/rcc/r: 0.000000000 0.004160145 0.995839855
KQ:/rcf/c: 0.249925457 0.750074543 0.000000000
KQ:/rcf/r: 0.000000000 0.710768090 0.289231910
Q:/c: 0.585623962 0.414376038 0.000000000
Q:/ccrc: 0.000000000 0.015049553 0.984950447
Q:/ccrf: 0.000000000 1.000000000 0.000000000
Q:/r: 0.000000000 1.000000000 0.000000000
QA:/ccc/c: 0.940133008 0.059866992 0.000000000
QA:/ccc/ccrc: 0.000000000 0.659117413 0.340882587
QA:/ccc/ccrf: 0.000000000 0.018312143 0.981687857
QA:/ccc/r: 0.000000000 0.380376250 0.619623750
QA:/ccrcc/c: 0.433290465 0.566709535 0.000000000
QA:/ccrcc/ccrc: 0.000000000 0.712290778 0.287709222
QA:/ccrcc/ccrf: 0.000000000 0.300867170 0.699132830
QA:/ccrcc/r: 0.000000000 0.079386806 0.920613194
QA:/ccrfc/: 0.620067757 0.379932243 0.000000000
QA:/ccrfc/cr: 0.000000000 0.506252684 0.493747316
QA:/crcc/c: 0.360198835 0.639801165 0.000000000
QA:/crcc/ccrc: 0.000000000 0.447177312 0.552822688
QA:/crcc/ccrf: 0.000000000 0.977716532 0.022283468
QA:/crcc/r: 0.000000000 0.453445303 0.546554697
QA:/crcf/: 0.427703975 0.572296025 0.000000000
QA:/crcf/cr: 0.000000000 0.676656566 0.323343434
QA:/crfc/c: 0.323303142 0.676696858 0.000000000
QA:/crfc/r: 0.000000000 0.463410372 0.536589628
QA:/rcc/c: 0.263400329 0.736599671 0.000000000
QA:/rcc/ccrc: 0.000000000 0.228406099 0.771593901
QA:/rcc/ccrf: 0.000000000 0.560727337 0.439272663
QA:/rcc/r: 0.000000000 0.192099879 0.807900121
QA:/rcf/c: 0.189465235 0.810534765 0.000000000
QA:/rcf/r: 0.000000000 0.594305083 0.405694917
QJ:/ccc/c: 0.655251272 0.344748728 0.000000000
QJ:/ccc/ccrc: 0.000000000 0.560378844 0.439621156
QJ:/ccc/ccrf: 0.000000000 0.525709994 0.474290006
QJ:/ccc/r: 0.000000000 0.315869970 0.684130030
QJ:/ccrcc/c: 0.793509366 0.206490634 0.000000000
QJ:/ccrcc/ccrc: 0.000000000 0.277381681 0.722618319
QJ:/ccrcc/ccrf: 0.000000000 0.788436856 0.211563144
QJ:/ccrcc/r: 0.000000000 0.489326817 0.510673183
QJ:/ccrfc/: 0.632722486 0.367277514 0.000000000
QJ:/ccrfc/cr: 0.000000000 0.349515992 0.650484008
QJ:/crcc/c: 0.935384221 0.064615779 0.000000000
QJ:/crcc/ccrc: 0.000000000 0.389710570 0.610289430
QJ:/crcc/ccrf: 0.000000000 0.124414576 0.875585424
QJ:/crcc/r: 0.000000000 0.388876256 0.611123744
QJ:/crcf/: 0.448584206 0.551415794 0.000000000
QJ:/crcf/cr: 0.000000000 0.984337425 0.015662575
QJ:/crfc/c: 0.542357878 0.457642122 0.000000000
QJ:/crfc/r: 0.000000000 0.509127591 0.490872409
QJ:/rcc/c: 0.265888862 0.734111138 0.000000000
QJ:/rcc/ccrc: 0.000000000 0.106985441 0.893014559
QJ:/rcc/ccrf: 0.000000000 0.476377852 0.523622148
QJ:/rcc/r: 0.000000000 0.200594540 0.799405460
QJ:/rcf/c: 0.387477140 0.612522860 0.000000000
QJ:/rcf/r: 0.000000000 0.424563443 0.575436557
QK:/ccc/c: 0.086492986 0.913507014 0.000000000
QK:/ccc/ccrc: 0.000000000 0.323868509 0.676131491
QK:/ccc/ccrf: 0.000000000 0.008225883 0.991774117
QK:/ccc/r: 0.000000000 0.088800559 0.911199441
QK:/ccrcc/c: 0.806054650 0.193945350 0.000000000
QK:/ccrcc/ccrc: 0.000000000 0.503099873 0.496900127
QK:/ccrcc/ccrf: 0.000000000 0.428467867 0.571532133
QK:/ccrcc/r: 0.000000000 0.783634517 0.216365483
QK:/ccrfc/: 0.493806144 0.506193856 0.000000000
QK:/ccrfc/cr: 0.000000000 0.291309520 0.708690480
QK:/crcc/c: 0.652629504 0.347370496 0.000000000
QK:/crcc/ccrc: 0.000000000 0.069196849 0.930803151
QK:/crcc/ccrf: 0.000000000 0.607517216 0.392482784
QK:/crcc/r: 0.000000000 0.257224420 0.742775580
QK:/crcf/: 0.752254898 0.247745102 0.000000000
QK:/crcf/cr: 0.000000000 0.521977529 0.478022471
QK:/crfc/c: 0.206564322 0.793435678 0.000000000
QK:/crfc/r: 0.000000000 0.522997639 0.477002361
QK:/rcc/c: 0.497444512 0.502555488 0.000000000
QK:/rcc/ccrc: 0.000000000 0.701475576 0.298524424
QK:/rcc/ccrf: 0.000000000 0.716573174 0.283426826
QK:/rcc/r: 0.000000000 0.443794239 0.556205761
QK:/rcf/c: 0.750612604 0.249387396 0.000000000
QK:/rcf/r: 0.000000000 0.678835034 0.321164966
QQ:/ccc/c: 0.521941211 0.478058789 0.000000000
QQ:/ccc/ccrc: 0.000000000 0.295767609 0.704232391
QQ:/ccc/ccrf: 0.000000000 0.510230873 0.489769127
QQ:/ccc/r: 0.000000000 0.633182221 0.366817779
QQ:/ccrcc/c: 0.801540962 0.198459038 0.000000000
QQ:/ccrcc/ccrc: 0.000000000 0.545859646 0.454140354
QQ:/ccrcc/ccrf: 0.000000000 1.000000000 0.000000000
QQ:/ccrcc/r: 0.000000000 0.319384619 0.680615381
QQ:/ccrfc/: 0.509841110 0.490158890 0.000000000
QQ:/ccrfc/cr: 0.000000000 0.294249016 0.705750984
QQ:/crcc/c: 0.254902151 0.745097849 0.000000000
QQ:/crcc/ccrc: 0.000000000 0.650723730 0.349276270
QQ:/crcc/ccrf: 0.000000000 0.772436467 0.227563533
QQ:/crcc/r: 0.000000000 1.000000000 0.000000000
QQ:/crcf/: 0.749018125 0.250981875 0.000000000
QQ:/crcf/cr: 0.000000000 0.796034734 0.203965266
QQ:/crfc/c: 0.701838138 0.298161862 0.000000000
QQ:/crfc/r: 0.000000000 0.576419236 0.423580764
QQ:/rcc/c: 1.000000000 0.000000000 0.000000000
QQ:/rcc/ccrc: 0.000000000 1.000000000 0.000000000
QQ:/rcc/ccrf: 0.000000000 1.000000000 0.000000000
QQ:/rcc/r: 0.000000000 1.000000000 0.000000000
QQ:/rcf/c: 0.394696902 0.605303098 0.000000000
QQ:/rcf/r: 0.000000000 1.000000000 0.000000000
