A:/cc: 0.746840975 0.253159025 0.000000000
A:/cr: 0.000000000 0.974947304 0.025052696
A:/rc: 0.000000000 1.000000000 0.000000000
A:/rf: 0.000000000 0.515961543 0.484038457
AA:/ccc/cc: 0.109362519 0.890637481 0.000000000
AA:/ccc/cr: 0.000000000 0.492788734 0.507211266
AA:/ccc/rc: 0.000000000 0.687987984 0.312012016
AA:/ccc/rf: 0.000000000 0.503687775 0.496312225
AA:/ccrcc/cc: 0.021585245 0.978414755 0.000000000
AA:/ccrcc/cr: 0.000000000 0.808014994 0.191985006
AA:/ccrcc/rc: 0.000000000 0.534038683 0.465961317
AA:/ccrcc/rf: 0.000000000 0.653180735 0.346819265
AA:/ccrcf/c: 0.967183593 0.032816407 0.000000000
AA:/ccrcf/r: 0.000000000 0.234420090 0.765579910
AA:/ccrfc/c: 0.749759357 0.250240643 0.000000000
AA:/ccrfc/r: 0.000000000 0.736396654 0.263603346
AA:/crcc/cc: 0.257012647 0.742987353 0.000000000
AA:/crcc/cr: 0.000000000 0.611685608 0.388314392
AA:/crcc/rc: 0.000000000 0.584432776 0.415567224
AA:/crcc/rf: 0.000000000 0.397398089 0.602601911
AA:/crcf/c: 0.697579055 0.302420945 0.000000000
AA:/crcf/r: 0.000000000 0.604140418 0.395859582
AA:/rcc/cc: 0.596010846 0.403989154 0.000000000
AA:/rcc/cr: 0.000000000 1.000000000 0.000000000
AA:/rcc/rc: 0.000000000 1.000000000 0.000000000
AA:/rcc/rf: 0.000000000 0.580242242 0.419757758
AA:/rfc/c: 0.249215603 0.750784397 0.000000000
AA:/rfc/r: 0.000000000 0.500952873 0.499047127
AJ:/ccc/cc: 0.810919554 0.189080446 0.000000000
AJ:/ccc/cr: 0.000000000 0.616433370 0.383566630
AJ:/ccc/rc: 0.000000000 0.659087453 0.340912547
AJ:/ccc/rf: 0.000000000 0.897009615 0.102990385
AJ:/ccrcc/cc: 0.412737494 0.587262506 0.000000000
AJ:/ccrcc/cr: 0.000000000 0.697919429 0.302080571
AJ:/ccrcc/rc: 0.000000000 0.327507905 0.672492095
AJ:/ccrcc/rf: 0.000000000 0.328154834 0.671845166
AJ:/ccrcf/c: 0.758427772 0.241572228 0.000000000
AJ:/ccrcf/r: 0.000000000 0.402922892 0.597077108
AJ:/ccrfc/c: 0.053441931 0.946558069 0.000000000
AJ:/ccrfc/r: 0.000000000 0.804927416 0.195072584
AJ:/crcc/cc: 0.623608359 0.376391641 0.000000000
AJ:/crcc/cr: 0.000000000 0.368356883 0.631643117
AJ:/crcc/rc: 0.000000000 0.286627318 0.713372682
AJ:/crcc/rf: 0.000000000 0.717926982 0.282073018
AJ:/crcf/c: 0.490268197 0.509731803 0.000000000
AJ:/crcf/r: 0.000000000 0.767267863 0.232732137
AJ:/rcc/cc: 0.705913157 0.294086843 0.000000000
AJ:/rcc/cr: 0.000000000 1.000000000 0.000000000
AJ:/rcc/rc: 0.000000000 0.543436129 0.456563871
AJ:/rcc/rf: 0.000000000 0.864800938 0.135199062
AJ:/rfc/c: 0.182459594 0.817540406 0.000000000
AJ:/rfc/r: 0.000000000 0.535389524 0.464610476
AK:/ccc/cc: 0.801978033 0.198021967 0.000000000
AK:/ccc/cr: 0.000000000 0.666621012 0.333378988
AK:/ccc/rc: 0.000000000 0.714673515 0.285326485
AK:/ccc/rf: 0.000000000 0.731270553 0.268729447
AK:/ccrcc/cc: 0.620831306 0.379168694 0.000000000
AK:/ccrcc/cr: 0.000000000 0.148901427 0.851098573
AK:/ccrcc/rc: 0.000000000 0.970334010 0.029665990
AK:/ccrcc/rf: 0.000000000 0.436689810 0.563310190
AK:/ccrcf/c: 0.599637273 0.400362727 0.000000000
AK:/ccrcf/r: 0.000000000 0.446775877 0.553224123
AK:/ccrfc/c: 0.105715056 0.894284944 0.000000000
AK:/ccrfc/r: 0.000000000 0.827673432 0.172326568
AK:/crcc/cc: 0.468483613 0.531516387 0.000000000
AK:/crcc/cr: 0.000000000 0.521035467 0.478964533
AK:/crcc/rc: 0.000000000 0.186658329 0.813341671
AK:/crcc/rf: 0.000000000 0.500467990 0.499532010
AK:/crcf/c: 0.422315838 0.577684162 0.000000000
AK:/crcf/r: 0.000000000 0.205377027 0.794622973
AK:/rcc/cc: 0.138151291 0.861848709 0.000000000
AK:/rcc/cr: 0.000000000 0.862203613 0.137796387
AK:/rcc/rc: 0.000000000 0.777282559 0.222717441
AK:/rcc/rf: 0.000000000 0.587724105 0.412275895
AK:/rfc/c: 0.259637684 0.740362316 0.000000000
AK:/rfc/r: 0.000000000 0.354408717 0.645591283
AQ:/ccc/cc: 0.844953144 0.155046856 0.000000000
AQ:/ccc/cr: 0.000000000 0.916497828 0.083502172
AQ:/ccc/rc: 0.000000000 0.388633547 0.611366453
AQ:/ccc/rf: 0.000000000 0.542811286 0.457188714
AQ:/ccrcc/cc: 0.279113787 0.720886213 0.000000000
AQ:/ccrcc/cr: 0.000000000 0.462246874 0.537753126
AQ:/ccrcc/rc: 0.000000000 0.426774737 0.573225263
AQ:/ccrcc/rf: 0.000000000 0.581428970 0.418571030
AQ:/ccrcf/c: 0.783192993 0.216807007 0.000000000
AQ:/ccrcf/r: 0.000000000 0.671563303 0.328436697
AQ:/ccrfc/c: 0.251165115 0.748834885 0.000000000
AQ:/ccrfc/r: 0.000000000 0.585134924 0.414865076
AQ:/crcc/cc: 0.418763105 0.581236895 0.000000000
AQ:/crcc/cr: 0.000000000 0.548621726 0.451378274
AQ:/crcc/rc: 0.000000000 0.615486121 0.384513879
AQ:/crcc/rf: 0.000000000 0.559901885 0.440098115
AQ:/crcf/c: 0.263277417 0.736722583 0.000000000
AQ:/crcf/r: 0.000000000 0.404284322 0.595715678
AQ:/rcc/cc: 0.551272469 0.448727531 0.000000000
AQ:/rcc/cr: 0.000000000 1.000000000 0.000000000
AQ:/rcc/rc: 0.000000000 0.727182786 0.272817214
AQ:/rcc/rf: 0.000000000 0.219342846 0.780657154
AQ:/rfc/c: 0.390008918 0.609991082 0.000000000
AQ:/rfc/r: 0.000000000 0.326583866 0.673416134
J:/cc: 0.118375036 0.881624964 0.000000000
J:/cr: 0.000000000 0.999999943 0.000000057
J:/rc: 0.000000000 0.212125804 0.787874196
J:/rf: 0.000000000 0.729508608 0.270491392
JA:/ccc/cc: 0.943231729 0.056768271 0.000000000
JA:/ccc/cr: 0.000000000 0.006219179 0.993780821
JA:/ccc/rc: 0.000000000 0.352818059 0.647181941
JA:/ccc/rf: 0.000000000 0.685716356 0.314283644
JA:/ccrcc/cc: 0.380787906 0.619212094 0.000000000
JA:/ccrcc/cr: 0.000000000 0.627871460 0.372128540
JA:/ccrcc/rc: 0.000000000 0.579587082 0.420412918
JA:/ccrcc/rf: 0.000000000 0.443401537 0.556598463
JA:/ccrcf/c: 0.554604656 0.445395344 0.000000000
JA:/ccrcf/r: 0.000000000 0.228096092 0.771903908
JA:/ccrfc/c: 0.872888909 0.127111091 0.000000000
JA:/ccrfc/r: 0.000000000 0.640222306 0.359777694
JA:/crcc/cc: 0.237243061 0.762756939 0.000000000
JA:/crcc/cr: 0.000000000 0.644984172 0.355015828
JA:/crcc/rc: 0.000000000 0.456284607 0.543715393
JA:/crcc/rf: 0.000000000 0.561058012 0.438941988
JA:/crcf/c: 0.403371430 0.596628570 0.000000000
JA:/crcf/r: 0.000000000 0.533477309 0.466522691
JA:/rcc/cc: 0.407707619 0.592292381 0.000000000
JA:/rcc/cr: 0.000000000 0.312618945 0.687381055
JA:/rcc/rc: 0.000000000 0.210677130 0.789322870
JA:/rcc/rf: 0.000000000 0.330996781 0.669003219
JA:/rfc/c: 0.255368108 0.744631892 0.000000000
JA:/rfc/r: 0.000000000 0.324489308 0.675510692
JJ:/ccc/cc: 0.427458611 0.572541389 0.000000000
JJ:/ccc/cr: 0.000000000 0.475223709 0.524776291
JJ:/ccc/rc: 0.000000000 0.581716450 0.418283550
JJ:/ccc/rf: 0.000000000 0.212477264 0.787522736
JJ:/ccrcc/cc: 0.471685055 0.528314945 0.000000000
JJ:/ccrcc/cr: 0.000000000 0.122364749 0.877635251
JJ:/ccrcc/rc: 0.000000000 0.500715171 0.499284829
JJ:/ccrcc/rf: 0.000000000 0.353981430 0.646018570
JJ:/ccrcf/c: 0.520897033 0.479102967 0.000000000
JJ:/ccrcf/r: 0.000000000 0.096487409 0.903512591
JJ:/ccrfc/c: 0.732083596 0.267916404 0.000000000
JJ:/ccrfc/r: 0.000000000 0.743753555 0.256246445
JJ:/crcc/cc: 0.009786202 0.990213798 0.000000000
JJ:/crcc/cr: 0.000000000 0.375626413 0.624373587
JJ:/crcc/rc: 0.000000000 0.738509329 0.261490671
JJ:/crcc/rf: 0.000000000 0.311927900 0.688072100
JJ:/crcf/c: 0.520705285 0.479294715 0.000000000
JJ:/crcf/r: 0.000000000 0.566237857 0.433762143
JJ:/rcc/cc: 0.547972347 0.452027653 0.000000000
JJ:/rcc/cr: 0.000000000 1.000000000 0.000000000
JJ:/rcc/rc: 0.000000000 1.000000000 0.000000000
JJ:/rcc/rf: 0.000000000 0.483997969 0.516002031
JJ:/rfc/c: 0.019712183 0.980287817 0.000000000
JJ:/rfc/r: 0.000000000 0.992527073 0.007472927
JK:/ccc/cc: 0.092188180 0.907811820 0.000000000
JK:/ccc/cr: 0.000000000 0.000000000 1.000000000
JK:/ccc/rc: 0.000000000 0.030713160 0.969286840
JK:/ccc/rf: 0.000000000 0.332676031 0.667323969
JK:/ccrcc/cc: 0.537280467 0.462719533 0.000000000
JK:/ccrcc/cr: 0.000000000 0.451021627 0.548978373
JK:/ccrcc/rc: 0.000000000 0.040451550 0.959548450
JK:/ccrcc/rf: 0.000000000 0.408851257 0.591148743
JK:/ccrcf/c: 0.518575707 0.481424293 0.000000000
JK:/ccrcf/r: 0.000000000 0.577397332 0.422602668
JK:/ccrfc/c: 0.714254326 0.285745674 0.000000000
JK:/ccrfc/r: 0.000000000 0.134742635 0.865257365
JK:/crcc/cc: 0.452299036 0.547700964 0.000000000
JK:/crcc/cr: 0.000000000 0.005973771 0.994026229
JK:/crcc/rc: 0.000000000 0.629048323 0.370951677
JK:/crcc/rf: 0.000000000 0.227446203 0.772553797
JK:/crcf/c: 0.436297435 0.563702565 0.000000000
JK:/crcf/r: 0.000000000 0.329423960 0.670576040
JK:/rcc/cc: 0.472714231 0.527285769 0.000000000
JK:/rcc/cr: 0.000000000 0.382651156 0.617348844
JK:/rcc/rc: 0.000000000 0.318931477 0.681068523
JK:/rcc/rf: 0.000000000 0.793099504 0.206900496
JK:/rfc/c: 0.916588757 0.083411243 0.000000000
JK:/rfc/r: 0.000000000 0.863302964 0.136697036
JQ:/ccc/cc: 0.651658915 0.348341085 0.000000000
JQ:/ccc/cr: 0.000000000 0.518418370 0.481581630
JQ:/ccc/rc: 0.000000000 0.357181456 0.642818544
JQ:/ccc/rf: 0.000000000 0.565673368 0.434326632
JQ:/ccrcc/cc: 0.531177083 0.468822917 0.000000000
JQ:/ccrcc/cr: 0.000000000 0.449123867 0.550876133
JQ:/ccrcc/rc: 0.000000000 0.467028822 0.532971178
JQ:/ccrcc/rf: 0.000000000 0.206222212 0.793777788
JQ:/ccrcf/c: 0.468091046 0.531908954 0.000000000
JQ:/ccrcf/r: 0.000000000 0.778963465 0.221036535
JQ:/ccrfc/c: 0.445537550 0.554462450 0.000000000
JQ:/ccrfc/r: 0.000000000 0.592590789 0.407409211
JQ:/crcc/cc: 0.123735486 0.876264514 0.000000000
JQ:/crcc/cr: 0.000000000 0.665209736 0.334790264
JQ:/crcc/rc: 0.000000000 0.093756092 0.906243908
JQ:/crcc/rf: 0.000000000 0.774031226 0.225968774
JQ:/crcf/c: 0.041359721 0.958640279 0.000000000
JQ:/crcf/r: 0.000000000 0.611487507 0.388512493
JQ:/rcc/cc: 0.194935917 0.805064083 0.000000000
JQ:/rcc/cr: 0.000000000 0.403338802 0.596661198
JQ:/rcc/rc: 0.000000000 0.068655627 0.931344373
JQ:/rcc/rf: 0.000000000 0.346729226 0.653270774
JQ:/rfc/c: 0.466145236 0.533854764 0.000000000
JQ:/rfc/r: 0.000000000 0.138574284 0.861425716
K:/cc: 0.284150700 0.715849300 0.000000000
K:/cr: 0.000000000 0.999999970 0.000000030
K:/rc: 0.000000000 1.000000000 0.000000000
K:/rf: 0.000000000 0.182513719 0.817486281
KA:/ccc/cc: 0.054039078 0.945960922 0.000000000
KA:/ccc/cr: 0.000000000 0.849081140 0.150918860
KA:/ccc/rc: 0.000000000 0.869078056 0.130921944
KA:/ccc/rf: 0.000000000 0.458267586 0.541732414
KA:/ccrcc/cc: 0.327303206 0.672696794 0.000000000
KA:/ccrcc/cr: 0.000000000 0.544198020 0.455801980
KA:/ccrcc/rc: 0.000000000 0.937424193 0.062575807
KA:/ccrcc/rf: 0.000000000 0.170412864 0.829587136
KA:/ccrcf/c: 0.400500861 0.599499139 0.000000000
KA:/ccrcf/r: 0.000000000 0.850921798 0.149078202
KA:/ccrfc/c: 0.641739204 0.358260796 0.000000000
KA:/ccrfc/r: 0.000000000 0.434873650 0.565126350
KA:/crcc/cc: 0.579366496 0.420633504 0.000000000
KA:/crcc/cr: 0.000000000 0.641534353 0.358465647
KA:/crcc/rc: 0.000000000 0.787239505 0.212760495
KA:/crcc/rf: 0.000000000 0.181387391 0.818612609
KA:/crcf/c: 0.892706332 0.107293668 0.000000000
KA:/crcf/r: 0.000000000 0.104906502 0.895093498
KA:/rcc/cc: 0.346806454 0.653193546 0.000000000
KA:/rcc/cr: 0.000000000 0.831776429 0.168223571
KA:/rcc/rc: 0.000000000 0.846252415 0.153747585
KA:/rcc/rf: 0.000000000 0.536991461 0.463008539
KA:/rfc/c: 0.084763103 0.915236897 0.000000000
KA:/rfc/r: 0.000000000 0.694576807 0.305423193
KJ:/ccc/cc: 0.449458839 0.550541161 0.000000000
KJ:/ccc/cr: 0.000000000 0.319079466 0.680920534
KJ:/ccc/rc: 0.000000000 0.296628052 0.703371948
KJ:/ccc/rf: 0.000000000 0.860581863 0.139418137
KJ:/ccrcc/cc: 0.079576772 0.920423228 0.000000000
KJ:/ccrcc/cr: 0.000000000 0.093944552 0.906055448
KJ:/ccrcc/rc: 0.000000000 0.091194729 0.908805271
KJ:/ccrcc/rf: 0.000000000 0.135555696 0.864444304
KJ:/ccrcf/c: 0.367809406 0.632190594 0.000000000
KJ:/ccrcf/r: 0.000000000 0.491954712 0.508045288
KJ:/ccrfc/c: 0.601767079 0.398232921 0.000000000
KJ:/ccrfc/r: 0.000000000 0.453395540 0.546604460
KJ:/crcc/cc: 0.192445175 0.807554825 0.000000000
KJ:/crcc/cr: 0.000000000 0.820653760 0.179346240
KJ:/crcc/rc: 0.000000000 0.461589248 0.538410752
KJ:/crcc/rf: 0.000000000 0.498608025 0.501391975
KJ:/crcf/c: 0.270496429 0.729503571 0.000000000
KJ:/crcf/r: 0.000000000 0.516759688 0.483240312
KJ:/rcc/cc: 0.318930324 0.681069676 0.000000000
KJ:/rcc/cr: 0.000000000 0.442440904 0.557559096
KJ:/rcc/rc: 0.000000000 0.400736226 0.599263774
KJ:/rcc/rf: 0.000000000 0.527523095 0.472476905
KJ:/rfc/c: 0.489482512 0.510517488 0.000000000
KJ:/rfc/r: 0.000000000 0.314471129 0.685528871
KK:/ccc/cc: 0.429698478 0.570301522 0.000000000
KK:/ccc/cr: 0.000000000 0.206253152 0.793746848
KK:/ccc/rc: 0.000000000 0.672910714 0.327089286
KK:/ccc/rf: 0.000000000 0.747685393 0.252314607
KK:/ccrcc/cc: 0.393516007 0.606483993 0.000000000
KK:/ccrcc/cr: 0.000000000 0.970655079 0.029344921
KK:/ccrcc/rc: 0.000000000 0.112846521 0.887153479
KK:/ccrcc/rf: 0.000000000 0.573201650 0.426798350
KK:/ccrcf/c: 0.597541634 0.402458366 0.000000000
KK:/ccrcf/r: 0.000000000 0.461926973 0.538073027
KK:/ccrfc/c: 0.611483228 0.388516772 0.000000000
KK:/ccrfc/r: 0.000000000 0.784807368 0.215192632
KK:/crcc/cc: 0.347887336 0.652112664 0.000000000
KK:/crcc/cr: 0.000000000 0.366948962 0.633051038
KK:/crcc/rc: 0.000000000 0.725198362 0.274801638
KK:/crcc/rf: 0.000000000 0.595450324 0.404549676
KK:/crcf/c: 0.389747442 0.610252558 0.000000000
KK:/crcf/r: 0.000000000 0.470129385 0.529870615
KK:/rcc/cc: 0.297525658 0.702474342 0.000000000
KK:/rcc/cr: 0.000000000 1.000000000 0.000000000
KK:/rcc/rc: 0.000000000 1.000000000 0.000000000
KK:/rcc/rf: 0.000000000 0.706192530 0.293807470
KK:/rfc/c: 0.383784477 0.616215523 0.000000000
KK:/rfc/r: 0.000000000 0.509993977 0.490006023
KQ:/ccc/cc: 0.624766538 0.375233462 0.000000000
KQ:/ccc/cr: 0.000000000 0.655606793 0.344393207
KQ:/ccc/rc: 0.000000000 0.555248204 0.444751796
KQ:/ccc/rf: 0.000000000 0.337694883 0.662305117
KQ:/ccrcc/cc: 0.520584677 0.479415323 0.000000000
KQ:/ccrcc/cr: 0.000000000 0.663765594 0.336234406
KQ:/ccrcc/rc: 0.000000000 0.488164779 0.511835221
KQ:/ccrcc/rf: 0.000000000 0.978428185 0.021571815
KQ:/ccrcf/c: 0.684765694 0.315234306 0.000000000
KQ:/ccrcf/r: 0.000000000 0.493294948 0.506705052
KQ:/ccrfc/c: 0.183900043 0.816099957 0.000000000
KQ:/ccrfc/r: 0.000000000 0.498413886 0.501586114
KQ:/crcc/cc: 0.461263466 0.538736534 0.000000000
KQ:/crcc/cr: 0.000000000 0.242281255 0.757718745
KQ:/crcc/rc: 0.000000000 0.397495010 0.602504990
KQ:/crcc/rf: 0.000000000 0.767669723 0.232330277
KQ:/crcf/c: 0.923175080 0.076824920 0.000000000
KQ:/crcf/r: 0.000000000 0.572483881 0.427516119
KQ:/rcc/cc: 0.293768931 0.706231069 0.000000000
KQ:/rcc/cr: 0.000000000 0.231586879 0.768413121
KQ:/rcc/rc: 0.000000000 0.627770464 0.372229536
KQ:/rcc/rf: 0.000000000 0.140865062 0.859134938
KQ:/rfc/c: 0.789530589 0.210469411 0.000000000
KQ:/rfc/r: 0.000000000 0.397380263 0.602619737
Q:/cc: 0.102554194 0.897445806 0.000000000
Q:/cr: 0.000000000 0.999999986 0.000000014
Q:/rc: 0.000000000 0.131083633 0.868916367
Q:/rf: 0.000000000 0.243621034 0.756378966
QA:/ccc/cc: 0.337834680 0.662165320 0.000000000
QA:/ccc/cr: 0.000000000 0.647625403 0.352374597
QA:/ccc/rc: 0.000000000 0.762801941 0.237198059
QA:/ccc/rf: 0.000000000 0.637870103 0.362129897
QA:/ccrcc/cc: 0.359877743 0.640122257 0.000000000
QA:/ccrcc/cr: 0.000000000 0.921658028 0.078341972
QA:/ccrcc/rc: 0.000000000 0.077944656 0.922055344
QA:/ccrcc/rf: 0.000000000 0.267342137 0.732657863
QA:/ccrcf/c: 0.932987317 0.067012683 0.000000000
QA:/ccrcf/r: 0.000000000 0.431488004 0.568511996
QA:/ccrfc/c: 0.184025688 0.815974312 0.000000000
QA:/ccrfc/r: 0.000000000 0.714450991 0.285549009
QA:/crcc/cc: 0.114244956 0.885755044 0.000000000
QA:/crcc/cr: 0.000000000 0.421988771 0.578011229
QA:/crcc/rc: 0.000000000 0.607981214 0.392018786
QA:/crcc/rf: 0.000000000 0.364441374 0.635558626
QA:/crcf/c: 0.957816594 0.042183406 0.000000000
QA:/crcf/r: 0.000000000 0.408045720 0.591954280
QA:/rcc/cc: 0.000000000 1.000000000 0.000000000
QA:/rcc/cr: 0.000000000 0.168129712 0.831870288
QA:/rcc/rc: 0.000000000 0.373503418 0.626496582
QA:/rcc/rf: 0.000000000 0.537530172 0.462469828
QA:/rfc/c: 0.884752474 0.115247526 0.000000000
QA:/rfc/r: 0.000000000 0.901004075 0.098995925
QJ:/ccc/cc: 0.482401480 0.517598520 0.000000000
QJ:/ccc/cr: 0.000000000 0.192302291 0.807697709
QJ:/ccc/rc: 0.000000000 0.156041289 0.843958711
QJ:/ccc/rf: 0.000000000 0.547881611 0.452118389
QJ:/ccrcc/cc: 0.508464332 0.491535668 0.000000000
QJ:/ccrcc/cr: 0.000000000 0.579516748 0.420483252
QJ:/ccrcc/rc: 0.000000000 0.452011609 0.547988391
QJ:/ccrcc/rf: 0.000000000 0.087391312 0.912608688
QJ:/ccrcf/c: 0.791518686 0.208481314 0.000000000
QJ:/ccrcf/r: 0.000000000 0.507506237 0.492493763
QJ:/ccrfc/c: 0.195644154 0.804355846 0.000000000
QJ:/ccrfc/r: 0.000000000 0.613190673 0.386809327
QJ:/crcc/cc: 0.401995219 0.598004781 0.000000000
QJ:/crcc/cr: 0.000000000 0.421204639 0.578795361
QJ:/crcc/rc: 0.000000000 0.589297894 0.410702106
QJ:/crcc/rf: 0.000000000 0.329834021 0.670165979
QJ:/crcf/c: 0.869931377 0.130068623 0.000000000
QJ:/crcf/r: 0.000000000 0.571951074 0.428048926
QJ:/rcc/cc: 0.677099933 0.322900067 0.000000000
QJ:/rcc/cr: 0.000000000 0.037984572 0.962015428
QJ:/rcc/rc: 0.000000000 0.268747893 0.731252107
QJ:/rcc/rf: 0.000000000 0.133066573 0.866933427
QJ:/rfc/c: 0.428734444 0.571265556 0.000000000
QJ:/rfc/r: 0.000000000 0.553525762 0.446474238
QK:/ccc/cc: 0.928257928 0.071742072 0.000000000
QK:/ccc/cr: 0.000000000 0.296240521 0.703759479
QK:/ccc/rc: 0.000000000 0.298596637 0.701403363
QK:/ccc/rf: 0.000000000 0.379466687 0.620533313
QK:/ccrcc/cc: 0.985275485 0.014724515 0.000000000
QK:/ccrcc/cr: 0.000000000 0.859158006 0.140841994
QK:/ccrcc/rc: 0.000000000 0.434410913 0.565589087
QK:/ccrcc/rf: 0.000000000 0.616417430 0.383582570
QK:/ccrcf/c: 0.755863160 0.244136840 0.000000000
QK:/ccrcf/r: 0.000000000 0.946328914 0.053671086
QK:/ccrfc/c: 0.392225357 0.607774643 0.000000000
QK:/ccrfc/r: 0.000000000 0.546621142 0.453378858
QK:/crcc/cc: 0.158283102 0.841716898 0.000000000
QK:/crcc/cr: 0.000000000 0.420448853 0.579551147
QK:/crcc/rc: 0.000000000 0.321957115 0.678042885
QK:/crcc/rf: 0.000000000 0.410342669 0.589657331
QK:/crcf/c: 0.193890910 0.806109090 0.000000000
QK:/crcf/r: 0.000000000 0.531071199 0.468928801
QK:/rcc/cc: 0.128434469 0.871565531 0.000000000
QK:/rcc/cr: 0.000000000 0.000000000 1.000000000
QK:/rcc/rc: 0.000000000 0.130534520 0.869465480
QK:/rcc/rf: 0.000000000 0.658074811 0.341925189
QK:/rfc/c: 0.280775096 0.719224904 0.000000000
QK:/rfc/r: 0.000000000 0.834084014 0.165915986
QQ:/ccc/cc: 0.563922605 0.436077395 0.000000000
QQ:/ccc/cr: 0.000000000 0.572049363 0.427950637
QQ:/ccc/rc: 0.000000000 0.489695595 0.510304405
QQ:/ccc/rf: 0.000000000 0.360698734 0.639301266
QQ:/ccrcc/cc: 0.966928093 0.033071907 0.000000000
QQ:/ccrcc/cr: 0.000000000 0.049621486 0.950378514
QQ:/ccrcc/rc: 0.000000000 0.120465473 0.879534527
QQ:/ccrcc/rf: 0.000000000 0.419246184 0.580753816
QQ:/ccrcf/c: 0.621334826 0.378665174 0.000000000
QQ:/ccrcf/r: 0.000000000 0.074547813 0.925452187
QQ:/ccrfc/c: 0.269393902 0.730606098 0.000000000
QQ:/ccrfc/r: 0.000000000 0.219414434 0.780585566
QQ:/crcc/cc: 0.210316713 0.789683287 0.000000000
QQ:/crcc/cr: 0.000000000 0.472256041 0.527743959
QQ:/crcc/rc: 0.000000000 0.507169246 0.492830754
QQ:/crcc/rf: 0.000000000 0.770600792 0.229399208
QQ:/crcf/c: 0.295238046 0.704761954 0.000000000
QQ:/crcf/r: 0.000000000 0.647775893 0.352224107
QQ:/rcc/cc: 0.320983495 0.679016505 0.000000000
QQ:/rcc/cr: 0.000000000 1.000000000 0.000000000
QQ:/rcc/rc: 0.000000000 1.000000000 0.000000000
QQ:/rcc/rf: 0.000000000 0.936891389 0.063108611
QQ:/rfc/c: 0.236049109 0.763950891 0.000000000
QQ:/rfc/r: 0.000000000 0.066547637 0.933452363
