2:/: 0.403988567 0.596011433 0.000000000
2:/ccr: 0.121596771 0.348034386 0.530368843
2:/ccrcrc: 0.131590188 0.249825279 0.618584533
2:/ccrcrf: 0.000047215 0.260109382 0.739843403
2:/ccrcrr: 0.000000000 0.890898724 0.109101276
2:/ccrrcr: 0.000000000 0.628892051 0.371107949
2:/ccrrfr: 0.000000000 0.482769335 0.517230665
2:/ccrrrc: 0.000000000 0.000023063 0.999976937
2:/ccrrrf: 0.000000000 0.789495807 0.210504193
2:/crc: 0.000066450 0.000000000 0.999933550
2:/crcrcr: 0.000000000 0.925459528 0.074540472
2:/crcrfr: 0.000000000 0.409760630 0.590239370
2:/crcrrc: 0.000000000 0.271340982 0.728659018
2:/crcrrf: 0.000000000 0.089526469 0.910473531
2:/crf: 0.004034345 0.000710840 0.995254816
2:/crfrr: 0.000000000 0.000000000 1.000000000
2:/crr: 0.233060654 0.065814784 0.701124562
2:/crrcrc: 0.000000000 0.336216024 0.663783976
2:/crrcrf: 0.000000000 0.005157401 0.994842599
2:/rcr: 0.396347664 0.000000000 0.603652336
2:/rcrcrc: 0.000000000 0.867711891 0.132288109
2:/rcrcrf: 0.000000000 0.708272968 0.291727032
2:/rfr: 0.126329643 0.459865200 0.413805157
2:/rrc: 0.000000000 0.296620959 0.703379041
2:/rrf: 0.056771303 0.000226967 0.943001730
2:/rrr: 0.000000000 0.353005927 0.646994073
3:/: 0.530617809 0.469382191 0.000000000
3:/ccr: 0.000000000 0.269179671 0.730820329
3:/ccrcrc: 0.040768497 0.414893357 0.544338146
3:/ccrcrf: 0.033268058 0.371826067 0.594905874
3:/ccrcrr: 0.000000000 0.198678080 0.801321920
3:/ccrrcr: 0.000000000 0.176150427 0.823849573
3:/ccrrfr: 0.000000000 0.746303162 0.253696838
3:/ccrrrc: 0.000000000 0.613306817 0.386693183
3:/ccrrrf: 0.000000000 0.307193380 0.692806620
3:/crc: 0.000080942 0.000000000 0.999919058
3:/crcrcr: 0.000000000 1.000000000 0.000000000
3:/crcrfr: 0.000000000 0.781785682 0.218214318
3:/crcrrc: 0.000000000 0.194622917 0.805377083
3:/crcrrf: 0.000000000 0.202985864 0.797014136
3:/crf: 0.000965101 0.000399351 0.998635548
3:/crfrr: 0.000000000 0.000000000 1.000000000
3:/crr: 0.555637958 0.000000000 0.444362042
3:/crrcrc: 0.000000000 0.430391682 0.569608318
3:/crrcrf: 0.000000000 0.306364766 0.693635234
3:/rcr: 0.410222121 0.000000000 0.589777879
3:/rcrcrc: 0.000000000 0.500272118 0.499727882
3:/rcrcrf: 0.000000000 0.248129091 0.751870909
3:/rfr: 0.052802928 0.711745118 0.235451955
3:/rrc: 0.000000000 0.325006442 0.674993558
3:/rrf: 0.001628059 0.000224747 0.998147194
3:/rrr: 0.000000000 0.325662672 0.674337328
4:/: 0.650473093 0.349526907 0.000000000
4:/ccr: 0.141797025 0.674825634 0.183377341
4:/ccrcrc: 0.170718628 0.188715174 0.640566198
4:/ccrcrf: 0.386079202 0.284428478 0.329492320
4:/ccrcrr: 0.000000000 0.323606001 0.676393999
4:/ccrrcr: 0.000000000 0.566702019 0.433297981
4:/ccrrfr: 0.000000000 0.493192468 0.506807532
4:/ccrrrc: 0.000000000 0.642486250 0.357513750
4:/ccrrrf: 0.000000000 0.506825580 0.493174420
4:/crc: 0.000762354 0.000000000 0.999237646
4:/crcrcr: 0.000000000 1.000000000 0.000000000
4:/crcrfr: 0.000000000 0.515626748 0.484373252
4:/crcrrc: 0.000000000 0.000000000 1.000000000
4:/crcrrf: 0.000000000 0.640134626 0.359865374
4:/crf: 0.000968423 0.000105453 0.998926125
4:/crfrr: 0.000000000 0.000810067 0.999189933
4:/crr: 0.470579125 0.000000000 0.529420875
4:/crrcrc: 0.000000000 0.663736823 0.336263177
4:/crrcrf: 0.000000000 0.601099918 0.398900082
4:/rcr: 0.802749142 0.100978151 0.096272707
4:/rcrcrc: 0.000000000 0.152596058 0.847403942
4:/rcrcrf: 0.000000000 0.586193857 0.413806143
4:/rfr: 0.297877184 0.236065607 0.466057209
4:/rrc: 0.000000000 0.216431384 0.783568616
4:/rrf: 0.023948695 0.000223140 0.975828165
4:/rrr: 0.000000000 0.003624931 0.996375069
5:/: 0.796569756 0.203430244 0.000000000
5:/ccr: 0.178437106 0.418593623 0.402969271
5:/ccrcrc: 0.000043264 0.514810580 0.485146156
5:/ccrcrf: 0.000047215 0.398655485 0.601297300
5:/ccrcrr: 0.000000000 0.519310992 0.480689008
5:/ccrrcr: 0.000000000 0.820982023 0.179017977
5:/ccrrfr: 0.000000000 0.510089129 0.489910871
5:/ccrrrc: 0.000000000 0.457225123 0.542774877
5:/ccrrrf: 0.000000000 0.443986276 0.556013724
5:/crc: 0.008358996 0.000000000 0.991641004
5:/crcrcr: 0.000000000 1.000000000 0.000000000
5:/crcrfr: 0.000000000 0.136952204 0.863047796
5:/crcrrc: 0.000000000 0.000000000 1.000000000
5:/crcrrf: 0.000000000 0.325564872 0.674435128
5:/crf: 0.002901391 0.000494532 0.996604077
5:/crfrr: 0.000000000 0.310108104 0.689891896
5:/crr: 0.458824150 0.000000000 0.541175850
5:/crrcrc: 0.000000000 0.539534004 0.460465996
5:/crrcrf: 0.000000000 0.399505622 0.600494378
5:/rcr: 0.684355772 0.130858514 0.184785714
5:/rcrcrc: 0.000000000 0.703408488 0.296591512
5:/rcrcrf: 0.000000000 0.472501966 0.527498034
5:/rfr: 0.284935767 0.171720165 0.543344069
5:/rrc: 0.000000000 0.011523241 0.988476759
5:/rrf: 0.001624870 0.000222059 0.998153072
5:/rrr: 0.000000000 0.414477563 0.585522437
6:/: 0.000651030 0.999348970 0.000000000
6:/ccr: 0.034776272 0.611695605 0.353528122
6:/ccrcrc: 0.125085896 0.380186551 0.494727553
6:/ccrcrf: 0.253695735 0.247664795 0.498639470
6:/ccrcrr: 0.000000000 0.000000533 0.999999467
6:/ccrrcr: 0.000000000 0.827248178 0.172751822
6:/ccrrfr: 0.000000000 0.184211806 0.815788194
6:/ccrrrc: 0.000000000 0.454669692 0.545330308
6:/ccrrrf: 0.000000000 0.644669622 0.355330378
6:/crc: 0.000071723 0.000000000 0.999928277
6:/crcrcr: 0.000000000 1.000000000 0.000000000
6:/crcrfr: 0.000000000 0.454610799 0.545389201
6:/crcrrc: 0.000000000 0.203422994 0.796577006
6:/crcrrf: 0.000000000 0.358652826 0.641347174
6:/crf: 0.002636010 0.480538083 0.516825907
6:/crfrr: 0.000000000 0.365544741 0.634455259
6:/crr: 0.664836625 0.000000000 0.335163375
6:/crrcrc: 0.000000000 0.313864699 0.686135301
6:/crrcrf: 0.000000000 0.230453748 0.769546252
6:/rcr: 0.364328329 0.130667285 0.505004386
6:/rcrcrc: 0.000000000 0.374301923 0.625698077
6:/rcrcrf: 0.000000000 0.821163452 0.178836548
6:/rfr: 0.435484549 0.217162377 0.347353074
6:/rrc: 0.000000000 0.289092354 0.710907646
6:/rrf: 0.001222084 0.000219699 0.998558216
6:/rrr: 0.000000000 0.706933131 0.293066869
7:/: 0.000334397 0.999665603 0.000000000
7:/ccr: 0.076627240 0.613266903 0.310105857
7:/ccrcrc: 0.251253902 0.531493864 0.217252234
7:/ccrcrf: 0.160281705 0.287110348 0.552607947
7:/ccrcrr: 0.000000000 0.677253495 0.322746505
7:/ccrrcr: 0.000000000 0.342440564 0.657559436
7:/ccrrfr: 0.000000000 0.595937254 0.404062746
7:/ccrrrc: 0.000000000 0.449228757 0.550771243
7:/ccrrrf: 0.000000000 0.282953345 0.717046655
7:/crc: 0.000000000 0.000013699 0.999986301
7:/crcrcr: 0.000000000 1.000000000 0.000000000
7:/crcrfr: 0.000000000 0.599687183 0.400312817
7:/crcrrc: 0.000000000 0.285200054 0.714799946
7:/crcrrf: 0.000000000 0.647228180 0.352771820
7:/crf: 0.023256569 0.558793728 0.417949703
7:/crfrr: 0.000000000 0.000817147 0.999182853
7:/crr: 0.525729620 0.000000000 0.474270380
7:/crrcrc: 0.000000000 0.787790342 0.212209658
7:/crrcrf: 0.000000000 0.801851990 0.198148010
7:/rcr: 0.862779284 0.137220716 0.000000000
7:/rcrcrc: 0.000000000 0.766227854 0.233772146
7:/rcrcrf: 0.000000000 0.429695113 0.570304887
7:/rfr: 0.226362777 0.186334564 0.587302659
7:/rrc: 0.000000000 0.000000000 1.000000000
7:/rrf: 0.200057190 0.000002386 0.799940424
7:/rrr: 0.000000000 0.503447272 0.496552728
8:/: 0.000445304 0.999554696 0.000000000
8:/ccr: 0.000363739 0.671518883 0.328117378
8:/ccrcrc: 0.000043265 0.709082804 0.290873931
8:/ccrcrf: 0.104802754 0.137613620 0.757583626
8:/ccrcrr: 0.000000000 0.402544836 0.597455164
8:/ccrrcr: 0.000000000 0.450697190 0.549302810
8:/ccrrfr: 0.000000000 0.098012397 0.901987603
8:/ccrrrc: 0.000000000 0.311703032 0.688296968
8:/ccrrrf: 0.000000000 0.799932916 0.200067084
8:/crc: 0.004809964 0.000000000 0.995190036
8:/crcrcr: 0.000000000 1.000000000 0.000000000
8:/crcrfr: 0.000000000 0.475771984 0.524228016
8:/crcrrc: 0.000000000 0.000000000 1.000000000
8:/crcrrf: 0.000000000 0.402846295 0.597153705
8:/crf: 0.002413608 0.635329640 0.362256752
8:/crfrr: 0.000000000 0.673276448 0.326723552
8:/crr: 0.589516034 0.002639336 0.407844631
8:/crrcrc: 0.000000000 0.692038633 0.307961367
8:/crrcrf: 0.000000000 0.753124349 0.246875651
8:/rcr: 0.623910685 0.376039302 0.000050013
8:/rcrcrc: 0.000000000 0.572948147 0.427051853
8:/rcrcrf: 0.000000000 0.545746461 0.454253539
8:/rfr: 0.756718843 0.011369102 0.231912055
8:/rrc: 0.000000000 0.208650982 0.791349018
8:/rrf: 0.000000000 0.000300126 0.999699874
8:/rrr: 0.000000000 0.003611712 0.996388288
9:/: 0.000020561 0.999979439 0.000000000
9:/ccr: 0.000060996 0.779959701 0.219979303
9:/ccrcrc: 0.000043055 0.308306194 0.691650752
9:/ccrcrf: 0.311438579 0.153477288 0.535084133
9:/ccrcrr: 0.000000000 0.425322663 0.574677337
9:/ccrrcr: 0.000000000 0.373063938 0.626936062
9:/ccrrfr: 0.000000000 0.573635969 0.426364031
9:/ccrrrc: 0.000000000 0.609773254 0.390226746
9:/ccrrrf: 0.000000000 0.265220890 0.734779110
9:/crc: 0.000019281 0.000001847 0.999978872
9:/crcrcr: 0.000000000 1.000000000 0.000000000
9:/crcrfr: 0.000000000 0.370670544 0.629329456
9:/crcrrc: 0.000000000 0.000000000 1.000000000
9:/crcrrf: 0.000000000 0.228540172 0.771459828
9:/crf: 0.002494250 0.724412381 0.273093369
9:/crfrr: 0.000000000 0.562770356 0.437229644
9:/crr: 0.821236480 0.136955157 0.041808362
9:/crrcrc: 0.000000000 0.527002290 0.472997710
9:/crrcrf: 0.000000000 0.540921278 0.459078722
9:/rcr: 0.691619781 0.274317366 0.034062853
9:/rcrcrc: 0.000000000 0.679674881 0.320325119
9:/rcrcrf: 0.000000000 0.693393361 0.306606639
9:/rfr: 0.528713487 0.377965406 0.093321107
9:/rrc: 0.000000000 0.174436013 0.825563987
9:/rrf: 0.000249544 0.743155645 0.256594812
9:/rrr: 0.000000000 0.712829966 0.287170034
A:/: 0.844243578 0.155756422 0.000000000
A:/ccr: 0.448211206 0.551189846 0.000598948
A:/ccrcrc: 0.910601352 0.089364249 0.000034399
A:/ccrcrf: 0.360076113 0.639830009 0.000093878
A:/ccrcrr: 0.000000000 1.000000000 0.000000000
A:/ccrrcr: 0.000000000 0.205241952 0.794758048
A:/ccrrfr: 0.000000000 0.271750575 0.728249425
A:/ccrrrc: 0.000000000 0.999731693 0.000268307
A:/ccrrrf: 0.000000000 0.533022082 0.466977918
A:/crc: 0.301750433 0.698249567 0.000000000
A:/crcrcr: 0.000000000 0.999870104 0.000129896
A:/crcrfr: 0.000000000 0.499443751 0.500556249
A:/crcrrc: 0.000000000 0.978762549 0.021237451
A:/crcrrf: 0.000000000 0.865786220 0.134213780
A:/crf: 1.000000000 0.000000000 0.000000000
A:/crfrr: 0.000000000 0.886422896 0.113577104
A:/crr: 0.569121443 0.430878557 0.000000000
A:/crrcrc: 0.000000000 1.000000000 0.000000000
A:/crrcrf: 0.000000000 0.970364014 0.029635986
A:/rcr: 0.726943567 0.273056433 0.000000000
A:/rcrcrc: 0.000000000 1.000000000 0.000000000
A:/rcrcrf: 0.000000000 1.000000000 0.000000000
A:/rfr: 0.451590331 0.468940677 0.079468992
A:/rrc: 0.374043626 0.625956374 0.000000000
A:/rrf: 0.382684889 0.616932949 0.000382161
A:/rrr: 0.000000000 1.000000000 0.000000000
J:/: 0.887938233 0.112061767 0.000000000
J:/ccr: 0.026511045 0.973421914 0.000067042
J:/ccrcrc: 0.032404711 0.421586692 0.546008597
J:/ccrcrf: 0.556100696 0.400866321 0.043032983
J:/ccrcrr: 0.000000000 0.488378791 0.511621209
J:/ccrrcr: 0.000000000 0.944641099 0.055358901
J:/ccrrfr: 0.000000000 0.739576963 0.260423037
J:/ccrrrc: 0.000000000 0.806758997 0.193241003
J:/ccrrrf: 0.000000000 0.490065003 0.509934997
J:/crc: 0.000000000 0.002219549 0.997780451
J:/crcrcr: 0.000000000 0.705006263 0.294993737
J:/crcrfr: 0.000000000 0.024169519 0.975830481
J:/crcrrc: 0.000000000 0.644174609 0.355825391
J:/crcrrf: 0.000000000 0.247457627 0.752542373
J:/crf: 0.001127499 0.996370909 0.002501592
J:/crfrr: 0.000000000 0.801841332 0.198158668
J:/crr: 0.802667608 0.000000000 0.197332392
J:/crrcrc: 0.000000000 0.297380501 0.702619499
J:/crrcrf: 0.000000000 0.850444589 0.149555411
J:/rcr: 0.899529342 0.000002043 0.100468614
J:/rcrcrc: 0.000000000 0.710361982 0.289638018
J:/rcrcrf: 0.000000000 0.929061743 0.070938257
J:/rfr: 0.109605772 0.283807901 0.606586327
J:/rrc: 0.000000000 0.315311183 0.684688817
J:/rrf: 0.000238177 0.928444194 0.071317629
J:/rrr: 0.000000000 0.322285093 0.677714907
K:/: 0.999752427 0.000247573 0.000000000
K:/ccr: 0.227224443 0.751688433 0.021087125
K:/ccrcrc: 0.693777732 0.304461946 0.001760322
K:/ccrcrf: 0.517354149 0.446213837 0.036432014
K:/ccrcrr: 0.000000000 0.898174177 0.101825823
K:/ccrrcr: 0.000000000 0.118893503 0.881106497
K:/ccrrfr: 0.000000000 0.048903933 0.951096067
K:/ccrrrc: 0.000000000 0.999682535 0.000317465
K:/ccrrrf: 0.000000000 0.440020152 0.559979848
K:/crc: 0.000000000 1.000000000 0.000000000
K:/crcrcr: 0.000000000 0.978556606 0.021443394
K:/crcrfr: 0.000000000 0.390205380 0.609794620
K:/crcrrc: 0.000000000 0.540155165 0.459844835
K:/crcrrf: 0.000000000 0.667448486 0.332551514
K:/crf: 0.000000000 1.000000000 0.000000000
K:/crfrr: 0.000000000 0.797610193 0.202389807
K:/crr: 0.425589424 0.574410576 0.000000000
K:/crrcrc: 0.000000000 0.918427097 0.081572903
K:/crrcrf: 0.000000000 0.969708809 0.030291191
K:/rcr: 0.787806304 0.212193696 0.000000000
K:/rcrcrc: 0.000000000 0.840728483 0.159271517
K:/rcrcrf: 0.000000000 0.870451890 0.129548110
K:/rfr: 0.453718802 0.345051983 0.201229215
K:/rrc: 0.000000000 0.347656756 0.652343244
K:/rrf: 0.000212519 0.997106073 0.002681408
K:/rrr: 0.000000000 0.919835114 0.080164886
Q:/: 0.570150923 0.429849077 0.000000000
Q:/ccr: 0.293438916 0.706201265 0.000359819
Q:/ccrcrc: 0.279901257 0.406028230 0.314070513
Q:/ccrcrf: 0.259697413 0.710948226 0.029354361
Q:/ccrcrr: 0.000000000 0.942644937 0.057355063
Q:/ccrrcr: 0.000000000 0.622831662 0.377168338
Q:/ccrrfr: 0.000000000 0.706918425 0.293081575
Q:/ccrrrc: 0.000000000 0.998688973 0.001311027
Q:/ccrrrf: 0.000000000 0.599562268 0.400437732
Q:/crc: 0.000000000 0.999889686 0.000110314
Q:/crcrcr: 0.000000000 0.691531215 0.308468785
Q:/crcrfr: 0.000000000 0.333657981 0.666342019
Q:/crcrrc: 0.000000000 0.292859728 0.707140272
Q:/crcrrf: 0.000000000 0.720331338 0.279668662
Q:/crf: 0.000138781 0.999412439 0.000448780
Q:/crfrr: 0.000000000 0.659168483 0.340831517
Q:/crr: 0.722275088 0.274698126 0.003026786
Q:/crrcrc: 0.000000000 0.890012389 0.109987611
Q:/crrcrf: 0.000000000 0.980193596 0.019806404
Q:/rcr: 0.960828739 0.000262354 0.038908907
Q:/rcrcrc: 0.000000000 0.404111755 0.595888245
Q:/rcrcrf: 0.000000000 0.556343883 0.443656117
Q:/rfr: 0.824747806 0.035373951 0.139878243
Q:/rrc: 0.000000000 0.404543315 0.595456685
Q:/rrf: 0.000231842 0.783639661 0.216128497
Q:/rrr: 0.000000000 0.376898611 0.623101389
T:/: 0.462218207 0.537781793 0.000000000
T:/ccr: 0.058489342 0.941431007 0.000079652
T:/ccrcrc: 0.042033160 0.303652741 0.654314099
T:/ccrcrf: 0.402494708 0.461775652 0.135729641
T:/ccrcrr: 0.000000000 0.720054836 0.279945164
T:/ccrrcr: 0.000000000 0.575752526 0.424247474
T:/ccrrfr: 0.000000000 0.244831362 0.755168638
T:/ccrrrc: 0.000000000 0.857223629 0.142776371
T:/ccrrrf: 0.000000000 0.524756411 0.475243589
T:/crc: 0.000000000 0.000016011 0.999983989
T:/crcrcr: 0.000000000 1.000000000 0.000000000
T:/crcrfr: 0.000000000 0.402232087 0.597767913
T:/crcrrc: 0.000000000 0.348053432 0.651946568
T:/crcrrf: 0.000000000 0.523044242 0.476955758
T:/crf: 0.003332418 0.993608728 0.003058853
T:/crfrr: 0.000000000 0.328164722 0.671835278
T:/crr: 0.814356473 0.139307404 0.046336122
T:/crrcrc: 0.000000000 0.576285498 0.423714502
T:/crrcrf: 0.000000000 0.916479313 0.083520687
T:/rcr: 0.774760108 0.146647773 0.078592119
T:/rcrcrc: 0.000000000 0.580239827 0.419760173
T:/rcrcrf: 0.000000000 0.599409848 0.400590152
T:/rfr: 0.679985595 0.213126867 0.106887538
T:/rrc: 0.000000000 0.293916294 0.706083706
T:/rrf: 0.000241441 0.997257838 0.002500722
T:/rrr: 0.000000000 0.003614096 0.996385904
