2:/c: 0.171582884 0.828417116 0.000000000
2:/ccrc: 0.000000000 0.000000000 1.000000000
2:/ccrcrcr: 0.000000000 0.253245797 0.746754203
2:/ccrcrfr: 0.000000000 0.166628601 0.833371399
2:/ccrcrrc: 0.000000000 0.014906661 0.985093339
2:/ccrcrrf: 0.000000000 0.121675642 0.878324358
2:/ccrf: 0.000179611 0.000000000 0.999820389
2:/ccrfrr: 0.000000000 0.000000000 1.000000000
2:/ccrr: 0.000000000 0.000000000 1.000000000
2:/ccrrcrc: 0.000000000 0.306093042 0.693906958
2:/ccrrcrf: 0.000000000 0.710839628 0.289160372
2:/crcr: 0.000002404 0.037651294 0.962346302
2:/crcrcrc: 0.000000000 0.397398983 0.602601017
2:/crcrcrf: 0.000000000 0.707137442 0.292862558
2:/crfr: 0.000000000 0.000000000 1.000000000
2:/crrc: 0.047685823 0.205529708 0.746784470
2:/crrf: 0.000015097 0.148569527 0.851415376
2:/crrr: 0.000000000 0.000000000 1.000000000
2:/r: 0.000046228 0.000000000 0.999953772
2:/rcrc: 0.000000000 0.000000000 1.000000000
2:/rcrf: 0.107446912 0.044213747 0.848339341
2:/rcrr: 0.000000000 0.000000000 1.000000000
2:/rrcr: 0.000000000 0.085812520 0.914187480
2:/rrfr: 0.000000000 0.000000000 1.000000000
2:/rrrc: 0.000000000 0.121632822 0.878367178
2:/rrrf: 0.000000000 0.000000000 1.000000000
3:/c: 0.406397683 0.593602317 0.000000000
3:/ccrc: 0.000000000 0.000000000 1.000000000
3:/ccrcrcr: 0.000000000 0.389298394 0.610701606
3:/ccrcrfr: 0.000000000 0.466342987 0.533657013
3:/ccrcrrc: 0.000000000 0.142649214 0.857350786
3:/ccrcrrf: 0.000000000 0.000000000 1.000000000
3:/ccrf: 0.000127226 0.000000000 0.999872774
3:/ccrfrr: 0.000000000 0.000000000 1.000000000
3:/ccrr: 0.000000000 0.000000000 1.000000000
3:/ccrrcrc: 0.000000000 0.845122200 0.154877800
3:/ccrrcrf: 0.000000000 0.670063949 0.329936051
3:/crcr: 0.000003429 0.019108483 0.980888089
3:/crcrcrc: 0.000000000 0.806143171 0.193856829
3:/crcrcrf: 0.000000000 0.300275097 0.699724903
3:/crfr: 0.000400359 0.059151870 0.940447770
3:/crrc: 0.261882871 0.059313015 0.678804114
3:/crrf: 0.262278458 0.000206531 0.737515011
3:/crrr: 0.000000000 0.000000000 1.000000000
3:/r: 0.000000000 0.000000000 1.000000000
3:/rcrc: 0.000000000 0.000000000 1.000000000
3:/rcrf: 0.148353375 0.213931361 0.637715264
3:/rcrr: 0.000000000 0.000000000 1.000000000
3:/rrcr: 0.000000000 0.341118329 0.658881671
3:/rrfr: 0.000000000 0.000000000 1.000000000
3:/rrrc: 0.000000000 0.000000000 1.000000000
3:/rrrf: 0.000000000 0.002574074 0.997425926
4:/c: 0.266935612 0.733064388 0.000000000
4:/ccrc: 0.000000000 0.000000000 1.000000000
4:/ccrcrcr: 0.000000000 0.110105284 0.889894716
4:/ccrcrfr: 0.000000000 0.000104827 0.999895173
4:/ccrcrrc: 0.000000000 0.015902988 0.984097012
4:/ccrcrrf: 0.000000000 0.005239862 0.994760138
4:/ccrf: 0.044807258 0.000000000 0.955192742
4:/ccrfrr: 0.000000000 0.000000000 1.000000000
4:/ccrr: 0.000000000 0.000000000 1.000000000
4:/ccrrcrc: 0.000000000 0.350552640 0.649447360
4:/ccrrcrf: 0.000000000 0.856270107 0.143729893
4:/crcr: 0.000002666 0.141216202 0.858781132
4:/crcrcrc: 0.000000000 0.489860562 0.510139438
4:/crcrcrf: 0.000000000 0.428483805 0.571516195
4:/crfr: 0.000396623 0.244187467 0.755415910
4:/crrc: 0.000000000 0.332386627 0.667613373
4:/crrf: 0.002948736 0.673565931 0.323485333
4:/crrr: 0.000000000 0.000000000 1.000000000
4:/r: 0.000000000 0.000000000 1.000000000
4:/rcrc: 0.000030105 0.000000000 0.999969895
4:/rcrf: 0.448861305 0.241651459 0.309487236
4:/rcrr: 0.000000000 0.000000000 1.000000000
4:/rrcr: 0.000000000 0.532089437 0.467910563
4:/rrfr: 0.000000000 0.000000000 1.000000000
4:/rrrc: 0.000000000 0.211531986 0.788468014
4:/rrrf: 0.000000000 0.325461264 0.674538736
5:/c: 0.000290796 0.999709204 0.000000000
5:/ccrc: 0.000000000 0.000000000 1.000000000
5:/ccrcrcr: 0.000000000 0.484629806 0.515370194
5:/ccrcrfr: 0.000000000 0.854087071 0.145912929
5:/ccrcrrc: 0.000000000 0.000000000 1.000000000
5:/ccrcrrf: 0.000000000 0.000000000 1.000000000
5:/ccrf: 0.003356126 0.277151928 0.719491946
5:/ccrfrr: 0.000000000 0.271145567 0.728854433
5:/ccrr: 0.000000000 0.000000000 1.000000000
5:/ccrrcrc: 0.000000000 0.261634478 0.738365522
5:/ccrrcrf: 0.000000000 0.193213768 0.806786232
5:/crcr: 0.000002105 0.058036752 0.941961143
5:/crcrcrc: 0.000000000 0.470626508 0.529373492
5:/crcrcrf: 0.000000000 0.690845754 0.309154246
5:/crfr: 0.075743824 0.003323789 0.920932387
5:/crrc: 0.000000000 0.304712348 0.695287652
5:/crrf: 0.004649365 0.253363647 0.741986988
5:/crrr: 0.000000000 0.000000000 1.000000000
5:/r: 0.000000000 0.000000000 1.000000000
5:/rcrc: 0.000031844 0.000000000 0.999968156
5:/rcrf: 0.454408271 0.192273239 0.353318490
5:/rcrr: 0.000000000 0.000000000 1.000000000
5:/rrcr: 0.000000000 0.323585616 0.676414384
5:/rrfr: 0.000000000 0.000000000 1.000000000
5:/rrrc: 0.000000000 0.563267187 0.436732813
5:/rrrf: 0.000000000 0.000000000 1.000000000
6:/c: 0.000000000 1.000000000 0.000000000
6:/ccrc: 0.000022559 0.000000000 0.999977441
6:/ccrcrcr: 0.000000000 0.608145760 0.391854240
6:/ccrcrfr: 0.000000000 0.430197671 0.569802329
6:/ccrcrrc: 0.000000000 0.214113460 0.785886540
6:/ccrcrrf: 0.000000000 0.106919149 0.893080851
6:/ccrf: 0.017072914 0.493621886 0.489305201
6:/ccrfrr: 0.000000000 0.185041975 0.814958025
6:/ccrr: 0.000000000 0.000000000 1.000000000
6:/ccrrcrc: 0.000000000 0.535840880 0.464159120
6:/ccrrcrf: 0.000000000 0.592906648 0.407093352
6:/crcr: 0.000003919 0.063888089 0.936107992
6:/crcrcrc: 0.000000000 0.734093741 0.265906259
6:/crcrcrf: 0.000000000 0.363539384 0.636460616
6:/crfr: 0.000000000 0.000000000 1.000000000
6:/crrc: 0.000000000 0.299065995 0.700934005
6:/crrf: 0.635376527 0.019312635 0.345310838
6:/crrr: 0.000000000 0.000000000 1.000000000
6:/r: 0.000598927 0.000234429 0.999166644
6:/rcrc: 0.000078717 0.074970781 0.924950502
6:/rcrf: 0.000010417 0.405533542 0.594456040
6:/rcrr: 0.000000000 0.000000000 1.000000000
6:/rrcr: 0.000000000 0.223199911 0.776800089
6:/rrfr: 0.000000000 0.000000000 1.000000000
6:/rrrc: 0.000000000 0.342607964 0.657392036
6:/rrrf: 0.000000000 0.229708600 0.770291400
7:/c: 0.000095951 0.999904049 0.000000000
7:/ccrc: 0.000105124 0.000000000 0.999894876
7:/ccrcrcr: 0.000000000 0.336506841 0.663493159
7:/ccrcrfr: 0.000000000 0.957301327 0.042698673
7:/ccrcrrc: 0.000000000 0.380264649 0.619735351
7:/ccrcrrf: 0.000000000 0.097680822 0.902319178
7:/ccrf: 0.000215146 0.425852911 0.573931943
7:/ccrfrr: 0.000000000 0.456750218 0.543249782
7:/ccrr: 0.000000000 0.000000000 1.000000000
7:/ccrrcrc: 0.000000000 0.506684983 0.493315017
7:/ccrrcrf: 0.000000000 0.813714215 0.186285785
7:/crcr: 0.000003367 0.317826879 0.682169753
7:/crcrcrc: 0.000000000 0.461828805 0.538171195
7:/crcrcrf: 0.000000000 0.599077488 0.400922512
7:/crfr: 0.000000000 0.047100964 0.952899036
7:/crrc: 0.000000000 0.354629704 0.645370296
7:/crrf: 0.206268875 0.338786788 0.454944337
7:/crrr: 0.000000000 0.000000000 1.000000000
7:/r: 0.090193285 0.280195041 0.629611674
7:/rcrc: 0.000027163 0.000000000 0.999972837
7:/rcrf: 0.000010440 0.701278899 0.298710661
7:/rcrr: 0.000000000 0.000000000 1.000000000
7:/rrcr: 0.000000000 0.255518677 0.744481323
7:/rrfr: 0.000000000 0.000000000 1.000000000
7:/rrrc: 0.000000000 0.000000000 1.000000000
7:/rrrf: 0.000000000 0.000000000 1.000000000
8:/c: 0.000061648 0.999938352 0.000000000
8:/ccrc: 0.000170141 0.000000000 0.999829859
8:/ccrcrcr: 0.000000000 0.676220929 0.323779071
8:/ccrcrfr: 0.000000000 0.685846403 0.314153597
8:/ccrcrrc: 0.000000000 0.065629811 0.934370189
8:/ccrcrrf: 0.000000000 0.089131117 0.910868883
8:/ccrf: 0.053005514 0.488167920 0.458826565
8:/ccrfrr: 0.000000000 0.062276119 0.937723881
8:/ccrr: 0.000000000 0.000000000 1.000000000
8:/ccrrcrc: 0.000000000 0.058140078 0.941859922
8:/ccrrcrf: 0.000000000 0.369086935 0.630913065
8:/crcr: 0.000001054 0.129593075 0.870405872
8:/crcrcrc: 0.000000000 0.195975168 0.804024832
8:/crcrcrf: 0.000000000 0.403599623 0.596400377
8:/crfr: 0.000001595 0.226446551 0.773551855
8:/crrc: 0.110895667 0.542793248 0.346311085
8:/crrf: 0.511987137 0.212698692 0.275314171
8:/crrr: 0.000000000 0.011504051 0.988495949
8:/r: 0.000587244 0.114880080 0.884532677
8:/rcrc: 0.058431876 0.056434743 0.885133382
8:/rcrf: 0.000010440 0.279929982 0.720059579
8:/rcrr: 0.000000000 0.000000000 1.000000000
8:/rrcr: 0.000000000 0.457373115 0.542626885
8:/rrfr: 0.000000000 0.539204514 0.460795486
8:/rrrc: 0.000000000 0.558878901 0.441121099
8:/rrrf: 0.000000000 0.313405891 0.686594109
9:/c: 0.000100865 0.999899135 0.000000000
9:/ccrc: 0.002420629 0.073426511 0.924152860
9:/ccrcrcr: 0.000000000 0.991429626 0.008570374
9:/ccrcrfr: 0.000000000 1.000000000 0.000000000
9:/ccrcrrc: 0.000000000 0.260171750 0.739828250
9:/ccrcrrf: 0.000000000 0.575270788 0.424729212
9:/ccrf: 0.000219123 0.740189736 0.259591141
9:/ccrfrr: 0.000000000 0.633818790 0.366181210
9:/ccrr: 0.037714623 0.000000000 0.962285377
9:/ccrrcrc: 0.000000000 0.847233681 0.152766319
9:/ccrrcrf: 0.000000000 0.743750135 0.256249865
9:/crcr: 0.000005265 0.258330529 0.741664206
9:/crcrcrc: 0.000000000 0.504508590 0.495491410
9:/crcrcrf: 0.000000000 0.775203139 0.224796861
9:/crfr: 0.000002657 0.234235861 0.765761482
9:/crrc: 0.360426935 0.100449978 0.539123087
9:/crrf: 0.581779383 0.104709554 0.313511063
9:/crrr: 0.000000000 0.000000000 1.000000000
9:/r: 0.001449938 0.575374809 0.423175254
9:/rcrc: 0.000026797 0.000000000 0.999973203
9:/rcrf: 0.506224076 0.436690829 0.057085096
9:/rcrr: 0.000000000 0.000000000 1.000000000
9:/rrcr: 0.000000000 0.171151741 0.828848259
9:/rrfr: 0.000000000 0.011336677 0.988663323
9:/rrrc: 0.000000000 0.000000000 1.000000000
9:/rrrf: 0.000000000 0.101587689 0.898412311
A:/c: 0.717898814 0.282101186 0.000000000
A:/ccrc: 1.000000000 0.000000000 0.000000000
A:/ccrcrcr: 0.000000000 1.000000000 0.000000000
A:/ccrcrfr: 0.000000000 1.000000000 0.000000000
A:/ccrcrrc: 0.000000000 1.000000000 0.000000000
A:/ccrcrrf: 0.000000000 1.000000000 0.000000000
A:/ccrf: 1.000000000 0.000000000 0.000000000
A:/ccrfrr: 0.000000000 1.000000000 0.000000000
A:/ccrr: 0.481741828 0.518258172 0.000000000
A:/ccrrcrc: 0.000000000 1.000000000 0.000000000
A:/ccrrcrf: 0.000000000 1.000000000 0.000000000
A:/crcr: 0.690887521 0.305943647 0.003168832
A:/crcrcrc: 0.000000000 0.530430976 0.469569024
A:/crcrcrf: 0.000000000 0.282851877 0.717148123
A:/crfr: 0.384196545 0.615803455 0.000000000
A:/crrc: 0.767131125 0.232868875 0.000000000
A:/crrf: 0.661540262 0.338459738 0.000000000
A:/crrr: 0.000000000 1.000000000 0.000000000
A:/r: 0.489071934 0.510928066 0.000000000
A:/rcrc: 1.000000000 0.000000000 0.000000000
A:/rcrf: 0.748649974 0.251350026 0.000000000
A:/rcrr: 0.000000000 1.000000000 0.000000000
A:/rrcr: 0.000000000 0.882829682 0.117170318
A:/rrfr: 0.000000000 1.000000000 0.000000000
A:/rrrc: 0.000000000 1.000000000 0.000000000
A:/rrrf: 0.000000000 1.000000000 0.000000000
J:/c: 0.547637184 0.452362816 0.000000000
J:/ccrc: 0.000000000 1.000000000 0.000000000
J:/ccrcrcr: 0.000000000 0.492276291 0.507723709
J:/ccrcrfr: 0.000000000 1.000000000 0.000000000
J:/ccrcrrc: 0.000000000 0.582713403 0.417286597
J:/ccrcrrf: 0.000000000 0.201636116 0.798363884
J:/ccrf: 0.000042330 0.999957670 0.000000000
J:/ccrfrr: 0.000000000 0.964230172 0.035769828
J:/ccrr: 0.218171948 0.016985793 0.764842260
J:/ccrrcrc: 0.000000000 0.474025233 0.525974767
J:/ccrrcrf: 0.000000000 0.647554832 0.352445168
J:/crcr: 0.000003786 0.304414496 0.695581718
J:/crcrcrc: 0.000000000 0.629563713 0.370436287
J:/crcrcrf: 0.000000000 0.276429218 0.723570782
J:/crfr: 0.000005878 0.765090551 0.234903571
J:/crrc: 0.138705574 0.233500258 0.627794168
J:/crrf: 0.400406918 0.319696904 0.279896178
J:/crrr: 0.000000000 0.292422416 0.707577584
J:/r: 0.000882002 0.999117998 0.000000000
J:/rcrc: 0.090281559 0.500154994 0.409563446
J:/rcrf: 0.203856504 0.761966451 0.034177044
J:/rcrr: 0.000000000 0.000000000 1.000000000
J:/rrcr: 0.000000000 0.538920781 0.461079219
J:/rrfr: 0.000000000 0.635335402 0.364664598
J:/rrrc: 0.000000000 0.286449530 0.713550470
J:/rrrf: 0.000000000 0.211542621 0.788457379
K:/c: 0.689159623 0.310840377 0.000000000
K:/ccrc: 0.279062822 0.720937178 0.000000000
K:/ccrcrcr: 0.000000000 0.871962779 0.128037221
K:/ccrcrfr: 0.000000000 1.000000000 0.000000000
K:/ccrcrrc: 0.000000000 0.836543075 0.163456925
K:/ccrcrrf: 0.000000000 0.998096425 0.001903575
K:/ccrf: 1.000000000 0.000000000 0.000000000
K:/ccrfrr: 0.000000000 1.000000000 0.000000000
K:/ccrr: 1.000000000 0.000000000 0.000000000
K:/ccrrcrc: 0.000000000 0.970795094 0.029204906
K:/ccrrcrf: 0.000000000 0.999990329 0.000009671
K:/crcr: 0.246518553 0.403109541 0.350371907
K:/crcrcrc: 0.000000000 0.940424376 0.059575624
K:/crcrcrf: 0.000000000 0.516035700 0.483964300
K:/crfr: 0.202146798 0.547578886 0.250274316
K:/crrc: 0.306746762 0.520719466 0.172533771
K:/crrf: 0.050625032 0.702520261 0.246854707
K:/crrr: 0.000000000 0.449225112 0.550774888
K:/r: 0.000000000 1.000000000 0.000000000
K:/rcrc: 0.595223953 0.404776047 0.000000000
K:/rcrf: 0.304188265 0.695770741 0.000040994
K:/rcrr: 0.000000000 0.999830320 0.000169680
K:/rrcr: 0.000000000 0.900976260 0.099023740
K:/rrfr: 0.000000000 0.852366562 0.147633438
K:/rrrc: 0.000000000 0.858345224 0.141654776
K:/rrrf: 0.000000000 0.503656885 0.496343115
Q:/c: 1.000000000 0.000000000 0.000000000
Q:/ccrc: 0.000000000 1.000000000 0.000000000
Q:/ccrcrcr: 0.000000000 0.781057119 0.218942881
Q:/ccrcrfr: 0.000000000 1.000000000 0.000000000
Q:/ccrcrrc: 0.000000000 0.443499779 0.556500221
Q:/ccrcrrf: 0.000000000 0.851593341 0.148406659
Q:/ccrf: 0.773660348 0.226339652 0.000000000
Q:/ccrfrr: 0.000000000 1.000000000 0.000000000
Q:/ccrr: 0.777324146 0.222675854 0.000000000
Q:/ccrrcrc: 0.000000000 0.303307740 0.696692260
Q:/ccrrcrf: 0.000000000 0.922864454 0.077135546
Q:/crcr: 0.022428179 0.380442386 0.597129435
Q:/crcrcrc: 0.000000000 0.482591462 0.517408538
Q:/crcrcrf: 0.000000000 0.454783986 0.545216014
Q:/crfr: 0.000006031 0.821172088 0.178821880
Q:/crrc: 0.272583187 0.539151307 0.188265506
Q:/crrf: 0.070188160 0.656843319 0.272968521
Q:/crrr: 0.000000000 0.401915993 0.598084007
Q:/r: 0.000224476 0.999775524 0.000000000
Q:/rcrc: 0.000000000 0.320323240 0.679676760
Q:/rcrf: 0.483643196 0.516316807 0.000039998
Q:/rcrr: 0.000000000 0.508042316 0.491957684
Q:/rrcr: 0.000000000 0.557472271 0.442527729
Q:/rrfr: 0.000000000 0.622332211 0.377667789
Q:/rrrc: 0.000000000 0.757871144 0.242128856
Q:/rrrf: 0.000000000 0.624185472 0.375814528
T:/c: 0.000000000 1.000000000 0.000000000
T:/ccrc: 0.050797700 0.949202300 0.000000000
T:/ccrcrcr: 0.000000000 0.655637732 0.344362268
T:/ccrcrfr: 0.000000000 1.000000000 0.000000000
T:/ccrcrrc: 0.000000000 0.205221237 0.794778763
T:/ccrcrrf: 0.000000000 0.385101201 0.614898799
T:/ccrf: 0.005936686 0.994063314 0.000000000
T:/ccrfrr: 0.000000000 0.495113703 0.504886297
T:/ccrr: 0.050916841 0.032912210 0.916170950
T:/ccrrcrc: 0.000000000 0.469655980 0.530344020
T:/ccrrcrf: 0.000000000 0.520891411 0.479108589
T:/crcr: 0.000004473 0.654062735 0.345932793
T:/crcrcrc: 0.000000000 0.145915641 0.854084359
T:/crcrcrf: 0.000000000 0.271624733 0.728375267
T:/crfr: 0.000003289 0.477866369 0.522130342
T:/crrc: 0.000000000 0.782789430 0.217210570
T:/crrf: 0.000000000 0.654679069 0.345320931
T:/crrr: 0.000000000 0.000000000 1.000000000
T:/r: 0.000303594 0.998849923 0.000846483
T:/rcrc: 0.000011836 0.000000000 0.999988164
T:/rcrf: 0.000007715 0.768266423 0.231725862
T:/rcrr: 0.000000000 0.000000000 1.000000000
T:/rrcr: 0.000000000 0.710622076 0.289377924
T:/rrfr: 0.000000000 0.211269897 0.788730103
T:/rrrc: 0.000000000 0.176023412 0.823976588
T:/rrrf: 0.000000000 0.410298426 0.589701574
