2:/cc: 0.045055580 0.954944420 0.000000000
2:/ccrcr: 0.302203988 0.145687698 0.552108314
2:/ccrcrcrc: 0.000000000 0.532096178 0.467903822
2:/ccrcrcrf: 0.000000000 0.782021247 0.217978753
2:/ccrfr: 0.230490496 0.593791775 0.175717729
2:/ccrrc: 0.299348777 0.576590085 0.124061139
2:/ccrrf: 0.282783730 0.290590253 0.426626017
2:/ccrrr: 0.000000000 0.307021525 0.692978475
2:/cr: 0.211904128 0.000623993 0.787471879
2:/crcrc: 0.000000887 0.460030543 0.539968570
2:/crcrf: 0.034651164 0.429776264 0.535572572
2:/crcrr: 0.000000000 0.434708487 0.565291513
2:/crrcr: 0.000000000 0.621012222 0.378987778
2:/crrfr: 0.000000000 0.235789075 0.764210925
2:/crrrc: 0.000000000 0.000036016 0.999963984
2:/crrrf: 0.000000000 0.029705293 0.970294707
2:/rc: 0.206174537 0.000000000 0.793825463
2:/rcrcr: 0.000000000 0.383185858 0.616814142
2:/rcrfr: 0.000000000 0.244058823 0.755941177
2:/rcrrc: 0.000000000 0.000000000 1.000000000
2:/rcrrf: 0.000000000 0.677313037 0.322686963
2:/rf: 0.483054846 0.221195903 0.295749251
2:/rfrr: 0.000000000 0.768398632 0.231601368
2:/rr: 0.000227377 0.000000000 0.999772623
2:/rrcrc: 0.000000000 0.009038608 0.990961392
2:/rrcrf: 0.000000000 0.576197224 0.423802776
3:/cc: 0.713525057 0.286474943 0.000000000
3:/ccrcr: 0.000720343 0.228868439 0.770411218
3:/ccrcrcrc: 0.000000000 0.138583560 0.861416440
3:/ccrcrcrf: 0.000000000 0.397505914 0.602494086
3:/ccrfr: 0.260363673 0.172107980 0.567528347
3:/ccrrc: 0.092038318 0.578538040 0.329423643
3:/ccrrf: 0.313716577 0.301306483 0.384976940
3:/ccrrr: 0.000000000 0.828549691 0.171450309
3:/cr: 0.001086287 0.000224880 0.998688834
3:/crcrc: 0.084428265 0.484717594 0.430854141
3:/crcrf: 0.518500022 0.282875057 0.198624921
3:/crcrr: 0.000000000 0.058322776 0.941677224
3:/crrcr: 0.000000000 0.325627400 0.674372600
3:/crrfr: 0.000000000 0.247039035 0.752960965
3:/crrrc: 0.000000000 0.024229485 0.975770515
3:/crrrf: 0.000000000 0.178971821 0.821028179
3:/rc: 0.199776237 0.000000000 0.800223763
3:/rcrcr: 0.000000000 0.356592899 0.643407101
3:/rcrfr: 0.000000000 0.420502987 0.579497013
3:/rcrrc: 0.000000000 0.000000000 1.000000000
3:/rcrrf: 0.000000000 0.713621994 0.286378006
3:/rf: 0.443737482 0.501376867 0.054885651
3:/rfrr: 0.000000000 0.632497038 0.367502962
3:/rr: 0.000224782 0.000000000 0.999775218
3:/rrcrc: 0.000000000 0.514832852 0.485167148
3:/rrcrf: 0.000000000 0.852813346 0.147186654
4:/cc: 0.054653417 0.945346583 0.000000000
4:/ccrcr: 0.118406675 0.102957110 0.778636215
4:/ccrcrcrc: 0.000000000 0.872380344 0.127619656
4:/ccrcrcrf: 0.000000000 0.710250919 0.289749081
4:/ccrfr: 0.002470670 0.372712615 0.624816715
4:/ccrrc: 0.015810054 0.522361805 0.461828141
4:/ccrrf: 0.048960815 0.216824620 0.734214565
4:/ccrrr: 0.000000000 0.177691936 0.822308064
4:/cr: 0.001636916 0.000000000 0.998363084
4:/crcrc: 0.147077062 0.413177061 0.439745877
4:/crcrf: 0.485586651 0.299717679 0.214695669
4:/crcrr: 0.000000000 0.379408571 0.620591429
4:/crrcr: 0.000000000 0.285676047 0.714323953
4:/crrfr: 0.000000000 0.381637019 0.618362981
4:/crrrc: 0.000000000 0.000036589 0.999963411
4:/crrrf: 0.000000000 0.546908794 0.453091206
4:/rc: 0.000016617 0.000000000 0.999983383
4:/rcrcr: 0.000000000 0.710354916 0.289645084
4:/rcrfr: 0.000000000 0.457155083 0.542844917
4:/rcrrc: 0.000000000 0.112735851 0.887264149
4:/rcrrf: 0.000000000 0.445023183 0.554976817
4:/rf: 0.168176192 0.500481725 0.331342082
4:/rfrr: 0.000000000 0.377537232 0.622462768
4:/rr: 0.000216271 0.000000000 0.999783729
4:/rrcrc: 0.000000000 0.817911855 0.182088145
4:/rrcrf: 0.000000000 0.241349346 0.758650654
5:/cc: 0.032106758 0.967893242 0.000000000
5:/ccrcr: 0.000727797 0.123120474 0.876151728
5:/ccrcrcrc: 0.000000000 0.400169718 0.599830282
5:/ccrcrcrf: 0.000000000 0.105186992 0.894813008
5:/ccrfr: 0.096208459 0.432850981 0.470940560
5:/ccrrc: 0.281496578 0.443623393 0.274880030
5:/ccrrf: 0.494746989 0.335452810 0.169800201
5:/ccrrr: 0.000000000 0.629719733 0.370280267
5:/cr: 0.001743520 0.000000000 0.998256480
5:/crcrc: 0.123451762 0.739357431 0.137190807
5:/crcrf: 0.068685126 0.245939154 0.685375720
5:/crcrr: 0.000000000 0.537860973 0.462139027
5:/crrcr: 0.000000000 0.558890164 0.441109836
5:/crrfr: 0.000000000 0.374880891 0.625119109
5:/crrrc: 0.000000000 0.000017178 0.999982822
5:/crrrf: 0.000000000 0.603132853 0.396867147
5:/rc: 0.000107929 0.000000000 0.999892071
5:/rcrcr: 0.000000000 0.509274555 0.490725445
5:/rcrfr: 0.000000000 0.112993593 0.887006407
5:/rcrrc: 0.000000000 0.242301794 0.757698206
5:/rcrrf: 0.000000000 0.530117929 0.469882071
5:/rf: 0.798043567 0.186482139 0.015474294
5:/rfrr: 0.000000000 0.848238419 0.151761581
5:/rr: 0.000219344 0.000000000 0.999780656
5:/rrcrc: 0.000000000 0.627320350 0.372679650
5:/rrcrf: 0.000000000 0.781113756 0.218886244
6:/cc: 0.000253896 0.999746104 0.000000000
6:/ccrcr: 0.000447901 0.000061726 0.999490373
6:/ccrcrcrc: 0.000000000 0.709632372 0.290367628
6:/ccrcrcrf: 0.000000000 0.221925733 0.778074267
6:/ccrfr: 0.094033566 0.383961036 0.522005398
6:/ccrrc: 0.344434582 0.351404672 0.304160746
6:/ccrrf: 0.036181204 0.332968061 0.630850735
6:/ccrrr: 0.000000000 0.539633158 0.460366842
6:/cr: 0.001181965 0.000000000 0.998818035
6:/crcrc: 0.504208491 0.281963631 0.213827878
6:/crcrf: 0.656544828 0.228961665 0.114493507
6:/crcrr: 0.000000000 0.432190691 0.567809309
6:/crrcr: 0.000000000 0.323527531 0.676472469
6:/crrfr: 0.000000000 0.829663307 0.170336693
6:/crrrc: 0.000000000 0.000029977 0.999970023
6:/crrrf: 0.000000000 0.198108816 0.801891184
6:/rc: 0.000410369 0.000000000 0.999589631
6:/rcrcr: 0.000000000 0.310615058 0.689384942
6:/rcrfr: 0.000000000 0.055533733 0.944466267
6:/rcrrc: 0.000000000 0.000000000 1.000000000
6:/rcrrf: 0.000000000 0.452869271 0.547130729
6:/rf: 0.438222017 0.229060275 0.332717708
6:/rfrr: 0.000000000 0.664670758 0.335329242
6:/rr: 0.000238773 0.000000000 0.999761227
6:/rrcrc: 0.000000000 0.000000000 1.000000000
6:/rrcrf: 0.000000000 0.408266385 0.591733615
7:/cc: 0.000374714 0.999625286 0.000000000
7:/ccrcr: 0.118615873 0.046779795 0.834604332
7:/ccrcrcrc: 0.000000000 0.267036440 0.732963560
7:/ccrcrcrf: 0.000000000 0.449577379 0.550422621
7:/ccrfr: 0.150698268 0.416396854 0.432904877
7:/ccrrc: 0.066715055 0.511386384 0.421898561
7:/ccrrf: 0.396811449 0.294936402 0.308252149
7:/ccrrr: 0.000000000 0.298236398 0.701763602
7:/cr: 0.004444248 0.096023213 0.899532539
7:/crcrc: 0.162638246 0.375770406 0.461591348
7:/crcrf: 0.330066340 0.394188688 0.275744972
7:/crcrr: 0.000000000 0.346804704 0.653195296
7:/crrcr: 0.000000000 0.074127056 0.925872944
7:/crrfr: 0.000000000 0.520370379 0.479629621
7:/crrrc: 0.000000000 0.341020544 0.658979456
7:/crrrf: 0.000000000 0.276508375 0.723491625
7:/rc: 0.000499825 0.000000000 0.999500175
7:/rcrcr: 0.000000000 0.144302874 0.855697126
7:/rcrfr: 0.000000000 0.000184412 0.999815588
7:/rcrrc: 0.000000000 0.000000000 1.000000000
7:/rcrrf: 0.000000000 0.293594400 0.706405600
7:/rf: 0.263337832 0.453715766 0.282946402
7:/rfrr: 0.000000000 0.425048413 0.574951587
7:/rr: 0.000238761 0.000000000 0.999761239
7:/rrcrc: 0.000000000 0.806699229 0.193300771
7:/rrcrf: 0.000000000 0.799908349 0.200091651
8:/cc: 0.000385632 0.999614368 0.000000000
8:/ccrcr: 0.093993248 0.280449277 0.625557474
8:/ccrcrcrc: 0.000000000 0.380421682 0.619578318
8:/ccrcrcrf: 0.000000000 0.463979190 0.536020810
8:/ccrfr: 0.174864587 0.354828562 0.470306851
8:/ccrrc: 0.209760545 0.435630364 0.354609092
8:/ccrrf: 0.193463670 0.596727868 0.209808462
8:/ccrrr: 0.000000000 0.794499490 0.205500510
8:/cr: 0.001355252 0.000000000 0.998644748
8:/crcrc: 0.000001243 0.341046628 0.658952129
8:/crcrf: 0.077031920 0.394136794 0.528831286
8:/crcrr: 0.000000000 0.404888991 0.595111009
8:/crrcr: 0.000000000 0.443894965 0.556105035
8:/crrfr: 0.000000000 0.999610524 0.000389476
8:/crrrc: 0.000000000 0.000028293 0.999971707
8:/crrrf: 0.000000000 0.579795675 0.420204325
8:/rc: 0.000748955 0.000000000 0.999251045
8:/rcrcr: 0.000000000 0.250298423 0.749701577
8:/rcrfr: 0.000000000 0.842575677 0.157424323
8:/rcrrc: 0.000000000 0.000000000 1.000000000
8:/rcrrf: 0.000000000 0.750190752 0.249809248
8:/rf: 0.560330627 0.225685096 0.213984277
8:/rfrr: 0.000000000 0.461880920 0.538119080
8:/rr: 0.000238748 0.000000000 0.999761252
8:/rrcrc: 0.000000000 0.072812159 0.927187841
8:/rrcrf: 0.000000000 0.525554538 0.474445462
9:/cc: 0.000375341 0.999624659 0.000000000
9:/ccrcr: 0.368735398 0.315058225 0.316206377
9:/ccrcrcrc: 0.000000000 0.639563295 0.360436705
9:/ccrcrcrf: 0.000000000 0.005227672 0.994772328
9:/ccrfr: 0.405163790 0.355437084 0.239399126
9:/ccrrc: 0.276926324 0.586956010 0.136117666
9:/ccrrf: 0.538859572 0.189745562 0.271394866
9:/ccrrr: 0.000000000 0.741812503 0.258187497
9:/cr: 0.000998763 0.138015292 0.860985945
9:/crcrc: 0.327114928 0.212929322 0.459955750
9:/crcrf: 0.468512356 0.338057492 0.193430152
9:/crcrr: 0.000000000 0.041322836 0.958677164
9:/crrcr: 0.000000000 0.142523724 0.857476276
9:/crrfr: 0.000000000 0.645618718 0.354381282
9:/crrrc: 0.000000000 0.369427376 0.630572624
9:/crrrf: 0.000000000 0.801574703 0.198425297
9:/rc: 0.003606351 0.000106141 0.996287508
9:/rcrcr: 0.000000000 0.151964407 0.848035593
9:/rcrfr: 0.000000000 0.274035476 0.725964524
9:/rcrrc: 0.000000000 0.000000000 1.000000000
9:/rcrrf: 0.000000000 0.360955954 0.639044046
9:/rf: 0.299727116 0.238461226 0.461811658
9:/rfrr: 0.000000000 0.086618700 0.913381300
9:/rr: 0.000301413 0.000000000 0.999698587
9:/rrcrc: 0.000000000 0.338146371 0.661853629
9:/rrcrf: 0.000000000 0.615025896 0.384974104
A:/cc: 0.926908937 0.073091063 0.000000000
A:/ccrcr: 0.698574736 0.301118672 0.000306592
A:/ccrcrcrc: 0.000000000 0.906496970 0.093503030
A:/ccrcrcrf: 0.000000000 0.647011040 0.352988960
A:/ccrfr: 0.441122248 0.112196602 0.446681150
A:/ccrrc: 0.405694381 0.543903941 0.050401677
A:/ccrrf: 0.291035483 0.311810352 0.397154165
A:/ccrrr: 0.000000000 0.987361854 0.012638146
A:/cr: 0.999968049 0.000031951 0.000000000
A:/crcrc: 0.095287739 0.264553592 0.640158669
A:/crcrf: 0.369227599 0.247257784 0.383514617
A:/crcrr: 0.000000000 0.518609552 0.481390448
A:/crrcr: 0.000000000 0.930031015 0.069968985
A:/crrfr: 0.000000000 0.886368518 0.113631482
A:/crrrc: 0.000000000 0.998025689 0.001974311
A:/crrrf: 0.000000000 0.626303422 0.373696578
A:/rc: 1.000000000 0.000000000 0.000000000
A:/rcrcr: 0.000000000 0.890562991 0.109437009
A:/rcrfr: 0.000000000 0.981616249 0.018383751
A:/rcrrc: 0.000000000 1.000000000 0.000000000
A:/rcrrf: 0.000000000 0.597444445 0.402555555
A:/rf: 0.019346633 0.413039725 0.567613642
A:/rfrr: 0.000000000 0.405921899 0.594078101
A:/rr: 0.458931428 0.541028027 0.000040545
A:/rrcrc: 0.000000000 0.685863122 0.314136878
A:/rrcrf: 0.000000000 0.476557534 0.523442466
J:/cc: 0.454281856 0.545718144 0.000000000
J:/ccrcr: 0.108082162 0.534797804 0.357120035
J:/ccrcrcrc: 0.000000000 0.820893590 0.179106410
J:/ccrcrcrf: 0.000000000 0.686143560 0.313856440
J:/ccrfr: 0.596828976 0.209212719 0.193958305
J:/ccrrc: 0.153436713 0.412953323 0.433609965
J:/ccrrf: 0.027828784 0.541221222 0.430949995
J:/ccrrr: 0.000000000 0.569796055 0.430203945
J:/cr: 0.000305742 0.864883183 0.134811075
J:/crcrc: 0.412894297 0.124736564 0.462369139
J:/crcrf: 0.415529105 0.338332471 0.246138424
J:/crcrr: 0.000000000 0.446194878 0.553805122
J:/crrcr: 0.000000000 0.552532096 0.447467904
J:/crrfr: 0.000000000 0.540928780 0.459071220
J:/crrrc: 0.000000000 0.426647761 0.573352239
J:/crrrf: 0.000000000 0.482086422 0.517913578
J:/rc: 0.000258481 0.999741519 0.000000000
J:/rcrcr: 0.000000000 0.791550039 0.208449961
J:/rcrfr: 0.000000000 0.971458793 0.028541207
J:/rcrrc: 0.000000000 0.000000000 1.000000000
J:/rcrrf: 0.000000000 0.493384024 0.506615976
J:/rf: 0.371105223 0.180098518 0.448796259
J:/rfrr: 0.000000000 0.497951134 0.502048866
J:/rr: 0.000374756 0.171841190 0.827784054
J:/rrcrc: 0.000000000 0.907581694 0.092418306
J:/rrcrf: 0.000000000 0.582332699 0.417667301
K:/cc: 0.631460246 0.368539754 0.000000000
K:/ccrcr: 0.503939379 0.495894181 0.000166440
K:/ccrcrcrc: 0.000000000 0.528358022 0.471641978
K:/ccrcrcrf: 0.000000000 0.745267603 0.254732397
K:/ccrfr: 0.542388469 0.347273671 0.110337860
K:/ccrrc: 0.351769244 0.552807376 0.095423380
K:/ccrrf: 0.583140838 0.198231757 0.218627404
K:/ccrrr: 0.000000000 0.768984264 0.231015736
K:/cr: 0.007742666 0.992257334 0.000000000
K:/crcrc: 0.170393694 0.372812865 0.456793441
K:/crcrf: 0.420136440 0.080178427 0.499685133
K:/crcrr: 0.000000000 0.854603040 0.145396960
K:/crrcr: 0.000000000 0.703470190 0.296529810
K:/crrfr: 0.000000000 0.738195008 0.261804992
K:/crrrc: 0.000000000 0.000000000 1.000000000
K:/crrrf: 0.000000000 0.556479421 0.443520579
K:/rc: 0.759989462 0.240010538 0.000000000
K:/rcrcr: 0.000000000 0.964382877 0.035617123
K:/rcrfr: 0.000000000 0.835347659 0.164652341
K:/rcrrc: 0.000000000 1.000000000 0.000000000
K:/rcrrf: 0.000000000 0.556434461 0.443565539
K:/rf: 0.261049273 0.431679821 0.307270906
K:/rfrr: 0.000000000 0.519817969 0.480182031
K:/rr: 0.000356218 0.652381678 0.347262104
K:/rrcrc: 0.000000000 0.519231349 0.480768651
K:/rrcrf: 0.000000000 0.160234363 0.839765637
Q:/cc: 0.640147525 0.359852475 0.000000000
Q:/ccrcr: 0.062276517 0.691897098 0.245826385
Q:/ccrcrcrc: 0.000000000 0.996959857 0.003040143
Q:/ccrcrcrf: 0.000000000 0.451352875 0.548647125
Q:/ccrfr: 0.889158532 0.110743412 0.000098056
Q:/ccrrc: 0.412883034 0.437336362 0.149780604
Q:/ccrrf: 0.240296762 0.643958080 0.115745159
Q:/ccrrr: 0.000000000 0.769805178 0.230194822
Q:/cr: 0.006868374 0.993131626 0.000000000
Q:/crcrc: 0.107899033 0.781103208 0.110997758
Q:/crcrf: 0.052971818 0.599566897 0.347461285
Q:/crcrr: 0.000000000 0.577944329 0.422055671
Q:/crrcr: 0.000000000 0.847274902 0.152725098
Q:/crrfr: 0.000000000 0.328338511 0.671661489
Q:/crrrc: 0.000000000 0.000000000 1.000000000
Q:/crrrf: 0.000000000 0.469408204 0.530591796
Q:/rc: 0.000000000 1.000000000 0.000000000
Q:/rcrcr: 0.000000000 0.437195986 0.562804014
Q:/rcrfr: 0.000000000 0.793906625 0.206093375
Q:/rcrrc: 0.000000000 0.012192868 0.987807132
Q:/rcrrf: 0.000000000 0.225761887 0.774238113
Q:/rf: 0.299880907 0.075627340 0.624491752
Q:/rfrr: 0.000000000 0.718482657 0.281517343
Q:/rr: 0.000377223 0.235466729 0.764156048
Q:/rrcrc: 0.000000000 0.973703638 0.026296362
Q:/rrcrf: 0.000000000 0.096174019 0.903825981
T:/cc: 0.098508247 0.901491753 0.000000000
T:/ccrcr: 0.000097530 0.601924767 0.397977703
T:/ccrcrcrc: 0.000000000 0.100561550 0.899438450
T:/ccrcrcrf: 0.000000000 0.706074951 0.293925049
T:/ccrfr: 0.440942589 0.357388555 0.201668856
T:/ccrrc: 0.309739677 0.280360695 0.409899629
T:/ccrrf: 0.547419546 0.226954875 0.225625579
T:/ccrrr: 0.000000000 0.636314958 0.363685042
T:/cr: 0.001469594 0.291222979 0.707307427
T:/crcrc: 0.262251371 0.379841730 0.357906898
T:/crcrf: 0.491902854 0.094393843 0.413703303
T:/crcrr: 0.000000000 0.375071271 0.624928729
T:/crrcr: 0.000000000 0.585840503 0.414159497
T:/crrfr: 0.000000000 0.225871889 0.774128111
T:/crrrc: 0.000000000 0.000024901 0.999975099
T:/crrrf: 0.000000000 0.393641927 0.606358073
T:/rc: 0.222528820 0.777150603 0.000320577
T:/rcrcr: 0.000000000 0.426012571 0.573987429
T:/rcrfr: 0.000000000 0.706574024 0.293425976
T:/rcrrc: 0.000000000 0.047337770 0.952662230
T:/rcrrf: 0.000000000 0.502859530 0.497140470
T:/rf: 0.629092899 0.339650135 0.031256966
T:/rfrr: 0.000000000 0.611799613 0.388200387
T:/rr: 0.000405521 0.104931498 0.894662981
T:/rrcrc: 0.000000000 0.349277643 0.650722357
T:/rrcrf: 0.000000000 0.277819056 0.722180944
