8:/: 0.000000000 1.000000000 0.000000000
8:/cccr: 0.388219412 0.000000000 0.611780588
8:/cccrccrc: 0.000000000 0.506983088 0.493016912
8:/cccrccrf: 0.000000000 0.893259747 0.106740253
8:/cccrcfrc: 0.000000000 0.524709597 0.475290403
8:/cccrcfrf: 0.000000000 0.976569706 0.023430294
8:/cccrcrcc: 0.000000000 0.424423213 0.575576787
8:/cccrcrcf: 0.000000000 0.128764825 0.871235175
8:/cccrcrfc: 0.000000000 0.578309188 0.421690812
8:/cccrcrff: 0.000000000 0.545551136 0.454448864
8:/ccrc: 0.106187630 0.526509478 0.367302892
8:/ccrccrcc: 0.000000000 0.054593957 0.945406043
8:/ccrccrcf: 0.000000000 0.117465963 0.882534037
8:/ccrccrfc: 0.000000000 0.549983617 0.450016383
8:/ccrccrff: 0.000000000 0.464668931 0.535331069
8:/ccrf: 0.000000004 0.031681743 0.968318253
8:/ccrfcrc: 0.000000000 0.482212047 0.517787953
8:/ccrfcrf: 0.000000000 0.606218534 0.393781466
8:/ccrr: 0.000000000 0.239504177 0.760495823
8:/crcc: 0.000000000 0.243786762 0.756213238
8:/crcf: 0.000000000 0.514462320 0.485537680
8:/crcr: 0.000000000 0.039985946 0.960014054
8:/crfc: 0.154511768 0.710060091 0.135428141
8:/crff: 0.252331268 0.173182075 0.574486658
8:/crfr: 0.000000000 0.030316523 0.969683477
8:/crrc: 0.000000000 0.000000000 1.000000000
8:/crrf: 0.000000000 0.256784893 0.743215107
8:/rccr: 0.000000000 0.206535918 0.793464082
8:/rcfr: 0.000000000 0.354222154 0.645777846
8:/rcrc: 0.000000000 0.675565535 0.324434465
8:/rcrf: 0.000000000 0.417231991 0.582768009
8:/rfcr: 0.000000000 0.000000000 1.000000000
8:/rffr: 0.000000000 0.000000000 1.000000000
8:/rfrc: 0.000000000 0.233354066 0.766645934
8:/rfrf: 0.000000000 0.579073415 0.420926585
8:/rrcc: 0.000000000 0.000000000 1.000000000
8:/rrcf: 0.000000000 0.000000000 1.000000000
8:/rrfc: 0.000000000 0.075553307 0.924446693
8:/rrff: 0.000000000 0.278939213 0.721060787
9:/: 0.000000000 1.000000000 0.000000000
9:/cccr: 0.138332524 0.000000135 0.861667340
9:/cccrccrc: 0.000000000 0.484723499 0.515276501
9:/cccrccrf: 0.000000000 0.523023188 0.476976812
9:/cccrcfrc: 0.000000000 0.355944331 0.644055669
9:/cccrcfrf: 0.000000000 0.969613233 0.030386767
9:/cccrcrcc: 0.000000000 0.423558536 0.576441464
9:/cccrcrcf: 0.000000000 0.500803971 0.499196029
9:/cccrcrfc: 0.000000000 0.716630010 0.283369990
9:/cccrcrff: 0.000000000 0.014450649 0.985549351
9:/ccrc: 0.189108069 0.580525986 0.230365945
9:/ccrccrcc: 0.000000000 0.472226860 0.527773140
9:/ccrccrcf: 0.000000000 0.616962539 0.383037461
9:/ccrccrfc: 0.000000000 0.260780489 0.739219511
9:/ccrccrff: 0.000000000 0.357861393 0.642138607
9:/ccrf: 0.335031308 0.190249874 0.474718818
9:/ccrfcrc: 0.000000000 0.786794801 0.213205199
9:/ccrfcrf: 0.000000000 0.363124084 0.636875916
9:/ccrr: 0.000000000 0.417056436 0.582943564
9:/crcc: 0.023308816 0.000093916 0.976597268
9:/crcf: 0.135581558 0.014348291 0.850070152
9:/crcr: 0.000000000 0.000000000 1.000000000
9:/crfc: 0.453020487 0.170651418 0.376328095
9:/crff: 0.620120548 0.239522708 0.140356744
9:/crfr: 0.000000000 0.424027519 0.575972481
9:/crrc: 0.000000000 0.000000000 1.000000000
9:/crrf: 0.000000000 0.000000000 1.000000000
9:/rccr: 0.000000000 0.091690193 0.908309807
9:/rcfr: 0.000000000 0.389747420 0.610252580
9:/rcrc: 0.000000000 0.598056590 0.401943410
9:/rcrf: 0.000000000 0.518313516 0.481686484
9:/rfcr: 0.000000000 0.000000000 1.000000000
9:/rffr: 0.000000000 0.000000000 1.000000000
9:/rfrc: 0.000000000 0.555968245 0.444031755
9:/rfrf: 0.000000000 0.988881463 0.011118537
9:/rrcc: 0.000000000 0.000000000 1.000000000
9:/rrcf: 0.000000000 0.000000000 1.000000000
9:/rrfc: 0.000000000 0.000083444 0.999916556
9:/rrff: 0.000000000 0.000032636 0.999967364
A:/: 0.000000000 1.000000000 0.000000000
A:/cccr: 1.000000000 0.000000000 0.000000000
A:/cccrccrc: 0.000000000 0.770175085 0.229824915
A:/cccrccrf: 0.000000000 0.570250194 0.429749806
A:/cccrcfrc: 0.000000000 0.747613616 0.252386384
A:/cccrcfrf: 0.000000000 0.625763922 0.374236078
A:/cccrcrcc: 0.000000000 0.662523158 0.337476842
A:/cccrcrcf: 0.000000000 0.523074271 0.476925729
A:/cccrcrfc: 0.000000000 0.358197137 0.641802863
A:/cccrcrff: 0.000000000 0.293682922 0.706317078
A:/ccrc: 0.691095632 0.308900932 0.000003436
A:/ccrccrcc: 0.000000000 0.699296273 0.300703727
A:/ccrccrcf: 0.000000000 0.585695836 0.414304164
A:/ccrccrfc: 0.000000000 0.237654801 0.762345199
A:/ccrccrff: 0.000000000 0.362406890 0.637593110
A:/ccrf: 0.518586389 0.481413017 0.000000594
A:/ccrfcrc: 0.000000000 0.954760057 0.045239943
A:/ccrfcrf: 0.000000000 0.955880655 0.044119345
A:/ccrr: 0.000000000 0.999999590 0.000000410
A:/crcc: 0.485515925 0.514484075 0.000000000
A:/crcf: 0.501018232 0.498981768 0.000000000
A:/crcr: 0.000000000 1.000000000 0.000000000
A:/crfc: 0.370763991 0.102063084 0.527172925
A:/crff: 0.409086253 0.172447100 0.418466647
A:/crfr: 0.000000000 0.288798475 0.711201525
A:/crrc: 0.000000000 1.000000000 0.000000000
A:/crrf: 0.000000000 1.000000000 0.000000000
A:/rccr: 0.000000000 1.000000000 0.000000000
A:/rcfr: 0.000000000 1.000000000 0.000000000
A:/rcrc: 0.000000000 0.581780041 0.418219959
A:/rcrf: 0.000000000 0.350801511 0.649198489
A:/rfcr: 0.000000000 1.000000000 0.000000000
A:/rffr: 0.000000000 1.000000000 0.000000000
A:/rfrc: 0.000000000 1.000000000 0.000000000
A:/rfrf: 0.000000000 0.573862621 0.426137379
A:/rrcc: 0.000000000 1.000000000 0.000000000
A:/rrcf: 0.000000000 1.000000000 0.000000000
A:/rrfc: 0.000000000 0.987467668 0.012532332
A:/rrff: 0.000000000 0.999482346 0.000517654
J:/: 0.000096427 0.999903573 0.000000000
J:/cccr: 0.363918113 0.000000030 0.636081857
J:/cccrccrc: 0.000000000 0.595097131 0.404902869
J:/cccrccrf: 0.000000000 0.501011588 0.498988412
J:/cccrcfrc: 0.000000000 0.624533558 0.375466442
J:/cccrcfrf: 0.000000000 0.526329533 0.473670467
J:/cccrcrcc: 0.000000000 0.452806306 0.547193694
J:/cccrcrcf: 0.000000000 0.549138975 0.450861025
J:/cccrcrfc: 0.000000000 0.710676411 0.289323589
J:/cccrcrff: 0.000000000 0.757740099 0.242259901
J:/ccrc: 0.288920495 0.542173023 0.168906481
J:/ccrccrcc: 0.000000000 0.505107662 0.494892338
J:/ccrccrcf: 0.000000000 0.663532437 0.336467563
J:/ccrccrfc: 0.000000000 0.421037427 0.578962573
J:/ccrccrff: 0.000000000 0.962674431 0.037325569
J:/ccrf: 0.128440501 0.449266057 0.422293442
J:/ccrfcrc: 0.000000000 0.906355076 0.093644924
J:/ccrfcrf: 0.000000000 0.999970854 0.000029146
J:/ccrr: 0.000000000 0.508751885 0.491248115
J:/crcc: 0.016027071 0.199472151 0.784500778
J:/crcf: 0.000045449 0.352972511 0.646982040
J:/crcr: 0.000000000 0.000000000 1.000000000
J:/crfc: 0.316066607 0.242654725 0.441278668
J:/crff: 0.328090645 0.177305212 0.494604142
J:/crfr: 0.000000000 0.760810344 0.239189656
J:/crrc: 0.000000000 0.000000000 1.000000000
J:/crrf: 0.000000000 0.000000000 1.000000000
J:/rccr: 0.000000000 0.565626190 0.434373810
J:/rcfr: 0.000000000 0.196441900 0.803558100
J:/rcrc: 0.000000000 0.521705618 0.478294382
J:/rcrf: 0.000000000 0.333922738 0.666077262
J:/rfcr: 0.000000000 0.000001605 0.999998395
J:/rffr: 0.000000000 0.224905978 0.775094022
J:/rfrc: 0.000000000 0.000000000 1.000000000
J:/rfrf: 0.000000000 0.545354589 0.454645411
J:/rrcc: 0.000000000 0.000000000 1.000000000
J:/rrcf: 0.000000000 0.000000000 1.000000000
J:/rrfc: 0.000000000 0.000000000 1.000000000
J:/rrff: 0.000000000 0.038351401 0.961648599
K:/: 0.000307069 0.999692931 0.000000000
K:/cccr: 0.792756487 0.207241834 0.000001679
K:/cccrccrc: 0.000000000 0.614705413 0.385294587
K:/cccrccrf: 0.000000000 0.502170521 0.497829479
K:/cccrcfrc: 0.000000000 0.430061870 0.569938130
K:/cccrcfrf: 0.000000000 0.463170590 0.536829410
K:/cccrcrcc: 0.000000000 0.493184652 0.506815348
K:/cccrcrcf: 0.000000000 0.762711079 0.237288921
K:/cccrcrfc: 0.000000000 0.589612540 0.410387460
K:/cccrcrff: 0.000000000 0.750671123 0.249328877
K:/ccrc: 0.460141725 0.539853479 0.000004796
K:/ccrccrcc: 0.000000000 0.414873780 0.585126220
K:/ccrccrcf: 0.000000000 0.593319674 0.406680326
K:/ccrccrfc: 0.000000000 0.766458903 0.233541097
K:/ccrccrff: 0.000000000 0.411870164 0.588129836
K:/ccrf: 0.857304382 0.142462844 0.000232775
K:/ccrfcrc: 0.000000000 0.093404749 0.906595251
K:/ccrfcrf: 0.000000000 0.561580876 0.438419124
K:/ccrr: 0.000000000 0.995165734 0.004834266
K:/crcc: 0.029337816 0.700626052 0.270036132
K:/crcf: 0.000000000 1.000000000 0.000000000
K:/crcr: 0.000000000 0.336092911 0.663907089
K:/crfc: 0.305032389 0.396798706 0.298168905
K:/crff: 0.095468958 0.283877518 0.620653524
K:/crfr: 0.000000000 0.407680826 0.592319174
K:/crrc: 0.000000000 0.326297392 0.673702608
K:/crrf: 0.000000000 1.000000000 0.000000000
K:/rccr: 0.000000000 0.713257506 0.286742494
K:/rcfr: 0.000000000 0.540158811 0.459841189
K:/rcrc: 0.000000000 0.268423657 0.731576343
K:/rcrf: 0.000000000 0.201361288 0.798638712
K:/rfcr: 0.000000000 0.999760830 0.000239170
K:/rffr: 0.000000000 0.999776264 0.000223736
K:/rfrc: 0.000000000 0.476753810 0.523246190
K:/rfrf: 0.000000000 0.409986374 0.590013626
K:/rrcc: 0.000000000 0.969388051 0.030611949
K:/rrcf: 0.000000000 1.000000000 0.000000000
K:/rrfc: 0.000000000 0.676301938 0.323698062
K:/rrff: 0.000000000 0.916189777 0.083810223
Q:/: 0.000000000 1.000000000 0.000000000
Q:/cccr: 0.976587368 0.022933156 0.000479476
Q:/cccrccrc: 0.000000000 0.151889665 0.848110335
Q:/cccrccrf: 0.000000000 0.798910350 0.201089650
Q:/cccrcfrc: 0.000000000 0.589462394 0.410537606
Q:/cccrcfrf: 0.000000000 0.744036861 0.255963139
Q:/cccrcrcc: 0.000000000 0.875687808 0.124312192
Q:/cccrcrcf: 0.000000000 0.968566418 0.031433582
Q:/cccrcrfc: 0.000000000 0.407610094 0.592389906
Q:/cccrcrff: 0.000000000 0.309034463 0.690965537
Q:/ccrc: 0.940311255 0.059686246 0.000002499
Q:/ccrccrcc: 0.000000000 0.480740225 0.519259775
Q:/ccrccrcf: 0.000000000 0.947892095 0.052107905
Q:/ccrccrfc: 0.000000000 0.699521626 0.300478374
Q:/ccrccrff: 0.000000000 0.367398135 0.632601865
Q:/ccrf: 0.531704993 0.467159300 0.001135707
Q:/ccrfcrc: 0.000000000 0.914345994 0.085654006
Q:/ccrfcrf: 0.000000000 0.735014108 0.264985892
Q:/ccrr: 0.000000000 0.231939447 0.768060553
Q:/crcc: 0.000000000 0.350560647 0.649439353
Q:/crcf: 0.000000000 1.000000000 0.000000000
Q:/crcr: 0.000000000 0.157479051 0.842520949
Q:/crfc: 0.000015026 0.256931988 0.743052986
Q:/crff: 0.130520674 0.045317361 0.824161965
Q:/crfr: 0.000000000 0.237197637 0.762802363
Q:/crrc: 0.000000000 0.000000000 1.000000000
Q:/crrf: 0.000000000 0.209674333 0.790325667
Q:/rccr: 0.000000000 0.401566658 0.598433342
Q:/rcfr: 0.000000000 0.681184763 0.318815237
Q:/rcrc: 0.000000000 0.941459817 0.058540183
Q:/rcrf: 0.000000000 0.637242998 0.362757002
Q:/rfcr: 0.000000000 0.324870217 0.675129783
Q:/rffr: 0.000000000 0.702070548 0.297929452
Q:/rfrc: 0.000000000 0.436094905 0.563905095
Q:/rfrf: 0.000000000 0.540707691 0.459292309
Q:/rrcc: 0.000000000 0.636622672 0.363377328
Q:/rrcf: 0.000000000 0.000000000 1.000000000
Q:/rrfc: 0.000000000 0.211261373 0.788738627
Q:/rrff: 0.000000000 0.198062053 0.801937947
T:/: 0.000000000 1.000000000 0.000000000
T:/cccr: 0.274962483 0.062402071 0.662635445
T:/cccrccrc: 0.000000000 0.016376282 0.983623718
T:/cccrccrf: 0.000000000 0.586325769 0.413674231
T:/cccrcfrc: 0.000000000 0.247847132 0.752152868
T:/cccrcfrf: 0.000000000 0.462421698 0.537578302
T:/cccrcrcc: 0.000000000 0.822358360 0.177641640
T:/cccrcrcf: 0.000000000 0.620674901 0.379325099
T:/cccrcrfc: 0.000000000 0.056043327 0.943956673
T:/cccrcrff: 0.000000000 0.166813943 0.833186057
T:/ccrc: 0.279803098 0.330886696 0.389310206
T:/ccrccrcc: 0.000000000 0.228069560 0.771930440
T:/ccrccrcf: 0.000000000 0.746981686 0.253018314
T:/ccrccrfc: 0.000000000 0.655028899 0.344971101
T:/ccrccrff: 0.000000000 0.492271351 0.507728649
T:/ccrf: 0.066689022 0.498974889 0.434336089
T:/ccrfcrc: 0.000000000 0.514935577 0.485064423
T:/ccrfcrf: 0.000000000 0.487891028 0.512108972
T:/ccrr: 0.000000000 0.341642747 0.658357253
T:/crcc: 0.047746588 0.250166700 0.702086712
T:/crcf: 0.000042337 0.368601128 0.631356535
T:/crcr: 0.000000000 0.000000000 1.000000000
T:/crfc: 0.220941329 0.347950771 0.431107900
T:/crff: 0.452667214 0.341647565 0.205685221
T:/crfr: 0.000000000 0.308329140 0.691670860
T:/crrc: 0.000000000 0.000000000 1.000000000
T:/crrf: 0.000000000 0.000000000 1.000000000
T:/rccr: 0.000000000 0.787253230 0.212746770
T:/rcfr: 0.000000000 0.344692022 0.655307978
T:/rcrc: 0.000000000 0.768663488 0.231336512
T:/rcrf: 0.000000000 0.939942519 0.060057481
T:/rfcr: 0.000000000 0.000000000 1.000000000
T:/rffr: 0.000000000 0.560083849 0.439916151
T:/rfrc: 0.000000000 0.552627422 0.447372578
T:/rfrf: 0.000000000 0.799908349 0.200091651
T:/rrcc: 0.000000000 0.063149552 0.936850448
T:/rrcf: 0.000000000 0.000000000 1.000000000
T:/rrfc: 0.000000000 0.000000000 1.000000000
T:/rrff: 0.000000000 0.019124303 0.980875697
