8:/c: 0.999182224 0.000817776 0.000000000
8:/cccrc: 0.232450868 0.000000000 0.767549132
8:/cccrccrcc: 0.000000000 0.557280035 0.442719965
8:/cccrccrcf: 0.000000000 0.669206981 0.330793019
8:/cccrccrfc: 0.000000000 0.391298343 0.608701657
8:/cccrccrff: 0.000000000 0.067639835 0.932360165
8:/cccrf: 0.488041889 0.156239644 0.355718467
8:/cccrfcrc: 0.000000000 0.348101227 0.651898773
8:/cccrfcrf: 0.000000000 0.905108920 0.094891080
8:/cccrr: 0.000000000 0.532443778 0.467556222
8:/ccrcc: 0.002004850 0.295469121 0.702526029
8:/ccrcf: 0.000064781 0.277999110 0.721936110
8:/ccrcr: 0.000000000 0.000093285 0.999906715
8:/ccrfc: 0.000000000 0.157966237 0.842033763
8:/ccrff: 0.032398596 0.009030761 0.958570644
8:/ccrfr: 0.000000000 0.001587218 0.998412782
8:/ccrrc: 0.000000000 0.306721525 0.693278475
8:/ccrrf: 0.000000000 0.388479543 0.611520457
8:/crccr: 0.000000000 0.184624996 0.815375004
8:/crcfr: 0.000000000 0.000000000 1.000000000
8:/crcrc: 0.000000000 0.000000000 1.000000000
8:/crcrf: 0.000000000 0.381531596 0.618468404
8:/crfcr: 0.000000000 0.416412199 0.583587801
8:/crffr: 0.000000000 0.692298536 0.307701464
8:/crfrc: 0.000000000 0.315040197 0.684959803
8:/crfrf: 0.000000000 0.397815951 0.602184049
8:/crrcc: 0.000000000 0.390403634 0.609596366
8:/crrcf: 0.000000000 0.066834039 0.933165961
8:/crrfc: 0.000000000 0.332850393 0.667149607
8:/crrff: 0.000000000 0.000000000 1.000000000
8:/r: 0.000000732 0.000000000 0.999999268
8:/rccrc: 0.000000000 0.348306951 0.651693049
8:/rccrf: 0.000000000 0.561187347 0.438812653
8:/rcfrc: 0.000000000 0.276988294 0.723011706
8:/rcfrf: 0.000000000 0.626629472 0.373370528
8:/rcrcc: 0.000000000 0.000000000 1.000000000
8:/rcrcf: 0.000000000 0.091383279 0.908616721
8:/rcrfc: 0.000000000 0.167864756 0.832135244
8:/rcrff: 0.000000000 0.000744694 0.999255306
9:/c: 0.998945606 0.001054394 0.000000000
9:/cccrc: 0.238428238 0.274022020 0.487549742
9:/cccrccrcc: 0.000000000 0.649837252 0.350162748
9:/cccrccrcf: 0.000000000 0.177253713 0.822746287
9:/cccrccrfc: 0.000000000 0.888097571 0.111902429
9:/cccrccrff: 0.000000000 0.800726722 0.199273278
9:/cccrf: 0.197871252 0.506876490 0.295252258
9:/cccrfcrc: 0.000000000 0.266732364 0.733267636
9:/cccrfcrf: 0.000000000 0.426138495 0.573861505
9:/cccrr: 0.000000000 1.000000000 0.000000000
9:/ccrcc: 0.000124896 0.285678096 0.714197008
9:/ccrcf: 0.000010244 0.000000000 0.999989756
9:/ccrcr: 0.000000000 0.031158773 0.968841227
9:/ccrfc: 0.000000000 0.296474974 0.703525026
9:/ccrff: 0.057898636 0.335363697 0.606737667
9:/ccrfr: 0.000000000 0.671354943 0.328645057
9:/ccrrc: 0.000000000 0.171134068 0.828865932
9:/ccrrf: 0.000000000 0.347328593 0.652671407
9:/crccr: 0.000000000 0.000000000 1.000000000
9:/crcfr: 0.000000000 0.080567791 0.919432209
9:/crcrc: 0.000000000 0.139741212 0.860258788
9:/crcrf: 0.000000000 0.310983887 0.689016113
9:/crfcr: 0.000000000 0.163278732 0.836721268
9:/crffr: 0.000000000 0.637422079 0.362577921
9:/crfrc: 0.000000000 0.932790170 0.067209830
9:/crfrf: 0.000000000 0.962118934 0.037881066
9:/crrcc: 0.000000000 0.162288478 0.837711522
9:/crrcf: 0.000000000 0.042766010 0.957233990
9:/crrfc: 0.000000000 0.403949280 0.596050720
9:/crrff: 0.000000000 0.000000000 1.000000000
9:/r: 0.443173228 0.000000000 0.556826772
9:/rccrc: 0.000000000 0.553881748 0.446118252
9:/rccrf: 0.000000000 0.964607757 0.035392243
9:/rcfrc: 0.000000000 0.960624960 0.039375040
9:/rcfrf: 0.000000000 0.585175494 0.414824506
9:/rcrcc: 0.000000000 0.356643210 0.643356790
9:/rcrcf: 0.000000000 0.368482196 0.631517804
9:/rcrfc: 0.000000000 0.464768375 0.535231625
9:/rcrff: 0.000000000 0.689207935 0.310792065
A:/c: 1.000000000 0.000000000 0.000000000
A:/cccrc: 0.725586015 0.162728952 0.111685033
A:/cccrccrcc: 0.000000000 0.629504250 0.370495750
A:/cccrccrcf: 0.000000000 0.511899028 0.488100972
A:/cccrccrfc: 0.000000000 0.304426633 0.695573367
A:/cccrccrff: 0.000000000 0.801260970 0.198739030
A:/cccrf: 0.655554456 0.344445544 0.000000000
A:/cccrfcrc: 0.000000000 1.000000000 0.000000000
A:/cccrfcrf: 0.000000000 0.999915302 0.000084698
A:/cccrr: 0.000000000 0.998980853 0.001019147
A:/ccrcc: 0.644795889 0.354468816 0.000735295
A:/ccrcf: 1.000000000 0.000000000 0.000000000
A:/ccrcr: 0.000000000 0.999402971 0.000597029
A:/ccrfc: 0.580012486 0.419987514 0.000000000
A:/ccrff: 0.930961211 0.069038789 0.000000000
A:/ccrfr: 0.000000000 1.000000000 0.000000000
A:/ccrrc: 0.000000000 0.722086699 0.277913301
A:/ccrrf: 0.000000000 1.000000000 0.000000000
A:/crccr: 0.000000000 1.000000000 0.000000000
A:/crcfr: 0.000000000 1.000000000 0.000000000
A:/crcrc: 0.000000000 1.000000000 0.000000000
A:/crcrf: 0.000000000 0.999967747 0.000032253
A:/crfcr: 0.000000000 0.552643502 0.447356498
A:/crffr: 0.000000000 0.926425236 0.073574764
A:/crfrc: 0.000000000 0.151872266 0.848127734
A:/crfrf: 0.000000000 0.679998263 0.320001737
A:/crrcc: 0.000000000 0.917501082 0.082498918
A:/crrcf: 0.000000000 0.946341649 0.053658351
A:/crrfc: 0.000000000 0.999993647 0.000006353
A:/crrff: 0.000000000 0.999833358 0.000166642
A:/r: 0.999917450 0.000022031 0.000060518
A:/rccrc: 0.000000000 0.574655616 0.425344384
A:/rccrf: 0.000000000 0.343626863 0.656373137
A:/rcfrc: 0.000000000 0.730549075 0.269450925
A:/rcfrf: 0.000000000 0.580193831 0.419806169
A:/rcrcc: 0.000000000 1.000000000 0.000000000
A:/rcrcf: 0.000000000 1.000000000 0.000000000
A:/rcrfc: 0.000000000 0.440047496 0.559952504
A:/rcrff: 0.000000000 0.866784813 0.133215187
J:/c: 0.999265722 0.000734278 0.000000000
J:/cccrc: 0.296623564 0.474634470 0.228741966
J:/cccrccrcc: 0.000000000 0.269404136 0.730595864
J:/cccrccrcf: 0.000000000 0.096101173 0.903898827
J:/cccrccrfc: 0.000000000 0.355800262 0.644199738
J:/cccrccrff: 0.000000000 0.619246509 0.380753491
J:/cccrf: 0.687916794 0.312083206 0.000000000
J:/cccrfcrc: 0.000000000 0.567488722 0.432511278
J:/cccrfcrf: 0.000000000 0.832752129 0.167247871
J:/cccrr: 0.000000000 1.000000000 0.000000000
J:/ccrcc: 0.021677950 0.304865927 0.673456122
J:/ccrcf: 0.000048865 0.188025465 0.811925670
J:/ccrcr: 0.000000000 0.273248122 0.726751878
J:/ccrfc: 0.238764869 0.261496485 0.499738646
J:/ccrff: 0.574150519 0.290737617 0.135111865
J:/ccrfr: 0.000000000 0.435899207 0.564100793
J:/ccrrc: 0.000000000 0.407231886 0.592768114
J:/ccrrf: 0.000000000 0.176437543 0.823562457
J:/crccr: 0.000000000 0.000000000 1.000000000
J:/crcfr: 0.000000000 0.006640003 0.993359997
J:/crcrc: 0.000000000 0.306713273 0.693286727
J:/crcrf: 0.000000000 0.043322164 0.956677836
J:/crfcr: 0.000000000 1.000000000 0.000000000
J:/crffr: 0.000000000 0.821770386 0.178229614
J:/crfrc: 0.000000000 0.404355120 0.595644880
J:/crfrf: 0.000000000 0.627023281 0.372976719
J:/crrcc: 0.000000000 0.327493013 0.672506987
J:/crrcf: 0.000000000 0.133348106 0.866651894
J:/crrfc: 0.000000000 0.028122637 0.971877363
J:/crrff: 0.000000000 0.648823155 0.351176845
J:/r: 0.000001252 0.000000000 0.999998748
J:/rccrc: 0.000000000 0.857901380 0.142098620
J:/rccrf: 0.000000000 0.629306757 0.370693243
J:/rcfrc: 0.000000000 0.370637312 0.629362688
J:/rcfrf: 0.000000000 0.790848716 0.209151284
J:/rcrcc: 0.000000000 0.691941216 0.308058784
J:/rcrcf: 0.000000000 0.009072457 0.990927543
J:/rcrfc: 0.000000000 0.604206607 0.395793393
J:/rcrff: 0.000000000 0.274354372 0.725645628
K:/c: 1.000000000 0.000000000 0.000000000
K:/cccrc: 0.669240311 0.235007956 0.095751734
K:/cccrccrcc: 0.000000000 0.649471646 0.350528354
K:/cccrccrcf: 0.000000000 0.654087095 0.345912905
K:/cccrccrfc: 0.000000000 0.912599133 0.087400867
K:/cccrccrff: 0.000000000 0.588480336 0.411519664
K:/cccrf: 0.767437723 0.232422754 0.000139524
K:/cccrfcrc: 0.000000000 0.810716772 0.189283228
K:/cccrfcrf: 0.000000000 0.999918601 0.000081399
K:/cccrr: 0.000000000 0.999403872 0.000596128
K:/ccrcc: 0.464963393 0.480010974 0.055025633
K:/ccrcf: 0.910973219 0.089026781 0.000000000
K:/ccrcr: 0.000000000 0.999707152 0.000292848
K:/ccrfc: 0.686328782 0.286499685 0.027171533
K:/ccrff: 0.273442520 0.726557480 0.000000000
K:/ccrfr: 0.000000000 0.165093782 0.834906218
K:/ccrrc: 0.000000000 0.600955640 0.399044360
K:/ccrrf: 0.000000000 0.611256601 0.388743399
K:/crccr: 0.000000000 0.710657607 0.289342393
K:/crcfr: 0.000000000 0.925903763 0.074096237
K:/crcrc: 0.000000000 0.655594794 0.344405206
K:/crcrf: 0.000000000 0.412832085 0.587167915
K:/crfcr: 0.000000000 0.644393663 0.355606337
K:/crffr: 0.000000000 0.903874435 0.096125565
K:/crfrc: 0.000000000 0.470586632 0.529413368
K:/crfrf: 0.000000000 0.898119616 0.101880384
K:/crrcc: 0.000000000 0.169966265 0.830033735
K:/crrcf: 0.000000000 0.314280670 0.685719330
K:/crrfc: 0.000000000 0.795392923 0.204607077
K:/crrff: 0.000000000 0.999724021 0.000275979
K:/r: 0.730811562 0.269059789 0.000128649
K:/rccrc: 0.000000000 0.551135006 0.448864994
K:/rccrf: 0.000000000 0.129811019 0.870188981
K:/rcfrc: 0.000000000 0.319882371 0.680117629
K:/rcfrf: 0.000000000 0.748253047 0.251746953
K:/rcrcc: 0.000000000 0.999999986 0.000000014
K:/rcrcf: 0.000000000 0.409084846 0.590915154
K:/rcrfc: 0.000000000 0.735363195 0.264636805
K:/rcrff: 0.000000000 0.408079738 0.591920262
Q:/c: 0.999657687 0.000342313 0.000000000
Q:/cccrc: 0.572203205 0.352380485 0.075416310
Q:/cccrccrcc: 0.000000000 0.400595057 0.599404943
Q:/cccrccrcf: 0.000000000 0.702274047 0.297725953
Q:/cccrccrfc: 0.000000000 0.476799939 0.523200061
Q:/cccrccrff: 0.000000000 0.461632566 0.538367434
Q:/cccrf: 0.663477607 0.336497841 0.000024552
Q:/cccrfcrc: 0.000000000 0.417326370 0.582673630
Q:/cccrfcrf: 0.000000000 0.699206957 0.300793043
Q:/cccrr: 0.000000000 0.999938628 0.000061372
Q:/ccrcc: 0.085449832 0.848199166 0.066351002
Q:/ccrcf: 0.505372935 0.494627065 0.000000000
Q:/ccrcr: 0.000000000 0.824318803 0.175681197
Q:/ccrfc: 0.000000000 0.999978829 0.000021171
Q:/ccrff: 0.251233687 0.748766313 0.000000000
Q:/ccrfr: 0.000000000 0.658413025 0.341586975
Q:/ccrrc: 0.000000000 0.380731439 0.619268561
Q:/ccrrf: 0.000000000 0.190651797 0.809348203
Q:/crccr: 0.000000000 0.427040276 0.572959724
Q:/crcfr: 0.000000000 0.248913796 0.751086204
Q:/crcrc: 0.000000000 0.121957944 0.878042056
Q:/crcrf: 0.000000000 0.138100094 0.861899906
Q:/crfcr: 0.000000000 0.491494983 0.508505017
Q:/crffr: 0.000000000 0.512100619 0.487899381
Q:/crfrc: 0.000000000 0.263441964 0.736558036
Q:/crfrf: 0.000000000 0.508299564 0.491700436
Q:/crrcc: 0.000000000 0.184735233 0.815264767
Q:/crrcf: 0.000000000 0.366622390 0.633377610
Q:/crrfc: 0.000000000 0.294946798 0.705053202
Q:/crrff: 0.000000000 0.919358516 0.080641484
Q:/r: 0.612186959 0.000000070 0.387812971
Q:/rccrc: 0.000000000 0.196637691 0.803362309
Q:/rccrf: 0.000000000 0.092677378 0.907322622
Q:/rcfrc: 0.000000000 0.518788972 0.481211028
Q:/rcfrf: 0.000000000 0.433242442 0.566757558
Q:/rcrcc: 0.000000000 0.683867696 0.316132304
Q:/rcrcf: 0.000000000 0.848970936 0.151029064
Q:/rcrfc: 0.000000000 0.868782859 0.131217141
Q:/rcrff: 0.000000000 0.468583665 0.531416335
T:/c: 0.999056645 0.000943355 0.000000000
T:/cccrc: 0.150479256 0.450295970 0.399224774
T:/cccrccrcc: 0.000000000 0.760858725 0.239141275
T:/cccrccrcf: 0.000000000 0.615050612 0.384949388
T:/cccrccrfc: 0.000000000 0.493339067 0.506660933
T:/cccrccrff: 0.000000000 0.877199599 0.122800401
T:/cccrf: 0.270666231 0.347685264 0.381648506
T:/cccrfcrc: 0.000000000 0.628047242 0.371952758
T:/cccrfcrf: 0.000000000 0.539680576 0.460319424
T:/cccrr: 0.000000000 1.000000000 0.000000000
T:/ccrcc: 0.000118766 0.411278306 0.588602928
T:/ccrcf: 0.031772739 0.000000000 0.968227261
T:/ccrcr: 0.000000000 0.558125642 0.441874358
T:/ccrfc: 0.276636448 0.142660785 0.580702767
T:/ccrff: 0.000000000 0.408185564 0.591814436
T:/ccrfr: 0.000000000 0.186690159 0.813309841
T:/ccrrc: 0.000000000 0.144499601 0.855500399
T:/ccrrf: 0.000000000 0.000000000 1.000000000
T:/crccr: 0.000000000 0.000000000 1.000000000
T:/crcfr: 0.000000000 0.400582893 0.599417107
T:/crcrc: 0.000000000 0.575528536 0.424471464
T:/crcrf: 0.000000000 0.089793476 0.910206524
T:/crfcr: 0.000000000 0.500669960 0.499330040
T:/crffr: 0.000000000 0.753127063 0.246872937
T:/crfrc: 0.000000000 0.354553330 0.645446670
T:/crfrf: 0.000000000 0.033831982 0.966168018
T:/crrcc: 0.000000000 0.540322992 0.459677008
T:/crrcf: 0.000000000 0.377374625 0.622625375
T:/crrfc: 0.000000000 0.413041939 0.586958061
T:/crrff: 0.000000000 0.000000000 1.000000000
T:/r: 0.000004588 0.000000000 0.999995412
T:/rccrc: 0.000000000 0.245196527 0.754803473
T:/rccrf: 0.000000000 0.341440329 0.658559671
T:/rcfrc: 0.000000000 0.670894535 0.329105465
T:/rcfrf: 0.000000000 0.445056014 0.554943986
T:/rcrcc: 0.000000000 0.110272128 0.889727872
T:/rcrcf: 0.000000000 0.416910619 0.583089381
T:/rcrfc: 0.000000000 0.515535530 0.484464470
T:/rcrff: 0.000000000 0.150473124 0.849526876
