8:/cc: 0.000000000 1.000000000 0.000000000
8:/cccrcc: 0.439648083 0.104891035 0.455460882
8:/cccrcf: 0.000000000 0.272149112 0.727850888
8:/cccrcr: 0.000000000 0.139928307 0.860071693
8:/cccrfc: 0.004501124 0.660478384 0.335020493
8:/cccrff: 0.298857825 0.389236011 0.311906164
8:/cccrfr: 0.000000000 0.353398164 0.646601836
8:/cccrrc: 0.000000000 0.947422648 0.052577352
8:/cccrrf: 0.000000000 0.607331964 0.392668036
8:/ccrccr: 0.000000000 0.501681026 0.498318974
8:/ccrcfr: 0.000000000 0.827825576 0.172174424
8:/ccrcrc: 0.000000000 0.626554018 0.373445982
8:/ccrcrf: 0.000000000 0.068113654 0.931886346
8:/ccrfcr: 0.000000000 0.461542581 0.538457419
8:/ccrffr: 0.000000000 0.297125694 0.702874306
8:/ccrfrc: 0.000000000 0.898322089 0.101677911
8:/ccrfrf: 0.000000000 0.514600427 0.485399573
8:/ccrrcc: 0.000000000 0.122286923 0.877713077
8:/ccrrcf: 0.000000000 0.539493997 0.460506003
8:/ccrrfc: 0.000000000 0.456397237 0.543602763
8:/ccrrff: 0.000000000 0.495402309 0.504597691
8:/cr: 0.000031455 0.999968545 0.000000000
8:/crccrc: 0.000000000 0.562704308 0.437295692
8:/crccrf: 0.000000000 0.552332479 0.447667521
8:/crcfrc: 0.000000000 0.078259321 0.921740679
8:/crcfrf: 0.000000000 0.404657325 0.595342675
8:/crcrcc: 0.000000000 0.186843482 0.813156518
8:/crcrcf: 0.000000000 0.772086688 0.227913312
8:/crcrfc: 0.000000000 0.000000000 1.000000000
8:/crcrff: 0.000000000 0.000000000 1.000000000
8:/rc: 0.117395463 0.029515763 0.853088774
8:/rccrcc: 0.000000000 0.555973470 0.444026530
8:/rccrcf: 0.000000000 0.507545813 0.492454187
8:/rccrfc: 0.000000000 0.828619105 0.171380895
8:/rccrff: 0.000000000 0.522555908 0.477444092
8:/rf: 0.002631749 0.124202401 0.873165849
8:/rfcrc: 0.000000000 0.735555780 0.264444220
8:/rfcrf: 0.000000000 0.465771198 0.534228802
8:/rr: 0.000000000 0.007523480 0.992476520
9:/cc: 0.098080101 0.901919899 0.000000000
9:/cccrcc: 0.345443160 0.469099417 0.185457422
9:/cccrcf: 0.289946602 0.243300440 0.466752958
9:/cccrcr: 0.000000000 0.580685420 0.419314580
9:/cccrfc: 0.214586439 0.495950961 0.289462601
9:/cccrff: 0.311619339 0.252407566 0.435973096
9:/cccrfr: 0.000000000 0.423908548 0.576091452
9:/cccrrc: 0.000000000 0.409292937 0.590707063
9:/cccrrf: 0.000000000 0.670836737 0.329163263
9:/ccrccr: 0.000000000 0.918229910 0.081770090
9:/ccrcfr: 0.000000000 0.706231408 0.293768592
9:/ccrcrc: 0.000000000 0.726755545 0.273244455
9:/ccrcrf: 0.000000000 0.279509907 0.720490093
9:/ccrfcr: 0.000000000 0.999152552 0.000847448
9:/ccrffr: 0.000000000 0.284874103 0.715125897
9:/ccrfrc: 0.000000000 0.965066963 0.034933037
9:/ccrfrf: 0.000000000 0.894657144 0.105342856
9:/ccrrcc: 0.000000000 0.424293849 0.575706151
9:/ccrrcf: 0.000000000 0.612413602 0.387586398
9:/ccrrfc: 0.000000000 0.350944784 0.649055216
9:/ccrrff: 0.000000000 0.000864580 0.999135420
9:/cr: 0.567502706 0.432497294 0.000000000
9:/crccrc: 0.000000000 0.295444369 0.704555631
9:/crccrf: 0.000000000 0.538163990 0.461836010
9:/crcfrc: 0.000000000 0.866496591 0.133503409
9:/crcfrf: 0.000000000 0.588290830 0.411709170
9:/crcrcc: 0.000000000 0.000000000 1.000000000
9:/crcrcf: 0.000000000 0.146673785 0.853326215
9:/crcrfc: 0.000000000 0.083805202 0.916194798
9:/crcrff: 0.000000000 0.000000000 1.000000000
9:/rc: 0.000000000 0.175850280 0.824149720
9:/rccrcc: 0.000000000 0.566109719 0.433890281
9:/rccrcf: 0.000000000 0.577428430 0.422571570
9:/rccrfc: 0.000000000 0.342125876 0.657874124
9:/rccrff: 0.000000000 0.198713866 0.801286134
9:/rf: 0.034829199 0.120181705 0.844989096
9:/rfcrc: 0.000000000 0.038624268 0.961375732
9:/rfcrf: 0.000000000 0.078056211 0.921943789
9:/rr: 0.000000000 0.007788500 0.992211500
A:/cc: 0.520597310 0.479402690 0.000000000
A:/cccrcc: 0.145768573 0.624739996 0.229491432
A:/cccrcf: 0.338383425 0.232695889 0.428920686
A:/cccrcr: 0.000000000 0.516403615 0.483596385
A:/cccrfc: 0.149221813 0.452887346 0.397890841
A:/cccrff: 0.676537815 0.323462185 0.000000000
A:/cccrfr: 0.000000000 0.609615630 0.390384370
A:/cccrrc: 0.000000000 0.979181100 0.020818900
A:/cccrrf: 0.000000000 0.935524720 0.064475280
A:/ccrccr: 0.000000000 0.812773218 0.187226782
A:/ccrcfr: 0.000000000 0.438996323 0.561003677
A:/ccrcrc: 0.000000000 0.802235713 0.197764287
A:/ccrcrf: 0.000000000 0.871454494 0.128545506
A:/ccrfcr: 0.000000000 1.000000000 0.000000000
A:/ccrffr: 0.000000000 0.714583105 0.285416895
A:/ccrfrc: 0.000000000 0.519917126 0.480082874
A:/ccrfrf: 0.000000000 0.489698356 0.510301644
A:/ccrrcc: 0.000000000 0.575972752 0.424027248
A:/ccrrcf: 0.000000000 0.999999961 0.000000039
A:/ccrrfc: 0.000000000 0.539508267 0.460491733
A:/ccrrff: 0.000000000 0.947897175 0.052102825
A:/cr: 0.999860254 0.000139746 0.000000000
A:/crccrc: 0.000000000 0.415148414 0.584851586
A:/crccrf: 0.000000000 0.803115902 0.196884098
A:/crcfrc: 0.000000000 0.999850122 0.000149878
A:/crcfrf: 0.000000000 0.594960242 0.405039758
A:/crcrcc: 0.000000000 1.000000000 0.000000000
A:/crcrcf: 0.000000000 1.000000000 0.000000000
A:/crcrfc: 0.000000000 1.000000000 0.000000000
A:/crcrff: 0.000000000 1.000000000 0.000000000
A:/rc: 0.673249528 0.326750472 0.000000000
A:/rccrcc: 0.000000000 0.587750680 0.412249320
A:/rccrcf: 0.000000000 0.497471356 0.502528644
A:/rccrfc: 0.000000000 0.734020582 0.265979418
A:/rccrff: 0.000000000 0.580508638 0.419491362
A:/rf: 0.555725933 0.441035122 0.003238945
A:/rfcrc: 0.000000000 0.440292548 0.559707452
A:/rfcrf: 0.000000000 1.000000000 0.000000000
A:/rr: 0.000000000 1.000000000 0.000000000
J:/cc: 0.469224150 0.530775850 0.000000000
J:/cccrcc: 0.306688313 0.510959468 0.182352218
J:/cccrcf: 0.390131506 0.459666167 0.150202327
J:/cccrcr: 0.000000000 0.639190624 0.360809376
J:/cccrfc: 0.119952455 0.498594161 0.381453385
J:/cccrff: 0.230852790 0.499122094 0.270025116
J:/cccrfr: 0.000000000 0.461081651 0.538918349
J:/cccrrc: 0.000000000 0.540065514 0.459934486
J:/cccrrf: 0.000000000 0.325712957 0.674287043
J:/ccrccr: 0.000000000 0.565846757 0.434153243
J:/ccrcfr: 0.000000000 0.415925017 0.584074983
J:/ccrcrc: 0.000000000 0.648382124 0.351617876
J:/ccrcrf: 0.000000000 0.022348411 0.977651589
J:/ccrfcr: 0.000000000 0.362347616 0.637652384
J:/ccrffr: 0.000000000 0.723575715 0.276424285
J:/ccrfrc: 0.000000000 0.967742474 0.032257526
J:/ccrfrf: 0.000000000 0.002884823 0.997115177
J:/ccrrcc: 0.000000000 0.284727878 0.715272122
J:/ccrrcf: 0.000000000 0.256317795 0.743682205
J:/ccrrfc: 0.000000000 0.518733097 0.481266903
J:/ccrrff: 0.000000000 0.221224814 0.778775186
J:/cr: 0.564006530 0.435993470 0.000000000
J:/crccrc: 0.000000000 0.231069942 0.768930058
J:/crccrf: 0.000000000 0.581362448 0.418637552
J:/crcfrc: 0.000000000 0.922544503 0.077455497
J:/crcfrf: 0.000000000 0.475462665 0.524537335
J:/crcrcc: 0.000000000 0.395310137 0.604689863
J:/crcrcf: 0.000000000 0.297662213 0.702337787
J:/crcrfc: 0.000000000 0.000000000 1.000000000
J:/crcrff: 0.000000000 0.000000000 1.000000000
J:/rc: 0.000000561 0.460116677 0.539882763
J:/rccrcc: 0.000000000 0.934308334 0.065691666
J:/rccrcf: 0.000000000 0.948924446 0.051075554
J:/rccrfc: 0.000000000 0.583845790 0.416154210
J:/rccrff: 0.000000000 0.156906804 0.843093196
J:/rf: 0.048119303 0.249278479 0.702602218
J:/rfcrc: 0.000000000 0.480965449 0.519034551
J:/rfcrf: 0.000000000 0.630730650 0.369269350
J:/rr: 0.000000000 0.396023843 0.603976157
K:/cc: 0.791415327 0.208584673 0.000000000
K:/cccrcc: 0.349898942 0.410358739 0.239742319
K:/cccrcf: 0.426890371 0.330665573 0.242444056
K:/cccrcr: 0.000000000 0.682121069 0.317878931
K:/cccrfc: 0.501021912 0.350840921 0.148137168
K:/cccrff: 0.468987864 0.295659307 0.235352830
K:/cccrfr: 0.000000000 0.029794007 0.970205993
K:/cccrrc: 0.000000000 0.228847107 0.771152893
K:/cccrrf: 0.000000000 0.683442295 0.316557705
K:/ccrccr: 0.000000000 0.960995069 0.039004931
K:/ccrcfr: 0.000000000 0.797842722 0.202157278
K:/ccrcrc: 0.000000000 0.455731803 0.544268197
K:/ccrcrf: 0.000000000 0.547671692 0.452328308
K:/ccrfcr: 0.000000000 0.610639257 0.389360743
K:/ccrffr: 0.000000000 0.999804721 0.000195279
K:/ccrfrc: 0.000000000 0.665119273 0.334880727
K:/ccrfrf: 0.000000000 0.794010887 0.205989113
K:/ccrrcc: 0.000000000 0.565936208 0.434063792
K:/ccrrcf: 0.000000000 0.906981234 0.093018766
K:/ccrrfc: 0.000000000 0.718375902 0.281624098
K:/ccrrff: 0.000000000 0.571915886 0.428084114
K:/cr: 0.717851977 0.282148023 0.000000000
K:/crccrc: 0.000000000 0.509666205 0.490333795
K:/crccrf: 0.000000000 0.318761452 0.681238548
K:/crcfrc: 0.000000000 0.999980547 0.000019453
K:/crcfrf: 0.000000000 0.028660416 0.971339584
K:/crcrcc: 0.000000000 0.710272302 0.289727698
K:/crcrcf: 0.000000000 0.651117819 0.348882181
K:/crcrfc: 0.000000000 0.726065842 0.273934158
K:/crcrff: 0.000000000 1.000000000 0.000000000
K:/rc: 0.649681673 0.299692119 0.050626207
K:/rccrcc: 0.000000000 0.356752259 0.643247741
K:/rccrcf: 0.000000000 0.265865725 0.734134275
K:/rccrfc: 0.000000000 0.152242729 0.847757271
K:/rccrff: 0.000000000 0.433972406 0.566027594
K:/rf: 0.707095186 0.292862778 0.000042036
K:/rfcrc: 0.000000000 0.479652355 0.520347645
K:/rfcrf: 0.000000000 0.993761412 0.006238588
K:/rr: 0.000000000 0.756607888 0.243392112
Q:/cc: 0.270397242 0.729602758 0.000000000
Q:/cccrcc: 0.402793321 0.099113129 0.498093550
Q:/cccrcf: 0.237037395 0.270020708 0.492941897
Q:/cccrcr: 0.000000000 0.577996110 0.422003890
Q:/cccrfc: 0.013815127 0.921114710 0.065070162
Q:/cccrff: 0.475115833 0.194865515 0.330018652
Q:/cccrfr: 0.000000000 0.303243082 0.696756918
Q:/cccrrc: 0.000000000 0.522867667 0.477132333
Q:/cccrrf: 0.000000000 0.656063791 0.343936209
Q:/ccrccr: 0.000000000 0.174545521 0.825454479
Q:/ccrcfr: 0.000000000 0.658661007 0.341338993
Q:/ccrcrc: 0.000000000 0.546123809 0.453876191
Q:/ccrcrf: 0.000000000 0.945290393 0.054709607
Q:/ccrfcr: 0.000000000 0.591719274 0.408280726
Q:/ccrffr: 0.000000000 0.584803321 0.415196679
Q:/ccrfrc: 0.000000000 0.177008476 0.822991524
Q:/ccrfrf: 0.000000000 0.809794210 0.190205790
Q:/ccrrcc: 0.000000000 0.492842191 0.507157809
Q:/ccrrcf: 0.000000000 0.754921310 0.245078690
Q:/ccrrfc: 0.000000000 0.530047191 0.469952809
Q:/ccrrff: 0.000000000 0.471745687 0.528254313
Q:/cr: 0.000000000 1.000000000 0.000000000
Q:/crccrc: 0.000000000 0.458194827 0.541805173
Q:/crccrf: 0.000000000 0.522182276 0.477817724
Q:/crcfrc: 0.000000000 0.736607239 0.263392761
Q:/crcfrf: 0.000000000 0.732947746 0.267052254
Q:/crcrcc: 0.000000000 0.330148901 0.669851099
Q:/crcrcf: 0.000000000 0.428330013 0.571669987
Q:/crcrfc: 0.000000000 0.640096982 0.359903018
Q:/crcrff: 0.000000000 0.735705959 0.264294041
Q:/rc: 0.075090959 0.429984707 0.494924334
Q:/rccrcc: 0.000000000 0.095523448 0.904476552
Q:/rccrcf: 0.000000000 0.755841461 0.244158539
Q:/rccrfc: 0.000000000 0.323176685 0.676823315
Q:/rccrff: 0.000000000 0.513367048 0.486632952
Q:/rf: 0.437151575 0.016155046 0.546693378
Q:/rfcrc: 0.000000000 0.343199353 0.656800647
Q:/rfcrf: 0.000000000 0.753687387 0.246312613
Q:/rr: 0.000000000 0.570827206 0.429172794
T:/cc: 0.057430378 0.942569622 0.000000000
T:/cccrcc: 0.219356185 0.553456029 0.227187786
T:/cccrcf: 0.028169507 0.669682570 0.302147923
T:/cccrcr: 0.000000000 0.066979357 0.933020643
T:/cccrfc: 0.099834927 0.682660374 0.217504699
T:/cccrff: 0.503165032 0.233983882 0.262851086
T:/cccrfr: 0.000000000 0.124995786 0.875004214
T:/cccrrc: 0.000000000 0.402955562 0.597044438
T:/cccrrf: 0.000000000 0.202959984 0.797040016
T:/ccrccr: 0.000000000 0.682451758 0.317548242
T:/ccrcfr: 0.000000000 0.117059081 0.882940919
T:/ccrcrc: 0.000000000 0.592276721 0.407723279
T:/ccrcrf: 0.000000000 0.680236001 0.319763999
T:/ccrfcr: 0.000000000 0.492894139 0.507105861
T:/ccrffr: 0.000000000 0.392613904 0.607386096
T:/ccrfrc: 0.000000000 0.829406999 0.170593001
T:/ccrfrf: 0.000000000 0.856781969 0.143218031
T:/ccrrcc: 0.000000000 0.926418633 0.073581367
T:/ccrrcf: 0.000000000 0.675824498 0.324175502
T:/ccrrfc: 0.000000000 0.503603965 0.496396035
T:/ccrrff: 0.000000000 0.245316999 0.754683001
T:/cr: 0.423624219 0.576375781 0.000000000
T:/crccrc: 0.000000000 0.448482853 0.551517147
T:/crccrf: 0.000000000 0.465489357 0.534510643
T:/crcfrc: 0.000000000 0.081236577 0.918763423
T:/crcfrf: 0.000000000 0.927477148 0.072522852
T:/crcrcc: 0.000000000 0.452485537 0.547514463
T:/crcrcf: 0.000000000 0.746846509 0.253153491
T:/crcrfc: 0.000000000 0.000000000 1.000000000
T:/crcrff: 0.000000000 0.108329047 0.891670953
T:/rc: 0.000000000 0.278839574 0.721160426
T:/rccrcc: 0.000000000 0.069066928 0.930933072
T:/rccrcf: 0.000000000 0.687887013 0.312112987
T:/rccrfc: 0.000000000 0.433442659 0.566557341
T:/rccrff: 0.000000000 0.826855003 0.173144997
T:/rf: 0.002423553 0.010540199 0.987036248
T:/rfcrc: 0.000000000 0.564146554 0.435853446
T:/rfcrf: 0.000000000 0.079770206 0.920229794
T:/rr: 0.000000000 0.168813703 0.831186297
