8:/ccc: 0.033495468 0.966504532 0.000000000
8:/cccrccr: 0.000000000 0.864654512 0.135345488
8:/cccrcfr: 0.000000000 0.340751978 0.659248022
8:/cccrcrc: 0.000000000 0.614391395 0.385608605
8:/cccrcrf: 0.000000000 0.505145320 0.494854680
8:/cccrfcr: 0.000000000 0.854705124 0.145294876
8:/cccrffr: 0.000000000 0.042091176 0.957908824
8:/cccrfrc: 0.000000000 0.491550333 0.508449667
8:/cccrfrf: 0.000000000 0.395131770 0.604868230
8:/cccrrcc: 0.000000000 0.967118636 0.032881364
8:/cccrrcf: 0.000000000 0.162223089 0.837776911
8:/cccrrfc: 0.000000000 0.512582023 0.487417977
8:/cccrrff: 0.000000000 0.800594738 0.199405262
8:/ccr: 0.155066995 0.583362888 0.261570118
8:/ccrccrc: 0.000000000 0.657508201 0.342491799
8:/ccrccrf: 0.000000000 0.426871824 0.573128176
8:/ccrcfrc: 0.000000000 0.945741170 0.054258830
8:/ccrcfrf: 0.000000000 0.417544481 0.582455519
8:/ccrcrcc: 0.000000000 0.407140259 0.592859741
8:/ccrcrcf: 0.000000000 0.005597565 0.994402435
8:/ccrcrfc: 0.000000000 0.706647558 0.293352442
8:/ccrcrff: 0.000000000 0.514276591 0.485723409
8:/crc: 0.000000000 0.000000000 1.000000000
8:/crccrcc: 0.000000000 0.282767067 0.717232933
8:/crccrcf: 0.000000000 0.721097140 0.278902860
8:/crccrfc: 0.000000000 0.000000000 1.000000000
8:/crccrff: 0.000000000 0.000000000 1.000000000
8:/crf: 0.000000000 0.735911612 0.264088388
8:/crfcrc: 0.000000000 0.730796690 0.269203310
8:/crfcrf: 0.000000000 0.339473708 0.660526292
8:/crr: 0.000000000 0.000000000 1.000000000
8:/rcc: 0.000000000 0.441029484 0.558970516
8:/rcf: 0.000000000 0.740640912 0.259359088
8:/rcr: 0.000000000 0.433076195 0.566923805
8:/rfc: 0.146465165 0.493033461 0.360501374
8:/rff: 0.186555721 0.198992229 0.614452050
8:/rfr: 0.000000000 0.487277631 0.512722369
8:/rrc: 0.000000000 0.000000000 1.000000000
8:/rrf: 0.000000000 0.383687701 0.616312299
9:/ccc: 0.590151734 0.409848266 0.000000000
9:/cccrccr: 0.000000000 0.583064996 0.416935004
9:/cccrcfr: 0.000000000 0.338935119 0.661064881
9:/cccrcrc: 0.000000000 0.080412369 0.919587631
9:/cccrcrf: 0.000000000 0.357412819 0.642587181
9:/cccrfcr: 0.000000000 0.408973466 0.591026534
9:/cccrffr: 0.000000000 0.512875941 0.487124059
9:/cccrfrc: 0.000000000 0.209103611 0.790896389
9:/cccrfrf: 0.000000000 0.250469533 0.749530467
9:/cccrrcc: 0.000000000 0.472578923 0.527421077
9:/cccrrcf: 0.000000000 0.265406848 0.734593152
9:/cccrrfc: 0.000000000 0.458749520 0.541250480
9:/cccrrff: 0.000000000 0.267577774 0.732422226
9:/ccr: 0.017625358 0.376622360 0.605752282
9:/ccrccrc: 0.000000000 0.909736192 0.090263808
9:/ccrccrf: 0.000000000 0.682239590 0.317760410
9:/ccrcfrc: 0.000000000 0.323489669 0.676510331
9:/ccrcfrf: 0.000000000 0.844006578 0.155993422
9:/ccrcrcc: 0.000000000 0.664118720 0.335881280
9:/ccrcrcf: 0.000000000 0.428238502 0.571761498
9:/ccrcrfc: 0.000000000 0.195205691 0.804794309
9:/ccrcrff: 0.000000000 0.459065965 0.540934035
9:/crc: 0.000000000 0.000000000 1.000000000
9:/crccrcc: 0.000000000 0.799696243 0.200303757
9:/crccrcf: 0.000000000 0.219547275 0.780452725
9:/crccrfc: 0.000000000 0.394279150 0.605720850
9:/crccrff: 0.000000000 0.102633871 0.897366129
9:/crf: 0.351398798 0.193330663 0.455270540
9:/crfcrc: 0.000000000 0.250335973 0.749664027
9:/crfcrf: 0.000000000 0.440500137 0.559499863
9:/crr: 0.000000000 0.000000000 1.000000000
9:/rcc: 0.050966407 0.425856436 0.523177157
9:/rcf: 0.000000000 0.811633016 0.188366984
9:/rcr: 0.000000000 0.565630017 0.434369983
9:/rfc: 0.208170283 0.188598142 0.603231575
9:/rff: 0.000000038 0.155246166 0.844753796
9:/rfr: 0.000000000 0.079084233 0.920915767
9:/rrc: 0.000000000 0.617423465 0.382576535
9:/rrf: 0.000000000 0.000000246 0.999999754
A:/ccc: 0.603779676 0.396220324 0.000000000
A:/cccrccr: 0.000000000 0.771481680 0.228518320
A:/cccrcfr: 0.000000000 0.539992161 0.460007839
A:/cccrcrc: 0.000000000 0.464156712 0.535843288
A:/cccrcrf: 0.000000000 0.136240863 0.863759137
A:/cccrfcr: 0.000000000 0.972728446 0.027271554
A:/cccrffr: 0.000000000 0.779869055 0.220130945
A:/cccrfrc: 0.000000000 0.701894232 0.298105768
A:/cccrfrf: 0.000000000 0.038573769 0.961426231
A:/cccrrcc: 0.000000000 0.840775729 0.159224271
A:/cccrrcf: 0.000000000 0.738987972 0.261012028
A:/cccrrfc: 0.000000000 0.355037204 0.644962796
A:/cccrrff: 0.000000000 0.284302959 0.715697041
A:/ccr: 0.349727821 0.530715529 0.119556650
A:/ccrccrc: 0.000000000 0.142687355 0.857312645
A:/ccrccrf: 0.000000000 0.569043352 0.430956648
A:/ccrcfrc: 0.000000000 0.615677453 0.384322547
A:/ccrcfrf: 0.000000000 0.107635416 0.892364584
A:/ccrcrcc: 0.000000000 1.000000000 0.000000000
A:/ccrcrcf: 0.000000000 0.864083376 0.135916624
A:/ccrcrfc: 0.000000000 0.443375987 0.556624013
A:/ccrcrff: 0.000000000 0.000000050 0.999999950
A:/crc: 1.000000000 0.000000000 0.000000000
A:/crccrcc: 0.000000000 0.862020036 0.137979964
A:/crccrcf: 0.000000000 0.793864108 0.206135892
A:/crccrfc: 0.000000000 0.968612792 0.031387208
A:/crccrff: 0.000000000 1.000000000 0.000000000
A:/crf: 0.671807046 0.104486232 0.223706721
A:/crfcrc: 0.000000000 0.627167837 0.372832163
A:/crfcrf: 0.000000000 0.292382615 0.707617385
A:/crr: 0.000000000 1.000000000 0.000000000
A:/rcc: 0.470323511 0.330166539 0.199509949
A:/rcf: 0.513288753 0.486484517 0.000226730
A:/rcr: 0.000000000 0.756371681 0.243628319
A:/rfc: 0.621129700 0.378870156 0.000000143
A:/rff: 0.566779428 0.433155821 0.000064751
A:/rfr: 0.000000000 0.935119708 0.064880292
A:/rrc: 0.000000000 0.999994046 0.000005954
A:/rrf: 0.000000000 1.000000000 0.000000000
J:/ccc: 0.419395078 0.580604922 0.000000000
J:/cccrccr: 0.000000000 0.559492245 0.440507755
J:/cccrcfr: 0.000000000 0.817084041 0.182915959
J:/cccrcrc: 0.000000000 0.588125760 0.411874240
J:/cccrcrf: 0.000000000 0.823710996 0.176289004
J:/cccrfcr: 0.000000000 0.243736898 0.756263102
J:/cccrffr: 0.000000000 0.455013504 0.544986496
J:/cccrfrc: 0.000000000 0.332854679 0.667145321
J:/cccrfrf: 0.000000000 0.044267793 0.955732207
J:/cccrrcc: 0.000000000 0.426106214 0.573893786
J:/cccrrcf: 0.000000000 0.211891393 0.788108607
J:/cccrrfc: 0.000000000 0.501506002 0.498493998
J:/cccrrff: 0.000000000 0.535047039 0.464952961
J:/ccr: 0.083646705 0.494943036 0.421410259
J:/ccrccrc: 0.000000000 0.516663398 0.483336602
J:/ccrccrf: 0.000000000 0.178496139 0.821503861
J:/ccrcfrc: 0.000000000 0.301654135 0.698345865
J:/ccrcfrf: 0.000000000 0.465227882 0.534772118
J:/ccrcrcc: 0.000000000 0.510955154 0.489044846
J:/ccrcrcf: 0.000000000 0.441085188 0.558914812
J:/ccrcrfc: 0.000000000 0.208777362 0.791222638
J:/ccrcrff: 0.000000000 0.591681347 0.408318653
J:/crc: 0.198581333 0.058306873 0.743111794
J:/crccrcc: 0.000000000 0.270909170 0.729090830
J:/crccrcf: 0.000000000 0.776196355 0.223803645
J:/crccrfc: 0.000000000 0.511699696 0.488300304
J:/crccrff: 0.000000000 0.204689752 0.795310248
J:/crf: 0.167613758 0.000302675 0.832083567
J:/crfcrc: 0.000000000 0.160308749 0.839691251
J:/crfcrf: 0.000000000 0.509157587 0.490842413
J:/crr: 0.000000000 0.000000000 1.000000000
J:/rcc: 0.157714389 0.556120993 0.286164618
J:/rcf: 0.172408006 0.128247811 0.699344182
J:/rcr: 0.000000000 0.603143025 0.396856975
J:/rfc: 0.288280570 0.246974138 0.464745292
J:/rff: 0.121029438 0.109371833 0.769598729
J:/rfr: 0.000000000 0.029246930 0.970753070
J:/rrc: 0.000000000 0.633140966 0.366859034
J:/rrf: 0.000000000 0.000001220 0.999998780
K:/ccc: 0.439072191 0.560927809 0.000000000
K:/cccrccr: 0.000000000 0.152429318 0.847570682
K:/cccrcfr: 0.000000000 0.930679185 0.069320815
K:/cccrcrc: 0.000000000 0.678997598 0.321002402
K:/cccrcrf: 0.000000000 0.448493498 0.551506502
K:/cccrfcr: 0.000000000 0.309966943 0.690033057
K:/cccrffr: 0.000000000 0.817536260 0.182463740
K:/cccrfrc: 0.000000000 0.210922520 0.789077480
K:/cccrfrf: 0.000000000 0.598441537 0.401558463
K:/cccrrcc: 0.000000000 0.511765751 0.488234249
K:/cccrrcf: 0.000000000 0.965669778 0.034330222
K:/cccrrfc: 0.000000000 0.000000270 0.999999730
K:/cccrrff: 0.000000000 0.395345520 0.604654480
K:/ccr: 0.137210579 0.562440774 0.300348646
K:/ccrccrc: 0.000000000 0.642355355 0.357644645
K:/ccrccrf: 0.000000000 0.271985389 0.728014611
K:/ccrcfrc: 0.000000000 0.406305480 0.593694520
K:/ccrcfrf: 0.000000000 0.171707693 0.828292307
K:/ccrcrcc: 0.000000000 0.999979085 0.000020915
K:/ccrcrcf: 0.000000000 0.739790553 0.260209447
K:/ccrcrfc: 0.000000000 0.555475847 0.444524153
K:/ccrcrff: 0.000000000 0.353025520 0.646974480
K:/crc: 0.023759129 0.976240871 0.000000000
K:/crccrcc: 0.000000000 0.416192417 0.583807583
K:/crccrcf: 0.000000000 0.168068172 0.831931828
K:/crccrfc: 0.000000000 0.841089779 0.158910221
K:/crccrff: 0.000000000 0.579133014 0.420866986
K:/crf: 0.448912680 0.393601212 0.157486109
K:/crfcrc: 0.000000000 0.411302912 0.588697088
K:/crfcrf: 0.000000000 0.513994654 0.486005346
K:/crr: 0.000000000 0.773047368 0.226952632
K:/rcc: 0.052577934 0.480066770 0.467355296
K:/rcf: 0.168947464 0.451087116 0.379965420
K:/rcr: 0.000000000 0.261937260 0.738062740
K:/rfc: 0.376539076 0.287953417 0.335507508
K:/rff: 0.608292130 0.339816230 0.051891641
K:/rfr: 0.000000000 0.250683705 0.749316295
K:/rrc: 0.000000000 0.452324882 0.547675118
K:/rrf: 0.000000000 0.765147327 0.234852673
Q:/ccc: 0.208626937 0.791373063 0.000000000
Q:/cccrccr: 0.000000000 0.835823217 0.164176783
Q:/cccrcfr: 0.000000000 0.416805467 0.583194533
Q:/cccrcrc: 0.000000000 0.176915392 0.823084608
Q:/cccrcrf: 0.000000000 0.924607013 0.075392987
Q:/cccrfcr: 0.000000000 0.472061433 0.527938567
Q:/cccrffr: 0.000000000 0.850474950 0.149525050
Q:/cccrfrc: 0.000000000 0.458258882 0.541741118
Q:/cccrfrf: 0.000000000 0.136001178 0.863998822
Q:/cccrrcc: 0.000000000 0.520643617 0.479356383
Q:/cccrrcf: 0.000000000 0.378915136 0.621084864
Q:/cccrrfc: 0.000000000 0.976522829 0.023477171
Q:/cccrrff: 0.000000000 0.581092746 0.418907254
Q:/ccr: 0.000636130 0.882621982 0.116741888
Q:/ccrccrc: 0.000000000 0.745728972 0.254271028
Q:/ccrccrf: 0.000000000 0.663833525 0.336166475
Q:/ccrcfrc: 0.000000000 0.513056866 0.486943134
Q:/ccrcfrf: 0.000000000 0.506060765 0.493939235
Q:/ccrcrcc: 0.000000000 0.332029838 0.667970162
Q:/ccrcrcf: 0.000000000 0.686109943 0.313890057
Q:/ccrcrfc: 0.000000000 0.517512190 0.482487810
Q:/ccrcrff: 0.000000000 0.117138868 0.882861132
Q:/crc: 0.347124643 0.652875357 0.000000000
Q:/crccrcc: 0.000000000 0.914271605 0.085728395
Q:/crccrcf: 0.000000000 0.092800785 0.907199215
Q:/crccrfc: 0.000000000 0.120966722 0.879033278
Q:/crccrff: 0.000000000 0.400660393 0.599339607
Q:/crf: 0.775680876 0.104853368 0.119465756
Q:/crfcrc: 0.000000000 0.496477980 0.503522020
Q:/crfcrf: 0.000000000 1.000000000 0.000000000
Q:/crr: 0.000000000 0.181481943 0.818518057
Q:/rcc: 0.453858593 0.088770064 0.457371344
Q:/rcf: 0.375925593 0.168820837 0.455253570
Q:/rcr: 0.000000000 0.495173698 0.504826302
Q:/rfc: 0.174498492 0.307099038 0.518402470
Q:/rff: 0.000000000 0.536991242 0.463008758
Q:/rfr: 0.000000000 0.704823175 0.295176825
Q:/rrc: 0.000000000 0.360481073 0.639518927
Q:/rrf: 0.000000000 0.577291490 0.422708510
T:/ccc: 0.526606473 0.473393527 0.000000000
T:/cccrccr: 0.000000000 0.384999045 0.615000955
T:/cccrcfr: 0.000000000 0.566266537 0.433733463
T:/cccrcrc: 0.000000000 0.671362868 0.328637132
T:/cccrcrf: 0.000000000 0.434922825 0.565077175
T:/cccrfcr: 0.000000000 0.425148790 0.574851210
T:/cccrffr: 0.000000000 0.072319905 0.927680095
T:/cccrfrc: 0.000000000 0.541473128 0.458526872
T:/cccrfrf: 0.000000000 0.389671158 0.610328842
T:/cccrrcc: 0.000000000 0.239634629 0.760365371
T:/cccrrcf: 0.000000000 0.522273668 0.477726332
T:/cccrrfc: 0.000000000 0.693520301 0.306479699
T:/cccrrff: 0.000000000 0.354305350 0.645694650
T:/ccr: 0.000003497 0.999995024 0.000001479
T:/ccrccrc: 0.000000000 0.526000428 0.473999572
T:/ccrccrf: 0.000000000 0.694833690 0.305166310
T:/ccrcfrc: 0.000000000 0.351403039 0.648596961
T:/ccrcfrf: 0.000000000 0.041159411 0.958840589
T:/ccrcrcc: 0.000000000 0.371444077 0.628555923
T:/ccrcrcf: 0.000000000 0.868007865 0.131992135
T:/ccrcrfc: 0.000000000 0.929809176 0.070190824
T:/ccrcrff: 0.000000000 0.327305269 0.672694731
T:/crc: 0.033116489 0.000000000 0.966883511
T:/crccrcc: 0.000000000 0.352096596 0.647903404
T:/crccrcf: 0.000000000 0.155763034 0.844236966
T:/crccrfc: 0.000000000 0.000000000 1.000000000
T:/crccrff: 0.000000000 0.000000000 1.000000000
T:/crf: 0.308083078 0.324311704 0.367605218
T:/crfcrc: 0.000000000 0.004506135 0.995493865
T:/crfcrf: 0.000000000 0.323497431 0.676502569
T:/crr: 0.000000000 0.000000000 1.000000000
T:/rcc: 0.357662155 0.495966479 0.146371366
T:/rcf: 0.025459492 0.452588036 0.521952472
T:/rcr: 0.000000000 0.840864640 0.159135360
T:/rfc: 0.023898956 0.425177177 0.550923867
T:/rff: 0.138984746 0.371005045 0.490010209
T:/rfr: 0.000000000 0.322552469 0.677447531
T:/rrc: 0.000000000 0.327144184 0.672855816
T:/rrf: 0.000000000 0.643921021 0.356078979
