9:/cc: 0.994747061 0.005252939 0.000000000
9:/cccrcc: 0.147825003 0.397253153 0.454921844
9:/cccrcf: 0.135538729 0.629872341 0.234588930
9:/cccrcr: 0.000000000 0.567284115 0.432715885
9:/cccrfc: 0.471939479 0.113684561 0.414375960
9:/cccrff: 0.239987831 0.432112596 0.327899573
9:/cccrfr: 0.000000000 0.727751023 0.272248977
9:/cccrrc: 0.000000000 0.376916500 0.623083500
9:/cccrrf: 0.000000000 0.815761097 0.184238903
9:/ccrccr: 0.000000000 0.405339671 0.594660329
9:/ccrcfr: 0.000000000 0.611606643 0.388393357
9:/ccrcrc: 0.000000000 0.431004592 0.568995408
9:/ccrcrf: 0.000000000 0.285450158 0.714549842
9:/ccrfcr: 0.000000000 0.123183750 0.876816250
9:/ccrffr: 0.000000000 0.546455173 0.453544827
9:/ccrfrc: 0.000000000 0.218768882 0.781231118
9:/ccrfrf: 0.000000000 0.105406080 0.894593920
9:/ccrrcc: 0.000000000 0.567945598 0.432054402
9:/ccrrcf: 0.000000000 0.756447822 0.243552178
9:/ccrrfc: 0.000000000 0.357380478 0.642619522
9:/ccrrff: 0.000000000 0.178098360 0.821901640
9:/cr: 0.045679471 0.203994056 0.750326473
9:/crccrc: 0.000000000 0.851229614 0.148770386
9:/crccrf: 0.000000000 0.461460443 0.538539557
9:/crcfrc: 0.000000000 0.794600279 0.205399721
9:/crcfrf: 0.000000000 0.524647683 0.475352317
9:/crcrcc: 0.000000000 0.714542964 0.285457036
9:/crcrcf: 0.000000000 0.991082837 0.008917163
9:/crcrfc: 0.000000000 0.557476830 0.442523170
9:/crcrff: 0.000000000 0.899880723 0.100119277
9:/rc: 0.000000000 0.000000000 1.000000000
9:/rccrcc: 0.000000000 0.000000000 1.000000000
9:/rccrcf: 0.000000000 0.424589945 0.575410055
9:/rccrfc: 0.000000000 0.452850414 0.547149586
9:/rccrff: 0.000000000 0.260802258 0.739197742
9:/rf: 0.000000000 0.000000000 1.000000000
9:/rfcrc: 0.000000000 0.531409415 0.468590585
9:/rfcrf: 0.000000000 0.482140027 0.517859973
9:/rr: 0.000000000 0.000000000 1.000000000
A:/cc: 0.672857425 0.327142575 0.000000000
A:/cccrcc: 0.220372342 0.373834145 0.405793513
A:/cccrcf: 0.284865767 0.300645897 0.414488336
A:/cccrcr: 0.000000000 0.682174666 0.317825334
A:/cccrfc: 0.424783576 0.276500898 0.298715526
A:/cccrff: 0.131173936 0.852330443 0.016495621
A:/cccrfr: 0.000000000 0.315279120 0.684720880
A:/cccrrc: 0.000000000 0.256780448 0.743219552
A:/cccrrf: 0.000000000 0.324684722 0.675315278
A:/ccrccr: 0.000000000 0.127830337 0.872169663
A:/ccrcfr: 0.000000000 0.457537361 0.542462639
A:/ccrcrc: 0.000000000 0.507935417 0.492064583
A:/ccrcrf: 0.000000000 0.983565538 0.016434462
A:/ccrfcr: 0.000000000 0.605985651 0.394014349
A:/ccrffr: 0.000000000 0.102454844 0.897545156
A:/ccrfrc: 0.000000000 0.201854484 0.798145516
A:/ccrfrf: 0.000000000 0.539329379 0.460670621
A:/ccrrcc: 0.000000000 0.350817245 0.649182755
A:/ccrrcf: 0.000000000 0.809111489 0.190888511
A:/ccrrfc: 0.000000000 0.529791449 0.470208551
A:/ccrrff: 0.000000000 0.265023853 0.734976147
A:/cr: 0.175383721 0.660912784 0.163703495
A:/crccrc: 0.000000000 0.380730679 0.619269321
A:/crccrf: 0.000000000 0.582830829 0.417169171
A:/crcfrc: 0.000000000 0.472888610 0.527111390
A:/crcfrf: 0.000000000 0.324799489 0.675200511
A:/crcrcc: 0.000000000 0.447658154 0.552341846
A:/crcrcf: 0.000000000 0.433121162 0.566878838
A:/crcrfc: 0.000000000 0.631014500 0.368985500
A:/crcrff: 0.000000000 0.959542434 0.040457566
A:/rc: 0.000000000 1.000000000 0.000000000
A:/rccrcc: 0.000000000 1.000000000 0.000000000
A:/rccrcf: 0.000000000 1.000000000 0.000000000
A:/rccrfc: 0.000000000 0.951466841 0.048533159
A:/rccrff: 0.000000000 1.000000000 0.000000000
A:/rf: 0.729386279 0.270613721 0.000000000
A:/rfcrc: 0.000000000 1.000000000 0.000000000
A:/rfcrf: 0.000000000 1.000000000 0.000000000
A:/rr: 0.000000000 1.000000000 0.000000000
J:/cc: 0.633499865 0.366500135 0.000000000
J:/cccrcc: 0.171043687 0.309907350 0.519048963
J:/cccrcf: 0.609870916 0.308742985 0.081386099
J:/cccrcr: 0.000000000 0.515408305 0.484591695
J:/cccrfc: 0.320358122 0.202626521 0.477015356
J:/cccrff: 0.350612824 0.293244007 0.356143169
J:/cccrfr: 0.000000000 0.455460248 0.544539752
J:/cccrrc: 0.000000000 0.281536851 0.718463149
J:/cccrrf: 0.000000000 0.162867223 0.837132777
J:/ccrccr: 0.000000000 0.056007191 0.943992809
J:/ccrcfr: 0.000000000 0.863355897 0.136644103
J:/ccrcrc: 0.000000000 0.630758532 0.369241468
J:/ccrcrf: 0.000000000 0.073933544 0.926066456
J:/ccrfcr: 0.000000000 0.459644830 0.540355170
J:/ccrffr: 0.000000000 0.643874332 0.356125668
J:/ccrfrc: 0.000000000 0.488401295 0.511598705
J:/ccrfrf: 0.000000000 0.543872026 0.456127974
J:/ccrrcc: 0.000000000 0.073268947 0.926731053
J:/ccrrcf: 0.000000000 0.574276725 0.425723275
J:/ccrrfc: 0.000000000 0.495825718 0.504174282
J:/ccrrff: 0.000000000 0.404306690 0.595693310
J:/cr: 0.367468781 0.271114889 0.361416331
J:/crccrc: 0.000000000 0.775544315 0.224455685
J:/crccrf: 0.000000000 0.427142925 0.572857075
J:/crcfrc: 0.000000000 0.716167224 0.283832776
J:/crcfrf: 0.000000000 0.280559254 0.719440746
J:/crcrcc: 0.000000000 0.408133874 0.591866126
J:/crcrcf: 0.000000000 0.260861596 0.739138404
J:/crcrfc: 0.000000000 0.037820081 0.962179919
J:/crcrff: 0.000000000 0.555216991 0.444783009
J:/rc: 0.000000000 0.000000000 1.000000000
J:/rccrcc: 0.000000000 0.000000000 1.000000000
J:/rccrcf: 0.000000000 0.176040237 0.823959763
J:/rccrfc: 0.000000000 0.563311150 0.436688850
J:/rccrff: 0.000000000 1.000000000 0.000000000
J:/rf: 0.823228864 0.000000000 0.176771136
J:/rfcrc: 0.000000000 0.248691583 0.751308417
J:/rfcrf: 0.000000000 1.000000000 0.000000000
J:/rr: 0.000000000 0.000000000 1.000000000
K:/cc: 0.609857303 0.390142697 0.000000000
K:/cccrcc: 0.590543185 0.180861094 0.228595721
K:/cccrcf: 0.242840463 0.621409439 0.135750099
K:/cccrcr: 0.000000000 0.537798558 0.462201442
K:/cccrfc: 0.627889143 0.011556364 0.360554493
K:/cccrff: 0.576950757 0.005323221 0.417726022
K:/cccrfr: 0.000000000 0.439212527 0.560787473
K:/cccrrc: 0.000000000 0.571497788 0.428502212
K:/cccrrf: 0.000000000 0.753544867 0.246455133
K:/ccrccr: 0.000000000 0.001457557 0.998542443
K:/ccrcfr: 0.000000000 0.582606633 0.417393367
K:/ccrcrc: 0.000000000 0.685716296 0.314283704
K:/ccrcrf: 0.000000000 0.302858395 0.697141605
K:/ccrfcr: 0.000000000 0.421519205 0.578480795
K:/ccrffr: 0.000000000 0.369421812 0.630578188
K:/ccrfrc: 0.000000000 0.955030556 0.044969444
K:/ccrfrf: 0.000000000 0.505724656 0.494275344
K:/ccrrcc: 0.000000000 0.097090548 0.902909452
K:/ccrrcf: 0.000000000 0.468402121 0.531597879
K:/ccrrfc: 0.000000000 0.358229333 0.641770667
K:/ccrrff: 0.000000000 0.166390421 0.833609579
K:/cr: 0.559835050 0.389600524 0.050564425
K:/crccrc: 0.000000000 0.997912893 0.002087107
K:/crccrf: 0.000000000 0.223559068 0.776440932
K:/crcfrc: 0.000000000 0.956017443 0.043982557
K:/crcfrf: 0.000000000 0.140884785 0.859115215
K:/crcrcc: 0.000000000 0.757553494 0.242446506
K:/crcrcf: 0.000000000 0.143987697 0.856012303
K:/crcrfc: 0.000000000 0.293587851 0.706412149
K:/crcrff: 0.000000000 0.439692741 0.560307259
K:/rc: 0.000000000 1.000000000 0.000000000
K:/rccrcc: 0.000000000 1.000000000 0.000000000
K:/rccrcf: 0.000000000 0.405579214 0.594420786
K:/rccrfc: 0.000000000 0.357102067 0.642897933
K:/rccrff: 0.000000000 1.000000000 0.000000000
K:/rf: 1.000000000 0.000000000 0.000000000
K:/rfcrc: 0.000000000 1.000000000 0.000000000
K:/rfcrf: 0.000000000 1.000000000 0.000000000
K:/rr: 0.000000000 0.000000000 1.000000000
Q:/cc: 0.868112387 0.131887613 0.000000000
Q:/cccrcc: 0.104428583 0.405550616 0.490020801
Q:/cccrcf: 0.184286255 0.439324025 0.376389720
Q:/cccrcr: 0.000000000 0.554164894 0.445835106
Q:/cccrfc: 0.331711539 0.246901407 0.421387054
Q:/cccrff: 0.289732940 0.345218576 0.365048484
Q:/cccrfr: 0.000000000 0.377248986 0.622751014
Q:/cccrrc: 0.000000000 0.423220858 0.576779142
Q:/cccrrf: 0.000000000 0.654347753 0.345652247
Q:/ccrccr: 0.000000000 0.845847003 0.154152997
Q:/ccrcfr: 0.000000000 0.074401181 0.925598819
Q:/ccrcrc: 0.000000000 0.527138533 0.472861467
Q:/ccrcrf: 0.000000000 0.610531544 0.389468456
Q:/ccrfcr: 0.000000000 0.435060398 0.564939602
Q:/ccrffr: 0.000000000 0.829943820 0.170056180
Q:/ccrfrc: 0.000000000 0.626184206 0.373815794
Q:/ccrfrf: 0.000000000 0.443411065 0.556588935
Q:/ccrrcc: 0.000000000 0.586076814 0.413923186
Q:/ccrrcf: 0.000000000 0.736914965 0.263085035
Q:/ccrrfc: 0.000000000 0.150565020 0.849434980
Q:/ccrrff: 0.000000000 0.800852226 0.199147774
Q:/cr: 0.651596784 0.271983229 0.076419988
Q:/crccrc: 0.000000000 0.002994809 0.997005191
Q:/crccrf: 0.000000000 0.631265603 0.368734397
Q:/crcfrc: 0.000000000 0.331678612 0.668321388
Q:/crcfrf: 0.000000000 0.460719386 0.539280614
Q:/crcrcc: 0.000000000 0.574471168 0.425528832
Q:/crcrcf: 0.000000000 0.375611044 0.624388956
Q:/crcrfc: 0.000000000 0.542860475 0.457139525
Q:/crcrff: 0.000000000 0.630054717 0.369945283
Q:/rc: 0.000598471 0.000000000 0.999401529
Q:/rccrcc: 0.000000000 1.000000000 0.000000000
Q:/rccrcf: 0.000000000 0.641680633 0.358319367
Q:/rccrfc: 0.000000000 0.585424562 0.414575438
Q:/rccrff: 0.000000000 1.000000000 0.000000000
Q:/rf: 1.000000000 0.000000000 0.000000000
Q:/rfcrc: 0.000000000 0.320335923 0.679664077
Q:/rfcrf: 0.000000000 1.000000000 0.000000000
Q:/rr: 0.000000000 0.000000000 1.000000000
T:/cc: 0.793395112 0.206604888 0.000000000
T:/cccrcc: 0.465512055 0.018735070 0.515752875
T:/cccrcf: 0.439633727 0.432424948 0.127941324
T:/cccrcr: 0.000000000 0.524286099 0.475713901
T:/cccrfc: 0.202209082 0.290936249 0.506854669
T:/cccrff: 0.335052524 0.315460993 0.349486482
T:/cccrfr: 0.000000000 0.777437213 0.222562787
T:/cccrrc: 0.000000000 0.568303072 0.431696928
T:/cccrrf: 0.000000000 0.554190548 0.445809452
T:/ccrccr: 0.000000000 0.491306070 0.508693930
T:/ccrcfr: 0.000000000 0.511275991 0.488724009
T:/ccrcrc: 0.000000000 0.151355455 0.848644545
T:/ccrcrf: 0.000000000 0.407628279 0.592371721
T:/ccrfcr: 0.000000000 0.784488993 0.215511007
T:/ccrffr: 0.000000000 0.575117767 0.424882233
T:/ccrfrc: 0.000000000 0.578275446 0.421724554
T:/ccrfrf: 0.000000000 0.153797539 0.846202461
T:/ccrrcc: 0.000000000 0.712679952 0.287320048
T:/ccrrcf: 0.000000000 0.552998126 0.447001874
T:/ccrrfc: 0.000000000 0.429113743 0.570886257
T:/ccrrff: 0.000000000 0.356582622 0.643417378
T:/cr: 0.723433340 0.172284657 0.104282003
T:/crccrc: 0.000000000 0.916037616 0.083962384
T:/crccrf: 0.000000000 0.275618147 0.724381853
T:/crcfrc: 0.000000000 0.020664324 0.979335676
T:/crcfrf: 0.000000000 0.713916342 0.286083658
T:/crcrcc: 0.000000000 0.611861859 0.388138141
T:/crcrcf: 0.000000000 0.507104177 0.492895823
T:/crcrfc: 0.000000000 0.706497931 0.293502069
T:/crcrff: 0.000000000 0.719086019 0.280913981
T:/rc: 0.000000000 0.000000000 1.000000000
T:/rccrcc: 0.000000000 0.000000000 1.000000000
T:/rccrcf: 0.000000000 0.198608487 0.801391513
T:/rccrfc: 0.000000000 0.623454805 0.376545195
T:/rccrff: 0.000000000 1.000000000 0.000000000
T:/rf: 0.000000000 0.000000000 1.000000000
T:/rfcrc: 0.000000000 0.000000000 1.000000000
T:/rfcrf: 0.000000000 0.677260146 0.322739854
T:/rr: 0.000000000 0.000000000 1.000000000
