2:/: 0.955859296 0.044140704 0.000000000
2:/ccr: 0.110349371 0.889650629 0.000000000
2:/ccrcrc: 0.000002442 0.745031275 0.254966282
2:/ccrcrf: 0.349082342 0.319894825 0.331022833
2:/ccrcrr: 0.000000000 0.172031158 0.827968842
2:/ccrrcr: 0.000000000 0.506678884 0.493321116
2:/ccrrfr: 0.000000000 0.199234726 0.800765274
2:/ccrrrc: 0.000000000 0.213071737 0.786928263
2:/ccrrrf: 0.000000000 0.568055668 0.431944332
2:/crc: 0.000370629 0.000055903 0.999573468
2:/crcrcr: 0.000000000 1.000000000 0.000000000
2:/crcrfr: 0.000000000 0.637493885 0.362506115
2:/crcrrc: 0.000000000 0.361514365 0.638485635
2:/crcrrf: 0.000000000 0.415322036 0.584677964
2:/crf: 0.000000000 0.000056952 0.999943048
2:/crfrr: 0.000000000 0.000000000 1.000000000
2:/crr: 0.258436312 0.741563688 0.000000000
2:/crrcrc: 0.000000000 0.385320035 0.614679965
2:/crrcrf: 0.000000000 0.236512392 0.763487608
2:/rcr: 0.549885870 0.450114130 0.000000000
2:/rcrcrc: 0.000000000 0.840934027 0.159065973
2:/rcrcrf: 0.000000000 0.630196734 0.369803266
2:/rfr: 0.359263828 0.367941672 0.272794500
2:/rrc: 0.000061922 0.251158706 0.748779373
2:/rrf: 0.064429584 0.000675781 0.934894636
2:/rrr: 0.000000000 0.283070054 0.716929946
3:/: 0.963521115 0.036478885 0.000000000
3:/ccr: 0.499776078 0.500223922 0.000000000
3:/ccrcrc: 0.000002442 0.475675930 0.524321628
3:/ccrcrf: 0.062844867 0.365112886 0.572042247
3:/ccrcrr: 0.000000000 0.164218740 0.835781260
3:/ccrrcr: 0.000000000 0.822517194 0.177482806
3:/ccrrfr: 0.000000000 0.122459510 0.877540490
3:/ccrrrc: 0.000000000 0.251768908 0.748231092
3:/ccrrrf: 0.000000000 0.209102869 0.790897131
3:/crc: 0.000334652 0.000042069 0.999623279
3:/crcrcr: 0.000000000 0.749904791 0.250095209
3:/crcrfr: 0.000000000 0.380287503 0.619712497
3:/crcrrc: 0.000000000 0.000000000 1.000000000
3:/crcrrf: 0.000000000 0.538366345 0.461633655
3:/crf: 0.000000000 0.000038461 0.999961539
3:/crfrr: 0.000000000 0.303908962 0.696091038
3:/crr: 0.747049965 0.252950035 0.000000000
3:/crrcrc: 0.000000000 0.000000000 1.000000000
3:/crrcrf: 0.000000000 0.577239715 0.422760285
3:/rcr: 0.000198212 0.309941439 0.689860348
3:/rcrcrc: 0.000000000 0.630234090 0.369765910
3:/rcrcrf: 0.000000000 0.121655643 0.878344357
3:/rfr: 0.562030147 0.096889627 0.341080226
3:/rrc: 0.000061796 0.120217706 0.879720499
3:/rrf: 0.005764684 0.000675781 0.993559535
3:/rrr: 0.000000000 0.437854009 0.562145991
4:/: 0.873866512 0.126133488 0.000000000
4:/ccr: 0.183702262 0.816297738 0.000000000
4:/ccrcrc: 0.000002442 0.332062263 0.667935294
4:/ccrcrf: 0.324145954 0.321615381 0.354238665
4:/ccrcrr: 0.000000000 0.569262983 0.430737017
4:/ccrrcr: 0.000000000 0.056526687 0.943473313
4:/ccrrfr: 0.000000000 0.226540275 0.773459725
4:/ccrrrc: 0.000000000 0.436809537 0.563190463
4:/ccrrrf: 0.000000000 0.611399702 0.388600298
4:/crc: 0.000280292 0.000049639 0.999670069
4:/crcrcr: 0.000000000 1.000000000 0.000000000
4:/crcrfr: 0.000000000 0.168374366 0.831625634
4:/crcrrc: 0.000000000 0.116923166 0.883076834
4:/crcrrf: 0.000000000 0.126808230 0.873191770
4:/crf: 0.000000000 0.000468934 0.999531066
4:/crfrr: 0.000000000 0.000562113 0.999437887
4:/crr: 0.318590705 0.681409295 0.000000000
4:/crrcrc: 0.000000000 0.363223354 0.636776646
4:/crrcrf: 0.000000000 0.536090429 0.463909571
4:/rcr: 0.493996635 0.506003365 0.000000000
4:/rcrcrc: 0.000000000 0.514580029 0.485419971
4:/rcrcrf: 0.000000000 0.572791287 0.427208713
4:/rfr: 0.287476139 0.424192203 0.288331658
4:/rrc: 0.000061313 0.218004599 0.781934089
4:/rrf: 0.005764254 0.000675781 0.993559966
4:/rrr: 0.000000000 0.716668760 0.283331240
5:/: 0.134484796 0.865515204 0.000000000
5:/ccr: 0.000185813 0.999814187 0.000000000
5:/ccrcrc: 0.000002442 0.584761001 0.415236557
5:/ccrcrf: 0.426117260 0.370064200 0.203818541
5:/ccrcrr: 0.000000000 0.404706840 0.595293160
5:/ccrrcr: 0.000000000 0.504418428 0.495581572
5:/ccrrfr: 0.000000000 0.300584434 0.699415566
5:/ccrrrc: 0.000000000 0.958387437 0.041612563
5:/ccrrrf: 0.000000000 0.347638714 0.652361286
5:/crc: 0.000009719 0.000235846 0.999754435
5:/crcrcr: 0.000000000 1.000000000 0.000000000
5:/crcrfr: 0.000000000 0.801793766 0.198206234
5:/crcrrc: 0.000000000 0.287756969 0.712243031
5:/crcrrf: 0.000000000 0.216769831 0.783230169
5:/crf: 0.046839820 0.001296050 0.951864130
5:/crfrr: 0.000000000 0.019814481 0.980185519
5:/crr: 0.364219695 0.635780305 0.000000000
5:/crrcrc: 0.000000000 0.425890291 0.574109709
5:/crrcrf: 0.000000000 0.908272410 0.091727590
5:/rcr: 0.346121006 0.409544676 0.244334317
5:/rcrcrc: 0.000000000 0.444742873 0.555257127
5:/rcrcrf: 0.000000000 0.814758475 0.185241525
5:/rfr: 0.222047232 0.721948993 0.056003775
5:/rrc: 0.000056957 0.402189471 0.597753571
5:/rrf: 0.006232309 0.000674337 0.993093354
5:/rrr: 0.000000000 0.452007610 0.547992390
6:/: 0.003275994 0.996724006 0.000000000
6:/ccr: 0.000246727 0.999753273 0.000000000
6:/ccrcrc: 0.000002442 0.631203825 0.368793732
6:/ccrcrf: 0.329431744 0.102548064 0.568020192
6:/ccrcrr: 0.000000000 0.373520039 0.626479961
6:/ccrrcr: 0.000000000 0.478110382 0.521889618
6:/ccrrfr: 0.000000000 0.660696078 0.339303922
6:/ccrrrc: 0.000000000 0.234298349 0.765701651
6:/ccrrrf: 0.000000000 0.200353138 0.799646862
6:/crc: 0.000124389 0.000082141 0.999793470
6:/crcrcr: 0.000000000 0.869898536 0.130101464
6:/crcrfr: 0.000000000 0.713188662 0.286811338
6:/crcrrc: 0.000000000 0.000000000 1.000000000
6:/crcrrf: 0.000000000 0.407950917 0.592049083
6:/crf: 0.000000000 0.106861607 0.893138393
6:/crfrr: 0.000000000 0.000367680 0.999632320
6:/crr: 0.092627074 0.666467741 0.240905184
6:/crrcrc: 0.000000000 0.589071347 0.410928653
6:/crrcrf: 0.000000000 0.305323166 0.694676834
6:/rcr: 0.339502307 0.660497693 0.000000000
6:/rcrcrc: 0.000000000 0.462708672 0.537291328
6:/rcrcrf: 0.000000000 0.454780283 0.545219717
6:/rfr: 0.095277765 0.525315854 0.379406381
6:/rrc: 0.000054966 0.561028750 0.438916284
6:/rrf: 0.002687175 0.000672291 0.996640534
6:/rrr: 0.000000000 0.002872665 0.997127335
7:/: 0.000252190 0.999747810 0.000000000
7:/ccr: 0.256160822 0.743839178 0.000000000
7:/ccrcrc: 0.041087979 0.460388639 0.498523382
7:/ccrcrf: 0.230445964 0.709826550 0.059727486
7:/ccrcrr: 0.000000000 0.536056762 0.463943238
7:/ccrrcr: 0.000000000 0.416390354 0.583609646
7:/ccrrfr: 0.000000000 0.678219991 0.321780009
7:/ccrrrc: 0.000000000 0.443064919 0.556935081
7:/ccrrrf: 0.000000000 0.521888774 0.478111226
7:/crc: 0.011452942 0.000000000 0.988547058
7:/crcrcr: 0.000000000 1.000000000 0.000000000
7:/crcrfr: 0.000000000 0.588641589 0.411358411
7:/crcrrc: 0.000000000 0.000000000 1.000000000
7:/crcrrf: 0.000000000 0.088400601 0.911599399
7:/crf: 0.000000000 0.391241733 0.608758267
7:/crfrr: 0.000000000 0.031161773 0.968838227
7:/crr: 0.530469863 0.469530137 0.000000000
7:/crrcrc: 0.000000000 0.468213668 0.531786332
7:/crrcrf: 0.000000000 0.443804773 0.556195227
7:/rcr: 0.263313172 0.565483262 0.171203567
7:/rcrcrc: 0.000000000 0.513205532 0.486794468
7:/rcrcrf: 0.000000000 0.563038269 0.436961731
7:/rfr: 0.216755363 0.286987035 0.496257602
7:/rrc: 0.000000000 0.138582216 0.861417784
7:/rrf: 0.045450625 0.000418479 0.954130896
7:/rrr: 0.000000000 0.554808239 0.445191761
8:/: 0.000383749 0.999616251 0.000000000
8:/ccr: 0.363122018 0.636877982 0.000000000
8:/ccrcrc: 0.067271060 0.212930459 0.719798481
8:/ccrcrf: 0.176662195 0.523833938 0.299503866
8:/ccrcrr: 0.000000000 0.866030638 0.133969362
8:/ccrrcr: 0.000000000 0.692832533 0.307167467
8:/ccrrfr: 0.000000000 0.125279906 0.874720094
8:/ccrrrc: 0.000000000 0.070462720 0.929537280
8:/ccrrrf: 0.000000000 0.650166384 0.349833616
8:/crc: 0.001443433 0.000000000 0.998556567
8:/crcrcr: 0.000000000 1.000000000 0.000000000
8:/crcrfr: 0.000000000 0.458069453 0.541930547
8:/crcrrc: 0.000000000 0.000000000 1.000000000
8:/crcrrf: 0.000000000 0.367359224 0.632640776
8:/crf: 0.000000000 0.690772237 0.309227763
8:/crfrr: 0.000000000 0.336461823 0.663538177
8:/crr: 0.324471923 0.675528077 0.000000000
8:/crrcrc: 0.000000000 0.377837700 0.622162300
8:/crrcrf: 0.000000000 0.693437559 0.306562441
8:/rcr: 0.193089690 0.806904622 0.000005688
8:/rcrcrc: 0.000000000 0.926552555 0.073447445
8:/rcrcrf: 0.000000000 0.645535542 0.354464458
8:/rfr: 0.392854367 0.343833603 0.263312030
8:/rrc: 0.000000000 0.438465434 0.561534566
8:/rrf: 0.001434572 0.151494273 0.847071155
8:/rrr: 0.000000000 0.043815591 0.956184409
9:/: 0.000678599 0.999321401 0.000000000
9:/ccr: 0.212438039 0.787561961 0.000000000
9:/ccrcrc: 0.000000344 0.634892200 0.365107455
9:/ccrcrf: 0.057559179 0.536402136 0.406038685
9:/ccrcrr: 0.000000000 0.911058348 0.088941652
9:/ccrrcr: 0.000000000 0.878407452 0.121592548
9:/ccrrfr: 0.000000000 0.472701644 0.527298356
9:/ccrrrc: 0.000000000 0.484963050 0.515036950
9:/ccrrrf: 0.000000000 0.346936661 0.653063339
9:/crc: 0.000165893 0.000036957 0.999797150
9:/crcrcr: 0.000000000 0.739156808 0.260843192
9:/crcrfr: 0.000000000 0.592966881 0.407033119
9:/crcrrc: 0.000000000 0.262604436 0.737395564
9:/crcrrf: 0.000000000 0.372292555 0.627707445
9:/crf: 0.000000000 0.917269926 0.082730074
9:/crfrr: 0.000000000 0.223209516 0.776790484
9:/crr: 0.086160223 0.913839777 0.000000000
9:/crrcrc: 0.000000000 0.501049212 0.498950788
9:/crrcrf: 0.000000000 0.512869974 0.487130026
9:/rcr: 0.362246935 0.580642481 0.057110585
9:/rcrcrc: 0.000000000 0.741297197 0.258702803
9:/rcrcrf: 0.000000000 0.490152792 0.509847208
9:/rfr: 0.489099292 0.465845131 0.045055577
9:/rrc: 0.000000000 0.322607209 0.677392791
9:/rrf: 0.009253048 0.751435671 0.239311281
9:/rrr: 0.000000000 0.342469273 0.657530727
A:/: 0.753815430 0.246184570 0.000000000
A:/ccr: 0.512943503 0.487056497 0.000000000
A:/ccrcrc: 0.655187223 0.344784521 0.000028256
A:/ccrcrf: 0.149408754 0.238534982 0.612056264
A:/ccrcrr: 0.000000000 1.000000000 0.000000000
A:/ccrrcr: 0.000000000 0.475865845 0.524134155
A:/ccrrfr: 0.000000000 0.640021839 0.359978161
A:/ccrrrc: 0.000000000 0.162229719 0.837770281
A:/ccrrrf: 0.000000000 0.905931042 0.094068958
A:/crc: 0.396996137 0.603003863 0.000000000
A:/crcrcr: 0.000000000 0.889777414 0.110222586
A:/crcrfr: 0.000000000 0.697895652 0.302104348
A:/crcrrc: 0.000000000 0.928825970 0.071174030
A:/crcrrf: 0.000000000 0.848362892 0.151637108
A:/crf: 1.000000000 0.000000000 0.000000000
A:/crfrr: 0.000000000 0.892015593 0.107984407
A:/crr: 0.537867725 0.462132275 0.000000000
A:/crrcrc: 0.000000000 1.000000000 0.000000000
A:/crrcrf: 0.000000000 1.000000000 0.000000000
A:/rcr: 0.353146588 0.646853412 0.000000000
A:/rcrcrc: 0.000000000 0.772520831 0.227479169
A:/rcrcrf: 0.000000000 0.342427328 0.657572672
A:/rfr: 0.293146021 0.432965921 0.273888058
A:/rrc: 0.615405221 0.384201004 0.000393775
A:/rrf: 0.668764485 0.329601430 0.001634086
A:/rrr: 0.000000000 0.671895373 0.328104627
J:/: 1.000000000 0.000000000 0.000000000
J:/ccr: 0.375788943 0.624211057 0.000000000
J:/ccrcrc: 0.370231058 0.493427978 0.136340964
J:/ccrcrf: 0.400328710 0.423167441 0.176503850
J:/ccrcrr: 0.000000000 0.048547693 0.951452307
J:/ccrrcr: 0.000000000 0.274918070 0.725081930
J:/ccrrfr: 0.000000000 0.532588968 0.467411032
J:/ccrrrc: 0.000000000 0.690042538 0.309957462
J:/ccrrrf: 0.000000000 0.795525678 0.204474322
J:/crc: 0.000000000 0.566877858 0.433122142
J:/crcrcr: 0.000000000 0.647147733 0.352852267
J:/crcrfr: 0.000000000 0.333682816 0.666317184
J:/crcrrc: 0.000000000 0.141891202 0.858108798
J:/crcrrf: 0.000000000 0.000000000 1.000000000
J:/crf: 0.245033317 0.753158180 0.001808503
J:/crfrr: 0.000000000 0.808333515 0.191666485
J:/crr: 0.292416585 0.707583415 0.000000000
J:/crrcrc: 0.000000000 0.795434946 0.204565054
J:/crrcrf: 0.000000000 0.601604632 0.398395368
J:/rcr: 0.487966707 0.466563109 0.045470184
J:/rcrcrc: 0.000000000 0.748301553 0.251698447
J:/rcrcrf: 0.000000000 0.476558807 0.523441193
J:/rfr: 0.224149631 0.380796367 0.395054003
J:/rrc: 0.000000000 0.458681904 0.541318096
J:/rrf: 0.000507401 0.995255550 0.004237049
J:/rrr: 0.000000000 0.600073547 0.399926453
K:/: 0.999891587 0.000108413 0.000000000
K:/ccr: 0.184740962 0.815259038 0.000000000
K:/ccrcrc: 0.498976679 0.483351934 0.017671387
K:/ccrcrf: 0.549103792 0.313501310 0.137394898
K:/ccrcrr: 0.000000000 0.731838024 0.268161976
K:/ccrrcr: 0.000000000 0.198106005 0.801893995
K:/ccrrfr: 0.000000000 0.797116197 0.202883803
K:/ccrrrc: 0.000000000 0.612867674 0.387132326
K:/ccrrrf: 0.000000000 0.934202427 0.065797573
K:/crc: 0.000275233 0.999720235 0.000004532
K:/crcrcr: 0.000000000 0.311578784 0.688421216
K:/crcrfr: 0.000000000 0.683863953 0.316136047
K:/crcrrc: 0.000000000 0.000000000 1.000000000
K:/crcrrf: 0.000000000 0.780559235 0.219440765
K:/crf: 0.717467582 0.282532418 0.000000000
K:/crfrr: 0.000000000 0.000000000 1.000000000
K:/crr: 0.561345007 0.438654993 0.000000000
K:/crrcrc: 0.000000000 0.998806557 0.001193443
K:/crrcrf: 0.000000000 0.700627341 0.299372659
K:/rcr: 0.591498200 0.408501800 0.000000000
K:/rcrcrc: 0.000000000 0.557626599 0.442373401
K:/rcrcrf: 0.000000000 0.774407786 0.225592214
K:/rfr: 0.280826040 0.321668430 0.397505529
K:/rrc: 0.242630825 0.397660532 0.359708644
K:/rrf: 0.000143491 0.997041261 0.002815248
K:/rrr: 0.000000000 0.991072289 0.008927711
Q:/: 1.000000000 0.000000000 0.000000000
Q:/ccr: 0.441490613 0.558509387 0.000000000
Q:/ccrcrc: 0.286003978 0.465115023 0.248880999
Q:/ccrcrf: 0.604269651 0.308383838 0.087346511
Q:/ccrcrr: 0.000000000 0.786328568 0.213671432
Q:/ccrrcr: 0.000000000 0.412280352 0.587719648
Q:/ccrrfr: 0.000000000 0.718682532 0.281317468
Q:/ccrrrc: 0.000000000 0.641262480 0.358737520
Q:/ccrrrf: 0.000000000 0.514167600 0.485832400
Q:/crc: 0.000000000 0.998688050 0.001311950
Q:/crcrcr: 0.000000000 0.432563938 0.567436062
Q:/crcrfr: 0.000000000 0.279221590 0.720778410
Q:/crcrrc: 0.000000000 0.260811536 0.739188464
Q:/crcrrf: 0.000000000 0.682058925 0.317941075
Q:/crf: 0.318908801 0.680969321 0.000121878
Q:/crfrr: 0.000000000 0.827366538 0.172633462
Q:/crr: 0.577799389 0.422200611 0.000000000
Q:/crrcrc: 0.000000000 0.651254917 0.348745083
Q:/crrcrf: 0.000000000 0.658781737 0.341218263
Q:/rcr: 0.426374880 0.536137730 0.037487389
Q:/rcrcrc: 0.000000000 0.832940218 0.167059782
Q:/rcrcrf: 0.000000000 0.356371231 0.643628769
Q:/rfr: 0.328514647 0.599804189 0.071681164
Q:/rrc: 0.000000000 0.636625888 0.363374112
Q:/rrf: 0.000145890 0.997151144 0.002702966
Q:/rrr: 0.000000000 0.547686875 0.452313125
T:/: 0.792658128 0.207341872 0.000000000
T:/ccr: 0.351182358 0.648817642 0.000000000
T:/ccrcrc: 0.038240301 0.450372605 0.511387094
T:/ccrcrf: 0.277077123 0.722906165 0.000016713
T:/ccrcrr: 0.000000000 0.664377580 0.335622420
T:/ccrrcr: 0.000000000 0.734569822 0.265430178
T:/ccrrfr: 0.000000000 0.390989003 0.609010997
T:/ccrrrc: 0.000000000 0.652733583 0.347266417
T:/ccrrrf: 0.000000000 0.810987003 0.189012997
T:/crc: 0.000169166 0.000026658 0.999804176
T:/crcrcr: 0.000000000 1.000000000 0.000000000
T:/crcrfr: 0.000000000 0.740607582 0.259392418
T:/crcrrc: 0.000000000 0.007916996 0.992083004
T:/crcrrf: 0.000000000 0.039992765 0.960007235
T:/crf: 0.000000000 0.995650404 0.004349596
T:/crfrr: 0.000000000 0.708426799 0.291573201
T:/crr: 0.335367417 0.664632583 0.000000000
T:/crrcrc: 0.000000000 0.623143611 0.376856389
T:/crrcrf: 0.000000000 0.509474789 0.490525211
T:/rcr: 0.813056255 0.131474568 0.055469177
T:/rcrcrc: 0.000000000 0.430573936 0.569426064
T:/rcrcrf: 0.000000000 0.740576936 0.259423064
T:/rfr: 0.268358842 0.253293031 0.478348127
T:/rrc: 0.209530153 0.236314487 0.554155360
T:/rrf: 0.002070088 0.975893528 0.022036384
T:/rrr: 0.000000000 0.611834924 0.388165076
