2:/c: 0.524675626 0.475324374 0.000000000
2:/ccrc: 0.000000000 0.000000000 1.000000000
2:/ccrcrcr: 0.000000000 0.188452164 0.811547836
2:/ccrcrfr: 0.000000000 0.657931117 0.342068883
2:/ccrcrrc: 0.000000000 0.150136524 0.849863476
2:/ccrcrrf: 0.000000000 0.000000000 1.000000000
2:/ccrf: 0.224460304 0.000000000 0.775539696
2:/ccrfrr: 0.000000000 0.148923809 0.851076191
2:/ccrr: 0.000000000 0.000000000 1.000000000
2:/ccrrcrc: 0.000000000 0.000000000 1.000000000
2:/ccrrcrf: 0.000000000 0.691849135 0.308150865
2:/crcr: 0.000000000 0.000000000 1.000000000
2:/crcrcrc: 0.000000000 0.734369318 0.265630682
2:/crcrcrf: 0.000000000 0.040917105 0.959082895
2:/crfr: 0.000298233 0.000000000 0.999701767
2:/crrc: 0.000000000 0.000000000 1.000000000
2:/crrf: 0.456189716 0.000000000 0.543810284
2:/crrr: 0.000000000 0.000000000 1.000000000
2:/r: 0.000000000 0.000000000 1.000000000
2:/rcrc: 0.000000000 0.000000000 1.000000000
2:/rcrf: 0.280835533 0.000000000 0.719164467
2:/rcrr: 0.000000000 0.000000000 1.000000000
2:/rrcr: 0.000000000 0.225474138 0.774525862
2:/rrfr: 0.000000000 0.000000000 1.000000000
2:/rrrc: 0.000000000 0.073397903 0.926602097
2:/rrrf: 0.000000000 0.077218696 0.922781304
3:/c: 0.185818422 0.814181578 0.000000000
3:/ccrc: 0.000000000 0.000000000 1.000000000
3:/ccrcrcr: 0.000000000 0.000000000 1.000000000
3:/ccrcrfr: 0.000000000 0.605248849 0.394751151
3:/ccrcrrc: 0.000000000 0.626414416 0.373585584
3:/ccrcrrf: 0.000000000 0.000000000 1.000000000
3:/ccrf: 0.245799952 0.248402206 0.505797842
3:/ccrfrr: 0.000000000 0.260068581 0.739931419
3:/ccrr: 0.000000000 0.000000000 1.000000000
3:/ccrrcrc: 0.000000000 0.483336109 0.516663891
3:/ccrrcrf: 0.000000000 0.814293551 0.185706449
3:/crcr: 0.000000000 0.082793454 0.917206546
3:/crcrcrc: 0.000000000 0.309205903 0.690794097
3:/crcrcrf: 0.000000000 0.491401573 0.508598427
3:/crfr: 0.132124311 0.000000000 0.867875689
3:/crrc: 0.000000000 0.000000000 1.000000000
3:/crrf: 0.449525049 0.001931695 0.548543255
3:/crrr: 0.000000000 0.000000000 1.000000000
3:/r: 0.000000000 0.000000000 1.000000000
3:/rcrc: 0.000000000 0.000000000 1.000000000
3:/rcrf: 0.416473935 0.000000000 0.583526065
3:/rcrr: 0.000000000 0.000000000 1.000000000
3:/rrcr: 0.000000000 0.529363148 0.470636852
3:/rrfr: 0.000000000 0.170052280 0.829947720
3:/rrrc: 0.000000000 0.365397437 0.634602563
3:/rrrf: 0.000000000 0.000000000 1.000000000
4:/c: 0.128147962 0.871852038 0.000000000
4:/ccrc: 0.000000000 0.000000000 1.000000000
4:/ccrcrcr: 0.000000000 0.212680780 0.787319220
4:/ccrcrfr: 0.000000000 0.502440178 0.497559822
4:/ccrcrrc: 0.000000000 0.000000000 1.000000000
4:/ccrcrrf: 0.000000000 0.000000000 1.000000000
4:/ccrf: 0.252772345 0.192243603 0.554984052
4:/ccrfrr: 0.000000000 0.344307243 0.655692757
4:/ccrr: 0.000000000 0.000000000 1.000000000
4:/ccrrcrc: 0.000000000 0.149499690 0.850500310
4:/ccrrcrf: 0.000000000 0.843586791 0.156413209
4:/crcr: 0.000000000 0.000000000 1.000000000
4:/crcrcrc: 0.000000000 0.338225952 0.661774048
4:/crcrcrf: 0.000000000 0.533196030 0.466803970
4:/crfr: 0.239552045 0.000000000 0.760447955
4:/crrc: 0.000000000 0.000000000 1.000000000
4:/crrf: 0.349820555 0.071116238 0.579063207
4:/crrr: 0.000000000 0.000000000 1.000000000
4:/r: 0.000000000 0.000000000 1.000000000
4:/rcrc: 0.000000000 0.000000000 1.000000000
4:/rcrf: 0.389433280 0.000000000 0.610566720
4:/rcrr: 0.000000000 0.000000000 1.000000000
4:/rrcr: 0.000000000 0.560427451 0.439572549
4:/rrfr: 0.000000000 0.274231047 0.725768953
4:/rrrc: 0.000000000 0.139512260 0.860487740
4:/rrrf: 0.000000000 0.000000000 1.000000000
5:/c: 0.010105595 0.989894405 0.000000000
5:/ccrc: 0.000000000 0.000000000 1.000000000
5:/ccrcrcr: 0.000000000 0.506767632 0.493232368
5:/ccrcrfr: 0.000000000 0.286983294 0.713016706
5:/ccrcrrc: 0.000000000 0.635161938 0.364838062
5:/ccrcrrf: 0.000000000 0.000000000 1.000000000
5:/ccrf: 0.043322768 0.473458032 0.483219199
5:/ccrfrr: 0.000000000 0.108381242 0.891618758
5:/ccrr: 0.000000000 0.000000000 1.000000000
5:/ccrrcrc: 0.000000000 0.276002420 0.723997580
5:/ccrrcrf: 0.000000000 0.751514294 0.248485706
5:/crcr: 0.086581169 0.035421690 0.877997140
5:/crcrcrc: 0.000000000 0.551450360 0.448549640
5:/crcrcrf: 0.000000000 0.197843901 0.802156099
5:/crfr: 0.000302167 0.000000000 0.999697833
5:/crrc: 0.000000000 0.000000000 1.000000000
5:/crrf: 0.640825911 0.000000000 0.359174089
5:/crrr: 0.000000000 0.000000000 1.000000000
5:/r: 0.000624309 0.012102658 0.987273033
5:/rcrc: 0.000000000 0.000000000 1.000000000
5:/rcrf: 0.367841278 0.000000000 0.632158722
5:/rcrr: 0.000000000 0.000000000 1.000000000
5:/rrcr: 0.000000000 0.555854562 0.444145438
5:/rrfr: 0.000000000 0.000143072 0.999856928
5:/rrrc: 0.000000000 0.000000000 1.000000000
5:/rrrf: 0.000000000 0.000000000 1.000000000
6:/c: 0.150499192 0.849500808 0.000000000
6:/ccrc: 0.000000000 0.000000000 1.000000000
6:/ccrcrcr: 0.000000000 0.680559801 0.319440199
6:/ccrcrfr: 0.000000000 0.385033521 0.614966479
6:/ccrcrrc: 0.000000000 0.079591155 0.920408845
6:/ccrcrrf: 0.000000000 0.544468129 0.455531871
6:/ccrf: 0.501356858 0.410836335 0.087806807
6:/ccrfrr: 0.000000000 0.624783115 0.375216885
6:/ccrr: 0.000000000 0.000000000 1.000000000
6:/ccrrcrc: 0.000000000 0.000000000 1.000000000
6:/ccrrcrf: 0.000000000 0.488943317 0.511056683
6:/crcr: 0.000000000 0.078905247 0.921094753
6:/crcrcrc: 0.000000000 0.306439599 0.693560401
6:/crcrcrf: 0.000000000 0.585750961 0.414249039
6:/crfr: 0.109371727 0.000000000 0.890628273
6:/crrc: 0.000000000 0.000000000 1.000000000
6:/crrf: 0.500348226 0.000000000 0.499651774
6:/crrr: 0.000000000 0.000000000 1.000000000
6:/r: 0.000753267 0.051863264 0.947383469
6:/rcrc: 0.000000000 0.000000000 1.000000000
6:/rcrf: 0.174568418 0.038274815 0.787156767
6:/rcrr: 0.000000000 0.000000000 1.000000000
6:/rrcr: 0.000000000 0.000000000 1.000000000
6:/rrfr: 0.000000000 0.467453251 0.532546749
6:/rrrc: 0.000000000 0.181753684 0.818246316
6:/rrrf: 0.000000000 0.199493324 0.800506676
7:/c: 0.000000000 1.000000000 0.000000000
7:/ccrc: 0.000000000 0.000000000 1.000000000
7:/ccrcrcr: 0.000000000 0.531820085 0.468179915
7:/ccrcrfr: 0.000000000 0.999996272 0.000003728
7:/ccrcrrc: 0.000000000 0.479162719 0.520837281
7:/ccrcrrf: 0.000000000 0.232740179 0.767259821
7:/ccrf: 0.401661351 0.368629819 0.229708831
7:/ccrfrr: 0.000000000 0.447957898 0.552042102
7:/ccrr: 0.000000000 0.000000000 1.000000000
7:/ccrrcrc: 0.000000000 0.533312504 0.466687496
7:/ccrrcrf: 0.000000000 0.297845450 0.702154550
7:/crcr: 0.000000000 0.102545510 0.897454490
7:/crcrcrc: 0.000000000 0.517267746 0.482732254
7:/crcrcrf: 0.000000000 0.423027393 0.576972607
7:/crfr: 0.000305236 0.000000000 0.999694764
7:/crrc: 0.000000000 0.000000000 1.000000000
7:/crrf: 0.905252242 0.000000000 0.094747758
7:/crrr: 0.000000000 0.202018905 0.797981095
7:/r: 0.116413530 0.054420829 0.829165640
7:/rcrc: 0.000020763 0.000000000 0.999979237
7:/rcrf: 0.000000000 0.238251435 0.761748565
7:/rcrr: 0.000000000 0.000000000 1.000000000
7:/rrcr: 0.000000000 0.869962208 0.130037792
7:/rrfr: 0.000000000 0.241785415 0.758214585
7:/rrrc: 0.000000000 0.000000000 1.000000000
7:/rrrf: 0.000000000 0.000000000 1.000000000
8:/c: 0.000000000 1.000000000 0.000000000
8:/ccrc: 0.000000000 0.000000000 1.000000000
8:/ccrcrcr: 0.000000000 0.310493161 0.689506839
8:/ccrcrfr: 0.000000000 0.999996270 0.000003730
8:/ccrcrrc: 0.000000000 0.416213359 0.583786641
8:/ccrcrrf: 0.000000000 0.354069227 0.645930773
8:/ccrf: 0.272882527 0.365822034 0.361295439
8:/ccrfrr: 0.000000000 0.831524535 0.168475465
8:/ccrr: 0.000000000 0.000000000 1.000000000
8:/ccrrcrc: 0.000000000 0.335693415 0.664306585
8:/ccrrcrf: 0.000000000 0.772623191 0.227376809
8:/crcr: 0.000000000 0.131171935 0.868828065
8:/crcrcrc: 0.000000000 0.438938675 0.561061325
8:/crcrcrf: 0.000000000 0.148692419 0.851307581
8:/crfr: 0.003204718 0.288692606 0.708102677
8:/crrc: 0.000000000 0.000000000 1.000000000
8:/crrf: 0.737391545 0.000000000 0.262608455
8:/crrr: 0.000000000 0.166907893 0.833092107
8:/r: 0.100286032 0.102224467 0.797489501
8:/rcrc: 0.011375065 0.054736141 0.933888794
8:/rcrf: 0.000000000 0.813528119 0.186471881
8:/rcrr: 0.000000000 0.000000000 1.000000000
8:/rrcr: 0.000000000 0.589370181 0.410629819
8:/rrfr: 0.000000000 0.627782371 0.372217629
8:/rrrc: 0.000000000 0.000000000 1.000000000
8:/rrrf: 0.000000000 0.000000000 1.000000000
9:/c: 0.000000000 1.000000000 0.000000000
9:/ccrc: 0.033996641 0.862528201 0.103475158
9:/ccrcrcr: 0.000000000 0.451741715 0.548258285
9:/ccrcrfr: 0.000000000 0.999996270 0.000003730
9:/ccrcrrc: 0.000000000 0.115593254 0.884406746
9:/ccrcrrf: 0.000000000 0.043043415 0.956956585
9:/ccrf: 0.359406626 0.455090761 0.185502613
9:/ccrfrr: 0.000000000 0.457009968 0.542990032
9:/ccrr: 0.000040111 0.041162531 0.958797358
9:/ccrrcrc: 0.000000000 0.924864873 0.075135127
9:/ccrrcrf: 0.000000000 0.638330839 0.361669161
9:/crcr: 0.000000000 0.150131454 0.849868546
9:/crcrcrc: 0.000000000 0.047779263 0.952220737
9:/crcrcrf: 0.000000000 0.808211282 0.191788718
9:/crfr: 0.000114935 0.485584905 0.514300160
9:/crrc: 0.000000000 0.239126716 0.760873284
9:/crrf: 0.569442231 0.143171331 0.287386438
9:/crrr: 0.000000000 0.240482126 0.759517874
9:/r: 0.117976318 0.794801182 0.087222499
9:/rcrc: 0.000021471 0.000000000 0.999978529
9:/rcrf: 0.000000000 0.349111117 0.650888883
9:/rcrr: 0.000000000 0.000000000 1.000000000
9:/rrcr: 0.000000000 0.475630883 0.524369117
9:/rrfr: 0.000000000 0.072531677 0.927468323
9:/rrrc: 0.000000000 0.172112123 0.827887877
9:/rrrf: 0.000000000 0.301791070 0.698208930
A:/c: 0.803541122 0.196458878 0.000000000
A:/ccrc: 1.000000000 0.000000000 0.000000000
A:/ccrcrcr: 0.000000000 0.785468906 0.214531094
A:/ccrcrfr: 0.000000000 1.000000000 0.000000000
A:/ccrcrrc: 0.000000000 1.000000000 0.000000000
A:/ccrcrrf: 0.000000000 1.000000000 0.000000000
A:/ccrf: 0.510799304 0.489200696 0.000000000
A:/ccrfrr: 0.000000000 1.000000000 0.000000000
A:/ccrr: 0.735140941 0.264859059 0.000000000
A:/ccrrcrc: 0.000000000 1.000000000 0.000000000
A:/ccrrcrf: 0.000000000 1.000000000 0.000000000
A:/crcr: 0.748412419 0.251587581 0.000000000
A:/crcrcrc: 0.000000000 0.956067277 0.043932723
A:/crcrcrf: 0.000000000 0.671713028 0.328286972
A:/crfr: 0.534220028 0.465779972 0.000000000
A:/crrc: 0.685886313 0.314113687 0.000000000
A:/crrf: 0.825004257 0.174995743 0.000000000
A:/crrr: 0.000000000 1.000000000 0.000000000
A:/r: 0.555687113 0.444312887 0.000000000
A:/rcrc: 1.000000000 0.000000000 0.000000000
A:/rcrf: 0.953529241 0.046470759 0.000000000
A:/rcrr: 0.000000000 1.000000000 0.000000000
A:/rrcr: 0.000000000 1.000000000 0.000000000
A:/rrfr: 0.000000000 1.000000000 0.000000000
A:/rrrc: 0.000000000 1.000000000 0.000000000
A:/rrrf: 0.000000000 1.000000000 0.000000000
J:/c: 0.884152336 0.115847664 0.000000000
J:/ccrc: 0.000000000 0.999858085 0.000141915
J:/ccrcrcr: 0.000000000 0.995364092 0.004635908
J:/ccrcrfr: 0.000000000 0.999996960 0.000003040
J:/ccrcrrc: 0.000000000 0.135381324 0.864618676
J:/ccrcrrf: 0.000000000 0.355371913 0.644628087
J:/ccrf: 0.639438691 0.360561309 0.000000000
J:/ccrfrr: 0.000000000 0.883785878 0.116214122
J:/ccrr: 0.277319388 0.677498187 0.045182425
J:/ccrrcrc: 0.000000000 0.742344739 0.257655261
J:/ccrrcrf: 0.000000000 0.999898709 0.000101291
J:/crcr: 0.000000000 0.325287496 0.674712504
J:/crcrcrc: 0.000000000 0.751489240 0.248510760
J:/crcrcrf: 0.000000000 0.637666323 0.362333677
J:/crfr: 0.000084397 0.488516367 0.511399236
J:/crrc: 0.000000000 0.498559570 0.501440430
J:/crrf: 0.603799482 0.321568192 0.074632325
J:/crrr: 0.000000000 0.621875882 0.378124118
J:/r: 0.000097909 0.999902091 0.000000000
J:/rcrc: 0.034222825 0.454630321 0.511146855
J:/rcrf: 0.000000000 0.672538977 0.327461023
J:/rcrr: 0.000000000 0.231283984 0.768716016
J:/rrcr: 0.000000000 0.345130564 0.654869436
J:/rrfr: 0.000000000 0.361508488 0.638491512
J:/rrrc: 0.000000000 0.215969009 0.784030991
J:/rrrf: 0.000000000 0.016234561 0.983765439
K:/c: 0.719463125 0.280536875 0.000000000
K:/ccrc: 0.790324430 0.209675570 0.000000000
K:/ccrcrcr: 0.000000000 0.904313372 0.095686628
K:/ccrcrfr: 0.000000000 0.999996434 0.000003566
K:/ccrcrrc: 0.000000000 0.695129929 0.304870071
K:/ccrcrrf: 0.000000000 1.000000000 0.000000000
K:/ccrf: 0.928533260 0.071466740 0.000000000
K:/ccrfrr: 0.000000000 1.000000000 0.000000000
K:/ccrr: 0.516733967 0.483266033 0.000000000
K:/ccrrcrc: 0.000000000 0.999937771 0.000062229
K:/ccrrcrf: 0.000000000 0.999996259 0.000003741
K:/crcr: 0.325553018 0.278620096 0.395826886
K:/crcrcrc: 0.000000000 0.316516156 0.683483844
K:/crcrcrf: 0.000000000 0.777030289 0.222969711
K:/crfr: 0.044025678 0.931369848 0.024604473
K:/crrc: 0.000000000 0.476534966 0.523465034
K:/crrf: 0.389665097 0.516034070 0.094300832
K:/crrr: 0.000000000 0.330117438 0.669882562
K:/r: 0.000051438 0.999948562 0.000000000
K:/rcrc: 0.214029617 0.785944459 0.000025925
K:/rcrf: 0.409607183 0.590355816 0.000037001
K:/rcrr: 0.000000000 1.000000000 0.000000000
K:/rrcr: 0.000000000 0.626571113 0.373428887
K:/rrfr: 0.000000000 0.950588893 0.049411107
K:/rrrc: 0.000000000 0.349935906 0.650064094
K:/rrrf: 0.000000000 0.272908778 0.727091222
Q:/c: 1.000000000 0.000000000 0.000000000
Q:/ccrc: 0.000000000 1.000000000 0.000000000
Q:/ccrcrcr: 0.000000000 0.671160336 0.328839664
Q:/ccrcrfr: 0.000000000 0.999996588 0.000003412
Q:/ccrcrrc: 0.000000000 0.305463775 0.694536225
Q:/ccrcrrf: 0.000000000 1.000000000 0.000000000
Q:/ccrf: 0.557425249 0.442574751 0.000000000
Q:/ccrfrr: 0.000000000 1.000000000 0.000000000
Q:/ccrr: 0.349058221 0.650851140 0.000090638
Q:/ccrrcrc: 0.000000000 0.971832074 0.028167926
Q:/ccrrcrf: 0.000000000 0.999991776 0.000008224
Q:/crcr: 0.211780437 0.146570290 0.641649273
Q:/crcrcrc: 0.000000000 0.726930415 0.273069585
Q:/crcrcrf: 0.000000000 0.145607206 0.854392794
Q:/crfr: 0.053497572 0.786530711 0.159971717
Q:/crrc: 0.000000000 0.612666976 0.387333024
Q:/crrf: 0.758420677 0.059159297 0.182420025
Q:/crrr: 0.000000000 0.264391091 0.735608909
Q:/r: 0.000198419 0.999801581 0.000000000
Q:/rcrc: 0.000811174 0.776612425 0.222576401
Q:/rcrf: 0.301127251 0.691237969 0.007634780
Q:/rcrr: 0.000000000 0.482132583 0.517867417
Q:/rrcr: 0.000000000 0.357043551 0.642956449
Q:/rrfr: 0.000000000 0.943523479 0.056476521
Q:/rrrc: 0.000000000 0.601394585 0.398605415
Q:/rrrf: 0.000000000 0.196098103 0.803901897
T:/c: 0.000000000 1.000000000 0.000000000
T:/ccrc: 0.000000000 0.999747028 0.000252972
T:/ccrcrcr: 0.000000000 0.873815591 0.126184409
T:/ccrcrfr: 0.000000000 0.999996994 0.000003006
T:/ccrcrrc: 0.000000000 0.219906159 0.780093841
T:/ccrcrrf: 0.000000000 0.173892981 0.826107019
T:/ccrf: 0.367471498 0.566219522 0.066308980
T:/ccrfrr: 0.000000000 0.999994185 0.000005815
T:/ccrr: 0.040748443 0.192762513 0.766489045
T:/ccrrcrc: 0.000000000 0.244019704 0.755980296
T:/ccrrcrf: 0.000000000 0.502242136 0.497757864
T:/crcr: 0.000000000 0.401475620 0.598524380
T:/crcrcrc: 0.000000000 0.007284552 0.992715448
T:/crcrcrf: 0.000000000 0.316355446 0.683644554
T:/crfr: 0.000000000 0.703776477 0.296223523
T:/crrc: 0.000000000 0.412057136 0.587942864
T:/crrf: 0.449763187 0.000000000 0.550236813
T:/crrr: 0.000000000 0.000000000 1.000000000
T:/r: 0.000104696 0.999895304 0.000000000
T:/rcrc: 0.025414619 0.068810819 0.905774562
T:/rcrf: 0.097262388 0.414917779 0.487819832
T:/rcrr: 0.000000000 0.000000000 1.000000000
T:/rrcr: 0.000000000 0.618067547 0.381932453
T:/rrfr: 0.000000000 0.126990888 0.873009112
T:/rrrc: 0.000000000 0.180673659 0.819326341
T:/rrrf: 0.000000000 0.000000000 1.000000000
