2:/cc: 0.144061423 0.855938577 0.000000000
2:/ccrcr: 0.071167954 0.460239147 0.468592898
2:/ccrcrcrc: 0.000000000 0.722351452 0.277648548
2:/ccrcrcrf: 0.000000000 0.504923222 0.495076778
2:/ccrfr: 0.379469584 0.356759245 0.263771171
2:/ccrrc: 0.526382316 0.130319668 0.343298016
2:/ccrrf: 0.211500462 0.722110402 0.066389136
2:/ccrrr: 0.000000000 0.161430900 0.838569100
2:/cr: 0.007474092 0.001145082 0.991380826
2:/crcrc: 0.003882138 0.378701236 0.617416626
2:/crcrf: 0.314182047 0.248286491 0.437531462
2:/crcrr: 0.000000000 0.120824624 0.879175376
2:/crrcr: 0.000000000 0.062737040 0.937262960
2:/crrfr: 0.000000000 0.470137867 0.529862133
2:/crrrc: 0.000000000 0.770156507 0.229843493
2:/crrrf: 0.000000000 0.476088765 0.523911235
2:/rc: 0.000290339 0.000000000 0.999709661
2:/rcrcr: 0.000000000 0.339762937 0.660237063
2:/rcrfr: 0.000000000 0.709455912 0.290544088
2:/rcrrc: 0.000000000 0.039879934 0.960120066
2:/rcrrf: 0.000000000 0.243297370 0.756702630
2:/rf: 0.383867676 0.248899417 0.367232907
2:/rfrr: 0.000000000 0.465787197 0.534212803
2:/rr: 0.000322539 0.000165824 0.999511637
2:/rrcrc: 0.000000000 0.687506170 0.312493830
2:/rrcrf: 0.000000000 0.202318211 0.797681789
3:/cc: 0.086061243 0.913938757 0.000000000
3:/ccrcr: 0.144979355 0.501939504 0.353081141
3:/ccrcrcrc: 0.000000000 0.638628106 0.361371894
3:/ccrcrcrf: 0.000000000 0.178449981 0.821550019
3:/ccrfr: 0.357371349 0.236989973 0.405638677
3:/ccrrc: 0.059867209 0.766834849 0.173297942
3:/ccrrf: 0.147477416 0.343158157 0.509364427
3:/ccrrr: 0.000000000 0.000011833 0.999988167
3:/cr: 0.000000000 0.000941236 0.999058764
3:/crcrc: 0.244333796 0.484779650 0.270886554
3:/crcrf: 0.390412480 0.223424375 0.386163146
3:/crcrr: 0.000000000 0.746365047 0.253634953
3:/crrcr: 0.000000000 0.028634755 0.971365245
3:/crrfr: 0.000000000 0.392286040 0.607713960
3:/crrrc: 0.000000000 0.538526042 0.461473958
3:/crrrf: 0.000000000 0.584090335 0.415909665
3:/rc: 0.302443825 0.000000000 0.697556175
3:/rcrcr: 0.000000000 0.000000000 1.000000000
3:/rcrfr: 0.000000000 0.552322677 0.447677323
3:/rcrrc: 0.000000000 0.000000000 1.000000000
3:/rcrrf: 0.000000000 0.153345777 0.846654223
3:/rf: 0.860249025 0.024084510 0.115666465
3:/rfrr: 0.000000000 0.530405283 0.469594717
3:/rr: 0.000325756 0.000165824 0.999508420
3:/rrcrc: 0.000000000 0.443136894 0.556863106
3:/rrcrf: 0.000000000 0.356725102 0.643274898
4:/cc: 0.006010986 0.993989014 0.000000000
4:/ccrcr: 0.072044549 0.241906503 0.686048949
4:/ccrcrcrc: 0.000000000 0.323482915 0.676517085
4:/ccrcrcrf: 0.000000000 0.374509594 0.625490406
4:/ccrfr: 0.054076553 0.509235563 0.436687884
4:/ccrrc: 0.242419222 0.090979153 0.666601625
4:/ccrrf: 0.648875157 0.333233227 0.017891616
4:/ccrrr: 0.000000000 0.125748438 0.874251562
4:/cr: 0.000000000 0.084839368 0.915160632
4:/crcrc: 0.344010702 0.488566132 0.167423166
4:/crcrf: 0.317915943 0.285068689 0.397015368
4:/crcrr: 0.000000000 0.658015896 0.341984104
4:/crrcr: 0.000000000 0.278157881 0.721842119
4:/crrfr: 0.000000000 0.138798348 0.861201652
4:/crrrc: 0.000000000 0.718874858 0.281125142
4:/crrrf: 0.000000000 0.328396544 0.671603456
4:/rc: 0.000533322 0.000000000 0.999466678
4:/rcrcr: 0.000000000 0.289935403 0.710064597
4:/rcrfr: 0.000000000 0.582356494 0.417643506
4:/rcrrc: 0.000000000 0.000000000 1.000000000
4:/rcrrf: 0.000000000 0.203144148 0.796855852
4:/rf: 0.259848006 0.466184802 0.273967192
4:/rfrr: 0.000000000 0.686592817 0.313407183
4:/rr: 0.000345867 0.000165824 0.999488309
4:/rrcrc: 0.000000000 0.000000000 1.000000000
4:/rrcrf: 0.000000000 0.378080550 0.621919450
5:/cc: 0.295027068 0.704972932 0.000000000
5:/ccrcr: 0.000033326 0.792806781 0.207159894
5:/ccrcrcrc: 0.000000000 0.044164234 0.955835766
5:/ccrcrcrf: 0.000000000 0.001801447 0.998198553
5:/ccrfr: 0.301880454 0.436979031 0.261140516
5:/ccrrc: 0.000013674 0.415376981 0.584609345
5:/ccrrf: 0.581620572 0.275948624 0.142430804
5:/ccrrr: 0.000000000 0.000011026 0.999988974
5:/cr: 0.000138222 0.674963120 0.324898658
5:/crcrc: 0.000000000 0.376995457 0.623004543
5:/crcrf: 0.380180452 0.252160855 0.367658694
5:/crcrr: 0.000000000 0.545631611 0.454368389
5:/crrcr: 0.000000000 0.029196767 0.970803233
5:/crrfr: 0.000000000 0.532632789 0.467367211
5:/crrrc: 0.000000000 0.769293490 0.230706510
5:/crrrf: 0.000000000 0.155491936 0.844508064
5:/rc: 0.177755313 0.000000000 0.822244687
5:/rcrcr: 0.000000000 0.200105949 0.799894051
5:/rcrfr: 0.000000000 0.414196668 0.585803332
5:/rcrrc: 0.000000000 0.203634204 0.796365796
5:/rcrrf: 0.000000000 0.305119323 0.694880677
5:/rf: 0.397191382 0.431135720 0.171672898
5:/rfrr: 0.000000000 0.553787810 0.446212190
5:/rr: 0.000382868 0.000192410 0.999424722
5:/rrcrc: 0.000000000 0.526738406 0.473261594
5:/rrcrf: 0.000000000 0.914817623 0.085182377
6:/cc: 0.000418626 0.999581374 0.000000000
6:/ccrcr: 0.000033326 0.630635190 0.369331484
6:/ccrcrcrc: 0.000000000 0.622456517 0.377543483
6:/ccrcrcrf: 0.000000000 0.844363744 0.155636256
6:/ccrfr: 0.355863657 0.348109477 0.296026866
6:/ccrrc: 0.126658965 0.126094266 0.747246769
6:/ccrrf: 0.075708225 0.528604372 0.395687403
6:/ccrrr: 0.000000000 0.612660802 0.387339198
6:/cr: 0.055932625 0.259075890 0.684991484
6:/crcrc: 0.244323876 0.335436523 0.420239601
6:/crcrf: 0.573157921 0.234090177 0.192751903
6:/crcrr: 0.000000000 0.423420737 0.576579263
6:/crrcr: 0.000000000 0.296872236 0.703127764
6:/crrfr: 0.000000000 0.516521005 0.483478995
6:/crrrc: 0.000000000 0.484612754 0.515387246
6:/crrrf: 0.000000000 0.150819359 0.849180641
6:/rc: 0.009567708 0.000000000 0.990432292
6:/rcrcr: 0.000000000 0.303197307 0.696802693
6:/rcrfr: 0.000000000 0.448084462 0.551915538
6:/rcrrc: 0.000000000 0.000000000 1.000000000
6:/rcrrf: 0.000000000 0.528243071 0.471756929
6:/rf: 0.431513903 0.180060248 0.388425849
6:/rfrr: 0.000000000 0.455225364 0.544774636
6:/rr: 0.000395965 0.000192256 0.999411779
6:/rrcrc: 0.000000000 0.003263779 0.996736221
6:/rrcrf: 0.000000000 0.355798118 0.644201882
7:/cc: 0.000348476 0.999651524 0.000000000
7:/ccrcr: 0.000033347 0.524212354 0.475754299
7:/ccrcrcrc: 0.000000000 0.845009270 0.154990730
7:/ccrcrcrf: 0.000000000 0.388955628 0.611044372
7:/ccrfr: 0.246173872 0.392754731 0.361071397
7:/ccrrc: 0.252116675 0.274884144 0.472999181
7:/ccrrf: 0.365892772 0.408153134 0.225954095
7:/ccrrr: 0.000000000 0.465605700 0.534394300
7:/cr: 0.032195444 0.094034823 0.873769733
7:/crcrc: 0.115069028 0.638529232 0.246401740
7:/crcrf: 0.364246832 0.360589975 0.275163193
7:/crcrr: 0.000000000 0.555130968 0.444869032
7:/crrcr: 0.000000000 0.174912305 0.825087695
7:/crrfr: 0.000000000 0.000000000 1.000000000
7:/crrrc: 0.000000000 0.624456462 0.375543538
7:/crrrf: 0.000000000 0.521773355 0.478226645
7:/rc: 0.004555675 0.000000000 0.995444325
7:/rcrcr: 0.000000000 0.751158385 0.248841615
7:/rcrfr: 0.000000000 0.087137544 0.912862456
7:/rcrrc: 0.000000000 0.072244445 0.927755555
7:/rcrrf: 0.000000000 0.997869340 0.002130660
7:/rf: 0.347537472 0.382838291 0.269624237
7:/rfrr: 0.000000000 0.544382316 0.455617684
7:/rr: 0.000290722 0.000124690 0.999584588
7:/rrcrc: 0.000000000 0.266796071 0.733203929
7:/rrcrf: 0.000000000 0.619983975 0.380016025
8:/cc: 0.000270457 0.999729543 0.000000000
8:/ccrcr: 0.000039205 0.755046389 0.244914405
8:/ccrcrcrc: 0.000000000 0.659385717 0.340614283
8:/ccrcrcrf: 0.000000000 0.301062552 0.698937448
8:/ccrfr: 0.352726323 0.336012701 0.311260976
8:/ccrrc: 0.000000000 0.713972367 0.286027633
8:/ccrrf: 0.255559048 0.398063039 0.346377913
8:/ccrrr: 0.000000000 0.419426726 0.580573274
8:/cr: 0.002881619 0.145460732 0.851657650
8:/crcrc: 0.228643820 0.516652104 0.254704077
8:/crcrf: 0.406555924 0.077754527 0.515689549
8:/crcrr: 0.000000000 0.752865572 0.247134428
8:/crrcr: 0.000000000 0.000000000 1.000000000
8:/crrfr: 0.000000000 0.509086731 0.490913269
8:/crrrc: 0.000000000 0.560014282 0.439985718
8:/crrrf: 0.000000000 0.263454397 0.736545603
8:/rc: 0.004256750 0.000367476 0.995375774
8:/rcrcr: 0.000000000 0.000000000 1.000000000
8:/rcrfr: 0.000000000 0.270639173 0.729360827
8:/rcrrc: 0.000000000 0.186182223 0.813817777
8:/rcrrf: 0.000000000 0.637592584 0.362407416
8:/rf: 0.366679652 0.466687521 0.166632827
8:/rfrr: 0.000000000 0.611001443 0.388998557
8:/rr: 0.000322860 0.000050977 0.999626163
8:/rrcrc: 0.000000000 0.440320959 0.559679041
8:/rrcrf: 0.000000000 0.913945900 0.086054100
9:/cc: 0.000042506 0.999957494 0.000000000
9:/ccrcr: 0.000047607 0.508817466 0.491134927
9:/ccrcrcrc: 0.000000000 0.618894687 0.381105313
9:/ccrcrcrf: 0.000000000 0.312799577 0.687200423
9:/ccrfr: 0.097108768 0.419526651 0.483364581
9:/ccrrc: 0.000000000 0.011354360 0.988645640
9:/ccrrf: 0.305747891 0.268330638 0.425921471
9:/ccrrr: 0.000000000 0.502139694 0.497860306
9:/cr: 0.031205768 0.328211209 0.640583022
9:/crcrc: 0.080706052 0.672638026 0.246655922
9:/crcrf: 0.376250105 0.431387595 0.192362300
9:/crcrr: 0.000000000 0.373026326 0.626973674
9:/crrcr: 0.000000000 0.000003003 0.999996997
9:/crrfr: 0.000000000 0.136511609 0.863488391
9:/crrrc: 0.000000000 0.228723056 0.771276944
9:/crrrf: 0.000000000 0.258623489 0.741376511
9:/rc: 0.008545617 0.000684295 0.990770088
9:/rcrcr: 0.000000000 0.493941268 0.506058732
9:/rcrfr: 0.000000000 0.805957966 0.194042034
9:/rcrrc: 0.000000000 0.184090413 0.815909587
9:/rcrrf: 0.000000000 0.407533287 0.592466713
9:/rf: 0.323175347 0.333778729 0.343045924
9:/rfrr: 0.000000000 0.771023495 0.228976505
9:/rr: 0.000316168 0.000000000 0.999683832
9:/rrcrc: 0.000000000 0.397260548 0.602739452
9:/rrcrf: 0.000000000 0.504832842 0.495167158
A:/cc: 0.558081735 0.441918265 0.000000000
A:/ccrcr: 0.630231484 0.289889259 0.079879257
A:/ccrcrcrc: 0.000000000 0.435565254 0.564434746
A:/ccrcrcrf: 0.000000000 0.553027110 0.446972890
A:/ccrfr: 0.007077929 0.674259481 0.318662590
A:/ccrrc: 0.432938171 0.238756446 0.328305382
A:/ccrrf: 0.108628886 0.436601797 0.454769317
A:/ccrrr: 0.000000000 0.795520592 0.204479408
A:/cr: 0.881494157 0.118505843 0.000000000
A:/crcrc: 0.576158000 0.217901718 0.205940282
A:/crcrf: 0.271505069 0.391768919 0.336726012
A:/crcrr: 0.000000000 0.791514815 0.208485185
A:/crrcr: 0.000000000 0.916714175 0.083285825
A:/crrfr: 0.000000000 0.812097394 0.187902606
A:/crrrc: 0.000000000 0.938259088 0.061740912
A:/crrrf: 0.000000000 0.750038249 0.249961751
A:/rc: 1.000000000 0.000000000 0.000000000
A:/rcrcr: 0.000000000 0.991637435 0.008362565
A:/rcrfr: 0.000000000 0.905827324 0.094172676
A:/rcrrc: 0.000000000 1.000000000 0.000000000
A:/rcrrf: 0.000000000 0.499570584 0.500429416
A:/rf: 0.217085315 0.496974052 0.285940634
A:/rfrr: 0.000000000 0.489812097 0.510187903
A:/rr: 0.782920677 0.216773028 0.000306295
A:/rrcrc: 0.000000000 0.939555099 0.060444901
A:/rrcrf: 0.000000000 0.701854875 0.298145125
J:/cc: 0.436555990 0.563444010 0.000000000
J:/ccrcr: 0.324715911 0.534241352 0.141042737
J:/ccrcrcrc: 0.000000000 0.746044275 0.253955725
J:/ccrcrcrf: 0.000000000 0.789042335 0.210957665
J:/ccrfr: 0.142755211 0.319108251 0.538136538
J:/ccrrc: 0.331280216 0.668719784 0.000000000
J:/ccrrf: 0.388420704 0.098861709 0.512717587
J:/ccrrr: 0.000000000 0.844582002 0.155417998
J:/cr: 0.000000000 0.960186797 0.039813203
J:/crcrc: 0.171611922 0.434727282 0.393660795
J:/crcrf: 0.479950386 0.210578839 0.309470776
J:/crcrr: 0.000000000 0.776253715 0.223746285
J:/crrcr: 0.000000000 0.423659475 0.576340525
J:/crrfr: 0.000000000 0.124051647 0.875948353
J:/crrrc: 0.000000000 0.571704482 0.428295518
J:/crrrf: 0.000000000 0.058335493 0.941664507
J:/rc: 0.000000000 1.000000000 0.000000000
J:/rcrcr: 0.000000000 0.513507681 0.486492319
J:/rcrfr: 0.000000000 0.744574341 0.255425659
J:/rcrrc: 0.000000000 0.000000000 1.000000000
J:/rcrrf: 0.000000000 0.630872913 0.369127087
J:/rf: 0.213410568 0.337094103 0.449495329
J:/rfrr: 0.000000000 0.745946058 0.254053942
J:/rr: 0.000383477 0.000000000 0.999616523
J:/rrcrc: 0.000000000 0.875507823 0.124492177
J:/rrcrf: 0.000000000 0.581588268 0.418411732
K:/cc: 0.665893994 0.334106006 0.000000000
K:/ccrcr: 0.317310922 0.660673961 0.022015117
K:/ccrcrcrc: 0.000000000 0.839965269 0.160034731
K:/ccrcrcrf: 0.000000000 0.849782106 0.150217894
K:/ccrfr: 0.485687112 0.003729811 0.510583077
K:/ccrrc: 0.541242752 0.458757248 0.000000000
K:/ccrrf: 0.025247004 0.180919128 0.793833869
K:/ccrrr: 0.000000000 0.977654786 0.022345214
K:/cr: 0.000000000 1.000000000 0.000000000
K:/crcrc: 0.359783466 0.471246346 0.168970188
K:/crcrf: 0.419177107 0.016878929 0.563943963
K:/crcrr: 0.000000000 0.529672444 0.470327556
K:/crrcr: 0.000000000 0.806270257 0.193729743
K:/crrfr: 0.000000000 0.268577489 0.731422511
K:/crrrc: 0.000000000 0.518758023 0.481241977
K:/crrrf: 0.000000000 0.346832745 0.653167255
K:/rc: 0.702461303 0.297538697 0.000000000
K:/rcrcr: 0.000000000 0.972203222 0.027796778
K:/rcrfr: 0.000000000 0.883276742 0.116723258
K:/rcrrc: 0.000000000 1.000000000 0.000000000
K:/rcrrf: 0.000000000 0.283625119 0.716374881
K:/rf: 0.503320979 0.276958472 0.219720549
K:/rfrr: 0.000000000 0.038478712 0.961521288
K:/rr: 0.000470053 0.484128541 0.515401406
K:/rrcrc: 0.000000000 0.668627825 0.331372175
K:/rrcrf: 0.000000000 0.758550986 0.241449014
Q:/cc: 0.184926349 0.815073651 0.000000000
Q:/ccrcr: 0.271654258 0.574574380 0.153771362
Q:/ccrcrcrc: 0.000000000 0.525784781 0.474215219
Q:/ccrcrcrf: 0.000000000 0.461763849 0.538236151
Q:/ccrfr: 0.758279089 0.205549007 0.036171904
Q:/ccrrc: 0.476244103 0.520197235 0.003558662
Q:/ccrrf: 0.532672401 0.299599826 0.167727773
Q:/ccrrr: 0.000000000 0.534454244 0.465545756
Q:/cr: 0.000000000 0.999688726 0.000311274
Q:/crcrc: 0.243440463 0.375409913 0.381149623
Q:/crcrf: 0.539936022 0.183819591 0.276244387
Q:/crcrr: 0.000000000 0.830680602 0.169319398
Q:/crrcr: 0.000000000 0.077693048 0.922306952
Q:/crrfr: 0.000000000 0.799061729 0.200938271
Q:/crrrc: 0.000000000 0.042861577 0.957138423
Q:/crrrf: 0.000000000 0.355481091 0.644518909
Q:/rc: 0.000000000 1.000000000 0.000000000
Q:/rcrcr: 0.000000000 0.823939736 0.176060264
Q:/rcrfr: 0.000000000 0.828170088 0.171829912
Q:/rcrrc: 0.000000000 0.000000000 1.000000000
Q:/rcrrf: 0.000000000 0.179439946 0.820560054
Q:/rf: 0.443705173 0.151322489 0.404972338
Q:/rfrr: 0.000000000 0.527796679 0.472203321
Q:/rr: 0.000460317 0.070940838 0.928598845
Q:/rrcrc: 0.000000000 0.238422654 0.761577346
Q:/rrcrf: 0.000000000 0.569104500 0.430895500
T:/cc: 0.254980923 0.745019077 0.000000000
T:/ccrcr: 0.238129698 0.508334883 0.253535419
T:/ccrcrcrc: 0.000000000 0.427728985 0.572271015
T:/ccrcrcrf: 0.000000000 0.406132144 0.593867856
T:/ccrfr: 0.712501513 0.264708404 0.022790083
T:/ccrrc: 0.000000000 0.437984811 0.562015189
T:/ccrrf: 0.491994219 0.192583738 0.315422044
T:/ccrrr: 0.000000000 0.390837617 0.609162383
T:/cr: 0.000000000 0.432479585 0.567520415
T:/crcrc: 0.448656305 0.449269618 0.102074076
T:/crcrf: 0.471093479 0.340374688 0.188531833
T:/crcrr: 0.000000000 0.344176364 0.655823636
T:/crrcr: 0.000000000 0.539355862 0.460644138
T:/crrfr: 0.000000000 0.308078340 0.691921660
T:/crrrc: 0.000000000 0.272061913 0.727938087
T:/crrrf: 0.000000000 0.225258248 0.774741752
T:/rc: 0.000543386 0.999456614 0.000000000
T:/rcrcr: 0.000000000 0.624993859 0.375006141
T:/rcrfr: 0.000000000 0.628225426 0.371774574
T:/rcrrc: 0.000000000 0.514141160 0.485858840
T:/rcrrf: 0.000000000 0.471432239 0.528567761
T:/rf: 0.322725141 0.362490467 0.314784393
T:/rfrr: 0.000000000 0.501072835 0.498927165
T:/rr: 0.000430963 0.000000000 0.999569037
T:/rrcrc: 0.000000000 0.393819182 0.606180818
T:/rrcrf: 0.000000000 0.449704935 0.550295065
