A:/: 1.000000000 0.000000000 0.000000000
A:/ccr: 0.000000000 1.000000000 0.000000000
A:/crc: 0.000000000 1.000000000 0.000000000
A:/crf: 0.000000000 0.985099557 0.014900443
AJ:/ccc/: 0.675383384 0.324616616 0.000000000
AJ:/ccc/ccr: 0.000000000 1.000000000 0.000000000
AJ:/ccc/crc: 0.000000000 0.999594069 0.000405931
AJ:/ccc/crf: 0.000000000 0.999596207 0.000403793
AJ:/ccrcc/: 0.790736267 0.209263733 0.000000000
AJ:/ccrcc/ccr: 0.000000000 0.122843913 0.877156087
AJ:/ccrcc/crc: 0.000000000 0.481492370 0.518507630
AJ:/ccrcc/crf: 0.000000000 0.895069567 0.104930433
AJ:/ccrcf/: 0.393211355 0.606788645 0.000000000
AJ:/ccrcf/cr: 0.000000000 0.124325419 0.875674581
AJ:/crcc/: 0.331187010 0.668812990 0.000000000
AJ:/crcc/ccr: 0.000000000 0.000000000 1.000000000
AJ:/crcc/crc: 0.000000000 1.000000000 0.000000000
AJ:/crcc/crf: 0.000000000 1.000000000 0.000000000
AJ:/crfc/: 0.876533098 0.123466902 0.000000000
AJ:/crfc/cr: 0.000000000 0.993839999 0.006160001
AJ:/rcc/: 0.001601462 0.998398538 0.000000000
AJ:/rcc/ccr: 0.000000000 0.392013065 0.607986935
AJ:/rcc/crc: 0.000000000 0.259285740 0.740714260
AJ:/rcc/crf: 0.000000000 1.000000000 0.000000000
AJ:/rcf/: 1.000000000 0.000000000 0.000000000
AJ:/rcf/cr: 0.000000000 0.998241948 0.001758052
AJ:/rfc/: 0.761039667 0.238960333 0.000000000
AJ:/rfc/cr: 0.000000000 0.185926230 0.814073770
AK:/ccc/: 0.852960664 0.147039336 0.000000000
AK:/ccc/ccr: 0.000000000 1.000000000 0.000000000
AK:/ccc/crc: 0.000000000 0.757982172 0.242017828
AK:/ccc/crf: 0.000000000 0.800830146 0.199169854
AK:/ccrcc/: 0.000881816 0.999118184 0.000000000
AK:/ccrcc/ccr: 0.000000000 0.365316740 0.634683260
AK:/ccrcc/crc: 0.000000000 1.000000000 0.000000000
AK:/ccrcc/crf: 0.000000000 0.406519981 0.593480019
AK:/ccrcf/: 0.364568563 0.635431437 0.000000000
AK:/ccrcf/cr: 0.000000000 0.324015455 0.675984545
AK:/crcc/: 0.475323756 0.524676244 0.000000000
AK:/crcc/ccr: 0.000000000 0.352811179 0.647188821
AK:/crcc/crc: 0.000000000 1.000000000 0.000000000
AK:/crcc/crf: 0.000000000 1.000000000 0.000000000
AK:/crfc/: 0.210330872 0.789669128 0.000000000
AK:/crfc/cr: 0.000000000 0.999181028 0.000818972
AK:/rcc/: 0.666426190 0.333573810 0.000000000
AK:/rcc/ccr: 0.000000000 0.601067644 0.398932356
AK:/rcc/crc: 0.000000000 0.827121894 0.172878106
AK:/rcc/crf: 0.000000000 0.980295282 0.019704718
AK:/rcf/: 0.735740635 0.264259365 0.000000000
AK:/rcf/cr: 0.000000000 1.000000000 0.000000000
AK:/rfc/: 0.442591385 0.557408615 0.000000000
AK:/rfc/cr: 0.000000000 0.767859277 0.232140723
AQ:/ccc/: 0.842613665 0.157386335 0.000000000
AQ:/ccc/ccr: 0.000000000 1.000000000 0.000000000
AQ:/ccc/crc: 0.000000000 0.804108431 0.195891569
AQ:/ccc/crf: 0.000000000 0.959675820 0.040324180
AQ:/ccrcc/: 0.739796614 0.260203386 0.000000000
AQ:/ccrcc/ccr: 0.000000000 0.592426753 0.407573247
AQ:/ccrcc/crc: 0.000000000 1.000000000 0.000000000
AQ:/ccrcc/crf: 0.000000000 0.999989449 0.000010551
AQ:/ccrcf/: 0.351892086 0.648107914 0.000000000
AQ:/ccrcf/cr: 0.000000000 0.380630697 0.619369303
AQ:/crcc/: 0.864721358 0.135278642 0.000000000
AQ:/crcc/ccr: 0.000000000 0.070514277 0.929485723
AQ:/crcc/crc: 0.000000000 1.000000000 0.000000000
AQ:/crcc/crf: 0.000000000 1.000000000 0.000000000
AQ:/crfc/: 0.633963944 0.366036056 0.000000000
AQ:/crfc/cr: 0.000000000 0.998835031 0.001164969
AQ:/rcc/: 0.535366536 0.464633464 0.000000000
AQ:/rcc/ccr: 0.000000000 0.037464880 0.962535120
AQ:/rcc/crc: 0.000000000 0.340958209 0.659041791
AQ:/rcc/crf: 0.000000000 0.999913793 0.000086207
AQ:/rcf/: 1.000000000 0.000000000 0.000000000
AQ:/rcf/cr: 0.000000000 0.999985204 0.000014796
AQ:/rfc/: 0.269861485 0.730138515 0.000000000
AQ:/rfc/cr: 0.000000000 0.663654336 0.336345664
AT:/ccc/: 0.587543812 0.412456188 0.000000000
AT:/ccc/ccr: 0.000000000 1.000000000 0.000000000
AT:/ccc/crc: 0.000000000 0.922079066 0.077920934
AT:/ccc/crf: 0.000000000 0.957689877 0.042310123
AT:/ccrcc/: 0.801797477 0.198202523 0.000000000
AT:/ccrcc/ccr: 0.000000000 0.350176564 0.649823436
AT:/ccrcc/crc: 0.000000000 0.879262322 0.120737678
AT:/ccrcc/crf: 0.000000000 0.999964391 0.000035609
AT:/ccrcf/: 0.014014608 0.985985392 0.000000000
AT:/ccrcf/cr: 0.000000000 0.464518563 0.535481437
AT:/crcc/: 0.233986325 0.766013675 0.000000000
AT:/crcc/ccr: 0.000000000 0.912478352 0.087521648
AT:/crcc/crc: 0.000000000 0.000000000 1.000000000
AT:/crcc/crf: 0.000000000 1.000000000 0.000000000
AT:/crfc/: 0.795157372 0.204842628 0.000000000
AT:/crfc/cr: 0.000000000 0.998009161 0.001990839
AT:/rcc/: 0.644504051 0.355495949 0.000000000
AT:/rcc/ccr: 0.000000000 0.241751837 0.758248163
AT:/rcc/crc: 0.000000000 0.703810281 0.296189719
AT:/rcc/crf: 0.000000000 0.999480440 0.000519560
AT:/rcf/: 0.781922497 0.218077503 0.000000000
AT:/rcf/cr: 0.000000000 0.999794201 0.000205799
AT:/rfc/: 0.578582472 0.421417528 0.000000000
AT:/rfc/cr: 0.000000000 0.749714203 0.250285797
J:/: 0.994360545 0.005639455 0.000000000
J:/ccr: 0.000000000 1.000000000 0.000000000
J:/crc: 0.000000000 0.000000000 1.000000000
J:/crf: 0.000000000 0.994956743 0.005043257
JA:/ccc/: 1.000000000 0.000000000 0.000000000
JA:/ccc/ccr: 0.000000000 0.764890078 0.235109922
JA:/ccc/crc: 0.000000000 0.383404768 0.616595232
JA:/ccc/crf: 0.000000000 0.000000000 1.000000000
JA:/ccrcc/: 0.911847169 0.088152831 0.000000000
JA:/ccrcc/ccr: 0.000000000 0.552342224 0.447657776
JA:/ccrcc/crc: 0.000000000 0.196618131 0.803381869
JA:/ccrcc/crf: 0.000000000 0.576021903 0.423978097
JA:/ccrcf/: 0.326377035 0.673622965 0.000000000
JA:/ccrcf/cr: 0.000000000 0.142033494 0.857966506
JA:/crcc/: 0.998975397 0.001024603 0.000000000
JA:/crcc/ccr: 0.000000000 0.623790753 0.376209247
JA:/crcc/crc: 0.000000000 0.000000000 1.000000000
JA:/crcc/crf: 0.000000000 0.999789740 0.000210260
JA:/crfc/: 0.000000000 1.000000000 0.000000000
JA:/crfc/cr: 0.000000000 0.833465063 0.166534937
JA:/rcc/: 0.999082644 0.000917356 0.000000000
JA:/rcc/ccr: 0.000000000 0.339172981 0.660827019
JA:/rcc/crc: 0.000000000 0.429250312 0.570749688
JA:/rcc/crf: 0.000000000 0.648271505 0.351728495
JA:/rcf/: 0.000000000 1.000000000 0.000000000
JA:/rcf/cr: 0.000000000 0.608729398 0.391270602
JA:/rfc/: 0.355250903 0.644749097 0.000000000
JA:/rfc/cr: 0.000000000 0.879708168 0.120291832
JK:/ccc/: 1.000000000 0.000000000 0.000000000
JK:/ccc/ccr: 0.000000000 1.000000000 0.000000000
JK:/ccc/crc: 0.000000000 0.000000000 1.000000000
JK:/ccc/crf: 0.000000000 0.000028567 0.999971433
JK:/ccrcc/: 0.047493379 0.952506621 0.000000000
JK:/ccrcc/ccr: 0.000000000 0.273021409 0.726978591
JK:/ccrcc/crc: 0.000000000 0.723643004 0.276356996
JK:/ccrcc/crf: 0.000000000 0.126109795 0.873890205
JK:/ccrcf/: 0.750610349 0.249389651 0.000000000
JK:/ccrcf/cr: 0.000000000 0.460061635 0.539938365
JK:/crcc/: 0.999409525 0.000590475 0.000000000
JK:/crcc/ccr: 0.000000000 0.545424741 0.454575259
JK:/crcc/crc: 0.000000000 0.031673206 0.968326794
JK:/crcc/crf: 0.000000000 0.900797499 0.099202501
JK:/crfc/: 0.031984869 0.968015131 0.000000000
JK:/crfc/cr: 0.000000000 0.833749948 0.166250052
JK:/rcc/: 0.636645709 0.363354291 0.000000000
JK:/rcc/ccr: 0.000000000 0.029510082 0.970489918
JK:/rcc/crc: 0.000000000 0.688427503 0.311572497
JK:/rcc/crf: 0.000000000 0.114673011 0.885326989
JK:/rcf/: 0.067801743 0.932198257 0.000000000
JK:/rcf/cr: 0.000000000 0.537136460 0.462863540
JK:/rfc/: 0.653034650 0.346965350 0.000000000
JK:/rfc/cr: 0.000000000 0.625848174 0.374151826
JQ:/ccc/: 0.688324914 0.311675086 0.000000000
JQ:/ccc/ccr: 0.000000000 0.412108682 0.587891318
JQ:/ccc/crc: 0.000000000 0.365040831 0.634959169
JQ:/ccc/crf: 0.000000000 0.250518010 0.749481990
JQ:/ccrcc/: 0.765006951 0.234993049 0.000000000
JQ:/ccrcc/ccr: 0.000000000 0.562917197 0.437082803
JQ:/ccrcc/crc: 0.000000000 0.646863709 0.353136291
JQ:/ccrcc/crf: 0.000000000 0.293793023 0.706206977
JQ:/ccrcf/: 0.155534421 0.844465579 0.000000000
JQ:/ccrcf/cr: 0.000000000 0.375241166 0.624758834
JQ:/crcc/: 0.999299101 0.000700899 0.000000000
JQ:/crcc/ccr: 0.000000000 1.000000000 0.000000000
JQ:/crcc/crc: 0.000000000 0.000000000 1.000000000
JQ:/crcc/crf: 0.000000000 0.999853237 0.000146763
JQ:/crfc/: 0.000000000 1.000000000 0.000000000
JQ:/crfc/cr: 0.000000000 0.833918896 0.166081104
JQ:/rcc/: 0.276638759 0.723361241 0.000000000
JQ:/rcc/ccr: 0.000000000 0.470876672 0.529123328
JQ:/rcc/crc: 0.000000000 0.277572551 0.722427449
JQ:/rcc/crf: 0.000000000 0.539300991 0.460699009
JQ:/rcf/: 0.113465409 0.886534591 0.000000000
JQ:/rcf/cr: 0.000000000 0.000000000 1.000000000
JQ:/rfc/: 0.490244159 0.509755841 0.000000000
JQ:/rfc/cr: 0.000000000 0.506405288 0.493594712
JT:/ccc/: 0.999950233 0.000049767 0.000000000
JT:/ccc/ccr: 0.000000000 0.539372713 0.460627287
JT:/ccc/crc: 0.000000000 0.197043553 0.802956447
JT:/ccc/crf: 0.000000000 0.041137068 0.958862932
JT:/ccrcc/: 0.894970996 0.105029004 0.000000000
JT:/ccrcc/ccr: 0.000000000 0.699978443 0.300021557
JT:/ccrcc/crc: 0.000000000 0.398260977 0.601739023
JT:/ccrcc/crf: 0.000000000 0.000000000 1.000000000
JT:/ccrcf/: 0.132729103 0.867270897 0.000000000
JT:/ccrcf/cr: 0.000000000 0.572784350 0.427215650
JT:/crcc/: 0.802668382 0.197331618 0.000000000
JT:/crcc/ccr: 0.000000000 0.596468131 0.403531869
JT:/crcc/crc: 0.000000000 0.596594696 0.403405304
JT:/crcc/crf: 0.000000000 0.000000000 1.000000000
JT:/crfc/: 0.000595618 0.999404382 0.000000000
JT:/crfc/cr: 0.000000000 0.000088043 0.999911957
JT:/rcc/: 0.677151812 0.322848188 0.000000000
JT:/rcc/ccr: 0.000000000 0.466248553 0.533751447
JT:/rcc/crc: 0.000000000 0.200997330 0.799002670
JT:/rcc/crf: 0.000000000 0.000000000 1.000000000
JT:/rcf/: 0.211724799 0.788275201 0.000000000
JT:/rcf/cr: 0.000000000 0.000000000 1.000000000
JT:/rfc/: 0.888854703 0.111145297 0.000000000
JT:/rfc/cr: 0.000000000 0.424893850 0.575106150
K:/: 1.000000000 0.000000000 0.000000000
K:/ccr: 0.000000000 1.000000000 0.000000000
K:/crc: 0.000000000 0.997749756 0.002250244
K:/crf: 0.000000000 0.993531175 0.006468825
KA:/ccc/: 0.084898141 0.915101859 0.000000000
KA:/ccc/ccr: 0.000000000 1.000000000 0.000000000
KA:/ccc/crc: 0.000000000 0.800155549 0.199844451
KA:/ccc/crf: 0.000000000 0.750098265 0.249901735
KA:/ccrcc/: 0.006780113 0.993219887 0.000000000
KA:/ccrcc/ccr: 0.000000000 0.317255925 0.682744075
KA:/ccrcc/crc: 0.000000000 0.700564241 0.299435759
KA:/ccrcc/crf: 0.000000000 0.401846650 0.598153350
KA:/ccrcf/: 0.923012927 0.076987073 0.000000000
KA:/ccrcf/cr: 0.000000000 0.773163963 0.226836037
KA:/crcc/: 1.000000000 0.000000000 0.000000000
KA:/crcc/ccr: 0.000000000 0.999889812 0.000110188
KA:/crcc/crc: 0.000000000 1.000000000 0.000000000
KA:/crcc/crf: 0.000000000 1.000000000 0.000000000
KA:/crfc/: 0.000075213 0.999924787 0.000000000
KA:/crfc/cr: 0.000000000 0.999297075 0.000702925
KA:/rcc/: 0.728764498 0.271235502 0.000000000
KA:/rcc/ccr: 0.000000000 0.566559583 0.433440417
KA:/rcc/crc: 0.000000000 0.874068771 0.125931229
KA:/rcc/crf: 0.000000000 0.856924052 0.143075948
KA:/rcf/: 0.678358024 0.321641976 0.000000000
KA:/rcf/cr: 0.000000000 1.000000000 0.000000000
KA:/rfc/: 0.320339882 0.679660118 0.000000000
KA:/rfc/cr: 0.000000000 0.873477484 0.126522516
KJ:/ccc/: 0.573163075 0.426836925 0.000000000
KJ:/ccc/ccr: 0.000000000 0.556810246 0.443189754
KJ:/ccc/crc: 0.000000000 0.422853499 0.577146501
KJ:/ccc/crf: 0.000000000 0.278450238 0.721549762
KJ:/ccrcc/: 0.000000000 1.000000000 0.000000000
KJ:/ccrcc/ccr: 0.000000000 0.000000000 1.000000000
KJ:/ccrcc/crc: 0.000000000 0.573983448 0.426016552
KJ:/ccrcc/crf: 0.000000000 0.347840889 0.652159111
KJ:/ccrcf/: 0.588188524 0.411811476 0.000000000
KJ:/ccrcf/cr: 0.000000000 0.447850706 0.552149294
KJ:/crcc/: 0.574684569 0.425315431 0.000000000
KJ:/crcc/ccr: 0.000000000 0.177267258 0.822732742
KJ:/crcc/crc: 0.000000000 0.999873824 0.000126176
KJ:/crcc/crf: 0.000000000 0.999812965 0.000187035
KJ:/crfc/: 0.000000000 1.000000000 0.000000000
KJ:/crfc/cr: 0.000000000 0.999821823 0.000178177
KJ:/rcc/: 0.000000000 1.000000000 0.000000000
KJ:/rcc/ccr: 0.000000000 0.807014439 0.192985561
KJ:/rcc/crc: 0.000000000 0.760493772 0.239506228
KJ:/rcc/crf: 0.000000000 0.510526007 0.489473993
KJ:/rcf/: 0.000000000 1.000000000 0.000000000
KJ:/rcf/cr: 0.000000000 0.833894874 0.166105126
KJ:/rfc/: 0.668934576 0.331065424 0.000000000
KJ:/rfc/cr: 0.000000000 0.726033622 0.273966378
KQ:/ccc/: 0.000000000 1.000000000 0.000000000
KQ:/ccc/ccr: 0.000000000 0.961590214 0.038409786
KQ:/ccc/crc: 0.000000000 0.719424199 0.280575801
KQ:/ccc/crf: 0.000000000 0.606741865 0.393258135
KQ:/ccrcc/: 0.197893506 0.802106494 0.000000000
KQ:/ccrcc/ccr: 0.000000000 0.424399493 0.575600507
KQ:/ccrcc/crc: 0.000000000 0.079170698 0.920829302
KQ:/ccrcc/crf: 0.000000000 0.319464833 0.680535167
KQ:/ccrcf/: 0.914631705 0.085368295 0.000000000
KQ:/ccrcf/cr: 0.000000000 0.634909119 0.365090881
KQ:/crcc/: 0.000422567 0.999577433 0.000000000
KQ:/crcc/ccr: 0.000000000 0.033059103 0.966940897
KQ:/crcc/crc: 0.000000000 0.999838099 0.000161901
KQ:/crcc/crf: 0.000000000 0.999922789 0.000077211
KQ:/crfc/: 0.000000000 1.000000000 0.000000000
KQ:/crfc/cr: 0.000000000 0.999631826 0.000368174
KQ:/rcc/: 0.680557552 0.319442448 0.000000000
KQ:/rcc/ccr: 0.000000000 0.695111277 0.304888723
KQ:/rcc/crc: 0.000000000 0.546940779 0.453059221
KQ:/rcc/crf: 0.000000000 1.000000000 0.000000000
KQ:/rcf/: 0.228627388 0.771372612 0.000000000
KQ:/rcf/cr: 0.000000000 0.834039906 0.165960094
KQ:/rfc/: 0.503803862 0.496196138 0.000000000
KQ:/rfc/cr: 0.000000000 0.133432631 0.866567369
KT:/ccc/: 0.000000000 1.000000000 0.000000000
KT:/ccc/ccr: 0.000000000 0.970356885 0.029643115
KT:/ccc/crc: 0.000000000 0.668909470 0.331090530
KT:/ccc/crf: 0.000000000 0.512916753 0.487083247
KT:/ccrcc/: 0.301350492 0.698649508 0.000000000
KT:/ccrcc/ccr: 0.000000000 0.936489300 0.063510700
KT:/ccrcc/crc: 0.000000000 0.007157832 0.992842168
KT:/ccrcc/crf: 0.000000000 0.761682091 0.238317909
KT:/ccrcf/: 0.245575836 0.754424164 0.000000000
KT:/ccrcf/cr: 0.000000000 0.574193231 0.425806769
KT:/crcc/: 0.000148381 0.999851619 0.000000000
KT:/crcc/ccr: 0.000000000 0.000008379 0.999991621
KT:/crcc/crc: 0.000000000 0.999976730 0.000023270
KT:/crcc/crf: 0.000000000 0.999213512 0.000786488
KT:/crfc/: 0.329787296 0.670212704 0.000000000
KT:/crfc/cr: 0.000000000 0.999316637 0.000683363
KT:/rcc/: 0.004246758 0.995753242 0.000000000
KT:/rcc/ccr: 0.000000000 0.580309581 0.419690419
KT:/rcc/crc: 0.000000000 0.533766052 0.466233948
KT:/rcc/crf: 0.000000000 0.999793176 0.000206824
KT:/rcf/: 0.000000000 1.000000000 0.000000000
KT:/rcf/cr: 0.000000000 0.797745888 0.202254112
KT:/rfc/: 0.159545139 0.840454861 0.000000000
KT:/rfc/cr: 0.000000000 0.365265496 0.634734504
Q:/: 1.000000000 0.000000000 0.000000000
Q:/ccr: 0.000000000 1.000000000 0.000000000
Q:/crc: 0.000000000 0.997392961 0.002607039
Q:/crf: 0.000000000 0.993777074 0.006222926
QA:/ccc/: 0.672645019 0.327354981 0.000000000
QA:/ccc/ccr: 0.000000000 0.583423913 0.416576087
QA:/ccc/crc: 0.000000000 0.060555682 0.939444318
QA:/ccc/crf: 0.000000000 0.074168009 0.925831991
QA:/ccrcc/: 0.296943843 0.703056157 0.000000000
QA:/ccrcc/ccr: 0.000000000 0.487328186 0.512671814
QA:/ccrcc/crc: 0.000000000 0.269993793 0.730006207
QA:/ccrcc/crf: 0.000000000 0.115651827 0.884348173
QA:/ccrcf/: 0.144221429 0.855778571 0.000000000
QA:/ccrcf/cr: 0.000000000 0.676070926 0.323929074
QA:/crcc/: 0.999939389 0.000060611 0.000000000
QA:/crcc/ccr: 0.000000000 0.883934856 0.116065144
QA:/crcc/crc: 0.000000000 1.000000000 0.000000000
QA:/crcc/crf: 0.000000000 1.000000000 0.000000000
QA:/crfc/: 0.999742293 0.000257707 0.000000000
QA:/crfc/cr: 0.000000000 0.999239385 0.000760615
QA:/rcc/: 1.000000000 0.000000000 0.000000000
QA:/rcc/ccr: 0.000000000 0.463040709 0.536959291
QA:/rcc/crc: 0.000000000 0.423502282 0.576497718
QA:/rcc/crf: 0.000000000 0.520601429 0.479398571
QA:/rcf/: 0.387706864 0.612293136 0.000000000
QA:/rcf/cr: 0.000000000 1.000000000 0.000000000
QA:/rfc/: 0.937889975 0.062110025 0.000000000
QA:/rfc/cr: 0.000000000 0.483153565 0.516846435
QJ:/ccc/: 1.000000000 0.000000000 0.000000000
QJ:/ccc/ccr: 0.000000000 0.929120602 0.070879398
QJ:/ccc/crc: 0.000000000 0.000000000 1.000000000
QJ:/ccc/crf: 0.000000000 0.152004264 0.847995736
QJ:/ccrcc/: 0.000000000 1.000000000 0.000000000
QJ:/ccrcc/ccr: 0.000000000 0.451821401 0.548178599
QJ:/ccrcc/crc: 0.000000000 0.192257243 0.807742757
QJ:/ccrcc/crf: 0.000000000 0.694405845 0.305594155
QJ:/ccrcf/: 0.518612850 0.481387150 0.000000000
QJ:/ccrcf/cr: 0.000000000 0.620363215 0.379636785
QJ:/crcc/: 0.319342332 0.680657668 0.000000000
QJ:/crcc/ccr: 0.000000000 0.491579145 0.508420855
QJ:/crcc/crc: 0.000000000 0.283931009 0.716068991
QJ:/crcc/crf: 0.000000000 0.228983888 0.771016112
QJ:/crfc/: 0.000000000 1.000000000 0.000000000
QJ:/crfc/cr: 0.000000000 1.000000000 0.000000000
QJ:/rcc/: 0.000000000 1.000000000 0.000000000
QJ:/rcc/ccr: 0.000000000 0.140783307 0.859216693
QJ:/rcc/crc: 0.000000000 0.167435370 0.832564630
QJ:/rcc/crf: 0.000000000 0.071892580 0.928107420
QJ:/rcf/: 0.063979132 0.936020868 0.000000000
QJ:/rcf/cr: 0.000000000 0.000000000 1.000000000
QJ:/rfc/: 0.722884904 0.277115096 0.000000000
QJ:/rfc/cr: 0.000000000 0.380838213 0.619161787
QK:/ccc/: 0.233617678 0.766382322 0.000000000
QK:/ccc/ccr: 0.000000000 0.793832663 0.206167337
QK:/ccc/crc: 0.000000000 0.088535033 0.911464967
QK:/ccc/crf: 0.000000000 0.723907776 0.276092224
QK:/ccrcc/: 0.000000000 1.000000000 0.000000000
QK:/ccrcc/ccr: 0.000000000 0.223153632 0.776846368
QK:/ccrcc/crc: 0.000000000 0.306301451 0.693698549
QK:/ccrcc/crf: 0.000000000 0.606812105 0.393187895
QK:/ccrcf/: 0.229058674 0.770941326 0.000000000
QK:/ccrcf/cr: 0.000000000 0.725681458 0.274318542
QK:/crcc/: 0.999911153 0.000088847 0.000000000
QK:/crcc/ccr: 0.000000000 0.478886934 0.521113066
QK:/crcc/crc: 0.000000000 0.999902837 0.000097163
QK:/crcc/crf: 0.000000000 0.999697806 0.000302194
QK:/crfc/: 0.628018073 0.371981927 0.000000000
QK:/crfc/cr: 0.000000000 0.999547284 0.000452716
QK:/rcc/: 0.805038412 0.194961588 0.000000000
QK:/rcc/ccr: 0.000000000 0.226197160 0.773802840
QK:/rcc/crc: 0.000000000 0.378335124 0.621664876
QK:/rcc/crf: 0.000000000 0.543899225 0.456100775
QK:/rcf/: 0.000000000 1.000000000 0.000000000
QK:/rcf/cr: 0.000000000 1.000000000 0.000000000
QK:/rfc/: 0.650147800 0.349852200 0.000000000
QK:/rfc/cr: 0.000000000 0.449944905 0.550055095
QT:/ccc/: 0.873683023 0.126316977 0.000000000
QT:/ccc/ccr: 0.000000000 0.999869221 0.000130779
QT:/ccc/crc: 0.000000000 0.000000000 1.000000000
QT:/ccc/crf: 0.000000000 0.365517304 0.634482696
QT:/ccrcc/: 0.579892405 0.420107595 0.000000000
QT:/ccrcc/ccr: 0.000000000 0.599067708 0.400932292
QT:/ccrcc/crc: 0.000000000 0.300137460 0.699862540
QT:/ccrcc/crf: 0.000000000 0.307554573 0.692445427
QT:/ccrcf/: 0.706411189 0.293588811 0.000000000
QT:/ccrcf/cr: 0.000000000 0.858314336 0.141685664
QT:/crcc/: 0.000010867 0.999989133 0.000000000
QT:/crcc/ccr: 0.000000000 0.435660656 0.564339344
QT:/crcc/crc: 0.000000000 0.476437551 0.523562449
QT:/crcc/crf: 0.000000000 0.694989584 0.305010416
QT:/crfc/: 0.999821448 0.000178552 0.000000000
QT:/crfc/cr: 0.000000000 0.669605293 0.330394707
QT:/rcc/: 0.614580844 0.385419156 0.000000000
QT:/rcc/ccr: 0.000000000 0.041832696 0.958167304
QT:/rcc/crc: 0.000000000 0.173181292 0.826818708
QT:/rcc/crf: 0.000000000 0.073703648 0.926296352
QT:/rcf/: 0.055926034 0.944073966 0.000000000
QT:/rcf/cr: 0.000000000 0.000000000 1.000000000
QT:/rfc/: 0.159334434 0.840665566 0.000000000
QT:/rfc/cr: 0.000000000 0.427226908 0.572773092
T:/: 0.992890211 0.007109789 0.000000000
T:/ccr: 0.000000000 0.998797199 0.001202801
T:/crc: 0.000000000 0.000000000 1.000000000
T:/crf: 0.000000000 0.995472162 0.004527838
TA:/ccc/: 1.000000000 0.000000000 0.000000000
TA:/ccc/ccr: 0.000000000 0.000000000 1.000000000
TA:/ccc/crc: 0.000000000 0.272330698 0.727669302
TA:/ccc/crf: 0.000000000 0.000000000 1.000000000
TA:/ccrcc/: 0.860895789 0.139104211 0.000000000
TA:/ccrcc/ccr: 0.000000000 0.657541180 0.342458820
TA:/ccrcc/crc: 0.000000000 0.736346000 0.263654000
TA:/ccrcc/crf: 0.000000000 0.538823831 0.461176169
TA:/ccrcf/: 0.168482253 0.831517747 0.000000000
TA:/ccrcf/cr: 0.000000000 0.771023542 0.228976458
TA:/crcc/: 0.999169640 0.000830360 0.000000000
TA:/crcc/ccr: 0.000000000 0.161478842 0.838521158
TA:/crcc/crc: 0.000000000 0.000000000 1.000000000
TA:/crcc/crf: 0.000000000 0.000000000 1.000000000
TA:/crfc/: 0.000000000 1.000000000 0.000000000
TA:/crfc/cr: 0.000000000 0.000192998 0.999807002
TA:/rcc/: 0.999186394 0.000813606 0.000000000
TA:/rcc/ccr: 0.000000000 0.586284504 0.413715496
TA:/rcc/crc: 0.000000000 0.731644820 0.268355180
TA:/rcc/crf: 0.000000000 0.000023286 0.999976714
TA:/rcf/: 0.333390284 0.666609716 0.000000000
TA:/rcf/cr: 0.000000000 0.000000000 1.000000000
TA:/rfc/: 0.073037280 0.926962720 0.000000000
TA:/rfc/cr: 0.000000000 0.340846051 0.659153949
TJ:/ccc/: 0.974826795 0.025173205 0.000000000
TJ:/ccc/ccr: 0.000000000 0.270990512 0.729009488
TJ:/ccc/crc: 0.000000000 0.000004629 0.999995371
TJ:/ccc/crf: 0.000000000 0.000000000 1.000000000
TJ:/ccrcc/: 0.161671432 0.838328568 0.000000000
TJ:/ccrcc/ccr: 0.000000000 0.154040019 0.845959981
TJ:/ccrcc/crc: 0.000000000 0.161388096 0.838611904
TJ:/ccrcc/crf: 0.000000000 0.087317849 0.912682151
TJ:/ccrcf/: 0.250018636 0.749981364 0.000000000
TJ:/ccrcf/cr: 0.000000000 0.965153067 0.034846933
TJ:/crcc/: 0.000385575 0.999614425 0.000000000
TJ:/crcc/ccr: 0.000000000 0.500998143 0.499001857
TJ:/crcc/crc: 0.000000000 0.000000000 1.000000000
TJ:/crcc/crf: 0.000000000 0.708865432 0.291134568
TJ:/crfc/: 0.000000000 1.000000000 0.000000000
TJ:/crfc/cr: 0.000000000 0.000179610 0.999820390
TJ:/rcc/: 0.000240473 0.999759527 0.000000000
TJ:/rcc/ccr: 0.000000000 0.615077942 0.384922058
TJ:/rcc/crc: 0.000000000 0.319873022 0.680126978
TJ:/rcc/crf: 0.000000000 0.000000000 1.000000000
TJ:/rcf/: 0.296761008 0.703238992 0.000000000
TJ:/rcf/cr: 0.000000000 0.000000000 1.000000000
TJ:/rfc/: 0.373558300 0.626441700 0.000000000
TJ:/rfc/cr: 0.000000000 0.952994288 0.047005712
TK:/ccc/: 1.000000000 0.000000000 0.000000000
TK:/ccc/ccr: 0.000000000 0.612685284 0.387314716
TK:/ccc/crc: 0.000000000 0.202084291 0.797915709
TK:/ccc/crf: 0.000000000 0.043381100 0.956618900
TK:/ccrcc/: 0.000354365 0.999645635 0.000000000
TK:/ccrcc/ccr: 0.000000000 0.000000000 1.000000000
TK:/ccrcc/crc: 0.000000000 0.469239753 0.530760247
TK:/ccrcc/crf: 0.000000000 0.000000000 1.000000000
TK:/ccrcf/: 0.134371324 0.865628676 0.000000000
TK:/ccrcf/cr: 0.000000000 0.690167778 0.309832222
TK:/crcc/: 0.998888219 0.001111781 0.000000000
TK:/crcc/ccr: 0.000000000 0.239657331 0.760342669
TK:/crcc/crc: 0.000000000 0.398410363 0.601589637
TK:/crcc/crf: 0.000000000 0.368626824 0.631373176
TK:/crfc/: 0.000000000 1.000000000 0.000000000
TK:/crfc/cr: 0.000000000 0.000000000 1.000000000
TK:/rcc/: 0.971399866 0.028600134 0.000000000
TK:/rcc/ccr: 0.000000000 0.859155029 0.140844971
TK:/rcc/crc: 0.000000000 0.536694237 0.463305763
TK:/rcc/crf: 0.000000000 0.000000000 1.000000000
TK:/rcf/: 0.274030843 0.725969157 0.000000000
TK:/rcf/cr: 0.000000000 0.000000000 1.000000000
TK:/rfc/: 0.533528879 0.466471121 0.000000000
TK:/rfc/cr: 0.000000000 0.512590806 0.487409194
TQ:/ccc/: 1.000000000 0.000000000 0.000000000
TQ:/ccc/ccr: 0.000000000 0.000024677 0.999975323
TQ:/ccc/crc: 0.000000000 0.545574138 0.454425862
TQ:/ccc/crf: 0.000000000 0.413155877 0.586844123
TQ:/ccrcc/: 0.648410569 0.351589431 0.000000000
TQ:/ccrcc/ccr: 0.000000000 0.276544406 0.723455594
TQ:/ccrcc/crc: 0.000000000 0.439517711 0.560482289
TQ:/ccrcc/crf: 0.000000000 0.143605240 0.856394760
TQ:/ccrcf/: 0.484526672 0.515473328 0.000000000
TQ:/ccrcf/cr: 0.000000000 0.485983941 0.514016059
TQ:/crcc/: 0.000135174 0.999864826 0.000000000
TQ:/crcc/ccr: 0.000000000 0.656427586 0.343572414
TQ:/crcc/crc: 0.000000000 0.189686659 0.810313341
TQ:/crcc/crf: 0.000000000 0.000000000 1.000000000
TQ:/crfc/: 0.000000000 1.000000000 0.000000000
TQ:/crfc/cr: 0.000000000 0.000033658 0.999966342
TQ:/rcc/: 0.841619728 0.158380272 0.000000000
TQ:/rcc/ccr: 0.000000000 0.414785039 0.585214961
TQ:/rcc/crc: 0.000000000 0.000000000 1.000000000
TQ:/rcc/crf: 0.000000000 0.000000000 1.000000000
TQ:/rcf/: 0.228367329 0.771632671 0.000000000
TQ:/rcf/cr: 0.000000000 0.000000000 1.000000000
TQ:/rfc/: 0.897308661 0.102691339 0.000000000
TQ:/rfc/cr: 0.000000000 0.595734671 0.404265329
