A:/c: 1.000000000 0.000000000 0.000000000
A:/ccrc: 0.000000000 0.709621357 0.290378643
A:/ccrf: 0.000000000 1.000000000 0.000000000
A:/r: 0.000000000 1.000000000 0.000000000
AJ:/ccc/c: 0.918438117 0.081561883 0.000000000
AJ:/ccc/ccrc: 0.000000000 0.209184776 0.790815224
AJ:/ccc/ccrf: 0.000000000 0.636802855 0.363197145
AJ:/ccc/r: 0.000000000 0.509529154 0.490470846
AJ:/ccrcc/c: 0.552545097 0.447454903 0.000000000
AJ:/ccrcc/ccrc: 0.000000000 0.708014245 0.291985755
AJ:/ccrcc/ccrf: 0.000000000 0.894321535 0.105678465
AJ:/ccrcc/r: 0.000000000 0.524916295 0.475083705
AJ:/ccrfc/: 0.848191230 0.151808770 0.000000000
AJ:/ccrfc/cr: 0.000000000 0.806052139 0.193947861
AJ:/crcc/c: 0.933350566 0.066649434 0.000000000
AJ:/crcc/ccrc: 0.000000000 0.288297221 0.711702779
AJ:/crcc/ccrf: 0.000000000 0.440663720 0.559336280
AJ:/crcc/r: 0.000000000 0.979271084 0.020728916
AJ:/crcf/: 0.260045321 0.739954679 0.000000000
AJ:/crcf/cr: 0.000000000 0.851480202 0.148519798
AJ:/crfc/c: 0.928987449 0.071012551 0.000000000
AJ:/crfc/r: 0.000000000 0.414684431 0.585315569
AJ:/rcc/c: 0.999923606 0.000076394 0.000000000
AJ:/rcc/ccrc: 0.000000000 1.000000000 0.000000000
AJ:/rcc/ccrf: 0.000000000 1.000000000 0.000000000
AJ:/rcc/r: 0.000000000 0.805981859 0.194018141
AJ:/rcf/c: 1.000000000 0.000000000 0.000000000
AJ:/rcf/r: 0.000000000 1.000000000 0.000000000
AK:/ccc/c: 0.217244760 0.782755240 0.000000000
AK:/ccc/ccrc: 0.000000000 0.649697132 0.350302868
AK:/ccc/ccrf: 0.000000000 0.291443579 0.708556421
AK:/ccc/r: 0.000000000 0.656398449 0.343601551
AK:/ccrcc/c: 0.232580735 0.767419265 0.000000000
AK:/ccrcc/ccrc: 0.000000000 0.150596132 0.849403868
AK:/ccrcc/ccrf: 0.000000000 0.192592004 0.807407996
AK:/ccrcc/r: 0.000000000 0.637530749 0.362469251
AK:/ccrfc/: 0.165952111 0.834047889 0.000000000
AK:/ccrfc/cr: 0.000000000 0.814780028 0.185219972
AK:/crcc/c: 0.513995929 0.486004071 0.000000000
AK:/crcc/ccrc: 0.000000000 0.541166213 0.458833787
AK:/crcc/ccrf: 0.000000000 0.553928399 0.446071601
AK:/crcc/r: 0.000000000 0.688847778 0.311152222
AK:/crcf/: 0.750777978 0.249222022 0.000000000
AK:/crcf/cr: 0.000000000 0.404919746 0.595080254
AK:/crfc/c: 0.474430928 0.525569072 0.000000000
AK:/crfc/r: 0.000000000 0.733197650 0.266802350
AK:/rcc/c: 0.523612074 0.476387926 0.000000000
AK:/rcc/ccrc: 0.000000000 1.000000000 0.000000000
AK:/rcc/ccrf: 0.000000000 1.000000000 0.000000000
AK:/rcc/r: 0.000000000 1.000000000 0.000000000
AK:/rcf/c: 1.000000000 0.000000000 0.000000000
AK:/rcf/r: 0.000000000 1.000000000 0.000000000
AQ:/ccc/c: 0.318341025 0.681658975 0.000000000
AQ:/ccc/ccrc: 0.000000000 0.886023508 0.113976492
AQ:/ccc/ccrf: 0.000000000 0.927366170 0.072633830
AQ:/ccc/r: 0.000000000 0.772981986 0.227018014
AQ:/ccrcc/c: 0.638751376 0.361248624 0.000000000
AQ:/ccrcc/ccrc: 0.000000000 0.709536040 0.290463960
AQ:/ccrcc/ccrf: 0.000000000 0.447965016 0.552034984
AQ:/ccrcc/r: 0.000000000 0.712942329 0.287057671
AQ:/ccrfc/: 0.206531002 0.793468998 0.000000000
AQ:/ccrfc/cr: 0.000000000 0.653179069 0.346820931
AQ:/crcc/c: 0.407401677 0.592598323 0.000000000
AQ:/crcc/ccrc: 0.000000000 0.712268011 0.287731989
AQ:/crcc/ccrf: 0.000000000 0.738941787 0.261058213
AQ:/crcc/r: 0.000000000 0.702252270 0.297747730
AQ:/crcf/: 0.469998867 0.530001133 0.000000000
AQ:/crcf/cr: 0.000000000 0.743901155 0.256098845
AQ:/crfc/c: 0.813572829 0.186427171 0.000000000
AQ:/crfc/r: 0.000000000 0.553633272 0.446366728
AQ:/rcc/c: 0.966610701 0.033389299 0.000000000
AQ:/rcc/ccrc: 0.000000000 1.000000000 0.000000000
AQ:/rcc/ccrf: 0.000000000 1.000000000 0.000000000
AQ:/rcc/r: 0.000000000 1.000000000 0.000000000
AQ:/rcf/c: 1.000000000 0.000000000 0.000000000
AQ:/rcf/r: 0.000000000 1.000000000 0.000000000
AT:/ccc/c: 0.163938010 0.836061990 0.000000000
AT:/ccc/ccrc: 0.000000000 0.608951735 0.391048265
AT:/ccc/ccrf: 0.000000000 0.634507937 0.365492063
AT:/ccc/r: 0.000000000 0.866360105 0.133639895
AT:/ccrcc/c: 0.780778194 0.219221806 0.000000000
AT:/ccrcc/ccrc: 0.000000000 0.852353843 0.147646157
AT:/ccrcc/ccrf: 0.000000000 0.312059884 0.687940116
AT:/ccrcc/r: 0.000000000 0.614863155 0.385136845
AT:/ccrfc/: 0.395250578 0.604749422 0.000000000
AT:/ccrfc/cr: 0.000000000 0.805681295 0.194318705
AT:/crcc/c: 0.498435190 0.501564810 0.000000000
AT:/crcc/ccrc: 0.000000000 0.440122112 0.559877888
AT:/crcc/ccrf: 0.000000000 0.605923306 0.394076694
AT:/crcc/r: 0.000000000 0.810554456 0.189445544
AT:/crcf/: 0.533758275 0.466241725 0.000000000
AT:/crcf/cr: 0.000000000 0.611361131 0.388638869
AT:/crfc/c: 0.524078457 0.475921543 0.000000000
AT:/crfc/r: 0.000000000 0.864819389 0.135180611
AT:/rcc/c: 1.000000000 0.000000000 0.000000000
AT:/rcc/ccrc: 0.000000000 1.000000000 0.000000000
AT:/rcc/ccrf: 0.000000000 1.000000000 0.000000000
AT:/rcc/r: 0.000000000 1.000000000 0.000000000
AT:/rcf/c: 1.000000000 0.000000000 0.000000000
AT:/rcf/r: 0.000000000 1.000000000 0.000000000
J:/c: 0.662071454 0.337928546 0.000000000
J:/ccrc: 0.000000000 0.000000000 1.000000000
J:/ccrf: 0.000000000 1.000000000 0.000000000
J:/r: 0.000000000 1.000000000 0.000000000
JA:/ccc/c: 0.898797890 0.101202110 0.000000000
JA:/ccc/ccrc: 0.000000000 0.474085303 0.525914697
JA:/ccc/ccrf: 0.000000000 0.611507155 0.388492845
JA:/ccc/r: 0.000000000 0.582168057 0.417831943
JA:/ccrcc/c: 0.260870097 0.739129903 0.000000000
JA:/ccrcc/ccrc: 0.000000000 0.432953610 0.567046390
JA:/ccrcc/ccrf: 0.000000000 0.972207225 0.027792775
JA:/ccrcc/r: 0.000000000 0.373339069 0.626660931
JA:/ccrfc/: 0.502468508 0.497531492 0.000000000
JA:/ccrfc/cr: 0.000000000 0.510198927 0.489801073
JA:/crcc/c: 0.184663027 0.815336973 0.000000000
JA:/crcc/ccrc: 0.000000000 0.758335189 0.241664811
JA:/crcc/ccrf: 0.000000000 0.157698398 0.842301602
JA:/crcc/r: 0.000000000 0.361937102 0.638062898
JA:/crcf/: 0.648031667 0.351968333 0.000000000
JA:/crcf/cr: 0.000000000 0.381110201 0.618889799
JA:/crfc/c: 0.448856992 0.551143008 0.000000000
JA:/crfc/r: 0.000000000 0.590152486 0.409847514
JA:/rcc/c: 0.012586180 0.987413820 0.000000000
JA:/rcc/ccrc: 0.000000000 0.223444543 0.776555457
JA:/rcc/ccrf: 0.000000000 0.233769771 0.766230229
JA:/rcc/r: 0.000000000 0.039528556 0.960471444
JA:/rcf/c: 0.000000000 1.000000000 0.000000000
JA:/rcf/r: 0.000000000 0.301378696 0.698621304
JK:/ccc/c: 0.554116581 0.445883419 0.000000000
JK:/ccc/ccrc: 0.000000000 0.258342330 0.741657670
JK:/ccc/ccrf: 0.000000000 0.771238685 0.228761315
JK:/ccc/r: 0.000000000 0.950533870 0.049466130
JK:/ccrcc/c: 0.738023513 0.261976487 0.000000000
JK:/ccrcc/ccrc: 0.000000000 0.348743968 0.651256032
JK:/ccrcc/ccrf: 0.000000000 0.852441395 0.147558605
JK:/ccrcc/r: 0.000000000 0.586275629 0.413724371
JK:/ccrfc/: 0.542236455 0.457763545 0.000000000
JK:/ccrfc/cr: 0.000000000 0.625649398 0.374350602
JK:/crcc/c: 0.649545213 0.350454787 0.000000000
JK:/crcc/ccrc: 0.000000000 0.455108234 0.544891766
JK:/crcc/ccrf: 0.000000000 0.366303258 0.633696742
JK:/crcc/r: 0.000000000 0.539283799 0.460716201
JK:/crcf/: 0.681159416 0.318840584 0.000000000
JK:/crcf/cr: 0.000000000 0.566107424 0.433892576
JK:/crfc/c: 0.714762797 0.285237203 0.000000000
JK:/crfc/r: 0.000000000 0.341457185 0.658542815
JK:/rcc/c: 0.000000000 1.000000000 0.000000000
JK:/rcc/ccrc: 0.000000000 0.146387246 0.853612754
JK:/rcc/ccrf: 0.000000000 0.467319881 0.532680119
JK:/rcc/r: 0.000000000 0.098853157 0.901146843
JK:/rcf/c: 0.000000000 1.000000000 0.000000000
JK:/rcf/r: 0.000000000 0.301463530 0.698536470
JQ:/ccc/c: 0.664545501 0.335454499 0.000000000
JQ:/ccc/ccrc: 0.000000000 0.913887228 0.086112772
JQ:/ccc/ccrf: 0.000000000 0.659023358 0.340976642
JQ:/ccc/r: 0.000000000 0.665597817 0.334402183
JQ:/ccrcc/c: 0.487134877 0.512865123 0.000000000
JQ:/ccrcc/ccrc: 0.000000000 0.626268004 0.373731996
JQ:/ccrcc/ccrf: 0.000000000 0.405226361 0.594773639
JQ:/ccrcc/r: 0.000000000 0.825278894 0.174721106
JQ:/ccrfc/: 0.254612527 0.745387473 0.000000000
JQ:/ccrfc/cr: 0.000000000 0.273247471 0.726752529
JQ:/crcc/c: 0.036422885 0.963577115 0.000000000
JQ:/crcc/ccrc: 0.000000000 0.709338362 0.290661638
JQ:/crcc/ccrf: 0.000000000 0.427658077 0.572341923
JQ:/crcc/r: 0.000000000 0.144238922 0.855761078
JQ:/crcf/: 0.049950872 0.950049128 0.000000000
JQ:/crcf/cr: 0.000000000 0.424357988 0.575642012
JQ:/crfc/c: 0.614176018 0.385823982 0.000000000
JQ:/crfc/r: 0.000000000 0.538420740 0.461579260
JQ:/rcc/c: 0.226210764 0.773789236 0.000000000
JQ:/rcc/ccrc: 0.000000000 0.038168769 0.961831231
JQ:/rcc/ccrf: 0.000000000 0.097642094 0.902357906
JQ:/rcc/r: 0.000000000 0.166306369 0.833693631
JQ:/rcf/c: 0.156108863 0.843891137 0.000000000
JQ:/rcf/r: 0.000000000 0.000000000 1.000000000
JT:/ccc/c: 0.444887335 0.555112665 0.000000000
JT:/ccc/ccrc: 0.000000000 0.275089244 0.724910756
JT:/ccc/ccrf: 0.000000000 0.601280521 0.398719479
JT:/ccc/r: 0.000000000 0.110895587 0.889104413
JT:/ccrcc/c: 0.464205056 0.535794944 0.000000000
JT:/ccrcc/ccrc: 0.000000000 0.303465469 0.696534531
JT:/ccrcc/ccrf: 0.000000000 0.508425994 0.491574006
JT:/ccrcc/r: 0.000000000 0.289414443 0.710585557
JT:/ccrfc/: 0.587514859 0.412485141 0.000000000
JT:/ccrfc/cr: 0.000000000 0.983101378 0.016898622
JT:/crcc/c: 0.893933885 0.106066115 0.000000000
JT:/crcc/ccrc: 0.000000000 0.312900584 0.687099416
JT:/crcc/ccrf: 0.000000000 0.899902839 0.100097161
JT:/crcc/r: 0.000000000 0.845111746 0.154888254
JT:/crcf/: 0.478337701 0.521662299 0.000000000
JT:/crcf/cr: 0.000000000 0.365689929 0.634310071
JT:/crfc/c: 0.921873011 0.078126989 0.000000000
JT:/crfc/r: 0.000000000 0.739313107 0.260686893
JT:/rcc/c: 0.109798413 0.890201587 0.000000000
JT:/rcc/ccrc: 0.000000000 0.000000000 1.000000000
JT:/rcc/ccrf: 0.000000000 0.000000000 1.000000000
JT:/rcc/r: 0.000000000 0.000000000 1.000000000
JT:/rcf/c: 0.004717982 0.995282018 0.000000000
JT:/rcf/r: 0.000000000 0.000000000 1.000000000
K:/c: 0.879056976 0.120943024 0.000000000
K:/ccrc: 0.000000000 0.262412379 0.737587621
K:/ccrf: 0.000000000 1.000000000 0.000000000
K:/r: 0.000000000 1.000000000 0.000000000
KA:/ccc/c: 0.937887651 0.062112349 0.000000000
KA:/ccc/ccrc: 0.000000000 0.012241039 0.987758961
KA:/ccc/ccrf: 0.000000000 0.153809459 0.846190541
KA:/ccc/r: 0.000000000 1.000000000 0.000000000
KA:/ccrcc/c: 0.552544558 0.447455442 0.000000000
KA:/ccrcc/ccrc: 0.000000000 0.710385493 0.289614507
KA:/ccrcc/ccrf: 0.000000000 0.515518970 0.484481030
KA:/ccrcc/r: 0.000000000 0.873740674 0.126259326
KA:/ccrfc/: 0.194848207 0.805151793 0.000000000
KA:/ccrfc/cr: 0.000000000 0.914816548 0.085183452
KA:/crcc/c: 0.452101795 0.547898205 0.000000000
KA:/crcc/ccrc: 0.000000000 0.088974418 0.911025582
KA:/crcc/ccrf: 0.000000000 0.029502066 0.970497934
KA:/crcc/r: 0.000000000 0.514911911 0.485088089
KA:/crcf/: 0.518839747 0.481160253 0.000000000
KA:/crcf/cr: 0.000000000 0.593200122 0.406799878
KA:/crfc/c: 0.478764328 0.521235672 0.000000000
KA:/crfc/r: 0.000000000 0.855465383 0.144534617
KA:/rcc/c: 0.702301436 0.297698564 0.000000000
KA:/rcc/ccrc: 0.000000000 0.875707626 0.124292374
KA:/rcc/ccrf: 0.000000000 0.968822669 0.031177331
KA:/rcc/r: 0.000000000 1.000000000 0.000000000
KA:/rcf/c: 1.000000000 0.000000000 0.000000000
KA:/rcf/r: 0.000000000 1.000000000 0.000000000
KJ:/ccc/c: 0.367424910 0.632575090 0.000000000
KJ:/ccc/ccrc: 0.000000000 0.313084724 0.686915276
KJ:/ccc/ccrf: 0.000000000 0.053785820 0.946214180
KJ:/ccc/r: 0.000000000 0.633628914 0.366371086
KJ:/ccrcc/c: 0.772298170 0.227701830 0.000000000
KJ:/ccrcc/ccrc: 0.000000000 0.391314079 0.608685921
KJ:/ccrcc/ccrf: 0.000000000 0.046975269 0.953024731
KJ:/ccrcc/r: 0.000000000 0.252199477 0.747800523
KJ:/ccrfc/: 0.443634322 0.556365678 0.000000000
KJ:/ccrfc/cr: 0.000000000 0.172781799 0.827218201
KJ:/crcc/c: 0.434499804 0.565500196 0.000000000
KJ:/crcc/ccrc: 0.000000000 0.540287941 0.459712059
KJ:/crcc/ccrf: 0.000000000 0.474252664 0.525747336
KJ:/crcc/r: 0.000000000 0.136141156 0.863858844
KJ:/crcf/: 0.496682444 0.503317556 0.000000000
KJ:/crcf/cr: 0.000000000 0.339701361 0.660298639
KJ:/crfc/c: 0.747123453 0.252876547 0.000000000
KJ:/crfc/r: 0.000000000 0.526696699 0.473303301
KJ:/rcc/c: 0.000000000 1.000000000 0.000000000
KJ:/rcc/ccrc: 0.000000000 0.301340817 0.698659183
KJ:/rcc/ccrf: 0.000000000 0.321852282 0.678147718
KJ:/rcc/r: 0.000000000 0.343593352 0.656406648
KJ:/rcf/c: 0.400212139 0.599787861 0.000000000
KJ:/rcf/r: 0.000000000 0.667410097 0.332589903
KQ:/ccc/c: 0.894130212 0.105869788 0.000000000
KQ:/ccc/ccrc: 0.000000000 0.517585739 0.482414261
KQ:/ccc/ccrf: 0.000000000 0.447452806 0.552547194
KQ:/ccc/r: 0.000000000 0.606519520 0.393480480
KQ:/ccrcc/c: 0.455902456 0.544097544 0.000000000
KQ:/ccrcc/ccrc: 0.000000000 0.271661712 0.728338288
KQ:/ccrcc/ccrf: 0.000000000 0.645109975 0.354890025
KQ:/ccrcc/r: 0.000000000 0.665565885 0.334434115
KQ:/ccrfc/: 0.418167100 0.581832900 0.000000000
KQ:/ccrfc/cr: 0.000000000 0.427595340 0.572404660
KQ:/crcc/c: 0.507205817 0.492794183 0.000000000
KQ:/crcc/ccrc: 0.000000000 0.270851902 0.729148098
KQ:/crcc/ccrf: 0.000000000 0.225014211 0.774985789
KQ:/crcc/r: 0.000000000 0.730985875 0.269014125
KQ:/crcf/: 0.602278813 0.397721187 0.000000000
KQ:/crcf/cr: 0.000000000 0.255492217 0.744507783
KQ:/crfc/c: 0.443384990 0.556615010 0.000000000
KQ:/crfc/r: 0.000000000 0.643721319 0.356278681
KQ:/rcc/c: 0.000128187 0.999871813 0.000000000
KQ:/rcc/ccrc: 0.000000000 0.143946196 0.856053804
KQ:/rcc/ccrf: 0.000000000 0.229577161 0.770422839
KQ:/rcc/r: 0.000000000 0.004327308 0.995672692
KQ:/rcf/c: 0.466092664 0.533907336 0.000000000
KQ:/rcf/r: 0.000000000 0.666831799 0.333168201
KT:/ccc/c: 0.466738625 0.533261375 0.000000000
KT:/ccc/ccrc: 0.000000000 0.753106747 0.246893253
KT:/ccc/ccrf: 0.000000000 0.045831117 0.954168883
KT:/ccc/r: 0.000000000 0.362210558 0.637789442
KT:/ccrcc/c: 0.384670369 0.615329631 0.000000000
KT:/ccrcc/ccrc: 0.000000000 0.847229594 0.152770406
KT:/ccrcc/ccrf: 0.000000000 0.467758907 0.532241093
KT:/ccrcc/r: 0.000000000 0.446427834 0.553572166
KT:/ccrfc/: 0.060679451 0.939320549 0.000000000
KT:/ccrfc/cr: 0.000000000 0.507488802 0.492511198
KT:/crcc/c: 0.710623971 0.289376029 0.000000000
KT:/crcc/ccrc: 0.000000000 0.762622583 0.237377417
KT:/crcc/ccrf: 0.000000000 0.242421708 0.757578292
KT:/crcc/r: 0.000000000 0.250462575 0.749537425
KT:/crcf/: 0.733231615 0.266768385 0.000000000
KT:/crcf/cr: 0.000000000 0.455012635 0.544987365
KT:/crfc/c: 0.828678392 0.171321608 0.000000000
KT:/crfc/r: 0.000000000 1.000000000 0.000000000
KT:/rcc/c: 0.126043058 0.873956942 0.000000000
KT:/rcc/ccrc: 0.000000000 0.180577946 0.819422054
KT:/rcc/ccrf: 0.000000000 0.516253749 0.483746251
KT:/rcc/r: 0.000000000 0.285316752 0.714683248
KT:/rcf/c: 0.000000000 1.000000000 0.000000000
KT:/rcf/r: 0.000000000 0.667077456 0.332922544
Q:/c: 0.558959080 0.441040920 0.000000000
Q:/ccrc: 0.000000000 0.664459737 0.335540263
Q:/ccrf: 0.000000000 0.943403671 0.056596329
Q:/r: 0.000000000 1.000000000 0.000000000
QA:/ccc/c: 0.601186365 0.398813635 0.000000000
QA:/ccc/ccrc: 0.000000000 0.212830844 0.787169156
QA:/ccc/ccrf: 0.000000000 0.331312835 0.668687165
QA:/ccc/r: 0.000000000 0.527052370 0.472947630
QA:/ccrcc/c: 0.293375810 0.706624190 0.000000000
QA:/ccrcc/ccrc: 0.000000000 0.380807144 0.619192856
QA:/ccrcc/ccrf: 0.000000000 0.567528898 0.432471102
QA:/ccrcc/r: 0.000000000 0.879976953 0.120023047
QA:/ccrfc/: 0.840849088 0.159150912 0.000000000
QA:/ccrfc/cr: 0.000000000 0.959861557 0.040138443
QA:/crcc/c: 0.943290778 0.056709222 0.000000000
QA:/crcc/ccrc: 0.000000000 0.430660647 0.569339353
QA:/crcc/ccrf: 0.000000000 0.615235603 0.384764397
QA:/crcc/r: 0.000000000 0.544946846 0.455053154
QA:/crcf/: 0.523592851 0.476407149 0.000000000
QA:/crcf/cr: 0.000000000 0.309348291 0.690651709
QA:/crfc/c: 0.372770000 0.627230000 0.000000000
QA:/crfc/r: 0.000000000 0.514921714 0.485078286
QA:/rcc/c: 0.688946725 0.311053275 0.000000000
QA:/rcc/ccrc: 0.000000000 0.434653281 0.565346719
QA:/rcc/ccrf: 0.000000000 0.573743361 0.426256639
QA:/rcc/r: 0.000000000 0.001346694 0.998653306
QA:/rcf/c: 0.803747230 0.196252770 0.000000000
QA:/rcf/r: 0.000000000 1.000000000 0.000000000
QJ:/ccc/c: 0.631654230 0.368345770 0.000000000
QJ:/ccc/ccrc: 0.000000000 0.349999308 0.650000692
QJ:/ccc/ccrf: 0.000000000 0.073812712 0.926187288
QJ:/ccc/r: 0.000000000 0.321018787 0.678981213
QJ:/ccrcc/c: 0.634171712 0.365828288 0.000000000
QJ:/ccrcc/ccrc: 0.000000000 0.615292942 0.384707058
QJ:/ccrcc/ccrf: 0.000000000 0.883535325 0.116464675
QJ:/ccrcc/r: 0.000000000 0.869895138 0.130104862
QJ:/ccrfc/: 0.501150174 0.498849826 0.000000000
QJ:/ccrfc/cr: 0.000000000 0.490522720 0.509477280
QJ:/crcc/c: 0.292223873 0.707776127 0.000000000
QJ:/crcc/ccrc: 0.000000000 0.584435844 0.415564156
QJ:/crcc/ccrf: 0.000000000 0.337897351 0.662102649
QJ:/crcc/r: 0.000000000 0.425016795 0.574983205
QJ:/crcf/: 0.842944635 0.157055365 0.000000000
QJ:/crcf/cr: 0.000000000 0.861904225 0.138095775
QJ:/crfc/c: 0.706309048 0.293690952 0.000000000
QJ:/crfc/r: 0.000000000 0.680156859 0.319843141
QJ:/rcc/c: 0.216350614 0.783649386 0.000000000
QJ:/rcc/ccrc: 0.000000000 0.000000000 1.000000000
QJ:/rcc/ccrf: 0.000000000 0.000298057 0.999701943
QJ:/rcc/r: 0.000000000 0.101711214 0.898288786
QJ:/rcf/c: 0.180248317 0.819751683 0.000000000
QJ:/rcf/r: 0.000000000 0.000000000 1.000000000
QK:/ccc/c: 0.621790932 0.378209068 0.000000000
QK:/ccc/ccrc: 0.000000000 0.308000992 0.691999008
QK:/ccc/ccrf: 0.000000000 0.537608426 0.462391574
QK:/ccc/r: 0.000000000 0.776638542 0.223361458
QK:/ccrcc/c: 0.455579856 0.544420144 0.000000000
QK:/ccrcc/ccrc: 0.000000000 0.673273655 0.326726345
QK:/ccrcc/ccrf: 0.000000000 0.765285012 0.234714988
QK:/ccrcc/r: 0.000000000 0.730912729 0.269087271
QK:/ccrfc/: 0.408958297 0.591041703 0.000000000
QK:/ccrfc/cr: 0.000000000 0.269154693 0.730845307
QK:/crcc/c: 0.291886887 0.708113113 0.000000000
QK:/crcc/ccrc: 0.000000000 0.189294588 0.810705412
QK:/crcc/ccrf: 0.000000000 0.300939976 0.699060024
QK:/crcc/r: 0.000000000 0.773355775 0.226644225
QK:/crcf/: 0.147629161 0.852370839 0.000000000
QK:/crcf/cr: 0.000000000 0.427295125 0.572704875
QK:/crfc/c: 0.162343111 0.837656889 0.000000000
QK:/crfc/r: 0.000000000 0.646332969 0.353667031
QK:/rcc/c: 0.000039780 0.999960220 0.000000000
QK:/rcc/ccrc: 0.000000000 0.586001690 0.413998310
QK:/rcc/ccrf: 0.000000000 0.313905308 0.686094692
QK:/rcc/r: 0.000000000 0.235795251 0.764204749
QK:/rcf/c: 0.803702586 0.196297414 0.000000000
QK:/rcf/r: 0.000000000 1.000000000 0.000000000
QT:/ccc/c: 0.041199688 0.958800312 0.000000000
QT:/ccc/ccrc: 0.000000000 0.155012506 0.844987494
QT:/ccc/ccrf: 0.000000000 0.739628514 0.260371486
QT:/ccc/r: 0.000000000 0.877910511 0.122089489
QT:/ccrcc/c: 0.560189278 0.439810722 0.000000000
QT:/ccrcc/ccrc: 0.000000000 0.845584386 0.154415614
QT:/ccrcc/ccrf: 0.000000000 0.702869488 0.297130512
QT:/ccrcc/r: 0.000000000 0.518944670 0.481055330
QT:/ccrfc/: 0.498726779 0.501273221 0.000000000
QT:/ccrfc/cr: 0.000000000 0.494852262 0.505147738
QT:/crcc/c: 0.238177147 0.761822853 0.000000000
QT:/crcc/ccrc: 0.000000000 0.487773219 0.512226781
QT:/crcc/ccrf: 0.000000000 0.579866268 0.420133732
QT:/crcc/r: 0.000000000 0.386227114 0.613772886
QT:/crcf/: 0.603731763 0.396268237 0.000000000
QT:/crcf/cr: 0.000000000 0.426177700 0.573822300
QT:/crfc/c: 0.454208300 0.545791700 0.000000000
QT:/crfc/r: 0.000000000 0.117093338 0.882906662
QT:/rcc/c: 0.238515518 0.761484482 0.000000000
QT:/rcc/ccrc: 0.000000000 0.000000000 1.000000000
QT:/rcc/ccrf: 0.000000000 0.000000000 1.000000000
QT:/rcc/r: 0.000000000 0.238669576 0.761330424
QT:/rcf/c: 0.314439544 0.685560456 0.000000000
QT:/rcf/r: 0.000000000 0.000000000 1.000000000
T:/c: 0.150292561 0.849707439 0.000000000
T:/ccrc: 0.000000000 0.125854584 0.874145416
T:/ccrf: 0.000000000 0.656095756 0.343904244
T:/r: 0.000000000 1.000000000 0.000000000
TA:/ccc/c: 0.247673022 0.752326978 0.000000000
TA:/ccc/ccrc: 0.000000000 0.314381679 0.685618321
TA:/ccc/ccrf: 0.000000000 0.525366705 0.474633295
TA:/ccc/r: 0.000000000 0.525165633 0.474834367
TA:/ccrcc/c: 0.857274015 0.142725985 0.000000000
TA:/ccrcc/ccrc: 0.000000000 0.892295310 0.107704690
TA:/ccrcc/ccrf: 0.000000000 0.376390745 0.623609255
TA:/ccrcc/r: 0.000000000 0.574003231 0.425996769
TA:/ccrfc/: 0.567586880 0.432413120 0.000000000
TA:/ccrfc/cr: 0.000000000 0.622599076 0.377400924
TA:/crcc/c: 0.442951948 0.557048052 0.000000000
TA:/crcc/ccrc: 0.000000000 0.532914333 0.467085667
TA:/crcc/ccrf: 0.000000000 0.498811441 0.501188559
TA:/crcc/r: 0.000000000 0.379537552 0.620462448
TA:/crcf/: 0.549409087 0.450590913 0.000000000
TA:/crcf/cr: 0.000000000 0.417740255 0.582259745
TA:/crfc/c: 0.377988488 0.622011512 0.000000000
TA:/crfc/r: 0.000000000 0.896141202 0.103858798
TA:/rcc/c: 0.000039165 0.999960835 0.000000000
TA:/rcc/ccrc: 0.000000000 0.278974445 0.721025555
TA:/rcc/ccrf: 0.000000000 0.292056579 0.707943421
TA:/rcc/r: 0.000000000 0.000000000 1.000000000
TA:/rcf/c: 0.541208212 0.458791788 0.000000000
TA:/rcf/r: 0.000000000 0.000000000 1.000000000
TJ:/ccc/c: 0.197032265 0.802967735 0.000000000
TJ:/ccc/ccrc: 0.000000000 0.714839392 0.285160608
TJ:/ccc/ccrf: 0.000000000 0.546471360 0.453528640
TJ:/ccc/r: 0.000000000 0.362258553 0.637741447
TJ:/ccrcc/c: 0.334980079 0.665019921 0.000000000
TJ:/ccrcc/ccrc: 0.000000000 0.641476932 0.358523068
TJ:/ccrcc/ccrf: 0.000000000 0.353500434 0.646499566
TJ:/ccrcc/r: 0.000000000 0.397052220 0.602947780
TJ:/ccrfc/: 0.573865740 0.426134260 0.000000000
TJ:/ccrfc/cr: 0.000000000 0.204016335 0.795983665
TJ:/crcc/c: 0.348210231 0.651789769 0.000000000
TJ:/crcc/ccrc: 0.000000000 0.643165377 0.356834623
TJ:/crcc/ccrf: 0.000000000 0.975924427 0.024075573
TJ:/crcc/r: 0.000000000 0.410589694 0.589410306
TJ:/crcf/: 0.566126176 0.433873824 0.000000000
TJ:/crcf/cr: 0.000000000 0.351285044 0.648714956
TJ:/crfc/c: 0.229050602 0.770949398 0.000000000
TJ:/crfc/r: 0.000000000 0.690698731 0.309301269
TJ:/rcc/c: 0.138133254 0.861866746 0.000000000
TJ:/rcc/ccrc: 0.000000000 0.000000000 1.000000000
TJ:/rcc/ccrf: 0.000000000 0.000000000 1.000000000
TJ:/rcc/r: 0.000000000 0.000000000 1.000000000
TJ:/rcf/c: 0.150102097 0.849897903 0.000000000
TJ:/rcf/r: 0.000000000 0.000000000 1.000000000
TK:/ccc/c: 0.167073192 0.832926808 0.000000000
TK:/ccc/ccrc: 0.000000000 0.685412116 0.314587884
TK:/ccc/ccrf: 0.000000000 0.237667471 0.762332529
TK:/ccc/r: 0.000000000 0.127792867 0.872207133
TK:/ccrcc/c: 0.394041596 0.605958404 0.000000000
TK:/ccrcc/ccrc: 0.000000000 0.930334945 0.069665055
TK:/ccrcc/ccrf: 0.000000000 0.332003242 0.667996758
TK:/ccrcc/r: 0.000000000 0.480445588 0.519554412
TK:/ccrfc/: 0.567094525 0.432905475 0.000000000
TK:/ccrfc/cr: 0.000000000 0.486115633 0.513884367
TK:/crcc/c: 0.450538545 0.549461455 0.000000000
TK:/crcc/ccrc: 0.000000000 0.485405619 0.514594381
TK:/crcc/ccrf: 0.000000000 0.436659157 0.563340843
TK:/crcc/r: 0.000000000 0.400651155 0.599348845
TK:/crcf/: 0.815842123 0.184157877 0.000000000
TK:/crcf/cr: 0.000000000 0.452842457 0.547157543
TK:/crfc/c: 0.606926862 0.393073138 0.000000000
TK:/crfc/r: 0.000000000 0.563424370 0.436575630
TK:/rcc/c: 0.049660454 0.950339546 0.000000000
TK:/rcc/ccrc: 0.000000000 0.414139579 0.585860421
TK:/rcc/ccrf: 0.000000000 0.000000000 1.000000000
TK:/rcc/r: 0.000000000 0.000000000 1.000000000
TK:/rcf/c: 0.540921199 0.459078801 0.000000000
TK:/rcf/r: 0.000000000 0.000000000 1.000000000
TQ:/ccc/c: 0.031767452 0.968232548 0.000000000
TQ:/ccc/ccrc: 0.000000000 0.445115015 0.554884985
TQ:/ccc/ccrf: 0.000000000 0.890993512 0.109006488
TQ:/ccc/r: 0.000000000 0.455380243 0.544619757
TQ:/ccrcc/c: 0.211307325 0.788692675 0.000000000
TQ:/ccrcc/ccrc: 0.000000000 0.610340591 0.389659409
TQ:/ccrcc/ccrf: 0.000000000 0.531675306 0.468324694
TQ:/ccrcc/r: 0.000000000 0.106089865 0.893910135
TQ:/ccrfc/: 0.337034455 0.662965545 0.000000000
TQ:/ccrfc/cr: 0.000000000 0.471219899 0.528780101
TQ:/crcc/c: 0.226966425 0.773033575 0.000000000
TQ:/crcc/ccrc: 0.000000000 0.068781758 0.931218242
TQ:/crcc/ccrf: 0.000000000 0.378143581 0.621856419
TQ:/crcc/r: 0.000000000 0.237404899 0.762595101
TQ:/crcf/: 0.447203497 0.552796503 0.000000000
TQ:/crcf/cr: 0.000000000 0.414233301 0.585766699
TQ:/crfc/c: 0.902187779 0.097812221 0.000000000
TQ:/crfc/r: 0.000000000 0.000000000 1.000000000
TQ:/rcc/c: 0.120708985 0.879291015 0.000000000
TQ:/rcc/ccrc: 0.000000000 0.000000000 1.000000000
TQ:/rcc/ccrf: 0.000000000 0.000000000 1.000000000
TQ:/rcc/r: 0.000000000 0.000000000 1.000000000
TQ:/rcf/c: 0.179100712 0.820899288 0.000000000
TQ:/rcf/r: 0.000000000 0.000000000 1.000000000
