A:/cc: 0.623991363 0.376008637 0.000000000
A:/cr: 0.000000000 0.290317704 0.709682296
A:/rc: 0.000000000 1.000000000 0.000000000
A:/rf: 0.000000000 0.651947023 0.348052977
AJ:/ccc/cc: 0.846428153 0.153571847 0.000000000
AJ:/ccc/cr: 0.000000000 0.616828669 0.383171331
AJ:/ccc/rc: 0.000000000 0.375084039 0.624915961
AJ:/ccc/rf: 0.000000000 0.155534421 0.844465579
AJ:/ccrcc/cc: 0.543267013 0.456732987 0.000000000
AJ:/ccrcc/cr: 0.000000000 0.818780825 0.181219175
AJ:/ccrcc/rc: 0.000000000 0.344601885 0.655398115
AJ:/ccrcc/rf: 0.000000000 0.690353597 0.309646403
AJ:/ccrcf/c: 0.376280354 0.623719646 0.000000000
AJ:/ccrcf/r: 0.000000000 0.702642423 0.297357577
AJ:/ccrfc/c: 0.506995771 0.493004229 0.000000000
AJ:/ccrfc/r: 0.000000000 0.802396195 0.197603805
AJ:/crcc/cc: 0.488327653 0.511672347 0.000000000
AJ:/crcc/cr: 0.000000000 0.548115284 0.451884716
AJ:/crcc/rc: 0.000000000 0.434602607 0.565397393
AJ:/crcc/rf: 0.000000000 0.888854703 0.111145297
AJ:/crcf/c: 0.519010197 0.480989803 0.000000000
AJ:/crcf/r: 0.000000000 0.541151851 0.458848149
AJ:/rcc/cc: 0.999933126 0.000066874 0.000000000
AJ:/rcc/cr: 0.000000000 1.000000000 0.000000000
AJ:/rcc/rc: 0.000000000 0.082782950 0.917217050
AJ:/rcc/rf: 0.000000000 0.084233240 0.915766760
AJ:/rfc/c: 0.384941855 0.615058145 0.000000000
AJ:/rfc/r: 0.000000000 0.866819793 0.133180207
AK:/ccc/cc: 0.178845404 0.821154596 0.000000000
AK:/ccc/cr: 0.000000000 0.268053907 0.731946093
AK:/ccc/rc: 0.000000000 0.485741904 0.514258096
AK:/ccc/rf: 0.000000000 0.613371151 0.386628849
AK:/ccrcc/cc: 0.118470984 0.881529016 0.000000000
AK:/ccrcc/cr: 0.000000000 0.640079387 0.359920613
AK:/ccrcc/rc: 0.000000000 0.388754301 0.611245699
AK:/ccrcc/rf: 0.000000000 0.470991716 0.529008284
AK:/ccrcf/c: 0.117955408 0.882044592 0.000000000
AK:/ccrcf/r: 0.000000000 0.091722271 0.908277729
AK:/ccrfc/c: 0.129947397 0.870052603 0.000000000
AK:/ccrfc/r: 0.000000000 0.653811598 0.346188402
AK:/crcc/cc: 0.504662072 0.495337928 0.000000000
AK:/crcc/cr: 0.000000000 0.579804529 0.420195471
AK:/crcc/rc: 0.000000000 0.485060628 0.514939372
AK:/crcc/rf: 0.000000000 0.533528879 0.466471121
AK:/crcf/c: 0.648841964 0.351158036 0.000000000
AK:/crcf/r: 0.000000000 0.304631153 0.695368847
AK:/rcc/cc: 0.000017635 0.999982365 0.000000000
AK:/rcc/cr: 0.000000000 0.925503825 0.074496175
AK:/rcc/rc: 0.000000000 0.937619506 0.062380494
AK:/rcc/rf: 0.000000000 0.428244099 0.571755901
AK:/rfc/c: 0.345279048 0.654720952 0.000000000
AK:/rfc/r: 0.000000000 0.140757141 0.859242859
AQ:/ccc/cc: 0.881877178 0.118122822 0.000000000
AQ:/ccc/cr: 0.000000000 0.603175486 0.396824514
AQ:/ccc/rc: 0.000000000 0.579436088 0.420563912
AQ:/ccc/rf: 0.000000000 0.474356719 0.525643281
AQ:/ccrcc/cc: 0.442261376 0.557738624 0.000000000
AQ:/ccrcc/cr: 0.000000000 0.387255076 0.612744924
AQ:/ccrcc/rc: 0.000000000 0.521536637 0.478463363
AQ:/ccrcc/rf: 0.000000000 0.443612136 0.556387864
AQ:/ccrcf/c: 0.250018636 0.749981364 0.000000000
AQ:/ccrcf/r: 0.000000000 0.965153067 0.034846933
AQ:/ccrfc/c: 0.481067357 0.518932643 0.000000000
AQ:/ccrfc/r: 0.000000000 0.500838773 0.499161227
AQ:/crcc/cc: 0.205064252 0.794935748 0.000000000
AQ:/crcc/cr: 0.000000000 0.181947702 0.818052298
AQ:/crcc/rc: 0.000000000 0.340849783 0.659150217
AQ:/crcc/rf: 0.000000000 0.782671094 0.217328906
AQ:/crcf/c: 0.603567411 0.396432589 0.000000000
AQ:/crcf/r: 0.000000000 0.495904453 0.504095547
AQ:/rcc/cc: 0.164782385 0.835217615 0.000000000
AQ:/rcc/cr: 0.000000000 0.866633732 0.133366268
AQ:/rcc/rc: 0.000000000 1.000000000 0.000000000
AQ:/rcc/rf: 0.000000000 0.434013070 0.565986930
AQ:/rfc/c: 0.164227493 0.835772507 0.000000000
AQ:/rfc/r: 0.000000000 0.254048492 0.745951508
AT:/ccc/cc: 0.127012790 0.872987210 0.000000000
AT:/ccc/cr: 0.000000000 0.563842160 0.436157840
AT:/ccc/rc: 0.000000000 0.686904215 0.313095785
AT:/ccc/rf: 0.000000000 0.606494624 0.393505376
AT:/ccrcc/cc: 0.755590279 0.244409721 0.000000000
AT:/ccrcc/cr: 0.000000000 0.312465991 0.687534009
AT:/ccrcc/rc: 0.000000000 0.534951086 0.465048914
AT:/ccrcc/rf: 0.000000000 0.776544659 0.223455341
AT:/ccrcf/c: 0.578056943 0.421943057 0.000000000
AT:/ccrcf/r: 0.000000000 0.182430955 0.817569045
AT:/ccrfc/c: 0.822397422 0.177602578 0.000000000
AT:/ccrfc/r: 0.000000000 0.708288199 0.291711801
AT:/crcc/cc: 0.240673665 0.759326335 0.000000000
AT:/crcc/cr: 0.000000000 0.696783098 0.303216902
AT:/crcc/rc: 0.000000000 0.543521698 0.456478302
AT:/crcc/rf: 0.000000000 0.449595346 0.550404654
AT:/crcf/c: 0.234423564 0.765576436 0.000000000
AT:/crcf/r: 0.000000000 0.725326553 0.274673447
AT:/rcc/cc: 0.422519381 0.577480619 0.000000000
AT:/rcc/cr: 0.000000000 0.863080033 0.136919967
AT:/rcc/rc: 0.000000000 1.000000000 0.000000000
AT:/rcc/rf: 0.000000000 0.192249132 0.807750868
AT:/rfc/c: 0.115987124 0.884012876 0.000000000
AT:/rfc/r: 0.000000000 0.503279995 0.496720005
J:/cc: 0.336824747 0.663175253 0.000000000
J:/cr: 0.000000000 0.165434057 0.834565943
J:/rc: 0.000000000 0.124871136 0.875128864
J:/rf: 0.000000000 0.841880476 0.158119524
JA:/ccc/cc: 0.282889693 0.717110307 0.000000000
JA:/ccc/cr: 0.000000000 0.849303320 0.150696680
JA:/ccc/rc: 0.000000000 0.564814786 0.435185214
JA:/ccc/rf: 0.000000000 0.874959954 0.125040046
JA:/ccrcc/cc: 0.644561283 0.355438717 0.000000000
JA:/ccrcc/cr: 0.000000000 0.624065716 0.375934284
JA:/ccrcc/rc: 0.000000000 0.204207206 0.795792794
JA:/ccrcc/rf: 0.000000000 0.803105959 0.196894041
JA:/ccrcf/c: 0.576924146 0.423075854 0.000000000
JA:/ccrcf/r: 0.000000000 0.384744144 0.615255856
JA:/ccrfc/c: 0.169987679 0.830012321 0.000000000
JA:/ccrfc/r: 0.000000000 0.564534466 0.435465534
JA:/crcc/cc: 0.379762202 0.620237798 0.000000000
JA:/crcc/cr: 0.000000000 0.716810887 0.283189113
JA:/crcc/rc: 0.000000000 0.434613848 0.565386152
JA:/crcc/rf: 0.000000000 0.699881746 0.300118254
JA:/crcf/c: 0.398613231 0.601386769 0.000000000
JA:/crcf/r: 0.000000000 0.621486803 0.378513197
JA:/rcc/cc: 0.000000000 1.000000000 0.000000000
JA:/rcc/cr: 0.000000000 0.774711966 0.225288034
JA:/rcc/rc: 0.000000000 0.000000000 1.000000000
JA:/rcc/rf: 0.000000000 0.400120860 0.599879140
JA:/rfc/c: 0.339010099 0.660989901 0.000000000
JA:/rfc/r: 0.000000000 0.617210424 0.382789576
JK:/ccc/cc: 0.347679087 0.652320913 0.000000000
JK:/ccc/cr: 0.000000000 0.586128853 0.413871147
JK:/ccc/rc: 0.000000000 0.232263397 0.767736603
JK:/ccc/rf: 0.000000000 0.712958404 0.287041596
JK:/ccrcc/cc: 0.452459976 0.547540024 0.000000000
JK:/ccrcc/cr: 0.000000000 0.553315999 0.446684001
JK:/ccrcc/rc: 0.000000000 0.486227692 0.513772308
JK:/ccrcc/rf: 0.000000000 0.495198515 0.504801485
JK:/ccrcf/c: 0.654025182 0.345974818 0.000000000
JK:/ccrcf/r: 0.000000000 0.363424138 0.636575862
JK:/ccrfc/c: 0.630756728 0.369243272 0.000000000
JK:/ccrfc/r: 0.000000000 0.576398345 0.423601655
JK:/crcc/cc: 0.742398673 0.257601327 0.000000000
JK:/crcc/cr: 0.000000000 0.891051757 0.108948243
JK:/crcc/rc: 0.000000000 0.399177770 0.600822230
JK:/crcc/rf: 0.000000000 0.642632832 0.357367168
JK:/crcf/c: 0.692286574 0.307713426 0.000000000
JK:/crcf/r: 0.000000000 0.885907974 0.114092026
JK:/rcc/cc: 0.000000000 1.000000000 0.000000000
JK:/rcc/cr: 0.000000000 0.000002617 0.999997383
JK:/rcc/rc: 0.000000000 0.000000000 1.000000000
JK:/rcc/rf: 0.000000000 0.205705616 0.794294384
JK:/rfc/c: 0.029647932 0.970352068 0.000000000
JK:/rfc/r: 0.000000000 0.910649172 0.089350828
JQ:/ccc/cc: 0.499251151 0.500748849 0.000000000
JQ:/ccc/cr: 0.000000000 0.513520659 0.486479341
JQ:/ccc/rc: 0.000000000 0.384077232 0.615922768
JQ:/ccc/rf: 0.000000000 0.351892086 0.648107914
JQ:/ccrcc/cc: 0.524404007 0.475595993 0.000000000
JQ:/ccrcc/cr: 0.000000000 0.296523725 0.703476275
JQ:/ccrcc/rc: 0.000000000 0.168688778 0.831311222
JQ:/ccrcc/rf: 0.000000000 0.418338127 0.581661873
JQ:/ccrcf/c: 0.506452173 0.493547827 0.000000000
JQ:/ccrcf/r: 0.000000000 0.220858865 0.779141135
JQ:/ccrfc/c: 0.432668647 0.567331353 0.000000000
JQ:/ccrfc/r: 0.000000000 0.413203316 0.586796684
JQ:/crcc/cc: 0.156356876 0.843643124 0.000000000
JQ:/crcc/cr: 0.000000000 0.887916123 0.112083877
JQ:/crcc/rc: 0.000000000 0.578643341 0.421356659
JQ:/crcc/rf: 0.000000000 0.356836372 0.643163628
JQ:/crcf/c: 0.337919132 0.662080868 0.000000000
JQ:/crcf/r: 0.000000000 0.339410798 0.660589202
JQ:/rcc/cc: 0.044779953 0.955220047 0.000000000
JQ:/rcc/cr: 0.000000000 0.000000000 1.000000000
JQ:/rcc/rc: 0.000000000 0.000000000 1.000000000
JQ:/rcc/rf: 0.000000000 0.701760281 0.298239719
JQ:/rfc/c: 0.624169330 0.375830670 0.000000000
JQ:/rfc/r: 0.000000000 0.889728428 0.110271572
JT:/ccc/cc: 0.425758541 0.574241459 0.000000000
JT:/ccc/cr: 0.000000000 0.625807519 0.374192481
JT:/ccc/rc: 0.000000000 0.624141570 0.375858430
JT:/ccc/rf: 0.000000000 0.264504574 0.735495426
JT:/ccrcc/cc: 0.597784629 0.402215371 0.000000000
JT:/ccrcc/cr: 0.000000000 0.085221273 0.914778727
JT:/ccrcc/rc: 0.000000000 0.490734357 0.509265643
JT:/ccrcc/rf: 0.000000000 0.735873183 0.264126817
JT:/ccrcf/c: 0.269861485 0.730138515 0.000000000
JT:/ccrcf/r: 0.000000000 0.663654336 0.336345664
JT:/ccrfc/c: 0.545308660 0.454691340 0.000000000
JT:/ccrfc/r: 0.000000000 0.229233068 0.770766932
JT:/crcc/cc: 0.459412592 0.540587408 0.000000000
JT:/crcc/cr: 0.000000000 0.463502774 0.536497226
JT:/crcc/rc: 0.000000000 0.495534459 0.504465541
JT:/crcc/rf: 0.000000000 0.479606773 0.520393227
JT:/crcf/c: 0.061572056 0.938427944 0.000000000
JT:/crcf/r: 0.000000000 0.746238040 0.253761960
JT:/rcc/cc: 0.066570333 0.933429667 0.000000000
JT:/rcc/cr: 0.000000000 0.000244464 0.999755536
JT:/rcc/rc: 0.000000000 0.000000000 1.000000000
JT:/rcc/rf: 0.000000000 0.773983629 0.226016371
JT:/rfc/c: 0.617132758 0.382867242 0.000000000
JT:/rfc/r: 0.000000000 0.899518847 0.100481153
K:/cc: 0.076386081 0.923613919 0.000000000
K:/cr: 0.000000000 0.784365338 0.215634662
K:/rc: 0.000000000 1.000000000 0.000000000
K:/rf: 0.000000000 0.753507645 0.246492355
KA:/ccc/cc: 0.932765590 0.067234410 0.000000000
KA:/ccc/cr: 0.000000000 0.159648419 0.840351581
KA:/ccc/rc: 0.000000000 0.712156649 0.287843351
KA:/ccc/rf: 0.000000000 0.012077355 0.987922645
KA:/ccrcc/cc: 0.616140748 0.383859252 0.000000000
KA:/ccrcc/cr: 0.000000000 0.844460987 0.155539013
KA:/ccrcc/rc: 0.000000000 0.541471292 0.458528708
KA:/ccrcc/rf: 0.000000000 0.472954004 0.527045996
KA:/ccrcf/c: 0.518866766 0.481133234 0.000000000
KA:/ccrcf/r: 0.000000000 0.489809736 0.510190264
KA:/ccrfc/c: 0.163518195 0.836481805 0.000000000
KA:/ccrfc/r: 0.000000000 0.711247906 0.288752094
KA:/crcc/cc: 0.433784995 0.566215005 0.000000000
KA:/crcc/cr: 0.000000000 0.036339472 0.963660528
KA:/crcc/rc: 0.000000000 0.322349748 0.677650252
KA:/crcc/rf: 0.000000000 0.073037280 0.926962720
KA:/crcf/c: 0.460720313 0.539279687 0.000000000
KA:/crcf/r: 0.000000000 0.497357705 0.502642295
KA:/rcc/cc: 0.000000000 1.000000000 0.000000000
KA:/rcc/cr: 0.000000000 0.776795214 0.223204786
KA:/rcc/rc: 0.000000000 0.928642654 0.071357346
KA:/rcc/rf: 0.000000000 0.534670632 0.465329368
KA:/rfc/c: 0.209157368 0.790842632 0.000000000
KA:/rfc/r: 0.000000000 0.601924723 0.398075277
KJ:/ccc/cc: 0.193475722 0.806524278 0.000000000
KJ:/ccc/cr: 0.000000000 0.801135414 0.198864586
KJ:/ccc/rc: 0.000000000 0.277596639 0.722403361
KJ:/ccc/rf: 0.000000000 0.239206707 0.760793293
KJ:/ccrcc/cc: 0.612409898 0.387590102 0.000000000
KJ:/ccrcc/cr: 0.000000000 0.449547237 0.550452763
KJ:/ccrcc/rc: 0.000000000 0.782422504 0.217577496
KJ:/ccrcc/rf: 0.000000000 0.923012927 0.076987073
KJ:/ccrcf/c: 0.481070266 0.518929734 0.000000000
KJ:/ccrcf/r: 0.000000000 0.510234412 0.489765588
KJ:/ccrfc/c: 0.485338420 0.514661580 0.000000000
KJ:/ccrfc/r: 0.000000000 0.398509048 0.601490952
KJ:/crcc/cc: 0.320699302 0.679300698 0.000000000
KJ:/crcc/cr: 0.000000000 0.884271295 0.115728705
KJ:/crcc/rc: 0.000000000 0.811169159 0.188830841
KJ:/crcc/rf: 0.000000000 0.149029635 0.850970365
KJ:/crcf/c: 0.706298908 0.293701092 0.000000000
KJ:/crcf/r: 0.000000000 0.177547577 0.822452423
KJ:/rcc/cc: 0.228462854 0.771537146 0.000000000
KJ:/rcc/cr: 0.000000000 0.433474679 0.566525321
KJ:/rcc/rc: 0.000000000 0.922653589 0.077346411
KJ:/rcc/rf: 0.000000000 0.260140897 0.739859103
KJ:/rfc/c: 0.946707008 0.053292992 0.000000000
KJ:/rfc/r: 0.000000000 0.749088023 0.250911977
KQ:/ccc/cc: 0.561394316 0.438605684 0.000000000
KQ:/ccc/cr: 0.000000000 0.354768063 0.645231937
KQ:/ccc/rc: 0.000000000 0.385143700 0.614856300
KQ:/ccc/rf: 0.000000000 0.228724005 0.771275995
KQ:/ccrcc/cc: 0.649881085 0.350118915 0.000000000
KQ:/ccrcc/cr: 0.000000000 0.452131356 0.547868644
KQ:/ccrcc/rc: 0.000000000 0.733955077 0.266044923
KQ:/ccrcc/rf: 0.000000000 0.267238179 0.732761821
KQ:/ccrcf/c: 0.343922944 0.656077056 0.000000000
KQ:/ccrcf/r: 0.000000000 0.980002729 0.019997271
KQ:/ccrfc/c: 0.065409261 0.934590739 0.000000000
KQ:/ccrfc/r: 0.000000000 0.274156679 0.725843321
KQ:/crcc/cc: 0.616346066 0.383653934 0.000000000
KQ:/crcc/cr: 0.000000000 0.354812894 0.645187106
KQ:/crcc/rc: 0.000000000 0.113660198 0.886339802
KQ:/crcc/rf: 0.000000000 0.163234035 0.836765965
KQ:/crcf/c: 0.433661317 0.566338683 0.000000000
KQ:/crcf/r: 0.000000000 0.492035749 0.507964251
KQ:/rcc/cc: 0.014351316 0.985648684 0.000000000
KQ:/rcc/cr: 0.000000000 0.138792637 0.861207363
KQ:/rcc/rc: 0.000000000 0.569498031 0.430501969
KQ:/rcc/rf: 0.000000000 0.153273114 0.846726886
KQ:/rfc/c: 0.249038805 0.750961195 0.000000000
KQ:/rfc/r: 0.000000000 0.594039059 0.405960941
KT:/ccc/cc: 0.568313871 0.431686129 0.000000000
KT:/ccc/cr: 0.000000000 0.999356054 0.000643946
KT:/ccc/rc: 0.000000000 0.147980818 0.852019182
KT:/ccc/rf: 0.000000000 0.503803862 0.496196138
KT:/ccrcc/cc: 0.006854240 0.993145760 0.000000000
KT:/ccrcc/cr: 0.000000000 0.445080982 0.554919018
KT:/ccrcc/rc: 0.000000000 0.385204075 0.614795925
KT:/ccrcc/rf: 0.000000000 0.479419073 0.520580927
KT:/ccrcf/c: 0.320108911 0.679891089 0.000000000
KT:/ccrcf/r: 0.000000000 0.301867358 0.698132642
KT:/ccrfc/c: 0.631639714 0.368360286 0.000000000
KT:/ccrfc/r: 0.000000000 0.795760855 0.204239145
KT:/crcc/cc: 0.465245420 0.534754580 0.000000000
KT:/crcc/cr: 0.000000000 0.548371258 0.451628742
KT:/crcc/rc: 0.000000000 0.909434558 0.090565442
KT:/crcc/rf: 0.000000000 0.243458559 0.756541441
KT:/crcf/c: 0.895404023 0.104595977 0.000000000
KT:/crcf/r: 0.000000000 0.912143346 0.087856654
KT:/rcc/cc: 0.371397936 0.628602064 0.000000000
KT:/rcc/cr: 0.000000000 0.181126394 0.818873606
KT:/rcc/rc: 0.000000000 0.615791441 0.384208559
KT:/rcc/rf: 0.000000000 0.706411189 0.293588811
KT:/rfc/c: 0.510374163 0.489625837 0.000000000
KT:/rfc/r: 0.000000000 0.530973095 0.469026905
Q:/cc: 0.503228575 0.496771425 0.000000000
Q:/cr: 0.000000000 0.623004210 0.376995790
Q:/rc: 0.000000000 0.203516728 0.796483272
Q:/rf: 0.000000000 0.225671000 0.774329000
QA:/ccc/cc: 0.249567118 0.750432882 0.000000000
QA:/ccc/cr: 0.000000000 0.531603957 0.468396043
QA:/ccc/rc: 0.000000000 0.592841774 0.407158226
QA:/ccc/rf: 0.000000000 0.314908039 0.685091961
QA:/ccrcc/cc: 0.897272932 0.102727068 0.000000000
QA:/ccrcc/cr: 0.000000000 0.598603746 0.401396254
QA:/ccrcc/rc: 0.000000000 0.952641665 0.047358335
QA:/ccrcc/rf: 0.000000000 0.373558300 0.626441700
QA:/ccrcf/c: 0.862080924 0.137919076 0.000000000
QA:/ccrcf/r: 0.000000000 0.382573659 0.617426341
QA:/ccrfc/c: 0.547877133 0.452122867 0.000000000
QA:/ccrfc/r: 0.000000000 0.653511299 0.346488701
QA:/crcc/cc: 0.443689725 0.556310275 0.000000000
QA:/crcc/cr: 0.000000000 0.506949544 0.493050456
QA:/crcc/rc: 0.000000000 0.401860525 0.598139475
QA:/crcc/rf: 0.000000000 0.541106352 0.458893648
QA:/crcf/c: 0.494174460 0.505825540 0.000000000
QA:/crcf/r: 0.000000000 0.461103385 0.538896615
QA:/rcc/cc: 0.000000000 1.000000000 0.000000000
QA:/rcc/cr: 0.000000000 0.513195902 0.486804098
QA:/rcc/rc: 0.000000000 0.000000000 1.000000000
QA:/rcc/rf: 0.000000000 0.477868258 0.522131742
QA:/rfc/c: 0.457148646 0.542851354 0.000000000
QA:/rfc/r: 0.000000000 0.371565594 0.628434406
QJ:/ccc/cc: 0.339807606 0.660192394 0.000000000
QJ:/ccc/cr: 0.000000000 0.064015670 0.935984330
QJ:/ccc/rc: 0.000000000 0.580245528 0.419754472
QJ:/ccc/rf: 0.000000000 0.303975809 0.696024191
QJ:/ccrcc/cc: 0.730147943 0.269852057 0.000000000
QJ:/ccrcc/cr: 0.000000000 0.007932962 0.992067038
QJ:/ccrcc/rc: 0.000000000 0.241265677 0.758734323
QJ:/ccrcc/rf: 0.000000000 0.388650227 0.611349773
QJ:/ccrcf/c: 0.014014608 0.985985392 0.000000000
QJ:/ccrcf/r: 0.000000000 0.464518563 0.535481437
QJ:/ccrfc/c: 0.458138234 0.541861766 0.000000000
QJ:/ccrfc/r: 0.000000000 0.518099046 0.481900954
QJ:/crcc/cc: 0.701679725 0.298320275 0.000000000
QJ:/crcc/cr: 0.000000000 0.413623485 0.586376515
QJ:/crcc/rc: 0.000000000 0.471067866 0.528932134
QJ:/crcc/rf: 0.000000000 0.435518192 0.564481808
QJ:/crcf/c: 0.804953356 0.195046644 0.000000000
QJ:/crcf/r: 0.000000000 0.953370482 0.046629518
QJ:/rcc/cc: 0.812958909 0.187041091 0.000000000
QJ:/rcc/cr: 0.000000000 0.000000000 1.000000000
QJ:/rcc/rc: 0.000000000 0.262097332 0.737902668
QJ:/rcc/rf: 0.000000000 0.661668553 0.338331447
QJ:/rfc/c: 0.578582472 0.421417528 0.000000000
QJ:/rfc/r: 0.000000000 0.749714203 0.250285797
QK:/ccc/cc: 0.170552392 0.829447608 0.000000000
QK:/ccc/cr: 0.000000000 0.243948572 0.756051428
QK:/ccc/rc: 0.000000000 0.147651369 0.852348631
QK:/ccc/rf: 0.000000000 0.687728645 0.312271355
QK:/ccrcc/cc: 0.935746472 0.064253528 0.000000000
QK:/ccrcc/cr: 0.000000000 0.486840345 0.513159655
QK:/ccrcc/rc: 0.000000000 0.602256289 0.397743711
QK:/ccrcc/rf: 0.000000000 0.605301697 0.394698303
QK:/ccrcf/c: 0.396323291 0.603676709 0.000000000
QK:/ccrcf/r: 0.000000000 0.336382924 0.663617076
QK:/ccrfc/c: 0.520452320 0.479547680 0.000000000
QK:/ccrfc/r: 0.000000000 0.500223970 0.499776030
QK:/crcc/cc: 0.453796152 0.546203848 0.000000000
QK:/crcc/cr: 0.000000000 0.451863722 0.548136278
QK:/crcc/rc: 0.000000000 0.421967825 0.578032175
QK:/crcc/rf: 0.000000000 0.487464958 0.512535042
QK:/crcf/c: 0.770022686 0.229977314 0.000000000
QK:/crcf/r: 0.000000000 0.501804278 0.498195722
QK:/rcc/cc: 0.216950008 0.783049992 0.000000000
QK:/rcc/cr: 0.000000000 0.000000000 1.000000000
QK:/rcc/rc: 0.000000000 0.000000000 1.000000000
QK:/rcc/rf: 0.000000000 0.914523500 0.085476500
QK:/rfc/c: 0.442047411 0.557952589 0.000000000
QK:/rfc/r: 0.000000000 0.392950438 0.607049562
QT:/ccc/cc: 0.436478920 0.563521080 0.000000000
QT:/ccc/cr: 0.000000000 0.028399688 0.971600312
QT:/ccc/rc: 0.000000000 0.325853153 0.674146847
QT:/ccc/rf: 0.000000000 0.753191016 0.246808984
QT:/ccrcc/cc: 0.378328216 0.621671784 0.000000000
QT:/ccrcc/cr: 0.000000000 0.466427218 0.533572782
QT:/ccrcc/rc: 0.000000000 0.424740563 0.575259437
QT:/ccrcc/rf: 0.000000000 0.847960269 0.152039731
QT:/ccrcf/c: 0.405237997 0.594762003 0.000000000
QT:/ccrcf/r: 0.000000000 0.089617321 0.910382679
QT:/ccrfc/c: 0.385815509 0.614184491 0.000000000
QT:/ccrfc/r: 0.000000000 0.128266936 0.871733064
QT:/crcc/cc: 0.510653773 0.489346227 0.000000000
QT:/crcc/cr: 0.000000000 0.056206418 0.943793582
QT:/crcc/rc: 0.000000000 0.236390655 0.763609345
QT:/crcc/rf: 0.000000000 0.702781394 0.297218606
QT:/crcf/c: 0.417977895 0.582022105 0.000000000
QT:/crcf/r: 0.000000000 0.299389707 0.700610293
QT:/rcc/cc: 0.303211213 0.696788787 0.000000000
QT:/rcc/cr: 0.000000000 0.000061243 0.999938757
QT:/rcc/rc: 0.000000000 0.000000000 1.000000000
QT:/rcc/rf: 0.000000000 0.236985934 0.763014066
QT:/rfc/c: 0.438042144 0.561957856 0.000000000
QT:/rfc/r: 0.000000000 0.474980816 0.525019184
T:/cc: 0.394078718 0.605921282 0.000000000
T:/cr: 0.000000000 0.880411860 0.119588140
T:/rc: 0.000000000 0.009256609 0.990743391
T:/rf: 0.000000000 0.788750238 0.211249762
TA:/ccc/cc: 0.598814160 0.401185840 0.000000000
TA:/ccc/cr: 0.000000000 0.327246107 0.672753893
TA:/ccc/rc: 0.000000000 0.415393286 0.584606714
TA:/ccc/rf: 0.000000000 0.213568324 0.786431676
TA:/ccrcc/cc: 0.355593048 0.644406952 0.000000000
TA:/ccrcc/cr: 0.000000000 0.876153964 0.123846036
TA:/ccrcc/rc: 0.000000000 0.338113970 0.661886030
TA:/ccrcc/rf: 0.000000000 0.359902129 0.640097871
TA:/ccrcf/c: 0.268359918 0.731640082 0.000000000
TA:/ccrcf/r: 0.000000000 0.549797786 0.450202214
TA:/ccrfc/c: 0.833502815 0.166497185 0.000000000
TA:/ccrfc/r: 0.000000000 0.884654150 0.115345850
TA:/crcc/cc: 0.928311379 0.071688621 0.000000000
TA:/crcc/cr: 0.000000000 0.610068581 0.389931419
TA:/crcc/rc: 0.000000000 0.469329576 0.530670424
TA:/crcc/rf: 0.000000000 0.447038725 0.552961275
TA:/crcf/c: 0.446482160 0.553517840 0.000000000
TA:/crcf/r: 0.000000000 0.279736002 0.720263998
TA:/rcc/cc: 0.000000000 1.000000000 0.000000000
TA:/rcc/cr: 0.000000000 1.000000000 0.000000000
TA:/rcc/rc: 0.000000000 0.000000000 1.000000000
TA:/rcc/rf: 0.000000000 0.524600788 0.475399212
TA:/rfc/c: 0.624150214 0.375849786 0.000000000
TA:/rfc/r: 0.000000000 0.473622058 0.526377942
TJ:/ccc/cc: 0.244499538 0.755500462 0.000000000
TJ:/ccc/cr: 0.000000000 0.571948419 0.428051581
TJ:/ccc/rc: 0.000000000 0.389077576 0.610922424
TJ:/ccc/rf: 0.000000000 0.491378869 0.508621131
TJ:/ccrcc/cc: 0.148272973 0.851727027 0.000000000
TJ:/ccrcc/cr: 0.000000000 0.685195538 0.314804462
TJ:/ccrcc/rc: 0.000000000 0.523759848 0.476240152
TJ:/ccrcc/rf: 0.000000000 0.584175100 0.415824900
TJ:/ccrcf/c: 0.641971126 0.358028874 0.000000000
TJ:/ccrcf/r: 0.000000000 0.720059695 0.279940305
TJ:/ccrfc/c: 0.766584396 0.233415604 0.000000000
TJ:/ccrfc/r: 0.000000000 0.882603619 0.117396381
TJ:/crcc/cc: 0.076669887 0.923330113 0.000000000
TJ:/crcc/cr: 0.000000000 0.395219311 0.604780689
TJ:/crcc/rc: 0.000000000 0.305330580 0.694669420
TJ:/crcc/rf: 0.000000000 0.292088208 0.707911792
TJ:/crcf/c: 0.427077514 0.572922486 0.000000000
TJ:/crcf/r: 0.000000000 0.721606763 0.278393237
TJ:/rcc/cc: 0.999521026 0.000478974 0.000000000
TJ:/rcc/cr: 0.000000000 0.000000000 1.000000000
TJ:/rcc/rc: 0.000000000 0.664651529 0.335348471
TJ:/rcc/rf: 0.000000000 0.447929301 0.552070699
TJ:/rfc/c: 0.033117367 0.966882633 0.000000000
TJ:/rfc/r: 0.000000000 0.591043331 0.408956669
TK:/ccc/cc: 0.720297207 0.279702793 0.000000000
TK:/ccc/cr: 0.000000000 0.378273241 0.621726759
TK:/ccc/rc: 0.000000000 0.428912193 0.571087807
TK:/ccc/rf: 0.000000000 0.159334434 0.840665566
TK:/ccrcc/cc: 0.251655635 0.748344365 0.000000000
TK:/ccrcc/cr: 0.000000000 0.324005105 0.675994895
TK:/ccrcc/rc: 0.000000000 0.540187489 0.459812511
TK:/ccrcc/rf: 0.000000000 0.229024159 0.770975841
TK:/ccrcf/c: 0.575199100 0.424800900 0.000000000
TK:/ccrcf/r: 0.000000000 0.217891589 0.782108411
TK:/ccrfc/c: 0.295406083 0.704593917 0.000000000
TK:/ccrfc/r: 0.000000000 0.491471172 0.508528828
TK:/crcc/cc: 0.329663175 0.670336825 0.000000000
TK:/crcc/cr: 0.000000000 0.362298008 0.637701992
TK:/crcc/rc: 0.000000000 0.442887258 0.557112742
TK:/crcc/rf: 0.000000000 0.644037101 0.355962899
TK:/crcf/c: 0.599867018 0.400132982 0.000000000
TK:/crcf/r: 0.000000000 0.110977706 0.889022294
TK:/rcc/cc: 0.000616295 0.999383705 0.000000000
TK:/rcc/cr: 0.000000000 0.000000000 1.000000000
TK:/rcc/rc: 0.000000000 0.000000000 1.000000000
TK:/rcc/rf: 0.000000000 0.423337404 0.576662596
TK:/rfc/c: 0.902011964 0.097988036 0.000000000
TK:/rfc/r: 0.000000000 0.046700593 0.953299407
TQ:/ccc/cc: 0.284730627 0.715269373 0.000000000
TQ:/ccc/cr: 0.000000000 0.335736178 0.664263822
TQ:/ccc/rc: 0.000000000 0.450166862 0.549833138
TQ:/ccc/rf: 0.000000000 0.588188524 0.411811476
TQ:/ccrcc/cc: 0.395162657 0.604837343 0.000000000
TQ:/ccrcc/cr: 0.000000000 0.460874379 0.539125621
TQ:/ccrcc/rc: 0.000000000 0.399360926 0.600639074
TQ:/ccrcc/rf: 0.000000000 0.749231901 0.250768099
TQ:/ccrcf/c: 0.876423724 0.123576276 0.000000000
TQ:/ccrcf/r: 0.000000000 0.277740042 0.722259958
TQ:/ccrfc/c: 0.495489353 0.504510647 0.000000000
TQ:/ccrfc/r: 0.000000000 0.439635944 0.560364056
TQ:/crcc/cc: 0.636652292 0.363347708 0.000000000
TQ:/crcc/cr: 0.000000000 0.715843172 0.284156828
TQ:/crcc/rc: 0.000000000 0.381699924 0.618300076
TQ:/crcc/rf: 0.000000000 0.159545139 0.840454861
TQ:/crcf/c: 0.338240432 0.661759568 0.000000000
TQ:/crcf/r: 0.000000000 0.211801907 0.788198093
TQ:/rcc/cc: 1.000000000 0.000000000 0.000000000
TQ:/rcc/cr: 0.000000000 0.000000000 1.000000000
TQ:/rcc/rc: 0.000000000 0.000000000 1.000000000
TQ:/rcc/rf: 0.000000000 0.674902713 0.325097287
TQ:/rfc/c: 0.571534712 0.428465288 0.000000000
TQ:/rfc/r: 0.000000000 0.748059047 0.251940953
