A:/cc: 0.999781929 0.000218071 0.000000000
A:/cccrcc: 0.134870494 0.626744523 0.238384984
A:/cccrcf: 0.559644987 0.241037787 0.199317226
A:/cccrcr: 0.000000000 1.000000000 0.000000000
A:/cccrfc: 1.000000000 0.000000000 0.000000000
A:/cccrff: 0.923674872 0.076325128 0.000000000
A:/cccrfr: 0.000000000 0.675327590 0.324672410
A:/cccrrc: 0.000000000 1.000000000 0.000000000
A:/cccrrf: 0.000000000 0.594206424 0.405793576
A:/ccrccr: 0.000000000 1.000000000 0.000000000
A:/ccrcfr: 0.000000000 1.000000000 0.000000000
A:/ccrcrc: 0.000000000 0.523335449 0.476664551
A:/ccrcrf: 0.000000000 0.966553636 0.033446364
A:/ccrfcr: 0.000000000 0.917241271 0.082758729
A:/ccrffr: 0.000000000 0.885293970 0.114706030
A:/ccrfrc: 0.000000000 1.000000000 0.000000000
A:/ccrfrf: 0.000000000 0.454016480 0.545983520
A:/ccrrcc: 0.000000000 0.657874811 0.342125189
A:/ccrrcf: 0.000000000 0.787001366 0.212998634
A:/ccrrfc: 0.000000000 1.000000000 0.000000000
A:/ccrrff: 0.000000000 1.000000000 0.000000000
A:/cr: 0.000000000 1.000000000 0.000000000
A:/crccrc: 0.000000000 1.000000000 0.000000000
A:/crccrf: 0.000000000 1.000000000 0.000000000
A:/crcfrc: 0.000000000 0.772193838 0.227806162
A:/crcfrf: 0.000000000 0.039343658 0.960656342
A:/crcrcc: 0.000000000 1.000000000 0.000000000
A:/crcrcf: 0.000000000 0.643249929 0.356750071
A:/crcrfc: 0.000000000 1.000000000 0.000000000
A:/crcrff: 0.000000000 0.457391291 0.542608709
A:/rc: 0.738181154 0.261818846 0.000000000
A:/rccrcc: 0.000000000 0.703615181 0.296384819
A:/rccrcf: 0.000000000 0.671804290 0.328195710
A:/rccrfc: 0.000000000 1.000000000 0.000000000
A:/rccrff: 0.000000000 0.884249496 0.115750504
A:/rf: 0.687291165 0.312708835 0.000000000
A:/rfcrc: 0.000000000 1.000000000 0.000000000
A:/rfcrf: 0.000000000 0.470351384 0.529648616
A:/rr: 0.000000000 1.000000000 0.000000000
J:/cc: 0.000000000 1.000000000 0.000000000
J:/cccrcc: 0.138254348 0.173186708 0.688558944
J:/cccrcf: 0.539042925 0.146278261 0.314678813
J:/cccrcr: 0.000000000 0.857599459 0.142400541
J:/cccrfc: 0.999838545 0.000000000 0.000161455
J:/cccrff: 1.000000000 0.000000000 0.000000000
J:/cccrfr: 0.000000000 0.469054692 0.530945308
J:/cccrrc: 0.000000000 0.043730431 0.956269569
J:/cccrrf: 0.000000000 0.000000000 1.000000000
J:/ccrccr: 0.000000000 0.536932573 0.463067427
J:/ccrcfr: 0.000000000 0.223688038 0.776311962
J:/ccrcrc: 0.000000000 0.277437199 0.722562801
J:/ccrcrf: 0.000000000 0.000000000 1.000000000
J:/ccrfcr: 0.000000000 0.442864623 0.557135377
J:/ccrffr: 0.000000000 0.774667741 0.225332259
J:/ccrfrc: 0.000000000 0.455129070 0.544870930
J:/ccrfrf: 0.000000000 0.671832022 0.328167978
J:/ccrrcc: 0.000000000 0.348200507 0.651799493
J:/ccrrcf: 0.000000000 0.618997761 0.381002239
J:/ccrrfc: 0.000000000 0.000000000 1.000000000
J:/ccrrff: 0.000000000 0.551480024 0.448519976
J:/cr: 0.000000000 0.000000000 1.000000000
J:/crccrc: 0.000000000 0.000000000 1.000000000
J:/crccrf: 0.000000000 0.318396954 0.681603046
J:/crcfrc: 0.000000000 0.407073183 0.592926817
J:/crcfrf: 0.000000000 0.456880944 0.543119056
J:/crcrcc: 0.000000000 0.177061119 0.822938881
J:/crcrcf: 0.000000000 0.271933800 0.728066200
J:/crcrfc: 0.000000000 0.000000000 1.000000000
J:/crcrff: 0.000000000 1.000000000 0.000000000
J:/rc: 0.109704630 0.212929410 0.677365960
J:/rccrcc: 0.000000000 0.816805187 0.183194813
J:/rccrcf: 0.000000000 0.482503220 0.517496780
J:/rccrfc: 0.000000000 0.518313843 0.481686157
J:/rccrff: 0.000000000 0.650517490 0.349482510
J:/rf: 0.613708718 0.240276257 0.146015025
J:/rfcrc: 0.000000000 0.534890663 0.465109337
J:/rfcrf: 0.000000000 0.904827714 0.095172286
J:/rr: 0.000000000 0.765437271 0.234562729
K:/cc: 0.000000000 1.000000000 0.000000000
K:/cccrcc: 0.686247587 0.023641403 0.290111010
K:/cccrcf: 0.767922256 0.000000000 0.232077744
K:/cccrcr: 0.000000000 0.000000000 1.000000000
K:/cccrfc: 1.000000000 0.000000000 0.000000000
K:/cccrff: 1.000000000 0.000000000 0.000000000
K:/cccrfr: 0.000000000 0.203201158 0.796798842
K:/cccrrc: 0.000000000 0.159808749 0.840191251
K:/cccrrf: 0.000000000 0.091113085 0.908886915
K:/ccrccr: 0.000000000 1.000000000 0.000000000
K:/ccrcfr: 0.000000000 1.000000000 0.000000000
K:/ccrcrc: 0.000000000 0.899705450 0.100294550
K:/ccrcrf: 0.000000000 0.768361012 0.231638988
K:/ccrfcr: 0.000000000 0.647782874 0.352217126
K:/ccrffr: 0.000000000 0.756213561 0.243786439
K:/ccrfrc: 0.000000000 0.000000000 1.000000000
K:/ccrfrf: 0.000000000 0.564764335 0.435235665
K:/ccrrcc: 0.000000000 0.710574247 0.289425753
K:/ccrrcf: 0.000000000 0.614935437 0.385064563
K:/ccrrfc: 0.000000000 1.000000000 0.000000000
K:/ccrrff: 0.000000000 0.999957461 0.000042539
K:/cr: 0.000000000 1.000000000 0.000000000
K:/crccrc: 0.000000000 1.000000000 0.000000000
K:/crccrf: 0.000000000 1.000000000 0.000000000
K:/crcfrc: 0.000000000 1.000000000 0.000000000
K:/crcfrf: 0.000000000 0.056753179 0.943246821
K:/crcrcc: 0.000000000 0.103698485 0.896301515
K:/crcrcf: 0.000000000 1.000000000 0.000000000
K:/crcrfc: 0.000000000 0.000000000 1.000000000
K:/crcrff: 0.000000000 1.000000000 0.000000000
K:/rc: 0.402900612 0.236163008 0.360936380
K:/rccrcc: 0.000000000 0.358184344 0.641815656
K:/rccrcf: 0.000000000 0.517723550 0.482276450
K:/rccrfc: 0.000000000 0.304144383 0.695855617
K:/rccrff: 0.000000000 0.510671645 0.489328355
K:/rf: 0.487527187 0.444689024 0.067783789
K:/rfcrc: 0.000000000 0.741237200 0.258762800
K:/rfcrf: 0.000000000 0.614267348 0.385732652
K:/rr: 0.000000000 0.439809784 0.560190216
Q:/cc: 0.000000000 1.000000000 0.000000000
Q:/cccrcc: 0.521314383 0.073575407 0.405110210
Q:/cccrcf: 1.000000000 0.000000000 0.000000000
Q:/cccrcr: 0.000000000 0.000000000 1.000000000
Q:/cccrfc: 0.999853711 0.000000000 0.000146289
Q:/cccrff: 1.000000000 0.000000000 0.000000000
Q:/cccrfr: 0.000000000 0.614739095 0.385260905
Q:/cccrrc: 0.000000000 0.000000000 1.000000000
Q:/cccrrf: 0.000000000 0.000000000 1.000000000
Q:/ccrccr: 0.000000000 0.470298853 0.529701147
Q:/ccrcfr: 0.000000000 1.000000000 0.000000000
Q:/ccrcrc: 0.000000000 0.147589421 0.852410579
Q:/ccrcrf: 0.000000000 0.000000000 1.000000000
Q:/ccrfcr: 0.000000000 0.283953969 0.716046031
Q:/ccrffr: 0.000000000 0.785280459 0.214719541
Q:/ccrfrc: 0.000000000 0.563214743 0.436785257
Q:/ccrfrf: 0.000000000 0.282062816 0.717937184
Q:/ccrrcc: 0.000000000 0.558470336 0.441529664
Q:/ccrrcf: 0.000000000 0.343477202 0.656522798
Q:/ccrrfc: 0.000000000 0.968658872 0.031341128
Q:/ccrrff: 0.000000000 0.747971524 0.252028476
Q:/cr: 0.000000000 0.000372871 0.999627129
Q:/crccrc: 0.000000000 0.158345527 0.841654473
Q:/crccrf: 0.000000000 1.000000000 0.000000000
Q:/crcfrc: 0.000000000 0.297173962 0.702826038
Q:/crcfrf: 0.000000000 0.524503909 0.475496091
Q:/crcrcc: 0.000000000 0.355450696 0.644549304
Q:/crcrcf: 0.000000000 0.960082062 0.039917938
Q:/crcrfc: 0.000000000 0.000000000 1.000000000
Q:/crcrff: 0.000000000 1.000000000 0.000000000
Q:/rc: 0.014955445 0.679313199 0.305731356
Q:/rccrcc: 0.000000000 0.713036090 0.286963910
Q:/rccrcf: 0.000000000 0.169184882 0.830815118
Q:/rccrfc: 0.000000000 0.574288721 0.425711279
Q:/rccrff: 0.000000000 0.577199257 0.422800743
Q:/rf: 0.449277653 0.055982271 0.494740075
Q:/rfcrc: 0.000000000 0.232496426 0.767503574
Q:/rfcrf: 0.000000000 0.422616888 0.577383112
Q:/rr: 0.000000000 0.000000000 1.000000000
T:/cc: 1.000000000 0.000000000 0.000000000
T:/cccrcc: 0.127220769 0.499971535 0.372807696
T:/cccrcf: 0.446126339 0.000000000 0.553873661
T:/cccrcr: 0.000000000 0.365458989 0.634541011
T:/cccrfc: 0.265837857 0.097001677 0.637160466
T:/cccrff: 1.000000000 0.000000000 0.000000000
T:/cccrfr: 0.000000000 0.549809925 0.450190075
T:/cccrrc: 0.000000000 0.445667833 0.554332167
T:/cccrrf: 0.000000000 0.000000000 1.000000000
T:/ccrccr: 0.000000000 0.427348562 0.572651438
T:/ccrcfr: 0.000000000 0.000000000 1.000000000
T:/ccrcrc: 0.000000000 0.762586718 0.237413282
T:/ccrcrf: 0.000000000 0.772449951 0.227550049
T:/ccrfcr: 0.000000000 0.376809645 0.623190355
T:/ccrffr: 0.000000000 0.729508495 0.270491505
T:/ccrfrc: 0.000000000 0.398768143 0.601231857
T:/ccrfrf: 0.000000000 0.505170230 0.494829770
T:/ccrrcc: 0.000000000 0.606103939 0.393896061
T:/ccrrcf: 0.000000000 0.173187802 0.826812198
T:/ccrrfc: 0.000000000 0.128932485 0.871067515
T:/ccrrff: 0.000000000 0.180681242 0.819318758
T:/cr: 0.000000000 0.000000000 1.000000000
T:/crccrc: 0.000000000 0.000000000 1.000000000
T:/crccrf: 0.000000000 0.548873737 0.451126263
T:/crcfrc: 0.000000000 0.048773558 0.951226442
T:/crcfrf: 0.000000000 0.271985026 0.728014974
T:/crcrcc: 0.000000000 0.024612777 0.975387223
T:/crcrcf: 0.000000000 0.367901056 0.632098944
T:/crcrfc: 0.000000000 0.000000000 1.000000000
T:/crcrff: 0.000000000 0.000000000 1.000000000
T:/rc: 0.000000000 0.524104100 0.475895900
T:/rccrcc: 0.000000000 0.515761882 0.484238118
T:/rccrcf: 0.000000000 0.436463754 0.563536246
T:/rccrfc: 0.000000000 0.361975520 0.638024480
T:/rccrff: 0.000000000 0.865113811 0.134886189
T:/rf: 0.231863856 0.082351697 0.685784447
T:/rfcrc: 0.000000000 0.499046416 0.500953584
T:/rfcrf: 0.000000000 0.668542211 0.331457789
T:/rr: 0.000000000 0.299648917 0.700351083
