A:/: 0.997399461 0.002600539 0.000000000
A:/ccr: 0.000000000 1.000000000 0.000000000
A:/crc: 0.000000000 1.000000000 0.000000000
A:/crf: 0.000000000 1.000000000 0.000000000
AJ:/ccc/: 1.000000000 0.000000000 0.000000000
AJ:/ccc/ccr: 0.000000000 0.949746168 0.050253832
AJ:/ccc/crc: 0.000000000 0.849247282 0.150752718
AJ:/ccc/crf: 0.000000000 1.000000000 0.000000000
AJ:/ccrcc/: 0.000000000 1.000000000 0.000000000
AJ:/ccrcc/ccr: 0.000000000 0.058788402 0.941211598
AJ:/ccrcc/crc: 0.000000000 1.000000000 0.000000000
AJ:/ccrcc/crf: 0.000000000 0.999266149 0.000733851
AJ:/ccrcf/: 0.814730067 0.185269933 0.000000000
AJ:/ccrcf/cr: 0.000000000 0.662625557 0.337374443
AJ:/crcc/: 0.492058766 0.507941234 0.000000000
AJ:/crcc/ccr: 0.000000000 0.000000000 1.000000000
AJ:/crcc/crc: 0.000000000 1.000000000 0.000000000
AJ:/crcc/crf: 0.000000000 1.000000000 0.000000000
AJ:/crfc/: 0.732553396 0.267446604 0.000000000
AJ:/crfc/cr: 0.000000000 1.000000000 0.000000000
AJ:/rcc/: 0.999970384 0.000029616 0.000000000
AJ:/rcc/ccr: 0.000000000 0.583120401 0.416879599
AJ:/rcc/crc: 0.000000000 1.000000000 0.000000000
AJ:/rcc/crf: 0.000000000 0.922214120 0.077785880
AJ:/rcf/: 0.998152034 0.001847966 0.000000000
AJ:/rcf/cr: 0.000000000 0.998324822 0.001675178
AJ:/rfc/: 0.863554242 0.136445758 0.000000000
AJ:/rfc/cr: 0.000000000 0.001596100 0.998403900
AK:/ccc/: 0.976782450 0.023217550 0.000000000
AK:/ccc/ccr: 0.000000000 0.981495860 0.018504140
AK:/ccc/crc: 0.000000000 0.757512389 0.242487611
AK:/ccc/crf: 0.000000000 0.863576725 0.136423275
AK:/ccrcc/: 0.795616049 0.204383951 0.000000000
AK:/ccrcc/ccr: 0.000000000 0.277819674 0.722180326
AK:/ccrcc/crc: 0.000000000 0.662324780 0.337675220
AK:/ccrcc/crf: 0.000000000 0.614368546 0.385631454
AK:/ccrcf/: 0.829232604 0.170767396 0.000000000
AK:/ccrcf/cr: 0.000000000 0.279328289 0.720671711
AK:/crcc/: 0.999999130 0.000000870 0.000000000
AK:/crcc/ccr: 0.000000000 1.000000000 0.000000000
AK:/crcc/crc: 0.000000000 1.000000000 0.000000000
AK:/crcc/crf: 0.000000000 1.000000000 0.000000000
AK:/crfc/: 0.181759819 0.818240181 0.000000000
AK:/crfc/cr: 0.000000000 0.999675337 0.000324663
AK:/rcc/: 0.998526475 0.001473525 0.000000000
AK:/rcc/ccr: 0.000000000 0.842754297 0.157245703
AK:/rcc/crc: 0.000000000 1.000000000 0.000000000
AK:/rcc/crf: 0.000000000 1.000000000 0.000000000
AK:/rcf/: 0.696771043 0.303228957 0.000000000
AK:/rcf/cr: 0.000000000 1.000000000 0.000000000
AK:/rfc/: 0.418746815 0.581253185 0.000000000
AK:/rfc/cr: 0.000000000 0.737152256 0.262847744
AQ:/ccc/: 0.848218228 0.151781772 0.000000000
AQ:/ccc/ccr: 0.000000000 0.999974773 0.000025227
AQ:/ccc/crc: 0.000000000 1.000000000 0.000000000
AQ:/ccc/crf: 0.000000000 0.513792339 0.486207661
AQ:/ccrcc/: 0.648048325 0.351951675 0.000000000
AQ:/ccrcc/ccr: 0.000000000 0.862109272 0.137890728
AQ:/ccrcc/crc: 0.000000000 1.000000000 0.000000000
AQ:/ccrcc/crf: 0.000000000 1.000000000 0.000000000
AQ:/ccrcf/: 0.929812580 0.070187420 0.000000000
AQ:/ccrcf/cr: 0.000000000 0.918281768 0.081718232
AQ:/crcc/: 0.999763171 0.000236829 0.000000000
AQ:/crcc/ccr: 0.000000000 0.090255720 0.909744280
AQ:/crcc/crc: 0.000000000 1.000000000 0.000000000
AQ:/crcc/crf: 0.000000000 0.819535190 0.180464810
AQ:/crfc/: 0.193167251 0.806832749 0.000000000
AQ:/crfc/cr: 0.000000000 0.000000000 1.000000000
AQ:/rcc/: 0.999782101 0.000217899 0.000000000
AQ:/rcc/ccr: 0.000000000 1.000000000 0.000000000
AQ:/rcc/crc: 0.000000000 0.916126993 0.083873007
AQ:/rcc/crf: 0.000000000 1.000000000 0.000000000
AQ:/rcf/: 1.000000000 0.000000000 0.000000000
AQ:/rcf/cr: 0.000000000 0.999261722 0.000738278
AQ:/rfc/: 0.358714096 0.641285904 0.000000000
AQ:/rfc/cr: 0.000000000 0.536587683 0.463412317
AT:/ccc/: 0.350096017 0.649903983 0.000000000
AT:/ccc/ccr: 0.000000000 0.999787252 0.000212748
AT:/ccc/crc: 0.000000000 1.000000000 0.000000000
AT:/ccc/crf: 0.000000000 1.000000000 0.000000000
AT:/ccrcc/: 0.997738736 0.002261264 0.000000000
AT:/ccrcc/ccr: 0.000000000 0.871328014 0.128671986
AT:/ccrcc/crc: 0.000000000 1.000000000 0.000000000
AT:/ccrcc/crf: 0.000000000 0.999906454 0.000093546
AT:/ccrcf/: 0.032511561 0.967488439 0.000000000
AT:/ccrcf/cr: 0.000000000 0.478591556 0.521408444
AT:/crcc/: 0.995864102 0.004135898 0.000000000
AT:/crcc/ccr: 0.000000000 0.000000000 1.000000000
AT:/crcc/crc: 0.000000000 1.000000000 0.000000000
AT:/crcc/crf: 0.000000000 0.999780538 0.000219462
AT:/crfc/: 0.456212062 0.543787938 0.000000000
AT:/crfc/cr: 0.000000000 1.000000000 0.000000000
AT:/rcc/: 0.798130542 0.201869458 0.000000000
AT:/rcc/ccr: 0.000000000 1.000000000 0.000000000
AT:/rcc/crc: 0.000000000 0.693266977 0.306733023
AT:/rcc/crf: 0.000000000 0.999575111 0.000424889
AT:/rcf/: 0.948321103 0.051678897 0.000000000
AT:/rcf/cr: 0.000000000 0.999356323 0.000643677
AT:/rfc/: 0.986231970 0.013768030 0.000000000
AT:/rfc/cr: 0.000000000 0.358063773 0.641936227
J:/: 1.000000000 0.000000000 0.000000000
J:/ccr: 0.000000000 0.998479614 0.001520386
J:/crc: 0.000000000 0.002293438 0.997706562
J:/crf: 0.000000000 1.000000000 0.000000000
JA:/ccc/: 0.999650238 0.000349762 0.000000000
JA:/ccc/ccr: 0.000000000 0.335582911 0.664417089
JA:/ccc/crc: 0.000000000 0.201391401 0.798608599
JA:/ccc/crf: 0.000000000 0.139532571 0.860467429
JA:/ccrcc/: 0.416230436 0.583769564 0.000000000
JA:/ccrcc/ccr: 0.000000000 0.411025701 0.588974299
JA:/ccrcc/crc: 0.000000000 0.019649262 0.980350738
JA:/ccrcc/crf: 0.000000000 0.414108207 0.585891793
JA:/ccrcf/: 0.336231677 0.663768323 0.000000000
JA:/ccrcf/cr: 0.000000000 0.434055269 0.565944731
JA:/crcc/: 0.004158775 0.995841225 0.000000000
JA:/crcc/ccr: 0.000000000 1.000000000 0.000000000
JA:/crcc/crc: 0.000000000 0.000000000 1.000000000
JA:/crcc/crf: 0.000000000 0.071947045 0.928052955
JA:/crfc/: 0.000000000 1.000000000 0.000000000
JA:/crfc/cr: 0.000000000 0.833583304 0.166416696
JA:/rcc/: 1.000000000 0.000000000 0.000000000
JA:/rcc/ccr: 0.000000000 0.000000000 1.000000000
JA:/rcc/crc: 0.000000000 0.151592005 0.848407995
JA:/rcc/crf: 0.000000000 0.000016087 0.999983913
JA:/rcf/: 0.000000000 1.000000000 0.000000000
JA:/rcf/cr: 0.000000000 0.579837904 0.420162096
JA:/rfc/: 0.539672981 0.460327019 0.000000000
JA:/rfc/cr: 0.000000000 0.459687416 0.540312584
JK:/ccc/: 0.999760540 0.000239460 0.000000000
JK:/ccc/ccr: 0.000000000 0.504496537 0.495503463
JK:/ccc/crc: 0.000000000 0.000000000 1.000000000
JK:/ccc/crf: 0.000000000 0.000000000 1.000000000
JK:/ccrcc/: 0.383572083 0.616427917 0.000000000
JK:/ccrcc/ccr: 0.000000000 0.538497038 0.461502962
JK:/ccrcc/crc: 0.000000000 0.515358585 0.484641415
JK:/ccrcc/crf: 0.000000000 0.396480868 0.603519132
JK:/ccrcf/: 0.993288049 0.006711951 0.000000000
JK:/ccrcf/cr: 0.000000000 0.833975701 0.166024299
JK:/crcc/: 0.999781754 0.000218246 0.000000000
JK:/crcc/ccr: 0.000000000 0.425202379 0.574797621
JK:/crcc/crc: 0.000000000 0.078016845 0.921983155
JK:/crcc/crf: 0.000000000 0.000155163 0.999844837
JK:/crfc/: 0.781290385 0.218709615 0.000000000
JK:/crfc/cr: 0.000000000 0.887741143 0.112258857
JK:/rcc/: 1.000000000 0.000000000 0.000000000
JK:/rcc/ccr: 0.000000000 0.669171906 0.330828094
JK:/rcc/crc: 0.000000000 0.009715986 0.990284014
JK:/rcc/crf: 0.000000000 0.547555808 0.452444192
JK:/rcf/: 0.000000000 1.000000000 0.000000000
JK:/rcf/cr: 0.000000000 0.616954834 0.383045166
JK:/rfc/: 0.571567397 0.428432603 0.000000000
JK:/rfc/cr: 0.000000000 0.603314381 0.396685619
JQ:/ccc/: 0.999495064 0.000504936 0.000000000
JQ:/ccc/ccr: 0.000000000 0.422795817 0.577204183
JQ:/ccc/crc: 0.000000000 0.636745219 0.363254781
JQ:/ccc/crf: 0.000000000 0.227911651 0.772088349
JQ:/ccrcc/: 0.140573456 0.859426544 0.000000000
JQ:/ccrcc/ccr: 0.000000000 0.139955872 0.860044128
JQ:/ccrcc/crc: 0.000000000 0.555466833 0.444533167
JQ:/ccrcc/crf: 0.000000000 0.177784514 0.822215486
JQ:/ccrcf/: 0.715586389 0.284413611 0.000000000
JQ:/ccrcf/cr: 0.000000000 0.442952300 0.557047700
JQ:/crcc/: 0.000082168 0.999917832 0.000000000
JQ:/crcc/ccr: 0.000000000 0.999945842 0.000054158
JQ:/crcc/crc: 0.000000000 0.000054633 0.999945367
JQ:/crcc/crf: 0.000000000 0.569688433 0.430311567
JQ:/crfc/: 0.755502119 0.244497881 0.000000000
JQ:/crfc/cr: 0.000000000 0.833560454 0.166439546
JQ:/rcc/: 1.000000000 0.000000000 0.000000000
JQ:/rcc/ccr: 0.000000000 0.853052933 0.146947067
JQ:/rcc/crc: 0.000000000 0.000000000 1.000000000
JQ:/rcc/crf: 0.000000000 0.000000000 1.000000000
JQ:/rcf/: 0.152461105 0.847538895 0.000000000
JQ:/rcf/cr: 0.000000000 0.000000000 1.000000000
JQ:/rfc/: 0.239861078 0.760138922 0.000000000
JQ:/rfc/cr: 0.000000000 0.507263026 0.492736974
JT:/ccc/: 0.986173227 0.013826773 0.000000000
JT:/ccc/ccr: 0.000000000 0.903902116 0.096097884
JT:/ccc/crc: 0.000000000 0.250358583 0.749641417
JT:/ccc/crf: 0.000000000 0.149602224 0.850397776
JT:/ccrcc/: 0.825797459 0.174202541 0.000000000
JT:/ccrcc/ccr: 0.000000000 0.107687470 0.892312530
JT:/ccrcc/crc: 0.000000000 0.370176936 0.629823064
JT:/ccrcc/crf: 0.000000000 0.154018689 0.845981311
JT:/ccrcf/: 0.389021967 0.610978033 0.000000000
JT:/ccrcf/cr: 0.000000000 0.663005835 0.336994165
JT:/crcc/: 1.000000000 0.000000000 0.000000000
JT:/crcc/ccr: 0.000000000 1.000000000 0.000000000
JT:/crcc/crc: 0.000000000 0.000029552 0.999970448
JT:/crcc/crf: 0.000000000 0.000000000 1.000000000
JT:/crfc/: 0.000262927 0.999737073 0.000000000
JT:/crfc/cr: 0.000000000 0.000000000 1.000000000
JT:/rcc/: 0.430955469 0.569044531 0.000000000
JT:/rcc/ccr: 0.000000000 0.852580065 0.147419935
JT:/rcc/crc: 0.000000000 0.000000000 1.000000000
JT:/rcc/crf: 0.000000000 0.000000000 1.000000000
JT:/rcf/: 0.087950518 0.912049482 0.000000000
JT:/rcf/cr: 0.000000000 0.000000000 1.000000000
JT:/rfc/: 0.882278089 0.117721911 0.000000000
JT:/rfc/cr: 0.000000000 0.413281449 0.586718551
K:/: 0.997362411 0.002637589 0.000000000
K:/ccr: 0.000000000 1.000000000 0.000000000
K:/crc: 0.000000000 1.000000000 0.000000000
K:/crf: 0.000000000 0.998487674 0.001512326
KA:/ccc/: 0.547431580 0.452568420 0.000000000
KA:/ccc/ccr: 0.000000000 0.999999581 0.000000419
KA:/ccc/crc: 0.000000000 0.724229484 0.275770516
KA:/ccc/crf: 0.000000000 0.880388354 0.119611646
KA:/ccrcc/: 0.565611654 0.434388346 0.000000000
KA:/ccrcc/ccr: 0.000000000 0.101540212 0.898459788
KA:/ccrcc/crc: 0.000000000 0.752034917 0.247965083
KA:/ccrcc/crf: 0.000000000 0.716396485 0.283603515
KA:/ccrcf/: 0.237825977 0.762174023 0.000000000
KA:/ccrcf/cr: 0.000000000 0.700633222 0.299366778
KA:/crcc/: 0.341420268 0.658579732 0.000000000
KA:/crcc/ccr: 0.000000000 0.726997907 0.273002093
KA:/crcc/crc: 0.000000000 1.000000000 0.000000000
KA:/crcc/crf: 0.000000000 1.000000000 0.000000000
KA:/crfc/: 0.369079783 0.630920217 0.000000000
KA:/crfc/cr: 0.000000000 0.031377825 0.968622175
KA:/rcc/: 0.640159110 0.359840890 0.000000000
KA:/rcc/ccr: 0.000000000 0.575297128 0.424702872
KA:/rcc/crc: 0.000000000 0.894324429 0.105675571
KA:/rcc/crf: 0.000000000 0.879106750 0.120893250
KA:/rcf/: 0.715013966 0.284986034 0.000000000
KA:/rcf/cr: 0.000000000 1.000000000 0.000000000
KA:/rfc/: 0.239933142 0.760066858 0.000000000
KA:/rfc/cr: 0.000000000 0.026426876 0.973573124
KJ:/ccc/: 0.389287758 0.610712242 0.000000000
KJ:/ccc/ccr: 0.000000000 0.719544620 0.280455380
KJ:/ccc/crc: 0.000000000 0.036305893 0.963694107
KJ:/ccc/crf: 0.000000000 0.708429792 0.291570208
KJ:/ccrcc/: 0.000000000 1.000000000 0.000000000
KJ:/ccrcc/ccr: 0.000000000 0.039178145 0.960821855
KJ:/ccrcc/crc: 0.000000000 0.017949547 0.982050453
KJ:/ccrcc/crf: 0.000000000 0.116346859 0.883653141
KJ:/ccrcf/: 0.383533853 0.616466147 0.000000000
KJ:/ccrcf/cr: 0.000000000 0.645296752 0.354703248
KJ:/crcc/: 0.000689731 0.999310269 0.000000000
KJ:/crcc/ccr: 0.000000000 0.086971590 0.913028410
KJ:/crcc/crc: 0.000000000 1.000000000 0.000000000
KJ:/crcc/crf: 0.000000000 1.000000000 0.000000000
KJ:/crfc/: 0.737385963 0.262614037 0.000000000
KJ:/crfc/cr: 0.000000000 0.566210472 0.433789528
KJ:/rcc/: 0.999955964 0.000044036 0.000000000
KJ:/rcc/ccr: 0.000000000 0.652869170 0.347130830
KJ:/rcc/crc: 0.000000000 0.783427392 0.216572608
KJ:/rcc/crf: 0.000000000 0.998237965 0.001762035
KJ:/rcf/: 0.234704746 0.765295254 0.000000000
KJ:/rcf/cr: 0.000000000 0.833582960 0.166417040
KJ:/rfc/: 0.114854768 0.885145232 0.000000000
KJ:/rfc/cr: 0.000000000 0.772498610 0.227501390
KQ:/ccc/: 0.000000000 1.000000000 0.000000000
KQ:/ccc/ccr: 0.000000000 0.914770349 0.085229651
KQ:/ccc/crc: 0.000000000 0.368356367 0.631643633
KQ:/ccc/crf: 0.000000000 0.888584294 0.111415706
KQ:/ccrcc/: 0.000092323 0.999907677 0.000000000
KQ:/ccrcc/ccr: 0.000000000 0.000000000 1.000000000
KQ:/ccrcc/crc: 0.000000000 1.000000000 0.000000000
KQ:/ccrcc/crf: 0.000000000 0.648713259 0.351286741
KQ:/ccrcf/: 0.108200858 0.891799142 0.000000000
KQ:/ccrcf/cr: 0.000000000 0.799326800 0.200673200
KQ:/crcc/: 0.614978520 0.385021480 0.000000000
KQ:/crcc/ccr: 0.000000000 0.985355374 0.014644626
KQ:/crcc/crc: 0.000000000 0.999789322 0.000210678
KQ:/crcc/crf: 0.000000000 0.941370377 0.058629623
KQ:/crfc/: 0.000000000 1.000000000 0.000000000
KQ:/crfc/cr: 0.000000000 0.000000000 1.000000000
KQ:/rcc/: 0.620180034 0.379819966 0.000000000
KQ:/rcc/ccr: 0.000000000 1.000000000 0.000000000
KQ:/rcc/crc: 0.000000000 0.740685157 0.259314843
KQ:/rcc/crf: 0.000000000 0.595627764 0.404372236
KQ:/rcf/: 0.000000000 1.000000000 0.000000000
KQ:/rcf/cr: 0.000000000 0.834611577 0.165388423
KQ:/rfc/: 0.141984407 0.858015593 0.000000000
KQ:/rfc/cr: 0.000000000 0.326873785 0.673126215
KT:/ccc/: 0.000000000 1.000000000 0.000000000
KT:/ccc/ccr: 0.000000000 0.999884319 0.000115681
KT:/ccc/crc: 0.000000000 0.599787759 0.400212241
KT:/ccc/crf: 0.000000000 0.508791852 0.491208148
KT:/ccrcc/: 0.006480924 0.993519076 0.000000000
KT:/ccrcc/ccr: 0.000000000 0.000000000 1.000000000
KT:/ccrcc/crc: 0.000000000 0.127175732 0.872824268
KT:/ccrcc/crf: 0.000000000 0.574943443 0.425056557
KT:/ccrcf/: 0.513850819 0.486149181 0.000000000
KT:/ccrcf/cr: 0.000000000 0.320109340 0.679890660
KT:/crcc/: 0.999954807 0.000045193 0.000000000
KT:/crcc/ccr: 0.000000000 0.880133043 0.119866957
KT:/crcc/crc: 0.000000000 1.000000000 0.000000000
KT:/crcc/crf: 0.000000000 1.000000000 0.000000000
KT:/crfc/: 0.331818164 0.668181836 0.000000000
KT:/crfc/cr: 0.000000000 0.500102032 0.499897968
KT:/rcc/: 0.000040164 0.999959836 0.000000000
KT:/rcc/ccr: 0.000000000 0.999735477 0.000264523
KT:/rcc/crc: 0.000000000 0.765389178 0.234610822
KT:/rcc/crf: 0.000000000 0.999653085 0.000346915
KT:/rcf/: 0.237541225 0.762458775 0.000000000
KT:/rcf/cr: 0.000000000 0.822620276 0.177379724
KT:/rfc/: 0.329286420 0.670713580 0.000000000
KT:/rfc/cr: 0.000000000 0.753787377 0.246212623
Q:/: 1.000000000 0.000000000 0.000000000
Q:/ccr: 0.000000000 1.000000000 0.000000000
Q:/crc: 0.000000000 1.000000000 0.000000000
Q:/crf: 0.000000000 0.998274412 0.001725588
QA:/ccc/: 0.909836672 0.090163328 0.000000000
QA:/ccc/ccr: 0.000000000 0.256840463 0.743159537
QA:/ccc/crc: 0.000000000 0.138092835 0.861907165
QA:/ccc/crf: 0.000000000 0.092034748 0.907965252
QA:/ccrcc/: 0.991824112 0.008175888 0.000000000
QA:/ccrcc/ccr: 0.000000000 0.317522292 0.682477708
QA:/ccrcc/crc: 0.000000000 0.832627249 0.167372751
QA:/ccrcc/crf: 0.000000000 1.000000000 0.000000000
QA:/ccrcf/: 0.168316851 0.831683149 0.000000000
QA:/ccrcf/cr: 0.000000000 0.877374536 0.122625464
QA:/crcc/: 0.995044232 0.004955768 0.000000000
QA:/crcc/ccr: 0.000000000 0.718767010 0.281232990
QA:/crcc/crc: 0.000000000 0.999125561 0.000874439
QA:/crcc/crf: 0.000000000 1.000000000 0.000000000
QA:/crfc/: 0.000000000 1.000000000 0.000000000
QA:/crfc/cr: 0.000000000 0.833374039 0.166625961
QA:/rcc/: 0.999986025 0.000013975 0.000000000
QA:/rcc/ccr: 0.000000000 0.512002171 0.487997829
QA:/rcc/crc: 0.000000000 0.352092566 0.647907434
QA:/rcc/crf: 0.000000000 0.740467213 0.259532787
QA:/rcf/: 0.000007454 0.999992546 0.000000000
QA:/rcf/cr: 0.000000000 0.970595250 0.029404750
QA:/rfc/: 0.328444881 0.671555119 0.000000000
QA:/rfc/cr: 0.000000000 0.329722978 0.670277022
QJ:/ccc/: 0.744458127 0.255541873 0.000000000
QJ:/ccc/ccr: 0.000000000 0.998431189 0.001568811
QJ:/ccc/crc: 0.000000000 0.336394929 0.663605071
QJ:/ccc/crf: 0.000000000 0.349417098 0.650582902
QJ:/ccrcc/: 0.000000000 1.000000000 0.000000000
QJ:/ccrcc/ccr: 0.000000000 0.318806036 0.681193964
QJ:/ccrcc/crc: 0.000000000 0.129523906 0.870476094
QJ:/ccrcc/crf: 0.000000000 0.453229690 0.546770310
QJ:/ccrcf/: 0.209634987 0.790365013 0.000000000
QJ:/ccrcf/cr: 0.000000000 0.368104882 0.631895118
QJ:/crcc/: 0.000837138 0.999162862 0.000000000
QJ:/crcc/ccr: 0.000000000 0.942049765 0.057950235
QJ:/crcc/crc: 0.000000000 0.746129207 0.253870793
QJ:/crcc/crf: 0.000000000 0.781672974 0.218327026
QJ:/crfc/: 0.000000000 1.000000000 0.000000000
QJ:/crfc/cr: 0.000000000 0.999837520 0.000162480
QJ:/rcc/: 0.999987783 0.000012217 0.000000000
QJ:/rcc/ccr: 0.000000000 0.681099401 0.318900599
QJ:/rcc/crc: 0.000000000 0.000000000 1.000000000
QJ:/rcc/crf: 0.000000000 0.873697567 0.126302433
QJ:/rcf/: 0.011806608 0.988193392 0.000000000
QJ:/rcf/cr: 0.000000000 0.000000000 1.000000000
QJ:/rfc/: 0.224487888 0.775512112 0.000000000
QJ:/rfc/cr: 0.000000000 0.250212980 0.749787020
QK:/ccc/: 0.000303274 0.999696726 0.000000000
QK:/ccc/ccr: 0.000000000 0.694915233 0.305084767
QK:/ccc/crc: 0.000000000 0.000000000 1.000000000
QK:/ccc/crf: 0.000000000 0.000298341 0.999701659
QK:/ccrcc/: 0.017243318 0.982756682 0.000000000
QK:/ccrcc/ccr: 0.000000000 0.038976152 0.961023848
QK:/ccrcc/crc: 0.000000000 0.374690033 0.625309967
QK:/ccrcc/crf: 0.000000000 1.000000000 0.000000000
QK:/ccrcf/: 0.529405215 0.470594785 0.000000000
QK:/ccrcf/cr: 0.000000000 0.240042624 0.759957376
QK:/crcc/: 0.999786851 0.000213149 0.000000000
QK:/crcc/ccr: 0.000000000 0.878904924 0.121095076
QK:/crcc/crc: 0.000000000 0.544264864 0.455735136
QK:/crcc/crf: 0.000000000 0.999899929 0.000100071
QK:/crfc/: 0.000000000 1.000000000 0.000000000
QK:/crfc/cr: 0.000000000 0.663008764 0.336991236
QK:/rcc/: 1.000000000 0.000000000 0.000000000
QK:/rcc/ccr: 0.000000000 0.623845497 0.376154503
QK:/rcc/crc: 0.000000000 0.979289901 0.020710099
QK:/rcc/crf: 0.000000000 0.999871169 0.000128831
QK:/rcf/: 0.407592871 0.592407129 0.000000000
QK:/rcf/cr: 0.000000000 0.999547694 0.000452306
QK:/rfc/: 0.306648221 0.693351779 0.000000000
QK:/rfc/cr: 0.000000000 0.018156755 0.981843245
QT:/ccc/: 0.000000000 1.000000000 0.000000000
QT:/ccc/ccr: 0.000000000 0.999939312 0.000060688
QT:/ccc/crc: 0.000000000 0.000000000 1.000000000
QT:/ccc/crf: 0.000000000 0.289645041 0.710354959
QT:/ccrcc/: 0.098921959 0.901078041 0.000000000
QT:/ccrcc/ccr: 0.000000000 0.310594161 0.689405839
QT:/ccrcc/crc: 0.000000000 0.067185610 0.932814390
QT:/ccrcc/crf: 0.000000000 0.810862579 0.189137421
QT:/ccrcf/: 0.633568689 0.366431311 0.000000000
QT:/ccrcf/cr: 0.000000000 0.434665026 0.565334974
QT:/crcc/: 0.000252956 0.999747044 0.000000000
QT:/crcc/ccr: 0.000000000 1.000000000 0.000000000
QT:/crcc/crc: 0.000000000 0.000029552 0.999970448
QT:/crcc/crf: 0.000000000 0.851325955 0.148674045
QT:/crfc/: 0.000000000 1.000000000 0.000000000
QT:/crfc/cr: 0.000000000 0.843965218 0.156034782
QT:/rcc/: 0.000000000 1.000000000 0.000000000
QT:/rcc/ccr: 0.000000000 0.310748715 0.689251285
QT:/rcc/crc: 0.000000000 0.000000000 1.000000000
QT:/rcc/crf: 0.000000000 0.213757197 0.786242803
QT:/rcf/: 0.222162223 0.777837777 0.000000000
QT:/rcf/cr: 0.000000000 0.000000000 1.000000000
QT:/rfc/: 0.597120197 0.402879803 0.000000000
QT:/rfc/cr: 0.000000000 0.904001024 0.095998976
T:/: 1.000000000 0.000000000 0.000000000
T:/ccr: 0.000000000 0.738419980 0.261580020
T:/crc: 0.000000000 1.000000000 0.000000000
T:/crf: 0.000000000 0.999505557 0.000494443
TA:/ccc/: 0.999960796 0.000039204 0.000000000
TA:/ccc/ccr: 0.000000000 0.999999534 0.000000466
TA:/ccc/crc: 0.000000000 0.372309308 0.627690692
TA:/ccc/crf: 0.000000000 0.147641067 0.852358933
TA:/ccrcc/: 0.064599703 0.935400297 0.000000000
TA:/ccrcc/ccr: 0.000000000 0.874956569 0.125043431
TA:/ccrcc/crc: 0.000000000 0.781199980 0.218800020
TA:/ccrcc/crf: 0.000000000 0.459951358 0.540048642
TA:/ccrcf/: 0.789562152 0.210437848 0.000000000
TA:/ccrcf/cr: 0.000000000 0.906327479 0.093672521
TA:/crcc/: 1.000000000 0.000000000 0.000000000
TA:/crcc/ccr: 0.000000000 1.000000000 0.000000000
TA:/crcc/crc: 0.000000000 0.000000000 1.000000000
TA:/crcc/crf: 0.000000000 0.000000000 1.000000000
TA:/crfc/: 0.000000000 1.000000000 0.000000000
TA:/crfc/cr: 0.000000000 0.000000000 1.000000000
TA:/rcc/: 1.000000000 0.000000000 0.000000000
TA:/rcc/ccr: 0.000000000 0.000000000 1.000000000
TA:/rcc/crc: 0.000000000 0.598041779 0.401958221
TA:/rcc/crf: 0.000000000 0.048646767 0.951353233
TA:/rcf/: 0.247987455 0.752012545 0.000000000
TA:/rcf/cr: 0.000000000 0.000000000 1.000000000
TA:/rfc/: 0.759470837 0.240529163 0.000000000
TA:/rfc/cr: 0.000000000 0.827741649 0.172258351
TJ:/ccc/: 0.999513870 0.000486130 0.000000000
TJ:/ccc/ccr: 0.000000000 0.335314151 0.664685849
TJ:/ccc/crc: 0.000000000 0.409647782 0.590352218
TJ:/ccc/crf: 0.000000000 0.000000000 1.000000000
TJ:/ccrcc/: 0.000000000 1.000000000 0.000000000
TJ:/ccrcc/ccr: 0.000000000 0.211687492 0.788312508
TJ:/ccrcc/crc: 0.000000000 0.437977084 0.562022916
TJ:/ccrcc/crf: 0.000000000 0.128547858 0.871452142
TJ:/ccrcf/: 0.275148433 0.724851567 0.000000000
TJ:/ccrcf/cr: 0.000000000 0.660071511 0.339928489
TJ:/crcc/: 0.000557148 0.999442852 0.000000000
TJ:/crcc/ccr: 0.000000000 0.825270129 0.174729871
TJ:/crcc/crc: 0.000000000 0.695504568 0.304495432
TJ:/crcc/crf: 0.000000000 0.000024857 0.999975143
TJ:/crfc/: 0.000262927 0.999737073 0.000000000
TJ:/crfc/cr: 0.000000000 0.000000000 1.000000000
TJ:/rcc/: 0.387357263 0.612642737 0.000000000
TJ:/rcc/ccr: 0.000000000 0.515008616 0.484991384
TJ:/rcc/crc: 0.000000000 0.000000000 1.000000000
TJ:/rcc/crf: 0.000000000 0.016357537 0.983642463
TJ:/rcf/: 0.336809526 0.663190474 0.000000000
TJ:/rcf/cr: 0.000000000 0.006014893 0.993985107
TJ:/rfc/: 0.649940213 0.350059787 0.000000000
TJ:/rfc/cr: 0.000000000 0.686336969 0.313663031
TK:/ccc/: 0.999540117 0.000459883 0.000000000
TK:/ccc/ccr: 0.000000000 1.000000000 0.000000000
TK:/ccc/crc: 0.000000000 0.000000000 1.000000000
TK:/ccc/crf: 0.000000000 0.163557629 0.836442371
TK:/ccrcc/: 0.544304179 0.455695821 0.000000000
TK:/ccrcc/ccr: 0.000000000 0.320106069 0.679893931
TK:/ccrcc/crc: 0.000000000 0.313311145 0.686688855
TK:/ccrcc/crf: 0.000000000 0.323274584 0.676725416
TK:/ccrcf/: 0.578113950 0.421886050 0.000000000
TK:/ccrcf/cr: 0.000000000 0.366574353 0.633425647
TK:/crcc/: 0.999607140 0.000392860 0.000000000
TK:/crcc/ccr: 0.000000000 0.197443861 0.802556139
TK:/crcc/crc: 0.000000000 0.000000000 1.000000000
TK:/crcc/crf: 0.000000000 0.000006236 0.999993764
TK:/crfc/: 0.183132572 0.816867428 0.000000000
TK:/crfc/cr: 0.000000000 0.000063542 0.999936458
TK:/rcc/: 1.000000000 0.000000000 0.000000000
TK:/rcc/ccr: 0.000000000 0.004304102 0.995695898
TK:/rcc/crc: 0.000000000 0.000000000 1.000000000
TK:/rcc/crf: 0.000000000 0.000000000 1.000000000
TK:/rcf/: 0.314870597 0.685129403 0.000000000
TK:/rcf/cr: 0.000000000 0.000000000 1.000000000
TK:/rfc/: 0.543391103 0.456608897 0.000000000
TK:/rfc/cr: 0.000000000 0.706458962 0.293541038
TQ:/ccc/: 0.999204879 0.000795121 0.000000000
TQ:/ccc/ccr: 0.000000000 0.418857917 0.581142083
TQ:/ccc/crc: 0.000000000 0.045984691 0.954015309
TQ:/ccc/crf: 0.000000000 0.000000000 1.000000000
TQ:/ccrcc/: 0.344588511 0.655411489 0.000000000
TQ:/ccrcc/ccr: 0.000000000 0.737653445 0.262346555
TQ:/ccrcc/crc: 0.000000000 0.726135932 0.273864068
TQ:/ccrcc/crf: 0.000000000 0.000000000 1.000000000
TQ:/ccrcf/: 0.180908900 0.819091100 0.000000000
TQ:/ccrcf/cr: 0.000000000 0.084916641 0.915083359
TQ:/crcc/: 0.000106905 0.999893095 0.000000000
TQ:/crcc/ccr: 0.000000000 0.999992624 0.000007376
TQ:/crcc/crc: 0.000000000 0.307759195 0.692240805
TQ:/crcc/crf: 0.000000000 0.000000000 1.000000000
TQ:/crfc/: 0.000067397 0.999932603 0.000000000
TQ:/crfc/cr: 0.000000000 0.000052767 0.999947233
TQ:/rcc/: 1.000000000 0.000000000 0.000000000
TQ:/rcc/ccr: 0.000000000 1.000000000 0.000000000
TQ:/rcc/crc: 0.000000000 0.000000000 1.000000000
TQ:/rcc/crf: 0.000000000 0.000000000 1.000000000
TQ:/rcf/: 0.182117745 0.817882255 0.000000000
TQ:/rcf/cr: 0.000000000 0.000000000 1.000000000
TQ:/rfc/: 0.443378201 0.556621799 0.000000000
TQ:/rfc/cr: 0.000000000 0.209772662 0.790227338
