A:/c: 0.960819643 0.039180357 0.000000000
A:/ccrc: 0.000000000 1.000000000 0.000000000
A:/ccrf: 0.000000000 1.000000000 0.000000000
A:/r: 0.000000000 1.000000000 0.000000000
AJ:/ccc/c: 0.222574739 0.777425261 0.000000000
AJ:/ccc/ccrc: 0.000000000 0.745868798 0.254131202
AJ:/ccc/ccrf: 0.000000000 0.543664984 0.456335016
AJ:/ccc/r: 0.000000000 0.610714357 0.389285643
AJ:/ccrcc/c: 0.715043319 0.284956681 0.000000000
AJ:/ccrcc/ccrc: 0.000000000 0.442218916 0.557781084
AJ:/ccrcc/ccrf: 0.000000000 0.945553975 0.054446025
AJ:/ccrcc/r: 0.000000000 0.457770099 0.542229901
AJ:/ccrfc/: 0.433243139 0.566756861 0.000000000
AJ:/ccrfc/cr: 0.000000000 0.487022840 0.512977160
AJ:/crcc/c: 0.927704777 0.072295223 0.000000000
AJ:/crcc/ccrc: 0.000000000 0.510208293 0.489791707
AJ:/crcc/ccrf: 0.000000000 0.460707352 0.539292648
AJ:/crcc/r: 0.000000000 0.673454775 0.326545225
AJ:/crcf/: 0.547973080 0.452026920 0.000000000
AJ:/crcf/cr: 0.000000000 0.471257100 0.528742900
AJ:/crfc/c: 0.844438812 0.155561188 0.000000000
AJ:/crfc/r: 0.000000000 1.000000000 0.000000000
AJ:/rcc/c: 1.000000000 0.000000000 0.000000000
AJ:/rcc/ccrc: 0.000000000 1.000000000 0.000000000
AJ:/rcc/ccrf: 0.000000000 1.000000000 0.000000000
AJ:/rcc/r: 0.000000000 1.000000000 0.000000000
AJ:/rcf/c: 1.000000000 0.000000000 0.000000000
AJ:/rcf/r: 0.000000000 1.000000000 0.000000000
AK:/ccc/c: 0.793657156 0.206342844 0.000000000
AK:/ccc/ccrc: 0.000000000 0.605260355 0.394739645
AK:/ccc/ccrf: 0.000000000 0.739134276 0.260865724
AK:/ccc/r: 0.000000000 0.706497118 0.293502882
AK:/ccrcc/c: 0.890011476 0.109988524 0.000000000
AK:/ccrcc/ccrc: 0.000000000 0.773747748 0.226252252
AK:/ccrcc/ccrf: 0.000000000 0.267346031 0.732653969
AK:/ccrcc/r: 0.000000000 0.562371062 0.437628938
AK:/ccrfc/: 0.635738626 0.364261374 0.000000000
AK:/ccrfc/cr: 0.000000000 0.479542835 0.520457165
AK:/crcc/c: 0.324360758 0.675639242 0.000000000
AK:/crcc/ccrc: 0.000000000 0.553885539 0.446114461
AK:/crcc/ccrf: 0.000000000 0.541687968 0.458312032
AK:/crcc/r: 0.000000000 0.859530503 0.140469497
AK:/crcf/: 0.908601908 0.091398092 0.000000000
AK:/crcf/cr: 0.000000000 0.450374155 0.549625845
AK:/crfc/c: 0.856336387 0.143663613 0.000000000
AK:/crfc/r: 0.000000000 0.597256830 0.402743170
AK:/rcc/c: 1.000000000 0.000000000 0.000000000
AK:/rcc/ccrc: 0.000000000 0.956905022 0.043094978
AK:/rcc/ccrf: 0.000000000 0.068422003 0.931577997
AK:/rcc/r: 0.000000000 1.000000000 0.000000000
AK:/rcf/c: 1.000000000 0.000000000 0.000000000
AK:/rcf/r: 0.000000000 1.000000000 0.000000000
AQ:/ccc/c: 0.676992930 0.323007070 0.000000000
AQ:/ccc/ccrc: 0.000000000 0.788004511 0.211995489
AQ:/ccc/ccrf: 0.000000000 0.834947636 0.165052364
AQ:/ccc/r: 0.000000000 0.551660893 0.448339107
AQ:/ccrcc/c: 0.882881874 0.117118126 0.000000000
AQ:/ccrcc/ccrc: 0.000000000 0.639624309 0.360375691
AQ:/ccrcc/ccrf: 0.000000000 0.207056689 0.792943311
AQ:/ccrcc/r: 0.000000000 0.868197875 0.131802125
AQ:/ccrfc/: 0.255565303 0.744434697 0.000000000
AQ:/ccrfc/cr: 0.000000000 0.274621075 0.725378925
AQ:/crcc/c: 0.545865111 0.454134889 0.000000000
AQ:/crcc/ccrc: 0.000000000 0.776187024 0.223812976
AQ:/crcc/ccrf: 0.000000000 0.526260855 0.473739145
AQ:/crcc/r: 0.000000000 0.835823869 0.164176131
AQ:/crcf/: 0.934375587 0.065624413 0.000000000
AQ:/crcf/cr: 0.000000000 1.000000000 0.000000000
AQ:/crfc/c: 0.209613354 0.790386646 0.000000000
AQ:/crfc/r: 0.000000000 0.648033314 0.351966686
AQ:/rcc/c: 1.000000000 0.000000000 0.000000000
AQ:/rcc/ccrc: 0.000000000 1.000000000 0.000000000
AQ:/rcc/ccrf: 0.000000000 1.000000000 0.000000000
AQ:/rcc/r: 0.000000000 1.000000000 0.000000000
AQ:/rcf/c: 1.000000000 0.000000000 0.000000000
AQ:/rcf/r: 0.000000000 1.000000000 0.000000000
AT:/ccc/c: 0.402991574 0.597008426 0.000000000
AT:/ccc/ccrc: 0.000000000 0.870305798 0.129694202
AT:/ccc/ccrf: 0.000000000 0.684590191 0.315409809
AT:/ccc/r: 0.000000000 0.342291874 0.657708126
AT:/ccrcc/c: 0.845592161 0.154407839 0.000000000
AT:/ccrcc/ccrc: 0.000000000 0.837575567 0.162424433
AT:/ccrcc/ccrf: 0.000000000 0.582552717 0.417447283
AT:/ccrcc/r: 0.000000000 0.829072806 0.170927194
AT:/ccrfc/: 0.600529875 0.399470125 0.000000000
AT:/ccrfc/cr: 0.000000000 0.470962038 0.529037962
AT:/crcc/c: 0.295264908 0.704735092 0.000000000
AT:/crcc/ccrc: 0.000000000 0.608805168 0.391194832
AT:/crcc/ccrf: 0.000000000 0.581604019 0.418395981
AT:/crcc/r: 0.000000000 0.788465402 0.211534598
AT:/crcf/: 0.288944181 0.711055819 0.000000000
AT:/crcf/cr: 0.000000000 0.633458794 0.366541206
AT:/crfc/c: 0.179032661 0.820967339 0.000000000
AT:/crfc/r: 0.000000000 0.885219035 0.114780965
AT:/rcc/c: 1.000000000 0.000000000 0.000000000
AT:/rcc/ccrc: 0.000000000 1.000000000 0.000000000
AT:/rcc/ccrf: 0.000000000 1.000000000 0.000000000
AT:/rcc/r: 0.000000000 1.000000000 0.000000000
AT:/rcf/c: 1.000000000 0.000000000 0.000000000
AT:/rcf/r: 0.000000000 1.000000000 0.000000000
J:/c: 0.574249945 0.425750055 0.000000000
J:/ccrc: 0.000000000 0.125538216 0.874461784
J:/ccrf: 0.000000000 0.663186955 0.336813045
J:/r: 0.000000000 1.000000000 0.000000000
JA:/ccc/c: 0.482064958 0.517935042 0.000000000
JA:/ccc/ccrc: 0.000000000 0.469174376 0.530825624
JA:/ccc/ccrf: 0.000000000 0.597902631 0.402097369
JA:/ccc/r: 0.000000000 0.416340014 0.583659986
JA:/ccrcc/c: 0.283509299 0.716490701 0.000000000
JA:/ccrcc/ccrc: 0.000000000 0.559744772 0.440255228
JA:/ccrcc/ccrf: 0.000000000 0.661875078 0.338124922
JA:/ccrcc/r: 0.000000000 0.788388077 0.211611923
JA:/ccrfc/: 0.192762429 0.807237571 0.000000000
JA:/ccrfc/cr: 0.000000000 0.092794980 0.907205020
JA:/crcc/c: 0.267000509 0.732999491 0.000000000
JA:/crcc/ccrc: 0.000000000 0.561752503 0.438247497
JA:/crcc/ccrf: 0.000000000 0.615584842 0.384415158
JA:/crcc/r: 0.000000000 0.548427487 0.451572513
JA:/crcf/: 0.184795427 0.815204573 0.000000000
JA:/crcf/cr: 0.000000000 0.562095528 0.437904472
JA:/crfc/c: 0.362249588 0.637750412 0.000000000
JA:/crfc/r: 0.000000000 0.809666052 0.190333948
JA:/rcc/c: 0.024008354 0.975991646 0.000000000
JA:/rcc/ccrc: 0.000000000 0.410005424 0.589994576
JA:/rcc/ccrf: 0.000000000 0.253684498 0.746315502
JA:/rcc/r: 0.000000000 0.057166500 0.942833500
JA:/rcf/c: 0.000000000 1.000000000 0.000000000
JA:/rcf/r: 0.000000000 0.296329420 0.703670580
JK:/ccc/c: 0.565445378 0.434554622 0.000000000
JK:/ccc/ccrc: 0.000000000 0.843677841 0.156322159
JK:/ccc/ccrf: 0.000000000 0.330910446 0.669089554
JK:/ccc/r: 0.000000000 0.286098304 0.713901696
JK:/ccrcc/c: 0.679539450 0.320460550 0.000000000
JK:/ccrcc/ccrc: 0.000000000 0.410442156 0.589557844
JK:/ccrcc/ccrf: 0.000000000 0.434929852 0.565070148
JK:/ccrcc/r: 0.000000000 0.900945035 0.099054965
JK:/ccrfc/: 0.253684264 0.746315736 0.000000000
JK:/ccrfc/cr: 0.000000000 0.395107781 0.604892219
JK:/crcc/c: 0.321912319 0.678087681 0.000000000
JK:/crcc/ccrc: 0.000000000 0.548569152 0.451430848
JK:/crcc/ccrf: 0.000000000 0.143954620 0.856045380
JK:/crcc/r: 0.000000000 0.492669988 0.507330012
JK:/crcf/: 0.467789130 0.532210870 0.000000000
JK:/crcf/cr: 0.000000000 0.471192885 0.528807115
JK:/crfc/c: 0.547911008 0.452088992 0.000000000
JK:/crfc/r: 0.000000000 0.377314355 0.622685645
JK:/rcc/c: 0.115224471 0.884775529 0.000000000
JK:/rcc/ccrc: 0.000000000 0.082595374 0.917404626
JK:/rcc/ccrf: 0.000000000 0.409384433 0.590615567
JK:/rcc/r: 0.000000000 0.000000000 1.000000000
JK:/rcf/c: 0.000000000 1.000000000 0.000000000
JK:/rcf/r: 0.000000000 0.295867544 0.704132456
JQ:/ccc/c: 0.445971924 0.554028076 0.000000000
JQ:/ccc/ccrc: 0.000000000 0.098310955 0.901689045
JQ:/ccc/ccrf: 0.000000000 0.427572389 0.572427611
JQ:/ccc/r: 0.000000000 0.792625221 0.207374779
JQ:/ccrcc/c: 0.367955169 0.632044831 0.000000000
JQ:/ccrcc/ccrc: 0.000000000 0.172323562 0.827676438
JQ:/ccrcc/ccrf: 0.000000000 0.184840757 0.815159243
JQ:/ccrcc/r: 0.000000000 0.381215991 0.618784009
JQ:/ccrfc/: 0.552824259 0.447175741 0.000000000
JQ:/ccrfc/cr: 0.000000000 0.449330772 0.550669228
JQ:/crcc/c: 0.757740638 0.242259362 0.000000000
JQ:/crcc/ccrc: 0.000000000 0.395600570 0.604399430
JQ:/crcc/ccrf: 0.000000000 0.351283351 0.648716649
JQ:/crcc/r: 0.000000000 0.427842456 0.572157544
JQ:/crcf/: 0.500868332 0.499131668 0.000000000
JQ:/crcf/cr: 0.000000000 0.027375896 0.972624104
JQ:/crfc/c: 0.863667552 0.136332448 0.000000000
JQ:/crfc/r: 0.000000000 0.483203012 0.516796988
JQ:/rcc/c: 0.183774847 0.816225153 0.000000000
JQ:/rcc/ccrc: 0.000000000 0.000000000 1.000000000
JQ:/rcc/ccrf: 0.000000000 0.828088429 0.171911571
JQ:/rcc/r: 0.000000000 0.249780551 0.750219449
JQ:/rcf/c: 0.000084622 0.999915378 0.000000000
JQ:/rcf/r: 0.000000000 0.000000000 1.000000000
JT:/ccc/c: 0.184653012 0.815346988 0.000000000
JT:/ccc/ccrc: 0.000000000 0.235616978 0.764383022
JT:/ccc/ccrf: 0.000000000 0.101785909 0.898214091
JT:/ccc/r: 0.000000000 0.693991894 0.306008106
JT:/ccrcc/c: 0.479838590 0.520161410 0.000000000
JT:/ccrcc/ccrc: 0.000000000 0.516528886 0.483471114
JT:/ccrcc/ccrf: 0.000000000 0.710475935 0.289524065
JT:/ccrcc/r: 0.000000000 0.596181086 0.403818914
JT:/ccrfc/: 0.307873441 0.692126559 0.000000000
JT:/ccrfc/cr: 0.000000000 0.553745292 0.446254708
JT:/crcc/c: 0.385143941 0.614856059 0.000000000
JT:/crcc/ccrc: 0.000000000 0.220804575 0.779195425
JT:/crcc/ccrf: 0.000000000 0.595488620 0.404511380
JT:/crcc/r: 0.000000000 0.000000000 1.000000000
JT:/crcf/: 0.574060546 0.425939454 0.000000000
JT:/crcf/cr: 0.000000000 0.472502794 0.527497206
JT:/crfc/c: 0.237835102 0.762164898 0.000000000
JT:/crfc/r: 0.000000000 0.671847192 0.328152808
JT:/rcc/c: 0.000367519 0.999632481 0.000000000
JT:/rcc/ccrc: 0.000000000 0.000000000 1.000000000
JT:/rcc/ccrf: 0.000000000 0.000000000 1.000000000
JT:/rcc/r: 0.000000000 0.000000000 1.000000000
JT:/rcf/c: 0.260354249 0.739645751 0.000000000
JT:/rcf/r: 0.000000000 0.000000000 1.000000000
K:/c: 0.478632990 0.521367010 0.000000000
K:/ccrc: 0.000000000 0.788732407 0.211267593
K:/ccrf: 0.000000000 0.880759335 0.119240665
K:/r: 0.000000000 1.000000000 0.000000000
KA:/ccc/c: 0.593237193 0.406762807 0.000000000
KA:/ccc/ccrc: 0.000000000 0.676704895 0.323295105
KA:/ccc/ccrf: 0.000000000 0.889883267 0.110116733
KA:/ccc/r: 0.000000000 0.835982778 0.164017222
KA:/ccrcc/c: 0.294660997 0.705339003 0.000000000
KA:/ccrcc/ccrc: 0.000000000 0.722791432 0.277208568
KA:/ccrcc/ccrf: 0.000000000 0.903783372 0.096216628
KA:/ccrcc/r: 0.000000000 0.872200929 0.127799071
KA:/ccrfc/: 0.799162141 0.200837859 0.000000000
KA:/ccrfc/cr: 0.000000000 0.982311359 0.017688641
KA:/crcc/c: 0.288331405 0.711668595 0.000000000
KA:/crcc/ccrc: 0.000000000 0.792618671 0.207381329
KA:/crcc/ccrf: 0.000000000 0.565731336 0.434268664
KA:/crcc/r: 0.000000000 0.940161942 0.059838058
KA:/crcf/: 0.113972443 0.886027557 0.000000000
KA:/crcf/cr: 0.000000000 0.680296752 0.319703248
KA:/crfc/c: 0.859737714 0.140262286 0.000000000
KA:/crfc/r: 0.000000000 0.310791570 0.689208430
KA:/rcc/c: 1.000000000 0.000000000 0.000000000
KA:/rcc/ccrc: 0.000000000 0.447136630 0.552863370
KA:/rcc/ccrf: 0.000000000 0.245459102 0.754540898
KA:/rcc/r: 0.000000000 1.000000000 0.000000000
KA:/rcf/c: 1.000000000 0.000000000 0.000000000
KA:/rcf/r: 0.000000000 1.000000000 0.000000000
KJ:/ccc/c: 0.069255778 0.930744222 0.000000000
KJ:/ccc/ccrc: 0.000000000 0.341444848 0.658555152
KJ:/ccc/ccrf: 0.000000000 0.311746128 0.688253872
KJ:/ccc/r: 0.000000000 0.195518068 0.804481932
KJ:/ccrcc/c: 0.306270273 0.693729727 0.000000000
KJ:/ccrcc/ccrc: 0.000000000 0.396732384 0.603267616
KJ:/ccrcc/ccrf: 0.000000000 0.932379993 0.067620007
KJ:/ccrcc/r: 0.000000000 0.896352111 0.103647889
KJ:/ccrfc/: 0.832386892 0.167613108 0.000000000
KJ:/ccrfc/cr: 0.000000000 0.715476870 0.284523130
KJ:/crcc/c: 0.521481399 0.478518601 0.000000000
KJ:/crcc/ccrc: 0.000000000 0.527085635 0.472914365
KJ:/crcc/ccrf: 0.000000000 0.603228337 0.396771663
KJ:/crcc/r: 0.000000000 0.998900241 0.001099759
KJ:/crcf/: 0.524366679 0.475633321 0.000000000
KJ:/crcf/cr: 0.000000000 0.357288139 0.642711861
KJ:/crfc/c: 0.227173094 0.772826906 0.000000000
KJ:/crfc/r: 0.000000000 0.181369892 0.818630108
KJ:/rcc/c: 0.424108096 0.575891904 0.000000000
KJ:/rcc/ccrc: 0.000000000 0.441743876 0.558256124
KJ:/rcc/ccrf: 0.000000000 0.674553942 0.325446058
KJ:/rcc/r: 0.000000000 0.653232214 0.346767786
KJ:/rcf/c: 0.498427995 0.501572005 0.000000000
KJ:/rcf/r: 0.000000000 0.667443869 0.332556131
KQ:/ccc/c: 0.694481348 0.305518652 0.000000000
KQ:/ccc/ccrc: 0.000000000 0.129778624 0.870221376
KQ:/ccc/ccrf: 0.000000000 0.390506980 0.609493020
KQ:/ccc/r: 0.000000000 0.818238016 0.181761984
KQ:/ccrcc/c: 0.553875353 0.446124647 0.000000000
KQ:/ccrcc/ccrc: 0.000000000 0.354145783 0.645854217
KQ:/ccrcc/ccrf: 0.000000000 0.649303868 0.350696132
KQ:/ccrcc/r: 0.000000000 0.945326247 0.054673753
KQ:/ccrfc/: 0.950120896 0.049879104 0.000000000
KQ:/ccrfc/cr: 0.000000000 0.954007576 0.045992424
KQ:/crcc/c: 0.546565409 0.453434591 0.000000000
KQ:/crcc/ccrc: 0.000000000 0.373377902 0.626622098
KQ:/crcc/ccrf: 0.000000000 0.075498919 0.924501081
KQ:/crcc/r: 0.000000000 0.709360621 0.290639379
KQ:/crcf/: 0.821964450 0.178035550 0.000000000
KQ:/crcf/cr: 0.000000000 0.620853870 0.379146130
KQ:/crfc/c: 0.637581581 0.362418419 0.000000000
KQ:/crfc/r: 0.000000000 0.525427285 0.474572715
KQ:/rcc/c: 0.328779108 0.671220892 0.000000000
KQ:/rcc/ccrc: 0.000000000 0.167512191 0.832487809
KQ:/rcc/ccrf: 0.000000000 0.170905725 0.829094275
KQ:/rcc/r: 0.000000000 0.158464376 0.841535624
KQ:/rcf/c: 0.425878692 0.574121308 0.000000000
KQ:/rcf/r: 0.000000000 0.666774480 0.333225520
KT:/ccc/c: 0.233886012 0.766113988 0.000000000
KT:/ccc/ccrc: 0.000000000 0.491892936 0.508107064
KT:/ccc/ccrf: 0.000000000 0.467435862 0.532564138
KT:/ccc/r: 0.000000000 0.612658598 0.387341402
KT:/ccrcc/c: 0.258207434 0.741792566 0.000000000
KT:/ccrcc/ccrc: 0.000000000 0.683487165 0.316512835
KT:/ccrcc/ccrf: 0.000000000 0.180442699 0.819557301
KT:/ccrcc/r: 0.000000000 0.585334002 0.414665998
KT:/ccrfc/: 0.083092687 0.916907313 0.000000000
KT:/ccrfc/cr: 0.000000000 0.530937119 0.469062881
KT:/crcc/c: 0.120011443 0.879988557 0.000000000
KT:/crcc/ccrc: 0.000000000 0.867982724 0.132017276
KT:/crcc/ccrf: 0.000000000 0.545561061 0.454438939
KT:/crcc/r: 0.000000000 0.171779929 0.828220071
KT:/crcf/: 0.710089392 0.289910608 0.000000000
KT:/crcf/cr: 0.000000000 0.687523495 0.312476505
KT:/crfc/c: 0.135947002 0.864052998 0.000000000
KT:/crfc/r: 0.000000000 0.386824651 0.613175349
KT:/rcc/c: 0.025893616 0.974106384 0.000000000
KT:/rcc/ccrc: 0.000000000 0.408927083 0.591072917
KT:/rcc/ccrf: 0.000000000 0.465800398 0.534199602
KT:/rcc/r: 0.000000000 0.044158135 0.955841865
KT:/rcf/c: 0.000000000 1.000000000 0.000000000
KT:/rcf/r: 0.000000000 0.667498833 0.332501167
Q:/c: 0.466248159 0.533751841 0.000000000
Q:/ccrc: 0.000000000 0.643364707 0.356635293
Q:/ccrf: 0.000000000 0.976950080 0.023049920
Q:/r: 0.000000000 1.000000000 0.000000000
QA:/ccc/c: 0.370186940 0.629813060 0.000000000
QA:/ccc/ccrc: 0.000000000 0.549063112 0.450936888
QA:/ccc/ccrf: 0.000000000 0.170263261 0.829736739
QA:/ccc/r: 0.000000000 0.706639214 0.293360786
QA:/ccrcc/c: 0.477307873 0.522692127 0.000000000
QA:/ccrcc/ccrc: 0.000000000 0.569570923 0.430429077
QA:/ccrcc/ccrf: 0.000000000 0.468416459 0.531583541
QA:/ccrcc/r: 0.000000000 0.475385634 0.524614366
QA:/ccrfc/: 0.214849304 0.785150696 0.000000000
QA:/ccrfc/cr: 0.000000000 0.590358317 0.409641683
QA:/crcc/c: 0.212615620 0.787384380 0.000000000
QA:/crcc/ccrc: 0.000000000 0.189181398 0.810818602
QA:/crcc/ccrf: 0.000000000 0.524302791 0.475697209
QA:/crcc/r: 0.000000000 0.666168726 0.333831274
QA:/crcf/: 0.490586694 0.509413306 0.000000000
QA:/crcf/cr: 0.000000000 0.458316628 0.541683372
QA:/crfc/c: 0.440070313 0.559929687 0.000000000
QA:/crfc/r: 0.000000000 0.756010892 0.243989108
QA:/rcc/c: 0.045526155 0.954473845 0.000000000
QA:/rcc/ccrc: 0.000000000 0.909602680 0.090397320
QA:/rcc/ccrf: 0.000000000 0.294769799 0.705230201
QA:/rcc/r: 0.000000000 0.014072700 0.985927300
QA:/rcf/c: 0.805780708 0.194219292 0.000000000
QA:/rcf/r: 0.000000000 0.999830667 0.000169333
QJ:/ccc/c: 0.616384578 0.383615422 0.000000000
QJ:/ccc/ccrc: 0.000000000 0.821897871 0.178102129
QJ:/ccc/ccrf: 0.000000000 0.534161374 0.465838626
QJ:/ccc/r: 0.000000000 0.312002801 0.687997199
QJ:/ccrcc/c: 0.513723762 0.486276238 0.000000000
QJ:/ccrcc/ccrc: 0.000000000 0.486868936 0.513131064
QJ:/ccrcc/ccrf: 0.000000000 0.979514006 0.020485994
QJ:/ccrcc/r: 0.000000000 0.160489638 0.839510362
QJ:/ccrfc/: 0.922345854 0.077654146 0.000000000
QJ:/ccrfc/cr: 0.000000000 0.853841573 0.146158427
QJ:/crcc/c: 0.581664012 0.418335988 0.000000000
QJ:/crcc/ccrc: 0.000000000 0.374768517 0.625231483
QJ:/crcc/ccrf: 0.000000000 0.101356687 0.898643313
QJ:/crcc/r: 0.000000000 0.582162092 0.417837908
QJ:/crcf/: 0.667158610 0.332841390 0.000000000
QJ:/crcf/cr: 0.000000000 0.742800172 0.257199828
QJ:/crfc/c: 0.525825014 0.474174986 0.000000000
QJ:/crfc/r: 0.000000000 0.513390877 0.486609123
QJ:/rcc/c: 0.140030684 0.859969316 0.000000000
QJ:/rcc/ccrc: 0.000000000 0.000000000 1.000000000
QJ:/rcc/ccrf: 0.000000000 0.000000000 1.000000000
QJ:/rcc/r: 0.000000000 0.082489385 0.917510615
QJ:/rcf/c: 0.060793761 0.939206239 0.000000000
QJ:/rcf/r: 0.000000000 0.000000000 1.000000000
QK:/ccc/c: 0.342420439 0.657579561 0.000000000
QK:/ccc/ccrc: 0.000000000 0.968361859 0.031638141
QK:/ccc/ccrf: 0.000000000 0.079176741 0.920823259
QK:/ccc/r: 0.000000000 0.874134727 0.125865273
QK:/ccrcc/c: 0.218934821 0.781065179 0.000000000
QK:/ccrcc/ccrc: 0.000000000 0.190946659 0.809053341
QK:/ccrcc/ccrf: 0.000000000 0.458458835 0.541541165
QK:/ccrcc/r: 0.000000000 0.784768502 0.215231498
QK:/ccrfc/: 1.000000000 0.000000000 0.000000000
QK:/ccrfc/cr: 0.000000000 0.243030844 0.756969156
QK:/crcc/c: 0.665954036 0.334045964 0.000000000
QK:/crcc/ccrc: 0.000000000 0.669978246 0.330021754
QK:/crcc/ccrf: 0.000000000 0.607032560 0.392967440
QK:/crcc/r: 0.000000000 0.779608726 0.220391274
QK:/crcf/: 0.779972482 0.220027518 0.000000000
QK:/crcf/cr: 0.000000000 0.416109199 0.583890801
QK:/crfc/c: 0.327937639 0.672062361 0.000000000
QK:/crfc/r: 0.000000000 0.813764902 0.186235098
QK:/rcc/c: 0.096579092 0.903420908 0.000000000
QK:/rcc/ccrc: 0.000000000 0.569416299 0.430583701
QK:/rcc/ccrf: 0.000000000 0.892833475 0.107166525
QK:/rcc/r: 0.000000000 0.306599365 0.693400635
QK:/rcf/c: 0.806019087 0.193980913 0.000000000
QK:/rcf/r: 0.000000000 0.999627571 0.000372429
QT:/ccc/c: 0.331354012 0.668645988 0.000000000
QT:/ccc/ccrc: 0.000000000 0.154352051 0.845647949
QT:/ccc/ccrf: 0.000000000 0.037993831 0.962006169
QT:/ccc/r: 0.000000000 0.243338669 0.756661331
QT:/ccrcc/c: 0.927784009 0.072215991 0.000000000
QT:/ccrcc/ccrc: 0.000000000 0.489281024 0.510718976
QT:/ccrcc/ccrf: 0.000000000 0.417472637 0.582527363
QT:/ccrcc/r: 0.000000000 0.244687218 0.755312782
QT:/ccrfc/: 0.432831322 0.567168678 0.000000000
QT:/ccrfc/cr: 0.000000000 0.887237350 0.112762650
QT:/crcc/c: 0.490959947 0.509040053 0.000000000
QT:/crcc/ccrc: 0.000000000 0.799483189 0.200516811
QT:/crcc/ccrf: 0.000000000 0.320178338 0.679821662
QT:/crcc/r: 0.000000000 0.571010399 0.428989601
QT:/crcf/: 0.919351935 0.080648065 0.000000000
QT:/crcf/cr: 0.000000000 0.845919486 0.154080514
QT:/crfc/c: 0.802213150 0.197786850 0.000000000
QT:/crfc/r: 0.000000000 0.130436050 0.869563950
QT:/rcc/c: 0.340004747 0.659995253 0.000000000
QT:/rcc/ccrc: 0.000000000 0.000000000 1.000000000
QT:/rcc/ccrf: 0.000000000 0.000000000 1.000000000
QT:/rcc/r: 0.000000000 0.124987606 0.875012394
QT:/rcf/c: 0.082600842 0.917399158 0.000000000
QT:/rcf/r: 0.000000000 0.000000000 1.000000000
T:/c: 0.444342815 0.555657185 0.000000000
T:/ccrc: 0.000000000 0.127993364 0.872006636
T:/ccrf: 0.000000000 1.000000000 0.000000000
T:/r: 0.000000000 1.000000000 0.000000000
TA:/ccc/c: 0.561412747 0.438587253 0.000000000
TA:/ccc/ccrc: 0.000000000 0.428447081 0.571552919
TA:/ccc/ccrf: 0.000000000 0.278922462 0.721077538
TA:/ccc/r: 0.000000000 0.668538834 0.331461166
TA:/ccrcc/c: 0.381246433 0.618753567 0.000000000
TA:/ccrcc/ccrc: 0.000000000 0.426374720 0.573625280
TA:/ccrcc/ccrf: 0.000000000 0.418481130 0.581518870
TA:/ccrcc/r: 0.000000000 0.199624747 0.800375253
TA:/ccrfc/: 0.822070330 0.177929670 0.000000000
TA:/ccrfc/cr: 0.000000000 0.870936892 0.129063108
TA:/crcc/c: 0.452005267 0.547994733 0.000000000
TA:/crcc/ccrc: 0.000000000 0.268160221 0.731839779
TA:/crcc/ccrf: 0.000000000 0.653024340 0.346975660
TA:/crcc/r: 0.000000000 0.662296362 0.337703638
TA:/crcf/: 0.425065019 0.574934981 0.000000000
TA:/crcf/cr: 0.000000000 0.601327905 0.398672095
TA:/crfc/c: 0.651389165 0.348610835 0.000000000
TA:/crfc/r: 0.000000000 0.625207071 0.374792929
TA:/rcc/c: 0.000000000 1.000000000 0.000000000
TA:/rcc/ccrc: 0.000000000 0.000000000 1.000000000
TA:/rcc/ccrf: 0.000000000 0.152539741 0.847460259
TA:/rcc/r: 0.000000000 0.000000000 1.000000000
TA:/rcf/c: 0.494080500 0.505919500 0.000000000
TA:/rcf/r: 0.000000000 0.000000000 1.000000000
TJ:/ccc/c: 0.784752363 0.215247637 0.000000000
TJ:/ccc/ccrc: 0.000000000 0.219784415 0.780215585
TJ:/ccc/ccrf: 0.000000000 0.299062185 0.700937815
TJ:/ccc/r: 0.000000000 0.234260474 0.765739526
TJ:/ccrcc/c: 0.262855265 0.737144735 0.000000000
TJ:/ccrcc/ccrc: 0.000000000 0.482131585 0.517868415
TJ:/ccrcc/ccrf: 0.000000000 0.164972186 0.835027814
TJ:/ccrcc/r: 0.000000000 0.917228577 0.082771423
TJ:/ccrfc/: 0.828997073 0.171002927 0.000000000
TJ:/ccrfc/cr: 0.000000000 0.622978887 0.377021113
TJ:/crcc/c: 0.943049849 0.056950151 0.000000000
TJ:/crcc/ccrc: 0.000000000 0.303745868 0.696254132
TJ:/crcc/ccrf: 0.000000000 0.736427861 0.263572139
TJ:/crcc/r: 0.000000000 0.000000000 1.000000000
TJ:/crcf/: 0.743722764 0.256277236 0.000000000
TJ:/crcf/cr: 0.000000000 0.237745115 0.762254885
TJ:/crfc/c: 0.505544209 0.494455791 0.000000000
TJ:/crfc/r: 0.000000000 0.235131188 0.764868812
TJ:/rcc/c: 0.000000000 1.000000000 0.000000000
TJ:/rcc/ccrc: 0.000000000 0.412570600 0.587429400
TJ:/rcc/ccrf: 0.000000000 0.412569545 0.587430455
TJ:/rcc/r: 0.000000000 0.000000000 1.000000000
TJ:/rcf/c: 0.282241185 0.717758815 0.000000000
TJ:/rcf/r: 0.000000000 0.000000000 1.000000000
TK:/ccc/c: 0.394518677 0.605481323 0.000000000
TK:/ccc/ccrc: 0.000000000 0.515792929 0.484207071
TK:/ccc/ccrf: 0.000000000 0.442215926 0.557784074
TK:/ccc/r: 0.000000000 0.198266561 0.801733439
TK:/ccrcc/c: 0.543444109 0.456555891 0.000000000
TK:/ccrcc/ccrc: 0.000000000 0.320883397 0.679116603
TK:/ccrcc/ccrf: 0.000000000 0.293100939 0.706899061
TK:/ccrcc/r: 0.000000000 0.317708219 0.682291781
TK:/ccrfc/: 0.544776155 0.455223845 0.000000000
TK:/ccrfc/cr: 0.000000000 0.322228475 0.677771525
TK:/crcc/c: 0.800483656 0.199516344 0.000000000
TK:/crcc/ccrc: 0.000000000 0.375703457 0.624296543
TK:/crcc/ccrf: 0.000000000 0.529642070 0.470357930
TK:/crcc/r: 0.000000000 0.769092460 0.230907540
TK:/crcf/: 0.896290249 0.103709751 0.000000000
TK:/crcf/cr: 0.000000000 0.252087436 0.747912564
TK:/crfc/c: 0.226673009 0.773326991 0.000000000
TK:/crfc/r: 0.000000000 0.566397810 0.433602190
TK:/rcc/c: 0.000000000 1.000000000 0.000000000
TK:/rcc/ccrc: 0.000000000 0.440684497 0.559315503
TK:/rcc/ccrf: 0.000000000 0.512250555 0.487749445
TK:/rcc/r: 0.000000000 0.000000000 1.000000000
TK:/rcf/c: 0.494132960 0.505867040 0.000000000
TK:/rcf/r: 0.000000000 0.000000000 1.000000000
TQ:/ccc/c: 0.911235086 0.088764914 0.000000000
TQ:/ccc/ccrc: 0.000000000 0.043984124 0.956015876
TQ:/ccc/ccrf: 0.000000000 0.597541669 0.402458331
TQ:/ccc/r: 0.000000000 0.347863260 0.652136740
TQ:/ccrcc/c: 0.520556782 0.479443218 0.000000000
TQ:/ccrcc/ccrc: 0.000000000 0.484221348 0.515778652
TQ:/ccrcc/ccrf: 0.000000000 0.819388000 0.180612000
TQ:/ccrcc/r: 0.000000000 0.304837765 0.695162235
TQ:/ccrfc/: 0.545786451 0.454213549 0.000000000
TQ:/ccrfc/cr: 0.000000000 0.075103766 0.924896234
TQ:/crcc/c: 0.665144057 0.334855943 0.000000000
TQ:/crcc/ccrc: 0.000000000 0.502715692 0.497284308
TQ:/crcc/ccrf: 0.000000000 0.676253400 0.323746600
TQ:/crcc/r: 0.000000000 0.555683020 0.444316980
TQ:/crcf/: 0.473931348 0.526068652 0.000000000
TQ:/crcf/cr: 0.000000000 0.059347234 0.940652766
TQ:/crfc/c: 0.239417195 0.760582805 0.000000000
TQ:/crfc/r: 0.000000000 0.020091300 0.979908700
TQ:/rcc/c: 0.000000000 1.000000000 0.000000000
TQ:/rcc/ccrc: 0.000000000 0.000000000 1.000000000
TQ:/rcc/ccrf: 0.000000000 0.261748173 0.738251827
TQ:/rcc/r: 0.000000000 0.000000000 1.000000000
TQ:/rcf/c: 0.329225824 0.670774176 0.000000000
TQ:/rcf/r: 0.000000000 0.000000000 1.000000000
