A:/cc: 0.453074654 0.546925346 0.000000000
A:/cr: 0.000000000 0.918007443 0.081992557
A:/rc: 0.000000000 1.000000000 0.000000000
A:/rf: 0.000000000 0.724095455 0.275904545
AJ:/ccc/cc: 0.182859514 0.817140486 0.000000000
AJ:/ccc/cr: 0.000000000 0.549062114 0.450937886
AJ:/ccc/rc: 0.000000000 0.465958476 0.534041524
AJ:/ccc/rf: 0.000000000 0.715586389 0.284413611
AJ:/ccrcc/cc: 0.645422243 0.354577757 0.000000000
AJ:/ccrcc/cr: 0.000000000 0.926442608 0.073557392
AJ:/ccrcc/rc: 0.000000000 0.201800943 0.798199057
AJ:/ccrcc/rf: 0.000000000 0.311620195 0.688379805
AJ:/ccrcf/c: 0.538490058 0.461509942 0.000000000
AJ:/ccrcf/r: 0.000000000 0.354252507 0.645747493
AJ:/ccrfc/c: 0.267857755 0.732142245 0.000000000
AJ:/ccrfc/r: 0.000000000 0.798452403 0.201547597
AJ:/crcc/cc: 0.244444209 0.755555791 0.000000000
AJ:/crcc/cr: 0.000000000 0.511038799 0.488961201
AJ:/crcc/rc: 0.000000000 0.393880656 0.606119344
AJ:/crcc/rf: 0.000000000 0.882278089 0.117721911
AJ:/crcf/c: 0.173119655 0.826880345 0.000000000
AJ:/crcf/r: 0.000000000 0.521638584 0.478361416
AJ:/rcc/cc: 0.252697575 0.747302425 0.000000000
AJ:/rcc/cr: 0.000000000 0.906166083 0.093833917
AJ:/rcc/rc: 0.000000000 1.000000000 0.000000000
AJ:/rcc/rf: 0.000000000 0.272322046 0.727677954
AJ:/rfc/c: 0.111909102 0.888090898 0.000000000
AJ:/rfc/r: 0.000000000 0.445496412 0.554503588
AK:/ccc/cc: 0.722268475 0.277731525 0.000000000
AK:/ccc/cr: 0.000000000 0.648264787 0.351735213
AK:/ccc/rc: 0.000000000 0.646743567 0.353256433
AK:/ccc/rf: 0.000000000 0.544710812 0.455289188
AK:/ccrcc/cc: 0.656432823 0.343567177 0.000000000
AK:/ccrcc/cr: 0.000000000 0.449315831 0.550684169
AK:/ccrcc/rc: 0.000000000 0.376536765 0.623463235
AK:/ccrcc/rf: 0.000000000 0.855577850 0.144422150
AK:/ccrcf/c: 0.854059717 0.145940283 0.000000000
AK:/ccrcf/r: 0.000000000 0.253589200 0.746410800
AK:/ccrfc/c: 0.577605692 0.422394308 0.000000000
AK:/ccrfc/r: 0.000000000 0.387830883 0.612169117
AK:/crcc/cc: 0.211834404 0.788165596 0.000000000
AK:/crcc/cr: 0.000000000 0.430978454 0.569021546
AK:/crcc/rc: 0.000000000 0.760761991 0.239238009
AK:/crcc/rf: 0.000000000 0.543391103 0.456608897
AK:/crcf/c: 0.782494115 0.217505885 0.000000000
AK:/crcf/r: 0.000000000 0.233636903 0.766363097
AK:/rcc/cc: 0.081247870 0.918752130 0.000000000
AK:/rcc/cr: 0.000000000 0.084876941 0.915123059
AK:/rcc/rc: 0.000000000 0.992174706 0.007825294
AK:/rcc/rf: 0.000000000 0.791629125 0.208370875
AK:/rfc/c: 0.421077735 0.578922265 0.000000000
AK:/rfc/r: 0.000000000 0.478028068 0.521971932
AQ:/ccc/cc: 0.450318696 0.549681304 0.000000000
AQ:/ccc/cr: 0.000000000 0.624456637 0.375543363
AQ:/ccc/rc: 0.000000000 0.481350949 0.518649051
AQ:/ccc/rf: 0.000000000 0.478220780 0.521779220
AQ:/ccrcc/cc: 0.588379530 0.411620470 0.000000000
AQ:/ccrcc/cr: 0.000000000 0.771649752 0.228350248
AQ:/ccrcc/rc: 0.000000000 0.767235651 0.232764349
AQ:/ccrcc/rf: 0.000000000 0.360678974 0.639321026
AQ:/ccrcf/c: 0.275148433 0.724851567 0.000000000
AQ:/ccrcf/r: 0.000000000 0.660071511 0.339928489
AQ:/ccrfc/c: 0.181128355 0.818871645 0.000000000
AQ:/ccrfc/r: 0.000000000 0.225739541 0.774260459
AQ:/crcc/cc: 0.291357275 0.708642725 0.000000000
AQ:/crcc/cr: 0.000000000 0.653121748 0.346878252
AQ:/crcc/rc: 0.000000000 0.576150605 0.423849395
AQ:/crcc/rf: 0.000000000 0.566347439 0.433652561
AQ:/crcf/c: 0.147830485 0.852169515 0.000000000
AQ:/crcf/r: 0.000000000 0.517098860 0.482901140
AQ:/rcc/cc: 0.000000000 1.000000000 0.000000000
AQ:/rcc/cr: 0.000000000 0.755306874 0.244693126
AQ:/rcc/rc: 0.000000000 0.993508445 0.006491555
AQ:/rcc/rf: 0.000000000 0.479298018 0.520701982
AQ:/rfc/c: 0.455905630 0.544094370 0.000000000
AQ:/rfc/r: 0.000000000 0.442819649 0.557180351
AT:/ccc/cc: 0.385640241 0.614359759 0.000000000
AT:/ccc/cr: 0.000000000 0.663470211 0.336529789
AT:/ccc/rc: 0.000000000 0.066334170 0.933665830
AT:/ccc/rf: 0.000000000 0.859573015 0.140426985
AT:/ccrcc/cc: 0.799768255 0.200231745 0.000000000
AT:/ccrcc/cr: 0.000000000 0.573889762 0.426110238
AT:/ccrcc/rc: 0.000000000 0.629129812 0.370870188
AT:/ccrcc/rf: 0.000000000 0.807414026 0.192585974
AT:/ccrcf/c: 0.424814866 0.575185134 0.000000000
AT:/ccrcf/r: 0.000000000 0.550653449 0.449346551
AT:/ccrfc/c: 0.359766492 0.640233508 0.000000000
AT:/ccrfc/r: 0.000000000 0.425874559 0.574125441
AT:/crcc/cc: 0.453528896 0.546471104 0.000000000
AT:/crcc/cr: 0.000000000 0.161636061 0.838363939
AT:/crcc/rc: 0.000000000 0.491821324 0.508178676
AT:/crcc/rf: 0.000000000 0.146819538 0.853180462
AT:/crcf/c: 0.493099379 0.506900621 0.000000000
AT:/crcf/r: 0.000000000 0.453950709 0.546049291
AT:/rcc/cc: 0.999905464 0.000094536 0.000000000
AT:/rcc/cr: 0.000000000 0.978025832 0.021974168
AT:/rcc/rc: 0.000000000 1.000000000 0.000000000
AT:/rcc/rf: 0.000000000 0.650228793 0.349771207
AT:/rfc/c: 0.968723025 0.031276975 0.000000000
AT:/rfc/r: 0.000000000 0.603552960 0.396447040
J:/cc: 0.265476397 0.734523603 0.000000000
J:/cr: 0.000000000 0.899154810 0.100845190
J:/rc: 0.000000000 0.146767169 0.853232831
J:/rf: 0.000000000 0.804918576 0.195081424
JA:/ccc/cc: 0.615455380 0.384544620 0.000000000
JA:/ccc/cr: 0.000000000 0.782160335 0.217839665
JA:/ccc/rc: 0.000000000 0.451068839 0.548931161
JA:/ccc/rf: 0.000000000 0.708343254 0.291656746
JA:/ccrcc/cc: 0.561261858 0.438738142 0.000000000
JA:/ccrcc/cr: 0.000000000 0.602004343 0.397995657
JA:/ccrcc/rc: 0.000000000 0.436064200 0.563935800
JA:/ccrcc/rf: 0.000000000 0.207527025 0.792472975
JA:/ccrcf/c: 0.773730068 0.226269932 0.000000000
JA:/ccrcf/r: 0.000000000 0.112962654 0.887037346
JA:/ccrfc/c: 0.169379945 0.830620055 0.000000000
JA:/ccrfc/r: 0.000000000 0.175316230 0.824683770
JA:/crcc/cc: 0.472200891 0.527799109 0.000000000
JA:/crcc/cr: 0.000000000 0.476962732 0.523037268
JA:/crcc/rc: 0.000000000 0.334889295 0.665110705
JA:/crcc/rf: 0.000000000 0.723944845 0.276055155
JA:/crcf/c: 0.895799938 0.104200062 0.000000000
JA:/crcf/r: 0.000000000 0.796552368 0.203447632
JA:/rcc/cc: 0.000000000 1.000000000 0.000000000
JA:/rcc/cr: 0.000000000 0.518753668 0.481246332
JA:/rcc/rc: 0.000000000 0.000000000 1.000000000
JA:/rcc/rf: 0.000000000 0.885957002 0.114042998
JA:/rfc/c: 0.906940413 0.093059587 0.000000000
JA:/rfc/r: 0.000000000 0.179389376 0.820610624
JK:/ccc/cc: 0.392478726 0.607521274 0.000000000
JK:/ccc/cr: 0.000000000 0.920498590 0.079501410
JK:/ccc/rc: 0.000000000 0.285864163 0.714135837
JK:/ccc/rf: 0.000000000 0.548780454 0.451219546
JK:/ccrcc/cc: 0.521182186 0.478817814 0.000000000
JK:/ccrcc/cr: 0.000000000 0.497122213 0.502877787
JK:/ccrcc/rc: 0.000000000 0.685870483 0.314129517
JK:/ccrcc/rf: 0.000000000 0.358338820 0.641661180
JK:/ccrcf/c: 0.361423532 0.638576468 0.000000000
JK:/ccrcf/r: 0.000000000 0.119878696 0.880121304
JK:/ccrfc/c: 0.349975557 0.650024443 0.000000000
JK:/ccrfc/r: 0.000000000 0.494732475 0.505267525
JK:/crcc/cc: 0.365211341 0.634788659 0.000000000
JK:/crcc/cr: 0.000000000 0.707628249 0.292371751
JK:/crcc/rc: 0.000000000 0.918458089 0.081541911
JK:/crcc/rf: 0.000000000 0.612043730 0.387956270
JK:/crcf/c: 0.273329857 0.726670143 0.000000000
JK:/crcf/r: 0.000000000 0.569255909 0.430744091
JK:/rcc/cc: 0.000000000 1.000000000 0.000000000
JK:/rcc/cr: 0.000000000 0.261233353 0.738766647
JK:/rcc/rc: 0.000000000 0.000000000 1.000000000
JK:/rcc/rf: 0.000000000 0.820294003 0.179705997
JK:/rfc/c: 0.946124620 0.053875380 0.000000000
JK:/rfc/r: 0.000000000 0.603920720 0.396079280
JQ:/ccc/cc: 0.098213130 0.901786870 0.000000000
JQ:/ccc/cr: 0.000000000 0.811946942 0.188053058
JQ:/ccc/rc: 0.000000000 0.915711548 0.084288452
JQ:/ccc/rf: 0.000000000 0.929812580 0.070187420
JQ:/ccrcc/cc: 0.420927317 0.579072683 0.000000000
JQ:/ccrcc/cr: 0.000000000 0.209671378 0.790328622
JQ:/ccrcc/rc: 0.000000000 0.191776221 0.808223779
JQ:/ccrcc/rf: 0.000000000 0.590054251 0.409945749
JQ:/ccrcf/c: 0.528643642 0.471356358 0.000000000
JQ:/ccrcf/r: 0.000000000 0.064219646 0.935780354
JQ:/ccrfc/c: 0.630326181 0.369673819 0.000000000
JQ:/ccrfc/r: 0.000000000 0.511301802 0.488698198
JQ:/crcc/cc: 0.144630932 0.855369068 0.000000000
JQ:/crcc/cr: 0.000000000 0.265486784 0.734513216
JQ:/crcc/rc: 0.000000000 0.661573253 0.338426747
JQ:/crcc/rf: 0.000000000 0.423622234 0.576377766
JQ:/crcf/c: 0.814202384 0.185797616 0.000000000
JQ:/crcf/r: 0.000000000 0.336107558 0.663892442
JQ:/rcc/cc: 0.000000000 1.000000000 0.000000000
JQ:/rcc/cr: 0.000000000 0.000048034 0.999951966
JQ:/rcc/rc: 0.000000000 0.000000000 1.000000000
JQ:/rcc/rf: 0.000000000 0.527834969 0.472165031
JQ:/rfc/c: 0.475899213 0.524100787 0.000000000
JQ:/rfc/r: 0.000000000 0.976425050 0.023574950
JT:/ccc/cc: 0.502055694 0.497944306 0.000000000
JT:/ccc/cr: 0.000000000 0.624717010 0.375282990
JT:/ccc/rc: 0.000000000 0.939994727 0.060005273
JT:/ccc/rf: 0.000000000 0.325104508 0.674895492
JT:/ccrcc/cc: 0.491040081 0.508959919 0.000000000
JT:/ccrcc/cr: 0.000000000 0.621102946 0.378897054
JT:/ccrcc/rc: 0.000000000 0.283586045 0.716413955
JT:/ccrcc/rf: 0.000000000 0.110272975 0.889727025
JT:/ccrcf/c: 0.358714096 0.641285904 0.000000000
JT:/ccrcf/r: 0.000000000 0.536587683 0.463412317
JT:/ccrfc/c: 0.697963923 0.302036077 0.000000000
JT:/ccrfc/r: 0.000000000 0.452970024 0.547029976
JT:/crcc/cc: 0.852491154 0.147508846 0.000000000
JT:/crcc/cr: 0.000000000 0.853581346 0.146418654
JT:/crcc/rc: 0.000000000 0.893248556 0.106751444
JT:/crcc/rf: 0.000000000 0.411447931 0.588552069
JT:/crcf/c: 0.318642538 0.681357462 0.000000000
JT:/crcf/r: 0.000000000 0.032566164 0.967433836
JT:/rcc/cc: 0.997629276 0.002370724 0.000000000
JT:/rcc/cr: 0.000000000 0.000130082 0.999869918
JT:/rcc/rc: 0.000000000 0.654543944 0.345456056
JT:/rcc/rf: 0.000000000 0.598591687 0.401408313
JT:/rfc/c: 0.511132159 0.488867841 0.000000000
JT:/rfc/r: 0.000000000 0.193968446 0.806031554
K:/cc: 0.741029219 0.258970781 0.000000000
K:/cr: 0.000000000 0.450969238 0.549030762
K:/rc: 0.000000000 1.000000000 0.000000000
K:/rf: 0.000000000 0.947004906 0.052995094
KA:/ccc/cc: 0.551181882 0.448818118 0.000000000
KA:/ccc/cr: 0.000000000 0.716274509 0.283725491
KA:/ccc/rc: 0.000000000 0.758653485 0.241346515
KA:/ccc/rf: 0.000000000 0.652456429 0.347543571
KA:/ccrcc/cc: 0.592314029 0.407685971 0.000000000
KA:/ccrcc/cr: 0.000000000 0.791161774 0.208838226
KA:/ccrcc/rc: 0.000000000 0.084433902 0.915566098
KA:/ccrcc/rf: 0.000000000 0.857944398 0.142055602
KA:/ccrcf/c: 0.259417097 0.740582903 0.000000000
KA:/ccrcf/r: 0.000000000 0.882987661 0.117012339
KA:/ccrfc/c: 0.786060653 0.213939347 0.000000000
KA:/ccrfc/r: 0.000000000 0.944834287 0.055165713
KA:/crcc/cc: 0.171619383 0.828380617 0.000000000
KA:/crcc/cr: 0.000000000 0.542517613 0.457482387
KA:/crcc/rc: 0.000000000 0.835798149 0.164201851
KA:/crcc/rf: 0.000000000 0.759470837 0.240529163
KA:/crcf/c: 0.005942484 0.994057516 0.000000000
KA:/crcf/r: 0.000000000 0.482615650 0.517384350
KA:/rcc/cc: 0.163292583 0.836707417 0.000000000
KA:/rcc/cr: 0.000000000 0.292960320 0.707039680
KA:/rcc/rc: 0.000000000 0.999928385 0.000071615
KA:/rcc/rf: 0.000000000 0.422735725 0.577264275
KA:/rfc/c: 0.186833141 0.813166859 0.000000000
KA:/rfc/r: 0.000000000 0.113110003 0.886889997
KJ:/ccc/cc: 0.187604697 0.812395303 0.000000000
KJ:/ccc/cr: 0.000000000 0.313034637 0.686965363
KJ:/ccc/rc: 0.000000000 0.437115295 0.562884705
KJ:/ccc/rf: 0.000000000 0.536974035 0.463025965
KJ:/ccrcc/cc: 0.849200441 0.150799559 0.000000000
KJ:/ccrcc/cr: 0.000000000 0.405900031 0.594099969
KJ:/ccrcc/rc: 0.000000000 0.701160160 0.298839840
KJ:/ccrcc/rf: 0.000000000 0.237825977 0.762174023
KJ:/ccrcf/c: 0.487249915 0.512750085 0.000000000
KJ:/ccrcf/r: 0.000000000 0.722661385 0.277338615
KJ:/ccrfc/c: 0.273664380 0.726335620 0.000000000
KJ:/ccrfc/r: 0.000000000 0.189544491 0.810455509
KJ:/crcc/cc: 0.240757625 0.759242375 0.000000000
KJ:/crcc/cr: 0.000000000 0.016452413 0.983547587
KJ:/crcc/rc: 0.000000000 0.112562042 0.887437958
KJ:/crcc/rf: 0.000000000 0.182340058 0.817659942
KJ:/crcf/c: 0.381287595 0.618712405 0.000000000
KJ:/crcf/r: 0.000000000 0.491458522 0.508541478
KJ:/rcc/cc: 0.000000000 1.000000000 0.000000000
KJ:/rcc/cr: 0.000000000 0.808765700 0.191234300
KJ:/rcc/rc: 0.000000000 0.000000000 1.000000000
KJ:/rcc/rf: 0.000000000 0.847136077 0.152863923
KJ:/rfc/c: 0.524007045 0.475992955 0.000000000
KJ:/rfc/r: 0.000000000 0.895642535 0.104357465
KQ:/ccc/cc: 0.748703570 0.251296430 0.000000000
KQ:/ccc/cr: 0.000000000 0.283018869 0.716981131
KQ:/ccc/rc: 0.000000000 0.682980564 0.317019436
KQ:/ccc/rf: 0.000000000 0.685116719 0.314883281
KQ:/ccrcc/cc: 0.302119097 0.697880903 0.000000000
KQ:/ccrcc/cr: 0.000000000 0.025471025 0.974528975
KQ:/ccrcc/rc: 0.000000000 0.587587664 0.412412336
KQ:/ccrcc/rf: 0.000000000 0.606162380 0.393837620
KQ:/ccrcf/c: 0.946044671 0.053955329 0.000000000
KQ:/ccrcf/r: 0.000000000 0.745370759 0.254629241
KQ:/ccrfc/c: 0.497647120 0.502352880 0.000000000
KQ:/ccrfc/r: 0.000000000 0.682441137 0.317558863
KQ:/crcc/cc: 0.473686904 0.526313096 0.000000000
KQ:/crcc/cr: 0.000000000 0.964006690 0.035993310
KQ:/crcc/rc: 0.000000000 0.528482173 0.471517827
KQ:/crcc/rf: 0.000000000 0.600797347 0.399202653
KQ:/crcf/c: 0.823455912 0.176544088 0.000000000
KQ:/crcf/r: 0.000000000 0.882863347 0.117136653
KQ:/rcc/cc: 0.000000000 1.000000000 0.000000000
KQ:/rcc/cr: 0.000000000 0.661133737 0.338866263
KQ:/rcc/rc: 0.000000000 0.521253333 0.478746667
KQ:/rcc/rf: 0.000000000 0.966461273 0.033538727
KQ:/rfc/c: 0.578656715 0.421343285 0.000000000
KQ:/rfc/r: 0.000000000 0.489182072 0.510817928
KT:/ccc/cc: 0.228498658 0.771501342 0.000000000
KT:/ccc/cr: 0.000000000 0.565135137 0.434864863
KT:/ccc/rc: 0.000000000 0.340958465 0.659041535
KT:/ccc/rf: 0.000000000 0.141984407 0.858015593
KT:/ccrcc/cc: 0.459967819 0.540032181 0.000000000
KT:/ccrcc/cr: 0.000000000 0.045013447 0.954986553
KT:/ccrcc/rc: 0.000000000 0.482905031 0.517094969
KT:/ccrcc/rf: 0.000000000 0.577307284 0.422692716
KT:/ccrcf/c: 0.521525350 0.478474650 0.000000000
KT:/ccrcf/r: 0.000000000 0.605741802 0.394258198
KT:/ccrfc/c: 0.167729231 0.832270769 0.000000000
KT:/ccrfc/r: 0.000000000 0.419715820 0.580284180
KT:/crcc/cc: 0.153997709 0.846002291 0.000000000
KT:/crcc/cr: 0.000000000 0.517325348 0.482674652
KT:/crcc/rc: 0.000000000 0.727633524 0.272366476
KT:/crcc/rf: 0.000000000 0.623027554 0.376972446
KT:/crcf/c: 0.425141121 0.574858879 0.000000000
KT:/crcf/r: 0.000000000 0.652795543 0.347204457
KT:/rcc/cc: 0.000030988 0.999969012 0.000000000
KT:/rcc/cr: 0.000000000 0.391251331 0.608748669
KT:/rcc/rc: 0.000000000 0.486012285 0.513987715
KT:/rcc/rf: 0.000000000 0.633568689 0.366431311
KT:/rfc/c: 0.343434604 0.656565396 0.000000000
KT:/rfc/r: 0.000000000 0.452719623 0.547280377
Q:/cc: 0.275587996 0.724412004 0.000000000
Q:/cr: 0.000000000 0.432807220 0.567192780
Q:/rc: 0.000000000 0.232856537 0.767143463
Q:/rf: 0.000000000 0.184497417 0.815502583
QA:/ccc/cc: 0.586550967 0.413449033 0.000000000
QA:/ccc/cr: 0.000000000 0.291040482 0.708959518
QA:/ccc/rc: 0.000000000 0.692526714 0.307473286
QA:/ccc/rf: 0.000000000 0.444410200 0.555589800
QA:/ccrcc/cc: 0.437872254 0.562127746 0.000000000
QA:/ccrcc/cr: 0.000000000 0.214143937 0.785856063
QA:/ccrcc/rc: 0.000000000 0.682094577 0.317905423
QA:/ccrcc/rf: 0.000000000 0.649940213 0.350059787
QA:/ccrcf/c: 0.370309380 0.629690620 0.000000000
QA:/ccrcf/r: 0.000000000 0.423103737 0.576896263
QA:/ccrfc/c: 0.807042979 0.192957021 0.000000000
QA:/ccrfc/r: 0.000000000 0.976176967 0.023823033
QA:/crcc/cc: 0.463564119 0.536435881 0.000000000
QA:/crcc/cr: 0.000000000 0.715488175 0.284511825
QA:/crcc/rc: 0.000000000 0.708064986 0.291935014
QA:/crcc/rf: 0.000000000 0.272676090 0.727323910
QA:/crcf/c: 0.384367675 0.615632325 0.000000000
QA:/crcf/r: 0.000000000 0.665923962 0.334076038
QA:/rcc/cc: 0.037768343 0.962231657 0.000000000
QA:/rcc/cr: 0.000000000 0.688839427 0.311160573
QA:/rcc/rc: 0.000000000 0.000000000 1.000000000
QA:/rcc/rf: 0.000000000 0.051580929 0.948419071
QA:/rfc/c: 0.592003680 0.407996320 0.000000000
QA:/rfc/r: 0.000000000 0.720528812 0.279471188
QJ:/ccc/cc: 0.069198700 0.930801300 0.000000000
QJ:/ccc/cr: 0.000000000 0.306934502 0.693065498
QJ:/ccc/rc: 0.000000000 0.051879321 0.948120679
QJ:/ccc/rf: 0.000000000 0.341922720 0.658077280
QJ:/ccrcc/cc: 0.288139678 0.711860322 0.000000000
QJ:/ccrcc/cr: 0.000000000 0.928579364 0.071420636
QJ:/ccrcc/rc: 0.000000000 0.857210465 0.142789535
QJ:/ccrcc/rf: 0.000000000 0.387878663 0.612121337
QJ:/ccrcf/c: 0.032511561 0.967488439 0.000000000
QJ:/ccrcf/r: 0.000000000 0.478591556 0.521408444
QJ:/ccrfc/c: 0.166473657 0.833526343 0.000000000
QJ:/ccrfc/r: 0.000000000 0.350812396 0.649187604
QJ:/crcc/cc: 0.675175375 0.324824625 0.000000000
QJ:/crcc/cr: 0.000000000 0.616113862 0.383886138
QJ:/crcc/rc: 0.000000000 0.600252504 0.399747496
QJ:/crcc/rf: 0.000000000 0.511503126 0.488496874
QJ:/crcf/c: 0.101603597 0.898396403 0.000000000
QJ:/crcf/r: 0.000000000 0.302257427 0.697742573
QJ:/rcc/cc: 0.154645116 0.845354884 0.000000000
QJ:/rcc/cr: 0.000000000 0.610770484 0.389229516
QJ:/rcc/rc: 0.000000000 0.000000000 1.000000000
QJ:/rcc/rf: 0.000000000 0.209256061 0.790743939
QJ:/rfc/c: 0.986231970 0.013768030 0.000000000
QJ:/rfc/r: 0.000000000 0.358063773 0.641936227
QK:/ccc/cc: 0.405281114 0.594718886 0.000000000
QK:/ccc/cr: 0.000000000 0.447684547 0.552315453
QK:/ccc/rc: 0.000000000 0.233275418 0.766724582
QK:/ccc/rf: 0.000000000 0.536766918 0.463233082
QK:/ccrcc/cc: 0.327926358 0.672073642 0.000000000
QK:/ccrcc/cr: 0.000000000 0.332753151 0.667246849
QK:/ccrcc/rc: 0.000000000 0.602577700 0.397422300
QK:/ccrcc/rf: 0.000000000 0.227653163 0.772346837
QK:/ccrcf/c: 0.552169028 0.447830972 0.000000000
QK:/ccrcf/r: 0.000000000 0.296560948 0.703439052
QK:/ccrfc/c: 0.501772964 0.498227036 0.000000000
QK:/ccrfc/r: 0.000000000 0.398908539 0.601091461
QK:/crcc/cc: 0.824540416 0.175459584 0.000000000
QK:/crcc/cr: 0.000000000 0.549597999 0.450402001
QK:/crcc/rc: 0.000000000 0.804791900 0.195208100
QK:/crcc/rf: 0.000000000 0.377709447 0.622290553
QK:/crcf/c: 0.845388753 0.154611247 0.000000000
QK:/crcf/r: 0.000000000 0.294078349 0.705921651
QK:/rcc/cc: 0.076668145 0.923331855 0.000000000
QK:/rcc/cr: 0.000000000 0.675530706 0.324469294
QK:/rcc/rc: 0.000000000 0.000000000 1.000000000
QK:/rcc/rf: 0.000000000 0.731598280 0.268401720
QK:/rfc/c: 0.445950024 0.554049976 0.000000000
QK:/rfc/r: 0.000000000 0.237173106 0.762826894
QT:/ccc/cc: 0.202013339 0.797986661 0.000000000
QT:/ccc/cr: 0.000000000 0.452866975 0.547133025
QT:/ccc/rc: 0.000000000 0.498178656 0.501821344
QT:/ccc/rf: 0.000000000 0.492379759 0.507620241
QT:/ccrcc/cc: 0.240583727 0.759416273 0.000000000
QT:/ccrcc/cr: 0.000000000 0.169245898 0.830754102
QT:/ccrcc/rc: 0.000000000 0.517361974 0.482638026
QT:/ccrcc/rf: 0.000000000 0.676420891 0.323579109
QT:/ccrcf/c: 0.019714045 0.980285955 0.000000000
QT:/ccrcf/r: 0.000000000 0.437788277 0.562211723
QT:/ccrfc/c: 0.808681586 0.191318414 0.000000000
QT:/ccrfc/r: 0.000000000 0.681525006 0.318474994
QT:/crcc/cc: 0.483286887 0.516713113 0.000000000
QT:/crcc/cr: 0.000000000 0.889639571 0.110360429
QT:/crcc/rc: 0.000000000 0.504245264 0.495754736
QT:/crcc/rf: 0.000000000 0.045746670 0.954253330
QT:/crcf/c: 0.451640696 0.548359304 0.000000000
QT:/crcf/r: 0.000000000 0.354562771 0.645437229
QT:/rcc/cc: 0.540146292 0.459853708 0.000000000
QT:/rcc/cr: 0.000000000 0.000000000 1.000000000
QT:/rcc/rc: 0.000000000 0.000000000 1.000000000
QT:/rcc/rf: 0.000000000 0.605071947 0.394928053
QT:/rfc/c: 0.454716317 0.545283683 0.000000000
QT:/rfc/r: 0.000000000 0.475594917 0.524405083
T:/cc: 0.678704742 0.321295258 0.000000000
T:/cr: 0.000000000 1.000000000 0.000000000
T:/rc: 0.000000000 0.165966390 0.834033610
T:/rf: 0.000000000 1.000000000 0.000000000
TA:/ccc/cc: 0.297185265 0.702814735 0.000000000
TA:/ccc/cr: 0.000000000 0.106384478 0.893615522
TA:/ccc/rc: 0.000000000 0.681881544 0.318118456
TA:/ccc/rf: 0.000000000 0.547479633 0.452520367
TA:/ccrcc/cc: 0.528157367 0.471842633 0.000000000
TA:/ccrcc/cr: 0.000000000 0.461742184 0.538257816
TA:/ccrcc/rc: 0.000000000 0.573379340 0.426620660
TA:/ccrcc/rf: 0.000000000 0.435773162 0.564226838
TA:/ccrcf/c: 0.447690890 0.552309110 0.000000000
TA:/ccrcf/r: 0.000000000 0.456024443 0.543975557
TA:/ccrfc/c: 0.193369246 0.806630754 0.000000000
TA:/ccrfc/r: 0.000000000 0.556237833 0.443762167
TA:/crcc/cc: 0.140492448 0.859507552 0.000000000
TA:/crcc/cr: 0.000000000 0.494937783 0.505062217
TA:/crcc/rc: 0.000000000 0.693725078 0.306274922
TA:/crcc/rf: 0.000000000 0.181805569 0.818194431
TA:/crcf/c: 0.350164163 0.649835837 0.000000000
TA:/crcf/r: 0.000000000 0.275435421 0.724564579
TA:/rcc/cc: 0.000000000 1.000000000 0.000000000
TA:/rcc/cr: 0.000000000 0.650775302 0.349224698
TA:/rcc/rc: 0.000000000 0.000000000 1.000000000
TA:/rcc/rf: 0.000000000 0.916101923 0.083898077
TA:/rfc/c: 0.341277752 0.658722248 0.000000000
TA:/rfc/r: 0.000000000 0.853263014 0.146736986
TJ:/ccc/cc: 0.508596632 0.491403368 0.000000000
TJ:/ccc/cr: 0.000000000 0.307617526 0.692382474
TJ:/ccc/rc: 0.000000000 0.530672564 0.469327436
TJ:/ccc/rf: 0.000000000 0.834852665 0.165147335
TJ:/ccrcc/cc: 0.393214984 0.606785016 0.000000000
TJ:/ccrcc/cr: 0.000000000 0.397362867 0.602637133
TJ:/ccrcc/rc: 0.000000000 0.046294300 0.953705700
TJ:/ccrcc/rf: 0.000000000 0.278839402 0.721160598
TJ:/ccrcf/c: 0.579613541 0.420386459 0.000000000
TJ:/ccrcf/r: 0.000000000 0.046602266 0.953397734
TJ:/ccrfc/c: 0.284218494 0.715781506 0.000000000
TJ:/ccrfc/r: 0.000000000 0.036846652 0.963153348
TJ:/crcc/cc: 0.584750229 0.415249771 0.000000000
TJ:/crcc/cr: 0.000000000 0.339169068 0.660830932
TJ:/crcc/rc: 0.000000000 0.602426320 0.397573680
TJ:/crcc/rf: 0.000000000 0.611169750 0.388830250
TJ:/crcf/c: 0.097477570 0.902522430 0.000000000
TJ:/crcf/r: 0.000000000 0.441156170 0.558843830
TJ:/rcc/cc: 0.000000000 1.000000000 0.000000000
TJ:/rcc/cr: 0.000000000 1.000000000 0.000000000
TJ:/rcc/rc: 0.000000000 0.000000000 1.000000000
TJ:/rcc/rf: 0.000000000 0.182772158 0.817227842
TJ:/rfc/c: 0.021689553 0.978310447 0.000000000
TJ:/rfc/r: 0.000000000 0.898759610 0.101240390
TK:/ccc/cc: 0.241018778 0.758981222 0.000000000
TK:/ccc/cr: 0.000000000 0.252047935 0.747952065
TK:/ccc/rc: 0.000000000 0.901965154 0.098034846
TK:/ccc/rf: 0.000000000 0.597120197 0.402879803
TK:/ccrcc/cc: 0.722959278 0.277040722 0.000000000
TK:/ccrcc/cr: 0.000000000 0.371146773 0.628853227
TK:/ccrcc/rc: 0.000000000 0.825604410 0.174395590
TK:/ccrcc/rf: 0.000000000 0.531773240 0.468226760
TK:/ccrcf/c: 0.793552859 0.206447141 0.000000000
TK:/ccrcf/r: 0.000000000 0.643545913 0.356454087
TK:/ccrfc/c: 0.530643306 0.469356694 0.000000000
TK:/ccrfc/r: 0.000000000 0.097240712 0.902759288
TK:/crcc/cc: 0.232131759 0.767868241 0.000000000
TK:/crcc/cr: 0.000000000 0.169569538 0.830430462
TK:/crcc/rc: 0.000000000 0.948132345 0.051867655
TK:/crcc/rf: 0.000000000 0.485010006 0.514989994
TK:/crcf/c: 0.482274231 0.517725769 0.000000000
TK:/crcf/r: 0.000000000 0.329003283 0.670996717
TK:/rcc/cc: 0.103791638 0.896208362 0.000000000
TK:/rcc/cr: 0.000000000 1.000000000 0.000000000
TK:/rcc/rc: 0.000000000 0.000000000 1.000000000
TK:/rcc/rf: 0.000000000 0.472060068 0.527939932
TK:/rfc/c: 0.231612431 0.768387569 0.000000000
TK:/rfc/r: 0.000000000 0.039282258 0.960717742
TQ:/ccc/cc: 0.568407785 0.431592215 0.000000000
TQ:/ccc/cr: 0.000000000 0.098849232 0.901150768
TQ:/ccc/rc: 0.000000000 0.639382013 0.360617987
TQ:/ccc/rf: 0.000000000 0.383533853 0.616466147
TQ:/ccrcc/cc: 0.523947515 0.476052485 0.000000000
TQ:/ccrcc/cr: 0.000000000 0.643694389 0.356305611
TQ:/ccrcc/rc: 0.000000000 0.984920934 0.015079066
TQ:/ccrcc/rf: 0.000000000 0.206524322 0.793475678
TQ:/ccrcf/c: 0.531214012 0.468785988 0.000000000
TQ:/ccrcf/r: 0.000000000 0.009928880 0.990071120
TQ:/ccrfc/c: 0.542029806 0.457970194 0.000000000
TQ:/ccrfc/r: 0.000000000 0.098182525 0.901817475
TQ:/crcc/cc: 0.106630948 0.893369052 0.000000000
TQ:/crcc/cr: 0.000000000 0.772540827 0.227459173
TQ:/crcc/rc: 0.000000000 0.764654310 0.235345690
TQ:/crcc/rf: 0.000000000 0.329286420 0.670713580
TQ:/crcf/c: 0.970305203 0.029694797 0.000000000
TQ:/crcf/r: 0.000000000 0.208903598 0.791096402
TQ:/rcc/cc: 0.000034775 0.999965225 0.000000000
TQ:/rcc/cr: 0.000000000 0.000000000 1.000000000
TQ:/rcc/rc: 0.000000000 0.000000000 1.000000000
TQ:/rcc/rf: 0.000000000 0.437760966 0.562239034
TQ:/rfc/c: 0.444535035 0.555464965 0.000000000
TQ:/rfc/r: 0.000000000 0.699312647 0.300687353
