A:/: 0.183441123 0.816558877 0.000000000
A:/cccr: 0.597079203 0.402920797 0.000000000
A:/cccrccrc: 0.408506777 0.176853981 0.414639242
A:/cccrccrccrcc: 0.000000000 0.811110502 0.188889498
A:/cccrccrccrcf: 0.000000000 0.887134915 0.112865085
A:/cccrccrccrfc: 0.000000000 0.727124813 0.272875187
A:/cccrccrccrff: 0.000000000 0.783277718 0.216722282
A:/cccrccrf: 0.450050357 0.441308984 0.108640660
A:/cccrccrfcrc: 0.000000000 0.490742518 0.509257482
A:/cccrccrfcrf: 0.000000000 0.355819286 0.644180714
A:/cccrccrr: 0.000000000 0.548422966 0.451577034
A:/cccrcfrc: 0.473734150 0.366937225 0.159328625
A:/cccrcfrf: 0.301600238 0.507700491 0.190699270
A:/cccrcfrr: 0.000000000 0.981117096 0.018882904
A:/cccrcrcc: 0.570869984 0.181471025 0.247658991
A:/cccrcrcf: 0.203803359 0.636628294 0.159568347
A:/cccrcrcr: 0.000000000 0.711384882 0.288615118
A:/cccrcrfc: 0.290014221 0.224529321 0.485456457
A:/cccrcrff: 0.272975376 0.307241193 0.419783431
A:/cccrcrfr: 0.000000000 0.454475844 0.545524156
A:/cccrcrrc: 0.000000000 0.922287321 0.077712679
A:/cccrcrrf: 0.000000000 0.945311018 0.054688982
A:/cccrrccr: 0.000000000 0.712804604 0.287195396
A:/cccrrcfr: 0.000000000 0.802393477 0.197606523
A:/cccrrcrc: 0.000000000 0.614435414 0.385564586
A:/cccrrcrf: 0.000000000 0.476317375 0.523682625
A:/cccrrfcr: 0.000000000 0.842605310 0.157394690
A:/cccrrffr: 0.000000000 0.856196602 0.143803398
A:/cccrrfrc: 0.000000000 0.843822400 0.156177600
A:/cccrrfrf: 0.000000000 0.254898554 0.745101446
A:/cccrrrcc: 0.000000000 0.435388409 0.564611591
A:/cccrrrcf: 0.000000000 0.602282853 0.397717147
A:/cccrrrfc: 0.000000000 0.770757253 0.229242747
A:/cccrrrff: 0.000000000 0.923909824 0.076090176
A:/ccrc: 0.026623897 0.973376103 0.000000000
A:/ccrccrcc: 0.305012564 0.655637453 0.039349983
A:/ccrccrcf: 0.447368524 0.417452413 0.135179063
A:/ccrccrcr: 0.000000000 1.000000000 0.000000000
A:/ccrccrfc: 0.468097695 0.531902305 0.000000000
A:/ccrccrff: 0.333225318 0.357264214 0.309510468
A:/ccrccrfr: 0.000000000 0.572880906 0.427119094
A:/ccrccrrc: 0.000000000 0.866125152 0.133874848
A:/ccrccrrf: 0.000000000 0.340563521 0.659436479
A:/ccrcrccr: 0.000000000 0.966317164 0.033682836
A:/ccrcrcfr: 0.000000000 0.739416644 0.260583356
A:/ccrcrcrc: 0.000000000 0.760348667 0.239651333
A:/ccrcrcrf: 0.000000000 0.954570243 0.045429757
A:/ccrcrfcr: 0.000000000 1.000000000 0.000000000
A:/ccrcrffr: 0.000000000 0.936131329 0.063868671
A:/ccrcrfrc: 0.000000000 1.000000000 0.000000000
A:/ccrcrfrf: 0.000000000 0.178041751 0.821958249
A:/ccrcrrcc: 0.000000000 0.581592750 0.418407250
A:/ccrcrrcf: 0.000000000 0.519604838 0.480395162
A:/ccrcrrfc: 0.000000000 0.873494065 0.126505935
A:/ccrcrrff: 0.000000000 1.000000000 0.000000000
A:/ccrf: 0.345271648 0.654728352 0.000000000
A:/ccrfcrc: 1.000000000 0.000000000 0.000000000
A:/ccrfcrf: 0.557885693 0.442114307 0.000000000
A:/ccrfcrr: 0.000000000 0.287087164 0.712912836
A:/ccrfrcr: 0.000000000 1.000000000 0.000000000
A:/ccrfrfr: 0.000000000 0.590486962 0.409513038
A:/ccrfrrc: 0.000000000 0.932682296 0.067317704
A:/ccrfrrf: 0.000000000 1.000000000 0.000000000
A:/ccrr: 0.939415429 0.060584571 0.000000000
A:/ccrrccrc: 0.000000000 0.950496899 0.049503101
A:/ccrrccrf: 0.000000000 0.613645264 0.386354736
A:/ccrrcfrc: 0.000000000 0.540797995 0.459202005
A:/ccrrcfrf: 0.000000000 0.340032128 0.659967872
A:/ccrrcrcc: 0.000000000 0.864527539 0.135472461
A:/ccrrcrcf: 0.000000000 0.783393363 0.216606637
A:/ccrrcrfc: 0.000000000 0.942730119 0.057269881
A:/ccrrcrff: 0.000000000 0.592174450 0.407825550
A:/crcc: 0.223569056 0.450190242 0.326240702
A:/crccrccr: 0.000000000 0.601144860 0.398855140
A:/crccrcfr: 0.000000000 0.441851579 0.558148421
A:/crccrcrc: 0.000000000 0.480969396 0.519030604
A:/crccrcrf: 0.000000000 0.692561694 0.307438306
A:/crccrfcr: 0.000000000 0.467296683 0.532703317
A:/crccrffr: 0.000000000 0.278813059 0.721186941
A:/crccrfrc: 0.000000000 0.517608405 0.482391595
A:/crccrfrf: 0.000000000 0.214191194 0.785808806
A:/crccrrcc: 0.000000000 0.932754952 0.067245048
A:/crccrrcf: 0.000000000 0.753067614 0.246932386
A:/crccrrfc: 0.000000000 0.820191139 0.179808861
A:/crccrrff: 0.000000000 0.825465995 0.174534005
A:/crcf: 0.616948687 0.383051313 0.000000000
A:/crcfrcr: 0.000000000 0.840072540 0.159927460
A:/crcfrfr: 0.000000000 0.486827821 0.513172179
A:/crcfrrc: 0.000000000 0.968176980 0.031823020
A:/crcfrrf: 0.000000000 1.000000000 0.000000000
A:/crcr: 0.651906661 0.348093339 0.000000000
A:/crcrccrc: 0.000000000 0.369550130 0.630449870
A:/crcrccrf: 0.000000000 0.355845454 0.644154546
A:/crcrcfrc: 0.000000000 0.766466389 0.233533611
A:/crcrcfrf: 0.000000000 0.301101224 0.698898776
A:/crcrcrcc: 0.000000000 0.749051940 0.250948060
A:/crcrcrcf: 0.000000000 0.958065704 0.041934296
A:/crcrcrfc: 0.000000000 0.508872260 0.491127740
A:/crcrcrff: 0.000000000 0.555444695 0.444555305
A:/crfc: 0.345947519 0.654052481 0.000000000
A:/crfcrcr: 0.000000000 0.829989813 0.170010187
A:/crfcrfr: 0.000000000 0.959384030 0.040615970
A:/crfcrrc: 0.000000000 0.889948336 0.110051664
A:/crfcrrf: 0.000000000 1.000000000 0.000000000
A:/crff: 0.677640948 0.322359052 0.000000000
A:/crffrr: 0.000000000 1.000000000 0.000000000
A:/crfr: 0.504910633 0.495089367 0.000000000
A:/crfrcrc: 0.000000000 0.831721024 0.168278976
A:/crfrcrf: 0.000000000 0.841456195 0.158543805
A:/crrc: 0.886190769 0.113809231 0.000000000
A:/crrccrcc: 0.000000000 0.329845780 0.670154220
A:/crrccrcf: 0.000000000 0.330901887 0.669098113
A:/crrccrfc: 0.000000000 0.450907942 0.549092058
A:/crrccrff: 0.000000000 0.831802996 0.168197004
A:/crrf: 0.485924045 0.501584345 0.012491610
A:/crrfcrc: 0.000000000 0.365125551 0.634874449
A:/crrfcrf: 0.000000000 0.697999729 0.302000271
A:/crrr: 0.000000000 0.367021470 0.632978530
A:/rccr: 0.696365172 0.303634828 0.000000000
A:/rccrccrc: 0.000000000 0.466654191 0.533345809
A:/rccrccrf: 0.000000000 0.029800929 0.970199071
A:/rccrcfrc: 0.000000000 0.656417699 0.343582301
A:/rccrcfrf: 0.000000000 0.013187519 0.986812481
A:/rccrcrcc: 0.000000000 0.935338964 0.064661036
A:/rccrcrcf: 0.000000000 0.503621057 0.496378943
A:/rccrcrfc: 0.000000000 0.225924880 0.774075120
A:/rccrcrff: 0.000000000 0.738219352 0.261780648
A:/rcfr: 0.608261779 0.365940745 0.025797475
A:/rcfrcrc: 0.000000000 0.800302399 0.199697601
A:/rcfrcrf: 0.000000000 0.638265746 0.361734254
A:/rcrc: 0.395385743 0.597641147 0.006973110
A:/rcrccrcc: 0.000000000 0.361395783 0.638604217
A:/rcrccrcf: 0.000000000 0.756466151 0.243533849
A:/rcrccrfc: 0.000000000 0.282097493 0.717902507
A:/rcrccrff: 0.000000000 0.401812538 0.598187462
A:/rcrf: 0.695162635 0.304837365 0.000000000
A:/rcrfcrc: 0.000000000 0.798732119 0.201267881
A:/rcrfcrf: 0.000000000 0.609949173 0.390050827
A:/rcrr: 0.000000000 0.827294814 0.172705186
A:/rfcr: 0.611833795 0.337434566 0.050731639
A:/rfcrcrc: 0.000000000 0.674153579 0.325846421
A:/rfcrcrf: 0.000000000 0.343559119 0.656440881
A:/rffr: 0.655546516 0.344453484 0.000000000
A:/rfrc: 0.662320630 0.222738142 0.114941228
A:/rfrf: 0.434083940 0.346857061 0.219058999
A:/rfrr: 0.000000000 0.285047821 0.714952179
A:/rrcc: 0.434819977 0.132353524 0.432826500
A:/rrcf: 0.530784791 0.443833642 0.025381567
A:/rrcr: 0.000000000 0.947990598 0.052009402
A:/rrfc: 0.361940544 0.441034214 0.197025242
A:/rrff: 0.441302263 0.558697737 0.000000000
A:/rrfr: 0.000000000 0.724673353 0.275326647
A:/rrrc: 0.000000000 0.250390923 0.749609077
A:/rrrf: 0.000000000 0.457938820 0.542061180
J:/: 0.103750735 0.896249265 0.000000000
J:/cccr: 0.000000000 0.000000000 1.000000000
J:/cccrccrc: 0.203581630 0.000000000 0.796418370
J:/cccrccrccrcc: 0.000000000 0.460143142 0.539856858
J:/cccrccrccrcf: 0.000000000 0.570341033 0.429658967
J:/cccrccrccrfc: 0.000000000 0.442758746 0.557241254
J:/cccrccrccrff: 0.000000000 0.368316503 0.631683497
J:/cccrccrf: 0.489606220 0.000000000 0.510393780
J:/cccrccrfcrc: 0.000000000 0.270741196 0.729258804
J:/cccrccrfcrf: 0.000000000 0.596256831 0.403743169
J:/cccrccrr: 0.000000000 0.082873575 0.917126425
J:/cccrcfrc: 0.199676651 0.000000000 0.800323349
J:/cccrcfrf: 0.121331815 0.800313533 0.078354652
J:/cccrcfrr: 0.000000000 0.315549026 0.684450974
J:/cccrcrcc: 0.137757307 0.094544123 0.767698569
J:/cccrcrcf: 0.144020898 0.314230645 0.541748457
J:/cccrcrcr: 0.000000000 0.004499903 0.995500097
J:/cccrcrfc: 0.336695715 0.442164804 0.221139481
J:/cccrcrff: 0.814943849 0.152312273 0.032743878
J:/cccrcrfr: 0.000000000 0.471230687 0.528769313
J:/cccrcrrc: 0.000000000 0.000000000 1.000000000
J:/cccrcrrf: 0.000000000 0.342494406 0.657505594
J:/cccrrccr: 0.000000000 0.199482107 0.800517893
J:/cccrrcfr: 0.000000000 0.463165860 0.536834140
J:/cccrrcrc: 0.000000000 0.536694289 0.463305711
J:/cccrrcrf: 0.000000000 0.991037394 0.008962606
J:/cccrrfcr: 0.000000000 0.000000000 1.000000000
J:/cccrrffr: 0.000000000 0.000000000 1.000000000
J:/cccrrfrc: 0.000000000 0.000000000 1.000000000
J:/cccrrfrf: 0.000000000 0.192227229 0.807772771
J:/cccrrrcc: 0.000000000 0.000000000 1.000000000
J:/cccrrrcf: 0.000000000 0.205279360 0.794720640
J:/cccrrrfc: 0.000000000 0.315748425 0.684251575
J:/cccrrrff: 0.000000000 0.458354903 0.541645097
J:/ccrc: 0.000000000 0.000000000 1.000000000
J:/ccrccrcc: 0.346723888 0.453029073 0.200247039
J:/ccrccrcf: 0.254049706 0.514162002 0.231788292
J:/ccrccrcr: 0.000000000 0.000000000 1.000000000
J:/ccrccrfc: 0.379414614 0.078474557 0.542110829
J:/ccrccrff: 0.184002186 0.207335549 0.608662265
J:/ccrccrfr: 0.000000000 0.589855807 0.410144193
J:/ccrccrrc: 0.000000000 0.116760478 0.883239522
J:/ccrccrrf: 0.000000000 0.407742807 0.592257193
J:/ccrcrccr: 0.000000000 0.828807561 0.171192439
J:/ccrcrcfr: 0.000000000 0.400290884 0.599709116
J:/ccrcrcrc: 0.000000000 0.392413150 0.607586850
J:/ccrcrcrf: 0.000000000 0.594078076 0.405921924
J:/ccrcrfcr: 0.000000000 0.503214377 0.496785623
J:/ccrcrffr: 0.000000000 0.334940080 0.665059920
J:/ccrcrfrc: 0.000000000 0.861270809 0.138729191
J:/ccrcrfrf: 0.000000000 0.423888081 0.576111919
J:/ccrcrrcc: 0.000000000 0.378008234 0.621991766
J:/ccrcrrcf: 0.000000000 0.464175051 0.535824949
J:/ccrcrrfc: 0.000000000 0.076508241 0.923491759
J:/ccrcrrff: 0.000000000 0.541355056 0.458644944
J:/ccrf: 0.081448885 0.000000000 0.918551115
J:/ccrfcrc: 0.224715405 0.300222436 0.475062159
J:/ccrfcrf: 0.118195668 0.275410343 0.606393989
J:/ccrfcrr: 0.000000000 0.196390394 0.803609606
J:/ccrfrcr: 0.000000000 0.191024808 0.808975192
J:/ccrfrfr: 0.000000000 0.462781806 0.537218194
J:/ccrfrrc: 0.000000000 0.021809001 0.978190999
J:/ccrfrrf: 0.000000000 0.598923141 0.401076859
J:/ccrr: 0.000000000 0.000000000 1.000000000
J:/ccrrccrc: 0.000000000 0.610700736 0.389299264
J:/ccrrccrf: 0.000000000 0.466624300 0.533375700
J:/ccrrcfrc: 0.000000000 0.452686180 0.547313820
J:/ccrrcfrf: 0.000000000 0.860834894 0.139165106
J:/ccrrcrcc: 0.000000000 0.000000000 1.000000000
J:/ccrrcrcf: 0.000000000 0.438563763 0.561436237
J:/ccrrcrfc: 0.000000000 0.767309197 0.232690803
J:/ccrrcrff: 0.000000000 0.054588381 0.945411619
J:/crcc: 0.000000000 0.418051059 0.581948941
J:/crccrccr: 0.000000000 0.073867802 0.926132198
J:/crccrcfr: 0.000000000 0.028865086 0.971134914
J:/crccrcrc: 0.000000000 0.539221553 0.460778447
J:/crccrcrf: 0.000000000 0.930734255 0.069265745
J:/crccrfcr: 0.000000000 0.234874074 0.765125926
J:/crccrffr: 0.000000000 0.428115126 0.571884874
J:/crccrfrc: 0.000000000 0.453861236 0.546138764
J:/crccrfrf: 0.000000000 0.726365499 0.273634501
J:/crccrrcc: 0.000000000 0.740584085 0.259415915
J:/crccrrcf: 0.000000000 0.405644826 0.594355174
J:/crccrrfc: 0.000000000 0.356691341 0.643308659
J:/crccrrff: 0.000000000 0.692017471 0.307982529
J:/crcf: 0.021083365 0.387207462 0.591709173
J:/crcfrcr: 0.000000000 0.016856961 0.983143039
J:/crcfrfr: 0.000000000 0.955860142 0.044139858
J:/crcfrrc: 0.000000000 0.060342296 0.939657704
J:/crcfrrf: 0.000000000 0.054065424 0.945934576
J:/crcr: 0.000001115 0.000000000 0.999998885
J:/crcrccrc: 0.000000000 0.544606374 0.455393626
J:/crcrccrf: 0.000000000 0.181727885 0.818272115
J:/crcrcfrc: 0.000000000 0.361979946 0.638020054
J:/crcrcfrf: 0.000000000 0.349335918 0.650664082
J:/crcrcrcc: 0.000000000 0.406697170 0.593302830
J:/crcrcrcf: 0.000000000 0.215305807 0.784694193
J:/crcrcrfc: 0.000000000 0.410019709 0.589980291
J:/crcrcrff: 0.000000000 0.677518442 0.322481558
J:/crfc: 0.000000000 0.000000000 1.000000000
J:/crfcrcr: 0.000000000 0.630495668 0.369504332
J:/crfcrfr: 0.000000000 0.619191347 0.380808653
J:/crfcrrc: 0.000000000 0.197142850 0.802857150
J:/crfcrrf: 0.000000000 0.057567213 0.942432787
J:/crff: 0.000000000 0.000000000 1.000000000
J:/crffrr: 0.000000000 0.000000000 1.000000000
J:/crfr: 0.000000000 0.000000000 1.000000000
J:/crfrcrc: 0.000000000 0.628132003 0.371867997
J:/crfrcrf: 0.000000000 0.648503099 0.351496901
J:/crrc: 0.000000000 0.563544261 0.436455739
J:/crrccrcc: 0.000000000 0.605619992 0.394380008
J:/crrccrcf: 0.000000000 0.281559322 0.718440678
J:/crrccrfc: 0.000000000 0.399923175 0.600076825
J:/crrccrff: 0.000000000 0.627829433 0.372170567
J:/crrf: 0.028727334 0.146657163 0.824615503
J:/crrfcrc: 0.000000000 0.205470878 0.794529122
J:/crrfcrf: 0.000000000 0.321793990 0.678206010
J:/crrr: 0.000000000 0.337102511 0.662897489
J:/rccr: 0.693434132 0.000000044 0.306565823
J:/rccrccrc: 0.000000000 0.434093161 0.565906839
J:/rccrccrf: 0.000000000 0.260052876 0.739947124
J:/rccrcfrc: 0.000000000 0.763042686 0.236957314
J:/rccrcfrf: 0.000000000 0.527307981 0.472692019
J:/rccrcrcc: 0.000000000 0.129068244 0.870931756
J:/rccrcrcf: 0.000000000 0.746902574 0.253097426
J:/rccrcrfc: 0.000000000 0.609172792 0.390827208
J:/rccrcrff: 0.000000000 0.205492310 0.794507690
J:/rcfr: 0.000000000 0.000000000 1.000000000
J:/rcfrcrc: 0.000000000 0.279759221 0.720240779
J:/rcfrcrf: 0.000000000 0.253390463 0.746609537
J:/rcrc: 0.390044599 0.130768358 0.479187043
J:/rcrccrcc: 0.000000000 0.931930370 0.068069630
J:/rcrccrcf: 0.000000000 0.784130965 0.215869035
J:/rcrccrfc: 0.000000000 0.735438894 0.264561106
J:/rcrccrff: 0.000000000 0.052026305 0.947973695
J:/rcrf: 0.334013117 0.561779028 0.104207854
J:/rcrfcrc: 0.000000000 0.576953424 0.423046576
J:/rcrfcrf: 0.000000000 0.248060553 0.751939447
J:/rcrr: 0.000000000 0.356542395 0.643457605
J:/rfcr: 0.000060396 0.000000000 0.999939604
J:/rfcrcrc: 0.000000000 0.508496754 0.491503246
J:/rfcrcrf: 0.000000000 0.380174804 0.619825196
J:/rffr: 0.000570073 0.000000000 0.999429927
J:/rfrc: 0.101406177 0.425386297 0.473207526
J:/rfrf: 0.120889585 0.767060424 0.112049991
J:/rfrr: 0.000000000 0.526478814 0.473521186
J:/rrcc: 0.158687856 0.418574544 0.422737600
J:/rrcf: 0.528482523 0.245852186 0.225665291
J:/rrcr: 0.000000000 0.324411706 0.675588294
J:/rrfc: 0.000270756 0.000000000 0.999729244
J:/rrff: 0.000000000 0.000000000 1.000000000
J:/rrfr: 0.000000000 0.000000000 1.000000000
J:/rrrc: 0.000000000 0.526331961 0.473668039
J:/rrrf: 0.000000000 0.643197358 0.356802642
K:/: 0.000000000 1.000000000 0.000000000
K:/cccr: 0.000375540 0.000000000 0.999624460
K:/cccrccrc: 0.564644330 0.131828937 0.303526734
K:/cccrccrccrcc: 0.000000000 0.466529100 0.533470900
K:/cccrccrccrcf: 0.000000000 0.155987357 0.844012643
K:/cccrccrccrfc: 0.000000000 0.820600407 0.179399593
K:/cccrccrccrff: 0.000000000 0.066179938 0.933820062
K:/cccrccrf: 0.751785181 0.248214819 0.000000000
K:/cccrccrfcrc: 0.000000000 0.648705575 0.351294425
K:/cccrccrfcrf: 0.000000000 1.000000000 0.000000000
K:/cccrccrr: 0.000000000 0.436797167 0.563202833
K:/cccrcfrc: 0.214019414 0.128142574 0.657838012
K:/cccrcfrf: 0.092016508 0.706961631 0.201021862
K:/cccrcfrr: 0.000000000 0.000000000 1.000000000
K:/cccrcrcc: 0.488339836 0.220047759 0.291612405
K:/cccrcrcf: 0.369129755 0.547984205 0.082886039
K:/cccrcrcr: 0.000000000 0.247221909 0.752778091
K:/cccrcrfc: 0.433143977 0.214606599 0.352249424
K:/cccrcrff: 0.626351175 0.368568712 0.005080113
K:/cccrcrfr: 0.000000000 0.263805481 0.736194519
K:/cccrcrrc: 0.000000000 0.000000000 1.000000000
K:/cccrcrrf: 0.000000000 0.732172045 0.267827955
K:/cccrrccr: 0.000000000 0.731098865 0.268901135
K:/cccrrcfr: 0.000000000 0.559498135 0.440501865
K:/cccrrcrc: 0.000000000 0.045663222 0.954336778
K:/cccrrcrf: 0.000000000 0.594679940 0.405320060
K:/cccrrfcr: 0.000000000 0.244850288 0.755149712
K:/cccrrffr: 0.000000000 0.000000000 1.000000000
K:/cccrrfrc: 0.000000000 0.369047726 0.630952274
K:/cccrrfrf: 0.000000000 0.729374072 0.270625928
K:/cccrrrcc: 0.000000000 0.344967390 0.655032610
K:/cccrrrcf: 0.000000000 0.792885987 0.207114013
K:/cccrrrfc: 0.000000000 0.020709636 0.979290364
K:/cccrrrff: 0.000000000 1.000000000 0.000000000
K:/ccrc: 0.000013314 0.121093176 0.878893510
K:/ccrccrcc: 0.320284028 0.441740194 0.237975778
K:/ccrccrcf: 0.391880768 0.332427138 0.275692095
K:/ccrccrcr: 0.000000000 0.444279760 0.555720240
K:/ccrccrfc: 0.270406214 0.402570006 0.327023779
K:/ccrccrff: 0.216226868 0.756276249 0.027496882
K:/ccrccrfr: 0.000000000 0.662872050 0.337127950
K:/ccrccrrc: 0.000000000 0.355056825 0.644943175
K:/ccrccrrf: 0.000000000 0.345553179 0.654446821
K:/ccrcrccr: 0.000000000 0.275390420 0.724609580
K:/ccrcrcfr: 0.000000000 0.537313535 0.462686465
K:/ccrcrcrc: 0.000000000 0.518358728 0.481641272
K:/ccrcrcrf: 0.000000000 0.547994868 0.452005132
K:/ccrcrfcr: 0.000000000 0.588286728 0.411713272
K:/ccrcrffr: 0.000000000 0.541920939 0.458079061
K:/ccrcrfrc: 0.000000000 0.368481531 0.631518469
K:/ccrcrfrf: 0.000000000 0.493343435 0.506656565
K:/ccrcrrcc: 0.000000000 0.558177320 0.441822680
K:/ccrcrrcf: 0.000000000 0.435743517 0.564256483
K:/ccrcrrfc: 0.000000000 0.563977010 0.436022990
K:/ccrcrrff: 0.000000000 0.842841438 0.157158562
K:/ccrf: 0.000000000 0.006840337 0.993159663
K:/ccrfcrc: 0.000000000 0.484825727 0.515174273
K:/ccrfcrf: 0.091454116 0.516573561 0.391972323
K:/ccrfcrr: 0.000000000 0.722568854 0.277431146
K:/ccrfrcr: 0.000000000 0.421588242 0.578411758
K:/ccrfrfr: 0.000000000 0.112016804 0.887983196
K:/ccrfrrc: 0.000000000 0.197212394 0.802787606
K:/ccrfrrf: 0.000000000 0.032848715 0.967151285
K:/ccrr: 0.000000000 0.000000000 1.000000000
K:/ccrrccrc: 0.000000000 0.943354324 0.056645676
K:/ccrrccrf: 0.000000000 0.606677559 0.393322441
K:/ccrrcfrc: 0.000000000 0.436682655 0.563317345
K:/ccrrcfrf: 0.000000000 0.519307925 0.480692075
K:/ccrrcrcc: 0.000000000 0.000000000 1.000000000
K:/ccrrcrcf: 0.000000000 0.568917696 0.431082304
K:/ccrrcrfc: 0.000000000 0.132560324 0.867439676
K:/ccrrcrff: 0.000000000 0.835893214 0.164106786
K:/crcc: 0.306652135 0.380200800 0.313147065
K:/crccrccr: 0.000000000 0.861420932 0.138579068
K:/crccrcfr: 0.000000000 0.525717967 0.474282033
K:/crccrcrc: 0.000000000 0.490345184 0.509654816
K:/crccrcrf: 0.000000000 0.580505194 0.419494806
K:/crccrfcr: 0.000000000 0.284585248 0.715414752
K:/crccrffr: 0.000000000 0.018592042 0.981407958
K:/crccrfrc: 0.000000000 0.388871778 0.611128222
K:/crccrfrf: 0.000000000 0.509884183 0.490115817
K:/crccrrcc: 0.000000000 0.482600955 0.517399045
K:/crccrrcf: 0.000000000 0.499600590 0.500399410
K:/crccrrfc: 0.000000000 0.002874823 0.997125177
K:/crccrrff: 0.000000000 0.570144238 0.429855762
K:/crcf: 0.571896220 0.302858531 0.125245249
K:/crcfrcr: 0.000000000 0.082753786 0.917246214
K:/crcfrfr: 0.000000000 0.463443937 0.536556063
K:/crcfrrc: 0.000000000 0.630034779 0.369965221
K:/crcfrrf: 0.000000000 0.647994512 0.352005488
K:/crcr: 0.002016653 0.001166094 0.996817253
K:/crcrccrc: 0.000000000 0.041183894 0.958816106
K:/crcrccrf: 0.000000000 0.380725852 0.619274148
K:/crcrcfrc: 0.000000000 0.373685139 0.626314861
K:/crcrcfrf: 0.000000000 0.583698457 0.416301543
K:/crcrcrcc: 0.000000000 0.073582378 0.926417622
K:/crcrcrcf: 0.000000000 0.467373545 0.532626455
K:/crcrcrfc: 0.000000000 0.214593503 0.785406497
K:/crcrcrff: 0.000000000 0.183491532 0.816508468
K:/crfc: 0.000000000 0.134692268 0.865307732
K:/crfcrcr: 0.000000000 0.805061581 0.194938419
K:/crfcrfr: 0.000000000 0.782204423 0.217795577
K:/crfcrrc: 0.000000000 0.200792509 0.799207491
K:/crfcrrf: 0.000000000 0.535191203 0.464808797
K:/crff: 0.000000000 0.274747210 0.725252790
K:/crffrr: 0.000000000 0.000000000 1.000000000
K:/crfr: 0.000000000 0.061597147 0.938402853
K:/crfrcrc: 0.000000000 0.308994158 0.691005842
K:/crfrcrf: 0.000000000 0.530629858 0.469370142
K:/crrc: 0.220380804 0.641786170 0.137833027
K:/crrccrcc: 0.000000000 0.200357099 0.799642901
K:/crrccrcf: 0.000000000 0.752182676 0.247817324
K:/crrccrfc: 0.000000000 0.972834555 0.027165445
K:/crrccrff: 0.000000000 0.789825120 0.210174880
K:/crrf: 0.134096035 0.350465883 0.515438082
K:/crrfcrc: 0.000000000 0.603841856 0.396158144
K:/crrfcrf: 0.000000000 0.999999981 0.000000019
K:/crrr: 0.000000000 0.525893142 0.474106858
K:/rccr: 0.495004479 0.268794148 0.236201373
K:/rccrccrc: 0.000000000 0.376493234 0.623506766
K:/rccrccrf: 0.000000000 0.236986450 0.763013550
K:/rccrcfrc: 0.000000000 0.889239746 0.110760254
K:/rccrcfrf: 0.000000000 0.444491631 0.555508369
K:/rccrcrcc: 0.000000000 0.364053780 0.635946220
K:/rccrcrcf: 0.000000000 0.418009114 0.581990886
K:/rccrcrfc: 0.000000000 0.434031016 0.565968984
K:/rccrcrff: 0.000000000 0.479145895 0.520854105
K:/rcfr: 0.028179774 0.006515451 0.965304774
K:/rcfrcrc: 0.000000000 0.494864706 0.505135294
K:/rcfrcrf: 0.000000000 0.413406523 0.586593477
K:/rcrc: 0.034408103 0.859064290 0.106527607
K:/rcrccrcc: 0.000000000 0.493080377 0.506919623
K:/rcrccrcf: 0.000000000 0.982882740 0.017117260
K:/rcrccrfc: 0.000000000 0.443882859 0.556117141
K:/rcrccrff: 0.000000000 0.517900905 0.482099095
K:/rcrf: 0.287751086 0.454672002 0.257576912
K:/rcrfcrc: 0.000000000 0.494191819 0.505808181
K:/rcrfcrf: 0.000000000 0.784340103 0.215659897
K:/rcrr: 0.000000000 0.380166184 0.619833816
K:/rfcr: 0.000060396 0.000000000 0.999939604
K:/rfcrcrc: 0.000000000 0.444652273 0.555347727
K:/rfcrcrf: 0.000000000 0.655389277 0.344610723
K:/rffr: 0.000570073 0.000000000 0.999429927
K:/rfrc: 0.231880017 0.225491517 0.542628467
K:/rfrf: 0.656483306 0.235643464 0.107873230
K:/rfrr: 0.000000000 0.715355329 0.284644671
K:/rrcc: 0.417876921 0.308516988 0.273606091
K:/rrcf: 0.341828415 0.647338102 0.010833483
K:/rrcr: 0.000000000 0.652413726 0.347586274
K:/rrfc: 0.076031804 0.000000000 0.923968196
K:/rrff: 0.000000000 0.000000000 1.000000000
K:/rrfr: 0.000000000 0.132667171 0.867332829
K:/rrrc: 0.000000000 0.474935380 0.525064620
K:/rrrf: 0.000000000 0.946722475 0.053277525
Q:/: 0.005588874 0.994411126 0.000000000
Q:/cccr: 0.000000000 0.000000000 1.000000000
Q:/cccrccrc: 0.394934333 0.366761027 0.238304640
Q:/cccrccrccrcc: 0.000000000 0.494611602 0.505388398
Q:/cccrccrccrcf: 0.000000000 0.492380298 0.507619702
Q:/cccrccrccrfc: 0.000000000 0.546363275 0.453636725
Q:/cccrccrccrff: 0.000000000 0.636712045 0.363287955
Q:/cccrccrf: 0.457470502 0.079860813 0.462668685
Q:/cccrccrfcrc: 0.000000000 0.381207221 0.618792779
Q:/cccrccrfcrf: 0.000000000 0.322528475 0.677471525
Q:/cccrccrr: 0.000000000 0.215321830 0.784678170
Q:/cccrcfrc: 0.123934505 0.243979776 0.632085719
Q:/cccrcfrf: 0.447551002 0.349452180 0.202996818
Q:/cccrcfrr: 0.000000000 0.000000000 1.000000000
Q:/cccrcrcc: 0.921743302 0.000000000 0.078256698
Q:/cccrcrcf: 0.390567104 0.374991261 0.234441635
Q:/cccrcrcr: 0.000000000 0.236435491 0.763564509
Q:/cccrcrfc: 0.543660212 0.105681069 0.350658719
Q:/cccrcrff: 0.834989372 0.113981820 0.051028808
Q:/cccrcrfr: 0.000000000 0.390362987 0.609637013
Q:/cccrcrrc: 0.000000000 0.072421548 0.927578452
Q:/cccrcrrf: 0.000000000 0.353611778 0.646388222
Q:/cccrrccr: 0.000000000 0.478549876 0.521450124
Q:/cccrrcfr: 0.000000000 0.002153633 0.997846367
Q:/cccrrcrc: 0.000000000 0.504760077 0.495239923
Q:/cccrrcrf: 0.000000000 0.189520606 0.810479394
Q:/cccrrfcr: 0.000000000 0.119965992 0.880034008
Q:/cccrrffr: 0.000000000 0.000000000 1.000000000
Q:/cccrrfrc: 0.000000000 0.638328445 0.361671555
Q:/cccrrfrf: 0.000000000 0.613780434 0.386219566
Q:/cccrrrcc: 0.000000000 0.251086988 0.748913012
Q:/cccrrrcf: 0.000000000 0.430731917 0.569268083
Q:/cccrrrfc: 0.000000000 0.084528579 0.915471421
Q:/cccrrrff: 0.000000000 0.902860480 0.097139520
Q:/ccrc: 0.000000000 0.000000000 1.000000000
Q:/ccrccrcc: 0.201402114 0.385405962 0.413191924
Q:/ccrccrcf: 0.285378663 0.546277933 0.168343403
Q:/ccrccrcr: 0.000000000 0.348714370 0.651285630
Q:/ccrccrfc: 0.425946976 0.242227020 0.331826005
Q:/ccrccrff: 0.338394772 0.582734223 0.078871005
Q:/ccrccrfr: 0.000000000 0.625017895 0.374982105
Q:/ccrccrrc: 0.000000000 0.599315170 0.400684830
Q:/ccrccrrf: 0.000000000 0.504681934 0.495318066
Q:/ccrcrccr: 0.000000000 0.236045561 0.763954439
Q:/ccrcrcfr: 0.000000000 0.725860427 0.274139573
Q:/ccrcrcrc: 0.000000000 0.894630123 0.105369877
Q:/ccrcrcrf: 0.000000000 0.854102835 0.145897165
Q:/ccrcrfcr: 0.000000000 0.198054344 0.801945656
Q:/ccrcrffr: 0.000000000 0.968299657 0.031700343
Q:/ccrcrfrc: 0.000000000 0.057877478 0.942122522
Q:/ccrcrfrf: 0.000000000 0.517787544 0.482212456
Q:/ccrcrrcc: 0.000000000 0.831591941 0.168408059
Q:/ccrcrrcf: 0.000000000 0.174711440 0.825288560
Q:/ccrcrrfc: 0.000000000 0.672423374 0.327576626
Q:/ccrcrrff: 0.000000000 0.647215213 0.352784787
Q:/ccrf: 0.000000000 0.208500841 0.791499159
Q:/ccrfcrc: 0.092772159 0.523496739 0.383731103
Q:/ccrfcrf: 0.000000000 0.300161536 0.699838464
Q:/ccrfcrr: 0.000000000 0.420846674 0.579153326
Q:/ccrfrcr: 0.000000000 0.527676344 0.472323656
Q:/ccrfrfr: 0.000000000 0.321852489 0.678147511
Q:/ccrfrrc: 0.000000000 0.100480266 0.899519734
Q:/ccrfrrf: 0.000000000 0.417985305 0.582014695
Q:/ccrr: 0.000000000 0.000000000 1.000000000
Q:/ccrrccrc: 0.000000000 0.262053845 0.737946155
Q:/ccrrccrf: 0.000000000 0.460327599 0.539672401
Q:/ccrrcfrc: 0.000000000 0.598383003 0.401616997
Q:/ccrrcfrf: 0.000000000 0.941958869 0.058041131
Q:/ccrrcrcc: 0.000000000 0.137915433 0.862084567
Q:/ccrrcrcf: 0.000000000 0.036341622 0.963658378
Q:/ccrrcrfc: 0.000000000 0.681296638 0.318703362
Q:/ccrrcrff: 0.000000000 0.570701133 0.429298867
Q:/crcc: 0.378872788 0.366589968 0.254537245
Q:/crccrccr: 0.000000000 0.677302927 0.322697073
Q:/crccrcfr: 0.000000000 0.443533444 0.556466556
Q:/crccrcrc: 0.000000000 0.532561162 0.467438838
Q:/crccrcrf: 0.000000000 0.745773506 0.254226494
Q:/crccrfcr: 0.000000000 0.551359795 0.448640205
Q:/crccrffr: 0.000000000 0.543200832 0.456799168
Q:/crccrfrc: 0.000000000 0.344970911 0.655029089
Q:/crccrfrf: 0.000000000 0.942947125 0.057052875
Q:/crccrrcc: 0.000000000 0.145591828 0.854408172
Q:/crccrrcf: 0.000000000 0.641107752 0.358892248
Q:/crccrrfc: 0.000000000 0.518313028 0.481686972
Q:/crccrrff: 0.000000000 0.502720078 0.497279922
Q:/crcf: 0.198253099 0.376498625 0.425248276
Q:/crcfrcr: 0.000000000 0.765190076 0.234809924
Q:/crcfrfr: 0.000000000 0.489881258 0.510118742
Q:/crcfrrc: 0.000000000 0.649508634 0.350491366
Q:/crcfrrf: 0.000000000 0.542141967 0.457858033
Q:/crcr: 0.167115686 0.063650797 0.769233517
Q:/crcrccrc: 0.000000000 0.715609331 0.284390669
Q:/crcrccrf: 0.000000000 0.608852331 0.391147669
Q:/crcrcfrc: 0.000000000 0.555084138 0.444915862
Q:/crcrcfrf: 0.000000000 0.583298029 0.416701971
Q:/crcrcrcc: 0.000000000 0.402926489 0.597073511
Q:/crcrcrcf: 0.000000000 0.405030813 0.594969187
Q:/crcrcrfc: 0.000000000 0.336089465 0.663910535
Q:/crcrcrff: 0.000000000 0.321648879 0.678351121
Q:/crfc: 0.000000000 0.000000000 1.000000000
Q:/crfcrcr: 0.000000000 0.544954453 0.455045547
Q:/crfcrfr: 0.000000000 0.622723801 0.377276199
Q:/crfcrrc: 0.000000000 0.358138803 0.641861197
Q:/crfcrrf: 0.000000000 0.637555184 0.362444816
Q:/crff: 0.000000000 0.000000000 1.000000000
Q:/crffrr: 0.000000000 0.000000000 1.000000000
Q:/crfr: 0.000000000 0.000000000 1.000000000
Q:/crfrcrc: 0.000000000 0.784147928 0.215852072
Q:/crfrcrf: 0.000000000 0.651954529 0.348045471
Q:/crrc: 0.018965638 0.379965160 0.601069203
Q:/crrccrcc: 0.000000000 0.369214768 0.630785232
Q:/crrccrcf: 0.000000000 0.250975141 0.749024859
Q:/crrccrfc: 0.000000000 0.486325354 0.513674646
Q:/crrccrff: 0.000000000 0.550606164 0.449393836
Q:/crrf: 0.000842400 0.000000000 0.999157600
Q:/crrfcrc: 0.000000000 0.695608659 0.304391341
Q:/crrfcrf: 0.000000000 0.583552186 0.416447814
Q:/crrr: 0.000000000 0.559176317 0.440823683
Q:/rccr: 0.497555181 0.109978037 0.392466783
Q:/rccrccrc: 0.000000000 0.856781966 0.143218034
Q:/rccrccrf: 0.000000000 0.524602329 0.475397671
Q:/rccrcfrc: 0.000000000 0.370855544 0.629144456
Q:/rccrcfrf: 0.000000000 0.663837176 0.336162824
Q:/rccrcrcc: 0.000000000 0.536420073 0.463579927
Q:/rccrcrcf: 0.000000000 0.501350010 0.498649990
Q:/rccrcrfc: 0.000000000 0.506424678 0.493575322
Q:/rccrcrff: 0.000000000 0.374177651 0.625822349
Q:/rcfr: 0.000000000 0.000000000 1.000000000
Q:/rcfrcrc: 0.000000000 0.068059895 0.931940105
Q:/rcfrcrf: 0.000000000 0.214564107 0.785435893
Q:/rcrc: 0.130354130 0.602066732 0.267579138
Q:/rcrccrcc: 0.000000000 0.255292954 0.744707046
Q:/rcrccrcf: 0.000000000 0.582880801 0.417119199
Q:/rcrccrfc: 0.000000000 0.272414817 0.727585183
Q:/rcrccrff: 0.000000000 0.024401168 0.975598832
Q:/rcrf: 0.466871175 0.374566297 0.158562528
Q:/rcrfcrc: 0.000000000 0.810325717 0.189674283
Q:/rcrfcrf: 0.000000000 0.785938204 0.214061796
Q:/rcrr: 0.000000000 0.038732547 0.961267453
Q:/rfcr: 0.000060396 0.000000000 0.999939604
Q:/rfcrcrc: 0.000000000 0.345740080 0.654259920
Q:/rfcrcrf: 0.000000000 0.402308749 0.597691251
Q:/rffr: 0.000570079 0.000000000 0.999429921
Q:/rfrc: 0.229764854 0.625393027 0.144842119
Q:/rfrf: 0.531242742 0.352353756 0.116403502
Q:/rfrr: 0.000000000 0.779423905 0.220576095
Q:/rrcc: 0.181578084 0.288607767 0.529814149
Q:/rrcf: 0.231089912 0.401832436 0.367077652
Q:/rrcr: 0.000000000 0.286595916 0.713404084
Q:/rrfc: 0.000833163 0.000000000 0.999166837
Q:/rrff: 0.000000000 0.000000000 1.000000000
Q:/rrfr: 0.000000000 0.000666537 0.999333463
Q:/rrrc: 0.000000000 0.842016157 0.157983843
Q:/rrrf: 0.000000000 0.128282227 0.871717773
T:/: 0.004234628 0.995765372 0.000000000
T:/cccr: 0.000000000 0.000000000 1.000000000
T:/cccrccrc: 0.873634093 0.025869059 0.100496848
T:/cccrccrccrcc: 0.000000000 0.874516650 0.125483350
T:/cccrccrccrcf: 0.000000000 0.862281474 0.137718526
T:/cccrccrccrfc: 0.000000000 0.774123952 0.225876048
T:/cccrccrccrff: 0.000000000 0.653151260 0.346848740
T:/cccrccrf: 0.261859280 0.317992674 0.420148046
T:/cccrccrfcrc: 0.000000000 0.472161205 0.527838795
T:/cccrccrfcrf: 0.000000000 0.729807070 0.270192930
T:/cccrccrr: 0.000000000 0.433775257 0.566224743
T:/cccrcfrc: 0.173008322 0.030324322 0.796667356
T:/cccrcfrf: 0.101684624 0.410308864 0.488006512
T:/cccrcfrr: 0.000000000 0.371826306 0.628173694
T:/cccrcrcc: 0.366435157 0.160661710 0.472903134
T:/cccrcrcf: 0.093292314 0.266734751 0.639972935
T:/cccrcrcr: 0.000000000 0.000000000 1.000000000
T:/cccrcrfc: 0.536126859 0.000000000 0.463873141
T:/cccrcrff: 0.877117401 0.000000000 0.122882599
T:/cccrcrfr: 0.000000000 0.613654958 0.386345042
T:/cccrcrrc: 0.000000000 0.000000000 1.000000000
T:/cccrcrrf: 0.000000000 0.438251869 0.561748131
T:/cccrrccr: 0.000000000 0.000000000 1.000000000
T:/cccrrcfr: 0.000000000 0.075562422 0.924437578
T:/cccrrcrc: 0.000000000 0.245450854 0.754549146
T:/cccrrcrf: 0.000000000 0.322827500 0.677172500
T:/cccrrfcr: 0.000000000 0.079050384 0.920949616
T:/cccrrffr: 0.000000000 0.000000000 1.000000000
T:/cccrrfrc: 0.000000000 0.529158355 0.470841645
T:/cccrrfrf: 0.000000000 0.067923307 0.932076693
T:/cccrrrcc: 0.000000000 0.337302336 0.662697664
T:/cccrrrcf: 0.000000000 0.429691195 0.570308805
T:/cccrrrfc: 0.000000000 0.053022410 0.946977590
T:/cccrrrff: 0.000000000 0.049100535 0.950899465
T:/ccrc: 0.000000000 0.003097991 0.996902009
T:/ccrccrcc: 0.144340334 0.463192949 0.392466717
T:/ccrccrcf: 0.374792373 0.455148439 0.170059188
T:/ccrccrcr: 0.000000000 0.339794280 0.660205720
T:/ccrccrfc: 0.355683956 0.309324400 0.334991644
T:/ccrccrff: 0.275551772 0.115482542 0.608965686
T:/ccrccrfr: 0.000000000 0.000000000 1.000000000
T:/ccrccrrc: 0.000000000 0.466751152 0.533248848
T:/ccrccrrf: 0.000000000 0.109022929 0.890977071
T:/ccrcrccr: 0.000000000 0.026267776 0.973732224
T:/ccrcrcfr: 0.000000000 0.899031118 0.100968882
T:/ccrcrcrc: 0.000000000 0.134512901 0.865487099
T:/ccrcrcrf: 0.000000000 0.322342731 0.677657269
T:/ccrcrfcr: 0.000000000 0.000000000 1.000000000
T:/ccrcrffr: 0.000000000 0.417579230 0.582420770
T:/ccrcrfrc: 0.000000000 0.822943474 0.177056526
T:/ccrcrfrf: 0.000000000 0.478976761 0.521023239
T:/ccrcrrcc: 0.000000000 0.727127452 0.272872548
T:/ccrcrrcf: 0.000000000 0.348557158 0.651442842
T:/ccrcrrfc: 0.000000000 0.038001327 0.961998673
T:/ccrcrrff: 0.000000000 0.626259385 0.373740615
T:/ccrf: 0.000000000 0.000000000 1.000000000
T:/ccrfcrc: 0.071335944 0.383287635 0.545376420
T:/ccrfcrf: 0.000000000 0.486268217 0.513731783
T:/ccrfcrr: 0.000000000 0.497820612 0.502179388
T:/ccrfrcr: 0.000000000 0.355403520 0.644596480
T:/ccrfrfr: 0.000000000 0.792288725 0.207711275
T:/ccrfrrc: 0.000000000 0.644336721 0.355663279
T:/ccrfrrf: 0.000000000 0.119678299 0.880321701
T:/ccrr: 0.000000000 0.000000000 1.000000000
T:/ccrrccrc: 0.000000000 0.557066919 0.442933081
T:/ccrrccrf: 0.000000000 0.124650071 0.875349929
T:/ccrrcfrc: 0.000000000 0.656856688 0.343143312
T:/ccrrcfrf: 0.000000000 0.306071625 0.693928375
T:/ccrrcrcc: 0.000000000 0.047857606 0.952142394
T:/ccrrcrcf: 0.000000000 0.671141224 0.328858776
T:/ccrrcrfc: 0.000000000 0.046442431 0.953557569
T:/ccrrcrff: 0.000000000 0.906555240 0.093444760
T:/crcc: 0.025400118 0.302978376 0.671621506
T:/crccrccr: 0.000000000 0.750675118 0.249324882
T:/crccrcfr: 0.000000000 0.161037224 0.838962776
T:/crccrcrc: 0.000000000 0.921618439 0.078381561
T:/crccrcrf: 0.000000000 0.537118147 0.462881853
T:/crccrfcr: 0.000000000 0.811545039 0.188454961
T:/crccrffr: 0.000000000 0.856543557 0.143456443
T:/crccrfrc: 0.000000000 0.418702172 0.581297828
T:/crccrfrf: 0.000000000 0.437191833 0.562808167
T:/crccrrcc: 0.000000000 0.906791744 0.093208256
T:/crccrrcf: 0.000000000 0.633106871 0.366893129
T:/crccrrfc: 0.000000000 0.505653237 0.494346763
T:/crccrrff: 0.000000000 0.810902692 0.189097308
T:/crcf: 0.000000429 0.610858642 0.389140929
T:/crcfrcr: 0.000000000 0.203665228 0.796334772
T:/crcfrfr: 0.000000000 0.678009741 0.321990259
T:/crcfrrc: 0.000000000 0.865298265 0.134701735
T:/crcfrrf: 0.000000000 0.440611935 0.559388065
T:/crcr: 0.000000000 0.000000000 1.000000000
T:/crcrccrc: 0.000000000 0.362498048 0.637501952
T:/crcrccrf: 0.000000000 0.754704183 0.245295817
T:/crcrcfrc: 0.000000000 0.696778643 0.303221357
T:/crcrcfrf: 0.000000000 0.233156874 0.766843126
T:/crcrcrcc: 0.000000000 0.407098403 0.592901597
T:/crcrcrcf: 0.000000000 0.396588908 0.603411092
T:/crcrcrfc: 0.000000000 0.151384603 0.848615397
T:/crcrcrff: 0.000000000 0.175520859 0.824479141
T:/crfc: 0.000000000 0.000000000 1.000000000
T:/crfcrcr: 0.000000000 0.323902572 0.676097428
T:/crfcrfr: 0.000000000 0.462405763 0.537594237
T:/crfcrrc: 0.000000000 0.329590554 0.670409446
T:/crfcrrf: 0.000000000 0.092313269 0.907686731
T:/crff: 0.000000000 0.000000000 1.000000000
T:/crffrr: 0.000000000 0.000000000 1.000000000
T:/crfr: 0.000000000 0.000000000 1.000000000
T:/crfrcrc: 0.000000000 0.496198529 0.503801471
T:/crfrcrf: 0.000000000 0.186743238 0.813256762
T:/crrc: 0.000000000 0.377314140 0.622685860
T:/crrccrcc: 0.000000000 0.000000000 1.000000000
T:/crrccrcf: 0.000000000 0.361969798 0.638030202
T:/crrccrfc: 0.000000000 0.639524519 0.360475481
T:/crrccrff: 0.000000000 0.866397614 0.133602386
T:/crrf: 0.010649941 0.158233699 0.831116361
T:/crrfcrc: 0.000000000 0.256634910 0.743365090
T:/crrfcrf: 0.000000000 0.001748070 0.998251930
T:/crrr: 0.000000000 0.037133078 0.962866922
T:/rccr: 0.255001952 0.000000049 0.744997998
T:/rccrccrc: 0.000000000 0.550034747 0.449965253
T:/rccrccrf: 0.000000000 0.597665059 0.402334941
T:/rccrcfrc: 0.000000000 0.503654796 0.496345204
T:/rccrcfrf: 0.000000000 0.775180517 0.224819483
T:/rccrcrcc: 0.000000000 0.561440529 0.438559471
T:/rccrcrcf: 0.000000000 0.260837472 0.739162528
T:/rccrcrfc: 0.000000000 0.793102412 0.206897588
T:/rccrcrff: 0.000000000 0.690823531 0.309176469
T:/rcfr: 0.000000000 0.000000000 1.000000000
T:/rcfrcrc: 0.000000000 0.064201725 0.935798275
T:/rcfrcrf: 0.000000000 0.336960057 0.663039943
T:/rcrc: 0.169529781 0.668053428 0.162416791
T:/rcrccrcc: 0.000000000 0.412037510 0.587962490
T:/rcrccrcf: 0.000000000 0.268998903 0.731001097
T:/rcrccrfc: 0.000000000 0.266892446 0.733107554
T:/rcrccrff: 0.000000000 0.160301006 0.839698994
T:/rcrf: 0.272129910 0.512152760 0.215717330
T:/rcrfcrc: 0.000000000 0.542647805 0.457352195
T:/rcrfcrf: 0.000000000 0.374001069 0.625998931
T:/rcrr: 0.000000000 0.312626737 0.687373263
T:/rfcr: 0.000000000 0.514499827 0.485500173
T:/rfcrcrc: 0.000000000 0.567932993 0.432067007
T:/rfcrcrf: 0.000000000 0.421436853 0.578563147
T:/rffr: 0.000624994 0.000000000 0.999375006
T:/rfrc: 0.499763655 0.398565761 0.101670585
T:/rfrf: 0.292754918 0.002006689 0.705238394
T:/rfrr: 0.000000000 0.238958041 0.761041959
T:/rrcc: 0.689238257 0.108373856 0.202387886
T:/rrcf: 0.481257828 0.341543266 0.177198906
T:/rrcr: 0.000000000 0.366662827 0.633337173
T:/rrfc: 0.000000000 0.000000000 1.000000000
T:/rrff: 0.000000000 0.000000000 1.000000000
T:/rrfr: 0.000000000 0.000000000 1.000000000
T:/rrrc: 0.000000000 0.395015056 0.604984944
T:/rrrf: 0.000000000 0.745364806 0.254635194
