A:/cc: 0.311868266 0.688131734 0.000000000
A:/cccrcc: 0.448512750 0.375985480 0.175501770
A:/cccrccrccr: 0.000000000 0.664847108 0.335152892
A:/cccrccrcfr: 0.000000000 0.479781284 0.520218716
A:/cccrccrcrc: 0.000000000 0.529130237 0.470869763
A:/cccrccrcrf: 0.000000000 0.474750277 0.525249723
A:/cccrccrfcr: 0.000000000 0.016677547 0.983322453
A:/cccrccrffr: 0.000000000 0.965760198 0.034239802
A:/cccrccrfrc: 0.000000000 0.426413215 0.573586785
A:/cccrccrfrf: 0.000000000 0.847871420 0.152128580
A:/cccrccrrcc: 0.000000000 0.553572254 0.446427746
A:/cccrccrrcf: 0.000000000 0.914269858 0.085730142
A:/cccrccrrfc: 0.000000000 0.124707310 0.875292690
A:/cccrccrrff: 0.000000000 0.817662687 0.182337313
A:/cccrcf: 0.134361641 0.836936026 0.028702333
A:/cccrcfrcr: 0.000000000 0.103752813 0.896247187
A:/cccrcfrfr: 0.000000000 0.550881510 0.449118490
A:/cccrcfrrc: 0.000000000 0.744494568 0.255505432
A:/cccrcfrrf: 0.000000000 0.834545661 0.165454339
A:/cccrcr: 0.567525103 0.231404760 0.201070137
A:/cccrcrccrc: 0.000000000 0.806849553 0.193150447
A:/cccrcrccrf: 0.000000000 0.418026826 0.581973174
A:/cccrcrcfrc: 0.000000000 0.907434575 0.092565425
A:/cccrcrcfrf: 0.000000000 0.952343289 0.047656711
A:/cccrcrcrcc: 0.000000000 0.830096619 0.169903381
A:/cccrcrcrcf: 0.000000000 0.474780054 0.525219946
A:/cccrcrcrfc: 0.000000000 0.463748250 0.536251750
A:/cccrcrcrff: 0.000000000 0.664322918 0.335677082
A:/cccrfc: 0.021926463 0.978073537 0.000000000
A:/cccrfcrcr: 0.000000000 0.949251007 0.050748993
A:/cccrfcrfr: 0.000000000 1.000000000 0.000000000
A:/cccrfcrrc: 0.000000000 0.759387977 0.240612023
A:/cccrfcrrf: 0.000000000 0.899348244 0.100651756
A:/cccrff: 0.405681428 0.594318572 0.000000000
A:/cccrffrr: 0.000000000 1.000000000 0.000000000
A:/cccrfr: 0.720608017 0.279391983 0.000000000
A:/cccrfrcrc: 0.000000000 1.000000000 0.000000000
A:/cccrfrcrf: 0.000000000 1.000000000 0.000000000
A:/cccrrc: 0.455554336 0.474496903 0.069948761
A:/cccrrccrcc: 0.000000000 0.876148014 0.123851986
A:/cccrrccrcf: 0.000000000 0.385781348 0.614218652
A:/cccrrccrfc: 0.000000000 0.710336243 0.289663757
A:/cccrrccrff: 0.000000000 0.375982810 0.624017190
A:/cccrrf: 0.504284965 0.266486241 0.229228794
A:/cccrrfcrc: 0.000000000 0.755676156 0.244323844
A:/cccrrfcrf: 0.000000000 0.145137542 0.854862458
A:/cccrrr: 0.000000000 0.754279934 0.245720066
A:/ccrccr: 0.614054981 0.137024377 0.248920642
A:/ccrccrccrc: 0.000000000 0.254879987 0.745120013
A:/ccrccrccrf: 0.000000000 0.779383004 0.220616996
A:/ccrccrcfrc: 0.000000000 0.367241049 0.632758951
A:/ccrccrcfrf: 0.000000000 0.759468150 0.240531850
A:/ccrccrcrcc: 0.000000000 0.635711484 0.364288516
A:/ccrccrcrcf: 0.000000000 0.289411422 0.710588578
A:/ccrccrcrfc: 0.000000000 0.463146038 0.536853962
A:/ccrccrcrff: 0.000000000 0.643382455 0.356617545
A:/ccrcfr: 0.395012396 0.521025760 0.083961845
A:/ccrcfrcrc: 0.000000000 0.889835702 0.110164298
A:/ccrcfrcrf: 0.000000000 0.835269213 0.164730787
A:/ccrcrc: 0.600776365 0.041012137 0.358211497
A:/ccrcrccrcc: 0.000000000 0.592718570 0.407281430
A:/ccrcrccrcf: 0.000000000 0.197225595 0.802774405
A:/ccrcrccrfc: 0.000000000 0.737546011 0.262453989
A:/ccrcrccrff: 0.000000000 0.165885128 0.834114872
A:/ccrcrf: 0.260963812 0.498365702 0.240670486
A:/ccrcrfcrc: 0.000000000 0.319545549 0.680454451
A:/ccrcrfcrf: 0.000000000 0.768855051 0.231144949
A:/ccrcrr: 0.000000000 0.553295165 0.446704835
A:/ccrfcr: 0.438865153 0.561134847 0.000000000
A:/ccrfcrcrc: 0.000000000 0.809365635 0.190634365
A:/ccrfcrcrf: 0.000000000 0.475280070 0.524719930
A:/ccrffr: 0.609350810 0.390649190 0.000000000
A:/ccrfrc: 0.578732824 0.421267176 0.000000000
A:/ccrfrf: 0.339348005 0.344225787 0.316426207
A:/ccrfrr: 0.000000000 0.974164983 0.025835017
A:/ccrrcc: 0.409820799 0.066407358 0.523771843
A:/ccrrcf: 0.140186830 0.440054777 0.419758393
A:/ccrrcr: 0.000000000 0.786703146 0.213296854
A:/ccrrfc: 0.487961412 0.327162771 0.184875818
A:/ccrrff: 0.647251664 0.352748336 0.000000000
A:/ccrrfr: 0.000000000 0.717230533 0.282769467
A:/ccrrrc: 0.000000000 0.031487119 0.968512881
A:/ccrrrf: 0.000000000 0.405153194 0.594846806
A:/cr: 0.444820671 0.555179329 0.000000000
A:/crccrc: 0.333181560 0.216256221 0.450562219
A:/crccrccrcc: 0.000000000 0.972590503 0.027409497
A:/crccrccrcf: 0.000000000 0.626154902 0.373845098
A:/crccrccrfc: 0.000000000 0.738557451 0.261442549
A:/crccrccrff: 0.000000000 0.278195657 0.721804343
A:/crccrf: 0.312186941 0.459563415 0.228249644
A:/crccrfcrc: 0.000000000 0.468403769 0.531596231
A:/crccrfcrf: 0.000000000 0.644742056 0.355257944
A:/crccrr: 0.000000000 0.816287964 0.183712036
A:/crcfrc: 0.302778571 0.433175658 0.264045771
A:/crcfrf: 0.134410458 0.525645693 0.339943849
A:/crcfrr: 0.000000000 0.492185371 0.507814629
A:/crcrcc: 0.437898238 0.241580158 0.320521604
A:/crcrcf: 0.243682474 0.344130517 0.412187010
A:/crcrcr: 0.000000000 0.693688071 0.306311929
A:/crcrfc: 0.564211897 0.136489814 0.299298288
A:/crcrff: 0.332474119 0.437696593 0.229829288
A:/crcrfr: 0.000000000 0.602149248 0.397850752
A:/crcrrc: 0.000000000 0.430877729 0.569122271
A:/crcrrf: 0.000000000 1.000000000 0.000000000
A:/crrccr: 0.000000000 0.891835864 0.108164136
A:/crrcfr: 0.000000000 0.548299855 0.451700145
A:/crrcrc: 0.000000000 0.564594227 0.435405773
A:/crrcrf: 0.000000000 0.192016032 0.807983968
A:/crrfcr: 0.000000000 0.605596492 0.394403508
A:/crrffr: 0.000000000 0.925941074 0.074058926
A:/crrfrc: 0.000000000 0.235804727 0.764195273
A:/crrfrf: 0.000000000 0.656520462 0.343479538
A:/crrrcc: 0.000000000 0.764442953 0.235557047
A:/crrrcf: 0.000000000 0.340164663 0.659835337
A:/crrrfc: 0.000000000 0.812839071 0.187160929
A:/crrrff: 0.000000000 0.973380631 0.026619369
A:/rc: 0.000285909 0.999714091 0.000000000
A:/rccrcc: 0.450643688 0.358103122 0.191253190
A:/rccrcf: 0.325519618 0.320795294 0.353685088
A:/rccrcr: 0.000000000 0.277845253 0.722154747
A:/rccrfc: 0.478979907 0.226505137 0.294514955
A:/rccrff: 0.208038259 0.362181356 0.429780386
A:/rccrfr: 0.000000000 0.563823898 0.436176102
A:/rccrrc: 0.000000000 0.739826108 0.260173892
A:/rccrrf: 0.000000000 0.389427594 0.610572406
A:/rcrccr: 0.000000000 0.759060247 0.240939753
A:/rcrcfr: 0.000000000 0.696566336 0.303433664
A:/rcrcrc: 0.000000000 0.356445744 0.643554256
A:/rcrcrf: 0.000000000 0.591240700 0.408759300
A:/rcrfcr: 0.000000000 1.000000000 0.000000000
A:/rcrffr: 0.000000000 0.617966773 0.382033227
A:/rcrfrc: 0.000000000 0.963101069 0.036898931
A:/rcrfrf: 0.000000000 0.355822263 0.644177737
A:/rcrrcc: 0.000000000 0.406870942 0.593129058
A:/rcrrcf: 0.000000000 0.803703941 0.196296059
A:/rcrrfc: 0.000000000 0.608997621 0.391002379
A:/rcrrff: 0.000000000 0.611849054 0.388150946
A:/rf: 0.084510050 0.915489950 0.000000000
A:/rfcrc: 0.442816923 0.557183077 0.000000000
A:/rfcrf: 0.451700916 0.466938914 0.081360170
A:/rfcrr: 0.000000000 0.756764566 0.243235434
A:/rfrcr: 0.000000000 0.353279321 0.646720679
A:/rfrfr: 0.000000000 0.020154161 0.979845839
A:/rfrrc: 0.000000000 0.768682588 0.231317412
A:/rfrrf: 0.000000000 0.976525767 0.023474233
A:/rr: 0.535237008 0.464762992 0.000000000
A:/rrccrc: 0.000000000 0.317705468 0.682294532
A:/rrccrf: 0.000000000 0.722784306 0.277215694
A:/rrcfrc: 0.000000000 0.557192027 0.442807973
A:/rrcfrf: 0.000000000 0.472297003 0.527702997
A:/rrcrcc: 0.000000000 0.580344196 0.419655804
A:/rrcrcf: 0.000000000 0.774109507 0.225890493
A:/rrcrfc: 0.000000000 0.682417350 0.317582650
A:/rrcrff: 0.000000000 0.906378497 0.093621503
J:/cc: 0.164702283 0.835297717 0.000000000
J:/cccrcc: 0.255405188 0.421524505 0.323070307
J:/cccrccrccr: 0.000000000 0.827977670 0.172022330
J:/cccrccrcfr: 0.000000000 0.282248203 0.717751797
J:/cccrccrcrc: 0.000000000 0.532755397 0.467244603
J:/cccrccrcrf: 0.000000000 0.457413201 0.542586799
J:/cccrccrfcr: 0.000000000 0.498251817 0.501748183
J:/cccrccrffr: 0.000000000 0.180832240 0.819167760
J:/cccrccrfrc: 0.000000000 0.441007831 0.558992169
J:/cccrccrfrf: 0.000000000 0.767415481 0.232584519
J:/cccrccrrcc: 0.000000000 0.734840101 0.265159899
J:/cccrccrrcf: 0.000000000 0.763279703 0.236720297
J:/cccrccrrfc: 0.000000000 0.726068597 0.273931403
J:/cccrccrrff: 0.000000000 0.683397581 0.316602419
J:/cccrcf: 0.080252506 0.609257041 0.310490454
J:/cccrcfrcr: 0.000000000 0.477155601 0.522844399
J:/cccrcfrfr: 0.000000000 0.442302221 0.557697779
J:/cccrcfrrc: 0.000000000 0.652571635 0.347428365
J:/cccrcfrrf: 0.000000000 0.749502708 0.250497292
J:/cccrcr: 0.227772487 0.283344014 0.488883499
J:/cccrcrccrc: 0.000000000 0.511062301 0.488937699
J:/cccrcrccrf: 0.000000000 0.450470349 0.549529651
J:/cccrcrcfrc: 0.000000000 0.516214462 0.483785538
J:/cccrcrcfrf: 0.000000000 0.961507479 0.038492521
J:/cccrcrcrcc: 0.000000000 0.426164917 0.573835083
J:/cccrcrcrcf: 0.000000000 0.644344048 0.355655952
J:/cccrcrcrfc: 0.000000000 0.484122650 0.515877350
J:/cccrcrcrff: 0.000000000 0.742676896 0.257323104
J:/cccrfc: 0.000000000 0.000000000 1.000000000
J:/cccrfcrcr: 0.000000000 0.181885550 0.818114450
J:/cccrfcrfr: 0.000000000 0.074843072 0.925156928
J:/cccrfcrrc: 0.000000000 0.779683539 0.220316461
J:/cccrfcrrf: 0.000000000 0.748170500 0.251829500
J:/cccrff: 0.000168423 0.000000000 0.999831577
J:/cccrffrr: 0.000000000 0.000000000 1.000000000
J:/cccrfr: 0.000000000 0.000000000 1.000000000
J:/cccrfrcrc: 0.000000000 0.000000000 1.000000000
J:/cccrfrcrf: 0.000000000 0.344928645 0.655071355
J:/cccrrc: 0.175733884 0.294645441 0.529620675
J:/cccrrccrcc: 0.000000000 0.504080638 0.495919362
J:/cccrrccrcf: 0.000000000 0.579524232 0.420475768
J:/cccrrccrfc: 0.000000000 0.324515086 0.675484914
J:/cccrrccrff: 0.000000000 0.272672196 0.727327804
J:/cccrrf: 0.000000000 0.424657257 0.575342743
J:/cccrrfcrc: 0.000000000 0.680079247 0.319920753
J:/cccrrfcrf: 0.000000000 0.368392296 0.631607704
J:/cccrrr: 0.000000000 0.181964528 0.818035472
J:/ccrccr: 0.000115076 0.025052883 0.974832041
J:/ccrccrccrc: 0.000000000 0.541911364 0.458088636
J:/ccrccrccrf: 0.000000000 0.600291060 0.399708940
J:/ccrccrcfrc: 0.000000000 0.426804264 0.573195736
J:/ccrccrcfrf: 0.000000000 0.386609756 0.613390244
J:/ccrccrcrcc: 0.000000000 0.482810906 0.517189094
J:/ccrccrcrcf: 0.000000000 0.364714003 0.635285997
J:/ccrccrcrfc: 0.000000000 0.417533989 0.582466011
J:/ccrccrcrff: 0.000000000 0.412520749 0.587479251
J:/ccrcfr: 0.000160813 0.000000000 0.999839187
J:/ccrcfrcrc: 0.000000000 0.000000000 1.000000000
J:/ccrcfrcrf: 0.000000000 0.109036249 0.890963751
J:/ccrcrc: 0.274921466 0.065214088 0.659864446
J:/ccrcrccrcc: 0.000000000 0.708866878 0.291133122
J:/ccrcrccrcf: 0.000000000 0.107777738 0.892222262
J:/ccrcrccrfc: 0.000000000 0.565630465 0.434369535
J:/ccrcrccrff: 0.000000000 0.243064975 0.756935025
J:/ccrcrf: 0.375962514 0.600022658 0.024014828
J:/ccrcrfcrc: 0.000000000 0.811196022 0.188803978
J:/ccrcrfcrf: 0.000000000 0.448935130 0.551064870
J:/ccrcrr: 0.000000000 0.473373592 0.526626408
J:/ccrfcr: 0.000335127 0.187026294 0.812638579
J:/ccrfcrcrc: 0.000000000 0.043252391 0.956747609
J:/ccrfcrcrf: 0.000000000 0.541055489 0.458944511
J:/ccrffr: 0.000000000 0.000000000 1.000000000
J:/ccrfrc: 0.426501759 0.474390430 0.099107811
J:/ccrfrf: 0.407370476 0.434671200 0.157958324
J:/ccrfrr: 0.000000000 0.063526041 0.936473959
J:/ccrrcc: 0.630360538 0.041636085 0.328003377
J:/ccrrcf: 0.503652539 0.167800868 0.328546594
J:/ccrrcr: 0.000000000 0.727894231 0.272105769
J:/ccrrfc: 0.000000000 0.000000000 1.000000000
J:/ccrrff: 0.000000000 0.045463178 0.954536822
J:/ccrrfr: 0.000000000 0.000000000 1.000000000
J:/ccrrrc: 0.000000000 0.502974832 0.497025168
J:/ccrrrf: 0.000000000 0.460307800 0.539692200
J:/cr: 0.000000000 0.000000000 1.000000000
J:/crccrc: 0.463041126 0.520869183 0.016089691
J:/crccrccrcc: 0.000000000 0.485371467 0.514628533
J:/crccrccrcf: 0.000000000 0.555578919 0.444421081
J:/crccrccrfc: 0.000000000 0.733943544 0.266056456
J:/crccrccrff: 0.000000000 0.302094305 0.697905695
J:/crccrf: 0.432065181 0.299336311 0.268598507
J:/crccrfcrc: 0.000000000 0.223124008 0.776875992
J:/crccrfcrf: 0.000000000 0.560105540 0.439894460
J:/crccrr: 0.000000000 0.463493020 0.536506980
J:/crcfrc: 0.489963170 0.434273385 0.075763445
J:/crcfrf: 0.049144266 0.546232425 0.404623309
J:/crcfrr: 0.000000000 0.544070166 0.455929834
J:/crcrcc: 0.264303844 0.527595649 0.208100506
J:/crcrcf: 0.467828749 0.399517158 0.132654093
J:/crcrcr: 0.000000000 0.483440288 0.516559712
J:/crcrfc: 0.432457012 0.186429359 0.381113630
J:/crcrff: 0.532309698 0.467690302 0.000000000
J:/crcrfr: 0.000000000 0.000000000 1.000000000
J:/crcrrc: 0.000000000 0.358119406 0.641880594
J:/crcrrf: 0.000000000 0.694666739 0.305333261
J:/crrccr: 0.000000000 0.426780069 0.573219931
J:/crrcfr: 0.000000000 0.206854277 0.793145723
J:/crrcrc: 0.000000000 0.185691419 0.814308581
J:/crrcrf: 0.000000000 0.733449340 0.266550660
J:/crrfcr: 0.000000000 0.080538716 0.919461284
J:/crrffr: 0.000000000 0.000000000 1.000000000
J:/crrfrc: 0.000000000 0.035996241 0.964003759
J:/crrfrf: 0.000000000 0.430329245 0.569670755
J:/crrrcc: 0.000000000 0.362637771 0.637362229
J:/crrrcf: 0.000000000 0.120818131 0.879181869
J:/crrrfc: 0.000000000 0.085412754 0.914587246
J:/crrrff: 0.000000000 0.177177872 0.822822128
J:/rc: 0.000000000 0.000000000 1.000000000
J:/rccrcc: 0.109828425 0.437333115 0.452838459
J:/rccrcf: 0.476732168 0.058945037 0.464322795
J:/rccrcr: 0.000000000 0.291009802 0.708990198
J:/rccrfc: 0.354883944 0.455774114 0.189341942
J:/rccrff: 0.210107008 0.169912756 0.619980236
J:/rccrfr: 0.000000000 0.313856105 0.686143895
J:/rccrrc: 0.000000000 0.356931121 0.643068879
J:/rccrrf: 0.000000000 0.776185968 0.223814032
J:/rcrccr: 0.000000000 0.554580189 0.445419811
J:/rcrcfr: 0.000000000 0.393488029 0.606511971
J:/rcrcrc: 0.000000000 0.502199543 0.497800457
J:/rcrcrf: 0.000000000 0.435021121 0.564978879
J:/rcrfcr: 0.000000000 0.839376097 0.160623903
J:/rcrffr: 0.000000000 0.474174876 0.525825124
J:/rcrfrc: 0.000000000 0.631708585 0.368291415
J:/rcrfrf: 0.000000000 0.305190292 0.694809708
J:/rcrrcc: 0.000000000 0.732204731 0.267795269
J:/rcrrcf: 0.000000000 0.578425991 0.421574009
J:/rcrrfc: 0.000000000 0.506549516 0.493450484
J:/rcrrff: 0.000000000 0.191205923 0.808794077
J:/rf: 0.000000000 0.000000000 1.000000000
J:/rfcrc: 0.007164109 0.219581117 0.773254774
J:/rfcrf: 0.000001786 0.000000000 0.999998214
J:/rfcrr: 0.000000000 0.438687229 0.561312771
J:/rfrcr: 0.000000000 0.261609646 0.738390354
J:/rfrfr: 0.000000000 0.346334106 0.653665894
J:/rfrrc: 0.000000000 0.098439929 0.901560071
J:/rfrrf: 0.000000000 0.209829037 0.790170963
J:/rr: 0.000000000 0.000000000 1.000000000
J:/rrccrc: 0.000000000 0.000000000 1.000000000
J:/rrccrf: 0.000000000 0.909304772 0.090695228
J:/rrcfrc: 0.000000000 0.428169376 0.571830624
J:/rrcfrf: 0.000000000 0.413145243 0.586854757
J:/rrcrcc: 0.000000000 0.306724102 0.693275898
J:/rrcrcf: 0.000000000 0.985414077 0.014585923
J:/rrcrfc: 0.000000000 0.559278781 0.440721219
J:/rrcrff: 0.000000000 0.717520687 0.282479313
K:/cc: 0.000000000 1.000000000 0.000000000
K:/cccrcc: 0.235581563 0.651423125 0.112995312
K:/cccrccrccr: 0.000000000 0.661692132 0.338307868
K:/cccrccrcfr: 0.000000000 0.500820252 0.499179748
K:/cccrccrcrc: 0.000000000 0.521746747 0.478253253
K:/cccrccrcrf: 0.000000000 0.053361228 0.946638772
K:/cccrccrfcr: 0.000000000 0.661124750 0.338875250
K:/cccrccrffr: 0.000000000 0.706235335 0.293764665
K:/cccrccrfrc: 0.000000000 0.082902739 0.917097261
K:/cccrccrfrf: 0.000000000 0.745572237 0.254427763
K:/cccrccrrcc: 0.000000000 0.844201848 0.155798152
K:/cccrccrrcf: 0.000000000 0.435963123 0.564036877
K:/cccrccrrfc: 0.000000000 0.195206431 0.804793569
K:/cccrccrrff: 0.000000000 0.289743363 0.710256637
K:/cccrcf: 0.352289423 0.490477567 0.157233010
K:/cccrcfrcr: 0.000000000 0.746639873 0.253360127
K:/cccrcfrfr: 0.000000000 0.881300752 0.118699248
K:/cccrcfrrc: 0.000000000 0.726296063 0.273703937
K:/cccrcfrrf: 0.000000000 0.544746548 0.455253452
K:/cccrcr: 0.264400424 0.466972862 0.268626714
K:/cccrcrccrc: 0.000000000 0.502013499 0.497986501
K:/cccrcrccrf: 0.000000000 0.255734433 0.744265567
K:/cccrcrcfrc: 0.000000000 0.131034853 0.868965147
K:/cccrcrcfrf: 0.000000000 0.497268611 0.502731389
K:/cccrcrcrcc: 0.000000000 0.263523383 0.736476617
K:/cccrcrcrcf: 0.000000000 0.437505513 0.562494487
K:/cccrcrcrfc: 0.000000000 0.507006365 0.492993635
K:/cccrcrcrff: 0.000000000 0.524243097 0.475756903
K:/cccrfc: 0.000004186 0.224005006 0.775990809
K:/cccrfcrcr: 0.000000000 0.219381458 0.780618542
K:/cccrfcrfr: 0.000000000 0.135684306 0.864315694
K:/cccrfcrrc: 0.000000000 0.509362692 0.490637308
K:/cccrfcrrf: 0.000000000 0.881508085 0.118491915
K:/cccrff: 0.000537534 0.464044257 0.535418209
K:/cccrffrr: 0.000000000 0.000000000 1.000000000
K:/cccrfr: 0.000000000 0.081338133 0.918661867
K:/cccrfrcrc: 0.000000000 0.317292367 0.682707633
K:/cccrfrcrf: 0.000000000 0.535843181 0.464156819
K:/cccrrc: 0.082059139 0.428604905 0.489335956
K:/cccrrccrcc: 0.000000000 0.261851808 0.738148192
K:/cccrrccrcf: 0.000000000 0.632099379 0.367900621
K:/cccrrccrfc: 0.000000000 0.156664294 0.843335706
K:/cccrrccrff: 0.000000000 0.756817906 0.243182094
K:/cccrrf: 0.204628286 0.410039047 0.385332667
K:/cccrrfcrc: 0.000000000 0.565006935 0.434993065
K:/cccrrfcrf: 0.000000000 0.466630713 0.533369287
K:/cccrrr: 0.000000000 0.467327662 0.532672338
K:/ccrccr: 0.333347914 0.087195996 0.579456090
K:/ccrccrccrc: 0.000000000 0.218701637 0.781298363
K:/ccrccrccrf: 0.000000000 0.887457111 0.112542889
K:/ccrccrcfrc: 0.000000000 0.514872954 0.485127046
K:/ccrccrcfrf: 0.000000000 0.421005068 0.578994932
K:/ccrccrcrcc: 0.000000000 0.200750864 0.799249136
K:/ccrccrcrcf: 0.000000000 0.169592901 0.830407099
K:/ccrccrcrfc: 0.000000000 0.429548491 0.570451509
K:/ccrccrcrff: 0.000000000 0.216437157 0.783562843
K:/ccrcfr: 0.772977960 0.030801046 0.196220994
K:/ccrcfrcrc: 0.000000000 0.556919616 0.443080384
K:/ccrcfrcrf: 0.000000000 0.252459313 0.747540687
K:/ccrcrc: 0.032658850 0.508911338 0.458429812
K:/ccrcrccrcc: 0.000000000 0.966993320 0.033006680
K:/ccrcrccrcf: 0.000000000 0.076745011 0.923254989
K:/ccrcrccrfc: 0.000000000 0.509138262 0.490861738
K:/ccrcrccrff: 0.000000000 0.919670592 0.080329408
K:/ccrcrf: 0.592242087 0.223399568 0.184358345
K:/ccrcrfcrc: 0.000000000 0.229721845 0.770278155
K:/ccrcrfcrf: 0.000000000 0.313452172 0.686547828
K:/ccrcrr: 0.000000000 0.524882776 0.475117224
K:/ccrfcr: 0.000330380 0.140291733 0.859377888
K:/ccrfcrcrc: 0.000000000 0.406162444 0.593837556
K:/ccrfcrcrf: 0.000000000 0.379405812 0.620594188
K:/ccrffr: 0.000000000 0.000000000 1.000000000
K:/ccrfrc: 0.458137614 0.205334948 0.336527438
K:/ccrfrf: 0.050222935 0.795465628 0.154311437
K:/ccrfrr: 0.000000000 0.810736185 0.189263815
K:/ccrrcc: 0.248896437 0.324258968 0.426844595
K:/ccrrcf: 0.362526391 0.565196236 0.072277373
K:/ccrrcr: 0.000000000 0.515811946 0.484188054
K:/ccrrfc: 0.244254742 0.290201661 0.465543597
K:/ccrrff: 0.000000000 0.128266852 0.871733148
K:/ccrrfr: 0.000000000 0.016839098 0.983160902
K:/ccrrrc: 0.000000000 0.479509598 0.520490402
K:/ccrrrf: 0.000000000 0.704512293 0.295487707
K:/cr: 0.000000000 0.000000000 1.000000000
K:/crccrc: 0.449030018 0.284732194 0.266237788
K:/crccrccrcc: 0.000000000 0.539664415 0.460335585
K:/crccrccrcf: 0.000000000 0.963690528 0.036309472
K:/crccrccrfc: 0.000000000 0.038624905 0.961375095
K:/crccrccrff: 0.000000000 0.088635511 0.911364489
K:/crccrf: 0.426348328 0.479114189 0.094537484
K:/crccrfcrc: 0.000000000 0.561351052 0.438648948
K:/crccrfcrf: 0.000000000 0.132855958 0.867144042
K:/crccrr: 0.000000000 0.642162151 0.357837849
K:/crcfrc: 0.337587945 0.306618140 0.355793915
K:/crcfrf: 0.014736827 0.863317965 0.121945208
K:/crcfrr: 0.000000000 0.753340881 0.246659119
K:/crcrcc: 0.454030001 0.063746291 0.482223708
K:/crcrcf: 0.317354876 0.657421536 0.025223588
K:/crcrcr: 0.000000000 0.860187774 0.139812226
K:/crcrfc: 0.764184666 0.000000000 0.235815334
K:/crcrff: 0.408270513 0.591729487 0.000000000
K:/crcrfr: 0.000000000 0.221713243 0.778286757
K:/crcrrc: 0.000000000 0.775787361 0.224212639
K:/crcrrf: 0.000000000 0.675570277 0.324429723
K:/crrccr: 0.000000000 0.221250605 0.778749395
K:/crrcfr: 0.000000000 0.174394286 0.825605714
K:/crrcrc: 0.000000000 0.268009878 0.731990122
K:/crrcrf: 0.000000000 0.754378787 0.245621213
K:/crrfcr: 0.000000000 0.578014021 0.421985979
K:/crrffr: 0.000000000 0.000000000 1.000000000
K:/crrfrc: 0.000000000 0.336803345 0.663196655
K:/crrfrf: 0.000000000 0.787449332 0.212550668
K:/crrrcc: 0.000000000 0.351469190 0.648530810
K:/crrrcf: 0.000000000 0.200606655 0.799393345
K:/crrrfc: 0.000000000 0.000000000 1.000000000
K:/crrrff: 0.000000000 0.687543676 0.312456324
K:/rc: 0.000000000 0.000000000 1.000000000
K:/rccrcc: 0.233138505 0.459359554 0.307501941
K:/rccrcf: 0.446427376 0.138549181 0.415023443
K:/rccrcr: 0.000000000 0.809529449 0.190470551
K:/rccrfc: 0.403022461 0.116436369 0.480541170
K:/rccrff: 0.078146450 0.126306026 0.795547524
K:/rccrfr: 0.000000000 0.668787784 0.331212216
K:/rccrrc: 0.000000000 0.340508442 0.659491558
K:/rccrrf: 0.000000000 0.086609990 0.913390010
K:/rcrccr: 0.000000000 0.598427698 0.401572302
K:/rcrcfr: 0.000000000 0.574564959 0.425435041
K:/rcrcrc: 0.000000000 0.843545975 0.156454025
K:/rcrcrf: 0.000000000 0.521581566 0.478418434
K:/rcrfcr: 0.000000000 0.928585991 0.071414009
K:/rcrffr: 0.000000000 0.596647498 0.403352502
K:/rcrfrc: 0.000000000 0.232670958 0.767329042
K:/rcrfrf: 0.000000000 0.390329463 0.609670537
K:/rcrrcc: 0.000000000 0.615446096 0.384553904
K:/rcrrcf: 0.000000000 0.428150278 0.571849722
K:/rcrrfc: 0.000000000 0.157761526 0.842238474
K:/rcrrff: 0.000000000 0.824298196 0.175701804
K:/rf: 0.000000000 0.000000000 1.000000000
K:/rfcrc: 0.007164109 0.252020868 0.740815023
K:/rfcrf: 0.000027628 0.000000000 0.999972372
K:/rfcrr: 0.000000000 0.317582053 0.682417947
K:/rfrcr: 0.000000000 0.526613743 0.473386257
K:/rfrfr: 0.000000000 0.176900891 0.823099109
K:/rfrrc: 0.000000000 0.098475884 0.901524116
K:/rfrrf: 0.000000000 0.172039866 0.827960134
K:/rr: 0.000076824 0.000000000 0.999923176
K:/rrccrc: 0.000000000 0.564180904 0.435819096
K:/rrccrf: 0.000000000 0.377642036 0.622357964
K:/rrcfrc: 0.000000000 0.601892194 0.398107806
K:/rrcfrf: 0.000000000 0.549931210 0.450068790
K:/rrcrcc: 0.000000000 0.427927550 0.572072450
K:/rrcrcf: 0.000000000 0.846520401 0.153479599
K:/rrcrfc: 0.000000000 0.262566942 0.737433058
K:/rrcrff: 0.000000000 0.970287040 0.029712960
Q:/cc: 0.012546756 0.987453244 0.000000000
Q:/cccrcc: 0.045079591 0.047445287 0.907475123
Q:/cccrccrccr: 0.000000000 0.112683953 0.887316047
Q:/cccrccrcfr: 0.000000000 0.129526564 0.870473436
Q:/cccrccrcrc: 0.000000000 0.449073291 0.550926709
Q:/cccrccrcrf: 0.000000000 0.787325498 0.212674502
Q:/cccrccrfcr: 0.000000000 0.171597870 0.828402130
Q:/cccrccrffr: 0.000000000 0.012041159 0.987958841
Q:/cccrccrfrc: 0.000000000 0.871147552 0.128852448
Q:/cccrccrfrf: 0.000000000 0.446540080 0.553459920
Q:/cccrccrrcc: 0.000000000 0.341660005 0.658339995
Q:/cccrccrrcf: 0.000000000 0.574248096 0.425751904
Q:/cccrccrrfc: 0.000000000 0.252528296 0.747471704
Q:/cccrccrrff: 0.000000000 0.291028903 0.708971097
Q:/cccrcf: 0.432605366 0.136404626 0.430990008
Q:/cccrcfrcr: 0.000000000 0.689330109 0.310669891
Q:/cccrcfrfr: 0.000000000 0.234269780 0.765730220
Q:/cccrcfrrc: 0.000000000 0.392823110 0.607176890
Q:/cccrcfrrf: 0.000000000 0.257190941 0.742809059
Q:/cccrcr: 0.724600728 0.100350876 0.175048397
Q:/cccrcrccrc: 0.000000000 0.603974218 0.396025782
Q:/cccrcrccrf: 0.000000000 0.940035153 0.059964847
Q:/cccrcrcfrc: 0.000000000 0.540532027 0.459467973
Q:/cccrcrcfrf: 0.000000000 0.545172927 0.454827073
Q:/cccrcrcrcc: 0.000000000 0.309787928 0.690212072
Q:/cccrcrcrcf: 0.000000000 0.844234562 0.155765438
Q:/cccrcrcrfc: 0.000000000 0.517685181 0.482314819
Q:/cccrcrcrff: 0.000000000 0.934301900 0.065698100
Q:/cccrfc: 0.000034771 0.009463660 0.990501569
Q:/cccrfcrcr: 0.000000000 0.097430889 0.902569111
Q:/cccrfcrfr: 0.000000000 0.259342618 0.740657382
Q:/cccrfcrrc: 0.000000000 0.134577960 0.865422040
Q:/cccrfcrrf: 0.000000000 0.320310221 0.679689779
Q:/cccrff: 0.000538519 0.011381252 0.988080229
Q:/cccrffrr: 0.000000000 0.000000000 1.000000000
Q:/cccrfr: 0.000000000 0.000000000 1.000000000
Q:/cccrfrcrc: 0.000000000 0.587181681 0.412818319
Q:/cccrfrcrf: 0.000000000 0.719649953 0.280350047
Q:/cccrrc: 0.226444288 0.387774914 0.385780798
Q:/cccrrccrcc: 0.000000000 0.613893441 0.386106559
Q:/cccrrccrcf: 0.000000000 0.332883957 0.667116043
Q:/cccrrccrfc: 0.000000000 0.421832278 0.578167722
Q:/cccrrccrff: 0.000000000 0.983820092 0.016179908
Q:/cccrrf: 0.386089856 0.427710878 0.186199266
Q:/cccrrfcrc: 0.000000000 0.320550638 0.679449362
Q:/cccrrfcrf: 0.000000000 0.061327671 0.938672329
Q:/cccrrr: 0.000000000 0.420810327 0.579189673
Q:/ccrccr: 0.000096196 0.000000000 0.999903804
Q:/ccrccrccrc: 0.000000000 0.000000000 1.000000000
Q:/ccrccrccrf: 0.000000000 0.100490976 0.899509024
Q:/ccrccrcfrc: 0.000000000 0.594117967 0.405882033
Q:/ccrccrcfrf: 0.000000000 0.358178115 0.641821885
Q:/ccrccrcrcc: 0.000000000 0.520982046 0.479017954
Q:/ccrccrcrcf: 0.000000000 0.836667486 0.163332514
Q:/ccrccrcrfc: 0.000000000 0.447974610 0.552025390
Q:/ccrccrcrff: 0.000000000 0.663853668 0.336146332
Q:/ccrcfr: 0.000078735 0.000000000 0.999921265
Q:/ccrcfrcrc: 0.000000000 0.012187892 0.987812108
Q:/ccrcfrcrf: 0.000000000 0.000000000 1.000000000
Q:/ccrcrc: 0.294298038 0.297033223 0.408668739
Q:/ccrcrccrcc: 0.000000000 0.710349822 0.289650178
Q:/ccrcrccrcf: 0.000000000 0.570136793 0.429863207
Q:/ccrcrccrfc: 0.000000000 0.506913640 0.493086360
Q:/ccrcrccrff: 0.000000000 0.783341438 0.216658562
Q:/ccrcrf: 0.373108417 0.282447626 0.344443958
Q:/ccrcrfcrc: 0.000000000 0.616002246 0.383997754
Q:/ccrcrfcrf: 0.000000000 0.416788848 0.583211152
Q:/ccrcrr: 0.000000000 0.361629429 0.638370571
Q:/ccrfcr: 0.000008627 0.325839208 0.674152164
Q:/ccrfcrcrc: 0.000000000 0.310805645 0.689194355
Q:/ccrfcrcrf: 0.000000000 0.495482486 0.504517514
Q:/ccrffr: 0.000000000 0.000000000 1.000000000
Q:/ccrfrc: 0.425831475 0.210112932 0.364055593
Q:/ccrfrf: 0.542399647 0.359298255 0.098302098
Q:/ccrfrr: 0.000000000 0.185412033 0.814587967
Q:/ccrrcc: 0.544697064 0.025352894 0.429950041
Q:/ccrrcf: 0.284240777 0.096832308 0.618926915
Q:/ccrrcr: 0.000000000 0.506617666 0.493382334
Q:/ccrrfc: 0.163108361 0.228707175 0.608184465
Q:/ccrrff: 0.000000000 0.000000000 1.000000000
Q:/ccrrfr: 0.000000000 0.153899146 0.846100854
Q:/ccrrrc: 0.000000000 0.559252530 0.440747470
Q:/ccrrrf: 0.000000000 0.610354723 0.389645277
Q:/cr: 0.000000000 0.000000000 1.000000000
Q:/crccrc: 0.337545188 0.211861735 0.450593077
Q:/crccrccrcc: 0.000000000 0.440734431 0.559265569
Q:/crccrccrcf: 0.000000000 0.619075034 0.380924966
Q:/crccrccrfc: 0.000000000 0.304799667 0.695200333
Q:/crccrccrff: 0.000000000 0.122975965 0.877024035
Q:/crccrf: 0.377657623 0.390876062 0.231466316
Q:/crccrfcrc: 0.000000000 0.538822397 0.461177603
Q:/crccrfcrf: 0.000000000 0.999972564 0.000027436
Q:/crccrr: 0.000000000 0.776216577 0.223783423
Q:/crcfrc: 0.558787712 0.126444561 0.314767727
Q:/crcfrf: 0.657463188 0.125583000 0.216953811
Q:/crcfrr: 0.000000000 0.061713093 0.938286907
Q:/crcrcc: 0.281875147 0.081101363 0.637023490
Q:/crcrcf: 0.148730534 0.502045418 0.349224048
Q:/crcrcr: 0.000000000 0.528538238 0.471461762
Q:/crcrfc: 0.269647506 0.000000000 0.730352494
Q:/crcrff: 0.730285323 0.269714677 0.000000000
Q:/crcrfr: 0.000000000 0.020657604 0.979342396
Q:/crcrrc: 0.000000000 0.515640212 0.484359788
Q:/crcrrf: 0.000000000 0.719321202 0.280678798
Q:/crrccr: 0.000000000 0.176434287 0.823565713
Q:/crrcfr: 0.000000000 0.142440365 0.857559635
Q:/crrcrc: 0.000000000 0.580480502 0.419519498
Q:/crrcrf: 0.000000000 0.354211460 0.645788540
Q:/crrfcr: 0.000000000 0.634183107 0.365816893
Q:/crrffr: 0.000000000 0.521686536 0.478313464
Q:/crrfrc: 0.000000000 0.249205433 0.750794567
Q:/crrfrf: 0.000000000 0.435174326 0.564825674
Q:/crrrcc: 0.000000000 0.680614671 0.319385329
Q:/crrrcf: 0.000000000 0.243691513 0.756308487
Q:/crrrfc: 0.000000000 0.215792474 0.784207526
Q:/crrrff: 0.000000000 0.872800643 0.127199357
Q:/rc: 0.000000000 0.000000000 1.000000000
Q:/rccrcc: 0.312218980 0.491589675 0.196191346
Q:/rccrcf: 0.374875973 0.195705215 0.429418812
Q:/rccrcr: 0.000000000 0.888125437 0.111874563
Q:/rccrfc: 0.018387933 0.034449593 0.947162475
Q:/rccrff: 0.374201838 0.278811853 0.346986309
Q:/rccrfr: 0.000000000 0.004657601 0.995342399
Q:/rccrrc: 0.000000000 0.285264134 0.714735866
Q:/rccrrf: 0.000000000 0.298815940 0.701184060
Q:/rcrccr: 0.000000000 0.393768581 0.606231419
Q:/rcrcfr: 0.000000000 0.459576909 0.540423091
Q:/rcrcrc: 0.000000000 0.592105486 0.407894514
Q:/rcrcrf: 0.000000000 0.761921688 0.238078312
Q:/rcrfcr: 0.000000000 0.095572821 0.904427179
Q:/rcrffr: 0.000000000 0.898582165 0.101417835
Q:/rcrfrc: 0.000000000 0.241960065 0.758039935
Q:/rcrfrf: 0.000000000 0.447970388 0.552029612
Q:/rcrrcc: 0.000000000 0.310727824 0.689272176
Q:/rcrrcf: 0.000000000 0.390163018 0.609836982
Q:/rcrrfc: 0.000000000 0.525312595 0.474687405
Q:/rcrrff: 0.000000000 0.685950038 0.314049962
Q:/rf: 0.000000000 0.000000000 1.000000000
Q:/rfcrc: 0.007164109 0.279689711 0.713146180
Q:/rfcrf: 0.000026313 0.000000000 0.999973687
Q:/rfcrr: 0.000000000 0.409964360 0.590035640
Q:/rfrcr: 0.000000000 0.594335952 0.405664048
Q:/rfrfr: 0.000000000 0.385051957 0.614948043
Q:/rfrrc: 0.000000000 0.000000000 1.000000000
Q:/rfrrf: 0.000000000 0.312112690 0.687887310
Q:/rr: 0.000000000 0.000000000 1.000000000
Q:/rrccrc: 0.000000000 0.815138456 0.184861544
Q:/rrccrf: 0.000000000 0.352934591 0.647065409
Q:/rrcfrc: 0.000000000 0.384293667 0.615706333
Q:/rrcfrf: 0.000000000 0.398623010 0.601376990
Q:/rrcrcc: 0.000000000 0.000000000 1.000000000
Q:/rrcrcf: 0.000000000 0.322775960 0.677224040
Q:/rrcrfc: 0.000000000 0.558598931 0.441401069
Q:/rrcrff: 0.000000000 1.000000000 0.000000000
T:/cc: 0.002870089 0.997129911 0.000000000
T:/cccrcc: 0.346153942 0.426914793 0.226931264
T:/cccrccrccr: 0.000000000 0.349824456 0.650175544
T:/cccrccrcfr: 0.000000000 0.499727523 0.500272477
T:/cccrccrcrc: 0.000000000 0.024220805 0.975779195
T:/cccrccrcrf: 0.000000000 0.486159539 0.513840461
T:/cccrccrfcr: 0.000000000 0.474843913 0.525156087
T:/cccrccrffr: 0.000000000 0.549924636 0.450075364
T:/cccrccrfrc: 0.000000000 0.587774854 0.412225146
T:/cccrccrfrf: 0.000000000 0.706074951 0.293925049
T:/cccrccrrcc: 0.000000000 0.232835506 0.767164494
T:/cccrccrrcf: 0.000000000 0.938816446 0.061183554
T:/cccrccrrfc: 0.000000000 0.611101215 0.388898785
T:/cccrccrrff: 0.000000000 0.580172138 0.419827862
T:/cccrcf: 0.097628509 0.308502316 0.593869174
T:/cccrcfrcr: 0.000000000 0.725236757 0.274763243
T:/cccrcfrfr: 0.000000000 0.325843546 0.674156454
T:/cccrcfrrc: 0.000000000 0.887735997 0.112264003
T:/cccrcfrrf: 0.000000000 0.154842121 0.845157879
T:/cccrcr: 0.407826033 0.381844734 0.210329233
T:/cccrcrccrc: 0.000000000 0.597546944 0.402453056
T:/cccrcrccrf: 0.000000000 0.434176211 0.565823789
T:/cccrcrcfrc: 0.000000000 0.644571300 0.355428700
T:/cccrcrcfrf: 0.000000000 0.409986374 0.590013626
T:/cccrcrcrcc: 0.000000000 0.863897933 0.136102067
T:/cccrcrcrcf: 0.000000000 0.245923995 0.754076005
T:/cccrcrcrfc: 0.000000000 0.319320352 0.680679648
T:/cccrcrcrff: 0.000000000 0.355611559 0.644388441
T:/cccrfc: 0.000000000 0.000000000 1.000000000
T:/cccrfcrcr: 0.000000000 0.483327617 0.516672383
T:/cccrfcrfr: 0.000000000 0.138809773 0.861190227
T:/cccrfcrrc: 0.000000000 0.141929652 0.858070348
T:/cccrfcrrf: 0.000000000 0.511527707 0.488472293
T:/cccrff: 0.000162747 0.000000000 0.999837253
T:/cccrffrr: 0.000000000 0.000000000 1.000000000
T:/cccrfr: 0.000000000 0.000000000 1.000000000
T:/cccrfrcrc: 0.000000000 0.392596226 0.607403774
T:/cccrfrcrf: 0.000000000 0.163550981 0.836449019
T:/cccrrc: 0.204348510 0.230737192 0.564914298
T:/cccrrccrcc: 0.000000000 0.482730157 0.517269843
T:/cccrrccrcf: 0.000000000 0.485964199 0.514035801
T:/cccrrccrfc: 0.000000000 0.221747622 0.778252378
T:/cccrrccrff: 0.000000000 0.541700870 0.458299130
T:/cccrrf: 0.228636144 0.000000000 0.771363856
T:/cccrrfcrc: 0.000000000 0.648004187 0.351995813
T:/cccrrfcrf: 0.000000000 0.512263289 0.487736711
T:/cccrrr: 0.000000000 0.321863601 0.678136399
T:/ccrccr: 0.000087020 0.587737176 0.412175805
T:/ccrccrccrc: 0.000000000 0.939058596 0.060941404
T:/ccrccrccrf: 0.000000000 0.421224666 0.578775334
T:/ccrccrcfrc: 0.000000000 0.680257847 0.319742153
T:/ccrccrcfrf: 0.000000000 0.772038109 0.227961891
T:/ccrccrcrcc: 0.000000000 0.354901702 0.645098298
T:/ccrccrcrcf: 0.000000000 0.391917071 0.608082929
T:/ccrccrcrfc: 0.000000000 0.401484733 0.598515267
T:/ccrccrcrff: 0.000000000 0.405794535 0.594205465
T:/ccrcfr: 0.000152782 0.000000000 0.999847218
T:/ccrcfrcrc: 0.000000000 0.000000000 1.000000000
T:/ccrcfrcrf: 0.000000000 0.194340957 0.805659043
T:/ccrcrc: 0.308536080 0.231983155 0.459480765
T:/ccrcrccrcc: 0.000000000 0.893739239 0.106260761
T:/ccrcrccrcf: 0.000000000 0.342936345 0.657063655
T:/ccrcrccrfc: 0.000000000 0.088993097 0.911006903
T:/ccrcrccrff: 0.000000000 0.796607843 0.203392157
T:/ccrcrf: 0.863782717 0.035639787 0.100577496
T:/ccrcrfcrc: 0.000000000 0.426424231 0.573575769
T:/ccrcrfcrf: 0.000000000 0.598688599 0.401311401
T:/ccrcrr: 0.000000000 0.266683393 0.733316607
T:/ccrfcr: 0.000335108 0.307310844 0.692354047
T:/ccrfcrcrc: 0.000000000 0.041539936 0.958460064
T:/ccrfcrcrf: 0.000000000 0.343300466 0.656699534
T:/ccrffr: 0.000000000 0.000000000 1.000000000
T:/ccrfrc: 0.046114668 0.394575412 0.559309920
T:/ccrfrf: 0.385706183 0.194348575 0.419945241
T:/ccrfrr: 0.000000000 0.479859124 0.520140876
T:/ccrrcc: 0.499198735 0.076082911 0.424718354
T:/ccrrcf: 0.440193860 0.180309750 0.379496390
T:/ccrrcr: 0.000000000 0.711942505 0.288057495
T:/ccrrfc: 0.001343199 0.225460265 0.773196536
T:/ccrrff: 0.045068445 0.009513472 0.945418084
T:/ccrrfr: 0.000000000 0.182933129 0.817066871
T:/ccrrrc: 0.000000000 0.528015008 0.471984992
T:/ccrrrf: 0.000000000 0.704428348 0.295571652
T:/cr: 0.000000000 0.000000000 1.000000000
T:/crccrc: 0.236334977 0.230072991 0.533592032
T:/crccrccrcc: 0.000000000 0.528624267 0.471375733
T:/crccrccrcf: 0.000000000 0.744759666 0.255240334
T:/crccrccrfc: 0.000000000 0.623391310 0.376608690
T:/crccrccrff: 0.000000000 0.370662020 0.629337980
T:/crccrf: 0.147702722 0.359748594 0.492548683
T:/crccrfcrc: 0.000000000 0.547316125 0.452683875
T:/crccrfcrf: 0.000000000 0.587435606 0.412564394
T:/crccrr: 0.000000000 0.410858044 0.589141956
T:/crcfrc: 0.588711670 0.024318754 0.386969576
T:/crcfrf: 0.370818228 0.113785355 0.515396417
T:/crcfrr: 0.000000000 0.052576837 0.947423163
T:/crcrcc: 0.269678671 0.435059137 0.295262192
T:/crcrcf: 0.368085687 0.321530397 0.310383916
T:/crcrcr: 0.000000000 0.369317475 0.630682525
T:/crcrfc: 0.022049951 0.461195093 0.516754956
T:/crcrff: 0.920911136 0.040190386 0.038898478
T:/crcrfr: 0.000000000 0.414705278 0.585294722
T:/crcrrc: 0.000000000 0.187319226 0.812680774
T:/crcrrf: 0.000000000 0.686892120 0.313107880
T:/crrccr: 0.000000000 0.538822178 0.461177822
T:/crrcfr: 0.000000000 0.261843753 0.738156247
T:/crrcrc: 0.000000000 0.945535310 0.054464690
T:/crrcrf: 0.000000000 0.436062928 0.563937072
T:/crrfcr: 0.000000000 0.233887973 0.766112027
T:/crrffr: 0.000000000 0.310410300 0.689589700
T:/crrfrc: 0.000000000 0.632834480 0.367165520
T:/crrfrf: 0.000000000 0.484112486 0.515887514
T:/crrrcc: 0.000000000 0.351326554 0.648673446
T:/crrrcf: 0.000000000 0.311482006 0.688517994
T:/crrrfc: 0.000000000 0.569700423 0.430299577
T:/crrrff: 0.000000000 0.521744001 0.478255999
T:/rc: 0.000000000 0.000000000 1.000000000
T:/rccrcc: 0.111075002 0.419812638 0.469112360
T:/rccrcf: 0.170500672 0.289869259 0.539630069
T:/rccrcr: 0.000000000 0.029199999 0.970800001
T:/rccrfc: 0.058622047 0.263509894 0.677868060
T:/rccrff: 0.693662588 0.108486425 0.197850987
T:/rccrfr: 0.000000000 0.480422820 0.519577180
T:/rccrrc: 0.000000000 0.212890945 0.787109055
T:/rccrrf: 0.000000000 0.640838026 0.359161974
T:/rcrccr: 0.000000000 0.455793858 0.544206142
T:/rcrcfr: 0.000000000 0.807360781 0.192639219
T:/rcrcrc: 0.000000000 0.352916528 0.647083472
T:/rcrcrf: 0.000000000 0.584772429 0.415227571
T:/rcrfcr: 0.000000000 0.506136107 0.493863893
T:/rcrffr: 0.000000000 0.772614814 0.227385186
T:/rcrfrc: 0.000000000 0.720060812 0.279939188
T:/rcrfrf: 0.000000000 0.555650328 0.444349672
T:/rcrrcc: 0.000000000 0.221849225 0.778150775
T:/rcrrcf: 0.000000000 0.420936013 0.579063987
T:/rcrrfc: 0.000000000 0.312840208 0.687159792
T:/rcrrff: 0.000000000 0.172619184 0.827380816
T:/rf: 0.000000000 0.263582650 0.736417350
T:/rfcrc: 0.000000141 0.445884252 0.554115607
T:/rfcrf: 0.000027158 0.000000000 0.999972842
T:/rfcrr: 0.000000000 0.250360677 0.749639323
T:/rfrcr: 0.000000000 0.038479593 0.961520407
T:/rfrfr: 0.000000000 0.406722859 0.593277141
T:/rfrrc: 0.000000000 0.090929204 0.909070796
T:/rfrrf: 0.000000000 0.000000000 1.000000000
T:/rr: 0.000000000 0.000000000 1.000000000
T:/rrccrc: 0.000000000 0.693192668 0.306807332
T:/rrccrf: 0.000000000 0.072676476 0.927323524
T:/rrcfrc: 0.000000000 0.164934630 0.835065370
T:/rrcfrf: 0.000000000 0.432664629 0.567335371
T:/rrcrcc: 0.000000000 0.692108727 0.307891273
T:/rrcrcf: 0.000000000 0.130817510 0.869182490
T:/rrcrfc: 0.000000000 0.184601052 0.815398948
T:/rrcrff: 0.000000000 0.398865927 0.601134073
