5:/: 0.107356178 0.892643822 0.000000000
5:/ccr: 0.000000000 0.999767886 0.000232114
5:/ccrcrc: 0.459934928 0.081131360 0.458933712
5:/ccrcrf: 0.304339998 0.523302253 0.172357748
5:/ccrcrr: 0.000000000 0.000000000 1.000000000
5:/ccrrcr: 0.000000000 0.650778862 0.349221138
5:/ccrrfr: 0.000000000 0.133367078 0.866632922
5:/ccrrrc: 0.000000000 0.000043552 0.999956448
5:/ccrrrf: 0.000000000 0.418414002 0.581585998
5:/crc: 0.000000000 0.000068165 0.999931835
5:/crcrcr: 0.000000000 0.741293230 0.258706770
5:/crcrfr: 0.000000000 0.137227674 0.862772326
5:/crcrrc: 0.000000000 0.083929081 0.916070919
5:/crcrrf: 0.000000000 0.389520137 0.610479863
5:/crf: 0.001617833 0.000000000 0.998382167
5:/crfrr: 0.000000000 0.000000000 1.000000000
5:/crr: 0.595852294 0.404147706 0.000000000
5:/crrcrc: 0.000000000 0.166590350 0.833409650
5:/crrcrf: 0.000000000 0.597145279 0.402854721
5:/rcr: 0.960891522 0.039108478 0.000000000
5:/rcrcrc: 0.000000000 0.086573151 0.913426849
5:/rcrcrf: 0.000000000 0.020178866 0.979821134
5:/rfr: 0.436669523 0.138491679 0.424838798
5:/rrc: 0.000000000 0.036962002 0.963037998
5:/rrf: 0.000011941 0.043889746 0.956098313
5:/rrr: 0.000000000 0.489418497 0.510581503
6:/: 0.102827516 0.897172484 0.000000000
6:/ccr: 0.000000000 0.999738300 0.000261700
6:/ccrcrc: 0.563036677 0.234218948 0.202744375
6:/ccrcrf: 0.150083216 0.730835175 0.119081609
6:/ccrcrr: 0.000000000 0.495885984 0.504114016
6:/ccrrcr: 0.000000000 0.613207546 0.386792454
6:/ccrrfr: 0.000000000 0.629100731 0.370899269
6:/ccrrrc: 0.000000000 0.073318579 0.926681421
6:/ccrrrf: 0.000000000 0.597664813 0.402335187
6:/crc: 0.000000000 0.000068345 0.999931655
6:/crcrcr: 0.000000000 0.093775341 0.906224659
6:/crcrfr: 0.000000000 0.422301165 0.577698835
6:/crcrrc: 0.000000000 0.094597332 0.905402668
6:/crcrrf: 0.000000000 0.515637624 0.484362376
6:/crf: 0.002016639 0.000254155 0.997729206
6:/crfrr: 0.000000000 0.002515427 0.997484573
6:/crr: 0.284392591 0.715607409 0.000000000
6:/crrcrc: 0.000000000 0.429842002 0.570157998
6:/crrcrf: 0.000000000 0.544696931 0.455303069
6:/rcr: 0.918186423 0.050392066 0.031421511
6:/rcrcrc: 0.000000000 0.169631731 0.830368269
6:/rcrcrf: 0.000000000 0.152856979 0.847143021
6:/rfr: 0.261843148 0.316133166 0.422023686
6:/rrc: 0.000000000 0.000000000 1.000000000
6:/rrf: 0.000011941 0.008716673 0.991271386
6:/rrr: 0.000000000 0.000000019 0.999999981
7:/: 0.041310739 0.958689261 0.000000000
7:/ccr: 0.000000000 0.999621232 0.000378768
7:/ccrcrc: 0.473652580 0.106742242 0.419605178
7:/ccrcrf: 0.390453069 0.389341481 0.220205451
7:/ccrcrr: 0.000000000 0.613394321 0.386605679
7:/ccrrcr: 0.000000000 0.515313408 0.484686592
7:/ccrrfr: 0.000000000 0.916808849 0.083191151
7:/ccrrrc: 0.000000000 0.331942009 0.668057991
7:/ccrrrf: 0.000000000 0.698421505 0.301578495
7:/crc: 0.000000000 0.000060454 0.999939546
7:/crcrcr: 0.000000000 0.704359022 0.295640978
7:/crcrfr: 0.000000000 0.427415180 0.572584820
7:/crcrrc: 0.000000000 0.000000000 1.000000000
7:/crcrrf: 0.000000000 0.202659746 0.797340254
7:/crf: 0.018564937 0.148765684 0.832669378
7:/crfrr: 0.000000000 0.005681011 0.994318989
7:/crr: 0.683512597 0.316487403 0.000000000
7:/crrcrc: 0.000000000 0.383687640 0.616312360
7:/crrcrf: 0.000000000 0.923376822 0.076623178
7:/rcr: 0.158972679 0.115083327 0.725943994
7:/rcrcrc: 0.000000000 0.000000000 1.000000000
7:/rcrcrf: 0.000000000 0.105867235 0.894132765
7:/rfr: 0.314867929 0.438993425 0.246138646
7:/rrc: 0.146763685 0.333782649 0.519453667
7:/rrf: 0.000011941 0.000003340 0.999984719
7:/rrr: 0.000000000 0.248002554 0.751997446
8:/: 0.000013980 0.999986020 0.000000000
8:/ccr: 0.000000000 0.999701260 0.000298740
8:/ccrcrc: 0.399048437 0.516576699 0.084374864
8:/ccrcrf: 0.015635813 0.717142259 0.267221928
8:/ccrcrr: 0.000000000 0.645953750 0.354046250
8:/ccrrcr: 0.000000000 0.492846797 0.507153203
8:/ccrrfr: 0.000000000 0.476942162 0.523057838
8:/ccrrrc: 0.000000000 0.000076476 0.999923524
8:/ccrrrf: 0.000000000 0.817010217 0.182989783
8:/crc: 0.000000000 0.000067450 0.999932550
8:/crcrcr: 0.000000000 0.770587729 0.229412271
8:/crcrfr: 0.000000000 0.181644952 0.818355048
8:/crcrrc: 0.000000000 0.446186736 0.553813264
8:/crcrrf: 0.000000000 0.002601318 0.997398682
8:/crf: 0.026978460 0.311696242 0.661325298
8:/crfrr: 0.000000000 0.005695722 0.994304278
8:/crr: 0.201465672 0.798534328 0.000000000
8:/crrcrc: 0.000000000 0.956281877 0.043718123
8:/crrcrf: 0.000000000 0.114951437 0.885048563
8:/rcr: 0.000304401 0.289150063 0.710545536
8:/rcrcrc: 0.000000000 0.000000000 1.000000000
8:/rcrcrf: 0.000000000 0.557266110 0.442733890
8:/rfr: 0.414800530 0.241528394 0.343671076
8:/rrc: 0.080520287 0.179934117 0.739545596
8:/rrf: 0.000012372 0.000003074 0.999984553
8:/rrr: 0.000000000 0.000000022 0.999999978
9:/: 0.000000000 1.000000000 0.000000000
9:/ccr: 0.000000000 0.999600346 0.000399654
9:/ccrcrc: 0.431790221 0.460414524 0.107795254
9:/ccrcrf: 0.256775341 0.058048981 0.685175678
9:/ccrcrr: 0.000000000 0.190136736 0.809863264
9:/ccrrcr: 0.000000000 0.308851912 0.691148088
9:/ccrrfr: 0.000000000 0.144389279 0.855610721
9:/ccrrrc: 0.000000000 0.466581825 0.533418175
9:/ccrrrf: 0.000000000 0.461429999 0.538570001
9:/crc: 0.000000000 0.000072748 0.999927252
9:/crcrcr: 0.000000000 0.331054594 0.668945406
9:/crcrfr: 0.000000000 0.437835395 0.562164605
9:/crcrrc: 0.000000000 0.604620239 0.395379761
9:/crcrrf: 0.000000000 0.139668876 0.860331124
9:/crf: 0.014688601 0.615884312 0.369427087
9:/crfrr: 0.000000000 0.005681768 0.994318232
9:/crr: 0.448571437 0.551428563 0.000000000
9:/crrcrc: 0.000000000 0.572192453 0.427807547
9:/crrcrf: 0.000000000 0.481691983 0.518308017
9:/rcr: 0.000328370 0.127610217 0.872061413
9:/rcrcrc: 0.000000000 0.363085441 0.636914559
9:/rcrcrf: 0.000000000 0.025740009 0.974259991
9:/rfr: 0.773735230 0.135336242 0.090928528
9:/rrc: 0.000000000 0.090401263 0.909598737
9:/rrf: 0.000012711 0.000002545 0.999984744
9:/rrr: 0.000000000 0.616618113 0.383381887
A:/: 0.664488666 0.335511334 0.000000000
A:/ccr: 0.157275834 0.842206347 0.000517819
A:/ccrcrc: 0.501758436 0.403331978 0.094909586
A:/ccrcrf: 0.490822225 0.120000659 0.389177117
A:/ccrcrr: 0.000000000 0.844147761 0.155852239
A:/ccrrcr: 0.000000000 0.549285077 0.450714923
A:/ccrrfr: 0.000000000 0.630990375 0.369009625
A:/ccrrrc: 0.000000000 0.538421101 0.461578899
A:/ccrrrf: 0.000000000 0.056110247 0.943889753
A:/crc: 0.210739248 0.785339832 0.003920920
A:/crcrcr: 0.000000000 0.809730421 0.190269579
A:/crcrfr: 0.000000000 0.509000267 0.490999733
A:/crcrrc: 0.000000000 0.840440685 0.159559315
A:/crcrrf: 0.000000000 0.804651786 0.195348214
A:/crf: 0.999781327 0.000218673 0.000000000
A:/crfrr: 0.000000000 0.897921919 0.102078081
A:/crr: 0.635056595 0.271217592 0.093725813
A:/crrcrc: 0.000000000 0.398761710 0.601238290
A:/crrcrf: 0.000000000 0.394329933 0.605670067
A:/rcr: 0.826719818 0.091475649 0.081804533
A:/rcrcrc: 0.000000000 0.964447229 0.035552771
A:/rcrcrf: 0.000000000 0.927324456 0.072675544
A:/rfr: 0.474109047 0.177886134 0.348004820
A:/rrc: 0.592779016 0.398088387 0.009132596
A:/rrf: 0.331462904 0.463214330 0.205322766
A:/rrr: 0.000000000 0.545851448 0.454148552
J:/: 0.000000000 1.000000000 0.000000000
J:/ccr: 0.227257907 0.772184592 0.000557501
J:/ccrcrc: 0.371177666 0.515801700 0.113020634
J:/ccrcrf: 0.294181103 0.226317391 0.479501506
J:/ccrcrr: 0.000000000 0.414058349 0.585941651
J:/ccrrcr: 0.000000000 0.685503101 0.314496899
J:/ccrrfr: 0.000000000 0.413474305 0.586525695
J:/ccrrrc: 0.000000000 0.473103970 0.526896030
J:/ccrrrf: 0.000000000 0.835274866 0.164725134
J:/crc: 0.000000000 0.138049109 0.861950891
J:/crcrcr: 0.000000000 0.741159487 0.258840513
J:/crcrfr: 0.000000000 0.617605046 0.382394954
J:/crcrrc: 0.000000000 0.378214780 0.621785220
J:/crcrrf: 0.000000000 0.093719566 0.906280434
J:/crf: 0.001732328 0.995516425 0.002751247
J:/crfrr: 0.000000000 0.318865538 0.681134462
J:/crr: 0.730047705 0.269952295 0.000000000
J:/crrcrc: 0.000000000 0.790718044 0.209281956
J:/crrcrf: 0.000000000 0.658231575 0.341768425
J:/rcr: 0.817222178 0.000000000 0.182777822
J:/rcrcrc: 0.000000000 0.554727055 0.445272945
J:/rcrcrf: 0.000000000 0.549269661 0.450730339
J:/rfr: 0.697876376 0.259245227 0.042878397
J:/rrc: 0.000000000 0.332321514 0.667678486
J:/rrf: 0.000014027 0.000000706 0.999985267
J:/rrr: 0.000000000 0.210117026 0.789882974
K:/: 0.001250367 0.998749633 0.000000000
K:/ccr: 0.212667415 0.786720613 0.000611972
K:/ccrcrc: 0.188048069 0.539640238 0.272311693
K:/ccrcrf: 0.578883783 0.289064216 0.132052001
K:/ccrcrr: 0.000000000 0.777861707 0.222138293
K:/ccrrcr: 0.000000000 0.372634248 0.627365752
K:/ccrrfr: 0.000000000 0.745688313 0.254311687
K:/ccrrrc: 0.000000000 0.623221061 0.376778939
K:/ccrrrf: 0.000000000 0.035399791 0.964600209
K:/crc: 0.000101747 0.863592423 0.136305830
K:/crcrcr: 0.000000000 0.052087601 0.947912399
K:/crcrfr: 0.000000000 0.571419218 0.428580782
K:/crcrrc: 0.000000000 0.620864295 0.379135705
K:/crcrrf: 0.000000000 0.836028330 0.163971670
K:/crf: 0.000000000 0.999080631 0.000919369
K:/crfrr: 0.000000000 0.515095864 0.484904136
K:/crr: 0.279506446 0.720429728 0.000063826
K:/crrcrc: 0.000000000 0.801899051 0.198100949
K:/crrcrf: 0.000000000 0.500207103 0.499792897
K:/rcr: 0.000000000 1.000000000 0.000000000
K:/rcrcrc: 0.000000000 0.000000000 1.000000000
K:/rcrcrf: 0.000000000 0.000000000 1.000000000
K:/rfr: 0.577943927 0.180959961 0.241096113
K:/rrc: 0.000000000 0.872044849 0.127955151
K:/rrf: 0.000015329 0.626288050 0.373696620
K:/rrr: 0.000000000 0.848379392 0.151620608
Q:/: 0.000000000 1.000000000 0.000000000
Q:/ccr: 0.000000000 0.999503331 0.000496669
Q:/ccrcrc: 0.580918584 0.050234756 0.368846660
Q:/ccrcrf: 0.480422552 0.121513455 0.398063993
Q:/ccrcrr: 0.000000000 0.211030431 0.788969569
Q:/ccrrcr: 0.000000000 0.412270846 0.587729154
Q:/ccrrfr: 0.000000000 0.728743172 0.271256828
Q:/ccrrrc: 0.000000000 0.314569869 0.685430131
Q:/ccrrrf: 0.000000000 0.320107359 0.679892641
Q:/crc: 0.000000000 0.394776421 0.605223579
Q:/crcrcr: 0.000000000 0.335718782 0.664281218
Q:/crcrfr: 0.000000000 0.138033090 0.861966910
Q:/crcrrc: 0.000000000 0.759257477 0.240742523
Q:/crcrrf: 0.000000000 0.312068667 0.687931333
Q:/crf: 0.001833886 0.995272462 0.002893652
Q:/crfrr: 0.000000000 0.244292558 0.755707442
Q:/crr: 0.335768826 0.664231174 0.000000000
Q:/crrcrc: 0.000000000 0.988878209 0.011121791
Q:/crrcrf: 0.000000000 0.986535146 0.013464854
Q:/rcr: 0.000000000 0.467188916 0.532811084
Q:/rcrcrc: 0.000000000 0.000000000 1.000000000
Q:/rcrcrf: 0.000000000 0.000000000 1.000000000
Q:/rfr: 0.514540756 0.407301788 0.078157456
Q:/rrc: 0.000000000 0.296817171 0.703182829
Q:/rrf: 0.000014499 0.000000000 0.999985501
Q:/rrr: 0.000000000 0.414086848 0.585913152
T:/: 0.000000000 1.000000000 0.000000000
T:/ccr: 0.000000000 0.999665155 0.000334845
T:/ccrcrc: 0.323015291 0.188241203 0.488743506
T:/ccrcrf: 0.147628139 0.387899341 0.464472520
T:/ccrcrr: 0.000000000 0.216555664 0.783444336
T:/ccrrcr: 0.000000000 0.942757453 0.057242547
T:/ccrrfr: 0.000000000 0.504019192 0.495980808
T:/ccrrrc: 0.000000000 0.127212247 0.872787753
T:/ccrrrf: 0.000000000 0.592496589 0.407503411
T:/crc: 0.000000000 0.000072786 0.999927214
T:/crcrcr: 0.000000000 0.077984250 0.922015750
T:/crcrfr: 0.000000000 0.699763933 0.300236067
T:/crcrrc: 0.000000000 0.726160640 0.273839360
T:/crcrrf: 0.000000000 0.772096273 0.227903727
T:/crf: 0.001817713 0.864746738 0.133435549
T:/crfrr: 0.000000000 0.240478025 0.759521975
T:/crr: 0.833219455 0.166780545 0.000000000
T:/crrcrc: 0.000000000 0.891862853 0.108137147
T:/crrcrf: 0.000000000 0.528422004 0.471577996
T:/rcr: 0.219568211 0.389553436 0.390878353
T:/rcrcrc: 0.000000000 0.000000000 1.000000000
T:/rcrcrf: 0.000000000 0.056725565 0.943274435
T:/rfr: 0.692656594 0.072646055 0.234697350
T:/rrc: 0.000000000 0.011336633 0.988663367
T:/rrf: 0.000013289 0.047151395 0.952835316
T:/rrr: 0.000000000 0.594249436 0.405750564
