5:/c: 0.279751804 0.720248196 0.000000000
5:/ccrc: 0.000000000 0.000000000 1.000000000
5:/ccrcrcr: 0.000000000 0.000000000 1.000000000
5:/ccrcrfr: 0.000000000 0.000000000 1.000000000
5:/ccrcrrc: 0.000000000 0.000000000 1.000000000
5:/ccrcrrf: 0.000000000 0.000000000 1.000000000
5:/ccrf: 0.312070932 0.160467920 0.527461149
5:/ccrfrr: 0.000000000 0.000000000 1.000000000
5:/ccrr: 0.000000000 0.000000000 1.000000000
5:/ccrrcrc: 0.000000000 0.049586680 0.950413320
5:/ccrrcrf: 0.000000000 0.000000000 1.000000000
5:/crcr: 0.000000000 0.174544041 0.825455959
5:/crcrcrc: 0.000000000 0.679663150 0.320336850
5:/crcrcrf: 0.000000000 0.175071046 0.824928954
5:/crfr: 0.000000194 0.000000000 0.999999806
5:/crrc: 0.000000000 0.000000000 1.000000000
5:/crrf: 0.301259688 0.000000000 0.698740312
5:/crrr: 0.000000000 0.000000000 1.000000000
5:/r: 0.000622636 0.000000000 0.999377364
5:/rcrc: 0.000112498 0.000000000 0.999887502
5:/rcrf: 0.747465318 0.000000000 0.252534682
5:/rcrr: 0.000000000 0.000000000 1.000000000
5:/rrcr: 0.000000000 0.081593936 0.918406064
5:/rrfr: 0.000000000 0.000000000 1.000000000
5:/rrrc: 0.000000000 0.000000000 1.000000000
5:/rrrf: 0.000000000 0.000000000 1.000000000
6:/c: 0.248960040 0.751039960 0.000000000
6:/ccrc: 0.000000000 0.000000000 1.000000000
6:/ccrcrcr: 0.000000000 0.000000000 1.000000000
6:/ccrcrfr: 0.000000000 0.000000000 1.000000000
6:/ccrcrrc: 0.000000000 0.103721825 0.896278175
6:/ccrcrrf: 0.000000000 0.000000000 1.000000000
6:/ccrf: 0.013216191 0.228972032 0.757811777
6:/ccrfrr: 0.000000000 0.819527601 0.180472399
6:/ccrr: 0.000000000 0.000000000 1.000000000
6:/ccrrcrc: 0.000000000 0.000000000 1.000000000
6:/ccrrcrf: 0.000000000 0.000019343 0.999980657
6:/crcr: 0.000000000 0.299089234 0.700910766
6:/crcrcrc: 0.000000000 0.363768770 0.636231230
6:/crcrcrf: 0.000000000 0.783069245 0.216930755
6:/crfr: 0.000000000 0.000000000 1.000000000
6:/crrc: 0.000000000 0.000000000 1.000000000
6:/crrf: 0.451420545 0.000000000 0.548579455
6:/crrr: 0.000000000 0.000000000 1.000000000
6:/r: 0.000626036 0.000000000 0.999373964
6:/rcrc: 0.025090539 0.420287254 0.554622207
6:/rcrf: 0.834502271 0.006061468 0.159436262
6:/rcrr: 0.000000000 0.000001620 0.999998380
6:/rrcr: 0.000000000 0.000000000 1.000000000
6:/rrfr: 0.000000000 0.000000000 1.000000000
6:/rrrc: 0.000000000 0.105834741 0.894165259
6:/rrrf: 0.000000000 0.254301163 0.745698837
7:/c: 0.000440430 0.999559570 0.000000000
7:/ccrc: 0.000000000 0.000000000 1.000000000
7:/ccrcrcr: 0.000000000 0.000116262 0.999883738
7:/ccrcrfr: 0.000000000 1.000000000 0.000000000
7:/ccrcrrc: 0.000000000 0.000000000 1.000000000
7:/ccrcrrf: 0.000000000 0.042681466 0.957318534
7:/ccrf: 0.171662467 0.292190440 0.536147093
7:/ccrfrr: 0.000000000 0.463124116 0.536875884
7:/ccrr: 0.000000000 0.000000000 1.000000000
7:/ccrrcrc: 0.000000000 0.000000000 1.000000000
7:/ccrrcrf: 0.000000000 0.074263897 0.925736103
7:/crcr: 0.000000000 0.202381770 0.797618230
7:/crcrcrc: 0.000000000 0.000000000 1.000000000
7:/crcrcrf: 0.000000000 0.866858816 0.133141184
7:/crfr: 0.000000000 0.000000000 1.000000000
7:/crrc: 0.000000000 0.000000000 1.000000000
7:/crrf: 0.394898307 0.000000000 0.605101693
7:/crrr: 0.000000000 0.000000000 1.000000000
7:/r: 0.000649838 0.000313522 0.999036640
7:/rcrc: 0.313861718 0.203177945 0.482960337
7:/rcrf: 0.566092622 0.433907153 0.000000225
7:/rcrr: 0.000000000 0.000000000 1.000000000
7:/rrcr: 0.000000000 0.239424874 0.760575126
7:/rrfr: 0.000000000 0.000000000 1.000000000
7:/rrrc: 0.000000000 0.000000000 1.000000000
7:/rrrf: 0.000000000 0.339344353 0.660655647
8:/c: 0.000000000 1.000000000 0.000000000
8:/ccrc: 0.000000000 0.000000000 1.000000000
8:/ccrcrcr: 0.000000000 0.000285817 0.999714183
8:/ccrcrfr: 0.000000000 1.000000000 0.000000000
8:/ccrcrrc: 0.000000000 0.000000000 1.000000000
8:/ccrcrrf: 0.000000000 0.000029523 0.999970477
8:/ccrf: 0.371180711 0.230906520 0.397912769
8:/ccrfrr: 0.000000000 0.975137872 0.024862128
8:/ccrr: 0.000000000 0.000000000 1.000000000
8:/ccrrcrc: 0.000000000 0.000000000 1.000000000
8:/ccrrcrf: 0.000000000 0.000102720 0.999897280
8:/crcr: 0.000000000 0.299506478 0.700493522
8:/crcrcrc: 0.000000000 0.237874280 0.762125720
8:/crcrcrf: 0.000000000 0.437813961 0.562186039
8:/crfr: 0.000000000 0.000000000 1.000000000
8:/crrc: 0.000000000 0.000000000 1.000000000
8:/crrf: 0.659599842 0.000000000 0.340400158
8:/crrr: 0.000000000 0.000000000 1.000000000
8:/r: 0.001369871 0.000543408 0.998086722
8:/rcrc: 0.000148754 0.371333493 0.628517752
8:/rcrf: 0.739713380 0.260286620 0.000000000
8:/rcrr: 0.000000000 0.000020574 0.999979426
8:/rrcr: 0.000000000 0.000000000 1.000000000
8:/rrfr: 0.000000000 0.000000000 1.000000000
8:/rrrc: 0.000000000 0.494768595 0.505231405
8:/rrrf: 0.000000000 0.046441854 0.953558146
9:/c: 0.000000000 1.000000000 0.000000000
9:/ccrc: 0.000072984 0.000000000 0.999927016
9:/ccrcrcr: 0.000000000 0.000440451 0.999559549
9:/ccrcrfr: 0.000000000 1.000000000 0.000000000
9:/ccrcrrc: 0.000000000 0.182578050 0.817421950
9:/ccrcrrf: 0.000000000 0.000029769 0.999970231
9:/ccrf: 0.289779113 0.137804822 0.572416065
9:/ccrfrr: 0.000000000 0.306016860 0.693983140
9:/ccrr: 0.000037035 0.000000000 0.999962965
9:/ccrrcrc: 0.000000000 0.000000000 1.000000000
9:/ccrrcrf: 0.000000000 0.223766239 0.776233761
9:/crcr: 0.075939570 0.049432839 0.874627592
9:/crcrcrc: 0.000000000 0.806613677 0.193386323
9:/crcrcrf: 0.000000000 0.187579443 0.812420557
9:/crfr: 0.000000000 0.000000000 1.000000000
9:/crrc: 0.000000000 0.000000000 1.000000000
9:/crrf: 0.187821486 0.033255436 0.778923078
9:/crrr: 0.000000000 0.000000000 1.000000000
9:/r: 0.001327205 0.000748669 0.997924126
9:/rcrc: 0.000159785 0.180017200 0.819823015
9:/rcrf: 0.469808461 0.530191539 0.000000000
9:/rcrr: 0.000000000 0.000059243 0.999940757
9:/rrcr: 0.000000000 0.000000000 1.000000000
9:/rrfr: 0.000000000 0.000000000 1.000000000
9:/rrrc: 0.000000000 0.470312570 0.529687430
9:/rrrf: 0.000000000 0.166558068 0.833441932
A:/c: 0.743343096 0.256656904 0.000000000
A:/ccrc: 1.000000000 0.000000000 0.000000000
A:/ccrcrcr: 0.000000000 1.000000000 0.000000000
A:/ccrcrfr: 0.000000000 1.000000000 0.000000000
A:/ccrcrrc: 0.000000000 1.000000000 0.000000000
A:/ccrcrrf: 0.000000000 1.000000000 0.000000000
A:/ccrf: 0.516560442 0.483439558 0.000000000
A:/ccrfrr: 0.000000000 1.000000000 0.000000000
A:/ccrr: 1.000000000 0.000000000 0.000000000
A:/ccrrcrc: 0.000000000 1.000000000 0.000000000
A:/ccrrcrf: 0.000000000 1.000000000 0.000000000
A:/crcr: 0.401302763 0.598697237 0.000000000
A:/crcrcrc: 0.000000000 0.816631830 0.183368170
A:/crcrcrf: 0.000000000 0.942171759 0.057828241
A:/crfr: 0.767010172 0.232989828 0.000000000
A:/crrc: 0.823773376 0.176226624 0.000000000
A:/crrf: 0.866671821 0.133328179 0.000000000
A:/crrr: 0.000000000 1.000000000 0.000000000
A:/r: 0.006128466 0.993871534 0.000000000
A:/rcrc: 0.718217462 0.281782538 0.000000000
A:/rcrf: 0.401829094 0.598170906 0.000000000
A:/rcrr: 0.000000000 1.000000000 0.000000000
A:/rrcr: 0.000000000 1.000000000 0.000000000
A:/rrfr: 0.000000000 1.000000000 0.000000000
A:/rrrc: 0.000000000 1.000000000 0.000000000
A:/rrrf: 0.000000000 1.000000000 0.000000000
J:/c: 0.000000000 1.000000000 0.000000000
J:/ccrc: 0.024931265 0.975068735 0.000000000
J:/ccrcrcr: 0.000000000 0.619407840 0.380592160
J:/ccrcrfr: 0.000000000 1.000000000 0.000000000
J:/ccrcrrc: 0.000000000 0.000000000 1.000000000
J:/ccrcrrf: 0.000000000 0.000029769 0.999970231
J:/ccrf: 0.360719811 0.324162472 0.315117717
J:/ccrfrr: 0.000000000 0.866744618 0.133255382
J:/ccrr: 0.000397707 0.241571774 0.758030519
J:/ccrrcrc: 0.000000000 0.185297350 0.814702650
J:/ccrrcrf: 0.000000000 0.591286048 0.408713952
J:/crcr: 0.000000000 0.271779059 0.728220941
J:/crcrcrc: 0.000000000 0.163946044 0.836053956
J:/crcrcrf: 0.000000000 0.477982897 0.522017103
J:/crfr: 0.000000000 0.479147019 0.520852981
J:/crrc: 0.000000000 0.000000000 1.000000000
J:/crrf: 0.602838537 0.000000000 0.397161463
J:/crrr: 0.000000000 0.000000000 1.000000000
J:/r: 0.001517240 0.711561335 0.286921425
J:/rcrc: 0.385399650 0.196825117 0.417775233
J:/rcrf: 0.445693037 0.554306963 0.000000000
J:/rcrr: 0.000000000 0.000060085 0.999939915
J:/rrcr: 0.000000000 0.000000000 1.000000000
J:/rrfr: 0.000000000 0.000000000 1.000000000
J:/rrrc: 0.000000000 0.279753549 0.720246451
J:/rrrf: 0.000000000 0.627173336 0.372826664
K:/c: 1.000000000 0.000000000 0.000000000
K:/ccrc: 0.000000000 1.000000000 0.000000000
K:/ccrcrcr: 0.000000000 0.326415448 0.673584552
K:/ccrcrfr: 0.000000000 1.000000000 0.000000000
K:/ccrcrrc: 0.000000000 0.733835921 0.266164079
K:/ccrcrrf: 0.000000000 0.999996099 0.000003901
K:/ccrf: 0.747265202 0.252734798 0.000000000
K:/ccrfrr: 0.000000000 1.000000000 0.000000000
K:/ccrr: 0.957551585 0.042448415 0.000000000
K:/ccrrcrc: 0.000000000 0.590403776 0.409596224
K:/ccrrcrf: 0.000000000 0.988002553 0.011997447
K:/crcr: 0.431896866 0.399060388 0.169042746
K:/crcrcrc: 0.000000000 0.571417232 0.428582768
K:/crcrcrf: 0.000000000 0.553513687 0.446486313
K:/crfr: 0.047362962 0.700362580 0.252274458
K:/crrc: 0.000337418 0.532833220 0.466829362
K:/crrf: 0.343007386 0.261438783 0.395553831
K:/crrr: 0.000000000 0.000000000 1.000000000
K:/r: 0.001346868 0.998653132 0.000000000
K:/rcrc: 0.142322613 0.756317377 0.101360009
K:/rcrf: 0.451653486 0.548346514 0.000000000
K:/rcrr: 0.000000000 0.999730574 0.000269426
K:/rrcr: 0.000000000 0.000000000 1.000000000
K:/rrfr: 0.000000000 0.223743236 0.776256764
K:/rrrc: 0.000000000 0.334846857 0.665153143
K:/rrrf: 0.000000000 0.997187982 0.002812018
Q:/c: 0.000000000 1.000000000 0.000000000
Q:/ccrc: 0.009190544 0.990809456 0.000000000
Q:/ccrcrcr: 0.000000000 0.908968318 0.091031682
Q:/ccrcrfr: 0.000000000 1.000000000 0.000000000
Q:/ccrcrrc: 0.000000000 0.546159879 0.453840121
Q:/ccrcrrf: 0.000000000 0.625608191 0.374391809
Q:/ccrf: 0.641982302 0.266309812 0.091707886
Q:/ccrfrr: 0.000000000 1.000000000 0.000000000
Q:/ccrr: 0.307050761 0.470548062 0.222401176
Q:/ccrrcrc: 0.000000000 0.271390786 0.728609214
Q:/ccrrcrf: 0.000000000 0.411032376 0.588967624
Q:/crcr: 0.241768855 0.151124090 0.607107055
Q:/crcrcrc: 0.000000000 0.821796506 0.178203494
Q:/crcrcrf: 0.000000000 0.077002973 0.922997027
Q:/crfr: 0.000000000 0.347760327 0.652239673
Q:/crrc: 0.000000000 0.000000000 1.000000000
Q:/crrf: 0.654373688 0.000000000 0.345626312
Q:/crrr: 0.000000000 0.000000000 1.000000000
Q:/r: 0.001873961 0.998126039 0.000000000
Q:/rcrc: 0.282216522 0.184499994 0.533283484
Q:/rcrf: 0.569373817 0.430626183 0.000000000
Q:/rcrr: 0.000000000 0.331626457 0.668373543
Q:/rrcr: 0.000000000 0.308450104 0.691549896
Q:/rrfr: 0.000000000 0.000000000 1.000000000
Q:/rrrc: 0.000000000 0.507895592 0.492104408
Q:/rrrf: 0.000000000 0.533511678 0.466488322
T:/c: 0.077847429 0.922152571 0.000000000
T:/ccrc: 0.041159634 0.138525910 0.820314456
T:/ccrcrcr: 0.000000000 0.233793500 0.766206500
T:/ccrcrfr: 0.000000000 1.000000000 0.000000000
T:/ccrcrrc: 0.000000000 0.547689431 0.452310569
T:/ccrcrrf: 0.000000000 0.000029769 0.999970231
T:/ccrf: 0.537599840 0.370131245 0.092268915
T:/ccrfrr: 0.000000000 0.631314491 0.368685509
T:/ccrr: 0.000072810 0.000063376 0.999863814
T:/ccrrcrc: 0.000000000 0.000000000 1.000000000
T:/ccrrcrf: 0.000000000 0.340017246 0.659982754
T:/crcr: 0.000000000 0.141805377 0.858194623
T:/crcrcrc: 0.000000000 0.048243878 0.951756122
T:/crcrcrf: 0.000000000 0.837060511 0.162939489
T:/crfr: 0.000000000 0.452840910 0.547159090
T:/crrc: 0.000000000 0.000000000 1.000000000
T:/crrf: 0.153563027 0.593076503 0.253360470
T:/crrr: 0.000000000 0.000000000 1.000000000
T:/r: 0.001222261 0.001116980 0.997660759
T:/rcrc: 0.186924739 0.198224142 0.614851119
T:/rcrf: 0.606513710 0.393486290 0.000000000
T:/rcrr: 0.000000000 0.549562290 0.450437710
T:/rrcr: 0.000000000 0.366443495 0.633556505
T:/rrfr: 0.000000000 0.012357856 0.987642144
T:/rrrc: 0.000000000 0.085901558 0.914098442
T:/rrrf: 0.000000000 0.147694890 0.852305110
