5:/cc: 0.348300033 0.651699967 0.000000000
5:/ccrcr: 0.137567145 0.012854314 0.849578540
5:/ccrcrcrc: 0.000000000 0.000035562 0.999964438
5:/ccrcrcrf: 0.000000000 0.900345571 0.099654429
5:/ccrfr: 0.215347725 0.245949056 0.538703218
5:/ccrrc: 0.136847055 0.485775352 0.377377593
5:/ccrrf: 0.466393323 0.042320488 0.491286190
5:/ccrrr: 0.000000000 0.257823524 0.742176476
5:/cr: 0.000000000 0.000837281 0.999162719
5:/crcrc: 0.000000000 0.325590806 0.674409194
5:/crcrf: 0.398976661 0.111377465 0.489645874
5:/crcrr: 0.000000000 0.368943886 0.631056114
5:/crrcr: 0.000000000 0.000000000 1.000000000
5:/crrfr: 0.000000000 0.998720907 0.001279093
5:/crrrc: 0.000000000 0.000000000 1.000000000
5:/crrrf: 0.000000000 0.059838690 0.940161310
5:/rc: 0.000299462 0.498163437 0.501537101
5:/rcrcr: 0.000000000 0.193690345 0.806309655
5:/rcrfr: 0.000000000 0.778342010 0.221657990
5:/rcrrc: 0.000000000 0.198438681 0.801561319
5:/rcrrf: 0.000000000 0.521066623 0.478933377
5:/rf: 0.254937022 0.013161961 0.731901017
5:/rfrr: 0.000000000 0.406445601 0.593554399
5:/rr: 0.000001138 0.166282930 0.833715932
5:/rrcrc: 0.000000000 0.408067741 0.591932259
5:/rrcrf: 0.000000000 0.555587757 0.444412243
6:/cc: 0.352146620 0.647853380 0.000000000
6:/ccrcr: 0.167672234 0.000440202 0.831887564
6:/ccrcrcrc: 0.000000000 0.456455673 0.543544327
6:/ccrcrcrf: 0.000000000 0.768505342 0.231494658
6:/ccrfr: 0.005314206 0.385664532 0.609021263
6:/ccrrc: 0.000076679 0.622997434 0.376925887
6:/ccrrf: 0.350664845 0.384570731 0.264764425
6:/ccrrr: 0.000000000 0.473056008 0.526943992
6:/cr: 0.000000000 0.001691687 0.998308313
6:/crcrc: 0.173342310 0.424201670 0.402456020
6:/crcrf: 0.447450609 0.248475681 0.304073710
6:/crcrr: 0.000000000 0.129413156 0.870586844
6:/crrcr: 0.000000000 0.000000000 1.000000000
6:/crrfr: 0.000000000 0.937482892 0.062517108
6:/crrrc: 0.000000000 0.000000000 1.000000000
6:/crrrf: 0.000000000 0.731244304 0.268755696
6:/rc: 0.074755654 0.318990292 0.606254054
6:/rcrcr: 0.000000000 0.593475405 0.406524595
6:/rcrfr: 0.000000000 0.414899927 0.585100073
6:/rcrrc: 0.000000000 0.022666675 0.977333325
6:/rcrrf: 0.000000000 0.484507607 0.515492393
6:/rf: 0.063183926 0.434019924 0.502796150
6:/rfrr: 0.000000000 0.969300013 0.030699987
6:/rr: 0.000001138 0.018635769 0.981363093
6:/rrcrc: 0.000000000 0.074088899 0.925911101
6:/rrcrf: 0.000000000 0.610605303 0.389394697
7:/cc: 0.001956689 0.998043311 0.000000000
7:/ccrcr: 0.010825520 0.000488850 0.988685631
7:/ccrcrcrc: 0.000000000 0.151501055 0.848498945
7:/ccrcrcrf: 0.000000000 0.452668741 0.547331259
7:/ccrfr: 0.102811315 0.477825476 0.419363209
7:/ccrrc: 0.161375229 0.235395437 0.603229334
7:/ccrrf: 0.134322105 0.795955448 0.069722447
7:/ccrrr: 0.000000000 0.119488552 0.880511448
7:/cr: 0.000000000 0.002064827 0.997935173
7:/crcrc: 0.067453005 0.079433252 0.853113743
7:/crcrf: 0.207125763 0.388114076 0.404760161
7:/crcrr: 0.000000000 0.369208656 0.630791344
7:/crrcr: 0.000000000 0.000000000 1.000000000
7:/crrfr: 0.000000000 0.340526554 0.659473446
7:/crrrc: 0.000000000 0.000000000 1.000000000
7:/crrrf: 0.000000000 0.870108141 0.129891859
7:/rc: 0.105364846 0.085134064 0.809501090
7:/rcrcr: 0.000000000 0.725246782 0.274753218
7:/rcrfr: 0.000000000 0.807453619 0.192546381
7:/rcrrc: 0.000000000 0.207468878 0.792531122
7:/rcrrf: 0.000000000 0.626374796 0.373625204
7:/rf: 0.240168836 0.281535133 0.478296031
7:/rfrr: 0.000000000 0.586190022 0.413809978
7:/rr: 0.000001138 0.470512396 0.529486466
7:/rrcrc: 0.000000000 0.789559556 0.210440444
7:/rrcrf: 0.000000000 0.423271350 0.576728650
8:/cc: 0.001322274 0.998677726 0.000000000
8:/ccrcr: 0.148758192 0.066908031 0.784333777
8:/ccrcrcrc: 0.000000000 0.000035562 0.999964438
8:/ccrcrcrf: 0.000000000 0.277325233 0.722674767
8:/ccrfr: 0.175238497 0.420018732 0.404742771
8:/ccrrc: 0.506820435 0.129243159 0.363936405
8:/ccrrf: 0.347077365 0.341541978 0.311380657
8:/ccrrr: 0.000000000 0.415805810 0.584194190
8:/cr: 0.015033495 0.002024599 0.982941906
8:/crcrc: 0.565328650 0.354540110 0.080131240
8:/crcrf: 0.311532278 0.300917406 0.387550316
8:/crcrr: 0.000000000 0.647572861 0.352427139
8:/crrcr: 0.000000000 0.000000000 1.000000000
8:/crrfr: 0.000000000 0.036884924 0.963115076
8:/crrrc: 0.000000000 0.000000000 1.000000000
8:/crrrf: 0.000000000 0.992517395 0.007482605
8:/rc: 0.160899170 0.094501492 0.744599338
8:/rcrcr: 0.000000000 0.258467748 0.741532252
8:/rcrfr: 0.000000000 0.306220808 0.693779192
8:/rcrrc: 0.000000000 0.606645338 0.393354662
8:/rcrrf: 0.000000000 0.572758749 0.427241251
8:/rf: 0.448955158 0.480986747 0.070058095
8:/rfrr: 0.000000000 0.887882154 0.112117846
8:/rr: 0.000001707 0.322962268 0.677036025
8:/rrcrc: 0.000000000 0.746272981 0.253727019
8:/rrcrf: 0.000000000 0.501072835 0.498927165
9:/cc: 0.000000000 1.000000000 0.000000000
9:/ccrcr: 0.138608191 0.019718477 0.841673332
9:/ccrcrcrc: 0.000000000 0.000035562 0.999964438
9:/ccrcrcrf: 0.000000000 0.557970600 0.442029400
9:/ccrfr: 0.419549996 0.528559199 0.051890805
9:/ccrrc: 0.510342802 0.000087513 0.489569686
9:/ccrrf: 0.329536318 0.467457145 0.203006537
9:/ccrrr: 0.000000000 0.289101333 0.710898667
9:/cr: 0.000808880 0.002060584 0.997130536
9:/crcrc: 0.351737802 0.591214349 0.057047848
9:/crcrf: 0.295537018 0.335976125 0.368486857
9:/crcrr: 0.000000000 0.587845112 0.412154888
9:/crrcr: 0.000000000 0.000000000 1.000000000
9:/crrfr: 0.000000000 0.770627258 0.229372742
9:/crrrc: 0.000000000 0.000000000 1.000000000
9:/crrrf: 0.000000000 0.532338303 0.467661697
9:/rc: 0.110274093 0.310334106 0.579391801
9:/rcrcr: 0.000000000 0.444724063 0.555275937
9:/rcrfr: 0.000000000 0.493655242 0.506344758
9:/rcrrc: 0.000000000 0.545484148 0.454515852
9:/rcrrf: 0.000000000 0.297819450 0.702180550
9:/rf: 0.562251512 0.432542884 0.005205604
9:/rfrr: 0.000000000 0.766140166 0.233859834
9:/rr: 0.000001707 0.002602462 0.997395831
9:/rrcrc: 0.000000000 0.336817262 0.663182738
9:/rrcrf: 0.000000000 0.433166828 0.566833172
A:/cc: 1.000000000 0.000000000 0.000000000
A:/ccrcr: 0.443275104 0.555233451 0.001491444
A:/ccrcrcrc: 0.000000000 1.000000000 0.000000000
A:/ccrcrcrf: 0.000000000 0.604528440 0.395471560
A:/ccrfr: 0.018722949 0.766132053 0.215144998
A:/ccrrc: 0.489550083 0.286041239 0.224408678
A:/ccrrf: 0.106781713 0.693878499 0.199339788
A:/ccrrr: 0.000000000 1.000000000 0.000000000
A:/cr: 0.662655522 0.337344478 0.000000000
A:/crcrc: 0.409003284 0.443877813 0.147118903
A:/crcrf: 0.518254630 0.046696571 0.435048799
A:/crcrr: 0.000000000 0.445497094 0.554502906
A:/crrcr: 0.000000000 0.921318984 0.078681016
A:/crrfr: 0.000000000 0.644912439 0.355087561
A:/crrrc: 0.000000000 0.998400427 0.001599573
A:/crrrf: 0.000000000 0.385325601 0.614674399
A:/rc: 0.142897911 0.855119308 0.001982780
A:/rcrcr: 0.000000000 0.302717747 0.697282253
A:/rcrfr: 0.000000000 0.932225830 0.067774170
A:/rcrrc: 0.000000000 0.999648729 0.000351271
A:/rcrrf: 0.000000000 0.425308271 0.574691729
A:/rf: 0.330693596 0.193108656 0.476197748
A:/rfrr: 0.000000000 0.189682723 0.810317277
A:/rr: 0.563880850 0.436054511 0.000064639
A:/rrcrc: 0.000000000 0.717411635 0.282588365
A:/rrcrf: 0.000000000 0.523504543 0.476495457
J:/cc: 0.000000000 1.000000000 0.000000000
J:/ccrcr: 0.037595990 0.000003864 0.962400146
J:/ccrcrcrc: 0.000000000 0.347286899 0.652713101
J:/ccrcrcrf: 0.000000000 0.665171784 0.334828216
J:/ccrfr: 0.616651708 0.083061635 0.300286658
J:/ccrrc: 0.000000000 0.515477030 0.484522970
J:/ccrrf: 0.443705173 0.151322489 0.404972338
J:/ccrrr: 0.000000000 0.851677934 0.148322066
J:/cr: 0.000000000 0.002286207 0.997713793
J:/crcrc: 0.000000000 0.510562792 0.489437208
J:/crcrf: 0.499554044 0.071431824 0.429014131
J:/crcrr: 0.000000000 0.595276785 0.404723215
J:/crrcr: 0.000000000 0.000000000 1.000000000
J:/crrfr: 0.000000000 0.261818652 0.738181348
J:/crrrc: 0.000000000 0.000000000 1.000000000
J:/crrrf: 0.000000000 0.519428872 0.480571128
J:/rc: 0.229952742 0.135164793 0.634882465
J:/rcrcr: 0.000000000 0.329835661 0.670164339
J:/rcrfr: 0.000000000 0.532268391 0.467731609
J:/rcrrc: 0.000000000 0.315398280 0.684601720
J:/rcrrf: 0.000000000 0.726642933 0.273357067
J:/rf: 0.188796542 0.385001431 0.426202027
J:/rfrr: 0.000000000 0.714298054 0.285701946
J:/rr: 0.066377368 0.436985124 0.496637508
J:/rrcrc: 0.000000000 0.655895407 0.344104593
J:/rrcrf: 0.000000000 0.513584317 0.486415683
K:/cc: 0.962090842 0.037909158 0.000000000
K:/ccrcr: 0.453585282 0.237822162 0.308592556
K:/ccrcrcrc: 0.000000000 0.687675205 0.312324795
K:/ccrcrcrf: 0.000000000 0.178880684 0.821119316
K:/ccrfr: 0.450086968 0.197105283 0.352807749
K:/ccrrc: 0.100808245 0.655073632 0.244118123
K:/ccrrf: 0.591868774 0.348948403 0.059182823
K:/ccrrr: 0.000000000 0.924974007 0.075025993
K:/cr: 0.000000000 0.999050674 0.000949326
K:/crcrc: 0.674396446 0.313308464 0.012295089
K:/crcrf: 0.477417447 0.391439466 0.131143087
K:/crcrr: 0.000000000 0.607778757 0.392221243
K:/crrcr: 0.000000000 0.000000000 1.000000000
K:/crrfr: 0.000000000 0.394258916 0.605741084
K:/crrrc: 0.000000000 0.000000000 1.000000000
K:/crrrf: 0.000000000 0.400042625 0.599957375
K:/rc: 0.365698243 0.617065155 0.017236602
K:/rcrcr: 0.000000000 0.765475331 0.234524669
K:/rcrfr: 0.000000000 0.976019582 0.023980418
K:/rcrrc: 0.000000000 0.865445387 0.134554613
K:/rcrrf: 0.000000000 0.144966424 0.855033576
K:/rf: 0.275394184 0.202825471 0.521780345
K:/rfrr: 0.000000000 0.455042687 0.544957313
K:/rr: 0.590943841 0.122829849 0.286226309
K:/rrcrc: 0.000000000 0.116385812 0.883614188
K:/rrcrf: 0.000000000 0.215640887 0.784359113
Q:/cc: 0.001944525 0.998055475 0.000000000
Q:/ccrcr: 0.249066247 0.000000000 0.750933753
Q:/ccrcrcrc: 0.000000000 0.429938469 0.570061531
Q:/ccrcrcrf: 0.000000000 0.650539532 0.349460468
Q:/ccrfr: 0.290572692 0.041606664 0.667820643
Q:/ccrrc: 0.000000000 0.000000000 1.000000000
Q:/ccrrf: 0.618498298 0.361704130 0.019797573
Q:/ccrrr: 0.000000000 0.986153828 0.013846172
Q:/cr: 0.077680108 0.199735225 0.722584668
Q:/crcrc: 0.187200855 0.444510690 0.368288455
Q:/crcrf: 0.555987660 0.104666358 0.339345982
Q:/crcrr: 0.000000000 0.605358747 0.394641253
Q:/crrcr: 0.000000000 0.000000000 1.000000000
Q:/crrfr: 0.000000000 0.584165263 0.415834737
Q:/crrrc: 0.000000000 0.000000000 1.000000000
Q:/crrrf: 0.000000000 0.481133934 0.518866066
Q:/rc: 0.000371068 0.258484411 0.741144521
Q:/rcrcr: 0.000000000 0.762385823 0.237614177
Q:/rcrfr: 0.000000000 0.456312930 0.543687070
Q:/rcrrc: 0.000000000 0.000040789 0.999959211
Q:/rcrrf: 0.000000000 0.065426291 0.934573709
Q:/rf: 0.085547301 0.444231768 0.470220931
Q:/rfrr: 0.000000000 0.273598040 0.726401960
Q:/rr: 0.000001707 0.484245580 0.515752713
Q:/rrcrc: 0.000000000 0.201800439 0.798199561
Q:/rrcrf: 0.000000000 0.645662339 0.354337661
T:/cc: 0.000000000 1.000000000 0.000000000
T:/ccrcr: 0.358206777 0.000154483 0.641638740
T:/ccrcrcrc: 0.000000000 0.043602527 0.956397473
T:/ccrcrcrf: 0.000000000 0.550531028 0.449468972
T:/ccrfr: 0.389612890 0.146518814 0.463868296
T:/ccrrc: 0.000076536 0.937369179 0.062554285
T:/ccrrf: 0.541893124 0.201706466 0.256400410
T:/ccrrr: 0.000000000 0.475816714 0.524183286
T:/cr: 0.000000000 0.001338480 0.998661520
T:/crcrc: 0.338508314 0.493728217 0.167763469
T:/crcrf: 0.166007051 0.454443954 0.379548996
T:/crcrr: 0.000000000 0.163078873 0.836921127
T:/crrcr: 0.000000000 0.000000000 1.000000000
T:/crrfr: 0.000000000 0.640266604 0.359733396
T:/crrrc: 0.000000000 0.000000000 1.000000000
T:/crrrf: 0.000000000 0.795842594 0.204157406
T:/rc: 0.000399547 0.427083690 0.572516762
T:/rcrcr: 0.000000000 0.221932556 0.778067444
T:/rcrfr: 0.000000000 0.333419082 0.666580918
T:/rcrrc: 0.000000000 0.845733910 0.154266090
T:/rcrrf: 0.000000000 0.904140005 0.095859995
T:/rf: 0.431119347 0.053964973 0.514915680
T:/rfrr: 0.000000000 0.954965060 0.045034940
T:/rr: 0.000001707 0.117052725 0.882945567
T:/rrcrc: 0.000000000 0.467848814 0.532151186
T:/rrcrf: 0.000000000 0.902009723 0.097990277
