8:/: 0.000000000 1.000000000 0.000000000
8:/cccr: 0.016673593 0.000000000 0.983326407
8:/cccrccrc: 0.000000000 0.869097744 0.130902256
8:/cccrccrf: 0.000000000 0.680974120 0.319025880
8:/cccrcfrc: 0.000000000 0.222193108 0.777806892
8:/cccrcfrf: 0.000000000 0.988474459 0.011525541
8:/cccrcrcc: 0.000000000 0.745691358 0.254308642
8:/cccrcrcf: 0.000000000 0.584063494 0.415936506
8:/cccrcrfc: 0.000000000 0.167191660 0.832808340
8:/cccrcrff: 0.000000000 0.111280842 0.888719158
8:/ccrc: 0.189007308 0.314136493 0.496856199
8:/ccrccrcc: 0.000000000 0.570624960 0.429375040
8:/ccrccrcf: 0.000000000 0.808513795 0.191486205
8:/ccrccrfc: 0.000000000 0.716100128 0.283899872
8:/ccrccrff: 0.000000000 0.151492855 0.848507145
8:/ccrf: 0.626273252 0.373128624 0.000598124
8:/ccrfcrc: 0.000000000 0.803338935 0.196661065
8:/ccrfcrf: 0.000000000 0.165818551 0.834181449
8:/ccrr: 0.000000000 0.723837569 0.276162431
8:/crcc: 0.484389751 0.347270091 0.168340158
8:/crcf: 0.379917605 0.167253550 0.452828845
8:/crcr: 0.000000000 0.160910846 0.839089154
8:/crfc: 0.000000000 0.110673251 0.889326749
8:/crff: 0.000000000 0.000000000 1.000000000
8:/crfr: 0.000000000 0.000000000 1.000000000
8:/crrc: 0.000000000 0.388535361 0.611464639
8:/crrf: 0.000000000 0.272756322 0.727243678
8:/rccr: 0.000000000 0.599210290 0.400789710
8:/rcfr: 0.000000000 0.460531201 0.539468799
8:/rcrc: 0.000000000 0.346165590 0.653834410
8:/rcrf: 0.000000000 0.560035887 0.439964113
8:/rfcr: 0.000000000 0.338382414 0.661617586
8:/rffr: 0.000000000 0.000000000 1.000000000
8:/rfrc: 0.000000000 0.029149306 0.970850694
8:/rfrf: 0.000000000 0.486077707 0.513922293
8:/rrcc: 0.000000000 0.096071486 0.903928514
8:/rrcf: 0.000000000 0.601722439 0.398277561
8:/rrfc: 0.000000000 0.325889412 0.674110588
8:/rrff: 0.000000000 0.373926495 0.626073505
9:/: 0.000000000 1.000000000 0.000000000
9:/cccr: 0.008475205 0.000000000 0.991524795
9:/cccrccrc: 0.000000000 0.415982881 0.584017119
9:/cccrccrf: 0.000000000 0.760024594 0.239975406
9:/cccrcfrc: 0.000000000 0.478156829 0.521843171
9:/cccrcfrf: 0.000000000 0.973397064 0.026602936
9:/cccrcrcc: 0.000000000 0.087052280 0.912947720
9:/cccrcrcf: 0.000000000 0.000000000 1.000000000
9:/cccrcrfc: 0.000000000 0.068762429 0.931237571
9:/cccrcrff: 0.000000000 0.652095862 0.347904138
9:/ccrc: 0.083985221 0.330661660 0.585353119
9:/ccrccrcc: 0.000000000 0.526417071 0.473582929
9:/ccrccrcf: 0.000000000 0.423357236 0.576642764
9:/ccrccrfc: 0.000000000 0.390074473 0.609925527
9:/ccrccrff: 0.000000000 0.507563045 0.492436955
9:/ccrf: 0.215821657 0.551966927 0.232211415
9:/ccrfcrc: 0.000000000 0.443646449 0.556353551
9:/ccrfcrf: 0.000000000 0.803399545 0.196600455
9:/ccrr: 0.000000000 0.000000000 1.000000000
9:/crcc: 0.000000000 0.708454017 0.291545983
9:/crcf: 0.019997410 0.638742824 0.341259767
9:/crcr: 0.000000000 0.261536019 0.738463981
9:/crfc: 0.000000000 0.003844218 0.996155782
9:/crff: 0.000000000 0.000000000 1.000000000
9:/crfr: 0.000000000 0.000000000 1.000000000
9:/crrc: 0.000000000 0.725761593 0.274238407
9:/crrf: 0.000000000 0.134071543 0.865928457
9:/rccr: 0.000000000 0.235844062 0.764155938
9:/rcfr: 0.000000000 0.213417286 0.786582714
9:/rcrc: 0.000000000 0.537634534 0.462365466
9:/rcrf: 0.000000000 0.794799467 0.205200533
9:/rfcr: 0.000000000 0.363371693 0.636628307
9:/rffr: 0.000000000 0.021893169 0.978106831
9:/rfrc: 0.000000000 0.000000000 1.000000000
9:/rfrf: 0.000000000 0.020814158 0.979185842
9:/rrcc: 0.000000000 0.355421279 0.644578721
9:/rrcf: 0.000000000 0.000000000 1.000000000
9:/rrfc: 0.000000000 0.200204364 0.799795636
9:/rrff: 0.000000000 0.000000000 1.000000000
A:/: 0.595169946 0.404830054 0.000000000
A:/cccr: 0.912029117 0.087970883 0.000000000
A:/cccrccrc: 0.000000000 1.000000000 0.000000000
A:/cccrccrf: 0.000000000 0.567235825 0.432764175
A:/cccrcfrc: 0.000000000 0.904155056 0.095844944
A:/cccrcfrf: 0.000000000 0.066529572 0.933470428
A:/cccrcrcc: 0.000000000 1.000000000 0.000000000
A:/cccrcrcf: 0.000000000 1.000000000 0.000000000
A:/cccrcrfc: 0.000000000 1.000000000 0.000000000
A:/cccrcrff: 0.000000000 0.560061574 0.439938426
A:/ccrc: 1.000000000 0.000000000 0.000000000
A:/ccrccrcc: 0.000000000 0.624011497 0.375988503
A:/ccrccrcf: 0.000000000 0.325479693 0.674520307
A:/ccrccrfc: 0.000000000 1.000000000 0.000000000
A:/ccrccrff: 0.000000000 0.149479965 0.850520035
A:/ccrf: 0.470705336 0.529294664 0.000000000
A:/ccrfcrc: 0.000000000 0.964734610 0.035265390
A:/ccrfcrf: 0.000000000 0.937021634 0.062978366
A:/ccrr: 0.000000000 1.000000000 0.000000000
A:/crcc: 0.171997808 0.621503902 0.206498290
A:/crcf: 0.105421515 0.710916177 0.183662308
A:/crcr: 0.000000000 0.280516902 0.719483098
A:/crfc: 0.635306615 0.364693385 0.000000000
A:/crff: 0.598037913 0.401962087 0.000000000
A:/crfr: 0.000000000 1.000000000 0.000000000
A:/crrc: 0.000000000 0.673557880 0.326442120
A:/crrf: 0.000000000 1.000000000 0.000000000
A:/rccr: 0.000000000 1.000000000 0.000000000
A:/rcfr: 0.000000000 1.000000000 0.000000000
A:/rcrc: 0.000000000 0.780034300 0.219965700
A:/rcrf: 0.000000000 0.687598758 0.312401242
A:/rfcr: 0.000000000 1.000000000 0.000000000
A:/rffr: 0.000000000 1.000000000 0.000000000
A:/rfrc: 0.000000000 1.000000000 0.000000000
A:/rfrf: 0.000000000 0.946996133 0.053003867
A:/rrcc: 0.000000000 0.856403502 0.143596498
A:/rrcf: 0.000000000 1.000000000 0.000000000
A:/rrfc: 0.000000000 0.949266458 0.050733542
A:/rrff: 0.000000000 1.000000000 0.000000000
J:/: 0.000000000 1.000000000 0.000000000
J:/cccr: 0.012656645 0.000000000 0.987343355
J:/cccrccrc: 0.000000000 0.311183022 0.688816978
J:/cccrccrf: 0.000000000 0.369629910 0.630370090
J:/cccrcfrc: 0.000000000 0.594661402 0.405338598
J:/cccrcfrf: 0.000000000 0.628716386 0.371283614
J:/cccrcrcc: 0.000000000 0.656788533 0.343211467
J:/cccrcrcf: 0.000000000 0.475220482 0.524779518
J:/cccrcrfc: 0.000000000 0.339402471 0.660597529
J:/cccrcrff: 0.000000000 0.460465321 0.539534679
J:/ccrc: 0.226224657 0.158438007 0.615337337
J:/ccrccrcc: 0.000000000 0.215656551 0.784343449
J:/ccrccrcf: 0.000000000 0.458205736 0.541794264
J:/ccrccrfc: 0.000000000 0.405137592 0.594862408
J:/ccrccrff: 0.000000000 0.697241851 0.302758149
J:/ccrf: 0.505136413 0.477737093 0.017126493
J:/ccrfcrc: 0.000000000 0.523196069 0.476803931
J:/ccrfcrf: 0.000000000 0.561207117 0.438792883
J:/ccrr: 0.000000000 0.244987738 0.755012262
J:/crcc: 0.322597851 0.559064468 0.118337681
J:/crcf: 0.451949236 0.021075747 0.526975018
J:/crcr: 0.000000000 0.680093561 0.319906439
J:/crfc: 0.000000000 0.139394679 0.860605321
J:/crff: 0.000000000 0.197162685 0.802837315
J:/crfr: 0.000000000 0.000000000 1.000000000
J:/crrc: 0.000000000 0.524531636 0.475468364
J:/crrf: 0.000000000 0.363013462 0.636986538
J:/rccr: 0.000000000 0.252403578 0.747596422
J:/rcfr: 0.000000000 0.394934978 0.605065022
J:/rcrc: 0.000000000 0.544757290 0.455242710
J:/rcrf: 0.000000000 0.551780967 0.448219033
J:/rfcr: 0.000000000 0.569514444 0.430485556
J:/rffr: 0.000000000 0.267444953 0.732555047
J:/rfrc: 0.000000000 0.000000000 1.000000000
J:/rfrf: 0.000000000 0.491671133 0.508328867
J:/rrcc: 0.000000000 0.232588553 0.767411447
J:/rrcf: 0.000000000 0.705951194 0.294048806
J:/rrfc: 0.000000000 0.000000000 1.000000000
J:/rrff: 0.000000000 0.355114543 0.644885457
K:/: 0.000000000 1.000000000 0.000000000
K:/cccr: 0.045425304 0.640598278 0.313976418
K:/cccrccrc: 0.000000000 0.468661690 0.531338310
K:/cccrccrf: 0.000000000 0.745103896 0.254896104
K:/cccrcfrc: 0.000000000 0.212395188 0.787604812
K:/cccrcfrf: 0.000000000 0.425171833 0.574828167
K:/cccrcrcc: 0.000000000 0.640756531 0.359243469
K:/cccrcrcf: 0.000000000 0.753862208 0.246137792
K:/cccrcrfc: 0.000000000 0.506434627 0.493565373
K:/cccrcrff: 0.000000000 0.571345933 0.428654067
K:/ccrc: 0.458973099 0.336535337 0.204491565
K:/ccrccrcc: 0.000000000 0.971865454 0.028134546
K:/ccrccrcf: 0.000000000 0.377683617 0.622316383
K:/ccrccrfc: 0.000000000 0.583093312 0.416906688
K:/ccrccrff: 0.000000000 0.920462908 0.079537092
K:/ccrf: 0.674586659 0.325413341 0.000000000
K:/ccrfcrc: 0.000000000 0.995802551 0.004197449
K:/ccrfcrf: 0.000000000 0.433716843 0.566283157
K:/ccrr: 0.000000000 0.542691000 0.457309000
K:/crcc: 0.018108064 0.463592065 0.518299871
K:/crcf: 0.555369349 0.313437310 0.131193342
K:/crcr: 0.000000000 0.822421289 0.177578711
K:/crfc: 0.291729163 0.684710794 0.023560043
K:/crff: 0.000884643 0.933626160 0.065489196
K:/crfr: 0.000000000 0.673532837 0.326467163
K:/crrc: 0.000000000 0.548397411 0.451602589
K:/crrf: 0.000000000 0.715553466 0.284446534
K:/rccr: 0.000000000 0.590014335 0.409985665
K:/rcfr: 0.000000000 0.444003931 0.555996069
K:/rcrc: 0.000000000 0.955261486 0.044738514
K:/rcrf: 0.000000000 0.945122181 0.054877819
K:/rfcr: 0.000000000 0.450792473 0.549207527
K:/rffr: 0.000000000 0.450254241 0.549745759
K:/rfrc: 0.000000000 0.000000000 1.000000000
K:/rfrf: 0.000000000 0.748838308 0.251161692
K:/rrcc: 0.000000000 0.267821271 0.732178729
K:/rrcf: 0.000000000 0.128856193 0.871143807
K:/rrfc: 0.000000000 0.000000000 1.000000000
K:/rrff: 0.000000000 0.791580156 0.208419844
Q:/: 0.000000000 1.000000000 0.000000000
Q:/cccr: 0.045577552 0.000674294 0.953748154
Q:/cccrccrc: 0.000000000 0.237094319 0.762905681
Q:/cccrccrf: 0.000000000 0.432045432 0.567954568
Q:/cccrcfrc: 0.000000000 0.663010341 0.336989659
Q:/cccrcfrf: 0.000000000 0.905075390 0.094924610
Q:/cccrcrcc: 0.000000000 0.000000000 1.000000000
Q:/cccrcrcf: 0.000000000 0.607882015 0.392117985
Q:/cccrcrfc: 0.000000000 0.641036239 0.358963761
Q:/cccrcrff: 0.000000000 0.734223683 0.265776317
Q:/ccrc: 0.455160968 0.096823995 0.448015037
Q:/ccrccrcc: 0.000000000 0.596365953 0.403634047
Q:/ccrccrcf: 0.000000000 0.384245402 0.615754598
Q:/ccrccrfc: 0.000000000 0.226109046 0.773890954
Q:/ccrccrff: 0.000000000 0.763010086 0.236989914
Q:/ccrf: 0.639711223 0.359747244 0.000541533
Q:/ccrfcrc: 0.000000000 0.189907368 0.810092632
Q:/ccrfcrf: 0.000000000 0.807109748 0.192890252
Q:/ccrr: 0.000000000 0.479752084 0.520247916
Q:/crcc: 0.292329496 0.383892247 0.323778257
Q:/crcf: 0.224025252 0.371241203 0.404733545
Q:/crcr: 0.000000000 0.477876585 0.522123415
Q:/crfc: 0.036455889 0.322962535 0.640581576
Q:/crff: 0.000000000 0.546480408 0.453519592
Q:/crfr: 0.000000000 0.071458355 0.928541645
Q:/crrc: 0.000000000 0.693717586 0.306282414
Q:/crrf: 0.000000000 0.128697120 0.871302880
Q:/rccr: 0.000000000 0.790157816 0.209842184
Q:/rcfr: 0.000000000 0.051237748 0.948762252
Q:/rcrc: 0.000000000 0.357263861 0.642736139
Q:/rcrf: 0.000000000 0.190332645 0.809667355
Q:/rfcr: 0.000000000 0.321825155 0.678174845
Q:/rffr: 0.000000000 0.330716337 0.669283663
Q:/rfrc: 0.000000000 0.021885022 0.978114978
Q:/rfrf: 0.000000000 0.529388448 0.470611552
Q:/rrcc: 0.000000000 0.461432572 0.538567428
Q:/rrcf: 0.000000000 0.617284073 0.382715927
Q:/rrfc: 0.000000000 0.000000000 1.000000000
Q:/rrff: 0.000000000 0.531352257 0.468647743
T:/: 0.242893042 0.757106958 0.000000000
T:/cccr: 0.003761292 0.000000000 0.996238708
T:/cccrccrc: 0.000000000 0.841200127 0.158799873
T:/cccrccrf: 0.000000000 0.395890924 0.604109076
T:/cccrcfrc: 0.000000000 0.817821293 0.182178707
T:/cccrcfrf: 0.000000000 0.147199615 0.852800385
T:/cccrcrcc: 0.000000000 0.211745976 0.788254024
T:/cccrcrcf: 0.000000000 0.406966325 0.593033675
T:/cccrcrfc: 0.000000000 0.220331460 0.779668540
T:/cccrcrff: 0.000000000 0.388534892 0.611465108
T:/ccrc: 0.189547456 0.153049541 0.657403003
T:/ccrccrcc: 0.000000000 0.000000000 1.000000000
T:/ccrccrcf: 0.000000000 0.414355182 0.585644818
T:/ccrccrfc: 0.000000000 0.548802087 0.451197913
T:/ccrccrff: 0.000000000 0.924245405 0.075754595
T:/ccrf: 0.580135452 0.009551642 0.410312906
T:/ccrfcrc: 0.000000000 0.476918641 0.523081359
T:/ccrfcrf: 0.000000000 0.642512327 0.357487673
T:/ccrr: 0.000000000 0.667632429 0.332367571
T:/crcc: 0.220306775 0.370815067 0.408878158
T:/crcf: 0.419479394 0.142216955 0.438303651
T:/crcr: 0.000000000 0.325196658 0.674803342
T:/crfc: 0.000000000 0.227987230 0.772012770
T:/crff: 0.000000000 0.126040454 0.873959546
T:/crfr: 0.000000000 0.170550102 0.829449898
T:/crrc: 0.000000000 0.628987716 0.371012284
T:/crrf: 0.000000000 0.052048311 0.947951689
T:/rccr: 0.000000000 0.000000000 1.000000000
T:/rcfr: 0.000000000 0.061119721 0.938880279
T:/rcrc: 0.000000000 0.268953597 0.731046403
T:/rcrf: 0.000000000 0.044277287 0.955722713
T:/rfcr: 0.000000000 0.700319787 0.299680213
T:/rffr: 0.000000000 0.000000000 1.000000000
T:/rfrc: 0.000000000 0.000000000 1.000000000
T:/rfrf: 0.000000000 0.619983975 0.380016025
T:/rrcc: 0.000000000 0.316104898 0.683895102
T:/rrcf: 0.000000000 0.316154923 0.683845077
T:/rrfc: 0.000000000 0.064398623 0.935601377
T:/rrff: 0.000000000 0.064502614 0.935497386
