8:/cc: 0.079091646 0.920908354 0.000000000
8:/cccrcc: 0.556760480 0.258870835 0.184368685
8:/cccrcf: 0.000000000 0.000000000 1.000000000
8:/cccrcr: 0.000000000 0.211964772 0.788035228
8:/cccrfc: 0.014517339 0.000000000 0.985482661
8:/cccrff: 0.034327437 0.000000000 0.965672563
8:/cccrfr: 0.000000000 0.000000000 1.000000000
8:/cccrrc: 0.000000000 0.758536842 0.241463158
8:/cccrrf: 0.000000000 0.552238812 0.447761188
8:/ccrccr: 0.000000000 0.468330128 0.531669872
8:/ccrcfr: 0.000000000 0.595402163 0.404597837
8:/ccrcrc: 0.000000000 0.341008030 0.658991970
8:/ccrcrf: 0.000000000 0.469633101 0.530366899
8:/ccrfcr: 0.000000000 0.590865498 0.409134502
8:/ccrffr: 0.000000000 0.890768943 0.109231057
8:/ccrfrc: 0.000000000 0.097219079 0.902780921
8:/ccrfrf: 0.000000000 0.498125944 0.501874056
8:/ccrrcc: 0.000000000 0.208912098 0.791087902
8:/ccrrcf: 0.000000000 0.125057198 0.874942802
8:/ccrrfc: 0.000000000 0.000000000 1.000000000
8:/ccrrff: 0.000000000 0.338569850 0.661430150
8:/cr: 0.000000000 0.000000000 1.000000000
8:/crccrc: 0.000000000 0.495993364 0.504006636
8:/crccrf: 0.000000000 0.563696446 0.436303554
8:/crcfrc: 0.000000000 0.550726609 0.449273391
8:/crcfrf: 0.000000000 0.071331023 0.928668977
8:/crcrcc: 0.000000000 0.469256144 0.530743856
8:/crcrcf: 0.000000000 0.000000000 1.000000000
8:/crcrfc: 0.000000000 0.463057911 0.536942089
8:/crcrff: 0.000000000 0.221284147 0.778715853
8:/rc: 0.000536115 0.287265838 0.712198048
8:/rccrcc: 0.000000000 0.509884639 0.490115361
8:/rccrcf: 0.000000000 0.530085382 0.469914618
8:/rccrfc: 0.000000000 0.327397956 0.672602044
8:/rccrff: 0.000000000 0.294174591 0.705825409
8:/rf: 0.519872789 0.119516006 0.360611205
8:/rfcrc: 0.000000000 0.025175495 0.974824505
8:/rfcrf: 0.000000000 0.473070577 0.526929423
8:/rr: 0.000000000 0.000000000 1.000000000
9:/cc: 0.101051108 0.898948892 0.000000000
9:/cccrcc: 0.276874339 0.089220849 0.633904812
9:/cccrcf: 0.034926308 0.418595333 0.546478359
9:/cccrcr: 0.000000000 0.241599297 0.758400703
9:/cccrfc: 0.057428487 0.272612651 0.669958862
9:/cccrff: 0.055582389 0.190770014 0.753647597
9:/cccrfr: 0.000000000 0.000000000 1.000000000
9:/cccrrc: 0.000000000 0.513155496 0.486844504
9:/cccrrf: 0.000000000 0.370811838 0.629188162
9:/ccrccr: 0.000000000 0.178222991 0.821777009
9:/ccrcfr: 0.000000000 0.000000000 1.000000000
9:/ccrcrc: 0.000000000 0.608263842 0.391736158
9:/ccrcrf: 0.000000000 0.286297765 0.713702235
9:/ccrfcr: 0.000000000 0.458190960 0.541809040
9:/ccrffr: 0.000000000 0.423090343 0.576909657
9:/ccrfrc: 0.000000000 0.488987427 0.511012573
9:/ccrfrf: 0.000000000 0.539428492 0.460571508
9:/ccrrcc: 0.000000000 0.494148140 0.505851860
9:/ccrrcf: 0.000000000 0.571571309 0.428428691
9:/ccrrfc: 0.000000000 0.181614255 0.818385745
9:/ccrrff: 0.000000000 0.255799991 0.744200009
9:/cr: 0.000006221 0.000000000 0.999993779
9:/crccrc: 0.000000000 0.829224865 0.170775135
9:/crccrf: 0.000000000 0.584983093 0.415016907
9:/crcfrc: 0.000000000 0.136354344 0.863645656
9:/crcfrf: 0.000000000 0.707972998 0.292027002
9:/crcrcc: 0.000000000 0.328652963 0.671347037
9:/crcrcf: 0.000000000 0.384431348 0.615568652
9:/crcrfc: 0.000000000 0.297503851 0.702496149
9:/crcrff: 0.000000000 0.428040164 0.571959836
9:/rc: 0.000612733 0.139526515 0.859860752
9:/rccrcc: 0.000000000 0.947853659 0.052146341
9:/rccrcf: 0.000000000 0.361182723 0.638817277
9:/rccrfc: 0.000000000 0.638453513 0.361546487
9:/rccrff: 0.000000000 0.555755632 0.444244368
9:/rf: 0.468911297 0.000000000 0.531088703
9:/rfcrc: 0.000000000 0.634713328 0.365286672
9:/rfcrf: 0.000000000 0.812152699 0.187847301
9:/rr: 0.000000000 0.000000000 1.000000000
A:/cc: 0.485499022 0.514500978 0.000000000
A:/cccrcc: 0.859782669 0.140217331 0.000000000
A:/cccrcf: 0.566866166 0.027069449 0.406064385
A:/cccrcr: 0.000000000 1.000000000 0.000000000
A:/cccrfc: 0.876320212 0.123679788 0.000000000
A:/cccrff: 0.521835203 0.478164797 0.000000000
A:/cccrfr: 0.000000000 1.000000000 0.000000000
A:/cccrrc: 0.000000000 0.632205959 0.367794041
A:/cccrrf: 0.000000000 0.738414337 0.261585663
A:/ccrccr: 0.000000000 0.823275292 0.176724708
A:/ccrcfr: 0.000000000 1.000000000 0.000000000
A:/ccrcrc: 0.000000000 0.864742682 0.135257318
A:/ccrcrf: 0.000000000 1.000000000 0.000000000
A:/ccrfcr: 0.000000000 0.990917190 0.009082810
A:/ccrffr: 0.000000000 1.000000000 0.000000000
A:/ccrfrc: 0.000000000 1.000000000 0.000000000
A:/ccrfrf: 0.000000000 0.823120812 0.176879188
A:/ccrrcc: 0.000000000 0.813919547 0.186080453
A:/ccrrcf: 0.000000000 1.000000000 0.000000000
A:/ccrrfc: 0.000000000 0.805000333 0.194999667
A:/ccrrff: 0.000000000 1.000000000 0.000000000
A:/cr: 0.812161029 0.187838971 0.000000000
A:/crccrc: 0.000000000 0.774227414 0.225772586
A:/crccrf: 0.000000000 0.879528845 0.120471155
A:/crcfrc: 0.000000000 0.972967221 0.027032779
A:/crcfrf: 0.000000000 0.594896216 0.405103784
A:/crcrcc: 0.000000000 0.933194752 0.066805248
A:/crcrcf: 0.000000000 0.777625860 0.222374140
A:/crcrfc: 0.000000000 0.946947684 0.053052316
A:/crcrff: 0.000000000 1.000000000 0.000000000
A:/rc: 0.744957319 0.255042681 0.000000000
A:/rccrcc: 0.000000000 0.895340115 0.104659885
A:/rccrcf: 0.000000000 0.931113005 0.068886995
A:/rccrfc: 0.000000000 0.778570969 0.221429031
A:/rccrff: 0.000000000 0.660562723 0.339437277
A:/rf: 0.619372458 0.380627542 0.000000000
A:/rfcrc: 0.000000000 1.000000000 0.000000000
A:/rfcrf: 0.000000000 0.601322739 0.398677261
A:/rr: 0.000000000 1.000000000 0.000000000
J:/cc: 0.020679546 0.979320454 0.000000000
J:/cccrcc: 0.051240432 0.370142739 0.578616829
J:/cccrcf: 0.197133571 0.446625586 0.356240843
J:/cccrcr: 0.000000000 0.631446859 0.368553141
J:/cccrfc: 0.033152056 0.167811613 0.799036332
J:/cccrff: 0.024264645 0.445068704 0.530666651
J:/cccrfr: 0.000000000 0.198634599 0.801365401
J:/cccrrc: 0.000000000 0.537047529 0.462952471
J:/cccrrf: 0.000000000 0.179327464 0.820672536
J:/ccrccr: 0.000000000 0.394604731 0.605395269
J:/ccrcfr: 0.000000000 0.931537112 0.068462888
J:/ccrcrc: 0.000000000 0.689509740 0.310490260
J:/ccrcrf: 0.000000000 0.336641952 0.663358048
J:/ccrfcr: 0.000000000 0.139359518 0.860640482
J:/ccrffr: 0.000000000 0.918174803 0.081825197
J:/ccrfrc: 0.000000000 0.010495202 0.989504798
J:/ccrfrf: 0.000000000 0.908184533 0.091815467
J:/ccrrcc: 0.000000000 0.398662219 0.601337781
J:/ccrrcf: 0.000000000 0.210519322 0.789480678
J:/ccrrfc: 0.000000000 0.349953877 0.650046123
J:/ccrrff: 0.000000000 0.000000000 1.000000000
J:/cr: 0.000099561 0.000000000 0.999900439
J:/crccrc: 0.000000000 0.809890331 0.190109669
J:/crccrf: 0.000000000 0.137291902 0.862708098
J:/crcfrc: 0.000000000 0.708166006 0.291833994
J:/crcfrf: 0.000000000 0.708037448 0.291962552
J:/crcrcc: 0.000000000 0.000000000 1.000000000
J:/crcrcf: 0.000000000 0.608919613 0.391080387
J:/crcrfc: 0.000000000 0.242627737 0.757372263
J:/crcrff: 0.000000000 0.815991918 0.184008082
J:/rc: 0.047354782 0.061220949 0.891424269
J:/rccrcc: 0.000000000 0.068761447 0.931238553
J:/rccrcf: 0.000000000 0.306830529 0.693169471
J:/rccrfc: 0.000000000 0.529641351 0.470358649
J:/rccrff: 0.000000000 0.952863090 0.047136910
J:/rf: 0.113297140 0.136342690 0.750360170
J:/rfcrc: 0.000000000 0.745929089 0.254070911
J:/rfcrf: 0.000000000 0.854397587 0.145602413
J:/rr: 0.000000000 0.000000000 1.000000000
K:/cc: 0.000000000 1.000000000 0.000000000
K:/cccrcc: 0.384856355 0.482042602 0.133101044
K:/cccrcf: 0.452486035 0.430924868 0.116589097
K:/cccrcr: 0.000000000 0.400691823 0.599308177
K:/cccrfc: 0.248605126 0.746024709 0.005370166
K:/cccrff: 0.054510365 0.945489635 0.000000000
K:/cccrfr: 0.000000000 0.650053224 0.349946776
K:/cccrrc: 0.000000000 0.682244118 0.317755882
K:/cccrrf: 0.000000000 0.476740696 0.523259304
K:/ccrccr: 0.000000000 0.900206472 0.099793528
K:/ccrcfr: 0.000000000 0.760021297 0.239978703
K:/ccrcrc: 0.000000000 0.520501183 0.479498817
K:/ccrcrf: 0.000000000 0.499097471 0.500902529
K:/ccrfcr: 0.000000000 0.951328313 0.048671687
K:/ccrffr: 0.000000000 0.507992052 0.492007948
K:/ccrfrc: 0.000000000 0.940690438 0.059309562
K:/ccrfrf: 0.000000000 0.477929090 0.522070910
K:/ccrrcc: 0.000000000 0.565517921 0.434482079
K:/ccrrcf: 0.000000000 0.811098533 0.188901467
K:/ccrrfc: 0.000000000 0.576552476 0.423447524
K:/ccrrff: 0.000000000 0.611090265 0.388909735
K:/cr: 0.000866894 0.249768453 0.749364653
K:/crccrc: 0.000000000 0.460019216 0.539980784
K:/crccrf: 0.000000000 0.315265969 0.684734031
K:/crcfrc: 0.000000000 0.819662644 0.180337356
K:/crcfrf: 0.000000000 0.468563119 0.531436881
K:/crcrcc: 0.000000000 0.338140234 0.661859766
K:/crcrcf: 0.000000000 0.555001003 0.444998997
K:/crcrfc: 0.000000000 0.623864135 0.376135865
K:/crcrff: 0.000000000 0.748798569 0.251201431
K:/rc: 0.627717813 0.236233084 0.136049104
K:/rccrcc: 0.000000000 0.000000000 1.000000000
K:/rccrcf: 0.000000000 0.657584832 0.342415168
K:/rccrfc: 0.000000000 0.288593367 0.711406633
K:/rccrff: 0.000000000 0.726391472 0.273608528
K:/rf: 0.461252553 0.221985505 0.316761942
K:/rfcrc: 0.000000000 0.482861310 0.517138690
K:/rfcrf: 0.000000000 0.979828498 0.020171502
K:/rr: 0.000000000 0.455145666 0.544854334
Q:/cc: 0.000000000 1.000000000 0.000000000
Q:/cccrcc: 0.280539370 0.133767548 0.585693082
Q:/cccrcf: 0.475008668 0.202150196 0.322841136
Q:/cccrcr: 0.000000000 0.715078159 0.284921841
Q:/cccrfc: 0.000000000 0.604664178 0.395335822
Q:/cccrff: 0.065870818 0.898959736 0.035169446
Q:/cccrfr: 0.000000000 0.425515639 0.574484361
Q:/cccrrc: 0.000000000 0.267497696 0.732502304
Q:/cccrrf: 0.000000000 0.046756163 0.953243837
Q:/ccrccr: 0.000000000 0.997614759 0.002385241
Q:/ccrcfr: 0.000000000 0.539929928 0.460070072
Q:/ccrcrc: 0.000000000 0.073856250 0.926143750
Q:/ccrcrf: 0.000000000 0.671163608 0.328836392
Q:/ccrfcr: 0.000000000 0.780347437 0.219652563
Q:/ccrffr: 0.000000000 0.589530146 0.410469854
Q:/ccrfrc: 0.000000000 0.453490914 0.546509086
Q:/ccrfrf: 0.000000000 0.552069761 0.447930239
Q:/ccrrcc: 0.000000000 0.450452109 0.549547891
Q:/ccrrcf: 0.000000000 0.348586559 0.651413441
Q:/ccrrfc: 0.000000000 0.402835219 0.597164781
Q:/ccrrff: 0.000000000 0.501108789 0.498891211
Q:/cr: 0.000260690 0.000000000 0.999739310
Q:/crccrc: 0.000000000 0.005267657 0.994732343
Q:/crccrf: 0.000000000 0.231972497 0.768027503
Q:/crcfrc: 0.000000000 0.105390437 0.894609563
Q:/crcfrf: 0.000000000 0.447150578 0.552849422
Q:/crcrcc: 0.000000000 0.317543672 0.682456328
Q:/crcrcf: 0.000000000 0.651948497 0.348051503
Q:/crcrfc: 0.000000000 0.345609504 0.654390496
Q:/crcrff: 0.000000000 0.842025805 0.157974195
Q:/rc: 0.011557506 0.492483667 0.495958827
Q:/rccrcc: 0.000000000 0.886938923 0.113061077
Q:/rccrcf: 0.000000000 0.954954832 0.045045168
Q:/rccrfc: 0.000000000 0.677744528 0.322255472
Q:/rccrff: 0.000000000 0.672762750 0.327237250
Q:/rf: 0.590359180 0.178153616 0.231487204
Q:/rfcrc: 0.000000000 0.549295680 0.450704320
Q:/rfcrf: 0.000000000 0.520794683 0.479205317
Q:/rr: 0.000000000 0.616463958 0.383536042
T:/cc: 0.083340528 0.916659472 0.000000000
T:/cccrcc: 0.280490140 0.156456080 0.563053780
T:/cccrcf: 0.000000000 0.482205449 0.517794551
T:/cccrcr: 0.000000000 0.529551102 0.470448898
T:/cccrfc: 0.018530415 0.025416342 0.956053243
T:/cccrff: 0.018918564 0.043794299 0.937287137
T:/cccrfr: 0.000000000 0.000000000 1.000000000
T:/cccrrc: 0.000000000 0.398173464 0.601826536
T:/cccrrf: 0.000000000 0.323480871 0.676519129
T:/ccrccr: 0.000000000 0.399700246 0.600299754
T:/ccrcfr: 0.000000000 0.397487843 0.602512157
T:/ccrcrc: 0.000000000 0.577627098 0.422372902
T:/ccrcrf: 0.000000000 0.534160182 0.465839818
T:/ccrfcr: 0.000000000 0.594667937 0.405332063
T:/ccrffr: 0.000000000 0.608643793 0.391356207
T:/ccrfrc: 0.000000000 0.436747100 0.563252900
T:/ccrfrf: 0.000000000 0.061363928 0.938636072
T:/ccrrcc: 0.000000000 0.000000000 1.000000000
T:/ccrrcf: 0.000000000 0.000000000 1.000000000
T:/ccrrfc: 0.000000000 0.515884284 0.484115716
T:/ccrrff: 0.000000000 0.179032691 0.820967309
T:/cr: 0.000012863 0.000000000 0.999987137
T:/crccrc: 0.000000000 0.545310021 0.454689979
T:/crccrf: 0.000000000 0.554307054 0.445692946
T:/crcfrc: 0.000000000 0.699397400 0.300602600
T:/crcfrf: 0.000000000 0.452253267 0.547746733
T:/crcrcc: 0.000000000 0.000000000 1.000000000
T:/crcrcf: 0.000000000 0.388659682 0.611340318
T:/crcrfc: 0.000000000 0.487775995 0.512224005
T:/crcrff: 0.000000000 0.312061584 0.687938416
T:/rc: 0.000000000 0.480248071 0.519751929
T:/rccrcc: 0.000000000 0.722728255 0.277271745
T:/rccrcf: 0.000000000 0.232462991 0.767537009
T:/rccrfc: 0.000000000 0.885602787 0.114397213
T:/rccrff: 0.000000000 0.397485834 0.602514166
T:/rf: 0.000000000 0.183980611 0.816019389
T:/rfcrc: 0.000000000 0.387382292 0.612617708
T:/rfcrf: 0.000000000 0.335097252 0.664902748
T:/rr: 0.000000000 0.318050986 0.681949014
