9:/: 1.000000000 0.000000000 0.000000000
9:/cccr: 0.000000000 0.000000000 1.000000000
9:/cccrccrc: 0.000000000 0.662072468 0.337927532
9:/cccrccrf: 0.000000000 0.103791709 0.896208291
9:/cccrcfrc: 0.000000000 0.787995165 0.212004835
9:/cccrcfrf: 0.000000000 0.694498499 0.305501501
9:/cccrcrcc: 0.000000000 0.391576363 0.608423637
9:/cccrcrcf: 0.000000000 0.579192266 0.420807734
9:/cccrcrfc: 0.000000000 0.251123431 0.748876569
9:/cccrcrff: 0.000000000 0.706662323 0.293337677
9:/ccrc: 0.286364464 0.057305133 0.656330404
9:/ccrccrcc: 0.000000000 0.568663708 0.431336292
9:/ccrccrcf: 0.000000000 0.717969789 0.282030211
9:/ccrccrfc: 0.000000000 0.320683023 0.679316977
9:/ccrccrff: 0.000000000 0.539800186 0.460199814
9:/ccrf: 0.548425597 0.450915818 0.000658584
9:/ccrfcrc: 0.000000000 0.000000000 1.000000000
9:/ccrfcrf: 0.000000000 0.585520127 0.414479873
9:/ccrr: 0.000000000 0.000219055 0.999780945
9:/crcc: 0.000109351 0.377467590 0.622423059
9:/crcf: 0.000241298 0.000000000 0.999758702
9:/crcr: 0.000000000 0.000000000 1.000000000
9:/crfc: 0.000000000 0.404985991 0.595014009
9:/crff: 0.056299151 0.490583868 0.453116981
9:/crfr: 0.000000000 0.478023801 0.521976199
9:/crrc: 0.000000000 0.565110470 0.434889530
9:/crrf: 0.000000000 0.844286412 0.155713588
9:/rccr: 0.000000000 0.464952882 0.535047118
9:/rcfr: 0.000000000 0.831989737 0.168010263
9:/rcrc: 0.000000000 0.655538428 0.344461572
9:/rcrf: 0.000000000 0.188753034 0.811246966
9:/rfcr: 0.000000000 0.028797228 0.971202772
9:/rffr: 0.000000000 0.000000000 1.000000000
9:/rfrc: 0.000000000 0.212744283 0.787255717
9:/rfrf: 0.000000000 0.309856428 0.690143572
9:/rrcc: 0.000000000 0.654160634 0.345839366
9:/rrcf: 0.000000000 0.372598891 0.627401109
9:/rrfc: 0.000000000 0.000000000 1.000000000
9:/rrff: 0.000000000 0.000000000 1.000000000
A:/: 0.995529484 0.004470516 0.000000000
A:/cccr: 1.000000000 0.000000000 0.000000000
A:/cccrccrc: 0.000000000 0.302236093 0.697763907
A:/cccrccrf: 0.000000000 0.265103658 0.734896342
A:/cccrcfrc: 0.000000000 0.771768984 0.228231016
A:/cccrcfrf: 0.000000000 0.435518192 0.564481808
A:/cccrcrcc: 0.000000000 1.000000000 0.000000000
A:/cccrcrcf: 0.000000000 0.733915918 0.266084082
A:/cccrcrfc: 0.000000000 0.739220726 0.260779274
A:/cccrcrff: 0.000000000 0.693095970 0.306904030
A:/ccrc: 0.664124543 0.327416669 0.008458788
A:/ccrccrcc: 0.000000000 0.716201400 0.283798600
A:/ccrccrcf: 0.000000000 0.569598227 0.430401773
A:/ccrccrfc: 0.000000000 0.576616344 0.423383656
A:/ccrccrff: 0.000000000 0.871133951 0.128866049
A:/ccrf: 0.487986999 0.512013001 0.000000000
A:/ccrfcrc: 0.000000000 0.999209655 0.000790345
A:/ccrfcrf: 0.000000000 0.999717023 0.000282977
A:/ccrr: 0.000000000 1.000000000 0.000000000
A:/crcc: 0.379428117 0.620571883 0.000000000
A:/crcf: 1.000000000 0.000000000 0.000000000
A:/crcr: 0.000000000 1.000000000 0.000000000
A:/crfc: 0.233234605 0.287841364 0.478924031
A:/crff: 0.615629012 0.119115123 0.265255864
A:/crfr: 0.000000000 0.433381353 0.566618647
A:/crrc: 0.000000000 1.000000000 0.000000000
A:/crrf: 0.000000000 1.000000000 0.000000000
A:/rccr: 0.000000000 0.593901471 0.406098529
A:/rcfr: 0.000000000 0.999999358 0.000000642
A:/rcrc: 0.000000000 0.999777734 0.000222266
A:/rcrf: 0.000000000 0.393069372 0.606930628
A:/rfcr: 0.000000000 1.000000000 0.000000000
A:/rffr: 0.000000000 0.999992687 0.000007313
A:/rfrc: 0.000000000 1.000000000 0.000000000
A:/rfrf: 0.000000000 0.376280354 0.623719646
A:/rrcc: 0.000000000 1.000000000 0.000000000
A:/rrcf: 0.000000000 1.000000000 0.000000000
A:/rrfc: 0.000000000 0.860194025 0.139805975
A:/rrff: 0.000000000 1.000000000 0.000000000
J:/: 1.000000000 0.000000000 0.000000000
J:/cccr: 0.000590658 0.000000000 0.999409342
J:/cccrccrc: 0.000000000 0.940660172 0.059339828
J:/cccrccrf: 0.000000000 0.674850836 0.325149164
J:/cccrcfrc: 0.000000000 0.346063265 0.653936735
J:/cccrcfrf: 0.000000000 0.508089710 0.491910290
J:/cccrcrcc: 0.000000000 0.397950985 0.602049015
J:/cccrcrcf: 0.000000000 0.418008530 0.581991470
J:/cccrcrfc: 0.000000000 0.000000000 1.000000000
J:/cccrcrff: 0.000000000 0.404506923 0.595493077
J:/ccrc: 0.094685483 0.000043336 0.905271181
J:/ccrccrcc: 0.000000000 0.639327282 0.360672718
J:/ccrccrcf: 0.000000000 0.487541262 0.512458738
J:/ccrccrfc: 0.000000000 0.625346082 0.374653918
J:/ccrccrff: 0.000000000 0.202284278 0.797715722
J:/ccrf: 0.842889245 0.156573112 0.000537643
J:/ccrfcrc: 0.000000000 0.212730266 0.787269734
J:/ccrfcrf: 0.000000000 0.564538459 0.435461541
J:/ccrr: 0.000000000 0.226560517 0.773439483
J:/crcc: 0.087874277 0.169492667 0.742633056
J:/crcf: 0.010114775 0.000153459 0.989731766
J:/crcr: 0.000000000 0.000000000 1.000000000
J:/crfc: 0.034134491 0.491349770 0.474515739
J:/crff: 0.058957319 0.475372733 0.465669948
J:/crfr: 0.000000000 0.200864735 0.799135265
J:/crrc: 0.000000000 0.566453764 0.433546236
J:/crrf: 0.000000000 0.698993949 0.301006051
J:/rccr: 0.000000000 0.303529282 0.696470718
J:/rcfr: 0.000000000 0.403583843 0.596416157
J:/rcrc: 0.000000000 0.014141316 0.985858684
J:/rcrf: 0.000000000 0.393960521 0.606039479
J:/rfcr: 0.000000000 0.191702164 0.808297836
J:/rffr: 0.000000000 0.204298418 0.795701582
J:/rfrc: 0.000000000 0.000000000 1.000000000
J:/rfrf: 0.000000000 0.827629801 0.172370199
J:/rrcc: 0.000000000 0.330442694 0.669557306
J:/rrcf: 0.000000000 0.301378522 0.698621478
J:/rrfc: 0.000000000 0.000000000 1.000000000
J:/rrff: 0.000000000 0.000000000 1.000000000
K:/: 0.998484893 0.001515107 0.000000000
K:/cccr: 0.133290544 0.866709456 0.000000000
K:/cccrccrc: 0.000000000 0.567079969 0.432920031
K:/cccrccrf: 0.000000000 0.147522913 0.852477087
K:/cccrcfrc: 0.000000000 0.632352810 0.367647190
K:/cccrcfrf: 0.000000000 0.952994288 0.047005712
K:/cccrcrcc: 0.000000000 0.565695190 0.434304810
K:/cccrcrcf: 0.000000000 1.000000000 0.000000000
K:/cccrcrfc: 0.000000000 0.617683182 0.382316818
K:/cccrcrff: 0.000000000 0.873967912 0.126032088
K:/ccrc: 0.000000000 0.656329578 0.343670422
K:/ccrccrcc: 0.000000000 0.798575896 0.201424104
K:/ccrccrcf: 0.000000000 0.363892902 0.636107098
K:/ccrccrfc: 0.000000000 0.353256839 0.646743161
K:/ccrccrff: 0.000000000 0.352727991 0.647272009
K:/ccrf: 0.210053895 0.789438885 0.000507220
K:/ccrfcrc: 0.000000000 0.951658701 0.048341299
K:/ccrfcrf: 0.000000000 0.650346741 0.349653259
K:/ccrr: 0.000000000 1.000000000 0.000000000
K:/crcc: 0.460825910 0.539174090 0.000000000
K:/crcf: 0.000278331 0.999721669 0.000000000
K:/crcr: 0.000000000 1.000000000 0.000000000
K:/crfc: 0.476600797 0.523399203 0.000000000
K:/crff: 0.698267536 0.301732464 0.000000000
K:/crfr: 0.000000000 1.000000000 0.000000000
K:/crrc: 0.000000000 0.349673883 0.650326117
K:/crrf: 0.000000000 0.761110082 0.238889918
K:/rccr: 0.000000000 0.469338188 0.530661812
K:/rcfr: 0.000000000 0.000000000 1.000000000
K:/rcrc: 0.000000000 0.837986816 0.162013184
K:/rcrf: 0.000000000 0.442355793 0.557644207
K:/rfcr: 0.000000000 0.960329989 0.039670011
K:/rffr: 0.000000000 0.982129608 0.017870392
K:/rfrc: 0.000000000 0.641163115 0.358836885
K:/rfrf: 0.000000000 0.636772108 0.363227892
K:/rrcc: 0.000000000 0.264164384 0.735835616
K:/rrcf: 0.000000000 0.971892398 0.028107602
K:/rrfc: 0.000000000 0.151472658 0.848527342
K:/rrff: 0.000000000 0.822657526 0.177342474
Q:/: 1.000000000 0.000000000 0.000000000
Q:/cccr: 0.001001057 0.000000000 0.998998943
Q:/cccrccrc: 0.000000000 0.419348511 0.580651489
Q:/cccrccrf: 0.000000000 0.542040762 0.457959238
Q:/cccrcfrc: 0.000000000 0.451874957 0.548125043
Q:/cccrcfrf: 0.000000000 0.523368498 0.476631502
Q:/cccrcrcc: 0.000000000 0.156827120 0.843172880
Q:/cccrcrcf: 0.000000000 0.561930576 0.438069424
Q:/cccrcrfc: 0.000000000 0.452295361 0.547704639
Q:/cccrcrff: 0.000000000 0.875253600 0.124746400
Q:/ccrc: 0.054170119 0.002574144 0.943255738
Q:/ccrccrcc: 0.000000000 0.063285369 0.936714631
Q:/ccrccrcf: 0.000000000 0.849692264 0.150307736
Q:/ccrccrfc: 0.000000000 0.007537478 0.992462522
Q:/ccrccrff: 0.000000000 0.198484338 0.801515662
Q:/ccrf: 0.410722055 0.588709095 0.000568850
Q:/ccrfcrc: 0.000000000 0.667291823 0.332708177
Q:/ccrfcrf: 0.000000000 0.994366014 0.005633986
Q:/ccrr: 0.000000000 0.000875824 0.999124176
Q:/crcc: 0.084236316 0.091363325 0.824400359
Q:/crcf: 0.218961897 0.529408997 0.251629107
Q:/crcr: 0.000000000 0.000000000 1.000000000
Q:/crfc: 0.629980882 0.333097912 0.036921206
Q:/crff: 0.556437257 0.443562743 0.000000000
Q:/crfr: 0.000000000 0.677094564 0.322905436
Q:/crrc: 0.000000000 0.024505520 0.975494480
Q:/crrf: 0.000000000 0.595702396 0.404297604
Q:/rccr: 0.000000000 0.852417676 0.147582324
Q:/rcfr: 0.000000000 0.278279791 0.721720209
Q:/rcrc: 0.000000000 0.222792650 0.777207350
Q:/rcrf: 0.000000000 0.470452451 0.529547549
Q:/rfcr: 0.000000000 0.093101432 0.906898568
Q:/rffr: 0.000000000 0.282908991 0.717091009
Q:/rfrc: 0.000000000 0.000000000 1.000000000
Q:/rfrf: 0.000000000 0.088147730 0.911852270
Q:/rrcc: 0.000000000 0.624737565 0.375262435
Q:/rrcf: 0.000000000 0.000000000 1.000000000
Q:/rrfc: 0.000000000 0.000000000 1.000000000
Q:/rrff: 0.000000000 0.000000000 1.000000000
T:/: 1.000000000 0.000000000 0.000000000
T:/cccr: 0.000107184 0.000000000 0.999892816
T:/cccrccrc: 0.000000000 0.000000000 1.000000000
T:/cccrccrf: 0.000000000 0.877868680 0.122131320
T:/cccrcfrc: 0.000000000 0.210440243 0.789559757
T:/cccrcfrf: 0.000000000 0.357673946 0.642326054
T:/cccrcrcc: 0.000000000 0.094872673 0.905127327
T:/cccrcrcf: 0.000000000 0.601297821 0.398702179
T:/cccrcrfc: 0.000000000 0.408915192 0.591084808
T:/cccrcrff: 0.000000000 0.226012027 0.773987973
T:/ccrc: 0.471032375 0.127037302 0.401930322
T:/ccrccrcc: 0.000000000 0.359647802 0.640352198
T:/ccrccrcf: 0.000000000 0.941271259 0.058728741
T:/ccrccrfc: 0.000000000 0.560773680 0.439226320
T:/ccrccrff: 0.000000000 0.554706887 0.445293113
T:/ccrf: 0.740158676 0.259241059 0.000600265
T:/ccrfcrc: 0.000000000 0.337369642 0.662630358
T:/ccrfcrf: 0.000000000 0.137366422 0.862633578
T:/ccrr: 0.000000000 0.404133996 0.595866004
T:/crcc: 0.009152765 0.000103166 0.990744069
T:/crcf: 0.020057103 0.000006392 0.979936505
T:/crcr: 0.000000000 0.000000000 1.000000000
T:/crfc: 0.000001887 0.038221685 0.961776428
T:/crff: 0.025466167 0.247938351 0.726595482
T:/crfr: 0.000000000 0.000000000 1.000000000
T:/crrc: 0.000000000 0.053748255 0.946251745
T:/crrf: 0.000000000 0.706633942 0.293366058
T:/rccr: 0.000000000 0.651994071 0.348005929
T:/rcfr: 0.000000000 0.485371325 0.514628675
T:/rcrc: 0.000000000 0.491243705 0.508756295
T:/rcrf: 0.000000000 0.277869418 0.722130582
T:/rfcr: 0.000000000 0.000000000 1.000000000
T:/rffr: 0.000000000 0.000000000 1.000000000
T:/rfrc: 0.000000000 0.582207346 0.417792654
T:/rfrf: 0.000000000 0.685944855 0.314055145
T:/rrcc: 0.000000000 0.268290955 0.731709045
T:/rrcf: 0.000000000 0.109413273 0.890586727
T:/rrfc: 0.000000000 0.000000000 1.000000000
T:/rrff: 0.000000000 0.000000000 1.000000000
