9:/c: 0.000000230 0.999999770 0.000000000
9:/cccrc: 0.000000192 0.548344132 0.451655677
9:/cccrccrcc: 0.000000000 0.507551346 0.492448654
9:/cccrccrcf: 0.000000000 0.339745859 0.660254141
9:/cccrccrfc: 0.000000000 0.944130492 0.055869508
9:/cccrccrff: 0.000000000 0.525774639 0.474225361
9:/cccrf: 0.441984989 0.052098185 0.505916826
9:/cccrfcrc: 0.000000000 0.292118170 0.707881830
9:/cccrfcrf: 0.000000000 0.336499102 0.663500898
9:/cccrr: 0.000000000 0.273507681 0.726492319
9:/ccrcc: 0.406359174 0.241795350 0.351845476
9:/ccrcf: 0.242451531 0.265355850 0.492192619
9:/ccrcr: 0.000000000 0.000000015 0.999999985
9:/ccrfc: 0.000000000 0.232294759 0.767705241
9:/ccrff: 0.300817926 0.000000000 0.699182074
9:/ccrfr: 0.000000000 0.079208760 0.920791240
9:/ccrrc: 0.000000000 0.483700120 0.516299880
9:/ccrrf: 0.000000000 0.000000000 1.000000000
9:/crccr: 0.000000000 0.481070266 0.518929734
9:/crcfr: 0.000000000 0.877636393 0.122363607
9:/crcrc: 0.000000000 0.638009414 0.361990586
9:/crcrf: 0.000000000 0.753834615 0.246165385
9:/crfcr: 0.000000000 0.810540268 0.189459732
9:/crffr: 0.000000000 0.497202618 0.502797382
9:/crfrc: 0.000000000 0.047137075 0.952862925
9:/crfrf: 0.000000000 0.390774267 0.609225733
9:/crrcc: 0.000000000 0.240627762 0.759372238
9:/crrcf: 0.000000000 0.000000000 1.000000000
9:/crrfc: 0.000000000 0.523272631 0.476727369
9:/crrff: 0.000000000 0.495250219 0.504749781
9:/r: 0.000000000 0.000000000 1.000000000
9:/rccrc: 0.000000000 1.000000000 0.000000000
9:/rccrf: 0.000000000 0.402365034 0.597634966
9:/rcfrc: 0.000000000 1.000000000 0.000000000
9:/rcfrf: 0.000000000 0.636165114 0.363834886
9:/rcrcc: 0.000000000 0.000000000 1.000000000
9:/rcrcf: 0.000000000 0.000000000 1.000000000
9:/rcrfc: 0.000000000 0.528048225 0.471951775
9:/rcrff: 0.000000000 0.482474120 0.517525880
A:/c: 0.573247560 0.426752440 0.000000000
A:/cccrc: 0.394551754 0.430567225 0.174881021
A:/cccrccrcc: 0.000000000 0.858199368 0.141800632
A:/cccrccrcf: 0.000000000 0.446813161 0.553186839
A:/cccrccrfc: 0.000000000 0.529127876 0.470872124
A:/cccrccrff: 0.000000000 0.228839866 0.771160134
A:/cccrf: 0.297777097 0.702222903 0.000000000
A:/cccrfcrc: 0.000000000 0.903209183 0.096790817
A:/cccrfcrf: 0.000000000 0.875449945 0.124550055
A:/cccrr: 0.000000000 0.962952695 0.037047305
A:/ccrcc: 0.365266109 0.634733891 0.000000000
A:/ccrcf: 0.646925113 0.353074887 0.000000000
A:/ccrcr: 0.000000000 1.000000000 0.000000000
A:/ccrfc: 0.629261786 0.370737860 0.000000354
A:/ccrff: 0.442941529 0.557058458 0.000000013
A:/ccrfr: 0.000000000 0.999999924 0.000000076
A:/ccrrc: 0.000000000 0.247065353 0.752934647
A:/ccrrf: 0.000000000 0.277873002 0.722126998
A:/crccr: 0.000000000 0.925163802 0.074836198
A:/crcfr: 0.000000000 0.980811891 0.019188109
A:/crcrc: 0.000000000 0.998079445 0.001920555
A:/crcrf: 0.000000000 1.000000000 0.000000000
A:/crfcr: 0.000000000 0.949289628 0.050710372
A:/crffr: 0.000000000 0.870562532 0.129437468
A:/crfrc: 0.000000000 0.992654794 0.007345206
A:/crfrf: 0.000000000 0.317593972 0.682406028
A:/crrcc: 0.000000000 0.886915932 0.113084068
A:/crrcf: 0.000000000 1.000000000 0.000000000
A:/crrfc: 0.000000000 0.923537365 0.076462635
A:/crrff: 0.000000000 0.999999960 0.000000040
A:/r: 0.999930115 0.000069885 0.000000000
A:/rccrc: 0.000000000 0.126214576 0.873785424
A:/rccrf: 0.000000000 0.141546101 0.858453899
A:/rcfrc: 0.000000000 0.999379546 0.000620454
A:/rcfrf: 0.000000000 0.953752349 0.046247651
A:/rcrcc: 0.000000000 1.000000000 0.000000000
A:/rcrcf: 0.000000000 1.000000000 0.000000000
A:/rcrfc: 0.000000000 0.999999995 0.000000005
A:/rcrff: 0.000000000 0.999999996 0.000000004
J:/c: 0.122314399 0.877685601 0.000000000
J:/cccrc: 0.229459958 0.339752506 0.430787536
J:/cccrccrcc: 0.000000000 0.977437406 0.022562594
J:/cccrccrcf: 0.000000000 0.518020540 0.481979460
J:/cccrccrfc: 0.000000000 0.254728945 0.745271055
J:/cccrccrff: 0.000000000 0.111850980 0.888149020
J:/cccrf: 0.185397155 0.458531614 0.356071232
J:/cccrfcrc: 0.000000000 0.425938703 0.574061297
J:/cccrfcrf: 0.000000000 0.559922162 0.440077838
J:/cccrr: 0.000000000 0.691680789 0.308319211
J:/ccrcc: 0.151035037 0.315860930 0.533104034
J:/ccrcf: 0.326258211 0.610965364 0.062776425
J:/ccrcr: 0.000000000 0.298486671 0.701513329
J:/ccrfc: 0.230003488 0.086281891 0.683714621
J:/ccrff: 0.698782994 0.126949824 0.174267182
J:/ccrfr: 0.000000000 0.266500876 0.733499124
J:/ccrrc: 0.000000000 0.538138820 0.461861180
J:/ccrrf: 0.000000000 0.494541671 0.505458329
J:/crccr: 0.000000000 0.810097789 0.189902211
J:/crcfr: 0.000000000 0.286274839 0.713725161
J:/crcrc: 0.000000000 0.604885165 0.395114835
J:/crcrf: 0.000000000 0.992205954 0.007794046
J:/crfcr: 0.000000000 0.473414210 0.526585790
J:/crffr: 0.000000000 0.702110943 0.297889057
J:/crfrc: 0.000000000 0.295551804 0.704448196
J:/crfrf: 0.000000000 0.484961270 0.515038730
J:/crrcc: 0.000000000 0.031054835 0.968945165
J:/crrcf: 0.000000000 0.000000000 1.000000000
J:/crrfc: 0.000000000 0.338148984 0.661851016
J:/crrff: 0.000000000 0.400613435 0.599386565
J:/r: 0.011127328 0.000000000 0.988872672
J:/rccrc: 0.000000000 0.826079937 0.173920063
J:/rccrf: 0.000000000 0.553722801 0.446277199
J:/rcfrc: 0.000000000 0.999948129 0.000051871
J:/rcfrf: 0.000000000 0.467111626 0.532888374
J:/rcrcc: 0.000000000 0.000000000 1.000000000
J:/rcrcf: 0.000000000 0.000000000 1.000000000
J:/rcrfc: 0.000000000 0.131718811 0.868281189
J:/rcrff: 0.000000000 0.373540895 0.626459105
K:/c: 0.418647501 0.581352499 0.000000000
K:/cccrc: 0.433531960 0.305945579 0.260522460
K:/cccrccrcc: 0.000000000 0.902164817 0.097835183
K:/cccrccrcf: 0.000000000 0.903696700 0.096303300
K:/cccrccrfc: 0.000000000 0.127201799 0.872798201
K:/cccrccrff: 0.000000000 0.300612148 0.699387852
K:/cccrf: 0.602790470 0.099793595 0.297415934
K:/cccrfcrc: 0.000000000 0.506676350 0.493323650
K:/cccrfcrf: 0.000000000 0.515701508 0.484298492
K:/cccrr: 0.000000000 0.300316154 0.699683846
K:/ccrcc: 0.359234446 0.595796345 0.044969209
K:/ccrcf: 0.757409443 0.181872073 0.060718484
K:/ccrcr: 0.000000000 0.979949350 0.020050650
K:/ccrfc: 0.583419677 0.375651063 0.040929260
K:/ccrff: 0.485939156 0.159004066 0.355056777
K:/ccrfr: 0.000000000 0.708000706 0.291999294
K:/ccrrc: 0.000000000 0.687154537 0.312845463
K:/ccrrf: 0.000000000 0.912611162 0.087388838
K:/crccr: 0.000000000 0.809057336 0.190942664
K:/crcfr: 0.000000000 0.480742158 0.519257842
K:/crcrc: 0.000000000 0.178534286 0.821465714
K:/crcrf: 0.000000000 1.000000000 0.000000000
K:/crfcr: 0.000000000 0.965708523 0.034291477
K:/crffr: 0.000000000 0.981361427 0.018638573
K:/crfrc: 0.000000000 0.729904950 0.270095050
K:/crfrf: 0.000000000 0.888894774 0.111105226
K:/crrcc: 0.000000000 0.735249237 0.264750763
K:/crrcf: 0.000000000 0.278254824 0.721745176
K:/crrfc: 0.000000000 0.550496282 0.449503718
K:/crrff: 0.000000000 0.290137143 0.709862857
K:/r: 1.000000000 0.000000000 0.000000000
K:/rccrc: 0.000000000 0.781673185 0.218326815
K:/rccrf: 0.000000000 0.273987025 0.726012975
K:/rcfrc: 0.000000000 0.826722576 0.173277424
K:/rcfrf: 0.000000000 0.888854703 0.111145297
K:/rcrcc: 0.000000000 0.501489736 0.498510264
K:/rcrcf: 0.000000000 0.501470001 0.498529999
K:/rcrfc: 0.000000000 1.000000000 0.000000000
K:/rcrff: 0.000000000 1.000000000 0.000000000
Q:/c: 0.127287255 0.872712745 0.000000000
Q:/cccrc: 0.230534079 0.179512379 0.589953543
Q:/cccrccrcc: 0.000000000 0.506249116 0.493750884
Q:/cccrccrcf: 0.000000000 0.212873347 0.787126653
Q:/cccrccrfc: 0.000000000 0.628076192 0.371923808
Q:/cccrccrff: 0.000000000 0.503019662 0.496980338
Q:/cccrf: 0.559142607 0.440857389 0.000000005
Q:/cccrfcrc: 0.000000000 0.548069484 0.451930516
Q:/cccrfcrf: 0.000000000 1.000000000 0.000000000
Q:/cccrr: 0.000000000 0.334195889 0.665804111
Q:/ccrcc: 0.464114515 0.122366889 0.413518596
Q:/ccrcf: 0.427731928 0.276635404 0.295632668
Q:/ccrcr: 0.000000000 0.265187351 0.734812649
Q:/ccrfc: 0.531538988 0.097095413 0.371365599
Q:/ccrff: 0.388395755 0.438072663 0.173531583
Q:/ccrfr: 0.000000000 0.201426162 0.798573838
Q:/ccrrc: 0.000000000 0.393891300 0.606108700
Q:/ccrrf: 0.000000000 0.664456982 0.335543018
Q:/crccr: 0.000000000 0.380595770 0.619404230
Q:/crcfr: 0.000000000 0.474942925 0.525057075
Q:/crcrc: 0.000000000 0.282087573 0.717912427
Q:/crcrf: 0.000000000 0.504482250 0.495517750
Q:/crfcr: 0.000000000 0.755062880 0.244937120
Q:/crffr: 0.000000000 0.653390154 0.346609846
Q:/crfrc: 0.000000000 0.588664869 0.411335131
Q:/crfrf: 0.000000000 0.560496102 0.439503898
Q:/crrcc: 0.000000000 0.467231198 0.532768802
Q:/crrcf: 0.000000000 0.212707760 0.787292240
Q:/crrfc: 0.000000000 0.576383468 0.423616532
Q:/crrff: 0.000000000 0.937427457 0.062572543
Q:/r: 0.358803631 0.000000000 0.641196369
Q:/rccrc: 0.000000000 1.000000000 0.000000000
Q:/rccrf: 0.000000000 0.503797651 0.496202349
Q:/rcfrc: 0.000000000 0.568816289 0.431183711
Q:/rcfrf: 0.000000000 0.057695365 0.942304635
Q:/rcrcc: 0.000000000 0.000000000 1.000000000
Q:/rcrcf: 0.000000000 0.000000000 1.000000000
Q:/rcrfc: 0.000000000 0.656172200 0.343827800
Q:/rcrff: 0.000000000 0.849542530 0.150457470
T:/c: 0.000000000 1.000000000 0.000000000
T:/cccrc: 0.286632893 0.392879687 0.320487421
T:/cccrccrcc: 0.000000000 0.463272987 0.536727013
T:/cccrccrcf: 0.000000000 0.325735778 0.674264222
T:/cccrccrfc: 0.000000000 0.699680183 0.300319817
T:/cccrccrff: 0.000000000 0.507861240 0.492138760
T:/cccrf: 0.388446798 0.250152827 0.361400375
T:/cccrfcrc: 0.000000000 0.414333597 0.585666403
T:/cccrfcrf: 0.000000000 0.516847593 0.483152407
T:/cccrr: 0.000000000 0.648386375 0.351613625
T:/ccrcc: 0.000000000 0.510427457 0.489572543
T:/ccrcf: 0.049972627 0.383927882 0.566099491
T:/ccrcr: 0.000000000 0.718599796 0.281400204
T:/ccrfc: 0.000000070 0.172372537 0.827627393
T:/ccrff: 0.582298025 0.138432812 0.279269163
T:/ccrfr: 0.000000000 0.547541631 0.452458369
T:/ccrrc: 0.000000000 0.893765639 0.106234361
T:/ccrrf: 0.000000000 0.427812028 0.572187972
T:/crccr: 0.000000000 0.489252183 0.510747817
T:/crcfr: 0.000000000 0.312753549 0.687246451
T:/crcrc: 0.000000000 0.081745923 0.918254077
T:/crcrf: 0.000000000 0.466080856 0.533919144
T:/crfcr: 0.000000000 0.984079953 0.015920047
T:/crffr: 0.000000000 0.363779090 0.636220910
T:/crfrc: 0.000000000 0.287737143 0.712262857
T:/crfrf: 0.000000000 0.201780126 0.798219874
T:/crrcc: 0.000000000 0.394667050 0.605332950
T:/crrcf: 0.000000000 0.791351085 0.208648915
T:/crrfc: 0.000000000 0.245489609 0.754510391
T:/crrff: 0.000000000 0.077303762 0.922696238
T:/r: 0.000000000 0.000000000 1.000000000
T:/rccrc: 0.000000000 0.516737978 0.483262022
T:/rccrf: 0.000000000 0.566409297 0.433590703
T:/rcfrc: 0.000000000 0.525855350 0.474144650
T:/rcfrf: 0.000000000 0.531139303 0.468860697
T:/rcrcc: 0.000000000 0.000000000 1.000000000
T:/rcrcf: 0.000000000 0.000000000 1.000000000
T:/rcrfc: 0.000000000 0.160471891 0.839528109
T:/rcrff: 0.000000000 0.275570263 0.724429737
