9:/cc: 0.316144856 0.683855144 0.000000000
9:/cccrcc: 0.290515992 0.209549812 0.499934196
9:/cccrcf: 0.427775833 0.019613032 0.552611136
9:/cccrcr: 0.000000000 0.310736113 0.689263887
9:/cccrfc: 0.345439798 0.533329628 0.121230575
9:/cccrff: 0.270253352 0.329770870 0.399975778
9:/cccrfr: 0.000000000 0.243543080 0.756456920
9:/cccrrc: 0.000000000 0.835387562 0.164612438
9:/cccrrf: 0.000000000 0.442025662 0.557974338
9:/ccrccr: 0.000000000 0.009379534 0.990620466
9:/ccrcfr: 0.000000000 0.788535050 0.211464950
9:/ccrcrc: 0.000000000 0.902619714 0.097380286
9:/ccrcrf: 0.000000000 0.238078167 0.761921833
9:/ccrfcr: 0.000000000 0.689471879 0.310528121
9:/ccrffr: 0.000000000 0.528064454 0.471935546
9:/ccrfrc: 0.000000000 0.789376586 0.210623414
9:/ccrfrf: 0.000000000 0.534481420 0.465518580
9:/ccrrcc: 0.000000000 0.798925387 0.201074613
9:/ccrrcf: 0.000000000 0.353492737 0.646507263
9:/ccrrfc: 0.000000000 0.999999918 0.000000082
9:/ccrrff: 0.000000000 0.532346301 0.467653699
9:/cr: 0.123489063 0.800438344 0.076072594
9:/crccrc: 0.000000000 0.546493475 0.453506525
9:/crccrf: 0.000000000 0.818804435 0.181195565
9:/crcfrc: 0.000000000 0.326813831 0.673186169
9:/crcfrf: 0.000000000 0.354097767 0.645902233
9:/crcrcc: 0.000000000 0.632019433 0.367980567
9:/crcrcf: 0.000000000 0.347604347 0.652395653
9:/crcrfc: 0.000000000 0.701495155 0.298504845
9:/crcrff: 0.000000000 0.825540177 0.174459823
9:/rc: 0.000005790 0.000000000 0.999994210
9:/rccrcc: 0.000000000 0.538919935 0.461080065
9:/rccrcf: 0.000000000 0.428652904 0.571347096
9:/rccrfc: 0.000000000 0.338497262 0.661502738
9:/rccrff: 0.000000000 0.020595971 0.979404029
9:/rf: 0.000084296 0.033727863 0.966187841
9:/rfcrc: 0.000000000 0.000000000 1.000000000
9:/rfcrf: 0.000000000 0.000000000 1.000000000
9:/rr: 0.000000000 0.000000000 1.000000000
A:/cc: 0.164375734 0.835624266 0.000000000
A:/cccrcc: 0.343382337 0.367516785 0.289100878
A:/cccrcf: 0.431578684 0.213358163 0.355063153
A:/cccrcr: 0.000000000 0.523923808 0.476076192
A:/cccrfc: 0.414396492 0.410323688 0.175279820
A:/cccrff: 0.204434932 0.662047647 0.133517421
A:/cccrfr: 0.000000000 0.576006434 0.423993566
A:/cccrrc: 0.000000000 0.500934278 0.499065722
A:/cccrrf: 0.000000000 0.866972630 0.133027370
A:/ccrccr: 0.000000000 0.998955296 0.001044704
A:/ccrcfr: 0.000000000 0.419980134 0.580019866
A:/ccrcrc: 0.000000000 0.641167888 0.358832112
A:/ccrcrf: 0.000000000 0.050061991 0.949938009
A:/ccrfcr: 0.000000000 0.834982773 0.165017227
A:/ccrffr: 0.000000000 0.022604242 0.977395758
A:/ccrfrc: 0.000000000 0.394209528 0.605790472
A:/ccrfrf: 0.000000000 0.275280806 0.724719194
A:/ccrrcc: 0.000000000 0.518217507 0.481782493
A:/ccrrcf: 0.000000000 0.745308037 0.254691963
A:/ccrrfc: 0.000000000 0.000000109 0.999999891
A:/ccrrff: 0.000000000 0.000000757 0.999999243
A:/cr: 0.243574997 0.052032272 0.704392732
A:/crccrc: 0.000000000 0.584155251 0.415844749
A:/crccrf: 0.000000000 0.539373294 0.460626706
A:/crcfrc: 0.000000000 0.632097211 0.367902789
A:/crcfrf: 0.000000000 0.860024635 0.139975365
A:/crcrcc: 0.000000000 0.369000060 0.630999940
A:/crcrcf: 0.000000000 0.724427985 0.275572015
A:/crcrfc: 0.000000000 0.183644626 0.816355374
A:/crcrff: 0.000000000 0.823536969 0.176463031
A:/rc: 0.777966233 0.222033754 0.000000013
A:/rccrcc: 0.000000000 0.997025297 0.002974703
A:/rccrcf: 0.000000000 0.260084933 0.739915067
A:/rccrfc: 0.000000000 0.839901820 0.160098180
A:/rccrff: 0.000000000 0.709189284 0.290810716
A:/rf: 0.501985505 0.498014495 0.000000000
A:/rfcrc: 0.000000000 1.000000000 0.000000000
A:/rfcrf: 0.000000000 0.999990418 0.000009582
A:/rr: 0.000000000 1.000000000 0.000000000
J:/cc: 0.692487746 0.307512254 0.000000000
J:/cccrcc: 0.356472455 0.302474478 0.341053067
J:/cccrcf: 0.319660379 0.309582122 0.370757499
J:/cccrcr: 0.000000000 0.196765017 0.803234983
J:/cccrfc: 0.450781604 0.464168093 0.085050303
J:/cccrff: 0.431093943 0.449325492 0.119580565
J:/cccrfr: 0.000000000 0.604850989 0.395149011
J:/cccrrc: 0.000000000 0.302703894 0.697296106
J:/cccrrf: 0.000000000 0.477486288 0.522513712
J:/ccrccr: 0.000000000 0.908009596 0.091990404
J:/ccrcfr: 0.000000000 0.788054138 0.211945862
J:/ccrcrc: 0.000000000 0.433020308 0.566979692
J:/ccrcrf: 0.000000000 0.890203287 0.109796713
J:/ccrfcr: 0.000000000 0.653306135 0.346693865
J:/ccrffr: 0.000000000 0.166263189 0.833736811
J:/ccrfrc: 0.000000000 0.257753417 0.742246583
J:/ccrfrf: 0.000000000 0.926114631 0.073885369
J:/ccrrcc: 0.000000000 0.596972929 0.403027071
J:/ccrrcf: 0.000000000 0.579754652 0.420245348
J:/ccrrfc: 0.000000000 0.517597841 0.482402159
J:/ccrrff: 0.000000000 0.786037356 0.213962644
J:/cr: 0.047537779 0.952462221 0.000000000
J:/crccrc: 0.000000000 0.759564681 0.240435319
J:/crccrf: 0.000000000 0.810912939 0.189087061
J:/crcfrc: 0.000000000 0.595224760 0.404775240
J:/crcfrf: 0.000000000 0.390331337 0.609668663
J:/crcrcc: 0.000000000 0.798264996 0.201735004
J:/crcrcf: 0.000000000 0.483916032 0.516083968
J:/crcrfc: 0.000000000 0.355335008 0.644664992
J:/crcrff: 0.000000000 0.504203631 0.495796369
J:/rc: 0.000000043 0.000000108 0.999999849
J:/rccrcc: 0.000000000 0.720827863 0.279172137
J:/rccrcf: 0.000000000 0.663636207 0.336363793
J:/rccrfc: 0.000000000 0.459513564 0.540486436
J:/rccrff: 0.000000000 0.777469040 0.222530960
J:/rf: 0.000051123 0.109294221 0.890654656
J:/rfcrc: 0.000000000 0.000000000 1.000000000
J:/rfcrf: 0.000000000 0.000000000 1.000000000
J:/rr: 0.000000000 0.000000000 1.000000000
K:/cc: 0.674058655 0.325941345 0.000000000
K:/cccrcc: 0.488458833 0.022487511 0.489053656
K:/cccrcf: 0.012855568 0.430064691 0.557079740
K:/cccrcr: 0.000000000 0.351850931 0.648149069
K:/cccrfc: 0.298936075 0.365359626 0.335704299
K:/cccrff: 0.382108051 0.115720804 0.502171145
K:/cccrfr: 0.000000000 0.468969119 0.531030881
K:/cccrrc: 0.000000000 0.458577129 0.541422871
K:/cccrrf: 0.000000000 0.512062684 0.487937316
K:/ccrccr: 0.000000000 0.843425315 0.156574685
K:/ccrcfr: 0.000000000 0.674586423 0.325413577
K:/ccrcrc: 0.000000000 0.048401163 0.951598837
K:/ccrcrf: 0.000000000 0.734009113 0.265990887
K:/ccrfcr: 0.000000000 0.434051745 0.565948255
K:/ccrffr: 0.000000000 0.341784166 0.658215834
K:/ccrfrc: 0.000000000 0.469437075 0.530562925
K:/ccrfrf: 0.000000000 0.554845813 0.445154187
K:/ccrrcc: 0.000000000 0.758982313 0.241017687
K:/ccrrcf: 0.000000000 0.701245335 0.298754665
K:/ccrrfc: 0.000000000 0.559669953 0.440330047
K:/ccrrff: 0.000000000 0.088297844 0.911702156
K:/cr: 0.007645488 0.870473410 0.121881102
K:/crccrc: 0.000000000 0.051249584 0.948750416
K:/crccrf: 0.000000000 0.354500539 0.645499461
K:/crcfrc: 0.000000000 0.518678765 0.481321235
K:/crcfrf: 0.000000000 0.942600810 0.057399190
K:/crcrcc: 0.000000000 0.261845863 0.738154137
K:/crcrcf: 0.000000000 0.120681817 0.879318183
K:/crcrfc: 0.000000000 0.000000000 1.000000000
K:/crcrff: 0.000000000 0.714377295 0.285622705
K:/rc: 0.000000110 0.333959449 0.666040441
K:/rccrcc: 0.000000000 0.379707609 0.620292391
K:/rccrcf: 0.000000000 0.709750347 0.290249653
K:/rccrfc: 0.000000000 0.531956031 0.468043969
K:/rccrff: 0.000000000 0.526285184 0.473714816
K:/rf: 0.000000000 1.000000000 0.000000000
K:/rfcrc: 0.000000000 0.762523989 0.237476011
K:/rfcrf: 0.000000000 0.430780154 0.569219846
K:/rr: 0.000000000 0.000000000 1.000000000
Q:/cc: 0.411721638 0.588278362 0.000000000
Q:/cccrcc: 0.000000239 0.307252881 0.692746880
Q:/cccrcf: 0.160348091 0.444871469 0.394780440
Q:/cccrcr: 0.000000000 0.887672195 0.112327805
Q:/cccrfc: 0.023835925 0.496261220 0.479902855
Q:/cccrff: 0.299604806 0.084598018 0.615797177
Q:/cccrfr: 0.000000000 0.029207281 0.970792719
Q:/cccrrc: 0.000000000 0.064958348 0.935041652
Q:/cccrrf: 0.000000000 0.866358128 0.133641872
Q:/ccrccr: 0.000000000 0.149286413 0.850713587
Q:/ccrcfr: 0.000000000 0.590039915 0.409960085
Q:/ccrcrc: 0.000000000 0.761677448 0.238322552
Q:/ccrcrf: 0.000000000 0.391888953 0.608111047
Q:/ccrfcr: 0.000000000 0.764845823 0.235154177
Q:/ccrffr: 0.000000000 0.608203268 0.391796732
Q:/ccrfrc: 0.000000000 0.383345102 0.616654898
Q:/ccrfrf: 0.000000000 0.703437228 0.296562772
Q:/ccrrcc: 0.000000000 0.600656247 0.399343753
Q:/ccrrcf: 0.000000000 0.910559253 0.089440747
Q:/ccrrfc: 0.000000000 0.722436472 0.277563528
Q:/ccrrff: 0.000000000 0.968653731 0.031346269
Q:/cr: 0.033652903 0.799939297 0.166407800
Q:/crccrc: 0.000000000 0.457870342 0.542129658
Q:/crccrf: 0.000000000 0.239762287 0.760237713
Q:/crcfrc: 0.000000000 0.625440623 0.374559377
Q:/crcfrf: 0.000000000 0.575199100 0.424800900
Q:/crcrcc: 0.000000000 0.146333515 0.853666485
Q:/crcrcf: 0.000000000 0.441211635 0.558788365
Q:/crcrfc: 0.000000000 0.916462887 0.083537113
Q:/crcrff: 0.000000000 0.137911914 0.862088086
Q:/rc: 0.000000041 0.000000453 0.999999506
Q:/rccrcc: 0.000000000 0.910702743 0.089297257
Q:/rccrcf: 0.000000000 0.832640677 0.167359323
Q:/rccrfc: 0.000000000 0.288060151 0.711939849
Q:/rccrff: 0.000000000 0.645953988 0.354046012
Q:/rf: 0.000007679 0.038732275 0.961260046
Q:/rfcrc: 0.000000000 0.000000000 1.000000000
Q:/rfcrf: 0.000000000 0.000000000 1.000000000
Q:/rr: 0.000000000 0.000000000 1.000000000
T:/cc: 0.575871486 0.424128514 0.000000000
T:/cccrcc: 0.024354621 0.454920194 0.520725185
T:/cccrcf: 0.390040989 0.528951208 0.081007803
T:/cccrcr: 0.000000000 0.498647007 0.501352993
T:/cccrfc: 0.241451768 0.312820293 0.445727938
T:/cccrff: 0.063786280 0.499461206 0.436752513
T:/cccrfr: 0.000000000 0.492799743 0.507200257
T:/cccrrc: 0.000000000 0.804536599 0.195463401
T:/cccrrf: 0.000000000 0.959042961 0.040957039
T:/ccrccr: 0.000000000 0.570165855 0.429834145
T:/ccrcfr: 0.000000000 0.662326331 0.337673669
T:/ccrcrc: 0.000000000 0.520823844 0.479176156
T:/ccrcrf: 0.000000000 0.572978270 0.427021730
T:/ccrfcr: 0.000000000 0.980357972 0.019642028
T:/ccrffr: 0.000000000 0.392298973 0.607701027
T:/ccrfrc: 0.000000000 0.374924326 0.625075674
T:/ccrfrf: 0.000000000 0.760918629 0.239081371
T:/ccrrcc: 0.000000000 0.272142201 0.727857799
T:/ccrrcf: 0.000000000 0.670556064 0.329443936
T:/ccrrfc: 0.000000000 0.605358842 0.394641158
T:/ccrrff: 0.000000000 0.601672340 0.398327660
T:/cr: 0.067914794 0.932085206 0.000000000
T:/crccrc: 0.000000000 0.266559064 0.733440936
T:/crccrf: 0.000000000 0.922791865 0.077208135
T:/crcfrc: 0.000000000 0.649019172 0.350980828
T:/crcfrf: 0.000000000 0.386436235 0.613563765
T:/crcrcc: 0.000000000 0.432205831 0.567794169
T:/crcrcf: 0.000000000 0.443422939 0.556577061
T:/crcrfc: 0.000000000 0.048568244 0.951431756
T:/crcrff: 0.000000000 0.597750070 0.402249930
T:/rc: 0.000000033 0.043807776 0.956192191
T:/rccrcc: 0.000000000 0.000000227 0.999999773
T:/rccrcf: 0.000000000 0.425621582 0.574378418
T:/rccrfc: 0.000000000 0.457930739 0.542069261
T:/rccrff: 0.000000000 0.216796646 0.783203354
T:/rf: 0.340708078 0.000398917 0.658893005
T:/rfcrc: 0.000000000 0.000000000 1.000000000
T:/rfcrf: 0.000000000 0.000000000 1.000000000
T:/rr: 0.000000000 0.000000000 1.000000000
