9:/ccc: 0.000181027 0.999818973 0.000000000
9:/cccrccr: 0.000000000 0.087978366 0.912021634
9:/cccrcfr: 0.000000000 0.460675036 0.539324964
9:/cccrcrc: 0.000000000 0.516094325 0.483905675
9:/cccrcrf: 0.000000000 0.266527716 0.733472284
9:/cccrfcr: 0.000000000 0.461092060 0.538907940
9:/cccrffr: 0.000000000 0.457030044 0.542969956
9:/cccrfrc: 0.000000000 0.505870051 0.494129949
9:/cccrfrf: 0.000000000 0.493347535 0.506652465
9:/cccrrcc: 0.000000000 0.914336877 0.085663123
9:/cccrrcf: 0.000000000 0.306330461 0.693669539
9:/cccrrfc: 0.000000000 0.758927899 0.241072101
9:/cccrrff: 0.000000000 0.953061381 0.046938619
9:/ccr: 0.000358635 0.209706672 0.789934693
9:/ccrccrc: 0.000000000 0.865101947 0.134898053
9:/ccrccrf: 0.000000000 0.072239472 0.927760528
9:/ccrcfrc: 0.000000000 0.316511797 0.683488203
9:/ccrcfrf: 0.000000000 0.628988849 0.371011151
9:/ccrcrcc: 0.000000000 0.396699035 0.603300965
9:/ccrcrcf: 0.000000000 0.393171306 0.606828694
9:/ccrcrfc: 0.000000000 0.029182257 0.970817743
9:/ccrcrff: 0.000000000 0.225054318 0.774945682
9:/crc: 0.086970591 0.000009603 0.913019805
9:/crccrcc: 0.000000000 0.431029151 0.568970849
9:/crccrcf: 0.000000000 0.000144486 0.999855514
9:/crccrfc: 0.000000000 0.583942694 0.416057306
9:/crccrff: 0.000000000 0.241611409 0.758388591
9:/crf: 0.311953805 0.444985377 0.243060818
9:/crfcrc: 0.000000000 0.372925066 0.627074934
9:/crfcrf: 0.000000000 0.321287420 0.678712580
9:/crr: 0.000000000 0.158883947 0.841116053
9:/rcc: 0.017030010 0.576424846 0.406545144
9:/rcf: 0.351210083 0.503398911 0.145391006
9:/rcr: 0.000000000 0.554627463 0.445372537
9:/rfc: 0.004686849 0.000013452 0.995299699
9:/rff: 0.360567736 0.000000000 0.639432264
9:/rfr: 0.000000000 0.037118360 0.962881640
9:/rrc: 0.000000000 0.000000000 1.000000000
9:/rrf: 0.000000000 0.000000000 1.000000000
A:/ccc: 0.168631756 0.831368244 0.000000000
A:/cccrccr: 0.000000000 0.373799414 0.626200586
A:/cccrcfr: 0.000000000 0.659264804 0.340735196
A:/cccrcrc: 0.000000000 0.652719869 0.347280131
A:/cccrcrf: 0.000000000 0.645583597 0.354416403
A:/cccrfcr: 0.000000000 0.685284948 0.314715052
A:/cccrffr: 0.000000000 0.593261047 0.406738953
A:/cccrfrc: 0.000000000 0.984210639 0.015789361
A:/cccrfrf: 0.000000000 0.513823388 0.486176612
A:/cccrrcc: 0.000000000 1.000000000 0.000000000
A:/cccrrcf: 0.000000000 0.456765886 0.543234114
A:/cccrrfc: 0.000000000 0.596907231 0.403092769
A:/cccrrff: 0.000000000 1.000000000 0.000000000
A:/ccr: 0.999946475 0.000053525 0.000000000
A:/ccrccrc: 0.000000000 1.000000000 0.000000000
A:/ccrccrf: 0.000000000 0.607207113 0.392792887
A:/ccrcfrc: 0.000000000 0.808141097 0.191858903
A:/ccrcfrf: 0.000000000 0.250993477 0.749006523
A:/ccrcrcc: 0.000000000 0.769905738 0.230094262
A:/ccrcrcf: 0.000000000 1.000000000 0.000000000
A:/ccrcrfc: 0.000000000 0.742975770 0.257024230
A:/ccrcrff: 0.000000000 0.788425171 0.211574829
A:/crc: 0.787125048 0.212871779 0.000003172
A:/crccrcc: 0.000000000 0.825446330 0.174553670
A:/crccrcf: 0.000000000 0.751962296 0.248037704
A:/crccrfc: 0.000000000 0.991334019 0.008665981
A:/crccrff: 0.000000000 0.642735688 0.357264312
A:/crf: 0.490544644 0.509455351 0.000000005
A:/crfcrc: 0.000000000 0.999999967 0.000000033
A:/crfcrf: 0.000000000 0.571771271 0.428228729
A:/crr: 0.000000000 0.913162527 0.086837473
A:/rcc: 0.418745848 0.439333281 0.141920871
A:/rcf: 0.079512258 0.797624582 0.122863161
A:/rcr: 0.000000000 0.279560867 0.720439133
A:/rfc: 1.000000000 0.000000000 0.000000000
A:/rff: 1.000000000 0.000000000 0.000000000
A:/rfr: 0.000000000 0.999399239 0.000600761
A:/rrc: 0.000000000 0.999896400 0.000103600
A:/rrf: 0.000000000 1.000000000 0.000000000
J:/ccc: 0.000437313 0.999562687 0.000000000
J:/cccrccr: 0.000000000 0.294271269 0.705728731
J:/cccrcfr: 0.000000000 0.587421500 0.412578500
J:/cccrcrc: 0.000000000 0.912746651 0.087253349
J:/cccrcrf: 0.000000000 0.098550258 0.901449742
J:/cccrfcr: 0.000000000 0.961930680 0.038069320
J:/cccrffr: 0.000000000 0.100296640 0.899703360
J:/cccrfrc: 0.000000000 0.009118075 0.990881925
J:/cccrfrf: 0.000000000 0.228473331 0.771526669
J:/cccrrcc: 0.000000000 0.697273626 0.302726374
J:/cccrrcf: 0.000000000 0.524415468 0.475584532
J:/cccrrfc: 0.000000000 0.042764124 0.957235876
J:/cccrrff: 0.000000000 0.863092129 0.136907871
J:/ccr: 0.062196065 0.000000052 0.937803883
J:/ccrccrc: 0.000000000 0.289003139 0.710996861
J:/ccrccrf: 0.000000000 0.551329589 0.448670411
J:/ccrcfrc: 0.000000000 0.897321652 0.102678348
J:/ccrcfrf: 0.000000000 0.571534712 0.428465288
J:/ccrcrcc: 0.000000000 0.304390498 0.695609502
J:/ccrcrcf: 0.000000000 0.528252466 0.471747534
J:/ccrcrfc: 0.000000000 0.408332580 0.591667420
J:/ccrcrff: 0.000000000 0.001925539 0.998074461
J:/crc: 0.188439685 0.624957125 0.186603191
J:/crccrcc: 0.000000000 0.431940882 0.568059118
J:/crccrcf: 0.000000000 0.917552575 0.082447425
J:/crccrfc: 0.000000000 0.135815965 0.864184035
J:/crccrff: 0.000000000 0.448709828 0.551290172
J:/crf: 0.407143925 0.057635310 0.535220765
J:/crfcrc: 0.000000000 0.526180389 0.473819611
J:/crfcrf: 0.000000000 0.411349505 0.588650495
J:/crr: 0.000000000 0.026861516 0.973138484
J:/rcc: 0.000000000 0.685788008 0.314211992
J:/rcf: 0.394436567 0.500907826 0.104655607
J:/rcr: 0.000000000 0.958469005 0.041530995
J:/rfc: 0.000000000 0.000000000 1.000000000
J:/rff: 0.000000000 0.885763835 0.114236165
J:/rfr: 0.000000000 0.000221771 0.999778229
J:/rrc: 0.000000000 0.000000000 1.000000000
J:/rrf: 0.000000000 0.000000000 1.000000000
K:/ccc: 0.111944804 0.888055196 0.000000000
K:/cccrccr: 0.000000000 0.638420025 0.361579975
K:/cccrcfr: 0.000000000 0.179816675 0.820183325
K:/cccrcrc: 0.000000000 0.378139978 0.621860022
K:/cccrcrf: 0.000000000 0.961028775 0.038971225
K:/cccrfcr: 0.000000000 0.436027046 0.563972954
K:/cccrffr: 0.000000000 0.842064570 0.157935430
K:/cccrfrc: 0.000000000 0.665128312 0.334871688
K:/cccrfrf: 0.000000000 0.516404288 0.483595712
K:/cccrrcc: 0.000000000 0.588543393 0.411456607
K:/cccrrcf: 0.000000000 0.525448454 0.474551546
K:/cccrrfc: 0.000000000 0.495267231 0.504732769
K:/cccrrff: 0.000000000 0.586379386 0.413620614
K:/ccr: 0.592912320 0.350856978 0.056230702
K:/ccrccrc: 0.000000000 0.940410182 0.059589818
K:/ccrccrf: 0.000000000 0.627864034 0.372135966
K:/ccrcfrc: 0.000000000 0.694260249 0.305739751
K:/ccrcfrf: 0.000000000 0.414724146 0.585275854
K:/ccrcrcc: 0.000000000 0.757537495 0.242462505
K:/ccrcrcf: 0.000000000 0.727487789 0.272512211
K:/ccrcrfc: 0.000000000 0.576065047 0.423934953
K:/ccrcrff: 0.000000000 0.587308900 0.412691100
K:/crc: 0.433837239 0.162059680 0.404103081
K:/crccrcc: 0.000000000 0.137407903 0.862592097
K:/crccrcf: 0.000000000 0.130271364 0.869728636
K:/crccrfc: 0.000000000 0.816289103 0.183710897
K:/crccrff: 0.000000000 0.069860094 0.930139906
K:/crf: 0.536936704 0.436089380 0.026973916
K:/crfcrc: 0.000000000 0.998151179 0.001848821
K:/crfcrf: 0.000000000 0.308486781 0.691513219
K:/crr: 0.000000000 0.343965006 0.656034994
K:/rcc: 0.111551676 0.245783376 0.642664948
K:/rcf: 0.252444104 0.275477778 0.472078119
K:/rcr: 0.000000000 0.719504735 0.280495265
K:/rfc: 0.000000000 0.727744412 0.272255588
K:/rff: 0.000000000 1.000000000 0.000000000
K:/rfr: 0.000000000 0.400806896 0.599193104
K:/rrc: 0.000000000 0.000000000 1.000000000
K:/rrf: 0.000000000 0.000000000 1.000000000
Q:/ccc: 0.001599822 0.998400178 0.000000000
Q:/cccrccr: 0.000000000 0.594157365 0.405842635
Q:/cccrcfr: 0.000000000 0.600152367 0.399847633
Q:/cccrcrc: 0.000000000 0.351274339 0.648725661
Q:/cccrcrf: 0.000000000 0.720737431 0.279262569
Q:/cccrfcr: 0.000000000 0.232469643 0.767530357
Q:/cccrffr: 0.000000000 0.736779890 0.263220110
Q:/cccrfrc: 0.000000000 0.345927055 0.654072945
Q:/cccrfrf: 0.000000000 0.441550287 0.558449713
Q:/cccrrcc: 0.000000000 0.673168161 0.326831839
Q:/cccrrcf: 0.000000000 0.549709430 0.450290570
Q:/cccrrfc: 0.000000000 0.833600180 0.166399820
Q:/cccrrff: 0.000000000 0.492316272 0.507683728
Q:/ccr: 0.262762985 0.000000227 0.737236788
Q:/ccrccrc: 0.000000000 0.467467708 0.532532292
Q:/ccrccrf: 0.000000000 0.729315192 0.270684808
Q:/ccrcfrc: 0.000000000 0.319295591 0.680704409
Q:/ccrcfrf: 0.000000000 0.532375203 0.467624797
Q:/ccrcrcc: 0.000000000 0.689225646 0.310774354
Q:/ccrcrcf: 0.000000000 0.181629791 0.818370209
Q:/ccrcrfc: 0.000000000 0.490723317 0.509276683
Q:/ccrcrff: 0.000000000 0.692832749 0.307167251
Q:/crc: 0.611325675 0.000000000 0.388674325
Q:/crccrcc: 0.000000000 0.334549943 0.665450057
Q:/crccrcf: 0.000000000 0.663040443 0.336959557
Q:/crccrfc: 0.000000000 0.818369820 0.181630180
Q:/crccrff: 0.000000000 0.556373913 0.443626087
Q:/crf: 0.189471119 0.539508200 0.271020681
Q:/crfcrc: 0.000000000 0.397495794 0.602504206
Q:/crfcrf: 0.000000000 0.433061250 0.566938750
Q:/crr: 0.000000000 0.566968110 0.433031890
Q:/rcc: 0.000000000 0.525288261 0.474711739
Q:/rcf: 0.000012945 0.746464538 0.253522516
Q:/rcr: 0.000000000 0.520486166 0.479513834
Q:/rfc: 0.216406802 0.000000000 0.783593198
Q:/rff: 0.000000000 1.000000000 0.000000000
Q:/rfr: 0.000000000 0.146850393 0.853149607
Q:/rrc: 0.000000000 0.000000000 1.000000000
Q:/rrf: 0.000000000 0.000000000 1.000000000
T:/ccc: 0.000301099 0.999698901 0.000000000
T:/cccrccr: 0.000000000 0.464293107 0.535706893
T:/cccrcfr: 0.000000000 0.683122219 0.316877781
T:/cccrcrc: 0.000000000 0.223538046 0.776461954
T:/cccrcrf: 0.000000000 0.621143246 0.378856754
T:/cccrfcr: 0.000000000 0.873442054 0.126557946
T:/cccrffr: 0.000000000 0.549782879 0.450217121
T:/cccrfrc: 0.000000000 0.576336902 0.423663098
T:/cccrfrf: 0.000000000 0.541106352 0.458893648
T:/cccrrcc: 0.000000000 0.610606111 0.389393889
T:/cccrrcf: 0.000000000 0.103739466 0.896260534
T:/cccrrfc: 0.000000000 0.254077023 0.745922977
T:/cccrrff: 0.000000000 0.465102422 0.534897578
T:/ccr: 0.000362714 0.173925136 0.825712150
T:/ccrccrc: 0.000000000 0.259688872 0.740311128
T:/ccrccrf: 0.000000000 0.493292559 0.506707441
T:/ccrcfrc: 0.000000000 0.510383117 0.489616883
T:/ccrcfrf: 0.000000000 0.492473405 0.507526595
T:/ccrcrcc: 0.000000000 0.499428558 0.500571442
T:/ccrcrcf: 0.000000000 0.909485651 0.090514349
T:/ccrcrfc: 0.000000000 0.434096624 0.565903376
T:/ccrcrff: 0.000000000 0.657782938 0.342217062
T:/crc: 0.280572829 0.000000000 0.719427171
T:/crccrcc: 0.000000000 0.458551893 0.541448107
T:/crccrcf: 0.000000000 0.306141682 0.693858318
T:/crccrfc: 0.000000000 0.509603104 0.490396896
T:/crccrff: 0.000000000 0.744316225 0.255683775
T:/crf: 0.226485863 0.305486614 0.468027523
T:/crfcrc: 0.000000000 0.555405114 0.444594886
T:/crfcrf: 0.000000000 0.566992075 0.433007925
T:/crr: 0.000000000 0.505039738 0.494960262
T:/rcc: 0.074489672 0.561770377 0.363739951
T:/rcf: 0.242799590 0.418955057 0.338245354
T:/rcr: 0.000000000 0.777130806 0.222869194
T:/rfc: 0.004799510 0.000012280 0.995188210
T:/rff: 0.086523311 0.000000000 0.913476689
T:/rfr: 0.000000000 0.000222130 0.999777870
T:/rrc: 0.000000000 0.000000000 1.000000000
T:/rrf: 0.000000000 0.000000000 1.000000000
