2:/: 0.999583631 0.000416369 0.000000000
2:/ccr: 0.000000000 1.000000000 0.000000000
2:/ccrcrc: 0.256246815 0.435590323 0.308162861
2:/ccrcrf: 0.167384731 0.255303464 0.577311805
2:/ccrcrr: 0.000000000 0.339933750 0.660066250
2:/ccrrcr: 0.000000000 0.342039425 0.657960575
2:/ccrrfr: 0.000000000 0.371684526 0.628315474
2:/ccrrrc: 0.000000000 0.797821250 0.202178750
2:/ccrrrf: 0.000000000 0.351437691 0.648562309
2:/crc: 0.106569159 0.000000000 0.893430841
2:/crcrcr: 0.000000000 0.878527691 0.121472309
2:/crcrfr: 0.000000000 0.806734444 0.193265556
2:/crcrrc: 0.000000000 0.097712459 0.902287541
2:/crcrrf: 0.000000000 0.000000826 0.999999174
2:/crf: 0.000000000 0.000007354 0.999992646
2:/crfrr: 0.000000000 0.000000000 1.000000000
2:/crr: 0.125349389 0.639725096 0.234925514
2:/crrcrc: 0.000000000 0.889233932 0.110766068
2:/crrcrf: 0.000000000 0.370741114 0.629258886
2:/rcr: 0.779179206 0.220820794 0.000000000
2:/rcrcrc: 0.000000000 0.500501847 0.499498153
2:/rcrcrf: 0.000000000 0.821938754 0.178061246
2:/rfr: 0.084742235 0.343168353 0.572089412
2:/rrc: 0.000000000 0.185174562 0.814825438
2:/rrf: 0.003791823 0.000394662 0.995813515
2:/rrr: 0.000000000 0.387694991 0.612305009
3:/: 0.341887614 0.658112386 0.000000000
3:/ccr: 0.000000000 1.000000000 0.000000000
3:/ccrcrc: 0.521029041 0.341804843 0.137166116
3:/ccrcrf: 0.138296503 0.202095027 0.659608469
3:/ccrcrr: 0.000000000 0.385945375 0.614054625
3:/ccrrcr: 0.000000000 0.574119044 0.425880956
3:/ccrrfr: 0.000000000 0.345219337 0.654780663
3:/ccrrrc: 0.000000000 0.354109927 0.645890073
3:/ccrrrf: 0.000000000 0.414089189 0.585910811
3:/crc: 0.032042395 0.000000000 0.967957605
3:/crcrcr: 0.000000000 0.736577991 0.263422009
3:/crcrfr: 0.000000000 0.482933134 0.517066866
3:/crcrrc: 0.000000000 0.122696227 0.877303773
3:/crcrrf: 0.000000000 0.116749375 0.883250625
3:/crf: 0.076332011 0.000120635 0.923547354
3:/crfrr: 0.000000000 0.000000000 1.000000000
3:/crr: 0.000000000 0.591889136 0.408110864
3:/crrcrc: 0.000000000 0.382447815 0.617552185
3:/crrcrf: 0.000000000 0.234607919 0.765392081
3:/rcr: 0.534629087 0.275528314 0.189842599
3:/rcrcrc: 0.000000000 0.648294741 0.351705259
3:/rcrcrf: 0.000000000 0.467074861 0.532925139
3:/rfr: 0.315236372 0.202354958 0.482408670
3:/rrc: 0.000000000 0.000000000 1.000000000
3:/rrf: 0.146994909 0.000394359 0.852610732
3:/rrr: 0.000000000 0.522704652 0.477295348
4:/: 0.931360489 0.068639511 0.000000000
4:/ccr: 0.000000000 0.999980140 0.000019860
4:/ccrcrc: 0.064119154 0.126654876 0.809225970
4:/ccrcrf: 0.013346078 0.518757712 0.467896210
4:/ccrcrr: 0.000000000 0.144674642 0.855325358
4:/ccrrcr: 0.000000000 0.683849572 0.316150428
4:/ccrrfr: 0.000000000 0.602501649 0.397498351
4:/ccrrrc: 0.000000000 0.181376665 0.818623335
4:/ccrrrf: 0.000000000 0.594330580 0.405669420
4:/crc: 0.127950697 0.000000000 0.872049303
4:/crcrcr: 0.000000000 0.398655911 0.601344089
4:/crcrfr: 0.000000000 0.232182091 0.767817909
4:/crcrrc: 0.000000000 0.000000000 1.000000000
4:/crcrrf: 0.000000000 0.000000827 0.999999173
4:/crf: 0.000000000 0.000413926 0.999586074
4:/crfrr: 0.000000000 0.000000000 1.000000000
4:/crr: 0.081128856 0.491242221 0.427628922
4:/crrcrc: 0.000000000 0.314847590 0.685152410
4:/crrcrf: 0.000000000 0.144563865 0.855436135
4:/rcr: 0.946130173 0.053863648 0.000006179
4:/rcrcrc: 0.000000000 0.337097671 0.662902329
4:/rcrcrf: 0.000000000 0.425413142 0.574586858
4:/rfr: 0.347544410 0.316224679 0.336230912
4:/rrc: 0.000000000 0.196764982 0.803235018
4:/rrf: 0.003791129 0.000394131 0.995814740
4:/rrr: 0.000000000 0.343339340 0.656660660
5:/: 0.335455241 0.664544759 0.000000000
5:/ccr: 0.000000000 1.000000000 0.000000000
5:/ccrcrc: 0.090593337 0.355289402 0.554117261
5:/ccrcrf: 0.011862999 0.828904136 0.159232865
5:/ccrcrr: 0.000000000 0.015067815 0.984932185
5:/ccrrcr: 0.000000000 0.225251595 0.774748405
5:/ccrrfr: 0.000000000 0.440642463 0.559357537
5:/ccrrrc: 0.000000000 0.406633946 0.593366054
5:/ccrrrf: 0.000000000 0.384412263 0.615587737
5:/crc: 0.000119855 0.000000000 0.999880145
5:/crcrcr: 0.000000000 0.707664929 0.292335071
5:/crcrfr: 0.000000000 0.635425720 0.364574280
5:/crcrrc: 0.000000000 0.425006155 0.574993845
5:/crcrrf: 0.000000000 0.000005779 0.999994221
5:/crf: 0.000000000 0.000548984 0.999451016
5:/crfrr: 0.000000000 0.049423122 0.950576878
5:/crr: 0.043300171 0.388658028 0.568041801
5:/crrcrc: 0.000000000 0.512462636 0.487537364
5:/crrcrf: 0.000000000 0.734143380 0.265856620
5:/rcr: 0.759954375 0.240042581 0.000003044
5:/rcrcrc: 0.000000000 0.361916857 0.638083143
5:/rcrcrf: 0.000000000 0.709519146 0.290480854
5:/rfr: 0.482994363 0.252907118 0.264098519
5:/rrc: 0.000000000 0.133772614 0.866227386
5:/rrf: 0.003795546 0.000393896 0.995810558
5:/rrr: 0.000000000 0.804150668 0.195849332
6:/: 0.226203601 0.773796399 0.000000000
6:/ccr: 0.000000000 1.000000000 0.000000000
6:/ccrcrc: 0.051586061 0.194499365 0.753914574
6:/ccrcrf: 0.055695910 0.818001028 0.126303062
6:/ccrcrr: 0.000000000 0.000000095 0.999999905
6:/ccrrcr: 0.000000000 0.447029336 0.552970664
6:/ccrrfr: 0.000000000 0.420721331 0.579278669
6:/ccrrrc: 0.000000000 0.000000000 1.000000000
6:/ccrrrf: 0.000000000 0.459287624 0.540712376
6:/crc: 0.024197602 0.000000000 0.975802398
6:/crcrcr: 0.000000000 0.494204922 0.505795078
6:/crcrfr: 0.000000000 0.950470183 0.049529817
6:/crcrrc: 0.000000000 0.030268372 0.969731628
6:/crcrrf: 0.000000000 0.236243592 0.763756408
6:/crf: 0.000097424 0.001553668 0.998348908
6:/crfrr: 0.000000000 0.257859939 0.742140061
6:/crr: 0.140766911 0.589152076 0.270081013
6:/crrcrc: 0.000000000 0.566395875 0.433604125
6:/crrcrf: 0.000000000 0.817334911 0.182665089
6:/rcr: 0.587386301 0.412613699 0.000000000
6:/rcrcrc: 0.000000000 0.460940520 0.539059480
6:/rcrcrf: 0.000000000 0.616630228 0.383369772
6:/rfr: 0.179977053 0.228719612 0.591303335
6:/rrc: 0.000000000 0.000000000 1.000000000
6:/rrf: 0.003793446 0.000393483 0.995813071
6:/rrr: 0.000000000 0.278655633 0.721344367
7:/: 0.000510629 0.999489371 0.000000000
7:/ccr: 0.000006056 0.999993944 0.000000000
7:/ccrcrc: 0.051579757 0.459162774 0.489257469
7:/ccrcrf: 0.183360704 0.446811685 0.369827610
7:/ccrcrr: 0.000000000 0.000000095 0.999999905
7:/ccrrcr: 0.000000000 0.330759664 0.669240336
7:/ccrrfr: 0.000000000 0.400838596 0.599161404
7:/ccrrrc: 0.000000000 0.255758854 0.744241146
7:/ccrrrf: 0.000000000 0.838413534 0.161586466
7:/crc: 0.000712725 0.000000000 0.999287275
7:/crcrcr: 0.000000000 0.783972822 0.216027178
7:/crcrfr: 0.000000000 0.419671434 0.580328566
7:/crcrrc: 0.000000000 0.000000000 1.000000000
7:/crcrrf: 0.000000000 0.000000000 1.000000000
7:/crf: 0.000103828 0.338465684 0.661430488
7:/crfrr: 0.000000000 0.477918416 0.522081584
7:/crr: 0.337051732 0.415018548 0.247929720
7:/crrcrc: 0.000000000 0.652732617 0.347267383
7:/crrcrf: 0.000000000 0.838982318 0.161017682
7:/rcr: 0.428486706 0.218388759 0.353124534
7:/rcrcrc: 0.000000000 0.352491608 0.647508392
7:/rcrcrf: 0.000000000 0.372078617 0.627921383
7:/rfr: 0.065856957 0.456371010 0.477772033
7:/rrc: 0.000000000 0.013191141 0.986808859
7:/rrf: 0.001468777 0.000391417 0.998139807
7:/rrr: 0.000000000 0.206617693 0.793382307
8:/: 0.000419983 0.999580017 0.000000000
8:/ccr: 0.000000000 1.000000000 0.000000000
8:/ccrcrc: 0.054273514 0.747165399 0.198561087
8:/ccrcrf: 0.089281276 0.545215782 0.365502942
8:/ccrcrr: 0.000000000 0.091081713 0.908918287
8:/ccrrcr: 0.000000000 0.397730061 0.602269939
8:/ccrrfr: 0.000000000 0.518389313 0.481610687
8:/ccrrrc: 0.000000000 0.206252328 0.793747672
8:/ccrrrf: 0.000000000 0.462141044 0.537858956
8:/crc: 0.000089676 0.000000000 0.999910324
8:/crcrcr: 0.000000000 0.902381095 0.097618905
8:/crcrfr: 0.000000000 0.413923216 0.586076784
8:/crcrrc: 0.000000000 0.490379476 0.509620524
8:/crcrrf: 0.000000000 0.132070093 0.867929907
8:/crf: 0.007386048 0.313455925 0.679158026
8:/crfrr: 0.000000000 0.104092278 0.895907722
8:/crr: 0.010558693 0.596018921 0.393422386
8:/crrcrc: 0.000000000 0.923251457 0.076748543
8:/crrcrf: 0.000000000 0.168468058 0.831531942
8:/rcr: 0.662897808 0.337074287 0.000027906
8:/rcrcrc: 0.000000000 0.341970017 0.658029983
8:/rcrcrf: 0.000000000 0.877597776 0.122402224
8:/rfr: 0.437275444 0.357558325 0.205166232
8:/rrc: 0.000000000 0.041939224 0.958060776
8:/rrf: 0.000872219 0.146684706 0.852443075
8:/rrr: 0.000000000 0.403411376 0.596588624
9:/: 0.000185733 0.999814267 0.000000000
9:/ccr: 0.000051616 0.999948384 0.000000000
9:/ccrcrc: 0.270276963 0.202772287 0.526950750
9:/ccrcrf: 0.636225333 0.355002551 0.008772116
9:/ccrcrr: 0.000000000 0.389097842 0.610902158
9:/ccrrcr: 0.000000000 0.391400216 0.608599784
9:/ccrrfr: 0.000000000 0.597842817 0.402157183
9:/ccrrrc: 0.000000000 0.864767398 0.135232602
9:/ccrrrf: 0.000000000 0.371164496 0.628835504
9:/crc: 0.000073940 0.000000000 0.999926060
9:/crcrcr: 0.000000000 0.547425983 0.452574017
9:/crcrfr: 0.000000000 0.395131604 0.604868396
9:/crcrrc: 0.000000000 0.013154621 0.986845379
9:/crcrrf: 0.000000000 0.000001969 0.999998031
9:/crf: 0.000054094 0.598398011 0.401547895
9:/crfrr: 0.000000000 0.728821170 0.271178830
9:/crr: 0.101125121 0.616952125 0.281922754
9:/crrcrc: 0.000000000 0.694308937 0.305691063
9:/crrcrf: 0.000000000 0.798193411 0.201806589
9:/rcr: 0.530943099 0.108364175 0.360692726
9:/rcrcrc: 0.000000000 0.543382524 0.456617476
9:/rcrcrf: 0.000000000 0.523086482 0.476913518
9:/rfr: 0.152615569 0.716147435 0.131236997
9:/rrc: 0.000000000 0.000000000 1.000000000
9:/rrf: 0.000000000 0.999169596 0.000830404
9:/rrr: 0.000000000 0.459843127 0.540156873
A:/: 0.697510116 0.302489884 0.000000000
A:/ccr: 0.000232445 0.999615127 0.000152427
A:/ccrcrc: 0.566213199 0.433763082 0.000023720
A:/ccrcrf: 0.752325051 0.189676434 0.057998514
A:/ccrcrr: 0.000000000 0.829814218 0.170185782
A:/ccrrcr: 0.000000000 0.617515255 0.382484745
A:/ccrrfr: 0.000000000 0.914631705 0.085368295
A:/ccrrrc: 0.000000000 0.999996665 0.000003335
A:/ccrrrf: 0.000000000 0.793622910 0.206377090
A:/crc: 1.000000000 0.000000000 0.000000000
A:/crcrcr: 0.000000000 0.996792633 0.003207367
A:/crcrfr: 0.000000000 0.690353597 0.309646403
A:/crcrrc: 0.000000000 0.958836292 0.041163708
A:/crcrrf: 0.000000000 0.875427194 0.124572806
A:/crf: 1.000000000 0.000000000 0.000000000
A:/crfrr: 0.000000000 0.877380265 0.122619735
A:/crr: 0.145664047 0.352639672 0.501696281
A:/crrcrc: 0.000000000 0.425520085 0.574479915
A:/crrcrf: 0.000000000 0.536594761 0.463405239
A:/rcr: 0.669459650 0.330254998 0.000285352
A:/rcrcrc: 0.000000000 0.999069967 0.000930033
A:/rcrcrf: 0.000000000 0.592517311 0.407482689
A:/rfr: 0.263715909 0.457467258 0.278816833
A:/rrc: 0.459934144 0.540038669 0.000027188
A:/rrf: 0.561795208 0.437324426 0.000880366
A:/rrr: 0.000000000 1.000000000 0.000000000
J:/: 0.999590074 0.000409926 0.000000000
J:/ccr: 0.152011098 0.847972089 0.000016813
J:/ccrcrc: 0.405867259 0.594132741 0.000000000
J:/ccrcrf: 0.578145096 0.128364197 0.293490706
J:/ccrcrr: 0.000000000 0.877376009 0.122623991
J:/ccrrcr: 0.000000000 0.522806938 0.477193062
J:/ccrrfr: 0.000000000 0.534526755 0.465473245
J:/ccrrrc: 0.000000000 0.853435253 0.146564747
J:/ccrrrf: 0.000000000 0.999965777 0.000034223
J:/crc: 0.000000000 0.295519670 0.704480330
J:/crcrcr: 0.000000000 0.170073685 0.829926315
J:/crcrfr: 0.000000000 0.198710801 0.801289199
J:/crcrrc: 0.000000000 0.285174549 0.714825451
J:/crcrrf: 0.000000000 0.000000000 1.000000000
J:/crf: 0.007893646 0.530128263 0.461978091
J:/crfrr: 0.000000000 0.423204024 0.576795976
J:/crr: 0.467065349 0.330617791 0.202316860
J:/crrcrc: 0.000000000 0.228620188 0.771379812
J:/crrcrf: 0.000000000 0.466318451 0.533681549
J:/rcr: 0.915132629 0.000000000 0.084867371
J:/rcrcrc: 0.000000000 0.718197379 0.281802621
J:/rcrcrf: 0.000000000 0.521291732 0.478708268
J:/rfr: 0.424028043 0.473435543 0.102536414
J:/rrc: 0.000000000 0.443951847 0.556048153
J:/rrf: 0.000940761 0.997329872 0.001729367
J:/rrr: 0.000000000 0.234834986 0.765165014
K:/: 0.999129142 0.000870858 0.000000000
K:/ccr: 0.000234782 0.999649533 0.000115685
K:/ccrcrc: 0.727865290 0.270589976 0.001544734
K:/ccrcrf: 0.686925213 0.292911817 0.020162970
K:/ccrcrr: 0.000000000 0.739266138 0.260733862
K:/ccrrcr: 0.000000000 0.038513580 0.961486420
K:/ccrrfr: 0.000000000 0.103467912 0.896532088
K:/ccrrrc: 0.000000000 0.999973594 0.000026406
K:/ccrrrf: 0.000000000 0.743863716 0.256136284
K:/crc: 0.044941071 0.955058929 0.000000000
K:/crcrcr: 0.000000000 0.715689519 0.284310481
K:/crcrfr: 0.000000000 0.596753804 0.403246196
K:/crcrrc: 0.000000000 0.000000000 1.000000000
K:/crcrrf: 0.000000000 0.000000000 1.000000000
K:/crf: 0.466315922 0.533684078 0.000000000
K:/crfrr: 0.000000000 0.812135349 0.187864651
K:/crr: 0.329613066 0.049340054 0.621046880
K:/crrcrc: 0.000000000 0.520590402 0.479409598
K:/crrcrf: 0.000000000 0.400108834 0.599891166
K:/rcr: 0.797096318 0.202746229 0.000157453
K:/rcrcrc: 0.000000000 0.746092637 0.253907363
K:/rcrcrf: 0.000000000 0.585734087 0.414265913
K:/rfr: 0.176530745 0.264384282 0.559084974
K:/rrc: 0.092980155 0.548036766 0.358983078
K:/rrf: 0.001077774 0.977856236 0.021065989
K:/rrr: 0.000000000 0.718132106 0.281867894
Q:/: 0.991917004 0.008082996 0.000000000
Q:/ccr: 0.000162349 0.999733923 0.000103728
Q:/ccrcrc: 0.916917235 0.083077647 0.000005118
Q:/ccrcrf: 0.505180759 0.281009995 0.213809246
Q:/ccrcrr: 0.000000000 0.543111033 0.456888967
Q:/ccrrcr: 0.000000000 0.336082939 0.663917061
Q:/ccrrfr: 0.000000000 0.537373966 0.462626034
Q:/ccrrrc: 0.000000000 0.999974312 0.000025688
Q:/ccrrrf: 0.000000000 0.819442208 0.180557792
Q:/crc: 0.000000000 1.000000000 0.000000000
Q:/crcrcr: 0.000000000 0.415699516 0.584300484
Q:/crcrfr: 0.000000000 0.779090054 0.220909946
Q:/crcrrc: 0.000000000 0.000000000 1.000000000
Q:/crcrrf: 0.000000000 0.213093490 0.786906510
Q:/crf: 0.012716543 0.987277075 0.000006382
Q:/crfrr: 0.000000000 0.986010499 0.013989501
Q:/crr: 0.240707461 0.204508478 0.554784061
Q:/crrcrc: 0.000000000 0.269613220 0.730386780
Q:/crrcrf: 0.000000000 0.753375209 0.246624791
Q:/rcr: 0.641985466 0.357920844 0.000093690
Q:/rcrcrc: 0.000000000 0.832302815 0.167697185
Q:/rcrcrf: 0.000000000 0.755472782 0.244527218
Q:/rfr: 0.375681845 0.118095934 0.506222221
Q:/rrc: 0.000000000 0.318644237 0.681355763
Q:/rrf: 0.001015492 0.878502919 0.120481588
Q:/rrr: 0.000000000 0.840311707 0.159688293
T:/: 0.672024586 0.327975414 0.000000000
T:/ccr: 0.000042516 0.999954479 0.000003005
T:/ccrcrc: 0.369427765 0.604247129 0.026325106
T:/ccrcrf: 0.770138799 0.153044318 0.076816882
T:/ccrcrr: 0.000000000 0.204638184 0.795361816
T:/ccrrcr: 0.000000000 0.188124997 0.811875003
T:/ccrrfr: 0.000000000 0.590480010 0.409519990
T:/ccrrrc: 0.000000000 0.322486755 0.677513245
T:/ccrrrf: 0.000000000 1.000000000 0.000000000
T:/crc: 0.000324596 0.000000000 0.999675404
T:/crcrcr: 0.000000000 0.475836021 0.524163979
T:/crcrfr: 0.000000000 0.465231613 0.534768387
T:/crcrrc: 0.000000000 0.368961394 0.631038606
T:/crcrrf: 0.000000000 0.278708604 0.721291396
T:/crf: 0.000088543 0.272992838 0.726918619
T:/crfrr: 0.000000000 0.524432206 0.475567794
T:/crr: 0.459630920 0.099089689 0.441279391
T:/crrcrc: 0.000000000 0.826367270 0.173632730
T:/crrcrf: 0.000000000 0.685216745 0.314783255
T:/rcr: 0.766585184 0.000000000 0.233414816
T:/rcrcrc: 0.000000000 0.507135347 0.492864653
T:/rcrcrf: 0.000000000 0.211046766 0.788953234
T:/rfr: 0.235517454 0.359523459 0.404959087
T:/rrc: 0.000000000 0.693706323 0.306293677
T:/rrf: 0.000972360 0.768052044 0.230975596
T:/rrr: 0.000000000 0.073094795 0.926905205
