2:/c: 0.089141809 0.910858191 0.000000000
2:/ccrc: 0.000000000 0.000000000 1.000000000
2:/ccrcrcr: 0.000000000 0.268947436 0.731052564
2:/ccrcrfr: 0.000000000 0.526715134 0.473284866
2:/ccrcrrc: 0.000000000 0.652540157 0.347459843
2:/ccrcrrf: 0.000000000 0.000000000 1.000000000
2:/ccrf: 0.152037307 0.000856594 0.847106100
2:/ccrfrr: 0.000000000 0.076110130 0.923889870
2:/ccrr: 0.000000000 0.000000000 1.000000000
2:/ccrrcrc: 0.000000000 0.352285363 0.647714637
2:/ccrrcrf: 0.000000000 0.302868745 0.697131255
2:/crcr: 0.000000000 0.000000000 1.000000000
2:/crcrcrc: 0.000000000 0.161324233 0.838675767
2:/crcrcrf: 0.000000000 0.670621891 0.329378109
2:/crfr: 0.000071231 0.000000000 0.999928769
2:/crrc: 0.000000000 0.174070519 0.825929481
2:/crrf: 0.000000000 0.000000000 1.000000000
2:/crrr: 0.000000000 0.238323515 0.761676485
2:/r: 0.000000000 0.000000000 1.000000000
2:/rcrc: 0.000000000 0.000000000 1.000000000
2:/rcrf: 0.164683549 0.132225821 0.703090630
2:/rcrr: 0.000000000 0.000000000 1.000000000
2:/rrcr: 0.000000000 0.000000000 1.000000000
2:/rrfr: 0.000000000 0.000000000 1.000000000
2:/rrrc: 0.000000000 0.303778245 0.696221755
2:/rrrf: 0.000000000 0.000000000 1.000000000
3:/c: 0.109918488 0.890081512 0.000000000
3:/ccrc: 0.000000000 0.000000000 1.000000000
3:/ccrcrcr: 0.000000000 0.101280798 0.898719202
3:/ccrcrfr: 0.000000000 0.536809497 0.463190503
3:/ccrcrrc: 0.000000000 0.175004127 0.824995873
3:/ccrcrrf: 0.000000000 0.000000000 1.000000000
3:/ccrf: 0.152564741 0.191570303 0.655864956
3:/ccrfrr: 0.000000000 0.275942554 0.724057446
3:/ccrr: 0.000000000 0.000000000 1.000000000
3:/ccrrcrc: 0.000000000 0.787086219 0.212913781
3:/ccrrcrf: 0.000000000 0.004016190 0.995983810
3:/crcr: 0.000000000 0.000000000 1.000000000
3:/crcrcrc: 0.000000000 0.000000000 1.000000000
3:/crcrcrf: 0.000000000 0.353463586 0.646536414
3:/crfr: 0.000035703 0.000000000 0.999964297
3:/crrc: 0.000000000 0.561073307 0.438926693
3:/crrf: 0.000000000 0.105296788 0.894703212
3:/crrr: 0.000000000 0.507315609 0.492684391
3:/r: 0.000000000 0.000000000 1.000000000
3:/rcrc: 0.000000000 0.000000000 1.000000000
3:/rcrf: 0.041907299 0.134820984 0.823271717
3:/rcrr: 0.000000000 0.000000000 1.000000000
3:/rrcr: 0.000000000 0.365936624 0.634063376
3:/rrfr: 0.000000000 0.000000000 1.000000000
3:/rrrc: 0.000000000 0.084157396 0.915842604
3:/rrrf: 0.000000000 0.000000000 1.000000000
4:/c: 0.424437247 0.575562753 0.000000000
4:/ccrc: 0.000000000 0.000000000 1.000000000
4:/ccrcrcr: 0.000000000 0.610611946 0.389388054
4:/ccrcrfr: 0.000000000 0.377340689 0.622659311
4:/ccrcrrc: 0.000000000 0.242905339 0.757094661
4:/ccrcrrf: 0.000000000 0.000000000 1.000000000
4:/ccrf: 0.002655217 0.359070913 0.638273871
4:/ccrfrr: 0.000000000 0.371504790 0.628495210
4:/ccrr: 0.000000000 0.000000000 1.000000000
4:/ccrrcrc: 0.000000000 0.456493160 0.543506840
4:/ccrrcrf: 0.000000000 0.280804922 0.719195078
4:/crcr: 0.000000000 0.000000000 1.000000000
4:/crcrcrc: 0.000000000 0.000000000 1.000000000
4:/crcrcrf: 0.000000000 0.658993465 0.341006535
4:/crfr: 0.005650686 0.082370279 0.911979036
4:/crrc: 0.000000000 0.245468286 0.754531714
4:/crrf: 0.032869107 0.023890205 0.943240689
4:/crrr: 0.000000000 0.000000000 1.000000000
4:/r: 0.000000000 0.000000000 1.000000000
4:/rcrc: 0.000001953 0.000000000 0.999998047
4:/rcrf: 0.116409370 0.481347155 0.402243475
4:/rcrr: 0.000000000 0.000000000 1.000000000
4:/rrcr: 0.000000000 0.316377068 0.683622932
4:/rrfr: 0.000000000 0.000000000 1.000000000
4:/rrrc: 0.000000000 0.579744060 0.420255940
4:/rrrf: 0.000000000 0.000000000 1.000000000
5:/c: 0.259140066 0.740859934 0.000000000
5:/ccrc: 0.000000000 0.000000000 1.000000000
5:/ccrcrcr: 0.000000000 0.793542953 0.206457047
5:/ccrcrfr: 0.000000000 0.514844698 0.485155302
5:/ccrcrrc: 0.000000000 0.748489389 0.251510611
5:/ccrcrrf: 0.000000000 0.000000000 1.000000000
5:/ccrf: 0.352530731 0.358268568 0.289200701
5:/ccrfrr: 0.000000000 0.920211162 0.079788838
5:/ccrr: 0.000000000 0.000000000 1.000000000
5:/ccrrcrc: 0.000000000 0.277466453 0.722533547
5:/ccrrcrf: 0.000000000 0.460174236 0.539825764
5:/crcr: 0.000000000 0.000000000 1.000000000
5:/crcrcrc: 0.000000000 0.388914136 0.611085864
5:/crcrcrf: 0.000000000 0.454507687 0.545492313
5:/crfr: 0.006764592 0.274889365 0.718346043
5:/crrc: 0.187976252 0.000000000 0.812023748
5:/crrf: 0.000025330 0.258325481 0.741649189
5:/crrr: 0.000000000 0.000000000 1.000000000
5:/r: 0.000000000 0.000000000 1.000000000
5:/rcrc: 0.000007986 0.000000000 0.999992014
5:/rcrf: 0.004913108 0.074188499 0.920898392
5:/rcrr: 0.000000000 0.000000000 1.000000000
5:/rrcr: 0.000000000 0.372267846 0.627732154
5:/rrfr: 0.000000000 0.006863380 0.993136620
5:/rrrc: 0.000000000 0.080094519 0.919905481
5:/rrrf: 0.000000000 0.000000000 1.000000000
6:/c: 0.009763900 0.990236100 0.000000000
6:/ccrc: 0.000000000 0.000000000 1.000000000
6:/ccrcrcr: 0.000000000 0.714143455 0.285856545
6:/ccrcrfr: 0.000000000 0.805357977 0.194642023
6:/ccrcrrc: 0.000000000 0.508354681 0.491645319
6:/ccrcrrf: 0.000000000 0.000000000 1.000000000
6:/ccrf: 0.193748488 0.672149783 0.134101729
6:/ccrfrr: 0.000000000 0.246702605 0.753297395
6:/ccrr: 0.000000000 0.000000000 1.000000000
6:/ccrrcrc: 0.000000000 0.059386906 0.940613094
6:/ccrrcrf: 0.000000000 0.060972536 0.939027464
6:/crcr: 0.000000000 0.000000000 1.000000000
6:/crcrcrc: 0.000000000 0.000000000 1.000000000
6:/crcrcrf: 0.000000000 0.811806304 0.188193696
6:/crfr: 0.007158984 0.101777376 0.891063640
6:/crrc: 0.000000000 0.000000000 1.000000000
6:/crrf: 0.000000000 0.286119821 0.713880179
6:/crrr: 0.000000000 0.000000000 1.000000000
6:/r: 0.000000000 0.002753713 0.997246287
6:/rcrc: 0.000000000 0.172992141 0.827007859
6:/rcrf: 0.428526582 0.279030083 0.292443335
6:/rcrr: 0.000000000 0.000000000 1.000000000
6:/rrcr: 0.000000000 0.081637386 0.918362614
6:/rrfr: 0.000000000 0.168803030 0.831196970
6:/rrrc: 0.000000000 0.000000000 1.000000000
6:/rrrf: 0.000000000 0.000000000 1.000000000
7:/c: 0.031784077 0.968215923 0.000000000
7:/ccrc: 0.000000000 0.000000000 1.000000000
7:/ccrcrcr: 0.000000000 0.559845967 0.440154033
7:/ccrcrfr: 0.000000000 0.269188341 0.730811659
7:/ccrcrrc: 0.000000000 0.018697052 0.981302948
7:/ccrcrrf: 0.000000000 0.000000000 1.000000000
7:/ccrf: 0.345072092 0.615902202 0.039025706
7:/ccrfrr: 0.000000000 0.528550576 0.471449424
7:/ccrr: 0.000000009 0.000000000 0.999999991
7:/ccrrcrc: 0.000000000 0.716639679 0.283360321
7:/ccrrcrf: 0.000000000 0.178274394 0.821725606
7:/crcr: 0.000000000 0.000000000 1.000000000
7:/crcrcrc: 0.000000000 0.160182669 0.839817331
7:/crcrcrf: 0.000000000 0.913933792 0.086066208
7:/crfr: 0.131973567 0.009683244 0.858343188
7:/crrc: 0.000000000 0.000000000 1.000000000
7:/crrf: 0.000000000 0.031451318 0.968548682
7:/crrr: 0.000000000 0.593521459 0.406478541
7:/r: 0.000930922 0.106963498 0.892105580
7:/rcrc: 0.000029836 0.000000000 0.999970164
7:/rcrf: 0.084987994 0.434896654 0.480115352
7:/rcrr: 0.000000000 0.000000000 1.000000000
7:/rrcr: 0.000000000 0.210242883 0.789757117
7:/rrfr: 0.000000000 0.001760605 0.998239395
7:/rrrc: 0.000000000 0.207607437 0.792392563
7:/rrrf: 0.000000000 0.000000000 1.000000000
8:/c: 0.004547515 0.995452485 0.000000000
8:/ccrc: 0.000061365 0.000000000 0.999938635
8:/ccrcrcr: 0.000000000 0.542534456 0.457465544
8:/ccrcrfr: 0.000000000 0.963493997 0.036506003
8:/ccrcrrc: 0.000000000 0.000000000 1.000000000
8:/ccrcrrf: 0.000000000 0.000000000 1.000000000
8:/ccrf: 0.152318070 0.845747845 0.001934086
8:/ccrfrr: 0.000000000 0.845825807 0.154174193
8:/ccrr: 0.000000081 0.000000000 0.999999919
8:/ccrrcrc: 0.000000000 0.713974173 0.286025827
8:/ccrrcrf: 0.000000000 0.270807719 0.729192281
8:/crcr: 0.000000000 0.031337121 0.968662879
8:/crcrcrc: 0.000000000 0.000000000 1.000000000
8:/crcrcrf: 0.000000000 0.659013293 0.340986707
8:/crfr: 0.001665500 0.000000000 0.998334500
8:/crrc: 0.000000000 0.220590294 0.779409706
8:/crrf: 0.000000000 0.211273158 0.788726842
8:/crrr: 0.000000000 0.577642945 0.422357055
8:/r: 0.000095466 0.334373849 0.665530685
8:/rcrc: 0.000038773 0.076450104 0.923511123
8:/rcrf: 0.164529217 0.584976889 0.250493894
8:/rcrr: 0.000000000 0.000000000 1.000000000
8:/rrcr: 0.000000000 0.589281423 0.410718577
8:/rrfr: 0.000000000 0.581092571 0.418907429
8:/rrrc: 0.000000000 0.264065213 0.735934787
8:/rrrf: 0.000000000 0.266477332 0.733522668
9:/c: 0.004950297 0.995049703 0.000000000
9:/ccrc: 0.066214417 0.586472608 0.347312975
9:/ccrcrcr: 0.000000000 0.972053286 0.027946714
9:/ccrcrfr: 0.000000000 0.963441866 0.036558134
9:/ccrcrrc: 0.000000000 0.110996436 0.889003564
9:/ccrcrrf: 0.000000000 0.000000000 1.000000000
9:/ccrf: 0.256316131 0.649389544 0.094294325
9:/ccrfrr: 0.000000000 0.985783048 0.014216952
9:/ccrr: 0.000005260 0.454236813 0.545757927
9:/ccrrcrc: 0.000000000 0.244808349 0.755191651
9:/ccrrcrf: 0.000000000 0.585560077 0.414439923
9:/crcr: 0.000002050 0.035327361 0.964670588
9:/crcrcrc: 0.000000000 0.418098867 0.581901133
9:/crcrcrf: 0.000000000 0.541218702 0.458781298
9:/crfr: 0.000246536 0.320999140 0.678754323
9:/crrc: 0.000000000 0.317104856 0.682895144
9:/crrf: 0.000000000 0.766929015 0.233070985
9:/crrr: 0.000000000 0.606066514 0.393933486
9:/r: 0.298510033 0.551227164 0.150262803
9:/rcrc: 0.000047274 0.230286480 0.769666246
9:/rcrf: 0.004285770 0.657601210 0.338113020
9:/rcrr: 0.000000000 0.000000000 1.000000000
9:/rrcr: 0.000000000 0.413963315 0.586036685
9:/rrfr: 0.000000000 0.243292564 0.756707436
9:/rrrc: 0.000000000 0.000000000 1.000000000
9:/rrrf: 0.000000000 0.000000000 1.000000000
A:/c: 0.610305869 0.389694131 0.000000000
A:/ccrc: 1.000000000 0.000000000 0.000000000
A:/ccrcrcr: 0.000000000 1.000000000 0.000000000
A:/ccrcrfr: 0.000000000 1.000000000 0.000000000
A:/ccrcrrc: 0.000000000 1.000000000 0.000000000
A:/ccrcrrf: 0.000000000 1.000000000 0.000000000
A:/ccrf: 1.000000000 0.000000000 0.000000000
A:/ccrfrr: 0.000000000 1.000000000 0.000000000
A:/ccrr: 0.997808146 0.002191854 0.000000000
A:/ccrrcrc: 0.000000000 1.000000000 0.000000000
A:/ccrrcrf: 0.000000000 1.000000000 0.000000000
A:/crcr: 0.989304424 0.010695576 0.000000000
A:/crcrcrc: 0.000000000 0.529617270 0.470382730
A:/crcrcrf: 0.000000000 1.000000000 0.000000000
A:/crfr: 0.800238335 0.199761665 0.000000000
A:/crrc: 0.618068140 0.381931860 0.000000000
A:/crrf: 0.702057668 0.297942332 0.000000000
A:/crrr: 0.000000000 0.931066711 0.068933289
A:/r: 0.549593620 0.450406380 0.000000000
A:/rcrc: 1.000000000 0.000000000 0.000000000
A:/rcrf: 0.774267477 0.225732523 0.000000000
A:/rcrr: 0.000000000 1.000000000 0.000000000
A:/rrcr: 0.000000000 1.000000000 0.000000000
A:/rrfr: 0.000000000 1.000000000 0.000000000
A:/rrrc: 0.000000000 1.000000000 0.000000000
A:/rrrf: 0.000000000 1.000000000 0.000000000
J:/c: 0.534433618 0.465566382 0.000000000
J:/ccrc: 0.000153116 0.999846884 0.000000000
J:/ccrcrcr: 0.000000000 0.977502636 0.022497364
J:/ccrcrfr: 0.000000000 1.000000000 0.000000000
J:/ccrcrrc: 0.000000000 0.235918374 0.764081626
J:/ccrcrrf: 0.000000000 0.687069330 0.312930670
J:/ccrf: 0.205169948 0.794830052 0.000000000
J:/ccrfrr: 0.000000000 0.999974826 0.000025174
J:/ccrr: 0.249530748 0.185569114 0.564900139
J:/ccrrcrc: 0.000000000 0.900331989 0.099668011
J:/ccrrcrf: 0.000000000 0.997284230 0.002715770
J:/crcr: 0.204748361 0.118585695 0.676665944
J:/crcrcrc: 0.000000000 0.819643492 0.180356508
J:/crcrcrf: 0.000000000 0.337103068 0.662896932
J:/crfr: 0.000000000 0.783549758 0.216450242
J:/crrc: 0.000000000 0.386868519 0.613131481
J:/crrf: 0.000000000 0.594424583 0.405575417
J:/crrr: 0.000000000 0.696633253 0.303366747
J:/r: 0.000000000 1.000000000 0.000000000
J:/rcrc: 0.059509298 0.154760003 0.785730698
J:/rcrf: 0.151345434 0.572678050 0.275976517
J:/rcrr: 0.000000000 0.149507077 0.850492923
J:/rrcr: 0.000000000 0.762921241 0.237078759
J:/rrfr: 0.000000000 0.647633652 0.352366348
J:/rrrc: 0.000000000 0.592223254 0.407776746
J:/rrrf: 0.000000000 0.595411934 0.404588066
K:/c: 0.972587345 0.027412655 0.000000000
K:/ccrc: 1.000000000 0.000000000 0.000000000
K:/ccrcrcr: 0.000000000 1.000000000 0.000000000
K:/ccrcrfr: 0.000000000 1.000000000 0.000000000
K:/ccrcrrc: 0.000000000 0.429668244 0.570331756
K:/ccrcrrf: 0.000000000 1.000000000 0.000000000
K:/ccrf: 0.597820018 0.402179982 0.000000000
K:/ccrfrr: 0.000000000 1.000000000 0.000000000
K:/ccrr: 0.983137253 0.016862747 0.000000000
K:/ccrrcrc: 0.000000000 0.924143612 0.075856388
K:/ccrrcrf: 0.000000000 1.000000000 0.000000000
K:/crcr: 0.369109674 0.331321623 0.299568702
K:/crcrcrc: 0.000000000 0.744114058 0.255885942
K:/crcrcrf: 0.000000000 0.705797883 0.294202117
K:/crfr: 0.246632828 0.649993385 0.103373787
K:/crrc: 0.060673489 0.766268597 0.173057914
K:/crrf: 0.165177679 0.618358787 0.216463535
K:/crrr: 0.000000000 0.374154023 0.625845977
K:/r: 0.000000000 1.000000000 0.000000000
K:/rcrc: 0.554071315 0.445928685 0.000000000
K:/rcrf: 0.608957924 0.391042076 0.000000000
K:/rcrr: 0.000000000 1.000000000 0.000000000
K:/rrcr: 0.000000000 0.786828025 0.213171975
K:/rrfr: 0.000000000 0.903896148 0.096103852
K:/rrrc: 0.000000000 0.821781193 0.178218807
K:/rrrf: 0.000000000 0.581784255 0.418215745
Q:/c: 1.000000000 0.000000000 0.000000000
Q:/ccrc: 0.000000000 1.000000000 0.000000000
Q:/ccrcrcr: 0.000000000 0.652064764 0.347935236
Q:/ccrcrfr: 0.000000000 1.000000000 0.000000000
Q:/ccrcrrc: 0.000000000 0.637181426 0.362818574
Q:/ccrcrrf: 0.000000000 1.000000000 0.000000000
Q:/ccrf: 0.725139769 0.274860231 0.000000000
Q:/ccrfrr: 0.000000000 1.000000000 0.000000000
Q:/ccrr: 0.379028007 0.594966853 0.026005140
Q:/ccrrcrc: 0.000000000 0.989442418 0.010557582
Q:/ccrrcrf: 0.000000000 0.999999995 0.000000005
Q:/crcr: 0.077218753 0.290741948 0.632039299
Q:/crcrcrc: 0.000000000 0.130101596 0.869898404
Q:/crcrcrf: 0.000000000 0.445759244 0.554240756
Q:/crfr: 0.148158694 0.556687042 0.295154264
Q:/crrc: 0.123256951 0.438655628 0.438087421
Q:/crrf: 0.000000000 0.500991625 0.499008375
Q:/crrr: 0.000000000 0.088390947 0.911609053
Q:/r: 0.000041106 0.999958894 0.000000000
Q:/rcrc: 0.293471864 0.642861946 0.063666190
Q:/rcrf: 0.289117148 0.710882852 0.000000000
Q:/rcrr: 0.000000000 0.701146785 0.298853215
Q:/rrcr: 0.000000000 0.411643494 0.588356506
Q:/rrfr: 0.000000000 0.887986076 0.112013924
Q:/rrrc: 0.000000000 0.473325805 0.526674195
Q:/rrrf: 0.000000000 0.580151946 0.419848054
T:/c: 0.000000000 1.000000000 0.000000000
T:/ccrc: 0.000207868 0.999792132 0.000000000
T:/ccrcrcr: 0.000000000 0.999949900 0.000050100
T:/ccrcrfr: 0.000000000 1.000000000 0.000000000
T:/ccrcrrc: 0.000000000 0.742838156 0.257161844
T:/ccrcrrf: 0.000000000 0.580339634 0.419660366
T:/ccrf: 0.666385469 0.331928829 0.001685703
T:/ccrfrr: 0.000000000 0.998947801 0.001052199
T:/ccrr: 0.112759293 0.176142735 0.711097972
T:/ccrrcrc: 0.000000000 0.334921289 0.665078711
T:/ccrrcrf: 0.000000000 0.653472972 0.346527028
T:/crcr: 0.000063175 0.120071640 0.879865185
T:/crcrcrc: 0.000000000 0.153019911 0.846980089
T:/crcrcrf: 0.000000000 0.389064946 0.610935054
T:/crfr: 0.000000000 0.661006296 0.338993704
T:/crrc: 0.000000000 0.641101633 0.358898367
T:/crrf: 0.000000000 0.363263262 0.636736738
T:/crrr: 0.000000000 0.386119390 0.613880610
T:/r: 0.000000000 0.999777898 0.000222102
T:/rcrc: 0.017890769 0.119958296 0.862150935
T:/rcrf: 0.005471235 0.548057380 0.446471385
T:/rcrr: 0.000000000 0.000000000 1.000000000
T:/rrcr: 0.000000000 0.130321631 0.869678369
T:/rrfr: 0.000000000 0.385830147 0.614169853
T:/rrrc: 0.000000000 0.007300497 0.992699503
T:/rrrf: 0.000000000 0.149396391 0.850603609
