2:/cc: 0.454298707 0.545701293 0.000000000
2:/ccrcr: 0.135584614 0.368180793 0.496234593
2:/ccrcrcrc: 0.000000000 0.672465642 0.327534358
2:/ccrcrcrf: 0.000000000 0.480184686 0.519815314
2:/ccrfr: 0.269210072 0.340211272 0.390578656
2:/ccrrc: 0.003493281 0.473764463 0.522742256
2:/ccrrf: 0.422614642 0.278818529 0.298566829
2:/ccrrr: 0.000000000 0.426392103 0.573607897
2:/cr: 0.000549060 0.000333678 0.999117261
2:/crcrc: 0.399572521 0.154339526 0.446087953
2:/crcrf: 0.294692853 0.432432516 0.272874631
2:/crcrr: 0.000000000 0.180063946 0.819936054
2:/crrcr: 0.000000000 0.000000000 1.000000000
2:/crrfr: 0.000000000 0.288943292 0.711056708
2:/crrrc: 0.000000000 0.449511035 0.550488965
2:/crrrf: 0.000000000 0.036367046 0.963632954
2:/rc: 0.000785660 0.000000000 0.999214340
2:/rcrcr: 0.000000000 0.530254299 0.469745701
2:/rcrfr: 0.000000000 0.545462154 0.454537846
2:/rcrrc: 0.000000000 0.000000000 1.000000000
2:/rcrrf: 0.000000000 0.350486377 0.649513623
2:/rf: 0.101336368 0.588994071 0.309669561
2:/rfrr: 0.000000000 0.308719868 0.691280132
2:/rr: 0.000000000 0.000186628 0.999813372
2:/rrcrc: 0.000000000 0.436613920 0.563386080
2:/rrcrf: 0.000000000 0.161438467 0.838561533
3:/cc: 0.000427752 0.999572248 0.000000000
3:/ccrcr: 0.108364370 0.811135913 0.080499716
3:/ccrcrcrc: 0.000000000 0.443174624 0.556825376
3:/ccrcrcrf: 0.000000000 0.471772279 0.528227721
3:/ccrfr: 0.037380669 0.371943963 0.590675369
3:/ccrrc: 0.003036594 0.471694037 0.525269369
3:/ccrrf: 0.326627499 0.414625390 0.258747111
3:/ccrrr: 0.000000000 0.586396569 0.413603431
3:/cr: 0.050048362 0.041416320 0.908535318
3:/crcrc: 0.285954893 0.134588639 0.579456468
3:/crcrf: 0.369723322 0.276311338 0.353965339
3:/crcrr: 0.000000000 0.591112838 0.408887162
3:/crrcr: 0.000000000 0.000000000 1.000000000
3:/crrfr: 0.000000000 0.683828356 0.316171644
3:/crrrc: 0.000000000 0.074794059 0.925205941
3:/crrrf: 0.000000000 0.805287772 0.194712228
3:/rc: 0.299897166 0.000000000 0.700102834
3:/rcrcr: 0.000000000 0.845359443 0.154640557
3:/rcrfr: 0.000000000 0.276317316 0.723682684
3:/rcrrc: 0.000000000 0.000000000 1.000000000
3:/rcrrf: 0.000000000 0.458454804 0.541545196
3:/rf: 0.529794263 0.202629072 0.267576665
3:/rfrr: 0.000000000 0.508785624 0.491214376
3:/rr: 0.000001083 0.000304826 0.999694090
3:/rrcrc: 0.000000000 0.892318757 0.107681243
3:/rrcrf: 0.000000000 0.164540679 0.835459321
4:/cc: 0.100507632 0.899492368 0.000000000
4:/ccrcr: 0.176831549 0.655408114 0.167760337
4:/ccrcrcrc: 0.000000000 0.542589366 0.457410634
4:/ccrcrcrf: 0.000000000 0.101382655 0.898617345
4:/ccrfr: 0.207872209 0.252604914 0.539522877
4:/ccrrc: 0.235275950 0.169146078 0.595577972
4:/ccrrf: 0.314468514 0.432982330 0.252549156
4:/ccrrr: 0.000000000 0.932040058 0.067959942
4:/cr: 0.013477149 0.000725751 0.985797099
4:/crcrc: 0.092117604 0.274468736 0.633413660
4:/crcrf: 0.435718717 0.461798413 0.102482870
4:/crcrr: 0.000000000 0.901792079 0.098207921
4:/crrcr: 0.000000000 0.164594218 0.835405782
4:/crrfr: 0.000000000 0.342613807 0.657386193
4:/crrrc: 0.000000000 0.407164347 0.592835653
4:/crrrf: 0.000000000 0.430776064 0.569223936
4:/rc: 0.000655613 0.000000000 0.999344387
4:/rcrcr: 0.000000000 0.285332700 0.714667300
4:/rcrfr: 0.000000000 0.155225723 0.844774277
4:/rcrrc: 0.000000000 0.052210862 0.947789138
4:/rcrrf: 0.000000000 0.542921711 0.457078289
4:/rf: 0.532798995 0.137039525 0.330161481
4:/rfrr: 0.000000000 0.558296443 0.441703557
4:/rr: 0.000000000 0.000249354 0.999750646
4:/rrcrc: 0.000000000 0.377483747 0.622516253
4:/rrcrf: 0.000000000 0.427723538 0.572276462
5:/cc: 0.000392363 0.999607637 0.000000000
5:/ccrcr: 0.293520658 0.277143353 0.429335988
5:/ccrcrcrc: 0.000000000 0.810249282 0.189750718
5:/ccrcrcrf: 0.000000000 0.512423092 0.487576908
5:/ccrfr: 0.095614206 0.654527314 0.249858480
5:/ccrrc: 0.098973256 0.276434697 0.624592047
5:/ccrrf: 0.356043373 0.532202861 0.111753766
5:/ccrrr: 0.000000000 0.637476249 0.362523751
5:/cr: 0.000047509 0.370616894 0.629335597
5:/crcrc: 0.693128687 0.195582432 0.111288881
5:/crcrf: 0.401037601 0.463576727 0.135385672
5:/crcrr: 0.000000000 0.403643019 0.596356981
5:/crrcr: 0.000000000 0.000000000 1.000000000
5:/crrfr: 0.000000000 0.554695251 0.445304749
5:/crrrc: 0.000000000 0.370326583 0.629673417
5:/crrrf: 0.000000000 0.217875930 0.782124070
5:/rc: 0.001044814 0.000000000 0.998955186
5:/rcrcr: 0.000000000 0.050237118 0.949762882
5:/rcrfr: 0.000000000 0.660413206 0.339586794
5:/rcrrc: 0.000000000 0.000000000 1.000000000
5:/rcrrf: 0.000000000 0.414405952 0.585594048
5:/rf: 0.428544454 0.114135384 0.457320162
5:/rfrr: 0.000000000 0.638648809 0.361351191
5:/rr: 0.000008645 0.000309789 0.999681566
5:/rrcrc: 0.000000000 0.268507647 0.731492353
5:/rrcrf: 0.000000000 0.300664577 0.699335423
6:/cc: 0.000363971 0.999636029 0.000000000
6:/ccrcr: 0.109312303 0.396457083 0.494230615
6:/ccrcrcrc: 0.000000000 0.155731700 0.844268300
6:/ccrcrcrf: 0.000000000 0.157602473 0.842397527
6:/ccrfr: 0.275232613 0.506626581 0.218140806
6:/ccrrc: 0.001211893 0.309142005 0.689646102
6:/ccrrf: 0.354611979 0.329453008 0.315935013
6:/ccrrr: 0.000000000 0.666153148 0.333846852
6:/cr: 0.000328854 0.265298154 0.734372993
6:/crcrc: 0.081363061 0.398196317 0.520440621
6:/crcrf: 0.000563436 0.391914512 0.607522052
6:/crcrr: 0.000000000 0.427928630 0.572071370
6:/crrcr: 0.000000000 0.000000000 1.000000000
6:/crrfr: 0.000000000 0.621138471 0.378861529
6:/crrrc: 0.000000000 0.594919277 0.405080723
6:/crrrf: 0.000000000 0.747680161 0.252319839
6:/rc: 0.014594328 0.000000000 0.985405672
6:/rcrcr: 0.000000000 0.822875043 0.177124957
6:/rcrfr: 0.000000000 0.432172539 0.567827461
6:/rcrrc: 0.000000000 0.000000000 1.000000000
6:/rcrrf: 0.000000000 0.827612196 0.172387804
6:/rf: 0.065224571 0.625357410 0.309418019
6:/rfrr: 0.000000000 0.902371017 0.097628983
6:/rr: 0.000000000 0.000311549 0.999688451
6:/rrcrc: 0.000000000 0.503306785 0.496693215
6:/rrcrf: 0.000000000 0.346331862 0.653668138
7:/cc: 0.000355868 0.999644132 0.000000000
7:/ccrcr: 0.569815985 0.180932008 0.249252007
7:/ccrcrcrc: 0.000000000 0.640337730 0.359662270
7:/ccrcrcrf: 0.000000000 0.301653173 0.698346827
7:/ccrfr: 0.239439582 0.676173615 0.084386803
7:/ccrrc: 0.003913548 0.411080192 0.585006260
7:/ccrrf: 0.576611405 0.387875228 0.035513367
7:/ccrrr: 0.000000000 0.451058288 0.548941712
7:/cr: 0.000109372 0.542505315 0.457385313
7:/crcrc: 0.259019686 0.467789007 0.273191307
7:/crcrf: 0.459598197 0.470817458 0.069584345
7:/crcrr: 0.000000000 0.427864095 0.572135905
7:/crrcr: 0.000000000 0.000000000 1.000000000
7:/crrfr: 0.000000000 0.488347239 0.511652761
7:/crrrc: 0.000000000 0.076204737 0.923795263
7:/crrrf: 0.000000000 0.349157929 0.650842071
7:/rc: 0.085213806 0.000000000 0.914786194
7:/rcrcr: 0.000000000 0.485016024 0.514983976
7:/rcrfr: 0.000000000 0.471687269 0.528312731
7:/rcrrc: 0.000000000 0.000000000 1.000000000
7:/rcrrf: 0.000000000 0.454012787 0.545987213
7:/rf: 0.459769290 0.191439048 0.348791663
7:/rfrr: 0.000000000 0.669600103 0.330399897
7:/rr: 0.000000000 0.000099143 0.999900857
7:/rrcrc: 0.000000000 0.535816120 0.464183880
7:/rrcrf: 0.000000000 0.686273184 0.313726816
8:/cc: 0.000342037 0.999657963 0.000000000
8:/ccrcr: 0.546626256 0.146281699 0.307092046
8:/ccrcrcrc: 0.000000000 0.454972956 0.545027044
8:/ccrcrcrf: 0.000000000 0.469067566 0.530932434
8:/ccrfr: 0.218257123 0.277893451 0.503849426
8:/ccrrc: 0.003913407 0.702232221 0.293854373
8:/ccrrf: 0.374276609 0.259574838 0.366148554
8:/ccrrr: 0.000000000 0.676082851 0.323917149
8:/cr: 0.000319167 0.722954364 0.276726469
8:/crcrc: 0.191649686 0.370695020 0.437655294
8:/crcrf: 0.062043549 0.427203489 0.510752962
8:/crcrr: 0.000000000 0.530060708 0.469939292
8:/crrcr: 0.000000000 0.332735084 0.667264916
8:/crrfr: 0.000000000 0.500172139 0.499827861
8:/crrrc: 0.000000000 0.385005922 0.614994078
8:/crrrf: 0.000000000 0.598456808 0.401543192
8:/rc: 0.076635968 0.000000000 0.923364032
8:/rcrcr: 0.000000000 0.693209449 0.306790551
8:/rcrfr: 0.000000000 0.430545350 0.569454650
8:/rcrrc: 0.000000000 0.000000000 1.000000000
8:/rcrrf: 0.000000000 0.908936809 0.091063191
8:/rf: 0.500057852 0.398949411 0.100992736
8:/rfrr: 0.000000000 0.789296934 0.210703066
8:/rr: 0.000000000 0.000160006 0.999839994
8:/rrcrc: 0.000000000 0.055064531 0.944935469
8:/rrcrf: 0.000000000 0.040384708 0.959615292
9:/cc: 0.000132074 0.999867926 0.000000000
9:/ccrcr: 0.522810630 0.083651104 0.393538266
9:/ccrcrcrc: 0.000000000 0.395603166 0.604396834
9:/ccrcrcrf: 0.000000000 0.398761675 0.601238325
9:/ccrfr: 0.590446540 0.119097461 0.290456000
9:/ccrrc: 0.485791825 0.244453851 0.269754324
9:/ccrrf: 0.433754790 0.377719632 0.188525578
9:/ccrrr: 0.000000000 0.880979771 0.119020229
9:/cr: 0.000425862 0.862272815 0.137301323
9:/crcrc: 0.070316263 0.466491629 0.463192107
9:/crcrf: 0.409684001 0.331264306 0.259051693
9:/crcrr: 0.000000000 0.274438247 0.725561753
9:/crrcr: 0.000000000 0.000000000 1.000000000
9:/crrfr: 0.000000000 0.338285428 0.661714572
9:/crrrc: 0.000000000 0.245324111 0.754675889
9:/crrrf: 0.000000000 0.501511032 0.498488968
9:/rc: 0.065688806 0.000051688 0.934259505
9:/rcrcr: 0.000000000 0.663372137 0.336627863
9:/rcrfr: 0.000000000 0.467283386 0.532716614
9:/rcrrc: 0.000000000 0.000000000 1.000000000
9:/rcrrf: 0.000000000 0.084501651 0.915498349
9:/rf: 0.146860675 0.306513274 0.546626051
9:/rfrr: 0.000000000 0.208074406 0.791925594
9:/rr: 0.000000000 0.000219358 0.999780642
9:/rrcrc: 0.000000000 0.178834735 0.821165265
9:/rrcrf: 0.000000000 0.405277695 0.594722305
A:/cc: 0.892606142 0.107393858 0.000000000
A:/ccrcr: 0.641928221 0.349729658 0.008342121
A:/ccrcrcrc: 0.000000000 0.982795958 0.017204042
A:/ccrcrcrf: 0.000000000 0.331583341 0.668416659
A:/ccrfr: 0.507216532 0.023115704 0.469667765
A:/ccrrc: 0.468819836 0.190686503 0.340493661
A:/ccrrf: 0.356322123 0.602346042 0.041331835
A:/ccrrr: 0.000000000 0.546920224 0.453079776
A:/cr: 0.435752349 0.564247651 0.000000000
A:/crcrc: 0.443698892 0.166791053 0.389510056
A:/crcrf: 0.083194536 0.802553654 0.114251810
A:/crcrr: 0.000000000 0.851175732 0.148824268
A:/crrcr: 0.000000000 0.920036997 0.079963003
A:/crrfr: 0.000000000 0.886925638 0.113074362
A:/crrrc: 0.000000000 0.960037667 0.039962333
A:/crrrf: 0.000000000 0.522324300 0.477675700
A:/rc: 1.000000000 0.000000000 0.000000000
A:/rcrcr: 0.000000000 0.973446742 0.026553258
A:/rcrfr: 0.000000000 0.966060970 0.033939030
A:/rcrrc: 0.000000000 1.000000000 0.000000000
A:/rcrrf: 0.000000000 0.508283710 0.491716290
A:/rf: 0.345703669 0.547523952 0.106772379
A:/rfrr: 0.000000000 0.886652361 0.113347639
A:/rr: 0.798117069 0.201775150 0.000107781
A:/rrcrc: 0.000000000 0.701155685 0.298844315
A:/rrcrf: 0.000000000 0.504280010 0.495719990
J:/cc: 0.553496450 0.446503550 0.000000000
J:/ccrcr: 0.527236592 0.203883179 0.268880229
J:/ccrcrcrc: 0.000000000 0.275528688 0.724471312
J:/ccrcrcrf: 0.000000000 0.802661565 0.197338435
J:/ccrfr: 0.427673294 0.228101774 0.344224932
J:/ccrrc: 0.503490818 0.492207980 0.004301201
J:/ccrrf: 0.063930757 0.553949274 0.382119969
J:/ccrrr: 0.000000000 0.876176809 0.123823191
J:/cr: 0.000219299 0.985007265 0.014773437
J:/crcrc: 0.136237954 0.493633494 0.370128553
J:/crcrf: 0.283551431 0.422561868 0.293886700
J:/crcrr: 0.000000000 0.681113357 0.318886643
J:/crrcr: 0.000000000 0.100301198 0.899698802
J:/crrfr: 0.000000000 0.490979863 0.509020137
J:/crrrc: 0.000000000 0.467434325 0.532565675
J:/crrrf: 0.000000000 0.225483226 0.774516774
J:/rc: 0.000000000 1.000000000 0.000000000
J:/rcrcr: 0.000000000 0.676188842 0.323811158
J:/rcrfr: 0.000000000 0.840255587 0.159744413
J:/rcrrc: 0.000000000 0.000000000 1.000000000
J:/rcrrf: 0.000000000 0.021820311 0.978179689
J:/rf: 0.158909947 0.433019645 0.408070408
J:/rfrr: 0.000000000 0.493557421 0.506442579
J:/rr: 0.000000000 0.369635873 0.630364127
J:/rrcrc: 0.000000000 0.418467950 0.581532050
J:/rrcrf: 0.000000000 0.708893361 0.291106639
K:/cc: 0.307888800 0.692111200 0.000000000
K:/ccrcr: 0.654090754 0.271169322 0.074739924
K:/ccrcrcrc: 0.000000000 0.838175710 0.161824290
K:/ccrcrcrf: 0.000000000 0.596328353 0.403671647
K:/ccrfr: 0.472608716 0.237365314 0.290025970
K:/ccrrc: 0.643312583 0.203719169 0.152968248
K:/ccrrf: 0.241778904 0.458584251 0.299636844
K:/ccrrr: 0.000000000 0.992457793 0.007542207
K:/cr: 0.000000000 1.000000000 0.000000000
K:/crcrc: 0.217539913 0.385699279 0.396760808
K:/crcrf: 0.338356570 0.316309791 0.345333639
K:/crcrr: 0.000000000 0.534298069 0.465701931
K:/crrcr: 0.000000000 0.550352086 0.449647914
K:/crrfr: 0.000000000 0.999970250 0.000029750
K:/crrrc: 0.000000000 0.932785573 0.067214427
K:/crrrf: 0.000000000 0.511099694 0.488900306
K:/rc: 0.846104366 0.153895634 0.000000000
K:/rcrcr: 0.000000000 0.887173686 0.112826314
K:/rcrfr: 0.000000000 0.850487025 0.149512975
K:/rcrrc: 0.000000000 1.000000000 0.000000000
K:/rcrrf: 0.000000000 0.559241536 0.440758464
K:/rf: 0.100449061 0.314862091 0.584688847
K:/rfrr: 0.000000000 0.379140621 0.620859379
K:/rr: 0.000000000 0.803893676 0.196106324
K:/rrcrc: 0.000000000 0.741421953 0.258578047
K:/rrcrf: 0.000000000 0.265729638 0.734270362
Q:/cc: 0.338490792 0.661509208 0.000000000
Q:/ccrcr: 0.815323605 0.115062154 0.069614241
Q:/ccrcrcrc: 0.000000000 0.553809968 0.446190032
Q:/ccrcrcrf: 0.000000000 0.059478202 0.940521798
Q:/ccrfr: 0.220425697 0.530013169 0.249561134
Q:/ccrrc: 0.238552721 0.746350416 0.015096863
Q:/ccrrf: 0.534054480 0.049846643 0.416098877
Q:/ccrrr: 0.000000000 0.997443063 0.002556937
Q:/cr: 0.000021650 0.999836095 0.000142255
Q:/crcrc: 0.678786847 0.091747217 0.229465936
Q:/crcrf: 0.294541489 0.423783474 0.281675037
Q:/crcrr: 0.000000000 0.758417747 0.241582253
Q:/crrcr: 0.000000000 0.657531582 0.342468418
Q:/crrfr: 0.000000000 0.867940873 0.132059127
Q:/crrrc: 0.000000000 0.672650198 0.327349802
Q:/crrrf: 0.000000000 0.268359918 0.731640082
Q:/rc: 0.000000000 1.000000000 0.000000000
Q:/rcrcr: 0.000000000 0.956373924 0.043626076
Q:/rcrfr: 0.000000000 0.999979345 0.000020655
Q:/rcrrc: 0.000000000 0.000000000 1.000000000
Q:/rcrrf: 0.000000000 0.099842482 0.900157518
Q:/rf: 0.307068541 0.402372188 0.290559271
Q:/rfrr: 0.000000000 0.383457308 0.616542692
Q:/rr: 0.000000000 0.322330352 0.677669648
Q:/rrcrc: 0.000000000 0.614113814 0.385886186
Q:/rrcrf: 0.000000000 0.234137095 0.765862905
T:/cc: 0.304791313 0.695208687 0.000000000
T:/ccrcr: 0.284085774 0.272594976 0.443319250
T:/ccrcrcrc: 0.000000000 0.560216515 0.439783485
T:/ccrcrcrf: 0.000000000 0.251458543 0.748541457
T:/ccrfr: 0.202408678 0.410090802 0.387500519
T:/ccrrc: 0.189560225 0.649386798 0.161052977
T:/ccrrf: 0.425646220 0.366439454 0.207914326
T:/ccrrr: 0.000000000 0.855860905 0.144139095
T:/cr: 0.000101478 0.704635889 0.295262633
T:/crcrc: 0.263826353 0.529927399 0.206246248
T:/crcrf: 0.307406291 0.414917829 0.277675880
T:/crcrr: 0.000000000 0.865060899 0.134939101
T:/crrcr: 0.000000000 0.472048056 0.527951944
T:/crrfr: 0.000000000 0.317904748 0.682095252
T:/crrrc: 0.000000000 0.385984628 0.614015372
T:/crrrf: 0.000000000 0.398718666 0.601281334
T:/rc: 0.000796469 0.998669671 0.000533860
T:/rcrcr: 0.000000000 0.844081922 0.155918078
T:/rcrfr: 0.000000000 0.694936371 0.305063629
T:/rcrrc: 0.000000000 0.119654443 0.880345557
T:/rcrrf: 0.000000000 0.532674091 0.467325909
T:/rf: 0.466769196 0.338902067 0.194328737
T:/rfrr: 0.000000000 0.218434351 0.781565649
T:/rr: 0.000000000 0.000510566 0.999489434
T:/rrcrc: 0.000000000 0.696210489 0.303789511
T:/rrcrf: 0.000000000 0.826728565 0.173271435
