8:/: 0.341266270 0.658733730 0.000000000
8:/cccr: 0.000000000 0.000000000 1.000000000
8:/ccrc: 0.000000000 0.000000000 1.000000000
8:/ccrf: 0.000000000 0.356079434 0.643920566
8:/crcc: 0.000000000 0.219723453 0.780276547
8:/crcf: 0.000000000 0.501603668 0.498396332
8:/crfc: 0.000000000 0.283862557 0.716137443
8:/crff: 0.000000000 0.041978324 0.958021676
9:/: 0.003378163 0.996621837 0.000000000
9:/cccr: 0.000000000 0.000000000 1.000000000
9:/ccrc: 0.000000000 0.295678531 0.704321469
9:/ccrf: 0.000000000 0.564878375 0.435121625
9:/crcc: 0.000000000 0.301922615 0.698077385
9:/crcf: 0.000000000 0.188383128 0.811616872
9:/crfc: 0.000000000 0.040740239 0.959259761
9:/crff: 0.000000000 0.170105670 0.829894330
A:/: 0.515735604 0.484264396 0.000000000
A:/cccr: 0.000000000 1.000000000 0.000000000
A:/ccrc: 0.000000000 1.000000000 0.000000000
A:/ccrf: 0.000000000 1.000000000 0.000000000
A:/crcc: 0.000000000 0.427272020 0.572727980
A:/crcf: 0.000000000 1.000000000 0.000000000
A:/crfc: 0.000000000 1.000000000 0.000000000
A:/crff: 0.000000000 1.000000000 0.000000000
J:/: 0.211973529 0.788026471 0.000000000
J:/cccr: 0.000000000 0.000000000 1.000000000
J:/ccrc: 0.000000000 0.000000000 1.000000000
J:/ccrf: 0.000000000 0.439557004 0.560442996
J:/crcc: 0.000000000 0.239896572 0.760103428
J:/crcf: 0.000000000 0.194180683 0.805819317
J:/crfc: 0.000000000 0.535177502 0.464822498
J:/crff: 0.000000000 0.497230016 0.502769984
K:/: 0.856467665 0.143532335 0.000000000
K:/cccr: 0.000000000 1.000000000 0.000000000
K:/ccrc: 0.000000000 0.912072353 0.087927647
K:/ccrf: 0.000000000 1.000000000 0.000000000
K:/crcc: 0.000000000 0.512594195 0.487405805
K:/crcf: 0.000000000 0.850551222 0.149448778
K:/crfc: 0.000000000 0.713820239 0.286179761
K:/crff: 0.000000000 0.709566941 0.290433059
Q:/: 0.006878602 0.993121398 0.000000000
Q:/cccr: 0.000000000 0.154927926 0.845072074
Q:/ccrc: 0.000000000 0.000344598 0.999655402
Q:/ccrf: 0.000000000 0.073319768 0.926680232
Q:/crcc: 0.000000000 0.184279260 0.815720740
Q:/crcf: 0.000000000 0.135708406 0.864291594
Q:/crfc: 0.000000000 0.112210653 0.887789347
Q:/crff: 0.000000000 0.273828048 0.726171952
T:/: 0.000019873 0.999980127 0.000000000
T:/cccr: 0.000000000 0.000000000 1.000000000
T:/ccrc: 0.000000000 0.000000000 1.000000000
T:/ccrf: 0.000000000 0.278911170 0.721088830
T:/crcc: 0.000000000 0.108724418 0.891275582
T:/crcf: 0.000000000 0.052578363 0.947421637
T:/crfc: 0.000000000 0.123292714 0.876707286
T:/crff: 0.000000000 0.000000000 1.000000000
