A:/ccc: 0.300353388 0.699646612 0.000000000
A:/cccrccr: 0.462285749 0.376888812 0.160825439
A:/cccrccrccrc: 0.000000000 0.938208147 0.061791853
A:/cccrccrccrf: 0.000000000 0.744494428 0.255505572
A:/cccrccrcfrc: 0.000000000 0.834537508 0.165462492
A:/cccrccrcfrf: 0.000000000 0.103752756 0.896247244
A:/cccrccrcrcc: 0.000000000 0.417544481 0.582455519
A:/cccrccrcrcf: 0.000000000 0.409992820 0.590007180
A:/cccrccrcrfc: 0.000000000 0.546046811 0.453953189
A:/cccrccrcrff: 0.000000000 0.609874419 0.390125581
A:/cccrcfr: 0.658280289 0.225560105 0.116159606
A:/cccrcfrcrc: 0.000000000 0.783641043 0.216358957
A:/cccrcfrcrf: 0.000000000 0.656480777 0.343519223
A:/cccrcrc: 0.675778299 0.027048526 0.297173176
A:/cccrcrccrcc: 0.000000000 0.427663075 0.572336925
A:/cccrcrccrcf: 0.000000000 0.337888544 0.662111456
A:/cccrcrccrfc: 0.000000000 0.107660238 0.892339762
A:/cccrcrccrff: 0.000000000 0.193883054 0.806116946
A:/cccrcrf: 0.319986818 0.347037904 0.332975278
A:/cccrcrfcrc: 0.000000000 0.474750262 0.525249738
A:/cccrcrfcrf: 0.000000000 0.664754809 0.335245191
A:/cccrcrr: 0.000000000 0.424158047 0.575841953
A:/cccrfcr: 0.101684624 0.410308864 0.488006512
A:/cccrfcrcrc: 0.000000000 0.345842872 0.654157128
A:/cccrfcrcrf: 0.000000000 0.171296905 0.828703095
A:/cccrffr: 0.042852551 0.572907762 0.384239687
A:/cccrfrc: 0.742075565 0.243904522 0.014019913
A:/cccrfrf: 0.369621765 0.384989126 0.245389110
A:/cccrfrr: 0.000000000 0.482386172 0.517613828
A:/cccrrcc: 0.184382138 0.392792962 0.422824900
A:/cccrrcf: 0.340072103 0.251693406 0.408234491
A:/cccrrcr: 0.000000000 0.823506056 0.176493944
A:/cccrrfc: 0.312017994 0.434625071 0.253356935
A:/cccrrff: 0.192914271 0.314426379 0.492659350
A:/cccrrfr: 0.000000000 0.806838930 0.193161070
A:/cccrrrc: 0.000000000 0.502505199 0.497494801
A:/cccrrrf: 0.000000000 0.468280183 0.531719817
A:/ccr: 0.422991410 0.209854480 0.367154110
A:/ccrccrc: 0.044625501 0.950862851 0.004511649
A:/ccrccrccrcc: 0.000000000 0.496432147 0.503567853
A:/ccrccrccrcf: 0.000000000 0.289567877 0.710432123
A:/ccrccrccrfc: 0.000000000 0.678743300 0.321256700
A:/ccrccrccrff: 0.000000000 0.641529300 0.358470700
A:/ccrccrf: 0.485473678 0.124617396 0.389908926
A:/ccrccrfcrc: 0.000000000 0.239611723 0.760388277
A:/ccrccrfcrf: 0.000000000 0.734986250 0.265013750
A:/ccrccrr: 0.000000000 0.142947655 0.857052345
A:/ccrcfrc: 0.247697551 0.382309397 0.369993052
A:/ccrcfrf: 0.263375050 0.466323785 0.270301165
A:/ccrcfrr: 0.000000000 0.800011217 0.199988783
A:/ccrcrcc: 0.028391631 0.810803397 0.160804972
A:/ccrcrcf: 0.388028302 0.608949901 0.003021797
A:/ccrcrcr: 0.000000000 0.325388541 0.674611459
A:/ccrcrfc: 0.077031920 0.394136794 0.528831286
A:/ccrcrff: 0.371617161 0.033097300 0.595285539
A:/ccrcrfr: 0.000000000 0.478976761 0.521023239
A:/ccrcrrc: 0.000000000 0.698495734 0.301504266
A:/ccrcrrf: 0.000000000 0.147862567 0.852137433
A:/ccrrccr: 0.000000000 0.300443779 0.699556221
A:/ccrrcfr: 0.000000000 0.104578060 0.895421940
A:/ccrrcrc: 0.000000000 0.288405825 0.711594175
A:/ccrrcrf: 0.000000000 0.740529309 0.259470691
A:/ccrrfcr: 0.000000000 0.365672753 0.634327247
A:/ccrrffr: 0.000000000 0.066719792 0.933280208
A:/ccrrfrc: 0.000000000 0.393090190 0.606909810
A:/ccrrfrf: 0.000000000 0.771682864 0.228317136
A:/ccrrrcc: 0.000000000 0.088460893 0.911539107
A:/ccrrrcf: 0.000000000 0.801404671 0.198595329
A:/ccrrrfc: 0.000000000 0.744597959 0.255402041
A:/ccrrrff: 0.000000000 0.838122950 0.161877050
A:/crc: 0.223347378 0.634278310 0.142374312
A:/crccrcc: 0.329371773 0.450065139 0.220563089
A:/crccrcf: 0.434689080 0.515302154 0.050008766
A:/crccrcr: 0.000000000 0.665299523 0.334700477
A:/crccrfc: 0.663603040 0.125153393 0.211243567
A:/crccrff: 0.014220848 0.937024348 0.048754804
A:/crccrfr: 0.000000000 0.042970152 0.957029848
A:/crccrrc: 0.000000000 0.811673390 0.188326610
A:/crccrrf: 0.000000000 0.856587311 0.143412689
A:/crcrccr: 0.000000000 0.922910739 0.077089261
A:/crcrcfr: 0.000000000 0.540529339 0.459470661
A:/crcrcrc: 0.000000000 0.505701141 0.494298859
A:/crcrcrf: 0.000000000 0.815708482 0.184291518
A:/crcrfcr: 0.000000000 0.418731512 0.581268488
A:/crcrffr: 0.000000000 0.437191833 0.562808167
A:/crcrfrc: 0.000000000 0.712874578 0.287125422
A:/crcrfrf: 0.000000000 0.179168961 0.820831039
A:/crcrrcc: 0.000000000 0.756667119 0.243332881
A:/crcrrcf: 0.000000000 0.118412765 0.881587235
A:/crcrrfc: 0.000000000 0.911350832 0.088649168
A:/crcrrff: 0.000000000 0.646241420 0.353758580
A:/crf: 0.422258714 0.290852627 0.286888658
A:/crfcrc: 0.433933094 0.063672782 0.502394124
A:/crfcrf: 0.391136971 0.255034473 0.353828556
A:/crfcrr: 0.000000000 0.600312680 0.399687320
A:/crfrcr: 0.000000000 0.296559045 0.703440955
A:/crfrfr: 0.000000000 0.387615493 0.612384507
A:/crfrrc: 0.000000000 0.872868365 0.127131635
A:/crfrrf: 0.000000000 0.493546801 0.506453199
A:/crr: 0.511266319 0.194650679 0.294083002
A:/crrccrc: 0.000000000 0.187653967 0.812346033
A:/crrccrf: 0.000000000 0.211277097 0.788722903
A:/crrcfrc: 0.000000000 0.365102256 0.634897744
A:/crrcfrf: 0.000000000 0.760078765 0.239921235
A:/crrcrcc: 0.000000000 0.445056014 0.554943986
A:/crrcrcf: 0.000000000 0.756695736 0.243304264
A:/crrcrfc: 0.000000000 0.464736566 0.535263434
A:/crrcrff: 0.000000000 0.477402269 0.522597731
A:/rcc: 0.347101819 0.269130095 0.383768086
A:/rccrccr: 0.000000000 0.908417605 0.091582395
A:/rccrcfr: 0.000000000 0.430162662 0.569837338
A:/rccrcrc: 0.000000000 0.243080518 0.756919482
A:/rccrcrf: 0.000000000 0.557212322 0.442787678
A:/rccrfcr: 0.000000000 0.243218048 0.756781952
A:/rccrffr: 0.000000000 0.639701259 0.360298741
A:/rccrfrc: 0.000000000 0.380479167 0.619520833
A:/rccrfrf: 0.000000000 0.679172687 0.320827313
A:/rccrrcc: 0.000000000 0.292461189 0.707538811
A:/rccrrcf: 0.000000000 0.393002805 0.606997195
A:/rccrrfc: 0.000000000 0.392704385 0.607295615
A:/rccrrff: 0.000000000 0.389427594 0.610572406
A:/rcf: 0.371320001 0.252493457 0.376186542
A:/rcfrcr: 0.000000000 0.232052458 0.767947542
A:/rcfrfr: 0.000000000 0.020154161 0.979845839
A:/rcfrrc: 0.000000000 0.305974958 0.694025042
A:/rcfrrf: 0.000000000 0.605389411 0.394610589
A:/rcr: 0.358448249 0.323589909 0.317961842
A:/rcrccrc: 0.000000000 0.160345180 0.839654820
A:/rcrccrf: 0.000000000 0.278925106 0.721074894
A:/rcrcfrc: 0.000000000 0.645493537 0.354506463
A:/rcrcfrf: 0.000000000 0.216011208 0.783988792
A:/rcrcrcc: 0.000000000 0.320945893 0.679054107
A:/rcrcrcf: 0.000000000 0.426583263 0.573416737
A:/rcrcrfc: 0.000000000 0.269037425 0.730962575
A:/rcrcrff: 0.000000000 0.280723674 0.719276326
A:/rfc: 0.492061866 0.043418541 0.464519593
A:/rfcrcr: 0.000000000 0.390290562 0.609709438
A:/rfcrfr: 0.000000000 0.683662894 0.316337106
A:/rfcrrc: 0.000000000 0.277340376 0.722659624
A:/rfcrrf: 0.000000000 0.016720234 0.983279766
A:/rff: 0.257935916 0.726047686 0.016016399
A:/rffrr: 0.000000000 0.125262088 0.874737912
A:/rfr: 0.526516885 0.464407971 0.009075144
A:/rfrcrc: 0.000000000 0.498145138 0.501854862
A:/rfrcrf: 0.000000000 0.477466887 0.522533113
A:/rrc: 0.530545319 0.203484619 0.265970061
A:/rrccrcc: 0.000000000 0.774109507 0.225890493
A:/rrccrcf: 0.000000000 0.500971371 0.499028629
A:/rrccrfc: 0.000000000 0.906378497 0.093621503
A:/rrccrff: 0.000000000 0.261737646 0.738262354
A:/rrf: 0.118529167 0.300796390 0.580674443
A:/rrfcrc: 0.000000000 0.738209353 0.261790647
A:/rrfcrf: 0.000000000 0.448261554 0.551738446
A:/rrr: 0.000000000 0.423040108 0.576959892
J:/ccc: 0.748124604 0.251875396 0.000000000
J:/cccrccr: 0.152808196 0.499466270 0.347725534
J:/cccrccrccrc: 0.000000000 0.168257355 0.831742645
J:/cccrccrccrf: 0.000000000 0.392824292 0.607175708
J:/cccrccrcfrc: 0.000000000 0.257201707 0.742798293
J:/cccrccrcfrf: 0.000000000 0.689470258 0.310529742
J:/cccrccrcrcc: 0.000000000 0.741980837 0.258019163
J:/cccrccrcrcf: 0.000000000 0.077581518 0.922418482
J:/cccrccrcrfc: 0.000000000 0.691425109 0.308574891
J:/cccrccrcrff: 0.000000000 0.044267793 0.955732207
J:/cccrcfr: 0.323429279 0.109000161 0.567570559
J:/cccrcfrcrc: 0.000000000 0.672016975 0.327983025
J:/cccrcfrcrf: 0.000000000 0.778429235 0.221570765
J:/cccrcrc: 0.295166482 0.290368701 0.414464817
J:/cccrcrccrcc: 0.000000000 0.620002619 0.379997381
J:/cccrcrccrcf: 0.000000000 0.646649787 0.353350213
J:/cccrcrccrfc: 0.000000000 0.842308250 0.157691750
J:/cccrcrccrff: 0.000000000 0.379589949 0.620410051
J:/cccrcrf: 0.092704116 0.618387439 0.288908445
J:/cccrcrfcrc: 0.000000000 0.787325431 0.212674569
J:/cccrcrfcrf: 0.000000000 0.113632534 0.886367466
J:/cccrcrr: 0.000000000 0.896191791 0.103808209
J:/cccrfcr: 0.301600238 0.507700491 0.190699270
J:/cccrfcrcrc: 0.000000000 0.448989018 0.551010982
J:/cccrfcrcrf: 0.000000000 0.622486117 0.377513883
J:/cccrffr: 0.478171627 0.500774702 0.021053671
J:/cccrfrc: 0.226161726 0.703565412 0.070272863
J:/cccrfrf: 0.305303039 0.335489206 0.359207755
J:/cccrfrr: 0.000000000 0.375564123 0.624435877
J:/cccrrcc: 0.411670106 0.088319110 0.500010784
J:/cccrrcf: 0.008083525 0.510895808 0.481020667
J:/cccrrcr: 0.000000000 0.321514634 0.678485366
J:/cccrrfc: 0.613027317 0.039075206 0.347897478
J:/cccrrff: 0.538676854 0.354124182 0.107198965
J:/cccrrfr: 0.000000000 0.604061069 0.395938931
J:/cccrrrc: 0.000000000 0.981243132 0.018756868
J:/cccrrrf: 0.000000000 0.953827772 0.046172228
J:/ccr: 0.096517266 0.202972604 0.700510130
J:/ccrccrc: 0.013658283 0.151128926 0.835212791
J:/ccrccrccrcc: 0.000000000 0.601531451 0.398468549
J:/ccrccrccrcf: 0.000000000 0.083845295 0.916154705
J:/ccrccrccrfc: 0.000000000 0.260811914 0.739188086
J:/ccrccrccrff: 0.000000000 0.407917905 0.592082095
J:/ccrccrf: 0.436797600 0.269084206 0.294118195
J:/ccrccrfcrc: 0.000000000 0.807226403 0.192773597
J:/ccrccrfcrf: 0.000000000 0.448378254 0.551621746
J:/ccrccrr: 0.000000000 0.129694507 0.870305493
J:/ccrcfrc: 0.504499958 0.483128106 0.012371936
J:/ccrcfrf: 0.279749706 0.349318989 0.370931305
J:/ccrcfrr: 0.000000000 0.885872549 0.114127451
J:/ccrcrcc: 0.479382865 0.034118846 0.486498289
J:/ccrcrcf: 0.247938118 0.400568191 0.351493691
J:/ccrcrcr: 0.000000000 0.942888785 0.057111215
J:/ccrcrfc: 0.068603105 0.233145080 0.698251815
J:/ccrcrff: 0.236387210 0.542409141 0.221203649
J:/ccrcrfr: 0.000000000 0.178041751 0.821958249
J:/ccrcrrc: 0.000000000 0.223220791 0.776779209
J:/ccrcrrf: 0.000000000 0.633176113 0.366823887
J:/ccrrccr: 0.000000000 0.567002662 0.432997338
J:/ccrrcfr: 0.000000000 0.507349707 0.492650293
J:/ccrrcrc: 0.000000000 0.617396297 0.382603703
J:/ccrrcrf: 0.000000000 0.413852512 0.586147488
J:/ccrrfcr: 0.000000000 0.282744766 0.717255234
J:/ccrrffr: 0.000000000 0.577975817 0.422024183
J:/ccrrfrc: 0.000000000 0.640210801 0.359789199
J:/ccrrfrf: 0.000000000 0.081178046 0.918821954
J:/ccrrrcc: 0.000000000 0.319898850 0.680101150
J:/ccrrrcf: 0.000000000 0.840984072 0.159015928
J:/ccrrrfc: 0.000000000 0.468159324 0.531840676
J:/ccrrrff: 0.000000000 0.465227882 0.534772118
J:/crc: 0.689917932 0.147705512 0.162376556
J:/crccrcc: 0.163473608 0.377682814 0.458843578
J:/crccrcf: 0.799746953 0.041850022 0.158403025
J:/crccrcr: 0.000000000 0.823545290 0.176454710
J:/crccrfc: 0.313339014 0.590542681 0.096118305
J:/crccrff: 0.471658338 0.348398830 0.179942833
J:/crccrfr: 0.000000000 0.437727241 0.562272759
J:/crccrrc: 0.000000000 0.466791880 0.533208120
J:/crccrrf: 0.000000000 0.278367415 0.721632585
J:/crcrccr: 0.000000000 0.443472337 0.556527663
J:/crcrcfr: 0.000000000 0.618900087 0.381099913
J:/crcrcrc: 0.000000000 0.819842813 0.180157187
J:/crcrcrf: 0.000000000 0.825359008 0.174640992
J:/crcrfcr: 0.000000000 0.517225185 0.482774815
J:/crcrffr: 0.000000000 0.214191194 0.785808806
J:/crcrfrc: 0.000000000 0.306421743 0.693578257
J:/crcrfrf: 0.000000000 0.095227046 0.904772954
J:/crcrrcc: 0.000000000 0.475791486 0.524208514
J:/crcrrcf: 0.000000000 0.575361355 0.424638645
J:/crcrrfc: 0.000000000 0.932086588 0.067913412
J:/crcrrff: 0.000000000 0.752989290 0.247010710
J:/crf: 0.341167786 0.138452980 0.520379234
J:/crfcrc: 0.048411652 0.476939641 0.474648706
J:/crfcrf: 0.278802286 0.202311690 0.518886024
J:/crfcrr: 0.000000000 0.736093136 0.263906864
J:/crfrcr: 0.000000000 0.507767372 0.492232628
J:/crfrfr: 0.000000000 0.628379341 0.371620659
J:/crfrrc: 0.000000000 0.957902587 0.042097413
J:/crfrrf: 0.000000000 0.573804559 0.426195441
J:/crr: 0.186425733 0.211487013 0.602087254
J:/crrccrc: 0.000000000 0.502926259 0.497073741
J:/crrccrf: 0.000000000 0.481023590 0.518976410
J:/crrcfrc: 0.000000000 0.363802284 0.636197716
J:/crrcfrf: 0.000000000 0.264763954 0.735236046
J:/crrcrcc: 0.000000000 0.793904581 0.206095419
J:/crrcrcf: 0.000000000 0.444584423 0.555415577
J:/crrcrfc: 0.000000000 0.718482657 0.281517343
J:/crrcrff: 0.000000000 0.898119616 0.101880384
J:/rcc: 0.446452939 0.364163405 0.189383655
J:/rccrccr: 0.000000000 0.819917087 0.180082913
J:/rccrcfr: 0.000000000 0.709884072 0.290115928
J:/rccrcrc: 0.000000000 0.912170966 0.087829034
J:/rccrcrf: 0.000000000 0.382932671 0.617067329
J:/rccrfcr: 0.000000000 0.799297457 0.200702543
J:/rccrffr: 0.000000000 0.460333922 0.539666078
J:/rccrfrc: 0.000000000 0.024159866 0.975840134
J:/rccrfrf: 0.000000000 0.795433268 0.204566732
J:/rccrrcc: 0.000000000 0.200440985 0.799559015
J:/rccrrcf: 0.000000000 0.941258333 0.058741667
J:/rccrrfc: 0.000000000 0.557240508 0.442759492
J:/rccrrff: 0.000000000 0.303653476 0.696346524
J:/rcf: 0.327169359 0.255108244 0.417722397
J:/rcfrcr: 0.000000000 0.601753169 0.398246831
J:/rcfrfr: 0.000000000 0.385051957 0.614948043
J:/rcfrrc: 0.000000000 0.000997650 0.999002350
J:/rcfrrf: 0.000000000 0.754323628 0.245676372
J:/rcr: 0.345466308 0.320079151 0.334454541
J:/rcrccrc: 0.000000000 0.401229291 0.598770709
J:/rcrccrf: 0.000000000 0.186195463 0.813804537
J:/rcrcfrc: 0.000000000 0.550644509 0.449355491
J:/rcrcfrf: 0.000000000 0.685364776 0.314635224
J:/rcrcrcc: 0.000000000 0.627626840 0.372373160
J:/rcrcrcf: 0.000000000 0.227996587 0.772003413
J:/rcrcrfc: 0.000000000 0.755816073 0.244183927
J:/rcrcrff: 0.000000000 0.170818065 0.829181935
J:/rfc: 0.543621628 0.282590486 0.173787885
J:/rfcrcr: 0.000000000 0.124529618 0.875470382
J:/rfcrfr: 0.000000000 0.052726980 0.947273020
J:/rfcrrc: 0.000000000 0.133536795 0.866463205
J:/rfcrrf: 0.000000000 0.155689398 0.844310602
J:/rff: 0.187819309 0.459957372 0.352223319
J:/rffrr: 0.000000000 0.362205832 0.637794168
J:/rfr: 0.375513165 0.124243049 0.500243786
J:/rfrcrc: 0.000000000 0.357370521 0.642629479
J:/rfrcrf: 0.000000000 0.517880183 0.482119817
J:/rrc: 0.189751547 0.421980041 0.388268412
J:/rrccrcc: 0.000000000 0.315708882 0.684291118
J:/rrccrcf: 0.000000000 0.794832982 0.205167018
J:/rrccrfc: 0.000000000 0.783793129 0.216206871
J:/rrccrff: 0.000000000 0.896170827 0.103829173
J:/rrf: 0.196727207 0.399894291 0.403378502
J:/rrfcrc: 0.000000000 0.071825278 0.928174722
J:/rrfcrf: 0.000000000 0.410219614 0.589780386
J:/rrr: 0.000000000 0.189115334 0.810884666
K:/ccc: 0.568086542 0.431913458 0.000000000
K:/cccrccr: 0.761374383 0.102546794 0.136078822
K:/cccrccrccrc: 0.000000000 0.558875927 0.441124073
K:/cccrccrccrf: 0.000000000 0.726297042 0.273702958
K:/cccrccrcfrc: 0.000000000 0.544748220 0.455251780
K:/cccrccrcfrf: 0.000000000 0.746641943 0.253358057
K:/cccrccrcrcc: 0.000000000 0.939475555 0.060524445
K:/cccrccrcrcf: 0.000000000 0.284760819 0.715239181
K:/cccrccrcrfc: 0.000000000 0.959070941 0.040929059
K:/cccrccrcrff: 0.000000000 0.005227672 0.994772328
K:/cccrcfr: 0.058717989 0.065223726 0.876058285
K:/cccrcfrcrc: 0.000000000 0.458465338 0.541534662
K:/cccrcfrcrf: 0.000000000 0.366253216 0.633746784
K:/cccrcrc: 0.480921207 0.495795859 0.023282934
K:/cccrcrccrcc: 0.000000000 0.617923295 0.382076705
K:/cccrcrccrcf: 0.000000000 0.412518924 0.587481076
K:/cccrcrccrfc: 0.000000000 0.860076136 0.139923864
K:/cccrcrccrff: 0.000000000 0.619602673 0.380397327
K:/cccrcrf: 0.321509820 0.318836691 0.359653488
K:/cccrcrfcrc: 0.000000000 0.053360758 0.946639242
K:/cccrcrfcrf: 0.000000000 0.665119461 0.334880539
K:/cccrcrr: 0.000000000 0.336819973 0.663180027
K:/cccrfcr: 0.121331815 0.800313533 0.078354652
K:/cccrfcrcrc: 0.000000000 0.283086478 0.716913522
K:/cccrfcrcrf: 0.000000000 0.270032186 0.729967814
K:/cccrffr: 0.398001691 0.264341409 0.337656899
K:/cccrfrc: 0.328836118 0.215525477 0.455638405
K:/cccrfrf: 0.325822018 0.321455504 0.352722478
K:/cccrfrr: 0.000000000 0.280313584 0.719686416
K:/cccrrcc: 0.301332764 0.437132680 0.261534556
K:/cccrrcf: 0.038678594 0.214945071 0.746376335
K:/cccrrcr: 0.000000000 0.276148751 0.723851249
K:/cccrrfc: 0.187959655 0.547013910 0.265026435
K:/cccrrff: 0.357492666 0.173773610 0.468733724
K:/cccrrfr: 0.000000000 0.502186042 0.497813958
K:/cccrrrc: 0.000000000 0.689500676 0.310499324
K:/cccrrrf: 0.000000000 0.435094388 0.564905612
K:/ccr: 0.428407201 0.320216327 0.251376472
K:/ccrccrc: 0.461347041 0.194414267 0.344238692
K:/ccrccrccrcc: 0.000000000 0.059387033 0.940612967
K:/ccrccrccrcf: 0.000000000 0.492134351 0.507865649
K:/ccrccrccrfc: 0.000000000 0.034757557 0.965242443
K:/ccrccrccrff: 0.000000000 0.128459368 0.871540632
K:/ccrccrf: 0.144845531 0.393238475 0.461915994
K:/ccrccrfcrc: 0.000000000 0.507721917 0.492278083
K:/ccrccrfcrf: 0.000000000 0.480854954 0.519145046
K:/ccrccrr: 0.000000000 0.439032998 0.560967002
K:/ccrcfrc: 0.599759426 0.248251528 0.151989046
K:/ccrcfrf: 0.098246349 0.423858511 0.477895140
K:/ccrcfrr: 0.000000000 0.435712655 0.564287345
K:/ccrcrcc: 0.478830917 0.087387142 0.433781940
K:/ccrcrcf: 0.468512356 0.338057492 0.193430152
K:/ccrcrcr: 0.000000000 0.588559883 0.411440117
K:/ccrcrfc: 0.383794684 0.173753712 0.442451604
K:/ccrcrff: 0.533577823 0.019213608 0.447208568
K:/ccrcrfr: 0.000000000 0.423888081 0.576111919
K:/ccrcrrc: 0.000000000 0.554468424 0.445531576
K:/ccrcrrf: 0.000000000 0.412100638 0.587899362
K:/ccrrccr: 0.000000000 0.710613525 0.289386475
K:/ccrrcfr: 0.000000000 0.540707691 0.459292309
K:/ccrrcrc: 0.000000000 0.222885846 0.777114154
K:/ccrrcrf: 0.000000000 0.292244289 0.707755711
K:/ccrrfcr: 0.000000000 0.479952739 0.520047261
K:/ccrrffr: 0.000000000 0.111710286 0.888289714
K:/ccrrfrc: 0.000000000 0.517600128 0.482399872
K:/ccrrfrf: 0.000000000 0.408600033 0.591399967
K:/ccrrrcc: 0.000000000 0.881758661 0.118241339
K:/ccrrrcf: 0.000000000 0.222518440 0.777481560
K:/ccrrrfc: 0.000000000 0.570674573 0.429325427
K:/ccrrrff: 0.000000000 0.638779248 0.361220752
K:/crc: 0.487871229 0.187995653 0.324133118
K:/crccrcc: 0.779133813 0.128804157 0.092062029
K:/crccrcf: 0.029271469 0.576133368 0.394595164
K:/crccrcr: 0.000000000 0.551327663 0.448672337
K:/crccrfc: 0.409514602 0.231496687 0.358988711
K:/crccrff: 0.317257044 0.327043238 0.355699718
K:/crccrfr: 0.000000000 0.188269049 0.811730951
K:/crccrrc: 0.000000000 0.234966770 0.765033230
K:/crccrrf: 0.000000000 0.428117127 0.571882873
K:/crcrccr: 0.000000000 0.540341789 0.459658211
K:/crcrcfr: 0.000000000 0.934139465 0.065860535
K:/crcrcrc: 0.000000000 0.356751619 0.643248381
K:/crcrcrf: 0.000000000 0.699791783 0.300208217
K:/crcrfcr: 0.000000000 0.453889609 0.546110391
K:/crcrffr: 0.000000000 0.726365499 0.273634501
K:/crcrfrc: 0.000000000 0.032864392 0.967135608
K:/crcrfrf: 0.000000000 0.007690549 0.992309451
K:/crcrrcc: 0.000000000 0.086618700 0.913381300
K:/crcrrcf: 0.000000000 0.767629115 0.232370885
K:/crcrrfc: 0.000000000 0.745351892 0.254648108
K:/crcrrff: 0.000000000 0.425538216 0.574461784
K:/crf: 0.650079570 0.022155542 0.327764887
K:/crfcrc: 0.455433975 0.270340987 0.274225038
K:/crfcrf: 0.527994884 0.139635819 0.332369297
K:/crfcrr: 0.000000000 0.642524821 0.357475179
K:/crfrcr: 0.000000000 0.223214187 0.776785813
K:/crfrfr: 0.000000000 0.667747980 0.332252020
K:/crfrrc: 0.000000000 0.433932189 0.566067811
K:/crfrrf: 0.000000000 0.367378155 0.632621845
K:/crr: 0.291123495 0.448482797 0.260393709
K:/crrccrc: 0.000000000 0.430952106 0.569047894
K:/crrccrf: 0.000000000 0.741836095 0.258163905
K:/crrcfrc: 0.000000000 0.547679721 0.452320279
K:/crrcfrf: 0.000000000 0.187919755 0.812080245
K:/crrcrcc: 0.000000000 0.144237884 0.855762116
K:/crrcrcf: 0.000000000 0.567070109 0.432929891
K:/crrcrfc: 0.000000000 0.487090315 0.512909685
K:/crrcrff: 0.000000000 0.271905813 0.728094187
K:/rcc: 0.251272531 0.060733929 0.687993541
K:/rccrccr: 0.000000000 0.647062948 0.352937052
K:/rccrcfr: 0.000000000 0.464721172 0.535278828
K:/rccrcrc: 0.000000000 0.787809876 0.212190124
K:/rccrcrf: 0.000000000 0.335341743 0.664658257
K:/rccrfcr: 0.000000000 0.498398214 0.501601786
K:/rccrffr: 0.000000000 0.517579890 0.482420110
K:/rccrfrc: 0.000000000 0.654790227 0.345209773
K:/rccrfrf: 0.000000000 0.792632378 0.207367622
K:/rccrrcc: 0.000000000 0.868087629 0.131912371
K:/rccrrcf: 0.000000000 0.590222277 0.409777723
K:/rccrrfc: 0.000000000 0.445167144 0.554832856
K:/rccrrff: 0.000000000 0.061696300 0.938303700
K:/rcf: 0.510033475 0.459004824 0.030961702
K:/rcfrcr: 0.000000000 0.540262934 0.459737066
K:/rcfrfr: 0.000000000 0.176900891 0.823099109
K:/rcfrrc: 0.000000000 0.581538509 0.418461491
K:/rcfrrf: 0.000000000 0.286728392 0.713271608
K:/rcr: 0.287836173 0.280521211 0.431642616
K:/rcrccrc: 0.000000000 0.052081943 0.947918057
K:/rcrccrf: 0.000000000 0.771244557 0.228755443
K:/rcrcfrc: 0.000000000 0.325181696 0.674818304
K:/rcrcfrf: 0.000000000 0.832849440 0.167150560
K:/rcrcrcc: 0.000000000 0.373001245 0.626998755
K:/rcrcrcf: 0.000000000 0.948353216 0.051646784
K:/rcrcrfc: 0.000000000 0.784173373 0.215826627
K:/rcrcrff: 0.000000000 0.754665032 0.245334968
K:/rfc: 0.453208358 0.239984387 0.306807255
K:/rfcrcr: 0.000000000 0.289663888 0.710336112
K:/rfcrfr: 0.000000000 0.444949040 0.555050960
K:/rfcrrc: 0.000000000 0.564911817 0.435088183
K:/rfcrrf: 0.000000000 0.619811852 0.380188148
K:/rff: 0.149873740 0.572992508 0.277133751
K:/rffrr: 0.000000000 0.743957699 0.256042301
K:/rfr: 0.261311824 0.137889701 0.600798475
K:/rfrcrc: 0.000000000 0.650406553 0.349593447
K:/rfrcrf: 0.000000000 0.901878013 0.098121987
K:/rrc: 0.116530875 0.565631122 0.317838003
K:/rrccrcc: 0.000000000 0.667368688 0.332631312
K:/rrccrcf: 0.000000000 0.493594902 0.506405098
K:/rrccrfc: 0.000000000 0.277390858 0.722609142
K:/rrccrff: 0.000000000 0.616629790 0.383370210
K:/rrf: 0.499730302 0.387599657 0.112670040
K:/rrfcrc: 0.000000000 0.536657938 0.463342062
K:/rrfcrf: 0.000000000 0.436121669 0.563878331
K:/rrr: 0.000000000 0.550085924 0.449914076
Q:/ccc: 0.654136611 0.345863389 0.000000000
Q:/cccrccr: 0.171761601 0.355367456 0.472870943
Q:/cccrccrccrc: 0.000000000 0.358910547 0.641089453
Q:/cccrccrccrf: 0.000000000 0.887736784 0.112263216
Q:/cccrccrcfrc: 0.000000000 0.154856474 0.845143526
Q:/cccrccrcfrf: 0.000000000 0.725265416 0.274734584
Q:/cccrccrcrcc: 0.000000000 0.294425252 0.705574748
Q:/cccrccrcrcf: 0.000000000 0.297811893 0.702188107
Q:/cccrccrcrfc: 0.000000000 0.699864315 0.300135685
Q:/cccrccrcrff: 0.000000000 0.287763087 0.712236913
Q:/cccrcfr: 0.169854383 0.545420883 0.284724735
Q:/cccrcfrcrc: 0.000000000 0.558917117 0.441082883
Q:/cccrcfrcrf: 0.000000000 0.600840565 0.399159435
Q:/cccrcrc: 0.053548194 0.611519478 0.334932328
Q:/cccrcrccrcc: 0.000000000 0.564256061 0.435743939
Q:/cccrcrccrcf: 0.000000000 0.479928747 0.520071253
Q:/cccrcrccrfc: 0.000000000 0.976976756 0.023023244
Q:/cccrcrccrff: 0.000000000 0.510521475 0.489478525
Q:/cccrcrf: 0.303451497 0.301601848 0.394946655
Q:/cccrcrfcrc: 0.000000000 0.486159903 0.513840097
Q:/cccrcrfcrf: 0.000000000 0.351200123 0.648799877
Q:/cccrcrr: 0.000000000 0.539026162 0.460973838
Q:/cccrfcr: 0.447551002 0.349452180 0.202996818
Q:/cccrfcrcrc: 0.000000000 0.372337648 0.627662352
Q:/cccrfcrcrf: 0.000000000 0.532727174 0.467272826
Q:/cccrffr: 0.543519573 0.306500566 0.149979861
Q:/cccrfrc: 0.166681970 0.472849232 0.360468798
Q:/cccrfrf: 0.146656503 0.474506432 0.378837065
Q:/cccrfrr: 0.000000000 0.358073742 0.641926258
Q:/cccrrcc: 0.228404641 0.685362090 0.086233269
Q:/cccrrcf: 0.301768246 0.392792848 0.305438906
Q:/cccrrcr: 0.000000000 0.871643553 0.128356447
Q:/cccrrfc: 0.196384204 0.255927433 0.547688362
Q:/cccrrff: 0.374963080 0.261424472 0.363612449
Q:/cccrrfr: 0.000000000 0.597733773 0.402266227
Q:/cccrrrc: 0.000000000 0.447390366 0.552609634
Q:/cccrrrf: 0.000000000 0.340636667 0.659363333
Q:/ccr: 0.405697369 0.212106048 0.382196583
Q:/ccrccrc: 0.562840710 0.119723447 0.317435843
Q:/ccrccrccrcc: 0.000000000 0.664947882 0.335052118
Q:/ccrccrccrcf: 0.000000000 0.426243878 0.573756122
Q:/ccrccrccrfc: 0.000000000 0.456783127 0.543216873
Q:/ccrccrccrff: 0.000000000 0.309453040 0.690546960
Q:/ccrccrf: 0.440701582 0.445925357 0.113373062
Q:/ccrccrfcrc: 0.000000000 0.641699921 0.358300079
Q:/ccrccrfcrf: 0.000000000 0.368472854 0.631527146
Q:/ccrccrr: 0.000000000 0.528491992 0.471508008
Q:/ccrcfrc: 0.467781855 0.383053397 0.149164748
Q:/ccrcfrf: 0.322124235 0.275327441 0.402548324
Q:/ccrcfrr: 0.000000000 0.555850803 0.444149197
Q:/ccrcrcc: 0.179845858 0.537825893 0.282328249
Q:/ccrcrcf: 0.571559734 0.397847913 0.030592353
Q:/ccrcrcr: 0.000000000 0.838999873 0.161000127
Q:/ccrcrfc: 0.064192608 0.093341764 0.842465628
Q:/ccrcrff: 0.451965433 0.265908438 0.282126129
Q:/ccrcrfr: 0.000000000 0.517787544 0.482212456
Q:/ccrcrrc: 0.000000000 0.481382435 0.518617565
Q:/ccrcrrf: 0.000000000 0.919970450 0.080029550
Q:/ccrrccr: 0.000000000 0.955479165 0.044520835
Q:/ccrrcfr: 0.000000000 0.462070485 0.537929515
Q:/ccrrcrc: 0.000000000 0.427859827 0.572140173
Q:/ccrrcrf: 0.000000000 0.600355512 0.399644488
Q:/ccrrfcr: 0.000000000 0.163017910 0.836982090
Q:/ccrrffr: 0.000000000 0.715869280 0.284130720
Q:/ccrrfrc: 0.000000000 0.200324637 0.799675363
Q:/ccrrfrf: 0.000000000 0.878292703 0.121707297
Q:/ccrrrcc: 0.000000000 0.497585041 0.502414959
Q:/ccrrrcf: 0.000000000 0.469372662 0.530627338
Q:/ccrrrfc: 0.000000000 0.737092823 0.262907177
Q:/ccrrrff: 0.000000000 0.203484504 0.796515496
Q:/crc: 0.561574061 0.253220118 0.185205822
Q:/crccrcc: 0.068525184 0.113250567 0.818224249
Q:/crccrcf: 0.321564500 0.309837929 0.368597571
Q:/crccrcr: 0.000000000 0.679889518 0.320110482
Q:/crccrfc: 0.175578102 0.477267375 0.347154523
Q:/crccrff: 0.350008683 0.298868035 0.351123282
Q:/crccrfr: 0.000000000 0.704412189 0.295587811
Q:/crccrrc: 0.000000000 0.551251374 0.448748626
Q:/crccrrf: 0.000000000 0.543001916 0.456998084
Q:/crcrccr: 0.000000000 0.532932642 0.467067358
Q:/crcrcfr: 0.000000000 0.747199153 0.252800847
Q:/crcrcrc: 0.000000000 0.518353330 0.481646670
Q:/crcrcrf: 0.000000000 0.508486852 0.491513148
Q:/crcrfcr: 0.000000000 0.344980600 0.655019400
Q:/crcrffr: 0.000000000 0.942947125 0.057052875
Q:/crcrfrc: 0.000000000 0.624917892 0.375082108
Q:/crcrfrf: 0.000000000 0.374373394 0.625626606
Q:/crcrrcc: 0.000000000 0.504251122 0.495748878
Q:/crcrrcf: 0.000000000 0.884512499 0.115487501
Q:/crcrrfc: 0.000000000 0.146194992 0.853805008
Q:/crcrrff: 0.000000000 0.649390887 0.350609113
Q:/crf: 0.514149894 0.060404910 0.425445195
Q:/crfcrc: 0.557569527 0.095116236 0.347314237
Q:/crfcrf: 0.622348083 0.097745854 0.279906063
Q:/crfcrr: 0.000000000 0.617462844 0.382537156
Q:/crfrcr: 0.000000000 0.800474235 0.199525765
Q:/crfrfr: 0.000000000 0.562612562 0.437387438
Q:/crfrrc: 0.000000000 0.870910307 0.129089693
Q:/crfrrf: 0.000000000 0.496275250 0.503724750
Q:/crr: 0.374052287 0.278310959 0.347636754
Q:/crrccrc: 0.000000000 0.359844624 0.640155376
Q:/crrccrf: 0.000000000 0.349678821 0.650321179
Q:/crrcfrc: 0.000000000 0.715771469 0.284228531
Q:/crrcfrf: 0.000000000 0.611799613 0.388200387
Q:/crrcrcc: 0.000000000 0.789819591 0.210180409
Q:/crrcrcf: 0.000000000 0.281148215 0.718851785
Q:/crrcrfc: 0.000000000 0.433739060 0.566260940
Q:/crrcrff: 0.000000000 0.472733460 0.527266540
Q:/rcc: 0.685841593 0.140976280 0.173182127
Q:/rccrccr: 0.000000000 0.709355456 0.290644544
Q:/rccrcfr: 0.000000000 0.363503721 0.636496279
Q:/rccrcrc: 0.000000000 0.067161522 0.932838478
Q:/rccrcrf: 0.000000000 0.202174241 0.797825759
Q:/rccrfcr: 0.000000000 0.239609485 0.760390515
Q:/rccrffr: 0.000000000 0.510657312 0.489342688
Q:/rccrfrc: 0.000000000 0.517114605 0.482885395
Q:/rccrfrf: 0.000000000 0.393623528 0.606376472
Q:/rccrrcc: 0.000000000 0.604182989 0.395817011
Q:/rccrrcf: 0.000000000 0.810778318 0.189221682
Q:/rccrrfc: 0.000000000 0.559830747 0.440169253
Q:/rccrrff: 0.000000000 0.640765703 0.359234297
Q:/rcf: 0.244724095 0.388457740 0.366818165
Q:/rcfrcr: 0.000000000 0.051724178 0.948275822
Q:/rcfrfr: 0.000000000 0.406722859 0.593277141
Q:/rcfrrc: 0.000000000 0.872691233 0.127308767
Q:/rcfrrf: 0.000000000 0.327097916 0.672902084
Q:/rcr: 0.405092053 0.190445985 0.404461962
Q:/rcrccrc: 0.000000000 0.024441843 0.975558157
Q:/rcrccrf: 0.000000000 0.201150928 0.798849072
Q:/rcrcfrc: 0.000000000 0.441137204 0.558862796
Q:/rcrcfrf: 0.000000000 0.297920734 0.702079266
Q:/rcrcrcc: 0.000000000 0.039270686 0.960729314
Q:/rcrcrcf: 0.000000000 0.261281452 0.738718548
Q:/rcrcrfc: 0.000000000 0.582922593 0.417077407
Q:/rcrcrff: 0.000000000 0.277819056 0.722180944
Q:/rfc: 0.297669208 0.269227827 0.433102965
Q:/rfcrcr: 0.000000000 0.273211643 0.726788357
Q:/rfcrfr: 0.000000000 0.447273736 0.552726264
Q:/rfcrrc: 0.000000000 0.717447640 0.282552360
Q:/rfcrrf: 0.000000000 0.392925628 0.607074372
Q:/rff: 0.484960956 0.211533576 0.303505468
Q:/rffrr: 0.000000000 0.443368395 0.556631605
Q:/rfr: 0.701317642 0.029545703 0.269136655
Q:/rfrcrc: 0.000000000 0.389713614 0.610286386
Q:/rfrcrf: 0.000000000 0.924827169 0.075172831
Q:/rrc: 0.012715737 0.515116556 0.472167707
Q:/rrccrcc: 0.000000000 0.161928086 0.838071914
Q:/rrccrcf: 0.000000000 0.448260334 0.551739666
Q:/rrccrfc: 0.000000000 0.484164055 0.515835945
Q:/rrccrff: 0.000000000 0.761787776 0.238212224
Q:/rrf: 0.759873939 0.108407216 0.131718845
Q:/rrfcrc: 0.000000000 0.679877664 0.320122336
Q:/rrfcrf: 0.000000000 0.382895248 0.617104752
Q:/rrr: 0.000000000 0.906559396 0.093440604
T:/ccc: 0.887827734 0.112172266 0.000000000
T:/cccrccr: 0.349891986 0.441177942 0.208930072
T:/cccrccrccrc: 0.000000000 0.091525242 0.908474758
T:/cccrccrccrf: 0.000000000 0.652572413 0.347427587
T:/cccrccrcfrc: 0.000000000 0.749518569 0.250481431
T:/cccrccrcfrf: 0.000000000 0.477294205 0.522705795
T:/cccrccrcrcc: 0.000000000 0.283115863 0.716884137
T:/cccrccrcrcf: 0.000000000 0.480025279 0.519974721
T:/cccrccrcrfc: 0.000000000 0.479489118 0.520510882
T:/cccrccrcrff: 0.000000000 0.254551267 0.745448733
T:/cccrcfr: 0.291948230 0.318184225 0.389867545
T:/cccrcfrcrc: 0.000000000 0.832115144 0.167884856
T:/cccrcfrcrf: 0.000000000 0.008751490 0.991248510
T:/cccrcrc: 0.294190252 0.356853932 0.348955816
T:/cccrcrccrcc: 0.000000000 0.744939627 0.255060373
T:/cccrcrccrcf: 0.000000000 0.251712974 0.748287026
T:/cccrcrccrfc: 0.000000000 0.244842090 0.755157910
T:/cccrcrccrff: 0.000000000 0.882244785 0.117755215
T:/cccrcrf: 0.215185988 0.541939188 0.242874824
T:/cccrcrfcrc: 0.000000000 0.457413495 0.542586505
T:/cccrcrfcrf: 0.000000000 0.830084317 0.169915683
T:/cccrcrr: 0.000000000 0.490140232 0.509859768
T:/cccrfcr: 0.092016508 0.706961631 0.201021862
T:/cccrfcrcrc: 0.000000000 0.360074319 0.639925681
T:/cccrfcrcrf: 0.000000000 0.324562309 0.675437691
T:/cccrffr: 0.235960890 0.421939620 0.342099490
T:/cccrfrc: 0.612366671 0.049267048 0.338366281
T:/cccrfrf: 0.341097475 0.421589109 0.237313416
T:/cccrfrr: 0.000000000 0.557182037 0.442817963
T:/cccrrcc: 0.356899077 0.188899145 0.454201778
T:/cccrrcf: 0.387414484 0.389601263 0.222984253
T:/cccrrcr: 0.000000000 0.440552909 0.559447091
T:/cccrrfc: 0.444118689 0.541776865 0.014104447
T:/cccrrff: 0.073371363 0.718416931 0.208211706
T:/cccrrfr: 0.000000000 0.511264799 0.488735201
T:/cccrrrc: 0.000000000 0.115612884 0.884387116
T:/cccrrrf: 0.000000000 0.161295544 0.838704456
T:/ccr: 0.564772293 0.254042971 0.181184736
T:/ccrccrc: 0.415211716 0.129744167 0.455044117
T:/ccrccrccrcc: 0.000000000 0.483788971 0.516211029
T:/ccrccrccrcf: 0.000000000 0.446974909 0.553025091
T:/ccrccrccrfc: 0.000000000 0.824048186 0.175951814
T:/ccrccrccrff: 0.000000000 0.453013474 0.546986526
T:/ccrccrf: 0.353504576 0.332554277 0.313941148
T:/ccrccrfcrc: 0.000000000 0.390672479 0.609327521
T:/ccrccrfcrf: 0.000000000 0.208725350 0.791274650
T:/ccrccrr: 0.000000000 0.324848118 0.675151882
T:/ccrcfrc: 0.462800008 0.290072008 0.247127983
T:/ccrcfrf: 0.243604137 0.330282024 0.426113839
T:/ccrcfrr: 0.000000000 0.463300297 0.536699703
T:/ccrcrcc: 0.173061942 0.434489353 0.392448705
T:/ccrcrcf: 0.327102626 0.294208934 0.378688440
T:/ccrcrcr: 0.000000000 0.516012511 0.483987489
T:/ccrcrfc: 0.331084613 0.310555957 0.358359430
T:/ccrcrff: 0.110917506 0.664438444 0.224644051
T:/ccrcrfr: 0.000000000 0.493343435 0.506656565
T:/ccrcrrc: 0.000000000 0.736296923 0.263703077
T:/ccrcrrf: 0.000000000 0.531934951 0.468065049
T:/ccrrccr: 0.000000000 0.383274337 0.616725663
T:/ccrrcfr: 0.000000000 0.776690148 0.223309852
T:/ccrrcrc: 0.000000000 0.811636826 0.188363174
T:/ccrrcrf: 0.000000000 0.449164666 0.550835334
T:/ccrrfcr: 0.000000000 0.399646048 0.600353952
T:/ccrrffr: 0.000000000 0.575297437 0.424702563
T:/ccrrfrc: 0.000000000 0.164379473 0.835620527
T:/ccrrfrf: 0.000000000 0.559749094 0.440250906
T:/ccrrrcc: 0.000000000 0.523056648 0.476943352
T:/ccrrrcf: 0.000000000 0.435445178 0.564554822
T:/ccrrrfc: 0.000000000 0.378395648 0.621604352
T:/ccrrrff: 0.000000000 0.606539409 0.393460591
T:/crc: 0.363964162 0.271678063 0.364357775
T:/crccrcc: 0.812482699 0.144502336 0.043014965
T:/crccrcf: 0.412439818 0.325650022 0.261910160
T:/crccrcr: 0.000000000 0.616465112 0.383534888
T:/crccrfc: 0.563807026 0.328673554 0.107519420
T:/crccrff: 0.469686476 0.435082710 0.095230814
T:/crccrfr: 0.000000000 0.349884091 0.650115909
T:/crccrrc: 0.000000000 0.284323049 0.715676951
T:/crccrrf: 0.000000000 0.018206564 0.981793436
T:/crcrccr: 0.000000000 0.490285908 0.509714092
T:/crcrcfr: 0.000000000 0.558834567 0.441165433
T:/crcrcrc: 0.000000000 0.002884823 0.997115177
T:/crcrcrf: 0.000000000 0.572943415 0.427056585
T:/crcrfcr: 0.000000000 0.388872200 0.611127800
T:/crcrffr: 0.000000000 0.509884183 0.490115817
T:/crcrfrc: 0.000000000 0.735985883 0.264014117
T:/crcrfrf: 0.000000000 0.286503192 0.713496808
T:/crcrrcc: 0.000000000 0.965702306 0.034297694
T:/crcrrcf: 0.000000000 0.256641556 0.743358444
T:/crcrrfc: 0.000000000 0.482631223 0.517368777
T:/crcrrff: 0.000000000 0.510578011 0.489421989
T:/crf: 0.319508700 0.131105788 0.549385512
T:/crfcrc: 0.373715576 0.259010530 0.367273894
T:/crfcrf: 0.376130061 0.573675505 0.050194434
T:/crfcrr: 0.000000000 0.566401130 0.433598870
T:/crfrcr: 0.000000000 0.446792961 0.553207039
T:/crfrfr: 0.000000000 0.761215867 0.238784133
T:/crfrrc: 0.000000000 0.940256781 0.059743219
T:/crfrrf: 0.000000000 0.257017912 0.742982088
T:/crr: 0.233855514 0.427832270 0.338312216
T:/crrccrc: 0.000000000 0.260145842 0.739854158
T:/crrccrf: 0.000000000 0.222694663 0.777305337
T:/crrcfrc: 0.000000000 0.041159411 0.958840589
T:/crrcfrf: 0.000000000 0.374388159 0.625611841
T:/crrcrcc: 0.000000000 0.345010592 0.654989408
T:/crrcrcf: 0.000000000 0.362310715 0.637689285
T:/crrcrfc: 0.000000000 0.103705973 0.896294027
T:/crrcrff: 0.000000000 0.524120341 0.475879659
T:/rcc: 0.509977230 0.193151026 0.296871745
T:/rccrccr: 0.000000000 0.766098436 0.233901564
T:/rccrcfr: 0.000000000 0.714369215 0.285630785
T:/rccrcrc: 0.000000000 0.326999708 0.673000292
T:/rccrcrf: 0.000000000 0.192385619 0.807614381
T:/rccrfcr: 0.000000000 0.743098839 0.256901161
T:/rccrffr: 0.000000000 0.507140184 0.492859816
T:/rccrfrc: 0.000000000 0.354150288 0.645849712
T:/rccrfrf: 0.000000000 0.517481214 0.482518786
T:/rccrrcc: 0.000000000 0.893309308 0.106690692
T:/rccrrcf: 0.000000000 0.511867625 0.488132375
T:/rccrrfc: 0.000000000 0.543620576 0.456379424
T:/rccrrff: 0.000000000 0.778032097 0.221967903
T:/rcf: 0.055501871 0.060165936 0.884332193
T:/rcfrcr: 0.000000000 0.268323624 0.731676376
T:/rcfrfr: 0.000000000 0.346334106 0.653665894
T:/rcfrrc: 0.000000000 0.627797516 0.372202484
T:/rcfrrf: 0.000000000 0.505833889 0.494166111
T:/rcr: 0.385974361 0.473500129 0.140525509
T:/rcrccrc: 0.000000000 0.517900958 0.482099042
T:/rcrccrf: 0.000000000 0.062491325 0.937508675
T:/rcrcfrc: 0.000000000 0.497485026 0.502514974
T:/rcrcfrf: 0.000000000 0.791539448 0.208460552
T:/rcrcrcc: 0.000000000 0.372044798 0.627955202
T:/rcrcrcf: 0.000000000 0.501028210 0.498971790
T:/rcrcrfc: 0.000000000 0.982882795 0.017117205
T:/rcrcrff: 0.000000000 0.450862249 0.549137751
T:/rfc: 0.375527678 0.167248135 0.457224187
T:/rfcrcr: 0.000000000 0.702083767 0.297916233
T:/rfcrfr: 0.000000000 0.790090771 0.209909229
T:/rfcrrc: 0.000000000 0.460205341 0.539794659
T:/rfcrrf: 0.000000000 0.204103076 0.795896924
T:/rff: 0.260082693 0.194221415 0.545695892
T:/rffrr: 0.000000000 0.742523762 0.257476238
T:/rfr: 0.468940423 0.012417452 0.518642126
T:/rfrcrc: 0.000000000 0.611477069 0.388522931
T:/rfrcrf: 0.000000000 0.534781178 0.465218822
T:/rrc: 0.878210406 0.101797477 0.019992116
T:/rrccrcc: 0.000000000 0.998443282 0.001556718
T:/rrccrcf: 0.000000000 0.735402170 0.264597830
T:/rrccrfc: 0.000000000 0.581632686 0.418367314
T:/rrccrff: 0.000000000 0.032785812 0.967214188
T:/rrf: 0.203339006 0.637114820 0.159546174
T:/rrfcrc: 0.000000000 0.093886661 0.906113339
T:/rrfcrf: 0.000000000 0.836899768 0.163100232
T:/rrr: 0.000000000 0.481120845 0.518879155
