5:/: 0.211428647 0.788571353 0.000000000
5:/ccr: 0.000000446 0.000000000 0.999999554
5:/ccrcrc: 0.000000000 0.225219640 0.774780360
5:/ccrcrf: 0.212720923 0.087008358 0.700270720
5:/ccrcrr: 0.000000000 0.448698822 0.551301178
5:/ccrrcr: 0.000000000 0.598807297 0.401192703
5:/ccrrfr: 0.000000000 0.495644884 0.504355116
5:/ccrrrc: 0.000000000 0.266442475 0.733557525
5:/ccrrrf: 0.000000000 0.400872361 0.599127639
5:/crc: 0.000000000 0.000000000 1.000000000
5:/crcrcr: 0.000000000 0.967284868 0.032715132
5:/crcrfr: 0.000000000 0.373354228 0.626645772
5:/crcrrc: 0.000000000 0.613185543 0.386814457
5:/crcrrf: 0.000000000 0.520144187 0.479855813
5:/crf: 0.001785614 0.000000000 0.998214386
5:/crfrr: 0.000000000 0.000000000 1.000000000
5:/crr: 0.277843771 0.067099372 0.655056857
5:/crrcrc: 0.000000000 0.471403334 0.528596666
5:/crrcrf: 0.000000000 0.327126029 0.672873971
5:/rcr: 0.837194984 0.162805016 0.000000000
5:/rcrcrc: 0.000000000 0.424695228 0.575304772
5:/rcrcrf: 0.000000000 0.263822879 0.736177121
5:/rfr: 0.348813443 0.349220404 0.301966153
5:/rrc: 0.000000000 0.123745316 0.876254684
5:/rrf: 0.000271766 0.000000000 0.999728234
5:/rrr: 0.000000000 0.352727254 0.647272746
6:/: 0.218687700 0.781312300 0.000000000
6:/ccr: 0.000000000 0.000000000 1.000000000
6:/ccrcrc: 0.000000000 0.685781500 0.314218500
6:/ccrcrf: 0.001254815 0.376503328 0.622241857
6:/ccrcrr: 0.000000000 0.048478217 0.951521783
6:/ccrrcr: 0.000000000 0.570280644 0.429719356
6:/ccrrfr: 0.000000000 0.593730478 0.406269522
6:/ccrrrc: 0.000000000 0.018958697 0.981041303
6:/ccrrrf: 0.000000000 0.311636474 0.688363526
6:/crc: 0.000000000 0.000000000 1.000000000
6:/crcrcr: 0.000000000 0.446089561 0.553910439
6:/crcrfr: 0.000000000 0.009659691 0.990340309
6:/crcrrc: 0.000000000 0.498133674 0.501866326
6:/crcrrf: 0.000000000 0.273540209 0.726459791
6:/crf: 0.001785590 0.000000000 0.998214410
6:/crfrr: 0.000000000 0.000000000 1.000000000
6:/crr: 0.302617192 0.401741359 0.295641449
6:/crrcrc: 0.000000000 0.481335276 0.518664724
6:/crrcrf: 0.000000000 0.313994606 0.686005394
6:/rcr: 0.528209598 0.471790402 0.000000000
6:/rcrcrc: 0.000000000 0.000000000 1.000000000
6:/rcrcrf: 0.000000000 0.000000000 1.000000000
6:/rfr: 0.373179463 0.089271255 0.537549282
6:/rrc: 0.000000000 0.118368995 0.881631005
6:/rrf: 0.000269067 0.000000000 0.999730933
6:/rrr: 0.000000000 0.791740213 0.208259787
7:/: 0.388290674 0.611709326 0.000000000
7:/ccr: 0.000018150 0.364074176 0.635907674
7:/ccrcrc: 0.000000000 0.122073278 0.877926722
7:/ccrcrf: 0.111696724 0.102477686 0.785825589
7:/ccrcrr: 0.000000000 0.693226467 0.306773533
7:/ccrrcr: 0.000000000 0.398124650 0.601875350
7:/ccrrfr: 0.000000000 0.550774217 0.449225783
7:/ccrrrc: 0.000000000 0.000000000 1.000000000
7:/ccrrrf: 0.000000000 0.208061706 0.791938294
7:/crc: 0.000000000 0.000000000 1.000000000
7:/crcrcr: 0.000000000 0.775114737 0.224885263
7:/crcrfr: 0.000000000 0.259821849 0.740178151
7:/crcrrc: 0.000000000 0.280770511 0.719229489
7:/crcrrf: 0.000000000 0.378489863 0.621510137
7:/crf: 0.002169814 0.038556345 0.959273841
7:/crfrr: 0.000000000 0.000000000 1.000000000
7:/crr: 0.384556083 0.000000000 0.615443917
7:/crrcrc: 0.000000000 0.755194169 0.244805831
7:/crrcrf: 0.000000000 0.422518198 0.577481802
7:/rcr: 0.642308984 0.357691016 0.000000000
7:/rcrcrc: 0.000000000 0.619383611 0.380616389
7:/rcrcrf: 0.000000000 0.000000000 1.000000000
7:/rfr: 0.384176596 0.516139599 0.099683805
7:/rrc: 0.000000000 0.205879467 0.794120533
7:/rrf: 0.000266088 0.000000000 0.999733912
7:/rrr: 0.000000000 0.436197660 0.563802340
8:/: 0.003883859 0.996116141 0.000000000
8:/ccr: 0.000079501 0.071084230 0.928836269
8:/ccrcrc: 0.000000000 0.525689796 0.474310204
8:/ccrcrf: 0.001942214 0.467634224 0.530423562
8:/ccrcrr: 0.000000000 0.638613762 0.361386238
8:/ccrrcr: 0.000000000 0.399023228 0.600976772
8:/ccrrfr: 0.000000000 0.765094127 0.234905873
8:/ccrrrc: 0.000000000 0.134338389 0.865661611
8:/ccrrrf: 0.000000000 0.388570284 0.611429716
8:/crc: 0.000000000 0.000000000 1.000000000
8:/crcrcr: 0.000000000 0.790844298 0.209155702
8:/crcrfr: 0.000000000 0.187146015 0.812853985
8:/crcrrc: 0.000000000 0.012816791 0.987183209
8:/crcrrf: 0.000000000 0.010043764 0.989956236
8:/crf: 0.035083555 0.491455506 0.473460940
8:/crfrr: 0.000000000 0.000000000 1.000000000
8:/crr: 0.614143143 0.079827571 0.306029286
8:/crrcrc: 0.000000000 0.587970974 0.412029026
8:/crrcrf: 0.000000000 0.342078388 0.657921612
8:/rcr: 0.727935349 0.271992273 0.000072379
8:/rcrcrc: 0.000000000 0.330010529 0.669989471
8:/rcrcrf: 0.000000000 0.789873093 0.210126907
8:/rfr: 0.138635865 0.394669872 0.466694263
8:/rrc: 0.000000000 0.255485391 0.744514609
8:/rrf: 0.000266081 0.000000000 0.999733919
8:/rrr: 0.000000000 0.843646246 0.156353754
9:/: 0.000031638 0.999968362 0.000000000
9:/ccr: 0.000021345 0.483879625 0.516099030
9:/ccrcrc: 0.153948301 0.379227679 0.466824020
9:/ccrcrf: 0.001944757 0.305537363 0.692517881
9:/ccrcrr: 0.000000000 0.569941675 0.430058325
9:/ccrrcr: 0.000000000 0.023044608 0.976955392
9:/ccrrfr: 0.000000000 0.095738852 0.904261148
9:/ccrrrc: 0.000000000 0.167046843 0.832953157
9:/ccrrrf: 0.000000000 0.337534221 0.662465779
9:/crc: 0.000000000 0.000000000 1.000000000
9:/crcrcr: 0.000000000 0.609912024 0.390087976
9:/crcrfr: 0.000000000 0.776921170 0.223078830
9:/crcrrc: 0.000000000 0.098605738 0.901394262
9:/crcrrf: 0.000000000 0.252141747 0.747858253
9:/crf: 0.004091252 0.523915598 0.471993150
9:/crfrr: 0.000000000 0.000000000 1.000000000
9:/crr: 0.000755587 0.185750350 0.813494063
9:/crrcrc: 0.000000000 0.489564486 0.510435514
9:/crrcrf: 0.000000000 0.476949333 0.523050667
9:/rcr: 0.766332367 0.233595061 0.000072572
9:/rcrcrc: 0.000000000 0.595683477 0.404316523
9:/rcrcrf: 0.000000000 0.166859147 0.833140853
9:/rfr: 0.433920550 0.224071218 0.342008232
9:/rrc: 0.000000000 0.006725483 0.993274517
9:/rrf: 0.000266081 0.000000000 0.999733919
9:/rrr: 0.000000000 0.368130965 0.631869035
A:/: 0.773065806 0.226934194 0.000000000
A:/ccr: 0.722312101 0.277687899 0.000000000
A:/ccrcrc: 0.636097619 0.363902381 0.000000000
A:/ccrcrf: 0.752812054 0.247187946 0.000000000
A:/ccrcrr: 0.000000000 0.364316148 0.635683852
A:/ccrrcr: 0.000000000 0.978220299 0.021779701
A:/ccrrfr: 0.000000000 0.896471192 0.103528808
A:/ccrrrc: 0.000000000 1.000000000 0.000000000
A:/ccrrrf: 0.000000000 1.000000000 0.000000000
A:/crc: 0.335301756 0.664698244 0.000000000
A:/crcrcr: 0.000000000 0.930606839 0.069393161
A:/crcrfr: 0.000000000 0.301867358 0.698132642
A:/crcrrc: 0.000000000 0.883833066 0.116166934
A:/crcrrf: 0.000000000 0.921682640 0.078317360
A:/crf: 1.000000000 0.000000000 0.000000000
A:/crfrr: 0.000000000 1.000000000 0.000000000
A:/crr: 0.842521342 0.157478658 0.000000000
A:/crrcrc: 0.000000000 0.540601299 0.459398701
A:/crrcrf: 0.000000000 0.717332031 0.282667969
A:/rcr: 0.660006102 0.339993898 0.000000000
A:/rcrcrc: 0.000000000 0.896318291 0.103681709
A:/rcrcrf: 0.000000000 0.966521627 0.033478373
A:/rfr: 0.417040750 0.509829952 0.073129298
A:/rrc: 0.606482274 0.393517726 0.000000000
A:/rrf: 0.420798851 0.579201149 0.000000000
A:/rrr: 0.000000000 0.195478932 0.804521068
J:/: 0.000368390 0.999631610 0.000000000
J:/ccr: 0.003083250 0.434887512 0.562029238
J:/ccrcrc: 0.000000000 0.683341413 0.316658587
J:/ccrcrf: 0.000000000 0.693579670 0.306420330
J:/ccrcrr: 0.000000000 0.239217588 0.760782412
J:/ccrrcr: 0.000000000 0.566074484 0.433925516
J:/ccrrfr: 0.000000000 0.255874716 0.744125284
J:/ccrrrc: 0.000000000 0.575114521 0.424885479
J:/ccrrrf: 0.000000000 0.548626197 0.451373803
J:/crc: 0.009049932 0.052358284 0.938591784
J:/crcrcr: 0.000000000 0.812305680 0.187694320
J:/crcrfr: 0.000000000 0.649395202 0.350604798
J:/crcrrc: 0.000000000 0.668380123 0.331619877
J:/crcrrf: 0.000000000 0.467008381 0.532991619
J:/crf: 0.003450667 0.845487545 0.151061788
J:/crfrr: 0.000000000 0.000000000 1.000000000
J:/crr: 0.328367706 0.347393692 0.324238601
J:/crrcrc: 0.000000000 0.518796795 0.481203205
J:/crrcrf: 0.000000000 0.638573233 0.361426767
J:/rcr: 0.426816164 0.573183836 0.000000000
J:/rcrcrc: 0.000000000 0.190097067 0.809902933
J:/rcrcrf: 0.000000000 0.469424132 0.530575868
J:/rfr: 0.550590644 0.003947979 0.445461376
J:/rrc: 0.000000000 0.154369940 0.845630060
J:/rrf: 0.000000000 0.000000000 1.000000000
J:/rrr: 0.000000000 0.860251510 0.139748490
K:/: 0.682566587 0.317433413 0.000000000
K:/ccr: 0.000000268 0.999999732 0.000000000
K:/ccrcrc: 0.359565355 0.599248232 0.041186413
K:/ccrcrf: 0.405793516 0.558838647 0.035367837
K:/ccrcrr: 0.000000000 0.596279690 0.403720310
K:/ccrrcr: 0.000000000 0.349115424 0.650884576
K:/ccrrfr: 0.000000000 0.432831847 0.567168153
K:/ccrrrc: 0.000000000 0.637760659 0.362239341
K:/ccrrrf: 0.000000000 0.693184338 0.306815662
K:/crc: 0.000000000 0.743026234 0.256973766
K:/crcrcr: 0.000000000 0.529837554 0.470162446
K:/crcrfr: 0.000000000 0.867034672 0.132965328
K:/crcrrc: 0.000000000 0.609347335 0.390652665
K:/crcrrf: 0.000000000 0.807695752 0.192304248
K:/crf: 0.000116654 0.999883346 0.000000000
K:/crfrr: 0.000000000 0.000000000 1.000000000
K:/crr: 0.364814985 0.511831371 0.123353644
K:/crrcrc: 0.000000000 0.620904092 0.379095908
K:/crrcrf: 0.000000000 0.635570871 0.364429129
K:/rcr: 0.319453184 0.680546816 0.000000000
K:/rcrcrc: 0.000000000 0.867989483 0.132010517
K:/rcrcrf: 0.000000000 0.838719114 0.161280886
K:/rfr: 0.168160906 0.142226184 0.689612910
K:/rrc: 0.000000000 0.736856632 0.263143368
K:/rrf: 0.000208370 0.772591593 0.227200037
K:/rrr: 0.000000000 0.588871492 0.411128508
Q:/: 0.000956594 0.999043406 0.000000000
Q:/ccr: 0.055696128 0.944302584 0.000001288
Q:/ccrcrc: 0.502649371 0.265109796 0.232240833
Q:/ccrcrf: 0.468710571 0.238802731 0.292486698
Q:/ccrcrr: 0.000000000 0.488000855 0.511999145
Q:/ccrrcr: 0.000000000 0.578463094 0.421536906
Q:/ccrrfr: 0.000000000 0.490360307 0.509639693
Q:/ccrrrc: 0.000000000 0.561275696 0.438724304
Q:/ccrrrf: 0.000000000 0.730984168 0.269015832
Q:/crc: 0.000000000 0.273010499 0.726989501
Q:/crcrcr: 0.000000000 0.766274832 0.233725168
Q:/crcrfr: 0.000000000 0.259237721 0.740762279
Q:/crcrrc: 0.000000000 0.485162987 0.514837013
Q:/crcrrf: 0.000000000 0.242909478 0.757090522
Q:/crf: 0.000756061 0.998301150 0.000942789
Q:/crfrr: 0.000000000 0.000000000 1.000000000
Q:/crr: 0.404612284 0.101532117 0.493855599
Q:/crrcrc: 0.000000000 0.100098334 0.899901666
Q:/crrcrf: 0.000000000 0.719528542 0.280471458
Q:/rcr: 0.000032509 0.999967491 0.000000000
Q:/rcrcrc: 0.000000000 0.052394813 0.947605187
Q:/rcrcrf: 0.000000000 0.244845783 0.755154217
Q:/rfr: 0.392971145 0.328322896 0.278705959
Q:/rrc: 0.000000000 0.746809559 0.253190441
Q:/rrf: 0.000192164 0.773207413 0.226600423
Q:/rrr: 0.000000000 0.497660351 0.502339649
T:/: 0.000000000 1.000000000 0.000000000
T:/ccr: 0.000000390 0.504710870 0.495288740
T:/ccrcrc: 0.000000000 0.180541578 0.819458422
T:/ccrcrf: 0.051027844 0.337914080 0.611058076
T:/ccrcrr: 0.000000000 0.147588020 0.852411980
T:/ccrrcr: 0.000000000 0.341240850 0.658759150
T:/ccrrfr: 0.000000000 0.690153780 0.309846220
T:/ccrrrc: 0.000000000 0.227146213 0.772853787
T:/ccrrrf: 0.000000000 0.409175297 0.590824703
T:/crc: 0.000000000 0.000000000 1.000000000
T:/crcrcr: 0.000000000 0.894472353 0.105527647
T:/crcrfr: 0.000000000 0.573703645 0.426296355
T:/crcrrc: 0.000000000 0.531045761 0.468954239
T:/crcrrf: 0.000000000 0.362124290 0.637875710
T:/crf: 0.008699215 0.681795949 0.309504836
T:/crfrr: 0.000000000 0.000000000 1.000000000
T:/crr: 0.000013533 0.657337718 0.342648749
T:/crrcrc: 0.000000000 0.925834304 0.074165696
T:/crrcrf: 0.000000000 0.573806341 0.426193659
T:/rcr: 0.662952392 0.336968839 0.000078768
T:/rcrcrc: 0.000000000 0.450486857 0.549513143
T:/rcrcrf: 0.000000000 0.464467417 0.535532583
T:/rfr: 0.369461444 0.324467087 0.306071469
T:/rrc: 0.000000000 0.162318087 0.837681913
T:/rrf: 0.000274400 0.000000000 0.999725600
T:/rrr: 0.000000000 0.604466603 0.395533397
