5:/cc: 0.176711126 0.823288874 0.000000000
5:/ccrcr: 0.000000000 0.000000000 1.000000000
5:/ccrcrcrc: 0.000000000 0.140047242 0.859952758
5:/ccrcrcrf: 0.000000000 0.078159475 0.921840525
5:/ccrfr: 0.198352391 0.070623752 0.731023857
5:/ccrrc: 0.209858766 0.361130286 0.429010949
5:/ccrrf: 0.487841791 0.397896459 0.114261750
5:/ccrrr: 0.000000000 0.444056375 0.555943625
5:/cr: 0.000804991 0.000194550 0.999000458
5:/crcrc: 0.000000000 0.475722371 0.524277629
5:/crcrf: 0.168840181 0.207683734 0.623476085
5:/crcrr: 0.000000000 0.190823981 0.809176019
5:/crrcr: 0.000000000 0.020974782 0.979025218
5:/crrfr: 0.000000000 0.000000000 1.000000000
5:/crrrc: 0.000000000 0.000000000 1.000000000
5:/crrrf: 0.000000000 0.443161955 0.556838045
5:/rc: 0.266720663 0.000000000 0.733279337
5:/rcrcr: 0.000000000 0.000000000 1.000000000
5:/rcrfr: 0.000000000 0.897632472 0.102367528
5:/rcrrc: 0.000000000 0.405445483 0.594554517
5:/rcrrf: 0.000000000 0.876492980 0.123507020
5:/rf: 0.430276514 0.463086122 0.106637365
5:/rfrr: 0.000000000 0.792025177 0.207974823
5:/rr: 0.000072726 0.081308728 0.918618546
5:/rrcrc: 0.000000000 0.451707747 0.548292253
5:/rrcrf: 0.000000000 0.389095809 0.610904191
6:/cc: 0.715127384 0.284872616 0.000000000
6:/ccrcr: 0.000105398 0.051154011 0.948740592
6:/ccrcrcrc: 0.000000000 0.404651822 0.595348178
6:/ccrcrcrf: 0.000000000 0.748426817 0.251573183
6:/ccrfr: 0.000000000 0.000000000 1.000000000
6:/ccrrc: 0.466924515 0.131440198 0.401635287
6:/ccrrf: 0.411179037 0.126243775 0.462577188
6:/ccrrr: 0.000000000 0.651323553 0.348676447
6:/cr: 0.000671666 0.000203798 0.999124537
6:/crcrc: 0.194678885 0.509436356 0.295884759
6:/crcrf: 0.168397838 0.354813173 0.476788989
6:/crcrr: 0.000000000 0.097271150 0.902728850
6:/crrcr: 0.000000000 0.000000000 1.000000000
6:/crrfr: 0.000000000 0.000000000 1.000000000
6:/crrrc: 0.000000000 0.000000000 1.000000000
6:/crrrf: 0.000000000 0.166055050 0.833944950
6:/rc: 0.197798201 0.000000000 0.802201799
6:/rcrcr: 0.000000000 0.000000000 1.000000000
6:/rcrfr: 0.000000000 0.290749341 0.709250659
6:/rcrrc: 0.000000000 0.324070142 0.675929858
6:/rcrrf: 0.000000000 0.777453495 0.222546505
6:/rf: 0.308258096 0.493452986 0.198288919
6:/rfrr: 0.000000000 0.622880763 0.377119237
6:/rr: 0.000093655 0.042441488 0.957464858
6:/rrcrc: 0.000000000 0.862675701 0.137324299
6:/rrcrf: 0.000000000 0.418834366 0.581165634
7:/cc: 0.006689568 0.993310432 0.000000000
7:/ccrcr: 0.000000000 0.000000000 1.000000000
7:/ccrcrcrc: 0.000000000 0.402457716 0.597542284
7:/ccrcrcrf: 0.000000000 0.570955679 0.429044321
7:/ccrfr: 0.000000000 0.432381406 0.567618594
7:/ccrrc: 0.270400407 0.436935271 0.292664323
7:/ccrrf: 0.079179122 0.747853170 0.172967708
7:/ccrrr: 0.000000000 0.510568652 0.489431348
7:/cr: 0.000762131 0.000217115 0.999020754
7:/crcrc: 0.089705435 0.323118806 0.587175759
7:/crcrf: 0.455404752 0.384959913 0.159635335
7:/crcrr: 0.000000000 0.694210583 0.305789417
7:/crrcr: 0.000000000 0.000000000 1.000000000
7:/crrfr: 0.000000000 0.000000000 1.000000000
7:/crrrc: 0.000000000 0.322308152 0.677691848
7:/crrrf: 0.000000000 0.230728302 0.769271698
7:/rc: 0.140447958 0.000000000 0.859552042
7:/rcrcr: 0.000000000 0.077728384 0.922271616
7:/rcrfr: 0.000000000 0.000000000 1.000000000
7:/rcrrc: 0.000000000 0.430821237 0.569178763
7:/rcrrf: 0.000000000 0.390697102 0.609302898
7:/rf: 0.368968307 0.439986840 0.191044853
7:/rfrr: 0.000000000 0.499384254 0.500615746
7:/rr: 0.000000000 0.000000000 1.000000000
7:/rrcrc: 0.000000000 0.387208142 0.612791858
7:/rrcrf: 0.000000000 0.607088403 0.392911597
8:/cc: 0.000571302 0.999428698 0.000000000
8:/ccrcr: 0.000000000 0.000000000 1.000000000
8:/ccrcrcrc: 0.000000000 0.386898444 0.613101556
8:/ccrcrcrf: 0.000000000 0.239228778 0.760771222
8:/ccrfr: 0.041715052 0.329917835 0.628367113
8:/ccrrc: 0.093727253 0.505244582 0.401028165
8:/ccrrf: 0.455826514 0.204644423 0.339529062
8:/ccrrr: 0.000000000 0.206294500 0.793705500
8:/cr: 0.001047689 0.000165021 0.998787290
8:/crcrc: 0.539354874 0.150441417 0.310203709
8:/crcrf: 0.352253530 0.282430376 0.365316094
8:/crcrr: 0.000000000 0.510439911 0.489560089
8:/crrcr: 0.000000000 0.000000000 1.000000000
8:/crrfr: 0.000000000 0.000000000 1.000000000
8:/crrrc: 0.000000000 0.126152366 0.873847634
8:/crrrf: 0.000000000 0.647415382 0.352584618
8:/rc: 0.064987291 0.000000000 0.935012709
8:/rcrcr: 0.000000000 0.273109129 0.726890871
8:/rcrfr: 0.000000000 0.378295232 0.621704768
8:/rcrrc: 0.000000000 0.399326262 0.600673738
8:/rcrrf: 0.000000000 0.872156407 0.127843593
8:/rf: 0.381889514 0.356700899 0.261409587
8:/rfrr: 0.000000000 0.932194865 0.067805135
8:/rr: 0.000000000 0.000000000 1.000000000
8:/rrcrc: 0.000000000 0.623072733 0.376927267
8:/rrcrf: 0.000000000 0.218434351 0.781565649
9:/cc: 0.000286986 0.999713014 0.000000000
9:/ccrcr: 0.000039150 0.321219479 0.678741371
9:/ccrcrcrc: 0.000000000 0.440407689 0.559592311
9:/ccrcrcrf: 0.000000000 0.932031889 0.067968111
9:/ccrfr: 0.265727460 0.014327976 0.719944564
9:/ccrrc: 0.298680408 0.197071236 0.504248356
9:/ccrrf: 0.157933646 0.459296726 0.382769628
9:/ccrrr: 0.000000000 0.594962576 0.405037424
9:/cr: 0.022149363 0.000177006 0.977673631
9:/crcrc: 0.179464736 0.665287929 0.155247335
9:/crcrf: 0.402528066 0.242881223 0.354590712
9:/crcrr: 0.000000000 0.621209419 0.378790581
9:/crrcr: 0.000000000 0.075772680 0.924227320
9:/crrfr: 0.000000000 0.220261221 0.779738779
9:/crrrc: 0.000000000 0.000000000 1.000000000
9:/crrrf: 0.000000000 0.722609186 0.277390814
9:/rc: 0.052377403 0.000000000 0.947622597
9:/rcrcr: 0.000000000 0.000000000 1.000000000
9:/rcrfr: 0.000000000 0.364609190 0.635390810
9:/rcrrc: 0.000000000 0.042784590 0.957215410
9:/rcrrf: 0.000000000 0.474515028 0.525484972
9:/rf: 0.401439490 0.294090195 0.304470315
9:/rfrr: 0.000000000 0.511435748 0.488564252
9:/rr: 0.000000000 0.000000000 1.000000000
9:/rrcrc: 0.000000000 0.864588665 0.135411335
9:/rrcrf: 0.000000000 0.198552833 0.801447167
A:/cc: 1.000000000 0.000000000 0.000000000
A:/ccrcr: 0.841621094 0.158378906 0.000000000
A:/ccrcrcrc: 0.000000000 0.870576805 0.129423195
A:/ccrcrcrf: 0.000000000 0.368929330 0.631070670
A:/ccrfr: 0.485022932 0.514977068 0.000000000
A:/ccrrc: 0.314738896 0.429975657 0.255285447
A:/ccrrf: 0.247503235 0.251852741 0.500644024
A:/ccrrr: 0.000000000 0.792907796 0.207092204
A:/cr: 1.000000000 0.000000000 0.000000000
A:/crcrc: 0.646422453 0.165674885 0.187902661
A:/crcrf: 0.116643198 0.556226551 0.327130251
A:/crcrr: 0.000000000 0.554079920 0.445920080
A:/crrcr: 0.000000000 1.000000000 0.000000000
A:/crrfr: 0.000000000 1.000000000 0.000000000
A:/crrrc: 0.000000000 0.984492530 0.015507470
A:/crrrf: 0.000000000 0.787946772 0.212053228
A:/rc: 0.827915704 0.172084296 0.000000000
A:/rcrcr: 0.000000000 1.000000000 0.000000000
A:/rcrfr: 0.000000000 0.619098864 0.380901136
A:/rcrrc: 0.000000000 1.000000000 0.000000000
A:/rcrrf: 0.000000000 0.626264987 0.373735013
A:/rf: 0.379142162 0.571210403 0.049647434
A:/rfrr: 0.000000000 0.509834832 0.490165168
A:/rr: 0.570891218 0.429108782 0.000000000
A:/rrcrc: 0.000000000 0.438395077 0.561604923
A:/rrcrf: 0.000000000 0.477314254 0.522685746
J:/cc: 0.000117866 0.999882134 0.000000000
J:/ccrcr: 0.000000000 0.138139229 0.861860771
J:/ccrcrcrc: 0.000000000 0.182057816 0.817942184
J:/ccrcrcrf: 0.000000000 0.965153067 0.034846933
J:/ccrfr: 0.000000000 0.622136064 0.377863936
J:/ccrrc: 0.088385702 0.905696257 0.005918041
J:/ccrrf: 0.307068541 0.402372188 0.290559271
J:/ccrrr: 0.000000000 0.168634385 0.831365615
J:/cr: 0.001040330 0.000197585 0.998762085
J:/crcrc: 0.528795658 0.270731463 0.200472879
J:/crcrf: 0.113315545 0.563192400 0.323492055
J:/crcrr: 0.000000000 0.881681569 0.118318431
J:/crrcr: 0.000000000 0.266565478 0.733434522
J:/crrfr: 0.000000000 0.000000000 1.000000000
J:/crrrc: 0.000000000 0.427400959 0.572599041
J:/crrrf: 0.000000000 0.568985968 0.431014032
J:/rc: 0.000000000 0.055027870 0.944972130
J:/rcrcr: 0.000000000 0.129974680 0.870025320
J:/rcrfr: 0.000000000 0.275705087 0.724294913
J:/rcrrc: 0.000000000 0.592022855 0.407977145
J:/rcrrf: 0.000000000 0.618309284 0.381690716
J:/rf: 0.345651849 0.364780588 0.289567563
J:/rfrr: 0.000000000 0.518258219 0.481741781
J:/rr: 0.000000000 0.033889096 0.966110904
J:/rrcrc: 0.000000000 0.572373070 0.427626930
J:/rrcrf: 0.000000000 0.049591845 0.950408155
K:/cc: 0.999951956 0.000048044 0.000000000
K:/ccrcr: 0.000000000 0.734957999 0.265042001
K:/ccrcrcrc: 0.000000000 0.685616370 0.314383630
K:/ccrcrcrf: 0.000000000 0.218758340 0.781241660
K:/ccrfr: 0.000000000 0.670057177 0.329942823
K:/ccrrc: 0.497248702 0.392113102 0.110638197
K:/ccrrf: 0.243226768 0.166431784 0.590341448
K:/ccrrr: 0.000000000 0.699513437 0.300486563
K:/cr: 0.000000000 1.000000000 0.000000000
K:/crcrc: 0.181510188 0.483008156 0.335481656
K:/crcrf: 0.484472497 0.415873298 0.099654204
K:/crcrr: 0.000000000 0.122460193 0.877539807
K:/crrcr: 0.000000000 0.256495679 0.743504321
K:/crrfr: 0.000000000 0.000000000 1.000000000
K:/crrrc: 0.000000000 0.459069988 0.540930012
K:/crrrf: 0.000000000 0.673346620 0.326653380
K:/rc: 0.266556320 0.733443680 0.000000000
K:/rcrcr: 0.000000000 0.888097073 0.111902927
K:/rcrfr: 0.000000000 0.802320804 0.197679196
K:/rcrrc: 0.000000000 1.000000000 0.000000000
K:/rcrrf: 0.000000000 0.455650616 0.544349384
K:/rf: 0.347584147 0.571592965 0.080822888
K:/rfrr: 0.000000000 0.520650533 0.479349467
K:/rr: 0.000000000 0.671798144 0.328201856
K:/rrcrc: 0.000000000 0.843433090 0.156566910
K:/rrcrf: 0.000000000 0.332038740 0.667961260
Q:/cc: 0.875779467 0.124220533 0.000000000
Q:/ccrcr: 0.118076082 0.321675177 0.560248742
Q:/ccrcrcrc: 0.000000000 0.234811283 0.765188717
Q:/ccrcrcrf: 0.000000000 0.512936034 0.487063966
Q:/ccrfr: 0.338600874 0.461710974 0.199688152
Q:/ccrrc: 0.519351790 0.345662403 0.134985807
Q:/ccrrf: 0.560943911 0.064780503 0.374275586
Q:/ccrrr: 0.000000000 0.620456787 0.379543213
Q:/cr: 0.000000000 0.845206545 0.154793455
Q:/crcrc: 0.123993524 0.448278289 0.427728187
Q:/crcrf: 0.386914659 0.130310098 0.482775243
Q:/crcrr: 0.000000000 0.357468017 0.642531983
Q:/crrcr: 0.000000000 0.286922060 0.713077940
Q:/crrfr: 0.000000000 0.000000000 1.000000000
Q:/crrrc: 0.000000000 0.202371512 0.797628488
Q:/crrrf: 0.000000000 0.620363215 0.379636785
Q:/rc: 0.000000000 1.000000000 0.000000000
Q:/rcrcr: 0.000000000 0.547003596 0.452996404
Q:/rcrfr: 0.000000000 0.931251075 0.068748925
Q:/rcrrc: 0.000000000 0.686745370 0.313254630
Q:/rcrrf: 0.000000000 0.521096439 0.478903561
Q:/rf: 0.251996748 0.336101334 0.411901918
Q:/rfrr: 0.000000000 0.360738714 0.639261286
Q:/rr: 0.000000000 0.321417842 0.678582158
Q:/rrcrc: 0.000000000 0.136782271 0.863217729
Q:/rrcrf: 0.000000000 0.570045662 0.429954338
T:/cc: 0.001988910 0.998011090 0.000000000
T:/ccrcr: 0.043544169 0.000000000 0.956455831
T:/ccrcrcrc: 0.000000000 0.547878204 0.452121796
T:/ccrcrcrf: 0.000000000 0.562229721 0.437770279
T:/ccrfr: 0.000000000 0.542341363 0.457658637
T:/ccrrc: 0.387069628 0.144835448 0.468094924
T:/ccrrf: 0.375587691 0.390354588 0.234057722
T:/ccrrr: 0.000000000 0.417483433 0.582516567
T:/cr: 0.172119525 0.000179232 0.827701244
T:/crcrc: 0.048322602 0.566636139 0.385041259
T:/crcrf: 0.333672861 0.288563959 0.377763180
T:/crcrr: 0.000000000 0.254364207 0.745635793
T:/crrcr: 0.000000000 0.000000000 1.000000000
T:/crrfr: 0.000000000 0.077188835 0.922811165
T:/crrrc: 0.000000000 0.096849502 0.903150498
T:/crrrf: 0.000000000 0.470499592 0.529500408
T:/rc: 0.042965020 0.000260176 0.956774805
T:/rcrcr: 0.000000000 0.437533443 0.562466557
T:/rcrfr: 0.000000000 0.680996556 0.319003444
T:/rcrrc: 0.000000000 0.601937596 0.398062404
T:/rcrrf: 0.000000000 0.429695424 0.570304576
T:/rf: 0.249336274 0.180692692 0.569971034
T:/rfrr: 0.000000000 0.044464390 0.955535610
T:/rr: 0.000112143 0.119169097 0.880718760
T:/rrcrc: 0.000000000 0.489336824 0.510663176
T:/rrcrf: 0.000000000 0.350257853 0.649742147
