8:/: 0.168844716 0.831155284 0.000000000
8:/cccr: 0.000000000 0.000000000 1.000000000
8:/ccrc: 0.000000000 0.000000000 1.000000000
8:/ccrf: 0.000000000 0.624760234 0.375239766
8:/crcc: 0.000000000 0.591810802 0.408189198
8:/crcf: 0.000000000 0.129601595 0.870398405
8:/crfc: 0.000000000 0.000000000 1.000000000
8:/crff: 0.000000000 0.000000000 1.000000000
9:/: 0.009683818 0.990316182 0.000000000
9:/cccr: 0.000000000 0.000000000 1.000000000
9:/ccrc: 0.000000000 0.095161614 0.904838386
9:/ccrf: 0.000000000 0.380730625 0.619269375
9:/crcc: 0.000000000 0.502301930 0.497698070
9:/crcf: 0.000000000 0.284362600 0.715637400
9:/crfc: 0.000000000 0.000000000 1.000000000
9:/crff: 0.000000000 0.000000000 1.000000000
A:/: 0.423442831 0.576557169 0.000000000
A:/cccr: 0.000000000 1.000000000 0.000000000
A:/ccrc: 0.000000000 1.000000000 0.000000000
A:/ccrf: 0.000000000 1.000000000 0.000000000
A:/crcc: 0.000000000 0.942958584 0.057041416
A:/crcf: 0.000000000 1.000000000 0.000000000
A:/crfc: 0.000000000 1.000000000 0.000000000
A:/crff: 0.000000000 1.000000000 0.000000000
J:/: 0.000000000 1.000000000 0.000000000
J:/cccr: 0.000000000 0.000000000 1.000000000
J:/ccrc: 0.000000000 0.140834490 0.859165510
J:/ccrf: 0.000000000 0.359319321 0.640680679
J:/crcc: 0.000000000 0.759902767 0.240097233
J:/crcf: 0.000000000 0.543826202 0.456173798
J:/crfc: 0.000000000 0.121909560 0.878090440
J:/crff: 0.000000000 0.218735485 0.781264515
K:/: 0.170407317 0.829592683 0.000000000
K:/cccr: 0.000000000 0.943184634 0.056815366
K:/ccrc: 0.000000000 0.911266397 0.088733603
K:/ccrf: 0.000000000 1.000000000 0.000000000
K:/crcc: 0.000000000 0.141848689 0.858151311
K:/crcf: 0.000000000 0.797675012 0.202324988
K:/crfc: 0.000000000 0.839337666 0.160662334
K:/crff: 0.000000000 0.933266066 0.066733934
Q:/: 0.000000000 1.000000000 0.000000000
Q:/cccr: 0.000000000 0.370328308 0.629671692
Q:/ccrc: 0.000000000 0.093613187 0.906386813
Q:/ccrf: 0.000000000 0.553375549 0.446624451
Q:/crcc: 0.000000000 0.000000000 1.000000000
Q:/crcf: 0.000000000 0.853585842 0.146414158
Q:/crfc: 0.000000000 0.000000000 1.000000000
Q:/crff: 0.000000000 0.820226659 0.179773341
T:/: 0.059270056 0.940729944 0.000000000
T:/cccr: 0.000000000 0.000000000 1.000000000
T:/ccrc: 0.000000000 0.164656497 0.835343503
T:/ccrf: 0.000000000 0.640939898 0.359060102
T:/crcc: 0.000000000 0.119238401 0.880761599
T:/crcf: 0.000000000 0.000000000 1.000000000
T:/crfc: 0.000000000 0.291276655 0.708723345
T:/crff: 0.000000000 0.080138042 0.919861958
