8:/cc: 0.000000000 1.000000000 0.000000000
8:/cccrcc: 0.000000000 0.375110903 0.624889097
8:/cccrcf: 0.000000000 0.250017292 0.749982708
8:/cccrfc: 0.000000000 0.221183750 0.778816250
8:/cccrff: 0.000000000 0.000000000 1.000000000
8:/cr: 0.000000000 0.000000000 1.000000000
8:/rc: 0.000000000 0.000000000 1.000000000
8:/rf: 0.000000000 0.000000000 1.000000000
9:/cc: 0.328892475 0.671107525 0.000000000
9:/cccrcc: 0.000000000 0.406987489 0.593012511
9:/cccrcf: 0.000000000 0.431703477 0.568296523
9:/cccrfc: 0.000000000 0.140071306 0.859928694
9:/cccrff: 0.000000000 0.333818723 0.666181277
9:/cr: 0.000000000 0.000000000 1.000000000
9:/rc: 0.000000000 0.000000000 1.000000000
9:/rf: 0.000000000 0.175945649 0.824054351
A:/cc: 1.000000000 0.000000000 0.000000000
A:/cccrcc: 0.000000000 0.863203760 0.136796240
A:/cccrcf: 0.000000000 1.000000000 0.000000000
A:/cccrfc: 0.000000000 1.000000000 0.000000000
A:/cccrff: 0.000000000 1.000000000 0.000000000
A:/cr: 0.000000000 1.000000000 0.000000000
A:/rc: 0.000000000 1.000000000 0.000000000
A:/rf: 0.000000000 1.000000000 0.000000000
J:/cc: 0.027992054 0.972007946 0.000000000
J:/cccrcc: 0.000000000 0.467793834 0.532206166
J:/cccrcf: 0.000000000 0.698201892 0.301798108
J:/cccrfc: 0.000000000 0.553812874 0.446187126
J:/cccrff: 0.000000000 0.649648824 0.350351176
J:/cr: 0.000000000 0.108187301 0.891812699
J:/rc: 0.000000000 0.000000000 1.000000000
J:/rf: 0.000000000 0.000000000 1.000000000
K:/cc: 0.262270601 0.737729399 0.000000000
K:/cccrcc: 0.000000000 0.502611153 0.497388847
K:/cccrcf: 0.000000000 0.672677559 0.327322441
K:/cccrfc: 0.000000000 0.962107448 0.037892552
K:/cccrff: 0.000000000 0.939625250 0.060374750
K:/cr: 0.000000000 0.721932592 0.278067408
K:/rc: 0.000000000 0.895280853 0.104719147
K:/rf: 0.000000000 0.959323026 0.040676974
Q:/cc: 0.000000000 1.000000000 0.000000000
Q:/cccrcc: 0.000000000 0.811315489 0.188684511
Q:/cccrcf: 0.000000000 0.000000000 1.000000000
Q:/cccrfc: 0.000000000 0.379911163 0.620088837
Q:/cccrff: 0.000000000 0.625837262 0.374162738
Q:/cr: 0.000000000 0.190703793 0.809296207
Q:/rc: 0.000000000 0.000000000 1.000000000
Q:/rf: 0.000000000 0.480328092 0.519671908
T:/cc: 0.209027868 0.790972132 0.000000000
T:/cccrcc: 0.000000000 0.381236303 0.618763697
T:/cccrcf: 0.000000000 0.215442547 0.784557453
T:/cccrfc: 0.000000000 0.185265613 0.814734387
T:/cccrff: 0.000000000 0.222253688 0.777746312
T:/cr: 0.000000000 0.000000000 1.000000000
T:/rc: 0.000000000 0.000000000 1.000000000
T:/rf: 0.000000000 0.468550120 0.531449880
