A:/cc: 1.000000000 0.000000000 0.000000000
A:/cccrcc: 0.282166740 0.206841304 0.510991956
A:/cccrcf: 0.109480381 0.500259084 0.390260536
A:/cccrcr: 0.000000000 0.839227539 0.160772461
A:/cccrfc: 1.000000000 0.000000000 0.000000000
A:/cccrff: 0.685491940 0.314508060 0.000000000
A:/cccrfr: 0.000000000 0.694210525 0.305789475
A:/cccrrc: 0.000000000 0.917622546 0.082377454
A:/cccrrf: 0.000000000 0.786110722 0.213889278
A:/ccrccr: 0.000000000 1.000000000 0.000000000
A:/ccrcfr: 0.000000000 1.000000000 0.000000000
A:/ccrcrc: 0.000000000 1.000000000 0.000000000
A:/ccrcrf: 0.000000000 0.764926734 0.235073266
A:/ccrfcr: 0.000000000 0.973598350 0.026401650
A:/ccrffr: 0.000000000 0.891273920 0.108726080
A:/ccrfrc: 0.000000000 0.875384445 0.124615555
A:/ccrfrf: 0.000000000 0.260903432 0.739096568
A:/ccrrcc: 0.000000000 0.477586496 0.522413504
A:/ccrrcf: 0.000000000 0.763380130 0.236619870
A:/ccrrfc: 0.000000000 1.000000000 0.000000000
A:/ccrrff: 0.000000000 0.955289357 0.044710643
A:/cr: 0.968585178 0.031414822 0.000000000
A:/crccrc: 0.000000000 1.000000000 0.000000000
A:/crccrf: 0.000000000 0.398557743 0.601442257
A:/crcfrc: 0.000000000 0.779103857 0.220896143
A:/crcfrf: 0.000000000 0.495661721 0.504338279
A:/crcrcc: 0.000000000 0.484022937 0.515977063
A:/crcrcf: 0.000000000 0.881203238 0.118796762
A:/crcrfc: 0.000000000 0.526467670 0.473532330
A:/crcrff: 0.000000000 0.434529587 0.565470413
A:/rc: 0.256768457 0.743231543 0.000000000
A:/rccrcc: 0.000000000 0.508715018 0.491284982
A:/rccrcf: 0.000000000 0.436665451 0.563334549
A:/rccrfc: 0.000000000 0.541921208 0.458078792
A:/rccrff: 0.000000000 0.078082513 0.921917487
A:/rf: 0.160051820 0.839948180 0.000000000
A:/rfcrc: 0.000000000 1.000000000 0.000000000
A:/rfcrf: 0.000000000 0.868125851 0.131874149
A:/rr: 0.000000000 0.425543506 0.574456494
J:/cc: 0.000000000 1.000000000 0.000000000
J:/cccrcc: 0.114731074 0.530305189 0.354963737
J:/cccrcf: 0.241102625 0.307864256 0.451033118
J:/cccrcr: 0.000000000 0.768840156 0.231159844
J:/cccrfc: 1.000000000 0.000000000 0.000000000
J:/cccrff: 1.000000000 0.000000000 0.000000000
J:/cccrfr: 0.000000000 0.477952246 0.522047754
J:/cccrrc: 0.000000000 0.000000000 1.000000000
J:/cccrrf: 0.000000000 0.000000000 1.000000000
J:/ccrccr: 0.000000000 0.999970799 0.000029201
J:/ccrcfr: 0.000000000 0.077751000 0.922249000
J:/ccrcrc: 0.000000000 0.000000000 1.000000000
J:/ccrcrf: 0.000000000 0.000000000 1.000000000
J:/ccrfcr: 0.000000000 0.411457858 0.588542142
J:/ccrffr: 0.000000000 0.125409699 0.874590301
J:/ccrfrc: 0.000000000 0.567441337 0.432558663
J:/ccrfrf: 0.000000000 0.269952386 0.730047614
J:/ccrrcc: 0.000000000 0.481138979 0.518861021
J:/ccrrcf: 0.000000000 0.771790356 0.228209644
J:/ccrrfc: 0.000000000 0.122133988 0.877866012
J:/ccrrff: 0.000000000 0.255440885 0.744559115
J:/cr: 0.000000000 0.000000000 1.000000000
J:/crccrc: 0.000000000 0.117945979 0.882054021
J:/crccrf: 0.000000000 0.822397131 0.177602869
J:/crcfrc: 0.000000000 0.000000000 1.000000000
J:/crcfrf: 0.000000000 0.651556700 0.348443300
J:/crcrcc: 0.000000000 0.000000000 1.000000000
J:/crcrcf: 0.000000000 0.359124783 0.640875217
J:/crcrfc: 0.000000000 0.232389488 0.767610512
J:/crcrff: 0.000000000 0.903466629 0.096533371
J:/rc: 0.450357406 0.289408231 0.260234363
J:/rccrcc: 0.000000000 0.182262541 0.817737459
J:/rccrcf: 0.000000000 0.281468516 0.718531484
J:/rccrfc: 0.000000000 0.641901553 0.358098447
J:/rccrff: 0.000000000 0.699719307 0.300280693
J:/rf: 0.551783826 0.140452005 0.307764169
J:/rfcrc: 0.000000000 0.184499175 0.815500825
J:/rfcrf: 0.000000000 0.653394300 0.346605700
J:/rr: 0.000000000 0.514491883 0.485508117
K:/cc: 0.000000000 1.000000000 0.000000000
K:/cccrcc: 0.514714422 0.175319835 0.309965742
K:/cccrcf: 0.111113307 0.387364027 0.501522666
K:/cccrcr: 0.000000000 0.613925101 0.386074899
K:/cccrfc: 1.000000000 0.000000000 0.000000000
K:/cccrff: 1.000000000 0.000000000 0.000000000
K:/cccrfr: 0.000000000 0.253774894 0.746225106
K:/cccrrc: 0.000000000 0.946327920 0.053672080
K:/cccrrf: 0.000000000 0.431640245 0.568359755
K:/ccrccr: 0.000000000 1.000000000 0.000000000
K:/ccrcfr: 0.000000000 1.000000000 0.000000000
K:/ccrcrc: 0.000000000 0.228619597 0.771380403
K:/ccrcrf: 0.000000000 0.000000000 1.000000000
K:/ccrfcr: 0.000000000 0.761185796 0.238814204
K:/ccrffr: 0.000000000 0.526042766 0.473957234
K:/ccrfrc: 0.000000000 0.269587847 0.730412153
K:/ccrfrf: 0.000000000 0.552852921 0.447147079
K:/ccrrcc: 0.000000000 0.444617374 0.555382626
K:/ccrrcf: 0.000000000 0.334393594 0.665606406
K:/ccrrfc: 0.000000000 0.404946814 0.595053186
K:/ccrrff: 0.000000000 0.317198725 0.682801275
K:/cr: 0.999955065 0.000044935 0.000000000
K:/crccrc: 0.000000000 0.231550346 0.768449654
K:/crccrf: 0.000000000 1.000000000 0.000000000
K:/crcfrc: 0.000000000 0.177061392 0.822938608
K:/crcfrf: 0.000000000 0.385111007 0.614888993
K:/crcrcc: 0.000000000 0.000000000 1.000000000
K:/crcrcf: 0.000000000 1.000000000 0.000000000
K:/crcrfc: 0.000000000 0.000000000 1.000000000
K:/crcrff: 0.000000000 1.000000000 0.000000000
K:/rc: 0.318844801 0.304694350 0.376460849
K:/rccrcc: 0.000000000 0.677718254 0.322281746
K:/rccrcf: 0.000000000 0.654587187 0.345412813
K:/rccrfc: 0.000000000 0.713724953 0.286275047
K:/rccrff: 0.000000000 0.453189026 0.546810974
K:/rf: 0.294096216 0.422503390 0.283400395
K:/rfcrc: 0.000000000 0.470302120 0.529697880
K:/rfcrf: 0.000000000 0.631986362 0.368013638
K:/rr: 0.000000000 0.407103007 0.592896993
Q:/cc: 0.633688315 0.366311685 0.000000000
Q:/cccrcc: 0.049190700 0.598280273 0.352529026
Q:/cccrcf: 0.419833781 0.084392432 0.495773787
Q:/cccrcr: 0.000000000 0.584144818 0.415855182
Q:/cccrfc: 1.000000000 0.000000000 0.000000000
Q:/cccrff: 1.000000000 0.000000000 0.000000000
Q:/cccrfr: 0.000000000 0.385812726 0.614187274
Q:/cccrrc: 0.000000000 0.000000000 1.000000000
Q:/cccrrf: 0.000000000 0.000000000 1.000000000
Q:/ccrccr: 0.000000000 0.999947294 0.000052706
Q:/ccrcfr: 0.000000000 0.999915259 0.000084741
Q:/ccrcrc: 0.000000000 0.000000000 1.000000000
Q:/ccrcrf: 0.000000000 0.000000000 1.000000000
Q:/ccrfcr: 0.000000000 0.231037419 0.768962581
Q:/ccrffr: 0.000000000 0.395873026 0.604126974
Q:/ccrfrc: 0.000000000 0.490920486 0.509079514
Q:/ccrfrf: 0.000000000 0.801252766 0.198747234
Q:/ccrrcc: 0.000000000 0.483656690 0.516343310
Q:/ccrrcf: 0.000000000 0.413185759 0.586814241
Q:/ccrrfc: 0.000000000 0.557101347 0.442898653
Q:/ccrrff: 0.000000000 0.012268122 0.987731878
Q:/cr: 0.000000000 0.000000000 1.000000000
Q:/crccrc: 0.000000000 0.082393270 0.917606730
Q:/crccrf: 0.000000000 0.515610554 0.484389446
Q:/crcfrc: 0.000000000 0.000000000 1.000000000
Q:/crcfrf: 0.000000000 0.970044724 0.029955276
Q:/crcrcc: 0.000000000 0.000000000 1.000000000
Q:/crcrcf: 0.000000000 1.000000000 0.000000000
Q:/crcrfc: 0.000000000 0.122019146 0.877980854
Q:/crcrff: 0.000000000 1.000000000 0.000000000
Q:/rc: 0.364475317 0.199677501 0.435847182
Q:/rccrcc: 0.000000000 0.875858991 0.124141009
Q:/rccrcf: 0.000000000 0.259775168 0.740224832
Q:/rccrfc: 0.000000000 0.593865213 0.406134787
Q:/rccrff: 0.000000000 0.704011600 0.295988400
Q:/rf: 0.393073565 0.000000000 0.606926435
Q:/rfcrc: 0.000000000 0.475721488 0.524278512
Q:/rfcrf: 0.000000000 0.450313891 0.549686109
Q:/rr: 0.000000000 0.863861148 0.136138852
T:/cc: 0.000000000 1.000000000 0.000000000
T:/cccrcc: 0.349326866 0.303811907 0.346861227
T:/cccrcf: 0.421301585 0.205350799 0.373347616
T:/cccrcr: 0.000000000 0.186758782 0.813241218
T:/cccrfc: 0.324474835 0.000000000 0.675525165
T:/cccrff: 1.000000000 0.000000000 0.000000000
T:/cccrfr: 0.000000000 0.088524485 0.911475515
T:/cccrrc: 0.000000000 0.000000000 1.000000000
T:/cccrrf: 0.000000000 0.000000000 1.000000000
T:/ccrccr: 0.000000000 0.999974721 0.000025279
T:/ccrcfr: 0.000000000 0.000000000 1.000000000
T:/ccrcrc: 0.000000000 0.000000000 1.000000000
T:/ccrcrf: 0.000000000 0.000526914 0.999473086
T:/ccrfcr: 0.000000000 0.625341355 0.374658645
T:/ccrffr: 0.000000000 0.548639245 0.451360755
T:/ccrfrc: 0.000000000 0.412432954 0.587567046
T:/ccrfrf: 0.000000000 0.570718529 0.429281471
T:/ccrrcc: 0.000000000 0.773313929 0.226686071
T:/ccrrcf: 0.000000000 0.043420431 0.956579569
T:/ccrrfc: 0.000000000 0.080757504 0.919242496
T:/ccrrff: 0.000000000 0.293634040 0.706365960
T:/cr: 0.000000000 0.000000000 1.000000000
T:/crccrc: 0.000000000 0.402568631 0.597431369
T:/crccrf: 0.000000000 0.620939631 0.379060369
T:/crcfrc: 0.000000000 0.666950538 0.333049462
T:/crcfrf: 0.000000000 0.764421286 0.235578714
T:/crcrcc: 0.000000000 0.000000000 1.000000000
T:/crcrcf: 0.000000000 0.291829663 0.708170337
T:/crcrfc: 0.000000000 0.000000000 1.000000000
T:/crcrff: 0.000000000 0.000000000 1.000000000
T:/rc: 0.578825916 0.233711380 0.187462705
T:/rccrcc: 0.000000000 0.531137466 0.468862534
T:/rccrcf: 0.000000000 0.543165648 0.456834352
T:/rccrfc: 0.000000000 0.724894173 0.275105827
T:/rccrff: 0.000000000 0.926518358 0.073481642
T:/rf: 0.309305736 0.325324527 0.365369736
T:/rfcrc: 0.000000000 0.648964699 0.351035301
T:/rfcrf: 0.000000000 0.344144847 0.655855153
T:/rr: 0.000000000 0.514980295 0.485019705
