2:/: 0.131269577 0.868730423 0.000000000
2:/ccr: 0.000000000 0.000000000 1.000000000
2:/ccrcrc: 0.000000000 0.712476491 0.287523509
2:/ccrcrf: 0.000000000 0.549849206 0.450150794
2:/crc: 0.000034585 0.000000000 0.999965415
2:/crf: 0.000184285 0.000000000 0.999815715
2:/crr: 0.000000000 0.000000000 1.000000000
2:/rcr: 0.000000000 0.719106401 0.280893599
2:/rfr: 0.000000000 0.396820213 0.603179787
2:/rrc: 0.000000000 0.070584902 0.929415098
2:/rrf: 0.000000000 0.044645689 0.955354311
3:/: 0.129354373 0.870645627 0.000000000
3:/ccr: 0.000000000 0.000000000 1.000000000
3:/ccrcrc: 0.000000000 0.415604433 0.584395567
3:/ccrcrf: 0.000000000 0.239017328 0.760982672
3:/crc: 0.000034585 0.000000000 0.999965415
3:/crf: 0.000184285 0.000000000 0.999815715
3:/crr: 0.000000000 0.119259700 0.880740300
3:/rcr: 0.000000000 0.853456220 0.146543780
3:/rfr: 0.000000000 0.247807178 0.752192822
3:/rrc: 0.000000000 0.270434595 0.729565405
3:/rrf: 0.000000000 0.061600578 0.938399422
4:/: 0.287163828 0.712836172 0.000000000
4:/ccr: 0.000000000 0.000000000 1.000000000
4:/ccrcrc: 0.000000000 0.000000000 1.000000000
4:/ccrcrf: 0.000000000 0.212379721 0.787620279
4:/crc: 0.000034585 0.000000000 0.999965415
4:/crf: 0.000184285 0.000000000 0.999815715
4:/crr: 0.000000000 0.006265482 0.993734518
4:/rcr: 0.000000000 0.478137123 0.521862877
4:/rfr: 0.000000000 0.725125354 0.274874646
4:/rrc: 0.000000000 0.112549750 0.887450250
4:/rrf: 0.000000000 0.170701075 0.829298925
5:/: 0.296655124 0.703344876 0.000000000
5:/ccr: 0.000000000 0.288856543 0.711143457
5:/ccrcrc: 0.000000000 0.000000000 1.000000000
5:/ccrcrf: 0.000000000 0.087369483 0.912630517
5:/crc: 0.000034563 0.000000000 0.999965437
5:/crf: 0.006143927 0.271679923 0.722176150
5:/crr: 0.000000000 0.019587387 0.980412613
5:/rcr: 0.000000000 0.926989801 0.073010199
5:/rfr: 0.000000000 0.538859230 0.461140770
5:/rrc: 0.000000000 0.000000000 1.000000000
5:/rrf: 0.000000000 0.000000000 1.000000000
6:/: 0.000000000 1.000000000 0.000000000
6:/ccr: 0.000000000 0.002357161 0.997642839
6:/ccrcrc: 0.000000000 0.371223740 0.628776260
6:/ccrcrf: 0.000000000 0.622859619 0.377140381
6:/crc: 0.000034565 0.000000000 0.999965435
6:/crf: 0.020693380 0.439441872 0.539864748
6:/crr: 0.000000000 0.000000000 1.000000000
6:/rcr: 0.000000000 0.177888076 0.822111924
6:/rfr: 0.000000000 0.351296375 0.648703625
6:/rrc: 0.000000000 0.138909963 0.861090037
6:/rrf: 0.000000000 0.000000000 1.000000000
7:/: 0.000000000 1.000000000 0.000000000
7:/ccr: 0.000000000 0.179398000 0.820602000
7:/ccrcrc: 0.000000000 0.277774512 0.722225488
7:/ccrcrf: 0.000000000 0.506367826 0.493632174
7:/crc: 0.000034572 0.000000000 0.999965428
7:/crf: 0.014802348 0.560033374 0.425164277
7:/crr: 0.000000000 0.088740802 0.911259198
7:/rcr: 0.000000000 0.515022142 0.484977858
7:/rfr: 0.000000000 0.629973317 0.370026683
7:/rrc: 0.000000000 0.000000000 1.000000000
7:/rrf: 0.000000000 0.000000000 1.000000000
8:/: 0.000000000 1.000000000 0.000000000
8:/ccr: 0.083553780 0.016070704 0.900375516
8:/ccrcrc: 0.000000000 0.552669295 0.447330705
8:/ccrcrf: 0.000000000 0.525820006 0.474179994
8:/crc: 0.001265140 0.044216813 0.954518048
8:/crf: 0.000368576 0.749577475 0.250053949
8:/crr: 0.000000000 0.235627611 0.764372389
8:/rcr: 0.000000000 0.978544053 0.021455947
8:/rfr: 0.000000000 0.920056860 0.079943140
8:/rrc: 0.000000000 0.183288683 0.816711317
8:/rrf: 0.000000000 0.000000000 1.000000000
9:/: 0.000000000 1.000000000 0.000000000
9:/ccr: 0.141152314 0.247162236 0.611685450
9:/ccrcrc: 0.000000000 0.546048017 0.453951983
9:/ccrcrf: 0.000000000 0.555541075 0.444458925
9:/crc: 0.000003922 0.000000000 0.999996078
9:/crf: 0.000380752 0.619828189 0.379791059
9:/crr: 0.000000000 0.425558915 0.574441085
9:/rcr: 0.000000000 0.493773747 0.506226253
9:/rfr: 0.000000000 0.132068374 0.867931626
9:/rrc: 0.000000000 0.641081635 0.358918365
9:/rrf: 0.000000000 0.000000000 1.000000000
A:/: 0.987531220 0.012468780 0.000000000
A:/ccr: 0.609799587 0.390200413 0.000000000
A:/ccrcrc: 0.000000000 1.000000000 0.000000000
A:/ccrcrf: 0.000000000 1.000000000 0.000000000
A:/crc: 0.688038271 0.311961729 0.000000000
A:/crf: 1.000000000 0.000000000 0.000000000
A:/crr: 0.000000000 1.000000000 0.000000000
A:/rcr: 0.000000000 1.000000000 0.000000000
A:/rfr: 0.000000000 0.811268986 0.188731014
A:/rrc: 0.000000000 1.000000000 0.000000000
A:/rrf: 0.000000000 1.000000000 0.000000000
J:/: 0.000000000 1.000000000 0.000000000
J:/ccr: 0.662770130 0.337190866 0.000039005
J:/ccrcrc: 0.000000000 0.654099403 0.345900597
J:/ccrcrf: 0.000000000 0.950403286 0.049596714
J:/crc: 0.000007191 0.145641767 0.854351042
J:/crf: 0.000385674 0.998685070 0.000929256
J:/crr: 0.000000000 0.329975797 0.670024203
J:/rcr: 0.000000000 0.792978138 0.207021862
J:/rfr: 0.000000000 0.968027301 0.031972699
J:/rrc: 0.000000000 0.827019736 0.172980264
J:/rrf: 0.000000000 0.479874145 0.520125855
K:/: 0.547275777 0.452724223 0.000000000
K:/ccr: 0.886485655 0.113514345 0.000000000
K:/ccrcrc: 0.000000000 0.951196175 0.048803825
K:/ccrcrf: 0.000000000 0.818569565 0.181430435
K:/crc: 0.210799164 0.789200836 0.000000000
K:/crf: 0.434653426 0.565346574 0.000000000
K:/crr: 0.000000000 0.739883964 0.260116036
K:/rcr: 0.000000000 1.000000000 0.000000000
K:/rfr: 0.000000000 0.659961249 0.340038751
K:/rrc: 0.000000000 0.870216745 0.129783255
K:/rrf: 0.000000000 0.740080601 0.259919399
Q:/: 0.000146343 0.999853657 0.000000000
Q:/ccr: 0.246863221 0.753136779 0.000000000
Q:/ccrcrc: 0.000000000 0.938395023 0.061604977
Q:/ccrcrf: 0.000000000 0.948479364 0.051520636
Q:/crc: 0.000000000 0.546406389 0.453593611
Q:/crf: 0.000000000 0.999793289 0.000206711
Q:/crr: 0.000000000 0.502260841 0.497739159
Q:/rcr: 0.000000000 1.000000000 0.000000000
Q:/rfr: 0.000000000 0.276138254 0.723861746
Q:/rrc: 0.000000000 0.406531825 0.593468175
Q:/rrf: 0.000000000 0.502916849 0.497083151
T:/: 0.000000000 1.000000000 0.000000000
T:/ccr: 0.215427485 0.272186702 0.512385813
T:/ccrcrc: 0.000000000 0.703472410 0.296527590
T:/ccrcrf: 0.000000000 0.859645356 0.140354644
T:/crc: 0.000124379 0.089428503 0.910447118
T:/crf: 0.000372351 0.991614997 0.008012652
T:/crr: 0.000000000 0.362642956 0.637357044
T:/rcr: 0.000000000 0.517071529 0.482928471
T:/rfr: 0.000000000 0.883803280 0.116196720
T:/rrc: 0.000000000 0.563571155 0.436428845
T:/rrf: 0.000000000 0.349984792 0.650015208
