2:/cc: 0.532254631 0.467745369 0.000000000
2:/ccrcr: 0.000000000 0.037726423 0.962273577
2:/ccrfr: 0.000000000 0.032057441 0.967942559
2:/ccrrc: 0.000000000 0.420808380 0.579191620
2:/ccrrf: 0.000000000 0.471926316 0.528073684
2:/cr: 0.000000000 0.000024029 0.999975971
2:/crcrc: 0.000000000 0.206450869 0.793549131
2:/crcrf: 0.000000000 0.194445810 0.805554190
2:/rc: 0.162577970 0.000000000 0.837422030
2:/rf: 0.132992569 0.220203656 0.646803775
2:/rr: 0.000000000 0.063265843 0.936734157
3:/cc: 0.385861305 0.614138695 0.000000000
3:/ccrcr: 0.000000000 0.479662647 0.520337353
3:/ccrfr: 0.000000000 0.580994201 0.419005799
3:/ccrrc: 0.000000000 0.038856024 0.961143976
3:/ccrrf: 0.000000000 0.447020075 0.552979925
3:/cr: 0.000000000 0.000026189 0.999973811
3:/crcrc: 0.000000000 0.213135768 0.786864232
3:/crcrf: 0.000000000 0.097473637 0.902526363
3:/rc: 0.140333786 0.000000000 0.859666214
3:/rf: 0.074064153 0.684028550 0.241907297
3:/rr: 0.000000000 0.000000000 1.000000000
4:/cc: 0.214276040 0.785723960 0.000000000
4:/ccrcr: 0.000000000 0.488120969 0.511879031
4:/ccrfr: 0.000000000 0.000000000 1.000000000
4:/ccrrc: 0.000000000 0.000000000 1.000000000
4:/ccrrf: 0.000000000 0.534467150 0.465532850
4:/cr: 0.000000000 0.000022429 0.999977571
4:/crcrc: 0.000000000 0.092024213 0.907975787
4:/crcrf: 0.000000000 0.327722603 0.672277397
4:/rc: 0.298214314 0.193982667 0.507803020
4:/rf: 0.748114088 0.031559821 0.220326091
4:/rr: 0.000000000 0.145306180 0.854693820
5:/cc: 0.008601638 0.991398362 0.000000000
5:/ccrcr: 0.000000000 0.186378074 0.813621926
5:/ccrfr: 0.000000000 0.000000000 1.000000000
5:/ccrrc: 0.000000000 0.128921395 0.871078605
5:/ccrrf: 0.000000000 0.534114455 0.465885545
5:/cr: 0.000195792 0.000022053 0.999782155
5:/crcrc: 0.000000000 0.314791764 0.685208236
5:/crcrf: 0.000000000 0.873366208 0.126633792
5:/rc: 0.135232265 0.030569367 0.834198368
5:/rf: 0.546587668 0.418134942 0.035277389
5:/rr: 0.000000000 0.000000000 1.000000000
6:/cc: 0.000000000 1.000000000 0.000000000
6:/ccrcr: 0.000000000 0.890369917 0.109630083
6:/ccrfr: 0.000000000 0.174117259 0.825882741
6:/ccrrc: 0.000000000 0.414881660 0.585118340
6:/ccrrf: 0.000000000 0.725075677 0.274924323
6:/cr: 0.037707707 0.000018168 0.962274125
6:/crcrc: 0.000000000 0.426431823 0.573568177
6:/crcrf: 0.000000000 0.487740312 0.512259688
6:/rc: 0.145221982 0.078185744 0.776592274
6:/rf: 0.000333631 0.228804719 0.770861650
6:/rr: 0.000000000 0.051729011 0.948270989
7:/cc: 0.000000000 1.000000000 0.000000000
7:/ccrcr: 0.000000000 0.475581086 0.524418914
7:/ccrfr: 0.000000000 0.372008389 0.627991611
7:/ccrrc: 0.000000000 0.227205804 0.772794196
7:/ccrrf: 0.000000000 0.515085781 0.484914219
7:/cr: 0.000124356 0.000018926 0.999856718
7:/crcrc: 0.000000000 0.604224857 0.395775143
7:/crcrf: 0.000000000 0.794749431 0.205250569
7:/rc: 0.243656236 0.198852941 0.557490823
7:/rf: 0.454156175 0.321677097 0.224166728
7:/rr: 0.000000000 0.479672190 0.520327810
8:/cc: 0.000000000 1.000000000 0.000000000
8:/ccrcr: 0.000000000 0.266498317 0.733501683
8:/ccrfr: 0.000000000 0.156538081 0.843461919
8:/ccrrc: 0.000000000 0.197897715 0.802102285
8:/ccrrf: 0.000000000 0.191603263 0.808396737
8:/cr: 0.000080271 0.000021547 0.999898182
8:/crcrc: 0.000000000 0.498778843 0.501221157
8:/crcrf: 0.000000000 0.276727228 0.723272772
8:/rc: 0.000035529 0.000000000 0.999964471
8:/rf: 0.408207148 0.511382262 0.080410591
8:/rr: 0.000000000 0.400779501 0.599220499
9:/cc: 0.000000000 1.000000000 0.000000000
9:/ccrcr: 0.000000000 0.783484418 0.216515582
9:/ccrfr: 0.000000000 0.710603908 0.289396092
9:/ccrrc: 0.000000000 0.442585362 0.557414638
9:/ccrrf: 0.000000000 0.628143851 0.371856149
9:/cr: 0.116907897 0.154806612 0.728285492
9:/crcrc: 0.000000000 0.448611777 0.551388223
9:/crcrf: 0.000000000 0.153797539 0.846202461
9:/rc: 0.364806651 0.131296659 0.503896690
9:/rf: 0.335914908 0.317245228 0.346839865
9:/rr: 0.000000000 0.631025384 0.368974616
A:/cc: 1.000000000 0.000000000 0.000000000
A:/ccrcr: 0.000000000 1.000000000 0.000000000
A:/ccrfr: 0.000000000 1.000000000 0.000000000
A:/ccrrc: 0.000000000 0.868146632 0.131853368
A:/ccrrf: 0.000000000 0.536270691 0.463729309
A:/cr: 1.000000000 0.000000000 0.000000000
A:/crcrc: 0.000000000 0.336136520 0.663863480
A:/crcrf: 0.000000000 0.716109162 0.283890838
A:/rc: 1.000000000 0.000000000 0.000000000
A:/rf: 0.128006870 0.528301565 0.343691565
A:/rr: 0.000000000 1.000000000 0.000000000
J:/cc: 0.927584446 0.072415554 0.000000000
J:/ccrcr: 0.000000000 0.494227178 0.505772822
J:/ccrfr: 0.000000000 0.758927381 0.241072619
J:/ccrrc: 0.000000000 0.617210683 0.382789317
J:/ccrrf: 0.000000000 0.479569338 0.520430662
J:/cr: 0.000275879 0.381235380 0.618488741
J:/crcrc: 0.000000000 0.505283635 0.494716365
J:/crcrf: 0.000000000 0.394647916 0.605352084
J:/rc: 0.369932300 0.557383510 0.072684190
J:/rf: 0.518843683 0.447234381 0.033921935
J:/rr: 0.000000000 0.341239185 0.658760815
K:/cc: 0.999945378 0.000054622 0.000000000
K:/ccrcr: 0.000000000 0.938005434 0.061994566
K:/ccrfr: 0.000000000 0.803678679 0.196321321
K:/ccrrc: 0.000000000 0.470294476 0.529705524
K:/ccrrf: 0.000000000 0.384496042 0.615503958
K:/cr: 0.095707851 0.904292149 0.000000000
K:/crcrc: 0.000000000 0.473141388 0.526858612
K:/crcrf: 0.000000000 0.594073712 0.405926288
K:/rc: 1.000000000 0.000000000 0.000000000
K:/rf: 0.251018062 0.303482576 0.445499362
K:/rr: 0.000000000 0.875873290 0.124126710
Q:/cc: 0.999969432 0.000030568 0.000000000
Q:/ccrcr: 0.000000000 0.581422364 0.418577636
Q:/ccrfr: 0.000000000 0.801857242 0.198142758
Q:/ccrrc: 0.000000000 0.766577292 0.233422708
Q:/ccrrf: 0.000000000 0.526970577 0.473029423
Q:/cr: 0.000000000 0.999892183 0.000107817
Q:/crcrc: 0.000000000 0.631687335 0.368312665
Q:/crcrf: 0.000000000 0.335622525 0.664377475
Q:/rc: 0.683573907 0.316426093 0.000000000
Q:/rf: 0.481657540 0.167233933 0.351108527
Q:/rr: 0.000000000 0.572738742 0.427261258
T:/cc: 0.000000000 1.000000000 0.000000000
T:/ccrcr: 0.000000000 0.555392931 0.444607069
T:/ccrfr: 0.000000000 0.507966732 0.492033268
T:/ccrrc: 0.000000000 0.451727755 0.548272245
T:/ccrrf: 0.000000000 0.672402880 0.327597120
T:/cr: 0.043122597 0.041173260 0.915704142
T:/crcrc: 0.000000000 0.577665882 0.422334118
T:/crcrf: 0.000000000 0.532246550 0.467753450
T:/rc: 0.012036005 0.183896515 0.804067480
T:/rf: 0.527064508 0.219075466 0.253860026
T:/rr: 0.000000000 0.000000000 1.000000000
