8:/: 1.000000000 0.000000000 0.000000000
8:/cccr: 0.000108365 0.000000000 0.999891635
8:/cccrccrc: 0.000000000 0.863664032 0.136335968
8:/cccrccrf: 0.000000000 0.786599604 0.213400396
8:/cccrcfrc: 0.000000000 0.301760230 0.698239770
8:/cccrcfrf: 0.000000000 0.988474459 0.011525541
8:/cccrcrcc: 0.000000000 0.721021511 0.278978489
8:/cccrcrcf: 0.000000000 0.683862541 0.316137459
8:/cccrcrfc: 0.000000000 0.096000396 0.903999604
8:/cccrcrff: 0.000000000 0.197073455 0.802926545
8:/ccrc: 0.803013097 0.124497610 0.072489293
8:/ccrccrcc: 0.000000000 0.588987182 0.411012818
8:/ccrccrcf: 0.000000000 0.795664849 0.204335151
8:/ccrccrfc: 0.000000000 0.728749308 0.271250692
8:/ccrccrff: 0.000000000 0.156070284 0.843929716
8:/ccrf: 0.999937050 0.000000000 0.000062950
8:/ccrfcrc: 0.000000000 0.850010625 0.149989375
8:/ccrfcrf: 0.000000000 0.095703305 0.904296695
8:/ccrr: 0.000000000 0.999882213 0.000117787
8:/crcc: 0.000000000 0.465847327 0.534152673
8:/crcf: 0.000000000 0.087599666 0.912400334
8:/crcr: 0.000000000 0.000000000 1.000000000
8:/crfc: 0.000083864 0.295525294 0.704390842
8:/crff: 0.104864289 0.207020926 0.688114785
8:/crfr: 0.000000000 0.020333170 0.979666830
8:/crrc: 0.000000000 0.000000000 1.000000000
8:/crrf: 0.000000000 0.000000000 1.000000000
8:/rccr: 0.000000000 0.342689881 0.657310119
8:/rcfr: 0.000000000 0.089991712 0.910008288
8:/rcrc: 0.000000000 0.044765187 0.955234813
8:/rcrf: 0.000000000 0.692781828 0.307218172
8:/rfcr: 0.000000000 0.471942945 0.528057055
8:/rffr: 0.000000000 0.147334489 0.852665511
8:/rfrc: 0.000000000 0.439166580 0.560833420
8:/rfrf: 0.000000000 0.486077707 0.513922293
8:/rrcc: 0.000000000 0.070143252 0.929856748
8:/rrcf: 0.000000000 0.744143972 0.255856028
8:/rrfc: 0.000000000 0.516475105 0.483524895
8:/rrff: 0.000000000 0.422675325 0.577324675
9:/: 1.000000000 0.000000000 0.000000000
9:/cccr: 0.000069286 0.000000000 0.999930714
9:/cccrccrc: 0.000000000 0.455364692 0.544635308
9:/cccrccrf: 0.000000000 0.815716295 0.184283705
9:/cccrcfrc: 0.000000000 0.584876482 0.415123518
9:/cccrcfrf: 0.000000000 0.973397064 0.026602936
9:/cccrcrcc: 0.000000000 0.062651686 0.937348314
9:/cccrcrcf: 0.000000000 0.010803204 0.989196796
9:/cccrcrfc: 0.000000000 0.086420426 0.913579574
9:/cccrcrff: 0.000000000 0.757706299 0.242293701
9:/ccrc: 0.622174621 0.040472127 0.337353252
9:/ccrccrcc: 0.000000000 0.541417442 0.458582558
9:/ccrccrcf: 0.000000000 0.405149800 0.594850200
9:/ccrccrfc: 0.000000000 0.400656462 0.599343538
9:/ccrccrff: 0.000000000 0.483603780 0.516396220
9:/ccrf: 0.999924732 0.000000000 0.000075268
9:/ccrfcrc: 0.000000000 0.407093176 0.592906824
9:/ccrfcrf: 0.000000000 0.795422999 0.204577001
9:/ccrr: 0.000000000 0.334543459 0.665456541
9:/crcc: 0.000000000 0.610271250 0.389728750
9:/crcf: 0.000000000 0.427848574 0.572151426
9:/crcr: 0.000000000 0.000000000 1.000000000
9:/crfc: 0.052233774 0.204429800 0.743336426
9:/crff: 0.394393439 0.221927827 0.383678734
9:/crfr: 0.000000000 0.000000000 1.000000000
9:/crrc: 0.000000000 0.000000000 1.000000000
9:/crrf: 0.000000000 0.000000000 1.000000000
9:/rccr: 0.000000000 0.000000000 1.000000000
9:/rcfr: 0.000000000 0.000000000 1.000000000
9:/rcrc: 0.000000000 0.233035729 0.766964271
9:/rcrf: 0.000000000 0.924118567 0.075881433
9:/rfcr: 0.000000000 0.520088446 0.479911554
9:/rffr: 0.000000000 0.337115933 0.662884067
9:/rfrc: 0.000000000 0.060670172 0.939329828
9:/rfrf: 0.000000000 0.020814158 0.979185842
9:/rrcc: 0.000000000 0.335598224 0.664401776
9:/rrcf: 0.000000000 0.000000760 0.999999240
9:/rrfc: 0.000000000 0.363442877 0.636557123
9:/rrff: 0.000000000 0.051033298 0.948966702
A:/: 0.998346066 0.001653934 0.000000000
A:/cccr: 0.999903935 0.000096065 0.000000000
A:/cccrccrc: 0.000000000 1.000000000 0.000000000
A:/cccrccrf: 0.000000000 0.516048806 0.483951194
A:/cccrcfrc: 0.000000000 0.578072452 0.421927548
A:/cccrcfrf: 0.000000000 0.066529572 0.933470428
A:/cccrcrcc: 0.000000000 1.000000000 0.000000000
A:/cccrcrcf: 0.000000000 1.000000000 0.000000000
A:/cccrcrfc: 0.000000000 1.000000000 0.000000000
A:/cccrcrff: 0.000000000 0.164172440 0.835827560
A:/ccrc: 0.999915706 0.000084294 0.000000000
A:/ccrccrcc: 0.000000000 0.597076621 0.402923379
A:/ccrccrcf: 0.000000000 0.558564195 0.441435805
A:/ccrccrfc: 0.000000000 0.871150008 0.128849992
A:/ccrccrff: 0.000000000 0.089103030 0.910896970
A:/ccrf: 0.473638264 0.526361736 0.000000000
A:/ccrfcrc: 0.000000000 0.995878574 0.004121426
A:/ccrfcrf: 0.000000000 0.997825519 0.002174481
A:/ccrr: 0.000000000 1.000000000 0.000000000
A:/crcc: 0.342729695 0.657270305 0.000000000
A:/crcf: 0.425727450 0.574272550 0.000000000
A:/crcr: 0.000000000 1.000000000 0.000000000
A:/crfc: 0.567162934 0.432837066 0.000000000
A:/crff: 0.534289090 0.465710910 0.000000000
A:/crfr: 0.000000000 0.819368126 0.180631874
A:/crrc: 0.000000000 1.000000000 0.000000000
A:/crrf: 0.000000000 1.000000000 0.000000000
A:/rccr: 0.000000000 1.000000000 0.000000000
A:/rcfr: 0.000000000 0.999973360 0.000026640
A:/rcrc: 0.000000000 0.999841974 0.000158026
A:/rcrf: 0.000000000 1.000000000 0.000000000
A:/rfcr: 0.000000000 0.982395942 0.017604058
A:/rffr: 0.000000000 1.000000000 0.000000000
A:/rfrc: 0.000000000 1.000000000 0.000000000
A:/rfrf: 0.000000000 0.946996133 0.053003867
A:/rrcc: 0.000000000 0.999988795 0.000011205
A:/rrcf: 0.000000000 0.999991559 0.000008441
A:/rrfc: 0.000000000 1.000000000 0.000000000
A:/rrff: 0.000000000 0.999960150 0.000039850
J:/: 1.000000000 0.000000000 0.000000000
J:/cccr: 0.041066796 0.190110169 0.768823035
J:/cccrccrc: 0.000000000 0.381377931 0.618622069
J:/cccrccrf: 0.000000000 0.384036959 0.615963041
J:/cccrcfrc: 0.000000000 0.677669996 0.322330004
J:/cccrcfrf: 0.000000000 0.628716386 0.371283614
J:/cccrcrcc: 0.000000000 0.654991649 0.345008351
J:/cccrcrcf: 0.000000000 0.566222116 0.433777884
J:/cccrcrfc: 0.000000000 0.461323472 0.538676528
J:/cccrcrff: 0.000000000 0.539122276 0.460877724
J:/ccrc: 0.638302176 0.078057637 0.283640186
J:/ccrccrcc: 0.000000000 0.236945285 0.763054715
J:/ccrccrcf: 0.000000000 0.429141868 0.570858132
J:/ccrccrfc: 0.000000000 0.417879332 0.582120668
J:/ccrccrff: 0.000000000 0.630777769 0.369222231
J:/ccrf: 0.707920131 0.292054204 0.000025665
J:/ccrfcrc: 0.000000000 0.623264857 0.376735143
J:/ccrfcrf: 0.000000000 0.871999734 0.128000266
J:/ccrr: 0.000000000 0.515405772 0.484594228
J:/crcc: 0.000036825 0.598653272 0.401309904
J:/crcf: 0.088434637 0.005523886 0.906041477
J:/crcr: 0.000000000 0.396426929 0.603573071
J:/crfc: 0.006720250 0.594682567 0.398597183
J:/crff: 0.825990682 0.174009318 0.000000000
J:/crfr: 0.000000000 0.219808481 0.780191519
J:/crrc: 0.000000000 0.000000000 1.000000000
J:/crrf: 0.000000000 0.134714866 0.865285134
J:/rccr: 0.000000000 0.000000000 1.000000000
J:/rcfr: 0.000000000 0.088444886 0.911555114
J:/rcrc: 0.000000000 0.293702390 0.706297610
J:/rcrf: 0.000000000 0.596682355 0.403317645
J:/rfcr: 0.000000000 0.701014082 0.298985918
J:/rffr: 0.000000000 0.581437106 0.418562894
J:/rfrc: 0.000000000 0.443193793 0.556806207
J:/rfrf: 0.000000000 0.491671133 0.508328867
J:/rrcc: 0.000000000 0.226002310 0.773997690
J:/rrcf: 0.000000000 0.856907257 0.143092743
J:/rrfc: 0.000000000 0.085678644 0.914321356
J:/rrff: 0.000000000 0.452898054 0.547101946
K:/: 0.999687037 0.000312963 0.000000000
K:/cccr: 0.324490886 0.675509114 0.000000000
K:/cccrccrc: 0.000000000 0.779252348 0.220747652
K:/cccrccrf: 0.000000000 0.751897057 0.248102943
K:/cccrcfrc: 0.000000000 0.001560420 0.998439580
K:/cccrcfrf: 0.000000000 0.425171833 0.574828167
K:/cccrcrcc: 0.000000000 0.882688149 0.117311851
K:/cccrcrcf: 0.000000000 0.949194394 0.050805606
K:/cccrcrfc: 0.000000000 0.585121814 0.414878186
K:/cccrcrff: 0.000000000 0.650721893 0.349278107
K:/ccrc: 0.409607441 0.590392559 0.000000000
K:/ccrccrcc: 0.000000000 1.000000000 0.000000000
K:/ccrccrcf: 0.000000000 0.453994884 0.546005116
K:/ccrccrfc: 0.000000000 0.665558207 0.334441793
K:/ccrccrff: 0.000000000 0.851206505 0.148793495
K:/ccrf: 0.853033512 0.146966488 0.000000000
K:/ccrfcrc: 0.000000000 0.985003881 0.014996119
K:/ccrfcrf: 0.000000000 0.890800286 0.109199714
K:/ccrr: 0.000000000 0.999930874 0.000069126
K:/crcc: 0.215860102 0.784139898 0.000000000
K:/crcf: 0.555932961 0.444067039 0.000000000
K:/crcr: 0.000000000 1.000000000 0.000000000
K:/crfc: 0.483368418 0.516631582 0.000000000
K:/crff: 0.479587512 0.520412488 0.000000000
K:/crfr: 0.000000000 1.000000000 0.000000000
K:/crrc: 0.000000000 1.000000000 0.000000000
K:/crrf: 0.000000000 1.000000000 0.000000000
K:/rccr: 0.000000000 0.493409025 0.506590975
K:/rcfr: 0.000000000 0.999895386 0.000104614
K:/rcrc: 0.000000000 0.895608723 0.104391277
K:/rcrf: 0.000000000 1.000000000 0.000000000
K:/rfcr: 0.000000000 0.436494452 0.563505548
K:/rffr: 0.000000000 0.870882126 0.129117874
K:/rfrc: 0.000000000 0.345008157 0.654991843
K:/rfrf: 0.000000000 0.748838308 0.251161692
K:/rrcc: 0.000000000 0.340883525 0.659116475
K:/rrcf: 0.000000000 0.187740773 0.812259227
K:/rrfc: 0.000000000 0.575800658 0.424199342
K:/rrff: 0.000000000 0.868103488 0.131896512
Q:/: 1.000000000 0.000000000 0.000000000
Q:/cccr: 0.227329996 0.772670004 0.000000000
Q:/cccrccrc: 0.000000000 0.375590337 0.624409663
Q:/cccrccrf: 0.000000000 0.443625558 0.556374442
Q:/cccrcfrc: 0.000000000 0.542422601 0.457577399
Q:/cccrcfrf: 0.000000000 0.905075390 0.094924610
Q:/cccrcrcc: 0.000000000 0.000328823 0.999671177
Q:/cccrcrcf: 0.000000000 0.757532904 0.242467096
Q:/cccrcrfc: 0.000000000 0.806427097 0.193572903
Q:/cccrcrff: 0.000000000 0.919640086 0.080359914
Q:/ccrc: 0.907843843 0.092156157 0.000000000
Q:/ccrccrcc: 0.000000000 0.628787794 0.371212206
Q:/ccrccrcf: 0.000000000 0.404307081 0.595692919
Q:/ccrccrfc: 0.000000000 0.257077827 0.742922173
Q:/ccrccrff: 0.000000000 0.659490743 0.340509257
Q:/ccrf: 0.712665679 0.287334321 0.000000000
Q:/ccrfcrc: 0.000000000 0.349578030 0.650421970
Q:/ccrfcrf: 0.000000000 1.000000000 0.000000000
Q:/ccrr: 0.000000000 1.000000000 0.000000000
Q:/crcc: 0.045968923 0.679293766 0.274737312
Q:/crcf: 0.157452355 0.482668317 0.359879329
Q:/crcr: 0.000000000 1.000000000 0.000000000
Q:/crfc: 0.560680619 0.439319381 0.000000000
Q:/crff: 0.377823116 0.622176884 0.000000000
Q:/crfr: 0.000000000 0.717710327 0.282289673
Q:/crrc: 0.000000000 0.000014800 0.999985200
Q:/crrf: 0.000000000 0.000066108 0.999933892
Q:/rccr: 0.000000000 0.718161427 0.281838573
Q:/rcfr: 0.000000000 0.170017698 0.829982302
Q:/rcrc: 0.000000000 0.054175341 0.945824659
Q:/rcrf: 0.000000000 0.251556353 0.748443647
Q:/rfcr: 0.000000000 0.436539199 0.563460801
Q:/rffr: 0.000000000 0.735431914 0.264568086
Q:/rfrc: 0.000000000 0.504915416 0.495084584
Q:/rfrf: 0.000000000 0.529388448 0.470611552
Q:/rrcc: 0.000000000 0.452670112 0.547329888
Q:/rrcf: 0.000000000 0.731174944 0.268825056
Q:/rrfc: 0.000000000 0.028657010 0.971342990
Q:/rrff: 0.000000000 0.893670950 0.106329050
T:/: 1.000000000 0.000000000 0.000000000
T:/cccr: 0.000130103 0.000000000 0.999869897
T:/cccrccrc: 0.000000000 0.834897316 0.165102684
T:/cccrccrf: 0.000000000 0.443789953 0.556210047
T:/cccrcfrc: 0.000000000 0.908887191 0.091112809
T:/cccrcfrf: 0.000000000 0.147199615 0.852800385
T:/cccrcrcc: 0.000000000 0.211281830 0.788718170
T:/cccrcrcf: 0.000000000 0.479990000 0.520010000
T:/cccrcrfc: 0.000000000 0.234843519 0.765156481
T:/cccrcrff: 0.000000000 0.483949907 0.516050093
T:/ccrc: 0.607985332 0.043096395 0.348918273
T:/ccrccrcc: 0.000000000 0.000000000 1.000000000
T:/ccrccrcf: 0.000000000 0.402872139 0.597127861
T:/ccrccrfc: 0.000000000 0.566326160 0.433673840
T:/ccrccrff: 0.000000000 0.881829604 0.118170396
T:/ccrf: 0.999940042 0.000000000 0.000059958
T:/ccrfcrc: 0.000000000 0.587454572 0.412545428
T:/ccrfcrf: 0.000000000 0.762548245 0.237451755
T:/ccrr: 0.000000000 0.911609633 0.088390367
T:/crcc: 0.000096548 0.439825946 0.560077506
T:/crcf: 0.088173299 0.138017339 0.773809362
T:/crcr: 0.000000000 0.117835410 0.882164590
T:/crfc: 0.000134034 0.412113665 0.587752301
T:/crff: 0.354159939 0.625048686 0.020791375
T:/crfr: 0.000000000 0.289274912 0.710725088
T:/crrc: 0.000000000 0.000000000 1.000000000
T:/crrf: 0.000000000 0.000000000 1.000000000
T:/rccr: 0.000000000 0.000000000 1.000000000
T:/rcfr: 0.000000000 0.000000000 1.000000000
T:/rcrc: 0.000000000 0.088425866 0.911574134
T:/rcrf: 0.000000000 0.031159394 0.968840606
T:/rfcr: 0.000000000 0.815862677 0.184137323
T:/rffr: 0.000000000 0.091184815 0.908815185
T:/rfrc: 0.000000000 0.204184300 0.795815700
T:/rfrf: 0.000000000 0.619983975 0.380016025
T:/rrcc: 0.000000000 0.286022759 0.713977241
T:/rrcf: 0.000000000 0.429974334 0.570025666
T:/rrfc: 0.000000000 0.252110956 0.747889044
T:/rrff: 0.000000000 0.144477878 0.855522122
