8:/c: 0.198016689 0.801983311 0.000000000
8:/cccrc: 0.327567554 0.173757754 0.498674692
8:/cccrccrcc: 0.000000000 0.442879515 0.557120485
8:/cccrccrcf: 0.000000000 0.229117759 0.770882241
8:/cccrccrfc: 0.000000000 0.483164409 0.516835591
8:/cccrccrff: 0.000000000 0.556304298 0.443695702
8:/cccrf: 0.284880625 0.337145739 0.377973636
8:/cccrfcrc: 0.000000000 0.623993000 0.376007000
8:/cccrfcrf: 0.000000000 0.953648551 0.046351449
8:/cccrr: 0.000000000 0.422435961 0.577564039
8:/ccrcc: 0.148031075 0.354199020 0.497769904
8:/ccrcf: 0.344885196 0.377205560 0.277909244
8:/ccrcr: 0.000000000 0.403277465 0.596722535
8:/ccrfc: 0.251329622 0.333424949 0.415245429
8:/ccrff: 0.203607056 0.644335265 0.152057679
8:/ccrfr: 0.000000000 0.663162551 0.336837449
8:/ccrrc: 0.000000000 0.739650336 0.260349664
8:/ccrrf: 0.000000000 0.378260583 0.621739417
8:/crccr: 0.000000000 0.029577359 0.970422641
8:/crcfr: 0.000000000 0.039249290 0.960750710
8:/crcrc: 0.000000000 0.116525937 0.883474063
8:/crcrf: 0.000000000 0.009756161 0.990243839
8:/crfcr: 0.000000000 0.720868496 0.279131504
8:/crffr: 0.000000000 0.538763138 0.461236862
8:/crfrc: 0.000000000 0.712575513 0.287424487
8:/crfrf: 0.000000000 0.965562763 0.034437237
8:/crrcc: 0.000000000 0.055977651 0.944022349
8:/crrcf: 0.000000000 0.465230940 0.534769060
8:/crrfc: 0.000000000 0.474669821 0.525330179
8:/crrff: 0.000000000 0.934934405 0.065065595
8:/r: 0.000000000 0.998529100 0.001470900
8:/rccrc: 0.000000000 0.582540165 0.417459835
8:/rccrf: 0.000000000 0.838203107 0.161796893
8:/rcfrc: 0.000000000 0.337634392 0.662365608
8:/rcfrf: 0.000000000 0.491761781 0.508238219
8:/rcrcc: 0.000000000 0.272393930 0.727606070
8:/rcrcf: 0.000000000 0.000000000 1.000000000
8:/rcrfc: 0.000000000 0.091188006 0.908811994
8:/rcrff: 0.000000000 0.000000000 1.000000000
9:/c: 0.472238088 0.527761912 0.000000000
9:/cccrc: 0.108969262 0.342293687 0.548737051
9:/cccrccrcc: 0.000000000 0.635189350 0.364810650
9:/cccrccrcf: 0.000000000 0.377756755 0.622243245
9:/cccrccrfc: 0.000000000 0.756884567 0.243115433
9:/cccrccrff: 0.000000000 0.072752827 0.927247173
9:/cccrf: 0.231981058 0.119278301 0.648740641
9:/cccrfcrc: 0.000000000 0.975708286 0.024291714
9:/cccrfcrf: 0.000000000 0.130955582 0.869044418
9:/cccrr: 0.000000000 0.671195353 0.328804647
9:/ccrcc: 0.349861282 0.493811766 0.156326952
9:/ccrcf: 0.645988486 0.057620835 0.296390680
9:/ccrcr: 0.000000000 0.256194738 0.743805262
9:/ccrfc: 0.280351139 0.230667160 0.488981701
9:/ccrff: 0.036491524 0.382267500 0.581240976
9:/ccrfr: 0.000000000 0.111595915 0.888404085
9:/ccrrc: 0.000000000 0.007677761 0.992322239
9:/ccrrf: 0.000000000 0.646740383 0.353259617
9:/crccr: 0.000000000 0.527931440 0.472068560
9:/crcfr: 0.000000000 0.755891110 0.244108890
9:/crcrc: 0.000000000 0.413860794 0.586139206
9:/crcrf: 0.000000000 0.251310356 0.748689644
9:/crfcr: 0.000000000 0.387137568 0.612862432
9:/crffr: 0.000000000 0.324179070 0.675820930
9:/crfrc: 0.000000000 0.005925062 0.994074938
9:/crfrf: 0.000000000 0.622185988 0.377814012
9:/crrcc: 0.000000000 0.231823064 0.768176936
9:/crrcf: 0.000000000 0.824235609 0.175764391
9:/crrfc: 0.000000000 0.253663129 0.746336871
9:/crrff: 0.000000000 0.795530180 0.204469820
9:/r: 0.000000000 0.998637772 0.001362228
9:/rccrc: 0.000000000 0.308284909 0.691715091
9:/rccrf: 0.000000000 0.059885850 0.940114150
9:/rcfrc: 0.000000000 0.000000000 1.000000000
9:/rcfrf: 0.000000000 0.319690887 0.680309113
9:/rcrcc: 0.000000000 0.219240234 0.780759766
9:/rcrcf: 0.000000000 0.315635839 0.684364161
9:/rcrfc: 0.000000000 0.088281912 0.911718088
9:/rcrff: 0.000000000 0.000000000 1.000000000
A:/c: 0.582681553 0.417318447 0.000000000
A:/cccrc: 0.540517936 0.410351455 0.049130609
A:/cccrccrcc: 0.000000000 0.605724368 0.394275632
A:/cccrccrcf: 0.000000000 0.399233049 0.600766951
A:/cccrccrfc: 0.000000000 0.976435054 0.023564946
A:/cccrccrff: 0.000000000 0.744876674 0.255123326
A:/cccrf: 0.298592542 0.701407458 0.000000000
A:/cccrfcrc: 0.000000000 0.456209478 0.543790522
A:/cccrfcrf: 0.000000000 1.000000000 0.000000000
A:/cccrr: 0.000000000 0.999999537 0.000000463
A:/ccrcc: 0.419347570 0.220854628 0.359797802
A:/ccrcf: 0.236816081 0.593311110 0.169872809
A:/ccrcr: 0.000000000 0.972196416 0.027803584
A:/ccrfc: 0.838235741 0.161764250 0.000000009
A:/ccrff: 0.525815818 0.474184182 0.000000000
A:/ccrfr: 0.000000000 0.910271388 0.089728612
A:/ccrrc: 0.000000000 0.889975419 0.110024581
A:/ccrrf: 0.000000000 0.673531724 0.326468276
A:/crccr: 0.000000000 0.918616524 0.081383476
A:/crcfr: 0.000000000 0.999739031 0.000260969
A:/crcrc: 0.000000000 0.901498226 0.098501774
A:/crcrf: 0.000000000 0.775712867 0.224287133
A:/crfcr: 0.000000000 0.846121180 0.153878820
A:/crffr: 0.000000000 0.693211530 0.306788470
A:/crfrc: 0.000000000 1.000000000 0.000000000
A:/crfrf: 0.000000000 0.365552981 0.634447019
A:/crrcc: 0.000000000 0.999998869 0.000001131
A:/crrcf: 0.000000000 1.000000000 0.000000000
A:/crrfc: 0.000000000 0.999986181 0.000013819
A:/crrff: 0.000000000 0.999985541 0.000014459
A:/r: 0.016177986 0.983822014 0.000000000
A:/rccrc: 0.000000000 0.484624521 0.515375479
A:/rccrf: 0.000000000 1.000000000 0.000000000
A:/rcfrc: 0.000000000 1.000000000 0.000000000
A:/rcfrf: 0.000000000 0.789260214 0.210739786
A:/rcrcc: 0.000000000 0.602061139 0.397938861
A:/rcrcf: 0.000000000 1.000000000 0.000000000
A:/rcrfc: 0.000000000 0.999765350 0.000234650
A:/rcrff: 0.000000000 1.000000000 0.000000000
J:/c: 0.280269377 0.719730623 0.000000000
J:/cccrc: 0.246905686 0.667381118 0.085713195
J:/cccrccrcc: 0.000000000 0.410325365 0.589674635
J:/cccrccrcf: 0.000000000 0.748458658 0.251541342
J:/cccrccrfc: 0.000000000 0.788902772 0.211097228
J:/cccrccrff: 0.000000000 0.499056422 0.500943578
J:/cccrf: 0.052446501 0.456984619 0.490568880
J:/cccrfcrc: 0.000000000 0.748123759 0.251876241
J:/cccrfcrf: 0.000000000 0.999999331 0.000000669
J:/cccrr: 0.000000000 0.337116723 0.662883277
J:/ccrcc: 0.323866756 0.383724017 0.292409226
J:/ccrcf: 0.514572591 0.124891380 0.360536029
J:/ccrcr: 0.000000000 0.535262949 0.464737051
J:/ccrfc: 0.117768676 0.784920526 0.097310799
J:/ccrff: 0.153548573 0.786301488 0.060149939
J:/ccrfr: 0.000000000 0.585897315 0.414102685
J:/ccrrc: 0.000000000 0.776050385 0.223949615
J:/ccrrf: 0.000000000 0.436861111 0.563138889
J:/crccr: 0.000000000 0.678739278 0.321260722
J:/crcfr: 0.000000000 0.435599836 0.564400164
J:/crcrc: 0.000000000 0.014221040 0.985778960
J:/crcrf: 0.000000000 0.133758613 0.866241387
J:/crfcr: 0.000000000 0.174926665 0.825073335
J:/crffr: 0.000000000 0.421087948 0.578912052
J:/crfrc: 0.000000000 0.669158617 0.330841383
J:/crfrf: 0.000000000 0.184783901 0.815216099
J:/crrcc: 0.000000000 0.399538997 0.600461003
J:/crrcf: 0.000000000 0.160184373 0.839815627
J:/crrfc: 0.000000000 0.029416183 0.970583817
J:/crrff: 0.000000000 0.281714193 0.718285807
J:/r: 0.000000000 0.998947068 0.001052932
J:/rccrc: 0.000000000 0.400577144 0.599422856
J:/rccrf: 0.000000000 0.237835146 0.762164854
J:/rcfrc: 0.000000000 0.726158782 0.273841218
J:/rcfrf: 0.000000000 0.033311116 0.966688884
J:/rcrcc: 0.000000000 0.415637083 0.584362917
J:/rcrcf: 0.000000000 0.586775591 0.413224409
J:/rcrfc: 0.000000000 0.000000000 1.000000000
J:/rcrff: 0.000000000 0.338374995 0.661625005
K:/c: 0.455795531 0.544204469 0.000000000
K:/cccrc: 0.973020972 0.014398613 0.012580415
K:/cccrccrcc: 0.000000000 0.144776417 0.855223583
K:/cccrccrcf: 0.000000000 0.809549707 0.190450293
K:/cccrccrfc: 0.000000000 0.834322177 0.165677823
K:/cccrccrff: 0.000000000 0.509358550 0.490641450
K:/cccrf: 0.398271911 0.369557012 0.232171076
K:/cccrfcrc: 0.000000000 0.667513502 0.332486498
K:/cccrfcrf: 0.000000000 0.228641511 0.771358489
K:/cccrr: 0.000000000 0.425452857 0.574547143
K:/ccrcc: 0.277874750 0.165066985 0.557058265
K:/ccrcf: 0.195129124 0.804870876 0.000000000
K:/ccrcr: 0.000000000 0.220020611 0.779979389
K:/ccrfc: 0.423933171 0.312246570 0.263820259
K:/ccrff: 0.233385120 0.681660089 0.084954791
K:/ccrfr: 0.000000000 0.812638169 0.187361831
K:/ccrrc: 0.000000000 0.652071287 0.347928713
K:/ccrrf: 0.000000000 0.642580549 0.357419451
K:/crccr: 0.000000000 0.816351209 0.183648791
K:/crcfr: 0.000000000 0.229398053 0.770601947
K:/crcrc: 0.000000000 0.649057885 0.350942115
K:/crcrf: 0.000000000 0.748444320 0.251555680
K:/crfcr: 0.000000000 0.969407069 0.030592931
K:/crffr: 0.000000000 0.776326967 0.223673033
K:/crfrc: 0.000000000 0.735837925 0.264162075
K:/crfrf: 0.000000000 0.692743716 0.307256284
K:/crrcc: 0.000000000 0.576509383 0.423490617
K:/crrcf: 0.000000000 0.762411188 0.237588812
K:/crrfc: 0.000000000 0.395339932 0.604660068
K:/crrff: 0.000000000 0.976891032 0.023108968
K:/r: 0.000000000 1.000000000 0.000000000
K:/rccrc: 0.000000000 0.672087830 0.327912170
K:/rccrf: 0.000000000 0.602556612 0.397443388
K:/rcfrc: 0.000000000 0.999952407 0.000047593
K:/rcfrf: 0.000000000 0.444392136 0.555607864
K:/rcrcc: 0.000000000 0.914605703 0.085394297
K:/rcrcf: 0.000000000 0.993825743 0.006174257
K:/rcrfc: 0.000000000 0.913146505 0.086853495
K:/rcrff: 0.000000000 1.000000000 0.000000000
Q:/c: 0.000165946 0.999834054 0.000000000
Q:/cccrc: 0.229387118 0.421219564 0.349393318
Q:/cccrccrcc: 0.000000000 0.256282860 0.743717140
Q:/cccrccrcf: 0.000000000 0.750403531 0.249596469
Q:/cccrccrfc: 0.000000000 0.375788345 0.624211655
Q:/cccrccrff: 0.000000000 0.598733363 0.401266637
Q:/cccrf: 0.228677827 0.496537394 0.274784779
Q:/cccrfcrc: 0.000000000 0.281301508 0.718698492
Q:/cccrfcrf: 0.000000000 0.506446784 0.493553216
Q:/cccrr: 0.000000000 0.546539462 0.453460538
Q:/ccrcc: 0.219028966 0.606066662 0.174904372
Q:/ccrcf: 0.506142318 0.034309068 0.459548613
Q:/ccrcr: 0.000000000 0.751607681 0.248392319
Q:/ccrfc: 0.343441401 0.078657505 0.577901095
Q:/ccrff: 0.430891596 0.097658739 0.471449666
Q:/ccrfr: 0.000000000 0.265499248 0.734500752
Q:/ccrrc: 0.000000000 0.499283795 0.500716205
Q:/ccrrf: 0.000000000 0.194172054 0.805827946
Q:/crccr: 0.000000000 0.838524332 0.161475668
Q:/crcfr: 0.000000000 0.663735368 0.336264632
Q:/crcrc: 0.000000000 0.546786951 0.453213049
Q:/crcrf: 0.000000000 0.624396038 0.375603962
Q:/crfcr: 0.000000000 0.796950164 0.203049836
Q:/crffr: 0.000000000 0.677166621 0.322833379
Q:/crfrc: 0.000000000 0.115466924 0.884533076
Q:/crfrf: 0.000000000 0.625474882 0.374525118
Q:/crrcc: 0.000000000 0.380313972 0.619686028
Q:/crrcf: 0.000000000 0.244772082 0.755227918
Q:/crrfc: 0.000000000 0.639928544 0.360071456
Q:/crrff: 0.000000000 0.855407723 0.144592277
Q:/r: 0.000000000 0.999930649 0.000069351
Q:/rccrc: 0.000000000 0.964462648 0.035537352
Q:/rccrf: 0.000000000 0.975532504 0.024467496
Q:/rcfrc: 0.000000000 0.502035860 0.497964140
Q:/rcfrf: 0.000000000 0.115297098 0.884702902
Q:/rcrcc: 0.000000000 0.232701817 0.767298183
Q:/rcrcf: 0.000000000 0.000000000 1.000000000
Q:/rcrfc: 0.000000000 0.000000000 1.000000000
Q:/rcrff: 0.000000000 0.518555097 0.481444903
T:/c: 0.000000000 1.000000000 0.000000000
T:/cccrc: 0.404522089 0.108101748 0.487376163
T:/cccrccrcc: 0.000000000 0.452873097 0.547126903
T:/cccrccrcf: 0.000000000 0.425077225 0.574922775
T:/cccrccrfc: 0.000000000 0.883751585 0.116248415
T:/cccrccrff: 0.000000000 0.363647324 0.636352676
T:/cccrf: 0.339622766 0.530827586 0.129549648
T:/cccrfcrc: 0.000000000 0.728295880 0.271704120
T:/cccrfcrf: 0.000000000 0.674625679 0.325374321
T:/cccrr: 0.000000000 0.346339308 0.653660692
T:/ccrcc: 0.197558507 0.729726043 0.072715450
T:/ccrcf: 0.402641304 0.179107186 0.418251510
T:/ccrcr: 0.000000000 0.548199179 0.451800821
T:/ccrfc: 0.491908271 0.385768410 0.122323319
T:/ccrff: 0.708994646 0.005892124 0.285113231
T:/ccrfr: 0.000000000 0.583762359 0.416237641
T:/ccrrc: 0.000000000 0.322671903 0.677328097
T:/ccrrf: 0.000000000 0.455776271 0.544223729
T:/crccr: 0.000000000 0.515921731 0.484078269
T:/crcfr: 0.000000000 0.965915774 0.034084226
T:/crcrc: 0.000000000 0.139608507 0.860391493
T:/crcrf: 0.000000000 0.222008542 0.777991458
T:/crfcr: 0.000000000 0.706860099 0.293139901
T:/crffr: 0.000000000 0.999992291 0.000007709
T:/crfrc: 0.000000000 0.364992151 0.635007849
T:/crfrf: 0.000000000 0.613767293 0.386232707
T:/crrcc: 0.000000000 0.694123433 0.305876567
T:/crrcf: 0.000000000 0.380926269 0.619073731
T:/crrfc: 0.000000000 0.300651627 0.699348373
T:/crrff: 0.000000000 0.666470059 0.333529941
T:/r: 0.000000000 0.998714034 0.001285966
T:/rccrc: 0.000000000 0.620347994 0.379652006
T:/rccrf: 0.000000000 0.599570796 0.400429204
T:/rcfrc: 0.000000000 0.242937544 0.757062456
T:/rcfrf: 0.000000000 0.567751514 0.432248486
T:/rcrcc: 0.000000000 0.149214455 0.850785545
T:/rcrcf: 0.000000000 0.767286178 0.232713822
T:/rcrfc: 0.000000000 0.000000000 1.000000000
T:/rcrff: 0.000000000 0.103183447 0.896816553
