8:/cc: 0.680447842 0.319552158 0.000000000
8:/cccrcc: 0.695825361 0.245597272 0.058577367
8:/cccrcf: 0.000000000 0.019512440 0.980487560
8:/cccrcr: 0.000000000 0.363513526 0.636486474
8:/cccrfc: 0.376079187 0.185310367 0.438610447
8:/cccrff: 0.321876602 0.131912682 0.546210716
8:/cccrfr: 0.000000000 0.044880448 0.955119552
8:/cccrrc: 0.000000000 0.808725233 0.191274767
8:/cccrrf: 0.000000000 0.608410495 0.391589505
8:/ccrccr: 0.000000000 0.497595120 0.502404880
8:/ccrcfr: 0.000000000 0.669809870 0.330190130
8:/ccrcrc: 0.000000000 0.379280827 0.620719173
8:/ccrcrf: 0.000000000 0.462692010 0.537307990
8:/ccrfcr: 0.000000000 0.652225945 0.347774055
8:/ccrffr: 0.000000000 0.940568466 0.059431534
8:/ccrfrc: 0.000000000 0.323495744 0.676504256
8:/ccrfrf: 0.000000000 0.498125944 0.501874056
8:/ccrrcc: 0.000000000 0.410824288 0.589175712
8:/ccrrcf: 0.000000000 0.280494446 0.719505554
8:/ccrrfc: 0.000000000 0.118899241 0.881100759
8:/ccrrff: 0.000000000 0.709753989 0.290246011
8:/cr: 0.642372287 0.072091349 0.285536363
8:/crccrc: 0.000000000 0.531452199 0.468547801
8:/crccrf: 0.000000000 0.504243823 0.495756177
8:/crcfrc: 0.000000000 0.599346256 0.400653744
8:/crcfrf: 0.000000000 0.071331023 0.928668977
8:/crcrcc: 0.000000000 0.758024877 0.241975123
8:/crcrcf: 0.000000000 0.037951587 0.962048413
8:/crcrfc: 0.000000000 0.721618231 0.278381769
8:/crcrff: 0.000000000 0.329744326 0.670255674
8:/rc: 0.011263237 0.000000000 0.988736763
8:/rccrcc: 0.000000000 0.174137411 0.825862589
8:/rccrcf: 0.000000000 0.089720309 0.910279691
8:/rccrfc: 0.000000000 0.072888930 0.927111070
8:/rccrff: 0.000000000 0.000000000 1.000000000
8:/rf: 0.379863314 0.310353420 0.309783266
8:/rfcrc: 0.000000000 0.109219739 0.890780261
8:/rfcrf: 0.000000000 0.513680878 0.486319122
8:/rr: 0.000000000 0.000000000 1.000000000
9:/cc: 0.010152350 0.989847650 0.000000000
9:/cccrcc: 0.416573834 0.074037678 0.509388488
9:/cccrcf: 0.162930765 0.404574225 0.432495010
9:/cccrcr: 0.000000000 0.382877188 0.617122812
9:/cccrfc: 0.449616845 0.512976252 0.037406903
9:/cccrff: 0.393209243 0.557614297 0.049176460
9:/cccrfr: 0.000000000 0.321330872 0.678669128
9:/cccrrc: 0.000000000 0.555777293 0.444222707
9:/cccrrf: 0.000000000 0.434045244 0.565954756
9:/ccrccr: 0.000000000 0.181641762 0.818358238
9:/ccrcfr: 0.000000000 0.019387917 0.980612083
9:/ccrcrc: 0.000000000 0.650791247 0.349208753
9:/ccrcrf: 0.000000000 0.273832368 0.726167632
9:/ccrfcr: 0.000000000 0.554779793 0.445220207
9:/ccrffr: 0.000000000 0.435684424 0.564315576
9:/ccrfrc: 0.000000000 0.769911221 0.230088779
9:/ccrfrf: 0.000000000 0.539428492 0.460571508
9:/ccrrcc: 0.000000000 0.696556355 0.303443645
9:/ccrrcf: 0.000000000 0.892192623 0.107807377
9:/ccrrfc: 0.000000000 0.433099627 0.566900373
9:/ccrrff: 0.000000000 0.563181083 0.436818917
9:/cr: 0.290051464 0.260021474 0.449927062
9:/crccrc: 0.000000000 0.901904546 0.098095454
9:/crccrf: 0.000000000 0.472584693 0.527415307
9:/crcfrc: 0.000000000 0.202887924 0.797112076
9:/crcfrf: 0.000000000 0.707972998 0.292027002
9:/crcrcc: 0.000000000 0.621977008 0.378022992
9:/crcrcf: 0.000000000 0.472517734 0.527482266
9:/crcrfc: 0.000000000 0.589670091 0.410329909
9:/crcrff: 0.000000000 0.515061253 0.484938747
9:/rc: 0.047390825 0.000000000 0.952609175
9:/rccrcc: 0.000000000 0.471486483 0.528513517
9:/rccrcf: 0.000000000 0.000000000 1.000000000
9:/rccrfc: 0.000000000 0.542472842 0.457527158
9:/rccrff: 0.000000000 0.252051528 0.747948472
9:/rf: 0.365066269 0.000000000 0.634933731
9:/rfcrc: 0.000000000 0.692164400 0.307835600
9:/rfcrf: 0.000000000 0.839126214 0.160873786
9:/rr: 0.000000000 0.000000000 1.000000000
A:/cc: 0.319840617 0.680159383 0.000000000
A:/cccrcc: 0.760448880 0.096440277 0.143110843
A:/cccrcf: 0.636936353 0.079483412 0.283580235
A:/cccrcr: 0.000000000 0.605852324 0.394147676
A:/cccrfc: 0.340787314 0.063063507 0.596149179
A:/cccrff: 0.101631503 0.546294777 0.352073721
A:/cccrfr: 0.000000000 0.773309597 0.226690403
A:/cccrrc: 0.000000000 0.571036847 0.428963153
A:/cccrrf: 0.000000000 0.666284730 0.333715270
A:/ccrccr: 0.000000000 0.162250619 0.837749381
A:/ccrcfr: 0.000000000 0.405582352 0.594417648
A:/ccrcrc: 0.000000000 0.624748324 0.375251676
A:/ccrcrf: 0.000000000 0.674865627 0.325134373
A:/ccrfcr: 0.000000000 0.207063604 0.792936396
A:/ccrffr: 0.000000000 0.613961749 0.386038251
A:/ccrfrc: 0.000000000 0.477515263 0.522484737
A:/ccrfrf: 0.000000000 0.823120812 0.176879188
A:/ccrrcc: 0.000000000 0.586074680 0.413925320
A:/ccrrcf: 0.000000000 0.522587957 0.477412043
A:/ccrrfc: 0.000000000 0.339400953 0.660599047
A:/ccrrff: 0.000000000 0.382323371 0.617676629
A:/cr: 0.100177649 0.326941377 0.572880974
A:/crccrc: 0.000000000 0.447345514 0.552654486
A:/crccrf: 0.000000000 0.707827097 0.292172903
A:/crcfrc: 0.000000000 0.769188308 0.230811692
A:/crcfrf: 0.000000000 0.594896216 0.405103784
A:/crcrcc: 0.000000000 0.624332494 0.375667506
A:/crcrcf: 0.000000000 0.346172040 0.653827960
A:/crcrfc: 0.000000000 0.304554292 0.695445708
A:/crcrff: 0.000000000 0.240661778 0.759338222
A:/rc: 0.891795032 0.108204968 0.000000000
A:/rccrcc: 0.000000000 1.000000000 0.000000000
A:/rccrcf: 0.000000000 1.000000000 0.000000000
A:/rccrfc: 0.000000000 0.998980477 0.001019523
A:/rccrff: 0.000000000 1.000000000 0.000000000
A:/rf: 0.658487964 0.341448398 0.000063638
A:/rfcrc: 0.000000000 1.000000000 0.000000000
A:/rfcrf: 0.000000000 0.666250182 0.333749818
A:/rr: 0.000000000 0.999924949 0.000075051
J:/cc: 0.152029010 0.847970990 0.000000000
J:/cccrcc: 0.173587693 0.350476240 0.475936067
J:/cccrcf: 0.348143174 0.422725096 0.229131730
J:/cccrcr: 0.000000000 0.735867244 0.264132756
J:/cccrfc: 0.000002777 0.482145962 0.517851261
J:/cccrff: 0.131414278 0.456796004 0.411789718
J:/cccrfr: 0.000000000 0.399235426 0.600764574
J:/cccrrc: 0.000000000 0.565461449 0.434538551
J:/cccrrf: 0.000000000 0.229962978 0.770037022
J:/ccrccr: 0.000000000 0.247982809 0.752017191
J:/ccrcfr: 0.000000000 0.884694768 0.115305232
J:/ccrcrc: 0.000000000 0.713598733 0.286401267
J:/ccrcrf: 0.000000000 0.298162185 0.701837815
J:/ccrfcr: 0.000000000 0.164377279 0.835622721
J:/ccrffr: 0.000000000 0.820842332 0.179157668
J:/ccrfrc: 0.000000000 0.254326722 0.745673278
J:/ccrfrf: 0.000000000 0.908184533 0.091815467
J:/ccrrcc: 0.000000000 0.630517420 0.369482580
J:/ccrrcf: 0.000000000 0.465871402 0.534128598
J:/ccrrfc: 0.000000000 0.592068993 0.407931007
J:/ccrrff: 0.000000000 0.212729084 0.787270916
J:/cr: 0.954234827 0.045764158 0.000001015
J:/crccrc: 0.000000000 0.861531650 0.138468350
J:/crccrf: 0.000000000 0.073195485 0.926804515
J:/crcfrc: 0.000000000 0.765899053 0.234100947
J:/crcfrf: 0.000000000 0.708037448 0.291962552
J:/crcrcc: 0.000000000 0.196679160 0.803320840
J:/crcrcf: 0.000000000 0.654936109 0.345063891
J:/crcrfc: 0.000000000 0.571704637 0.428295363
J:/crcrff: 0.000000000 0.824757186 0.175242814
J:/rc: 0.004449744 0.000000000 0.995550256
J:/rccrcc: 0.000000000 0.000000000 1.000000000
J:/rccrcf: 0.000000000 0.000000000 1.000000000
J:/rccrfc: 0.000000000 0.292220897 0.707779103
J:/rccrff: 0.000000000 0.620175750 0.379824250
J:/rf: 0.192561530 0.350699628 0.456738842
J:/rfcrc: 0.000000000 0.813029142 0.186970858
J:/rfcrf: 0.000000000 0.908694343 0.091305657
J:/rr: 0.000000000 0.000000000 1.000000000
K:/cc: 0.326917887 0.673082113 0.000000000
K:/cccrcc: 0.441509603 0.470933409 0.087556987
K:/cccrcf: 0.512651943 0.468192800 0.019155256
K:/cccrcr: 0.000000000 0.338929764 0.661070236
K:/cccrfc: 0.187235292 0.380028960 0.432735748
K:/cccrff: 0.217490822 0.357896939 0.424612239
K:/cccrfr: 0.000000000 0.334230363 0.665769637
K:/cccrrc: 0.000000000 0.668392969 0.331607031
K:/cccrrf: 0.000000000 0.476052077 0.523947923
K:/ccrccr: 0.000000000 0.722014756 0.277985244
K:/ccrcfr: 0.000000000 0.325152567 0.674847433
K:/ccrcrc: 0.000000000 0.493637751 0.506362249
K:/ccrcrf: 0.000000000 0.369179884 0.630820116
K:/ccrfcr: 0.000000000 0.860282904 0.139717096
K:/ccrffr: 0.000000000 0.053034882 0.946965118
K:/ccrfrc: 0.000000000 0.836793305 0.163206695
K:/ccrfrf: 0.000000000 0.477929090 0.522070910
K:/ccrrcc: 0.000000000 0.823028814 0.176971186
K:/ccrrcf: 0.000000000 0.727202491 0.272797509
K:/ccrrfc: 0.000000000 0.651974603 0.348025397
K:/ccrrff: 0.000000000 0.315852512 0.684147488
K:/cr: 0.156013237 0.603964323 0.240022440
K:/crccrc: 0.000000000 0.537132110 0.462867890
K:/crccrf: 0.000000000 0.188194964 0.811805036
K:/crcfrc: 0.000000000 0.754228200 0.245771800
K:/crcfrf: 0.000000000 0.468563119 0.531436881
K:/crcrcc: 0.000000000 0.534700888 0.465299112
K:/crcrcf: 0.000000000 0.418703677 0.581296323
K:/crcrfc: 0.000000000 0.763813545 0.236186455
K:/crcrff: 0.000000000 0.216657514 0.783342486
K:/rc: 0.000000000 1.000000000 0.000000000
K:/rccrcc: 0.000000000 0.087845872 0.912154128
K:/rccrcf: 0.000000000 0.658431261 0.341568739
K:/rccrfc: 0.000000000 0.486312201 0.513687799
K:/rccrff: 0.000000000 0.801121698 0.198878302
K:/rf: 0.627538072 0.370027112 0.002434816
K:/rfcrc: 0.000000000 0.536212771 0.463787229
K:/rfcrf: 0.000000000 1.000000000 0.000000000
K:/rr: 0.000000000 0.337396917 0.662603083
Q:/cc: 0.519324717 0.480675283 0.000000000
Q:/cccrcc: 0.414436997 0.121470102 0.464092901
Q:/cccrcf: 0.639417266 0.196616484 0.163966250
Q:/cccrcr: 0.000000000 0.830238576 0.169761424
Q:/cccrfc: 0.223427309 0.646867396 0.129705296
Q:/cccrff: 0.252320920 0.355188603 0.392490477
Q:/cccrfr: 0.000000000 0.467017662 0.532982338
Q:/cccrrc: 0.000000000 0.293022759 0.706977241
Q:/cccrrf: 0.000000000 0.117158298 0.882841702
Q:/ccrccr: 0.000000000 0.931225988 0.068774012
Q:/ccrcfr: 0.000000000 0.409431243 0.590568757
Q:/ccrcrc: 0.000000000 0.095473147 0.904526853
Q:/ccrcrf: 0.000000000 0.653879614 0.346120386
Q:/ccrfcr: 0.000000000 0.696586237 0.303413763
Q:/ccrffr: 0.000000000 0.347072345 0.652927655
Q:/ccrfrc: 0.000000000 0.679184899 0.320815101
Q:/ccrfrf: 0.000000000 0.552069761 0.447930239
Q:/ccrrcc: 0.000000000 0.669753880 0.330246120
Q:/ccrrcf: 0.000000000 0.446104614 0.553895386
Q:/ccrrfc: 0.000000000 0.606577578 0.393422422
Q:/ccrrff: 0.000000000 0.542922784 0.457077216
Q:/cr: 0.081624303 0.565283572 0.353092126
Q:/crccrc: 0.000000000 0.011961980 0.988038020
Q:/crccrf: 0.000000000 0.184666529 0.815333471
Q:/crcfrc: 0.000000000 0.141122631 0.858877369
Q:/crcfrf: 0.000000000 0.447150578 0.552849422
Q:/crcrcc: 0.000000000 0.588395054 0.411604946
Q:/crcrcf: 0.000000000 0.649602201 0.350397799
Q:/crcrfc: 0.000000000 0.623877317 0.376122683
Q:/crcrff: 0.000000000 0.661082813 0.338917187
Q:/rc: 0.201420841 0.798579159 0.000000000
Q:/rccrcc: 0.000000000 0.696100183 0.303899817
Q:/rccrcf: 0.000000000 0.725223374 0.274776626
Q:/rccrfc: 0.000000000 0.427695385 0.572304615
Q:/rccrff: 0.000000000 0.243955641 0.756044359
Q:/rf: 0.664269053 0.329383065 0.006347882
Q:/rfcrc: 0.000000000 0.643629438 0.356370562
Q:/rfcrf: 0.000000000 0.579774085 0.420225915
Q:/rr: 0.000000000 0.097175309 0.902824691
T:/cc: 0.718784178 0.281215822 0.000000000
T:/cccrcc: 0.403495851 0.154396469 0.442107681
T:/cccrcf: 0.138344873 0.462769455 0.398885673
T:/cccrcr: 0.000000000 0.709940482 0.290059518
T:/cccrfc: 0.488959686 0.228767259 0.282273056
T:/cccrff: 0.028842028 0.439812319 0.531345653
T:/cccrfr: 0.000000000 0.287921166 0.712078834
T:/cccrrc: 0.000000000 0.445337175 0.554662825
T:/cccrrf: 0.000000000 0.382603118 0.617396882
T:/ccrccr: 0.000000000 0.371631651 0.628368349
T:/ccrcfr: 0.000000000 0.449927585 0.550072415
T:/ccrcrc: 0.000000000 0.611931094 0.388068906
T:/ccrcrf: 0.000000000 0.510232539 0.489767461
T:/ccrfcr: 0.000000000 0.703587287 0.296412713
T:/ccrffr: 0.000000000 0.614654635 0.385345365
T:/ccrfrc: 0.000000000 0.695783651 0.304216349
T:/ccrfrf: 0.000000000 0.061363928 0.938636072
T:/ccrrcc: 0.000000000 0.101797484 0.898202516
T:/ccrrcf: 0.000000000 0.222037815 0.777962185
T:/ccrrfc: 0.000000000 0.891463133 0.108536867
T:/ccrrff: 0.000000000 0.478507050 0.521492950
T:/cr: 0.431468914 0.474779448 0.093751638
T:/crccrc: 0.000000000 0.593237409 0.406762591
T:/crccrf: 0.000000000 0.508279303 0.491720697
T:/crcfrc: 0.000000000 0.768945103 0.231054897
T:/crcfrf: 0.000000000 0.452253267 0.547746733
T:/crcrcc: 0.000000000 0.274472318 0.725527682
T:/crcrcf: 0.000000000 0.457224149 0.542775851
T:/crcrfc: 0.000000000 0.804205972 0.195794028
T:/crcrff: 0.000000000 0.341231687 0.658768313
T:/rc: 0.210274917 0.000000000 0.789725083
T:/rccrcc: 0.000000000 0.249795605 0.750204395
T:/rccrcf: 0.000000000 0.000000000 1.000000000
T:/rccrfc: 0.000000000 0.785539943 0.214460057
T:/rccrff: 0.000000000 0.238661827 0.761338173
T:/rf: 0.143837689 0.266645845 0.589516466
T:/rfcrc: 0.000000000 0.389603978 0.610396022
T:/rfcrf: 0.000000000 0.351028018 0.648971982
T:/rr: 0.000000000 0.000000000 1.000000000
