8:/ccc: 0.000000000 1.000000000 0.000000000
8:/cccrccr: 0.000000000 0.326342719 0.673657281
8:/cccrcfr: 0.000000000 0.863346765 0.136653235
8:/cccrcrc: 0.000000000 0.419217367 0.580782633
8:/cccrcrf: 0.000000000 0.885343345 0.114656655
8:/cccrfcr: 0.000000000 0.868861815 0.131138185
8:/cccrffr: 0.000000000 0.583345246 0.416654754
8:/cccrfrc: 0.000000000 0.271326564 0.728673436
8:/cccrfrf: 0.000000000 0.511656566 0.488343434
8:/cccrrcc: 0.000000000 0.499745387 0.500254613
8:/cccrrcf: 0.000000000 0.389401297 0.610598703
8:/cccrrfc: 0.000000000 0.542409424 0.457590576
8:/cccrrff: 0.000000000 0.405229202 0.594770798
8:/ccr: 0.000000000 0.024395022 0.975604978
8:/ccrccrc: 0.000000000 0.428912708 0.571087292
8:/ccrccrf: 0.000000000 0.379553812 0.620446188
8:/ccrcfrc: 0.000000000 0.691865725 0.308134275
8:/ccrcfrf: 0.000000000 0.666253758 0.333746242
8:/ccrcrcc: 0.000000000 0.203430020 0.796569980
8:/ccrcrcf: 0.000000000 0.900365635 0.099634365
8:/ccrcrfc: 0.000000000 0.444167601 0.555832399
8:/ccrcrff: 0.000000000 0.252417959 0.747582041
8:/crc: 0.392455814 0.457138860 0.150405326
8:/crccrcc: 0.000000000 0.470413451 0.529586549
8:/crccrcf: 0.000000000 0.546952876 0.453047124
8:/crccrfc: 0.000000000 0.510649111 0.489350889
8:/crccrff: 0.000000000 0.894836156 0.105163844
8:/crf: 0.595432186 0.349408949 0.055158865
8:/crfcrc: 0.000000000 0.959823794 0.040176206
8:/crfcrf: 0.000000000 0.385997112 0.614002888
8:/crr: 0.000000000 0.422160044 0.577839956
8:/rcc: 0.000000000 0.000000000 1.000000000
8:/rcf: 0.174068455 0.000000000 0.825931545
8:/rcr: 0.000000000 0.000000000 1.000000000
8:/rfc: 0.454968388 0.405782817 0.139248794
8:/rff: 0.513927571 0.059137987 0.426934442
8:/rfr: 0.000000000 0.406940329 0.593059671
8:/rrc: 0.000000000 0.251972222 0.748027778
8:/rrf: 0.000000000 0.957441381 0.042558619
9:/ccc: 0.297141920 0.702858080 0.000000000
9:/cccrccr: 0.000000000 0.474298656 0.525701344
9:/cccrcfr: 0.000000000 0.255649251 0.744350749
9:/cccrcrc: 0.000000000 0.733328451 0.266671549
9:/cccrcrf: 0.000000000 0.783895257 0.216104743
9:/cccrfcr: 0.000000000 0.404830896 0.595169104
9:/cccrffr: 0.000000000 0.483210683 0.516789317
9:/cccrfrc: 0.000000000 0.250788848 0.749211152
9:/cccrfrf: 0.000000000 0.758203563 0.241796437
9:/cccrrcc: 0.000000000 0.655138469 0.344861531
9:/cccrrcf: 0.000000000 0.543988209 0.456011791
9:/cccrrfc: 0.000000000 0.432542281 0.567457719
9:/cccrrff: 0.000000000 0.360410513 0.639589487
9:/ccr: 0.047022786 0.123965729 0.829011485
9:/ccrccrc: 0.000000000 0.348252729 0.651747271
9:/ccrccrf: 0.000000000 0.127425846 0.872574154
9:/ccrcfrc: 0.000000000 0.749422902 0.250577098
9:/ccrcfrf: 0.000000000 0.669089296 0.330910704
9:/ccrcrcc: 0.000000000 0.008371195 0.991628805
9:/ccrcrcf: 0.000000000 0.209560941 0.790439059
9:/ccrcrfc: 0.000000000 0.391492064 0.608507936
9:/ccrcrff: 0.000000000 0.593447606 0.406552394
9:/crc: 0.355212269 0.291003804 0.353783927
9:/crccrcc: 0.000000000 0.473287055 0.526712945
9:/crccrcf: 0.000000000 0.777414610 0.222585390
9:/crccrfc: 0.000000000 0.393927771 0.606072229
9:/crccrff: 0.000000000 0.600267966 0.399732034
9:/crf: 0.123854850 0.554114166 0.322030984
9:/crfcrc: 0.000000000 0.407640937 0.592359063
9:/crfcrf: 0.000000000 0.730863473 0.269136527
9:/crr: 0.000000000 0.184116102 0.815883898
9:/rcc: 0.000000000 0.000000000 1.000000000
9:/rcf: 0.000000000 0.000000000 1.000000000
9:/rcr: 0.000000000 0.000000000 1.000000000
9:/rfc: 0.000320283 0.588572895 0.411106822
9:/rff: 0.178551670 0.414665225 0.406783105
9:/rfr: 0.000000000 0.735143699 0.264856301
9:/rrc: 0.000000000 0.500464222 0.499535778
9:/rrf: 0.000000000 0.746370335 0.253629665
A:/ccc: 0.443986766 0.556013234 0.000000000
A:/cccrccr: 0.000000000 0.733549983 0.266450017
A:/cccrcfr: 0.000000000 0.520417173 0.479582827
A:/cccrcrc: 0.000000000 0.459632446 0.540367554
A:/cccrcrf: 0.000000000 0.932585942 0.067414058
A:/cccrfcr: 0.000000000 0.787154538 0.212845462
A:/cccrffr: 0.000000000 0.547955668 0.452044332
A:/cccrfrc: 0.000000000 0.999997023 0.000002977
A:/cccrfrf: 0.000000000 0.742666121 0.257333879
A:/cccrrcc: 0.000000000 0.449547571 0.550452429
A:/cccrrcf: 0.000000000 0.828711874 0.171288126
A:/cccrrfc: 0.000000000 0.618802127 0.381197873
A:/cccrrff: 0.000000000 0.808551522 0.191448478
A:/ccr: 0.749821851 0.250178149 0.000000000
A:/ccrccrc: 0.000000000 0.794463931 0.205536069
A:/ccrccrf: 0.000000000 0.752031110 0.247968890
A:/ccrcfrc: 0.000000000 0.269403943 0.730596057
A:/ccrcfrf: 0.000000000 0.484092113 0.515907887
A:/ccrcrcc: 0.000000000 0.890516640 0.109483360
A:/ccrcrcf: 0.000000000 0.678455782 0.321544218
A:/ccrcrfc: 0.000000000 0.999998098 0.000001902
A:/ccrcrff: 0.000000000 0.678969008 0.321030992
A:/crc: 0.945612064 0.054387844 0.000000092
A:/crccrcc: 0.000000000 0.287018259 0.712981741
A:/crccrcf: 0.000000000 0.557866653 0.442133347
A:/crccrfc: 0.000000000 0.589132349 0.410867651
A:/crccrff: 0.000000000 0.516252478 0.483747522
A:/crf: 0.523840660 0.476159307 0.000000033
A:/crfcrc: 0.000000000 0.929222254 0.070777746
A:/crfcrf: 0.000000000 0.827456506 0.172543494
A:/crr: 0.000000000 0.999997572 0.000002428
A:/rcc: 1.000000000 0.000000000 0.000000000
A:/rcf: 1.000000000 0.000000000 0.000000000
A:/rcr: 0.000000000 0.999984481 0.000015519
A:/rfc: 0.427508906 0.087644424 0.484846670
A:/rff: 0.394735441 0.499981581 0.105282978
A:/rfr: 0.000000000 0.843608413 0.156391587
A:/rrc: 0.000000000 0.143129285 0.856870715
A:/rrf: 0.000000000 0.854033229 0.145966771
J:/ccc: 0.360212330 0.639787670 0.000000000
J:/cccrccr: 0.000000000 0.439894994 0.560105006
J:/cccrcfr: 0.000000000 0.918687960 0.081312040
J:/cccrcrc: 0.000000000 0.797473204 0.202526796
J:/cccrcrf: 0.000000000 0.789638935 0.210361065
J:/cccrfcr: 0.000000000 0.685140574 0.314859426
J:/cccrffr: 0.000000000 0.382018983 0.617981017
J:/cccrfrc: 0.000000000 0.509033220 0.490966780
J:/cccrfrf: 0.000000000 0.357554691 0.642445309
J:/cccrrcc: 0.000000000 0.628646869 0.371353131
J:/cccrrcf: 0.000000000 0.242764078 0.757235922
J:/cccrrfc: 0.000000000 0.280871600 0.719128400
J:/cccrrff: 0.000000000 0.102183740 0.897816260
J:/ccr: 0.280267005 0.114730205 0.605002790
J:/ccrccrc: 0.000000000 0.200440396 0.799559604
J:/ccrccrf: 0.000000000 0.560070607 0.439929393
J:/ccrcfrc: 0.000000000 0.145447252 0.854552748
J:/ccrcfrf: 0.000000000 0.919299957 0.080700043
J:/ccrcrcc: 0.000000000 0.757397927 0.242602073
J:/ccrcrcf: 0.000000000 0.905734188 0.094265812
J:/ccrcrfc: 0.000000000 0.635503149 0.364496851
J:/ccrcrff: 0.000000000 0.315660778 0.684339222
J:/crc: 0.144042144 0.542915987 0.313041868
J:/crccrcc: 0.000000000 0.648992537 0.351007463
J:/crccrcf: 0.000000000 0.615919191 0.384080809
J:/crccrfc: 0.000000000 0.774590875 0.225409125
J:/crccrff: 0.000000000 0.000000193 0.999999807
J:/crf: 0.528496841 0.297538315 0.173964844
J:/crfcrc: 0.000000000 0.128183164 0.871816836
J:/crfcrf: 0.000000000 0.642707804 0.357292196
J:/crr: 0.000000000 0.564860003 0.435139997
J:/rcc: 0.012503934 0.000000000 0.987496066
J:/rcf: 0.201487522 0.004439708 0.794072770
J:/rcr: 0.000000000 0.000000000 1.000000000
J:/rfc: 0.167158728 0.538929250 0.293912022
J:/rff: 0.458319953 0.388053246 0.153626801
J:/rfr: 0.000000000 0.639071030 0.360928970
J:/rrc: 0.000000000 0.816430720 0.183569280
J:/rrf: 0.000000000 0.921746018 0.078253982
K:/ccc: 0.217383813 0.782616187 0.000000000
K:/cccrccr: 0.000000000 0.615368038 0.384631962
K:/cccrcfr: 0.000000000 0.812130945 0.187869055
K:/cccrcrc: 0.000000000 0.297483325 0.702516675
K:/cccrcrf: 0.000000000 0.533644020 0.466355980
K:/cccrfcr: 0.000000000 0.502421431 0.497578569
K:/cccrffr: 0.000000000 0.891730461 0.108269539
K:/cccrfrc: 0.000000000 0.543327697 0.456672303
K:/cccrfrf: 0.000000000 0.448400104 0.551599896
K:/cccrrcc: 0.000000000 0.885477509 0.114522491
K:/cccrrcf: 0.000000000 0.090879102 0.909120898
K:/cccrrfc: 0.000000000 0.683209738 0.316790262
K:/cccrrff: 0.000000000 0.496864028 0.503135972
K:/ccr: 0.617653740 0.207908614 0.174437646
K:/ccrccrc: 0.000000000 0.404345830 0.595654170
K:/ccrccrf: 0.000000000 0.441899197 0.558100803
K:/ccrcfrc: 0.000000000 0.569290265 0.430709735
K:/ccrcfrf: 0.000000000 0.408057395 0.591942605
K:/ccrcrcc: 0.000000000 0.740722399 0.259277601
K:/ccrcrcf: 0.000000000 0.904982524 0.095017476
K:/ccrcrfc: 0.000000000 0.117853982 0.882146018
K:/ccrcrff: 0.000000000 0.602569966 0.397430034
K:/crc: 0.372696744 0.627303256 0.000000000
K:/crccrcc: 0.000000000 0.373299759 0.626700241
K:/crccrcf: 0.000000000 0.847218819 0.152781181
K:/crccrfc: 0.000000000 0.438721103 0.561278897
K:/crccrff: 0.000000000 0.550848462 0.449151538
K:/crf: 0.876376293 0.123623707 0.000000000
K:/crfcrc: 0.000000000 0.248630384 0.751369616
K:/crfcrf: 0.000000000 0.994078127 0.005921873
K:/crr: 0.000000000 0.834625202 0.165374798
K:/rcc: 0.027504627 0.972495373 0.000000000
K:/rcf: 0.000000000 1.000000000 0.000000000
K:/rcr: 0.000000000 0.290751685 0.709248315
K:/rfc: 0.255122274 0.422272549 0.322605176
K:/rff: 0.287171197 0.135060052 0.577768751
K:/rfr: 0.000000000 0.450085636 0.549914364
K:/rrc: 0.000000000 0.442981667 0.557018333
K:/rrf: 0.000000000 0.209451831 0.790548169
Q:/ccc: 0.636960513 0.363039487 0.000000000
Q:/cccrccr: 0.000000000 0.089976528 0.910023472
Q:/cccrcfr: 0.000000000 0.405213075 0.594786925
Q:/cccrcrc: 0.000000000 0.419147533 0.580852467
Q:/cccrcrf: 0.000000000 0.811131138 0.188868862
Q:/cccrfcr: 0.000000000 0.226865655 0.773134345
Q:/cccrffr: 0.000000000 0.909057182 0.090942818
Q:/cccrfrc: 0.000000000 0.073642934 0.926357066
Q:/cccrfrf: 0.000000000 0.722677325 0.277322675
Q:/cccrrcc: 0.000000000 0.648034191 0.351965809
Q:/cccrrcf: 0.000000000 0.986315202 0.013684798
Q:/cccrrfc: 0.000000000 0.797050411 0.202949589
Q:/cccrrff: 0.000000000 0.634610652 0.365389348
Q:/ccr: 0.304792176 0.207280271 0.487927553
Q:/ccrccrc: 0.000000000 0.419944492 0.580055508
Q:/ccrccrf: 0.000000000 0.559810743 0.440189257
Q:/ccrcfrc: 0.000000000 0.940919874 0.059080126
Q:/ccrcfrf: 0.000000000 0.588674996 0.411325004
Q:/ccrcrcc: 0.000000000 0.167293371 0.832706629
Q:/ccrcrcf: 0.000000000 0.221862431 0.778137569
Q:/ccrcrfc: 0.000000000 0.929997593 0.070002407
Q:/ccrcrff: 0.000000000 0.043185329 0.956814671
Q:/crc: 0.528896566 0.259697311 0.211406123
Q:/crccrcc: 0.000000000 0.046818374 0.953181626
Q:/crccrcf: 0.000000000 0.719781536 0.280218464
Q:/crccrfc: 0.000000000 0.316140415 0.683859585
Q:/crccrff: 0.000000000 0.560115628 0.439884372
Q:/crf: 0.492383925 0.294051181 0.213564894
Q:/crfcrc: 0.000000000 0.873793372 0.126206628
Q:/crfcrf: 0.000000000 0.243371456 0.756628544
Q:/crr: 0.000000000 0.904254928 0.095745072
Q:/rcc: 0.007452064 0.000000000 0.992547936
Q:/rcf: 0.000000000 1.000000000 0.000000000
Q:/rcr: 0.000000000 0.000000000 1.000000000
Q:/rfc: 0.020871699 0.546757909 0.432370391
Q:/rff: 0.450803027 0.416301826 0.132895147
Q:/rfr: 0.000000000 0.065023545 0.934976455
Q:/rrc: 0.000000000 0.291405389 0.708594611
Q:/rrf: 0.000000000 0.511039602 0.488960398
T:/ccc: 0.000000000 1.000000000 0.000000000
T:/cccrccr: 0.000000000 0.561039307 0.438960693
T:/cccrcfr: 0.000000000 0.234948007 0.765051993
T:/cccrcrc: 0.000000000 0.739777101 0.260222899
T:/cccrcrf: 0.000000000 0.350806603 0.649193397
T:/cccrfcr: 0.000000000 0.741237468 0.258762532
T:/cccrffr: 0.000000000 0.593143995 0.406856005
T:/cccrfrc: 0.000000000 0.447539804 0.552460196
T:/cccrfrf: 0.000000000 0.138033090 0.861966910
T:/cccrrcc: 0.000000000 0.137915697 0.862084303
T:/cccrrcf: 0.000000000 0.745181065 0.254818935
T:/cccrrfc: 0.000000000 0.552402189 0.447597811
T:/cccrrff: 0.000000000 0.208122100 0.791877900
T:/ccr: 0.465019092 0.178369687 0.356611222
T:/ccrccrc: 0.000000000 0.273193594 0.726806406
T:/ccrccrf: 0.000000000 0.346476016 0.653523984
T:/ccrcfrc: 0.000000000 0.908520776 0.091479224
T:/ccrcfrf: 0.000000000 0.405811289 0.594188711
T:/ccrcrcc: 0.000000000 0.084510277 0.915489723
T:/ccrcrcf: 0.000000000 0.645746250 0.354253750
T:/ccrcrfc: 0.000000000 0.105314467 0.894685533
T:/ccrcrff: 0.000000000 0.949218500 0.050781500
T:/crc: 0.069513717 0.301131157 0.629355126
T:/crccrcc: 0.000000000 0.647727857 0.352272143
T:/crccrcf: 0.000000000 0.543046409 0.456953591
T:/crccrfc: 0.000000000 0.849181105 0.150818895
T:/crccrff: 0.000000000 0.844760988 0.155239012
T:/crf: 0.578392365 0.373083784 0.048523851
T:/crfcrc: 0.000000000 0.616377913 0.383622087
T:/crfcrf: 0.000000000 0.096347372 0.903652628
T:/crr: 0.000000000 0.006427832 0.993572168
T:/rcc: 0.180080808 0.000000000 0.819919192
T:/rcf: 0.000000000 0.000000000 1.000000000
T:/rcr: 0.000000000 0.000000000 1.000000000
T:/rfc: 0.000774488 0.490869466 0.508356046
T:/rff: 0.080337684 0.495512989 0.424149327
T:/rfr: 0.000000000 0.429048844 0.570951156
T:/rrc: 0.000000000 0.330947013 0.669052987
T:/rrf: 0.000000000 0.083174447 0.916825553
