2:/: 1.000000000 0.000000000 0.000000000
2:/ccr: 0.528783312 0.469905797 0.001310892
2:/ccrcrc: 0.000000000 0.210928984 0.789071016
2:/ccrcrf: 0.000000000 0.345763911 0.654236089
2:/crc: 0.003364433 0.000000000 0.996635567
2:/crf: 0.003487397 0.000461061 0.996051541
2:/crr: 0.000000000 0.488920905 0.511079095
2:/rcr: 0.000000000 0.003390529 0.996609471
2:/rfr: 0.000000000 0.411114755 0.588885245
2:/rrc: 0.000000000 0.000000000 1.000000000
2:/rrf: 0.000000000 0.000000000 1.000000000
3:/: 1.000000000 0.000000000 0.000000000
3:/ccr: 0.336824904 0.661778182 0.001396914
3:/ccrcrc: 0.000000000 0.350261833 0.649738167
3:/ccrcrf: 0.000000000 0.000000000 1.000000000
3:/crc: 0.000450766 0.000000000 0.999549234
3:/crf: 0.037740108 0.000304888 0.961955004
3:/crr: 0.000000000 0.493098564 0.506901436
3:/rcr: 0.000000000 0.004241596 0.995758404
3:/rfr: 0.000000000 0.668842904 0.331157096
3:/rrc: 0.000000000 0.000000000 1.000000000
3:/rrf: 0.000000000 0.000000000 1.000000000
4:/: 1.000000000 0.000000000 0.000000000
4:/ccr: 0.538563121 0.460090121 0.001346758
4:/ccrcrc: 0.000000000 0.127561413 0.872438587
4:/ccrcrf: 0.000000000 0.479297619 0.520702381
4:/crc: 0.003604854 0.000000000 0.996395146
4:/crf: 0.005817053 0.000118076 0.994064871
4:/crr: 0.000000000 0.475316424 0.524683576
4:/rcr: 0.000000000 0.406923007 0.593076993
4:/rfr: 0.000000000 0.592047164 0.407952836
4:/rrc: 0.000000000 0.000000000 1.000000000
4:/rrf: 0.000000000 0.000000000 1.000000000
5:/: 1.000000000 0.000000000 0.000000000
5:/ccr: 0.501107066 0.497621321 0.001271613
5:/ccrcrc: 0.000000000 0.083214523 0.916785477
5:/ccrcrf: 0.000000000 0.023593132 0.976406868
5:/crc: 0.002447244 0.000000000 0.997552756
5:/crf: 0.051791804 0.000422783 0.947785414
5:/crr: 0.000000000 0.000002055 0.999997945
5:/rcr: 0.000000000 0.284428686 0.715571314
5:/rfr: 0.000000000 0.619721609 0.380278391
5:/rrc: 0.000000000 0.000000000 1.000000000
5:/rrf: 0.000000000 0.000000000 1.000000000
6:/: 1.000000000 0.000000000 0.000000000
6:/ccr: 0.002924458 0.996163394 0.000912147
6:/ccrcrc: 0.000000000 0.111005919 0.888994081
6:/ccrcrf: 0.000000000 0.505689445 0.494310555
6:/crc: 0.004678088 0.000000000 0.995321912
6:/crf: 0.055669422 0.331400293 0.612930285
6:/crr: 0.000000000 0.147367515 0.852632485
6:/rcr: 0.000000000 0.005301351 0.994698649
6:/rfr: 0.000000000 0.272502641 0.727497359
6:/rrc: 0.000000000 0.000000000 1.000000000
6:/rrf: 0.000000000 0.001124629 0.998875371
7:/: 1.000000000 0.000000000 0.000000000
7:/ccr: 0.001158307 0.998097104 0.000744589
7:/ccrcrc: 0.000000000 0.294367524 0.705632476
7:/ccrcrf: 0.000000000 0.121896922 0.878103078
7:/crc: 0.003806773 0.000000000 0.996193227
7:/crf: 0.141728644 0.855436893 0.002834463
7:/crr: 0.000000000 0.263462869 0.736537131
7:/rcr: 0.000000000 0.000000000 1.000000000
7:/rfr: 0.000000000 0.421587935 0.578412065
7:/rrc: 0.000000000 0.000000000 1.000000000
7:/rrf: 0.000000000 0.006555024 0.993444976
8:/: 0.999713591 0.000286409 0.000000000
8:/ccr: 0.357719808 0.641913000 0.000367191
8:/ccrcrc: 0.000000000 0.713664316 0.286335684
8:/ccrcrf: 0.000000000 0.488479565 0.511520435
8:/crc: 0.065732639 0.406092746 0.528174615
8:/crf: 0.021293764 0.976016799 0.002689436
8:/crr: 0.000000000 0.594318911 0.405681089
8:/rcr: 0.000000000 0.210732057 0.789267943
8:/rfr: 0.000000000 0.276255350 0.723744650
8:/rrc: 0.000000000 0.100583089 0.899416911
8:/rrf: 0.000000000 0.328926477 0.671073523
9:/: 0.999531247 0.000468753 0.000000000
9:/ccr: 0.287384813 0.712538564 0.000076623
9:/ccrcrc: 0.000000000 0.462612677 0.537387323
9:/ccrcrf: 0.000000000 0.876681039 0.123318961
9:/crc: 0.130335917 0.868056933 0.001607150
9:/crf: 0.164907912 0.833514876 0.001577212
9:/crr: 0.000000000 0.032458308 0.967541692
9:/rcr: 0.000000000 0.557393407 0.442606593
9:/rfr: 0.000000000 0.322548551 0.677451449
9:/rrc: 0.000000000 0.116830643 0.883169357
9:/rrf: 0.000000000 0.996853800 0.003146200
A:/: 0.998361276 0.001638724 0.000000000
A:/ccr: 0.651709555 0.348290445 0.000000000
A:/ccrcrc: 0.000000000 1.000000000 0.000000000
A:/ccrcrf: 0.000000000 1.000000000 0.000000000
A:/crc: 1.000000000 0.000000000 0.000000000
A:/crf: 0.999663249 0.000336751 0.000000000
A:/crr: 0.000000000 1.000000000 0.000000000
A:/rcr: 0.000000000 1.000000000 0.000000000
A:/rfr: 0.000000000 0.625604299 0.374395701
A:/rrc: 0.000000000 0.999408977 0.000591023
A:/rrf: 0.000000000 0.999444947 0.000555053
J:/: 0.999472294 0.000527706 0.000000000
J:/ccr: 0.154139267 0.845830409 0.000030324
J:/ccrcrc: 0.000000000 0.422598603 0.577401397
J:/ccrcrf: 0.000000000 0.967890128 0.032109872
J:/crc: 0.046965950 0.953034050 0.000000000
J:/crf: 0.391327049 0.608011398 0.000661553
J:/crr: 0.000000000 0.767511607 0.232488393
J:/rcr: 0.000000000 0.737090129 0.262909871
J:/rfr: 0.000000000 0.914362484 0.085637516
J:/rrc: 0.000000000 0.683407140 0.316592860
J:/rrf: 0.000000000 0.999596011 0.000403989
K:/: 0.998347922 0.001652078 0.000000000
K:/ccr: 0.000117752 0.999882248 0.000000000
K:/ccrcrc: 0.000000000 1.000000000 0.000000000
K:/ccrcrf: 0.000000000 0.955607254 0.044392746
K:/crc: 0.405521125 0.594478875 0.000000000
K:/crf: 0.733117233 0.266882767 0.000000000
K:/crr: 0.000000000 0.894272743 0.105727257
K:/rcr: 0.000000000 1.000000000 0.000000000
K:/rfr: 0.000000000 0.527796679 0.472203321
K:/rrc: 0.000000000 0.852053094 0.147946906
K:/rrf: 0.000000000 0.999698226 0.000301774
Q:/: 0.999053579 0.000946421 0.000000000
Q:/ccr: 0.353603135 0.646396865 0.000000000
Q:/ccrcrc: 0.000000000 1.000000000 0.000000000
Q:/ccrcrf: 0.000000000 0.854531043 0.145468957
Q:/crc: 0.014257774 0.985742226 0.000000000
Q:/crf: 0.442512594 0.557487406 0.000000000
Q:/crr: 0.000000000 0.222982499 0.777017501
Q:/rcr: 0.000000000 0.864448002 0.135551998
Q:/rfr: 0.000000000 0.821483483 0.178516517
Q:/rrc: 0.000000000 0.703666761 0.296333239
Q:/rrf: 0.000000000 0.999520280 0.000479720
T:/: 0.999743035 0.000256965 0.000000000
T:/ccr: 0.312852292 0.687045721 0.000101987
T:/ccrcrc: 0.000000000 0.567340748 0.432659252
T:/ccrcrf: 0.000000000 0.824407147 0.175592853
T:/crc: 0.051168816 0.948338836 0.000492349
T:/crf: 0.132985620 0.865625359 0.001389022
T:/crr: 0.000000000 0.134252858 0.865747142
T:/rcr: 0.000000000 0.317041043 0.682958957
T:/rfr: 0.000000000 0.555153713 0.444846287
T:/rrc: 0.000000000 0.358753870 0.641246130
T:/rrf: 0.000000000 0.999844051 0.000155949
