2:/c: 0.000000000 1.000000000 0.000000000
2:/ccrc: 0.000000450 0.000000000 0.999999550
2:/ccrf: 0.140163267 0.259367772 0.600468961
2:/ccrr: 0.000000000 0.000000000 1.000000000
2:/crcr: 0.000000000 0.000000000 1.000000000
2:/crfr: 0.000000000 0.333814716 0.666185284
2:/crrc: 0.000000000 0.000000000 1.000000000
2:/crrf: 0.000000000 0.169890687 0.830109313
2:/r: 0.000000000 0.000000000 1.000000000
2:/rcrc: 0.000000000 0.000000000 1.000000000
2:/rcrf: 0.000000000 0.000000000 1.000000000
3:/c: 0.273741682 0.726258318 0.000000000
3:/ccrc: 0.000000273 0.000000000 0.999999727
3:/ccrf: 0.137317350 0.247503263 0.615179387
3:/ccrr: 0.000000000 0.000000000 1.000000000
3:/crcr: 0.000000000 0.228501443 0.771498557
3:/crfr: 0.000000000 0.090928295 0.909071705
3:/crrc: 0.000000000 0.468281826 0.531718174
3:/crrf: 0.000000000 0.000000000 1.000000000
3:/r: 0.000000000 0.000000000 1.000000000
3:/rcrc: 0.000000000 0.000000000 1.000000000
3:/rcrf: 0.000000000 0.000000000 1.000000000
4:/c: 0.202807865 0.797192135 0.000000000
4:/ccrc: 0.000000813 0.000000000 0.999999187
4:/ccrf: 0.389258373 0.017656165 0.593085462
4:/ccrr: 0.000000000 0.000000000 1.000000000
4:/crcr: 0.000000000 0.272042341 0.727957659
4:/crfr: 0.000000000 0.411636561 0.588363439
4:/crrc: 0.000000000 0.357205070 0.642794930
4:/crrf: 0.000000000 0.171149261 0.828850739
4:/r: 0.000000000 0.000000000 1.000000000
4:/rcrc: 0.000000000 0.000000000 1.000000000
4:/rcrf: 0.000000000 0.000000000 1.000000000
5:/c: 0.276195652 0.723804348 0.000000000
5:/ccrc: 0.000000863 0.000000000 0.999999137
5:/ccrf: 0.563862915 0.377761916 0.058375169
5:/ccrr: 0.000000000 0.143659689 0.856340311
5:/crcr: 0.000000000 0.192587199 0.807412801
5:/crfr: 0.000000000 0.346981828 0.653018172
5:/crrc: 0.000000000 0.000000000 1.000000000
5:/crrf: 0.000000000 0.289222355 0.710777645
5:/r: 0.000000000 0.000000000 1.000000000
5:/rcrc: 0.000000000 0.000000000 1.000000000
5:/rcrf: 0.000000000 0.000000000 1.000000000
6:/c: 0.032698790 0.967301210 0.000000000
6:/ccrc: 0.012957470 0.034387275 0.952655254
6:/ccrf: 0.145298573 0.732630373 0.122071054
6:/ccrr: 0.000000000 0.183477973 0.816522027
6:/crcr: 0.000000000 0.543585464 0.456414536
6:/crfr: 0.000000000 0.507308653 0.492691347
6:/crrc: 0.000000000 0.599234184 0.400765816
6:/crrf: 0.000000000 0.000000000 1.000000000
6:/r: 0.000000000 0.000000000 1.000000000
6:/rcrc: 0.000000000 0.000000000 1.000000000
6:/rcrf: 0.000000000 0.000000000 1.000000000
7:/c: 0.042437483 0.957562517 0.000000000
7:/ccrc: 0.176364109 0.188188257 0.635447635
7:/ccrf: 0.389871693 0.499731552 0.110396756
7:/ccrr: 0.000000000 0.000051467 0.999948533
7:/crcr: 0.000000000 0.485977858 0.514022142
7:/crfr: 0.000000000 0.474585305 0.525414695
7:/crrc: 0.000000000 0.371504383 0.628495617
7:/crrf: 0.000000000 0.342268515 0.657731485
7:/r: 0.299284449 0.039884934 0.660830617
7:/rcrc: 0.000000000 0.000000000 1.000000000
7:/rcrf: 0.000000000 0.000000000 1.000000000
8:/c: 0.000000000 1.000000000 0.000000000
8:/ccrc: 0.000157714 0.374547330 0.625294957
8:/ccrf: 0.635493579 0.364506420 0.000000000
8:/ccrr: 0.000000000 0.140667004 0.859332996
8:/crcr: 0.000000000 0.731832413 0.268167587
8:/crfr: 0.000000000 0.820653511 0.179346489
8:/crrc: 0.000000000 0.116524553 0.883475447
8:/crrf: 0.000000000 0.407106296 0.592893704
8:/r: 0.000000000 1.000000000 0.000000000
8:/rcrc: 0.000000000 0.000000000 1.000000000
8:/rcrf: 0.000000000 0.200223467 0.799776533
9:/c: 0.188211062 0.811788938 0.000000000
9:/ccrc: 0.087553501 0.884645346 0.027801153
9:/ccrf: 0.395351024 0.513939493 0.090709483
9:/ccrr: 0.000000000 0.246015943 0.753984057
9:/crcr: 0.000000000 0.807947030 0.192052970
9:/crfr: 0.000000000 0.797881235 0.202118765
9:/crrc: 0.000000000 0.510097986 0.489902014
9:/crrf: 0.000000000 0.499030793 0.500969207
9:/r: 0.351441322 0.648558678 0.000000000
9:/rcrc: 0.000000000 0.000000000 1.000000000
9:/rcrf: 0.000000000 0.391533802 0.608466198
A:/c: 0.641725249 0.358274751 0.000000000
A:/ccrc: 1.000000000 0.000000000 0.000000000
A:/ccrf: 0.771356043 0.228643957 0.000000000
A:/ccrr: 0.000000000 1.000000000 0.000000000
A:/crcr: 0.000000000 1.000000000 0.000000000
A:/crfr: 0.000000000 1.000000000 0.000000000
A:/crrc: 0.000000000 1.000000000 0.000000000
A:/crrf: 0.000000000 1.000000000 0.000000000
A:/r: 1.000000000 0.000000000 0.000000000
A:/rcrc: 0.000000000 1.000000000 0.000000000
A:/rcrf: 0.000000000 1.000000000 0.000000000
J:/c: 0.467672434 0.532327566 0.000000000
J:/ccrc: 0.264824135 0.735175691 0.000000174
J:/ccrf: 0.515812891 0.484187109 0.000000000
J:/ccrr: 0.000000000 0.889889885 0.110110115
J:/crcr: 0.000000000 0.877728252 0.122271748
J:/crfr: 0.000000000 0.960800917 0.039199083
J:/crrc: 0.000000000 0.752826138 0.247173862
J:/crrf: 0.000000000 0.919480569 0.080519431
J:/r: 0.000000000 1.000000000 0.000000000
J:/rcrc: 0.000000000 0.000000000 1.000000000
J:/rcrf: 0.000000000 0.998111540 0.001888460
K:/c: 0.859626886 0.140373114 0.000000000
K:/ccrc: 0.901039065 0.098960935 0.000000000
K:/ccrf: 0.849653977 0.150346023 0.000000000
K:/ccrr: 0.000000000 0.999999991 0.000000009
K:/crcr: 0.000000000 0.966471721 0.033528279
K:/crfr: 0.000000000 0.965078254 0.034921746
K:/crrc: 0.000000000 0.978812800 0.021187200
K:/crrf: 0.000000000 0.999991793 0.000008207
K:/r: 0.301248727 0.698751273 0.000000000
K:/rcrc: 0.000000000 1.000000000 0.000000000
K:/rcrf: 0.000000000 1.000000000 0.000000000
Q:/c: 0.502664270 0.497335730 0.000000000
Q:/ccrc: 0.721592181 0.278407718 0.000000101
Q:/ccrf: 0.239948904 0.760051096 0.000000000
Q:/ccrr: 0.000000000 0.998712356 0.001287644
Q:/crcr: 0.000000000 0.957246730 0.042753270
Q:/crfr: 0.000000000 0.962489024 0.037510976
Q:/crrc: 0.000000000 0.477088711 0.522911289
Q:/crrf: 0.000000000 0.983719346 0.016280654
Q:/r: 0.000148272 0.999851728 0.000000000
Q:/rcrc: 0.000000000 0.782623470 0.217376530
Q:/rcrf: 0.000000000 0.999643008 0.000356992
T:/c: 0.634547540 0.365452460 0.000000000
T:/ccrc: 0.245958093 0.754041715 0.000000192
T:/ccrf: 0.362334902 0.637665098 0.000000000
T:/ccrr: 0.000000000 0.786921335 0.213078665
T:/crcr: 0.000000000 0.247626102 0.752373898
T:/crfr: 0.000000000 0.949724059 0.050275941
T:/crrc: 0.000000000 0.706262146 0.293737854
T:/crrf: 0.000000000 0.619352430 0.380647570
T:/r: 0.000000000 1.000000000 0.000000000
T:/rcrc: 0.000000000 0.000000000 1.000000000
T:/rcrf: 0.000000000 0.638500437 0.361499563
