2:/cc: 0.651247652 0.348752348 0.000000000
2:/ccrcr: 0.000000000 0.174046757 0.825953243
2:/ccrfr: 0.000000000 0.260064474 0.739935526
2:/ccrrc: 0.000000000 0.652635038 0.347364962
2:/ccrrf: 0.000000000 0.301062552 0.698937448
2:/cr: 0.000000000 0.504608000 0.495392000
2:/crcrc: 0.000000000 0.616566747 0.383433253
2:/crcrf: 0.000000000 0.744446342 0.255553658
2:/rc: 0.096090650 0.000458450 0.903450900
2:/rf: 0.267487252 0.446493495 0.286019253
2:/rr: 0.000000000 0.000000000 1.000000000
3:/cc: 0.277836213 0.722163787 0.000000000
3:/ccrcr: 0.000000000 0.490345463 0.509654537
3:/ccrfr: 0.000000000 0.051816629 0.948183371
3:/ccrrc: 0.000000000 0.621095445 0.378904555
3:/ccrrf: 0.000000000 0.370528331 0.629471669
3:/cr: 0.095482802 0.553967098 0.350550100
3:/crcrc: 0.000000000 0.088209877 0.911790123
3:/crcrf: 0.000000000 0.735599486 0.264400514
3:/rc: 0.062148516 0.000458692 0.937392793
3:/rf: 0.282544851 0.401497907 0.315957243
3:/rr: 0.000000000 0.000000000 1.000000000
4:/cc: 0.236671119 0.763328881 0.000000000
4:/ccrcr: 0.000000000 0.607425806 0.392574194
4:/ccrfr: 0.000000000 0.437813453 0.562186547
4:/ccrrc: 0.000000000 0.766597316 0.233402684
4:/ccrrf: 0.000000000 0.859343751 0.140656249
4:/cr: 0.003289198 0.160443960 0.836266842
4:/crcrc: 0.000000000 0.295164688 0.704835312
4:/crcrf: 0.000000000 0.219456621 0.780543379
4:/rc: 0.000000000 0.000340916 0.999659084
4:/rf: 0.255173805 0.349644547 0.395181647
4:/rr: 0.000000000 0.000000000 1.000000000
5:/cc: 0.240156606 0.759843394 0.000000000
5:/ccrcr: 0.000000000 0.294658945 0.705341055
5:/ccrfr: 0.000000000 0.737697178 0.262302822
5:/ccrrc: 0.000000000 0.728367750 0.271632250
5:/ccrrf: 0.000000000 0.044196037 0.955803963
5:/cr: 0.004153880 0.265717860 0.730128260
5:/crcrc: 0.000000000 0.419077072 0.580922928
5:/crcrf: 0.000000000 0.628809911 0.371190089
5:/rc: 0.000000000 0.000413228 0.999586772
5:/rf: 0.202723801 0.197318968 0.599957230
5:/rr: 0.000000000 0.000000000 1.000000000
6:/cc: 0.549717999 0.450282001 0.000000000
6:/ccrcr: 0.000000000 0.106219241 0.893780759
6:/ccrfr: 0.000000000 0.734352897 0.265647103
6:/ccrrc: 0.000000000 0.431533491 0.568466509
6:/ccrrf: 0.000000000 0.484790933 0.515209067
6:/cr: 0.002501830 0.241589712 0.755908458
6:/crcrc: 0.000000000 0.765347672 0.234652328
6:/crcrf: 0.000000000 0.467058942 0.532941058
6:/rc: 0.019965394 0.000458992 0.979575613
6:/rf: 0.477175995 0.486870570 0.035953435
6:/rr: 0.000000000 0.000000000 1.000000000
7:/cc: 0.369694466 0.630305534 0.000000000
7:/ccrcr: 0.000000000 0.286455977 0.713544023
7:/ccrfr: 0.000000000 0.900542534 0.099457466
7:/ccrrc: 0.000000000 0.400650595 0.599349405
7:/ccrrf: 0.000000000 0.165574349 0.834425651
7:/cr: 0.002313491 0.189781026 0.807905483
7:/crcrc: 0.000000000 0.148343493 0.851656507
7:/crcrf: 0.000000000 0.144400244 0.855599756
7:/rc: 0.289338493 0.000449290 0.710212218
7:/rf: 0.278122945 0.262151594 0.459725461
7:/rr: 0.000000000 0.000000000 1.000000000
8:/cc: 0.000004593 0.999995407 0.000000000
8:/ccrcr: 0.000000000 0.610599480 0.389400520
8:/ccrfr: 0.000000000 0.679371161 0.320628839
8:/ccrrc: 0.000000000 0.272674322 0.727325678
8:/ccrrf: 0.000000000 0.146030692 0.853969308
8:/cr: 0.000000000 0.346205554 0.653794446
8:/crcrc: 0.000000000 0.217732539 0.782267461
8:/crcrf: 0.000000000 0.630872913 0.369127087
8:/rc: 0.000062860 0.000195576 0.999741564
8:/rf: 0.004528011 0.087349172 0.908122817
8:/rr: 0.000000000 0.000000000 1.000000000
9:/cc: 0.493656220 0.506343780 0.000000000
9:/ccrcr: 0.000000000 0.547967640 0.452032360
9:/ccrfr: 0.000000000 0.545010158 0.454989842
9:/ccrrc: 0.000000000 0.717527087 0.282472913
9:/ccrrf: 0.000000000 0.437392152 0.562607848
9:/cr: 0.008428904 0.449534086 0.542037010
9:/crcrc: 0.000000000 0.842282228 0.157717772
9:/crcrf: 0.000000000 0.571323940 0.428676060
9:/rc: 0.004788008 0.576919156 0.418292836
9:/rf: 0.030425421 0.653468439 0.316106141
9:/rr: 0.000000000 0.000000000 1.000000000
A:/cc: 0.415662013 0.584337987 0.000000000
A:/ccrcr: 0.000000000 0.933730892 0.066269108
A:/ccrfr: 0.000000000 0.591770669 0.408229331
A:/ccrrc: 0.000000000 0.949954500 0.050045500
A:/ccrrf: 0.000000000 0.913945900 0.086054100
A:/cr: 0.399860084 0.221738267 0.378401648
A:/crcrc: 0.000000000 0.751078257 0.248921743
A:/crcrf: 0.000000000 0.449184652 0.550815348
A:/rc: 1.000000000 0.000000000 0.000000000
A:/rf: 0.205992824 0.323612121 0.470395055
A:/rr: 0.000000000 0.999404297 0.000595703
J:/cc: 0.043452324 0.956547676 0.000000000
J:/ccrcr: 0.000000000 0.804477234 0.195522766
J:/ccrfr: 0.000000000 0.923103160 0.076896840
J:/ccrrc: 0.000000000 0.453481660 0.546518340
J:/ccrrf: 0.000000000 0.637869224 0.362130776
J:/cr: 0.000000090 0.380082056 0.619917854
J:/crcrc: 0.000000000 0.661646879 0.338353121
J:/crcrf: 0.000000000 0.401390188 0.598609812
J:/rc: 0.000000000 1.000000000 0.000000000
J:/rf: 0.380243004 0.245286937 0.374470059
J:/rr: 0.000000000 0.401000997 0.598999003
K:/cc: 0.661417803 0.338582197 0.000000000
K:/ccrcr: 0.000000000 0.857455919 0.142544081
K:/ccrfr: 0.000000000 0.977443840 0.022556160
K:/ccrrc: 0.000000000 0.604034961 0.395965039
K:/ccrrf: 0.000000000 0.173327757 0.826672243
K:/cr: 0.000318857 0.221996614 0.777684529
K:/crcrc: 0.000000000 0.604984909 0.395015091
K:/crcrf: 0.000000000 0.439997715 0.560002285
K:/rc: 1.000000000 0.000000000 0.000000000
K:/rf: 0.268358842 0.253293031 0.478348127
K:/rr: 0.000000000 0.939463308 0.060536692
Q:/cc: 0.406459250 0.593540750 0.000000000
Q:/ccrcr: 0.000000000 0.768610340 0.231389660
Q:/ccrfr: 0.000000000 0.842545404 0.157454596
Q:/ccrrc: 0.000000000 0.755777821 0.244222179
Q:/ccrrf: 0.000000000 0.369280693 0.630719307
Q:/cr: 0.150467349 0.142295683 0.707236967
Q:/crcrc: 0.000000000 0.606536607 0.393463393
Q:/crcrf: 0.000000000 0.640021839 0.359978161
Q:/rc: 0.866536877 0.133463123 0.000000000
Q:/rf: 0.169551607 0.392819317 0.437629076
Q:/rr: 0.000000000 0.588348997 0.411651003
T:/cc: 0.227874022 0.772125978 0.000000000
T:/ccrcr: 0.000000000 0.683129999 0.316870001
T:/ccrfr: 0.000000000 0.852605780 0.147394220
T:/ccrrc: 0.000000000 0.626215091 0.373784909
T:/ccrrf: 0.000000000 0.217365492 0.782634508
T:/cr: 0.040355264 0.544304586 0.415340149
T:/crcrc: 0.000000000 0.061171163 0.938828837
T:/crcrf: 0.000000000 0.459249113 0.540750887
T:/rc: 0.000233933 0.999247968 0.000518099
T:/rf: 0.412454829 0.225211434 0.362333737
T:/rr: 0.000000000 0.335624904 0.664375096
