A:/cc: 0.000000000 1.000000000 0.000000000
A:/cccrcc: 0.283576017 0.449180485 0.267243499
A:/cccrcf: 0.500858407 0.452533295 0.046608298
A:/cccrcr: 0.000000000 1.000000000 0.000000000
A:/cccrfc: 0.548037083 0.143376903 0.308586015
A:/cccrff: 0.633292321 0.366707679 0.000000000
A:/cccrfr: 0.000000000 1.000000000 0.000000000
A:/cccrrc: 0.000000000 0.605052476 0.394947524
A:/cccrrf: 0.000000000 0.681733854 0.318266146
A:/ccrccr: 0.000000000 0.453234160 0.546765840
A:/ccrcfr: 0.000000000 1.000000000 0.000000000
A:/ccrcrc: 0.000000000 1.000000000 0.000000000
A:/ccrcrf: 0.000000000 1.000000000 0.000000000
A:/ccrfcr: 0.000000000 0.458635090 0.541364910
A:/ccrffr: 0.000000000 1.000000000 0.000000000
A:/ccrfrc: 0.000000000 1.000000000 0.000000000
A:/ccrfrf: 0.000000000 0.383638386 0.616361614
A:/ccrrcc: 0.000000000 1.000000000 0.000000000
A:/ccrrcf: 0.000000000 1.000000000 0.000000000
A:/ccrrfc: 0.000000000 1.000000000 0.000000000
A:/ccrrff: 0.000000000 1.000000000 0.000000000
A:/cr: 0.000000000 1.000000000 0.000000000
A:/crccrc: 0.000000000 0.662367256 0.337632744
A:/crccrf: 0.000000000 0.404547424 0.595452576
A:/crcfrc: 0.000000000 0.380562316 0.619437684
A:/crcfrf: 0.000000000 0.755046605 0.244953395
A:/crcrcc: 0.000000000 1.000000000 0.000000000
A:/crcrcf: 0.000000000 0.854950852 0.145049148
A:/crcrfc: 0.000000000 1.000000000 0.000000000
A:/crcrff: 0.000000000 1.000000000 0.000000000
A:/rc: 0.615330178 0.201337557 0.183332265
A:/rccrcc: 0.000000000 0.605572593 0.394427407
A:/rccrcf: 0.000000000 0.184527880 0.815472120
A:/rccrfc: 0.000000000 0.561957135 0.438042865
A:/rccrff: 0.000000000 0.563629519 0.436370481
A:/rf: 0.568392729 0.235663505 0.195943766
A:/rfcrc: 0.000000000 0.662859309 0.337140691
A:/rfcrf: 0.000000000 0.563662615 0.436337385
A:/rr: 0.000000000 0.540962822 0.459037178
J:/cc: 0.000000000 1.000000000 0.000000000
J:/cccrcc: 0.429320810 0.062186777 0.508492414
J:/cccrcf: 1.000000000 0.000000000 0.000000000
J:/cccrcr: 0.000000000 0.000000000 1.000000000
J:/cccrfc: 0.649651987 0.000000000 0.350348013
J:/cccrff: 0.190403322 0.555624772 0.253971906
J:/cccrfr: 0.000000000 0.000000000 1.000000000
J:/cccrrc: 0.000000000 0.524631217 0.475368783
J:/cccrrf: 0.000000000 0.605029658 0.394970342
J:/ccrccr: 0.000000000 0.770223902 0.229776098
J:/ccrcfr: 0.000000000 0.661735480 0.338264520
J:/ccrcrc: 0.000000000 0.000000000 1.000000000
J:/ccrcrf: 0.000000000 0.134484821 0.865515179
J:/ccrfcr: 0.000000000 0.584363473 0.415636527
J:/ccrffr: 0.000000000 0.871082276 0.128917724
J:/ccrfrc: 0.000000000 0.528543368 0.471456632
J:/ccrfrf: 0.000000000 0.585257912 0.414742088
J:/ccrrcc: 0.000000000 0.000000000 1.000000000
J:/ccrrcf: 0.000000000 0.000000000 1.000000000
J:/ccrrfc: 0.000000000 0.194772282 0.805227718
J:/ccrrff: 0.000000000 0.191719489 0.808280511
J:/cr: 0.000000000 1.000000000 0.000000000
J:/crccrc: 0.000000000 0.000000000 1.000000000
J:/crccrf: 0.000000000 0.406250671 0.593749329
J:/crcfrc: 0.000000000 0.321980212 0.678019788
J:/crcfrf: 0.000000000 0.431568653 0.568431347
J:/crcrcc: 0.000000000 0.000000000 1.000000000
J:/crcrcf: 0.000000000 0.375432944 0.624567056
J:/crcrfc: 0.000000000 0.125871236 0.874128764
J:/crcrff: 0.000000000 0.000000000 1.000000000
J:/rc: 0.000000000 0.296067096 0.703932904
J:/rccrcc: 0.000000000 0.696955835 0.303044165
J:/rccrcf: 0.000000000 0.782309619 0.217690381
J:/rccrfc: 0.000000000 0.569067901 0.430932099
J:/rccrff: 0.000000000 0.630651462 0.369348538
J:/rf: 0.385261180 0.433275378 0.181463442
J:/rfcrc: 0.000000000 0.414517835 0.585482165
J:/rfcrf: 0.000000000 0.468222743 0.531777257
J:/rr: 0.000000000 0.659110551 0.340889449
K:/cc: 0.000000000 1.000000000 0.000000000
K:/cccrcc: 0.040244351 0.585393854 0.374361795
K:/cccrcf: 1.000000000 0.000000000 0.000000000
K:/cccrcr: 0.000000000 0.000000000 1.000000000
K:/cccrfc: 1.000000000 0.000000000 0.000000000
K:/cccrff: 0.765131305 0.000000000 0.234868695
K:/cccrfr: 0.000000000 1.000000000 0.000000000
K:/cccrrc: 0.000000000 0.340359032 0.659640968
K:/cccrrf: 0.000000000 0.401083731 0.598916269
K:/ccrccr: 0.000000000 0.201945377 0.798054623
K:/ccrcfr: 0.000000000 0.999905330 0.000094670
K:/ccrcrc: 0.000000000 0.999928003 0.000071997
K:/ccrcrf: 0.000000000 0.315916515 0.684083485
K:/ccrfcr: 0.000000000 0.427660583 0.572339417
K:/ccrffr: 0.000000000 1.000000000 0.000000000
K:/ccrfrc: 0.000000000 0.880177064 0.119822936
K:/ccrfrf: 0.000000000 0.856136857 0.143863143
K:/ccrrcc: 0.000000000 0.339636575 0.660363425
K:/ccrrcf: 0.000000000 0.709629190 0.290370810
K:/ccrrfc: 0.000000000 0.999950823 0.000049177
K:/ccrrff: 0.000000000 0.999655761 0.000344239
K:/cr: 0.000000000 1.000000000 0.000000000
K:/crccrc: 0.000000000 0.443858329 0.556141671
K:/crccrf: 0.000000000 1.000000000 0.000000000
K:/crcfrc: 0.000000000 0.436477471 0.563522529
K:/crcfrf: 0.000000000 0.346958113 0.653041887
K:/crcrcc: 0.000000000 0.541390375 0.458609625
K:/crcrcf: 0.000000000 0.828586139 0.171413861
K:/crcrfc: 0.000000000 0.000000000 1.000000000
K:/crcrff: 0.000000000 1.000000000 0.000000000
K:/rc: 0.326384726 0.443287593 0.230327682
K:/rccrcc: 0.000000000 0.237892362 0.762107638
K:/rccrcf: 0.000000000 0.271378109 0.728621891
K:/rccrfc: 0.000000000 0.869434815 0.130565185
K:/rccrff: 0.000000000 0.733232994 0.266767006
K:/rf: 0.411839799 0.301583756 0.286576445
K:/rfcrc: 0.000000000 0.570948826 0.429051174
K:/rfcrf: 0.000000000 0.548476742 0.451523258
K:/rr: 0.000000000 0.413358438 0.586641562
Q:/cc: 0.000000000 1.000000000 0.000000000
Q:/cccrcc: 0.175424245 0.460215292 0.364360463
Q:/cccrcf: 1.000000000 0.000000000 0.000000000
Q:/cccrcr: 0.000000000 0.000000000 1.000000000
Q:/cccrfc: 1.000000000 0.000000000 0.000000000
Q:/cccrff: 0.985283170 0.000000000 0.014716830
Q:/cccrfr: 0.000000000 1.000000000 0.000000000
Q:/cccrrc: 0.000000000 0.744650781 0.255349219
Q:/cccrrf: 0.000000000 0.171395528 0.828604472
Q:/ccrccr: 0.000000000 0.335042069 0.664957931
Q:/ccrcfr: 0.000000000 1.000000000 0.000000000
Q:/ccrcrc: 0.000000000 0.553185590 0.446814410
Q:/ccrcrf: 0.000000000 0.117862627 0.882137373
Q:/ccrfcr: 0.000000000 0.255702135 0.744297865
Q:/ccrffr: 0.000000000 0.926599264 0.073400736
Q:/ccrfrc: 0.000000000 0.602883720 0.397116280
Q:/ccrfrf: 0.000000000 0.450299789 0.549700211
Q:/ccrrcc: 0.000000000 0.428924352 0.571075648
Q:/ccrrcf: 0.000000000 0.565097031 0.434902969
Q:/ccrrfc: 0.000000000 0.142405584 0.857594416
Q:/ccrrff: 0.000000000 0.192072025 0.807927975
Q:/cr: 0.000000000 1.000000000 0.000000000
Q:/crccrc: 0.000000000 0.000000000 1.000000000
Q:/crccrf: 0.000000000 1.000000000 0.000000000
Q:/crcfrc: 0.000000000 0.450138293 0.549861707
Q:/crcfrf: 0.000000000 0.899518847 0.100481153
Q:/crcrcc: 0.000000000 0.310091407 0.689908593
Q:/crcrcf: 0.000000000 1.000000000 0.000000000
Q:/crcrfc: 0.000000000 0.000000000 1.000000000
Q:/crcrff: 0.000000000 1.000000000 0.000000000
Q:/rc: 0.381173500 0.558457277 0.060369223
Q:/rccrcc: 0.000000000 0.629339928 0.370660072
Q:/rccrcf: 0.000000000 0.970205393 0.029794607
Q:/rccrfc: 0.000000000 0.587199066 0.412800934
Q:/rccrff: 0.000000000 0.721012224 0.278987776
Q:/rf: 0.352711553 0.142675811 0.504612635
Q:/rfcrc: 0.000000000 0.722049700 0.277950300
Q:/rfcrf: 0.000000000 0.718683318 0.281316682
Q:/rr: 0.000000000 0.015649413 0.984350587
T:/cc: 0.000000000 1.000000000 0.000000000
T:/cccrcc: 0.061529778 0.466358656 0.472111566
T:/cccrcf: 1.000000000 0.000000000 0.000000000
T:/cccrcr: 0.000000000 0.000000000 1.000000000
T:/cccrfc: 0.443479833 0.000000000 0.556520167
T:/cccrff: 0.204757335 0.393460388 0.401782276
T:/cccrfr: 0.000000000 0.000000000 1.000000000
T:/cccrrc: 0.000000000 0.377759738 0.622240262
T:/cccrrf: 0.000000000 0.482264786 0.517735214
T:/ccrccr: 0.000000000 0.434321607 0.565678393
T:/ccrcfr: 0.000000000 0.000000000 1.000000000
T:/ccrcrc: 0.000000000 0.054121809 0.945878191
T:/ccrcrf: 0.000000000 0.144195365 0.855804635
T:/ccrfcr: 0.000000000 0.638551049 0.361448951
T:/ccrffr: 0.000000000 0.096481441 0.903518559
T:/ccrfrc: 0.000000000 0.419520340 0.580479660
T:/ccrfrf: 0.000000000 0.617210424 0.382789576
T:/ccrrcc: 0.000000000 0.775357962 0.224642038
T:/ccrrcf: 0.000000000 0.249574913 0.750425087
T:/ccrrfc: 0.000000000 0.000000000 1.000000000
T:/ccrrff: 0.000000000 0.000000000 1.000000000
T:/cr: 0.000000000 1.000000000 0.000000000
T:/crccrc: 0.000000000 0.000000000 1.000000000
T:/crccrf: 0.000000000 0.000000000 1.000000000
T:/crcfrc: 0.000000000 0.257575619 0.742424381
T:/crcfrf: 0.000000000 0.375011312 0.624988688
T:/crcrcc: 0.000000000 0.000000000 1.000000000
T:/crcrcf: 0.000000000 0.290384782 0.709615218
T:/crcrfc: 0.000000000 0.000000000 1.000000000
T:/crcrff: 0.000000000 0.067428081 0.932571919
T:/rc: 0.159155257 0.431510904 0.409333839
T:/rccrcc: 0.000000000 0.831364929 0.168635071
T:/rccrcf: 0.000000000 0.769809564 0.230190436
T:/rccrfc: 0.000000000 0.147271644 0.852728356
T:/rccrff: 0.000000000 0.808317605 0.191682395
T:/rf: 0.282913059 0.343767510 0.373319430
T:/rfcrc: 0.000000000 0.382610529 0.617389471
T:/rfcrf: 0.000000000 0.087878474 0.912121526
T:/rr: 0.000000000 0.374428777 0.625571223
