A:/: 1.000000000 0.000000000 0.000000000
A:/cccr: 0.999873810 0.000000000 0.000126190
A:/cccrccrc: 0.522551568 0.260133813 0.217314618
A:/cccrccrccrcc: 0.000000000 0.367641621 0.632358379
A:/cccrccrccrcf: 0.000000000 0.833290268 0.166709732
A:/cccrccrccrfc: 0.000000000 0.221272021 0.778727979
A:/cccrccrccrff: 0.000000000 0.368337058 0.631662942
A:/cccrccrf: 0.091038177 0.621094753 0.287867070
A:/cccrccrfcrc: 0.000000000 0.644030721 0.355969279
A:/cccrccrfcrf: 0.000000000 0.695817498 0.304182502
A:/cccrccrr: 0.000000000 0.918340798 0.081659202
A:/cccrcfrc: 0.637747057 0.362224180 0.000028763
A:/cccrcfrf: 0.044792961 0.508017145 0.447189894
A:/cccrcfrr: 0.000000000 0.999971994 0.000028006
A:/cccrcrcc: 0.132297491 0.369688090 0.498014420
A:/cccrcrcf: 0.319689952 0.282037613 0.398272435
A:/cccrcrcr: 0.000000000 0.612843677 0.387156323
A:/cccrcrfc: 0.547582015 0.451703449 0.000714537
A:/cccrcrff: 0.371851878 0.628147853 0.000000269
A:/cccrcrfr: 0.000000000 0.975140854 0.024859146
A:/cccrcrrc: 0.000000000 0.377088651 0.622911349
A:/cccrcrrf: 0.000000000 0.999999428 0.000000572
A:/cccrrccr: 0.000000000 0.999803315 0.000196685
A:/cccrrcfr: 0.000000000 1.000000000 0.000000000
A:/cccrrcrc: 0.000000000 0.876762837 0.123237163
A:/cccrrcrf: 0.000000000 0.594221089 0.405778911
A:/cccrrfcr: 0.000000000 1.000000000 0.000000000
A:/cccrrffr: 0.000000000 1.000000000 0.000000000
A:/cccrrfrc: 0.000000000 0.996067651 0.003932349
A:/cccrrfrf: 0.000000000 0.194283187 0.805716813
A:/cccrrrcc: 0.000000000 0.831123185 0.168876815
A:/cccrrrcf: 0.000000000 0.965543601 0.034456399
A:/cccrrrfc: 0.000000000 0.786224806 0.213775194
A:/cccrrrff: 0.000000000 0.994066336 0.005933664
A:/ccrc: 0.261508215 0.329326435 0.409165350
A:/ccrccrcc: 0.169257542 0.447932200 0.382810258
A:/ccrccrcf: 0.489943671 0.173425961 0.336630368
A:/ccrccrcr: 0.000000000 0.651967761 0.348032239
A:/ccrccrfc: 0.112174588 0.611985130 0.275840282
A:/ccrccrff: 0.080507010 0.794019030 0.125473960
A:/ccrccrfr: 0.000000000 0.369757193 0.630242807
A:/ccrccrrc: 0.000000000 0.339568028 0.660431972
A:/ccrccrrf: 0.000000000 0.367239586 0.632760414
A:/ccrcrccr: 0.000000000 0.698951856 0.301048144
A:/ccrcrcfr: 0.000000000 0.928350102 0.071649898
A:/ccrcrcrc: 0.000000000 0.748856290 0.251143710
A:/ccrcrcrf: 0.000000000 0.060753545 0.939246455
A:/ccrcrfcr: 0.000000000 0.377312328 0.622687672
A:/ccrcrffr: 0.000000000 0.567466763 0.432533237
A:/ccrcrfrc: 0.000000000 0.391860021 0.608139979
A:/ccrcrfrf: 0.000000000 0.472281103 0.527718897
A:/ccrcrrcc: 0.000000000 0.644797134 0.355202866
A:/ccrcrrcf: 0.000000000 0.368759407 0.631240593
A:/ccrcrrfc: 0.000000000 0.928580881 0.071419119
A:/ccrcrrff: 0.000000000 0.553990731 0.446009269
A:/ccrf: 0.000000000 1.000000000 0.000000000
A:/ccrfcrc: 0.412679731 0.342654195 0.244666074
A:/ccrfcrf: 0.595144434 0.125325223 0.279530343
A:/ccrfcrr: 0.000000000 0.756987827 0.243012173
A:/ccrfrcr: 0.000000000 0.695765146 0.304234854
A:/ccrfrfr: 0.000000000 0.610807306 0.389192694
A:/ccrfrrc: 0.000000000 0.629226397 0.370773603
A:/ccrfrrf: 0.000000000 0.231857533 0.768142467
A:/ccrr: 0.552762933 0.147139371 0.300097696
A:/ccrrccrc: 0.000000000 0.379777882 0.620222118
A:/ccrrccrf: 0.000000000 0.487047694 0.512952306
A:/ccrrcfrc: 0.000000000 0.247290920 0.752709080
A:/ccrrcfrf: 0.000000000 0.534343314 0.465656686
A:/ccrrcrcc: 0.000000000 0.686430145 0.313569855
A:/ccrrcrcf: 0.000000000 0.613576712 0.386423288
A:/ccrrcrfc: 0.000000000 0.771862269 0.228137731
A:/ccrrcrff: 0.000000000 0.415338913 0.584661087
A:/crcc: 0.357145351 0.179986880 0.462867769
A:/crccrccr: 0.000000000 0.585530770 0.414469230
A:/crccrcfr: 0.000000000 0.810126286 0.189873714
A:/crccrcrc: 0.000000000 0.945589011 0.054410989
A:/crccrcrf: 0.000000000 0.422824137 0.577175863
A:/crccrfcr: 0.000000000 0.719524422 0.280475578
A:/crccrffr: 0.000000000 1.000000000 0.000000000
A:/crccrfrc: 0.000000000 0.524923875 0.475076125
A:/crccrfrf: 0.000000000 0.730786587 0.269213413
A:/crccrrcc: 0.000000000 0.959373889 0.040626111
A:/crccrrcf: 0.000000000 0.793859923 0.206140077
A:/crccrrfc: 0.000000000 0.356631843 0.643368157
A:/crccrrff: 0.000000000 0.241536883 0.758463117
A:/crcf: 0.423022937 0.576977063 0.000000000
A:/crcfrcr: 0.000000000 0.678723629 0.321276371
A:/crcfrfr: 0.000000000 0.135495273 0.864504727
A:/crcfrrc: 0.000000000 0.816532132 0.183467868
A:/crcfrrf: 0.000000000 0.821506260 0.178493740
A:/crcr: 0.771080892 0.206960731 0.021958377
A:/crcrccrc: 0.000000000 0.817405859 0.182594141
A:/crcrccrf: 0.000000000 0.386404099 0.613595901
A:/crcrcfrc: 0.000000000 0.351808941 0.648191059
A:/crcrcfrf: 0.000000000 0.505672798 0.494327202
A:/crcrcrcc: 0.000000000 0.708525048 0.291474952
A:/crcrcrcf: 0.000000000 0.435955723 0.564044277
A:/crcrcrfc: 0.000000000 0.554650525 0.445349475
A:/crcrcrff: 0.000000000 0.537050541 0.462949459
A:/crfc: 0.113966124 0.885902963 0.000130913
A:/crfcrcr: 0.000000000 0.435277590 0.564722410
A:/crfcrfr: 0.000000000 0.999961833 0.000038167
A:/crfcrrc: 0.000000000 0.988136702 0.011863298
A:/crfcrrf: 0.000000000 0.652657575 0.347342425
A:/crff: 0.999828380 0.000000000 0.000171620
A:/crffrr: 0.000000000 0.999999893 0.000000107
A:/crfr: 0.745289944 0.073791839 0.180918217
A:/crfrcrc: 0.000000000 0.561987082 0.438012918
A:/crfrcrf: 0.000000000 0.995132290 0.004867710
A:/crrc: 0.874594689 0.125405311 0.000000000
A:/crrccrcc: 0.000000000 0.969674952 0.030325048
A:/crrccrcf: 0.000000000 0.607431978 0.392568022
A:/crrccrfc: 0.000000000 0.538081713 0.461918287
A:/crrccrff: 0.000000000 0.984945233 0.015054767
A:/crrf: 0.670132851 0.328134044 0.001733106
A:/crrfcrc: 0.000000000 0.797482102 0.202517898
A:/crrfcrf: 0.000000000 0.997653319 0.002346681
A:/crrr: 0.000000000 1.000000000 0.000000000
A:/rccr: 0.998534607 0.001276439 0.000188954
A:/rccrccrc: 0.000000000 0.409478622 0.590521378
A:/rccrccrf: 0.000000000 0.508283430 0.491716570
A:/rccrcfrc: 0.000000000 0.612364424 0.387635576
A:/rccrcfrf: 0.000000000 0.306689442 0.693310558
A:/rccrcrcc: 0.000000000 0.460785195 0.539214805
A:/rccrcrcf: 0.000000000 0.107127292 0.892872708
A:/rccrcrfc: 0.000000000 0.999990713 0.000009287
A:/rccrcrff: 0.000000000 0.999995317 0.000004683
A:/rcfr: 0.975540276 0.024459724 0.000000000
A:/rcfrcrc: 0.000000000 0.485756946 0.514243054
A:/rcfrcrf: 0.000000000 0.621690889 0.378309111
A:/rcrc: 0.366521254 0.352953350 0.280525395
A:/rcrccrcc: 0.000000000 0.703690716 0.296309284
A:/rcrccrcf: 0.000000000 0.030690204 0.969309796
A:/rcrccrfc: 0.000000000 0.483847510 0.516152490
A:/rcrccrff: 0.000000000 0.418502572 0.581497428
A:/rcrf: 0.461833710 0.012998461 0.525167829
A:/rcrfcrc: 0.000000000 0.520024520 0.479975480
A:/rcrfcrf: 0.000000000 0.424197047 0.575802953
A:/rcrr: 0.000000000 0.661702129 0.338297871
A:/rfcr: 0.196742526 0.579398859 0.223858615
A:/rfcrcrc: 0.000000000 0.859445804 0.140554196
A:/rfcrcrf: 0.000000000 0.604714490 0.395285510
A:/rffr: 0.364670627 0.635329373 0.000000000
A:/rfrc: 0.922116178 0.077845579 0.000038244
A:/rfrf: 0.335464900 0.392490630 0.272044470
A:/rfrr: 0.000000000 1.000000000 0.000000000
A:/rrcc: 0.244760710 0.517704610 0.237534680
A:/rrcf: 0.386516198 0.554709929 0.058773874
A:/rrcr: 0.000000000 0.657103671 0.342896329
A:/rrfc: 0.352316503 0.471838140 0.175845356
A:/rrff: 0.440813721 0.433296260 0.125890019
A:/rrfr: 0.000000000 0.717693114 0.282306886
A:/rrrc: 0.000000000 0.505351352 0.494648648
A:/rrrf: 0.000000000 0.383622964 0.616377036
J:/: 0.999248232 0.000751768 0.000000000
J:/cccr: 0.000596611 0.167691860 0.831711530
J:/cccrccrc: 0.364304613 0.284171534 0.351523854
J:/cccrccrccrcc: 0.000000000 0.301330905 0.698669095
J:/cccrccrccrcf: 0.000000000 0.629755593 0.370244407
J:/cccrccrccrfc: 0.000000000 0.686338746 0.313661254
J:/cccrccrccrff: 0.000000000 0.287466245 0.712533755
J:/cccrccrf: 0.109371139 0.692209596 0.198419265
J:/cccrccrfcrc: 0.000000000 0.049322255 0.950677745
J:/cccrccrfcrf: 0.000000000 0.388433617 0.611566383
J:/cccrccrr: 0.000000000 0.000000000 1.000000000
J:/cccrcfrc: 0.101905080 0.219692005 0.678402915
J:/cccrcfrf: 0.413917936 0.505067785 0.081014279
J:/cccrcfrr: 0.000000000 0.005076330 0.994923670
J:/cccrcrcc: 0.020994248 0.233465923 0.745539828
J:/cccrcrcf: 0.052516470 0.532189208 0.415294321
J:/cccrcrcr: 0.000000000 0.174894234 0.825105766
J:/cccrcrfc: 0.035856854 0.476063444 0.488079702
J:/cccrcrff: 0.169548766 0.253048845 0.577402389
J:/cccrcrfr: 0.000000000 0.051995752 0.948004248
J:/cccrcrrc: 0.000000000 0.124592257 0.875407743
J:/cccrcrrf: 0.000000000 0.000134326 0.999865674
J:/cccrrccr: 0.000000000 0.078653176 0.921346824
J:/cccrrcfr: 0.000000000 0.000000000 1.000000000
J:/cccrrcrc: 0.000000000 0.391496907 0.608503093
J:/cccrrcrf: 0.000000000 0.999983797 0.000016203
J:/cccrrfcr: 0.000000000 0.214998619 0.785001381
J:/cccrrffr: 0.000000000 0.000000000 1.000000000
J:/cccrrfrc: 0.000000000 0.000000000 1.000000000
J:/cccrrfrf: 0.000000000 0.077491361 0.922508639
J:/cccrrrcc: 0.000000000 0.501664988 0.498335012
J:/cccrrrcf: 0.000000000 0.707826603 0.292173397
J:/cccrrrfc: 0.000000000 0.000000000 1.000000000
J:/cccrrrff: 0.000000000 0.438447497 0.561552503
J:/ccrc: 0.000195060 0.435508060 0.564296879
J:/ccrccrcc: 0.020661318 0.512914160 0.466424522
J:/ccrccrcf: 0.352404459 0.310085072 0.337510469
J:/ccrccrcr: 0.000000000 0.324117860 0.675882140
J:/ccrccrfc: 0.556738282 0.424246049 0.019015669
J:/ccrccrff: 0.562718924 0.325831036 0.111450040
J:/ccrccrfr: 0.000000000 0.571230914 0.428769086
J:/ccrccrrc: 0.000000000 0.412353743 0.587646257
J:/ccrccrrf: 0.000000000 0.092235663 0.907764337
J:/ccrcrccr: 0.000000000 0.731534717 0.268465283
J:/ccrcrcfr: 0.000000000 0.277825899 0.722174101
J:/ccrcrcrc: 0.000000000 0.692064797 0.307935203
J:/ccrcrcrf: 0.000000000 0.368961136 0.631038864
J:/ccrcrfcr: 0.000000000 0.281838461 0.718161539
J:/ccrcrffr: 0.000000000 0.269408120 0.730591880
J:/ccrcrfrc: 0.000000000 0.546923881 0.453076119
J:/ccrcrfrf: 0.000000000 0.393167971 0.606832029
J:/ccrcrrcc: 0.000000000 0.555488444 0.444511556
J:/ccrcrrcf: 0.000000000 0.078758245 0.921241755
J:/ccrcrrfc: 0.000000000 0.921088769 0.078911231
J:/ccrcrrff: 0.000000000 0.381815824 0.618184176
J:/ccrf: 0.000141007 0.999858993 0.000000000
J:/ccrfcrc: 0.358764035 0.443082232 0.198153733
J:/ccrfcrf: 0.322706719 0.252624945 0.424668336
J:/ccrfcrr: 0.000000000 0.806391665 0.193608335
J:/ccrfrcr: 0.000000000 0.615111414 0.384888586
J:/ccrfrfr: 0.000000000 0.538652689 0.461347311
J:/ccrfrrc: 0.000000000 0.683702744 0.316297256
J:/ccrfrrf: 0.000000000 0.650765351 0.349234649
J:/ccrr: 0.195091568 0.674318593 0.130589839
J:/ccrrccrc: 0.000000000 0.432177764 0.567822236
J:/ccrrccrf: 0.000000000 0.319840760 0.680159240
J:/ccrrcfrc: 0.000000000 0.407482997 0.592517003
J:/ccrrcfrf: 0.000000000 0.559299158 0.440700842
J:/ccrrcrcc: 0.000000000 0.602895028 0.397104972
J:/ccrrcrcf: 0.000000000 0.756960673 0.243039327
J:/ccrrcrfc: 0.000000000 0.190662455 0.809337545
J:/ccrrcrff: 0.000000000 0.234360477 0.765639523
J:/crcc: 0.000000000 0.000000000 1.000000000
J:/crccrccr: 0.000000000 0.519768736 0.480231264
J:/crccrcfr: 0.000000000 0.038218198 0.961781802
J:/crccrcrc: 0.000000000 0.188500817 0.811499183
J:/crccrcrf: 0.000000000 0.328234560 0.671765440
J:/crccrfcr: 0.000000000 0.592576536 0.407423464
J:/crccrffr: 0.000000000 0.248389062 0.751610938
J:/crccrfrc: 0.000000000 0.530943454 0.469056546
J:/crccrfrf: 0.000000000 0.318642719 0.681357281
J:/crccrrcc: 0.000000000 0.555912507 0.444087493
J:/crccrrcf: 0.000000000 0.419461965 0.580538035
J:/crccrrfc: 0.000000000 0.138932439 0.861067561
J:/crccrrff: 0.000000000 0.379504959 0.620495041
J:/crcf: 0.000000000 0.000000000 1.000000000
J:/crcfrcr: 0.000000000 0.386579311 0.613420689
J:/crcfrfr: 0.000000000 0.433576307 0.566423693
J:/crcfrrc: 0.000000000 0.000000000 1.000000000
J:/crcfrrf: 0.000000000 0.000000000 1.000000000
J:/crcr: 0.781055195 0.047658658 0.171286146
J:/crcrccrc: 0.000000000 0.916434683 0.083565317
J:/crcrccrf: 0.000000000 0.491692869 0.508307131
J:/crcrcfrc: 0.000000000 0.558492715 0.441507285
J:/crcrcfrf: 0.000000000 0.112423843 0.887576157
J:/crcrcrcc: 0.000000000 0.354770459 0.645229541
J:/crcrcrcf: 0.000000000 0.109971540 0.890028460
J:/crcrcrfc: 0.000000000 0.000000000 1.000000000
J:/crcrcrff: 0.000000000 0.994376625 0.005623375
J:/crfc: 0.000000000 0.000000000 1.000000000
J:/crfcrcr: 0.000000000 0.859098311 0.140901689
J:/crfcrfr: 0.000000000 0.556950392 0.443049608
J:/crfcrrc: 0.000000000 0.346730661 0.653269339
J:/crfcrrf: 0.000000000 0.474872064 0.525127936
J:/crff: 0.016529264 0.222963182 0.760507554
J:/crffrr: 0.000000000 0.000000000 1.000000000
J:/crfr: 0.000530833 0.000204238 0.999264929
J:/crfrcrc: 0.000000000 0.000000000 1.000000000
J:/crfrcrf: 0.000000000 0.000000000 1.000000000
J:/crrc: 0.000003469 0.156966087 0.843030444
J:/crrccrcc: 0.000000000 0.473598961 0.526401039
J:/crrccrcf: 0.000000000 0.669160561 0.330839439
J:/crrccrfc: 0.000000000 0.411381264 0.588618736
J:/crrccrff: 0.000000000 0.815810490 0.184189510
J:/crrf: 0.787716785 0.168012797 0.044270417
J:/crrfcrc: 0.000000000 0.149373207 0.850626793
J:/crrfcrf: 0.000000000 0.076977251 0.923022749
J:/crrr: 0.000000000 0.638984881 0.361015119
J:/rccr: 0.244313919 0.333407422 0.422278659
J:/rccrccrc: 0.000000000 0.390301448 0.609698552
J:/rccrccrf: 0.000000000 0.863422716 0.136577284
J:/rccrcfrc: 0.000000000 0.396019712 0.603980288
J:/rccrcfrf: 0.000000000 0.321354669 0.678645331
J:/rccrcrcc: 0.000000000 0.535313472 0.464686528
J:/rccrcrcf: 0.000000000 0.537399125 0.462600875
J:/rccrcrfc: 0.000000000 0.427818208 0.572181792
J:/rccrcrff: 0.000000000 0.432971787 0.567028213
J:/rcfr: 0.215846424 0.152066892 0.632086684
J:/rcfrcrc: 0.000000000 0.427572904 0.572427096
J:/rcfrcrf: 0.000000000 0.691836231 0.308163769
J:/rcrc: 0.562496906 0.272593311 0.164909783
J:/rcrccrcc: 0.000000000 0.337623720 0.662376280
J:/rcrccrcf: 0.000000000 0.177662770 0.822337230
J:/rcrccrfc: 0.000000000 0.328164333 0.671835667
J:/rcrccrff: 0.000000000 0.372200202 0.627799798
J:/rcrf: 0.313973255 0.303299935 0.382726810
J:/rcrfcrc: 0.000000000 0.648721130 0.351278870
J:/rcrfcrf: 0.000000000 0.643872145 0.356127855
J:/rcrr: 0.000000000 0.700928923 0.299071077
J:/rfcr: 0.000011411 0.334378730 0.665609858
J:/rfcrcrc: 0.000000000 0.100856342 0.899143658
J:/rfcrcrf: 0.000000000 0.489425309 0.510574691
J:/rffr: 0.000000000 0.207517807 0.792482193
J:/rfrc: 0.000000000 0.000000000 1.000000000
J:/rfrf: 0.275124754 0.372105708 0.352769538
J:/rfrr: 0.000000000 0.000000000 1.000000000
J:/rrcc: 0.148490224 0.622562110 0.228947667
J:/rrcf: 0.000000000 0.477989630 0.522010370
J:/rrcr: 0.000000000 0.457331661 0.542668339
J:/rrfc: 0.000680279 0.000000000 0.999319721
J:/rrff: 0.414207028 0.508969513 0.076823459
J:/rrfr: 0.000000000 0.000000000 1.000000000
J:/rrrc: 0.000000000 0.378186888 0.621813112
J:/rrrf: 0.000000000 0.000000000 1.000000000
K:/: 0.000000000 1.000000000 0.000000000
K:/cccr: 0.000928000 0.999072000 0.000000000
K:/cccrccrc: 0.276955419 0.172851943 0.550192638
K:/cccrccrccrcc: 0.000000000 0.973138161 0.026861839
K:/cccrccrccrcf: 0.000000000 0.418354680 0.581645320
K:/cccrccrccrfc: 0.000000000 0.290207903 0.709792097
K:/cccrccrccrff: 0.000000000 0.589522060 0.410477940
K:/cccrccrf: 0.584356539 0.063723389 0.351920072
K:/cccrccrfcrc: 0.000000000 0.474994765 0.525005235
K:/cccrccrfcrf: 0.000000000 0.669424447 0.330575553
K:/cccrccrr: 0.000000000 0.310513178 0.689486822
K:/cccrcfrc: 0.078344238 0.439224353 0.482431409
K:/cccrcfrf: 0.371858957 0.337203887 0.290937156
K:/cccrcfrr: 0.000000000 0.139825257 0.860174743
K:/cccrcrcc: 0.275162365 0.356312161 0.368525474
K:/cccrcrcf: 0.463634735 0.435515719 0.100849546
K:/cccrcrcr: 0.000000000 0.243693842 0.756306158
K:/cccrcrfc: 0.527042107 0.219081470 0.253876423
K:/cccrcrff: 0.285000559 0.061355981 0.653643460
K:/cccrcrfr: 0.000000000 0.815513738 0.184486262
K:/cccrcrrc: 0.000000000 0.225325588 0.774674412
K:/cccrcrrf: 0.000000000 0.611749718 0.388250282
K:/cccrrccr: 0.000000000 0.240369655 0.759630345
K:/cccrrcfr: 0.000000000 0.000000000 1.000000000
K:/cccrrcrc: 0.000000000 0.152623126 0.847376874
K:/cccrrcrf: 0.000000000 0.128195320 0.871804680
K:/cccrrfcr: 0.000000000 0.402287487 0.597712513
K:/cccrrffr: 0.000000000 0.000000000 1.000000000
K:/cccrrfrc: 0.000000000 0.163575075 0.836424925
K:/cccrrfrf: 0.000000000 0.151244710 0.848755290
K:/cccrrrcc: 0.000000000 0.413438478 0.586561522
K:/cccrrrcf: 0.000000000 0.965594268 0.034405732
K:/cccrrrfc: 0.000000000 0.420401063 0.579598937
K:/cccrrrff: 0.000000000 0.570137263 0.429862737
K:/ccrc: 0.000000000 0.407650299 0.592349701
K:/ccrccrcc: 0.424939131 0.453243193 0.121817675
K:/ccrccrcf: 0.398606277 0.369023394 0.232370329
K:/ccrccrcr: 0.000000000 0.587887611 0.412112389
K:/ccrccrfc: 0.488306148 0.054168374 0.457525479
K:/ccrccrff: 0.340321982 0.295077791 0.364600228
K:/ccrccrfr: 0.000000000 0.911282372 0.088717628
K:/ccrccrrc: 0.000000000 0.963107834 0.036892166
K:/ccrccrrf: 0.000000000 0.613638017 0.386361983
K:/ccrcrccr: 0.000000000 0.310951677 0.689048323
K:/ccrcrcfr: 0.000000000 0.578824604 0.421175396
K:/ccrcrcrc: 0.000000000 0.501774443 0.498225557
K:/ccrcrcrf: 0.000000000 0.216570129 0.783429871
K:/ccrcrfcr: 0.000000000 0.667040851 0.332959149
K:/ccrcrffr: 0.000000000 0.532791939 0.467208061
K:/ccrcrfrc: 0.000000000 0.744082708 0.255917292
K:/ccrcrfrf: 0.000000000 0.894483576 0.105516424
K:/ccrcrrcc: 0.000000000 0.946415184 0.053584816
K:/ccrcrrcf: 0.000000000 0.427516594 0.572483406
K:/ccrcrrfc: 0.000000000 0.571538191 0.428461809
K:/ccrcrrff: 0.000000000 0.699460739 0.300539261
K:/ccrf: 0.000000000 1.000000000 0.000000000
K:/ccrfcrc: 0.212390156 0.525177361 0.262432483
K:/ccrfcrf: 0.473484534 0.526012884 0.000502582
K:/ccrfcrr: 0.000000000 0.865116131 0.134883869
K:/ccrfrcr: 0.000000000 0.408015629 0.591984371
K:/ccrfrfr: 0.000000000 0.376482085 0.623517915
K:/ccrfrrc: 0.000000000 0.755764740 0.244235260
K:/ccrfrrf: 0.000000000 0.629298615 0.370701385
K:/ccrr: 0.366998434 0.161781902 0.471219664
K:/ccrrccrc: 0.000000000 0.588738060 0.411261940
K:/ccrrccrf: 0.000000000 0.333187477 0.666812523
K:/ccrrcfrc: 0.000000000 0.737187889 0.262812111
K:/ccrrcfrf: 0.000000000 0.518431099 0.481568901
K:/ccrrcrcc: 0.000000000 0.723216789 0.276783211
K:/ccrrcrcf: 0.000000000 0.503480619 0.496519381
K:/ccrrcrfc: 0.000000000 0.547608202 0.452391798
K:/ccrrcrff: 0.000000000 0.276453618 0.723546382
K:/crcc: 0.204819191 0.554889600 0.240291209
K:/crccrccr: 0.000000000 0.245600191 0.754399809
K:/crccrcfr: 0.000000000 0.748637489 0.251362511
K:/crccrcrc: 0.000000000 0.123157786 0.876842214
K:/crccrcrf: 0.000000000 0.825148478 0.174851522
K:/crccrfcr: 0.000000000 0.533134013 0.466865987
K:/crccrffr: 0.000000000 0.802928342 0.197071658
K:/crccrfrc: 0.000000000 0.875300490 0.124699510
K:/crccrfrf: 0.000000000 0.747083196 0.252916804
K:/crccrrcc: 0.000000000 0.041115334 0.958884666
K:/crccrrcf: 0.000000000 0.735177559 0.264822441
K:/crccrrfc: 0.000000000 0.670984090 0.329015910
K:/crccrrff: 0.000000000 0.733654642 0.266345358
K:/crcf: 0.027799051 0.645145139 0.327055810
K:/crcfrcr: 0.000000000 0.568549710 0.431450290
K:/crcfrfr: 0.000000000 0.853150486 0.146849514
K:/crcfrrc: 0.000000000 0.331926734 0.668073266
K:/crcfrrf: 0.000000000 0.813495742 0.186504258
K:/crcr: 0.271001721 0.669084969 0.059913310
K:/crcrccrc: 0.000000000 0.942547951 0.057452049
K:/crcrccrf: 0.000000000 0.200327731 0.799672269
K:/crcrcfrc: 0.000000000 0.595568572 0.404431428
K:/crcrcfrf: 0.000000000 0.364441374 0.635558626
K:/crcrcrcc: 0.000000000 0.503044440 0.496955560
K:/crcrcrcf: 0.000000000 0.886876120 0.113123880
K:/crcrcrfc: 0.000000000 0.629325927 0.370674073
K:/crcrcrff: 0.000000000 0.523100922 0.476899078
K:/crfc: 0.036337101 0.164750944 0.798911954
K:/crfcrcr: 0.000000000 0.156493923 0.843506077
K:/crfcrfr: 0.000000000 0.802315280 0.197684720
K:/crfcrrc: 0.000000000 0.501580622 0.498419378
K:/crfcrrf: 0.000000000 0.615808362 0.384191638
K:/crff: 0.000000000 0.694503070 0.305496930
K:/crffrr: 0.000000000 0.558559961 0.441440039
K:/crfr: 0.000000000 0.129611055 0.870388945
K:/crfrcrc: 0.000000000 0.857810771 0.142189229
K:/crfrcrf: 0.000000000 0.666105580 0.333894420
K:/crrc: 0.347375299 0.050566098 0.602058603
K:/crrccrcc: 0.000000000 0.529346273 0.470653727
K:/crrccrcf: 0.000000000 0.457015876 0.542984124
K:/crrccrfc: 0.000000000 0.378240978 0.621759022
K:/crrccrff: 0.000000000 0.584576823 0.415423177
K:/crrf: 0.565790876 0.044923932 0.389285193
K:/crrfcrc: 0.000000000 0.621739334 0.378260666
K:/crrfcrf: 0.000000000 0.908704083 0.091295917
K:/crrr: 0.000000000 0.907136848 0.092863152
K:/rccr: 0.011167511 0.549978722 0.438853768
K:/rccrccrc: 0.000000000 0.661797884 0.338202116
K:/rccrccrf: 0.000000000 0.229369234 0.770630766
K:/rccrcfrc: 0.000000000 0.392388708 0.607611292
K:/rccrcfrf: 0.000000000 0.476676622 0.523323378
K:/rccrcrcc: 0.000000000 0.584669788 0.415330212
K:/rccrcrcf: 0.000000000 0.357336464 0.642663536
K:/rccrcrfc: 0.000000000 0.706296448 0.293703552
K:/rccrcrff: 0.000000000 0.304225294 0.695774706
K:/rcfr: 0.000000000 0.201399547 0.798600453
K:/rcfrcrc: 0.000000000 0.246529989 0.753470011
K:/rcfrcrf: 0.000000000 0.373828325 0.626171675
K:/rcrc: 0.405766591 0.289067590 0.305165819
K:/rcrccrcc: 0.000000000 0.209424230 0.790575770
K:/rcrccrcf: 0.000000000 0.461973186 0.538026814
K:/rcrccrfc: 0.000000000 0.628719426 0.371280574
K:/rcrccrff: 0.000000000 0.216904263 0.783095737
K:/rcrf: 0.347526498 0.179202337 0.473271165
K:/rcrfcrc: 0.000000000 0.420021247 0.579978753
K:/rcrfcrf: 0.000000000 0.830422660 0.169577340
K:/rcrr: 0.000000000 0.742775447 0.257224553
K:/rfcr: 0.225336226 0.589399536 0.185264239
K:/rfcrcrc: 0.000000000 0.800446742 0.199553258
K:/rfcrcrf: 0.000000000 0.654085911 0.345914089
K:/rffr: 0.000000000 0.554089735 0.445910265
K:/rfrc: 0.000000000 0.000000000 1.000000000
K:/rfrf: 0.436527459 0.501087440 0.062385101
K:/rfrr: 0.000000000 0.000020844 0.999979156
K:/rrcc: 0.256534569 0.441012703 0.302452728
K:/rrcf: 0.210195562 0.290293246 0.499511192
K:/rrcr: 0.000000000 0.275147988 0.724852012
K:/rrfc: 0.055868698 0.000000000 0.944131302
K:/rrff: 0.337668921 0.303582205 0.358748874
K:/rrfr: 0.000000000 0.040349893 0.959650107
K:/rrrc: 0.000000000 0.322422601 0.677577399
K:/rrrf: 0.000000000 0.580016885 0.419983115
Q:/: 1.000000000 0.000000000 0.000000000
Q:/cccr: 0.000305632 0.000000000 0.999694368
Q:/cccrccrc: 0.321304271 0.103095547 0.575600182
Q:/cccrccrccrcc: 0.000000000 0.701846706 0.298153294
Q:/cccrccrccrcf: 0.000000000 0.071310989 0.928689011
Q:/cccrccrccrfc: 0.000000000 0.269557280 0.730442720
Q:/cccrccrccrff: 0.000000000 0.109387334 0.890612666
Q:/cccrccrf: 0.660638290 0.239079621 0.100282089
Q:/cccrccrfcrc: 0.000000000 0.819803144 0.180196856
Q:/cccrccrfcrf: 0.000000000 0.679693118 0.320306882
Q:/cccrccrr: 0.000000000 0.000000000 1.000000000
Q:/cccrcfrc: 0.120493339 0.523793505 0.355713156
Q:/cccrcfrf: 0.349331551 0.412319355 0.238349094
Q:/cccrcfrr: 0.000000000 0.307268905 0.692731095
Q:/cccrcrcc: 0.484070785 0.198716183 0.317213032
Q:/cccrcrcf: 0.101647108 0.707416605 0.190936287
Q:/cccrcrcr: 0.000000000 0.250543566 0.749456434
Q:/cccrcrfc: 0.067544208 0.354341695 0.578114097
Q:/cccrcrff: 0.091436277 0.578309461 0.330254261
Q:/cccrcrfr: 0.000000000 0.283461564 0.716538436
Q:/cccrcrrc: 0.000000000 0.030760597 0.969239403
Q:/cccrcrrf: 0.000000000 0.084570051 0.915429949
Q:/cccrrccr: 0.000000000 0.000012646 0.999987354
Q:/cccrrcfr: 0.000000000 0.121473337 0.878526663
Q:/cccrrcrc: 0.000000000 0.822826398 0.177173602
Q:/cccrrcrf: 0.000000000 0.917766772 0.082233228
Q:/cccrrfcr: 0.000000000 0.030975851 0.969024149
Q:/cccrrffr: 0.000000000 0.021073088 0.978926912
Q:/cccrrfrc: 0.000000000 0.128631569 0.871368431
Q:/cccrrfrf: 0.000000000 0.220313282 0.779686718
Q:/cccrrrcc: 0.000000000 0.591942586 0.408057414
Q:/cccrrrcf: 0.000000000 0.743357967 0.256642033
Q:/cccrrrfc: 0.000000000 0.409506183 0.590493817
Q:/cccrrrff: 0.000000000 0.057879167 0.942120833
Q:/ccrc: 0.000171283 0.735001054 0.264827663
Q:/ccrccrcc: 0.179010211 0.327165675 0.493824114
Q:/ccrccrcf: 0.282963058 0.449373522 0.267663421
Q:/ccrccrcr: 0.000000000 0.878171061 0.121828939
Q:/ccrccrfc: 0.319297899 0.528488772 0.152213329
Q:/ccrccrff: 0.183959152 0.480494003 0.335546845
Q:/ccrccrfr: 0.000000000 0.267103332 0.732896668
Q:/ccrccrrc: 0.000000000 0.856743766 0.143256234
Q:/ccrccrrf: 0.000000000 0.498642042 0.501357958
Q:/ccrcrccr: 0.000000000 0.225801759 0.774198241
Q:/ccrcrcfr: 0.000000000 0.482916702 0.517083298
Q:/ccrcrcrc: 0.000000000 0.709081484 0.290918516
Q:/ccrcrcrf: 0.000000000 0.959344233 0.040655767
Q:/ccrcrfcr: 0.000000000 0.676122773 0.323877227
Q:/ccrcrffr: 0.000000000 0.300099148 0.699900852
Q:/ccrcrfrc: 0.000000000 0.673179496 0.326820504
Q:/ccrcrfrf: 0.000000000 0.777808052 0.222191948
Q:/ccrcrrcc: 0.000000000 0.557561576 0.442438424
Q:/ccrcrrcf: 0.000000000 0.682275144 0.317724856
Q:/ccrcrrfc: 0.000000000 0.494537260 0.505462740
Q:/ccrcrrff: 0.000000000 0.232893950 0.767106050
Q:/ccrf: 0.527203427 0.472796573 0.000000000
Q:/ccrfcrc: 0.080486953 0.595007051 0.324505996
Q:/ccrfcrf: 0.201602722 0.217015486 0.581381792
Q:/ccrfcrr: 0.000000000 0.805807478 0.194192522
Q:/ccrfrcr: 0.000000000 0.039005177 0.960994823
Q:/ccrfrfr: 0.000000000 0.316304745 0.683695255
Q:/ccrfrrc: 0.000000000 0.514327810 0.485672190
Q:/ccrfrrf: 0.000000000 0.726816244 0.273183756
Q:/ccrr: 0.418386210 0.258163053 0.323450737
Q:/ccrrccrc: 0.000000000 0.069317716 0.930682284
Q:/ccrrccrf: 0.000000000 0.505290382 0.494709618
Q:/ccrrcfrc: 0.000000000 0.342693551 0.657306449
Q:/ccrrcfrf: 0.000000000 0.476812266 0.523187734
Q:/ccrrcrcc: 0.000000000 0.569242701 0.430757299
Q:/ccrrcrcf: 0.000000000 0.493768579 0.506231421
Q:/ccrrcrfc: 0.000000000 0.320226951 0.679773049
Q:/ccrrcrff: 0.000000000 0.285899385 0.714100615
Q:/crcc: 0.000000000 0.209601380 0.790398620
Q:/crccrccr: 0.000000000 0.586143727 0.413856273
Q:/crccrcfr: 0.000000000 0.602303507 0.397696493
Q:/crccrcrc: 0.000000000 0.350789987 0.649210013
Q:/crccrcrf: 0.000000000 0.556831899 0.443168101
Q:/crccrfcr: 0.000000000 0.563277315 0.436722685
Q:/crccrffr: 0.000000000 0.406840481 0.593159519
Q:/crccrfrc: 0.000000000 0.344306962 0.655693038
Q:/crccrfrf: 0.000000000 0.442184780 0.557815220
Q:/crccrrcc: 0.000000000 0.345938000 0.654062000
Q:/crccrrcf: 0.000000000 0.683577684 0.316422316
Q:/crccrrfc: 0.000000000 0.669453297 0.330546703
Q:/crccrrff: 0.000000000 0.455618097 0.544381903
Q:/crcf: 0.000000000 0.000000000 1.000000000
Q:/crcfrcr: 0.000000000 0.499072626 0.500927374
Q:/crcfrfr: 0.000000000 0.238481090 0.761518910
Q:/crcfrrc: 0.000000000 0.000000000 1.000000000
Q:/crcfrrf: 0.000000000 0.129904972 0.870095028
Q:/crcr: 0.711132220 0.288557533 0.000310247
Q:/crcrccrc: 0.000000000 0.507530093 0.492469907
Q:/crcrccrf: 0.000000000 0.574088257 0.425911743
Q:/crcrcfrc: 0.000000000 0.515682860 0.484317140
Q:/crcrcfrf: 0.000000000 0.505724656 0.494275344
Q:/crcrcrcc: 0.000000000 0.000000000 1.000000000
Q:/crcrcrcf: 0.000000000 0.760074935 0.239925065
Q:/crcrcrfc: 0.000000000 0.370550587 0.629449413
Q:/crcrcrff: 0.000000000 0.993168275 0.006831725
Q:/crfc: 0.000000000 0.000000000 1.000000000
Q:/crfcrcr: 0.000000000 0.228475248 0.771524752
Q:/crfcrfr: 0.000000000 0.093790780 0.906209220
Q:/crfcrrc: 0.000000000 0.762985404 0.237014596
Q:/crfcrrf: 0.000000000 0.089256028 0.910743972
Q:/crff: 0.016724879 0.233401736 0.749873385
Q:/crffrr: 0.000000000 0.000000000 1.000000000
Q:/crfr: 0.000506438 0.000194247 0.999299316
Q:/crfrcrc: 0.000000000 0.312452815 0.687547185
Q:/crfrcrf: 0.000000000 0.000000000 1.000000000
Q:/crrc: 0.293935204 0.619249818 0.086814978
Q:/crrccrcc: 0.000000000 0.470082794 0.529917206
Q:/crrccrcf: 0.000000000 0.171660804 0.828339196
Q:/crrccrfc: 0.000000000 0.059767410 0.940232590
Q:/crrccrff: 0.000000000 0.862494972 0.137505028
Q:/crrf: 0.203319970 0.553945750 0.242734280
Q:/crrfcrc: 0.000000000 0.454330354 0.545669646
Q:/crrfcrf: 0.000000000 0.352002136 0.647997864
Q:/crrr: 0.000000000 0.949364662 0.050635338
Q:/rccr: 0.472124266 0.000000000 0.527875734
Q:/rccrccrc: 0.000000000 0.183566316 0.816433684
Q:/rccrccrf: 0.000000000 0.493334735 0.506665265
Q:/rccrcfrc: 0.000000000 0.439252579 0.560747421
Q:/rccrcfrf: 0.000000000 0.633702898 0.366297102
Q:/rccrcrcc: 0.000000000 0.811360011 0.188639989
Q:/rccrcrcf: 0.000000000 0.537227108 0.462772892
Q:/rccrcrfc: 0.000000000 0.272138780 0.727861220
Q:/rccrcrff: 0.000000000 0.362758226 0.637241774
Q:/rcfr: 0.000000000 0.286905407 0.713094593
Q:/rcfrcrc: 0.000000000 0.450424895 0.549575105
Q:/rcfrcrf: 0.000000000 0.246143478 0.753856522
Q:/rcrc: 0.354099459 0.388556840 0.257343701
Q:/rcrccrcc: 0.000000000 0.480942246 0.519057754
Q:/rcrccrcf: 0.000000000 0.317210004 0.682789996
Q:/rcrccrfc: 0.000000000 0.420754711 0.579245289
Q:/rcrccrff: 0.000000000 0.211536619 0.788463381
Q:/rcrf: 0.266916033 0.168779467 0.564304500
Q:/rcrfcrc: 0.000000000 0.454006210 0.545993790
Q:/rcrfcrf: 0.000000000 0.173021118 0.826978882
Q:/rcrr: 0.000000000 0.639091345 0.360908655
Q:/rfcr: 0.222415019 0.672307320 0.105277662
Q:/rfcrcrc: 0.000000000 0.150556008 0.849443992
Q:/rfcrcrf: 0.000000000 0.361655995 0.638344005
Q:/rffr: 0.000000000 0.371065024 0.628934976
Q:/rfrc: 0.000000000 0.000000000 1.000000000
Q:/rfrf: 0.816718174 0.170643590 0.012638236
Q:/rfrr: 0.000000000 0.000000000 1.000000000
Q:/rrcc: 0.346977592 0.280485740 0.372536668
Q:/rrcf: 0.507615963 0.210412507 0.281971530
Q:/rrcr: 0.000000000 0.786447646 0.213552354
Q:/rrfc: 0.000944329 0.000000000 0.999055671
Q:/rrff: 0.489314602 0.288084861 0.222600538
Q:/rrfr: 0.000000000 0.000165528 0.999834472
Q:/rrrc: 0.000000000 0.437733955 0.562266045
Q:/rrrf: 0.000000000 0.480088578 0.519911422
T:/: 0.999248093 0.000751907 0.000000000
T:/cccr: 0.000690029 0.000364868 0.998945103
T:/cccrccrc: 0.067070511 0.000000000 0.932929489
T:/cccrccrccrcc: 0.000000000 0.708272254 0.291727746
T:/cccrccrccrcf: 0.000000000 0.516921084 0.483078916
T:/cccrccrccrfc: 0.000000000 0.778981136 0.221018864
T:/cccrccrccrff: 0.000000000 0.401386954 0.598613046
T:/cccrccrf: 0.568003159 0.431996841 0.000000000
T:/cccrccrfcrc: 0.000000000 0.629609971 0.370390029
T:/cccrccrfcrf: 0.000000000 0.766904688 0.233095312
T:/cccrccrr: 0.000000000 0.000000000 1.000000000
T:/cccrcfrc: 0.000000000 0.535464791 0.464535209
T:/cccrcfrf: 0.588962541 0.288886423 0.122151036
T:/cccrcfrr: 0.000000000 0.122440338 0.877559662
T:/cccrcrcc: 0.262916929 0.164824821 0.572258250
T:/cccrcrcf: 0.364920150 0.425044163 0.210035687
T:/cccrcrcr: 0.000000000 0.465485344 0.534514656
T:/cccrcrfc: 0.109243094 0.474835960 0.415920945
T:/cccrcrff: 0.374823261 0.047879355 0.577297384
T:/cccrcrfr: 0.000000000 0.283037832 0.716962168
T:/cccrcrrc: 0.000000000 0.000000000 1.000000000
T:/cccrcrrf: 0.000000000 0.000292549 0.999707451
T:/cccrrccr: 0.000000000 0.000036218 0.999963782
T:/cccrrcfr: 0.000000000 0.000000000 1.000000000
T:/cccrrcrc: 0.000000000 0.307598515 0.692401485
T:/cccrrcrf: 0.000000000 0.999967637 0.000032363
T:/cccrrfcr: 0.000000000 0.505428592 0.494571408
T:/cccrrffr: 0.000000000 0.310053131 0.689946869
T:/cccrrfrc: 0.000000000 0.000000000 1.000000000
T:/cccrrfrf: 0.000000000 0.464651081 0.535348919
T:/cccrrrcc: 0.000000000 0.185761654 0.814238346
T:/cccrrrcf: 0.000000000 0.204366269 0.795633731
T:/cccrrrfc: 0.000000000 0.448370616 0.551629384
T:/cccrrrff: 0.000000000 0.447164219 0.552835781
T:/ccrc: 0.000224684 0.479274993 0.520500323
T:/ccrccrcc: 0.000007049 0.811557638 0.188435312
T:/ccrccrcf: 0.351714478 0.517138734 0.131146788
T:/ccrccrcr: 0.000000000 0.293693376 0.706306624
T:/ccrccrfc: 0.028227569 0.449415259 0.522357172
T:/ccrccrff: 0.597570520 0.167220835 0.235208645
T:/ccrccrfr: 0.000000000 0.557372942 0.442627058
T:/ccrccrrc: 0.000000000 0.513445264 0.486554736
T:/ccrccrrf: 0.000000000 0.260081582 0.739918418
T:/ccrcrccr: 0.000000000 0.637663077 0.362336923
T:/ccrcrcfr: 0.000000000 0.111330865 0.888669135
T:/ccrcrcrc: 0.000000000 0.596489509 0.403510491
T:/ccrcrcrf: 0.000000000 0.428336981 0.571663019
T:/ccrcrfcr: 0.000000000 0.316893589 0.683106411
T:/ccrcrffr: 0.000000000 0.720576368 0.279423632
T:/ccrcrfrc: 0.000000000 0.278387072 0.721612928
T:/ccrcrfrf: 0.000000000 0.694243160 0.305756840
T:/ccrcrrcc: 0.000000000 0.541748485 0.458251515
T:/ccrcrrcf: 0.000000000 0.561092979 0.438907021
T:/ccrcrrfc: 0.000000000 0.345655440 0.654344560
T:/ccrcrrff: 0.000000000 0.479120803 0.520879197
T:/ccrf: 0.000144568 0.999855432 0.000000000
T:/ccrfcrc: 0.019976266 0.609739416 0.370284318
T:/ccrfcrf: 0.353080917 0.330738828 0.316180255
T:/ccrfcrr: 0.000000000 0.043275950 0.956724050
T:/ccrfrcr: 0.000000000 0.757356827 0.242643173
T:/ccrfrfr: 0.000000000 0.308232577 0.691767423
T:/ccrfrrc: 0.000000000 0.354565744 0.645434256
T:/ccrfrrf: 0.000000000 0.835936505 0.164063495
T:/ccrr: 0.549372646 0.398810069 0.051817285
T:/ccrrccrc: 0.000000000 0.710357894 0.289642106
T:/ccrrccrf: 0.000000000 0.385396863 0.614603137
T:/ccrrcfrc: 0.000000000 0.172004017 0.827995983
T:/ccrrcfrf: 0.000000000 0.150984084 0.849015916
T:/ccrrcrcc: 0.000000000 0.614445959 0.385554041
T:/ccrrcrcf: 0.000000000 0.523857084 0.476142916
T:/ccrrcrfc: 0.000000000 0.048758154 0.951241846
T:/ccrrcrff: 0.000000000 0.216790500 0.783209500
T:/crcc: 0.000000001 0.701052923 0.298947076
T:/crccrccr: 0.000000000 0.580693866 0.419306134
T:/crccrcfr: 0.000000000 0.403442547 0.596557453
T:/crccrcrc: 0.000000000 0.607479329 0.392520671
T:/crccrcrf: 0.000000000 0.447756695 0.552243305
T:/crccrfcr: 0.000000000 0.248619985 0.751380015
T:/crccrffr: 0.000000000 0.814930167 0.185069833
T:/crccrfrc: 0.000000000 0.255539287 0.744460713
T:/crccrfrf: 0.000000000 0.992527073 0.007472927
T:/crccrrcc: 0.000000000 0.901748314 0.098251686
T:/crccrrcf: 0.000000000 0.570885411 0.429114589
T:/crccrrfc: 0.000000000 0.455180465 0.544819535
T:/crccrrff: 0.000000000 0.457160998 0.542839002
T:/crcf: 0.000000000 0.000000000 1.000000000
T:/crcfrcr: 0.000000000 0.769562726 0.230437274
T:/crcfrfr: 0.000000000 0.358826930 0.641173070
T:/crcfrrc: 0.000000000 0.000000000 1.000000000
T:/crcfrrf: 0.000000000 0.000000000 1.000000000
T:/crcr: 0.032952489 0.142163505 0.824884006
T:/crcrccrc: 0.000000000 0.953648791 0.046351209
T:/crcrccrf: 0.000000000 0.785466789 0.214533211
T:/crcrcfrc: 0.000000000 0.626544375 0.373455625
T:/crcrcfrf: 0.000000000 0.429867711 0.570132289
T:/crcrcrcc: 0.000000000 0.325517372 0.674482628
T:/crcrcrcf: 0.000000000 0.691075605 0.308924395
T:/crcrcrfc: 0.000000000 0.415557228 0.584442772
T:/crcrcrff: 0.000000000 0.841314548 0.158685452
T:/crfc: 0.000000000 0.000000000 1.000000000
T:/crfcrcr: 0.000000000 0.524334397 0.475665603
T:/crfcrfr: 0.000000000 0.000005969 0.999994031
T:/crfcrrc: 0.000000000 0.370559866 0.629440134
T:/crfcrrf: 0.000000000 0.594101710 0.405898290
T:/crff: 0.000000000 0.000000000 1.000000000
T:/crffrr: 0.000000000 0.000000000 1.000000000
T:/crfr: 0.000280138 0.000003334 0.999716528
T:/crfrcrc: 0.000000000 0.447969855 0.552030145
T:/crfrcrf: 0.000000000 0.111494261 0.888505739
T:/crrc: 0.262766266 0.573645914 0.163587820
T:/crrccrcc: 0.000000000 0.598395156 0.401604844
T:/crrccrcf: 0.000000000 0.573565738 0.426434262
T:/crrccrfc: 0.000000000 0.982540137 0.017459863
T:/crrccrff: 0.000000000 0.009303094 0.990696906
T:/crrf: 0.349972904 0.650027096 0.000000000
T:/crrfcrc: 0.000000000 0.431752742 0.568247258
T:/crrfcrf: 0.000000000 0.298423502 0.701576498
T:/crrr: 0.000000000 0.185628640 0.814371360
T:/rccr: 0.603893394 0.006206210 0.389900396
T:/rccrccrc: 0.000000000 0.062515062 0.937484938
T:/rccrccrf: 0.000000000 0.074360937 0.925639063
T:/rccrcfrc: 0.000000000 0.547286674 0.452713326
T:/rccrcfrf: 0.000000000 0.401627873 0.598372127
T:/rccrcrcc: 0.000000000 0.555088639 0.444911361
T:/rccrcrcf: 0.000000000 0.438499178 0.561500822
T:/rccrcrfc: 0.000000000 0.489539778 0.510460222
T:/rccrcrff: 0.000000000 0.055407152 0.944592848
T:/rcfr: 0.000000000 0.277802071 0.722197929
T:/rcfrcrc: 0.000000000 0.062358930 0.937641070
T:/rcfrcrf: 0.000000000 0.000085172 0.999914828
T:/rcrc: 0.449613260 0.514619796 0.035766944
T:/rcrccrcc: 0.000000000 0.249200022 0.750799978
T:/rcrccrcf: 0.000000000 0.792730698 0.207269302
T:/rcrccrfc: 0.000000000 0.439138948 0.560861052
T:/rcrccrff: 0.000000000 0.341536447 0.658463553
T:/rcrf: 0.199647654 0.698417871 0.101934475
T:/rcrfcrc: 0.000000000 0.397284048 0.602715952
T:/rcrfcrf: 0.000000000 0.581326050 0.418673950
T:/rcrr: 0.000000000 0.563381250 0.436618750
T:/rfcr: 0.000011552 0.111870447 0.888118001
T:/rfcrcrc: 0.000000000 0.637934937 0.362065063
T:/rfcrcrf: 0.000000000 0.320592186 0.679407814
T:/rffr: 0.000000000 0.000000000 1.000000000
T:/rfrc: 0.000000000 0.000000000 1.000000000
T:/rfrf: 0.359480666 0.587380395 0.053138939
T:/rfrr: 0.000000000 0.000000000 1.000000000
T:/rrcc: 0.321239682 0.193644910 0.485115409
T:/rrcf: 0.292203581 0.252948174 0.454848245
T:/rrcr: 0.000000000 0.911072369 0.088927631
T:/rrfc: 0.000540240 0.000000000 0.999459760
T:/rrff: 0.104486772 0.394156595 0.501356633
T:/rrfr: 0.000000000 0.000000000 1.000000000
T:/rrrc: 0.000000000 0.748356353 0.251643647
T:/rrrf: 0.000000000 0.822519795 0.177480205
