A:/c: 0.999997480 0.000002520 0.000000000
A:/cccrc: 0.367791988 0.632208012 0.000000000
A:/cccrccrcc: 0.119201389 0.244652341 0.636146271
A:/cccrccrcf: 0.345747807 0.380495792 0.273756400
A:/cccrccrcr: 0.000000000 0.784054502 0.215945498
A:/cccrccrfc: 0.417053006 0.271972677 0.310974317
A:/cccrccrff: 0.638609709 0.141357533 0.220032757
A:/cccrccrfr: 0.000000000 0.995605605 0.004394395
A:/cccrccrrc: 0.000000000 0.480835640 0.519164360
A:/cccrccrrf: 0.000000000 0.109313046 0.890686954
A:/cccrcrccr: 0.000000000 0.569698834 0.430301166
A:/cccrcrcfr: 0.000000000 0.763065300 0.236934700
A:/cccrcrcrc: 0.000000000 0.265804301 0.734195699
A:/cccrcrcrf: 0.000000000 0.589563652 0.410436348
A:/cccrcrfcr: 0.000000000 0.818604073 0.181395927
A:/cccrcrffr: 0.000000000 0.697123467 0.302876533
A:/cccrcrfrc: 0.000000000 0.137336822 0.862663178
A:/cccrcrfrf: 0.000000000 0.933103555 0.066896445
A:/cccrcrrcc: 0.000000000 0.463172354 0.536827646
A:/cccrcrrcf: 0.000000000 0.259292562 0.740707438
A:/cccrcrrfc: 0.000000000 0.883355023 0.116644977
A:/cccrcrrff: 0.000000000 1.000000000 0.000000000
A:/cccrf: 0.864346657 0.135653193 0.000000150
A:/cccrfcrc: 0.614974460 0.385025538 0.000000002
A:/cccrfcrf: 0.657638505 0.342307668 0.000053827
A:/cccrfcrr: 0.000000000 0.365910118 0.634089882
A:/cccrfrcr: 0.000000000 0.771551275 0.228448725
A:/cccrfrfr: 0.000000000 0.127816954 0.872183046
A:/cccrfrrc: 0.000000000 0.457514499 0.542485501
A:/cccrfrrf: 0.000000000 0.999999990 0.000000010
A:/cccrr: 0.826504804 0.173495196 0.000000000
A:/cccrrccrc: 0.000000000 0.632728257 0.367271743
A:/cccrrccrf: 0.000000000 0.282714599 0.717285401
A:/cccrrcfrc: 0.000000000 0.503295665 0.496704335
A:/cccrrcfrf: 0.000000000 0.632972664 0.367027336
A:/cccrrcrcc: 0.000000000 0.337374000 0.662626000
A:/cccrrcrcf: 0.000000000 0.576756606 0.423243394
A:/cccrrcrfc: 0.000000000 0.570562159 0.429437841
A:/cccrrcrff: 0.000000000 0.337532972 0.662467028
A:/ccrcc: 0.193264588 0.804749813 0.001985599
A:/ccrccrccr: 0.000000000 0.212611579 0.787388421
A:/ccrccrcfr: 0.000000000 0.486692036 0.513307964
A:/ccrccrcrc: 0.000000000 0.846166724 0.153833276
A:/ccrccrcrf: 0.000000000 0.005841843 0.994158157
A:/ccrccrfcr: 0.000000000 0.724231264 0.275768736
A:/ccrccrffr: 0.000000000 0.407623326 0.592376674
A:/ccrccrfrc: 0.000000000 0.509883879 0.490116121
A:/ccrccrfrf: 0.000000000 0.622233155 0.377766845
A:/ccrccrrcc: 0.000000000 0.316051469 0.683948531
A:/ccrccrrcf: 0.000000000 0.549787681 0.450212319
A:/ccrccrrfc: 0.000000000 0.936291002 0.063708998
A:/ccrccrrff: 0.000000000 0.499276572 0.500723428
A:/ccrcf: 0.115698739 0.883804844 0.000496417
A:/ccrcfrcr: 0.000000000 0.309765256 0.690234744
A:/ccrcfrfr: 0.000000000 0.301267287 0.698732713
A:/ccrcfrrc: 0.000000000 0.999907788 0.000092212
A:/ccrcfrrf: 0.000000000 0.605488728 0.394511272
A:/ccrcr: 0.634584297 0.365415702 0.000000001
A:/ccrcrccrc: 0.000000000 0.437464842 0.562535158
A:/ccrcrccrf: 0.000000000 0.554976194 0.445023806
A:/ccrcrcfrc: 0.000000000 0.160195058 0.839804942
A:/ccrcrcfrf: 0.000000000 0.518797101 0.481202899
A:/ccrcrcrcc: 0.000000000 0.431349041 0.568650959
A:/ccrcrcrcf: 0.000000000 0.268352415 0.731647585
A:/ccrcrcrfc: 0.000000000 1.000000000 0.000000000
A:/ccrcrcrff: 0.000000000 0.585795563 0.414204437
A:/ccrfc: 0.239737689 0.760262311 0.000000000
A:/ccrfcrcr: 0.000000000 0.713253846 0.286746154
A:/ccrfcrfr: 0.000000000 0.507435339 0.492564661
A:/ccrfcrrc: 0.000000000 0.970203986 0.029796014
A:/ccrfcrrf: 0.000000000 0.801147006 0.198852994
A:/ccrff: 0.423790972 0.576209028 0.000000000
A:/ccrffrr: 0.000000000 1.000000000 0.000000000
A:/ccrfr: 0.550141472 0.449858528 0.000000000
A:/ccrfrcrc: 0.000000000 0.602289038 0.397710962
A:/ccrfrcrf: 0.000000000 0.812562096 0.187437904
A:/ccrrc: 0.398734735 0.302575589 0.298689676
A:/ccrrccrcc: 0.000000000 0.961837577 0.038162423
A:/ccrrccrcf: 0.000000000 0.722843669 0.277156331
A:/ccrrccrfc: 0.000000000 0.356009947 0.643990053
A:/ccrrccrff: 0.000000000 0.067337003 0.932662997
A:/ccrrf: 0.663163578 0.213781534 0.123054887
A:/ccrrfcrc: 0.000000000 0.752069210 0.247930790
A:/ccrrfcrf: 0.000000000 0.382279561 0.617720439
A:/ccrrr: 0.000000000 0.873441585 0.126558415
A:/crccr: 0.595655778 0.336189490 0.068154732
A:/crccrccrc: 0.000000000 0.922595456 0.077404544
A:/crccrccrf: 0.000000000 0.592103038 0.407896962
A:/crccrcfrc: 0.000000000 0.501425142 0.498574858
A:/crccrcfrf: 0.000000000 0.495704126 0.504295874
A:/crccrcrcc: 0.000000000 0.939358840 0.060641160
A:/crccrcrcf: 0.000000000 0.561689720 0.438310280
A:/crccrcrfc: 0.000000000 0.435437747 0.564562253
A:/crccrcrff: 0.000000000 0.172156229 0.827843771
A:/crcfr: 0.653755950 0.221093659 0.125150391
A:/crcfrcrc: 0.000000000 0.656374168 0.343625832
A:/crcfrcrf: 0.000000000 0.490572895 0.509427105
A:/crcrc: 0.558011408 0.399121603 0.042866989
A:/crcrccrcc: 0.000000000 0.437246523 0.562753477
A:/crcrccrcf: 0.000000000 0.334135702 0.665864298
A:/crcrccrfc: 0.000000000 0.335145319 0.664854681
A:/crcrccrff: 0.000000000 0.225120381 0.774879619
A:/crcrf: 0.999999946 0.000000000 0.000000054
A:/crcrfcrc: 0.000000000 0.771887114 0.228112886
A:/crcrfcrf: 0.000000000 0.999999985 0.000000015
A:/crcrr: 0.000000000 0.804713233 0.195286767
A:/crfcr: 0.116807171 0.043882730 0.839310099
A:/crfcrcrc: 0.000000000 0.086958760 0.913041240
A:/crfcrcrf: 0.000000000 0.863302964 0.136697036
A:/crffr: 0.399829217 0.519323864 0.080846919
A:/crfrc: 0.242227403 0.461576193 0.296196404
A:/crfrf: 0.003807962 0.189370131 0.806821907
A:/crfrr: 0.000000000 0.982003023 0.017996977
A:/crrcc: 0.238986744 0.480314858 0.280698398
A:/crrcf: 0.226643221 0.439447111 0.333909668
A:/crrcr: 0.000000000 0.739901772 0.260098228
A:/crrfc: 0.154929687 0.602185849 0.242884464
A:/crrff: 0.023843166 0.707256695 0.268900139
A:/crrfr: 0.000000000 0.705408212 0.294591788
A:/crrrc: 0.000000000 0.890046083 0.109953917
A:/crrrf: 0.000000000 0.344310259 0.655689741
A:/r: 0.996729514 0.003270486 0.000000000
A:/rccrc: 0.469805680 0.400567395 0.129626925
A:/rccrccrcc: 0.000000000 0.103775637 0.896224363
A:/rccrccrcf: 0.000000000 0.089312568 0.910687432
A:/rccrccrfc: 0.000000000 0.135120960 0.864879040
A:/rccrccrff: 0.000000000 0.581029166 0.418970834
A:/rccrf: 0.656369836 0.343630141 0.000000023
A:/rccrfcrc: 0.000000000 0.481096337 0.518903663
A:/rccrfcrf: 0.000000000 0.967830877 0.032169123
A:/rccrr: 0.000000000 1.000000000 0.000000000
A:/rcfrc: 0.000000000 0.780798859 0.219201141
A:/rcfrf: 0.089586937 0.485255849 0.425157214
A:/rcfrr: 0.000000000 0.993748179 0.006251821
A:/rcrcc: 0.521108353 0.478891605 0.000000042
A:/rcrcf: 0.418188329 0.578782034 0.003029637
A:/rcrcr: 0.000000000 0.937133781 0.062866219
A:/rcrfc: 0.721322385 0.278677599 0.000000016
A:/rcrff: 0.603768791 0.396231206 0.000000003
A:/rcrfr: 0.000000000 0.781184288 0.218815712
A:/rcrrc: 0.000000000 0.999999999 0.000000001
A:/rcrrf: 0.000000000 0.646224088 0.353775912
A:/rrccr: 0.000000000 0.738570189 0.261429811
A:/rrcfr: 0.000000000 0.660404340 0.339595660
A:/rrcrc: 0.000000000 0.652487502 0.347512498
A:/rrcrf: 0.000000000 0.537953037 0.462046963
A:/rrfcr: 0.000000000 1.000000000 0.000000000
A:/rrffr: 0.000000000 0.582328460 0.417671540
A:/rrfrc: 0.000000000 0.999999723 0.000000277
A:/rrfrf: 0.000000000 0.602693855 0.397306145
A:/rrrcc: 0.000000000 0.753370043 0.246629957
A:/rrrcf: 0.000000000 0.874836737 0.125163263
A:/rrrfc: 0.000000000 0.601002431 0.398997569
A:/rrrff: 0.000000000 0.693430466 0.306569534
J:/c: 0.000666310 0.999333690 0.000000000
J:/cccrc: 0.000000000 0.994648259 0.005351741
J:/cccrccrcc: 0.758111499 0.181997574 0.059890927
J:/cccrccrcf: 0.357130208 0.368504169 0.274365623
J:/cccrccrcr: 0.000000000 0.113090316 0.886909684
J:/cccrccrfc: 0.141449214 0.639439339 0.219111448
J:/cccrccrff: 0.266859259 0.509101983 0.224038758
J:/cccrccrfr: 0.000000000 0.510683030 0.489316970
J:/cccrccrrc: 0.000000000 0.240384510 0.759615490
J:/cccrccrrf: 0.000000000 0.019568728 0.980431272
J:/cccrcrccr: 0.000000000 0.568701560 0.431298440
J:/cccrcrcfr: 0.000000000 0.355407366 0.644592634
J:/cccrcrcrc: 0.000000000 0.406426896 0.593573104
J:/cccrcrcrf: 0.000000000 0.108004459 0.891995541
J:/cccrcrfcr: 0.000000000 0.999871817 0.000128183
J:/cccrcrffr: 0.000000000 0.372240251 0.627759749
J:/cccrcrfrc: 0.000000000 0.865043415 0.134956585
J:/cccrcrfrf: 0.000000000 0.916098045 0.083901955
J:/cccrcrrcc: 0.000000000 0.185670593 0.814329407
J:/cccrcrrcf: 0.000000000 0.139691669 0.860308331
J:/cccrcrrfc: 0.000000000 0.000000000 1.000000000
J:/cccrcrrff: 0.000000000 1.000000000 0.000000000
J:/cccrf: 0.000000069 0.691096473 0.308903458
J:/cccrfcrc: 0.208696636 0.511564399 0.279738965
J:/cccrfcrf: 0.403726362 0.383958698 0.212314940
J:/cccrfcrr: 0.000000000 0.574350737 0.425649263
J:/cccrfrcr: 0.000000000 0.415249931 0.584750069
J:/cccrfrfr: 0.000000000 0.664510786 0.335489214
J:/cccrfrrc: 0.000000000 0.792268261 0.207731739
J:/cccrfrrf: 0.000000000 0.771356108 0.228643892
J:/cccrr: 0.000000000 0.580016148 0.419983852
J:/cccrrccrc: 0.000000000 0.518380492 0.481619508
J:/cccrrccrf: 0.000000000 0.721608017 0.278391983
J:/cccrrcfrc: 0.000000000 0.858552258 0.141447742
J:/cccrrcfrf: 0.000000000 0.524647683 0.475352317
J:/cccrrcrcc: 0.000000000 0.101310375 0.898689625
J:/cccrrcrcf: 0.000000000 0.283664698 0.716335302
J:/cccrrcrfc: 0.000000000 0.453043103 0.546956897
J:/cccrrcrff: 0.000000000 0.737528305 0.262471695
J:/ccrcc: 0.000010946 0.601249111 0.398739944
J:/ccrccrccr: 0.000000000 0.030041529 0.969958471
J:/ccrccrcfr: 0.000000000 0.192565281 0.807434719
J:/ccrccrcrc: 0.000000000 0.856759620 0.143240380
J:/ccrccrcrf: 0.000000000 0.741500853 0.258499147
J:/ccrccrfcr: 0.000000000 0.567550438 0.432449562
J:/ccrccrffr: 0.000000000 0.271944803 0.728055197
J:/ccrccrfrc: 0.000000000 0.486739301 0.513260699
J:/ccrccrfrf: 0.000000000 0.207320043 0.792679957
J:/ccrccrrcc: 0.000000000 0.452692697 0.547307303
J:/ccrccrrcf: 0.000000000 0.652652295 0.347347705
J:/ccrccrrfc: 0.000000000 0.605084415 0.394915585
J:/ccrccrrff: 0.000000000 0.313726842 0.686273158
J:/ccrcf: 0.000000000 0.277991758 0.722008242
J:/ccrcfrcr: 0.000000000 0.487570671 0.512429329
J:/ccrcfrfr: 0.000000000 0.879592589 0.120407411
J:/ccrcfrrc: 0.000000000 0.193068660 0.806931340
J:/ccrcfrrf: 0.000000000 0.792523187 0.207476813
J:/ccrcr: 0.118850926 0.100564183 0.780584891
J:/ccrcrccrc: 0.000000000 0.420790731 0.579209269
J:/ccrcrccrf: 0.000000000 0.442090314 0.557909686
J:/ccrcrcfrc: 0.000000000 0.326191216 0.673808784
J:/ccrcrcfrf: 0.000000000 0.494399126 0.505600874
J:/ccrcrcrcc: 0.000000000 0.533205564 0.466794436
J:/ccrcrcrcf: 0.000000000 0.376559942 0.623440058
J:/ccrcrcrfc: 0.000000000 0.622596646 0.377403354
J:/ccrcrcrff: 0.000000000 0.455325453 0.544674547
J:/ccrfc: 0.000000000 0.000000000 1.000000000
J:/ccrfcrcr: 0.000000000 0.496102368 0.503897632
J:/ccrfcrfr: 0.000000000 0.751830318 0.248169682
J:/ccrfcrrc: 0.000000000 0.269949935 0.730050065
J:/ccrfcrrf: 0.000000000 0.000000000 1.000000000
J:/ccrff: 0.203229482 0.589951384 0.206819135
J:/ccrffrr: 0.000000000 0.091985298 0.908014702
J:/ccrfr: 0.000000000 0.017177755 0.982822245
J:/ccrfrcrc: 0.000000000 0.338874046 0.661125954
J:/ccrfrcrf: 0.000000000 0.637347741 0.362652259
J:/ccrrc: 0.449387768 0.210027383 0.340584849
J:/ccrrccrcc: 0.000000000 0.766294350 0.233705650
J:/ccrrccrcf: 0.000000000 0.394742649 0.605257351
J:/ccrrccrfc: 0.000000000 0.399562891 0.600437109
J:/ccrrccrff: 0.000000000 0.029928868 0.970071132
J:/ccrrf: 0.495219355 0.299402951 0.205377694
J:/ccrrfcrc: 0.000000000 0.241074472 0.758925528
J:/ccrrfcrf: 0.000000000 0.371646106 0.628353894
J:/ccrrr: 0.000000000 0.858831482 0.141168518
J:/crccr: 0.081069936 0.179355656 0.739574409
J:/crccrccrc: 0.000000000 0.348892789 0.651107211
J:/crccrccrf: 0.000000000 0.765649623 0.234350377
J:/crccrcfrc: 0.000000000 0.689584404 0.310415596
J:/crccrcfrf: 0.000000000 0.517895236 0.482104764
J:/crccrcrcc: 0.000000000 0.812903678 0.187096322
J:/crccrcrcf: 0.000000000 0.482358800 0.517641200
J:/crccrcrfc: 0.000000000 0.671991018 0.328008982
J:/crccrcrff: 0.000000000 0.954496187 0.045503813
J:/crcfr: 0.057158968 0.000000000 0.942841032
J:/crcfrcrc: 0.000000000 0.299615933 0.700384067
J:/crcfrcrf: 0.000000000 0.844787354 0.155212646
J:/crcrc: 0.000000000 0.257497730 0.742502270
J:/crcrccrcc: 0.000000000 0.503601544 0.496398456
J:/crcrccrcf: 0.000000000 0.333366440 0.666633560
J:/crcrccrfc: 0.000000000 0.000000000 1.000000000
J:/crcrccrff: 0.000000000 0.000001034 0.999998966
J:/crcrf: 0.719573137 0.000009977 0.280416885
J:/crcrfcrc: 0.000000000 0.576700203 0.423299797
J:/crcrfcrf: 0.000000000 0.667815540 0.332184460
J:/crcrr: 0.000000000 0.000003207 0.999996793
J:/crfcr: 0.155798813 0.115385507 0.728815680
J:/crfcrcrc: 0.000000000 0.411559506 0.588440494
J:/crfcrcrf: 0.000000000 0.646540288 0.353459712
J:/crffr: 0.000000000 0.469368682 0.530631318
J:/crfrc: 0.012563401 0.549736913 0.437699686
J:/crfrf: 0.005221075 0.354359799 0.640419126
J:/crfrr: 0.000000000 0.331179050 0.668820950
J:/crrcc: 0.107295421 0.372445320 0.520259260
J:/crrcf: 0.407253693 0.200818349 0.391927958
J:/crrcr: 0.000000000 0.340907763 0.659092237
J:/crrfc: 0.000000000 0.240179852 0.759820148
J:/crrff: 0.329763690 0.135389501 0.534846809
J:/crrfr: 0.000000000 0.000000000 1.000000000
J:/crrrc: 0.000000000 0.512372425 0.487627575
J:/crrrf: 0.000000000 0.367320404 0.632679596
J:/r: 0.000000000 0.000148454 0.999851546
J:/rccrc: 0.334235058 0.258221641 0.407543301
J:/rccrccrcc: 0.000000000 0.395254617 0.604745383
J:/rccrccrcf: 0.000000000 0.212482234 0.787517766
J:/rccrccrfc: 0.000000000 0.497172922 0.502827078
J:/rccrccrff: 0.000000000 0.458353480 0.541646520
J:/rccrf: 0.314693091 0.457562362 0.227744548
J:/rccrfcrc: 0.000000000 0.789068628 0.210931372
J:/rccrfcrf: 0.000000000 0.570058592 0.429941408
J:/rccrr: 0.000000000 1.000000000 0.000000000
J:/rcfrc: 0.000000000 0.717912065 0.282087935
J:/rcfrf: 0.949340718 0.030933260 0.019726022
J:/rcfrr: 0.000000000 1.000000000 0.000000000
J:/rcrcc: 0.000333339 0.110081719 0.889584942
J:/rcrcf: 0.048556632 0.486048092 0.465395276
J:/rcrcr: 0.000000000 0.000109488 0.999890512
J:/rcrfc: 0.053214244 0.087800945 0.858984811
J:/rcrff: 0.017438968 0.055171657 0.927389375
J:/rcrfr: 0.000000000 0.076397725 0.923602275
J:/rcrrc: 0.000000000 0.000058851 0.999941149
J:/rcrrf: 0.000000000 0.158487858 0.841512142
J:/rrccr: 0.000000000 0.485647977 0.514352023
J:/rrcfr: 0.000000000 0.242396068 0.757603932
J:/rrcrc: 0.000000000 0.000000000 1.000000000
J:/rrcrf: 0.000000000 0.200883715 0.799116285
J:/rrfcr: 0.000000000 0.000000000 1.000000000
J:/rrffr: 0.000000000 0.754618186 0.245381814
J:/rrfrc: 0.000000000 0.000000000 1.000000000
J:/rrfrf: 0.000000000 0.759882851 0.240117149
J:/rrrcc: 0.000000000 0.435805819 0.564194181
J:/rrrcf: 0.000000000 0.455600856 0.544399144
J:/rrrfc: 0.000000000 0.586626704 0.413373296
J:/rrrff: 0.000000000 0.307816397 0.692183603
K:/c: 0.150999087 0.849000913 0.000000000
K:/cccrc: 0.403288790 0.436172531 0.160538679
K:/cccrccrcc: 0.159742252 0.615487374 0.224770375
K:/cccrccrcf: 0.336330463 0.234815482 0.428854055
K:/cccrccrcr: 0.000000000 0.234638485 0.765361515
K:/cccrccrfc: 0.369960426 0.353280508 0.276759066
K:/cccrccrff: 0.152326412 0.522685232 0.324988356
K:/cccrccrfr: 0.000000000 0.198039643 0.801960357
K:/cccrccrrc: 0.000000000 0.523763287 0.476236713
K:/cccrccrrf: 0.000000000 0.740429700 0.259570300
K:/cccrcrccr: 0.000000000 0.676655995 0.323344005
K:/cccrcrcfr: 0.000000000 0.750868606 0.249131394
K:/cccrcrcrc: 0.000000000 0.811932879 0.188067121
K:/cccrcrcrf: 0.000000000 0.450591702 0.549408298
K:/cccrcrfcr: 0.000000000 0.331872346 0.668127654
K:/cccrcrffr: 0.000000000 0.819333207 0.180666793
K:/cccrcrfrc: 0.000000000 0.389389156 0.610610844
K:/cccrcrfrf: 0.000000000 0.665045074 0.334954926
K:/cccrcrrcc: 0.000000000 0.955120402 0.044879598
K:/cccrcrrcf: 0.000000000 0.885274612 0.114725388
K:/cccrcrrfc: 0.000000000 0.846376009 0.153623991
K:/cccrcrrff: 0.000000000 1.000000000 0.000000000
K:/cccrf: 0.999999316 0.000000048 0.000000636
K:/cccrfcrc: 0.369115469 0.041939872 0.588944659
K:/cccrfcrf: 0.100316586 0.523798824 0.375884590
K:/cccrfcrr: 0.000000000 0.753933862 0.246066138
K:/cccrfrcr: 0.000000000 0.492046981 0.507953019
K:/cccrfrfr: 0.000000000 0.812004297 0.187995703
K:/cccrfrrc: 0.000000000 0.741902044 0.258097956
K:/cccrfrrf: 0.000000000 0.999999282 0.000000718
K:/cccrr: 0.650620386 0.309041046 0.040338568
K:/cccrrccrc: 0.000000000 0.610084075 0.389915925
K:/cccrrccrf: 0.000000000 0.634908367 0.365091633
K:/cccrrcfrc: 0.000000000 0.640302396 0.359697604
K:/cccrrcfrf: 0.000000000 0.493846625 0.506153375
K:/cccrrcrcc: 0.000000000 0.770150680 0.229849320
K:/cccrrcrcf: 0.000000000 0.850524669 0.149475331
K:/cccrrcrfc: 0.000000000 0.930141664 0.069858336
K:/cccrrcrff: 0.000000000 0.378746021 0.621253979
K:/ccrcc: 0.319039048 0.100030809 0.580930143
K:/ccrccrccr: 0.000000000 0.655069435 0.344930565
K:/ccrccrcfr: 0.000000000 0.634395648 0.365604352
K:/ccrccrcrc: 0.000000000 0.821486027 0.178513973
K:/ccrccrcrf: 0.000000000 0.061674670 0.938325330
K:/ccrccrfcr: 0.000000000 0.546385016 0.453614984
K:/ccrccrffr: 0.000000000 0.397746026 0.602253974
K:/ccrccrfrc: 0.000000000 0.580475312 0.419524688
K:/ccrccrfrf: 0.000000000 0.350591962 0.649408038
K:/ccrccrrcc: 0.000000000 0.536939571 0.463060429
K:/ccrccrrcf: 0.000000000 0.887648952 0.112351048
K:/ccrccrrfc: 0.000000000 0.027723999 0.972276001
K:/ccrccrrff: 0.000000000 0.408281880 0.591718120
K:/ccrcf: 0.054935373 0.533680662 0.411383965
K:/ccrcfrcr: 0.000000000 0.396582629 0.603417371
K:/ccrcfrfr: 0.000000000 0.591489469 0.408510531
K:/ccrcfrrc: 0.000000000 0.576330104 0.423669896
K:/ccrcfrrf: 0.000000000 0.419715608 0.580284392
K:/ccrcr: 0.436007192 0.433216544 0.130776264
K:/ccrcrccrc: 0.000000000 0.564944198 0.435055802
K:/ccrcrccrf: 0.000000000 0.203042440 0.796957560
K:/ccrcrcfrc: 0.000000000 0.699618241 0.300381759
K:/ccrcrcfrf: 0.000000000 0.693788207 0.306211793
K:/ccrcrcrcc: 0.000000000 0.613812667 0.386187333
K:/ccrcrcrcf: 0.000000000 0.808786395 0.191213605
K:/ccrcrcrfc: 0.000000000 0.757689302 0.242310698
K:/ccrcrcrff: 0.000000000 0.721741340 0.278258660
K:/ccrfc: 0.000070818 0.349297934 0.650631248
K:/ccrfcrcr: 0.000000000 0.637938780 0.362061220
K:/ccrfcrfr: 0.000000000 1.000000000 0.000000000
K:/ccrfcrrc: 0.000000000 0.888938348 0.111061652
K:/ccrfcrrf: 0.000000000 0.185292769 0.814707231
K:/ccrff: 0.471489578 0.400573733 0.127936689
K:/ccrffrr: 0.000000000 0.808613396 0.191386604
K:/ccrfr: 0.000013157 0.417369187 0.582617656
K:/ccrfrcrc: 0.000000000 0.724086988 0.275913012
K:/ccrfrcrf: 0.000000000 0.341315998 0.658684002
K:/ccrrc: 0.144894343 0.504368308 0.350737349
K:/ccrrccrcc: 0.000000000 0.413033629 0.586966371
K:/ccrrccrcf: 0.000000000 0.643579746 0.356420254
K:/ccrrccrfc: 0.000000000 0.414079154 0.585920846
K:/ccrrccrff: 0.000000000 0.828433046 0.171566954
K:/ccrrf: 0.399265922 0.206646251 0.394087827
K:/ccrrfcrc: 0.000000000 0.324367939 0.675632061
K:/ccrrfcrf: 0.000000000 0.091253136 0.908746864
K:/ccrrr: 0.000000000 0.724124420 0.275875580
K:/crccr: 0.386735345 0.023003008 0.590261647
K:/crccrccrc: 0.000000000 0.920530669 0.079469331
K:/crccrccrf: 0.000000000 0.764409238 0.235590762
K:/crccrcfrc: 0.000000000 0.273338909 0.726661091
K:/crccrcfrf: 0.000000000 0.137861775 0.862138225
K:/crccrcrcc: 0.000000000 0.531729693 0.468270307
K:/crccrcrcf: 0.000000000 0.510477014 0.489522986
K:/crccrcrfc: 0.000000000 0.791457572 0.208542428
K:/crccrcrff: 0.000000000 0.556180892 0.443819108
K:/crcfr: 0.035433794 0.825559305 0.139006901
K:/crcfrcrc: 0.000000000 0.269115906 0.730884094
K:/crcfrcrf: 0.000000000 0.520710484 0.479289516
K:/crcrc: 0.198481934 0.519288132 0.282229933
K:/crcrccrcc: 0.000000000 0.746845290 0.253154710
K:/crcrccrcf: 0.000000000 0.935266958 0.064733042
K:/crcrccrfc: 0.000000000 0.697048637 0.302951363
K:/crcrccrff: 0.000000000 0.746673899 0.253326101
K:/crcrf: 0.411967655 0.000000007 0.588032338
K:/crcrfcrc: 0.000000000 0.483026202 0.516973798
K:/crcrfcrf: 0.000000000 0.696047313 0.303952687
K:/crcrr: 0.000000000 0.594502504 0.405497496
K:/crfcr: 0.643564352 0.172742168 0.183693480
K:/crfcrcrc: 0.000000000 0.389973363 0.610026637
K:/crfcrcrf: 0.000000000 0.233406772 0.766593228
K:/crffr: 0.000000009 0.673021025 0.326978966
K:/crfrc: 0.487218858 0.271981372 0.240799770
K:/crfrf: 0.381577376 0.500883580 0.117539045
K:/crfrr: 0.000000000 0.679088831 0.320911169
K:/crrcc: 0.062400574 0.451641719 0.485957708
K:/crrcf: 0.589724935 0.084187250 0.326087815
K:/crrcr: 0.000000000 0.761655810 0.238344190
K:/crrfc: 0.000000000 0.265239731 0.734760269
K:/crrff: 0.428263729 0.036367651 0.535368620
K:/crrfr: 0.000000000 0.059459771 0.940540229
K:/crrrc: 0.000000000 0.723532730 0.276467270
K:/crrrf: 0.000000000 0.693797511 0.306202489
K:/r: 0.000875638 0.001220685 0.997903677
K:/rccrc: 0.155279731 0.298994969 0.545725300
K:/rccrccrcc: 0.000000000 0.984835694 0.015164306
K:/rccrccrcf: 0.000000000 0.276996851 0.723003149
K:/rccrccrfc: 0.000000000 0.514227943 0.485772057
K:/rccrccrff: 0.000000000 0.534198252 0.465801748
K:/rccrf: 0.285807216 0.079784502 0.634408282
K:/rccrfcrc: 0.000000000 0.546489320 0.453510680
K:/rccrfcrf: 0.000000000 0.142658939 0.857341061
K:/rccrr: 0.000000000 0.803050171 0.196949829
K:/rcfrc: 0.470189611 0.406282465 0.123527924
K:/rcfrf: 0.811366450 0.046016684 0.142616866
K:/rcfrr: 0.000000000 1.000000000 0.000000000
K:/rcrcc: 0.000380944 0.168797531 0.830821524
K:/rcrcf: 0.002994557 0.367905059 0.629100384
K:/rcrcr: 0.000000000 0.000331261 0.999668739
K:/rcrfc: 0.000344737 0.000000000 0.999655263
K:/rcrff: 0.000000000 0.063513814 0.936486186
K:/rcrfr: 0.000000000 0.000235204 0.999764796
K:/rcrrc: 0.000000000 0.000439542 0.999560458
K:/rcrrf: 0.000000000 0.000210682 0.999789318
K:/rrccr: 0.000000000 0.974756816 0.025243184
K:/rrcfr: 0.000000000 0.224909428 0.775090572
K:/rrcrc: 0.000000000 0.840272618 0.159727382
K:/rrcrf: 0.000000000 0.563113005 0.436886995
K:/rrfcr: 0.000000000 0.000000000 1.000000000
K:/rrffr: 0.000000000 0.995853362 0.004146638
K:/rrfrc: 0.000000000 0.000000000 1.000000000
K:/rrfrf: 0.000000000 0.710381312 0.289618688
K:/rrrcc: 0.000000000 0.284915260 0.715084740
K:/rrrcf: 0.000000000 0.168484080 0.831515920
K:/rrrfc: 0.000000000 0.056155080 0.943844920
K:/rrrff: 0.000000000 0.000000000 1.000000000
Q:/c: 0.000688264 0.999311736 0.000000000
Q:/cccrc: 0.000000000 0.658012904 0.341987096
Q:/cccrccrcc: 0.160821853 0.244809047 0.594369100
Q:/cccrccrcf: 0.346224814 0.229390826 0.424384360
Q:/cccrccrcr: 0.000000000 0.047780399 0.952219601
Q:/cccrccrfc: 0.477053932 0.471861788 0.051084280
Q:/cccrccrff: 0.194925869 0.411432084 0.393642047
Q:/cccrccrfr: 0.000000000 0.573854261 0.426145739
Q:/cccrccrrc: 0.000000000 0.517455451 0.482544549
Q:/cccrccrrf: 0.000000000 0.748060765 0.251939235
Q:/cccrcrccr: 0.000000000 0.552983666 0.447016334
Q:/cccrcrcfr: 0.000000000 0.927077785 0.072922215
Q:/cccrcrcrc: 0.000000000 0.359953467 0.640046533
Q:/cccrcrcrf: 0.000000000 0.271806195 0.728193805
Q:/cccrcrfcr: 0.000000000 0.999853970 0.000146030
Q:/cccrcrffr: 0.000000000 0.869893456 0.130106544
Q:/cccrcrfrc: 0.000000000 0.401077527 0.598922473
Q:/cccrcrfrf: 0.000000000 0.272643726 0.727356274
Q:/cccrcrrcc: 0.000000000 0.882040150 0.117959850
Q:/cccrcrrcf: 0.000000000 0.975789249 0.024210751
Q:/cccrcrrfc: 0.000000000 0.366481500 0.633518500
Q:/cccrcrrff: 0.000000000 1.000000000 0.000000000
Q:/cccrf: 0.000000000 0.423246136 0.576753864
Q:/cccrfcrc: 0.236687931 0.410645528 0.352666540
Q:/cccrfcrf: 0.400525257 0.339084807 0.260389937
Q:/cccrfcrr: 0.000000000 0.360323607 0.639676393
Q:/cccrfrcr: 0.000000000 0.635994267 0.364005733
Q:/cccrfrfr: 0.000000000 0.546331424 0.453668576
Q:/cccrfrrc: 0.000000000 0.077858096 0.922141904
Q:/cccrfrrf: 0.000000000 0.563703393 0.436296607
Q:/cccrr: 0.000000000 0.656655772 0.343344228
Q:/cccrrccrc: 0.000000000 0.079388467 0.920611533
Q:/cccrrccrf: 0.000000000 0.417100724 0.582899276
Q:/cccrrcfrc: 0.000000000 0.407887570 0.592112430
Q:/cccrrcfrf: 0.000000000 0.519530451 0.480469549
Q:/cccrrcrcc: 0.000000000 0.564128732 0.435871268
Q:/cccrrcrcf: 0.000000000 0.519553354 0.480446646
Q:/cccrrcrfc: 0.000000000 0.461828288 0.538171712
Q:/cccrrcrff: 0.000000000 0.262373913 0.737626087
Q:/ccrcc: 0.171893078 0.385563830 0.442543092
Q:/ccrccrccr: 0.000000000 0.451354226 0.548645774
Q:/ccrccrcfr: 0.000000000 0.577558421 0.422441579
Q:/ccrccrcrc: 0.000000000 0.317104699 0.682895301
Q:/ccrccrcrf: 0.000000000 0.185557435 0.814442565
Q:/ccrccrfcr: 0.000000000 0.384055890 0.615944110
Q:/ccrccrffr: 0.000000000 0.674671813 0.325328187
Q:/ccrccrfrc: 0.000000000 0.009681391 0.990318609
Q:/ccrccrfrf: 0.000000000 0.644689555 0.355310445
Q:/ccrccrrcc: 0.000000000 0.512784757 0.487215243
Q:/ccrccrrcf: 0.000000000 0.768852016 0.231147984
Q:/ccrccrrfc: 0.000000000 0.789260685 0.210739315
Q:/ccrccrrff: 0.000000000 0.411230685 0.588769315
Q:/ccrcf: 0.019217320 0.552526191 0.428256489
Q:/ccrcfrcr: 0.000000000 0.611450341 0.388549659
Q:/ccrcfrfr: 0.000000000 0.579307009 0.420692991
Q:/ccrcfrrc: 0.000000000 0.446283616 0.553716384
Q:/ccrcfrrf: 0.000000000 0.943002214 0.056997786
Q:/ccrcr: 0.202215606 0.312122272 0.485662122
Q:/ccrcrccrc: 0.000000000 0.508247552 0.491752448
Q:/ccrcrccrf: 0.000000000 0.968733635 0.031266365
Q:/ccrcrcfrc: 0.000000000 0.256709753 0.743290247
Q:/ccrcrcfrf: 0.000000000 0.295234713 0.704765287
Q:/ccrcrcrcc: 0.000000000 0.212469348 0.787530652
Q:/ccrcrcrcf: 0.000000000 0.031594932 0.968405068
Q:/ccrcrcrfc: 0.000000000 0.517622496 0.482377504
Q:/ccrcrcrff: 0.000000000 0.057114407 0.942885593
Q:/ccrfc: 0.000000000 0.000000000 1.000000000
Q:/ccrfcrcr: 0.000000000 0.405739450 0.594260550
Q:/ccrfcrfr: 0.000000000 0.761149924 0.238850076
Q:/ccrfcrrc: 0.000000000 0.000000000 1.000000000
Q:/ccrfcrrf: 0.000000000 0.495203270 0.504796730
Q:/ccrff: 0.273011662 0.549583612 0.177404726
Q:/ccrffrr: 0.000000000 0.350098488 0.649901512
Q:/ccrfr: 0.245677520 0.325286066 0.429036414
Q:/ccrfrcrc: 0.000000000 0.479449490 0.520550510
Q:/ccrfrcrf: 0.000000000 0.550768707 0.449231293
Q:/ccrrc: 0.486207162 0.465167688 0.048625150
Q:/ccrrccrcc: 0.000000000 0.923757211 0.076242789
Q:/ccrrccrcf: 0.000000000 0.727454492 0.272545508
Q:/ccrrccrfc: 0.000000000 0.478958386 0.521041614
Q:/ccrrccrff: 0.000000000 0.359786067 0.640213933
Q:/ccrrf: 0.346997216 0.081068857 0.571933927
Q:/ccrrfcrc: 0.000000000 0.146063069 0.853936931
Q:/ccrrfcrf: 0.000000000 0.434110494 0.565889506
Q:/ccrrr: 0.000000000 0.561371629 0.438628371
Q:/crccr: 0.000000000 0.698215956 0.301784044
Q:/crccrccrc: 0.000000000 0.026024923 0.973975077
Q:/crccrccrf: 0.000000000 0.726093162 0.273906838
Q:/crccrcfrc: 0.000000000 0.655647068 0.344352932
Q:/crccrcfrf: 0.000000000 0.714695665 0.285304335
Q:/crccrcrcc: 0.000000000 0.535271208 0.464728792
Q:/crccrcrcf: 0.000000000 0.363959838 0.636040162
Q:/crccrcrfc: 0.000000000 0.429891332 0.570108668
Q:/crccrcrff: 0.000000000 0.517195658 0.482804342
Q:/crcfr: 0.000000000 0.000000000 1.000000000
Q:/crcfrcrc: 0.000000000 0.487794552 0.512205448
Q:/crcfrcrf: 0.000000000 0.626266474 0.373733526
Q:/crcrc: 0.000000000 0.906059088 0.093940912
Q:/crcrccrcc: 0.000000000 0.667812733 0.332187267
Q:/crcrccrcf: 0.000000000 0.773901211 0.226098789
Q:/crcrccrfc: 0.000000000 0.802644182 0.197355818
Q:/crcrccrff: 0.000000000 0.448220681 0.551779319
Q:/crcrf: 0.855178739 0.000009770 0.144811492
Q:/crcrfcrc: 0.000000000 0.557677946 0.442322054
Q:/crcrfcrf: 0.000000000 0.357747681 0.642252319
Q:/crcrr: 0.000000000 0.830472239 0.169527761
Q:/crfcr: 0.303661173 0.434194386 0.262144441
Q:/crfcrcrc: 0.000000000 0.533642438 0.466357562
Q:/crfcrcrf: 0.000000000 0.556583580 0.443416420
Q:/crffr: 0.408455567 0.144536469 0.447007964
Q:/crfrc: 0.029359910 0.525750162 0.444889928
Q:/crfrf: 0.510790125 0.199072495 0.290137380
Q:/crfrr: 0.000000000 0.602333124 0.397666876
Q:/crrcc: 0.499441805 0.069726289 0.430831905
Q:/crrcf: 0.156917268 0.004847743 0.838234989
Q:/crrcr: 0.000000000 0.409882475 0.590117525
Q:/crrfc: 0.000000000 0.240085855 0.759914145
Q:/crrff: 0.000000000 0.238980100 0.761019900
Q:/crrfr: 0.000000000 0.000000000 1.000000000
Q:/crrrc: 0.000000000 0.629121431 0.370878569
Q:/crrrf: 0.000000000 0.785018081 0.214981919
Q:/r: 0.000000000 0.001274798 0.998725202
Q:/rccrc: 0.000000000 0.411794646 0.588205354
Q:/rccrccrcc: 0.000000000 0.328792398 0.671207602
Q:/rccrccrcf: 0.000000000 0.713396923 0.286603077
Q:/rccrccrfc: 0.000000000 0.233797998 0.766202002
Q:/rccrccrff: 0.000000000 0.399349350 0.600650650
Q:/rccrf: 0.390595357 0.093037817 0.516366826
Q:/rccrfcrc: 0.000000000 0.677388333 0.322611667
Q:/rccrfcrf: 0.000000000 0.372883236 0.627116764
Q:/rccrr: 0.000000000 0.999966952 0.000033048
Q:/rcfrc: 0.289580049 0.418136491 0.292283461
Q:/rcfrf: 0.348980941 0.460033971 0.190985088
Q:/rcfrr: 0.000000000 1.000000000 0.000000000
Q:/rcrcc: 0.000341237 0.077328085 0.922330678
Q:/rcrcf: 0.032806456 0.403543922 0.563649622
Q:/rcrcr: 0.000000000 0.000328153 0.999671847
Q:/rcrfc: 0.000413054 0.019399503 0.980187443
Q:/rcrff: 0.000000000 0.241680159 0.758319841
Q:/rcrfr: 0.000000000 0.025138983 0.974861017
Q:/rcrrc: 0.000000000 0.141516859 0.858483141
Q:/rcrrf: 0.000000000 0.305073636 0.694926364
Q:/rrccr: 0.000000000 0.429911988 0.570088012
Q:/rrcfr: 0.000000000 0.693697170 0.306302830
Q:/rrcrc: 0.000000000 0.153698099 0.846301901
Q:/rrcrf: 0.000000000 0.529024017 0.470975983
Q:/rrfcr: 0.000000000 0.000000000 1.000000000
Q:/rrffr: 0.000000000 0.900304377 0.099695623
Q:/rrfrc: 0.000000000 0.000000000 1.000000000
Q:/rrfrf: 0.000000000 0.212326467 0.787673533
Q:/rrrcc: 0.000000000 0.360290417 0.639709583
Q:/rrrcf: 0.000000000 0.546921997 0.453078003
Q:/rrrfc: 0.000000000 0.138590045 0.861409955
Q:/rrrff: 0.000000000 0.228949391 0.771050609
T:/c: 0.336847899 0.663152101 0.000000000
T:/cccrc: 0.000000000 1.000000000 0.000000000
T:/cccrccrcc: 0.371687031 0.532930062 0.095382907
T:/cccrccrcf: 0.277526238 0.360950304 0.361523458
T:/cccrccrcr: 0.000000000 0.465655117 0.534344883
T:/cccrccrfc: 0.058574712 0.459275514 0.482149774
T:/cccrccrff: 0.519358816 0.211448094 0.269193090
T:/cccrccrfr: 0.000000000 0.466847767 0.533152233
T:/cccrccrrc: 0.000000000 0.288629878 0.711370122
T:/cccrccrrf: 0.000000000 0.721807717 0.278192283
T:/cccrcrccr: 0.000000000 0.937239502 0.062760498
T:/cccrcrcfr: 0.000000000 0.111548472 0.888451528
T:/cccrcrcrc: 0.000000000 0.575860655 0.424139345
T:/cccrcrcrf: 0.000000000 0.375708952 0.624291048
T:/cccrcrfcr: 0.000000000 0.110063099 0.889936901
T:/cccrcrffr: 0.000000000 0.544864896 0.455135104
T:/cccrcrfrc: 0.000000000 0.385517988 0.614482012
T:/cccrcrfrf: 0.000000000 0.474193206 0.525806794
T:/cccrcrrcc: 0.000000000 0.465851978 0.534148022
T:/cccrcrrcf: 0.000000000 0.016897101 0.983102899
T:/cccrcrrfc: 0.000000000 0.066117606 0.933882394
T:/cccrcrrff: 0.000000000 0.008103872 0.991896128
T:/cccrf: 0.000000000 0.528195375 0.471804625
T:/cccrfcrc: 0.338533897 0.239770366 0.421695737
T:/cccrfcrf: 0.431576433 0.489552251 0.078871316
T:/cccrfcrr: 0.000000000 0.312251491 0.687748509
T:/cccrfrcr: 0.000000000 0.639018723 0.360981277
T:/cccrfrfr: 0.000000000 0.473344304 0.526655696
T:/cccrfrrc: 0.000000000 0.390727507 0.609272493
T:/cccrfrrf: 0.000000000 0.117712853 0.882287147
T:/cccrr: 0.000000000 0.076114602 0.923885398
T:/cccrrccrc: 0.000000000 0.080107700 0.919892300
T:/cccrrccrf: 0.000000000 0.557960954 0.442039046
T:/cccrrcfrc: 0.000000000 0.748530587 0.251469413
T:/cccrrcfrf: 0.000000000 0.004172267 0.995827733
T:/cccrrcrcc: 0.000000000 0.222048847 0.777951153
T:/cccrrcrcf: 0.000000000 0.648705041 0.351294959
T:/cccrrcrfc: 0.000000000 0.530312103 0.469687897
T:/cccrrcrff: 0.000000000 0.773935897 0.226064103
T:/ccrcc: 0.000065909 0.537490668 0.462443423
T:/ccrccrccr: 0.000000000 0.693535238 0.306464762
T:/ccrccrcfr: 0.000000000 0.054614149 0.945385851
T:/ccrccrcrc: 0.000000000 0.512784210 0.487215790
T:/ccrccrcrf: 0.000000000 0.551112891 0.448887109
T:/ccrccrfcr: 0.000000000 0.544451622 0.455548378
T:/ccrccrffr: 0.000000000 0.746325489 0.253674511
T:/ccrccrfrc: 0.000000000 0.780636528 0.219363472
T:/ccrccrfrf: 0.000000000 0.883557594 0.116442406
T:/ccrccrrcc: 0.000000000 0.544526432 0.455473568
T:/ccrccrrcf: 0.000000000 0.256800242 0.743199758
T:/ccrccrrfc: 0.000000000 0.726328535 0.273671465
T:/ccrccrrff: 0.000000000 0.259023399 0.740976601
T:/ccrcf: 0.000000000 0.445759565 0.554240435
T:/ccrcfrcr: 0.000000000 0.088789301 0.911210699
T:/ccrcfrfr: 0.000000000 0.331479001 0.668520999
T:/ccrcfrrc: 0.000000000 0.222035457 0.777964543
T:/ccrcfrrf: 0.000000000 0.369589114 0.630410886
T:/ccrcr: 0.483496777 0.049208558 0.467294665
T:/ccrcrccrc: 0.000000000 0.126894089 0.873105911
T:/ccrcrccrf: 0.000000000 0.485359763 0.514640237
T:/ccrcrcfrc: 0.000000000 0.504182976 0.495817024
T:/ccrcrcfrf: 0.000000000 0.888140932 0.111859068
T:/ccrcrcrcc: 0.000000000 0.372842109 0.627157891
T:/ccrcrcrcf: 0.000000000 0.031128395 0.968871605
T:/ccrcrcrfc: 0.000000000 0.555511367 0.444488633
T:/ccrcrcrff: 0.000000000 0.393361895 0.606638105
T:/ccrfc: 0.000000000 0.000000000 1.000000000
T:/ccrfcrcr: 0.000000000 0.516180923 0.483819077
T:/ccrfcrfr: 0.000000000 0.452726812 0.547273188
T:/ccrfcrrc: 0.000000000 0.000000000 1.000000000
T:/ccrfcrrf: 0.000000000 0.399604648 0.600395352
T:/ccrff: 0.266767738 0.291114791 0.442117472
T:/ccrffrr: 0.000000000 0.659091374 0.340908626
T:/ccrfr: 0.000000000 0.000000000 1.000000000
T:/ccrfrcrc: 0.000000000 0.487066631 0.512933369
T:/ccrfrcrf: 0.000000000 0.384863114 0.615136886
T:/ccrrc: 0.420015804 0.277403717 0.302580479
T:/ccrrccrcc: 0.000000000 0.241248726 0.758751274
T:/ccrrccrcf: 0.000000000 0.489199596 0.510800404
T:/ccrrccrfc: 0.000000000 0.766883563 0.233116437
T:/ccrrccrff: 0.000000000 0.386956592 0.613043408
T:/ccrrf: 0.243371615 0.036084436 0.720543948
T:/ccrrfcrc: 0.000000000 0.879344403 0.120655597
T:/ccrrfcrf: 0.000000000 0.940297738 0.059702262
T:/ccrrr: 0.000000000 0.408346361 0.591653639
T:/crccr: 0.154813542 0.352816394 0.492370065
T:/crccrccrc: 0.000000000 0.561153192 0.438846808
T:/crccrccrf: 0.000000000 0.525122323 0.474877677
T:/crccrcfrc: 0.000000000 0.162868655 0.837131345
T:/crccrcfrf: 0.000000000 0.448015208 0.551984792
T:/crccrcrcc: 0.000000000 0.316501018 0.683498982
T:/crccrcrcf: 0.000000000 0.506487214 0.493512786
T:/crccrcrfc: 0.000000000 0.405903326 0.594096674
T:/crccrcrff: 0.000000000 0.992904217 0.007095783
T:/crcfr: 0.000000000 0.000000000 1.000000000
T:/crcfrcrc: 0.000000000 0.023561135 0.976438865
T:/crcfrcrf: 0.000000000 0.015151867 0.984848133
T:/crcrc: 0.000020534 0.513174140 0.486805326
T:/crcrccrcc: 0.000000000 0.151713742 0.848286258
T:/crcrccrcf: 0.000000000 0.078721290 0.921278710
T:/crcrccrfc: 0.000000000 0.732153295 0.267846705
T:/crcrccrff: 0.000000000 0.383604940 0.616395060
T:/crcrf: 0.999998924 0.000000302 0.000000774
T:/crcrfcrc: 0.000000000 0.199670454 0.800329546
T:/crcrfcrf: 0.000000000 0.709075513 0.290924487
T:/crcrr: 0.000000000 0.000000031 0.999999969
T:/crfcr: 0.332515531 0.000021727 0.667462742
T:/crfcrcrc: 0.000000000 0.573909000 0.426091000
T:/crfcrcrf: 0.000000000 0.334080549 0.665919451
T:/crffr: 0.000000000 0.223880829 0.776119171
T:/crfrc: 0.012636306 0.568029635 0.419334059
T:/crfrf: 0.400746001 0.191921622 0.407332377
T:/crfrr: 0.000000000 0.165402913 0.834597087
T:/crrcc: 0.010385301 0.815437933 0.174176766
T:/crrcf: 0.262870629 0.469397112 0.267732259
T:/crrcr: 0.000000000 0.862158644 0.137841356
T:/crrfc: 0.020383183 0.479970776 0.499646041
T:/crrff: 0.000000000 0.015000261 0.984999739
T:/crrfr: 0.000000000 0.000000000 1.000000000
T:/crrrc: 0.000000000 0.407863846 0.592136154
T:/crrrf: 0.000000000 0.955616410 0.044383590
T:/r: 0.000000000 0.000000000 1.000000000
T:/rccrc: 0.000000000 0.376190592 0.623809408
T:/rccrccrcc: 0.000000000 0.455734788 0.544265212
T:/rccrccrcf: 0.000000000 0.462589335 0.537410665
T:/rccrccrfc: 0.000000000 0.855120946 0.144879054
T:/rccrccrff: 0.000000000 0.408069696 0.591930304
T:/rccrf: 0.281842336 0.000012962 0.718144702
T:/rccrfcrc: 0.000000000 0.368124491 0.631875509
T:/rccrfcrf: 0.000000000 0.471446858 0.528553142
T:/rccrr: 0.000000000 0.891963255 0.108036745
T:/rcfrc: 0.393626047 0.296953401 0.309420552
T:/rcfrf: 0.358576297 0.289613411 0.351810292
T:/rcfrr: 0.000000000 1.000000000 0.000000000
T:/rcrcc: 0.109516260 0.153461177 0.737022562
T:/rcrcf: 0.000000000 0.088011677 0.911988323
T:/rcrcr: 0.000000000 0.000002203 0.999997797
T:/rcrfc: 0.000065320 0.263288962 0.736645718
T:/rcrff: 0.004293464 0.182912928 0.812793608
T:/rcrfr: 0.000000000 0.000000000 1.000000000
T:/rcrrc: 0.000000000 0.000065255 0.999934745
T:/rcrrf: 0.000000000 0.052125287 0.947874713
T:/rrccr: 0.000000000 0.587066197 0.412933803
T:/rrcfr: 0.000000000 0.536456223 0.463543777
T:/rrcrc: 0.000000000 0.000000000 1.000000000
T:/rrcrf: 0.000000000 0.785103260 0.214896740
T:/rrfcr: 0.000000000 0.000000000 1.000000000
T:/rrffr: 0.000000000 0.236540150 0.763459850
T:/rrfrc: 0.000000000 0.000000000 1.000000000
T:/rrfrf: 0.000000000 0.859095199 0.140904801
T:/rrrcc: 0.000000000 0.226628363 0.773371637
T:/rrrcf: 0.000000000 0.001964448 0.998035552
T:/rrrfc: 0.000000000 0.072318811 0.927681189
T:/rrrff: 0.000000000 0.191090977 0.808909023
