A:/cc: 0.000176884 0.999823116 0.000000000
A:/cccrcc: 0.018135262 0.586808656 0.395056082
A:/cccrccrccr: 0.000000000 0.645470053 0.354529947
A:/cccrccrcfr: 0.000000000 0.729796542 0.270203458
A:/cccrccrcrc: 0.000000000 0.935829128 0.064170872
A:/cccrccrcrf: 0.000000000 0.490937265 0.509062735
A:/cccrccrfcr: 0.000000000 0.594772033 0.405227967
A:/cccrccrffr: 0.000000000 0.525710288 0.474289712
A:/cccrccrfrc: 0.000000000 0.845827095 0.154172905
A:/cccrccrfrf: 0.000000000 0.354841408 0.645158592
A:/cccrccrrcc: 0.000000000 0.802137545 0.197862455
A:/cccrccrrcf: 0.000000000 0.668285994 0.331714006
A:/cccrccrrfc: 0.000000000 0.542112876 0.457887124
A:/cccrccrrff: 0.000000000 0.652825314 0.347174686
A:/cccrcf: 0.159239952 0.734620452 0.106139596
A:/cccrcfrcr: 0.000000000 0.940666244 0.059333756
A:/cccrcfrfr: 0.000000000 0.606612093 0.393387907
A:/cccrcfrrc: 0.000000000 0.974991769 0.025008231
A:/cccrcfrrf: 0.000000000 0.979600916 0.020399084
A:/cccrcr: 0.235238804 0.762833768 0.001927427
A:/cccrcrccrc: 0.000000000 0.258258337 0.741741663
A:/cccrcrccrf: 0.000000000 0.547441828 0.452558172
A:/cccrcrcfrc: 0.000000000 0.477826887 0.522173113
A:/cccrcrcfrf: 0.000000000 0.465981385 0.534018615
A:/cccrcrcrcc: 0.000000000 0.208547487 0.791452513
A:/cccrcrcrcf: 0.000000000 0.310856245 0.689143755
A:/cccrcrcrfc: 0.000000000 0.484445609 0.515554391
A:/cccrcrcrff: 0.000000000 0.516971117 0.483028883
A:/cccrfc: 0.272139277 0.343424321 0.384436402
A:/cccrfcrcr: 0.000000000 0.472488698 0.527511302
A:/cccrfcrfr: 0.000000000 0.622741802 0.377258198
A:/cccrfcrrc: 0.000000000 0.943915979 0.056084021
A:/cccrfcrrf: 0.000000000 0.691879450 0.308120550
A:/cccrff: 0.917613097 0.048084488 0.034302415
A:/cccrffrr: 0.000000000 0.888070900 0.111929100
A:/cccrfr: 0.000074595 0.390963997 0.608961407
A:/cccrfrcrc: 0.000000000 0.339199176 0.660800824
A:/cccrfrcrf: 0.000000000 0.474047269 0.525952731
A:/cccrrc: 0.762388371 0.119776874 0.117834755
A:/cccrrccrcc: 0.000000000 0.791393390 0.208606610
A:/cccrrccrcf: 0.000000000 0.346269388 0.653730612
A:/cccrrccrfc: 0.000000000 0.449023648 0.550976352
A:/cccrrccrff: 0.000000000 0.884823955 0.115176045
A:/cccrrf: 0.626454080 0.343629553 0.029916367
A:/cccrrfcrc: 0.000000000 0.795343065 0.204656935
A:/cccrrfcrf: 0.000000000 0.455606497 0.544393503
A:/cccrrr: 0.000000000 0.935434702 0.064565298
A:/ccrccr: 0.644894666 0.312408952 0.042696382
A:/ccrccrccrc: 0.000000000 0.006121941 0.993878059
A:/ccrccrccrf: 0.000000000 0.208118227 0.791881773
A:/ccrccrcfrc: 0.000000000 0.509654838 0.490345162
A:/ccrccrcfrf: 0.000000000 0.477646116 0.522353884
A:/ccrccrcrcc: 0.000000000 0.625217166 0.374782834
A:/ccrccrcrcf: 0.000000000 0.866584568 0.133415432
A:/ccrccrcrfc: 0.000000000 0.371130116 0.628869884
A:/ccrccrcrff: 0.000000000 0.880424141 0.119575859
A:/ccrcfr: 0.482996482 0.502865835 0.014137683
A:/ccrcfrcrc: 0.000000000 0.416992790 0.583007210
A:/ccrcfrcrf: 0.000000000 0.745106407 0.254893593
A:/ccrcrc: 0.153881723 0.346101923 0.500016354
A:/ccrcrccrcc: 0.000000000 0.618145004 0.381854996
A:/ccrcrccrcf: 0.000000000 0.604208222 0.395791778
A:/ccrcrccrfc: 0.000000000 0.537891774 0.462108226
A:/ccrcrccrff: 0.000000000 0.098819660 0.901180340
A:/ccrcrf: 0.328634200 0.122929416 0.548436384
A:/ccrcrfcrc: 0.000000000 0.611751296 0.388248704
A:/ccrcrfcrf: 0.000000000 0.615973882 0.384026118
A:/ccrcrr: 0.000000000 0.583297336 0.416702664
A:/ccrfcr: 0.651552423 0.348447577 0.000000000
A:/ccrfcrcrc: 0.000000000 0.416413772 0.583586228
A:/ccrfcrcrf: 0.000000000 0.416799006 0.583200994
A:/ccrffr: 0.000000000 0.000000000 1.000000000
A:/ccrfrc: 0.006674262 0.471172350 0.522153388
A:/ccrfrf: 0.202594626 0.469880065 0.327525309
A:/ccrfrr: 0.000000000 0.609119355 0.390880645
A:/ccrrcc: 0.576080238 0.206531077 0.217388685
A:/ccrrcf: 0.300266269 0.364399298 0.335334432
A:/ccrrcr: 0.000000000 0.679507948 0.320492052
A:/ccrrfc: 0.281948478 0.718051518 0.000000004
A:/ccrrff: 0.374525281 0.625474690 0.000000029
A:/ccrrfr: 0.000000000 0.999999985 0.000000015
A:/ccrrrc: 0.000000000 0.999668606 0.000331394
A:/ccrrrf: 0.000000000 0.863596497 0.136403503
A:/cr: 0.001326329 0.213120006 0.785553665
A:/crccrc: 0.178566057 0.475028383 0.346405561
A:/crccrccrcc: 0.000000000 0.587006546 0.412993454
A:/crccrccrcf: 0.000000000 0.469845137 0.530154863
A:/crccrccrfc: 0.000000000 0.619195214 0.380804786
A:/crccrccrff: 0.000000000 0.438022366 0.561977634
A:/crccrf: 0.035349066 0.163431173 0.801219761
A:/crccrfcrc: 0.000000000 0.267363312 0.732636688
A:/crccrfcrf: 0.000000000 0.383355495 0.616644505
A:/crccrr: 0.000000000 0.509150462 0.490849538
A:/crcfrc: 0.556193983 0.109278200 0.334527818
A:/crcfrf: 0.490354017 0.053056259 0.456589724
A:/crcfrr: 0.000000000 0.141805029 0.858194971
A:/crcrcc: 0.652517637 0.010544231 0.336938132
A:/crcrcf: 0.335382339 0.376977659 0.287640001
A:/crcrcr: 0.000000000 0.436974600 0.563025400
A:/crcrfc: 0.522309995 0.052772039 0.424917966
A:/crcrff: 0.615716167 0.201566659 0.182717175
A:/crcrfr: 0.000000000 0.095471161 0.904528839
A:/crcrrc: 0.000000000 0.428819537 0.571180463
A:/crcrrf: 0.000000000 0.170495740 0.829504260
A:/crrccr: 0.000000000 0.737254348 0.262745652
A:/crrcfr: 0.000000000 0.515320080 0.484679920
A:/crrcrc: 0.000000000 0.547194788 0.452805212
A:/crrcrf: 0.000000000 0.459360657 0.540639343
A:/crrfcr: 0.000000000 0.994732683 0.005267317
A:/crrffr: 0.000000000 0.917175508 0.082824492
A:/crrfrc: 0.000000000 0.440826821 0.559173179
A:/crrfrf: 0.000000000 0.140556999 0.859443001
A:/crrrcc: 0.000000000 0.426081210 0.573918790
A:/crrrcf: 0.000000000 0.658550588 0.341449412
A:/crrrfc: 0.000000000 0.186864331 0.813135669
A:/crrrff: 0.000000000 0.642130129 0.357869871
A:/rc: 0.000000000 0.999999259 0.000000741
A:/rccrcc: 0.693634766 0.050579624 0.255785610
A:/rccrcf: 0.543222135 0.417363130 0.039414735
A:/rccrcr: 0.000000000 0.546399095 0.453600905
A:/rccrfc: 0.351399968 0.418461066 0.230138966
A:/rccrff: 0.456998018 0.419456777 0.123545205
A:/rccrfr: 0.000000000 0.695299270 0.304700730
A:/rccrrc: 0.000000000 0.993324118 0.006675882
A:/rccrrf: 0.000000000 0.999999930 0.000000070
A:/rcrccr: 0.000000000 0.994262091 0.005737909
A:/rcrcfr: 0.000000000 0.714932313 0.285067687
A:/rcrcrc: 0.000000000 1.000000000 0.000000000
A:/rcrcrf: 0.000000000 0.724976797 0.275023203
A:/rcrfcr: 0.000000000 0.891286664 0.108713336
A:/rcrffr: 0.000000000 0.927257869 0.072742131
A:/rcrfrc: 0.000000000 0.932591883 0.067408117
A:/rcrfrf: 0.000000000 0.215556143 0.784443857
A:/rcrrcc: 0.000000000 0.999999939 0.000000061
A:/rcrrcf: 0.000000000 0.999999027 0.000000973
A:/rcrrfc: 0.000000000 0.569025688 0.430974312
A:/rcrrff: 0.000000000 0.669378229 0.330621771
A:/rf: 0.787432965 0.212567035 0.000000000
A:/rfcrc: 0.457043345 0.542956655 0.000000000
A:/rfcrf: 0.581140744 0.409102575 0.009756680
A:/rfcrr: 0.000000000 0.939662701 0.060337299
A:/rfrcr: 0.000000000 0.474539211 0.525460789
A:/rfrfr: 0.000000000 0.414035946 0.585964054
A:/rfrrc: 0.000000000 0.364874908 0.635125092
A:/rfrrf: 0.000000000 0.973308373 0.026691627
A:/rr: 0.727675867 0.272323440 0.000000693
A:/rrccrc: 0.000000000 0.470507343 0.529492657
A:/rrccrf: 0.000000000 0.490786577 0.509213423
A:/rrcfrc: 0.000000000 0.654687391 0.345312609
A:/rrcfrf: 0.000000000 0.561655930 0.438344070
A:/rrcrcc: 0.000000000 0.872373991 0.127626009
A:/rrcrcf: 0.000000000 0.999999956 0.000000044
A:/rrcrfc: 0.000000000 0.966341590 0.033658410
A:/rrcrff: 0.000000000 0.770586543 0.229413457
J:/cc: 0.000000000 1.000000000 0.000000000
J:/cccrcc: 0.000000000 0.000026260 0.999973740
J:/cccrccrccr: 0.000000000 0.444101232 0.555898768
J:/cccrccrcfr: 0.000000000 0.173124385 0.826875615
J:/cccrccrcrc: 0.000000000 0.435054715 0.564945285
J:/cccrccrcrf: 0.000000000 0.275305225 0.724694775
J:/cccrccrfcr: 0.000000000 0.526776609 0.473223391
J:/cccrccrffr: 0.000000000 0.873480486 0.126519514
J:/cccrccrfrc: 0.000000000 0.437990017 0.562009983
J:/cccrccrfrf: 0.000000000 0.495661721 0.504338279
J:/cccrccrrcc: 0.000000000 0.498603193 0.501396807
J:/cccrccrrcf: 0.000000000 0.437039264 0.562960736
J:/cccrccrrfc: 0.000000000 0.092322969 0.907677031
J:/cccrccrrff: 0.000000000 0.623199300 0.376800700
J:/cccrcf: 0.000000000 0.000000000 1.000000000
J:/cccrcfrcr: 0.000000000 0.596874669 0.403125331
J:/cccrcfrfr: 0.000000000 0.502186456 0.497813544
J:/cccrcfrrc: 0.000000000 0.738612527 0.261387473
J:/cccrcfrrf: 0.000000000 0.339306742 0.660693258
J:/cccrcr: 0.795617111 0.014872103 0.189510786
J:/cccrcrccrc: 0.000000000 0.400232902 0.599767098
J:/cccrcrccrf: 0.000000000 0.626554207 0.373445793
J:/cccrcrcfrc: 0.000000000 0.047780013 0.952219987
J:/cccrcrcfrf: 0.000000000 0.882736224 0.117263776
J:/cccrcrcrcc: 0.000000000 0.902838496 0.097161504
J:/cccrcrcrcf: 0.000000000 0.292012589 0.707987411
J:/cccrcrcrfc: 0.000000000 0.280479312 0.719520688
J:/cccrcrcrff: 0.000000000 0.419807393 0.580192607
J:/cccrfc: 0.363081157 0.209033642 0.427885201
J:/cccrfcrcr: 0.000000000 0.543946540 0.456053460
J:/cccrfcrfr: 0.000000000 0.718704114 0.281295886
J:/cccrfcrrc: 0.000000000 0.647806164 0.352193836
J:/cccrfcrrf: 0.000000000 0.907278968 0.092721032
J:/cccrff: 0.280898889 0.374796688 0.344304422
J:/cccrffrr: 0.000000000 0.186586052 0.813413948
J:/cccrfr: 0.396700352 0.477538974 0.125760674
J:/cccrfrcrc: 0.000000000 0.590842314 0.409157686
J:/cccrfrcrf: 0.000000000 0.549639075 0.450360925
J:/cccrrc: 0.083438950 0.468474808 0.448086242
J:/cccrrccrcc: 0.000000000 0.788539081 0.211460919
J:/cccrrccrcf: 0.000000000 0.860445906 0.139554094
J:/cccrrccrfc: 0.000000000 0.743592582 0.256407418
J:/cccrrccrff: 0.000000000 0.806880334 0.193119666
J:/cccrrf: 0.233418094 0.180803646 0.585778259
J:/cccrrfcrc: 0.000000000 0.607182557 0.392817443
J:/cccrrfcrf: 0.000000000 0.552948534 0.447051466
J:/cccrrr: 0.000000000 0.506413806 0.493586194
J:/ccrccr: 0.404876285 0.442736859 0.152386856
J:/ccrccrccrc: 0.000000000 0.187616584 0.812383416
J:/ccrccrccrf: 0.000000000 0.413628632 0.586371368
J:/ccrccrcfrc: 0.000000000 0.576172875 0.423827125
J:/ccrccrcfrf: 0.000000000 0.009591249 0.990408751
J:/ccrccrcrcc: 0.000000000 0.750863939 0.249136061
J:/ccrccrcrcf: 0.000000000 0.787544334 0.212455666
J:/ccrccrcrfc: 0.000000000 0.398675643 0.601324357
J:/ccrccrcrff: 0.000000000 0.321734034 0.678265966
J:/ccrcfr: 0.322187121 0.071253235 0.606559644
J:/ccrcfrcrc: 0.000000000 0.695608366 0.304391634
J:/ccrcfrcrf: 0.000000000 0.834897199 0.165102801
J:/ccrcrc: 0.017334453 0.769936619 0.212728928
J:/ccrcrccrcc: 0.000000000 0.500528208 0.499471792
J:/ccrcrccrcf: 0.000000000 0.727721429 0.272278571
J:/ccrcrccrfc: 0.000000000 0.511855586 0.488144414
J:/ccrcrccrff: 0.000000000 0.535139947 0.464860053
J:/ccrcrf: 0.547874865 0.419582540 0.032542595
J:/ccrcrfcrc: 0.000000000 0.317947168 0.682052832
J:/ccrcrfcrf: 0.000000000 0.503065556 0.496934444
J:/ccrcrr: 0.000000000 0.575976433 0.424023567
J:/ccrfcr: 0.548514641 0.041003804 0.410481554
J:/ccrfcrcrc: 0.000000000 0.853727868 0.146272132
J:/ccrfcrcrf: 0.000000000 0.520563761 0.479436239
J:/ccrffr: 0.375246009 0.098011064 0.526742927
J:/ccrfrc: 1.000000000 0.000000000 0.000000000
J:/ccrfrf: 0.435727146 0.316425235 0.247847619
J:/ccrfrr: 0.000000000 1.000000000 0.000000000
J:/ccrrcc: 0.000000923 0.299936304 0.700062773
J:/ccrrcf: 0.477853525 0.420789433 0.101357041
J:/ccrrcr: 0.000000000 0.528336172 0.471663828
J:/ccrrfc: 0.124127278 0.269206837 0.606665886
J:/ccrrff: 0.000000000 0.101425890 0.898574110
J:/ccrrfr: 0.000000000 0.075217903 0.924782097
J:/ccrrrc: 0.000000000 0.000151417 0.999848583
J:/ccrrrf: 0.000000000 0.188921522 0.811078478
J:/cr: 0.000282360 0.000167808 0.999549832
J:/crccrc: 0.312440787 0.065985890 0.621573323
J:/crccrccrcc: 0.000000000 0.125094921 0.874905079
J:/crccrccrcf: 0.000000000 0.825964382 0.174035618
J:/crccrccrfc: 0.000000000 0.199145296 0.800854704
J:/crccrccrff: 0.000000000 0.699069775 0.300930225
J:/crccrf: 0.520552944 0.159263764 0.320183292
J:/crccrfcrc: 0.000000000 0.976928173 0.023071827
J:/crccrfcrf: 0.000000000 0.194879741 0.805120259
J:/crccrr: 0.000000000 0.630948550 0.369051450
J:/crcfrc: 0.111942089 0.526995165 0.361062746
J:/crcfrf: 0.308018552 0.236230783 0.455750665
J:/crcfrr: 0.000000000 0.764256881 0.235743119
J:/crcrcc: 0.098908828 0.293634659 0.607456514
J:/crcrcf: 0.000073431 0.527429401 0.472497168
J:/crcrcr: 0.000000000 0.000000000 1.000000000
J:/crcrfc: 0.013855986 0.656588302 0.329555712
J:/crcrff: 0.760176740 0.174936464 0.064886796
J:/crcrfr: 0.000000000 0.206152399 0.793847601
J:/crcrrc: 0.000000000 0.172392044 0.827607956
J:/crcrrf: 0.000000000 0.176187019 0.823812981
J:/crrccr: 0.000000000 0.569964399 0.430035601
J:/crrcfr: 0.000000000 0.740461763 0.259538237
J:/crrcrc: 0.000000000 0.553111968 0.446888032
J:/crrcrf: 0.000000000 0.807706289 0.192293711
J:/crrfcr: 0.000000000 0.036888477 0.963111523
J:/crrffr: 0.000000000 0.571773815 0.428226185
J:/crrfrc: 0.000000000 0.000000000 1.000000000
J:/crrfrf: 0.000000000 0.510821495 0.489178505
J:/crrrcc: 0.000000000 0.060958349 0.939041651
J:/crrrcf: 0.000000000 0.136930620 0.863069380
J:/crrrfc: 0.000000000 0.333544562 0.666455438
J:/crrrff: 0.000000000 0.452690465 0.547309535
J:/rc: 0.000000628 0.000000000 0.999999372
J:/rccrcc: 0.709398701 0.127292805 0.163308495
J:/rccrcf: 0.364963491 0.584923555 0.050112955
J:/rccrcr: 0.000000000 0.000000699 0.999999301
J:/rccrfc: 0.462772964 0.335598113 0.201628923
J:/rccrff: 0.433176804 0.380612961 0.186210235
J:/rccrfr: 0.000000000 0.026995310 0.973004690
J:/rccrrc: 0.000000000 0.896652972 0.103347028
J:/rccrrf: 0.000000000 0.712166179 0.287833821
J:/rcrccr: 0.000000000 0.168225012 0.831774988
J:/rcrcfr: 0.000000000 0.325873714 0.674126286
J:/rcrcrc: 0.000000000 0.273225667 0.726774333
J:/rcrcrf: 0.000000000 0.719572873 0.280427127
J:/rcrfcr: 0.000000000 0.630866598 0.369133402
J:/rcrffr: 0.000000000 0.000047167 0.999952833
J:/rcrfrc: 0.000000000 0.652274362 0.347725638
J:/rcrfrf: 0.000000000 0.625805820 0.374194180
J:/rcrrcc: 0.000000000 0.437133201 0.562866799
J:/rcrrcf: 0.000000000 0.487521749 0.512478251
J:/rcrrfc: 0.000000000 0.320311495 0.679688505
J:/rcrrff: 0.000000000 0.232531822 0.767468178
J:/rf: 0.780736079 0.000000000 0.219263921
J:/rfcrc: 0.000230016 0.000000000 0.999769984
J:/rfcrf: 0.402415653 0.000000000 0.597584347
J:/rfcrr: 0.000000000 0.284759059 0.715240941
J:/rfrcr: 0.000000000 0.688284783 0.311715217
J:/rfrfr: 0.000000000 0.776586826 0.223413174
J:/rfrrc: 0.000000000 0.509662108 0.490337892
J:/rfrrf: 0.000000000 0.000000000 1.000000000
J:/rr: 0.000000000 0.000000000 1.000000000
J:/rrccrc: 0.000000000 0.149265914 0.850734086
J:/rrccrf: 0.000000000 0.486620019 0.513379981
J:/rrcfrc: 0.000000000 0.000000000 1.000000000
J:/rrcfrf: 0.000000000 0.661467360 0.338532640
J:/rrcrcc: 0.000000000 0.075596521 0.924403479
J:/rrcrcf: 0.000000000 0.474301103 0.525698897
J:/rrcrfc: 0.000000000 0.263413473 0.736586527
J:/rrcrff: 0.000000000 0.238335370 0.761664630
K:/cc: 0.000000000 1.000000000 0.000000000
K:/cccrcc: 0.565520959 0.434478978 0.000000063
K:/cccrccrccr: 0.000000000 0.214098640 0.785901360
K:/cccrccrcfr: 0.000000000 0.434662566 0.565337434
K:/cccrccrcrc: 0.000000000 0.440992024 0.559007976
K:/cccrccrcrf: 0.000000000 0.139436117 0.860563883
K:/cccrccrfcr: 0.000000000 0.595285795 0.404714205
K:/cccrccrffr: 0.000000000 0.421422058 0.578577942
K:/cccrccrfrc: 0.000000000 0.669330366 0.330669634
K:/cccrccrfrf: 0.000000000 0.831918659 0.168081341
K:/cccrccrrcc: 0.000000000 0.373134768 0.626865232
K:/cccrccrrcf: 0.000000000 0.102885805 0.897114195
K:/cccrccrrfc: 0.000000000 0.198824341 0.801175659
K:/cccrccrrff: 0.000000000 0.520115122 0.479884878
K:/cccrcf: 0.189654234 0.575057286 0.235288479
K:/cccrcfrcr: 0.000000000 0.508742172 0.491257828
K:/cccrcfrfr: 0.000000000 0.109586172 0.890413828
K:/cccrcfrrc: 0.000000000 0.496071081 0.503928919
K:/cccrcfrrf: 0.000000000 0.518673160 0.481326840
K:/cccrcr: 0.000000000 0.481398570 0.518601430
K:/cccrcrccrc: 0.000000000 0.745569629 0.254430371
K:/cccrcrccrf: 0.000000000 0.510112438 0.489887562
K:/cccrcrcfrc: 0.000000000 0.555252804 0.444747196
K:/cccrcrcfrf: 0.000000000 0.460243629 0.539756371
K:/cccrcrcrcc: 0.000000000 0.349547208 0.650452792
K:/cccrcrcrcf: 0.000000000 0.619158083 0.380841917
K:/cccrcrcrfc: 0.000000000 0.364507646 0.635492354
K:/cccrcrcrff: 0.000000000 0.586302034 0.413697966
K:/cccrfc: 0.659257795 0.000000000 0.340742205
K:/cccrfcrcr: 0.000000000 0.547391592 0.452608408
K:/cccrfcrfr: 0.000000000 0.287615048 0.712384952
K:/cccrfcrrc: 0.000000000 0.439017799 0.560982201
K:/cccrfcrrf: 0.000000000 0.104121226 0.895878774
K:/cccrff: 0.502599077 0.411685301 0.085715622
K:/cccrffrr: 0.000000000 0.961596986 0.038403014
K:/cccrfr: 0.204613208 0.373623995 0.421762796
K:/cccrfrcrc: 0.000000000 0.272884569 0.727115431
K:/cccrfrcrf: 0.000000000 0.568838760 0.431161240
K:/cccrrc: 0.342475235 0.283490293 0.374034472
K:/cccrrccrcc: 0.000000000 0.570777268 0.429222732
K:/cccrrccrcf: 0.000000000 0.841162667 0.158837333
K:/cccrrccrfc: 0.000000000 0.728594341 0.271405659
K:/cccrrccrff: 0.000000000 0.660812459 0.339187541
K:/cccrrf: 0.546258453 0.201989576 0.251751971
K:/cccrrfcrc: 0.000000000 0.187724227 0.812275773
K:/cccrrfcrf: 0.000000000 0.313068939 0.686931061
K:/cccrrr: 0.000000000 0.671441064 0.328558936
K:/ccrccr: 0.242574237 0.121908891 0.635516872
K:/ccrccrccrc: 0.000000000 0.551671028 0.448328972
K:/ccrccrccrf: 0.000000000 0.698933268 0.301066732
K:/ccrccrcfrc: 0.000000000 0.066074713 0.933925287
K:/ccrccrcfrf: 0.000000000 0.781646156 0.218353844
K:/ccrccrcrcc: 0.000000000 0.260600572 0.739399428
K:/ccrccrcrcf: 0.000000000 0.754957953 0.245042047
K:/ccrccrcrfc: 0.000000000 0.291960477 0.708039523
K:/ccrccrcrff: 0.000000000 0.531949988 0.468050012
K:/ccrcfr: 0.273014047 0.643768627 0.083217326
K:/ccrcfrcrc: 0.000000000 0.538783294 0.461216706
K:/ccrcfrcrf: 0.000000000 0.383244612 0.616755388
K:/ccrcrc: 0.154123319 0.452599081 0.393277600
K:/ccrcrccrcc: 0.000000000 0.820079194 0.179920806
K:/ccrcrccrcf: 0.000000000 0.589518109 0.410481891
K:/ccrcrccrfc: 0.000000000 0.756198958 0.243801042
K:/ccrcrccrff: 0.000000000 0.205070398 0.794929602
K:/ccrcrf: 0.100075962 0.625654482 0.274269555
K:/ccrcrfcrc: 0.000000000 0.892617804 0.107382196
K:/ccrcrfcrf: 0.000000000 0.851869656 0.148130344
K:/ccrcrr: 0.000000000 0.361009260 0.638990740
K:/ccrfcr: 0.429401053 0.432454300 0.138144647
K:/ccrfcrcrc: 0.000000000 0.527041448 0.472958552
K:/ccrfcrcrf: 0.000000000 0.544101275 0.455898725
K:/ccrffr: 0.462718047 0.326545288 0.210736665
K:/ccrfrc: 0.505043788 0.000000000 0.494956212
K:/ccrfrf: 0.298928344 0.602873408 0.098198248
K:/ccrfrr: 0.000000000 0.273174539 0.726825461
K:/ccrrcc: 0.194743100 0.313660273 0.491596628
K:/ccrrcf: 0.444441446 0.260951518 0.294607037
K:/ccrrcr: 0.000000000 0.397787350 0.602212650
K:/ccrrfc: 0.594784070 0.107244858 0.297971071
K:/ccrrff: 0.000000000 0.583171179 0.416828821
K:/ccrrfr: 0.000000000 0.785568873 0.214431127
K:/ccrrrc: 0.000000000 0.666819867 0.333180133
K:/ccrrrf: 0.000000000 0.520802357 0.479197643
K:/cr: 0.000000000 0.999999258 0.000000742
K:/crccrc: 0.327219078 0.299860526 0.372920396
K:/crccrccrcc: 0.000000000 0.364138976 0.635861024
K:/crccrccrcf: 0.000000000 0.365262404 0.634737596
K:/crccrccrfc: 0.000000000 0.544503086 0.455496914
K:/crccrccrff: 0.000000000 0.079316287 0.920683713
K:/crccrf: 0.404065975 0.194995312 0.400938713
K:/crccrfcrc: 0.000000000 0.784308833 0.215691167
K:/crccrfcrf: 0.000000000 0.466859689 0.533140311
K:/crccrr: 0.000000000 0.454930035 0.545069965
K:/crcfrc: 0.207269900 0.422122530 0.370607570
K:/crcfrf: 0.352332174 0.422372895 0.225294931
K:/crcfrr: 0.000000000 0.573941316 0.426058684
K:/crcrcc: 0.115834488 0.637435197 0.246730315
K:/crcrcf: 0.000000047 0.720907848 0.279092105
K:/crcrcr: 0.000000000 0.457497996 0.542502004
K:/crcrfc: 0.390465196 0.357058800 0.252476004
K:/crcrff: 0.128442265 0.521039635 0.350518100
K:/crcrfr: 0.000000000 0.999999986 0.000000014
K:/crcrrc: 0.000000000 0.068154168 0.931845832
K:/crcrrf: 0.000000000 0.348092280 0.651907720
K:/crrccr: 0.000000000 0.233630752 0.766369248
K:/crrcfr: 0.000000000 0.087329307 0.912670693
K:/crrcrc: 0.000000000 0.033132533 0.966867467
K:/crrcrf: 0.000000000 0.215458749 0.784541251
K:/crrfcr: 0.000000000 0.424569578 0.575430422
K:/crrffr: 0.000000000 0.583692871 0.416307129
K:/crrfrc: 0.000000000 0.639430525 0.360569475
K:/crrfrf: 0.000000000 0.394657737 0.605342263
K:/crrrcc: 0.000000000 0.489969089 0.510030911
K:/crrrcf: 0.000000000 0.552762099 0.447237901
K:/crrrfc: 0.000000000 0.415958380 0.584041620
K:/crrrff: 0.000000000 0.397103461 0.602896539
K:/rc: 0.000000563 0.000042797 0.999956641
K:/rccrcc: 0.409419341 0.092783948 0.497796711
K:/rccrcf: 0.275299549 0.411837766 0.312862685
K:/rccrcr: 0.000000000 0.910989107 0.089010893
K:/rccrfc: 0.090011021 0.000037166 0.909951813
K:/rccrff: 0.207999470 0.792000436 0.000000094
K:/rccrfr: 0.000000000 0.882144048 0.117855952
K:/rccrrc: 0.000000000 0.002156958 0.997843042
K:/rccrrf: 0.000000000 0.519335678 0.480664322
K:/rcrccr: 0.000000000 0.703750517 0.296249483
K:/rcrcfr: 0.000000000 0.621646871 0.378353129
K:/rcrcrc: 0.000000000 0.354770457 0.645229543
K:/rcrcrf: 0.000000000 0.528537077 0.471462923
K:/rcrfcr: 0.000000000 0.607797053 0.392202947
K:/rcrffr: 0.000000000 0.037234201 0.962765799
K:/rcrfrc: 0.000000000 0.466494261 0.533505739
K:/rcrfrf: 0.000000000 0.451630165 0.548369835
K:/rcrrcc: 0.000000000 0.000000301 0.999999699
K:/rcrrcf: 0.000000000 0.859296158 0.140703842
K:/rcrrfc: 0.000000000 0.255880479 0.744119521
K:/rcrrff: 0.000000000 0.999235708 0.000764292
K:/rf: 0.440220604 0.179075825 0.380703571
K:/rfcrc: 0.000375434 0.000000000 0.999624566
K:/rfcrf: 0.000125319 0.181349627 0.818525054
K:/rfcrr: 0.000000000 0.000000000 1.000000000
K:/rfrcr: 0.000000000 0.459710262 0.540289738
K:/rfrfr: 0.000000000 0.041353050 0.958646950
K:/rfrrc: 0.000000000 0.481693560 0.518306440
K:/rfrrf: 0.000000000 0.000000008 0.999999992
K:/rr: 0.000000000 0.000237287 0.999762713
K:/rrccrc: 0.000000000 0.000000000 1.000000000
K:/rrccrf: 0.000000000 0.982548299 0.017451701
K:/rrcfrc: 0.000000000 0.040606381 0.959393619
K:/rrcfrf: 0.000000000 0.758035406 0.241964594
K:/rrcrcc: 0.000000000 0.301292611 0.698707389
K:/rrcrcf: 0.000000000 0.999991012 0.000008988
K:/rrcrfc: 0.000000000 0.425221988 0.574778012
K:/rrcrff: 0.000000000 0.522310596 0.477689404
Q:/cc: 0.000000000 1.000000000 0.000000000
Q:/cccrcc: 0.000098688 0.032194526 0.967706786
Q:/cccrccrccr: 0.000000000 0.422972526 0.577027474
Q:/cccrccrcfr: 0.000000000 0.472316942 0.527683058
Q:/cccrccrcrc: 0.000000000 0.426051023 0.573948977
Q:/cccrccrcrf: 0.000000000 0.174164130 0.825835870
Q:/cccrccrfcr: 0.000000000 0.612085207 0.387914793
Q:/cccrccrffr: 0.000000000 1.000000000 0.000000000
Q:/cccrccrfrc: 0.000000000 0.161103312 0.838896688
Q:/cccrccrfrf: 0.000000000 0.570030839 0.429969161
Q:/cccrccrrcc: 0.000000000 0.770375993 0.229624007
Q:/cccrccrrcf: 0.000000000 0.882529158 0.117470842
Q:/cccrccrrfc: 0.000000000 0.162664011 0.837335989
Q:/cccrccrrff: 0.000000000 0.162667961 0.837332039
Q:/cccrcf: 0.206135719 0.004230019 0.789634262
Q:/cccrcfrcr: 0.000000000 0.179213739 0.820786261
Q:/cccrcfrfr: 0.000000000 0.510322244 0.489677756
Q:/cccrcfrrc: 0.000000000 0.249717913 0.750282087
Q:/cccrcfrrf: 0.000000000 0.293880717 0.706119283
Q:/cccrcr: 0.534899900 0.090767239 0.374332861
Q:/cccrcrccrc: 0.000000000 0.838712810 0.161287190
Q:/cccrcrccrf: 0.000000000 0.487939595 0.512060405
Q:/cccrcrcfrc: 0.000000000 0.447705166 0.552294834
Q:/cccrcrcfrf: 0.000000000 0.936662547 0.063337453
Q:/cccrcrcrcc: 0.000000000 0.259407119 0.740592881
Q:/cccrcrcrcf: 0.000000000 0.074416586 0.925583414
Q:/cccrcrcrfc: 0.000000000 0.750250057 0.249749943
Q:/cccrcrcrff: 0.000000000 0.414132457 0.585867543
Q:/cccrfc: 0.508087116 0.401202897 0.090709987
Q:/cccrfcrcr: 0.000000000 0.763146956 0.236853044
Q:/cccrfcrfr: 0.000000000 0.404157754 0.595842246
Q:/cccrfcrrc: 0.000000000 0.714298825 0.285701175
Q:/cccrfcrrf: 0.000000000 0.095137192 0.904862808
Q:/cccrff: 0.650412951 0.076398636 0.273188413
Q:/cccrffrr: 0.000000000 0.276229693 0.723770307
Q:/cccrfr: 0.768741289 0.231258092 0.000000619
Q:/cccrfrcrc: 0.000000000 0.403745677 0.596254323
Q:/cccrfrcrf: 0.000000000 0.686172060 0.313827940
Q:/cccrrc: 0.191084187 0.136900404 0.672015408
Q:/cccrrccrcc: 0.000000000 0.812717131 0.187282869
Q:/cccrrccrcf: 0.000000000 0.372251220 0.627748780
Q:/cccrrccrfc: 0.000000000 0.578701118 0.421298882
Q:/cccrrccrff: 0.000000000 0.242606071 0.757393929
Q:/cccrrf: 0.521155167 0.128392659 0.350452174
Q:/cccrrfcrc: 0.000000000 0.433611699 0.566388301
Q:/cccrrfcrf: 0.000000000 0.777570949 0.222429051
Q:/cccrrr: 0.000000000 0.100947315 0.899052685
Q:/ccrccr: 0.038509619 0.632903429 0.328586953
Q:/ccrccrccrc: 0.000000000 0.053923874 0.946076126
Q:/ccrccrccrf: 0.000000000 0.632350366 0.367649634
Q:/ccrccrcfrc: 0.000000000 0.626268182 0.373731818
Q:/ccrccrcfrf: 0.000000000 0.567197248 0.432802752
Q:/ccrccrcrcc: 0.000000000 0.871092304 0.128907696
Q:/ccrccrcrcf: 0.000000000 0.007342849 0.992657151
Q:/ccrccrcrfc: 0.000000000 0.356445742 0.643554258
Q:/ccrccrcrff: 0.000000000 0.842823404 0.157176596
Q:/ccrcfr: 0.490021442 0.359002805 0.150975752
Q:/ccrcfrcrc: 0.000000000 0.290674927 0.709325073
Q:/ccrcfrcrf: 0.000000000 0.442070085 0.557929915
Q:/ccrcrc: 0.150807588 0.487520813 0.361671599
Q:/ccrcrccrcc: 0.000000000 0.660640352 0.339359648
Q:/ccrcrccrcf: 0.000000000 0.688974561 0.311025439
Q:/ccrcrccrfc: 0.000000000 0.615157819 0.384842181
Q:/ccrcrccrff: 0.000000000 0.744705715 0.255294285
Q:/ccrcrf: 0.769614139 0.230385824 0.000000036
Q:/ccrcrfcrc: 0.000000000 0.729696799 0.270303201
Q:/ccrcrfcrf: 0.000000000 0.548425016 0.451574984
Q:/ccrcrr: 0.000000000 0.348483325 0.651516675
Q:/ccrfcr: 0.471073061 0.409429075 0.119497864
Q:/ccrfcrcrc: 0.000000000 0.692191854 0.307808146
Q:/ccrfcrcrf: 0.000000000 0.742277500 0.257722500
Q:/ccrffr: 0.058611480 0.562750735 0.378637786
Q:/ccrfrc: 0.606314930 0.250425247 0.143259823
Q:/ccrfrf: 0.399480164 0.275899846 0.324619990
Q:/ccrfrr: 0.000000000 0.439378069 0.560621931
Q:/ccrrcc: 0.131041731 0.435589379 0.433368890
Q:/ccrrcf: 0.000063459 0.515909107 0.484027435
Q:/ccrrcr: 0.000000000 0.166197826 0.833802174
Q:/ccrrfc: 0.029032923 0.346531678 0.624435399
Q:/ccrrff: 0.057031149 0.415039717 0.527929134
Q:/ccrrfr: 0.000000000 0.395112873 0.604887127
Q:/ccrrrc: 0.000000000 0.000206339 0.999793661
Q:/ccrrrf: 0.000000000 0.866900031 0.133099969
Q:/cr: 0.000301519 0.000144192 0.999554289
Q:/crccrc: 0.121788141 0.376548254 0.501663606
Q:/crccrccrcc: 0.000000000 0.956866107 0.043133893
Q:/crccrccrcf: 0.000000000 0.424242200 0.575757800
Q:/crccrccrfc: 0.000000000 0.534041796 0.465958204
Q:/crccrccrff: 0.000000000 0.743694414 0.256305586
Q:/crccrf: 0.380865119 0.529652866 0.089482015
Q:/crccrfcrc: 0.000000000 0.758002234 0.241997766
Q:/crccrfcrf: 0.000000000 0.633619618 0.366380382
Q:/crccrr: 0.000000000 0.078156218 0.921843782
Q:/crcfrc: 0.000000000 0.541063798 0.458936202
Q:/crcfrf: 0.435531772 0.254620617 0.309847611
Q:/crcfrr: 0.000000000 0.632964549 0.367035451
Q:/crcrcc: 0.027635368 0.586834381 0.385530251
Q:/crcrcf: 0.000078428 0.640726327 0.359195245
Q:/crcrcr: 0.000000000 0.100096793 0.899903207
Q:/crcrfc: 0.588596413 0.085402627 0.326000960
Q:/crcrff: 0.251053782 0.481480452 0.267465766
Q:/crcrfr: 0.000000000 0.730954915 0.269045085
Q:/crcrrc: 0.000000000 0.460225136 0.539774864
Q:/crcrrf: 0.000000000 0.276097970 0.723902030
Q:/crrccr: 0.000000000 0.726222962 0.273777038
Q:/crrcfr: 0.000000000 0.974189837 0.025810163
Q:/crrcrc: 0.000000000 0.348331040 0.651668960
Q:/crrcrf: 0.000000000 0.540775582 0.459224418
Q:/crrfcr: 0.000000000 0.101569554 0.898430446
Q:/crrffr: 0.000000000 0.629244367 0.370755633
Q:/crrfrc: 0.000000000 0.000000000 1.000000000
Q:/crrfrf: 0.000000000 0.729921101 0.270078899
Q:/crrrcc: 0.000000000 0.131631700 0.868368300
Q:/crrrcf: 0.000000000 0.055302795 0.944697205
Q:/crrrfc: 0.000000000 0.648376555 0.351623445
Q:/crrrff: 0.000000000 0.674056713 0.325943287
Q:/rc: 0.000001298 0.000158015 0.999840687
Q:/rccrcc: 0.364308022 0.388724271 0.246967707
Q:/rccrcf: 0.400954383 0.401057741 0.197987876
Q:/rccrcr: 0.000000000 0.355114159 0.644885841
Q:/rccrfc: 0.442002916 0.432209823 0.125787261
Q:/rccrff: 0.334266476 0.405811619 0.259921905
Q:/rccrfr: 0.000000000 0.106870131 0.893129869
Q:/rccrrc: 0.000000000 0.770998722 0.229001278
Q:/rccrrf: 0.000000000 0.641517943 0.358482057
Q:/rcrccr: 0.000000000 0.633236776 0.366763224
Q:/rcrcfr: 0.000000000 0.415997734 0.584002266
Q:/rcrcrc: 0.000000000 0.432587450 0.567412550
Q:/rcrcrf: 0.000000000 0.232305028 0.767694972
Q:/rcrfcr: 0.000000000 0.381785563 0.618214437
Q:/rcrffr: 0.000000000 0.342639618 0.657360382
Q:/rcrfrc: 0.000000000 0.248472667 0.751527333
Q:/rcrfrf: 0.000000000 0.983688728 0.016311272
Q:/rcrrcc: 0.000000000 0.291595263 0.708404737
Q:/rcrrcf: 0.000000000 0.745161265 0.254838735
Q:/rcrrfc: 0.000000000 0.255734646 0.744265354
Q:/rcrrff: 0.000000000 0.999342972 0.000657028
Q:/rf: 0.001182348 0.127203040 0.871614612
Q:/rfcrc: 0.000120867 0.000000000 0.999879133
Q:/rfcrf: 0.000000000 0.000000000 1.000000000
Q:/rfcrr: 0.000000000 0.570647503 0.429352497
Q:/rfrcr: 0.000000000 0.320499495 0.679500505
Q:/rfrfr: 0.000000000 0.569145156 0.430854844
Q:/rfrrc: 0.000000000 0.468084560 0.531915440
Q:/rfrrf: 0.000000000 0.000000000 1.000000000
Q:/rr: 0.000000000 0.000000000 1.000000000
Q:/rrccrc: 0.000000000 0.594181550 0.405818450
Q:/rrccrf: 0.000000000 0.779736297 0.220263703
Q:/rrcfrc: 0.000000000 0.599349983 0.400650017
Q:/rrcfrf: 0.000000000 0.453184850 0.546815150
Q:/rrcrcc: 0.000000000 0.137096512 0.862903488
Q:/rrcrcf: 0.000000000 0.535476395 0.464523605
Q:/rrcrfc: 0.000000000 0.409906830 0.590093170
Q:/rrcrff: 0.000000000 0.392371897 0.607628103
T:/cc: 0.000000000 1.000000000 0.000000000
T:/cccrcc: 0.000000000 0.000067831 0.999932169
T:/cccrccrccr: 0.000000000 0.197243231 0.802756769
T:/cccrccrcfr: 0.000000000 0.237987695 0.762012305
T:/cccrccrcrc: 0.000000000 0.711663716 0.288336284
T:/cccrccrcrf: 0.000000000 0.221815482 0.778184518
T:/cccrccrfcr: 0.000000000 0.701810760 0.298189240
T:/cccrccrffr: 0.000000000 0.517109672 0.482890328
T:/cccrccrfrc: 0.000000000 0.779292872 0.220707128
T:/cccrccrfrf: 0.000000000 0.589981520 0.410018480
T:/cccrccrrcc: 0.000000000 0.551884651 0.448115349
T:/cccrccrrcf: 0.000000000 0.441537968 0.558462032
T:/cccrccrrfc: 0.000000000 0.176674875 0.823325125
T:/cccrccrrff: 0.000000000 0.130809282 0.869190718
T:/cccrcf: 0.000000000 0.000000000 1.000000000
T:/cccrcfrcr: 0.000000000 0.609184964 0.390815036
T:/cccrcfrfr: 0.000000000 0.183934733 0.816065267
T:/cccrcfrrc: 0.000000000 0.154698129 0.845301871
T:/cccrcfrrf: 0.000000000 0.393126603 0.606873397
T:/cccrcr: 0.075680235 0.398831387 0.525488378
T:/cccrcrccrc: 0.000000000 0.486796426 0.513203574
T:/cccrcrccrf: 0.000000000 0.415746720 0.584253280
T:/cccrcrcfrc: 0.000000000 0.483909373 0.516090627
T:/cccrcrcfrf: 0.000000000 0.183590336 0.816409664
T:/cccrcrcrcc: 0.000000000 0.252085054 0.747914946
T:/cccrcrcrcf: 0.000000000 0.853445386 0.146554614
T:/cccrcrcrfc: 0.000000000 0.794468363 0.205531637
T:/cccrcrcrff: 0.000000000 0.388899440 0.611100560
T:/cccrfc: 0.381421340 0.274398757 0.344179903
T:/cccrfcrcr: 0.000000000 0.540952756 0.459047244
T:/cccrfcrfr: 0.000000000 0.725249156 0.274750844
T:/cccrfcrrc: 0.000000000 0.618596779 0.381403221
T:/cccrfcrrf: 0.000000000 0.758108757 0.241891243
T:/cccrff: 0.180556175 0.657900252 0.161543574
T:/cccrffrr: 0.000000000 0.729522579 0.270477421
T:/cccrfr: 0.451422092 0.127499361 0.421078548
T:/cccrfrcrc: 0.000000000 0.021943015 0.978056985
T:/cccrfrcrf: 0.000000000 0.594256233 0.405743767
T:/cccrrc: 0.000000000 0.648755213 0.351244787
T:/cccrrccrcc: 0.000000000 0.131464017 0.868535983
T:/cccrrccrcf: 0.000000000 0.556725718 0.443274282
T:/cccrrccrfc: 0.000000000 0.513565855 0.486434145
T:/cccrrccrff: 0.000000000 0.678577192 0.321422808
T:/cccrrf: 0.251529493 0.523521302 0.224949205
T:/cccrrfcrc: 0.000000000 0.659647066 0.340352934
T:/cccrrfcrf: 0.000000000 0.094009321 0.905990679
T:/cccrrr: 0.000000000 0.315178950 0.684821050
T:/ccrccr: 0.039590505 0.558611581 0.401797914
T:/ccrccrccrc: 0.000000000 0.741547056 0.258452944
T:/ccrccrccrf: 0.000000000 0.000000000 1.000000000
T:/ccrccrcfrc: 0.000000000 0.196363455 0.803636545
T:/ccrccrcfrf: 0.000000000 0.487032431 0.512967569
T:/ccrccrcrcc: 0.000000000 0.643499126 0.356500874
T:/ccrccrcrcf: 0.000000000 0.633124160 0.366875840
T:/ccrccrcrfc: 0.000000000 0.333916139 0.666083861
T:/ccrccrcrff: 0.000000000 0.880240467 0.119759533
T:/ccrcfr: 0.376511522 0.151668421 0.471820057
T:/ccrcfrcrc: 0.000000000 0.630415929 0.369584071
T:/ccrcfrcrf: 0.000000000 0.716123242 0.283876758
T:/ccrcrc: 0.135979515 0.781929888 0.082090597
T:/ccrcrccrcc: 0.000000000 0.598073773 0.401926227
T:/ccrcrccrcf: 0.000000000 0.565436025 0.434563975
T:/ccrcrccrfc: 0.000000000 0.509711458 0.490288542
T:/ccrcrccrff: 0.000000000 0.312454844 0.687545156
T:/ccrcrf: 0.999999916 0.000000000 0.000000084
T:/ccrcrfcrc: 0.000000000 0.535467532 0.464532468
T:/ccrcrfcrf: 0.000000000 0.622400793 0.377599207
T:/ccrcrr: 0.000000000 0.999999940 0.000000060
T:/ccrfcr: 0.459476048 0.000000000 0.540523952
T:/ccrfcrcrc: 0.000000000 0.198610973 0.801389027
T:/ccrfcrcrf: 0.000000000 0.392793328 0.607206672
T:/ccrffr: 0.199982309 0.608468020 0.191549671
T:/ccrfrc: 1.000000000 0.000000000 0.000000000
T:/ccrfrf: 0.433492114 0.059340726 0.507167160
T:/ccrfrr: 0.000000000 0.780588312 0.219411688
T:/ccrrcc: 0.000002442 0.342138253 0.657859305
T:/ccrrcf: 0.400453796 0.201574784 0.397971420
T:/ccrrcr: 0.000000000 0.578534496 0.421465504
T:/ccrrfc: 0.000000000 0.282781148 0.717218852
T:/ccrrff: 0.000000000 0.000000000 1.000000000
T:/ccrrfr: 0.000000000 0.000000000 1.000000000
T:/ccrrrc: 0.000000000 0.264125603 0.735874397
T:/ccrrrf: 0.000000000 0.596965978 0.403034022
T:/cr: 0.000302470 0.000094775 0.999602755
T:/crccrc: 0.271237609 0.423724913 0.305037478
T:/crccrccrcc: 0.000000000 0.496964410 0.503035590
T:/crccrccrcf: 0.000000000 0.565791723 0.434208277
T:/crccrccrfc: 0.000000000 0.588372038 0.411627962
T:/crccrccrff: 0.000000000 0.620244532 0.379755468
T:/crccrf: 0.000013611 0.321465222 0.678521167
T:/crccrfcrc: 0.000000000 0.255527866 0.744472134
T:/crccrfcrf: 0.000000000 0.835060822 0.164939178
T:/crccrr: 0.000000000 0.505655032 0.494344968
T:/crcfrc: 0.298586184 0.637046749 0.064367067
T:/crcfrf: 0.567845067 0.422768133 0.009386800
T:/crcfrr: 0.000000000 0.724614349 0.275385651
T:/crcrcc: 0.285734967 0.170655230 0.543609803
T:/crcrcf: 0.315908828 0.271877114 0.412214058
T:/crcrcr: 0.000000000 0.862877958 0.137122042
T:/crcrfc: 0.198072978 0.366310101 0.435616921
T:/crcrff: 0.360683156 0.321846052 0.317470792
T:/crcrfr: 0.000000000 0.999998599 0.000001401
T:/crcrrc: 0.000000000 0.815222299 0.184777701
T:/crcrrf: 0.000000000 0.623753710 0.376246290
T:/crrccr: 0.000000000 0.433872767 0.566127233
T:/crrcfr: 0.000000000 0.266654051 0.733345949
T:/crrcrc: 0.000000000 0.709995920 0.290004080
T:/crrcrf: 0.000000000 0.222816004 0.777183996
T:/crrfcr: 0.000000000 0.451153666 0.548846334
T:/crrffr: 0.000000000 0.401479627 0.598520373
T:/crrfrc: 0.000000000 0.000000000 1.000000000
T:/crrfrf: 0.000000000 0.001456026 0.998543974
T:/crrrcc: 0.000000000 0.000000016 0.999999984
T:/crrrcf: 0.000000000 0.282634061 0.717365939
T:/crrrfc: 0.000000000 0.464442053 0.535557947
T:/crrrff: 0.000000000 0.467148248 0.532851752
T:/rc: 0.000003120 0.000004192 0.999992688
T:/rccrcc: 0.118054137 0.348513132 0.533432731
T:/rccrcf: 0.226950322 0.317650811 0.455398866
T:/rccrcr: 0.000000000 0.058479475 0.941520525
T:/rccrfc: 0.529912086 0.215836603 0.254251311
T:/rccrff: 0.335577547 0.312079328 0.352343124
T:/rccrfr: 0.000000000 0.162582770 0.837417230
T:/rccrrc: 0.000000000 0.000000000 1.000000000
T:/rccrrf: 0.000000000 0.328957485 0.671042515
T:/rcrccr: 0.000000000 0.326704966 0.673295034
T:/rcrcfr: 0.000000000 0.324677868 0.675322132
T:/rcrcrc: 0.000000000 0.624363198 0.375636802
T:/rcrcrf: 0.000000000 0.650901094 0.349098906
T:/rcrfcr: 0.000000000 0.109344306 0.890655694
T:/rcrffr: 0.000000000 0.000029237 0.999970763
T:/rcrfrc: 0.000000000 0.000234816 0.999765184
T:/rcrfrf: 0.000000000 0.521524523 0.478475477
T:/rcrrcc: 0.000000000 0.581543788 0.418456212
T:/rcrrcf: 0.000000000 0.663983777 0.336016223
T:/rcrrfc: 0.000000000 0.455813397 0.544186603
T:/rcrrff: 0.000000000 0.682559709 0.317440291
T:/rf: 0.161545362 0.000008208 0.838446430
T:/rfcrc: 0.000339919 0.000000000 0.999660081
T:/rfcrf: 0.923836862 0.000000000 0.076163138
T:/rfcrr: 0.000000000 0.000000000 1.000000000
T:/rfrcr: 0.000000000 0.277612209 0.722387791
T:/rfrfr: 0.000000000 0.241481105 0.758518895
T:/rfrrc: 0.000000000 0.080403077 0.919596923
T:/rfrrf: 0.000000000 0.000000000 1.000000000
T:/rr: 0.000000000 0.000000000 1.000000000
T:/rrccrc: 0.000000000 0.000000000 1.000000000
T:/rrccrf: 0.000000000 0.255824421 0.744175579
T:/rrcfrc: 0.000000000 0.267992552 0.732007448
T:/rrcfrf: 0.000000000 0.433694661 0.566305339
T:/rrcrcc: 0.000000000 0.326607795 0.673392205
T:/rrcrcf: 0.000000000 0.527344623 0.472655377
T:/rrcrfc: 0.000000000 0.697019656 0.302980344
T:/rrcrff: 0.000000000 0.564439891 0.435560109
