A:/ccc: 1.000000000 0.000000000 0.000000000
A:/cccrccr: 0.807931350 0.192068569 0.000000081
A:/cccrccrccrc: 0.000000000 0.407733762 0.592266238
A:/cccrccrccrf: 0.000000000 0.877285673 0.122714327
A:/cccrccrcfrc: 0.000000000 0.999999746 0.000000254
A:/cccrccrcfrf: 0.000000000 0.910887650 0.089112350
A:/cccrccrcrcc: 0.000000000 0.659557981 0.340442019
A:/cccrccrcrcf: 0.000000000 0.695892971 0.304107029
A:/cccrccrcrfc: 0.000000000 0.315279418 0.684720582
A:/cccrccrcrff: 0.000000000 0.992809163 0.007190837
A:/cccrcfr: 0.425876646 0.294745559 0.279377796
A:/cccrcfrcrc: 0.000000000 0.945662238 0.054337762
A:/cccrcfrcrf: 0.000000000 0.771592565 0.228407435
A:/cccrcrc: 0.389837737 0.349423640 0.260738622
A:/cccrcrccrcc: 0.000000000 0.153967907 0.846032093
A:/cccrcrccrcf: 0.000000000 0.596671455 0.403328545
A:/cccrcrccrfc: 0.000000000 0.245252606 0.754747394
A:/cccrcrccrff: 0.000000000 0.566238367 0.433761633
A:/cccrcrf: 0.418942528 0.315623394 0.265434078
A:/cccrcrfcrc: 0.000000000 0.510734005 0.489265995
A:/cccrcrfcrf: 0.000000000 0.728029831 0.271970169
A:/cccrcrr: 0.000000000 0.279956359 0.720043641
A:/cccrfcr: 0.856372564 0.143626860 0.000000576
A:/cccrfcrcrc: 0.000000000 0.999999810 0.000000190
A:/cccrfcrcrf: 0.000000000 0.617773174 0.382226826
A:/cccrffr: 0.999999357 0.000000000 0.000000643
A:/cccrfrc: 0.677745969 0.093367884 0.228886147
A:/cccrfrf: 0.110027263 0.750791740 0.139180997
A:/cccrfrr: 0.000000000 0.661702427 0.338297573
A:/cccrrcc: 0.380024371 0.619975629 0.000000000
A:/cccrrcf: 0.351263452 0.537118908 0.111617641
A:/cccrrcr: 0.000000000 0.567208794 0.432791206
A:/cccrrfc: 0.374524538 0.289980524 0.335494938
A:/cccrrff: 0.426085687 0.512347397 0.061566915
A:/cccrrfr: 0.000000000 0.471137509 0.528862491
A:/cccrrrc: 0.000000000 0.131198887 0.868801113
A:/cccrrrf: 0.000000000 0.723287131 0.276712869
A:/ccr: 0.377187129 0.622812871 0.000000000
A:/ccrccrc: 0.463850364 0.350218019 0.185931617
A:/ccrccrccrcc: 0.000000000 0.301381876 0.698618124
A:/ccrccrccrcf: 0.000000000 0.018628927 0.981371073
A:/ccrccrccrfc: 0.000000000 0.747554637 0.252445363
A:/ccrccrccrff: 0.000000000 0.084315146 0.915684854
A:/ccrccrf: 0.670065787 0.234461535 0.095472679
A:/ccrccrfcrc: 0.000000000 0.542694966 0.457305034
A:/ccrccrfcrf: 0.000000000 0.795405537 0.204594463
A:/ccrccrr: 0.000000000 0.463193327 0.536806673
A:/ccrcfrc: 0.472073794 0.365327426 0.162598780
A:/ccrcfrf: 0.443844278 0.100617135 0.455538587
A:/ccrcfrr: 0.000000000 0.416337710 0.583662290
A:/ccrcrcc: 0.387601860 0.242829107 0.369569033
A:/ccrcrcf: 0.471119317 0.193388076 0.335492607
A:/ccrcrcr: 0.000000000 0.470568909 0.529431091
A:/ccrcrfc: 0.219718227 0.468811432 0.311470341
A:/ccrcrff: 0.159696181 0.478671232 0.361632586
A:/ccrcrfr: 0.000000000 0.702378990 0.297621010
A:/ccrcrrc: 0.000000000 0.621628609 0.378371391
A:/ccrcrrf: 0.000000000 0.651271293 0.348728707
A:/ccrrccr: 0.000000000 0.760566098 0.239433902
A:/ccrrcfr: 0.000000000 0.634423996 0.365576004
A:/ccrrcrc: 0.000000000 0.740780794 0.259219206
A:/ccrrcrf: 0.000000000 0.552561770 0.447438230
A:/ccrrfcr: 0.000000000 0.808477356 0.191522644
A:/ccrrffr: 0.000000000 0.677719673 0.322280327
A:/ccrrfrc: 0.000000000 0.844616517 0.155383483
A:/ccrrfrf: 0.000000000 0.518131562 0.481868438
A:/ccrrrcc: 0.000000000 0.790164104 0.209835896
A:/ccrrrcf: 0.000000000 0.810698469 0.189301531
A:/ccrrrfc: 0.000000000 0.539160891 0.460839109
A:/ccrrrff: 0.000000000 0.482424607 0.517575393
A:/crc: 0.960376670 0.039623330 0.000000000
A:/crccrcc: 0.054756632 0.538749274 0.406494094
A:/crccrcf: 0.264510902 0.314972666 0.420516432
A:/crccrcr: 0.000000000 0.100103353 0.899896647
A:/crccrfc: 0.393294934 0.390646814 0.216058252
A:/crccrff: 0.414030210 0.036363812 0.549605977
A:/crccrfr: 0.000000000 0.874013586 0.125986414
A:/crccrrc: 0.000000000 0.273976393 0.726023607
A:/crccrrf: 0.000000000 0.864207948 0.135792052
A:/crcrccr: 0.000000000 0.881050165 0.118949835
A:/crcrcfr: 0.000000000 0.655950434 0.344049566
A:/crcrcrc: 0.000000000 0.508809091 0.491190909
A:/crcrcrf: 0.000000000 0.541085509 0.458914491
A:/crcrfcr: 0.000000000 0.330586919 0.669413081
A:/crcrffr: 0.000000000 1.000000000 0.000000000
A:/crcrfrc: 0.000000000 1.000000000 0.000000000
A:/crcrfrf: 0.000000000 0.417320373 0.582679627
A:/crcrrcc: 0.000000000 0.451040807 0.548959193
A:/crcrrcf: 0.000000000 0.205559288 0.794440712
A:/crcrrfc: 0.000000000 1.000000000 0.000000000
A:/crcrrff: 0.000000000 1.000000000 0.000000000
A:/crf: 0.696616092 0.303383908 0.000000000
A:/crfcrc: 0.422109298 0.312559026 0.265331676
A:/crfcrf: 0.442635574 0.557334747 0.000029679
A:/crfcrr: 0.000000000 0.717442601 0.282557399
A:/crfrcr: 0.000000000 0.882170449 0.117829551
A:/crfrfr: 0.000000000 0.560272938 0.439727062
A:/crfrrc: 0.000000000 0.863231768 0.136768232
A:/crfrrf: 0.000000000 0.774260942 0.225739058
A:/crr: 0.721468254 0.278531313 0.000000433
A:/crrccrc: 0.000000000 0.468038105 0.531961895
A:/crrccrf: 0.000000000 0.893759381 0.106240619
A:/crrcfrc: 0.000000000 0.965890901 0.034109099
A:/crrcfrf: 0.000000000 0.789765760 0.210234240
A:/crrcrcc: 0.000000000 0.582750910 0.417249090
A:/crrcrcf: 0.000000000 0.941974858 0.058025142
A:/crrcrfc: 0.000000000 0.377196337 0.622803663
A:/crrcrff: 0.000000000 0.729124625 0.270875375
A:/rcc: 0.000043132 0.999956868 0.000000000
A:/rccrccr: 0.000000000 0.812872092 0.187127908
A:/rccrcfr: 0.000000000 0.579884632 0.420115368
A:/rccrcrc: 0.000000000 0.475333611 0.524666389
A:/rccrcrf: 0.000000000 0.999537419 0.000462581
A:/rccrfcr: 0.000000000 0.272171872 0.727828128
A:/rccrffr: 0.000000000 0.256291481 0.743708519
A:/rccrfrc: 0.000000000 0.590501813 0.409498187
A:/rccrfrf: 0.000000000 0.405428050 0.594571950
A:/rccrrcc: 0.000000000 0.258747692 0.741252308
A:/rccrrcf: 0.000000000 0.704885483 0.295114517
A:/rccrrfc: 0.000000000 0.668753716 0.331246284
A:/rccrrff: 0.000000000 0.781501114 0.218498886
A:/rcf: 0.414577510 0.555259548 0.030162943
A:/rcfrcr: 0.000000000 0.549859744 0.450140256
A:/rcfrfr: 0.000000000 0.414035946 0.585964054
A:/rcfrrc: 0.000000000 0.155097205 0.844902795
A:/rcfrrf: 0.000000000 0.365283782 0.634716218
A:/rcr: 0.670664676 0.329335324 0.000000000
A:/rcrccrc: 0.000000000 0.386858862 0.613141138
A:/rcrccrf: 0.000000000 0.495593754 0.504406246
A:/rcrcfrc: 0.000000000 0.267244112 0.732755888
A:/rcrcfrf: 0.000000000 0.708377795 0.291622205
A:/rcrcrcc: 0.000000000 0.561232852 0.438767148
A:/rcrcrcf: 0.000000000 0.260542143 0.739457857
A:/rcrcrfc: 0.000000000 0.869514977 0.130485023
A:/rcrcrff: 0.000000000 0.552848300 0.447151700
A:/rfc: 0.877753440 0.122246560 0.000000000
A:/rfcrcr: 0.000000000 0.978764391 0.021235609
A:/rfcrfr: 0.000000000 1.000000000 0.000000000
A:/rfcrrc: 0.000000000 0.842971013 0.157028987
A:/rfcrrf: 0.000000000 1.000000000 0.000000000
A:/rff: 0.948132712 0.051867288 0.000000000
A:/rffrr: 0.000000000 1.000000000 0.000000000
A:/rfr: 0.631539714 0.368460286 0.000000000
A:/rfrcrc: 0.000000000 0.695049924 0.304950076
A:/rfrcrf: 0.000000000 0.857817484 0.142182516
A:/rrc: 0.482022859 0.461490502 0.056486639
A:/rrccrcc: 0.000000000 0.956614478 0.043385522
A:/rrccrcf: 0.000000000 0.966291213 0.033708787
A:/rrccrfc: 0.000000000 0.777792305 0.222207695
A:/rrccrff: 0.000000000 0.439653618 0.560346382
A:/rrf: 0.310745209 0.374714029 0.314540762
A:/rrfcrc: 0.000000000 0.473712689 0.526287311
A:/rrfcrf: 0.000000000 0.725064106 0.274935894
A:/rrr: 0.000000000 0.849306654 0.150693346
J:/ccc: 0.000000000 1.000000000 0.000000000
J:/cccrccr: 0.050322988 0.250949971 0.698727041
J:/cccrccrccrc: 0.000000000 0.193267179 0.806732821
J:/cccrccrccrf: 0.000000000 0.311443518 0.688556482
J:/cccrccrcfrc: 0.000000000 0.373500946 0.626499054
J:/cccrccrcfrf: 0.000000000 0.170582634 0.829417366
J:/cccrccrcrcc: 0.000000000 0.614771334 0.385228666
J:/cccrccrcrcf: 0.000000000 0.523871045 0.476128955
J:/cccrccrcrfc: 0.000000000 0.733936530 0.266063470
J:/cccrccrcrff: 0.000000000 0.176236935 0.823763065
J:/cccrcfr: 0.100222932 0.563430928 0.336346140
J:/cccrcfrcrc: 0.000000000 0.188630906 0.811369094
J:/cccrcfrcrf: 0.000000000 0.374218308 0.625781692
J:/cccrcrc: 0.305911784 0.140165369 0.553922847
J:/cccrcrccrcc: 0.000000000 0.242929495 0.757070505
J:/cccrcrccrcf: 0.000000000 0.468863247 0.531136753
J:/cccrcrccrfc: 0.000000000 0.823806450 0.176193550
J:/cccrcrccrff: 0.000000000 0.433225592 0.566774408
J:/cccrcrf: 0.358701270 0.397311990 0.243986740
J:/cccrcrfcrc: 0.000000000 0.223870594 0.776129406
J:/cccrcrfcrf: 0.000000000 0.977298725 0.022701275
J:/cccrcrr: 0.000000000 0.879380002 0.120619998
J:/cccrfcr: 0.528615883 0.120130960 0.351253157
J:/cccrfcrcrc: 0.000000000 0.341202355 0.658797645
J:/cccrfcrcrf: 0.000000000 0.407664877 0.592335123
J:/cccrffr: 0.445523837 0.000000099 0.554476064
J:/cccrfrc: 0.523667303 0.083669539 0.392663158
J:/cccrfrf: 0.447135689 0.103521112 0.449343199
J:/cccrfrr: 0.000000000 0.185256157 0.814743843
J:/cccrrcc: 0.008766848 0.737258033 0.253975119
J:/cccrrcf: 0.500198720 0.349942569 0.149858710
J:/cccrrcr: 0.000000000 0.191651374 0.808348626
J:/cccrrfc: 0.349825815 0.355453155 0.294721030
J:/cccrrff: 0.317312872 0.296627650 0.386059478
J:/cccrrfr: 0.000000000 0.737898337 0.262101663
J:/cccrrrc: 0.000000000 0.489827950 0.510172050
J:/cccrrrf: 0.000000000 0.395556698 0.604443302
J:/ccr: 0.000000000 0.000000000 1.000000000
J:/ccrccrc: 0.074272287 0.357066669 0.568661044
J:/ccrccrccrcc: 0.000000000 0.586855117 0.413144883
J:/ccrccrccrcf: 0.000000000 0.269444215 0.730555785
J:/ccrccrccrfc: 0.000000000 0.380881360 0.619118640
J:/ccrccrccrff: 0.000000000 0.122551151 0.877448849
J:/ccrccrf: 0.644415397 0.157326507 0.198258096
J:/ccrccrfcrc: 0.000000000 0.514074656 0.485925344
J:/ccrccrfcrf: 0.000000000 0.085434380 0.914565620
J:/ccrccrr: 0.000000000 0.285750460 0.714249540
J:/ccrcfrc: 0.311383924 0.269556857 0.419059219
J:/ccrcfrf: 0.312841511 0.079515259 0.607643229
J:/ccrcfrr: 0.000000000 0.885166649 0.114833351
J:/ccrcrcc: 0.469290705 0.349408417 0.181300878
J:/ccrcrcf: 0.343195308 0.329222329 0.327582363
J:/ccrcrcr: 0.000000000 0.000000000 1.000000000
J:/ccrcrfc: 0.145580810 0.500610862 0.353808328
J:/ccrcrff: 0.240318421 0.430277180 0.329404399
J:/ccrcrfr: 0.000000000 0.451592907 0.548407093
J:/ccrcrrc: 0.000000000 0.491374901 0.508625099
J:/ccrcrrf: 0.000000000 0.709958258 0.290041742
J:/ccrrccr: 0.000000000 0.475626528 0.524373472
J:/ccrrcfr: 0.000000000 0.465750168 0.534249832
J:/ccrrcrc: 0.000000000 0.626061948 0.373938052
J:/ccrrcrf: 0.000000000 0.474351596 0.525648404
J:/ccrrfcr: 0.000000000 0.350845534 0.649154466
J:/ccrrffr: 0.000000000 0.761210114 0.238789886
J:/ccrrfrc: 0.000000000 0.056104531 0.943895469
J:/ccrrfrf: 0.000000000 0.665898197 0.334101803
J:/ccrrrcc: 0.000000000 0.518473624 0.481526376
J:/ccrrrcf: 0.000000000 0.519238896 0.480761104
J:/ccrrrfc: 0.000000000 0.011314743 0.988685257
J:/ccrrrff: 0.000000000 0.793644602 0.206355398
J:/crc: 0.000000000 0.000000000 1.000000000
J:/crccrcc: 0.198728619 0.382018939 0.419252442
J:/crccrcf: 0.352750585 0.344765949 0.302483466
J:/crccrcr: 0.000000000 0.917800585 0.082199415
J:/crccrfc: 0.338192883 0.334014077 0.327793040
J:/crccrff: 0.231311555 0.356711418 0.411977027
J:/crccrfr: 0.000000000 0.899363169 0.100636831
J:/crccrrc: 0.000000000 0.619935210 0.380064790
J:/crccrrf: 0.000000000 0.866500086 0.133499914
J:/crcrccr: 0.000000000 0.909917991 0.090082009
J:/crcrcfr: 0.000000000 0.369597500 0.630402500
J:/crcrcrc: 0.000000000 0.316236921 0.683763079
J:/crcrcrf: 0.000000000 0.217600261 0.782399739
J:/crcrfcr: 0.000000000 0.463152340 0.536847660
J:/crcrffr: 0.000000000 0.706225973 0.293774027
J:/crcrfrc: 0.000000000 0.553532890 0.446467110
J:/crcrfrf: 0.000000000 0.743094284 0.256905716
J:/crcrrcc: 0.000000000 0.785113369 0.214886631
J:/crcrrcf: 0.000000000 0.531338328 0.468661672
J:/crcrrfc: 0.000000000 0.872244966 0.127755034
J:/crcrrff: 0.000000000 0.905321568 0.094678432
J:/crf: 0.000132232 0.000134997 0.999732771
J:/crfcrc: 0.225801884 0.251379926 0.522818190
J:/crfcrf: 0.667816431 0.029760516 0.302423053
J:/crfcrr: 0.000000000 0.056591678 0.943408322
J:/crfrcr: 0.000000000 0.028587240 0.971412760
J:/crfrfr: 0.000000000 0.318904217 0.681095783
J:/crfrrc: 0.000000000 0.148160510 0.851839490
J:/crfrrf: 0.000000000 0.514981735 0.485018265
J:/crr: 0.000000000 0.000000000 1.000000000
J:/crrccrc: 0.000000000 0.452027579 0.547972421
J:/crrccrf: 0.000000000 0.470858016 0.529141984
J:/crrcfrc: 0.000000000 0.706981554 0.293018446
J:/crrcfrf: 0.000000000 0.395212717 0.604787283
J:/crrcrcc: 0.000000000 0.437515101 0.562484899
J:/crrcrcf: 0.000000000 0.499293595 0.500706405
J:/crrcrfc: 0.000000000 0.640119065 0.359880935
J:/crrcrff: 0.000000000 0.378863016 0.621136984
J:/rcc: 0.335648901 0.540640204 0.123710895
J:/rccrccr: 0.000000000 0.466094102 0.533905898
J:/rccrcfr: 0.000000000 0.254569362 0.745430638
J:/rccrcrc: 0.000000000 0.406687703 0.593312297
J:/rccrcrf: 0.000000000 0.507185601 0.492814399
J:/rccrfcr: 0.000000000 0.085744496 0.914255504
J:/rccrffr: 0.000000000 0.224959106 0.775040894
J:/rccrfrc: 0.000000000 0.165778401 0.834221599
J:/rccrfrf: 0.000000000 0.508388347 0.491611653
J:/rccrrcc: 0.000000000 0.615822798 0.384177202
J:/rccrrcf: 0.000000000 0.524583539 0.475416461
J:/rccrrfc: 0.000000000 0.970095420 0.029904580
J:/rccrrff: 0.000000000 0.523308109 0.476691891
J:/rcf: 0.000000000 0.598891341 0.401108659
J:/rcfrcr: 0.000000000 0.275849579 0.724150421
J:/rcfrfr: 0.000000000 0.569145156 0.430854844
J:/rcfrrc: 0.000000000 0.565400507 0.434599493
J:/rcfrrf: 0.000000000 0.856427921 0.143572079
J:/rcr: 0.328132421 0.287484617 0.384382962
J:/rcrccrc: 0.000000000 0.414111022 0.585888978
J:/rcrccrf: 0.000000000 0.450579291 0.549420709
J:/rcrcfrc: 0.000000000 0.593629787 0.406370213
J:/rcrcfrf: 0.000000000 0.450986997 0.549013003
J:/rcrcrcc: 0.000000000 0.480409169 0.519590831
J:/rcrcrcf: 0.000000000 0.690760847 0.309239153
J:/rcrcrfc: 0.000000000 0.000000000 1.000000000
J:/rcrcrff: 0.000000000 0.475294144 0.524705856
J:/rfc: 0.000376881 0.000000000 0.999623119
J:/rfcrcr: 0.000000000 0.282146243 0.717853757
J:/rfcrfr: 0.000000000 0.075094002 0.924905998
J:/rfcrrc: 0.000000000 0.681655356 0.318344644
J:/rfcrrf: 0.000000000 0.542434060 0.457565940
J:/rff: 0.127573496 0.277245383 0.595181121
J:/rffrr: 0.000000000 0.000000000 1.000000000
J:/rfr: 0.000000000 0.000000000 1.000000000
J:/rfrcrc: 0.000000000 0.198172480 0.801827520
J:/rfrcrf: 0.000000000 0.159657243 0.840342757
J:/rrc: 0.265984554 0.225473889 0.508541557
J:/rrccrcc: 0.000000000 0.272869730 0.727130270
J:/rrccrcf: 0.000000000 0.530111747 0.469888253
J:/rrccrfc: 0.000000000 0.276530203 0.723469797
J:/rrccrff: 0.000000000 0.700823416 0.299176584
J:/rrf: 0.548153738 0.451846262 0.000000000
J:/rrfcrc: 0.000000000 0.368061577 0.631938423
J:/rrfcrf: 0.000000000 0.463161056 0.536838944
J:/rrr: 0.000000000 0.331491787 0.668508213
K:/ccc: 0.192720701 0.807279299 0.000000000
K:/cccrccr: 0.145743520 0.469774402 0.384482078
K:/cccrccrccrc: 0.000000000 0.483845893 0.516154107
K:/cccrccrccrf: 0.000000000 0.501152275 0.498847725
K:/cccrccrcfrc: 0.000000000 0.475932586 0.524067414
K:/cccrccrcfrf: 0.000000000 0.510585679 0.489414321
K:/cccrccrcrcc: 0.000000000 0.647490023 0.352509977
K:/cccrccrcrcf: 0.000000000 0.275942846 0.724057154
K:/cccrccrcrfc: 0.000000000 0.738921081 0.261078919
K:/cccrccrcrff: 0.000000000 0.654073613 0.345926387
K:/cccrcfr: 0.539154122 0.398518684 0.062327193
K:/cccrcfrcrc: 0.000000000 0.723830118 0.276169882
K:/cccrcfrcrf: 0.000000000 0.322476593 0.677523407
K:/cccrcrc: 0.518593749 0.006345651 0.475060600
K:/cccrcrccrcc: 0.000000000 0.475902851 0.524097149
K:/cccrcrccrcf: 0.000000000 0.396950395 0.603049605
K:/cccrcrccrfc: 0.000000000 0.586340549 0.413659451
K:/cccrcrccrff: 0.000000000 0.383868568 0.616131432
K:/cccrcrf: 0.383286073 0.501363838 0.115350089
K:/cccrcrfcrc: 0.000000000 0.328501723 0.671498277
K:/cccrcrfcrf: 0.000000000 0.217841898 0.782158102
K:/cccrcrr: 0.000000000 0.036907352 0.963092648
K:/cccrfcr: 0.570904823 0.429095177 0.000000000
K:/cccrfcrcrc: 0.000000000 0.429083038 0.570916962
K:/cccrfcrcrf: 0.000000000 0.895482125 0.104517875
K:/cccrffr: 0.247263649 0.697727088 0.055009263
K:/cccrfrc: 0.177643904 0.320011039 0.502345056
K:/cccrfrf: 0.407909023 0.453850629 0.138240348
K:/cccrfrr: 0.000000000 0.092520716 0.907479284
K:/cccrrcc: 0.345291396 0.345672399 0.309036205
K:/cccrrcf: 0.164149449 0.332364830 0.503485721
K:/cccrrcr: 0.000000000 0.458867626 0.541132374
K:/cccrrfc: 0.164102986 0.159314415 0.676582598
K:/cccrrff: 0.428343454 0.485513639 0.086142907
K:/cccrrfr: 0.000000000 0.687378131 0.312621869
K:/cccrrrc: 0.000000000 0.480859978 0.519140022
K:/cccrrrf: 0.000000000 0.254395259 0.745604741
K:/ccr: 0.000034132 0.353092890 0.646872978
K:/ccrccrc: 0.329230867 0.253909586 0.416859547
K:/ccrccrccrcc: 0.000000000 0.331501317 0.668498683
K:/ccrccrccrcf: 0.000000000 0.072637004 0.927362996
K:/ccrccrccrfc: 0.000000000 0.413110431 0.586889569
K:/ccrccrccrff: 0.000000000 0.729837572 0.270162428
K:/ccrccrf: 0.467239707 0.363831685 0.168928608
K:/ccrccrfcrc: 0.000000000 0.173862337 0.826137663
K:/ccrccrfcrf: 0.000000000 0.640376887 0.359623113
K:/ccrccrr: 0.000000000 0.105606298 0.894393702
K:/ccrcfrc: 0.251969757 0.144558079 0.603472164
K:/ccrcfrf: 0.361558017 0.169793478 0.468648504
K:/ccrcfrr: 0.000000000 0.510645894 0.489354106
K:/ccrcrcc: 0.132782102 0.058623253 0.808594645
K:/ccrcrcf: 0.454745378 0.372479512 0.172775110
K:/ccrcrcr: 0.000000000 0.372473509 0.627526491
K:/ccrcrfc: 0.223810327 0.669646606 0.106543067
K:/ccrcrff: 0.166282489 0.421121944 0.412595567
K:/ccrcrfr: 0.000000000 0.358284427 0.641715573
K:/ccrcrrc: 0.000000000 0.436565119 0.563434881
K:/ccrcrrf: 0.000000000 0.681779666 0.318220334
K:/ccrrccr: 0.000000000 0.129869590 0.870130410
K:/ccrrcfr: 0.000000000 0.237131907 0.762868093
K:/ccrrcrc: 0.000000000 0.897168474 0.102831526
K:/ccrrcrf: 0.000000000 0.821936608 0.178063392
K:/ccrrfcr: 0.000000000 0.085583289 0.914416711
K:/ccrrffr: 0.000000000 0.897340208 0.102659792
K:/ccrrfrc: 0.000000000 0.369929074 0.630070926
K:/ccrrfrf: 0.000000000 0.526187145 0.473812855
K:/ccrrrcc: 0.000000000 0.291585059 0.708414941
K:/ccrrrcf: 0.000000000 0.224110208 0.775889792
K:/ccrrrfc: 0.000000000 0.414468705 0.585531295
K:/ccrrrff: 0.000000000 0.613392002 0.386607998
K:/crc: 0.653241633 0.346758367 0.000000000
K:/crccrcc: 0.403208701 0.291261726 0.305529573
K:/crccrcf: 0.080837890 0.435838640 0.483323469
K:/crccrcr: 0.000000000 0.382210615 0.617789385
K:/crccrfc: 0.084739171 0.729201479 0.186059350
K:/crccrff: 0.297115391 0.125857178 0.577027431
K:/crccrfr: 0.000000000 0.957406848 0.042593152
K:/crccrrc: 0.000000000 0.526749964 0.473250036
K:/crccrrf: 0.000000000 0.076484728 0.923515272
K:/crcrccr: 0.000000000 0.402483214 0.597516786
K:/crcrcfr: 0.000000000 0.389278169 0.610721831
K:/crcrcrc: 0.000000000 0.179410821 0.820589179
K:/crcrcrf: 0.000000000 0.477711494 0.522288506
K:/crcrfcr: 0.000000000 0.558331549 0.441668451
K:/crcrffr: 0.000000000 0.340926596 0.659073404
K:/crcrfrc: 0.000000000 0.649295454 0.350704546
K:/crcrfrf: 0.000000000 0.077541886 0.922458114
K:/crcrrcc: 0.000000000 0.409100340 0.590899660
K:/crcrrcf: 0.000000000 0.999323651 0.000676349
K:/crcrrfc: 0.000000000 0.574962999 0.425037001
K:/crcrrff: 0.000000000 0.593776185 0.406223815
K:/crf: 0.580390303 0.103857184 0.315752512
K:/crfcrc: 0.281510467 0.089632760 0.628856774
K:/crfcrf: 0.388887783 0.561217845 0.049894373
K:/crfcrr: 0.000000000 0.899168516 0.100831484
K:/crfrcr: 0.000000000 0.480714358 0.519285642
K:/crfrfr: 0.000000000 0.893167974 0.106832026
K:/crfrrc: 0.000000000 0.285298274 0.714701726
K:/crfrrf: 0.000000000 0.550507144 0.449492856
K:/crr: 0.472187732 0.193168899 0.334643369
K:/crrccrc: 0.000000000 0.202580189 0.797419811
K:/crrccrf: 0.000000000 0.789660819 0.210339181
K:/crrcfrc: 0.000000000 0.991043445 0.008956555
K:/crrcfrf: 0.000000000 0.504201847 0.495798153
K:/crrcrcc: 0.000000000 0.407072961 0.592927039
K:/crrcrcf: 0.000000000 0.153329984 0.846670016
K:/crrcrfc: 0.000000000 0.477021073 0.522978927
K:/crrcrff: 0.000000000 0.260027272 0.739972728
K:/rcc: 0.000000000 0.546026345 0.453973655
K:/rccrccr: 0.000000000 0.669890839 0.330109161
K:/rccrcfr: 0.000000000 0.307385256 0.692614744
K:/rccrcrc: 0.000000000 0.919108741 0.080891259
K:/rccrcrf: 0.000000000 0.840583327 0.159416673
K:/rccrfcr: 0.000000000 0.566774318 0.433225682
K:/rccrffr: 0.000000000 0.743959935 0.256040065
K:/rccrfrc: 0.000000000 0.990771393 0.009228607
K:/rccrfrf: 0.000000000 0.247014427 0.752985573
K:/rccrrcc: 0.000000000 0.833538947 0.166461053
K:/rccrrcf: 0.000000000 0.259110380 0.740889620
K:/rccrrfc: 0.000000000 0.072478314 0.927521686
K:/rccrrff: 0.000000000 0.429217477 0.570782523
K:/rcf: 0.000720170 0.414050910 0.585228919
K:/rcfrcr: 0.000000000 0.461268204 0.538731796
K:/rcfrfr: 0.000000000 0.041353050 0.958646950
K:/rcfrrc: 0.000000000 0.494424651 0.505575349
K:/rcfrrf: 0.000000000 0.255893909 0.744106091
K:/rcr: 0.060574344 0.464603252 0.474822404
K:/rcrccrc: 0.000000000 0.367524674 0.632475326
K:/rcrccrf: 0.000000000 0.709627143 0.290372857
K:/rcrcfrc: 0.000000000 0.434224592 0.565775408
K:/rcrcfrf: 0.000000000 0.684680842 0.315319158
K:/rcrcrcc: 0.000000000 0.636871408 0.363128592
K:/rcrcrcf: 0.000000000 0.343794290 0.656205710
K:/rcrcrfc: 0.000000000 0.162020514 0.837979486
K:/rcrcrff: 0.000000000 0.361469679 0.638530321
K:/rfc: 0.000000000 0.440787734 0.559212266
K:/rfcrcr: 0.000000000 0.307333614 0.692666386
K:/rfcrfr: 0.000000000 0.000000000 1.000000000
K:/rfcrrc: 0.000000000 0.344945751 0.655054249
K:/rfcrrf: 0.000000000 0.530021877 0.469978123
K:/rff: 0.000000000 1.000000000 0.000000000
K:/rffrr: 0.000000000 0.000000000 1.000000000
K:/rfr: 0.000000000 0.337249301 0.662750699
K:/rfrcrc: 0.000000000 0.471720245 0.528279755
K:/rfrcrf: 0.000000000 0.472037660 0.527962340
K:/rrc: 0.104119172 0.042370953 0.853509875
K:/rrccrcc: 0.000000000 0.122759331 0.877240669
K:/rrccrcf: 0.000000000 0.468439061 0.531560939
K:/rrccrfc: 0.000000000 0.340574228 0.659425772
K:/rrccrff: 0.000000000 0.042264962 0.957735038
K:/rrf: 0.568128258 0.431871742 0.000000000
K:/rrfcrc: 0.000000000 0.940779229 0.059220771
K:/rrfcrf: 0.000000000 0.608236115 0.391763885
K:/rrr: 0.000000000 0.453524801 0.546475199
Q:/ccc: 0.000000000 1.000000000 0.000000000
Q:/cccrccr: 0.531119952 0.108378255 0.360501793
Q:/cccrccrccrc: 0.000000000 0.774737889 0.225262111
Q:/cccrccrccrf: 0.000000000 0.263716006 0.736283994
Q:/cccrccrcfrc: 0.000000000 0.413917624 0.586082376
Q:/cccrccrcfrf: 0.000000000 0.526980771 0.473019229
Q:/cccrccrcrcc: 0.000000000 0.424750712 0.575249288
Q:/cccrccrcrcf: 0.000000000 0.307834031 0.692165969
Q:/cccrccrcrfc: 0.000000000 0.011999897 0.988000103
Q:/cccrccrcrff: 0.000000000 0.324599703 0.675400297
Q:/cccrcfr: 0.436909189 0.272930448 0.290160362
Q:/cccrcfrcrc: 0.000000000 0.348431057 0.651568943
Q:/cccrcfrcrf: 0.000000000 0.040454146 0.959545854
Q:/cccrcrc: 0.459548735 0.327606307 0.212844958
Q:/cccrcrccrcc: 0.000000000 0.242502925 0.757497075
Q:/cccrcrccrcf: 0.000000000 0.542618455 0.457381545
Q:/cccrcrccrfc: 0.000000000 0.423467938 0.576532062
Q:/cccrcrccrff: 0.000000000 0.161509348 0.838490652
Q:/cccrcrf: 0.178020923 0.238706412 0.583272666
Q:/cccrcrfcrc: 0.000000000 0.361317400 0.638682600
Q:/cccrcrfcrf: 0.000000000 0.544727958 0.455272042
Q:/cccrcrr: 0.000000000 0.136046276 0.863953724
Q:/cccrfcr: 0.770820373 0.000000031 0.229179596
Q:/cccrfcrcrc: 0.000000000 0.709238584 0.290761416
Q:/cccrfcrcrf: 0.000000000 0.654218524 0.345781476
Q:/cccrffr: 0.087347617 0.585069978 0.327582405
Q:/cccrfrc: 0.999999769 0.000000147 0.000000085
Q:/cccrfrf: 0.478883587 0.241772265 0.279344148
Q:/cccrfrr: 0.000000000 0.671545792 0.328454208
Q:/cccrrcc: 0.601616972 0.127196547 0.271186480
Q:/cccrrcf: 0.348586589 0.180462585 0.470950826
Q:/cccrrcr: 0.000000000 0.229087217 0.770912783
Q:/cccrrfc: 0.370758292 0.550423101 0.078818607
Q:/cccrrff: 0.403723931 0.036968875 0.559307194
Q:/cccrrfr: 0.000000000 0.416388243 0.583611757
Q:/cccrrrc: 0.000000000 0.079737851 0.920262149
Q:/cccrrrf: 0.000000000 0.230639093 0.769360907
Q:/ccr: 0.000000000 0.000000000 1.000000000
Q:/ccrccrc: 0.145282726 0.452163906 0.402553368
Q:/ccrccrccrcc: 0.000000000 0.879522390 0.120477610
Q:/ccrccrccrcf: 0.000000000 0.364462962 0.635537038
Q:/ccrccrccrfc: 0.000000000 0.673051858 0.326948142
Q:/ccrccrccrff: 0.000000000 0.273131616 0.726868384
Q:/ccrccrf: 0.040954334 0.269302030 0.689743635
Q:/ccrccrfcrc: 0.000000000 0.578045985 0.421954015
Q:/ccrccrfcrf: 0.000000000 0.277453722 0.722546278
Q:/ccrccrr: 0.000000000 0.483140431 0.516859569
Q:/ccrcfrc: 0.407415491 0.427854940 0.164729569
Q:/ccrcfrf: 0.088631933 0.544867405 0.366500662
Q:/ccrcfrr: 0.000000000 0.816702225 0.183297775
Q:/ccrcrcc: 0.108001293 0.441263252 0.450735454
Q:/ccrcrcf: 0.447505214 0.335353157 0.217141629
Q:/ccrcrcr: 0.000000000 0.933703772 0.066296228
Q:/ccrcrfc: 0.550512091 0.300042325 0.149445584
Q:/ccrcrff: 0.004989315 0.485479951 0.509530733
Q:/ccrcrfr: 0.000000000 0.755570939 0.244429061
Q:/ccrcrrc: 0.000000000 0.313324544 0.686675456
Q:/ccrcrrf: 0.000000000 0.692679340 0.307320660
Q:/ccrrccr: 0.000000000 0.551916238 0.448083762
Q:/ccrrcfr: 0.000000000 0.661709730 0.338290270
Q:/ccrrcrc: 0.000000000 0.436036674 0.563963326
Q:/ccrrcrf: 0.000000000 0.554828603 0.445171397
Q:/ccrrfcr: 0.000000000 0.622771651 0.377228349
Q:/ccrrffr: 0.000000000 0.378178541 0.621821459
Q:/ccrrfrc: 0.000000000 0.136747358 0.863252642
Q:/ccrrfrf: 0.000000000 0.538147130 0.461852870
Q:/ccrrrcc: 0.000000000 0.218086987 0.781913013
Q:/ccrrrcf: 0.000000000 0.370329598 0.629670402
Q:/ccrrrfc: 0.000000000 0.331390171 0.668609829
Q:/ccrrrff: 0.000000000 0.369015587 0.630984413
Q:/crc: 0.018271632 0.000004773 0.981723596
Q:/crccrcc: 0.347306935 0.532313837 0.120379229
Q:/crccrcf: 0.256709776 0.083601900 0.659688323
Q:/crccrcr: 0.000000000 0.172998525 0.827001475
Q:/crccrfc: 0.000001419 0.456210272 0.543788310
Q:/crccrff: 0.392174907 0.223948422 0.383876672
Q:/crccrfr: 0.000000000 0.034541810 0.965458190
Q:/crccrrc: 0.000000000 0.503146262 0.496853738
Q:/crccrrf: 0.000000000 0.278750700 0.721249300
Q:/crcrccr: 0.000000000 0.448701281 0.551298719
Q:/crcrcfr: 0.000000000 0.507093821 0.492906179
Q:/crcrcrc: 0.000000000 0.715215724 0.284784276
Q:/crcrcrf: 0.000000000 0.554967892 0.445032108
Q:/crcrfcr: 0.000000000 0.304434401 0.695565599
Q:/crcrffr: 0.000000000 0.443672866 0.556327134
Q:/crcrfrc: 0.000000000 0.474638564 0.525361436
Q:/crcrfrf: 0.000000000 0.622631547 0.377368453
Q:/crcrrcc: 0.000000000 0.680786557 0.319213443
Q:/crcrrcf: 0.000000000 0.944760407 0.055239593
Q:/crcrrfc: 0.000000000 0.295813051 0.704186949
Q:/crcrrff: 0.000000000 0.999983694 0.000016306
Q:/crf: 0.000132139 0.015773163 0.984094699
Q:/crfcrc: 0.529167001 0.346568230 0.124264770
Q:/crfcrf: 0.595221831 0.049732237 0.355045932
Q:/crfcrr: 0.000000000 0.418356566 0.581643434
Q:/crfrcr: 0.000000000 0.043984137 0.956015863
Q:/crfrfr: 0.000000000 0.262366948 0.737633052
Q:/crfrrc: 0.000000000 0.242290411 0.757709589
Q:/crfrrf: 0.000000000 0.921688528 0.078311472
Q:/crr: 0.000000000 0.000000000 1.000000000
Q:/crrccrc: 0.000000000 0.581917135 0.418082865
Q:/crrccrf: 0.000000000 0.769968558 0.230031442
Q:/crrcfrc: 0.000000000 0.507262713 0.492737287
Q:/crrcfrf: 0.000000000 0.582711006 0.417288994
Q:/crrcrcc: 0.000000000 0.199869991 0.800130009
Q:/crrcrcf: 0.000000000 0.579924029 0.420075971
Q:/crrcrfc: 0.000000000 0.064007380 0.935992620
Q:/crrcrff: 0.000000000 0.885949350 0.114050650
Q:/rcc: 0.009366954 0.965046963 0.025586082
Q:/rccrccr: 0.000000000 0.399685142 0.600314858
Q:/rccrcfr: 0.000000000 0.327906234 0.672093766
Q:/rccrcrc: 0.000000000 0.111243706 0.888756294
Q:/rccrcrf: 0.000000000 0.317954960 0.682045040
Q:/rccrfcr: 0.000000000 0.618911702 0.381088298
Q:/rccrffr: 0.000000000 0.422169483 0.577830517
Q:/rccrfrc: 0.000000000 0.269913701 0.730086299
Q:/rccrfrf: 0.000000000 0.694383287 0.305616713
Q:/rccrrcc: 0.000000000 0.278333236 0.721666764
Q:/rccrrcf: 0.000000000 0.102093127 0.897906873
Q:/rccrrfc: 0.000000000 0.008936054 0.991063946
Q:/rccrrff: 0.000000000 0.276622154 0.723377846
Q:/rcf: 0.000000000 0.902618275 0.097381725
Q:/rcfrcr: 0.000000000 0.324883955 0.675116045
Q:/rcfrfr: 0.000000000 0.241481105 0.758518895
Q:/rcfrrc: 0.000000000 0.167027665 0.832972335
Q:/rcfrrf: 0.000000000 0.298639725 0.701360275
Q:/rcr: 0.196304286 0.229667057 0.574028657
Q:/rcrccrc: 0.000000000 0.201535197 0.798464803
Q:/rcrccrf: 0.000000000 0.519189171 0.480810829
Q:/rcrcfrc: 0.000000000 0.846117463 0.153882537
Q:/rcrcfrf: 0.000000000 0.247855391 0.752144609
Q:/rcrcrcc: 0.000000000 0.508019689 0.491980311
Q:/rcrcrcf: 0.000000000 0.483759962 0.516240038
Q:/rcrcrfc: 0.000000000 0.286589270 0.713410730
Q:/rcrcrff: 0.000000000 0.504542539 0.495457461
Q:/rfc: 0.177144151 0.000000000 0.822855849
Q:/rfcrcr: 0.000000000 0.000007229 0.999992771
Q:/rfcrfr: 0.000000000 0.000000000 1.000000000
Q:/rfcrrc: 0.000000000 0.647318015 0.352681985
Q:/rfcrrf: 0.000000000 0.149657862 0.850342138
Q:/rff: 0.000000000 1.000000000 0.000000000
Q:/rffrr: 0.000000000 0.000000000 1.000000000
Q:/rfr: 0.000000000 0.000000000 1.000000000
Q:/rfrcrc: 0.000000000 0.000000000 1.000000000
Q:/rfrcrf: 0.000000000 0.000000000 1.000000000
Q:/rrc: 0.003039353 0.446338414 0.550622233
Q:/rrccrcc: 0.000000000 0.606658937 0.393341063
Q:/rrccrcf: 0.000000000 0.808394862 0.191605138
Q:/rrccrfc: 0.000000000 0.634078095 0.365921905
Q:/rrccrff: 0.000000000 0.054349045 0.945650955
Q:/rrf: 0.717051122 0.282948878 0.000000000
Q:/rrfcrc: 0.000000000 0.423878103 0.576121897
Q:/rrfcrf: 0.000000000 0.357325422 0.642674578
Q:/rrr: 0.000000000 0.451788408 0.548211592
T:/ccc: 0.000000000 1.000000000 0.000000000
T:/cccrccr: 0.794186978 0.000000000 0.205813022
T:/cccrccrccrc: 0.000000000 0.369273812 0.630726188
T:/cccrccrccrf: 0.000000000 0.849480249 0.150519751
T:/cccrccrcfrc: 0.000000000 0.528984040 0.471015960
T:/cccrccrcfrf: 0.000000000 0.573205312 0.426794688
T:/cccrccrcrcc: 0.000000000 0.788789598 0.211210402
T:/cccrccrcrcf: 0.000000000 0.513994129 0.486005871
T:/cccrccrcrfc: 0.000000000 0.743810545 0.256189455
T:/cccrccrcrff: 0.000000000 0.000000000 1.000000000
T:/cccrcfr: 0.893039308 0.000057199 0.106903493
T:/cccrcfrcrc: 0.000000000 0.238729233 0.761270767
T:/cccrcfrcrf: 0.000000000 0.535331674 0.464668326
T:/cccrcrc: 0.493092672 0.382477416 0.124429912
T:/cccrcrccrcc: 0.000000000 0.610286947 0.389713053
T:/cccrcrccrcf: 0.000000000 0.022302150 0.977697850
T:/cccrcrccrfc: 0.000000000 0.365749866 0.634250134
T:/cccrcrccrff: 0.000000000 0.298460050 0.701539950
T:/cccrcrf: 0.161254660 0.454867690 0.383877650
T:/cccrcrfcrc: 0.000000000 0.216160663 0.783839337
T:/cccrcrfcrf: 0.000000000 0.613511726 0.386488274
T:/cccrcrr: 0.000000000 0.977412077 0.022587923
T:/cccrfcr: 0.435719209 0.134165742 0.430115049
T:/cccrfcrcrc: 0.000000000 0.674420681 0.325579319
T:/cccrfcrcrf: 0.000000000 0.577018606 0.422981394
T:/cccrffr: 0.226543404 0.188851217 0.584605379
T:/cccrfrc: 0.530481874 0.158579319 0.310938806
T:/cccrfrf: 0.499386238 0.414685727 0.085928035
T:/cccrfrr: 0.000000000 0.230144329 0.769855671
T:/cccrrcc: 0.153850150 0.660191255 0.185958596
T:/cccrrcf: 0.240140222 0.548388158 0.211471620
T:/cccrrcr: 0.000000000 0.796132424 0.203867576
T:/cccrrfc: 0.132992511 0.058039163 0.808968326
T:/cccrrff: 0.082739728 0.760586993 0.156673279
T:/cccrrfr: 0.000000000 0.283103417 0.716896583
T:/cccrrrc: 0.000000000 0.220554432 0.779445568
T:/cccrrrf: 0.000000000 0.715871723 0.284128277
T:/ccr: 0.000000000 0.000000000 1.000000000
T:/ccrccrc: 0.572798830 0.064468059 0.362733111
T:/ccrccrccrcc: 0.000000000 0.574720789 0.425279211
T:/ccrccrccrcf: 0.000000000 0.484693602 0.515306398
T:/ccrccrccrfc: 0.000000000 0.574547867 0.425452133
T:/ccrccrccrff: 0.000000000 0.522753538 0.477246462
T:/ccrccrf: 0.493399460 0.139592554 0.367007985
T:/ccrccrfcrc: 0.000000000 0.791679110 0.208320890
T:/ccrccrfcrf: 0.000000000 0.533912752 0.466087248
T:/ccrccrr: 0.000000000 0.530090292 0.469909708
T:/ccrcfrc: 0.385492566 0.380611624 0.233895810
T:/ccrcfrf: 0.279341773 0.429718623 0.290939605
T:/ccrcfrr: 0.000000000 0.758362656 0.241637344
T:/ccrcrcc: 0.108703338 0.438472684 0.452823978
T:/ccrcrcf: 0.235717614 0.450880897 0.313401489
T:/ccrcrcr: 0.000000000 0.167956279 0.832043721
T:/ccrcrfc: 0.397947054 0.255991373 0.346061573
T:/ccrcrff: 0.216195354 0.483454461 0.300350185
T:/ccrcrfr: 0.000000000 0.839042035 0.160957965
T:/ccrcrrc: 0.000000000 0.676292884 0.323707116
T:/ccrcrrf: 0.000000000 0.471202947 0.528797053
T:/ccrrccr: 0.000000000 0.099000931 0.900999069
T:/ccrrcfr: 0.000000000 0.328502191 0.671497809
T:/ccrrcrc: 0.000000000 0.224946560 0.775053440
T:/ccrrcrf: 0.000000000 0.437364698 0.562635302
T:/ccrrfcr: 0.000000000 0.347549616 0.652450384
T:/ccrrffr: 0.000000000 0.397801770 0.602198230
T:/ccrrfrc: 0.000000000 0.440306705 0.559693295
T:/ccrrfrf: 0.000000000 0.942301336 0.057698664
T:/ccrrrcc: 0.000000000 0.000000000 1.000000000
T:/ccrrrcf: 0.000000000 0.417731862 0.582268138
T:/ccrrrfc: 0.000000000 0.836686332 0.163313668
T:/ccrrrff: 0.000000000 0.205993066 0.794006934
T:/crc: 0.467383433 0.169117711 0.363498856
T:/crccrcc: 0.360514248 0.319176512 0.320309240
T:/crccrcf: 0.398906763 0.182235048 0.418858188
T:/crccrcr: 0.000000000 0.491252314 0.508747686
T:/crccrfc: 0.301532497 0.276362612 0.422104891
T:/crccrff: 0.292498966 0.444331790 0.263169245
T:/crccrfr: 0.000000000 0.290275354 0.709724646
T:/crccrrc: 0.000000000 0.475236285 0.524763715
T:/crccrrf: 0.000000000 0.539512566 0.460487434
T:/crcrccr: 0.000000000 0.122941697 0.877058303
T:/crcrcfr: 0.000000000 0.828626003 0.171373997
T:/crcrcrc: 0.000000000 0.692356632 0.307643368
T:/crcrcrf: 0.000000000 0.723838591 0.276161409
T:/crcrfcr: 0.000000000 0.853546978 0.146453022
T:/crcrffr: 0.000000000 0.732624534 0.267375466
T:/crcrfrc: 0.000000000 0.220411741 0.779588259
T:/crcrfrf: 0.000000000 0.703024892 0.296975108
T:/crcrrcc: 0.000000000 0.439592746 0.560407254
T:/crcrrcf: 0.000000000 0.502539785 0.497460215
T:/crcrrfc: 0.000000000 0.028591192 0.971408808
T:/crcrrff: 0.000000000 0.699603019 0.300396981
T:/crf: 0.000000000 0.000000000 1.000000000
T:/crfcrc: 0.329112204 0.128814093 0.542073703
T:/crfcrf: 0.318712390 0.173138956 0.508148655
T:/crfcrr: 0.000000000 0.401323081 0.598676919
T:/crfrcr: 0.000000000 0.933830414 0.066169586
T:/crfrfr: 0.000000000 0.151399673 0.848600327
T:/crfrrc: 0.000000000 0.122376452 0.877623548
T:/crfrrf: 0.000000000 0.404966687 0.595033313
T:/crr: 0.141659512 0.107374064 0.750966424
T:/crrccrc: 0.000000000 0.611436594 0.388563406
T:/crrccrf: 0.000000000 0.500424497 0.499575503
T:/crrcfrc: 0.000000000 0.940852860 0.059147140
T:/crrcfrf: 0.000000000 0.199747773 0.800252227
T:/crrcrcc: 0.000000000 0.671158412 0.328841588
T:/crrcrcf: 0.000000000 0.320962714 0.679037286
T:/crrcrfc: 0.000000000 0.484729253 0.515270747
T:/crrcrff: 0.000000000 0.869501009 0.130498991
T:/rcc: 0.014430828 0.921848247 0.063720925
T:/rccrccr: 0.000000000 0.422623142 0.577376858
T:/rccrcfr: 0.000000000 0.761585938 0.238414062
T:/rccrcrc: 0.000000000 0.027641611 0.972358389
T:/rccrcrf: 0.000000000 0.863574713 0.136425287
T:/rccrfcr: 0.000000000 0.376781047 0.623218953
T:/rccrffr: 0.000000000 0.589268216 0.410731784
T:/rccrfrc: 0.000000000 0.057083209 0.942916791
T:/rccrfrf: 0.000000000 0.590692997 0.409307003
T:/rccrrcc: 0.000000000 0.881971268 0.118028732
T:/rccrrcf: 0.000000000 0.080130054 0.919869946
T:/rccrrfc: 0.000000000 0.972405713 0.027594287
T:/rccrrff: 0.000000000 0.739478054 0.260521946
T:/rcf: 0.000000000 0.357219673 0.642780327
T:/rcfrcr: 0.000000000 0.707155206 0.292844794
T:/rcfrfr: 0.000000000 0.776586826 0.223413174
T:/rcfrrc: 0.000000000 0.538808836 0.461191164
T:/rcfrrf: 0.000000000 0.346642952 0.653357048
T:/rcr: 0.236331448 0.364601852 0.399066700
T:/rcrccrc: 0.000000000 0.212906300 0.787093700
T:/rcrccrf: 0.000000000 0.558561849 0.441438151
T:/rcrcfrc: 0.000000000 0.440254788 0.559745212
T:/rcrcfrf: 0.000000000 0.647789816 0.352210184
T:/rcrcrcc: 0.000000000 0.650611234 0.349388766
T:/rcrcrcf: 0.000000000 0.210188719 0.789811281
T:/rcrcrfc: 0.000000000 0.435124444 0.564875556
T:/rcrcrff: 0.000000000 0.610414873 0.389585127
T:/rfc: 0.000203867 0.000000000 0.999796133
T:/rfcrcr: 0.000000000 0.065631052 0.934368948
T:/rfcrfr: 0.000000000 0.000000000 1.000000000
T:/rfcrrc: 0.000000000 0.740072956 0.259927044
T:/rfcrrf: 0.000000000 0.138483293 0.861516707
T:/rff: 0.390908091 0.000000000 0.609091909
T:/rffrr: 0.000000000 0.000000000 1.000000000
T:/rfr: 0.000000000 0.000000000 1.000000000
T:/rfrcrc: 0.000000000 0.625638316 0.374361684
T:/rfrcrf: 0.000000000 0.268447228 0.731552772
T:/rrc: 0.200534213 0.433910049 0.365555738
T:/rrccrcc: 0.000000000 0.592470587 0.407529413
T:/rrccrcf: 0.000000000 0.280597739 0.719402261
T:/rrccrfc: 0.000000000 0.392745158 0.607254842
T:/rrccrff: 0.000000000 0.264148553 0.735851447
T:/rrf: 0.615230169 0.384769831 0.000000000
T:/rrfcrc: 0.000000000 0.811154012 0.188845988
T:/rrfcrf: 0.000000000 0.326306988 0.673693012
T:/rrr: 0.000000000 0.236523131 0.763476869
