2:/: 0.452130083 0.547869917 0.000000000
2:/ccr: 0.070717103 0.000064765 0.929218132
2:/ccrcrc: 0.000357166 0.550207436 0.449435398
2:/ccrcrf: 0.191822214 0.313984020 0.494193767
2:/ccrcrr: 0.000000000 0.265696560 0.734303440
2:/ccrrcr: 0.000000000 0.677696796 0.322303204
2:/ccrrfr: 0.000000000 0.201149617 0.798850383
2:/ccrrrc: 0.000000000 0.269415406 0.730584594
2:/ccrrrf: 0.000000000 0.743679764 0.256320236
2:/crc: 0.000439521 0.000000000 0.999560479
2:/crcrcr: 0.000000000 0.798629768 0.201370232
2:/crcrfr: 0.000000000 0.685689914 0.314310086
2:/crcrrc: 0.000000000 0.154940790 0.845059210
2:/crcrrf: 0.000000000 0.000000000 1.000000000
2:/crf: 0.000612210 0.000385012 0.999002777
2:/crfrr: 0.000000000 0.000000000 1.000000000
2:/crr: 0.481661139 0.162985817 0.355353044
2:/crrcrc: 0.000000000 0.380643923 0.619356077
2:/crrcrf: 0.000000000 0.232628153 0.767371847
2:/rcr: 0.201970179 0.202154860 0.595874961
2:/rcrcrc: 0.000000000 0.564940297 0.435059703
2:/rcrcrf: 0.000000000 0.520476094 0.479523906
2:/rfr: 0.056794704 0.743882022 0.199323274
2:/rrc: 0.000051005 0.458828627 0.541120369
2:/rrf: 0.000081912 0.000509384 0.999408704
2:/rrr: 0.000000000 0.047478864 0.952521136
3:/: 0.305564980 0.694435020 0.000000000
3:/ccr: 0.000024783 0.000000536 0.999974682
3:/ccrcrc: 0.182515980 0.486962576 0.330521444
3:/ccrcrf: 0.130239586 0.322023347 0.547737068
3:/ccrcrr: 0.000000000 0.267442015 0.732557985
3:/ccrrcr: 0.000000000 0.214638775 0.785361225
3:/ccrrfr: 0.000000000 0.216157283 0.783842717
3:/ccrrrc: 0.000000000 0.080683628 0.919316372
3:/ccrrrf: 0.000000000 0.458286067 0.541713933
3:/crc: 0.021943474 0.000000000 0.978056526
3:/crcrcr: 0.000000000 1.000000000 0.000000000
3:/crcrfr: 0.000000000 0.704926463 0.295073537
3:/crcrrc: 0.000000000 0.142754631 0.857245369
3:/crcrrf: 0.000000000 0.088535832 0.911464168
3:/crf: 0.028371586 0.062587224 0.909041191
3:/crfrr: 0.000000000 0.000966208 0.999033792
3:/crr: 0.000026556 0.315269770 0.684703674
3:/crrcrc: 0.000000000 0.442392246 0.557607754
3:/crrcrf: 0.000000000 0.572575587 0.427424413
3:/rcr: 0.334650343 0.166154311 0.499195346
3:/rcrcrc: 0.000000000 0.647941273 0.352058727
3:/rcrcrf: 0.000000000 0.366339865 0.633660135
3:/rfr: 0.304084553 0.395934909 0.299980537
3:/rrc: 0.000004284 0.000011087 0.999984629
3:/rrf: 0.000081912 0.000549254 0.999368834
3:/rrr: 0.000000000 0.410635722 0.589364278
4:/: 0.000274355 0.999725645 0.000000000
4:/ccr: 0.358828539 0.000118490 0.641052971
4:/ccrcrc: 0.014345860 0.223422944 0.762231195
4:/ccrcrf: 0.029785355 0.416143891 0.554070753
4:/ccrcrr: 0.000000000 0.254973382 0.745026618
4:/ccrrcr: 0.000000000 0.999348690 0.000651310
4:/ccrrfr: 0.000000000 0.487575988 0.512424012
4:/ccrrrc: 0.000000000 0.107871045 0.892128955
4:/ccrrrf: 0.000000000 0.638626827 0.361373173
4:/crc: 0.000085500 0.000000000 0.999914500
4:/crcrcr: 0.000000000 0.773232187 0.226767813
4:/crcrfr: 0.000000000 0.458330102 0.541669898
4:/crcrrc: 0.000000000 0.211450212 0.788549788
4:/crcrrf: 0.000000000 0.589534396 0.410465604
4:/crf: 0.003249391 0.247721514 0.749029095
4:/crfrr: 0.000000000 0.000963589 0.999036411
4:/crr: 0.098031458 0.285162706 0.616805836
4:/crrcrc: 0.000000000 0.731636531 0.268363469
4:/crrcrf: 0.000000000 0.245203061 0.754796939
4:/rcr: 0.623030555 0.117383996 0.259585449
4:/rcrcrc: 0.000000000 0.873185586 0.126814414
4:/rcrcrf: 0.000000000 0.603895574 0.396104426
4:/rfr: 0.131131764 0.341826481 0.527041755
4:/rrc: 0.000059715 0.406332257 0.593608028
4:/rrf: 0.240026484 0.001420467 0.758553049
4:/rrr: 0.000000000 0.283908969 0.716091031
5:/: 0.000470124 0.999529876 0.000000000
5:/ccr: 0.591449968 0.000117516 0.408432515
5:/ccrcrc: 0.154276707 0.309399029 0.536324264
5:/ccrcrf: 0.248768672 0.375498198 0.375733130
5:/ccrcrr: 0.000000000 0.160310578 0.839689422
5:/ccrrcr: 0.000000000 0.422306808 0.577693192
5:/ccrrfr: 0.000000000 0.694687503 0.305312497
5:/ccrrrc: 0.000000000 0.075390649 0.924609351
5:/ccrrrf: 0.000000000 0.749875548 0.250124452
5:/crc: 0.000200463 0.000000000 0.999799537
5:/crcrcr: 0.000000000 1.000000000 0.000000000
5:/crcrfr: 0.000000000 0.794569941 0.205430059
5:/crcrrc: 0.000000000 0.145329105 0.854670895
5:/crcrrf: 0.000000000 0.222666308 0.777333692
5:/crf: 0.001704274 0.111429274 0.886866451
5:/crfrr: 0.000000000 0.000970470 0.999029530
5:/crr: 0.000341225 0.197441090 0.802217686
5:/crrcrc: 0.000000000 0.501248039 0.498751961
5:/crrcrf: 0.000000000 0.821078094 0.178921906
5:/rcr: 0.191943291 0.093323518 0.714733191
5:/rcrcrc: 0.000000000 0.889611955 0.110388045
5:/rcrcrf: 0.000000000 0.000014179 0.999985821
5:/rfr: 0.251014296 0.543478259 0.205507445
5:/rrc: 0.000059386 0.171832544 0.828108070
5:/rrf: 0.000090701 0.000536903 0.999372397
5:/rrr: 0.000000000 0.391470876 0.608529124
6:/: 0.000000000 1.000000000 0.000000000
6:/ccr: 0.617008973 0.000118809 0.382872219
6:/ccrcrc: 0.088293470 0.497852242 0.413854288
6:/ccrcrf: 0.297240443 0.297558124 0.405201434
6:/ccrcrr: 0.000000000 0.228694689 0.771305311
6:/ccrrcr: 0.000000000 0.655299672 0.344700328
6:/ccrrfr: 0.000000000 0.073089928 0.926910072
6:/ccrrrc: 0.000000000 0.336211678 0.663788322
6:/ccrrrf: 0.000000000 0.525487686 0.474512314
6:/crc: 0.000148626 0.000000000 0.999851374
6:/crcrcr: 0.000000000 1.000000000 0.000000000
6:/crcrfr: 0.000000000 0.240295131 0.759704869
6:/crcrrc: 0.000000000 0.081426393 0.918573607
6:/crcrrf: 0.000000000 0.000000000 1.000000000
6:/crf: 0.003557993 0.271388540 0.725053467
6:/crfrr: 0.000000000 0.000982518 0.999017482
6:/crr: 0.000006564 0.812785535 0.187207901
6:/crrcrc: 0.000000000 0.336713597 0.663286403
6:/crrcrf: 0.000000000 0.581432047 0.418567953
6:/rcr: 0.000021996 0.154882562 0.845095442
6:/rcrcrc: 0.000000000 0.055034638 0.944965362
6:/rcrcrf: 0.000000000 0.736280564 0.263719436
6:/rfr: 0.410480404 0.251443503 0.338076093
6:/rrc: 0.000059919 0.001798540 0.998141541
6:/rrf: 0.000159131 0.000074063 0.999766806
6:/rrr: 0.000000000 0.364435219 0.635564781
7:/: 0.000000000 1.000000000 0.000000000
7:/ccr: 0.370148898 0.000114574 0.629736528
7:/ccrcrc: 0.099474677 0.427643299 0.472882023
7:/ccrcrf: 0.386106192 0.176783038 0.437110770
7:/ccrcrr: 0.000000000 0.230983876 0.769016124
7:/ccrrcr: 0.000000000 0.633959545 0.366040455
7:/ccrrfr: 0.000000000 0.358155855 0.641844145
7:/ccrrrc: 0.000000000 0.463424362 0.536575638
7:/ccrrrf: 0.000000000 0.248980944 0.751019056
7:/crc: 0.000108189 0.000000000 0.999891811
7:/crcrcr: 0.000000000 1.000000000 0.000000000
7:/crcrfr: 0.000000000 0.303522396 0.696477604
7:/crcrrc: 0.000000000 0.043977232 0.956022768
7:/crcrrf: 0.000000000 0.240155059 0.759844941
7:/crf: 0.003116054 0.287140053 0.709743892
7:/crfrr: 0.000000000 0.000978438 0.999021562
7:/crr: 0.527702798 0.191072598 0.281224604
7:/crrcrc: 0.000000000 0.781037395 0.218962605
7:/crrcrf: 0.000000000 0.040928694 0.959071306
7:/rcr: 0.345939206 0.000014101 0.654046693
7:/rcrcrc: 0.000000000 0.101462998 0.898537002
7:/rcrcrf: 0.000000000 0.809908391 0.190091609
7:/rfr: 0.438279558 0.526041251 0.035679191
7:/rrc: 0.000004311 0.000011170 0.999984520
7:/rrf: 0.000126440 0.000626153 0.999247407
7:/rrr: 0.000000000 0.123022679 0.876977321
8:/: 0.000000000 1.000000000 0.000000000
8:/ccr: 0.731510622 0.000102524 0.268386854
8:/ccrcrc: 0.011335135 0.757362124 0.231302742
8:/ccrcrf: 0.312031781 0.317654706 0.370313513
8:/ccrcrr: 0.000000000 0.000007678 0.999992322
8:/ccrrcr: 0.000000000 0.831459232 0.168540768
8:/ccrrfr: 0.000000000 0.228621088 0.771378912
8:/ccrrrc: 0.000000000 0.646285764 0.353714236
8:/ccrrrf: 0.000000000 0.489273178 0.510726822
8:/crc: 0.000008778 0.000000000 0.999991222
8:/crcrcr: 0.000000000 1.000000000 0.000000000
8:/crcrfr: 0.000000000 0.050898509 0.949101491
8:/crcrrc: 0.000000000 0.041029264 0.958970736
8:/crcrrf: 0.000000000 0.152091530 0.847908470
8:/crf: 0.003832309 0.525549555 0.470618137
8:/crfrr: 0.000000000 0.001025071 0.998974929
8:/crr: 0.079975539 0.761904797 0.158119664
8:/crrcrc: 0.000000000 0.445687711 0.554312289
8:/crrcrf: 0.000000000 0.743026653 0.256973347
8:/rcr: 0.887714604 0.001015893 0.111269502
8:/rcrcrc: 0.000000000 0.236100677 0.763899323
8:/rcrcrf: 0.000000000 0.353824945 0.646175055
8:/rfr: 0.663345688 0.221021051 0.115633262
8:/rrc: 0.000004310 0.000011169 0.999984521
8:/rrf: 0.000127090 0.000610938 0.999261973
8:/rrr: 0.000000000 0.154610681 0.845389319
9:/: 0.000000000 1.000000000 0.000000000
9:/ccr: 0.538262308 0.000108149 0.461629543
9:/ccrcrc: 0.244614404 0.446977005 0.308408591
9:/ccrcrf: 0.374012848 0.464058186 0.161928966
9:/ccrcrr: 0.000000000 0.565565774 0.434434226
9:/ccrrcr: 0.000000000 0.067685125 0.932314875
9:/ccrrfr: 0.000000000 0.198016609 0.801983391
9:/ccrrrc: 0.000000000 0.655895429 0.344104571
9:/ccrrrf: 0.000000000 0.929380197 0.070619803
9:/crc: 0.000000000 0.000000000 1.000000000
9:/crcrcr: 0.000000000 1.000000000 0.000000000
9:/crcrfr: 0.000000000 0.656930541 0.343069459
9:/crcrrc: 0.000000000 0.167970524 0.832029476
9:/crcrrf: 0.000000000 0.407653404 0.592346596
9:/crf: 0.001718283 0.631080157 0.367201560
9:/crfrr: 0.000000000 0.463165726 0.536834274
9:/crr: 0.000048207 0.552596869 0.447354924
9:/crrcrc: 0.000000000 0.563444095 0.436555905
9:/crrcrf: 0.000000000 0.660612373 0.339387627
9:/rcr: 0.028483802 0.000004322 0.971511875
9:/rcrcrc: 0.000000000 0.834592061 0.165407939
9:/rcrcrf: 0.000000000 0.630096651 0.369903349
9:/rfr: 0.278092258 0.296086475 0.425821267
9:/rrc: 0.000059685 0.012643480 0.987296836
9:/rrf: 0.000162945 0.000530190 0.999306865
9:/rrr: 0.000000000 0.288533563 0.711466437
A:/: 0.840462459 0.159537541 0.000000000
A:/ccr: 0.702181221 0.012016224 0.285802556
A:/ccrcrc: 0.654374325 0.215126860 0.130498816
A:/ccrcrf: 0.059962317 0.373990499 0.566047184
A:/ccrcrr: 0.000000000 0.654480366 0.345519634
A:/ccrrcr: 0.000000000 0.752081795 0.247918205
A:/ccrrfr: 0.000000000 0.108200858 0.891799142
A:/ccrrrc: 0.000000000 0.549097740 0.450902260
A:/ccrrrf: 0.000000000 0.172631620 0.827368380
A:/crc: 0.724571373 0.275428627 0.000000000
A:/crcrcr: 0.000000000 1.000000000 0.000000000
A:/crcrfr: 0.000000000 0.311620195 0.688379805
A:/crcrrc: 0.000000000 0.983821650 0.016178350
A:/crcrrf: 0.000000000 0.869889606 0.130110394
A:/crf: 0.999992112 0.000007888 0.000000000
A:/crfrr: 0.000000000 0.920464830 0.079535170
A:/crr: 0.728066045 0.221232080 0.050701874
A:/crrcrc: 0.000000000 0.592466563 0.407533437
A:/crrcrf: 0.000000000 0.846432240 0.153567760
A:/rcr: 0.649636309 0.350363691 0.000000000
A:/rcrcrc: 0.000000000 0.993249579 0.006750421
A:/rcrcrf: 0.000000000 0.905635610 0.094364390
A:/rfr: 0.425227422 0.078234259 0.496538319
A:/rrc: 0.602407793 0.397592207 0.000000000
A:/rrf: 0.187691629 0.728367200 0.083941171
A:/rrr: 0.000000000 0.833978301 0.166021699
J:/: 0.000229431 0.999770569 0.000000000
J:/ccr: 0.920182529 0.000138699 0.079678772
J:/ccrcrc: 0.361099465 0.433781562 0.205118973
J:/ccrcrf: 0.636534513 0.173615850 0.189849636
J:/ccrcrr: 0.000000000 0.679421556 0.320578444
J:/ccrrcr: 0.000000000 0.387424648 0.612575352
J:/ccrrfr: 0.000000000 0.468098720 0.531901280
J:/ccrrrc: 0.000000000 0.767358261 0.232641739
J:/ccrrrf: 0.000000000 0.645536483 0.354463517
J:/crc: 0.000000000 0.000000000 1.000000000
J:/crcrcr: 0.000000000 1.000000000 0.000000000
J:/crcrfr: 0.000000000 0.470038100 0.529961900
J:/crcrrc: 0.000000000 0.221710785 0.778289215
J:/crcrrf: 0.000000000 0.369344871 0.630655129
J:/crf: 0.000687170 0.886687122 0.112625708
J:/crfrr: 0.000000000 0.430861860 0.569138140
J:/crr: 0.470622346 0.514356073 0.015021581
J:/crrcrc: 0.000000000 0.685479773 0.314520227
J:/crrcrf: 0.000000000 0.561266166 0.438733834
J:/rcr: 0.274702142 0.220604249 0.504693609
J:/rcrcrc: 0.000000000 0.666537291 0.333462709
J:/rcrcrf: 0.000000000 0.733685307 0.266314693
J:/rfr: 0.514663049 0.000625985 0.484710965
J:/rrc: 0.000048128 0.380422608 0.619529264
J:/rrf: 0.000180681 0.782522031 0.217297288
J:/rrr: 0.000000000 0.273091228 0.726908772
K:/: 0.582718525 0.417281475 0.000000000
K:/ccr: 0.285586030 0.000115926 0.714298045
K:/ccrcrc: 0.230847707 0.513770764 0.255381529
K:/ccrcrf: 0.508568403 0.491419212 0.000012385
K:/ccrcrr: 0.000000000 0.748578615 0.251421385
K:/ccrrcr: 0.000000000 0.472058388 0.527941612
K:/ccrrfr: 0.000000000 0.463778476 0.536221524
K:/ccrrrc: 0.000000000 0.232595914 0.767404086
K:/ccrrrf: 0.000000000 0.811859332 0.188140668
K:/crc: 0.000000000 1.000000000 0.000000000
K:/crcrcr: 0.000000000 0.776543147 0.223456853
K:/crcrfr: 0.000000000 0.413514080 0.586485920
K:/crcrrc: 0.000000000 0.234240208 0.765759792
K:/crcrrf: 0.000000000 0.006550367 0.993449633
K:/crf: 0.047570625 0.951989833 0.000439542
K:/crfrr: 0.000000000 0.831536313 0.168463687
K:/crr: 0.451421415 0.476692416 0.071886169
K:/crrcrc: 0.000000000 0.682399924 0.317600076
K:/crrcrf: 0.000000000 0.915064555 0.084935445
K:/rcr: 0.421072957 0.553413540 0.025513504
K:/rcrcrc: 0.000000000 0.796634509 0.203365491
K:/rcrcrf: 0.000000000 0.667338518 0.332661482
K:/rfr: 0.374635216 0.250361880 0.375002904
K:/rrc: 0.000032958 0.895848518 0.104118524
K:/rrf: 0.000180681 0.744640900 0.255178419
K:/rrr: 0.000000000 0.139012057 0.860987943
Q:/: 0.198307556 0.801692444 0.000000000
Q:/ccr: 0.870852260 0.000159139 0.128988601
Q:/ccrcrc: 0.711965512 0.287969013 0.000065475
Q:/ccrcrf: 0.922039115 0.077914759 0.000046126
Q:/ccrcrr: 0.000000000 0.664459012 0.335540988
Q:/ccrrcr: 0.000000000 0.433860127 0.566139873
Q:/ccrrfr: 0.000000000 0.568208722 0.431791278
Q:/ccrrrc: 0.000000000 0.277837306 0.722162694
Q:/ccrrrf: 0.000000000 0.160636240 0.839363760
Q:/crc: 0.000000000 0.950036561 0.049963439
Q:/crcrcr: 0.000000000 1.000000000 0.000000000
Q:/crcrfr: 0.000000000 0.488821762 0.511178238
Q:/crcrrc: 0.000000000 0.400184619 0.599815381
Q:/crcrrf: 0.000000000 0.581886814 0.418113186
Q:/crf: 0.000000000 0.998868913 0.001131087
Q:/crfrr: 0.000000000 0.650999218 0.349000782
Q:/crr: 0.442662397 0.395723387 0.161614216
Q:/crrcrc: 0.000000000 0.710543166 0.289456834
Q:/crrcrf: 0.000000000 0.886270171 0.113729829
Q:/rcr: 0.379072812 0.079642778 0.541284411
Q:/rcrcrc: 0.000000000 0.625317784 0.374682216
Q:/rcrcrf: 0.000000000 0.692757597 0.307242403
Q:/rfr: 0.286969479 0.161363912 0.551666609
Q:/rrc: 0.000051152 0.634033130 0.365915718
Q:/rrf: 0.000180681 0.950854613 0.048964706
Q:/rrr: 0.000000000 0.838871313 0.161128687
T:/: 0.000000000 1.000000000 0.000000000
T:/ccr: 0.744668182 0.000118390 0.255213428
T:/ccrcrc: 0.048482350 0.903527832 0.047989818
T:/ccrcrf: 0.455916227 0.254015323 0.290068451
T:/ccrcrr: 0.000000000 0.731866649 0.268133351
T:/ccrrcr: 0.000000000 0.588046936 0.411953064
T:/ccrrfr: 0.000000000 0.797188499 0.202811501
T:/ccrrrc: 0.000000000 0.951309499 0.048690501
T:/ccrrrf: 0.000000000 0.203815331 0.796184669
T:/crc: 0.000000000 0.000000000 1.000000000
T:/crcrcr: 0.000000000 1.000000000 0.000000000
T:/crcrfr: 0.000000000 0.188921382 0.811078618
T:/crcrrc: 0.000000000 0.653536932 0.346463068
T:/crcrrf: 0.000000000 0.165490046 0.834509954
T:/crf: 0.001624374 0.529518412 0.468857214
T:/crfrr: 0.000000000 0.303235745 0.696764255
T:/crr: 0.268301545 0.414704955 0.316993499
T:/crrcrc: 0.000000000 0.490673353 0.509326647
T:/crrcrf: 0.000000000 0.990857682 0.009142318
T:/rcr: 0.316585027 0.081805408 0.601609565
T:/rcrcrc: 0.000000000 0.558677056 0.441322944
T:/rcrcrf: 0.000000000 0.376703102 0.623296898
T:/rfr: 0.448115627 0.329036666 0.222847706
T:/rrc: 0.000058040 0.377911614 0.622030346
T:/rrf: 0.000219948 0.050931281 0.948848772
T:/rrr: 0.000000000 0.327551593 0.672448407
