2:/c: 0.374637207 0.625362793 0.000000000
2:/ccrc: 0.000000000 0.000000000 1.000000000
2:/ccrcrcr: 0.000000000 0.221038195 0.778961805
2:/ccrcrfr: 0.000000000 0.479129672 0.520870328
2:/ccrcrrc: 0.000000000 0.818048841 0.181951159
2:/ccrcrrf: 0.000000000 0.574690133 0.425309867
2:/ccrf: 0.000000000 0.000000000 1.000000000
2:/ccrfrr: 0.000000000 0.000000000 1.000000000
2:/ccrr: 0.000000000 0.000000000 1.000000000
2:/ccrrcrc: 0.000000000 0.000000000 1.000000000
2:/ccrrcrf: 0.000000000 0.000000000 1.000000000
2:/crcr: 0.000000000 0.000000000 1.000000000
2:/crcrcrc: 0.000000000 0.330998262 0.669001738
2:/crcrcrf: 0.000000000 0.771363998 0.228636002
2:/crfr: 0.001348224 0.000000000 0.998651776
2:/crrc: 0.000052546 0.000000000 0.999947454
2:/crrf: 0.000141083 0.000000000 0.999858917
2:/crrr: 0.000000000 0.000000000 1.000000000
2:/r: 0.000299107 0.000000000 0.999700893
2:/rcrc: 0.000000000 0.361738707 0.638261293
2:/rcrf: 0.323979662 0.000000000 0.676020338
2:/rcrr: 0.000000000 0.075402091 0.924597909
2:/rrcr: 0.000000000 0.244500516 0.755499484
2:/rrfr: 0.000000000 0.000000000 1.000000000
2:/rrrc: 0.000000000 0.333173928 0.666826072
2:/rrrf: 0.000000000 0.097393162 0.902606838
3:/c: 0.425689741 0.574310259 0.000000000
3:/ccrc: 0.000000000 0.000000000 1.000000000
3:/ccrcrcr: 0.000000000 0.000000000 1.000000000
3:/ccrcrfr: 0.000000000 0.132078169 0.867921831
3:/ccrcrrc: 0.000000000 0.280646379 0.719353621
3:/ccrcrrf: 0.000000000 0.000044881 0.999955119
3:/ccrf: 0.000000000 0.000000000 1.000000000
3:/ccrfrr: 0.000000000 0.000000000 1.000000000
3:/ccrr: 0.000000000 0.000000000 1.000000000
3:/ccrrcrc: 0.000000000 0.000000000 1.000000000
3:/ccrrcrf: 0.000000000 0.000215573 0.999784427
3:/crcr: 0.000000000 0.000000000 1.000000000
3:/crcrcrc: 0.000000000 0.849482260 0.150517740
3:/crcrcrf: 0.000000000 0.102686026 0.897313974
3:/crfr: 0.001322242 0.000000000 0.998677758
3:/crrc: 0.000057987 0.000000000 0.999942013
3:/crrf: 0.131916094 0.000000000 0.868083906
3:/crrr: 0.000000000 0.000000000 1.000000000
3:/r: 0.000389998 0.000000000 0.999610002
3:/rcrc: 0.000000000 0.000000000 1.000000000
3:/rcrf: 0.318925716 0.000000000 0.681074284
3:/rcrr: 0.000000000 0.301554964 0.698445036
3:/rrcr: 0.000000000 0.000000000 1.000000000
3:/rrfr: 0.000000000 0.000000000 1.000000000
3:/rrrc: 0.000000000 0.210552225 0.789447775
3:/rrrf: 0.000000000 0.000000000 1.000000000
4:/c: 0.052652397 0.947347603 0.000000000
4:/ccrc: 0.000000000 0.000000000 1.000000000
4:/ccrcrcr: 0.000000000 0.441604037 0.558395963
4:/ccrcrfr: 0.000000000 0.555440764 0.444559236
4:/ccrcrrc: 0.000000000 0.000000000 1.000000000
4:/ccrcrrf: 0.000000000 0.600075573 0.399924427
4:/ccrf: 0.036051815 0.249908667 0.714039517
4:/ccrfrr: 0.000000000 0.000000000 1.000000000
4:/ccrr: 0.000000000 0.000000000 1.000000000
4:/ccrrcrc: 0.000000000 0.000000000 1.000000000
4:/ccrrcrf: 0.000000000 0.126330809 0.873669191
4:/crcr: 0.000000000 0.000152553 0.999847447
4:/crcrcrc: 0.000000000 0.510748998 0.489251002
4:/crcrcrf: 0.000000000 0.671752483 0.328247517
4:/crfr: 0.001344319 0.000000000 0.998655681
4:/crrc: 0.000143281 0.038563106 0.961293613
4:/crrf: 0.050312121 0.000000000 0.949687879
4:/crrr: 0.000000000 0.000000000 1.000000000
4:/r: 0.000508924 0.000018111 0.999472965
4:/rcrc: 0.000000000 0.090362167 0.909637833
4:/rcrf: 0.387832179 0.000000000 0.612167821
4:/rcrr: 0.000000000 0.345377538 0.654622462
4:/rrcr: 0.000000000 0.489857642 0.510142358
4:/rrfr: 0.000000000 0.000000000 1.000000000
4:/rrrc: 0.000000000 0.316413458 0.683586542
4:/rrrf: 0.000000000 0.072888573 0.927111427
5:/c: 0.000000000 1.000000000 0.000000000
5:/ccrc: 0.000000000 0.000000000 1.000000000
5:/ccrcrcr: 0.000000000 0.346974736 0.653025264
5:/ccrcrfr: 0.000000000 0.571379293 0.428620707
5:/ccrcrrc: 0.000000000 0.129864252 0.870135748
5:/ccrcrrf: 0.000000000 0.456067300 0.543932700
5:/ccrf: 0.001021953 0.481044195 0.517933852
5:/ccrfrr: 0.000000000 0.000000000 1.000000000
5:/ccrr: 0.000000000 0.000000000 1.000000000
5:/ccrrcrc: 0.000000000 0.000000000 1.000000000
5:/ccrrcrf: 0.000000000 0.637954341 0.362045659
5:/crcr: 0.000000000 0.000348088 0.999651912
5:/crcrcrc: 0.000000000 0.121706450 0.878293550
5:/crcrcrf: 0.000000000 0.518116268 0.481883732
5:/crfr: 0.008390976 0.055928972 0.935680052
5:/crrc: 0.000196898 0.145815916 0.853987185
5:/crrf: 0.051902613 0.000000000 0.948097387
5:/crrr: 0.000000000 0.038133809 0.961866191
5:/r: 0.005133603 0.000207277 0.994659120
5:/rcrc: 0.000000000 0.000000000 1.000000000
5:/rcrf: 0.198378186 0.249976708 0.551645106
5:/rcrr: 0.000000000 0.000000000 1.000000000
5:/rrcr: 0.000000000 0.751761380 0.248238620
5:/rrfr: 0.000000000 0.000000000 1.000000000
5:/rrrc: 0.000000000 0.301620176 0.698379824
5:/rrrf: 0.000000000 0.000000000 1.000000000
6:/c: 0.000000000 1.000000000 0.000000000
6:/ccrc: 0.000000000 0.000000000 1.000000000
6:/ccrcrcr: 0.000000000 0.065273969 0.934726031
6:/ccrcrfr: 0.000000000 0.446693078 0.553306922
6:/ccrcrrc: 0.000000000 0.233156462 0.766843538
6:/ccrcrrf: 0.000000000 0.999999984 0.000000016
6:/ccrf: 0.000293929 0.370073557 0.629632514
6:/ccrfrr: 0.000000000 0.309069927 0.690930073
6:/ccrr: 0.000000000 0.000000000 1.000000000
6:/ccrrcrc: 0.000000000 0.259778616 0.740221384
6:/ccrrcrf: 0.000000000 0.406420745 0.593579255
6:/crcr: 0.000000000 0.051923689 0.948076311
6:/crcrcrc: 0.000000000 0.482880030 0.517119970
6:/crcrcrf: 0.000000000 0.482400312 0.517599688
6:/crfr: 0.001026986 0.000000000 0.998973014
6:/crrc: 0.000109217 0.000000000 0.999890783
6:/crrf: 0.000097313 0.000000000 0.999902687
6:/crrr: 0.000000000 0.000000000 1.000000000
6:/r: 0.037899478 0.000670483 0.961430039
6:/rcrc: 0.095975592 0.050556809 0.853467599
6:/rcrf: 0.121170371 0.014393930 0.864435699
6:/rcrr: 0.000000000 0.000000000 1.000000000
6:/rrcr: 0.000000000 0.729350144 0.270649856
6:/rrfr: 0.000000000 0.000000000 1.000000000
6:/rrrc: 0.000000000 0.064794242 0.935205758
6:/rrrf: 0.000000000 0.000000000 1.000000000
7:/c: 0.000000000 1.000000000 0.000000000
7:/ccrc: 0.000000000 0.000000000 1.000000000
7:/ccrcrcr: 0.000000000 0.000000000 1.000000000
7:/ccrcrfr: 0.000000000 0.590534728 0.409465272
7:/ccrcrrc: 0.000000000 0.417443908 0.582556092
7:/ccrcrrf: 0.000000000 0.999999984 0.000000016
7:/ccrf: 0.000285083 0.530271755 0.469443163
7:/ccrfrr: 0.000000000 0.232190998 0.767809002
7:/ccrr: 0.000000000 0.000000000 1.000000000
7:/ccrrcrc: 0.000000000 0.000142265 0.999857735
7:/ccrrcrf: 0.000000000 0.293040775 0.706959225
7:/crcr: 0.000000000 0.073553222 0.926446778
7:/crcrcrc: 0.000000000 0.319302758 0.680697242
7:/crcrcrf: 0.000000000 0.666487900 0.333512100
7:/crfr: 0.001400590 0.000000000 0.998599410
7:/crrc: 0.000195117 0.000000000 0.999804883
7:/crrf: 0.000137031 0.000000000 0.999862969
7:/crrr: 0.000000000 0.000000000 1.000000000
7:/r: 0.000957214 0.101814288 0.897228498
7:/rcrc: 0.000000000 0.000000000 1.000000000
7:/rcrf: 0.019211659 0.386412732 0.594375609
7:/rcrr: 0.000000000 0.000000000 1.000000000
7:/rrcr: 0.000000000 0.196945070 0.803054930
7:/rrfr: 0.000000000 0.000000000 1.000000000
7:/rrrc: 0.000000000 0.131982743 0.868017257
7:/rrrf: 0.000000000 0.337436082 0.662563918
8:/c: 0.000000000 1.000000000 0.000000000
8:/ccrc: 0.000000000 0.000000000 1.000000000
8:/ccrcrcr: 0.000000000 0.442991371 0.557008629
8:/ccrcrfr: 0.000000000 0.978461165 0.021538835
8:/ccrcrrc: 0.000000000 0.360672081 0.639327919
8:/ccrcrrf: 0.000000000 0.525187827 0.474812173
8:/ccrf: 0.038382149 0.621654503 0.339963347
8:/ccrfrr: 0.000000000 0.000000000 1.000000000
8:/ccrr: 0.000000000 0.000000000 1.000000000
8:/ccrrcrc: 0.000000000 0.000322863 0.999677137
8:/ccrrcrf: 0.000000000 0.191575523 0.808424477
8:/crcr: 0.000000000 0.029560330 0.970439670
8:/crcrcrc: 0.000000000 0.553449893 0.446550107
8:/crcrcrf: 0.000000000 0.531598959 0.468401041
8:/crfr: 0.001361527 0.239010131 0.759628342
8:/crrc: 0.000046699 0.000000000 0.999953301
8:/crrf: 0.000000000 0.000000000 1.000000000
8:/crrr: 0.000000000 0.000000000 1.000000000
8:/r: 0.001189293 0.071558366 0.927252341
8:/rcrc: 0.000000000 0.202047068 0.797952932
8:/rcrf: 0.000000000 0.352520491 0.647479509
8:/rcrr: 0.000000000 0.274787764 0.725212236
8:/rrcr: 0.000000000 0.329963542 0.670036458
8:/rrfr: 0.000000000 0.152379452 0.847620548
8:/rrrc: 0.000000000 0.280115233 0.719884767
8:/rrrf: 0.000000000 0.000000000 1.000000000
9:/c: 0.000000000 1.000000000 0.000000000
9:/ccrc: 0.000000000 0.000000000 1.000000000
9:/ccrcrcr: 0.000000000 0.540288029 0.459711971
9:/ccrcrfr: 0.000000000 0.626831328 0.373168672
9:/ccrcrrc: 0.000000000 0.379696314 0.620303686
9:/ccrcrrf: 0.000000000 0.999999983 0.000000017
9:/ccrf: 0.033359680 0.720649911 0.245990409
9:/ccrfrr: 0.000000000 0.000000000 1.000000000
9:/ccrr: 0.000244565 0.000000000 0.999755435
9:/ccrrcrc: 0.000000000 0.305630809 0.694369191
9:/ccrrcrf: 0.000000000 0.334529731 0.665470269
9:/crcr: 0.000000000 0.000452144 0.999547856
9:/crcrcrc: 0.000000000 0.295663261 0.704336739
9:/crcrcrf: 0.000000000 0.593030621 0.406969379
9:/crfr: 0.001048625 0.442964284 0.555987092
9:/crrc: 0.000262955 0.397120186 0.602616859
9:/crrf: 0.071418897 0.615152289 0.313428815
9:/crrr: 0.000000000 0.333042747 0.666957253
9:/r: 0.019332986 0.331719165 0.648947849
9:/rcrc: 0.000000000 0.151084301 0.848915699
9:/rcrf: 0.492490060 0.180546858 0.326963082
9:/rcrr: 0.000000000 0.000000000 1.000000000
9:/rrcr: 0.000000000 0.230059526 0.769940474
9:/rrfr: 0.000000000 0.000000000 1.000000000
9:/rrrc: 0.000000000 0.329848964 0.670151036
9:/rrrf: 0.000000000 0.000000000 1.000000000
A:/c: 0.684322456 0.315677544 0.000000000
A:/ccrc: 1.000000000 0.000000000 0.000000000
A:/ccrcrcr: 0.000000000 0.844218403 0.155781597
A:/ccrcrfr: 0.000000000 1.000000000 0.000000000
A:/ccrcrrc: 0.000000000 1.000000000 0.000000000
A:/ccrcrrf: 0.000000000 1.000000000 0.000000000
A:/ccrf: 1.000000000 0.000000000 0.000000000
A:/ccrfrr: 0.000000000 1.000000000 0.000000000
A:/ccrr: 0.999604068 0.000395932 0.000000000
A:/ccrrcrc: 0.000000000 1.000000000 0.000000000
A:/ccrrcrf: 0.000000000 1.000000000 0.000000000
A:/crcr: 0.888127124 0.111872876 0.000000000
A:/crcrcrc: 0.000000000 0.582855981 0.417144019
A:/crcrcrf: 0.000000000 0.319319054 0.680680946
A:/crfr: 0.570083298 0.429916702 0.000000000
A:/crrc: 0.474660334 0.525339666 0.000000000
A:/crrf: 0.609541904 0.390458096 0.000000000
A:/crrr: 0.000000000 1.000000000 0.000000000
A:/r: 0.558123006 0.441876994 0.000000000
A:/rcrc: 0.941333349 0.058666651 0.000000000
A:/rcrf: 0.838440030 0.161559970 0.000000000
A:/rcrr: 0.000000000 1.000000000 0.000000000
A:/rrcr: 0.000000000 1.000000000 0.000000000
A:/rrfr: 0.000000000 1.000000000 0.000000000
A:/rrrc: 0.000000000 0.867791527 0.132208473
A:/rrrf: 0.000000000 1.000000000 0.000000000
J:/c: 0.486786731 0.513213269 0.000000000
J:/ccrc: 0.000000000 0.702732434 0.297267566
J:/ccrcrcr: 0.000000000 0.467436165 0.532563835
J:/ccrcrfr: 0.000000000 0.561079389 0.438920611
J:/ccrcrrc: 0.000000000 0.596995168 0.403004832
J:/ccrcrrf: 0.000000000 0.999580078 0.000419922
J:/ccrf: 0.000000000 0.999833879 0.000166121
J:/ccrfrr: 0.000000000 0.520346588 0.479653412
J:/ccrr: 0.137533063 0.000308618 0.862158319
J:/ccrrcrc: 0.000000000 0.556755328 0.443244672
J:/ccrrcrf: 0.000000000 0.771925403 0.228074597
J:/crcr: 0.000093088 0.408665013 0.591241900
J:/crcrcrc: 0.000000000 0.754603456 0.245396544
J:/crcrcrf: 0.000000000 0.816216989 0.183783011
J:/crfr: 0.001108967 0.744531727 0.254359306
J:/crrc: 0.000378974 0.278697315 0.720923711
J:/crrf: 0.000072060 0.617755149 0.382172791
J:/crrr: 0.000000000 0.137428126 0.862571874
J:/r: 0.000307382 0.999692618 0.000000000
J:/rcrc: 0.000000000 0.132098836 0.867901164
J:/rcrf: 0.202180643 0.472566939 0.325252418
J:/rcrr: 0.000000000 0.014086394 0.985913606
J:/rrcr: 0.000000000 0.271399223 0.728600777
J:/rrfr: 0.000000000 0.000000000 1.000000000
J:/rrrc: 0.000000000 0.891891442 0.108108558
J:/rrrf: 0.000000000 0.376345414 0.623654586
K:/c: 0.718288064 0.281711936 0.000000000
K:/ccrc: 0.940970710 0.058966509 0.000062781
K:/ccrcrcr: 0.000000000 0.941601594 0.058398406
K:/ccrcrfr: 0.000000000 0.992293001 0.007706999
K:/ccrcrrc: 0.000000000 0.948870896 0.051129104
K:/ccrcrrf: 0.000000000 0.999999998 0.000000002
K:/ccrf: 1.000000000 0.000000000 0.000000000
K:/ccrfrr: 0.000000000 1.000000000 0.000000000
K:/ccrr: 0.999366926 0.000633074 0.000000000
K:/ccrrcrc: 0.000000000 0.999966209 0.000033791
K:/ccrrcrf: 0.000000000 1.000000000 0.000000000
K:/crcr: 0.048489605 0.596394014 0.355116380
K:/crcrcrc: 0.000000000 0.588661086 0.411338914
K:/crcrcrf: 0.000000000 0.268377341 0.731622659
K:/crfr: 0.001111658 0.827579280 0.171309062
K:/crrc: 0.000496192 0.727540753 0.271963055
K:/crrf: 0.259498162 0.499062130 0.241439708
K:/crrr: 0.000000000 0.790805254 0.209194746
K:/r: 0.000000000 1.000000000 0.000000000
K:/rcrc: 0.682903310 0.317096690 0.000000000
K:/rcrf: 0.307603907 0.692396093 0.000000000
K:/rcrr: 0.000000000 0.796998232 0.203001768
K:/rrcr: 0.000000000 0.342324509 0.657675491
K:/rrfr: 0.000000000 0.636610411 0.363389589
K:/rrrc: 0.000000000 0.948047459 0.051952541
K:/rrrf: 0.000000000 0.899176010 0.100823990
Q:/c: 1.000000000 0.000000000 0.000000000
Q:/ccrc: 0.824737735 0.170704510 0.004557755
Q:/ccrcrcr: 0.000000000 0.676395437 0.323604563
Q:/ccrcrfr: 0.000000000 0.862500075 0.137499925
Q:/ccrcrrc: 0.000000000 0.932517058 0.067482942
Q:/ccrcrrf: 0.000000000 0.999999983 0.000000017
Q:/ccrf: 0.030503955 0.969496045 0.000000000
Q:/ccrfrr: 0.000000000 1.000000000 0.000000000
Q:/ccrr: 0.669495596 0.330119407 0.000384997
Q:/ccrrcrc: 0.000000000 0.994246274 0.005753726
Q:/ccrrcrf: 0.000000000 0.786075433 0.213924567
Q:/crcr: 0.000208556 0.350266808 0.649524636
Q:/crcrcrc: 0.000000000 0.062497312 0.937502688
Q:/crcrcrf: 0.000000000 0.369178225 0.630821775
Q:/crfr: 0.001110036 0.768887127 0.230002837
Q:/crrc: 0.000449207 0.584037336 0.415513458
Q:/crrf: 0.000069584 0.315853966 0.684076450
Q:/crrr: 0.000000000 0.433642842 0.566357158
Q:/r: 0.000000000 1.000000000 0.000000000
Q:/rcrc: 0.384542057 0.197146958 0.418310985
Q:/rcrf: 0.411064854 0.588935146 0.000000000
Q:/rcrr: 0.000000000 0.338993293 0.661006707
Q:/rrcr: 0.000000000 0.845044955 0.154955045
Q:/rrfr: 0.000000000 0.592714526 0.407285474
Q:/rrrc: 0.000000000 0.225017429 0.774982571
Q:/rrrf: 0.000000000 0.497061979 0.502938021
T:/c: 0.000000000 1.000000000 0.000000000
T:/ccrc: 0.046650371 0.398917263 0.554432366
T:/ccrcrcr: 0.000000000 0.232193738 0.767806262
T:/ccrcrfr: 0.000000000 0.765371181 0.234628819
T:/ccrcrrc: 0.000000000 0.169248083 0.830751917
T:/ccrcrrf: 0.000000000 0.941220409 0.058779591
T:/ccrf: 0.000285994 0.938044255 0.061669751
T:/ccrfrr: 0.000000000 0.426999206 0.573000794
T:/ccrr: 0.087603924 0.000000000 0.912396076
T:/ccrrcrc: 0.000000000 0.548310427 0.451689573
T:/ccrrcrf: 0.000000000 0.329600905 0.670399095
T:/crcr: 0.000000000 0.235218427 0.764781573
T:/crcrcrc: 0.000000000 0.493322277 0.506677723
T:/crcrcrf: 0.000000000 0.787032950 0.212967050
T:/crfr: 0.000736957 0.278587154 0.720675889
T:/crrc: 0.000350805 0.381339376 0.618309818
T:/crrf: 0.269415767 0.379707779 0.350876454
T:/crrr: 0.000000000 0.175906936 0.824093064
T:/r: 0.043112580 0.908412791 0.048474629
T:/rcrc: 0.000000000 0.307489409 0.692510591
T:/rcrf: 0.097860165 0.529773912 0.372365923
T:/rcrr: 0.000000000 0.022402566 0.977597434
T:/rrcr: 0.000000000 0.295120022 0.704879978
T:/rrfr: 0.000000000 0.086965127 0.913034873
T:/rrrc: 0.000000000 0.268466545 0.731533455
T:/rrrf: 0.000000000 0.493937229 0.506062771
