2:/cc: 0.262378276 0.737621724 0.000000000
2:/ccrcr: 0.218600766 0.518528493 0.262870741
2:/ccrcrcrc: 0.000000000 0.231706460 0.768293540
2:/ccrcrcrf: 0.000000000 0.310654780 0.689345220
2:/ccrfr: 0.000024075 0.245687849 0.754288075
2:/ccrrc: 0.260607041 0.480386584 0.259006376
2:/ccrrf: 0.357302139 0.375511100 0.267186760
2:/ccrrr: 0.000000000 0.000044504 0.999955496
2:/cr: 0.000109209 0.000399369 0.999491422
2:/crcrc: 0.000000000 0.686538770 0.313461230
2:/crcrf: 0.271131977 0.365714876 0.363153147
2:/crcrr: 0.000000000 0.410381507 0.589618493
2:/crrcr: 0.000000000 0.213274909 0.786725091
2:/crrfr: 0.000000000 0.000025681 0.999974319
2:/crrrc: 0.000000000 0.140808649 0.859191351
2:/crrrf: 0.000000000 0.632706449 0.367293551
2:/rc: 0.007477510 0.306632321 0.685890169
2:/rcrcr: 0.000000000 0.283508210 0.716491790
2:/rcrfr: 0.000000000 0.600420703 0.399579297
2:/rcrrc: 0.000000000 0.238063278 0.761936722
2:/rcrrf: 0.000000000 0.942273578 0.057726422
2:/rf: 0.163398702 0.416391799 0.420209499
2:/rfrr: 0.000000000 0.766696156 0.233303844
2:/rr: 0.001145070 0.207168257 0.791686674
2:/rrcrc: 0.000000000 0.370558442 0.629441558
2:/rrcrf: 0.000000000 0.047164806 0.952835194
3:/cc: 0.547430594 0.452569406 0.000000000
3:/ccrcr: 0.474191153 0.460104653 0.065704194
3:/ccrcrcrc: 0.000000000 0.650899286 0.349100714
3:/ccrcrcrf: 0.000000000 0.509633210 0.490366790
3:/ccrfr: 0.363530405 0.125669505 0.510800089
3:/ccrrc: 0.000000046 0.478919476 0.521080478
3:/ccrrf: 0.536029348 0.235582846 0.228387806
3:/ccrrr: 0.000000000 0.000044504 0.999955496
3:/cr: 0.000000000 0.001301939 0.998698061
3:/crcrc: 0.274416134 0.433750706 0.291833160
3:/crcrf: 0.283454430 0.328403549 0.388142021
3:/crcrr: 0.000000000 0.747644135 0.252355865
3:/crrcr: 0.000000000 0.000000000 1.000000000
3:/crrfr: 0.000000000 0.640278239 0.359721761
3:/crrrc: 0.000000000 0.422135045 0.577864955
3:/crrrf: 0.000000000 0.552884594 0.447115406
3:/rc: 0.000000000 0.270944667 0.729055333
3:/rcrcr: 0.000000000 0.546756761 0.453243239
3:/rcrfr: 0.000000000 0.689673073 0.310326927
3:/rcrrc: 0.000000000 0.023217834 0.976782166
3:/rcrrf: 0.000000000 0.491512929 0.508487071
3:/rf: 0.555766978 0.098688208 0.345544814
3:/rfrr: 0.000000000 0.529338842 0.470661158
3:/rr: 0.006621591 0.012111128 0.981267280
3:/rrcrc: 0.000000000 0.479563140 0.520436860
3:/rrcrf: 0.000000000 0.447049970 0.552950030
4:/cc: 0.001075558 0.998924442 0.000000000
4:/ccrcr: 0.537680586 0.385700169 0.076619245
4:/ccrcrcrc: 0.000000000 0.643692665 0.356307335
4:/ccrcrcrf: 0.000000000 0.085922393 0.914077607
4:/ccrfr: 0.412109794 0.212859930 0.375030275
4:/ccrrc: 0.137839632 0.595453651 0.266706717
4:/ccrrf: 0.072684424 0.921767563 0.005548013
4:/ccrrr: 0.000000000 0.000044497 0.999955503
4:/cr: 0.000000000 0.001316458 0.998683542
4:/crcrc: 0.000000000 0.173844462 0.826155538
4:/crcrf: 0.363401869 0.341119403 0.295478728
4:/crcrr: 0.000000000 0.186758962 0.813241038
4:/crrcr: 0.000000000 0.000000000 1.000000000
4:/crrfr: 0.000000000 0.000000000 1.000000000
4:/crrrc: 0.000000000 0.163314677 0.836685323
4:/crrrf: 0.000000000 0.490251068 0.509748932
4:/rc: 0.000000000 0.072326433 0.927673567
4:/rcrcr: 0.000000000 0.470850032 0.529149968
4:/rcrfr: 0.000000000 0.202792614 0.797207386
4:/rcrrc: 0.000000000 0.454594645 0.545405355
4:/rcrrf: 0.000000000 0.279428153 0.720571847
4:/rf: 0.364043363 0.254876201 0.381080436
4:/rfrr: 0.000000000 0.361196056 0.638803944
4:/rr: 0.000044769 0.005745563 0.994209668
4:/rrcrc: 0.000000000 0.461229695 0.538770305
4:/rrcrf: 0.000000000 0.289863955 0.710136045
5:/cc: 0.000775637 0.999224363 0.000000000
5:/ccrcr: 0.578186813 0.284216093 0.137597094
5:/ccrcrcrc: 0.000000000 0.471811595 0.528188405
5:/ccrcrcrf: 0.000000000 0.233068738 0.766931262
5:/ccrfr: 0.000030772 0.123366635 0.876602593
5:/ccrrc: 0.144522575 0.432572752 0.422904673
5:/ccrrf: 0.259176110 0.464464468 0.276359422
5:/ccrrr: 0.000000000 0.000044455 0.999955545
5:/cr: 0.000080692 0.109752120 0.890167188
5:/crcrc: 0.239979246 0.474881074 0.285139680
5:/crcrf: 0.143540038 0.619231670 0.237228291
5:/crcrr: 0.000000000 0.267657929 0.732342071
5:/crrcr: 0.000000000 0.000000000 1.000000000
5:/crrfr: 0.000000000 0.000000000 1.000000000
5:/crrrc: 0.000000000 0.155945454 0.844054546
5:/crrrf: 0.000000000 0.402407966 0.597592034
5:/rc: 0.032739035 0.375443551 0.591817414
5:/rcrcr: 0.000000000 0.619824848 0.380175152
5:/rcrfr: 0.000000000 0.640802618 0.359197382
5:/rcrrc: 0.000000000 0.000000000 1.000000000
5:/rcrrf: 0.000000000 0.907115003 0.092884997
5:/rf: 0.025531705 0.805921961 0.168546334
5:/rfrr: 0.000000000 0.795145974 0.204854026
5:/rr: 0.001467042 0.011226152 0.987306806
5:/rrcrc: 0.000000000 0.222229900 0.777770100
5:/rrcrf: 0.000000000 0.134844093 0.865155907
6:/cc: 0.002957990 0.997042010 0.000000000
6:/ccrcr: 0.507793327 0.431840287 0.060366386
6:/ccrcrcrc: 0.000000000 0.540785419 0.459214581
6:/ccrcrcrf: 0.000000000 0.841741032 0.158258968
6:/ccrfr: 0.251024919 0.305674727 0.443300354
6:/ccrrc: 0.337450226 0.359462966 0.303086808
6:/ccrrf: 0.193370407 0.652441364 0.154188229
6:/ccrrr: 0.000000000 0.000044377 0.999955623
6:/cr: 0.093813299 0.195768127 0.710418574
6:/crcrc: 0.303545583 0.630133918 0.066320500
6:/crcrf: 0.177505646 0.562187675 0.260306679
6:/crcrr: 0.000000000 0.021346080 0.978653920
6:/crrcr: 0.000000000 0.000000000 1.000000000
6:/crrfr: 0.000000000 0.000000000 1.000000000
6:/crrrc: 0.000000000 0.000000000 1.000000000
6:/crrrf: 0.000000000 0.409990145 0.590009855
6:/rc: 0.144026578 0.096871405 0.759102017
6:/rcrcr: 0.000000000 0.257721770 0.742278230
6:/rcrfr: 0.000000000 0.059308628 0.940691372
6:/rcrrc: 0.000000000 0.415871611 0.584128389
6:/rcrrf: 0.000000000 0.326335600 0.673664400
6:/rf: 0.612904581 0.248324458 0.138770960
6:/rfrr: 0.000000000 0.444856779 0.555143221
6:/rr: 0.011262051 0.000440594 0.988297355
6:/rrcrc: 0.000000000 0.268538643 0.731461357
6:/rrcrf: 0.000000000 0.565210100 0.434789900
7:/cc: 0.000328755 0.999671245 0.000000000
7:/ccrcr: 0.462140180 0.537859820 0.000000000
7:/ccrcrcrc: 0.000000000 0.849136714 0.150863286
7:/ccrcrcrf: 0.000000000 0.573401802 0.426598198
7:/ccrfr: 0.000030720 0.463628637 0.536340643
7:/ccrrc: 0.191182187 0.346827145 0.461990668
7:/ccrrf: 0.110399399 0.447126557 0.442474044
7:/ccrrr: 0.000000000 0.000044274 0.999955726
7:/cr: 0.000224167 0.228597664 0.771178169
7:/crcrc: 0.276268350 0.151711561 0.572020090
7:/crcrf: 0.544945171 0.159981346 0.295073483
7:/crcrr: 0.000000000 0.644277827 0.355722173
7:/crrcr: 0.000000000 0.008447346 0.991552654
7:/crrfr: 0.000000000 0.000000000 1.000000000
7:/crrrc: 0.000000000 0.522061701 0.477938299
7:/crrrf: 0.000000000 0.476585558 0.523414442
7:/rc: 0.036877567 0.026315048 0.936807384
7:/rcrcr: 0.000000000 0.167231923 0.832768077
7:/rcrfr: 0.000000000 0.082089734 0.917910266
7:/rcrrc: 0.000000000 0.337317797 0.662682203
7:/rcrrf: 0.000000000 0.531274222 0.468725778
7:/rf: 0.410040213 0.282282093 0.307677694
7:/rfrr: 0.000000000 0.537276517 0.462723483
7:/rr: 0.005245765 0.000667546 0.994086689
7:/rrcrc: 0.000000000 0.401641236 0.598358764
7:/rrcrf: 0.000000000 0.086531145 0.913468855
8:/cc: 0.000226908 0.999773092 0.000000000
8:/ccrcr: 0.469929866 0.339699573 0.190370561
8:/ccrcrcrc: 0.000000000 0.381494278 0.618505722
8:/ccrcrcrf: 0.000000000 0.481310797 0.518689203
8:/ccrfr: 0.216757339 0.356757550 0.426485111
8:/ccrrc: 0.247501898 0.439500659 0.312997443
8:/ccrrf: 0.355136792 0.090349805 0.554513402
8:/ccrrr: 0.000000000 0.024769486 0.975230514
8:/cr: 0.070547172 0.334815638 0.594637190
8:/crcrc: 0.108290613 0.184157456 0.707551931
8:/crcrf: 0.367320381 0.395496371 0.237183248
8:/crcrr: 0.000000000 0.191724587 0.808275413
8:/crrcr: 0.000000000 0.000000000 1.000000000
8:/crrfr: 0.000000000 0.000000000 1.000000000
8:/crrrc: 0.000000000 0.218906463 0.781093537
8:/crrrf: 0.000000000 0.947359858 0.052640142
8:/rc: 0.000000000 0.090626028 0.909373972
8:/rcrcr: 0.000000000 0.060694500 0.939305500
8:/rcrfr: 0.000000000 0.860077671 0.139922329
8:/rcrrc: 0.000000000 0.463274013 0.536725987
8:/rcrrf: 0.000000000 0.504057794 0.495942206
8:/rf: 0.898791716 0.049523719 0.051684565
8:/rfrr: 0.000000000 0.441818897 0.558181103
8:/rr: 0.004920948 0.000808602 0.994270450
8:/rrcrc: 0.000000000 0.426049107 0.573950893
8:/rrcrf: 0.000000000 0.095992006 0.904007994
9:/cc: 0.000311083 0.999688917 0.000000000
9:/ccrcr: 0.504007648 0.098401996 0.397590356
9:/ccrcrcrc: 0.000000000 0.367847564 0.632152436
9:/ccrcrcrf: 0.000000000 0.340405312 0.659594688
9:/ccrfr: 0.414564738 0.419761969 0.165673293
9:/ccrrc: 0.000000046 0.647070089 0.352929865
9:/ccrrf: 0.427621985 0.485907505 0.086470510
9:/ccrrr: 0.000000000 0.000043901 0.999956099
9:/cr: 0.000921079 0.383853621 0.615225300
9:/crcrc: 0.400984983 0.221036192 0.377978825
9:/crcrf: 0.390978480 0.204545877 0.404475643
9:/crcrr: 0.000000000 0.488899562 0.511100438
9:/crrcr: 0.000000000 0.066392403 0.933607597
9:/crrfr: 0.000000000 0.000000000 1.000000000
9:/crrrc: 0.000000000 0.659162711 0.340837289
9:/crrrf: 0.000000000 0.452791405 0.547208595
9:/rc: 0.000000000 0.000015078 0.999984922
9:/rcrcr: 0.000000000 0.702571241 0.297428759
9:/rcrfr: 0.000000000 0.313494689 0.686505311
9:/rcrrc: 0.000000000 0.314829670 0.685170330
9:/rcrrf: 0.000000000 0.336107458 0.663892542
9:/rf: 0.270693817 0.342728045 0.386578138
9:/rfrr: 0.000000000 0.620402171 0.379597829
9:/rr: 0.006769572 0.005527073 0.987703355
9:/rrcrc: 0.000000000 0.317884993 0.682115007
9:/rrcrf: 0.000000000 0.552196029 0.447803971
A:/cc: 1.000000000 0.000000000 0.000000000
A:/ccrcr: 0.058609672 0.220130175 0.721260152
A:/ccrcrcrc: 0.000000000 0.671395221 0.328604779
A:/ccrcrcrf: 0.000000000 0.128244953 0.871755047
A:/ccrfr: 0.434146999 0.294756754 0.271096246
A:/ccrrc: 0.807616086 0.192375074 0.000008840
A:/ccrrf: 0.122700942 0.487297445 0.390001613
A:/ccrrr: 0.000000000 0.999936780 0.000063220
A:/cr: 0.986750219 0.013249781 0.000000000
A:/crcrc: 0.327685069 0.490984732 0.181330199
A:/crcrf: 0.183354627 0.511347408 0.305297966
A:/crcrr: 0.000000000 0.852675252 0.147324748
A:/crrcr: 0.000000000 0.978744337 0.021255663
A:/crrfr: 0.000000000 0.875048126 0.124951874
A:/crrrc: 0.000000000 0.958129425 0.041870575
A:/crrrf: 0.000000000 0.562885513 0.437114487
A:/rc: 0.100376789 0.899193116 0.000430095
A:/rcrcr: 0.000000000 0.924348585 0.075651415
A:/rcrfr: 0.000000000 0.999949511 0.000050489
A:/rcrrc: 0.000000000 1.000000000 0.000000000
A:/rcrrf: 0.000000000 0.848775510 0.151224490
A:/rf: 0.160905763 0.436263258 0.402830979
A:/rfrr: 0.000000000 0.414174691 0.585825309
A:/rr: 0.665029191 0.318194460 0.016776350
A:/rrcrc: 0.000000000 0.139842959 0.860157041
A:/rrcrf: 0.000000000 0.002801989 0.997198011
J:/cc: 0.473679567 0.526320433 0.000000000
J:/ccrcr: 0.532694678 0.467305322 0.000000000
J:/ccrcrcrc: 0.000000000 0.475525273 0.524474727
J:/ccrcrcrf: 0.000000000 0.960838497 0.039161503
J:/ccrfr: 0.575095159 0.104855336 0.320049504
J:/ccrrc: 0.513155187 0.165892546 0.320952267
J:/ccrrf: 0.374332751 0.432804212 0.192863037
J:/ccrrr: 0.000000000 0.314575818 0.685424182
J:/cr: 0.000439360 0.998656358 0.000904282
J:/crcrc: 0.032945485 0.154941812 0.812112702
J:/crcrf: 0.341994388 0.245075510 0.412930102
J:/crcrr: 0.000000000 0.463000234 0.536999766
J:/crrcr: 0.000000000 0.000000000 1.000000000
J:/crrfr: 0.000000000 0.000000000 1.000000000
J:/crrrc: 0.000000000 0.012038041 0.987961959
J:/crrrf: 0.000000000 0.156467053 0.843532947
J:/rc: 0.372523441 0.594614539 0.032862021
J:/rcrcr: 0.000000000 0.960382459 0.039617541
J:/rcrfr: 0.000000000 0.888437433 0.111562567
J:/rcrrc: 0.000000000 0.446887388 0.553112612
J:/rcrrf: 0.000000000 0.748261340 0.251738660
J:/rf: 0.599318037 0.206927162 0.193754801
J:/rfrr: 0.000000000 0.491258308 0.508741692
J:/rr: 0.000098164 0.212723625 0.787178212
J:/rrcrc: 0.000000000 0.095869072 0.904130928
J:/rrcrf: 0.000000000 0.146253211 0.853746789
K:/cc: 0.526196274 0.473803726 0.000000000
K:/ccrcr: 0.375150659 0.431566451 0.193282890
K:/ccrcrcrc: 0.000000000 0.552622954 0.447377046
K:/ccrcrcrf: 0.000000000 0.508589928 0.491410072
K:/ccrfr: 0.281683810 0.347887977 0.370428214
K:/ccrrc: 0.732742222 0.152020788 0.115236989
K:/ccrrf: 0.140718173 0.510280817 0.349001010
K:/ccrrr: 0.000000000 0.999713274 0.000286726
K:/cr: 0.000000000 1.000000000 0.000000000
K:/crcrc: 0.193904469 0.200700895 0.605394636
K:/crcrf: 0.472632579 0.182039561 0.345327860
K:/crcrr: 0.000000000 0.810251904 0.189748096
K:/crrcr: 0.000000000 0.243984437 0.756015563
K:/crrfr: 0.000000000 0.999668043 0.000331957
K:/crrrc: 0.000000000 0.000000000 1.000000000
K:/crrrf: 0.000000000 0.544044769 0.455955231
K:/rc: 0.592299484 0.407337885 0.000362631
K:/rcrcr: 0.000000000 0.999996068 0.000003932
K:/rcrfr: 0.000000000 0.940230908 0.059769092
K:/rcrrc: 0.000000000 0.387259138 0.612740862
K:/rcrrf: 0.000000000 0.504216637 0.495783363
K:/rf: 0.402202764 0.258703696 0.339093540
K:/rfrr: 0.000000000 0.474939813 0.525060187
K:/rr: 0.053034965 0.700357328 0.246607707
K:/rrcrc: 0.000000000 0.474096877 0.525903123
K:/rrcrf: 0.000000000 0.420976478 0.579023522
Q:/cc: 0.813454082 0.186545918 0.000000000
Q:/ccrcr: 0.271012713 0.566402370 0.162584917
Q:/ccrcrcrc: 0.000000000 0.644691846 0.355308154
Q:/ccrcrcrf: 0.000000000 0.068180447 0.931819553
Q:/ccrfr: 0.634030691 0.364333590 0.001635719
Q:/ccrrc: 0.455050420 0.500544969 0.044404611
Q:/ccrrf: 0.107571440 0.886611442 0.005817118
Q:/ccrrr: 0.000000000 0.762686151 0.237313849
Q:/cr: 0.000014285 0.999071278 0.000914436
Q:/crcrc: 0.324043267 0.227382598 0.448574135
Q:/crcrf: 0.695915359 0.111452757 0.192631884
Q:/crcrr: 0.000000000 0.392306669 0.607693331
Q:/crrcr: 0.000000000 0.184022281 0.815977719
Q:/crrfr: 0.000000000 0.000000000 1.000000000
Q:/crrrc: 0.000000000 0.021409458 0.978590542
Q:/crrrf: 0.000000000 0.447690890 0.552309110
Q:/rc: 0.298525208 0.701264083 0.000210709
Q:/rcrcr: 0.000000000 0.474930485 0.525069515
Q:/rcrfr: 0.000000000 0.736354652 0.263645348
Q:/rcrrc: 0.000000000 0.406958137 0.593041863
Q:/rcrrf: 0.000000000 0.525755105 0.474244895
Q:/rf: 0.142391085 0.086890885 0.770718030
Q:/rfrr: 0.000000000 0.336055876 0.663944124
Q:/rr: 0.000066500 0.304207186 0.695726314
Q:/rrcrc: 0.000000000 0.689695463 0.310304537
Q:/rrcrf: 0.000000000 0.591915420 0.408084580
T:/cc: 0.026267936 0.973732064 0.000000000
T:/ccrcr: 0.918568215 0.081431785 0.000000000
T:/ccrcrcrc: 0.000000000 0.054831791 0.945168209
T:/ccrcrcrf: 0.000000000 0.610614672 0.389385328
T:/ccrfr: 0.203108200 0.481071091 0.315820708
T:/ccrrc: 0.324650139 0.513920126 0.161429735
T:/ccrrf: 0.296189222 0.225079126 0.478731653
T:/ccrrr: 0.000000000 0.102159087 0.897840913
T:/cr: 0.000586883 0.391649454 0.607763663
T:/crcrc: 0.212380249 0.360960471 0.426659280
T:/crcrf: 0.407800098 0.451654487 0.140545415
T:/crcrr: 0.000000000 0.520593591 0.479406409
T:/crrcr: 0.000000000 0.291660638 0.708339362
T:/crrfr: 0.000000000 0.000000000 1.000000000
T:/crrrc: 0.000000000 0.247222215 0.752777785
T:/crrrf: 0.000000000 0.645694913 0.354305087
T:/rc: 0.000544771 0.148669634 0.850785595
T:/rcrcr: 0.000000000 0.465654127 0.534345873
T:/rcrfr: 0.000000000 0.579671501 0.420328499
T:/rcrrc: 0.000000000 0.703518301 0.296481699
T:/rcrrf: 0.000000000 0.719828877 0.280171123
T:/rf: 0.409371096 0.152731134 0.437897770
T:/rfrr: 0.000000000 0.579348943 0.420651057
T:/rr: 0.000119324 0.103192642 0.896688035
T:/rrcrc: 0.000000000 0.924282603 0.075717397
T:/rrcrf: 0.000000000 0.334696956 0.665303044
