A:/: 0.013371969 0.986628031 0.000000000
A:/cccr: 0.847526320 0.152473680 0.000000000
A:/cccrccrc: 0.000000000 0.536034287 0.463965713
A:/cccrccrf: 0.000000000 0.857151670 0.142848330
A:/cccrcfrc: 0.000000000 0.609223038 0.390776962
A:/cccrcfrf: 0.000000000 0.662625557 0.337374443
A:/cccrcrcc: 0.000000000 0.620600781 0.379399219
A:/cccrcrcf: 0.000000000 0.951224070 0.048775930
A:/cccrcrfc: 0.000000000 1.000000000 0.000000000
A:/cccrcrff: 0.000000000 0.858692807 0.141307193
A:/ccrc: 0.997391629 0.002608371 0.000000000
A:/ccrccrcc: 0.000000000 0.442998664 0.557001336
A:/ccrccrcf: 0.000000000 0.566675602 0.433324398
A:/ccrccrfc: 0.000000000 0.766671271 0.233328729
A:/ccrccrff: 0.000000000 0.966511281 0.033488719
A:/ccrf: 0.552787847 0.447212153 0.000000000
A:/ccrfcrc: 0.000000000 0.374477467 0.625522533
A:/ccrfcrf: 0.000000000 1.000000000 0.000000000
A:/ccrr: 0.000000000 0.842472043 0.157527957
A:/crcc: 0.080992282 0.865998157 0.053009561
A:/crcf: 0.334314688 0.356981517 0.308703794
A:/crcr: 0.000000000 0.886013408 0.113986592
A:/crfc: 0.697223715 0.259911751 0.042864534
A:/crff: 0.348323936 0.651676064 0.000000000
A:/crfr: 0.000000000 0.913263782 0.086736218
A:/crrc: 0.000000000 0.529625206 0.470374794
A:/crrf: 0.000000000 0.818345694 0.181654306
A:/rccr: 0.000000000 1.000000000 0.000000000
A:/rcfr: 0.000000000 0.991792281 0.008207719
A:/rcrc: 0.000000000 0.977430537 0.022569463
A:/rcrf: 0.000000000 1.000000000 0.000000000
A:/rfcr: 0.000000000 0.845353494 0.154646506
A:/rffr: 0.000000000 1.000000000 0.000000000
A:/rfrc: 0.000000000 0.777864046 0.222135954
A:/rfrf: 0.000000000 0.989217312 0.010782688
A:/rrcc: 0.000000000 0.786453976 0.213546024
A:/rrcf: 0.000000000 1.000000000 0.000000000
A:/rrfc: 0.000000000 0.949176404 0.050823596
A:/rrff: 0.000000000 1.000000000 0.000000000
J:/: 0.000000000 1.000000000 0.000000000
J:/cccr: 0.000000000 0.000000000 1.000000000
J:/cccrccrc: 0.000000000 0.014144609 0.985855391
J:/cccrccrf: 0.000000000 0.758629918 0.241370082
J:/cccrcfrc: 0.000000000 0.000000000 1.000000000
J:/cccrcfrf: 0.000000000 0.474832894 0.525167106
J:/cccrcrcc: 0.000000000 0.310849921 0.689150079
J:/cccrcrcf: 0.000000000 0.635657808 0.364342192
J:/cccrcrfc: 0.000000000 0.017883433 0.982116567
J:/cccrcrff: 0.000000000 0.361091998 0.638908002
J:/ccrc: 0.150759870 0.069633009 0.779607121
J:/ccrccrcc: 0.000000000 0.487922281 0.512077719
J:/ccrccrcf: 0.000000000 0.251842446 0.748157554
J:/ccrccrfc: 0.000000000 0.520544456 0.479455544
J:/ccrccrff: 0.000000000 0.440926638 0.559073362
J:/ccrf: 0.132652724 0.632515564 0.234831712
J:/ccrfcrc: 0.000000000 0.620597326 0.379402674
J:/ccrfcrf: 0.000000000 0.010597660 0.989402340
J:/ccrr: 0.000000000 0.000000000 1.000000000
J:/crcc: 0.316817865 0.356559840 0.326622295
J:/crcf: 0.372163548 0.442286171 0.185550281
J:/crcr: 0.000000000 0.379167076 0.620832924
J:/crfc: 0.000000000 0.000000000 1.000000000
J:/crff: 0.000000000 0.000000000 1.000000000
J:/crfr: 0.000000000 0.000000000 1.000000000
J:/crrc: 0.000000000 0.163404417 0.836595583
J:/crrf: 0.000000000 0.816492487 0.183507513
J:/rccr: 0.000000000 0.000000000 1.000000000
J:/rcfr: 0.000000000 0.000000000 1.000000000
J:/rcrc: 0.000000000 0.122837630 0.877162370
J:/rcrf: 0.000000000 0.105060397 0.894939603
J:/rfcr: 0.000000000 0.000000000 1.000000000
J:/rffr: 0.000000000 0.000000000 1.000000000
J:/rfrc: 0.000000000 0.131696079 0.868303921
J:/rfrf: 0.000000000 0.348206823 0.651793177
J:/rrcc: 0.000000000 0.411458746 0.588541254
J:/rrcf: 0.000000000 0.017604825 0.982395175
J:/rrfc: 0.000000000 0.000000000 1.000000000
J:/rrff: 0.000000000 0.177550412 0.822449588
K:/: 0.000000000 1.000000000 0.000000000
K:/cccr: 0.000000000 0.000520181 0.999479819
K:/cccrccrc: 0.000000000 0.280816453 0.719183547
K:/cccrccrf: 0.000000000 0.025303662 0.974696338
K:/cccrcfrc: 0.000000000 0.390658636 0.609341364
K:/cccrcfrf: 0.000000000 0.722661385 0.277338615
K:/cccrcrcc: 0.000000000 0.687795880 0.312204120
K:/cccrcrcf: 0.000000000 0.917536462 0.082463538
K:/cccrcrfc: 0.000000000 0.000000000 1.000000000
K:/cccrcrff: 0.000000000 1.000000000 0.000000000
K:/ccrc: 0.030086469 0.511863233 0.458050298
K:/ccrccrcc: 0.000000000 0.298037869 0.701962131
K:/ccrccrcf: 0.000000000 0.608926878 0.391073122
K:/ccrccrfc: 0.000000000 0.737621000 0.262379000
K:/ccrccrff: 0.000000000 0.705374986 0.294625014
K:/ccrf: 0.295267750 0.584965812 0.119766438
K:/ccrfcrc: 0.000000000 0.954384188 0.045615812
K:/ccrfcrf: 0.000000000 0.511881072 0.488118928
K:/ccrr: 0.000000000 0.641362065 0.358637935
K:/crcc: 0.527448088 0.192507029 0.280044883
K:/crcf: 0.048258426 0.349896917 0.601844656
K:/crcr: 0.000000000 0.554464451 0.445535549
K:/crfc: 0.000000000 0.000000000 1.000000000
K:/crff: 0.000000000 0.000000000 1.000000000
K:/crfr: 0.000000000 0.000000000 1.000000000
K:/crrc: 0.000000000 0.486683068 0.513316932
K:/crrf: 0.000000000 0.893305560 0.106694440
K:/rccr: 0.000000000 0.000000000 1.000000000
K:/rcfr: 0.000000000 0.454722661 0.545277339
K:/rcrc: 0.000000000 0.150101586 0.849898414
K:/rcrf: 0.000000000 0.347822421 0.652177579
K:/rfcr: 0.000000000 0.000000000 1.000000000
K:/rffr: 0.000000000 0.000000000 1.000000000
K:/rfrc: 0.000000000 0.335821057 0.664178943
K:/rfrf: 0.000000000 0.296560948 0.703439052
K:/rrcc: 0.000000000 0.618612691 0.381387309
K:/rrcf: 0.000000000 0.160315903 0.839684097
K:/rrfc: 0.000000000 0.161171956 0.838828044
K:/rrff: 0.000000000 0.410271876 0.589728124
Q:/: 0.000000000 1.000000000 0.000000000
Q:/cccr: 0.000000000 0.000000000 1.000000000
Q:/cccrccrc: 0.000000000 0.438142953 0.561857047
Q:/cccrccrf: 0.000000000 0.510895410 0.489104590
Q:/cccrcfrc: 0.000000000 0.031371155 0.968628845
Q:/cccrcfrf: 0.000000000 0.507263026 0.492736974
Q:/cccrcrcc: 0.000000000 0.000000000 1.000000000
Q:/cccrcrcf: 0.000000000 0.739133401 0.260866599
Q:/cccrcrfc: 0.000000000 0.330830865 0.669169135
Q:/cccrcrff: 0.000000000 1.000000000 0.000000000
Q:/ccrc: 0.000000000 0.463211987 0.536788013
Q:/ccrccrcc: 0.000000000 0.660485589 0.339514411
Q:/ccrccrcf: 0.000000000 0.289789770 0.710210230
Q:/ccrccrfc: 0.000000000 0.425286104 0.574713896
Q:/ccrccrff: 0.000000000 0.561235223 0.438764777
Q:/ccrf: 0.089900335 0.455864581 0.454235083
Q:/ccrfcrc: 0.000000000 0.163948264 0.836051736
Q:/ccrfcrf: 0.000000000 0.452976975 0.547023025
Q:/ccrr: 0.000000000 0.000000000 1.000000000
Q:/crcc: 0.178186413 0.575756030 0.246057556
Q:/crcf: 0.292005426 0.510193594 0.197800980
Q:/crcr: 0.000000000 0.741763711 0.258236289
Q:/crfc: 0.000000000 0.000000000 1.000000000
Q:/crff: 0.000000000 0.000000000 1.000000000
Q:/crfr: 0.000000000 0.000000000 1.000000000
Q:/crrc: 0.000000000 0.618427008 0.381572992
Q:/crrf: 0.000000000 0.153029482 0.846970518
Q:/rccr: 0.000000000 0.000000000 1.000000000
Q:/rcfr: 0.000000000 0.000000000 1.000000000
Q:/rcrc: 0.000000000 0.000000000 1.000000000
Q:/rcrf: 0.000000000 0.000000000 1.000000000
Q:/rfcr: 0.000000000 0.000000000 1.000000000
Q:/rffr: 0.000000000 0.000000000 1.000000000
Q:/rfrc: 0.000000000 0.000000000 1.000000000
Q:/rfrf: 0.000000000 0.676714963 0.323285037
Q:/rrcc: 0.000000000 0.074428662 0.925571338
Q:/rrcf: 0.000000000 0.567116222 0.432883778
Q:/rrfc: 0.000000000 0.277903953 0.722096047
Q:/rrff: 0.000000000 0.475448078 0.524551922
T:/: 0.000000000 1.000000000 0.000000000
T:/cccr: 0.000000000 0.000000000 1.000000000
T:/cccrccrc: 0.000000000 0.499635992 0.500364008
T:/cccrccrf: 0.000000000 0.901338817 0.098661183
T:/cccrcfrc: 0.000000000 0.413674783 0.586325217
T:/cccrcfrf: 0.000000000 0.444272653 0.555727347
T:/cccrcrcc: 0.000000000 0.000000000 1.000000000
T:/cccrcrcf: 0.000000000 0.491324826 0.508675174
T:/cccrcrfc: 0.000000000 0.000000000 1.000000000
T:/cccrcrff: 0.000000000 0.068180070 0.931819930
T:/ccrc: 0.060965907 0.015177728 0.923856365
T:/ccrccrcc: 0.000000000 0.533391640 0.466608360
T:/ccrccrcf: 0.000000000 0.642533055 0.357466945
T:/ccrccrfc: 0.000000000 0.257700039 0.742299961
T:/ccrccrff: 0.000000000 0.052222871 0.947777129
T:/ccrf: 0.190207796 0.279168923 0.530623281
T:/ccrfcrc: 0.000000000 0.877665356 0.122334644
T:/ccrfcrf: 0.000000000 0.424295908 0.575704092
T:/ccrr: 0.000000000 0.315739146 0.684260854
T:/crcc: 0.305860020 0.093550881 0.600589099
T:/crcf: 0.015871427 0.291257217 0.692871356
T:/crcr: 0.000000000 0.000000000 1.000000000
T:/crfc: 0.000000000 0.000000000 1.000000000
T:/crff: 0.000000000 0.000000000 1.000000000
T:/crfr: 0.000000000 0.000000000 1.000000000
T:/crrc: 0.000000000 0.647885227 0.352114773
T:/crrf: 0.000000000 0.613370807 0.386629193
T:/rccr: 0.000000000 0.000000000 1.000000000
T:/rcfr: 0.000000000 0.000000000 1.000000000
T:/rcrc: 0.000000000 0.118189149 0.881810851
T:/rcrf: 0.000000000 0.122986554 0.877013446
T:/rfcr: 0.000000000 0.000000000 1.000000000
T:/rffr: 0.000000000 0.000000000 1.000000000
T:/rfrc: 0.000000000 0.000000000 1.000000000
T:/rfrf: 0.000000000 0.438752168 0.561247832
T:/rrcc: 0.000000000 0.042177855 0.957822145
T:/rrcf: 0.000000000 0.041930601 0.958069399
T:/rrfc: 0.000000000 0.130974895 0.869025105
T:/rrff: 0.000000000 0.094650967 0.905349033
