A:/cc: 0.075910927 0.924089073 0.000000000
A:/cccrcc: 0.191897120 0.359462645 0.448640235
A:/cccrcf: 0.564464503 0.201018755 0.234516741
A:/cccrcr: 0.000000000 0.510505558 0.489494442
A:/cccrfc: 0.465242456 0.534757544 0.000000000
A:/cccrff: 0.535136138 0.464863862 0.000000000
A:/cccrfr: 0.000000000 0.955295317 0.044704683
A:/cccrrc: 0.000000000 0.221805061 0.778194939
A:/cccrrf: 0.000000000 0.665037491 0.334962509
A:/ccrccr: 0.000000000 0.726021083 0.273978917
A:/ccrcfr: 0.000000000 0.846851866 0.153148134
A:/ccrcrc: 0.000000000 0.498932445 0.501067555
A:/ccrcrf: 0.000000000 0.473839853 0.526160147
A:/ccrfcr: 0.000000000 0.947802533 0.052197467
A:/ccrffr: 0.000000000 0.935196577 0.064803423
A:/ccrfrc: 0.000000000 0.864437256 0.135562744
A:/ccrfrf: 0.000000000 0.894186227 0.105813773
A:/ccrrcc: 0.000000000 0.247826808 0.752173192
A:/ccrrcf: 0.000000000 0.769779695 0.230220305
A:/ccrrfc: 0.000000000 0.772730693 0.227269307
A:/ccrrff: 0.000000000 0.990205187 0.009794813
A:/cr: 0.881795998 0.118204002 0.000000000
A:/crccrc: 0.000000000 0.381437100 0.618562900
A:/crccrf: 0.000000000 0.934718582 0.065281418
A:/crcfrc: 0.000000000 0.954599621 0.045400379
A:/crcfrf: 0.000000000 0.473061322 0.526938678
A:/crcrcc: 0.000000000 0.393274166 0.606725834
A:/crcrcf: 0.000000000 0.425588201 0.574411799
A:/crcrfc: 0.000000000 0.786371989 0.213628011
A:/crcrff: 0.000000000 0.893711351 0.106288649
A:/rc: 0.883733382 0.116266618 0.000000000
A:/rccrcc: 0.000000000 0.638548619 0.361451381
A:/rccrcf: 0.000000000 0.952861194 0.047138806
A:/rccrfc: 0.000000000 0.920592686 0.079407314
A:/rccrff: 0.000000000 0.915984098 0.084015902
A:/rf: 0.660381913 0.339618087 0.000000000
A:/rfcrc: 0.000000000 0.751496166 0.248503834
A:/rfcrf: 0.000000000 1.000000000 0.000000000
A:/rr: 0.000000000 1.000000000 0.000000000
J:/cc: 0.000129394 0.999870606 0.000000000
J:/cccrcc: 0.000000000 0.433400942 0.566599058
J:/cccrcf: 0.000000000 0.428619997 0.571380003
J:/cccrcr: 0.000000000 0.187223548 0.812776452
J:/cccrfc: 0.000187357 0.000000000 0.999812643
J:/cccrff: 0.000249902 0.000000000 0.999750098
J:/cccrfr: 0.000000000 0.000000000 1.000000000
J:/cccrrc: 0.000000000 0.423924464 0.576075536
J:/cccrrf: 0.000000000 0.923806423 0.076193577
J:/ccrccr: 0.000000000 0.000000000 1.000000000
J:/ccrcfr: 0.000000000 0.000000000 1.000000000
J:/ccrcrc: 0.000000000 0.344220893 0.655779107
J:/ccrcrf: 0.000000000 0.856565426 0.143434574
J:/ccrfcr: 0.000000000 0.000000000 1.000000000
J:/ccrffr: 0.000000000 0.000000000 1.000000000
J:/ccrfrc: 0.000000000 0.000000000 1.000000000
J:/ccrfrf: 0.000000000 0.914000669 0.085999331
J:/ccrrcc: 0.000000000 0.000000000 1.000000000
J:/ccrrcf: 0.000000000 0.000000000 1.000000000
J:/ccrrfc: 0.000000000 0.000000000 1.000000000
J:/ccrrff: 0.000000000 0.000000000 1.000000000
J:/cr: 0.000000000 0.000000000 1.000000000
J:/crccrc: 0.000000000 0.382777597 0.617222403
J:/crccrf: 0.000000000 0.735328672 0.264671328
J:/crcfrc: 0.000000000 0.624530787 0.375469213
J:/crcfrf: 0.000000000 0.083417762 0.916582238
J:/crcrcc: 0.000000000 0.043716875 0.956283125
J:/crcrcf: 0.000000000 0.491664407 0.508335593
J:/crcrfc: 0.000000000 0.324807600 0.675192400
J:/crcrff: 0.000000000 0.900073577 0.099926423
J:/rc: 0.201010256 0.199132527 0.599857217
J:/rccrcc: 0.000000000 0.332127663 0.667872337
J:/rccrcf: 0.000000000 0.746118370 0.253881630
J:/rccrfc: 0.000000000 0.582291437 0.417708563
J:/rccrff: 0.000000000 0.512012788 0.487987212
J:/rf: 0.000000000 0.101565138 0.898434862
J:/rfcrc: 0.000000000 0.756252785 0.243747215
J:/rfcrf: 0.000000000 0.145937990 0.854062010
J:/rr: 0.000000000 0.546524629 0.453475371
K:/cc: 0.000000000 1.000000000 0.000000000
K:/cccrcc: 0.423402852 0.421494528 0.155102620
K:/cccrcf: 0.128113144 0.533492082 0.338394774
K:/cccrcr: 0.000000000 0.817327873 0.182672127
K:/cccrfc: 0.000562318 0.000000000 0.999437682
K:/cccrff: 0.000249955 0.000000000 0.999750045
K:/cccrfr: 0.000000000 0.000624797 0.999375203
K:/cccrrc: 0.000000000 0.688156936 0.311843064
K:/cccrrf: 0.000000000 0.563948319 0.436051681
K:/ccrccr: 0.000000000 0.166877130 0.833122870
K:/ccrcfr: 0.000000000 1.000000000 0.000000000
K:/ccrcrc: 0.000000000 0.526924562 0.473075438
K:/ccrcrf: 0.000000000 0.658184278 0.341815722
K:/ccrfcr: 0.000000000 0.000000000 1.000000000
K:/ccrffr: 0.000000000 0.000000000 1.000000000
K:/ccrfrc: 0.000000000 0.020715506 0.979284494
K:/ccrfrf: 0.000000000 0.636779273 0.363220727
K:/ccrrcc: 0.000000000 0.000000000 1.000000000
K:/ccrrcf: 0.000000000 0.103380722 0.896619278
K:/ccrrfc: 0.000000000 0.000000000 1.000000000
K:/ccrrff: 0.000000000 0.000000000 1.000000000
K:/cr: 0.000000000 0.000639370 0.999360630
K:/crccrc: 0.000000000 0.432147472 0.567852528
K:/crccrf: 0.000000000 0.668431709 0.331568291
K:/crcfrc: 0.000000000 0.412150610 0.587849390
K:/crcfrf: 0.000000000 0.974487919 0.025512081
K:/crcrcc: 0.000000000 0.198774640 0.801225360
K:/crcrcf: 0.000000000 0.490795222 0.509204778
K:/crcrfc: 0.000000000 0.000868861 0.999131139
K:/crcrff: 0.000000000 1.000000000 0.000000000
K:/rc: 0.390118773 0.311550607 0.298330619
K:/rccrcc: 0.000000000 0.269518878 0.730481122
K:/rccrcf: 0.000000000 0.595772609 0.404227391
K:/rccrfc: 0.000000000 0.568837499 0.431162501
K:/rccrff: 0.000000000 0.804569377 0.195430623
K:/rf: 0.328472718 0.224372731 0.447154551
K:/rfcrc: 0.000000000 0.954064439 0.045935561
K:/rfcrf: 0.000000000 0.916058027 0.083941973
K:/rr: 0.000000000 0.390688126 0.609311874
Q:/cc: 0.000121700 0.999878300 0.000000000
Q:/cccrcc: 0.131690743 0.571591927 0.296717330
Q:/cccrcf: 0.000460145 0.337065119 0.662474736
Q:/cccrcr: 0.000000000 0.404919846 0.595080154
Q:/cccrfc: 0.000374757 0.000000000 0.999625243
Q:/cccrff: 0.000249918 0.000000000 0.999750082
Q:/cccrfr: 0.000000000 0.000249772 0.999750228
Q:/cccrrc: 0.000000000 0.319999252 0.680000748
Q:/cccrrf: 0.000000000 0.431318400 0.568681600
Q:/ccrccr: 0.000000000 0.284396346 0.715603654
Q:/ccrcfr: 0.000000000 0.000000000 1.000000000
Q:/ccrcrc: 0.000000000 0.091997137 0.908002863
Q:/ccrcrf: 0.000000000 0.022011199 0.977988801
Q:/ccrfcr: 0.000000000 0.000000000 1.000000000
Q:/ccrffr: 0.000000000 0.000000000 1.000000000
Q:/ccrfrc: 0.000000000 0.126505833 0.873494167
Q:/ccrfrf: 0.000000000 0.167179909 0.832820091
Q:/ccrrcc: 0.000000000 0.000876621 0.999123379
Q:/ccrrcf: 0.000000000 0.000000000 1.000000000
Q:/ccrrfc: 0.000000000 0.000000000 1.000000000
Q:/ccrrff: 0.000000000 0.000000000 1.000000000
Q:/cr: 0.000000000 0.000000000 1.000000000
Q:/crccrc: 0.000000000 0.750322594 0.249677406
Q:/crccrf: 0.000000000 0.070678937 0.929321063
Q:/crcfrc: 0.000000000 0.129230432 0.870769568
Q:/crcfrf: 0.000000000 0.193968446 0.806031554
Q:/crcrcc: 0.000000000 0.000000000 1.000000000
Q:/crcrcf: 0.000000000 0.000094303 0.999905697
Q:/crcrfc: 0.000000000 0.273825395 0.726174605
Q:/crcrff: 0.000000000 0.753263043 0.246736957
Q:/rc: 0.063000461 0.328156961 0.608842578
Q:/rccrcc: 0.000000000 0.759712803 0.240287197
Q:/rccrcf: 0.000000000 0.704989700 0.295010300
Q:/rccrfc: 0.000000000 0.822748315 0.177251685
Q:/rccrff: 0.000000000 0.691297908 0.308702092
Q:/rf: 0.000000000 0.160323748 0.839676252
Q:/rfcrc: 0.000000000 0.423157673 0.576842327
Q:/rfcrf: 0.000000000 0.701375918 0.298624082
Q:/rr: 0.000000000 0.261664629 0.738335371
T:/cc: 0.000059212 0.999940788 0.000000000
T:/cccrcc: 0.000000000 0.378651760 0.621348240
T:/cccrcf: 0.017696979 0.327233731 0.655069290
T:/cccrcr: 0.000000000 0.071783267 0.928216733
T:/cccrfc: 0.000000000 0.000000000 1.000000000
T:/cccrff: 0.000249893 0.000000000 0.999750107
T:/cccrfr: 0.000000000 0.000000000 1.000000000
T:/cccrrc: 0.000000000 0.083513299 0.916486701
T:/cccrrf: 0.000000000 0.386425467 0.613574533
T:/ccrccr: 0.000000000 0.000000000 1.000000000
T:/ccrcfr: 0.000000000 0.000000000 1.000000000
T:/ccrcrc: 0.000000000 0.441681232 0.558318768
T:/ccrcrf: 0.000000000 0.475758951 0.524241049
T:/ccrfcr: 0.000000000 0.000000000 1.000000000
T:/ccrffr: 0.000000000 0.000000000 1.000000000
T:/ccrfrc: 0.000000000 0.000000000 1.000000000
T:/ccrfrf: 0.000000000 0.179389376 0.820610624
T:/ccrrcc: 0.000000000 0.329948611 0.670051389
T:/ccrrcf: 0.000000000 0.190087305 0.809912695
T:/ccrrfc: 0.000000000 0.000000000 1.000000000
T:/ccrrff: 0.000000000 0.000000000 1.000000000
T:/cr: 0.000000000 0.000000000 1.000000000
T:/crccrc: 0.000000000 0.686583257 0.313416743
T:/crccrf: 0.000000000 0.284469815 0.715530185
T:/crcfrc: 0.000000000 0.596284011 0.403715989
T:/crcfrf: 0.000000000 0.587643715 0.412356285
T:/crcrcc: 0.000000000 0.455678026 0.544321974
T:/crcrcf: 0.000000000 0.600101597 0.399898403
T:/crcrfc: 0.000000000 0.498142958 0.501857042
T:/crcrff: 0.000000000 0.116177304 0.883822696
T:/rc: 0.423378398 0.160215323 0.416406279
T:/rccrcc: 0.000000000 0.778132944 0.221867056
T:/rccrcf: 0.000000000 0.881907222 0.118092778
T:/rccrfc: 0.000000000 0.676175890 0.323824110
T:/rccrff: 0.000000000 0.000000000 1.000000000
T:/rf: 0.150032392 0.183989762 0.665977846
T:/rfcrc: 0.000000000 0.304134128 0.695865872
T:/rfcrf: 0.000000000 0.163919984 0.836080016
T:/rr: 0.000000000 0.119453367 0.880546633
