A:/: 0.994810804 0.005189196 0.000000000
A:/cccr: 0.999830720 0.000169280 0.000000000
A:/cccrccrc: 0.640845168 0.358472760 0.000682071
A:/cccrccrccrcc: 0.000000000 0.365487425 0.634512575
A:/cccrccrccrcf: 0.000000000 0.352029004 0.647970996
A:/cccrccrccrfc: 0.000000000 0.240560537 0.759439463
A:/cccrccrccrff: 0.000000000 0.478259036 0.521740964
A:/cccrccrf: 0.868580317 0.019277763 0.112141920
A:/cccrccrfcrc: 0.000000000 0.439987060 0.560012940
A:/cccrccrfcrf: 0.000000000 0.838353109 0.161646891
A:/cccrccrr: 0.000000000 0.999782904 0.000217096
A:/cccrcfrc: 0.440744723 0.557966382 0.001288895
A:/cccrcfrf: 0.105776175 0.441686204 0.452537621
A:/cccrcfrr: 0.000000000 0.999903520 0.000096480
A:/cccrcrcc: 0.604665871 0.395334129 0.000000000
A:/cccrcrcf: 0.358078829 0.397394041 0.244527129
A:/cccrcrcr: 0.000000000 1.000000000 0.000000000
A:/cccrcrfc: 0.809101888 0.190745227 0.000152885
A:/cccrcrff: 0.463463787 0.536394075 0.000142139
A:/cccrcrfr: 0.000000000 0.999918966 0.000081034
A:/cccrcrrc: 0.000000000 0.999920412 0.000079588
A:/cccrcrrf: 0.000000000 0.999982130 0.000017870
A:/cccrrccr: 0.000000000 0.999841022 0.000158978
A:/cccrrcfr: 0.000000000 1.000000000 0.000000000
A:/cccrrcrc: 0.000000000 0.957386266 0.042613734
A:/cccrrcrf: 0.000000000 0.946978198 0.053021802
A:/cccrrfcr: 0.000000000 0.999959108 0.000040892
A:/cccrrffr: 0.000000000 1.000000000 0.000000000
A:/cccrrfrc: 0.000000000 0.988780721 0.011219279
A:/cccrrfrf: 0.000000000 0.933717572 0.066282428
A:/cccrrrcc: 0.000000000 0.999973344 0.000026656
A:/cccrrrcf: 0.000000000 0.332991001 0.667008999
A:/cccrrrfc: 0.000000000 0.999885000 0.000115000
A:/cccrrrff: 0.000000000 0.999777865 0.000222135
A:/ccrc: 0.000000000 0.000146964 0.999853036
A:/ccrccrcc: 0.240456439 0.111579458 0.647964103
A:/ccrccrcf: 0.167732592 0.394393435 0.437873973
A:/ccrccrcr: 0.000000000 0.556571569 0.443428431
A:/ccrccrfc: 0.380317045 0.346556999 0.273125956
A:/ccrccrff: 0.309375475 0.109064854 0.581559671
A:/ccrccrfr: 0.000000000 0.708050786 0.291949214
A:/ccrccrrc: 0.000000000 0.439078792 0.560921208
A:/ccrccrrf: 0.000000000 0.450380417 0.549619583
A:/ccrcrccr: 0.000000000 0.645672009 0.354327991
A:/ccrcrcfr: 0.000000000 0.264048715 0.735951285
A:/ccrcrcrc: 0.000000000 0.442434075 0.557565925
A:/ccrcrcrf: 0.000000000 0.677495158 0.322504842
A:/ccrcrfcr: 0.000000000 0.273778495 0.726221505
A:/ccrcrffr: 0.000000000 0.299453237 0.700546763
A:/ccrcrfrc: 0.000000000 0.476603769 0.523396231
A:/ccrcrfrf: 0.000000000 0.227291713 0.772708287
A:/ccrcrrcc: 0.000000000 0.666362621 0.333637379
A:/ccrcrrcf: 0.000000000 0.695789513 0.304210487
A:/ccrcrrfc: 0.000000000 0.538869780 0.461130220
A:/ccrcrrff: 0.000000000 0.159974446 0.840025554
A:/ccrf: 0.000151057 0.468791891 0.531057052
A:/ccrfcrc: 0.380235554 0.477816903 0.141947542
A:/ccrfcrf: 0.681686475 0.318260260 0.000053265
A:/ccrfcrr: 0.000000000 0.834859050 0.165140950
A:/ccrfrcr: 0.000000000 0.625831838 0.374168162
A:/ccrfrfr: 0.000000000 0.794584404 0.205415596
A:/ccrfrrc: 0.000000000 0.524008257 0.475991743
A:/ccrfrrf: 0.000000000 0.741190808 0.258809192
A:/ccrr: 0.633566784 0.365813993 0.000619223
A:/ccrrccrc: 0.000000000 0.238750869 0.761249131
A:/ccrrccrf: 0.000000000 0.387722315 0.612277685
A:/ccrrcfrc: 0.000000000 0.806179949 0.193820051
A:/ccrrcfrf: 0.000000000 0.457189597 0.542810403
A:/ccrrcrcc: 0.000000000 0.017581166 0.982418834
A:/ccrrcrcf: 0.000000000 0.306990332 0.693009668
A:/ccrrcrfc: 0.000000000 0.260858025 0.739141975
A:/ccrrcrff: 0.000000000 0.302889717 0.697110283
A:/crcc: 0.245114560 0.754885440 0.000000000
A:/crccrccr: 0.000000000 0.576090232 0.423909768
A:/crccrcfr: 0.000000000 0.545467907 0.454532093
A:/crccrcrc: 0.000000000 1.000000000 0.000000000
A:/crccrcrf: 0.000000000 1.000000000 0.000000000
A:/crccrfcr: 0.000000000 0.704139596 0.295860404
A:/crccrffr: 0.000000000 0.994385275 0.005614725
A:/crccrfrc: 0.000000000 1.000000000 0.000000000
A:/crccrfrf: 0.000000000 0.661318711 0.338681289
A:/crccrrcc: 0.000000000 0.893492247 0.106507753
A:/crccrrcf: 0.000000000 0.698387790 0.301612210
A:/crccrrfc: 0.000000000 0.428478421 0.571521579
A:/crccrrff: 0.000000000 0.920998743 0.079001257
A:/crcf: 0.803568306 0.196431694 0.000000000
A:/crcfrcr: 0.000000000 0.681276940 0.318723060
A:/crcfrfr: 0.000000000 0.075354264 0.924645736
A:/crcfrrc: 0.000000000 1.000000000 0.000000000
A:/crcfrrf: 0.000000000 1.000000000 0.000000000
A:/crcr: 0.587551084 0.412448916 0.000000000
A:/crcrccrc: 0.000000000 0.683753307 0.316246693
A:/crcrccrf: 0.000000000 0.773185208 0.226814792
A:/crcrcfrc: 0.000000000 0.803762299 0.196237701
A:/crcrcfrf: 0.000000000 0.579381030 0.420618970
A:/crcrcrcc: 0.000000000 0.700118848 0.299881152
A:/crcrcrcf: 0.000000000 1.000000000 0.000000000
A:/crcrcrfc: 0.000000000 0.804875390 0.195124610
A:/crcrcrff: 0.000000000 0.693798971 0.306201029
A:/crfc: 0.937595113 0.062102232 0.000302656
A:/crfcrcr: 0.000000000 0.775397596 0.224602404
A:/crfcrfr: 0.000000000 0.881688159 0.118311841
A:/crfcrrc: 0.000000000 0.999938358 0.000061642
A:/crfcrrf: 0.000000000 0.999964931 0.000035069
A:/crff: 0.756233028 0.243766972 0.000000000
A:/crffrr: 0.000000000 1.000000000 0.000000000
A:/crfr: 0.654149015 0.345744832 0.000106153
A:/crfrcrc: 0.000000000 0.886480806 0.113519194
A:/crfrcrf: 0.000000000 0.999976473 0.000023527
A:/crrc: 0.998607440 0.000353954 0.001038606
A:/crrccrcc: 0.000000000 0.713393396 0.286606604
A:/crrccrcf: 0.000000000 1.000000000 0.000000000
A:/crrccrfc: 0.000000000 0.999938373 0.000061627
A:/crrccrff: 0.000000000 0.999937435 0.000062565
A:/crrf: 0.144269044 0.855730956 0.000000000
A:/crrfcrc: 0.000000000 1.000000000 0.000000000
A:/crrfcrf: 0.000000000 1.000000000 0.000000000
A:/crrr: 0.000000000 0.998638611 0.001361389
A:/rccr: 0.850657579 0.149067336 0.000275085
A:/rccrccrc: 0.000000000 0.507435583 0.492564417
A:/rccrccrf: 0.000000000 0.233220109 0.766779891
A:/rccrcfrc: 0.000000000 0.834686300 0.165313700
A:/rccrcfrf: 0.000000000 0.223522797 0.776477203
A:/rccrcrcc: 0.000000000 0.208175936 0.791824064
A:/rccrcrcf: 0.000000000 0.851335305 0.148664695
A:/rccrcrfc: 0.000000000 0.795704001 0.204295999
A:/rccrcrff: 0.000000000 0.858583891 0.141416109
A:/rcfr: 0.847662345 0.152337655 0.000000000
A:/rcfrcrc: 0.000000000 0.246264276 0.753735724
A:/rcfrcrf: 0.000000000 0.148137692 0.851862308
A:/rcrc: 0.243247301 0.703463891 0.053288808
A:/rcrccrcc: 0.000000000 0.238308020 0.761691980
A:/rcrccrcf: 0.000000000 0.549027264 0.450972736
A:/rcrccrfc: 0.000000000 0.604807953 0.395192047
A:/rcrccrff: 0.000000000 0.766579497 0.233420503
A:/rcrf: 0.530158937 0.288662555 0.181178508
A:/rcrfcrc: 0.000000000 0.774366902 0.225633098
A:/rcrfcrf: 0.000000000 0.610205811 0.389794189
A:/rcrr: 0.000000000 0.600406130 0.399593870
A:/rfcr: 0.391756863 0.407728401 0.200514737
A:/rfcrcrc: 0.000000000 0.802648759 0.197351241
A:/rfcrcrf: 0.000000000 0.720316127 0.279683873
A:/rffr: 0.276371039 0.723628961 0.000000000
A:/rfrc: 0.552635801 0.444463509 0.002900690
A:/rfrf: 0.125643807 0.604588925 0.269767267
A:/rfrr: 0.000000000 0.928254696 0.071745304
A:/rrcc: 0.536012142 0.400615589 0.063372269
A:/rrcf: 0.291005439 0.471368572 0.237625989
A:/rrcr: 0.000000000 0.998913467 0.001086533
A:/rrfc: 0.502264589 0.495722293 0.002013118
A:/rrff: 0.590804776 0.319821982 0.089373242
A:/rrfr: 0.000000000 0.617139504 0.382860496
A:/rrrc: 0.000000000 0.428965287 0.571034713
A:/rrrf: 0.000000000 1.000000000 0.000000000
J:/: 1.000000000 0.000000000 0.000000000
J:/cccr: 0.000663044 0.000016677 0.999320279
J:/cccrccrc: 0.561148417 0.000134788 0.438716795
J:/cccrccrccrcc: 0.000000000 0.648252540 0.351747460
J:/cccrccrccrcf: 0.000000000 0.420328753 0.579671247
J:/cccrccrccrfc: 0.000000000 0.234069798 0.765930202
J:/cccrccrccrff: 0.000000000 0.271375956 0.728624044
J:/cccrccrf: 0.481749863 0.000000000 0.518250137
J:/cccrccrfcrc: 0.000000000 0.324791907 0.675208093
J:/cccrccrfcrf: 0.000000000 0.708884385 0.291115615
J:/cccrccrr: 0.000000000 0.000120283 0.999879717
J:/cccrcfrc: 0.422586873 0.035356440 0.542056687
J:/cccrcfrf: 0.379458620 0.528487711 0.092053669
J:/cccrcfrr: 0.000000000 0.000076987 0.999923013
J:/cccrcrcc: 0.394990358 0.049978471 0.555031172
J:/cccrcrcf: 0.196641917 0.238043887 0.565314196
J:/cccrcrcr: 0.000000000 0.390662312 0.609337688
J:/cccrcrfc: 0.408758643 0.021001646 0.570239712
J:/cccrcrff: 0.690732588 0.157516673 0.151750739
J:/cccrcrfr: 0.000000000 0.082532321 0.917467679
J:/cccrcrrc: 0.000000000 0.504411210 0.495588790
J:/cccrcrrf: 0.000000000 0.363174557 0.636825443
J:/cccrrccr: 0.000000000 0.516787384 0.483212616
J:/cccrrcfr: 0.000000000 0.097760544 0.902239456
J:/cccrrcrc: 0.000000000 0.377731608 0.622268392
J:/cccrrcrf: 0.000000000 0.758961049 0.241038951
J:/cccrrfcr: 0.000000000 0.000000000 1.000000000
J:/cccrrffr: 0.000000000 0.000000000 1.000000000
J:/cccrrfrc: 0.000000000 0.183674988 0.816325012
J:/cccrrfrf: 0.000000000 0.909017245 0.090982755
J:/cccrrrcc: 0.000000000 0.689272160 0.310727840
J:/cccrrrcf: 0.000000000 0.298576424 0.701423576
J:/cccrrrfc: 0.000000000 0.000000000 1.000000000
J:/cccrrrff: 0.000000000 0.999999888 0.000000112
J:/ccrc: 0.000000000 1.000000000 0.000000000
J:/ccrccrcc: 0.242024547 0.410119636 0.347855817
J:/ccrccrcf: 0.452975665 0.525181876 0.021842459
J:/ccrccrcr: 0.000000000 0.642556557 0.357443443
J:/ccrccrfc: 0.552426039 0.348807814 0.098766147
J:/ccrccrff: 0.040994836 0.689830362 0.269174802
J:/ccrccrfr: 0.000000000 0.420223613 0.579776387
J:/ccrccrrc: 0.000000000 1.000000000 0.000000000
J:/ccrccrrf: 0.000000000 0.989827332 0.010172668
J:/ccrcrccr: 0.000000000 0.893151539 0.106848461
J:/ccrcrcfr: 0.000000000 0.433791822 0.566208178
J:/ccrcrcrc: 0.000000000 0.966151392 0.033848608
J:/ccrcrcrf: 0.000000000 0.876847002 0.123152998
J:/ccrcrfcr: 0.000000000 0.460276434 0.539723566
J:/ccrcrffr: 0.000000000 0.706554176 0.293445824
J:/ccrcrfrc: 0.000000000 0.544655183 0.455344817
J:/ccrcrfrf: 0.000000000 0.771342152 0.228657848
J:/ccrcrrcc: 0.000000000 0.461198222 0.538801778
J:/ccrcrrcf: 0.000000000 0.024528523 0.975471477
J:/ccrcrrfc: 0.000000000 0.310534734 0.689465266
J:/ccrcrrff: 0.000000000 0.372100991 0.627899009
J:/ccrf: 0.000000000 0.999931303 0.000068697
J:/ccrfcrc: 0.398163972 0.392817053 0.209018975
J:/ccrfcrf: 0.712490995 0.011043116 0.276465889
J:/ccrfcrr: 0.000000000 0.881401612 0.118598388
J:/ccrfrcr: 0.000000000 0.308039729 0.691960271
J:/ccrfrfr: 0.000000000 0.430094267 0.569905733
J:/ccrfrrc: 0.000000000 0.348847960 0.651152040
J:/ccrfrrf: 0.000000000 0.332061074 0.667938926
J:/ccrr: 0.716122488 0.283868867 0.000008644
J:/ccrrccrc: 0.000000000 0.263677174 0.736322826
J:/ccrrccrf: 0.000000000 0.364127020 0.635872980
J:/ccrrcfrc: 0.000000000 0.702201881 0.297798119
J:/ccrrcfrf: 0.000000000 0.716931283 0.283068717
J:/ccrrcrcc: 0.000000000 0.412149893 0.587850107
J:/ccrrcrcf: 0.000000000 0.889226256 0.110773744
J:/ccrrcrfc: 0.000000000 0.573842564 0.426157436
J:/ccrrcrff: 0.000000000 0.628990321 0.371009679
J:/crcc: 0.000000000 0.000000000 1.000000000
J:/crccrccr: 0.000000000 0.453508072 0.546491928
J:/crccrcfr: 0.000000000 0.624761623 0.375238377
J:/crccrcrc: 0.000000000 0.435394541 0.564605459
J:/crccrcrf: 0.000000000 0.668488218 0.331511782
J:/crccrfcr: 0.000000000 0.845891305 0.154108695
J:/crccrffr: 0.000000000 0.656569686 0.343430314
J:/crccrfrc: 0.000000000 0.873946613 0.126053387
J:/crccrfrf: 0.000000000 0.252823234 0.747176766
J:/crccrrcc: 0.000000000 0.372822834 0.627177166
J:/crccrrcf: 0.000000000 0.000000000 1.000000000
J:/crccrrfc: 0.000000000 0.556587070 0.443412930
J:/crccrrff: 0.000000000 0.208747335 0.791252665
J:/crcf: 0.000000000 0.374577698 0.625422302
J:/crcfrcr: 0.000000000 0.627344724 0.372655276
J:/crcfrfr: 0.000000000 0.222037575 0.777962425
J:/crcfrrc: 0.000000000 0.390650491 0.609349509
J:/crcfrrf: 0.000000000 0.346567610 0.653432390
J:/crcr: 0.046331458 0.000064324 0.953604218
J:/crcrccrc: 0.000000000 0.667970490 0.332029510
J:/crcrccrf: 0.000000000 0.774114012 0.225885988
J:/crcrcfrc: 0.000000000 0.434569122 0.565430878
J:/crcrcfrf: 0.000000000 0.101467183 0.898532817
J:/crcrcrcc: 0.000000000 0.293391042 0.706608958
J:/crcrcrcf: 0.000000000 0.155580357 0.844419643
J:/crcrcrfc: 0.000000000 0.240744494 0.759255506
J:/crcrcrff: 0.000000000 0.451078499 0.548921501
J:/crfc: 0.052618221 0.005619938 0.941761841
J:/crfcrcr: 0.000000000 0.427583621 0.572416379
J:/crfcrfr: 0.000000000 0.472154339 0.527845661
J:/crfcrrc: 0.000000000 0.368055225 0.631944775
J:/crfcrrf: 0.000000000 0.238142453 0.761857547
J:/crff: 0.055490803 0.121712103 0.822797094
J:/crffrr: 0.000000000 0.001528679 0.998471321
J:/crfr: 0.033105204 0.142856486 0.824038309
J:/crfrcrc: 0.000000000 0.769263849 0.230736151
J:/crfrcrf: 0.000000000 0.000000000 1.000000000
J:/crrc: 0.000000141 0.000499934 0.999499925
J:/crrccrcc: 0.000000000 0.130666762 0.869333238
J:/crrccrcf: 0.000000000 0.514650716 0.485349284
J:/crrccrfc: 0.000000000 0.312816777 0.687183223
J:/crrccrff: 0.000000000 0.310380528 0.689619472
J:/crrf: 0.000124173 0.000000000 0.999875827
J:/crrfcrc: 0.000000000 0.000000000 1.000000000
J:/crrfcrf: 0.000000000 0.073033484 0.926966516
J:/crrr: 0.000000000 0.000310966 0.999689034
J:/rccr: 0.364423857 0.190839063 0.444737080
J:/rccrccrc: 0.000000000 0.442421320 0.557578680
J:/rccrccrf: 0.000000000 0.422089772 0.577910228
J:/rccrcfrc: 0.000000000 0.896022963 0.103977037
J:/rccrcfrf: 0.000000000 0.319430070 0.680569930
J:/rccrcrcc: 0.000000000 0.763515936 0.236484064
J:/rccrcrcf: 0.000000000 0.604358698 0.395641302
J:/rccrcrfc: 0.000000000 0.375407074 0.624592926
J:/rccrcrff: 0.000000000 0.118898252 0.881101748
J:/rcfr: 0.354847810 0.036934818 0.608217373
J:/rcfrcrc: 0.000000000 0.272256787 0.727743213
J:/rcfrcrf: 0.000000000 0.906952577 0.093047423
J:/rcrc: 0.070062772 0.353835650 0.576101578
J:/rcrccrcc: 0.000000000 0.162225801 0.837774199
J:/rcrccrcf: 0.000000000 0.402525620 0.597474380
J:/rcrccrfc: 0.000000000 0.465927202 0.534072798
J:/rcrccrff: 0.000000000 0.402988596 0.597011404
J:/rcrf: 0.526524054 0.066519528 0.406956418
J:/rcrfcrc: 0.000000000 0.664248535 0.335751465
J:/rcrfcrf: 0.000000000 0.162133103 0.837866897
J:/rcrr: 0.000000000 0.366995076 0.633004924
J:/rfcr: 0.065396844 0.805232206 0.129370950
J:/rfcrcrc: 0.000000000 0.629640690 0.370359310
J:/rfcrcrf: 0.000000000 0.268170396 0.731829604
J:/rffr: 0.000000000 0.001192386 0.998807614
J:/rfrc: 0.075780435 0.565320175 0.358899390
J:/rfrf: 0.460098977 0.197082583 0.342818440
J:/rfrr: 0.000000000 0.686460918 0.313539082
J:/rrcc: 0.376894445 0.533002604 0.090102951
J:/rrcf: 0.246199466 0.614398877 0.139401658
J:/rrcr: 0.000000000 0.672687701 0.327312299
J:/rrfc: 0.000000000 0.000000000 1.000000000
J:/rrff: 0.000150694 0.000018213 0.999831093
J:/rrfr: 0.000000000 0.000094675 0.999905325
J:/rrrc: 0.000000000 0.444746858 0.555253142
J:/rrrf: 0.000000000 0.446810296 0.553189704
K:/: 1.000000000 0.000000000 0.000000000
K:/cccr: 0.000000000 0.998328058 0.001671942
K:/cccrccrc: 0.727496200 0.152519321 0.119984480
K:/cccrccrccrcc: 0.000000000 0.028532609 0.971467391
K:/cccrccrccrcf: 0.000000000 0.509156471 0.490843529
K:/cccrccrccrfc: 0.000000000 0.708275420 0.291724580
K:/cccrccrccrff: 0.000000000 0.469677807 0.530322193
K:/cccrccrf: 0.681412949 0.002117083 0.316469969
K:/cccrccrfcrc: 0.000000000 0.544987288 0.455012712
K:/cccrccrfcrf: 0.000000000 0.855027067 0.144972933
K:/cccrccrr: 0.000000000 0.751433676 0.248566324
K:/cccrcfrc: 0.000000000 0.854836829 0.145163171
K:/cccrcfrf: 0.262344929 0.343695586 0.393959485
K:/cccrcfrr: 0.000000000 0.805608964 0.194391036
K:/cccrcrcc: 0.348363100 0.199037964 0.452598937
K:/cccrcrcf: 0.513421834 0.486578166 0.000000000
K:/cccrcrcr: 0.000000000 0.721646134 0.278353866
K:/cccrcrfc: 0.522849291 0.243081849 0.234068860
K:/cccrcrff: 0.677691447 0.168106987 0.154201565
K:/cccrcrfr: 0.000000000 0.679436912 0.320563088
K:/cccrcrrc: 0.000000000 0.213429082 0.786570918
K:/cccrcrrf: 0.000000000 0.867768694 0.132231306
K:/cccrrccr: 0.000000000 0.788392450 0.211607550
K:/cccrrcfr: 0.000000000 0.999864164 0.000135836
K:/cccrrcrc: 0.000000000 0.999983185 0.000016815
K:/cccrrcrf: 0.000000000 0.490748728 0.509251272
K:/cccrrfcr: 0.000000000 0.637693976 0.362306024
K:/cccrrffr: 0.000000000 0.954763417 0.045236583
K:/cccrrfrc: 0.000000000 0.731757039 0.268242961
K:/cccrrfrf: 0.000000000 0.947891694 0.052108306
K:/cccrrrcc: 0.000000000 0.467933253 0.532066747
K:/cccrrrcf: 0.000000000 0.657615200 0.342384800
K:/cccrrrfc: 0.000000000 0.999989043 0.000010957
K:/cccrrrff: 0.000000000 0.932689902 0.067310098
K:/ccrc: 0.000000000 0.641296229 0.358703771
K:/ccrccrcc: 0.329542726 0.486020467 0.184436807
K:/ccrccrcf: 0.397675880 0.393346941 0.208977178
K:/ccrccrcr: 0.000000000 0.500871752 0.499128248
K:/ccrccrfc: 0.379634863 0.207159586 0.413205552
K:/ccrccrff: 0.229790976 0.328720561 0.441488463
K:/ccrccrfr: 0.000000000 0.745241235 0.254758765
K:/ccrccrrc: 0.000000000 0.159314688 0.840685312
K:/ccrccrrf: 0.000000000 0.380504378 0.619495622
K:/ccrcrccr: 0.000000000 0.339770603 0.660229397
K:/ccrcrcfr: 0.000000000 0.307803543 0.692196457
K:/ccrcrcrc: 0.000000000 0.771328119 0.228671881
K:/ccrcrcrf: 0.000000000 0.747493163 0.252506837
K:/ccrcrfcr: 0.000000000 0.133173582 0.866826418
K:/ccrcrffr: 0.000000000 0.091222812 0.908777188
K:/ccrcrfrc: 0.000000000 0.274096142 0.725903858
K:/ccrcrfrf: 0.000000000 0.462894841 0.537105159
K:/ccrcrrcc: 0.000000000 0.037062741 0.962937259
K:/ccrcrrcf: 0.000000000 0.568320979 0.431679021
K:/ccrcrrfc: 0.000000000 0.235234153 0.764765847
K:/ccrcrrff: 0.000000000 0.817871263 0.182128737
K:/ccrf: 0.000118045 0.999731326 0.000150629
K:/ccrfcrc: 0.233165409 0.666919294 0.099915297
K:/ccrfcrf: 0.000049734 0.103947021 0.896003245
K:/ccrfcrr: 0.000000000 0.536985909 0.463014091
K:/ccrfrcr: 0.000000000 0.547587435 0.452412565
K:/ccrfrfr: 0.000000000 0.754472392 0.245527608
K:/ccrfrrc: 0.000000000 0.048687700 0.951312300
K:/ccrfrrf: 0.000000000 0.341454128 0.658545872
K:/ccrr: 0.791264365 0.208094235 0.000641400
K:/ccrrccrc: 0.000000000 0.485365644 0.514634356
K:/ccrrccrf: 0.000000000 0.883448840 0.116551160
K:/ccrrcfrc: 0.000000000 0.399472820 0.600527180
K:/ccrrcfrf: 0.000000000 0.514484027 0.485515973
K:/ccrrcrcc: 0.000000000 0.375712058 0.624287942
K:/ccrrcrcf: 0.000000000 0.876740992 0.123259008
K:/ccrrcrfc: 0.000000000 0.749085123 0.250914877
K:/ccrrcrff: 0.000000000 0.196019410 0.803980590
K:/crcc: 0.264382209 0.003974240 0.731643550
K:/crccrccr: 0.000000000 0.531974679 0.468025321
K:/crccrcfr: 0.000000000 0.261395003 0.738604997
K:/crccrcrc: 0.000000000 0.463794181 0.536205819
K:/crccrcrf: 0.000000000 0.451827381 0.548172619
K:/crccrfcr: 0.000000000 1.000000000 0.000000000
K:/crccrffr: 0.000000000 0.079964919 0.920035081
K:/crccrfrc: 0.000000000 0.838857549 0.161142451
K:/crccrfrf: 0.000000000 0.799520404 0.200479596
K:/crccrrcc: 0.000000000 0.357261345 0.642738655
K:/crccrrcf: 0.000000000 0.340344222 0.659655778
K:/crccrrfc: 0.000000000 0.911922962 0.088077038
K:/crccrrff: 0.000000000 0.498550829 0.501449171
K:/crcf: 0.000000000 0.999744952 0.000255048
K:/crcfrcr: 0.000000000 0.138143590 0.861856410
K:/crcfrfr: 0.000000000 0.517672224 0.482327776
K:/crcfrrc: 0.000000000 0.803895019 0.196104981
K:/crcfrrf: 0.000000000 0.999985070 0.000014930
K:/crcr: 0.931907416 0.068069705 0.000022879
K:/crcrccrc: 0.000000000 0.437928339 0.562071661
K:/crcrccrf: 0.000000000 0.661035818 0.338964182
K:/crcrcfrc: 0.000000000 0.501046944 0.498953056
K:/crcrcfrf: 0.000000000 0.649352788 0.350647212
K:/crcrcrcc: 0.000000000 0.508243865 0.491756135
K:/crcrcrcf: 0.000000000 0.404066360 0.595933640
K:/crcrcrfc: 0.000000000 0.566928782 0.433071218
K:/crcrcrff: 0.000000000 0.596132919 0.403867081
K:/crfc: 0.643205557 0.356585231 0.000209211
K:/crfcrcr: 0.000000000 0.718469107 0.281530893
K:/crfcrfr: 0.000000000 0.999969729 0.000030271
K:/crfcrrc: 0.000000000 0.780206515 0.219793485
K:/crfcrrf: 0.000000000 0.779656928 0.220343072
K:/crff: 0.102054586 0.897348019 0.000597395
K:/crffrr: 0.000000000 0.999792765 0.000207235
K:/crfr: 0.375530624 0.308724774 0.315744602
K:/crfrcrc: 0.000000000 0.940754687 0.059245313
K:/crfrcrf: 0.000000000 0.916102059 0.083897941
K:/crrc: 0.999248639 0.000215170 0.000536191
K:/crrccrcc: 0.000000000 0.312130623 0.687869377
K:/crrccrcf: 0.000000000 0.556394108 0.443605892
K:/crrccrfc: 0.000000000 0.699826966 0.300173034
K:/crrccrff: 0.000000000 0.686297064 0.313702936
K:/crrf: 0.710667049 0.000000000 0.289332951
K:/crrfcrc: 0.000000000 0.000000000 1.000000000
K:/crrfcrf: 0.000000000 0.827082337 0.172917663
K:/crrr: 0.000000000 0.328373983 0.671626017
K:/rccr: 0.434056188 0.334688958 0.231254854
K:/rccrccrc: 0.000000000 0.143880418 0.856119582
K:/rccrccrf: 0.000000000 0.356357179 0.643642821
K:/rccrcfrc: 0.000000000 0.667570420 0.332429580
K:/rccrcfrf: 0.000000000 0.416664854 0.583335146
K:/rccrcrcc: 0.000000000 0.084523747 0.915476253
K:/rccrcrcf: 0.000000000 0.146483680 0.853516320
K:/rccrcrfc: 0.000000000 0.249556869 0.750443131
K:/rccrcrff: 0.000000000 0.806757401 0.193242599
K:/rcfr: 0.409290150 0.391413441 0.199296409
K:/rcfrcrc: 0.000000000 0.354356101 0.645643899
K:/rcfrcrf: 0.000000000 0.229981228 0.770018772
K:/rcrc: 0.464097314 0.356009149 0.179893537
K:/rcrccrcc: 0.000000000 0.970738722 0.029261278
K:/rcrccrcf: 0.000000000 0.724935711 0.275064289
K:/rcrccrfc: 0.000000000 0.801370559 0.198629441
K:/rcrccrff: 0.000000000 0.727516647 0.272483353
K:/rcrf: 0.368247422 0.244005352 0.387747226
K:/rcrfcrc: 0.000000000 0.439069384 0.560930616
K:/rcrfcrf: 0.000000000 0.856762573 0.143237427
K:/rcrr: 0.000000000 0.042864392 0.957135608
K:/rfcr: 0.943690261 0.025596355 0.030713385
K:/rfcrcrc: 0.000000000 0.300079023 0.699920977
K:/rfcrcrf: 0.000000000 0.620079401 0.379920599
K:/rffr: 0.000000000 0.690988762 0.309011238
K:/rfrc: 0.342719828 0.339114224 0.318165947
K:/rfrf: 0.347558881 0.290327037 0.362114083
K:/rfrr: 0.000000000 0.367214018 0.632785982
K:/rrcc: 0.268945552 0.050062743 0.680991705
K:/rrcf: 0.438637729 0.463707565 0.097654706
K:/rrcr: 0.000000000 0.628215952 0.371784048
K:/rrfc: 0.169595477 0.053520059 0.776884464
K:/rrff: 0.000000000 0.000000000 1.000000000
K:/rrfr: 0.000000000 0.497309561 0.502690439
K:/rrrc: 0.000000000 0.326787185 0.673212815
K:/rrrf: 0.000000000 0.664439540 0.335560460
Q:/: 1.000000000 0.000000000 0.000000000
Q:/cccr: 0.000704780 0.001177124 0.998118096
Q:/cccrccrc: 0.658338868 0.162062871 0.179598261
Q:/cccrccrccrcc: 0.000000000 0.681369037 0.318630963
Q:/cccrccrccrcf: 0.000000000 0.994456536 0.005543464
Q:/cccrccrccrfc: 0.000000000 0.050728066 0.949271934
Q:/cccrccrccrff: 0.000000000 0.247995730 0.752004270
Q:/cccrccrf: 0.789377289 0.027547257 0.183075454
Q:/cccrccrfcrc: 0.000000000 0.395726530 0.604273470
Q:/cccrccrfcrf: 0.000000000 0.999958417 0.000041583
Q:/cccrccrr: 0.000000000 0.366439949 0.633560051
Q:/cccrcfrc: 0.999769421 0.000089003 0.000141577
Q:/cccrcfrf: 0.030545914 0.463351167 0.506102918
Q:/cccrcfrr: 0.000000000 0.072844090 0.927155910
Q:/cccrcrcc: 0.409648097 0.158402732 0.431949171
Q:/cccrcrcf: 0.183506895 0.465597612 0.350895492
Q:/cccrcrcr: 0.000000000 0.117326436 0.882673564
Q:/cccrcrfc: 0.213020738 0.361747551 0.425231711
Q:/cccrcrff: 0.224178391 0.319343487 0.456478122
Q:/cccrcrfr: 0.000000000 0.598683274 0.401316726
Q:/cccrcrrc: 0.000000000 0.032000424 0.967999576
Q:/cccrcrrf: 0.000000000 0.000000000 1.000000000
Q:/cccrrccr: 0.000000000 0.842020155 0.157979845
Q:/cccrrcfr: 0.000000000 0.207307597 0.792692403
Q:/cccrrcrc: 0.000000000 0.473899573 0.526100427
Q:/cccrrcrf: 0.000000000 0.659562018 0.340437982
Q:/cccrrfcr: 0.000000000 0.533693680 0.466306320
Q:/cccrrffr: 0.000000000 0.000357135 0.999642865
Q:/cccrrfrc: 0.000000000 0.484955514 0.515044486
Q:/cccrrfrf: 0.000000000 0.646189979 0.353810021
Q:/cccrrrcc: 0.000000000 0.301168813 0.698831187
Q:/cccrrrcf: 0.000000000 0.512456837 0.487543163
Q:/cccrrrfc: 0.000000000 0.260920023 0.739079977
Q:/cccrrrff: 0.000000000 0.630473556 0.369526444
Q:/ccrc: 0.186087112 0.123870367 0.690042521
Q:/ccrccrcc: 0.204822388 0.307314808 0.487862804
Q:/ccrccrcf: 0.326431814 0.068401606 0.605166580
Q:/ccrccrcr: 0.000000000 0.244176148 0.755823852
Q:/ccrccrfc: 0.234580525 0.593268459 0.172151016
Q:/ccrccrff: 0.090418037 0.824431795 0.085150168
Q:/ccrccrfr: 0.000000000 0.350095894 0.649904106
Q:/ccrccrrc: 0.000000000 0.668206658 0.331793342
Q:/ccrccrrf: 0.000000000 0.420821725 0.579178275
Q:/ccrcrccr: 0.000000000 0.102599994 0.897400006
Q:/ccrcrcfr: 0.000000000 0.313038159 0.686961841
Q:/ccrcrcrc: 0.000000000 0.652099496 0.347900504
Q:/ccrcrcrf: 0.000000000 0.558187552 0.441812448
Q:/ccrcrfcr: 0.000000000 0.523460463 0.476539537
Q:/ccrcrffr: 0.000000000 0.473862557 0.526137443
Q:/ccrcrfrc: 0.000000000 0.745100545 0.254899455
Q:/ccrcrfrf: 0.000000000 0.681674746 0.318325254
Q:/ccrcrrcc: 0.000000000 0.101686840 0.898313160
Q:/ccrcrrcf: 0.000000000 0.605366213 0.394633787
Q:/ccrcrrfc: 0.000000000 0.728354956 0.271645044
Q:/ccrcrrff: 0.000000000 0.548030613 0.451969387
Q:/ccrf: 0.000000000 0.441117942 0.558882058
Q:/ccrfcrc: 0.117639231 0.538461567 0.343899202
Q:/ccrfcrf: 0.698453571 0.180030179 0.121516251
Q:/ccrfcrr: 0.000000000 0.138012334 0.861987666
Q:/ccrfrcr: 0.000000000 0.673671852 0.326328148
Q:/ccrfrfr: 0.000000000 0.466497734 0.533502266
Q:/ccrfrrc: 0.000000000 0.453792908 0.546207092
Q:/ccrfrrf: 0.000000000 0.143849296 0.856150704
Q:/ccrr: 0.999776523 0.000000000 0.000223477
Q:/ccrrccrc: 0.000000000 0.360415669 0.639584331
Q:/ccrrccrf: 0.000000000 0.904003928 0.095996072
Q:/ccrrcfrc: 0.000000000 0.555976050 0.444023950
Q:/ccrrcfrf: 0.000000000 0.115864899 0.884135101
Q:/ccrrcrcc: 0.000000000 0.638654392 0.361345608
Q:/ccrrcrcf: 0.000000000 0.286635380 0.713364620
Q:/ccrrcrfc: 0.000000000 0.308380675 0.691619325
Q:/ccrrcrff: 0.000000000 0.438809439 0.561190561
Q:/crcc: 0.000000000 0.278218976 0.721781024
Q:/crccrccr: 0.000000000 0.654793780 0.345206220
Q:/crccrcfr: 0.000000000 0.999171002 0.000828998
Q:/crccrcrc: 0.000000000 0.028478785 0.971521215
Q:/crccrcrf: 0.000000000 0.453300196 0.546699804
Q:/crccrfcr: 0.000000000 0.999999851 0.000000149
Q:/crccrffr: 0.000000000 0.626153278 0.373846722
Q:/crccrfrc: 0.000000000 0.859852999 0.140147001
Q:/crccrfrf: 0.000000000 0.313147260 0.686852740
Q:/crccrrcc: 0.000000000 0.228062753 0.771937247
Q:/crccrrcf: 0.000000000 0.390897639 0.609102361
Q:/crccrrfc: 0.000000000 0.382389771 0.617610229
Q:/crccrrff: 0.000000000 0.745410575 0.254589425
Q:/crcf: 0.000000000 0.040237106 0.959762894
Q:/crcfrcr: 0.000000000 0.626661024 0.373338976
Q:/crcfrfr: 0.000000000 0.280505656 0.719494344
Q:/crcfrrc: 0.000000000 0.956784501 0.043215499
Q:/crcfrrf: 0.000000000 0.841022774 0.158977226
Q:/crcr: 0.408811155 0.337158230 0.254030614
Q:/crcrccrc: 0.000000000 0.531409636 0.468590364
Q:/crcrccrf: 0.000000000 0.506026764 0.493973236
Q:/crcrcfrc: 0.000000000 0.585699065 0.414300935
Q:/crcrcfrf: 0.000000000 0.490561162 0.509438838
Q:/crcrcrcc: 0.000000000 0.000000000 1.000000000
Q:/crcrcrcf: 0.000000000 0.446825430 0.553174570
Q:/crcrcrfc: 0.000000000 0.771706064 0.228293936
Q:/crcrcrff: 0.000000000 0.350765982 0.649234018
Q:/crfc: 0.108386159 0.742776084 0.148837757
Q:/crfcrcr: 0.000000000 0.005370626 0.994629374
Q:/crfcrfr: 0.000000000 0.999965686 0.000034314
Q:/crfcrrc: 0.000000000 0.385078125 0.614921875
Q:/crfcrrf: 0.000000000 0.007988329 0.992011671
Q:/crff: 0.048547271 0.509600387 0.441852342
Q:/crffrr: 0.000000000 0.306377343 0.693622657
Q:/crfr: 0.208874571 0.000000000 0.791125429
Q:/crfrcrc: 0.000000000 0.223082726 0.776917274
Q:/crfrcrf: 0.000000000 0.130694653 0.869305347
Q:/crrc: 0.263574385 0.000328582 0.736097033
Q:/crrccrcc: 0.000000000 0.378787482 0.621212518
Q:/crrccrcf: 0.000000000 0.365832869 0.634167131
Q:/crrccrfc: 0.000000000 0.422687670 0.577312330
Q:/crrccrff: 0.000000000 0.384814405 0.615185595
Q:/crrf: 0.000297237 0.000118906 0.999583857
Q:/crrfcrc: 0.000000000 0.000000000 1.000000000
Q:/crrfcrf: 0.000000000 0.302972385 0.697027615
Q:/crrr: 0.000000000 0.000125580 0.999874420
Q:/rccr: 0.089716923 0.724022865 0.186260212
Q:/rccrccrc: 0.000000000 0.057983062 0.942016938
Q:/rccrccrf: 0.000000000 0.379083826 0.620916174
Q:/rccrcfrc: 0.000000000 0.810813662 0.189186338
Q:/rccrcfrf: 0.000000000 0.078086349 0.921913651
Q:/rccrcrcc: 0.000000000 0.652173268 0.347826732
Q:/rccrcrcf: 0.000000000 0.703669926 0.296330074
Q:/rccrcrfc: 0.000000000 0.476385446 0.523614554
Q:/rccrcrff: 0.000000000 0.667047865 0.332952135
Q:/rcfr: 0.040415008 0.775049422 0.184535570
Q:/rcfrcrc: 0.000000000 0.745666977 0.254333023
Q:/rcfrcrf: 0.000000000 0.431052530 0.568947470
Q:/rcrc: 0.203365083 0.448089032 0.348545884
Q:/rcrccrcc: 0.000000000 0.527458254 0.472541746
Q:/rcrccrcf: 0.000000000 0.764580437 0.235419563
Q:/rcrccrfc: 0.000000000 0.449665597 0.550334403
Q:/rcrccrff: 0.000000000 0.452965232 0.547034768
Q:/rcrf: 0.229532660 0.689500015 0.080967326
Q:/rcrfcrc: 0.000000000 0.666854085 0.333145915
Q:/rcrfcrf: 0.000000000 0.771511258 0.228488742
Q:/rcrr: 0.000000000 0.288458738 0.711541262
Q:/rfcr: 0.131142216 0.594501290 0.274356495
Q:/rfcrcrc: 0.000000000 0.237050656 0.762949344
Q:/rfcrcrf: 0.000000000 0.579748501 0.420251499
Q:/rffr: 0.000000000 0.599762359 0.400237641
Q:/rfrc: 0.248451944 0.313896456 0.437651600
Q:/rfrf: 0.585117524 0.265759403 0.149123073
Q:/rfrr: 0.000000000 0.233296588 0.766703412
Q:/rrcc: 0.276567646 0.414065518 0.309366836
Q:/rrcf: 0.412138145 0.389151209 0.198710646
Q:/rrcr: 0.000000000 0.398397511 0.601602489
Q:/rrfc: 0.000000000 0.000000000 1.000000000
Q:/rrff: 0.000150693 0.000018213 0.999831094
Q:/rrfr: 0.000000000 0.000094607 0.999905393
Q:/rrrc: 0.000000000 0.295281457 0.704718543
Q:/rrrf: 0.000000000 0.000000000 1.000000000
T:/: 1.000000000 0.000000000 0.000000000
T:/cccr: 0.000014066 0.000000000 0.999985934
T:/cccrccrc: 0.361534212 0.097170043 0.541295745
T:/cccrccrccrcc: 0.000000000 0.505685271 0.494314729
T:/cccrccrccrcf: 0.000000000 0.056350795 0.943649205
T:/cccrccrccrfc: 0.000000000 0.419009196 0.580990804
T:/cccrccrccrff: 0.000000000 0.134194559 0.865805441
T:/cccrccrf: 0.834161355 0.000000000 0.165838645
T:/cccrccrfcrc: 0.000000000 0.457282085 0.542717915
T:/cccrccrfcrf: 0.000000000 0.416176437 0.583823563
T:/cccrccrr: 0.000000000 0.000078538 0.999921462
T:/cccrcfrc: 0.127324430 0.490518535 0.382157035
T:/cccrcfrf: 0.030721288 0.927712663 0.041566049
T:/cccrcfrr: 0.000000000 0.000056869 0.999943131
T:/cccrcrcc: 0.385029782 0.174271133 0.440699085
T:/cccrcrcf: 0.235752203 0.000009871 0.764237926
T:/cccrcrcr: 0.000000000 0.178841676 0.821158324
T:/cccrcrfc: 0.296007392 0.533751362 0.170241246
T:/cccrcrff: 0.116120903 0.147208963 0.736670133
T:/cccrcrfr: 0.000000000 0.536112540 0.463887460
T:/cccrcrrc: 0.000000000 0.672604937 0.327395063
T:/cccrcrrf: 0.000000000 0.000000000 1.000000000
T:/cccrrccr: 0.000000000 0.956061904 0.043938096
T:/cccrrcfr: 0.000000000 0.434813935 0.565186065
T:/cccrrcrc: 0.000000000 0.487409390 0.512590610
T:/cccrrcrf: 0.000000000 0.277686998 0.722313002
T:/cccrrfcr: 0.000000000 0.000000000 1.000000000
T:/cccrrffr: 0.000000000 0.000000000 1.000000000
T:/cccrrfrc: 0.000000000 0.114209136 0.885790864
T:/cccrrfrf: 0.000000000 0.417673524 0.582326476
T:/cccrrrcc: 0.000000000 0.417919719 0.582080281
T:/cccrrrcf: 0.000000000 0.682497431 0.317502569
T:/cccrrrfc: 0.000000000 0.436828420 0.563171580
T:/cccrrrff: 0.000000000 0.149311010 0.850688990
T:/ccrc: 0.126908815 0.508149427 0.364941758
T:/ccrccrcc: 0.395244584 0.317156420 0.287598996
T:/ccrccrcf: 0.329916655 0.454977712 0.215105633
T:/ccrccrcr: 0.000000000 0.530487682 0.469512318
T:/ccrccrfc: 0.369063710 0.333473854 0.297462435
T:/ccrccrff: 0.277479981 0.200344798 0.522175221
T:/ccrccrfr: 0.000000000 0.504124476 0.495875524
T:/ccrccrrc: 0.000000000 0.710664100 0.289335900
T:/ccrccrrf: 0.000000000 0.381567464 0.618432536
T:/ccrcrccr: 0.000000000 0.666130750 0.333869250
T:/ccrcrcfr: 0.000000000 0.330459653 0.669540347
T:/ccrcrcrc: 0.000000000 0.537547693 0.462452307
T:/ccrcrcrf: 0.000000000 0.808043442 0.191956558
T:/ccrcrfcr: 0.000000000 0.826753140 0.173246860
T:/ccrcrffr: 0.000000000 0.705219820 0.294780180
T:/ccrcrfrc: 0.000000000 0.604293717 0.395706283
T:/ccrcrfrf: 0.000000000 0.180979954 0.819020046
T:/ccrcrrcc: 0.000000000 0.664797868 0.335202132
T:/ccrcrrcf: 0.000000000 0.428259650 0.571740350
T:/ccrcrrfc: 0.000000000 0.317966881 0.682033119
T:/ccrcrrff: 0.000000000 0.729127004 0.270872996
T:/ccrf: 0.000000000 0.536691535 0.463308465
T:/ccrfcrc: 0.242582924 0.430534893 0.326882184
T:/ccrfcrf: 0.224537995 0.249882583 0.525579422
T:/ccrfcrr: 0.000000000 0.450198696 0.549801304
T:/ccrfrcr: 0.000000000 0.743167568 0.256832432
T:/ccrfrfr: 0.000000000 0.655211194 0.344788806
T:/ccrfrrc: 0.000000000 0.469628217 0.530371783
T:/ccrfrrf: 0.000000000 0.000003486 0.999996514
T:/ccrr: 0.999820620 0.000000000 0.000179380
T:/ccrrccrc: 0.000000000 0.923426449 0.076573551
T:/ccrrccrf: 0.000000000 0.451073185 0.548926815
T:/ccrrcfrc: 0.000000000 0.441838064 0.558161936
T:/ccrrcfrf: 0.000000000 0.225346738 0.774653262
T:/ccrrcrcc: 0.000000000 0.593964655 0.406035345
T:/ccrrcrcf: 0.000000000 0.511306115 0.488693885
T:/ccrrcrfc: 0.000000000 0.093623535 0.906376465
T:/ccrrcrff: 0.000000000 0.202618945 0.797381055
T:/crcc: 0.000000000 0.342670308 0.657329692
T:/crccrccr: 0.000000000 0.477058753 0.522941247
T:/crccrcfr: 0.000000000 0.759970227 0.240029773
T:/crccrcrc: 0.000000000 0.427768035 0.572231965
T:/crccrcrf: 0.000000000 0.866142683 0.133857317
T:/crccrfcr: 0.000000000 0.236834351 0.763165649
T:/crccrffr: 0.000000000 0.360853381 0.639146619
T:/crccrfrc: 0.000000000 0.091360035 0.908639965
T:/crccrfrf: 0.000000000 0.432798041 0.567201959
T:/crccrrcc: 0.000000000 0.438731996 0.561268004
T:/crccrrcf: 0.000000000 0.773440498 0.226559502
T:/crccrrfc: 0.000000000 0.570307736 0.429692264
T:/crccrrff: 0.000000000 0.594190486 0.405809514
T:/crcf: 0.000000000 0.329980122 0.670019878
T:/crcfrcr: 0.000000000 0.999992263 0.000007737
T:/crcfrfr: 0.000000000 0.567652316 0.432347684
T:/crcfrrc: 0.000000000 0.541475386 0.458524614
T:/crcfrrf: 0.000000000 0.282816322 0.717183678
T:/crcr: 0.009085550 0.626849405 0.364065044
T:/crcrccrc: 0.000000000 0.000559136 0.999440864
T:/crcrccrf: 0.000000000 0.502540023 0.497459977
T:/crcrcfrc: 0.000000000 0.573791621 0.426208379
T:/crcrcfrf: 0.000000000 0.470574612 0.529425388
T:/crcrcrcc: 0.000000000 0.422644778 0.577355222
T:/crcrcrcf: 0.000000000 0.042694351 0.957305649
T:/crcrcrfc: 0.000000000 0.573082099 0.426917901
T:/crcrcrff: 0.000000000 0.450506974 0.549493026
T:/crfc: 0.000196862 0.000000000 0.999803138
T:/crfcrcr: 0.000000000 0.145529375 0.854470625
T:/crfcrfr: 0.000000000 0.380793837 0.619206163
T:/crfcrrc: 0.000000000 0.414240997 0.585759003
T:/crfcrrf: 0.000000000 0.668868109 0.331131891
T:/crff: 0.000000000 0.000000000 1.000000000
T:/crffrr: 0.000000000 0.000000000 1.000000000
T:/crfr: 0.000000000 0.000051926 0.999948074
T:/crfrcrc: 0.000000000 0.058274599 0.941725401
T:/crfrcrf: 0.000000000 0.566592439 0.433407561
T:/crrc: 0.000000000 0.000206308 0.999793692
T:/crrccrcc: 0.000000000 0.522186943 0.477813057
T:/crrccrcf: 0.000000000 0.639107691 0.360892309
T:/crrccrfc: 0.000000000 0.301746746 0.698253254
T:/crrccrff: 0.000000000 0.338154823 0.661845177
T:/crrf: 0.000190906 0.000000000 0.999809094
T:/crrfcrc: 0.000000000 0.000000000 1.000000000
T:/crrfcrf: 0.000000000 0.352384965 0.647615035
T:/crrr: 0.000000000 0.000216704 0.999783296
T:/rccr: 0.064822466 0.402989040 0.532188494
T:/rccrccrc: 0.000000000 0.507309715 0.492690285
T:/rccrccrf: 0.000000000 0.374288086 0.625711914
T:/rccrcfrc: 0.000000000 0.381836243 0.618163757
T:/rccrcfrf: 0.000000000 0.785976836 0.214023164
T:/rccrcrcc: 0.000000000 0.983539802 0.016460198
T:/rccrcrcf: 0.000000000 0.571166424 0.428833576
T:/rccrcrfc: 0.000000000 0.561429113 0.438570887
T:/rccrcrff: 0.000000000 0.000016129 0.999983871
T:/rcfr: 0.490760962 0.205123929 0.304115110
T:/rcfrcrc: 0.000000000 0.251574888 0.748425112
T:/rcfrcrf: 0.000000000 0.713327153 0.286672847
T:/rcrc: 0.104908548 0.463812848 0.431278604
T:/rcrccrcc: 0.000000000 0.789956511 0.210043489
T:/rcrccrcf: 0.000000000 0.340050628 0.659949372
T:/rcrccrfc: 0.000000000 0.602801574 0.397198426
T:/rcrccrff: 0.000000000 0.459770721 0.540229279
T:/rcrf: 0.247665479 0.297925923 0.454408597
T:/rcrfcrc: 0.000000000 0.190889414 0.809110586
T:/rcrfcrf: 0.000000000 0.952927196 0.047072804
T:/rcrr: 0.000000000 0.779071703 0.220928297
T:/rfcr: 0.128745862 0.404916852 0.466337286
T:/rfcrcrc: 0.000000000 0.037966820 0.962033180
T:/rfcrcrf: 0.000000000 0.470921836 0.529078164
T:/rffr: 0.000000000 0.000000000 1.000000000
T:/rfrc: 0.293153361 0.130957791 0.575888848
T:/rfrf: 0.630350909 0.101263860 0.268385231
T:/rfrr: 0.000000000 0.314918574 0.685081426
T:/rrcc: 0.062194943 0.502470382 0.435334675
T:/rrcf: 0.292227815 0.573523921 0.134248264
T:/rrcr: 0.000000000 0.831368972 0.168631028
T:/rrfc: 0.000000000 0.000000000 1.000000000
T:/rrff: 0.000150693 0.000018213 0.999831094
T:/rrfr: 0.000000000 0.000094744 0.999905256
T:/rrrc: 0.000000000 0.001112570 0.998887430
T:/rrrf: 0.000000000 0.529523450 0.470476550
