A:/c: 0.999996467 0.000003533 0.000000000
A:/cccrc: 0.129096268 0.779984828 0.090918904
A:/cccrccrcc: 0.672523912 0.176144519 0.151331568
A:/cccrccrcf: 0.191791271 0.451732354 0.356476375
A:/cccrccrcr: 0.000000000 0.684450112 0.315549888
A:/cccrccrfc: 0.821726589 0.090567638 0.087705774
A:/cccrccrff: 0.336841798 0.412867376 0.250290826
A:/cccrccrfr: 0.000000000 0.792391693 0.207608307
A:/cccrccrrc: 0.000000000 0.939917585 0.060082415
A:/cccrccrrf: 0.000000000 0.121286257 0.878713743
A:/cccrcrccr: 0.000000000 0.749303166 0.250696834
A:/cccrcrcfr: 0.000000000 0.523924105 0.476075895
A:/cccrcrcrc: 0.000000000 0.334452725 0.665547275
A:/cccrcrcrf: 0.000000000 0.674249599 0.325750401
A:/cccrcrfcr: 0.000000000 0.408211273 0.591788727
A:/cccrcrffr: 0.000000000 0.689518664 0.310481336
A:/cccrcrfrc: 0.000000000 0.836678427 0.163321573
A:/cccrcrfrf: 0.000000000 0.406445601 0.593554399
A:/cccrcrrcc: 0.000000000 0.399953659 0.600046341
A:/cccrcrrcf: 0.000000000 0.417869297 0.582130703
A:/cccrcrrfc: 0.000000000 0.680173797 0.319826203
A:/cccrcrrff: 0.000000000 0.594824172 0.405175828
A:/cccrf: 0.107348437 0.450807901 0.441843662
A:/cccrfcrc: 0.387198554 0.474609062 0.138192384
A:/cccrfcrf: 0.057645374 0.942354626 0.000000000
A:/cccrfcrr: 0.000000000 0.247803774 0.752196226
A:/cccrfrcr: 0.000000000 0.795734111 0.204265889
A:/cccrfrfr: 0.000000000 0.532516730 0.467483270
A:/cccrfrrc: 0.000000000 0.569484680 0.430515320
A:/cccrfrrf: 0.000000000 0.778126982 0.221873018
A:/cccrr: 0.372839454 0.626825059 0.000335486
A:/cccrrccrc: 0.000000000 0.341021266 0.658978734
A:/cccrrccrf: 0.000000000 0.523922651 0.476077349
A:/cccrrcfrc: 0.000000000 0.829476435 0.170523565
A:/cccrrcfrf: 0.000000000 0.673316282 0.326683718
A:/cccrrcrcc: 0.000000000 0.867215880 0.132784120
A:/cccrrcrcf: 0.000000000 0.916324529 0.083675471
A:/cccrrcrfc: 0.000000000 0.318217032 0.681782968
A:/cccrrcrff: 0.000000000 0.630031711 0.369968289
A:/ccrcc: 0.253066311 0.578114198 0.168819491
A:/ccrccrccr: 0.000000000 0.446918014 0.553081986
A:/ccrccrcfr: 0.000000000 0.189795042 0.810204958
A:/ccrccrcrc: 0.000000000 0.321196948 0.678803052
A:/ccrccrcrf: 0.000000000 0.148097331 0.851902669
A:/ccrccrfcr: 0.000000000 0.201356378 0.798643622
A:/ccrccrffr: 0.000000000 0.410489134 0.589510866
A:/ccrccrfrc: 0.000000000 0.600820724 0.399179276
A:/ccrccrfrf: 0.000000000 0.515015992 0.484984008
A:/ccrccrrcc: 0.000000000 0.260497965 0.739502035
A:/ccrccrrcf: 0.000000000 0.732239772 0.267760228
A:/ccrccrrfc: 0.000000000 0.202237313 0.797762687
A:/ccrccrrff: 0.000000000 0.669221788 0.330778212
A:/ccrcf: 0.538324820 0.461675180 0.000000000
A:/ccrcfrcr: 0.000000000 0.314106173 0.685893827
A:/ccrcfrfr: 0.000000000 0.505127161 0.494872839
A:/ccrcfrrc: 0.000000000 0.773980281 0.226019719
A:/ccrcfrrf: 0.000000000 0.731321058 0.268678942
A:/ccrcr: 0.823110701 0.087809761 0.089079539
A:/ccrcrccrc: 0.000000000 0.853462439 0.146537561
A:/ccrcrccrf: 0.000000000 0.316243566 0.683756434
A:/ccrcrcfrc: 0.000000000 0.645863925 0.354136075
A:/ccrcrcfrf: 0.000000000 0.561759256 0.438240744
A:/ccrcrcrcc: 0.000000000 0.211673815 0.788326185
A:/ccrcrcrcf: 0.000000000 0.556327848 0.443672152
A:/ccrcrcrfc: 0.000000000 0.666841866 0.333158134
A:/ccrcrcrff: 0.000000000 0.579033941 0.420966059
A:/ccrfc: 0.552345643 0.385894726 0.061759631
A:/ccrfcrcr: 0.000000000 0.937431996 0.062568004
A:/ccrfcrfr: 0.000000000 0.788935257 0.211064743
A:/ccrfcrrc: 0.000000000 0.936349466 0.063650534
A:/ccrfcrrf: 0.000000000 0.690428686 0.309571314
A:/ccrff: 0.541642134 0.328417723 0.129940143
A:/ccrffrr: 0.000000000 0.758262492 0.241737508
A:/ccrfr: 0.898448099 0.101551901 0.000000000
A:/ccrfrcrc: 0.000000000 0.557967291 0.442032709
A:/ccrfrcrf: 0.000000000 0.956786309 0.043213691
A:/ccrrc: 0.616109948 0.141635101 0.242254951
A:/ccrrccrcc: 0.000000000 0.423858778 0.576141222
A:/ccrrccrcf: 0.000000000 0.924095723 0.075904277
A:/ccrrccrfc: 0.000000000 0.191810149 0.808189851
A:/ccrrccrff: 0.000000000 0.848888213 0.151111787
A:/ccrrf: 0.538532193 0.327775055 0.133692752
A:/ccrrfcrc: 0.000000000 0.399935919 0.600064081
A:/ccrrfcrf: 0.000000000 0.562975434 0.437024566
A:/ccrrr: 0.000000000 0.588549330 0.411450670
A:/crccr: 0.341190121 0.373196498 0.285613381
A:/crccrccrc: 0.000000000 0.447709106 0.552290894
A:/crccrccrf: 0.000000000 0.779711459 0.220288541
A:/crccrcfrc: 0.000000000 0.608543479 0.391456521
A:/crccrcfrf: 0.000000000 0.598330141 0.401669859
A:/crccrcrcc: 0.000000000 0.957591134 0.042408866
A:/crccrcrcf: 0.000000000 0.609859269 0.390140731
A:/crccrcrfc: 0.000000000 0.904292299 0.095707701
A:/crccrcrff: 0.000000000 0.844067007 0.155932993
A:/crcfr: 0.257404882 0.668144030 0.074451088
A:/crcfrcrc: 0.000000000 0.648325429 0.351674571
A:/crcfrcrf: 0.000000000 0.570114841 0.429885159
A:/crcrc: 0.742295645 0.071762606 0.185941749
A:/crcrccrcc: 0.000000000 0.679661622 0.320338378
A:/crcrccrcf: 0.000000000 0.556048383 0.443951617
A:/crcrccrfc: 0.000000000 0.502807660 0.497192340
A:/crcrccrff: 0.000000000 0.167814841 0.832185159
A:/crcrf: 0.182467446 0.135185260 0.682347294
A:/crcrfcrc: 0.000000000 0.706956465 0.293043535
A:/crcrfcrf: 0.000000000 0.497545114 0.502454886
A:/crcrr: 0.000000000 0.826455940 0.173544060
A:/crfcr: 0.622336735 0.344850743 0.032812521
A:/crfcrcrc: 0.000000000 0.526689695 0.473310305
A:/crfcrcrf: 0.000000000 0.763121027 0.236878973
A:/crffr: 0.503267187 0.394781800 0.101951013
A:/crfrc: 0.259952559 0.440649639 0.299397802
A:/crfrf: 0.143429400 0.327876106 0.528694493
A:/crfrr: 0.000000000 0.714396054 0.285603946
A:/crrcc: 0.304931317 0.542517597 0.152551086
A:/crrcf: 0.496405896 0.503594104 0.000000000
A:/crrcr: 0.000000000 0.817048696 0.182951304
A:/crrfc: 0.481476980 0.278378775 0.240144245
A:/crrff: 0.550257935 0.430679856 0.019062210
A:/crrfr: 0.000000000 0.700843088 0.299156912
A:/crrrc: 0.000000000 0.849290592 0.150709408
A:/crrrf: 0.000000000 1.000000000 0.000000000
A:/r: 0.998425003 0.001574997 0.000000000
A:/rccrc: 1.000000000 0.000000000 0.000000000
A:/rccrccrcc: 0.000000000 0.320028851 0.679971149
A:/rccrccrcf: 0.000000000 1.000000000 0.000000000
A:/rccrccrfc: 0.000000000 0.580399420 0.419600580
A:/rccrccrff: 0.000000000 0.640401116 0.359598884
A:/rccrf: 0.781415199 0.218584801 0.000000000
A:/rccrfcrc: 0.000000000 0.796306941 0.203693059
A:/rccrfcrf: 0.000000000 1.000000000 0.000000000
A:/rccrr: 0.000000000 1.000000000 0.000000000
A:/rcfrc: 0.000000000 0.493157037 0.506842963
A:/rcfrf: 0.243924674 0.318390990 0.437684336
A:/rcfrr: 0.000000000 0.625955974 0.374044026
A:/rcrcc: 0.473276863 0.526722972 0.000000165
A:/rcrcf: 0.263016405 0.736983595 0.000000000
A:/rcrcr: 0.000000000 1.000000000 0.000000000
A:/rcrfc: 0.510130495 0.291973075 0.197896429
A:/rcrff: 0.173588438 0.826411302 0.000000260
A:/rcrfr: 0.000000000 0.974026030 0.025973970
A:/rcrrc: 0.000000000 0.745867997 0.254132003
A:/rcrrf: 0.000000000 0.999999998 0.000000002
A:/rrccr: 0.000000000 0.360293120 0.639706880
A:/rrcfr: 0.000000000 0.415099638 0.584900362
A:/rrcrc: 0.000000000 0.681476075 0.318523925
A:/rrcrf: 0.000000000 0.924270072 0.075729928
A:/rrfcr: 0.000000000 0.786109719 0.213890281
A:/rrffr: 0.000000000 0.968087552 0.031912448
A:/rrfrc: 0.000000000 0.833262340 0.166737660
A:/rrfrf: 0.000000000 0.197103185 0.802896815
A:/rrrcc: 0.000000000 0.491472090 0.508527910
A:/rrrcf: 0.000000000 0.988385072 0.011614928
A:/rrrfc: 0.000000000 0.727130733 0.272869267
A:/rrrff: 0.000000000 0.691606907 0.308393093
J:/c: 0.000251391 0.999748609 0.000000000
J:/cccrc: 0.154015545 0.521502126 0.324482329
J:/cccrccrcc: 0.535216438 0.440021830 0.024761732
J:/cccrccrcf: 0.154357068 0.789666442 0.055976490
J:/cccrccrcr: 0.000000000 0.836682638 0.163317362
J:/cccrccrfc: 0.388877125 0.240952164 0.370170711
J:/cccrccrff: 0.035187330 0.664512037 0.300300633
J:/cccrccrfr: 0.000000000 0.261802822 0.738197178
J:/cccrccrrc: 0.000000000 0.276344519 0.723655481
J:/cccrccrrf: 0.000000000 0.229498909 0.770501091
J:/cccrcrccr: 0.000000000 0.397308560 0.602691440
J:/cccrcrcfr: 0.000000000 0.130811389 0.869188611
J:/cccrcrcrc: 0.000000000 0.374557533 0.625442467
J:/cccrcrcrf: 0.000000000 0.209679379 0.790320621
J:/cccrcrfcr: 0.000000000 0.679203182 0.320796818
J:/cccrcrffr: 0.000000000 0.426525285 0.573474715
J:/cccrcrfrc: 0.000000000 0.375224111 0.624775889
J:/cccrcrfrf: 0.000000000 0.698701263 0.301298737
J:/cccrcrrcc: 0.000000000 0.749989111 0.250010889
J:/cccrcrrcf: 0.000000000 0.843773249 0.156226751
J:/cccrcrrfc: 0.000000000 0.502276734 0.497723266
J:/cccrcrrff: 0.000000000 0.532460748 0.467539252
J:/cccrf: 0.214945461 0.363092920 0.421961619
J:/cccrfcrc: 0.396533568 0.396497171 0.206969261
J:/cccrfcrf: 0.055710585 0.448156970 0.496132445
J:/cccrfcrr: 0.000000000 0.625310361 0.374689639
J:/cccrfrcr: 0.000000000 0.791537416 0.208462584
J:/cccrfrfr: 0.000000000 0.858811530 0.141188470
J:/cccrfrrc: 0.000000000 0.920531888 0.079468112
J:/cccrfrrf: 0.000000000 0.480010032 0.519989968
J:/cccrr: 0.006275277 0.372780008 0.620944715
J:/cccrrccrc: 0.000000000 0.326314926 0.673685074
J:/cccrrccrf: 0.000000000 0.365567154 0.634432846
J:/cccrrcfrc: 0.000000000 0.526026571 0.473973429
J:/cccrrcfrf: 0.000000000 0.191339704 0.808660296
J:/cccrrcrcc: 0.000000000 0.452103822 0.547896178
J:/cccrrcrcf: 0.000000000 0.684524081 0.315475919
J:/cccrrcrfc: 0.000000000 0.870669951 0.129330049
J:/cccrrcrff: 0.000000000 0.576895849 0.423104151
J:/ccrcc: 0.190892037 0.221540335 0.587567628
J:/ccrccrccr: 0.000000000 0.317928155 0.682071845
J:/ccrccrcfr: 0.000000000 0.207888047 0.792111953
J:/ccrccrcrc: 0.000000000 0.399276625 0.600723375
J:/ccrccrcrf: 0.000000000 0.329258031 0.670741969
J:/ccrccrfcr: 0.000000000 0.603465343 0.396534657
J:/ccrccrffr: 0.000000000 0.904586476 0.095413524
J:/ccrccrfrc: 0.000000000 0.554469061 0.445530939
J:/ccrccrfrf: 0.000000000 0.508665913 0.491334087
J:/ccrccrrcc: 0.000000000 0.114558214 0.885441786
J:/ccrccrrcf: 0.000000000 0.710952350 0.289047650
J:/ccrccrrfc: 0.000000000 0.804074277 0.195925723
J:/ccrccrrff: 0.000000000 0.839401596 0.160598404
J:/ccrcf: 0.036213319 0.338259243 0.625527439
J:/ccrcfrcr: 0.000000000 0.409381536 0.590618464
J:/ccrcfrfr: 0.000000000 0.216756295 0.783243705
J:/ccrcfrrc: 0.000000000 0.535843528 0.464156472
J:/ccrcfrrf: 0.000000000 0.569730103 0.430269897
J:/ccrcr: 0.000004473 0.669115973 0.330879553
J:/ccrcrccrc: 0.000000000 0.188188313 0.811811687
J:/ccrcrccrf: 0.000000000 0.904596794 0.095403206
J:/ccrcrcfrc: 0.000000000 0.587663042 0.412336958
J:/ccrcrcfrf: 0.000000000 0.349950262 0.650049738
J:/ccrcrcrcc: 0.000000000 0.531009480 0.468990520
J:/ccrcrcrcf: 0.000000000 0.348514465 0.651485535
J:/ccrcrcrfc: 0.000000000 0.984178512 0.015821488
J:/ccrcrcrff: 0.000000000 0.697172749 0.302827251
J:/ccrfc: 0.211365973 0.508006863 0.280627163
J:/ccrfcrcr: 0.000000000 0.993168460 0.006831540
J:/ccrfcrfr: 0.000000000 0.578627111 0.421372889
J:/ccrfcrrc: 0.000000000 0.929955549 0.070044451
J:/ccrfcrrf: 0.000000000 0.646860650 0.353139350
J:/ccrff: 0.232718063 0.347080445 0.420201492
J:/ccrffrr: 0.000000000 0.575203502 0.424796498
J:/ccrfr: 0.129483758 0.264820097 0.605696145
J:/ccrfrcrc: 0.000000000 0.801325388 0.198674612
J:/ccrfrcrf: 0.000000000 0.983422031 0.016577969
J:/ccrrc: 0.417118794 0.491830269 0.091050937
J:/ccrrccrcc: 0.000000000 0.375870239 0.624129761
J:/ccrrccrcf: 0.000000000 0.167774466 0.832225534
J:/ccrrccrfc: 0.000000000 0.717491999 0.282508001
J:/ccrrccrff: 0.000000000 0.005374706 0.994625294
J:/ccrrf: 0.222446738 0.469036289 0.308516973
J:/ccrrfcrc: 0.000000000 0.157885855 0.842114145
J:/ccrrfcrf: 0.000000000 0.883132630 0.116867370
J:/ccrrr: 0.000000000 0.642499019 0.357500981
J:/crccr: 0.000000241 0.628744464 0.371255296
J:/crccrccrc: 0.000000000 0.300919798 0.699080202
J:/crccrccrf: 0.000000000 0.469683899 0.530316101
J:/crccrcfrc: 0.000000000 0.416837170 0.583162830
J:/crccrcfrf: 0.000000000 0.759890746 0.240109254
J:/crccrcrcc: 0.000000000 0.486976337 0.513023663
J:/crccrcrcf: 0.000000000 0.635530771 0.364469229
J:/crccrcrfc: 0.000000000 0.874213951 0.125786049
J:/crccrcrff: 0.000000000 0.541166707 0.458833293
J:/crcfr: 0.044462279 0.264693082 0.690844639
J:/crcfrcrc: 0.000000000 0.809170974 0.190829026
J:/crcfrcrf: 0.000000000 0.537666983 0.462333017
J:/crcrc: 0.328335737 0.107959650 0.563704613
J:/crcrccrcc: 0.000000000 0.280584250 0.719415750
J:/crcrccrcf: 0.000000000 0.482731415 0.517268585
J:/crcrccrfc: 0.000000000 0.556917409 0.443082591
J:/crcrccrff: 0.000000000 0.492097374 0.507902626
J:/crcrf: 0.213566489 0.148081265 0.638352246
J:/crcrfcrc: 0.000000000 0.772370490 0.227629510
J:/crcrfcrf: 0.000000000 0.351751614 0.648248386
J:/crcrr: 0.000000000 0.106881733 0.893118267
J:/crfcr: 0.569978792 0.076764605 0.353256604
J:/crfcrcrc: 0.000000000 0.467920552 0.532079448
J:/crfcrcrf: 0.000000000 0.343053766 0.656946234
J:/crffr: 0.104442951 0.340822669 0.554734381
J:/crfrc: 0.325869935 0.126604534 0.547525531
J:/crfrf: 0.449662688 0.254654118 0.295683194
J:/crfrr: 0.000000000 0.223018859 0.776981141
J:/crrcc: 0.288602871 0.373833463 0.337563666
J:/crrcf: 0.314055711 0.000330944 0.685613345
J:/crrcr: 0.000000000 0.679647300 0.320352700
J:/crrfc: 0.181848821 0.387826137 0.430325042
J:/crrff: 0.313365285 0.463885076 0.222749640
J:/crrfr: 0.000000000 0.878974088 0.121025912
J:/crrrc: 0.000000000 0.478715969 0.521284031
J:/crrrf: 0.000000000 0.436785891 0.563214109
J:/r: 0.000000000 0.000000000 1.000000000
J:/rccrc: 0.989069853 0.010927250 0.000002897
J:/rccrccrcc: 0.000000000 0.699955252 0.300044748
J:/rccrccrcf: 0.000000000 0.077345478 0.922654522
J:/rccrccrfc: 0.000000000 0.380595197 0.619404803
J:/rccrccrff: 0.000000000 0.807154033 0.192845967
J:/rccrf: 0.354180443 0.380092410 0.265727147
J:/rccrfcrc: 0.000000000 0.314795946 0.685204054
J:/rccrfcrf: 0.000000000 0.763512966 0.236487034
J:/rccrr: 0.000000000 0.999888023 0.000111977
J:/rcfrc: 0.887665971 0.112334029 0.000000000
J:/rcfrf: 0.135471221 0.279095786 0.585432993
J:/rcfrr: 0.000000000 1.000000000 0.000000000
J:/rcrcc: 0.000000000 0.000026887 0.999973113
J:/rcrcf: 0.000000000 0.000000000 1.000000000
J:/rcrcr: 0.000000000 0.000000000 1.000000000
J:/rcrfc: 0.836561088 0.163438912 0.000000000
J:/rcrff: 0.000000000 1.000000000 0.000000000
J:/rcrfr: 0.000000000 1.000000000 0.000000000
J:/rcrrc: 0.000000000 0.000000000 1.000000000
J:/rcrrf: 0.000000000 0.000025740 0.999974260
J:/rrccr: 0.000000000 0.013926920 0.986073080
J:/rrcfr: 0.000000000 0.000000000 1.000000000
J:/rrcrc: 0.000000000 0.109355175 0.890644825
J:/rrcrf: 0.000000000 0.298182561 0.701817439
J:/rrfcr: 0.000000000 0.000000000 1.000000000
J:/rrffr: 0.000000000 0.000000000 1.000000000
J:/rrfrc: 0.000000000 0.000000000 1.000000000
J:/rrfrf: 0.000000000 0.384218578 0.615781422
J:/rrrcc: 0.000000000 0.367666026 0.632333974
J:/rrrcf: 0.000000000 0.214354666 0.785645334
J:/rrrfc: 0.000000000 0.192920610 0.807079390
J:/rrrff: 0.000000000 0.000078921 0.999921079
K:/c: 0.232012024 0.767987976 0.000000000
K:/cccrc: 0.555119146 0.291580290 0.153300564
K:/cccrccrcc: 0.133505525 0.713473931 0.153020544
K:/cccrccrcf: 0.055828194 0.793388373 0.150783433
K:/cccrccrcr: 0.000000000 0.364686074 0.635313926
K:/cccrccrfc: 0.442195047 0.238199928 0.319605025
K:/cccrccrff: 0.119919386 0.516541092 0.363539521
K:/cccrccrfr: 0.000000000 0.434437941 0.565562059
K:/cccrccrrc: 0.000000000 0.369076593 0.630923407
K:/cccrccrrf: 0.000000000 0.986097643 0.013902357
K:/cccrcrccr: 0.000000000 0.354371190 0.645628810
K:/cccrcrcfr: 0.000000000 0.718022669 0.281977331
K:/cccrcrcrc: 0.000000000 0.908555313 0.091444687
K:/cccrcrcrf: 0.000000000 0.387995714 0.612004286
K:/cccrcrfcr: 0.000000000 0.592803785 0.407196215
K:/cccrcrffr: 0.000000000 0.635542639 0.364457361
K:/cccrcrfrc: 0.000000000 0.412993441 0.587006559
K:/cccrcrfrf: 0.000000000 0.522150941 0.477849059
K:/cccrcrrcc: 0.000000000 0.920130211 0.079869789
K:/cccrcrrcf: 0.000000000 0.475473821 0.524526179
K:/cccrcrrfc: 0.000000000 0.513389150 0.486610850
K:/cccrcrrff: 0.000000000 0.891150084 0.108849916
K:/cccrf: 0.150020692 0.547664001 0.302315307
K:/cccrfcrc: 0.289968813 0.428104429 0.281926758
K:/cccrfcrf: 0.165456060 0.445754999 0.388788941
K:/cccrfcrr: 0.000000000 0.966278265 0.033721735
K:/cccrfrcr: 0.000000000 0.788124914 0.211875086
K:/cccrfrfr: 0.000000000 0.618702936 0.381297064
K:/cccrfrrc: 0.000000000 0.662650820 0.337349180
K:/cccrfrrf: 0.000000000 0.755323676 0.244676324
K:/cccrr: 0.002309647 0.665550123 0.332140230
K:/cccrrccrc: 0.000000000 0.612027540 0.387972460
K:/cccrrccrf: 0.000000000 0.536897347 0.463102653
K:/cccrrcfrc: 0.000000000 0.000653144 0.999346856
K:/cccrrcfrf: 0.000000000 0.233490811 0.766509189
K:/cccrrcrcc: 0.000000000 0.375223329 0.624776671
K:/cccrrcrcf: 0.000000000 0.150084523 0.849915477
K:/cccrrcrfc: 0.000000000 0.734850195 0.265149805
K:/cccrrcrff: 0.000000000 0.162735171 0.837264829
K:/ccrcc: 0.207681813 0.398919306 0.393398881
K:/ccrccrccr: 0.000000000 0.461482273 0.538517727
K:/ccrccrcfr: 0.000000000 0.895041882 0.104958118
K:/ccrccrcrc: 0.000000000 0.558898900 0.441101100
K:/ccrccrcrf: 0.000000000 0.739973050 0.260026950
K:/ccrccrfcr: 0.000000000 0.566508202 0.433491798
K:/ccrccrffr: 0.000000000 0.166978683 0.833021317
K:/ccrccrfrc: 0.000000000 0.292312657 0.707687343
K:/ccrccrfrf: 0.000000000 0.657801039 0.342198961
K:/ccrccrrcc: 0.000000000 0.462707558 0.537292442
K:/ccrccrrcf: 0.000000000 0.939715866 0.060284134
K:/ccrccrrfc: 0.000000000 0.986521243 0.013478757
K:/ccrccrrff: 0.000000000 0.020026421 0.979973579
K:/ccrcf: 0.319968470 0.121084107 0.558947423
K:/ccrcfrcr: 0.000000000 0.370037720 0.629962280
K:/ccrcfrfr: 0.000000000 0.552188638 0.447811362
K:/ccrcfrrc: 0.000000000 0.248000182 0.751999818
K:/ccrcfrrf: 0.000000000 0.574554399 0.425445601
K:/ccrcr: 0.359618607 0.000027503 0.640353890
K:/ccrcrccrc: 0.000000000 0.065806438 0.934193562
K:/ccrcrccrf: 0.000000000 0.579511839 0.420488161
K:/ccrcrcfrc: 0.000000000 0.920298490 0.079701510
K:/ccrcrcfrf: 0.000000000 0.754417027 0.245582973
K:/ccrcrcrcc: 0.000000000 0.572295915 0.427704085
K:/ccrcrcrcf: 0.000000000 0.148345843 0.851654157
K:/ccrcrcrfc: 0.000000000 0.209233085 0.790766915
K:/ccrcrcrff: 0.000000000 0.435935132 0.564064868
K:/ccrfc: 0.218029576 0.293922593 0.488047831
K:/ccrfcrcr: 0.000000000 0.449399807 0.550600193
K:/ccrfcrfr: 0.000000000 0.459555124 0.540444876
K:/ccrfcrrc: 0.000000000 0.929576297 0.070423703
K:/ccrfcrrf: 0.000000000 0.524560759 0.475439241
K:/ccrff: 0.650422590 0.202519228 0.147058181
K:/ccrffrr: 0.000000000 0.428860553 0.571139447
K:/ccrfr: 0.319873953 0.495477682 0.184648365
K:/ccrfrcrc: 0.000000000 0.295721480 0.704278520
K:/ccrfrcrf: 0.000000000 0.541819522 0.458180478
K:/ccrrc: 0.715198030 0.129665365 0.155136605
K:/ccrrccrcc: 0.000000000 0.194041470 0.805958530
K:/ccrrccrcf: 0.000000000 0.739407122 0.260592878
K:/ccrrccrfc: 0.000000000 0.094194947 0.905805053
K:/ccrrccrff: 0.000000000 0.346779968 0.653220032
K:/ccrrf: 0.646430501 0.000179038 0.353390461
K:/ccrrfcrc: 0.000000000 0.216635148 0.783364852
K:/ccrrfcrf: 0.000000000 0.677158398 0.322841602
K:/ccrrr: 0.000000000 0.690315880 0.309684120
K:/crccr: 0.488381111 0.042366715 0.469252174
K:/crccrccrc: 0.000000000 0.547951528 0.452048472
K:/crccrccrf: 0.000000000 0.270821153 0.729178847
K:/crccrcfrc: 0.000000000 0.264717877 0.735282123
K:/crccrcfrf: 0.000000000 0.902528806 0.097471194
K:/crccrcrcc: 0.000000000 0.744873628 0.255126372
K:/crccrcrcf: 0.000000000 0.483523483 0.516476517
K:/crccrcrfc: 0.000000000 0.588398395 0.411601605
K:/crccrcrff: 0.000000000 0.782719737 0.217280263
K:/crcfr: 0.401159422 0.113158577 0.485682001
K:/crcfrcrc: 0.000000000 0.621526623 0.378473377
K:/crcfrcrf: 0.000000000 0.671835430 0.328164570
K:/crcrc: 0.622540824 0.056695287 0.320763889
K:/crcrccrcc: 0.000000000 0.416135554 0.583864446
K:/crcrccrcf: 0.000000000 0.886035893 0.113964107
K:/crcrccrfc: 0.000000000 0.175286827 0.824713173
K:/crcrccrff: 0.000000000 0.178718486 0.821281514
K:/crcrf: 0.263813645 0.116575593 0.619610761
K:/crcrfcrc: 0.000000000 0.826377697 0.173622303
K:/crcrfcrf: 0.000000000 0.771365359 0.228634641
K:/crcrr: 0.000000000 0.485535248 0.514464752
K:/crfcr: 0.411235816 0.159929230 0.428834954
K:/crfcrcrc: 0.000000000 0.560407186 0.439592814
K:/crfcrcrf: 0.000000000 0.346605093 0.653394907
K:/crffr: 0.080171658 0.389706686 0.530121657
K:/crfrc: 0.299533481 0.309924172 0.390542347
K:/crfrf: 0.503645913 0.386947019 0.109407068
K:/crfrr: 0.000000000 0.666784020 0.333215980
K:/crrcc: 0.103552897 0.616310545 0.280136558
K:/crrcf: 0.434155906 0.306218161 0.259625932
K:/crrcr: 0.000000000 0.889834937 0.110165063
K:/crrfc: 0.552513488 0.139459089 0.308027423
K:/crrff: 0.298310451 0.286673211 0.415016338
K:/crrfr: 0.000000000 0.626821522 0.373178478
K:/crrrc: 0.000000000 0.833519280 0.166480720
K:/crrrf: 0.000000000 0.753228814 0.246771186
K:/r: 0.003198356 0.000244408 0.996557235
K:/rccrc: 0.508143600 0.491856392 0.000000008
K:/rccrccrcc: 0.000000000 0.808352617 0.191647383
K:/rccrccrcf: 0.000000000 0.611410481 0.388589519
K:/rccrccrfc: 0.000000000 0.315227674 0.684772326
K:/rccrccrff: 0.000000000 0.886085857 0.113914143
K:/rccrf: 0.286966639 0.713033361 0.000000000
K:/rccrfcrc: 0.000000000 0.865492177 0.134507823
K:/rccrfcrf: 0.000000000 0.374596315 0.625403685
K:/rccrr: 0.000000000 0.999917316 0.000082684
K:/rcfrc: 0.000000000 0.654421780 0.345578220
K:/rcfrf: 0.117994789 0.633472979 0.248532233
K:/rcfrr: 0.000000000 0.000023326 0.999976674
K:/rcrcc: 0.017550349 0.080733383 0.901716268
K:/rcrcf: 0.388565906 0.000000000 0.611434094
K:/rcrcr: 0.000000000 0.762768886 0.237231114
K:/rcrfc: 0.488815264 0.511184736 0.000000000
K:/rcrff: 0.000000000 1.000000000 0.000000000
K:/rcrfr: 0.000000000 0.926934565 0.073065435
K:/rcrrc: 0.000000000 0.000287776 0.999712224
K:/rcrrf: 0.000000000 0.000000000 1.000000000
K:/rrccr: 0.000000000 0.238574386 0.761425614
K:/rrcfr: 0.000000000 0.000549946 0.999450054
K:/rrcrc: 0.000000000 0.362548489 0.637451511
K:/rrcrf: 0.000000000 0.480578574 0.519421426
K:/rrfcr: 0.000000000 0.546042181 0.453957819
K:/rrffr: 0.000000000 0.000000000 1.000000000
K:/rrfrc: 0.000000000 0.545169322 0.454830678
K:/rrfrf: 0.000000000 0.146056411 0.853943589
K:/rrrcc: 0.000000000 0.360517890 0.639482110
K:/rrrcf: 0.000000000 1.000000000 0.000000000
K:/rrrfc: 0.000000000 0.061816983 0.938183017
K:/rrrff: 0.000000000 0.061644797 0.938355203
Q:/c: 0.041381527 0.958618473 0.000000000
Q:/cccrc: 0.045736363 0.204307024 0.749956612
Q:/cccrccrcc: 0.529379690 0.213435604 0.257184707
Q:/cccrccrcf: 0.084693240 0.391185475 0.524121285
Q:/cccrccrcr: 0.000000000 0.414259925 0.585740075
Q:/cccrccrfc: 0.273403691 0.091281480 0.635314829
Q:/cccrccrff: 0.639968811 0.267153332 0.092877857
Q:/cccrccrfr: 0.000000000 0.460744536 0.539255464
Q:/cccrccrrc: 0.000000000 0.497506187 0.502493813
Q:/cccrccrrf: 0.000000000 0.802177531 0.197822469
Q:/cccrcrccr: 0.000000000 0.554867623 0.445132377
Q:/cccrcrcfr: 0.000000000 0.692023416 0.307976584
Q:/cccrcrcrc: 0.000000000 0.715364862 0.284635138
Q:/cccrcrcrf: 0.000000000 0.152609985 0.847390015
Q:/cccrcrfcr: 0.000000000 0.182885462 0.817114538
Q:/cccrcrffr: 0.000000000 0.737255091 0.262744909
Q:/cccrcrfrc: 0.000000000 0.414704202 0.585295798
Q:/cccrcrfrf: 0.000000000 0.789042335 0.210957665
Q:/cccrcrrcc: 0.000000000 0.610601184 0.389398816
Q:/cccrcrrcf: 0.000000000 0.650583460 0.349416540
Q:/cccrcrrfc: 0.000000000 0.278922394 0.721077606
Q:/cccrcrrff: 0.000000000 0.509193951 0.490806049
Q:/cccrf: 0.266819787 0.340809934 0.392370278
Q:/cccrfcrc: 0.056582318 0.480101277 0.463316406
Q:/cccrfcrf: 0.295138103 0.326058363 0.378803534
Q:/cccrfcrr: 0.000000000 0.517049715 0.482950285
Q:/cccrfrcr: 0.000000000 0.854894055 0.145105945
Q:/cccrfrfr: 0.000000000 0.551006650 0.448993350
Q:/cccrfrrc: 0.000000000 0.413180863 0.586819137
Q:/cccrfrrf: 0.000000000 0.915331011 0.084668989
Q:/cccrr: 0.233536216 0.194678466 0.571785318
Q:/cccrrccrc: 0.000000000 0.850033383 0.149966617
Q:/cccrrccrf: 0.000000000 0.451915568 0.548084432
Q:/cccrrcfrc: 0.000000000 0.578736014 0.421263986
Q:/cccrrcfrf: 0.000000000 0.711871351 0.288128649
Q:/cccrrcrcc: 0.000000000 0.085146812 0.914853188
Q:/cccrrcrcf: 0.000000000 0.077826707 0.922173293
Q:/cccrrcrfc: 0.000000000 0.141623672 0.858376328
Q:/cccrrcrff: 0.000000000 0.512455973 0.487544027
Q:/ccrcc: 0.080131409 0.397090051 0.522778540
Q:/ccrccrccr: 0.000000000 0.875480066 0.124519934
Q:/ccrccrcfr: 0.000000000 0.745008318 0.254991682
Q:/ccrccrcrc: 0.000000000 0.796414823 0.203585177
Q:/ccrccrcrf: 0.000000000 0.694575474 0.305424526
Q:/ccrccrfcr: 0.000000000 0.540332824 0.459667176
Q:/ccrccrffr: 0.000000000 0.426763924 0.573236076
Q:/ccrccrfrc: 0.000000000 0.396384869 0.603615131
Q:/ccrccrfrf: 0.000000000 0.829311490 0.170688510
Q:/ccrccrrcc: 0.000000000 0.511284410 0.488715590
Q:/ccrccrrcf: 0.000000000 0.321158640 0.678841360
Q:/ccrccrrfc: 0.000000000 0.465746332 0.534253668
Q:/ccrccrrff: 0.000000000 0.533481564 0.466518436
Q:/ccrcf: 0.387040931 0.425270820 0.187688249
Q:/ccrcfrcr: 0.000000000 0.375853126 0.624146874
Q:/ccrcfrfr: 0.000000000 0.495158078 0.504841922
Q:/ccrcfrrc: 0.000000000 0.182886965 0.817113035
Q:/ccrcfrrf: 0.000000000 0.144064328 0.855935672
Q:/ccrcr: 0.214962263 0.422715695 0.362322042
Q:/ccrcrccrc: 0.000000000 0.358310738 0.641689262
Q:/ccrcrccrf: 0.000000000 0.792810148 0.207189852
Q:/ccrcrcfrc: 0.000000000 0.196791524 0.803208476
Q:/ccrcrcfrf: 0.000000000 0.148047661 0.851952339
Q:/ccrcrcrcc: 0.000000000 0.549659904 0.450340096
Q:/ccrcrcrcf: 0.000000000 0.858179881 0.141820119
Q:/ccrcrcrfc: 0.000000000 0.388762158 0.611237842
Q:/ccrcrcrff: 0.000000000 0.890899611 0.109100389
Q:/ccrfc: 0.316091391 0.133719651 0.550188958
Q:/ccrfcrcr: 0.000000000 0.546578849 0.453421151
Q:/ccrfcrfr: 0.000000000 0.427270423 0.572729577
Q:/ccrfcrrc: 0.000000000 0.296725934 0.703274066
Q:/ccrfcrrf: 0.000000000 0.502578614 0.497421386
Q:/ccrff: 0.390111802 0.143068060 0.466820138
Q:/ccrffrr: 0.000000000 0.532596239 0.467403761
Q:/ccrfr: 0.103893780 0.395202466 0.500903754
Q:/ccrfrcrc: 0.000000000 0.487518564 0.512481436
Q:/ccrfrcrf: 0.000000000 0.499666633 0.500333367
Q:/ccrrc: 0.117358352 0.607255931 0.275385717
Q:/ccrrccrcc: 0.000000000 0.894701022 0.105298978
Q:/ccrrccrcf: 0.000000000 0.810102736 0.189897264
Q:/ccrrccrfc: 0.000000000 0.110819147 0.889180853
Q:/ccrrccrff: 0.000000000 0.244821637 0.755178363
Q:/ccrrf: 0.395629956 0.306759021 0.297611022
Q:/ccrrfcrc: 0.000000000 0.621626724 0.378373276
Q:/ccrrfcrf: 0.000000000 0.639401186 0.360598814
Q:/ccrrr: 0.000000000 0.117737674 0.882262326
Q:/crccr: 0.111922038 0.304050091 0.584027871
Q:/crccrccrc: 0.000000000 0.375672339 0.624327661
Q:/crccrccrf: 0.000000000 0.374390727 0.625609273
Q:/crccrcfrc: 0.000000000 0.907259381 0.092740619
Q:/crccrcfrf: 0.000000000 0.484796578 0.515203422
Q:/crccrcrcc: 0.000000000 0.314867334 0.685132666
Q:/crccrcrcf: 0.000000000 0.252039398 0.747960602
Q:/crccrcrfc: 0.000000000 0.662053837 0.337946163
Q:/crccrcrff: 0.000000000 0.910033059 0.089966941
Q:/crcfr: 0.530518701 0.148935819 0.320545480
Q:/crcfrcrc: 0.000000000 0.493675368 0.506324632
Q:/crcfrcrf: 0.000000000 0.734278257 0.265721743
Q:/crcrc: 0.420485092 0.409349332 0.170165577
Q:/crcrccrcc: 0.000000000 0.244398666 0.755601334
Q:/crcrccrcf: 0.000000000 0.660669791 0.339330209
Q:/crcrccrfc: 0.000000000 0.427366628 0.572633372
Q:/crcrccrff: 0.000000000 0.618651462 0.381348538
Q:/crcrf: 0.230858026 0.266607199 0.502534776
Q:/crcrfcrc: 0.000000000 0.578312329 0.421687671
Q:/crcrfcrf: 0.000000000 0.655605648 0.344394352
Q:/crcrr: 0.000000000 0.556040790 0.443959210
Q:/crfcr: 0.000000000 0.674588089 0.325411911
Q:/crfcrcrc: 0.000000000 0.195153092 0.804846908
Q:/crfcrcrf: 0.000000000 0.287295904 0.712704096
Q:/crffr: 0.351482334 0.369924549 0.278593117
Q:/crfrc: 0.384321559 0.204955978 0.410722462
Q:/crfrf: 0.094620524 0.349936734 0.555442741
Q:/crfrr: 0.000000000 0.726476656 0.273523344
Q:/crrcc: 0.385556914 0.098828345 0.515614741
Q:/crrcf: 0.389118906 0.308587047 0.302294047
Q:/crrcr: 0.000000000 0.910425302 0.089574698
Q:/crrfc: 0.270759529 0.467158841 0.262081630
Q:/crrff: 0.289985196 0.491413246 0.218601557
Q:/crrfr: 0.000000000 0.383153302 0.616846698
Q:/crrrc: 0.000000000 0.409961241 0.590038759
Q:/crrrf: 0.000000000 0.650143166 0.349856834
Q:/r: 0.000302757 0.000000000 0.999697243
Q:/rccrc: 0.790278259 0.209710827 0.000010914
Q:/rccrccrcc: 0.000000000 0.738950425 0.261049575
Q:/rccrccrcf: 0.000000000 0.163979208 0.836020792
Q:/rccrccrfc: 0.000000000 0.370209493 0.629790507
Q:/rccrccrff: 0.000000000 0.681776197 0.318223803
Q:/rccrf: 0.195054472 0.571962093 0.232983435
Q:/rccrfcrc: 0.000000000 0.610708264 0.389291736
Q:/rccrfcrf: 0.000000000 0.413798752 0.586201248
Q:/rccrr: 0.000000000 0.999801254 0.000198746
Q:/rcfrc: 0.000000000 0.711311810 0.288688190
Q:/rcfrf: 0.154492242 0.804630124 0.040877634
Q:/rcfrr: 0.000000000 1.000000000 0.000000000
Q:/rcrcc: 0.000000000 0.000000000 1.000000000
Q:/rcrcf: 0.000000000 0.000000000 1.000000000
Q:/rcrcr: 0.000000000 0.132990970 0.867009030
Q:/rcrfc: 0.178461151 0.118138732 0.703400117
Q:/rcrff: 0.000000000 0.632672776 0.367327224
Q:/rcrfr: 0.000000000 0.802735418 0.197264582
Q:/rcrrc: 0.000000000 0.000000000 1.000000000
Q:/rcrrf: 0.000000000 0.000000000 1.000000000
Q:/rrccr: 0.000000000 0.558352907 0.441647093
Q:/rrcfr: 0.000000000 0.092662757 0.907337243
Q:/rrcrc: 0.000000000 0.109441428 0.890558572
Q:/rrcrf: 0.000000000 0.768948125 0.231051875
Q:/rrfcr: 0.000000000 0.000000000 1.000000000
Q:/rrffr: 0.000000000 0.000000000 1.000000000
Q:/rrfrc: 0.000000000 0.127794764 0.872205236
Q:/rrfrf: 0.000000000 0.859385453 0.140614547
Q:/rrrcc: 0.000000000 0.485184482 0.514815518
Q:/rrrcf: 0.000000000 0.773961226 0.226038774
Q:/rrrfc: 0.000000000 0.659495379 0.340504621
Q:/rrrff: 0.000000000 0.000000000 1.000000000
T:/c: 0.085001268 0.914998732 0.000000000
T:/cccrc: 0.083020815 0.512471510 0.404507675
T:/cccrccrcc: 0.159606047 0.141410905 0.698983049
T:/cccrccrcf: 0.287365531 0.250604106 0.462030363
T:/cccrccrcr: 0.000000000 0.316399612 0.683600388
T:/cccrccrfc: 0.266886099 0.235834708 0.497279193
T:/cccrccrff: 0.184518471 0.546840308 0.268641221
T:/cccrccrfr: 0.000000000 0.237875588 0.762124412
T:/cccrccrrc: 0.000000000 0.443111278 0.556888722
T:/cccrccrrf: 0.000000000 0.102642005 0.897357995
T:/cccrcrccr: 0.000000000 0.070449706 0.929550294
T:/cccrcrcfr: 0.000000000 0.626393454 0.373606546
T:/cccrcrcrc: 0.000000000 0.463907172 0.536092828
T:/cccrcrcrf: 0.000000000 0.938625352 0.061374648
T:/cccrcrfcr: 0.000000000 0.207302009 0.792697991
T:/cccrcrffr: 0.000000000 0.114207305 0.885792695
T:/cccrcrfrc: 0.000000000 0.185144230 0.814855770
T:/cccrcrfrf: 0.000000000 0.150038972 0.849961028
T:/cccrcrrcc: 0.000000000 0.528242902 0.471757098
T:/cccrcrrcf: 0.000000000 0.018882126 0.981117874
T:/cccrcrrfc: 0.000000000 0.449054428 0.550945572
T:/cccrcrrff: 0.000000000 0.730966156 0.269033844
T:/cccrf: 0.000071369 0.336073919 0.663854712
T:/cccrfcrc: 0.036296133 0.321451887 0.642251979
T:/cccrfcrf: 0.390568938 0.520846166 0.088584895
T:/cccrfcrr: 0.000000000 0.490579704 0.509420296
T:/cccrfrcr: 0.000000000 0.426339671 0.573660329
T:/cccrfrfr: 0.000000000 0.277456173 0.722543827
T:/cccrfrrc: 0.000000000 0.860680303 0.139319697
T:/cccrfrrf: 0.000000000 0.858801691 0.141198309
T:/cccrr: 0.254422014 0.194659001 0.550918984
T:/cccrrccrc: 0.000000000 0.803646875 0.196353125
T:/cccrrccrf: 0.000000000 0.774864785 0.225135215
T:/cccrrcfrc: 0.000000000 0.340481985 0.659518015
T:/cccrrcfrf: 0.000000000 0.412098022 0.587901978
T:/cccrrcrcc: 0.000000000 0.499718783 0.500281217
T:/cccrrcrcf: 0.000000000 0.424152856 0.575847144
T:/cccrrcrfc: 0.000000000 0.943978937 0.056021063
T:/cccrrcrff: 0.000000000 0.478650988 0.521349012
T:/ccrcc: 0.166160257 0.566671649 0.267168094
T:/ccrccrccr: 0.000000000 0.365606693 0.634393307
T:/ccrccrcfr: 0.000000000 0.644287967 0.355712033
T:/ccrccrcrc: 0.000000000 0.015470790 0.984529210
T:/ccrccrcrf: 0.000000000 0.358358677 0.641641323
T:/ccrccrfcr: 0.000000000 0.466175866 0.533824134
T:/ccrccrffr: 0.000000000 0.762504922 0.237495078
T:/ccrccrfrc: 0.000000000 0.168934617 0.831065383
T:/ccrccrfrf: 0.000000000 0.526528820 0.473471180
T:/ccrccrrcc: 0.000000000 0.713845597 0.286154403
T:/ccrccrrcf: 0.000000000 0.526352990 0.473647010
T:/ccrccrrfc: 0.000000000 0.020662211 0.979337789
T:/ccrccrrff: 0.000000000 0.446019811 0.553980189
T:/ccrcf: 0.177523703 0.417874580 0.404601717
T:/ccrcfrcr: 0.000000000 0.788485201 0.211514799
T:/ccrcfrfr: 0.000000000 0.602634007 0.397365993
T:/ccrcfrrc: 0.000000000 0.805796400 0.194203600
T:/ccrcfrrf: 0.000000000 0.960432651 0.039567349
T:/ccrcr: 0.000006228 0.568854280 0.431139492
T:/ccrcrccrc: 0.000000000 0.514346727 0.485653273
T:/ccrcrccrf: 0.000000000 0.411373444 0.588626556
T:/ccrcrcfrc: 0.000000000 0.577894935 0.422105065
T:/ccrcrcfrf: 0.000000000 0.468587709 0.531412291
T:/ccrcrcrcc: 0.000000000 0.024062185 0.975937815
T:/ccrcrcrcf: 0.000000000 0.463059355 0.536940645
T:/ccrcrcrfc: 0.000000000 0.544025676 0.455974324
T:/ccrcrcrff: 0.000000000 0.143166954 0.856833046
T:/ccrfc: 0.306356485 0.287174392 0.406469123
T:/ccrfcrcr: 0.000000000 0.436194802 0.563805198
T:/ccrfcrfr: 0.000000000 0.601372622 0.398627378
T:/ccrfcrrc: 0.000000000 0.048766257 0.951233743
T:/ccrfcrrf: 0.000000000 0.722717468 0.277282532
T:/ccrff: 0.277819186 0.396818889 0.325361926
T:/ccrffrr: 0.000000000 0.166450871 0.833549129
T:/ccrfr: 0.383574021 0.041075517 0.575350462
T:/ccrfrcrc: 0.000000000 0.427698961 0.572301039
T:/ccrfrcrf: 0.000000000 0.763459111 0.236540889
T:/ccrrc: 0.181499939 0.023461525 0.795038536
T:/ccrrccrcc: 0.000000000 0.937650436 0.062349564
T:/ccrrccrcf: 0.000000000 0.000000000 1.000000000
T:/ccrrccrfc: 0.000000000 0.221956338 0.778043662
T:/ccrrccrff: 0.000000000 0.495836912 0.504163088
T:/ccrrf: 0.337080459 0.407483013 0.255436528
T:/ccrrfcrc: 0.000000000 0.395238007 0.604761993
T:/ccrrfcrf: 0.000000000 0.413210390 0.586789610
T:/ccrrr: 0.000000000 0.140501968 0.859498032
T:/crccr: 0.232042666 0.419692774 0.348264560
T:/crccrccrc: 0.000000000 0.490219704 0.509780296
T:/crccrccrf: 0.000000000 0.033693652 0.966306348
T:/crccrcfrc: 0.000000000 0.630702177 0.369297823
T:/crccrcfrf: 0.000000000 0.255424280 0.744575720
T:/crccrcrcc: 0.000000000 0.645593025 0.354406975
T:/crccrcrcf: 0.000000000 0.259122135 0.740877865
T:/crccrcrfc: 0.000000000 0.766073546 0.233926454
T:/crccrcrff: 0.000000000 0.532558992 0.467441008
T:/crcfr: 0.363379532 0.236621579 0.399998889
T:/crcfrcrc: 0.000000000 0.454547142 0.545452858
T:/crcfrcrf: 0.000000000 0.950345856 0.049654144
T:/crcrc: 0.691994113 0.097404126 0.210601761
T:/crcrccrcc: 0.000000000 0.322635580 0.677364420
T:/crcrccrcf: 0.000000000 0.161048647 0.838951353
T:/crcrccrfc: 0.000000000 0.305882202 0.694117798
T:/crcrccrff: 0.000000000 0.025764443 0.974235557
T:/crcrf: 0.623089862 0.256025283 0.120884855
T:/crcrfcrc: 0.000000000 0.259280146 0.740719854
T:/crcrfcrf: 0.000000000 0.434176275 0.565823725
T:/crcrr: 0.000000000 0.495387707 0.504612293
T:/crfcr: 0.026839723 0.236107806 0.737052471
T:/crfcrcrc: 0.000000000 0.395945209 0.604054791
T:/crfcrcrf: 0.000000000 0.618041060 0.381958940
T:/crffr: 0.145127539 0.652007816 0.202864644
T:/crfrc: 0.358452658 0.137486209 0.504061133
T:/crfrf: 0.191584609 0.149213181 0.659202211
T:/crfrr: 0.000000000 0.119758304 0.880241696
T:/crrcc: 0.019314280 0.469774341 0.510911379
T:/crrcf: 0.399525917 0.502340711 0.098133372
T:/crrcr: 0.000000000 0.789127910 0.210872090
T:/crrfc: 0.262734874 0.211364922 0.525900204
T:/crrff: 0.323187310 0.355163550 0.321649140
T:/crrfr: 0.000000000 0.405317798 0.594682202
T:/crrrc: 0.000000000 0.294894435 0.705105565
T:/crrrf: 0.000000000 0.112548789 0.887451211
T:/r: 0.000000000 0.000000000 1.000000000
T:/rccrc: 0.800827101 0.199172899 0.000000000
T:/rccrccrcc: 0.000000000 0.138354240 0.861645760
T:/rccrccrcf: 0.000000000 0.479915541 0.520084459
T:/rccrccrfc: 0.000000000 0.429528959 0.570471041
T:/rccrccrff: 0.000000000 0.903110861 0.096889139
T:/rccrf: 0.065434740 0.230081341 0.704483919
T:/rccrfcrc: 0.000000000 0.636448631 0.363551369
T:/rccrfcrf: 0.000000000 0.243340235 0.756659765
T:/rccrr: 0.000000000 0.999908480 0.000091520
T:/rcfrc: 1.000000000 0.000000000 0.000000000
T:/rcfrf: 0.482771686 0.460774665 0.056453649
T:/rcfrr: 0.000000000 1.000000000 0.000000000
T:/rcrcc: 0.000000000 0.000000000 1.000000000
T:/rcrcf: 0.000000000 0.000000000 1.000000000
T:/rcrcr: 0.000000000 0.000000000 1.000000000
T:/rcrfc: 0.446487426 0.032790199 0.520722375
T:/rcrff: 0.000000000 0.542229424 0.457770576
T:/rcrfr: 0.000000000 0.349966458 0.650033542
T:/rcrrc: 0.000000000 0.000000000 1.000000000
T:/rcrrf: 0.000000000 0.000000000 1.000000000
T:/rrccr: 0.000000000 0.000000000 1.000000000
T:/rrcfr: 0.000000000 0.000000000 1.000000000
T:/rrcrc: 0.000000000 0.069739022 0.930260978
T:/rrcrf: 0.000000000 0.231554792 0.768445208
T:/rrfcr: 0.000000000 0.000000000 1.000000000
T:/rrffr: 0.000000000 0.000000000 1.000000000
T:/rrfrc: 0.000000000 0.000000000 1.000000000
T:/rrfrf: 0.000000000 0.510456280 0.489543720
T:/rrrcc: 0.000000000 0.740020772 0.259979228
T:/rrrcf: 0.000000000 0.548340581 0.451659419
T:/rrrfc: 0.000000000 0.347782281 0.652217719
T:/rrrff: 0.000000000 0.000135483 0.999864517
