A:/cc: 0.062165626 0.937834374 0.000000000
A:/cccrcc: 0.252886587 0.596987853 0.150125560
A:/cccrccrccr: 0.000000000 0.032854690 0.967145310
A:/cccrccrcfr: 0.000000000 0.765099216 0.234900784
A:/cccrccrcrc: 0.000000000 0.858150096 0.141849904
A:/cccrccrcrf: 0.000000000 0.798762861 0.201237139
A:/cccrccrfcr: 0.000000000 0.028842115 0.971157885
A:/cccrccrffr: 0.000000000 0.771738118 0.228261882
A:/cccrccrfrc: 0.000000000 0.599220894 0.400779106
A:/cccrccrfrf: 0.000000000 0.911700920 0.088299080
A:/cccrccrrcc: 0.000000000 0.855694835 0.144305165
A:/cccrccrrcf: 0.000000000 0.205470865 0.794529135
A:/cccrccrrfc: 0.000000000 0.399495711 0.600504289
A:/cccrccrrff: 0.000000000 0.344397888 0.655602112
A:/cccrcf: 0.130274623 0.476336873 0.393388503
A:/cccrcfrcr: 0.000000000 0.801502594 0.198497406
A:/cccrcfrfr: 0.000000000 0.903411292 0.096588708
A:/cccrcfrrc: 0.000000000 0.201217637 0.798782363
A:/cccrcfrrf: 0.000000000 0.080985128 0.919014872
A:/cccrcr: 0.379767620 0.528343201 0.091889179
A:/cccrcrccrc: 0.000000000 0.434945041 0.565054959
A:/cccrcrccrf: 0.000000000 0.685530335 0.314469665
A:/cccrcrcfrc: 0.000000000 0.647302562 0.352697438
A:/cccrcrcfrf: 0.000000000 0.377552053 0.622447947
A:/cccrcrcrcc: 0.000000000 0.614721370 0.385278630
A:/cccrcrcrcf: 0.000000000 0.378459112 0.621540888
A:/cccrcrcrfc: 0.000000000 0.354658528 0.645341472
A:/cccrcrcrff: 0.000000000 0.416887311 0.583112689
A:/cccrfc: 0.214693029 0.389596908 0.395710063
A:/cccrfcrcr: 0.000000000 0.511757712 0.488242288
A:/cccrfcrfr: 0.000000000 0.032106083 0.967893917
A:/cccrfcrrc: 0.000000000 0.605553674 0.394446326
A:/cccrfcrrf: 0.000000000 0.973416842 0.026583158
A:/cccrff: 0.000039083 0.224581034 0.775379883
A:/cccrffrr: 0.000000000 0.590474268 0.409525732
A:/cccrfr: 0.241728231 0.082064135 0.676207633
A:/cccrfrcrc: 0.000000000 0.232200110 0.767799890
A:/cccrfrcrf: 0.000000000 0.475734067 0.524265933
A:/cccrrc: 0.441729256 0.241090785 0.317179959
A:/cccrrccrcc: 0.000000000 0.601809203 0.398190797
A:/cccrrccrcf: 0.000000000 0.562616977 0.437383023
A:/cccrrccrfc: 0.000000000 0.480748155 0.519251845
A:/cccrrccrff: 0.000000000 0.070120709 0.929879291
A:/cccrrf: 0.486250621 0.057840205 0.455909174
A:/cccrrfcrc: 0.000000000 0.651383833 0.348616167
A:/cccrrfcrf: 0.000000000 0.878047699 0.121952301
A:/cccrrr: 0.000000000 0.604543706 0.395456294
A:/ccrccr: 0.360018900 0.316359031 0.323622069
A:/ccrccrccrc: 0.000000000 0.150673845 0.849326155
A:/ccrccrccrf: 0.000000000 0.438214321 0.561785679
A:/ccrccrcfrc: 0.000000000 0.180897972 0.819102028
A:/ccrccrcfrf: 0.000000000 0.585691990 0.414308010
A:/ccrccrcrcc: 0.000000000 0.714250338 0.285749662
A:/ccrccrcrcf: 0.000000000 0.143013354 0.856986646
A:/ccrccrcrfc: 0.000000000 0.642297670 0.357702330
A:/ccrccrcrff: 0.000000000 0.324285397 0.675714603
A:/ccrcfr: 0.253712198 0.031270137 0.715017665
A:/ccrcfrcrc: 0.000000000 0.501595464 0.498404536
A:/ccrcfrcrf: 0.000000000 0.153286464 0.846713536
A:/ccrcrc: 0.176659548 0.485141111 0.338199341
A:/ccrcrccrcc: 0.000000000 0.531920016 0.468079984
A:/ccrcrccrcf: 0.000000000 0.510560234 0.489439766
A:/ccrcrccrfc: 0.000000000 0.504882030 0.495117970
A:/ccrcrccrff: 0.000000000 0.137881280 0.862118720
A:/ccrcrf: 0.598560319 0.382726680 0.018713001
A:/ccrcrfcrc: 0.000000000 0.572925000 0.427075000
A:/ccrcrfcrf: 0.000000000 0.979506758 0.020493242
A:/ccrcrr: 0.000000000 0.541436861 0.458563139
A:/ccrfcr: 0.581286346 0.055745137 0.362968517
A:/ccrfcrcrc: 0.000000000 0.213819684 0.786180316
A:/ccrfcrcrf: 0.000000000 0.409283521 0.590716479
A:/ccrffr: 0.351024710 0.276122687 0.372852603
A:/ccrfrc: 0.334515518 0.406270285 0.259214197
A:/ccrfrf: 0.388006144 0.380129435 0.231864420
A:/ccrfrr: 0.000000000 0.060556174 0.939443826
A:/ccrrcc: 0.329903498 0.164889116 0.505207385
A:/ccrrcf: 0.456129917 0.139400268 0.404469814
A:/ccrrcr: 0.000000000 0.560300588 0.439699412
A:/ccrrfc: 0.100183366 0.222272356 0.677544278
A:/ccrrff: 0.079490161 0.102204344 0.818305495
A:/ccrrfr: 0.000000000 0.000000085 0.999999915
A:/ccrrrc: 0.000000000 0.558471329 0.441528671
A:/ccrrrf: 0.000000000 0.570824181 0.429175819
A:/cr: 0.073739963 0.277879522 0.648380516
A:/crccrc: 0.083835130 0.822417815 0.093747054
A:/crccrccrcc: 0.000000000 0.401488532 0.598511468
A:/crccrccrcf: 0.000000000 0.864484528 0.135515472
A:/crccrccrfc: 0.000000000 0.441532198 0.558467802
A:/crccrccrff: 0.000000000 0.782039860 0.217960140
A:/crccrf: 0.155937305 0.328760369 0.515302326
A:/crccrfcrc: 0.000000000 0.459815513 0.540184487
A:/crccrfcrf: 0.000000000 0.195052953 0.804947047
A:/crccrr: 0.000000000 0.655261141 0.344738859
A:/crcfrc: 0.713628028 0.226305464 0.060066508
A:/crcfrf: 0.814027478 0.022675645 0.163296877
A:/crcfrr: 0.000000000 0.431780077 0.568219923
A:/crcrcc: 0.572365982 0.069099185 0.358534834
A:/crcrcf: 0.457123962 0.502314798 0.040561240
A:/crcrcr: 0.000000000 0.744911589 0.255088411
A:/crcrfc: 0.316461094 0.432887709 0.250651197
A:/crcrff: 0.123972627 0.217653185 0.658374187
A:/crcrfr: 0.000000000 0.759452200 0.240547800
A:/crcrrc: 0.000000000 0.370490889 0.629509111
A:/crcrrf: 0.000000000 0.671946152 0.328053848
A:/crrccr: 0.000000000 0.694982271 0.305017729
A:/crrcfr: 0.000000000 0.448999498 0.551000502
A:/crrcrc: 0.000000000 0.661417956 0.338582044
A:/crrcrf: 0.000000000 0.748101970 0.251898030
A:/crrfcr: 0.000000000 0.919285395 0.080714605
A:/crrffr: 0.000000000 0.620584796 0.379415204
A:/crrfrc: 0.000000000 0.346747823 0.653252177
A:/crrfrf: 0.000000000 0.140134953 0.859865047
A:/crrrcc: 0.000000000 0.757736988 0.242263012
A:/crrrcf: 0.000000000 0.115358937 0.884641063
A:/crrrfc: 0.000000000 0.487737154 0.512262846
A:/crrrff: 0.000000000 0.768788517 0.231211483
A:/rc: 0.554368005 0.445631797 0.000000197
A:/rccrcc: 0.319092092 0.648822602 0.032085307
A:/rccrcf: 0.322206390 0.502028718 0.175764892
A:/rccrcr: 0.000000000 0.910478397 0.089521603
A:/rccrfc: 0.314212933 0.291757178 0.394029889
A:/rccrff: 0.264963443 0.148404624 0.586631933
A:/rccrfr: 0.000000000 0.485231615 0.514768385
A:/rccrrc: 0.000000000 0.943125698 0.056874302
A:/rccrrf: 0.000000000 0.028675313 0.971324687
A:/rcrccr: 0.000000000 0.952964004 0.047035996
A:/rcrcfr: 0.000000000 0.843242422 0.156757578
A:/rcrcrc: 0.000000000 0.837426730 0.162573270
A:/rcrcrf: 0.000000000 0.664243251 0.335756749
A:/rcrfcr: 0.000000000 0.883720706 0.116279294
A:/rcrffr: 0.000000000 0.481223276 0.518776724
A:/rcrfrc: 0.000000000 1.000000000 0.000000000
A:/rcrfrf: 0.000000000 0.308591902 0.691408098
A:/rcrrcc: 0.000000000 0.878145658 0.121854342
A:/rcrrcf: 0.000000000 0.999999746 0.000000254
A:/rcrrfc: 0.000000000 0.903788498 0.096211502
A:/rcrrff: 0.000000000 0.987004225 0.012995775
A:/rf: 0.588542213 0.411457787 0.000000000
A:/rfcrc: 0.548698908 0.450827050 0.000474041
A:/rfcrf: 0.501015948 0.290162626 0.208821426
A:/rfcrr: 0.000000000 0.134049921 0.865950079
A:/rfrcr: 0.000000000 0.963434957 0.036565043
A:/rfrfr: 0.000000000 0.751075519 0.248924481
A:/rfrrc: 0.000000000 0.795202733 0.204797267
A:/rfrrf: 0.000000000 0.967740766 0.032259234
A:/rr: 0.999992800 0.000007200 0.000000000
A:/rrccrc: 0.000000000 0.403224567 0.596775433
A:/rrccrf: 0.000000000 0.794936623 0.205063377
A:/rrcfrc: 0.000000000 0.582734160 0.417265840
A:/rrcfrf: 0.000000000 0.254009189 0.745990811
A:/rrcrcc: 0.000000000 0.799999496 0.200000504
A:/rrcrcf: 0.000000000 0.996986266 0.003013734
A:/rrcrfc: 0.000000000 0.966013641 0.033986359
A:/rrcrff: 0.000000000 0.471198152 0.528801848
J:/cc: 0.000000000 1.000000000 0.000000000
J:/cccrcc: 0.360549492 0.252911112 0.386539396
J:/cccrccrccr: 0.000000000 0.950737969 0.049262031
J:/cccrccrcfr: 0.000000000 0.750585779 0.249414221
J:/cccrccrcrc: 0.000000000 0.703445063 0.296554937
J:/cccrccrcrf: 0.000000000 0.067397781 0.932602219
J:/cccrccrfcr: 0.000000000 0.532554414 0.467445586
J:/cccrccrffr: 0.000000000 0.739674724 0.260325276
J:/cccrccrfrc: 0.000000000 0.477444156 0.522555844
J:/cccrccrfrf: 0.000000000 0.039343658 0.960656342
J:/cccrccrrcc: 0.000000000 0.517072431 0.482927569
J:/cccrccrrcf: 0.000000000 0.701697962 0.298302038
J:/cccrccrrfc: 0.000000000 0.950292871 0.049707129
J:/cccrccrrff: 0.000000000 0.371410522 0.628589478
J:/cccrcf: 0.278136371 0.259950316 0.461913313
J:/cccrcfrcr: 0.000000000 0.472634200 0.527365800
J:/cccrcfrfr: 0.000000000 0.751633464 0.248366536
J:/cccrcfrrc: 0.000000000 0.855673817 0.144326183
J:/cccrcfrrf: 0.000000000 0.664424525 0.335575475
J:/cccrcr: 0.594778441 0.328392571 0.076828989
J:/cccrcrccrc: 0.000000000 0.052466569 0.947533431
J:/cccrcrccrf: 0.000000000 0.454693117 0.545306883
J:/cccrcrcfrc: 0.000000000 0.577897418 0.422102582
J:/cccrcrcfrf: 0.000000000 0.609169866 0.390830134
J:/cccrcrcrcc: 0.000000000 0.363683327 0.636316673
J:/cccrcrcrcf: 0.000000000 0.149998600 0.850001400
J:/cccrcrcrfc: 0.000000000 0.282790304 0.717209696
J:/cccrcrcrff: 0.000000000 0.601249170 0.398750830
J:/cccrfc: 0.195961193 0.628009921 0.176028886
J:/cccrfcrcr: 0.000000000 0.559496909 0.440503091
J:/cccrfcrfr: 0.000000000 0.882542674 0.117457326
J:/cccrfcrrc: 0.000000000 0.310278813 0.689721187
J:/cccrfcrrf: 0.000000000 0.816741011 0.183258989
J:/cccrff: 0.096569408 0.410391859 0.493038732
J:/cccrffrr: 0.000000000 0.654108163 0.345891837
J:/cccrfr: 0.265948695 0.410917837 0.323133468
J:/cccrfrcrc: 0.000000000 0.451791207 0.548208793
J:/cccrfrcrf: 0.000000000 0.449360615 0.550639385
J:/cccrrc: 0.382988304 0.346155377 0.270856319
J:/cccrrccrcc: 0.000000000 0.726557415 0.273442585
J:/cccrrccrcf: 0.000000000 0.948991432 0.051008568
J:/cccrrccrfc: 0.000000000 0.064110618 0.935889382
J:/cccrrccrff: 0.000000000 0.216385593 0.783614407
J:/cccrrf: 0.009281961 0.274736133 0.715981906
J:/cccrrfcrc: 0.000000000 0.292324821 0.707675179
J:/cccrrfcrf: 0.000000000 0.096946612 0.903053388
J:/cccrrr: 0.000000000 0.367190772 0.632809228
J:/ccrccr: 0.463121366 0.114036027 0.422842607
J:/ccrccrccrc: 0.000000000 0.695450370 0.304549630
J:/ccrccrccrf: 0.000000000 0.883247973 0.116752027
J:/ccrccrcfrc: 0.000000000 0.745272373 0.254727627
J:/ccrccrcfrf: 0.000000000 0.394948374 0.605051626
J:/ccrccrcrcc: 0.000000000 0.319869459 0.680130541
J:/ccrccrcrcf: 0.000000000 0.471538933 0.528461067
J:/ccrccrcrfc: 0.000000000 0.530146044 0.469853956
J:/ccrccrcrff: 0.000000000 0.797829633 0.202170367
J:/ccrcfr: 0.040637974 0.601838063 0.357523963
J:/ccrcfrcrc: 0.000000000 0.261070347 0.738929653
J:/ccrcfrcrf: 0.000000000 0.471384739 0.528615261
J:/ccrcrc: 0.054315203 0.609027587 0.336657210
J:/ccrcrccrcc: 0.000000000 0.096032319 0.903967681
J:/ccrcrccrcf: 0.000000000 0.390523745 0.609476255
J:/ccrcrccrfc: 0.000000000 0.922467853 0.077532147
J:/ccrcrccrff: 0.000000000 0.952570396 0.047429604
J:/ccrcrf: 0.242186554 0.287123691 0.470689754
J:/ccrcrfcrc: 0.000000000 0.148242048 0.851757952
J:/ccrcrfcrf: 0.000000000 0.440391720 0.559608280
J:/ccrcrr: 0.000000000 0.824211406 0.175788594
J:/ccrfcr: 0.256378499 0.346282287 0.397339214
J:/ccrfcrcrc: 0.000000000 0.692317709 0.307682291
J:/ccrfcrcrf: 0.000000000 0.504617547 0.495382453
J:/ccrffr: 0.444826198 0.233149798 0.322024005
J:/ccrfrc: 0.531972081 0.252478705 0.215549214
J:/ccrfrf: 0.382076233 0.389548526 0.228375242
J:/ccrfrr: 0.000000000 0.885494812 0.114505188
J:/ccrrcc: 0.000000000 0.610493102 0.389506898
J:/ccrrcf: 0.195760363 0.656593510 0.147646127
J:/ccrrcr: 0.000000000 0.830013639 0.169986361
J:/ccrrfc: 0.382155642 0.284343798 0.333500560
J:/ccrrff: 0.344421505 0.231112507 0.424465989
J:/ccrrfr: 0.000000000 0.672733920 0.327266080
J:/ccrrrc: 0.000000000 0.763945513 0.236054487
J:/ccrrrf: 0.000000000 0.458785153 0.541214847
J:/cr: 0.572732176 0.000000090 0.427267733
J:/crccrc: 0.742531923 0.248540937 0.008927139
J:/crccrccrcc: 0.000000000 0.372970942 0.627029058
J:/crccrccrcf: 0.000000000 0.418864956 0.581135044
J:/crccrccrfc: 0.000000000 0.358792885 0.641207115
J:/crccrccrff: 0.000000000 0.171597273 0.828402727
J:/crccrf: 0.101682054 0.359074395 0.539243551
J:/crccrfcrc: 0.000000000 0.807712187 0.192287813
J:/crccrfcrf: 0.000000000 0.356063776 0.643936224
J:/crccrr: 0.000000000 0.487646232 0.512353768
J:/crcfrc: 0.206297231 0.620076130 0.173626639
J:/crcfrf: 0.080393949 0.630366559 0.289239492
J:/crcfrr: 0.000000000 0.198999983 0.801000017
J:/crcrcc: 0.234869554 0.541566848 0.223563598
J:/crcrcf: 0.443582091 0.262182504 0.294235406
J:/crcrcr: 0.000000000 0.349218692 0.650781308
J:/crcrfc: 0.218391795 0.536743302 0.244864903
J:/crcrff: 0.105760400 0.170764924 0.723474676
J:/crcrfr: 0.000000000 0.873256552 0.126743448
J:/crcrrc: 0.000000000 0.698464274 0.301535726
J:/crcrrf: 0.000000000 0.648514667 0.351485333
J:/crrccr: 0.000000000 0.238164867 0.761835133
J:/crrcfr: 0.000000000 0.648839189 0.351160811
J:/crrcrc: 0.000000000 0.965149119 0.034850881
J:/crrcrf: 0.000000000 0.545271099 0.454728901
J:/crrfcr: 0.000000000 0.488477859 0.511522141
J:/crrffr: 0.000000000 0.906604161 0.093395839
J:/crrfrc: 0.000000000 0.442749440 0.557250560
J:/crrfrf: 0.000000000 0.610813150 0.389186850
J:/crrrcc: 0.000000000 0.956943168 0.043056832
J:/crrrcf: 0.000000000 0.297280552 0.702719448
J:/crrrfc: 0.000000000 0.464205247 0.535794753
J:/crrrff: 0.000000000 0.081060596 0.918939404
J:/rc: 0.000000000 0.000000000 1.000000000
J:/rccrcc: 0.183147383 0.380339433 0.436513184
J:/rccrcf: 0.477600430 0.250989521 0.271410049
J:/rccrcr: 0.000000000 0.234744837 0.765255163
J:/rccrfc: 0.322682996 0.248573913 0.428743091
J:/rccrff: 0.306991655 0.308613623 0.384394721
J:/rccrfr: 0.000000000 0.547261464 0.452738536
J:/rccrrc: 0.000000000 0.515588910 0.484411090
J:/rccrrf: 0.000000000 0.512853437 0.487146563
J:/rcrccr: 0.000000000 0.530548035 0.469451965
J:/rcrcfr: 0.000000000 0.314183158 0.685816842
J:/rcrcrc: 0.000000000 0.539954015 0.460045985
J:/rcrcrf: 0.000000000 0.122778508 0.877221492
J:/rcrfcr: 0.000000000 0.461166956 0.538833044
J:/rcrffr: 0.000000000 0.572105297 0.427894703
J:/rcrfrc: 0.000000000 0.805586423 0.194413577
J:/rcrfrf: 0.000000000 0.627321562 0.372678438
J:/rcrrcc: 0.000000000 0.559293771 0.440706229
J:/rcrrcf: 0.000000000 0.553346198 0.446653802
J:/rcrrfc: 0.000000000 0.379379620 0.620620380
J:/rcrrff: 0.000000000 0.997367392 0.002632608
J:/rf: 0.001449445 0.000000000 0.998550555
J:/rfcrc: 0.000664340 0.000000000 0.999335660
J:/rfcrf: 0.291649852 0.000000000 0.708350147
J:/rfcrr: 0.000000000 0.000798967 0.999201033
J:/rfrcr: 0.000000000 0.303008222 0.696991778
J:/rfrfr: 0.000000000 0.976197198 0.023802802
J:/rfrrc: 0.000000000 0.000053524 0.999946476
J:/rfrrf: 0.000000000 0.000000000 1.000000000
J:/rr: 0.000000000 0.000000000 1.000000000
J:/rrccrc: 0.000000000 0.574267369 0.425732631
J:/rrccrf: 0.000000000 1.000000000 0.000000000
J:/rrcfrc: 0.000000000 0.111815741 0.888184259
J:/rrcfrf: 0.000000000 0.818463750 0.181536250
J:/rrcrcc: 0.000000000 0.000024035 0.999975965
J:/rrcrcf: 0.000000000 0.500581000 0.499419000
J:/rrcrfc: 0.000000000 0.494542596 0.505457404
J:/rrcrff: 0.000000000 0.729008949 0.270991051
K:/cc: 0.176221874 0.823778126 0.000000000
K:/cccrcc: 0.430552229 0.064280417 0.505167354
K:/cccrccrccr: 0.000000000 0.633415294 0.366584706
K:/cccrccrcfr: 0.000000000 0.694453146 0.305546854
K:/cccrccrcrc: 0.000000000 0.385849194 0.614150806
K:/cccrccrcrf: 0.000000000 0.513054259 0.486945741
K:/cccrccrfcr: 0.000000000 0.418751068 0.581248932
K:/cccrccrffr: 0.000000000 0.516998172 0.483001828
K:/cccrccrfrc: 0.000000000 0.880216379 0.119783621
K:/cccrccrfrf: 0.000000000 0.785165460 0.214834540
K:/cccrccrrcc: 0.000000000 0.585740570 0.414259430
K:/cccrccrrcf: 0.000000000 0.507997977 0.492002023
K:/cccrccrrfc: 0.000000000 0.909346393 0.090653607
K:/cccrccrrff: 0.000000000 0.449594950 0.550405050
K:/cccrcf: 0.223738696 0.496661874 0.279599431
K:/cccrcfrcr: 0.000000000 0.252206995 0.747793005
K:/cccrcfrfr: 0.000000000 0.534827560 0.465172440
K:/cccrcfrrc: 0.000000000 0.651439062 0.348560938
K:/cccrcfrrf: 0.000000000 0.463521012 0.536478988
K:/cccrcr: 0.012924972 0.812535847 0.174539181
K:/cccrcrccrc: 0.000000000 0.416754281 0.583245719
K:/cccrcrccrf: 0.000000000 0.420688659 0.579311341
K:/cccrcrcfrc: 0.000000000 0.445971034 0.554028966
K:/cccrcrcfrf: 0.000000000 0.527092360 0.472907640
K:/cccrcrcrcc: 0.000000000 0.730369726 0.269630274
K:/cccrcrcrcf: 0.000000000 0.489834318 0.510165682
K:/cccrcrcrfc: 0.000000000 0.814053458 0.185946542
K:/cccrcrcrff: 0.000000000 0.591545895 0.408454105
K:/cccrfc: 0.454511884 0.167365141 0.378122976
K:/cccrfcrcr: 0.000000000 0.484111713 0.515888287
K:/cccrfcrfr: 0.000000000 0.507877188 0.492122812
K:/cccrfcrrc: 0.000000000 0.488518924 0.511481076
K:/cccrfcrrf: 0.000000000 0.788571775 0.211428225
K:/cccrff: 0.000135208 0.318773626 0.681091165
K:/cccrffrr: 0.000000000 0.688052735 0.311947265
K:/cccrfr: 0.449627502 0.098420938 0.451951560
K:/cccrfrcrc: 0.000000000 0.218194821 0.781805179
K:/cccrfrcrf: 0.000000000 0.626631941 0.373368059
K:/cccrrc: 0.119625278 0.604492851 0.275881870
K:/cccrrccrcc: 0.000000000 0.227752791 0.772247209
K:/cccrrccrcf: 0.000000000 0.670596739 0.329403261
K:/cccrrccrfc: 0.000000000 0.334592301 0.665407699
K:/cccrrccrff: 0.000000000 0.502565596 0.497434404
K:/cccrrf: 0.256140023 0.343164838 0.400695139
K:/cccrrfcrc: 0.000000000 0.515783808 0.484216192
K:/cccrrfcrf: 0.000000000 0.514376507 0.485623493
K:/cccrrr: 0.000000000 0.047595120 0.952404880
K:/ccrccr: 0.442331382 0.402488053 0.155180565
K:/ccrccrccrc: 0.000000000 0.354989007 0.645010993
K:/ccrccrccrf: 0.000000000 0.374648922 0.625351078
K:/ccrccrcfrc: 0.000000000 0.646063631 0.353936369
K:/ccrccrcfrf: 0.000000000 0.169062296 0.830937704
K:/ccrccrcrcc: 0.000000000 0.531080773 0.468919227
K:/ccrccrcrcf: 0.000000000 0.032810462 0.967189538
K:/ccrccrcrfc: 0.000000000 0.451860849 0.548139151
K:/ccrccrcrff: 0.000000000 0.015993067 0.984006933
K:/ccrcfr: 0.312560519 0.357692098 0.329747384
K:/ccrcfrcrc: 0.000000000 0.479486652 0.520513348
K:/ccrcfrcrf: 0.000000000 0.775676128 0.224323872
K:/ccrcrc: 0.436235897 0.288494750 0.275269353
K:/ccrcrccrcc: 0.000000000 0.775229010 0.224770990
K:/ccrcrccrcf: 0.000000000 0.380356244 0.619643756
K:/ccrcrccrfc: 0.000000000 0.882758591 0.117241409
K:/ccrcrccrff: 0.000000000 0.611344563 0.388655437
K:/ccrcrf: 0.428054683 0.228084172 0.343861145
K:/ccrcrfcrc: 0.000000000 0.473448525 0.526551475
K:/ccrcrfcrf: 0.000000000 0.155804494 0.844195506
K:/ccrcrr: 0.000000000 0.683977225 0.316022775
K:/ccrfcr: 0.345757389 0.121242541 0.533000070
K:/ccrfcrcrc: 0.000000000 0.224871785 0.775128215
K:/ccrfcrcrf: 0.000000000 0.448684006 0.551315994
K:/ccrffr: 0.620288562 0.312605701 0.067105737
K:/ccrfrc: 0.389106788 0.031362154 0.579531058
K:/ccrfrf: 0.442974131 0.292089151 0.264936719
K:/ccrfrr: 0.000000000 0.809159004 0.190840996
K:/ccrrcc: 0.361765430 0.358157968 0.280076602
K:/ccrrcf: 0.354805178 0.049903485 0.595291338
K:/ccrrcr: 0.000000000 0.694824089 0.305175911
K:/ccrrfc: 0.000000352 0.387105432 0.612894216
K:/ccrrff: 0.028288123 0.369605037 0.602106840
K:/ccrrfr: 0.000000000 0.223810991 0.776189009
K:/ccrrrc: 0.000000000 0.832553490 0.167446510
K:/ccrrrf: 0.000000000 0.394111220 0.605888780
K:/cr: 0.773475963 0.050666364 0.175857674
K:/crccrc: 0.201495566 0.023900564 0.774603871
K:/crccrccrcc: 0.000000000 0.387974564 0.612025436
K:/crccrccrcf: 0.000000000 0.733071387 0.266928613
K:/crccrccrfc: 0.000000000 0.469647486 0.530352514
K:/crccrccrff: 0.000000000 0.631109568 0.368890432
K:/crccrf: 0.205195231 0.142869068 0.651935700
K:/crccrfcrc: 0.000000000 0.135239487 0.864760513
K:/crccrfcrf: 0.000000000 0.233631706 0.766368294
K:/crccrr: 0.000000000 0.263751379 0.736248621
K:/crcfrc: 0.417936116 0.281447822 0.300616062
K:/crcfrf: 0.362896496 0.278823556 0.358279948
K:/crcfrr: 0.000000000 0.409225970 0.590774030
K:/crcrcc: 0.470835655 0.255070996 0.274093350
K:/crcrcf: 0.081706134 0.699977141 0.218316726
K:/crcrcr: 0.000000000 0.949124705 0.050875295
K:/crcrfc: 0.312502752 0.431277093 0.256220155
K:/crcrff: 0.135121469 0.121112592 0.743765939
K:/crcrfr: 0.000000000 0.496497825 0.503502175
K:/crcrrc: 0.000000000 0.492362988 0.507637012
K:/crcrrf: 0.000000000 0.487203718 0.512796282
K:/crrccr: 0.000000000 0.323344214 0.676655786
K:/crrcfr: 0.000000000 0.144613451 0.855386549
K:/crrcrc: 0.000000000 0.857337073 0.142662927
K:/crrcrf: 0.000000000 0.494209713 0.505790287
K:/crrfcr: 0.000000000 0.868414099 0.131585901
K:/crrffr: 0.000000000 0.901620253 0.098379747
K:/crrfrc: 0.000000000 0.289589154 0.710410846
K:/crrfrf: 0.000000000 0.026947205 0.973052795
K:/crrrcc: 0.000000000 0.753271885 0.246728115
K:/crrrcf: 0.000000000 0.543560548 0.456439452
K:/crrrfc: 0.000000000 0.637795414 0.362204586
K:/crrrff: 0.000000000 0.363615355 0.636384645
K:/rc: 0.000000000 0.000000000 1.000000000
K:/rccrcc: 0.542118543 0.078170845 0.379710612
K:/rccrcf: 0.586373381 0.066388394 0.347238225
K:/rccrcr: 0.000000000 0.000000000 1.000000000
K:/rccrfc: 0.460441337 0.314947015 0.224611648
K:/rccrff: 0.474899454 0.507745517 0.017355029
K:/rccrfr: 0.000000000 0.717837434 0.282162566
K:/rccrrc: 0.000000000 0.728542297 0.271457703
K:/rccrrf: 0.000000000 0.109787945 0.890212055
K:/rcrccr: 0.000000000 0.435895885 0.564104115
K:/rcrcfr: 0.000000000 0.596344447 0.403655553
K:/rcrcrc: 0.000000000 0.875413135 0.124586865
K:/rcrcrf: 0.000000000 0.897829351 0.102170649
K:/rcrfcr: 0.000000000 0.347441714 0.652558286
K:/rcrffr: 0.000000000 0.679563813 0.320436187
K:/rcrfrc: 0.000000000 0.172567745 0.827432255
K:/rcrfrf: 0.000000000 0.916808849 0.083191151
K:/rcrrcc: 0.000000000 0.363402705 0.636597295
K:/rcrrcf: 0.000000000 0.551498998 0.448501002
K:/rcrrfc: 0.000000000 0.831144759 0.168855241
K:/rcrrff: 0.000000000 0.696823498 0.303176502
K:/rf: 0.001670170 0.000000000 0.998329830
K:/rfcrc: 0.000756183 0.000000000 0.999243817
K:/rfcrf: 0.269805207 0.000000252 0.730194540
K:/rfcrr: 0.000000000 0.000215711 0.999784289
K:/rfrcr: 0.000000000 0.375229962 0.624770038
K:/rfrfr: 0.000000000 0.561276988 0.438723012
K:/rfrrc: 0.000000000 0.123915879 0.876084121
K:/rfrrf: 0.000000000 0.039187376 0.960812624
K:/rr: 0.000000000 0.000000000 1.000000000
K:/rrccrc: 0.000000000 0.322116238 0.677883762
K:/rrccrf: 0.000000000 0.847868493 0.152131507
K:/rrcfrc: 0.000000000 0.000156084 0.999843916
K:/rrcfrf: 0.000000000 0.568977327 0.431022673
K:/rrcrcc: 0.000000000 0.489284979 0.510715021
K:/rrcrcf: 0.000000000 0.959261477 0.040738523
K:/rrcrfc: 0.000000000 0.696291951 0.303708049
K:/rrcrff: 0.000000000 0.565253029 0.434746971
Q:/cc: 0.083557420 0.916442580 0.000000000
Q:/cccrcc: 0.717970286 0.248179813 0.033849901
Q:/cccrccrccr: 0.000000000 0.525653414 0.474346586
Q:/cccrccrcfr: 0.000000000 0.492081812 0.507918188
Q:/cccrccrcrc: 0.000000000 0.460956625 0.539043375
Q:/cccrccrcrf: 0.000000000 0.528802406 0.471197594
Q:/cccrccrfcr: 0.000000000 0.315737743 0.684262257
Q:/cccrccrffr: 0.000000000 0.698320237 0.301679763
Q:/cccrccrfrc: 0.000000000 0.659620965 0.340379035
Q:/cccrccrfrf: 0.000000000 0.630990375 0.369009625
Q:/cccrccrrcc: 0.000000000 0.322828765 0.677171235
Q:/cccrccrrcf: 0.000000000 0.504063577 0.495936423
Q:/cccrccrrfc: 0.000000000 0.934391800 0.065608200
Q:/cccrccrrff: 0.000000000 0.301570014 0.698429986
Q:/cccrcf: 0.164058984 0.518123138 0.317817878
Q:/cccrcfrcr: 0.000000000 0.439579364 0.560420636
Q:/cccrcfrfr: 0.000000000 0.650539532 0.349460468
Q:/cccrcfrrc: 0.000000000 0.333671370 0.666328630
Q:/cccrcfrrf: 0.000000000 0.509428776 0.490571224
Q:/cccrcr: 0.265512269 0.315291958 0.419195773
Q:/cccrcrccrc: 0.000000000 0.886475162 0.113524838
Q:/cccrcrccrf: 0.000000000 0.283488124 0.716511876
Q:/cccrcrcfrc: 0.000000000 0.439949481 0.560050519
Q:/cccrcrcfrf: 0.000000000 0.916976754 0.083023246
Q:/cccrcrcrcc: 0.000000000 0.794475588 0.205524412
Q:/cccrcrcrcf: 0.000000000 0.789993245 0.210006755
Q:/cccrcrcrfc: 0.000000000 0.841172697 0.158827303
Q:/cccrcrcrff: 0.000000000 0.457875248 0.542124752
Q:/cccrfc: 0.521961459 0.298903818 0.179134723
Q:/cccrfcrcr: 0.000000000 0.242902365 0.757097635
Q:/cccrfcrfr: 0.000000000 0.302226460 0.697773540
Q:/cccrfcrrc: 0.000000000 0.183573148 0.816426852
Q:/cccrfcrrf: 0.000000000 0.878395294 0.121604706
Q:/cccrff: 0.000081362 0.540003054 0.459915584
Q:/cccrffrr: 0.000000000 0.535490688 0.464509312
Q:/cccrfr: 0.453483399 0.326593541 0.219923060
Q:/cccrfrcrc: 0.000000000 0.453117684 0.546882316
Q:/cccrfrcrf: 0.000000000 0.252573823 0.747426177
Q:/cccrrc: 0.172504299 0.251448985 0.576046716
Q:/cccrrccrcc: 0.000000000 0.128312375 0.871687625
Q:/cccrrccrcf: 0.000000000 0.761887607 0.238112393
Q:/cccrrccrfc: 0.000000000 0.854182010 0.145817990
Q:/cccrrccrff: 0.000000000 0.346468462 0.653531538
Q:/cccrrf: 0.061529418 0.462157058 0.476313524
Q:/cccrrfcrc: 0.000000000 0.883215319 0.116784681
Q:/cccrrfcrf: 0.000000000 0.385764439 0.614235561
Q:/cccrrr: 0.000000000 0.733088918 0.266911082
Q:/ccrccr: 0.358016396 0.203317606 0.438665998
Q:/ccrccrccrc: 0.000000000 0.738775786 0.261224214
Q:/ccrccrccrf: 0.000000000 0.461213762 0.538786238
Q:/ccrccrcfrc: 0.000000000 0.888182556 0.111817444
Q:/ccrccrcfrf: 0.000000000 0.273598040 0.726401960
Q:/ccrccrcrcc: 0.000000000 0.935514724 0.064485276
Q:/ccrccrcrcf: 0.000000000 0.966298838 0.033701162
Q:/ccrccrcrfc: 0.000000000 0.007046906 0.992953094
Q:/ccrccrcrff: 0.000000000 0.554787236 0.445212764
Q:/ccrcfr: 0.207530663 0.386544217 0.405925120
Q:/ccrcfrcrc: 0.000000000 0.510654929 0.489345071
Q:/ccrcfrcrf: 0.000000000 0.229275367 0.770724633
Q:/ccrcrc: 0.170101994 0.619624354 0.210273652
Q:/ccrcrccrcc: 0.000000000 0.545228927 0.454771073
Q:/ccrcrccrcf: 0.000000000 0.655015772 0.344984228
Q:/ccrcrccrfc: 0.000000000 0.461671905 0.538328095
Q:/ccrcrccrff: 0.000000000 0.361096478 0.638903522
Q:/ccrcrf: 0.433585747 0.227627044 0.338787209
Q:/ccrcrfcrc: 0.000000000 0.754909588 0.245090412
Q:/ccrcrfcrf: 0.000000000 0.985845490 0.014154510
Q:/ccrcrr: 0.000000000 0.497078300 0.502921700
Q:/ccrfcr: 0.423922578 0.421799706 0.154277716
Q:/ccrfcrcrc: 0.000000000 0.365049346 0.634950654
Q:/ccrfcrcrf: 0.000000000 0.301494262 0.698505738
Q:/ccrffr: 0.397091610 0.380645036 0.222263354
Q:/ccrfrc: 0.387307216 0.517255283 0.095437501
Q:/ccrfrf: 0.455204890 0.369159935 0.175635175
Q:/ccrfrr: 0.000000000 0.308424247 0.691575753
Q:/ccrrcc: 0.231822624 0.186488421 0.581688955
Q:/ccrrcf: 0.715453770 0.144065617 0.140480613
Q:/ccrrcr: 0.000000000 0.524010189 0.475989811
Q:/ccrrfc: 0.134565685 0.441372482 0.424061833
Q:/ccrrff: 0.078818052 0.270918089 0.650263859
Q:/ccrrfr: 0.000000000 0.188811161 0.811188839
Q:/ccrrrc: 0.000000000 0.187629738 0.812370262
Q:/ccrrrf: 0.000000000 0.246358285 0.753641715
Q:/cr: 0.698896159 0.000000052 0.301103789
Q:/crccrc: 0.556951648 0.188602077 0.254446276
Q:/crccrccrcc: 0.000000000 0.927441211 0.072558789
Q:/crccrccrcf: 0.000000000 0.851541881 0.148458119
Q:/crccrccrfc: 0.000000000 0.527534886 0.472465114
Q:/crccrccrff: 0.000000000 0.473548873 0.526451127
Q:/crccrf: 0.500925012 0.392320453 0.106754535
Q:/crccrfcrc: 0.000000000 0.542398036 0.457601964
Q:/crccrfcrf: 0.000000000 0.576946235 0.423053765
Q:/crccrr: 0.000000000 0.895972964 0.104027036
Q:/crcfrc: 0.106833831 0.352461167 0.540705002
Q:/crcfrf: 0.504429870 0.235206771 0.260363359
Q:/crcfrr: 0.000000000 0.551471405 0.448528595
Q:/crcrcc: 0.433360265 0.154283481 0.412356254
Q:/crcrcf: 0.379622562 0.289464437 0.330913001
Q:/crcrcr: 0.000000000 0.407536169 0.592463831
Q:/crcrfc: 0.317270752 0.382718081 0.300011166
Q:/crcrff: 0.000057731 0.208560490 0.791381778
Q:/crcrfr: 0.000000000 0.742455388 0.257544612
Q:/crcrrc: 0.000000000 0.439891726 0.560108274
Q:/crcrrf: 0.000000000 0.316566289 0.683433711
Q:/crrccr: 0.000000000 0.408112337 0.591887663
Q:/crrcfr: 0.000000000 0.871267059 0.128732941
Q:/crrcrc: 0.000000000 0.545680666 0.454319334
Q:/crrcrf: 0.000000000 0.439816262 0.560183738
Q:/crrfcr: 0.000000000 0.877117135 0.122882865
Q:/crrffr: 0.000000000 0.357530051 0.642469949
Q:/crrfrc: 0.000000000 0.151582909 0.848417091
Q:/crrfrf: 0.000000000 0.157740282 0.842259718
Q:/crrrcc: 0.000000000 0.482918296 0.517081704
Q:/crrrcf: 0.000000000 0.403400674 0.596599326
Q:/crrrfc: 0.000000000 0.896473270 0.103526730
Q:/crrrff: 0.000000000 0.451818717 0.548181283
Q:/rc: 0.000000000 0.000000000 1.000000000
Q:/rccrcc: 0.295680498 0.331565336 0.372754166
Q:/rccrcf: 0.779070717 0.206916879 0.014012404
Q:/rccrcr: 0.000000000 0.507098485 0.492901515
Q:/rccrfc: 0.621487552 0.155381001 0.223131447
Q:/rccrff: 0.266579324 0.650575655 0.082845021
Q:/rccrfr: 0.000000000 0.705455095 0.294544905
Q:/rccrrc: 0.000000000 0.582084108 0.417915892
Q:/rccrrf: 0.000000000 0.742264337 0.257735663
Q:/rcrccr: 0.000000000 0.468268136 0.531731864
Q:/rcrcfr: 0.000000000 0.569941684 0.430058316
Q:/rcrcrc: 0.000000000 0.147909295 0.852090705
Q:/rcrcrf: 0.000000000 0.790016970 0.209983030
Q:/rcrfcr: 0.000000000 0.530125691 0.469874309
Q:/rcrffr: 0.000000000 0.526454293 0.473545707
Q:/rcrfrc: 0.000000000 0.462296316 0.537703684
Q:/rcrfrf: 0.000000000 0.609113819 0.390886181
Q:/rcrrcc: 0.000000000 0.656235259 0.343764741
Q:/rcrrcf: 0.000000000 0.604907061 0.395092939
Q:/rcrrfc: 0.000000000 0.390715557 0.609284443
Q:/rcrrff: 0.000000000 0.706340458 0.293659542
Q:/rf: 0.001148242 0.000000000 0.998851758
Q:/rfcrc: 0.000618886 0.000000000 0.999381114
Q:/rfcrf: 0.578240988 0.000000081 0.421758931
Q:/rfcrr: 0.000000000 0.000755548 0.999244452
Q:/rfrcr: 0.000000000 0.377945414 0.622054586
Q:/rfrfr: 0.000000000 0.436074696 0.563925304
Q:/rfrrc: 0.000000000 0.000000000 1.000000000
Q:/rfrrf: 0.000000000 0.383522869 0.616477131
Q:/rr: 0.000000000 0.000000000 1.000000000
Q:/rrccrc: 0.000000000 0.311246291 0.688753709
Q:/rrccrf: 0.000000000 0.612557751 0.387442249
Q:/rrcfrc: 0.000000000 0.000062136 0.999937864
Q:/rrcfrf: 0.000000000 0.450492936 0.549507064
Q:/rrcrcc: 0.000000000 0.000018839 0.999981161
Q:/rrcrcf: 0.000000000 0.694890952 0.305109048
Q:/rrcrfc: 0.000000000 0.915743572 0.084256428
Q:/rrcrff: 0.000000000 0.506301682 0.493698318
T:/cc: 0.000000000 1.000000000 0.000000000
T:/cccrcc: 0.064233868 0.464158565 0.471607567
T:/cccrccrccr: 0.000000000 0.304146039 0.695853961
T:/cccrccrcfr: 0.000000000 0.393806500 0.606193500
T:/cccrccrcrc: 0.000000000 0.642196644 0.357803356
T:/cccrccrcrf: 0.000000000 0.126884975 0.873115025
T:/cccrccrfcr: 0.000000000 0.477188153 0.522811847
T:/cccrccrffr: 0.000000000 0.811984100 0.188015900
T:/cccrccrfrc: 0.000000000 0.542946625 0.457053375
T:/cccrccrfrf: 0.000000000 0.406132144 0.593867856
T:/cccrccrrcc: 0.000000000 0.432034996 0.567965004
T:/cccrccrrcf: 0.000000000 0.742440991 0.257559009
T:/cccrccrrfc: 0.000000000 0.651745241 0.348254759
T:/cccrccrrff: 0.000000000 0.699085186 0.300914814
T:/cccrcf: 0.399879928 0.152325647 0.447794424
T:/cccrcfrcr: 0.000000000 0.285716406 0.714283594
T:/cccrcfrfr: 0.000000000 0.618182418 0.381817582
T:/cccrcfrrc: 0.000000000 0.520141918 0.479858082
T:/cccrcfrrf: 0.000000000 0.695768809 0.304231191
T:/cccrcr: 0.246101792 0.049204850 0.704693358
T:/cccrcrccrc: 0.000000000 0.453341025 0.546658975
T:/cccrcrccrf: 0.000000000 0.606446899 0.393553101
T:/cccrcrcfrc: 0.000000000 0.444334363 0.555665637
T:/cccrcrcfrf: 0.000000000 0.748838308 0.251161692
T:/cccrcrcrcc: 0.000000000 0.275357105 0.724642895
T:/cccrcrcrcf: 0.000000000 0.001587596 0.998412404
T:/cccrcrcrfc: 0.000000000 0.144684981 0.855315019
T:/cccrcrcrff: 0.000000000 0.340948590 0.659051410
T:/cccrfc: 0.324069231 0.313402965 0.362527805
T:/cccrfcrcr: 0.000000000 0.787647836 0.212352164
T:/cccrfcrfr: 0.000000000 0.660566485 0.339433515
T:/cccrfcrrc: 0.000000000 0.854109407 0.145890593
T:/cccrfcrrf: 0.000000000 0.898568004 0.101431996
T:/cccrff: 0.296863933 0.379736037 0.323400029
T:/cccrffrr: 0.000000000 0.717693612 0.282306388
T:/cccrfr: 0.504620634 0.047310037 0.448069329
T:/cccrfrcrc: 0.000000000 0.291730280 0.708269720
T:/cccrfrcrf: 0.000000000 0.555725992 0.444274008
T:/cccrrc: 0.154414108 0.084896416 0.760689477
T:/cccrrccrcc: 0.000000000 0.322922186 0.677077814
T:/cccrrccrcf: 0.000000000 0.538989592 0.461010408
T:/cccrrccrfc: 0.000000000 0.461185394 0.538814606
T:/cccrrccrff: 0.000000000 0.052267554 0.947732446
T:/cccrrf: 0.318319349 0.157701091 0.523979560
T:/cccrrfcrc: 0.000000000 0.200140276 0.799859724
T:/cccrrfcrf: 0.000000000 0.453073550 0.546926450
T:/cccrrr: 0.000000000 0.088392693 0.911607307
T:/ccrccr: 0.309713526 0.304195538 0.386090937
T:/ccrccrccrc: 0.000000000 0.327405857 0.672594143
T:/ccrccrccrf: 0.000000000 0.328765389 0.671234611
T:/ccrccrcfrc: 0.000000000 0.209303457 0.790696543
T:/ccrccrcfrf: 0.000000000 0.556212903 0.443787097
T:/ccrccrcrcc: 0.000000000 0.716086605 0.283913395
T:/ccrccrcrcf: 0.000000000 0.810351461 0.189648539
T:/ccrccrcrfc: 0.000000000 0.844734207 0.155265793
T:/ccrccrcrff: 0.000000000 0.400669329 0.599330671
T:/ccrcfr: 0.043636568 0.044072454 0.912290978
T:/ccrcfrcrc: 0.000000000 0.693260778 0.306739222
T:/ccrcfrcrf: 0.000000000 0.683363204 0.316636796
T:/ccrcrc: 0.364315131 0.466962163 0.168722707
T:/ccrcrccrcc: 0.000000000 0.920290386 0.079709614
T:/ccrcrccrcf: 0.000000000 0.580993422 0.419006578
T:/ccrcrccrfc: 0.000000000 0.332112798 0.667887202
T:/ccrcrccrff: 0.000000000 0.292807338 0.707192662
T:/ccrcrf: 0.711994355 0.230089644 0.057916001
T:/ccrcrfcrc: 0.000000000 0.350183980 0.649816020
T:/ccrcrfcrf: 0.000000000 0.196247463 0.803752537
T:/ccrcrr: 0.000000000 0.240670743 0.759329257
T:/ccrfcr: 0.454123767 0.058502038 0.487374196
T:/ccrfcrcrc: 0.000000000 0.502852865 0.497147135
T:/ccrfcrcrf: 0.000000000 0.829909115 0.170090885
T:/ccrffr: 0.318422384 0.545195693 0.136381923
T:/ccrfrc: 0.277012611 0.021099557 0.701887832
T:/ccrfrf: 0.160739113 0.580826953 0.258433934
T:/ccrfrr: 0.000000000 0.258983929 0.741016071
T:/ccrrcc: 0.325498487 0.419604724 0.254896789
T:/ccrrcf: 0.462748822 0.485332296 0.051918882
T:/ccrrcr: 0.000000000 0.087810552 0.912189448
T:/ccrrfc: 0.768957793 0.109638909 0.121403298
T:/ccrrff: 0.088046826 0.460301770 0.451651404
T:/ccrrfr: 0.000000000 0.176124162 0.823875838
T:/ccrrrc: 0.000000000 0.287672870 0.712327130
T:/ccrrrf: 0.000000000 0.870202833 0.129797167
T:/cr: 0.424606149 0.347504618 0.227889233
T:/crccrc: 0.696714965 0.144602896 0.158682139
T:/crccrccrcc: 0.000000000 0.032661490 0.967338510
T:/crccrccrcf: 0.000000000 0.386797739 0.613202261
T:/crccrccrfc: 0.000000000 0.571466736 0.428533264
T:/crccrccrff: 0.000000000 0.904860104 0.095139896
T:/crccrf: 0.458116597 0.255869070 0.286014333
T:/crccrfcrc: 0.000000000 0.128569134 0.871430866
T:/crccrfcrf: 0.000000000 0.852910207 0.147089793
T:/crccrr: 0.000000000 0.749647164 0.250352836
T:/crcfrc: 0.118708673 0.414677354 0.466613973
T:/crcfrf: 0.412651939 0.346343665 0.241004396
T:/crcfrr: 0.000000000 0.467899201 0.532100799
T:/crcrcc: 0.424935100 0.442583520 0.132481380
T:/crcrcf: 0.428221712 0.478160027 0.093618261
T:/crcrcr: 0.000000000 0.787878833 0.212121167
T:/crcrfc: 0.183137240 0.461246697 0.355616063
T:/crcrff: 0.000021163 0.866618401 0.133360436
T:/crcrfr: 0.000000000 0.511971653 0.488028347
T:/crcrrc: 0.000000000 0.158432920 0.841567080
T:/crcrrf: 0.000000000 0.576585369 0.423414631
T:/crrccr: 0.000000000 0.275186455 0.724813545
T:/crrcfr: 0.000000000 0.485968007 0.514031993
T:/crrcrc: 0.000000000 0.671570977 0.328429023
T:/crrcrf: 0.000000000 0.110815255 0.889184745
T:/crrfcr: 0.000000000 0.645371070 0.354628930
T:/crrffr: 0.000000000 0.317736416 0.682263584
T:/crrfrc: 0.000000000 0.578509655 0.421490345
T:/crrfrf: 0.000000000 0.494971937 0.505028063
T:/crrrcc: 0.000000000 0.395777015 0.604222985
T:/crrrcf: 0.000000000 0.914540427 0.085459573
T:/crrrfc: 0.000000000 0.397396201 0.602603799
T:/crrrff: 0.000000000 0.667224673 0.332775327
T:/rc: 0.000000000 0.000000000 1.000000000
T:/rccrcc: 0.245201012 0.389789059 0.365009929
T:/rccrcf: 0.690703493 0.160757756 0.148538751
T:/rccrcr: 0.000000000 0.351866380 0.648133620
T:/rccrfc: 0.082128557 0.253499143 0.664372300
T:/rccrff: 0.247998352 0.554289774 0.197711873
T:/rccrfr: 0.000000000 0.369150528 0.630849472
T:/rccrrc: 0.000000000 0.268226245 0.731773755
T:/rccrrf: 0.000000000 0.523600484 0.476399516
T:/rcrccr: 0.000000000 0.286040911 0.713959089
T:/rcrcfr: 0.000000000 0.523811513 0.476188487
T:/rcrcrc: 0.000000000 0.179541277 0.820458723
T:/rcrcrf: 0.000000000 0.208240724 0.791759276
T:/rcrfcr: 0.000000000 0.307442715 0.692557285
T:/rcrffr: 0.000000000 0.103853589 0.896146411
T:/rcrfrc: 0.000000000 0.717628298 0.282371702
T:/rcrfrf: 0.000000000 0.156440542 0.843559458
T:/rcrrcc: 0.000000000 0.539084330 0.460915670
T:/rcrrcf: 0.000000000 0.955566316 0.044433684
T:/rcrrfc: 0.000000000 0.654232065 0.345767935
T:/rcrrff: 0.000000000 0.306867789 0.693132211
T:/rf: 0.000908105 0.000000000 0.999091895
T:/rfcrc: 0.000652161 0.000000000 0.999347839
T:/rfcrf: 1.000000000 0.000000000 0.000000000
T:/rfcrr: 0.000000000 0.000757032 0.999242968
T:/rfrcr: 0.000000000 0.386573459 0.613426541
T:/rfrfr: 0.000000000 0.574663335 0.425336665
T:/rfrrc: 0.000000000 0.000041332 0.999958668
T:/rfrrf: 0.000000000 0.262112985 0.737887015
T:/rr: 0.000000000 0.000000000 1.000000000
T:/rrccrc: 0.000000000 0.301497010 0.698502990
T:/rrccrf: 0.000000000 0.885581018 0.114418982
T:/rrcfrc: 0.000000000 0.000073504 0.999926496
T:/rrcfrf: 0.000000000 0.755155957 0.244844043
T:/rrcrcc: 0.000000000 0.104584454 0.895415546
T:/rrcrcf: 0.000000000 0.000012842 0.999987158
T:/rrcrfc: 0.000000000 0.209134797 0.790865203
T:/rrcrff: 0.000000000 0.326884567 0.673115433
