A:/ccc: 0.961101267 0.038898733 0.000000000
A:/cccrccr: 0.873149196 0.116518816 0.010331988
A:/cccrccrccrc: 0.000000000 0.768206781 0.231793219
A:/cccrccrccrf: 0.000000000 0.186277703 0.813722297
A:/cccrccrcfrc: 0.000000000 0.100610335 0.899389665
A:/cccrccrcfrf: 0.000000000 0.789030540 0.210969460
A:/cccrccrcrcc: 0.000000000 0.702976672 0.297023328
A:/cccrccrcrcf: 0.000000000 0.991227199 0.008772801
A:/cccrccrcrfc: 0.000000000 0.137150923 0.862849077
A:/cccrccrcrff: 0.000000000 0.723656212 0.276343788
A:/cccrcfr: 0.509375496 0.366350614 0.124273891
A:/cccrcfrcrc: 0.000000000 0.507238332 0.492761668
A:/cccrcfrcrf: 0.000000000 0.276115257 0.723884743
A:/cccrcrc: 0.510109006 0.192258834 0.297632160
A:/cccrcrccrcc: 0.000000000 0.565096632 0.434903368
A:/cccrcrccrcf: 0.000000000 0.593227381 0.406772619
A:/cccrcrccrfc: 0.000000000 0.372714834 0.627285166
A:/cccrcrccrff: 0.000000000 0.707544101 0.292455899
A:/cccrcrf: 0.579809471 0.140328592 0.279861938
A:/cccrcrfcrc: 0.000000000 0.846079305 0.153920695
A:/cccrcrfcrf: 0.000000000 0.086464373 0.913535627
A:/cccrcrr: 0.000000000 0.523158157 0.476841843
A:/cccrfcr: 0.121031525 0.878874285 0.000094190
A:/cccrfcrcrc: 0.000000000 0.063706118 0.936293882
A:/cccrfcrcrf: 0.000000000 0.434118429 0.565881571
A:/cccrffr: 0.274533137 0.419748166 0.305718697
A:/cccrfrc: 0.424569294 0.435033503 0.140397204
A:/cccrfrf: 0.378961839 0.332681228 0.288356934
A:/cccrfrr: 0.000000000 0.707452560 0.292547440
A:/cccrrcc: 0.272532118 0.374390605 0.353077277
A:/cccrrcf: 0.537500199 0.462459618 0.000040183
A:/cccrrcr: 0.000000000 0.713578295 0.286421705
A:/cccrrfc: 0.504974833 0.247389189 0.247635978
A:/cccrrff: 0.682942469 0.316890646 0.000166884
A:/cccrrfr: 0.000000000 0.606439296 0.393560704
A:/cccrrrc: 0.000000000 0.480363911 0.519636089
A:/cccrrrf: 0.000000000 0.764030917 0.235969083
A:/ccr: 0.510109871 0.489890129 0.000000000
A:/ccrccrc: 0.498352100 0.476002612 0.025645288
A:/ccrccrccrcc: 0.000000000 0.507814292 0.492185708
A:/ccrccrccrcf: 0.000000000 0.582968995 0.417031005
A:/ccrccrccrfc: 0.000000000 0.923945607 0.076054393
A:/ccrccrccrff: 0.000000000 0.165723060 0.834276940
A:/ccrccrf: 0.586767621 0.388930069 0.024302311
A:/ccrccrfcrc: 0.000000000 0.449110392 0.550889608
A:/ccrccrfcrf: 0.000000000 0.567908652 0.432091348
A:/ccrccrr: 0.000000000 0.316597317 0.683402683
A:/ccrcfrc: 0.508076686 0.127942193 0.363981121
A:/ccrcfrf: 0.396389157 0.245546233 0.358064611
A:/ccrcfrr: 0.000000000 0.635335002 0.364664998
A:/ccrcrcc: 0.623680168 0.376319832 0.000000000
A:/ccrcrcf: 0.226527909 0.761557346 0.011914745
A:/ccrcrcr: 0.000000000 0.968518158 0.031481842
A:/ccrcrfc: 0.457761527 0.116735429 0.425503044
A:/ccrcrff: 0.038418715 0.736124403 0.225456882
A:/ccrcrfr: 0.000000000 0.352122061 0.647877939
A:/ccrcrrc: 0.000000000 0.771389251 0.228610749
A:/ccrcrrf: 0.000000000 0.441687412 0.558312588
A:/ccrrccr: 0.000000000 0.770040474 0.229959526
A:/ccrrcfr: 0.000000000 0.819048757 0.180951243
A:/ccrrcrc: 0.000000000 0.709890194 0.290109806
A:/ccrrcrf: 0.000000000 0.999998124 0.000001876
A:/ccrrfcr: 0.000000000 0.613482098 0.386517902
A:/ccrrffr: 0.000000000 0.427476322 0.572523678
A:/ccrrfrc: 0.000000000 0.685186243 0.314813757
A:/ccrrfrf: 0.000000000 0.623206637 0.376793363
A:/ccrrrcc: 0.000000000 0.862171432 0.137828568
A:/ccrrrcf: 0.000000000 1.000000000 0.000000000
A:/ccrrrfc: 0.000000000 0.701904206 0.298095794
A:/ccrrrff: 0.000000000 0.783370705 0.216629295
A:/crc: 0.442284007 0.242557958 0.315158035
A:/crccrcc: 0.274399647 0.368634871 0.356965482
A:/crccrcf: 0.395350586 0.603400017 0.001249397
A:/crccrcr: 0.000000000 0.436266371 0.563733629
A:/crccrfc: 0.368661958 0.356590913 0.274747129
A:/crccrff: 0.280594111 0.255516787 0.463889103
A:/crccrfr: 0.000000000 0.721646674 0.278353326
A:/crccrrc: 0.000000000 0.212960770 0.787039230
A:/crccrrf: 0.000000000 0.383049576 0.616950424
A:/crcrccr: 0.000000000 0.422612773 0.577387227
A:/crcrcfr: 0.000000000 0.879035207 0.120964793
A:/crcrcrc: 0.000000000 0.616059949 0.383940051
A:/crcrcrf: 0.000000000 0.624412938 0.375587062
A:/crcrfcr: 0.000000000 0.133455246 0.866544754
A:/crcrffr: 0.000000000 0.483515480 0.516484520
A:/crcrfrc: 0.000000000 0.561573662 0.438426338
A:/crcrfrf: 0.000000000 0.776186422 0.223813578
A:/crcrrcc: 0.000000000 0.847049376 0.152950624
A:/crcrrcf: 0.000000000 0.847365031 0.152634969
A:/crcrrfc: 0.000000000 0.535860860 0.464139140
A:/crcrrff: 0.000000000 0.778758926 0.221241074
A:/crf: 0.526179441 0.473429503 0.000391056
A:/crfcrc: 0.362145472 0.383429413 0.254425115
A:/crfcrf: 0.217204380 0.773614994 0.009180626
A:/crfcrr: 0.000000000 0.487100222 0.512899778
A:/crfrcr: 0.000000000 0.945014094 0.054985906
A:/crfrfr: 0.000000000 0.272232395 0.727767605
A:/crfrrc: 0.000000000 0.786895098 0.213104902
A:/crfrrf: 0.000000000 0.789549150 0.210450850
A:/crr: 0.698145367 0.301853266 0.000001367
A:/crrccrc: 0.000000000 0.582371473 0.417628527
A:/crrccrf: 0.000000000 0.457381773 0.542618227
A:/crrcfrc: 0.000000000 0.064067721 0.935932279
A:/crrcfrf: 0.000000000 0.501438269 0.498561731
A:/crrcrcc: 0.000000000 0.662347701 0.337652299
A:/crrcrcf: 0.000000000 0.067511461 0.932488539
A:/crrcrfc: 0.000000000 0.449069093 0.550930907
A:/crrcrff: 0.000000000 0.076203286 0.923796714
A:/rcc: 0.128063063 0.444554393 0.427382544
A:/rccrccr: 0.000000000 0.458092432 0.541907568
A:/rccrcfr: 0.000000000 0.231059978 0.768940022
A:/rccrcrc: 0.000000000 0.526965364 0.473034636
A:/rccrcrf: 0.000000000 0.177767303 0.822232697
A:/rccrfcr: 0.000000000 0.315596953 0.684403047
A:/rccrffr: 0.000000000 0.734431999 0.265568001
A:/rccrfrc: 0.000000000 0.193500609 0.806499391
A:/rccrfrf: 0.000000000 0.512016540 0.487983460
A:/rccrrcc: 0.000000000 0.684905444 0.315094556
A:/rccrrcf: 0.000000000 0.055555536 0.944444464
A:/rccrrfc: 0.000000000 0.708621410 0.291378590
A:/rccrrff: 0.000000000 0.000000283 0.999999717
A:/rcf: 0.009124650 0.914590046 0.076285304
A:/rcfrcr: 0.000000000 0.576978420 0.423021580
A:/rcfrfr: 0.000000000 0.751075519 0.248924481
A:/rcfrrc: 0.000000000 0.444267143 0.555732857
A:/rcfrrf: 0.000000000 0.605298735 0.394701265
A:/rcr: 0.616342753 0.112425763 0.271231485
A:/rcrccrc: 0.000000000 0.446542181 0.553457819
A:/rcrccrf: 0.000000000 0.279879285 0.720120715
A:/rcrcfrc: 0.000000000 0.420853736 0.579146264
A:/rcrcfrf: 0.000000000 0.637958469 0.362041531
A:/rcrcrcc: 0.000000000 0.890064514 0.109935486
A:/rcrcrcf: 0.000000000 0.793975845 0.206024155
A:/rcrcrfc: 0.000000000 0.334291432 0.665708568
A:/rcrcrff: 0.000000000 0.594286335 0.405713665
A:/rfc: 0.863067845 0.136855085 0.000077070
A:/rfcrcr: 0.000000000 0.873449224 0.126550776
A:/rfcrfr: 0.000000000 0.999999681 0.000000319
A:/rfcrrc: 0.000000000 0.834582704 0.165417296
A:/rfcrrf: 0.000000000 0.999093006 0.000906994
A:/rff: 1.000000000 0.000000000 0.000000000
A:/rffrr: 0.000000000 0.944638745 0.055361255
A:/rfr: 0.395726747 0.563534009 0.040739244
A:/rfrcrc: 0.000000000 0.858453780 0.141546220
A:/rfrcrf: 0.000000000 0.754962302 0.245037698
A:/rrc: 0.902076174 0.097923826 0.000000000
A:/rrccrcc: 0.000000000 0.705337512 0.294662488
A:/rrccrcf: 0.000000000 0.903414656 0.096585344
A:/rrccrfc: 0.000000000 0.473566109 0.526433891
A:/rrccrff: 0.000000000 0.576713574 0.423286426
A:/rrf: 0.234411373 0.631673822 0.133914805
A:/rrfcrc: 0.000000000 0.584656806 0.415343194
A:/rrfcrf: 0.000000000 0.891180792 0.108819208
A:/rrr: 0.000000000 0.658026201 0.341973799
J:/ccc: 0.008375989 0.991624011 0.000000000
J:/cccrccr: 0.481473409 0.208523627 0.310002964
J:/cccrccrccrc: 0.000000000 0.164650131 0.835349869
J:/cccrccrccrf: 0.000000000 0.336978900 0.663021100
J:/cccrccrcfrc: 0.000000000 0.507711481 0.492288519
J:/cccrccrcfrf: 0.000000000 0.431357214 0.568642786
J:/cccrccrcrcc: 0.000000000 0.585685591 0.414314409
J:/cccrccrcrcf: 0.000000000 0.368786469 0.631213531
J:/cccrccrcrfc: 0.000000000 0.982019030 0.017980970
J:/cccrccrcrff: 0.000000000 0.355907034 0.644092966
J:/cccrcfr: 0.188011067 0.303019088 0.508969845
J:/cccrcfrcrc: 0.000000000 0.179845014 0.820154986
J:/cccrcfrcrf: 0.000000000 0.445589497 0.554410503
J:/cccrcrc: 0.322858878 0.611789987 0.065351135
J:/cccrcrccrcc: 0.000000000 0.415577278 0.584422722
J:/cccrcrccrcf: 0.000000000 0.880530676 0.119469324
J:/cccrcrccrfc: 0.000000000 0.906214343 0.093785657
J:/cccrcrccrff: 0.000000000 0.384765869 0.615234131
J:/cccrcrf: 0.481617152 0.455478345 0.062904503
J:/cccrcrfcrc: 0.000000000 0.532262120 0.467737880
J:/cccrcrfcrf: 0.000000000 0.520800621 0.479199379
J:/cccrcrr: 0.000000000 0.463178734 0.536821266
J:/cccrfcr: 0.127374506 0.408816341 0.463809152
J:/cccrfcrcrc: 0.000000000 0.284187194 0.715812806
J:/cccrfcrcrf: 0.000000000 0.662517637 0.337482363
J:/cccrffr: 0.079237538 0.492629367 0.428133095
J:/cccrfrc: 0.123387011 0.509648627 0.366964362
J:/cccrfrf: 0.428122269 0.263845143 0.308032589
J:/cccrfrr: 0.000000000 0.316815710 0.683184290
J:/cccrrcc: 0.371306208 0.131024080 0.497669712
J:/cccrrcf: 0.313590682 0.363006036 0.323403282
J:/cccrrcr: 0.000000000 0.789176653 0.210823347
J:/cccrrfc: 0.252493401 0.678522437 0.068984161
J:/cccrrff: 0.160435032 0.585300938 0.254264031
J:/cccrrfr: 0.000000000 0.842807224 0.157192776
J:/cccrrrc: 0.000000000 0.268223775 0.731776225
J:/cccrrrf: 0.000000000 0.569417387 0.430582613
J:/ccr: 0.585287083 0.000000000 0.414712917
J:/ccrccrc: 0.419205643 0.147686401 0.433107956
J:/ccrccrccrcc: 0.000000000 0.552124063 0.447875937
J:/ccrccrccrcf: 0.000000000 0.671685909 0.328314091
J:/ccrccrccrfc: 0.000000000 0.480730016 0.519269984
J:/ccrccrccrff: 0.000000000 0.771796389 0.228203611
J:/ccrccrf: 0.100305457 0.687988683 0.211705860
J:/ccrccrfcrc: 0.000000000 0.741198579 0.258801421
J:/ccrccrfcrf: 0.000000000 0.741877283 0.258122717
J:/ccrccrr: 0.000000000 0.363458791 0.636541209
J:/ccrcfrc: 0.214923843 0.189584425 0.595491732
J:/ccrcfrf: 0.184954362 0.285412808 0.529632830
J:/ccrcfrr: 0.000000000 0.302346828 0.697653172
J:/ccrcrcc: 0.202284917 0.345687632 0.452027451
J:/ccrcrcf: 0.444258029 0.432072335 0.123669636
J:/ccrcrcr: 0.000000000 0.664721064 0.335278936
J:/ccrcrfc: 0.209333116 0.347158236 0.443508648
J:/ccrcrff: 0.047222682 0.174702020 0.778075298
J:/ccrcrfr: 0.000000000 0.159096475 0.840903525
J:/ccrcrrc: 0.000000000 0.114209530 0.885790470
J:/ccrcrrf: 0.000000000 0.561577520 0.438422480
J:/ccrrccr: 0.000000000 0.678942064 0.321057936
J:/ccrrcfr: 0.000000000 0.402450790 0.597549210
J:/ccrrcrc: 0.000000000 0.738091453 0.261908547
J:/ccrrcrf: 0.000000000 0.972257520 0.027742480
J:/ccrrfcr: 0.000000000 0.715446760 0.284553240
J:/ccrrffr: 0.000000000 0.502876086 0.497123914
J:/ccrrfrc: 0.000000000 0.681766945 0.318233055
J:/ccrrfrf: 0.000000000 0.746019806 0.253980194
J:/ccrrrcc: 0.000000000 0.422478393 0.577521607
J:/ccrrrcf: 0.000000000 0.061181991 0.938818009
J:/ccrrrfc: 0.000000000 0.528688306 0.471311694
J:/ccrrrff: 0.000000000 0.898432874 0.101567126
J:/crc: 0.001544383 0.000000008 0.998455609
J:/crccrcc: 0.261054704 0.233816695 0.505128601
J:/crccrcf: 0.454165298 0.140211618 0.405623084
J:/crccrcr: 0.000000000 0.409035081 0.590964919
J:/crccrfc: 0.366453062 0.221173649 0.412373290
J:/crccrff: 0.145437563 0.484826791 0.369735645
J:/crccrfr: 0.000000000 0.512489438 0.487510562
J:/crccrrc: 0.000000000 0.480149605 0.519850395
J:/crccrrf: 0.000000000 0.935798442 0.064201558
J:/crcrccr: 0.000000000 0.929581542 0.070418458
J:/crcrcfr: 0.000000000 0.844192400 0.155807600
J:/crcrcrc: 0.000000000 0.256455329 0.743544671
J:/crcrcrf: 0.000000000 0.898021917 0.101978083
J:/crcrfcr: 0.000000000 0.769548571 0.230451429
J:/crcrffr: 0.000000000 0.652489727 0.347510273
J:/crcrfrc: 0.000000000 0.513581933 0.486418067
J:/crcrfrf: 0.000000000 0.473350927 0.526649073
J:/crcrrcc: 0.000000000 0.589328676 0.410671324
J:/crcrrcf: 0.000000000 0.782168738 0.217831262
J:/crcrrfc: 0.000000000 0.546286110 0.453713890
J:/crcrrff: 0.000000000 0.271916624 0.728083376
J:/crf: 0.093503741 0.462285154 0.444211105
J:/crfcrc: 0.440934469 0.077265221 0.481800310
J:/crfcrf: 0.501421222 0.397274940 0.101303838
J:/crfcrr: 0.000000000 0.590785684 0.409214316
J:/crfrcr: 0.000000000 0.558268815 0.441731185
J:/crfrfr: 0.000000000 0.162241140 0.837758860
J:/crfrrc: 0.000000000 0.628443172 0.371556828
J:/crfrrf: 0.000000000 0.659542337 0.340457663
J:/crr: 0.458551108 0.071402939 0.470045952
J:/crrccrc: 0.000000000 0.790429942 0.209570058
J:/crrccrf: 0.000000000 0.704447047 0.295552953
J:/crrcfrc: 0.000000000 0.623462641 0.376537359
J:/crrcfrf: 0.000000000 0.739941863 0.260058137
J:/crrcrcc: 0.000000000 0.276786494 0.723213506
J:/crrcrcf: 0.000000000 0.587667016 0.412332984
J:/crrcrfc: 0.000000000 0.524833792 0.475166208
J:/crrcrff: 0.000000000 0.689197094 0.310802906
J:/rcc: 0.150699483 0.674415526 0.174884991
J:/rccrccr: 0.000000000 0.790993357 0.209006643
J:/rccrcfr: 0.000000000 0.767888993 0.232111007
J:/rccrcrc: 0.000000000 0.621114406 0.378885594
J:/rccrcrf: 0.000000000 0.517765876 0.482234124
J:/rccrfcr: 0.000000000 0.044599706 0.955400294
J:/rccrffr: 0.000000000 0.008051775 0.991948225
J:/rccrfrc: 0.000000000 0.878355011 0.121644989
J:/rccrfrf: 0.000000000 0.812160987 0.187839013
J:/rccrrcc: 0.000000000 0.556702907 0.443297093
J:/rccrrcf: 0.000000000 0.652156648 0.347843352
J:/rccrrfc: 0.000000000 0.704916466 0.295083534
J:/rccrrff: 0.000000000 0.747469509 0.252530491
J:/rcf: 0.000835962 0.477124189 0.522039849
J:/rcfrcr: 0.000000000 0.641328407 0.358671593
J:/rcfrfr: 0.000000000 0.436074696 0.563925304
J:/rcfrrc: 0.000000000 0.638628863 0.361371137
J:/rcfrrf: 0.000000000 0.421775622 0.578224378
J:/rcr: 0.104089262 0.574419878 0.321490860
J:/rcrccrc: 0.000000000 0.711827035 0.288172965
J:/rcrccrf: 0.000000000 0.084037631 0.915962369
J:/rcrcfrc: 0.000000000 0.469529521 0.530470479
J:/rcrcfrf: 0.000000000 0.329029643 0.670970357
J:/rcrcrcc: 0.000000000 0.477116566 0.522883434
J:/rcrcrcf: 0.000000000 0.162389470 0.837610530
J:/rcrcrfc: 0.000000000 0.508882470 0.491117530
J:/rcrcrff: 0.000000000 0.563709354 0.436290646
J:/rfc: 0.000179625 0.000000000 0.999820375
J:/rfcrcr: 0.000000000 0.094383894 0.905616106
J:/rfcrfr: 0.000000000 0.000000000 1.000000000
J:/rfcrrc: 0.000000000 0.000008000 0.999992000
J:/rfcrrf: 0.000000000 0.053805069 0.946194931
J:/rff: 0.181329534 0.039688264 0.778982202
J:/rffrr: 0.000000000 0.000000000 1.000000000
J:/rfr: 0.000000000 0.000000000 1.000000000
J:/rfrcrc: 0.000000000 0.000000000 1.000000000
J:/rfrcrf: 0.000000000 0.933455431 0.066544569
J:/rrc: 0.000000038 0.173820564 0.826179398
J:/rrccrcc: 0.000000000 0.827678525 0.172321475
J:/rrccrcf: 0.000000000 0.888282386 0.111717614
J:/rrccrfc: 0.000000000 0.544736976 0.455263024
J:/rrccrff: 0.000000000 0.351119870 0.648880130
J:/rrf: 0.000072733 0.000084195 0.999843072
J:/rrfcrc: 0.000000000 0.493215292 0.506784708
J:/rrfcrf: 0.000000000 0.000000000 1.000000000
J:/rrr: 0.000000000 0.000000000 1.000000000
K:/ccc: 0.237475742 0.762524258 0.000000000
K:/cccrccr: 0.301122622 0.207495307 0.491382070
K:/cccrccrccrc: 0.000000000 0.591086400 0.408913600
K:/cccrccrccrf: 0.000000000 0.647351152 0.352648848
K:/cccrccrcfrc: 0.000000000 0.463850500 0.536149500
K:/cccrccrcfrf: 0.000000000 0.239424441 0.760575559
K:/cccrccrcrcc: 0.000000000 0.123696872 0.876303128
K:/cccrccrcrcf: 0.000000000 0.445918674 0.554081326
K:/cccrccrcrfc: 0.000000000 0.112231560 0.887768440
K:/cccrccrcrff: 0.000000000 0.333907055 0.666092945
K:/cccrcfr: 0.426356485 0.207547046 0.366096470
K:/cccrcfrcrc: 0.000000000 0.262040078 0.737959922
K:/cccrcfrcrf: 0.000000000 0.241484866 0.758515134
K:/cccrcrc: 0.032692037 0.142157520 0.825150443
K:/cccrcrccrcc: 0.000000000 0.469393314 0.530606686
K:/cccrcrccrcf: 0.000000000 0.737977157 0.262022843
K:/cccrcrccrfc: 0.000000000 0.467817305 0.532182695
K:/cccrcrccrff: 0.000000000 0.957770778 0.042229222
K:/cccrcrf: 0.418257826 0.173938742 0.407803432
K:/cccrcrfcrc: 0.000000000 0.537834921 0.462165079
K:/cccrcrfcrf: 0.000000000 0.652880899 0.347119101
K:/cccrcrr: 0.000000000 0.059955082 0.940044918
K:/cccrfcr: 0.442310614 0.557673422 0.000015964
K:/cccrfcrcrc: 0.000000000 0.510945762 0.489054238
K:/cccrfcrcrf: 0.000000000 0.790935160 0.209064840
K:/cccrffr: 0.221968270 0.328443852 0.449587878
K:/cccrfrc: 0.287364389 0.288523595 0.424112015
K:/cccrfrf: 0.232131219 0.604509815 0.163358966
K:/cccrfrr: 0.000000000 0.399934092 0.600065908
K:/cccrrcc: 0.451692709 0.503323768 0.044983523
K:/cccrrcf: 0.086849790 0.055905848 0.857244361
K:/cccrrcr: 0.000000000 0.713229240 0.286770760
K:/cccrrfc: 0.210736013 0.359831435 0.429432553
K:/cccrrff: 0.095999564 0.473286559 0.430713877
K:/cccrrfr: 0.000000000 0.394443674 0.605556326
K:/cccrrrc: 0.000000000 0.375539933 0.624460067
K:/cccrrrf: 0.000000000 0.345936067 0.654063933
K:/ccr: 0.361001252 0.418531517 0.220467231
K:/ccrccrc: 0.288080738 0.403262133 0.308657129
K:/ccrccrccrcc: 0.000000000 0.603139054 0.396860946
K:/ccrccrccrcf: 0.000000000 0.403006679 0.596993321
K:/ccrccrccrfc: 0.000000000 0.481162093 0.518837907
K:/ccrccrccrff: 0.000000000 0.494746074 0.505253926
K:/ccrccrf: 0.148308149 0.394107562 0.457584288
K:/ccrccrfcrc: 0.000000000 0.250165473 0.749834527
K:/ccrccrfcrf: 0.000000000 0.053975606 0.946024394
K:/ccrccrr: 0.000000000 0.798348723 0.201651277
K:/ccrcfrc: 0.459113890 0.248779344 0.292106766
K:/ccrcfrf: 0.125153191 0.601943040 0.272903769
K:/ccrcfrr: 0.000000000 0.623078270 0.376921730
K:/ccrcrcc: 0.408483984 0.132073408 0.459442608
K:/ccrcrcf: 0.340603210 0.412662611 0.246734179
K:/ccrcrcr: 0.000000000 0.872813383 0.127186617
K:/ccrcrfc: 0.356318596 0.390244604 0.253436800
K:/ccrcrff: 0.328076951 0.099186970 0.572736079
K:/ccrcrfr: 0.000000000 0.759867225 0.240132775
K:/ccrcrrc: 0.000000000 0.311450408 0.688549592
K:/ccrcrrf: 0.000000000 0.723566714 0.276433286
K:/ccrrccr: 0.000000000 0.667783716 0.332216284
K:/ccrrcfr: 0.000000000 0.509559147 0.490440853
K:/ccrrcrc: 0.000000000 0.473193834 0.526806166
K:/ccrrcrf: 0.000000000 0.146262401 0.853737599
K:/ccrrfcr: 0.000000000 0.093022635 0.906977365
K:/ccrrffr: 0.000000000 0.338713121 0.661286879
K:/ccrrfrc: 0.000000000 0.612193974 0.387806026
K:/ccrrfrf: 0.000000000 0.408653933 0.591346067
K:/ccrrrcc: 0.000000000 0.172071157 0.827928843
K:/ccrrrcf: 0.000000000 0.569438930 0.430561070
K:/ccrrrfc: 0.000000000 0.474913010 0.525086990
K:/ccrrrff: 0.000000000 0.615094071 0.384905929
K:/crc: 0.014003929 0.709355980 0.276640091
K:/crccrcc: 0.399431388 0.583265858 0.017302754
K:/crccrcf: 0.198894688 0.180912458 0.620192854
K:/crccrcr: 0.000000000 0.699805029 0.300194971
K:/crccrfc: 0.557759330 0.205892053 0.236348617
K:/crccrff: 0.323814337 0.073511262 0.602674401
K:/crccrfr: 0.000000000 0.686104131 0.313895869
K:/crccrrc: 0.000000000 0.765396110 0.234603890
K:/crccrrf: 0.000000000 0.647027872 0.352972128
K:/crcrccr: 0.000000000 0.395702535 0.604297465
K:/crcrcfr: 0.000000000 0.738310747 0.261689253
K:/crcrcrc: 0.000000000 0.630444897 0.369555103
K:/crcrcrf: 0.000000000 0.256488751 0.743511249
K:/crcrfcr: 0.000000000 0.925774653 0.074225347
K:/crcrffr: 0.000000000 0.312881653 0.687118347
K:/crcrfrc: 0.000000000 0.499214575 0.500785425
K:/crcrfrf: 0.000000000 0.627223313 0.372776687
K:/crcrrcc: 0.000000000 0.771810536 0.228189464
K:/crcrrcf: 0.000000000 0.549194280 0.450805720
K:/crcrrfc: 0.000000000 0.535103853 0.464896147
K:/crcrrff: 0.000000000 0.035636492 0.964363508
K:/crf: 0.726750457 0.263551993 0.009697550
K:/crfcrc: 0.338394544 0.437364939 0.224240517
K:/crfcrf: 0.037068573 0.617635822 0.345295605
K:/crfcrr: 0.000000000 0.426528658 0.573471342
K:/crfrcr: 0.000000000 0.372315176 0.627684824
K:/crfrfr: 0.000000000 0.398223279 0.601776721
K:/crfrrc: 0.000000000 0.555861494 0.444138506
K:/crfrrf: 0.000000000 0.536875984 0.463124016
K:/crr: 0.417837112 0.393872204 0.188290684
K:/crrccrc: 0.000000000 0.257640985 0.742359015
K:/crrccrf: 0.000000000 0.442822226 0.557177774
K:/crrcfrc: 0.000000000 0.712250638 0.287749362
K:/crrcfrf: 0.000000000 0.769609608 0.230390392
K:/crrcrcc: 0.000000000 0.219286788 0.780713212
K:/crrcrcf: 0.000000000 0.645196739 0.354803261
K:/crrcrfc: 0.000000000 0.413173803 0.586826197
K:/crrcrff: 0.000000000 0.303567800 0.696432200
K:/rcc: 0.194582275 0.183449973 0.621967752
K:/rccrccr: 0.000000000 0.888850761 0.111149239
K:/rccrcfr: 0.000000000 0.123664949 0.876335051
K:/rccrcrc: 0.000000000 0.029152525 0.970847475
K:/rccrcrf: 0.000000000 0.867103587 0.132896413
K:/rccrfcr: 0.000000000 0.282008312 0.717991688
K:/rccrffr: 0.000000000 0.952998327 0.047001673
K:/rccrfrc: 0.000000000 0.740033248 0.259966752
K:/rccrfrf: 0.000000000 0.594715486 0.405284514
K:/rccrrcc: 0.000000000 0.346200679 0.653799321
K:/rccrrcf: 0.000000000 0.635990801 0.364009199
K:/rccrrfc: 0.000000000 0.745105425 0.254894575
K:/rccrrff: 0.000000000 0.103842374 0.896157626
K:/rcf: 0.000026518 0.431465980 0.568507502
K:/rcfrcr: 0.000000000 0.190512196 0.809487804
K:/rcfrfr: 0.000000000 0.561276988 0.438723012
K:/rcfrrc: 0.000000000 0.872905614 0.127094386
K:/rcfrrf: 0.000000000 0.301791344 0.698208656
K:/rcr: 0.202126627 0.531418706 0.266454667
K:/rcrccrc: 0.000000000 0.399993666 0.600006334
K:/rcrccrf: 0.000000000 0.213541761 0.786458239
K:/rcrcfrc: 0.000000000 0.402358667 0.597641333
K:/rcrcfrf: 0.000000000 0.564279557 0.435720443
K:/rcrcrcc: 0.000000000 0.528267114 0.471732886
K:/rcrcrcf: 0.000000000 0.164740157 0.835259843
K:/rcrcrfc: 0.000000000 0.404143256 0.595856744
K:/rcrcrff: 0.000000000 0.461499831 0.538500169
K:/rfc: 0.000238810 0.000000000 0.999761190
K:/rfcrcr: 0.000000000 0.000067905 0.999932095
K:/rfcrfr: 0.000000000 0.000000000 1.000000000
K:/rfcrrc: 0.000000000 0.305269650 0.694730350
K:/rfcrrf: 0.000000000 0.028749395 0.971250605
K:/rff: 0.000000000 1.000000000 0.000000000
K:/rffrr: 0.000000000 0.000000000 1.000000000
K:/rfr: 0.000029819 0.000000000 0.999970181
K:/rfrcrc: 0.000000000 0.000000000 1.000000000
K:/rfrcrf: 0.000000000 0.999974816 0.000025184
K:/rrc: 0.415694085 0.470045837 0.114260078
K:/rrccrcc: 0.000000000 0.479123015 0.520876985
K:/rrccrcf: 0.000000000 0.783833584 0.216166416
K:/rrccrfc: 0.000000000 0.571551767 0.428448233
K:/rrccrff: 0.000000000 0.475028210 0.524971790
K:/rrf: 0.283351482 0.154456463 0.562192056
K:/rrfcrc: 0.000000000 0.558755700 0.441244300
K:/rrfcrf: 0.000000000 0.499171831 0.500828169
K:/rrr: 0.000000000 0.583356028 0.416643972
Q:/ccc: 0.106286113 0.893713887 0.000000000
Q:/cccrccr: 0.440363016 0.208881723 0.350755261
Q:/cccrccrccrc: 0.000000000 0.555338311 0.444661689
Q:/cccrccrccrf: 0.000000000 0.525499969 0.474500031
Q:/cccrccrcfrc: 0.000000000 0.689613739 0.310386261
Q:/cccrccrcfrf: 0.000000000 0.262733593 0.737266407
Q:/cccrccrcrcc: 0.000000000 0.432070779 0.567929221
Q:/cccrccrcrcf: 0.000000000 0.274860903 0.725139097
Q:/cccrccrcrfc: 0.000000000 0.226108127 0.773891873
Q:/cccrccrcrff: 0.000000000 0.833882117 0.166117883
Q:/cccrcfr: 0.502702996 0.337514943 0.159782061
Q:/cccrcfrcrc: 0.000000000 0.047946091 0.952053909
Q:/cccrcfrcrf: 0.000000000 0.301701805 0.698298195
Q:/cccrcrc: 0.297404076 0.442027423 0.260568501
Q:/cccrcrccrcc: 0.000000000 0.509635820 0.490364180
Q:/cccrcrccrcf: 0.000000000 0.533598112 0.466401888
Q:/cccrcrccrfc: 0.000000000 0.371078129 0.628921871
Q:/cccrcrccrff: 0.000000000 0.216931445 0.783068555
Q:/cccrcrf: 0.285782738 0.382788640 0.331428622
Q:/cccrcrfcrc: 0.000000000 0.129594011 0.870405989
Q:/cccrcrfcrf: 0.000000000 0.318736614 0.681263386
Q:/cccrcrr: 0.000000000 0.849256091 0.150743909
Q:/cccrfcr: 0.063042644 0.477491536 0.459465820
Q:/cccrfcrcrc: 0.000000000 0.657772547 0.342227453
Q:/cccrfcrcrf: 0.000000000 0.516550236 0.483449764
Q:/cccrffr: 0.471374799 0.381551391 0.147073811
Q:/cccrfrc: 0.571440435 0.077407965 0.351151600
Q:/cccrfrf: 0.394772913 0.064900600 0.540326487
Q:/cccrfrr: 0.000000000 0.391364179 0.608635821
Q:/cccrrcc: 0.000000000 0.412104232 0.587895768
Q:/cccrrcf: 0.133032247 0.426387493 0.440580260
Q:/cccrrcr: 0.000000000 0.268960581 0.731039419
Q:/cccrrfc: 0.242786065 0.162174536 0.595039399
Q:/cccrrff: 0.240552871 0.184147927 0.575299202
Q:/cccrrfr: 0.000000000 0.404015528 0.595984472
Q:/cccrrrc: 0.000000000 0.192398085 0.807601915
Q:/cccrrrf: 0.000000000 0.000000000 1.000000000
Q:/ccr: 0.054133007 0.396125429 0.549741564
Q:/ccrccrc: 0.310573776 0.561083590 0.128342633
Q:/ccrccrccrcc: 0.000000000 0.216772713 0.783227287
Q:/ccrccrccrcf: 0.000000000 0.380730157 0.619269843
Q:/ccrccrccrfc: 0.000000000 0.601439152 0.398560848
Q:/ccrccrccrff: 0.000000000 0.510237633 0.489762367
Q:/ccrccrf: 0.254182785 0.530416417 0.215400798
Q:/ccrccrfcrc: 0.000000000 0.664649909 0.335350091
Q:/ccrccrfcrf: 0.000000000 0.110856510 0.889143490
Q:/ccrccrr: 0.000000000 0.403929020 0.596070980
Q:/ccrcfrc: 0.308696568 0.514618359 0.176685073
Q:/ccrcfrf: 0.178589557 0.125768499 0.695641944
Q:/ccrcfrr: 0.000000000 0.504954623 0.495045377
Q:/ccrcrcc: 0.031537487 0.454697917 0.513764596
Q:/ccrcrcf: 0.352707473 0.283595901 0.363696626
Q:/ccrcrcr: 0.000000000 0.551542077 0.448457923
Q:/ccrcrfc: 0.051598218 0.025994686 0.922407096
Q:/ccrcrff: 0.154707036 0.519563875 0.325729089
Q:/ccrcrfr: 0.000000000 0.639098288 0.360901712
Q:/ccrcrrc: 0.000000000 0.504355744 0.495644256
Q:/ccrcrrf: 0.000000000 0.502943177 0.497056823
Q:/ccrrccr: 0.000000000 0.796936191 0.203063809
Q:/ccrrcfr: 0.000000000 0.686415074 0.313584926
Q:/ccrrcrc: 0.000000000 0.337533066 0.662466934
Q:/ccrrcrf: 0.000000000 0.177359098 0.822640902
Q:/ccrrfcr: 0.000000000 0.600184575 0.399815425
Q:/ccrrffr: 0.000000000 0.718584437 0.281415563
Q:/ccrrfrc: 0.000000000 0.689109460 0.310890540
Q:/ccrrfrf: 0.000000000 0.104451744 0.895548256
Q:/ccrrrcc: 0.000000000 0.681351143 0.318648857
Q:/ccrrrcf: 0.000000000 0.186807096 0.813192904
Q:/ccrrrfc: 0.000000000 0.889082577 0.110917423
Q:/ccrrrff: 0.000000000 0.590583060 0.409416940
Q:/crc: 0.062723016 0.297639622 0.639637363
Q:/crccrcc: 0.397873952 0.467744526 0.134381521
Q:/crccrcf: 0.381531898 0.161179582 0.457288520
Q:/crccrcr: 0.000000000 0.460837456 0.539162544
Q:/crccrfc: 0.458338413 0.272230778 0.269430809
Q:/crccrff: 0.273108107 0.587986767 0.138905126
Q:/crccrfr: 0.000000000 0.503913618 0.496086382
Q:/crccrrc: 0.000000000 0.734925709 0.265074291
Q:/crccrrf: 0.000000000 0.573049701 0.426950299
Q:/crcrccr: 0.000000000 0.035474543 0.964525457
Q:/crcrcfr: 0.000000000 0.389979428 0.610020572
Q:/crcrcrc: 0.000000000 0.412827114 0.587172886
Q:/crcrcrf: 0.000000000 0.756408576 0.243591424
Q:/crcrfcr: 0.000000000 0.826645430 0.173354570
Q:/crcrffr: 0.000000000 0.356348834 0.643651166
Q:/crcrfrc: 0.000000000 0.589488109 0.410511891
Q:/crcrfrf: 0.000000000 0.905138451 0.094861549
Q:/crcrrcc: 0.000000000 0.882147398 0.117852602
Q:/crcrrcf: 0.000000000 0.512917654 0.487082346
Q:/crcrrfc: 0.000000000 0.309151882 0.690848118
Q:/crcrrff: 0.000000000 0.471093050 0.528906950
Q:/crf: 0.191878927 0.167874748 0.640246326
Q:/crfcrc: 0.140321942 0.542438105 0.317239953
Q:/crfcrf: 0.437536166 0.380538993 0.181924841
Q:/crfcrr: 0.000000000 0.872670664 0.127329336
Q:/crfrcr: 0.000000000 0.043665972 0.956334028
Q:/crfrfr: 0.000000000 0.157726399 0.842273601
Q:/crfrrc: 0.000000000 0.513190681 0.486809319
Q:/crfrrf: 0.000000000 0.462955804 0.537044196
Q:/crr: 0.589991703 0.400279580 0.009728717
Q:/crrccrc: 0.000000000 0.780147193 0.219852807
Q:/crrccrf: 0.000000000 0.340894224 0.659105776
Q:/crrcfrc: 0.000000000 0.522909684 0.477090316
Q:/crrcfrf: 0.000000000 0.501072835 0.498927165
Q:/crrcrcc: 0.000000000 0.792619464 0.207380536
Q:/crrcrcf: 0.000000000 0.183025171 0.816974829
Q:/crrcrfc: 0.000000000 0.038138732 0.961861268
Q:/crrcrff: 0.000000000 0.581068214 0.418931786
Q:/rcc: 0.004035725 0.995964275 0.000000000
Q:/rccrccr: 0.000000000 0.393925986 0.606074014
Q:/rccrcfr: 0.000000000 0.749659098 0.250340902
Q:/rccrcrc: 0.000000000 0.510481106 0.489518894
Q:/rccrcrf: 0.000000000 0.450837559 0.549162441
Q:/rccrfcr: 0.000000000 0.769924345 0.230075655
Q:/rccrffr: 0.000000000 0.446304150 0.553695850
Q:/rccrfrc: 0.000000000 0.458631166 0.541368834
Q:/rccrfrf: 0.000000000 0.284366411 0.715633589
Q:/rccrrcc: 0.000000000 0.390160868 0.609839132
Q:/rccrrcf: 0.000000000 0.200679977 0.799320023
Q:/rccrrfc: 0.000000000 0.345569852 0.654430148
Q:/rccrrff: 0.000000000 0.548579484 0.451420516
Q:/rcf: 0.000553975 0.343850714 0.655595311
Q:/rcfrcr: 0.000000000 0.215691196 0.784308804
Q:/rcfrfr: 0.000000000 0.574663335 0.425336665
Q:/rcfrrc: 0.000000000 0.391590917 0.608409083
Q:/rcfrrf: 0.000000000 0.426661027 0.573338973
Q:/rcr: 0.427787174 0.570119173 0.002093653
Q:/rcrccrc: 0.000000000 0.449641843 0.550358157
Q:/rcrccrf: 0.000000000 0.346767392 0.653232608
Q:/rcrcfrc: 0.000000000 0.020077565 0.979922435
Q:/rcrcfrf: 0.000000000 0.523792332 0.476207668
Q:/rcrcrcc: 0.000000000 0.364526919 0.635473081
Q:/rcrcrcf: 0.000000000 0.529613690 0.470386310
Q:/rcrcrfc: 0.000000000 0.766383666 0.233616334
Q:/rcrcrff: 0.000000000 0.433882206 0.566117794
Q:/rfc: 0.000172105 0.000000000 0.999827895
Q:/rfcrcr: 0.000000000 0.000033956 0.999966044
Q:/rfcrfr: 0.000000000 0.000000000 1.000000000
Q:/rfcrrc: 0.000000000 0.101236724 0.898763276
Q:/rfcrrf: 0.000000000 0.302456581 0.697543419
Q:/rff: 0.000000000 1.000000000 0.000000000
Q:/rffrr: 0.000000000 0.000000000 1.000000000
Q:/rfr: 0.000000000 0.000000000 1.000000000
Q:/rfrcrc: 0.000000000 0.000000000 1.000000000
Q:/rfrcrf: 0.000000000 0.818407468 0.181592532
Q:/rrc: 0.000000720 0.236781738 0.763217542
Q:/rrccrcc: 0.000000000 0.020931776 0.979068224
Q:/rrccrcf: 0.000000000 0.474139280 0.525860720
Q:/rrccrfc: 0.000000000 0.490920267 0.509079733
Q:/rrccrff: 0.000000000 0.550570480 0.449429520
Q:/rrf: 0.000083040 0.000063291 0.999853669
Q:/rrfcrc: 0.000000000 0.014320623 0.985679377
Q:/rrfcrf: 0.000000000 0.216430653 0.783569347
Q:/rrr: 0.000000000 0.000000000 1.000000000
T:/ccc: 0.000002774 0.999997226 0.000000000
T:/cccrccr: 0.342941696 0.040598812 0.616459491
T:/cccrccrccrc: 0.000000000 0.718737247 0.281262753
T:/cccrccrccrf: 0.000000000 0.861802093 0.138197907
T:/cccrccrcfrc: 0.000000000 0.663721226 0.336278774
T:/cccrccrcfrf: 0.000000000 0.459463231 0.540536769
T:/cccrccrcrcc: 0.000000000 0.708992735 0.291007265
T:/cccrccrcrcf: 0.000000000 0.494644661 0.505355339
T:/cccrccrcrfc: 0.000000000 0.800036360 0.199963640
T:/cccrccrcrff: 0.000000000 0.408698566 0.591301434
T:/cccrcfr: 0.356823872 0.351970614 0.291205514
T:/cccrcfrcrc: 0.000000000 0.701238817 0.298761183
T:/cccrcfrcrf: 0.000000000 0.450125910 0.549874090
T:/cccrcrc: 0.420122553 0.293397716 0.286479731
T:/cccrcrccrcc: 0.000000000 0.262263828 0.737736172
T:/cccrcrccrcf: 0.000000000 0.496992234 0.503007766
T:/cccrcrccrfc: 0.000000000 0.710209389 0.289790611
T:/cccrcrccrff: 0.000000000 0.150334911 0.849665089
T:/cccrcrf: 0.385596564 0.104120233 0.510283202
T:/cccrcrfcrc: 0.000000000 0.070957906 0.929042094
T:/cccrcrfcrf: 0.000000000 0.950965684 0.049034316
T:/cccrcrr: 0.000000000 0.625151878 0.374848122
T:/cccrfcr: 0.285156069 0.333963018 0.380880913
T:/cccrfcrcrc: 0.000000000 0.874643472 0.125356528
T:/cccrfcrcrf: 0.000000000 0.177084867 0.822915133
T:/cccrffr: 0.277089978 0.278975443 0.443934579
T:/cccrfrc: 0.232407955 0.473682755 0.293909290
T:/cccrfrf: 0.349913511 0.285130569 0.364955920
T:/cccrfrr: 0.000000000 0.502154067 0.497845933
T:/cccrrcc: 0.034765250 0.870021019 0.095213730
T:/cccrrcf: 0.321198972 0.500782905 0.178018123
T:/cccrrcr: 0.000000000 0.349753380 0.650246620
T:/cccrrfc: 0.358436390 0.445815756 0.195747854
T:/cccrrff: 0.440221194 0.000017127 0.559761679
T:/cccrrfr: 0.000000000 0.015201541 0.984798459
T:/cccrrrc: 0.000000000 0.267310826 0.732689174
T:/cccrrrf: 0.000000000 0.298196565 0.701803435
T:/ccr: 0.000000000 0.228970849 0.771029151
T:/ccrccrc: 0.434081746 0.112765466 0.453152788
T:/ccrccrccrcc: 0.000000000 0.495071427 0.504928573
T:/ccrccrccrcf: 0.000000000 0.494065915 0.505934085
T:/ccrccrccrfc: 0.000000000 0.419049962 0.580950038
T:/ccrccrccrff: 0.000000000 0.748176975 0.251823025
T:/ccrccrf: 0.611370202 0.231065424 0.157564375
T:/ccrccrfcrc: 0.000000000 0.266999943 0.733000057
T:/ccrccrfcrf: 0.000000000 0.412522938 0.587477062
T:/ccrccrr: 0.000000000 0.368021786 0.631978214
T:/ccrcfrc: 0.365490220 0.108247982 0.526261798
T:/ccrcfrf: 0.404185655 0.361522971 0.234291373
T:/ccrcfrr: 0.000000000 0.273666432 0.726333568
T:/ccrcrcc: 0.158221089 0.653218709 0.188560203
T:/ccrcrcf: 0.298027235 0.336389945 0.365582820
T:/ccrcrcr: 0.000000000 0.733201241 0.266798759
T:/ccrcrfc: 0.049790163 0.554588351 0.395621487
T:/ccrcrff: 0.539677612 0.095006406 0.365315982
T:/ccrcrfr: 0.000000000 0.403022574 0.596977426
T:/ccrcrrc: 0.000000000 0.769888859 0.230111141
T:/ccrcrrf: 0.000000000 0.737679143 0.262320857
T:/ccrrccr: 0.000000000 0.548646605 0.451353395
T:/ccrrcfr: 0.000000000 0.351865102 0.648134898
T:/ccrrcrc: 0.000000000 0.124203650 0.875796350
T:/ccrrcrf: 0.000000000 0.427716432 0.572283568
T:/ccrrfcr: 0.000000000 0.568706050 0.431293950
T:/ccrrffr: 0.000000000 0.226757785 0.773242215
T:/ccrrfrc: 0.000000000 0.068291941 0.931708059
T:/ccrrfrf: 0.000000000 0.038072518 0.961927482
T:/ccrrrcc: 0.000000000 0.859858678 0.140141322
T:/ccrrrcf: 0.000000000 0.347432208 0.652567792
T:/ccrrrfc: 0.000000000 0.751333413 0.248666587
T:/ccrrrff: 0.000000000 0.175481547 0.824518453
T:/crc: 0.574988385 0.180511635 0.244499980
T:/crccrcc: 0.003937669 0.066427232 0.929635099
T:/crccrcf: 0.352928777 0.190052667 0.457018556
T:/crccrcr: 0.000000000 0.764008718 0.235991282
T:/crccrfc: 0.360267491 0.276313533 0.363418976
T:/crccrff: 0.629629869 0.135778800 0.234591331
T:/crccrfr: 0.000000000 0.988502530 0.011497470
T:/crccrrc: 0.000000000 0.675271532 0.324728468
T:/crccrrf: 0.000000000 0.006874792 0.993125208
T:/crcrccr: 0.000000000 0.375273766 0.624726234
T:/crcrcfr: 0.000000000 0.416370716 0.583629284
T:/crcrcrc: 0.000000000 0.906117199 0.093882801
T:/crcrcrf: 0.000000000 0.480906706 0.519093294
T:/crcrfcr: 0.000000000 0.742449492 0.257550508
T:/crcrffr: 0.000000000 0.785184558 0.214815442
T:/crcrfrc: 0.000000000 0.355096329 0.644903671
T:/crcrfrf: 0.000000000 0.171855322 0.828144678
T:/crcrrcc: 0.000000000 0.668330649 0.331669351
T:/crcrrcf: 0.000000000 0.892777779 0.107222221
T:/crcrrfc: 0.000000000 0.371388362 0.628611638
T:/crcrrff: 0.000000000 0.374607298 0.625392702
T:/crf: 0.002392075 0.589943087 0.407664837
T:/crfcrc: 0.259342051 0.460333616 0.280324333
T:/crfcrf: 0.483828505 0.406512430 0.109659064
T:/crfcrr: 0.000000000 0.597040061 0.402959939
T:/crfrcr: 0.000000000 0.621322245 0.378677755
T:/crfrfr: 0.000000000 0.629508021 0.370491979
T:/crfrrc: 0.000000000 0.000391034 0.999608966
T:/crfrrf: 0.000000000 0.470861396 0.529138604
T:/crr: 0.282233769 0.346114998 0.371651233
T:/crrccrc: 0.000000000 0.558188769 0.441811231
T:/crrccrf: 0.000000000 0.607891160 0.392108840
T:/crrcfrc: 0.000000000 0.403881185 0.596118815
T:/crrcfrf: 0.000000000 0.656518212 0.343481788
T:/crrcrcc: 0.000000000 0.826227153 0.173772847
T:/crrcrcf: 0.000000000 0.915998054 0.084001946
T:/crrcrfc: 0.000000000 0.555312951 0.444687049
T:/crrcrff: 0.000000000 0.457911091 0.542088909
T:/rcc: 0.220261275 0.624952269 0.154786457
T:/rccrccr: 0.000000000 0.782984332 0.217015668
T:/rccrcfr: 0.000000000 0.381778953 0.618221047
T:/rccrcrc: 0.000000000 0.434110356 0.565889644
T:/rccrcrf: 0.000000000 0.395611153 0.604388847
T:/rccrfcr: 0.000000000 0.362761214 0.637238786
T:/rccrffr: 0.000000000 0.224908153 0.775091847
T:/rccrfrc: 0.000000000 0.647268250 0.352731750
T:/rccrfrf: 0.000000000 0.579749313 0.420250687
T:/rccrrcc: 0.000000000 0.518269288 0.481730712
T:/rccrrcf: 0.000000000 0.626638321 0.373361679
T:/rccrrfc: 0.000000000 0.562570582 0.437429418
T:/rccrrff: 0.000000000 0.522181384 0.477818616
T:/rcf: 0.001061125 0.480822755 0.518116120
T:/rcfrcr: 0.000000000 0.450945809 0.549054191
T:/rcfrfr: 0.000000000 0.976197198 0.023802802
T:/rcfrrc: 0.000000000 0.425452236 0.574547764
T:/rcfrrf: 0.000000000 0.412161858 0.587838142
T:/rcr: 0.541766127 0.453374714 0.004859158
T:/rcrccrc: 0.000000000 0.697134043 0.302865957
T:/rcrccrf: 0.000000000 0.578703127 0.421296873
T:/rcrcfrc: 0.000000000 0.055966452 0.944033548
T:/rcrcfrf: 0.000000000 0.023090818 0.976909182
T:/rcrcrcc: 0.000000000 0.017817644 0.982182356
T:/rcrcrcf: 0.000000000 0.960475940 0.039524060
T:/rcrcrfc: 0.000000000 0.722376298 0.277623702
T:/rcrcrff: 0.000000000 0.793670966 0.206329034
T:/rfc: 0.000238676 0.000000000 0.999761324
T:/rfcrcr: 0.000000000 0.000041091 0.999958909
T:/rfcrfr: 0.000000000 0.000000000 1.000000000
T:/rfcrrc: 0.000000000 0.000007418 0.999992582
T:/rfcrrf: 0.000000000 0.439108632 0.560891368
T:/rff: 0.248185872 0.000000000 0.751814128
T:/rffrr: 0.000000000 0.000000000 1.000000000
T:/rfr: 0.000000000 0.000000000 1.000000000
T:/rfrcrc: 0.000000000 0.000000000 1.000000000
T:/rfrcrf: 0.000000000 0.942257047 0.057742953
T:/rrc: 0.000000000 0.000000000 1.000000000
T:/rrccrcc: 0.000000000 0.744304969 0.255695031
T:/rrccrcf: 0.000000000 0.656995000 0.343005000
T:/rrccrfc: 0.000000000 0.790380455 0.209619545
T:/rrccrff: 0.000000000 0.554878994 0.445121006
T:/rrf: 0.000079930 0.000065194 0.999854875
T:/rrfcrc: 0.000000000 0.030841440 0.969158560
T:/rrfcrf: 0.000000000 0.194576759 0.805423241
T:/rrr: 0.000000000 0.000000000 1.000000000
