A:/c: 0.728641268 0.271358732 0.000000000
A:/cccrc: 0.000000000 0.997636928 0.002363072
A:/cccrf: 0.000000000 1.000000000 0.000000000
A:/ccrcc: 0.000000000 0.726611685 0.273388315
A:/ccrcf: 0.000000000 0.409845050 0.590154950
A:/ccrfc: 0.000000000 0.999999400 0.000000600
A:/ccrff: 0.000000000 0.998396609 0.001603391
A:/r: 0.000000000 1.000000000 0.000000000
J:/c: 0.010600511 0.989399489 0.000000000
J:/cccrc: 0.000000000 0.159105130 0.840894870
J:/cccrf: 0.000000000 0.212930868 0.787069132
J:/ccrcc: 0.000000000 0.544848625 0.455151375
J:/ccrcf: 0.000000000 0.664560726 0.335439274
J:/ccrfc: 0.000000000 0.000000021 0.999999979
J:/ccrff: 0.000000000 0.000049745 0.999950255
J:/r: 0.000000000 0.000000000 1.000000000
K:/c: 0.069073002 0.930926998 0.000000000
K:/cccrc: 0.000000000 0.470604572 0.529395428
K:/cccrf: 0.000000000 0.092437705 0.907562295
K:/ccrcc: 0.000000000 0.338405764 0.661594236
K:/ccrcf: 0.000000000 0.463975465 0.536024535
K:/ccrfc: 0.000000000 0.322410189 0.677589811
K:/ccrff: 0.000000000 0.807357695 0.192642305
K:/r: 0.000000000 1.000000000 0.000000000
Q:/c: 0.250984885 0.749015115 0.000000000
Q:/cccrc: 0.000000000 0.673650116 0.326349884
Q:/cccrf: 0.000000000 0.158595037 0.841404963
Q:/ccrcc: 0.000000000 0.484414583 0.515585417
Q:/ccrcf: 0.000000000 0.379151500 0.620848500
Q:/ccrfc: 0.000000000 0.069014456 0.930985544
Q:/ccrff: 0.000000000 0.605875851 0.394124149
Q:/r: 0.000000000 0.000239118 0.999760882
T:/c: 0.000000951 0.999999049 0.000000000
T:/cccrc: 0.000000000 0.459874446 0.540125554
T:/cccrf: 0.000000000 0.685025286 0.314974714
T:/ccrcc: 0.000000000 0.424972340 0.575027660
T:/ccrcf: 0.000000000 0.506727794 0.493272206
T:/ccrfc: 0.000000000 0.084977951 0.915022049
T:/ccrff: 0.000000000 0.692784852 0.307215148
T:/r: 0.000000000 0.000000000 1.000000000
