A:/cc: 0.000555465 0.999444535 0.000000000
A:/cccrcc: 0.000000000 0.510326816 0.489673184
A:/cccrcf: 0.000000000 0.728628706 0.271371294
A:/cccrfc: 0.000000000 0.224084693 0.775915307
A:/cccrff: 0.000000000 0.076144602 0.923855398
A:/cr: 0.000000000 0.664049931 0.335950069
A:/rc: 0.000000000 1.000000000 0.000000000
A:/rf: 0.000000000 1.000000000 0.000000000
J:/cc: 0.304741529 0.695258471 0.000000000
J:/cccrcc: 0.000000000 0.235413123 0.764586877
J:/cccrcf: 0.000000000 0.650662906 0.349337094
J:/cccrfc: 0.000000000 0.737319798 0.262680202
J:/cccrff: 0.000000000 0.299127112 0.700872888
J:/cr: 0.000000000 0.455902138 0.544097862
J:/rc: 0.000000000 0.000000000 1.000000000
J:/rf: 0.000000000 0.000333653 0.999666347
K:/cc: 0.687338972 0.312661028 0.000000000
K:/cccrcc: 0.000000000 0.383186134 0.616813866
K:/cccrcf: 0.000000000 0.997390376 0.002609624
K:/cccrfc: 0.000000000 0.582298521 0.417701479
K:/cccrff: 0.000000000 0.723266232 0.276733768
K:/cr: 0.000000000 0.548041338 0.451958662
K:/rc: 0.000000000 0.000000000 1.000000000
K:/rf: 0.000000000 0.499863464 0.500136536
Q:/cc: 0.013886973 0.986113027 0.000000000
Q:/cccrcc: 0.000000000 0.078824968 0.921175032
Q:/cccrcf: 0.000000000 0.501820389 0.498179611
Q:/cccrfc: 0.000000000 0.594956186 0.405043814
Q:/cccrff: 0.000000000 0.156055129 0.843944871
Q:/cr: 0.000000000 0.647784531 0.352215469
Q:/rc: 0.000000000 0.000000000 1.000000000
Q:/rf: 0.000000000 0.599690283 0.400309717
T:/cc: 0.261744253 0.738255747 0.000000000
T:/cccrcc: 0.000000000 0.162869849 0.837130151
T:/cccrcf: 0.000000000 0.173646869 0.826353131
T:/cccrfc: 0.000000000 0.321845031 0.678154969
T:/cccrff: 0.000000000 0.308359058 0.691640942
T:/cr: 0.000000000 0.878623445 0.121376555
T:/rc: 0.000000000 0.000000000 1.000000000
T:/rf: 0.000000000 0.000333626 0.999666374
