A:/: 0.050759239 0.949240761 0.000000000
A:/cccr: 0.846555539 0.153444461 0.000000000
A:/cccrccrc: 0.000000000 0.428640642 0.571359358
A:/cccrccrf: 0.000000000 0.455859850 0.544140150
A:/cccrcfrc: 0.000000000 0.231054325 0.768945675
A:/cccrcfrf: 0.000000000 0.124325419 0.875674581
A:/cccrcrcc: 0.000000000 0.528478281 0.471521719
A:/cccrcrcf: 0.000000000 0.406056805 0.593943195
A:/cccrcrfc: 0.000000000 0.889400924 0.110599076
A:/cccrcrff: 0.000000000 1.000000000 0.000000000
A:/ccrc: 0.325311834 0.189645563 0.485042603
A:/ccrccrcc: 0.000000000 0.284807192 0.715192808
A:/ccrccrcf: 0.000000000 0.664997226 0.335002774
A:/ccrccrfc: 0.000000000 0.268893834 0.731106166
A:/ccrccrff: 0.000000000 0.676091034 0.323908966
A:/ccrf: 0.787736806 0.196826177 0.015437017
A:/ccrfcrc: 0.000000000 0.526156934 0.473843066
A:/ccrfcrf: 0.000000000 0.416685096 0.583314904
A:/ccrr: 0.000000000 0.563133337 0.436866663
A:/crcc: 0.061232288 0.545568638 0.393199074
A:/crcf: 0.528166716 0.220927165 0.250906119
A:/crcr: 0.000000000 0.564490591 0.435509409
A:/crfc: 0.481297235 0.460214277 0.058488488
A:/crff: 0.874008218 0.125991782 0.000000000
A:/crfr: 0.000000000 0.776718193 0.223281807
A:/crrc: 0.000000000 0.389506406 0.610493594
A:/crrf: 0.000000000 0.541910730 0.458089270
A:/rccr: 0.000000000 1.000000000 0.000000000
A:/rcfr: 0.000000000 1.000000000 0.000000000
A:/rcrc: 0.000000000 0.831555381 0.168444619
A:/rcrf: 0.000000000 0.616560600 0.383439400
A:/rfcr: 0.000000000 1.000000000 0.000000000
A:/rffr: 0.000000000 1.000000000 0.000000000
A:/rfrc: 0.000000000 1.000000000 0.000000000
A:/rfrf: 0.000000000 0.400528187 0.599471813
A:/rrcc: 0.000000000 0.667025226 0.332974774
A:/rrcf: 0.000000000 1.000000000 0.000000000
A:/rrfc: 0.000000000 1.000000000 0.000000000
A:/rrff: 0.000000000 1.000000000 0.000000000
J:/: 0.001035529 0.998964471 0.000000000
J:/cccr: 0.000000000 0.000000000 1.000000000
J:/cccrccrc: 0.000000000 0.117242362 0.882757638
J:/cccrccrf: 0.000000000 0.637079302 0.362920698
J:/cccrcfrc: 0.000000000 0.052098240 0.947901760
J:/cccrcfrf: 0.000000000 0.313098954 0.686901046
J:/cccrcrcc: 0.000000000 0.015207344 0.984792656
J:/cccrcrcf: 0.000000000 0.253314369 0.746685631
J:/cccrcrfc: 0.000000000 0.000000000 1.000000000
J:/cccrcrff: 0.000000000 0.673315911 0.326684089
J:/ccrc: 0.135888338 0.103526570 0.760585092
J:/ccrccrcc: 0.000000000 0.059020247 0.940979753
J:/ccrccrcf: 0.000000000 0.539308145 0.460691855
J:/ccrccrfc: 0.000000000 0.457417273 0.542582727
J:/ccrccrff: 0.000000000 0.424643184 0.575356816
J:/ccrf: 0.482097168 0.000816681 0.517086151
J:/ccrfcrc: 0.000000000 0.854815698 0.145184302
J:/ccrfcrf: 0.000000000 0.214059559 0.785940441
J:/ccrr: 0.000000000 0.040950881 0.959049119
J:/crcc: 0.104142963 0.168577109 0.727279928
J:/crcf: 0.250288327 0.395200681 0.354510992
J:/crcr: 0.000000000 0.323458301 0.676541699
J:/crfc: 0.000000000 0.000000000 1.000000000
J:/crff: 0.000000000 0.000000000 1.000000000
J:/crfr: 0.000000000 0.000000000 1.000000000
J:/crrc: 0.000000000 0.479854828 0.520145172
J:/crrf: 0.000000000 0.719542282 0.280457718
J:/rccr: 0.000000000 0.000000000 1.000000000
J:/rcfr: 0.000000000 0.000019325 0.999980675
J:/rcrc: 0.000000000 0.010961092 0.989038908
J:/rcrf: 0.000000000 0.130273266 0.869726734
J:/rfcr: 0.000000000 0.000000000 1.000000000
J:/rffr: 0.000000000 0.000000000 1.000000000
J:/rfrc: 0.000000000 0.000000000 1.000000000
J:/rfrf: 0.000000000 0.224771199 0.775228801
J:/rrcc: 0.000000000 0.303994100 0.696005900
J:/rrcf: 0.000000000 0.065489742 0.934510258
J:/rrfc: 0.000000000 0.000000000 1.000000000
J:/rrff: 0.000000000 0.310595038 0.689404962
K:/: 0.000275332 0.999724668 0.000000000
K:/cccr: 0.000000000 0.000546435 0.999453565
K:/cccrccrc: 0.000000000 0.284623030 0.715376970
K:/cccrccrf: 0.000000000 0.536790929 0.463209071
K:/cccrcfrc: 0.000000000 0.518006719 0.481993281
K:/cccrcfrf: 0.000000000 0.510234412 0.489765588
K:/cccrcrcc: 0.000000000 0.375526870 0.624473130
K:/cccrcrcf: 0.000000000 1.000000000 0.000000000
K:/cccrcrfc: 0.000000000 0.173899642 0.826100358
K:/cccrcrff: 0.000000000 1.000000000 0.000000000
K:/ccrc: 0.322797315 0.528504042 0.148698644
K:/ccrccrcc: 0.000000000 0.552442291 0.447557709
K:/ccrccrcf: 0.000000000 0.910749344 0.089250656
K:/ccrccrfc: 0.000000000 0.874438312 0.125561688
K:/ccrccrff: 0.000000000 0.543766546 0.456233454
K:/ccrf: 0.745242284 0.249637518 0.005120198
K:/ccrfcrc: 0.000000000 0.630389312 0.369610688
K:/ccrfcrf: 0.000000000 0.882629131 0.117370869
K:/ccrr: 0.000000000 0.476351604 0.523648396
K:/crcc: 0.409337368 0.041756714 0.548905918
K:/crcf: 0.207626086 0.303452020 0.488921894
K:/crcr: 0.000000000 0.650843739 0.349156261
K:/crfc: 0.000375000 0.000000000 0.999625000
K:/crff: 0.000000000 0.000000000 1.000000000
K:/crfr: 0.000000000 0.000083333 0.999916667
K:/crrc: 0.000000000 0.593687245 0.406312755
K:/crrf: 0.000000000 0.284271843 0.715728157
K:/rccr: 0.000000000 0.899096631 0.100903369
K:/rcfr: 0.000000000 1.000000000 0.000000000
K:/rcrc: 0.000000000 0.185951851 0.814048149
K:/rcrf: 0.000000000 0.129573375 0.870426625
K:/rfcr: 0.000000000 0.000000000 1.000000000
K:/rffr: 0.000000000 0.000000000 1.000000000
K:/rfrc: 0.000000000 0.000000000 1.000000000
K:/rfrf: 0.000000000 0.336382924 0.663617076
K:/rrcc: 0.000000000 0.750188243 0.249811757
K:/rrcf: 0.000000000 0.607905063 0.392094937
K:/rrfc: 0.000000000 0.614572071 0.385427929
K:/rrff: 0.000000000 0.453336626 0.546663374
Q:/: 0.001064801 0.998935199 0.000000000
Q:/cccr: 0.000000000 0.000000000 1.000000000
Q:/cccrccrc: 0.000000000 0.375519133 0.624480867
Q:/cccrccrf: 0.000000000 0.677635305 0.322364695
Q:/cccrcfrc: 0.000000000 0.512145758 0.487854242
Q:/cccrcfrf: 0.000000000 0.506405288 0.493594712
Q:/cccrcrcc: 0.000000000 0.057456243 0.942543757
Q:/cccrcrcf: 0.000000000 0.923522699 0.076477301
Q:/cccrcrfc: 0.000000000 0.000000000 1.000000000
Q:/cccrcrff: 0.000000000 1.000000000 0.000000000
Q:/ccrc: 0.165774683 0.373136828 0.461088489
Q:/ccrccrcc: 0.000000000 0.447782290 0.552217710
Q:/ccrccrcf: 0.000000000 0.283354954 0.716645046
Q:/ccrccrfc: 0.000000000 0.846976711 0.153023289
Q:/ccrccrff: 0.000000000 0.888464687 0.111535313
Q:/ccrf: 0.108002441 0.287363059 0.604634499
Q:/ccrfcrc: 0.000000000 0.613859271 0.386140729
Q:/ccrfcrf: 0.000000000 0.819804901 0.180195099
Q:/ccrr: 0.000000000 0.674279984 0.325720016
Q:/crcc: 0.237515938 0.465831407 0.296652655
Q:/crcf: 0.030182323 0.424888536 0.544929140
Q:/crcr: 0.000000000 0.444266940 0.555733060
Q:/crfc: 0.000000000 0.000000000 1.000000000
Q:/crff: 0.000000000 0.000000000 1.000000000
Q:/crfr: 0.000000000 0.000000000 1.000000000
Q:/crrc: 0.000000000 0.429202276 0.570797724
Q:/crrf: 0.000000000 0.512116219 0.487883781
Q:/rccr: 0.000000000 0.084438136 0.915561864
Q:/rcfr: 0.000000000 0.440007740 0.559992260
Q:/rcrc: 0.000000000 0.464410220 0.535589780
Q:/rcrf: 0.000000000 0.439418659 0.560581341
Q:/rfcr: 0.000000000 0.000000000 1.000000000
Q:/rffr: 0.000000000 0.000000000 1.000000000
Q:/rfrc: 0.000000000 0.000000000 1.000000000
Q:/rfrf: 0.000000000 0.271796476 0.728203524
Q:/rrcc: 0.000000000 0.326933327 0.673066673
Q:/rrcf: 0.000000000 0.494158406 0.505841594
Q:/rrfc: 0.000000000 0.580656292 0.419343708
Q:/rrff: 0.000000000 0.000000000 1.000000000
T:/: 0.001030287 0.998969713 0.000000000
T:/cccr: 0.000000000 0.000000000 1.000000000
T:/cccrccrc: 0.000000000 0.349849189 0.650150811
T:/cccrccrf: 0.000000000 0.977962771 0.022037229
T:/cccrcfrc: 0.000000000 0.706445428 0.293554572
T:/cccrcfrf: 0.000000000 0.851350416 0.148649584
T:/cccrcrcc: 0.000000000 0.091539474 0.908460526
T:/cccrcrcf: 0.000000000 0.251822075 0.748177925
T:/cccrcrfc: 0.000000000 0.023957472 0.976042528
T:/cccrcrff: 0.000000000 0.399641290 0.600358710
T:/ccrc: 0.636635155 0.024870954 0.338493891
T:/ccrccrcc: 0.000000000 0.640542750 0.359457250
T:/ccrccrcf: 0.000000000 0.235852043 0.764147957
T:/ccrccrfc: 0.000000000 0.774791994 0.225208006
T:/ccrccrff: 0.000000000 0.346691043 0.653308957
T:/ccrf: 0.236927952 0.209650509 0.553421539
T:/ccrfcrc: 0.000000000 0.383389204 0.616610796
T:/ccrfcrf: 0.000000000 0.020096119 0.979903881
T:/ccrr: 0.000000000 0.391844688 0.608155312
T:/crcc: 0.172126517 0.554042528 0.273830955
T:/crcf: 0.000000000 0.412048645 0.587951355
T:/crcr: 0.000000000 0.506853116 0.493146884
T:/crfc: 0.000000000 0.000000000 1.000000000
T:/crff: 0.000000000 0.000000000 1.000000000
T:/crfr: 0.000000000 0.000000000 1.000000000
T:/crrc: 0.000000000 0.953305068 0.046694932
T:/crrf: 0.000000000 0.555598642 0.444401358
T:/rccr: 0.000000000 0.000000000 1.000000000
T:/rcfr: 0.000000000 0.000000000 1.000000000
T:/rcrc: 0.000000000 0.041736894 0.958263106
T:/rcrf: 0.000000000 0.565159214 0.434840786
T:/rfcr: 0.000000000 0.000000000 1.000000000
T:/rffr: 0.000000000 0.000000000 1.000000000
T:/rfrc: 0.000000000 0.000000000 1.000000000
T:/rfrf: 0.000000000 0.242710504 0.757289496
T:/rrcc: 0.000000000 0.084858682 0.915141318
T:/rrcf: 0.000000000 0.319976821 0.680023179
T:/rrfc: 0.000000000 0.000000000 1.000000000
T:/rrff: 0.000000000 0.018841797 0.981158203
