A:/cc: 0.139329048 0.860670952 0.000000000
A:/cccrcc: 0.283580074 0.449178518 0.267241408
A:/cccrcf: 0.508051682 0.412872146 0.079076171
A:/cccrcr: 0.000000000 0.867135453 0.132864547
A:/cccrfc: 0.727606310 0.272393690 0.000000000
A:/cccrff: 0.603822721 0.396177279 0.000000000
A:/cccrfr: 0.000000000 0.909163101 0.090836899
A:/cccrrc: 0.000000000 0.606478805 0.393521195
A:/cccrrf: 0.000000000 0.658848422 0.341151578
A:/ccrccr: 0.000000000 0.850304571 0.149695429
A:/ccrcfr: 0.000000000 1.000000000 0.000000000
A:/ccrcrc: 0.000000000 0.875018249 0.124981751
A:/ccrcrf: 0.000000000 1.000000000 0.000000000
A:/ccrfcr: 0.000000000 1.000000000 0.000000000
A:/ccrffr: 0.000000000 0.961805003 0.038194997
A:/ccrfrc: 0.000000000 1.000000000 0.000000000
A:/ccrfrf: 0.000000000 0.383638386 0.616361614
A:/ccrrcc: 0.000000000 0.986616481 0.013383519
A:/ccrrcf: 0.000000000 0.845268657 0.154731343
A:/ccrrfc: 0.000000000 0.813458506 0.186541494
A:/ccrrff: 0.000000000 1.000000000 0.000000000
A:/cr: 0.669602397 0.330397603 0.000000000
A:/crccrc: 0.000000000 0.679876556 0.320123444
A:/crccrf: 0.000000000 0.401052831 0.598947169
A:/crcfrc: 0.000000000 0.713662681 0.286337319
A:/crcfrf: 0.000000000 0.755046605 0.244953395
A:/crcrcc: 0.000000000 0.921583084 0.078416916
A:/crcrcf: 0.000000000 0.685864359 0.314135641
A:/crcrfc: 0.000000000 0.990833078 0.009166922
A:/crcrff: 0.000000000 0.840056550 0.159943450
A:/rc: 0.575191938 0.096874917 0.327933145
A:/rccrcc: 0.000000000 0.620947130 0.379052870
A:/rccrcf: 0.000000000 0.254745630 0.745254370
A:/rccrfc: 0.000000000 0.578178302 0.421821698
A:/rccrff: 0.000000000 0.669055116 0.330944884
A:/rf: 0.579545720 0.243385501 0.177068779
A:/rfcrc: 0.000000000 0.690146182 0.309853818
A:/rfcrf: 0.000000000 0.576062665 0.423937335
A:/rr: 0.000000000 0.550791218 0.449208782
J:/cc: 0.000540292 0.999459708 0.000000000
J:/cccrcc: 0.362993964 0.094743379 0.542262657
J:/cccrcf: 0.000000091 0.526946398 0.473053511
J:/cccrcr: 0.000000000 0.263261383 0.736738617
J:/cccrfc: 0.000187369 0.000000000 0.999812631
J:/cccrff: 0.000000000 0.000000000 1.000000000
J:/cccrfr: 0.000000000 0.000000000 1.000000000
J:/cccrrc: 0.000000000 0.518798300 0.481201700
J:/cccrrf: 0.000000000 0.605414775 0.394585225
J:/ccrccr: 0.000000000 0.467530104 0.532469896
J:/ccrcfr: 0.000000000 0.000023541 0.999976459
J:/ccrcrc: 0.000000000 0.000000000 1.000000000
J:/ccrcrf: 0.000000000 0.000000000 1.000000000
J:/ccrfcr: 0.000000000 0.000000000 1.000000000
J:/ccrffr: 0.000000000 0.000000000 1.000000000
J:/ccrfrc: 0.000000000 0.000000000 1.000000000
J:/ccrfrf: 0.000000000 0.585257912 0.414742088
J:/ccrrcc: 0.000000000 0.000000000 1.000000000
J:/ccrrcf: 0.000000000 0.032633797 0.967366203
J:/ccrrfc: 0.000000000 0.252875682 0.747124318
J:/ccrrff: 0.000000000 0.153532996 0.846467004
J:/cr: 0.000000000 0.000000000 1.000000000
J:/crccrc: 0.000000000 0.553823603 0.446176397
J:/crccrf: 0.000000000 0.997837914 0.002162086
J:/crcfrc: 0.000000000 0.343597058 0.656402942
J:/crcfrf: 0.000000000 0.431568653 0.568431347
J:/crcrcc: 0.000000000 0.000000000 1.000000000
J:/crcrcf: 0.000000000 0.389826560 0.610173440
J:/crcrfc: 0.000000000 0.443878680 0.556121320
J:/crcrff: 0.000000000 0.315190610 0.684809390
J:/rc: 0.000000000 0.247323153 0.752676847
J:/rccrcc: 0.000000000 0.689506459 0.310493541
J:/rccrcf: 0.000000000 0.777313661 0.222686339
J:/rccrfc: 0.000000000 0.563763462 0.436236538
J:/rccrff: 0.000000000 0.621994775 0.378005225
J:/rf: 0.356853394 0.422232337 0.220914269
J:/rfcrc: 0.000000000 0.402228613 0.597771387
J:/rfcrf: 0.000000000 0.453700681 0.546299319
J:/rr: 0.000000000 0.645296543 0.354703457
K:/cc: 0.000000000 1.000000000 0.000000000
K:/cccrcc: 0.040281698 0.585375173 0.374343129
K:/cccrcf: 0.160552822 0.781550852 0.057896325
K:/cccrcr: 0.000000000 0.667967974 0.332032026
K:/cccrfc: 0.000562424 0.000000000 0.999437576
K:/cccrff: 0.000000000 0.000000000 1.000000000
K:/cccrfr: 0.000000000 0.159755345 0.840244655
K:/cccrrc: 0.000000000 0.341310430 0.658689570
K:/cccrrf: 0.000000000 0.386540661 0.613459339
K:/ccrccr: 0.000000000 0.000029303 0.999970697
K:/ccrcfr: 0.000000000 0.653826681 0.346173319
K:/ccrcrc: 0.000000000 0.314451899 0.685548101
K:/ccrcrf: 0.000000000 0.417643395 0.582356605
K:/ccrfcr: 0.000000000 0.129699675 0.870300325
K:/ccrffr: 0.000000000 0.000000000 1.000000000
K:/ccrfrc: 0.000000000 0.000000000 1.000000000
K:/ccrfrf: 0.000000000 0.856136857 0.143863143
K:/ccrrcc: 0.000000000 0.000000000 1.000000000
K:/ccrrcf: 0.000000000 0.673861921 0.326138079
K:/ccrrfc: 0.000000000 0.442543905 0.557456095
K:/ccrrff: 0.000000000 0.439242676 0.560757324
K:/cr: 0.000000000 0.000000000 1.000000000
K:/crccrc: 0.000000000 0.343063599 0.656936401
K:/crccrf: 0.000000000 0.785071968 0.214928032
K:/crcfrc: 0.000000000 0.471964409 0.528035591
K:/crcfrf: 0.000000000 0.346958113 0.653041887
K:/crcrcc: 0.000000000 0.771005928 0.228994072
K:/crcrcf: 0.000000000 0.688717743 0.311282257
K:/crcrfc: 0.000000000 0.320546296 0.679453704
K:/crcrff: 0.000000000 1.000000000 0.000000000
K:/rc: 0.145584376 0.418403574 0.436012050
K:/rccrcc: 0.000000000 0.231941079 0.768058921
K:/rccrcf: 0.000000000 0.297761667 0.702238333
K:/rccrfc: 0.000000000 0.864110404 0.135889596
K:/rccrff: 0.000000000 0.757194215 0.242805785
K:/rf: 0.347422995 0.291488079 0.361088926
K:/rfcrc: 0.000000000 0.563577327 0.436422673
K:/rfcrf: 0.000000000 0.534770546 0.465229454
K:/rr: 0.000000000 0.364326169 0.635673831
Q:/cc: 0.000546859 0.999453141 0.000000000
Q:/cccrcc: 0.151968309 0.471359124 0.376672567
Q:/cccrcf: 0.000000091 0.251419196 0.748580713
Q:/cccrcr: 0.000000000 0.302834710 0.697165290
Q:/cccrfc: 0.000374802 0.000000000 0.999625198
Q:/cccrff: 0.000000000 0.000000000 1.000000000
Q:/cccrfr: 0.000000000 0.000000000 1.000000000
Q:/cccrrc: 0.000000000 0.741169066 0.258830934
Q:/cccrrf: 0.000000000 0.168084716 0.831915284
Q:/ccrccr: 0.000000000 0.152108837 0.847891163
Q:/ccrcfr: 0.000000000 0.000105239 0.999894761
Q:/ccrcrc: 0.000000000 0.016417728 0.983582272
Q:/ccrcrf: 0.000000000 0.000000000 1.000000000
Q:/ccrfcr: 0.000000000 0.000000000 1.000000000
Q:/ccrffr: 0.000000000 0.000000000 1.000000000
Q:/ccrfrc: 0.000000000 0.000000000 1.000000000
Q:/ccrfrf: 0.000000000 0.450299789 0.549700211
Q:/ccrrcc: 0.000000000 0.436205932 0.563794068
Q:/ccrrcf: 0.000000000 0.592698764 0.407301236
Q:/ccrrfc: 0.000000000 0.000000000 1.000000000
Q:/ccrrff: 0.000000000 0.000000000 1.000000000
Q:/cr: 0.000000000 0.000000000 1.000000000
Q:/crccrc: 0.000000000 0.288706576 0.711293424
Q:/crccrf: 0.000000000 0.065079033 0.934920967
Q:/crcfrc: 0.000000000 0.434500145 0.565499855
Q:/crcfrf: 0.000000000 0.899518847 0.100481153
Q:/crcrcc: 0.000000000 0.519304151 0.480695849
Q:/crcrcf: 0.000000000 0.887155758 0.112844242
Q:/crcrfc: 0.000000000 0.232096138 0.767903862
Q:/crcrff: 0.000000000 0.557817014 0.442182986
Q:/rc: 0.294159682 0.521510909 0.184329410
Q:/rccrcc: 0.000000000 0.622232149 0.377767851
Q:/rccrcf: 0.000000000 0.961038407 0.038961593
Q:/rccrfc: 0.000000000 0.581892497 0.418107503
Q:/rccrff: 0.000000000 0.715634832 0.284365168
Q:/rf: 0.305799408 0.135554821 0.558645771
Q:/rfcrc: 0.000000000 0.708684300 0.291315700
Q:/rfcrf: 0.000000000 0.699263759 0.300736241
Q:/rr: 0.000000000 0.000000000 1.000000000
T:/cc: 0.000477042 0.999522958 0.000000000
T:/cccrcc: 0.001522029 0.495755738 0.502722233
T:/cccrcf: 0.000000091 0.411953566 0.588046343
T:/cccrcr: 0.000000000 0.422074075 0.577925925
T:/cccrfc: 0.000000000 0.000000000 1.000000000
T:/cccrff: 0.000000000 0.000000000 1.000000000
T:/cccrfr: 0.000000000 0.000000000 1.000000000
T:/cccrrc: 0.000000000 0.370938859 0.629061141
T:/cccrrf: 0.000000000 0.484236356 0.515763644
T:/ccrccr: 0.000000000 0.000000000 1.000000000
T:/ccrcfr: 0.000000000 0.000000000 1.000000000
T:/ccrcrc: 0.000000000 0.146503918 0.853496082
T:/ccrcrf: 0.000000000 0.148826476 0.851173524
T:/ccrfcr: 0.000000000 0.250057434 0.749942566
T:/ccrffr: 0.000000000 0.000000000 1.000000000
T:/ccrfrc: 0.000000000 0.000000000 1.000000000
T:/ccrfrf: 0.000000000 0.617210424 0.382789576
T:/ccrrcc: 0.000000000 0.775148342 0.224851658
T:/ccrrcf: 0.000000000 0.396686748 0.603313252
T:/ccrrfc: 0.000000000 0.000000000 1.000000000
T:/ccrrff: 0.000000000 0.118526476 0.881473524
T:/cr: 0.000000000 0.000000000 1.000000000
T:/crccrc: 0.000000000 0.459266082 0.540733918
T:/crccrf: 0.000000000 0.532292484 0.467707516
T:/crcfrc: 0.000000000 0.252192162 0.747807838
T:/crcfrf: 0.000000000 0.375011312 0.624988688
T:/crcrcc: 0.000000000 0.320538938 0.679461062
T:/crcrcf: 0.000000000 0.321982379 0.678017621
T:/crcrfc: 0.000000000 0.255974159 0.744025841
T:/crcrff: 0.000000000 0.390765540 0.609234460
T:/rc: 0.219837730 0.352587322 0.427574948
T:/rccrcc: 0.000000000 0.828991733 0.171008267
T:/rccrcf: 0.000000000 0.767435315 0.232564685
T:/rccrfc: 0.000000000 0.140029435 0.859970565
T:/rccrff: 0.000000000 0.800850440 0.199149560
T:/rf: 0.285109751 0.326555276 0.388334973
T:/rfcrc: 0.000000000 0.378737065 0.621262935
T:/rfcrf: 0.000000000 0.080739316 0.919260684
T:/rr: 0.000000000 0.352908876 0.647091124
