A:/: 1.000000000 0.000000000 0.000000000
A:/ccr: 0.000000000 0.999853250 0.000146750
A:/crc: 0.000000000 1.000000000 0.000000000
A:/crf: 0.000000000 1.000000000 0.000000000
AJ:/ccc/: 0.861443392 0.138556608 0.000000000
AJ:/ccc/ccr: 0.000000000 0.795487049 0.204512951
AJ:/ccc/crc: 0.000000000 0.590466933 0.409533067
AJ:/ccc/crf: 0.000000000 0.717647468 0.282352532
AJ:/ccrcc/: 0.574366585 0.425633415 0.000000000
AJ:/ccrcc/ccr: 0.000000000 0.714102126 0.285897874
AJ:/ccrcc/crc: 0.000000000 0.631252524 0.368747476
AJ:/ccrcc/crf: 0.000000000 1.000000000 0.000000000
AJ:/ccrcf/: 0.731531804 0.268468196 0.000000000
AJ:/ccrcf/cr: 0.000000000 0.486777034 0.513222966
AJ:/crcc/: 0.000293764 0.999706236 0.000000000
AJ:/crcc/ccr: 0.000000000 0.999574803 0.000425197
AJ:/crcc/crc: 0.000000000 1.000000000 0.000000000
AJ:/crcc/crf: 0.000000000 1.000000000 0.000000000
AJ:/crfc/: 0.783912715 0.216087285 0.000000000
AJ:/crfc/cr: 0.000000000 1.000000000 0.000000000
AJ:/rcc/: 0.649292265 0.350707735 0.000000000
AJ:/rcc/ccr: 0.000000000 0.348798722 0.651201278
AJ:/rcc/crc: 0.000000000 0.291779057 0.708220943
AJ:/rcc/crf: 0.000000000 0.276979468 0.723020532
AJ:/rcf/: 0.819227370 0.180772630 0.000000000
AJ:/rcf/cr: 0.000000000 0.938513504 0.061486496
AJ:/rfc/: 0.100672475 0.899327525 0.000000000
AJ:/rfc/cr: 0.000000000 0.904673182 0.095326818
AK:/ccc/: 0.377744070 0.622255930 0.000000000
AK:/ccc/ccr: 0.000000000 0.999996213 0.000003787
AK:/ccc/crc: 0.000000000 0.939145131 0.060854869
AK:/ccc/crf: 0.000000000 1.000000000 0.000000000
AK:/ccrcc/: 0.870535443 0.129464557 0.000000000
AK:/ccrcc/ccr: 0.000000000 0.795817601 0.204182399
AK:/ccrcc/crc: 0.000000000 1.000000000 0.000000000
AK:/ccrcc/crf: 0.000000000 1.000000000 0.000000000
AK:/ccrcf/: 0.102137686 0.897862314 0.000000000
AK:/ccrcf/cr: 0.000000000 0.739909308 0.260090692
AK:/crcc/: 0.000000000 1.000000000 0.000000000
AK:/crcc/ccr: 0.000000000 1.000000000 0.000000000
AK:/crcc/crc: 0.000000000 1.000000000 0.000000000
AK:/crcc/crf: 0.000000000 1.000000000 0.000000000
AK:/crfc/: 0.425251972 0.574748028 0.000000000
AK:/crfc/cr: 0.000000000 1.000000000 0.000000000
AK:/rcc/: 1.000000000 0.000000000 0.000000000
AK:/rcc/ccr: 0.000000000 0.534398294 0.465601706
AK:/rcc/crc: 0.000000000 0.976654009 0.023345991
AK:/rcc/crf: 0.000000000 0.440907456 0.559092544
AK:/rcf/: 0.455454593 0.544545407 0.000000000
AK:/rcf/cr: 0.000000000 0.893706435 0.106293565
AK:/rfc/: 0.468969811 0.531030189 0.000000000
AK:/rfc/cr: 0.000000000 0.734121789 0.265878211
AQ:/ccc/: 0.451323845 0.548676155 0.000000000
AQ:/ccc/ccr: 0.000000000 0.345086232 0.654913768
AQ:/ccc/crc: 0.000000000 0.532145489 0.467854511
AQ:/ccc/crf: 0.000000000 0.912196190 0.087803810
AQ:/ccrcc/: 0.877612339 0.122387661 0.000000000
AQ:/ccrcc/ccr: 0.000000000 0.250599424 0.749400576
AQ:/ccrcc/crc: 0.000000000 0.779540772 0.220459228
AQ:/ccrcc/crf: 0.000000000 1.000000000 0.000000000
AQ:/ccrcf/: 0.694614303 0.305385697 0.000000000
AQ:/ccrcf/cr: 0.000000000 0.265611502 0.734388498
AQ:/crcc/: 0.988459078 0.011540922 0.000000000
AQ:/crcc/ccr: 0.000000000 1.000000000 0.000000000
AQ:/crcc/crc: 0.000000000 1.000000000 0.000000000
AQ:/crcc/crf: 0.000000000 1.000000000 0.000000000
AQ:/crfc/: 0.804430310 0.195569690 0.000000000
AQ:/crfc/cr: 0.000000000 1.000000000 0.000000000
AQ:/rcc/: 0.598127037 0.401872963 0.000000000
AQ:/rcc/ccr: 0.000000000 0.913483440 0.086516560
AQ:/rcc/crc: 0.000000000 0.660204838 0.339795162
AQ:/rcc/crf: 0.000000000 0.268342774 0.731657226
AQ:/rcf/: 0.725970433 0.274029567 0.000000000
AQ:/rcf/cr: 0.000000000 0.957211488 0.042788512
AQ:/rfc/: 0.966331005 0.033668995 0.000000000
AQ:/rfc/cr: 0.000000000 0.738708914 0.261291086
J:/: 0.000000000 1.000000000 0.000000000
J:/ccr: 0.000000000 0.000000000 1.000000000
J:/crc: 0.000000000 0.000000000 1.000000000
J:/crf: 0.000000000 1.000000000 0.000000000
JA:/ccc/: 0.544153576 0.455846424 0.000000000
JA:/ccc/ccr: 0.000000000 0.197800364 0.802199636
JA:/ccc/crc: 0.000000000 0.339992190 0.660007810
JA:/ccc/crf: 0.000000000 0.370599682 0.629400318
JA:/ccrcc/: 0.000000000 1.000000000 0.000000000
JA:/ccrcc/ccr: 0.000000000 0.299202751 0.700797249
JA:/ccrcc/crc: 0.000000000 0.772829574 0.227170426
JA:/ccrcc/crf: 0.000000000 0.496262764 0.503737236
JA:/ccrcf/: 0.551610412 0.448389588 0.000000000
JA:/ccrcf/cr: 0.000000000 0.223821070 0.776178930
JA:/crcc/: 0.764552402 0.235447598 0.000000000
JA:/crcc/ccr: 0.000000000 0.691702053 0.308297947
JA:/crcc/crc: 0.000000000 0.000000000 1.000000000
JA:/crcc/crf: 0.000000000 0.000000000 1.000000000
JA:/crfc/: 0.275341249 0.724658751 0.000000000
JA:/crfc/cr: 0.000000000 0.000000000 1.000000000
JA:/rcc/: 0.929521002 0.070478998 0.000000000
JA:/rcc/ccr: 0.000000000 0.105005156 0.894994844
JA:/rcc/crc: 0.000000000 0.561874905 0.438125095
JA:/rcc/crf: 0.000000000 0.841177613 0.158822387
JA:/rcf/: 1.000000000 0.000000000 0.000000000
JA:/rcf/cr: 0.000000000 0.000000000 1.000000000
JA:/rfc/: 0.834406858 0.165593142 0.000000000
JA:/rfc/cr: 0.000000000 0.442424534 0.557575466
JK:/ccc/: 0.000000000 1.000000000 0.000000000
JK:/ccc/ccr: 0.000000000 0.449158935 0.550841065
JK:/ccc/crc: 0.000000000 0.000000000 1.000000000
JK:/ccc/crf: 0.000000000 0.230392393 0.769607607
JK:/ccrcc/: 0.009537912 0.990462088 0.000000000
JK:/ccrcc/ccr: 0.000000000 0.311570763 0.688429237
JK:/ccrcc/crc: 0.000000000 0.635331204 0.364668796
JK:/ccrcc/crf: 0.000000000 0.761494812 0.238505188
JK:/ccrcf/: 0.051977901 0.948022099 0.000000000
JK:/ccrcf/cr: 0.000000000 0.474606251 0.525393749
JK:/crcc/: 0.997875378 0.002124622 0.000000000
JK:/crcc/ccr: 0.000000000 0.000000000 1.000000000
JK:/crcc/crc: 0.000000000 0.000000000 1.000000000
JK:/crcc/crf: 0.000000000 0.000000000 1.000000000
JK:/crfc/: 0.501336341 0.498663659 0.000000000
JK:/crfc/cr: 0.000000000 0.312398070 0.687601930
JK:/rcc/: 0.000000000 1.000000000 0.000000000
JK:/rcc/ccr: 0.000000000 0.230641645 0.769358355
JK:/rcc/crc: 0.000000000 0.378869068 0.621130932
JK:/rcc/crf: 0.000000000 0.000000000 1.000000000
JK:/rcf/: 0.466513089 0.533486911 0.000000000
JK:/rcf/cr: 0.000000000 0.000000000 1.000000000
JK:/rfc/: 0.033225244 0.966774756 0.000000000
JK:/rfc/cr: 0.000000000 0.970044724 0.029955276
JQ:/ccc/: 0.106956703 0.893043297 0.000000000
JQ:/ccc/ccr: 0.000000000 0.705993074 0.294006926
JQ:/ccc/crc: 0.000000000 0.380607924 0.619392076
JQ:/ccc/crf: 0.000000000 0.607851285 0.392148715
JQ:/ccrcc/: 0.912355924 0.087644076 0.000000000
JQ:/ccrcc/ccr: 0.000000000 0.319572446 0.680427554
JQ:/ccrcc/crc: 0.000000000 0.261654572 0.738345428
JQ:/ccrcc/crf: 0.000000000 0.443152706 0.556847294
JQ:/ccrcf/: 0.406728434 0.593271566 0.000000000
JQ:/ccrcf/cr: 0.000000000 0.526970577 0.473029423
JQ:/crcc/: 0.997808058 0.002191942 0.000000000
JQ:/crcc/ccr: 0.000000000 0.000000000 1.000000000
JQ:/crcc/crc: 0.000000000 0.000000000 1.000000000
JQ:/crcc/crf: 0.000000000 0.000000000 1.000000000
JQ:/crfc/: 0.452877969 0.547122031 0.000000000
JQ:/crfc/cr: 0.000000000 0.683413337 0.316586663
JQ:/rcc/: 1.000000000 0.000000000 0.000000000
JQ:/rcc/ccr: 0.000000000 0.301444659 0.698555341
JQ:/rcc/crc: 0.000000000 0.000000000 1.000000000
JQ:/rcc/crf: 0.000000000 0.000000000 1.000000000
JQ:/rcf/: 0.000848924 0.999151076 0.000000000
JQ:/rcf/cr: 0.000000000 0.000000000 1.000000000
JQ:/rfc/: 0.098587788 0.901412212 0.000000000
JQ:/rfc/cr: 0.000000000 0.163298573 0.836701427
K:/: 1.000000000 0.000000000 0.000000000
K:/ccr: 0.000000000 0.998770691 0.001229309
K:/crc: 0.000000000 0.999561001 0.000438999
K:/crf: 0.000000000 1.000000000 0.000000000
KA:/ccc/: 0.357165712 0.642834288 0.000000000
KA:/ccc/ccr: 0.000000000 0.999725171 0.000274829
KA:/ccc/crc: 0.000000000 0.737081951 0.262918049
KA:/ccc/crf: 0.000000000 1.000000000 0.000000000
KA:/ccrcc/: 0.944544983 0.055455017 0.000000000
KA:/ccrcc/ccr: 0.000000000 1.000000000 0.000000000
KA:/ccrcc/crc: 0.000000000 1.000000000 0.000000000
KA:/ccrcc/crf: 0.000000000 1.000000000 0.000000000
KA:/ccrcf/: 0.503268881 0.496731119 0.000000000
KA:/ccrcf/cr: 0.000000000 0.356126197 0.643873803
KA:/crcc/: 0.464526872 0.535473128 0.000000000
KA:/crcc/ccr: 0.000000000 0.949368762 0.050631238
KA:/crcc/crc: 0.000000000 1.000000000 0.000000000
KA:/crcc/crf: 0.000000000 1.000000000 0.000000000
KA:/crfc/: 0.613586450 0.386413550 0.000000000
KA:/crfc/cr: 0.000000000 1.000000000 0.000000000
KA:/rcc/: 0.806883805 0.193116195 0.000000000
KA:/rcc/ccr: 0.000000000 0.321316998 0.678683002
KA:/rcc/crc: 0.000000000 0.924536953 0.075463047
KA:/rcc/crf: 0.000000000 0.280352294 0.719647706
KA:/rcf/: 0.000402839 0.999597161 0.000000000
KA:/rcf/cr: 0.000000000 1.000000000 0.000000000
KA:/rfc/: 0.350541741 0.649458259 0.000000000
KA:/rfc/cr: 0.000000000 0.205326957 0.794673043
KJ:/ccc/: 0.792475007 0.207524993 0.000000000
KJ:/ccc/ccr: 0.000000000 0.009096924 0.990903076
KJ:/ccc/crc: 0.000000000 0.433659825 0.566340175
KJ:/ccc/crf: 0.000000000 0.653723154 0.346276846
KJ:/ccrcc/: 0.544757225 0.455242775 0.000000000
KJ:/ccrcc/ccr: 0.000000000 0.096336032 0.903663968
KJ:/ccrcc/crc: 0.000000000 0.422715007 0.577284993
KJ:/ccrcc/crf: 0.000000000 1.000000000 0.000000000
KJ:/ccrcf/: 0.675331653 0.324668347 0.000000000
KJ:/ccrcf/cr: 0.000000000 0.077378137 0.922621863
KJ:/crcc/: 0.999255630 0.000744370 0.000000000
KJ:/crcc/ccr: 0.000000000 0.197871262 0.802128738
KJ:/crcc/crc: 0.000000000 0.156690739 0.843309261
KJ:/crcc/crf: 0.000000000 0.999194839 0.000805161
KJ:/crfc/: 0.729218715 0.270781285 0.000000000
KJ:/crfc/cr: 0.000000000 0.159665438 0.840334562
KJ:/rcc/: 0.300745302 0.699254698 0.000000000
KJ:/rcc/ccr: 0.000000000 0.677100783 0.322899217
KJ:/rcc/crc: 0.000000000 0.566169628 0.433830372
KJ:/rcc/crf: 0.000000000 0.559084469 0.440915531
KJ:/rcf/: 0.000000000 1.000000000 0.000000000
KJ:/rcf/cr: 0.000000000 0.000000000 1.000000000
KJ:/rfc/: 0.269878213 0.730121787 0.000000000
KJ:/rfc/cr: 0.000000000 0.837462379 0.162537621
KQ:/ccc/: 0.374962858 0.625037142 0.000000000
KQ:/ccc/ccr: 0.000000000 0.695297483 0.304702517
KQ:/ccc/crc: 0.000000000 0.662002429 0.337997571
KQ:/ccc/crf: 0.000000000 0.132135133 0.867864867
KQ:/ccrcc/: 0.773869997 0.226130003 0.000000000
KQ:/ccrcc/ccr: 0.000000000 0.464029356 0.535970644
KQ:/ccrcc/crc: 0.000000000 0.534375474 0.465624526
KQ:/ccrcc/crf: 0.000000000 1.000000000 0.000000000
KQ:/ccrcf/: 0.272268728 0.727731272 0.000000000
KQ:/ccrcf/cr: 0.000000000 0.725556607 0.274443393
KQ:/crcc/: 0.999070083 0.000929917 0.000000000
KQ:/crcc/ccr: 0.000000000 0.101869251 0.898130749
KQ:/crcc/crc: 0.000000000 0.000000000 1.000000000
KQ:/crcc/crf: 0.000000000 0.999981156 0.000018844
KQ:/crfc/: 0.767603516 0.232396484 0.000000000
KQ:/crfc/cr: 0.000000000 0.000000000 1.000000000
KQ:/rcc/: 0.815699914 0.184300086 0.000000000
KQ:/rcc/ccr: 0.000000000 0.431710428 0.568289572
KQ:/rcc/crc: 0.000000000 0.353708209 0.646291791
KQ:/rcc/crf: 0.000000000 0.929624703 0.070375297
KQ:/rcf/: 0.000853373 0.999146627 0.000000000
KQ:/rcf/cr: 0.000000000 0.000000000 1.000000000
KQ:/rfc/: 0.778558705 0.221441295 0.000000000
KQ:/rfc/cr: 0.000000000 0.661786760 0.338213240
Q:/: 0.998992812 0.001007188 0.000000000
Q:/ccr: 0.000000000 0.000000000 1.000000000
Q:/crc: 0.000000000 0.000373284 0.999626716
Q:/crf: 0.000000000 1.000000000 0.000000000
QA:/ccc/: 0.603941710 0.396058290 0.000000000
QA:/ccc/ccr: 0.000000000 0.528500584 0.471499416
QA:/ccc/crc: 0.000000000 0.229250054 0.770749946
QA:/ccc/crf: 0.000000000 0.324805741 0.675194259
QA:/ccrcc/: 0.943319897 0.056680103 0.000000000
QA:/ccrcc/ccr: 0.000000000 0.559094362 0.440905638
QA:/ccrcc/crc: 0.000000000 0.462325458 0.537674542
QA:/ccrcc/crf: 0.000000000 0.316693117 0.683306883
QA:/ccrcf/: 0.402548929 0.597451071 0.000000000
QA:/ccrcf/cr: 0.000000000 0.538243989 0.461756011
QA:/crcc/: 0.999073274 0.000926726 0.000000000
QA:/crcc/ccr: 0.000000000 0.547470462 0.452529538
QA:/crcc/crc: 0.000000000 0.000000000 1.000000000
QA:/crcc/crf: 0.000000000 0.000439060 0.999560940
QA:/crfc/: 0.595787899 0.404212101 0.000000000
QA:/crfc/cr: 0.000000000 0.000000000 1.000000000
QA:/rcc/: 0.921341699 0.078658301 0.000000000
QA:/rcc/ccr: 0.000000000 0.646136155 0.353863845
QA:/rcc/crc: 0.000000000 0.704481500 0.295518500
QA:/rcc/crf: 0.000000000 0.790167005 0.209832995
QA:/rcf/: 0.001508359 0.998491641 0.000000000
QA:/rcf/cr: 0.000000000 0.666908952 0.333091048
QA:/rfc/: 0.823636451 0.176363549 0.000000000
QA:/rfc/cr: 0.000000000 0.896136819 0.103863181
QJ:/ccc/: 0.403804561 0.596195439 0.000000000
QJ:/ccc/ccr: 0.000000000 0.475849570 0.524150430
QJ:/ccc/crc: 0.000000000 0.287569154 0.712430846
QJ:/ccc/crf: 0.000000000 0.817375770 0.182624230
QJ:/ccrcc/: 0.366009125 0.633990875 0.000000000
QJ:/ccrcc/ccr: 0.000000000 0.412757741 0.587242259
QJ:/ccrcc/crc: 0.000000000 0.188939777 0.811060223
QJ:/ccrcc/crf: 0.000000000 0.731899003 0.268100997
QJ:/ccrcf/: 0.504477970 0.495522030 0.000000000
QJ:/ccrcf/cr: 0.000000000 0.510322244 0.489677756
QJ:/crcc/: 0.000566970 0.999433030 0.000000000
QJ:/crcc/ccr: 0.000000000 0.000000000 1.000000000
QJ:/crcc/crc: 0.000000000 0.000000000 1.000000000
QJ:/crcc/crf: 0.000000000 0.000000000 1.000000000
QJ:/crfc/: 0.343480402 0.656519598 0.000000000
QJ:/crfc/cr: 0.000000000 0.652470935 0.347529065
QJ:/rcc/: 0.000000000 1.000000000 0.000000000
QJ:/rcc/ccr: 0.000000000 0.441109978 0.558890022
QJ:/rcc/crc: 0.000000000 0.317719026 0.682280974
QJ:/rcc/crf: 0.000000000 0.689586660 0.310413340
QJ:/rcf/: 0.000000000 1.000000000 0.000000000
QJ:/rcf/cr: 0.000000000 0.000000000 1.000000000
QJ:/rfc/: 0.984741502 0.015258498 0.000000000
QJ:/rfc/cr: 0.000000000 0.074464956 0.925535044
QK:/ccc/: 0.480189122 0.519810878 0.000000000
QK:/ccc/ccr: 0.000000000 0.763995452 0.236004548
QK:/ccc/crc: 0.000000000 0.341711593 0.658288407
QK:/ccc/crf: 0.000000000 0.040054000 0.959946000
QK:/ccrcc/: 1.000000000 0.000000000 0.000000000
QK:/ccrcc/ccr: 0.000000000 0.626876077 0.373123923
QK:/ccrcc/crc: 0.000000000 0.539024405 0.460975595
QK:/ccrcc/crf: 0.000000000 0.640789862 0.359210138
QK:/ccrcf/: 0.740812608 0.259187392 0.000000000
QK:/ccrcf/cr: 0.000000000 0.589622435 0.410377565
QK:/crcc/: 0.999022025 0.000977975 0.000000000
QK:/crcc/ccr: 0.000000000 0.232986209 0.767013791
QK:/crcc/crc: 0.000000000 0.000000000 1.000000000
QK:/crcc/crf: 0.000000000 0.996182825 0.003817175
QK:/crfc/: 0.263791457 0.736208543 0.000000000
QK:/crfc/cr: 0.000000000 0.000000000 1.000000000
QK:/rcc/: 0.952555945 0.047444055 0.000000000
QK:/rcc/ccr: 0.000000000 0.550358024 0.449641976
QK:/rcc/crc: 0.000000000 0.213232720 0.786767280
QK:/rcc/crf: 0.000000000 0.598475836 0.401524164
QK:/rcf/: 0.000000000 1.000000000 0.000000000
QK:/rcf/cr: 0.000000000 0.000000000 1.000000000
QK:/rfc/: 0.200880283 0.799119717 0.000000000
QK:/rfc/cr: 0.000000000 0.547881611 0.452118389
