A:/cc: 1.000000000 0.000000000 0.000000000
A:/cr: 0.000000000 1.000000000 0.000000000
A:/rc: 0.000000000 1.000000000 0.000000000
A:/rf: 0.000000000 0.000000000 1.000000000
AJ:/ccc/cc: 0.242946548 0.757053452 0.000000000
AJ:/ccc/cr: 0.000000000 0.678195197 0.321804803
AJ:/ccc/rc: 0.000000000 0.730512706 0.269487294
AJ:/ccc/rf: 0.000000000 0.396435689 0.603564311
AJ:/ccrcc/cc: 0.170582634 0.829417366 0.000000000
AJ:/ccrcc/cr: 0.000000000 0.471714212 0.528285788
AJ:/ccrcc/rc: 0.000000000 0.313032545 0.686967455
AJ:/ccrcc/rf: 0.000000000 0.042571579 0.957428421
AJ:/ccrcf/c: 0.417222187 0.582777813 0.000000000
AJ:/ccrcf/r: 0.000000000 0.530131833 0.469868167
AJ:/ccrfc/c: 0.362441617 0.637558383 0.000000000
AJ:/ccrfc/r: 0.000000000 0.725419586 0.274580414
AJ:/crcc/cc: 0.461370712 0.538629288 0.000000000
AJ:/crcc/cr: 0.000000000 0.448049991 0.551950009
AJ:/crcc/rc: 0.000000000 0.394892497 0.605107503
AJ:/crcc/rf: 0.000000000 0.733001958 0.266998042
AJ:/crcf/c: 0.694115305 0.305884695 0.000000000
AJ:/crcf/r: 0.000000000 0.765947394 0.234052606
AJ:/rcc/cc: 0.129147152 0.870852848 0.000000000
AJ:/rcc/cr: 0.000000000 0.922575288 0.077424712
AJ:/rcc/rc: 0.000000000 0.468758639 0.531241361
AJ:/rcc/rf: 0.000000000 0.554062691 0.445937309
AJ:/rfc/c: 0.360293766 0.639706234 0.000000000
AJ:/rfc/r: 0.000000000 0.742375073 0.257624927
AK:/ccc/cc: 1.000000000 0.000000000 0.000000000
AK:/ccc/cr: 0.000000000 1.000000000 0.000000000
AK:/ccc/rc: 0.000000000 0.611052302 0.388947698
AK:/ccc/rf: 0.000000000 0.378416420 0.621583580
AK:/ccrcc/cc: 0.870947670 0.129052330 0.000000000
AK:/ccrcc/cr: 0.000000000 0.757292259 0.242707741
AK:/ccrcc/rc: 0.000000000 0.711701761 0.288298239
AK:/ccrcc/rf: 0.000000000 0.689033036 0.310966964
AK:/ccrcf/c: 0.282724038 0.717275962 0.000000000
AK:/ccrcf/r: 0.000000000 0.313307526 0.686692474
AK:/ccrfc/c: 0.053147588 0.946852412 0.000000000
AK:/ccrfc/r: 0.000000000 0.835359821 0.164640179
AK:/crcc/cc: 0.490456993 0.509543007 0.000000000
AK:/crcc/cr: 0.000000000 0.785632723 0.214367277
AK:/crcc/rc: 0.000000000 0.970044724 0.029955276
AK:/crcc/rf: 0.000000000 0.033225244 0.966774756
AK:/crcf/c: 0.945134327 0.054865673 0.000000000
AK:/crcf/r: 0.000000000 0.835628534 0.164371466
AK:/rcc/cc: 0.431464160 0.568535840 0.000000000
AK:/rcc/cr: 0.000000000 0.820070309 0.179929691
AK:/rcc/rc: 0.000000000 0.526340261 0.473659739
AK:/rcc/rf: 0.000000000 0.205590828 0.794409172
AK:/rfc/c: 0.862008306 0.137991694 0.000000000
AK:/rfc/r: 0.000000000 0.364868978 0.635131022
AQ:/ccc/cc: 0.575488082 0.424511918 0.000000000
AQ:/ccc/cr: 0.000000000 0.819101581 0.180898419
AQ:/ccc/rc: 0.000000000 0.974049753 0.025950247
AQ:/ccc/rf: 0.000000000 0.394623766 0.605376234
AQ:/ccrcc/cc: 0.805017142 0.194982858 0.000000000
AQ:/ccrcc/cr: 0.000000000 0.674846525 0.325153475
AQ:/ccrcc/rc: 0.000000000 0.802977180 0.197022820
AQ:/ccrcc/rf: 0.000000000 0.363910557 0.636089443
AQ:/ccrcf/c: 0.730370570 0.269629430 0.000000000
AQ:/ccrcf/r: 0.000000000 0.568491655 0.431508345
AQ:/ccrfc/c: 0.823641271 0.176358729 0.000000000
AQ:/ccrfc/r: 0.000000000 0.905026651 0.094973349
AQ:/crcc/cc: 0.380278189 0.619721811 0.000000000
AQ:/crcc/cr: 0.000000000 0.168351501 0.831648499
AQ:/crcc/rc: 0.000000000 0.806636593 0.193363407
AQ:/crcc/rf: 0.000000000 0.705993075 0.294006925
AQ:/crcf/c: 0.535407666 0.464592334 0.000000000
AQ:/crcf/r: 0.000000000 0.924235170 0.075764830
AQ:/rcc/cc: 0.615059884 0.384940116 0.000000000
AQ:/rcc/cr: 0.000000000 0.652611807 0.347388193
AQ:/rcc/rc: 0.000000000 0.781020497 0.218979503
AQ:/rcc/rf: 0.000000000 0.407232254 0.592767746
AQ:/rfc/c: 0.380685513 0.619314487 0.000000000
AQ:/rfc/r: 0.000000000 0.212252209 0.787747791
J:/cc: 0.857005101 0.142994899 0.000000000
J:/cr: 0.000000000 0.799061532 0.200938468
J:/rc: 0.000000000 0.000000000 1.000000000
J:/rf: 0.000000000 0.438363538 0.561636462
JA:/ccc/cc: 0.386172248 0.613827752 0.000000000
JA:/ccc/cr: 0.000000000 0.333387396 0.666612604
JA:/ccc/rc: 0.000000000 0.496419609 0.503580391
JA:/ccc/rf: 0.000000000 0.615007398 0.384992602
JA:/ccrcc/cc: 0.942007392 0.057992608 0.000000000
JA:/ccrcc/cr: 0.000000000 0.591418524 0.408581476
JA:/ccrcc/rc: 0.000000000 0.211968492 0.788031508
JA:/ccrcc/rf: 0.000000000 0.421987297 0.578012703
JA:/ccrcf/c: 0.198101858 0.801898142 0.000000000
JA:/ccrcf/r: 0.000000000 0.326060865 0.673939135
JA:/ccrfc/c: 0.200656857 0.799343143 0.000000000
JA:/ccrfc/r: 0.000000000 0.545396377 0.454603623
JA:/crcc/cc: 0.155781922 0.844218078 0.000000000
JA:/crcc/cr: 0.000000000 0.237952212 0.762047788
JA:/crcc/rc: 0.000000000 0.536916881 0.463083119
JA:/crcc/rf: 0.000000000 0.405056489 0.594943511
JA:/crcf/c: 0.517699661 0.482300339 0.000000000
JA:/crcf/r: 0.000000000 0.529145477 0.470854523
JA:/rcc/cc: 0.000000000 1.000000000 0.000000000
JA:/rcc/cr: 0.000000000 0.999937691 0.000062309
JA:/rcc/rc: 0.000000000 0.000000000 1.000000000
JA:/rcc/rf: 0.000000000 0.988285376 0.011714624
JA:/rfc/c: 0.779419589 0.220580411 0.000000000
JA:/rfc/r: 0.000000000 0.562508078 0.437491922
JK:/ccc/cc: 0.348952697 0.651047303 0.000000000
JK:/ccc/cr: 0.000000000 0.503303241 0.496696759
JK:/ccc/rc: 0.000000000 0.353851718 0.646148282
JK:/ccc/rf: 0.000000000 0.565085540 0.434914460
JK:/ccrcc/cc: 0.318700431 0.681299569 0.000000000
JK:/ccrcc/cr: 0.000000000 0.675477066 0.324522934
JK:/ccrcc/rc: 0.000000000 0.578022221 0.421977779
JK:/ccrcc/rf: 0.000000000 0.589664487 0.410335513
JK:/ccrcf/c: 0.505912202 0.494087798 0.000000000
JK:/ccrcf/r: 0.000000000 0.364300472 0.635699528
JK:/ccrfc/c: 0.269844521 0.730155479 0.000000000
JK:/ccrfc/r: 0.000000000 0.833930795 0.166069205
JK:/crcc/cc: 0.145440194 0.854559806 0.000000000
JK:/crcc/cr: 0.000000000 0.688813210 0.311186790
JK:/crcc/rc: 0.000000000 0.724567374 0.275432626
JK:/crcc/rf: 0.000000000 0.282302489 0.717697511
JK:/crcf/c: 0.348370587 0.651629413 0.000000000
JK:/crcf/r: 0.000000000 0.639632043 0.360367957
JK:/rcc/cc: 0.802527889 0.197472111 0.000000000
JK:/rcc/cr: 0.000000000 0.524067144 0.475932856
JK:/rcc/rc: 0.000000000 0.000000000 1.000000000
JK:/rcc/rf: 0.000000000 0.010963986 0.989036014
JK:/rfc/c: 0.646485509 0.353514491 0.000000000
JK:/rfc/r: 0.000000000 0.475306957 0.524693043
JQ:/ccc/cc: 0.515083607 0.484916393 0.000000000
JQ:/ccc/cr: 0.000000000 0.702124512 0.297875488
JQ:/ccc/rc: 0.000000000 0.880335263 0.119664737
JQ:/ccc/rf: 0.000000000 0.265611502 0.734388498
JQ:/ccrcc/cc: 0.081027062 0.918972938 0.000000000
JQ:/ccrcc/cr: 0.000000000 0.341020560 0.658979440
JQ:/ccrcc/rc: 0.000000000 0.274527318 0.725472682
JQ:/ccrcc/rf: 0.000000000 0.639602907 0.360397093
JQ:/ccrcf/c: 0.674481335 0.325518665 0.000000000
JQ:/ccrcf/r: 0.000000000 0.430798166 0.569201834
JQ:/ccrfc/c: 0.249695643 0.750304357 0.000000000
JQ:/ccrfc/r: 0.000000000 0.484214234 0.515785766
JQ:/crcc/cc: 0.343688847 0.656311153 0.000000000
JQ:/crcc/cr: 0.000000000 0.945667039 0.054332961
JQ:/crcc/rc: 0.000000000 0.400576106 0.599423894
JQ:/crcc/rf: 0.000000000 0.034390129 0.965609871
JQ:/crcf/c: 0.717236777 0.282763223 0.000000000
JQ:/crcf/r: 0.000000000 0.732285591 0.267714409
JQ:/rcc/cc: 0.945413106 0.054586894 0.000000000
JQ:/rcc/cr: 0.000000000 1.000000000 0.000000000
JQ:/rcc/rc: 0.000000000 0.000000000 1.000000000
JQ:/rcc/rf: 0.000000000 0.264501148 0.735498852
JQ:/rfc/c: 0.613610289 0.386389711 0.000000000
JQ:/rfc/r: 0.000000000 0.104998087 0.895001913
K:/cc: 1.000000000 0.000000000 0.000000000
K:/cr: 0.000000000 1.000000000 0.000000000
K:/rc: 0.000000000 0.000172335 0.999827665
K:/rf: 0.000000000 0.566166385 0.433833615
KA:/ccc/cc: 1.000000000 0.000000000 0.000000000
KA:/ccc/cr: 0.000000000 1.000000000 0.000000000
KA:/ccc/rc: 0.000000000 1.000000000 0.000000000
KA:/ccc/rf: 0.000000000 0.533314043 0.466685957
KA:/ccrcc/cc: 0.546785673 0.453214327 0.000000000
KA:/ccrcc/cr: 0.000000000 0.868261583 0.131738417
KA:/ccrcc/rc: 0.000000000 0.366601248 0.633398752
KA:/ccrcc/rf: 0.000000000 0.556776300 0.443223700
KA:/ccrcf/c: 0.368213383 0.631786617 0.000000000
KA:/ccrcf/r: 0.000000000 0.299223395 0.700776605
KA:/ccrfc/c: 0.553504077 0.446495923 0.000000000
KA:/ccrfc/r: 0.000000000 0.835811705 0.164188295
KA:/crcc/cc: 0.728778870 0.271221130 0.000000000
KA:/crcc/cr: 0.000000000 0.833532053 0.166467947
KA:/crcc/rc: 0.000000000 0.541984772 0.458015228
KA:/crcc/rf: 0.000000000 0.834406858 0.165593142
KA:/crcf/c: 0.812867722 0.187132278 0.000000000
KA:/crcf/r: 0.000000000 0.998258895 0.001741105
KA:/rcc/cc: 0.598764608 0.401235392 0.000000000
KA:/rcc/cr: 0.000000000 0.604828969 0.395171031
KA:/rcc/rc: 0.000000000 0.875335755 0.124664245
KA:/rcc/rf: 0.000000000 0.944377101 0.055622899
KA:/rfc/c: 0.502317300 0.497682700 0.000000000
KA:/rfc/r: 0.000000000 0.421124974 0.578875026
KJ:/ccc/cc: 0.401418086 0.598581914 0.000000000
KJ:/ccc/cr: 0.000000000 0.479551835 0.520448165
KJ:/ccc/rc: 0.000000000 0.393734388 0.606265612
KJ:/ccc/rf: 0.000000000 0.734121789 0.265878211
KJ:/ccrcc/cc: 0.807675272 0.192324728 0.000000000
KJ:/ccrcc/cr: 0.000000000 0.374206018 0.625793982
KJ:/ccrcc/rc: 0.000000000 0.632982138 0.367017862
KJ:/ccrcc/rf: 0.000000000 0.825054366 0.174945634
KJ:/ccrcf/c: 0.494233723 0.505766277 0.000000000
KJ:/ccrcf/r: 0.000000000 0.206445979 0.793554021
KJ:/ccrfc/c: 0.553813874 0.446186126 0.000000000
KJ:/ccrfc/r: 0.000000000 0.981960581 0.018039419
KJ:/crcc/cc: 0.980229652 0.019770348 0.000000000
KJ:/crcc/cr: 0.000000000 0.415426797 0.584573203
KJ:/crcc/rc: 0.000000000 0.076184664 0.923815336
KJ:/crcc/rf: 0.000000000 0.677877980 0.322122020
KJ:/crcf/c: 0.538439523 0.461560477 0.000000000
KJ:/crcf/r: 0.000000000 0.721982994 0.278017006
KJ:/rcc/cc: 0.884093264 0.115906736 0.000000000
KJ:/rcc/cr: 0.000000000 0.000000000 1.000000000
KJ:/rcc/rc: 0.000000000 0.651925938 0.348074062
KJ:/rcc/rf: 0.000000000 0.226761597 0.773238403
KJ:/rfc/c: 0.430530114 0.569469886 0.000000000
KJ:/rfc/r: 0.000000000 0.775358417 0.224641583
KQ:/ccc/cc: 0.477417301 0.522582699 0.000000000
KQ:/ccc/cr: 0.000000000 0.445065051 0.554934949
KQ:/ccc/rc: 0.000000000 0.354430304 0.645569696
KQ:/ccc/rf: 0.000000000 0.107221835 0.892778165
KQ:/ccrcc/cc: 0.885763600 0.114236400 0.000000000
KQ:/ccrcc/cr: 0.000000000 0.440781913 0.559218087
KQ:/ccrcc/rc: 0.000000000 0.375579744 0.624420256
KQ:/ccrcc/rf: 0.000000000 0.667064756 0.332935244
KQ:/ccrcf/c: 0.621556925 0.378443075 0.000000000
KQ:/ccrcf/r: 0.000000000 0.414059839 0.585940161
KQ:/ccrfc/c: 0.514749604 0.485250396 0.000000000
KQ:/ccrfc/r: 0.000000000 0.514751820 0.485248180
KQ:/crcc/cc: 0.521993393 0.478006607 0.000000000
KQ:/crcc/cr: 0.000000000 0.408783544 0.591216456
KQ:/crcc/rc: 0.000000000 0.329588786 0.670411214
KQ:/crcc/rf: 0.000000000 0.503736351 0.496263649
KQ:/crcf/c: 0.000000000 1.000000000 0.000000000
KQ:/crcf/r: 0.000000000 0.000000000 1.000000000
KQ:/rcc/cc: 0.283508135 0.716491865 0.000000000
KQ:/rcc/cr: 0.000000000 0.673322425 0.326677575
KQ:/rcc/rc: 0.000000000 0.158890378 0.841109622
KQ:/rcc/rf: 0.000000000 0.156195818 0.843804182
KQ:/rfc/c: 0.836753411 0.163246589 0.000000000
KQ:/rfc/r: 0.000000000 0.386137367 0.613862633
Q:/cc: 0.000000207 0.999999793 0.000000000
Q:/cr: 0.000000000 0.999614768 0.000385232
Q:/rc: 0.000000000 0.000497249 0.999502751
Q:/rf: 0.000000000 0.907039941 0.092960059
QA:/ccc/cc: 0.633206735 0.366793265 0.000000000
QA:/ccc/cr: 0.000000000 0.399846653 0.600153347
QA:/ccc/rc: 0.000000000 0.183100573 0.816899427
QA:/ccc/rf: 0.000000000 0.533269656 0.466730344
QA:/ccrcc/cc: 0.742256093 0.257743907 0.000000000
QA:/ccrcc/cr: 0.000000000 0.608881086 0.391118914
QA:/ccrcc/rc: 0.000000000 0.631689780 0.368310220
QA:/ccrcc/rf: 0.000000000 0.997730277 0.002269723
QA:/ccrcf/c: 0.401550995 0.598449005 0.000000000
QA:/ccrcf/r: 0.000000000 0.471226066 0.528773934
QA:/ccrfc/c: 0.548529530 0.451470470 0.000000000
QA:/ccrfc/r: 0.000000000 0.512177058 0.487822942
QA:/crcc/cc: 0.149488725 0.850511275 0.000000000
QA:/crcc/cr: 0.000000000 0.472935047 0.527064953
QA:/crcc/rc: 0.000000000 0.138659645 0.861340355
QA:/crcc/rf: 0.000000000 0.098587788 0.901412212
QA:/crcf/c: 0.000002331 0.999997669 0.000000000
QA:/crcf/r: 0.000000000 0.000000000 1.000000000
QA:/rcc/cc: 0.677813200 0.322186800 0.000000000
QA:/rcc/cr: 0.000000000 1.000000000 0.000000000
QA:/rcc/rc: 0.000000000 0.011337034 0.988662966
QA:/rcc/rf: 0.000000000 0.588439761 0.411560239
QA:/rfc/c: 0.576036394 0.423963606 0.000000000
QA:/rfc/r: 0.000000000 0.474133294 0.525866706
QJ:/ccc/cc: 0.578968461 0.421031539 0.000000000
QJ:/ccc/cr: 0.000000000 0.376151504 0.623848496
QJ:/ccc/rc: 0.000000000 0.515973403 0.484026597
QJ:/ccc/rf: 0.000000000 0.406537912 0.593462088
QJ:/ccrcc/cc: 0.486775702 0.513224298 0.000000000
QJ:/ccrcc/cr: 0.000000000 0.653654729 0.346345271
QJ:/ccrcc/rc: 0.000000000 0.618463799 0.381536201
QJ:/ccrcc/rf: 0.000000000 0.713833018 0.286166982
QJ:/ccrcf/c: 0.552465706 0.447534294 0.000000000
QJ:/ccrcf/r: 0.000000000 0.734944082 0.265055918
QJ:/ccrfc/c: 0.295984077 0.704015923 0.000000000
QJ:/ccrfc/r: 0.000000000 0.212352567 0.787647433
QJ:/crcc/cc: 0.459439123 0.540560877 0.000000000
QJ:/crcc/cr: 0.000000000 0.072278327 0.927721673
QJ:/crcc/rc: 0.000000000 0.215992933 0.784007067
QJ:/crcc/rf: 0.000000000 0.794378962 0.205621038
QJ:/crcf/c: 0.474394150 0.525605850 0.000000000
QJ:/crcf/r: 0.000000000 0.628515246 0.371484754
QJ:/rcc/cc: 0.162553158 0.837446842 0.000000000
QJ:/rcc/cr: 0.000000000 0.000000000 1.000000000
QJ:/rcc/rc: 0.000000000 0.000000000 1.000000000
QJ:/rcc/rf: 0.000000000 0.127243867 0.872756133
QJ:/rfc/c: 0.161898725 0.838101275 0.000000000
QJ:/rfc/r: 0.000000000 0.100672475 0.899327525
QK:/ccc/cc: 0.333064789 0.666935211 0.000000000
QK:/ccc/cr: 0.000000000 0.329861740 0.670138260
QK:/ccc/rc: 0.000000000 0.654577173 0.345422827
QK:/ccc/rf: 0.000000000 0.432115405 0.567884595
QK:/ccrcc/cc: 0.612718159 0.387281841 0.000000000
QK:/ccrcc/cr: 0.000000000 0.321266479 0.678733521
QK:/ccrcc/rc: 0.000000000 0.801231624 0.198768376
QK:/ccrcc/rf: 0.000000000 0.021433663 0.978566337
QK:/ccrcf/c: 0.435324786 0.564675214 0.000000000
QK:/ccrcf/r: 0.000000000 0.263347712 0.736652288
QK:/ccrfc/c: 0.163992981 0.836007019 0.000000000
QK:/ccrfc/r: 0.000000000 0.026601833 0.973398167
QK:/crcc/cc: 0.489729062 0.510270938 0.000000000
QK:/crcc/cr: 0.000000000 0.410918702 0.589081298
QK:/crcc/rc: 0.000000000 0.786060965 0.213939035
QK:/crcc/rf: 0.000000000 0.475854183 0.524145817
QK:/crcf/c: 0.000002331 0.999997669 0.000000000
QK:/crcf/r: 0.000000000 0.000000000 1.000000000
QK:/rcc/cc: 0.854562074 0.145437926 0.000000000
QK:/rcc/cr: 0.000000000 0.360818790 0.639181210
QK:/rcc/rc: 0.000000000 0.491941178 0.508058822
QK:/rcc/rf: 0.000000000 0.504674894 0.495325106
QK:/rfc/c: 0.287618312 0.712381688 0.000000000
QK:/rfc/r: 0.000000000 0.510206632 0.489793368
