8:/: 0.999066948 0.000933052 0.000000000
8:/cccr: 0.212621351 0.000000000 0.787378649
8:/cccrccrc: 0.000000000 0.284408062 0.715591938
8:/cccrccrf: 0.000000000 0.424638080 0.575361920
8:/cccrcfrc: 0.000000000 0.566198767 0.433801233
8:/cccrcfrf: 0.000000000 0.761692626 0.238307374
8:/cccrcrcc: 0.000000000 0.562323228 0.437676772
8:/cccrcrcf: 0.000000000 0.511423244 0.488576756
8:/cccrcrfc: 0.000000000 0.358109880 0.641890120
8:/cccrcrff: 0.000000000 0.632089061 0.367910939
8:/ccrc: 0.602630998 0.000000000 0.397369002
8:/ccrccrcc: 0.000000000 0.738580119 0.261419881
8:/ccrccrcf: 0.000000000 0.354645869 0.645354131
8:/ccrccrfc: 0.000000000 0.362163831 0.637836169
8:/ccrccrff: 0.000000000 0.313512089 0.686487911
8:/ccrf: 0.185237807 0.814657358 0.000104835
8:/ccrfcrc: 0.000000000 0.253837267 0.746162733
8:/ccrfcrf: 0.000000000 0.457106904 0.542893096
8:/ccrr: 0.000000000 0.000015777 0.999984223
8:/crcc: 0.024221179 0.710781936 0.264996886
8:/crcf: 0.002145330 0.258527114 0.739327555
8:/crcr: 0.000000000 0.215081462 0.784918538
8:/crfc: 0.000032658 0.085541748 0.914425594
8:/crff: 0.032195307 0.238042327 0.729762366
8:/crfr: 0.000000000 0.000000000 1.000000000
8:/crrc: 0.000000000 0.000095729 0.999904271
8:/crrf: 0.000000000 0.000087224 0.999912776
8:/rccr: 0.000000000 0.335488345 0.664511655
8:/rcfr: 0.000000000 0.000000000 1.000000000
8:/rcrc: 0.000000000 0.065409459 0.934590541
8:/rcrf: 0.000000000 0.173083352 0.826916648
8:/rfcr: 0.000000000 0.709674992 0.290325008
8:/rffr: 0.000000000 0.380798677 0.619201323
8:/rfrc: 0.000000000 0.000000000 1.000000000
8:/rfrf: 0.000000000 0.196234794 0.803765206
8:/rrcc: 0.000000000 0.000000000 1.000000000
8:/rrcf: 0.000000000 0.627201328 0.372798672
8:/rrfc: 0.000000000 0.043381254 0.956618746
8:/rrff: 0.000000000 0.000000000 1.000000000
9:/: 0.999108455 0.000891545 0.000000000
9:/cccr: 0.252538261 0.000000000 0.747461739
9:/cccrccrc: 0.000000000 0.337400822 0.662599178
9:/cccrccrf: 0.000000000 0.422126023 0.577873977
9:/cccrcfrc: 0.000000000 0.500007423 0.499992577
9:/cccrcfrf: 0.000000000 0.363906267 0.636093733
9:/cccrcrcc: 0.000000000 0.555628598 0.444371402
9:/cccrcrcf: 0.000000000 0.962585011 0.037414989
9:/cccrcrfc: 0.000000000 0.420754687 0.579245313
9:/cccrcrff: 0.000000000 0.429015691 0.570984309
9:/ccrc: 0.307897813 0.000000000 0.692102187
9:/ccrccrcc: 0.000000000 0.596013862 0.403986138
9:/ccrccrcf: 0.000000000 0.166741136 0.833258864
9:/ccrccrfc: 0.000000000 0.311207056 0.688792944
9:/ccrccrff: 0.000000000 0.324680639 0.675319361
9:/ccrf: 0.517327979 0.482618851 0.000053169
9:/ccrfcrc: 0.000000000 0.219635528 0.780364472
9:/ccrfcrf: 0.000000000 0.825145500 0.174854500
9:/ccrr: 0.000000000 0.000000000 1.000000000
9:/crcc: 0.074203376 0.266029124 0.659767500
9:/crcf: 0.165074686 0.328295598 0.506629716
9:/crcr: 0.000000000 0.562682219 0.437317781
9:/crfc: 0.070326652 0.240597978 0.689075369
9:/crff: 0.145225220 0.313761530 0.541013251
9:/crfr: 0.000000000 0.069813988 0.930186012
9:/crrc: 0.000000000 0.000090007 0.999909993
9:/crrf: 0.000000000 0.204345795 0.795654205
9:/rccr: 0.000000000 0.557269001 0.442730999
9:/rcfr: 0.000000000 0.000162799 0.999837201
9:/rcrc: 0.000000000 0.000000000 1.000000000
9:/rcrf: 0.000000000 0.317585943 0.682414057
9:/rfcr: 0.000000000 0.189977006 0.810022994
9:/rffr: 0.000000000 0.360039241 0.639960759
9:/rfrc: 0.000000000 0.094002210 0.905997790
9:/rfrf: 0.000000000 0.530521368 0.469478632
9:/rrcc: 0.000000000 0.334189035 0.665810965
9:/rrcf: 0.000000000 0.244354534 0.755645466
9:/rrfc: 0.000000000 0.000009212 0.999990788
9:/rrff: 0.000000000 0.518871639 0.481128361
A:/: 0.999357476 0.000642524 0.000000000
A:/cccr: 0.954368404 0.045631596 0.000000000
A:/cccrccrc: 0.000000000 0.477658755 0.522341245
A:/cccrccrf: 0.000000000 0.195687869 0.804312131
A:/cccrcfrc: 0.000000000 0.000047153 0.999952847
A:/cccrcfrf: 0.000000000 0.455918029 0.544081971
A:/cccrcrcc: 0.000000000 0.880707758 0.119292242
A:/cccrcrcf: 0.000000000 0.698113767 0.301886233
A:/cccrcrfc: 0.000000000 0.994395802 0.005604198
A:/cccrcrff: 0.000000000 0.555415244 0.444584756
A:/ccrc: 0.907016810 0.092421639 0.000561551
A:/ccrccrcc: 0.000000000 0.860680625 0.139319375
A:/ccrccrcf: 0.000000000 0.485629707 0.514370293
A:/ccrccrfc: 0.000000000 0.753860583 0.246139417
A:/ccrccrff: 0.000000000 0.438351659 0.561648341
A:/ccrf: 0.562666602 0.437333398 0.000000000
A:/ccrfcrc: 0.000000000 0.999728912 0.000271088
A:/ccrfcrf: 0.000000000 0.999945478 0.000054522
A:/ccrr: 0.000000000 0.999810812 0.000189188
A:/crcc: 0.646131022 0.324163199 0.029705779
A:/crcf: 1.000000000 0.000000000 0.000000000
A:/crcr: 0.000000000 0.999931001 0.000068999
A:/crfc: 0.520245801 0.338472783 0.141281416
A:/crff: 0.682812365 0.317187635 0.000000000
A:/crfr: 0.000000000 0.723723800 0.276276200
A:/crrc: 0.000000000 0.999399799 0.000600201
A:/crrf: 0.000000000 1.000000000 0.000000000
A:/rccr: 0.000000000 0.705238216 0.294761784
A:/rcfr: 0.000000000 0.999956638 0.000043362
A:/rcrc: 0.000000000 0.507097410 0.492902590
A:/rcrf: 0.000000000 0.863320817 0.136679183
A:/rfcr: 0.000000000 1.000000000 0.000000000
A:/rffr: 0.000000000 1.000000000 0.000000000
A:/rfrc: 0.000000000 1.000000000 0.000000000
A:/rfrf: 0.000000000 0.156886318 0.843113682
A:/rrcc: 0.000000000 1.000000000 0.000000000
A:/rrcf: 0.000000000 1.000000000 0.000000000
A:/rrfc: 0.000000000 0.999956433 0.000043567
A:/rrff: 0.000000000 1.000000000 0.000000000
J:/: 0.999235764 0.000764236 0.000000000
J:/cccr: 0.000061872 0.000000000 0.999938128
J:/cccrccrc: 0.000000000 0.923787585 0.076212415
J:/cccrccrf: 0.000000000 0.524147887 0.475852113
J:/cccrcfrc: 0.000000000 0.541499020 0.458500980
J:/cccrcfrf: 0.000000000 0.521901771 0.478098229
J:/cccrcrcc: 0.000000000 0.318177368 0.681822632
J:/cccrcrcf: 0.000000000 0.778392276 0.221607724
J:/cccrcrfc: 0.000000000 0.143909105 0.856090895
J:/cccrcrff: 0.000000000 0.176922169 0.823077831
J:/ccrc: 0.000198585 0.000000000 0.999801415
J:/ccrccrcc: 0.000000000 0.460578247 0.539421753
J:/ccrccrcf: 0.000000000 0.722480447 0.277519553
J:/ccrccrfc: 0.000000000 0.046842840 0.953157160
J:/ccrccrff: 0.000000000 0.150781354 0.849218646
J:/ccrf: 0.936105200 0.063894800 0.000000000
J:/ccrfcrc: 0.000000000 0.269252670 0.730747330
J:/ccrfcrf: 0.000000000 0.379162234 0.620837766
J:/ccrr: 0.000000000 0.000000000 1.000000000
J:/crcc: 0.064383665 0.574236093 0.361380242
J:/crcf: 0.021760710 0.399995401 0.578243888
J:/crcr: 0.000000000 0.293793318 0.706206682
J:/crfc: 0.272998439 0.505851364 0.221150197
J:/crff: 0.541827210 0.458172790 0.000000000
J:/crfr: 0.000000000 0.570503692 0.429496308
J:/crrc: 0.000000000 0.000053603 0.999946397
J:/crrf: 0.000000000 0.000075348 0.999924652
J:/rccr: 0.000000000 0.201716419 0.798283581
J:/rcfr: 0.000000000 0.000072800 0.999927200
J:/rcrc: 0.000000000 0.373849584 0.626150416
J:/rcrf: 0.000000000 0.133673704 0.866326296
J:/rfcr: 0.000000000 0.745768298 0.254231702
J:/rffr: 0.000000000 0.504483644 0.495516356
J:/rfrc: 0.000000000 0.000000000 1.000000000
J:/rfrf: 0.000000000 0.883147684 0.116852316
J:/rrcc: 0.000000000 0.534794041 0.465205959
J:/rrcf: 0.000000000 0.111604068 0.888395932
J:/rrfc: 0.000000000 0.162171934 0.837828066
J:/rrff: 0.000000000 0.177283064 0.822716936
K:/: 0.999579585 0.000420415 0.000000000
K:/cccr: 0.332590796 0.667409204 0.000000000
K:/cccrccrc: 0.000000000 0.544366415 0.455633585
K:/cccrccrf: 0.000000000 0.472946697 0.527053303
K:/cccrcfrc: 0.000000000 0.073854234 0.926145766
K:/cccrcfrf: 0.000000000 0.583906183 0.416093817
K:/cccrcrcc: 0.000000000 0.638573449 0.361426551
K:/cccrcrcf: 0.000000000 0.286939985 0.713060015
K:/cccrcrfc: 0.000000000 0.142630642 0.857369358
K:/cccrcrff: 0.000000000 0.608281963 0.391718037
K:/ccrc: 0.593629726 0.405948463 0.000421811
K:/ccrccrcc: 0.000000000 0.302230687 0.697769313
K:/ccrccrcf: 0.000000000 0.852346796 0.147653204
K:/ccrccrfc: 0.000000000 0.768135065 0.231864935
K:/ccrccrff: 0.000000000 0.936320898 0.063679102
K:/ccrf: 0.653579345 0.346420655 0.000000000
K:/ccrfcrc: 0.000000000 0.612465187 0.387534813
K:/ccrfcrf: 0.000000000 0.841857802 0.158142198
K:/ccrr: 0.000000000 0.999863693 0.000136307
K:/crcc: 0.532129205 0.467870795 0.000000000
K:/crcf: 0.669361394 0.330638606 0.000000000
K:/crcr: 0.000000000 0.576675663 0.423324337
K:/crfc: 0.853430060 0.146569940 0.000000000
K:/crff: 0.649682975 0.350314940 0.000002085
K:/crfr: 0.000000000 1.000000000 0.000000000
K:/crrc: 0.000000000 0.999962726 0.000037274
K:/crrf: 0.000000000 0.999976773 0.000023227
K:/rccr: 0.000000000 0.424543510 0.575456490
K:/rcfr: 0.000000000 0.737500720 0.262499280
K:/rcrc: 0.000000000 0.496481047 0.503518953
K:/rcrf: 0.000000000 0.971628095 0.028371905
K:/rfcr: 0.000000000 0.913834180 0.086165820
K:/rffr: 0.000000000 1.000000000 0.000000000
K:/rfrc: 0.000000000 1.000000000 0.000000000
K:/rfrf: 0.000000000 0.664904616 0.335095384
K:/rrcc: 0.000000000 0.853265507 0.146734493
K:/rrcf: 0.000000000 0.692494855 0.307505145
K:/rrfc: 0.000000000 0.812696327 0.187303673
K:/rrff: 0.000000000 0.428244488 0.571755512
Q:/: 0.999071566 0.000928434 0.000000000
Q:/cccr: 0.019690056 0.422516181 0.557793763
Q:/cccrccrc: 0.000000000 0.451200624 0.548799376
Q:/cccrccrf: 0.000000000 0.245235407 0.754764593
Q:/cccrcfrc: 0.000000000 0.669803640 0.330196360
Q:/cccrcfrf: 0.000000000 0.328577275 0.671422725
Q:/cccrcrcc: 0.000000000 0.506650444 0.493349556
Q:/cccrcrcf: 0.000000000 0.151584951 0.848415049
Q:/cccrcrfc: 0.000000000 0.540046083 0.459953917
Q:/cccrcrff: 0.000000000 0.917426592 0.082573408
Q:/ccrc: 0.998942186 0.000000000 0.001057814
Q:/ccrccrcc: 0.000000000 0.472667500 0.527332500
Q:/ccrccrcf: 0.000000000 0.261389952 0.738610048
Q:/ccrccrfc: 0.000000000 0.595240071 0.404759929
Q:/ccrccrff: 0.000000000 0.171832478 0.828167522
Q:/ccrf: 0.482298320 0.517701680 0.000000000
Q:/ccrfcrc: 0.000000000 0.175636276 0.824363724
Q:/ccrfcrf: 0.000000000 0.733973912 0.266026088
Q:/ccrr: 0.000000000 0.492867260 0.507132740
Q:/crcc: 0.011622909 0.888334479 0.100042612
Q:/crcf: 0.061134155 0.631509353 0.307356492
Q:/crcr: 0.000000000 0.136018593 0.863981407
Q:/crfc: 0.515115149 0.484884851 0.000000000
Q:/crff: 0.738811225 0.261188775 0.000000000
Q:/crfr: 0.000000000 1.000000000 0.000000000
Q:/crrc: 0.000000000 0.181701531 0.818298469
Q:/crrf: 0.000000000 0.591532115 0.408467885
Q:/rccr: 0.000000000 0.247092013 0.752907987
Q:/rcfr: 0.000000000 0.000071810 0.999928190
Q:/rcrc: 0.000000000 0.000000000 1.000000000
Q:/rcrf: 0.000000000 0.555022881 0.444977119
Q:/rfcr: 0.000000000 0.410634108 0.589365892
Q:/rffr: 0.000000000 1.000000000 0.000000000
Q:/rfrc: 0.000000000 0.000000000 1.000000000
Q:/rfrf: 0.000000000 0.201955023 0.798044977
Q:/rrcc: 0.000000000 0.353853692 0.646146308
Q:/rrcf: 0.000000000 0.514457065 0.485542935
Q:/rrfc: 0.000000000 0.233332677 0.766667323
Q:/rrff: 0.000000000 0.387312805 0.612687195
T:/: 0.999181153 0.000818847 0.000000000
T:/cccr: 0.649150181 0.000000000 0.350849819
T:/cccrccrc: 0.000000000 0.623980541 0.376019459
T:/cccrccrf: 0.000000000 0.884495021 0.115504979
T:/cccrcfrc: 0.000000000 0.609993781 0.390006219
T:/cccrcfrf: 0.000000000 0.665794986 0.334205014
T:/cccrcrcc: 0.000000000 0.222116813 0.777883187
T:/cccrcrcf: 0.000000000 0.584199588 0.415800412
T:/cccrcrfc: 0.000000000 0.500741542 0.499258458
T:/cccrcrff: 0.000000000 0.983809538 0.016190462
T:/ccrc: 0.203989274 0.000000000 0.796010726
T:/ccrccrcc: 0.000000000 0.695771002 0.304228998
T:/ccrccrcf: 0.000000000 0.459654442 0.540345558
T:/ccrccrfc: 0.000000000 0.550010402 0.449989598
T:/ccrccrff: 0.000000000 0.579551956 0.420448044
T:/ccrf: 0.222022339 0.777977533 0.000000128
T:/ccrfcrc: 0.000000000 0.452539489 0.547460511
T:/ccrfcrf: 0.000000000 0.068675762 0.931324238
T:/ccrr: 0.000000000 0.000013431 0.999986569
T:/crcc: 0.000792596 0.346477904 0.652729499
T:/crcf: 0.034959845 0.511749825 0.453290330
T:/crcr: 0.000000000 0.000026217 0.999973783
T:/crfc: 0.058901317 0.256908750 0.684189933
T:/crff: 0.489851689 0.455135112 0.055013199
T:/crfr: 0.000000000 0.214471836 0.785528164
T:/crrc: 0.000000000 0.000092748 0.999907252
T:/crrf: 0.000000000 0.000107422 0.999892578
T:/rccr: 0.000000000 0.691712358 0.308287642
T:/rcfr: 0.000000000 0.457034258 0.542965742
T:/rcrc: 0.000000000 0.272348282 0.727651718
T:/rcrf: 0.000000000 0.777830059 0.222169941
T:/rfcr: 0.000000000 0.401793242 0.598206758
T:/rffr: 0.000000000 0.768786406 0.231213594
T:/rfrc: 0.000000000 0.045957511 0.954042489
T:/rfrf: 0.000000000 0.086531145 0.913468855
T:/rrcc: 0.000000000 0.514184333 0.485815667
T:/rrcf: 0.000000000 0.738475876 0.261524124
T:/rrfc: 0.000000000 0.400514562 0.599485438
T:/rrff: 0.000000000 0.269149842 0.730850158
