8:/c: 0.217423234 0.782576766 0.000000000
8:/cccrc: 0.106537238 0.526318227 0.367144535
8:/cccrccrcc: 0.000000000 0.534894598 0.465105402
8:/cccrccrcf: 0.000000000 0.702298030 0.297701970
8:/cccrccrfc: 0.000000000 0.484931228 0.515068772
8:/cccrccrff: 0.000000000 0.581609524 0.418390476
8:/cccrf: 0.511510597 0.182108156 0.306381248
8:/cccrfcrc: 0.000000000 0.415389645 0.584610355
8:/cccrfcrf: 0.000000000 0.356021467 0.643978533
8:/cccrr: 0.000000000 0.390773192 0.609226808
8:/ccrcc: 0.102447180 0.335100109 0.562452710
8:/ccrcf: 0.280993378 0.467751630 0.251254992
8:/ccrcr: 0.000000000 0.464000063 0.535999937
8:/ccrfc: 0.000000211 0.475235065 0.524764724
8:/ccrff: 0.392763526 0.177216180 0.430020293
8:/ccrfr: 0.000000000 0.259125397 0.740874603
8:/ccrrc: 0.000000000 0.876389557 0.123610443
8:/ccrrf: 0.000000000 0.441103551 0.558896449
8:/crccr: 0.000000000 0.391574145 0.608425855
8:/crcfr: 0.000000000 0.433620561 0.566379439
8:/crcrc: 0.000000000 0.778891588 0.221108412
8:/crcrf: 0.000000000 0.720428704 0.279571296
8:/crfcr: 0.000000000 0.306661177 0.693338823
8:/crffr: 0.000000000 0.552586793 0.447413207
8:/crfrc: 0.000000000 0.181680676 0.818319324
8:/crfrf: 0.000000000 0.250832966 0.749167034
8:/crrcc: 0.000000000 0.065979645 0.934020355
8:/crrcf: 0.000000000 0.097088574 0.902911426
8:/crrfc: 0.000000000 0.308713806 0.691286194
8:/crrff: 0.000000000 0.294169664 0.705830336
8:/r: 0.016591307 0.069529142 0.913879551
8:/rccrc: 0.000000000 0.161160858 0.838839142
8:/rccrf: 0.000000000 0.524240082 0.475759918
8:/rcfrc: 0.000000000 0.155747869 0.844252131
8:/rcfrf: 0.000000000 0.089450080 0.910549920
8:/rcrcc: 0.000000000 0.291485270 0.708514730
8:/rcrcf: 0.000000000 0.076114863 0.923885137
8:/rcrfc: 0.000000000 0.000000000 1.000000000
8:/rcrff: 0.000000000 0.328470226 0.671529774
9:/c: 0.197580210 0.802419790 0.000000000
9:/cccrc: 0.244732805 0.395687563 0.359579632
9:/cccrccrcc: 0.000000000 0.097953683 0.902046317
9:/cccrccrcf: 0.000000000 0.511689471 0.488310529
9:/cccrccrfc: 0.000000000 0.652795556 0.347204444
9:/cccrccrff: 0.000000000 0.336722849 0.663277151
9:/cccrf: 0.501747962 0.273555347 0.224696691
9:/cccrfcrc: 0.000000000 0.582818728 0.417181272
9:/cccrfcrf: 0.000000000 0.657648529 0.342351471
9:/cccrr: 0.000000000 0.406807733 0.593192267
9:/ccrcc: 0.282158176 0.328251864 0.389589961
9:/ccrcf: 0.439811234 0.305288497 0.254900269
9:/ccrcr: 0.000000000 0.416664151 0.583335849
9:/ccrfc: 0.000000143 0.121158857 0.878841000
9:/ccrff: 0.189663698 0.036328451 0.774007851
9:/ccrfr: 0.000000000 0.256613220 0.743386780
9:/ccrrc: 0.000000000 0.246167803 0.753832197
9:/ccrrf: 0.000000000 0.832342345 0.167657655
9:/crccr: 0.000000000 0.799398558 0.200601442
9:/crcfr: 0.000000000 0.000000092 0.999999908
9:/crcrc: 0.000000000 0.167381623 0.832618377
9:/crcrf: 0.000000000 0.532126916 0.467873084
9:/crfcr: 0.000000000 0.895930094 0.104069906
9:/crffr: 0.000000000 0.713924971 0.286075029
9:/crfrc: 0.000000000 0.598215002 0.401784998
9:/crfrf: 0.000000000 0.419643440 0.580356560
9:/crrcc: 0.000000000 0.252044158 0.747955842
9:/crrcf: 0.000000000 0.375446834 0.624553166
9:/crrfc: 0.000000000 0.481926461 0.518073539
9:/crrff: 0.000000000 0.466344300 0.533655700
9:/r: 0.000008446 0.107343083 0.892648471
9:/rccrc: 0.000000000 0.461329703 0.538670297
9:/rccrf: 0.000000000 0.961879630 0.038120370
9:/rcfrc: 0.000000000 0.239508329 0.760491671
9:/rcfrf: 0.000000000 0.810200321 0.189799679
9:/rcrcc: 0.000000000 0.448897098 0.551102902
9:/rcrcf: 0.000000000 0.599445345 0.400554655
9:/rcrfc: 0.000000000 0.389161704 0.610838296
9:/rcrff: 0.000000000 0.202282114 0.797717886
A:/c: 0.556140513 0.443859487 0.000000000
A:/cccrc: 0.454990779 0.356978336 0.188030886
A:/cccrccrcc: 0.000000000 0.627811869 0.372188131
A:/cccrccrcf: 0.000000000 0.270900526 0.729099474
A:/cccrccrfc: 0.000000000 0.648236973 0.351763027
A:/cccrccrff: 0.000000000 0.578182121 0.421817879
A:/cccrf: 0.331206682 0.306936297 0.361857021
A:/cccrfcrc: 0.000000000 0.680525360 0.319474640
A:/cccrfcrf: 0.000000000 0.867351018 0.132648982
A:/cccrr: 0.000000000 0.999999999 0.000000001
A:/ccrcc: 0.524054528 0.306831915 0.169113556
A:/ccrcf: 0.473025272 0.526974728 0.000000000
A:/ccrcr: 0.000000000 0.703366889 0.296633111
A:/ccrfc: 0.485296311 0.514703689 0.000000000
A:/ccrff: 0.613800962 0.274908097 0.111290941
A:/ccrfr: 0.000000000 0.863253918 0.136746082
A:/ccrrc: 0.000000000 0.706843850 0.293156150
A:/ccrrf: 0.000000000 0.657020853 0.342979147
A:/crccr: 0.000000000 1.000000000 0.000000000
A:/crcfr: 0.000000000 0.495588582 0.504411418
A:/crcrc: 0.000000000 0.655258886 0.344741114
A:/crcrf: 0.000000000 0.761705085 0.238294915
A:/crfcr: 0.000000000 0.999989729 0.000010271
A:/crffr: 0.000000000 0.557400166 0.442599834
A:/crfrc: 0.000000000 0.922384409 0.077615591
A:/crfrf: 0.000000000 0.469749271 0.530250729
A:/crrcc: 0.000000000 1.000000000 0.000000000
A:/crrcf: 0.000000000 1.000000000 0.000000000
A:/crrfc: 0.000000000 0.811978641 0.188021359
A:/crrff: 0.000000000 0.833373148 0.166626852
A:/r: 0.060061809 0.939938191 0.000000000
A:/rccrc: 0.000000000 0.526737128 0.473262872
A:/rccrf: 0.000000000 0.780170650 0.219829350
A:/rcfrc: 0.000000000 1.000000000 0.000000000
A:/rcfrf: 0.000000000 0.336491699 0.663508301
A:/rcrcc: 0.000000000 0.705341700 0.294658300
A:/rcrcf: 0.000000000 1.000000000 0.000000000
A:/rcrfc: 0.000000000 0.910302957 0.089697043
A:/rcrff: 0.000000000 1.000000000 0.000000000
J:/c: 0.310571894 0.689428106 0.000000000
J:/cccrc: 0.000000007 0.510222855 0.489777138
J:/cccrccrcc: 0.000000000 0.207398993 0.792601007
J:/cccrccrcf: 0.000000000 0.518099591 0.481900409
J:/cccrccrfc: 0.000000000 0.375739357 0.624260643
J:/cccrccrff: 0.000000000 0.372271202 0.627728798
J:/cccrf: 0.060689157 0.797907059 0.141403784
J:/cccrfcrc: 0.000000000 0.721035037 0.278964963
J:/cccrfcrf: 0.000000000 0.351048927 0.648951073
J:/cccrr: 0.000000000 0.004370848 0.995629152
J:/ccrcc: 0.146906825 0.347406695 0.505686480
J:/ccrcf: 0.143575155 0.518742070 0.337682776
J:/ccrcr: 0.000000000 0.000000135 0.999999865
J:/ccrfc: 0.000059376 0.303912640 0.696027984
J:/ccrff: 0.475869630 0.164111357 0.360019013
J:/ccrfr: 0.000000000 0.179968428 0.820031572
J:/ccrrc: 0.000000000 0.337273187 0.662726813
J:/ccrrf: 0.000000000 0.427954132 0.572045868
J:/crccr: 0.000000000 0.442036049 0.557963951
J:/crcfr: 0.000000000 0.050771505 0.949228495
J:/crcrc: 0.000000000 0.941967292 0.058032708
J:/crcrf: 0.000000000 0.333859145 0.666140855
J:/crfcr: 0.000000000 0.603714380 0.396285620
J:/crffr: 0.000000000 0.880304080 0.119695920
J:/crfrc: 0.000000000 0.084028168 0.915971832
J:/crfrf: 0.000000000 0.657177119 0.342822881
J:/crrcc: 0.000000000 0.000000025 0.999999975
J:/crrcf: 0.000000000 0.123017362 0.876982638
J:/crrfc: 0.000000000 0.000022055 0.999977945
J:/crrff: 0.000000000 0.909162025 0.090837975
J:/r: 0.000000000 1.000000000 0.000000000
J:/rccrc: 0.000000000 0.119920957 0.880079043
J:/rccrf: 0.000000000 0.565661153 0.434338847
J:/rcfrc: 0.000000000 0.000000000 1.000000000
J:/rcfrf: 0.000000000 0.302194067 0.697805933
J:/rcrcc: 0.000000000 0.293176912 0.706823088
J:/rcrcf: 0.000000000 0.218877137 0.781122863
J:/rcrfc: 0.000000000 0.106357102 0.893642898
J:/rcrff: 0.000000000 0.010121827 0.989878173
K:/c: 0.828890540 0.171109460 0.000000000
K:/cccrc: 0.283047165 0.366149534 0.350803301
K:/cccrccrcc: 0.000000000 0.625937686 0.374062314
K:/cccrccrcf: 0.000000000 0.195455744 0.804544256
K:/cccrccrfc: 0.000000000 0.957531396 0.042468604
K:/cccrccrff: 0.000000000 0.857265441 0.142734559
K:/cccrf: 0.849052980 0.126379087 0.024567933
K:/cccrfcrc: 0.000000000 0.343720663 0.656279337
K:/cccrfcrf: 0.000000000 0.515048346 0.484951654
K:/cccrr: 0.000000000 0.345364728 0.654635272
K:/ccrcc: 0.261183399 0.230441277 0.508375324
K:/ccrcf: 0.230539493 0.378118612 0.391341895
K:/ccrcr: 0.000000000 0.547512340 0.452487660
K:/ccrfc: 0.661662745 0.338227207 0.000110047
K:/ccrff: 0.358378010 0.639771688 0.001850301
K:/ccrfr: 0.000000000 0.347955856 0.652044144
K:/ccrrc: 0.000000000 0.873960645 0.126039355
K:/ccrrf: 0.000000000 0.303695820 0.696304180
K:/crccr: 0.000000000 0.507693337 0.492306663
K:/crcfr: 0.000000000 0.998197911 0.001802089
K:/crcrc: 0.000000000 0.583685885 0.416314115
K:/crcrf: 0.000000000 0.295491180 0.704508820
K:/crfcr: 0.000000000 0.804545953 0.195454047
K:/crffr: 0.000000000 0.898622294 0.101377706
K:/crfrc: 0.000000000 0.942889053 0.057110947
K:/crfrf: 0.000000000 0.253589200 0.746410800
K:/crrcc: 0.000000000 0.526558743 0.473441257
K:/crrcf: 0.000000000 0.842498156 0.157501844
K:/crrfc: 0.000000000 0.717234239 0.282765761
K:/crrff: 0.000000000 0.999996777 0.000003223
K:/r: 0.000000000 1.000000000 0.000000000
K:/rccrc: 0.000000000 0.522608074 0.477391926
K:/rccrf: 0.000000000 0.373852605 0.626147395
K:/rcfrc: 0.000000000 1.000000000 0.000000000
K:/rcfrf: 0.000000000 0.472871216 0.527128784
K:/rcrcc: 0.000000000 0.690869626 0.309130374
K:/rcrcf: 0.000000000 0.967159065 0.032840935
K:/rcrfc: 0.000000000 0.735375402 0.264624598
K:/rcrff: 0.000000000 0.999727998 0.000272002
Q:/c: 0.000013609 0.999986391 0.000000000
Q:/cccrc: 0.378538239 0.227983092 0.393478669
Q:/cccrccrcc: 0.000000000 0.437309942 0.562690058
Q:/cccrccrcf: 0.000000000 0.014906974 0.985093026
Q:/cccrccrfc: 0.000000000 0.047231248 0.952768752
Q:/cccrccrff: 0.000000000 0.235570686 0.764429314
Q:/cccrf: 0.243016152 0.570407696 0.186576151
Q:/cccrfcrc: 0.000000000 0.428226917 0.571773083
Q:/cccrfcrf: 0.000000000 0.616884786 0.383115214
Q:/cccrr: 0.000000000 0.526720707 0.473279293
Q:/ccrcc: 0.398953614 0.515788386 0.085257999
Q:/ccrcf: 0.374729158 0.163648385 0.461622456
Q:/ccrcr: 0.000000000 0.323107966 0.676892034
Q:/ccrfc: 0.295847776 0.398915538 0.305236686
Q:/ccrff: 0.342273271 0.128192793 0.529533936
Q:/ccrfr: 0.000000000 0.422837699 0.577162301
Q:/ccrrc: 0.000000000 0.016334461 0.983665539
Q:/ccrrf: 0.000000000 0.758153734 0.241846266
Q:/crccr: 0.000000000 0.104083374 0.895916626
Q:/crcfr: 0.000000000 0.504146667 0.495853333
Q:/crcrc: 0.000000000 0.500143081 0.499856919
Q:/crcrf: 0.000000000 0.690859638 0.309140362
Q:/crfcr: 0.000000000 0.775037160 0.224962840
Q:/crffr: 0.000000000 0.809448598 0.190551402
Q:/crfrc: 0.000000000 0.301138361 0.698861639
Q:/crfrf: 0.000000000 0.701077364 0.298922636
Q:/crrcc: 0.000000000 0.805206552 0.194793448
Q:/crrcf: 0.000000000 0.242746952 0.757253048
Q:/crrfc: 0.000000000 0.534124263 0.465875737
Q:/crrff: 0.000000000 0.817558306 0.182441694
Q:/r: 0.000000000 1.000000000 0.000000000
Q:/rccrc: 0.000000000 0.486301194 0.513698806
Q:/rccrf: 0.000000000 0.809359319 0.190640681
Q:/rcfrc: 0.000000000 0.054467659 0.945532341
Q:/rcfrf: 0.000000000 0.371535201 0.628464799
Q:/rcrcc: 0.000000000 0.701917625 0.298082375
Q:/rcrcf: 0.000000000 0.375888602 0.624111398
Q:/rcrfc: 0.000000000 0.284655514 0.715344486
Q:/rcrff: 0.000000000 0.001651428 0.998348572
T:/c: 0.000018711 0.999981289 0.000000000
T:/cccrc: 0.000000016 0.345155376 0.654844608
T:/cccrccrcc: 0.000000000 0.458419709 0.541580291
T:/cccrccrcf: 0.000000000 0.320683344 0.679316656
T:/cccrccrfc: 0.000000000 0.579594347 0.420405653
T:/cccrccrff: 0.000000000 0.734112480 0.265887520
T:/cccrf: 0.000000087 0.476690499 0.523309414
T:/cccrfcrc: 0.000000000 0.491640445 0.508359555
T:/cccrfcrf: 0.000000000 0.531840222 0.468159778
T:/cccrr: 0.000000000 0.030502675 0.969497325
T:/ccrcc: 0.580337223 0.248739282 0.170923496
T:/ccrcf: 0.032335324 0.625189266 0.342475411
T:/ccrcr: 0.000000000 0.281410175 0.718589825
T:/ccrfc: 0.086327869 0.427721937 0.485950194
T:/ccrff: 0.484578985 0.000000000 0.515421015
T:/ccrfr: 0.000000000 0.224819362 0.775180638
T:/ccrrc: 0.000000000 0.713620346 0.286379654
T:/ccrrf: 0.000000000 0.934923324 0.065076676
T:/crccr: 0.000000000 0.115164738 0.884835262
T:/crcfr: 0.000000000 0.437128179 0.562871821
T:/crcrc: 0.000000000 0.505505426 0.494494574
T:/crcrf: 0.000000000 0.927380484 0.072619516
T:/crfcr: 0.000000000 0.161208201 0.838791799
T:/crffr: 0.000000000 0.715324767 0.284675233
T:/crfrc: 0.000000000 0.594972281 0.405027719
T:/crfrf: 0.000000000 0.819479740 0.180520260
T:/crrcc: 0.000000000 0.272862137 0.727137863
T:/crrcf: 0.000000000 0.876320258 0.123679742
T:/crrfc: 0.000000000 0.218605327 0.781394673
T:/crrff: 0.000000000 0.905249040 0.094750960
T:/r: 0.000018820 0.999981180 0.000000000
T:/rccrc: 0.000000000 0.547769651 0.452230349
T:/rccrf: 0.000000000 0.272575977 0.727424023
T:/rcfrc: 0.000000000 0.000000000 1.000000000
T:/rcfrf: 0.000000000 0.447868292 0.552131708
T:/rcrcc: 0.000000000 0.507872138 0.492127862
T:/rcrcf: 0.000000000 0.000000000 1.000000000
T:/rcrfc: 0.000000000 0.087410862 0.912589138
T:/rcrff: 0.000000000 0.124963985 0.875036015
