8:/cc: 0.756720167 0.243279833 0.000000000
8:/cccrcc: 0.371358699 0.293759309 0.334881992
8:/cccrcf: 0.327630155 0.326455522 0.345914322
8:/cccrcr: 0.000000000 0.499452072 0.500547928
8:/cccrfc: 0.336648927 0.378669804 0.284681269
8:/cccrff: 0.547984285 0.248692166 0.203323548
8:/cccrfr: 0.000000000 0.717263312 0.282736688
8:/cccrrc: 0.000000000 0.567671006 0.432328994
8:/cccrrf: 0.000000000 0.138418046 0.861581954
8:/ccrccr: 0.000000000 0.212471318 0.787528682
8:/ccrcfr: 0.000000000 0.429997426 0.570002574
8:/ccrcrc: 0.000000000 0.678244093 0.321755907
8:/ccrcrf: 0.000000000 0.524069582 0.475930418
8:/ccrfcr: 0.000000000 0.120240249 0.879759751
8:/ccrffr: 0.000000000 0.284743092 0.715256908
8:/ccrfrc: 0.000000000 0.337539534 0.662460466
8:/ccrfrf: 0.000000000 0.534387103 0.465612897
8:/ccrrcc: 0.000000000 0.970714880 0.029285120
8:/ccrrcf: 0.000000000 0.716644305 0.283355695
8:/ccrrfc: 0.000000000 0.363453532 0.636546468
8:/ccrrff: 0.000000000 0.867350952 0.132649048
8:/cr: 0.706995107 0.293004638 0.000000255
8:/crccrc: 0.000000000 0.387361943 0.612638057
8:/crccrf: 0.000000000 0.054780491 0.945219509
8:/crcfrc: 0.000000000 0.644271357 0.355728643
8:/crcfrf: 0.000000000 0.686404622 0.313595378
8:/crcrcc: 0.000000000 0.660770649 0.339229351
8:/crcrcf: 0.000000000 0.977749383 0.022250617
8:/crcrfc: 0.000000000 0.513950247 0.486049753
8:/crcrff: 0.000000000 0.196057749 0.803942251
8:/rc: 0.036232690 0.000000000 0.963767310
8:/rccrcc: 0.000000000 0.687373396 0.312626604
8:/rccrcf: 0.000000000 0.277222750 0.722777250
8:/rccrfc: 0.000000000 0.392857771 0.607142229
8:/rccrff: 0.000000000 0.353050345 0.646949655
8:/rf: 0.000000000 0.235519402 0.764480598
8:/rfcrc: 0.000000000 0.000000000 1.000000000
8:/rfcrf: 0.000000000 0.000000000 1.000000000
8:/rr: 0.000000000 0.000000000 1.000000000
9:/cc: 0.222362807 0.777637193 0.000000000
9:/cccrcc: 0.419186813 0.417534737 0.163278450
9:/cccrcf: 0.172635584 0.071103320 0.756261096
9:/cccrcr: 0.000000000 0.311213962 0.688786038
9:/cccrfc: 0.322432198 0.677567072 0.000000730
9:/cccrff: 0.000000879 0.484841399 0.515157722
9:/cccrfr: 0.000000000 0.615110983 0.384889017
9:/cccrrc: 0.000000000 0.269362642 0.730637358
9:/cccrrf: 0.000000000 0.487007590 0.512992410
9:/ccrccr: 0.000000000 0.221168086 0.778831914
9:/ccrcfr: 0.000000000 0.451462514 0.548537486
9:/ccrcrc: 0.000000000 0.412018470 0.587981530
9:/ccrcrf: 0.000000000 0.720107360 0.279892640
9:/ccrfcr: 0.000000000 0.285458821 0.714541179
9:/ccrffr: 0.000000000 0.937948192 0.062051808
9:/ccrfrc: 0.000000000 0.360981921 0.639018079
9:/ccrfrf: 0.000000000 0.414305895 0.585694105
9:/ccrrcc: 0.000000000 0.213659083 0.786340917
9:/ccrrcf: 0.000000000 0.614270657 0.385729343
9:/ccrrfc: 0.000000000 0.819951498 0.180048502
9:/ccrrff: 0.000000000 0.981565449 0.018434551
9:/cr: 0.671992093 0.195909016 0.132098891
9:/crccrc: 0.000000000 0.749065023 0.250934977
9:/crccrf: 0.000000000 0.428363279 0.571636721
9:/crcfrc: 0.000000000 0.350014318 0.649985682
9:/crcfrf: 0.000000000 0.466445287 0.533554713
9:/crcrcc: 0.000000000 0.890975476 0.109024524
9:/crcrcf: 0.000000000 0.620732155 0.379267845
9:/crcrfc: 0.000000000 0.132787684 0.867212316
9:/crcrff: 0.000000000 0.172880993 0.827119007
9:/rc: 0.068519282 0.000000000 0.931480718
9:/rccrcc: 0.000000000 0.044166025 0.955833975
9:/rccrcf: 0.000000000 0.159328977 0.840671023
9:/rccrfc: 0.000000000 0.141178253 0.858821747
9:/rccrff: 0.000000000 0.384705145 0.615294855
9:/rf: 0.110281565 0.062131392 0.827587043
9:/rfcrc: 0.000000000 0.195073251 0.804926749
9:/rfcrf: 0.000000000 0.726117191 0.273882809
9:/rr: 0.000000000 0.000000051 0.999999949
A:/cc: 0.778161992 0.221838008 0.000000000
A:/cccrcc: 0.214583811 0.178198015 0.607218174
A:/cccrcf: 0.248602118 0.562788232 0.188609650
A:/cccrcr: 0.000000000 0.367342993 0.632657007
A:/cccrfc: 0.000001038 0.509307000 0.490691962
A:/cccrff: 0.000000761 0.154782842 0.845216398
A:/cccrfr: 0.000000000 0.430679259 0.569320741
A:/cccrrc: 0.000000000 0.820942069 0.179057931
A:/cccrrf: 0.000000000 0.535577123 0.464422877
A:/ccrccr: 0.000000000 0.105995643 0.894004357
A:/ccrcfr: 0.000000000 0.346366156 0.653633844
A:/ccrcrc: 0.000000000 0.299942997 0.700057003
A:/ccrcrf: 0.000000000 0.628862386 0.371137614
A:/ccrfcr: 0.000000000 0.525306952 0.474693048
A:/ccrffr: 0.000000000 0.629305864 0.370694136
A:/ccrfrc: 0.000000000 0.619486105 0.380513895
A:/ccrfrf: 0.000000000 0.380585196 0.619414804
A:/ccrrcc: 0.000000000 0.952907847 0.047092153
A:/ccrrcf: 0.000000000 0.299713174 0.700286826
A:/ccrrfc: 0.000000000 0.300193793 0.699806207
A:/ccrrff: 0.000000000 0.598576216 0.401423784
A:/cr: 0.000002931 0.000001514 0.999995555
A:/crccrc: 0.000000000 0.381378780 0.618621220
A:/crccrf: 0.000000000 0.461038886 0.538961114
A:/crcfrc: 0.000000000 0.083675655 0.916324345
A:/crcfrf: 0.000000000 0.462829087 0.537170913
A:/crcrcc: 0.000000000 0.996940216 0.003059784
A:/crcrcf: 0.000000000 0.693312787 0.306687213
A:/crcrfc: 0.000000000 0.811604028 0.188395972
A:/crcrff: 0.000000000 0.068038871 0.931961129
A:/rc: 0.874456249 0.125543751 0.000000000
A:/rccrcc: 0.000000000 1.000000000 0.000000000
A:/rccrcf: 0.000000000 1.000000000 0.000000000
A:/rccrfc: 0.000000000 0.674121284 0.325878716
A:/rccrff: 0.000000000 0.823145554 0.176854446
A:/rf: 0.814243804 0.185756196 0.000000000
A:/rfcrc: 0.000000000 1.000000000 0.000000000
A:/rfcrf: 0.000000000 0.999984881 0.000015119
A:/rr: 0.000000000 0.999986627 0.000013373
J:/cc: 0.095649606 0.904350394 0.000000000
J:/cccrcc: 0.000000011 0.379366548 0.620633441
J:/cccrcf: 0.068907864 0.433371305 0.497720831
J:/cccrcr: 0.000000000 0.027502833 0.972497167
J:/cccrfc: 0.160202126 0.321595945 0.518201929
J:/cccrff: 0.040065015 0.570891024 0.389043961
J:/cccrfr: 0.000000000 0.666314623 0.333685377
J:/cccrrc: 0.000000000 0.600682211 0.399317789
J:/cccrrf: 0.000000000 0.438971198 0.561028802
J:/ccrccr: 0.000000000 0.351778593 0.648221407
J:/ccrcfr: 0.000000000 0.520941145 0.479058855
J:/ccrcrc: 0.000000000 0.395888870 0.604111130
J:/ccrcrf: 0.000000000 0.445545154 0.554454846
J:/ccrfcr: 0.000000000 0.154015017 0.845984983
J:/ccrffr: 0.000000000 0.258451602 0.741548398
J:/ccrfrc: 0.000000000 0.521923582 0.478076418
J:/ccrfrf: 0.000000000 0.574598064 0.425401936
J:/ccrrcc: 0.000000000 0.759520608 0.240479392
J:/ccrrcf: 0.000000000 0.548411143 0.451588857
J:/ccrrfc: 0.000000000 0.116311961 0.883688039
J:/ccrrff: 0.000000000 0.787934942 0.212065058
J:/cr: 0.611036308 0.224580399 0.164383293
J:/crccrc: 0.000000000 0.085634696 0.914365304
J:/crccrf: 0.000000000 0.301786043 0.698213957
J:/crcfrc: 0.000000000 0.700094491 0.299905509
J:/crcfrf: 0.000000000 0.995798463 0.004201537
J:/crcrcc: 0.000000000 0.557870857 0.442129143
J:/crcrcf: 0.000000000 0.485350237 0.514649763
J:/crcrfc: 0.000000000 0.290692643 0.709307357
J:/crcrff: 0.000000000 0.855462690 0.144537310
J:/rc: 0.000000000 0.000000000 1.000000000
J:/rccrcc: 0.000000000 0.151171849 0.848828151
J:/rccrcf: 0.000000000 0.265920419 0.734079581
J:/rccrfc: 0.000000000 0.000016533 0.999983467
J:/rccrff: 0.000000000 0.330997135 0.669002865
J:/rf: 0.386086934 0.033943273 0.579969792
J:/rfcrc: 0.000000000 0.000000000 1.000000000
J:/rfcrf: 0.000000000 0.608280742 0.391719258
J:/rr: 0.000000000 0.000000000 1.000000000
K:/cc: 0.490336354 0.509663646 0.000000000
K:/cccrcc: 0.453655370 0.480226993 0.066117637
K:/cccrcf: 0.216322284 0.449547603 0.334130112
K:/cccrcr: 0.000000000 0.759167864 0.240832136
K:/cccrfc: 0.330780755 0.202510502 0.466708744
K:/cccrff: 0.441384372 0.093327774 0.465287855
K:/cccrfr: 0.000000000 0.638910665 0.361089335
K:/cccrrc: 0.000000000 0.633548878 0.366451122
K:/cccrrf: 0.000000000 0.584368538 0.415631462
K:/ccrccr: 0.000000000 0.939534615 0.060465385
K:/ccrcfr: 0.000000000 0.516029956 0.483970044
K:/ccrcrc: 0.000000000 0.687233664 0.312766336
K:/ccrcrf: 0.000000000 0.370892276 0.629107724
K:/ccrfcr: 0.000000000 0.881873448 0.118126552
K:/ccrffr: 0.000000000 0.469154824 0.530845176
K:/ccrfrc: 0.000000000 0.402805144 0.597194856
K:/ccrfrf: 0.000000000 0.348633224 0.651366776
K:/ccrrcc: 0.000000000 0.412467583 0.587532417
K:/ccrrcf: 0.000000000 0.632067875 0.367932125
K:/ccrrfc: 0.000000000 0.863672842 0.136327158
K:/ccrrff: 0.000000000 0.473456499 0.526543501
K:/cr: 0.431693185 0.290442730 0.277864086
K:/crccrc: 0.000000000 0.799693381 0.200306619
K:/crccrf: 0.000000000 0.777239892 0.222760108
K:/crcfrc: 0.000000000 0.754491264 0.245508736
K:/crcfrf: 0.000000000 0.032097560 0.967902440
K:/crcrcc: 0.000000000 0.473640837 0.526359163
K:/crcrcf: 0.000000000 0.604648211 0.395351789
K:/crcrfc: 0.000000000 0.442544396 0.557455604
K:/crcrff: 0.000000000 0.465317111 0.534682889
K:/rc: 0.428517090 0.571482910 0.000000000
K:/rccrcc: 0.000000000 0.541478851 0.458521149
K:/rccrcf: 0.000000000 0.530248780 0.469751220
K:/rccrfc: 0.000000000 0.861216640 0.138783360
K:/rccrff: 0.000000000 0.535432807 0.464567193
K:/rf: 0.730735959 0.269264041 0.000000000
K:/rfcrc: 0.000000000 0.993686917 0.006313083
K:/rfcrf: 0.000000000 0.783758366 0.216241634
K:/rr: 0.000000000 0.259487213 0.740512787
Q:/cc: 0.871515806 0.128484194 0.000000000
Q:/cccrcc: 0.353583445 0.050864029 0.595552525
Q:/cccrcf: 0.028649068 0.508414913 0.462936019
Q:/cccrcr: 0.000000000 0.248904079 0.751095921
Q:/cccrfc: 0.458380254 0.296315880 0.245303865
Q:/cccrff: 0.555763800 0.136959051 0.307277149
Q:/cccrfr: 0.000000000 0.928347179 0.071652821
Q:/cccrrc: 0.000000000 0.299443352 0.700556648
Q:/cccrrf: 0.000000000 0.616855887 0.383144113
Q:/ccrccr: 0.000000000 0.927562695 0.072437305
Q:/ccrcfr: 0.000000000 0.563624114 0.436375886
Q:/ccrcrc: 0.000000000 0.479581971 0.520418029
Q:/ccrcrf: 0.000000000 0.531985978 0.468014022
Q:/ccrfcr: 0.000000000 0.884690236 0.115309764
Q:/ccrffr: 0.000000000 0.717359085 0.282640915
Q:/ccrfrc: 0.000000000 0.224528428 0.775471572
Q:/ccrfrf: 0.000000000 0.745370759 0.254629241
Q:/ccrrcc: 0.000000000 0.682270480 0.317729520
Q:/ccrrcf: 0.000000000 0.608302791 0.391697209
Q:/ccrrfc: 0.000000000 0.811824500 0.188175500
Q:/ccrrff: 0.000000000 0.285550043 0.714449957
Q:/cr: 0.690766097 0.309233903 0.000000000
Q:/crccrc: 0.000000000 0.432676864 0.567323136
Q:/crccrf: 0.000000000 0.572699331 0.427300669
Q:/crcfrc: 0.000000000 0.521542819 0.478457181
Q:/crcfrf: 0.000000000 0.453326005 0.546673995
Q:/crcrcc: 0.000000000 0.890521333 0.109478667
Q:/crcrcf: 0.000000000 0.600919522 0.399080478
Q:/crcrfc: 0.000000000 0.629317641 0.370682359
Q:/crcrff: 0.000000000 0.179948593 0.820051407
Q:/rc: 0.000000000 0.028979295 0.971020705
Q:/rccrcc: 0.000000000 0.371297879 0.628702121
Q:/rccrcf: 0.000000000 0.015979077 0.984020923
Q:/rccrfc: 0.000000000 0.657211700 0.342788300
Q:/rccrff: 0.000000000 0.300237688 0.699762312
Q:/rf: 0.605374512 0.394625488 0.000000000
Q:/rfcrc: 0.000000000 0.379933362 0.620066638
Q:/rfcrf: 0.000000000 0.178102724 0.821897276
Q:/rr: 0.000000000 0.000000000 1.000000000
T:/cc: 0.822851771 0.177148229 0.000000000
T:/cccrcc: 0.214548682 0.538491996 0.246959321
T:/cccrcf: 0.191266891 0.523619510 0.285113599
T:/cccrcr: 0.000000000 0.504170852 0.495829148
T:/cccrfc: 0.065175130 0.285578874 0.649245996
T:/cccrff: 0.020604600 0.794061401 0.185334000
T:/cccrfr: 0.000000000 0.448646478 0.551353522
T:/cccrrc: 0.000000000 0.110036293 0.889963707
T:/cccrrf: 0.000000000 0.231427397 0.768572603
T:/ccrccr: 0.000000000 0.936826890 0.063173110
T:/ccrcfr: 0.000000000 0.495731067 0.504268933
T:/ccrcrc: 0.000000000 0.153630832 0.846369168
T:/ccrcrf: 0.000000000 0.380773494 0.619226506
T:/ccrfcr: 0.000000000 0.513670306 0.486329694
T:/ccrffr: 0.000000000 0.359541586 0.640458414
T:/ccrfrc: 0.000000000 0.322531844 0.677468156
T:/ccrfrf: 0.000000000 0.203172321 0.796827679
T:/ccrrcc: 0.000000000 0.629839467 0.370160533
T:/ccrrcf: 0.000000000 0.766543754 0.233456246
T:/ccrrfc: 0.000000000 0.426841138 0.573158862
T:/ccrrff: 0.000000000 0.444457827 0.555542173
T:/cr: 0.496792413 0.115866319 0.387341268
T:/crccrc: 0.000000000 0.295529827 0.704470173
T:/crccrf: 0.000000000 0.001948404 0.998051596
T:/crcfrc: 0.000000000 0.728029779 0.271970221
T:/crcfrf: 0.000000000 0.344146738 0.655853262
T:/crcrcc: 0.000000000 0.352804781 0.647195219
T:/crcrcf: 0.000000000 0.818198324 0.181801676
T:/crcrfc: 0.000000000 0.570392622 0.429607378
T:/crcrff: 0.000000000 0.439797434 0.560202566
T:/rc: 0.084969637 0.000000000 0.915030363
T:/rccrcc: 0.000000000 0.442779450 0.557220550
T:/rccrcf: 0.000000000 0.131817707 0.868182293
T:/rccrfc: 0.000000000 0.033077063 0.966922937
T:/rccrff: 0.000000000 0.000005409 0.999994591
T:/rf: 0.418936469 0.000086367 0.580977163
T:/rfcrc: 0.000000000 0.519352988 0.480647012
T:/rfcrf: 0.000000000 0.272237425 0.727762575
T:/rr: 0.000000000 0.000000000 1.000000000
