8:/ccc: 0.000000184 0.999999816 0.000000000
8:/cccrccr: 0.000000000 0.730844808 0.269155192
8:/cccrcfr: 0.000000000 0.102247555 0.897752445
8:/cccrcrc: 0.000000000 0.319347537 0.680652463
8:/cccrcrf: 0.000000000 0.573118227 0.426881773
8:/cccrfcr: 0.000000000 0.859539434 0.140460566
8:/cccrffr: 0.000000000 0.003096571 0.996903429
8:/cccrfrc: 0.000000000 0.608138481 0.391861519
8:/cccrfrf: 0.000000000 0.326650028 0.673349972
8:/cccrrcc: 0.000000000 0.236580566 0.763419434
8:/cccrrcf: 0.000000000 0.901194295 0.098805705
8:/cccrrfc: 0.000000000 0.217171029 0.782828971
8:/cccrrff: 0.000000000 0.410716220 0.589283780
8:/ccr: 0.000000000 0.000000000 1.000000000
8:/ccrccrc: 0.000000000 0.871026989 0.128973011
8:/ccrccrf: 0.000000000 0.138263500 0.861736500
8:/ccrcfrc: 0.000000000 0.030868885 0.969131115
8:/ccrcfrf: 0.000000000 0.380033000 0.619967000
8:/ccrcrcc: 0.000000000 0.633145330 0.366854670
8:/ccrcrcf: 0.000000000 0.709810303 0.290189697
8:/ccrcrfc: 0.000000000 0.204534697 0.795465303
8:/ccrcrff: 0.000000000 0.496674855 0.503325145
8:/crc: 0.260218017 0.390484854 0.349297128
8:/crccrcc: 0.000000000 0.609854089 0.390145911
8:/crccrcf: 0.000000000 0.116331081 0.883668919
8:/crccrfc: 0.000000000 0.152402254 0.847597746
8:/crccrff: 0.000000000 0.725122858 0.274877142
8:/crf: 0.426311583 0.173817850 0.399870566
8:/crfcrc: 0.000000000 0.367369767 0.632630233
8:/crfcrf: 0.000000000 0.619655221 0.380344779
8:/crr: 0.000000000 0.551767176 0.448232824
8:/rcc: 0.000103355 0.000000000 0.999896645
8:/rcf: 0.338619720 0.000000000 0.661380280
8:/rcr: 0.000000000 0.000000000 1.000000000
8:/rfc: 0.116051454 0.347586191 0.536362355
8:/rff: 0.335035525 0.364679765 0.300284711
8:/rfr: 0.000000000 0.278182174 0.721817826
8:/rrc: 0.000000000 0.592255717 0.407744283
8:/rrf: 0.000000000 0.256382434 0.743617566
9:/ccc: 0.449155058 0.550844942 0.000000000
9:/cccrccr: 0.000000000 0.356977492 0.643022508
9:/cccrcfr: 0.000000000 0.044878641 0.955121359
9:/cccrcrc: 0.000000000 0.510695754 0.489304246
9:/cccrcrf: 0.000000000 0.372809462 0.627190538
9:/cccrfcr: 0.000000000 0.906629181 0.093370819
9:/cccrffr: 0.000000000 0.548077319 0.451922681
9:/cccrfrc: 0.000000000 0.428787875 0.571212125
9:/cccrfrf: 0.000000000 0.220732710 0.779267290
9:/cccrrcc: 0.000000000 0.452603356 0.547396644
9:/cccrrcf: 0.000000000 0.307452685 0.692547315
9:/cccrrfc: 0.000000000 0.061390462 0.938609538
9:/cccrrff: 0.000000000 0.167097893 0.832902107
9:/ccr: 0.000000000 0.000000000 1.000000000
9:/ccrccrc: 0.000000000 0.386862644 0.613137356
9:/ccrccrf: 0.000000000 0.648445876 0.351554124
9:/ccrcfrc: 0.000000000 0.068102916 0.931897084
9:/ccrcfrf: 0.000000000 0.885246005 0.114753995
9:/ccrcrcc: 0.000000000 0.701900501 0.298099499
9:/ccrcrcf: 0.000000000 0.291046826 0.708953174
9:/ccrcrfc: 0.000000000 0.753809297 0.246190703
9:/ccrcrff: 0.000000000 0.463213806 0.536786194
9:/crc: 0.000000090 0.712421557 0.287578353
9:/crccrcc: 0.000000000 0.814075026 0.185924974
9:/crccrcf: 0.000000000 0.542670640 0.457329360
9:/crccrfc: 0.000000000 0.428991731 0.571008269
9:/crccrff: 0.000000000 0.276459415 0.723540585
9:/crf: 0.468288830 0.400514557 0.131196613
9:/crfcrc: 0.000000000 0.000000000 1.000000000
9:/crfcrf: 0.000000000 0.105366029 0.894633971
9:/crr: 0.000000000 0.084218789 0.915781211
9:/rcc: 0.000208716 0.000000000 0.999791284
9:/rcf: 0.202496274 0.000000000 0.797503726
9:/rcr: 0.000000000 0.000000000 1.000000000
9:/rfc: 0.074075102 0.661872563 0.264052336
9:/rff: 0.710809054 0.107365476 0.181825470
9:/rfr: 0.000000000 0.375632270 0.624367730
9:/rrc: 0.000000000 0.323487531 0.676512469
9:/rrf: 0.000000000 0.515470433 0.484529567
A:/ccc: 0.902566280 0.097433720 0.000000000
A:/cccrccr: 0.000000000 0.634757792 0.365242208
A:/cccrcfr: 0.000000000 0.285250406 0.714749594
A:/cccrcrc: 0.000000000 0.277022709 0.722977291
A:/cccrcrf: 0.000000000 0.602154227 0.397845773
A:/cccrfcr: 0.000000000 0.999999587 0.000000413
A:/cccrffr: 0.000000000 0.533572649 0.466427351
A:/cccrfrc: 0.000000000 0.684785196 0.315214804
A:/cccrfrf: 0.000000000 0.263469170 0.736530830
A:/cccrrcc: 0.000000000 0.612033925 0.387966075
A:/cccrrcf: 0.000000000 0.713901276 0.286098724
A:/cccrrfc: 0.000000000 0.911195924 0.088804076
A:/cccrrff: 0.000000000 0.677633783 0.322366217
A:/ccr: 0.671107075 0.328892925 0.000000000
A:/ccrccrc: 0.000000000 0.405874339 0.594125661
A:/ccrccrf: 0.000000000 0.430176039 0.569823961
A:/ccrcfrc: 0.000000000 0.457264268 0.542735732
A:/ccrcfrf: 0.000000000 0.808030260 0.191969740
A:/ccrcrcc: 0.000000000 0.969132210 0.030867790
A:/ccrcrcf: 0.000000000 0.790218630 0.209781370
A:/ccrcrfc: 0.000000000 0.380835995 0.619164005
A:/ccrcrff: 0.000000000 0.908372730 0.091627270
A:/crc: 0.659265822 0.340734178 0.000000000
A:/crccrcc: 0.000000000 0.725814516 0.274185484
A:/crccrcf: 0.000000000 0.999988510 0.000011490
A:/crccrfc: 0.000000000 0.273373178 0.726626822
A:/crccrff: 0.000000000 0.666091386 0.333908614
A:/crf: 0.722727401 0.125892873 0.151379726
A:/crfcrc: 0.000000000 0.376506553 0.623493447
A:/crfcrf: 0.000000000 0.641289471 0.358710529
A:/crr: 0.000000000 1.000000000 0.000000000
A:/rcc: 1.000000000 0.000000000 0.000000000
A:/rcf: 1.000000000 0.000000000 0.000000000
A:/rcr: 0.000000000 1.000000000 0.000000000
A:/rfc: 0.450432239 0.549312353 0.000255408
A:/rff: 0.686536307 0.313463693 0.000000000
A:/rfr: 0.000000000 0.964765078 0.035234922
A:/rrc: 0.000000000 0.229515460 0.770484540
A:/rrf: 0.000000000 0.998685846 0.001314154
J:/ccc: 0.619606340 0.380393660 0.000000000
J:/cccrccr: 0.000000000 0.830357978 0.169642022
J:/cccrcfr: 0.000000000 0.340391205 0.659608795
J:/cccrcrc: 0.000000000 0.189240773 0.810759227
J:/cccrcrf: 0.000000000 0.924067666 0.075932334
J:/cccrfcr: 0.000000000 0.805518210 0.194481790
J:/cccrffr: 0.000000000 0.525611669 0.474388331
J:/cccrfrc: 0.000000000 0.981200904 0.018799096
J:/cccrfrf: 0.000000000 0.623162190 0.376837810
J:/cccrrcc: 0.000000000 0.810325704 0.189674296
J:/cccrrcf: 0.000000000 0.687790172 0.312209828
J:/cccrrfc: 0.000000000 0.266337446 0.733662554
J:/cccrrff: 0.000000000 0.592246897 0.407753103
J:/ccr: 0.094483158 0.170495101 0.735021740
J:/ccrccrc: 0.000000000 0.394870789 0.605129211
J:/ccrccrf: 0.000000000 0.526286345 0.473713655
J:/ccrcfrc: 0.000000000 0.044200383 0.955799617
J:/ccrcfrf: 0.000000000 0.275035585 0.724964415
J:/ccrcrcc: 0.000000000 0.250588554 0.749411446
J:/ccrcrcf: 0.000000000 0.035346798 0.964653202
J:/ccrcrfc: 0.000000000 0.397487245 0.602512755
J:/ccrcrff: 0.000000000 0.704969693 0.295030307
J:/crc: 0.427026870 0.289473188 0.283499943
J:/crccrcc: 0.000000000 0.575209630 0.424790370
J:/crccrcf: 0.000000000 0.629727417 0.370272583
J:/crccrfc: 0.000000000 0.283233714 0.716766286
J:/crccrff: 0.000000000 0.489708397 0.510291603
J:/crf: 0.104945656 0.414091696 0.480962648
J:/crfcrc: 0.000000000 0.927446612 0.072553388
J:/crfcrf: 0.000000000 0.717366117 0.282633883
J:/crr: 0.000000000 0.765159356 0.234840644
J:/rcc: 0.073292313 0.000000000 0.926707687
J:/rcf: 0.000000000 0.000000000 1.000000000
J:/rcr: 0.000000000 0.000000000 1.000000000
J:/rfc: 0.000121904 0.407770100 0.592107996
J:/rff: 0.490158073 0.509841927 0.000000000
J:/rfr: 0.000000000 0.262938671 0.737061329
J:/rrc: 0.000000000 0.305337109 0.694662891
J:/rrf: 0.000000000 0.571824657 0.428175343
K:/ccc: 0.409348424 0.590651576 0.000000000
K:/cccrccr: 0.000000000 0.618720994 0.381279006
K:/cccrcfr: 0.000000000 0.511244986 0.488755014
K:/cccrcrc: 0.000000000 0.711345139 0.288654861
K:/cccrcrf: 0.000000000 0.497810027 0.502189973
K:/cccrfcr: 0.000000000 0.826444000 0.173556000
K:/cccrffr: 0.000000000 0.670561992 0.329438008
K:/cccrfrc: 0.000000000 0.826038411 0.173961589
K:/cccrfrf: 0.000000000 0.626716501 0.373283499
K:/cccrrcc: 0.000000000 0.954104738 0.045895262
K:/cccrrcf: 0.000000000 0.488463945 0.511536055
K:/cccrrfc: 0.000000000 0.667290009 0.332709991
K:/cccrrff: 0.000000000 0.592472155 0.407527845
K:/ccr: 0.473360419 0.526485619 0.000153962
K:/ccrccrc: 0.000000000 0.224765989 0.775234011
K:/ccrccrf: 0.000000000 0.422878279 0.577121721
K:/ccrcfrc: 0.000000000 0.444162863 0.555837137
K:/ccrcfrf: 0.000000000 0.667347721 0.332652279
K:/ccrcrcc: 0.000000000 0.674114518 0.325885482
K:/ccrcrcf: 0.000000000 0.521949720 0.478050280
K:/ccrcrfc: 0.000000000 0.633667559 0.366332441
K:/ccrcrff: 0.000000000 0.687019812 0.312980188
K:/crc: 0.635056911 0.225856585 0.139086504
K:/crccrcc: 0.000000000 0.585535038 0.414464962
K:/crccrcf: 0.000000000 0.541627242 0.458372758
K:/crccrfc: 0.000000000 0.541567872 0.458432128
K:/crccrff: 0.000000000 0.920273136 0.079726864
K:/crf: 0.446780031 0.441783239 0.111436729
K:/crfcrc: 0.000000000 0.646277154 0.353722846
K:/crfcrf: 0.000000000 0.353862177 0.646137823
K:/crr: 0.000000000 0.923662588 0.076337412
K:/rcc: 0.787563437 0.152274797 0.060161766
K:/rcf: 0.432167945 0.567832055 0.000000000
K:/rcr: 0.000000000 0.252342881 0.747657119
K:/rfc: 0.097264212 0.784239399 0.118496389
K:/rff: 0.590869800 0.409130200 0.000000000
K:/rfr: 0.000000000 0.669919045 0.330080955
K:/rrc: 0.000000000 0.431317002 0.568682998
K:/rrf: 0.000000000 0.777076186 0.222923814
Q:/ccc: 0.506625874 0.493374126 0.000000000
Q:/cccrccr: 0.000000000 0.349812541 0.650187459
Q:/cccrcfr: 0.000000000 0.611515004 0.388484996
Q:/cccrcrc: 0.000000000 0.520453737 0.479546263
Q:/cccrcrf: 0.000000000 0.647832027 0.352167973
Q:/cccrfcr: 0.000000000 0.563564197 0.436435803
Q:/cccrffr: 0.000000000 0.752059692 0.247940308
Q:/cccrfrc: 0.000000000 0.775746000 0.224254000
Q:/cccrfrf: 0.000000000 0.492301192 0.507698808
Q:/cccrrcc: 0.000000000 0.093014769 0.906985231
Q:/cccrrcf: 0.000000000 0.299886496 0.700113504
Q:/cccrrfc: 0.000000000 0.542246298 0.457753702
Q:/cccrrff: 0.000000000 0.113412743 0.886587257
Q:/ccr: 0.010456345 0.222830631 0.766713024
Q:/ccrccrc: 0.000000000 0.475696947 0.524303053
Q:/ccrccrf: 0.000000000 0.610986407 0.389013593
Q:/ccrcfrc: 0.000000000 0.600854286 0.399145714
Q:/ccrcfrf: 0.000000000 0.736874698 0.263125302
Q:/ccrcrcc: 0.000000000 0.131108214 0.868891786
Q:/ccrcrcf: 0.000000000 0.683198625 0.316801375
Q:/ccrcrfc: 0.000000000 0.497465294 0.502534706
Q:/ccrcrff: 0.000000000 0.690632909 0.309367091
Q:/crc: 0.072799319 0.365015751 0.562184930
Q:/crccrcc: 0.000000000 0.981229413 0.018770587
Q:/crccrcf: 0.000000000 0.527842061 0.472157939
Q:/crccrfc: 0.000000000 0.203307320 0.796692680
Q:/crccrff: 0.000000000 0.435193257 0.564806743
Q:/crf: 0.426434298 0.528461647 0.045104055
Q:/crfcrc: 0.000000000 0.035139110 0.964860890
Q:/crfcrf: 0.000000000 0.712474202 0.287525798
Q:/crr: 0.000000000 0.677069307 0.322930693
Q:/rcc: 0.024724437 0.000000000 0.975275563
Q:/rcf: 0.000000000 1.000000000 0.000000000
Q:/rcr: 0.000000000 0.000000000 1.000000000
Q:/rfc: 0.064219612 0.275125535 0.660654853
Q:/rff: 0.273051656 0.726948344 0.000000000
Q:/rfr: 0.000000000 0.273025102 0.726974898
Q:/rrc: 0.000000000 0.496189275 0.503810725
Q:/rrf: 0.000000000 0.999967493 0.000032507
T:/ccc: 0.000000052 0.999999948 0.000000000
T:/cccrccr: 0.000000000 0.209415108 0.790584892
T:/cccrcfr: 0.000000000 0.669318214 0.330681786
T:/cccrcrc: 0.000000000 0.003962524 0.996037476
T:/cccrcrf: 0.000000000 0.039472092 0.960527908
T:/cccrfcr: 0.000000000 0.280905783 0.719094217
T:/cccrffr: 0.000000000 0.639804678 0.360195322
T:/cccrfrc: 0.000000000 0.648946966 0.351053034
T:/cccrfrf: 0.000000000 0.406467913 0.593532087
T:/cccrrcc: 0.000000000 0.074112173 0.925887827
T:/cccrrcf: 0.000000000 0.260008858 0.739991142
T:/cccrrfc: 0.000000000 0.577234889 0.422765111
T:/cccrrff: 0.000000000 0.430419322 0.569580678
T:/ccr: 0.000005756 0.367978868 0.632015376
T:/ccrccrc: 0.000000000 0.875429691 0.124570309
T:/ccrccrf: 0.000000000 0.661687764 0.338312236
T:/ccrcfrc: 0.000000000 0.432593492 0.567406508
T:/ccrcfrf: 0.000000000 0.374828630 0.625171370
T:/ccrcrcc: 0.000000000 0.567892120 0.432107880
T:/ccrcrcf: 0.000000000 0.552350914 0.447649086
T:/ccrcrfc: 0.000000000 0.648692167 0.351307833
T:/ccrcrff: 0.000000000 0.425853439 0.574146561
T:/crc: 0.077173431 0.287076413 0.635750156
T:/crccrcc: 0.000000000 0.455845764 0.544154236
T:/crccrcf: 0.000000000 0.264560205 0.735439795
T:/crccrfc: 0.000000000 0.858623959 0.141376041
T:/crccrff: 0.000000000 0.086718639 0.913281361
T:/crf: 0.555343191 0.300392282 0.144264527
T:/crfcrc: 0.000000000 0.400197866 0.599802134
T:/crfcrf: 0.000000000 0.215040030 0.784959970
T:/crr: 0.000000000 0.259862551 0.740137449
T:/rcc: 0.065958886 0.000000000 0.934041114
T:/rcf: 0.000000000 0.000000000 1.000000000
T:/rcr: 0.000000000 0.000000000 1.000000000
T:/rfc: 0.013564380 0.095683702 0.890751917
T:/rff: 0.000000000 0.336062534 0.663937466
T:/rfr: 0.000000000 0.000000000 1.000000000
T:/rrc: 0.000000000 0.652672257 0.347327743
T:/rrf: 0.000000000 0.395564154 0.604435846
