9:/: 0.000254408 0.999745592 0.000000000
9:/cccr: 0.001871367 0.000000000 0.998128633
9:/cccrccrc: 0.000000000 0.518190816 0.481809184
9:/cccrccrf: 0.000000000 0.091107944 0.908892056
9:/cccrcfrc: 0.000000000 0.795390907 0.204609093
9:/cccrcfrf: 0.000000000 0.694498499 0.305501501
9:/cccrcrcc: 0.000000000 0.449345431 0.550654569
9:/cccrcrcf: 0.000000000 0.411536591 0.588463409
9:/cccrcrfc: 0.000000000 0.306071699 0.693928301
9:/cccrcrff: 0.000000000 0.495480555 0.504519445
9:/ccrc: 0.048728628 0.545943864 0.405327508
9:/ccrccrcc: 0.000000000 0.680873464 0.319126536
9:/ccrccrcf: 0.000000000 0.758276705 0.241723295
9:/ccrccrfc: 0.000000000 0.354417127 0.645582873
9:/ccrccrff: 0.000000000 0.552135958 0.447864042
9:/ccrf: 0.106463310 0.730488233 0.163048458
9:/ccrfcrc: 0.000000000 0.245054269 0.754945731
9:/ccrfcrf: 0.000000000 0.833084393 0.166915607
9:/ccrr: 0.000000000 0.322281045 0.677718955
9:/crcc: 0.178500919 0.515021902 0.306477179
9:/crcf: 0.087294970 0.093273546 0.819431484
9:/crcr: 0.000000000 0.233864764 0.766135236
9:/crfc: 0.026256028 0.000000000 0.973743972
9:/crff: 0.063733984 0.000000000 0.936266016
9:/crfr: 0.000000000 0.075445861 0.924554139
9:/crrc: 0.000000000 0.499277886 0.500722114
9:/crrf: 0.000000000 0.807938880 0.192061120
9:/rccr: 0.000000000 0.009418253 0.990581747
9:/rcfr: 0.000000000 0.663444201 0.336555799
9:/rcrc: 0.000000000 0.618406378 0.381593622
9:/rcrf: 0.000000000 0.194331646 0.805668354
9:/rfcr: 0.000000000 0.000000000 1.000000000
9:/rffr: 0.000000000 0.000000000 1.000000000
9:/rfrc: 0.000000000 0.000000000 1.000000000
9:/rfrf: 0.000000000 0.309856428 0.690143572
9:/rrcc: 0.000000000 0.305183239 0.694816761
9:/rrcf: 0.000000000 0.291131839 0.708868161
9:/rrfc: 0.000000000 0.000000000 1.000000000
9:/rrff: 0.000000000 0.033425835 0.966574165
A:/: 0.002968141 0.997031859 0.000000000
A:/cccr: 0.859818429 0.140181571 0.000000000
A:/cccrccrc: 0.000000000 0.308150969 0.691849031
A:/cccrccrf: 0.000000000 0.353811100 0.646188900
A:/cccrcfrc: 0.000000000 0.753957703 0.246042297
A:/cccrcfrf: 0.000000000 0.435518192 0.564481808
A:/cccrcrcc: 0.000000000 1.000000000 0.000000000
A:/cccrcrcf: 0.000000000 0.903892451 0.096107549
A:/cccrcrfc: 0.000000000 0.701623937 0.298376063
A:/cccrcrff: 0.000000000 0.813955810 0.186044190
A:/ccrc: 0.630207704 0.347869344 0.021922952
A:/ccrccrcc: 0.000000000 0.133326827 0.866673173
A:/ccrccrcf: 0.000000000 0.320114108 0.679885892
A:/ccrccrfc: 0.000000000 0.629551366 0.370448634
A:/ccrccrff: 0.000000000 0.914632253 0.085367747
A:/ccrf: 0.587727093 0.412272907 0.000000000
A:/ccrfcrc: 0.000000000 0.928107853 0.071892147
A:/ccrfcrf: 0.000000000 0.835416344 0.164583656
A:/ccrr: 0.000000000 1.000000000 0.000000000
A:/crcc: 0.268361023 0.731638977 0.000000000
A:/crcf: 0.583937073 0.416062927 0.000000000
A:/crcr: 0.000000000 1.000000000 0.000000000
A:/crfc: 0.572490714 0.427509286 0.000000000
A:/crff: 0.778420428 0.221579572 0.000000000
A:/crfr: 0.000000000 1.000000000 0.000000000
A:/crrc: 0.000000000 0.938811905 0.061188095
A:/crrf: 0.000000000 0.345189111 0.654810889
A:/rccr: 0.000000000 0.956870013 0.043129987
A:/rcfr: 0.000000000 1.000000000 0.000000000
A:/rcrc: 0.000000000 0.737649508 0.262350492
A:/rcrf: 0.000000000 0.859364693 0.140635307
A:/rfcr: 0.000000000 1.000000000 0.000000000
A:/rffr: 0.000000000 1.000000000 0.000000000
A:/rfrc: 0.000000000 1.000000000 0.000000000
A:/rfrf: 0.000000000 0.376280354 0.623719646
A:/rrcc: 0.000000000 0.943146925 0.056853075
A:/rrcf: 0.000000000 1.000000000 0.000000000
A:/rrfc: 0.000000000 0.966536504 0.033463496
A:/rrff: 0.000000000 0.954641541 0.045358459
J:/: 0.000439376 0.999560624 0.000000000
J:/cccr: 0.001575382 0.000556378 0.997868240
J:/cccrccrc: 0.000000000 0.802885660 0.197114340
J:/cccrccrf: 0.000000000 0.631557549 0.368442451
J:/cccrcfrc: 0.000000000 0.353619327 0.646380673
J:/cccrcfrf: 0.000000000 0.508089710 0.491910290
J:/cccrcrcc: 0.000000000 0.463483114 0.536516886
J:/cccrcrcf: 0.000000000 0.261619140 0.738380860
J:/cccrcrfc: 0.000000000 0.000000000 1.000000000
J:/cccrcrff: 0.000000000 0.184125213 0.815874787
J:/ccrc: 0.031587920 0.144264939 0.824147141
J:/ccrccrcc: 0.000000000 0.718190768 0.281809232
J:/ccrccrcf: 0.000000000 0.498116449 0.501883551
J:/ccrccrfc: 0.000000000 0.700360249 0.299639751
J:/ccrccrff: 0.000000000 0.298144440 0.701855560
J:/ccrf: 0.577188991 0.386917414 0.035893595
J:/ccrfcrc: 0.000000000 0.506410019 0.493589981
J:/ccrfcrf: 0.000000000 0.631681999 0.368318001
J:/ccrr: 0.000000000 0.416047650 0.583952350
J:/crcc: 0.288988202 0.173617500 0.537394298
J:/crcf: 0.000000000 0.379013525 0.620986475
J:/crcr: 0.000000000 0.302345770 0.697654230
J:/crfc: 0.014262063 0.020150640 0.965587297
J:/crff: 0.051800889 0.030265745 0.917933365
J:/crfr: 0.000000000 0.000000000 1.000000000
J:/crrc: 0.000000000 0.649310807 0.350689193
J:/crrf: 0.000000000 0.736246483 0.263753517
J:/rccr: 0.000000000 0.013608699 0.986391301
J:/rcfr: 0.000000000 0.269506868 0.730493132
J:/rcrc: 0.000000000 0.000000000 1.000000000
J:/rcrf: 0.000000000 0.384040732 0.615959268
J:/rfcr: 0.000000000 0.000532115 0.999467885
J:/rffr: 0.000000000 0.005102246 0.994897754
J:/rfrc: 0.000000000 0.000000000 1.000000000
J:/rfrf: 0.000000000 0.827629801 0.172370199
J:/rrcc: 0.000000000 0.054395856 0.945604144
J:/rrcf: 0.000000000 0.041205902 0.958794098
J:/rrfc: 0.000000000 0.032260358 0.967739642
J:/rrff: 0.000000000 0.005807198 0.994192802
K:/: 0.001456370 0.998543630 0.000000000
K:/cccr: 0.003150942 0.116818695 0.880030364
K:/cccrccrc: 0.000000000 0.390060445 0.609939555
K:/cccrccrf: 0.000000000 0.127001684 0.872998316
K:/cccrcfrc: 0.000000000 0.637010760 0.362989240
K:/cccrcfrf: 0.000000000 0.952994288 0.047005712
K:/cccrcrcc: 0.000000000 0.604957227 0.395042773
K:/cccrcrcf: 0.000000000 0.865571268 0.134428732
K:/cccrcrfc: 0.000000000 0.489544860 0.510455140
K:/cccrcrff: 0.000000000 0.580264873 0.419735127
K:/ccrc: 0.348777183 0.415151617 0.236071200
K:/ccrccrcc: 0.000000000 0.674079584 0.325920416
K:/ccrccrcf: 0.000000000 0.293032204 0.706967796
K:/ccrccrfc: 0.000000000 0.481713007 0.518286993
K:/ccrccrff: 0.000000000 0.541546583 0.458453417
K:/ccrf: 0.239116069 0.760883931 0.000000000
K:/ccrfcrc: 0.000000000 0.990258475 0.009741525
K:/ccrfcrf: 0.000000000 0.648996987 0.351003013
K:/ccrr: 0.000000000 0.634719464 0.365280536
K:/crcc: 0.401198166 0.125293858 0.473507976
K:/crcf: 0.165889317 0.306300827 0.527809856
K:/crcr: 0.000000000 0.781113049 0.218886951
K:/crfc: 0.014721004 0.542124921 0.443154074
K:/crff: 0.051051263 0.823430094 0.125518643
K:/crfr: 0.000000000 0.220206427 0.779793573
K:/crrc: 0.000000000 0.320795849 0.679204151
K:/crrf: 0.000000000 0.515948145 0.484051855
K:/rccr: 0.000000000 0.333835841 0.666164159
K:/rcfr: 0.000000000 0.059504553 0.940495447
K:/rcrc: 0.000000000 0.751249164 0.248750836
K:/rcrf: 0.000000000 0.560680848 0.439319152
K:/rfcr: 0.000000000 0.594877008 0.405122992
K:/rffr: 0.000000000 0.457232405 0.542767595
K:/rfrc: 0.000000000 0.132224439 0.867775561
K:/rfrf: 0.000000000 0.636772108 0.363227892
K:/rrcc: 0.000000000 0.000888411 0.999111589
K:/rrcf: 0.000000000 0.415717804 0.584282196
K:/rrfc: 0.000000000 0.295256526 0.704743474
K:/rrff: 0.000000000 0.141266577 0.858733423
Q:/: 0.000614607 0.999385393 0.000000000
Q:/cccr: 0.002515002 0.001351293 0.996133705
Q:/cccrccrc: 0.000000000 0.281799427 0.718200573
Q:/cccrccrf: 0.000000000 0.492817116 0.507182884
Q:/cccrcfrc: 0.000000000 0.434822852 0.565177148
Q:/cccrcfrf: 0.000000000 0.523368498 0.476631502
Q:/cccrcrcc: 0.000000000 0.176446831 0.823553169
Q:/cccrcrcf: 0.000000000 0.407666277 0.592333723
Q:/cccrcrfc: 0.000000000 0.365498677 0.634501323
Q:/cccrcrff: 0.000000000 0.475941240 0.524058760
Q:/ccrc: 0.184174651 0.229363178 0.586462171
Q:/ccrccrcc: 0.000000000 0.199530372 0.800469628
Q:/ccrccrcf: 0.000000000 0.886287899 0.113712101
Q:/ccrccrfc: 0.000000000 0.061302938 0.938697062
Q:/ccrccrff: 0.000000000 0.331256787 0.668743213
Q:/ccrf: 0.472719526 0.475643004 0.051637470
Q:/ccrfcrc: 0.000000000 0.733559025 0.266440975
Q:/ccrfcrf: 0.000000000 0.926757255 0.073242745
Q:/ccrr: 0.000000000 0.000000000 1.000000000
Q:/crcc: 0.093311435 0.074325551 0.832363013
Q:/crcf: 0.035203675 0.596674264 0.368122061
Q:/crcr: 0.000000000 0.065940939 0.934059061
Q:/crfc: 0.032374063 0.048514324 0.919111613
Q:/crff: 0.030185655 0.239897547 0.729916798
Q:/crfr: 0.000000000 0.000000000 1.000000000
Q:/crrc: 0.000000000 0.017516224 0.982483776
Q:/crrf: 0.000000000 0.538224899 0.461775101
Q:/rccr: 0.000000000 0.586011502 0.413988498
Q:/rcfr: 0.000000000 0.216969252 0.783030748
Q:/rcrc: 0.000000000 0.175045095 0.824954905
Q:/rcrf: 0.000000000 0.434637202 0.565362798
Q:/rfcr: 0.000000000 0.006545410 0.993454590
Q:/rffr: 0.000000000 0.271911271 0.728088729
Q:/rfrc: 0.000000000 0.000000000 1.000000000
Q:/rfrf: 0.000000000 0.088147730 0.911852270
Q:/rrcc: 0.000000000 0.317959767 0.682040233
Q:/rrcf: 0.000000000 0.001198412 0.998801588
Q:/rrfc: 0.000000000 0.000971856 0.999028144
Q:/rrff: 0.000000000 0.008510898 0.991489102
T:/: 0.000306697 0.999693303 0.000000000
T:/cccr: 0.002015836 0.000000000 0.997984164
T:/cccrccrc: 0.000000000 0.000000000 1.000000000
T:/cccrccrf: 0.000000000 0.821171047 0.178828953
T:/cccrcfrc: 0.000000000 0.225815972 0.774184028
T:/cccrcfrf: 0.000000000 0.357673946 0.642326054
T:/cccrcrcc: 0.000000000 0.130925153 0.869074847
T:/cccrcrcf: 0.000000000 0.447037467 0.552962533
T:/cccrcrfc: 0.000000000 0.474128833 0.525871167
T:/cccrcrff: 0.000000000 0.000000000 1.000000000
T:/ccrc: 0.213765619 0.504944603 0.281289777
T:/ccrccrcc: 0.000000000 0.508735777 0.491264223
T:/ccrccrcf: 0.000000000 0.953463776 0.046536224
T:/ccrccrfc: 0.000000000 0.596881587 0.403118413
T:/ccrccrff: 0.000000000 0.623249943 0.376750057
T:/ccrf: 0.241383303 0.424627908 0.333988789
T:/ccrfcrc: 0.000000000 0.538079114 0.461920886
T:/ccrfcrf: 0.000000000 0.374579182 0.625420818
T:/ccrr: 0.000000000 0.367152655 0.632847345
T:/crcc: 0.000000000 0.177852797 0.822147203
T:/crcf: 0.074821590 0.114886405 0.810292005
T:/crcr: 0.000000000 0.000000000 1.000000000
T:/crfc: 0.013127336 0.000000000 0.986872664
T:/crff: 0.063717562 0.000000000 0.936282438
T:/crfr: 0.000000000 0.000000000 1.000000000
T:/crrc: 0.000000000 0.060928160 0.939071840
T:/crrf: 0.000000000 0.689974745 0.310025255
T:/rccr: 0.000000000 0.223501869 0.776498131
T:/rcfr: 0.000000000 0.309421372 0.690578628
T:/rcrc: 0.000000000 0.464511072 0.535488928
T:/rcrf: 0.000000000 0.256631185 0.743368815
T:/rfcr: 0.000000000 0.000000000 1.000000000
T:/rffr: 0.000000000 0.001260065 0.998739935
T:/rfrc: 0.000000000 0.102614503 0.897385497
T:/rfrf: 0.000000000 0.685944855 0.314055145
T:/rrcc: 0.000000000 0.012102801 0.987897199
T:/rrcf: 0.000000000 0.004264537 0.995735463
T:/rrfc: 0.000000000 0.198207408 0.801792592
T:/rrff: 0.000000000 0.000905682 0.999094318
