9:/cc: 0.074408143 0.925591857 0.000000000
9:/cccrcc: 0.123245412 0.218841790 0.657912798
9:/cccrcf: 0.071563331 0.099156936 0.829279733
9:/cccrcr: 0.000000000 0.212755154 0.787244846
9:/cccrfc: 0.000000000 0.000000000 1.000000000
9:/cccrff: 0.002195993 0.000000000 0.997804007
9:/cccrfr: 0.000000000 0.000000000 1.000000000
9:/cccrrc: 0.000000000 0.756024163 0.243975837
9:/cccrrf: 0.000000000 0.379809708 0.620190292
9:/ccrccr: 0.000000000 0.000000000 1.000000000
9:/ccrcfr: 0.000000000 0.429344410 0.570655590
9:/ccrcrc: 0.000000000 0.762235306 0.237764694
9:/ccrcrf: 0.000000000 0.226275790 0.773724210
9:/ccrfcr: 0.000000000 0.443318619 0.556681381
9:/ccrffr: 0.000000000 0.455942574 0.544057426
9:/ccrfrc: 0.000000000 0.485752288 0.514247712
9:/ccrfrf: 0.000000000 0.534481420 0.465518580
9:/ccrrcc: 0.000000000 0.511258077 0.488741923
9:/ccrrcf: 0.000000000 0.130661672 0.869338328
9:/ccrrfc: 0.000000000 0.344863273 0.655136727
9:/ccrrff: 0.000000000 0.229037952 0.770962048
9:/cr: 0.000000000 0.000000000 1.000000000
9:/crccrc: 0.000000000 0.406561870 0.593438130
9:/crccrf: 0.000000000 0.777572028 0.222427972
9:/crcfrc: 0.000000000 0.253175181 0.746824819
9:/crcfrf: 0.000000000 0.354097767 0.645902233
9:/crcrcc: 0.000000000 0.508253954 0.491746046
9:/crcrcf: 0.000000000 0.281953831 0.718046169
9:/crcrfc: 0.000000000 0.314196515 0.685803485
9:/crcrff: 0.000000000 0.683223882 0.316776118
9:/rc: 0.107864395 0.358294574 0.533841031
9:/rccrcc: 0.000000000 0.558867309 0.441132691
9:/rccrcf: 0.000000000 0.424390297 0.575609703
9:/rccrfc: 0.000000000 0.342780129 0.657219871
9:/rccrff: 0.000000000 0.021786653 0.978213347
9:/rf: 0.327883674 0.466276367 0.205839959
9:/rfcrc: 0.000000000 0.388884185 0.611115815
9:/rfcrf: 0.000000000 0.148572812 0.851427188
9:/rr: 0.000000000 0.400869253 0.599130747
A:/cc: 0.454650475 0.545349525 0.000000000
A:/cccrcc: 0.290237888 0.328002445 0.381759667
A:/cccrcf: 0.542486025 0.222636460 0.234877515
A:/cccrcr: 0.000000000 0.686531703 0.313468297
A:/cccrfc: 0.679243932 0.320756068 0.000000000
A:/cccrff: 0.355701092 0.644298908 0.000000000
A:/cccrfr: 0.000000000 1.000000000 0.000000000
A:/cccrrc: 0.000000000 0.531631447 0.468368553
A:/cccrrf: 0.000000000 0.978977538 0.021022462
A:/ccrccr: 0.000000000 1.000000000 0.000000000
A:/ccrcfr: 0.000000000 0.869596420 0.130403580
A:/ccrcrc: 0.000000000 0.787711134 0.212288866
A:/ccrcrf: 0.000000000 0.943564311 0.056435689
A:/ccrfcr: 0.000000000 1.000000000 0.000000000
A:/ccrffr: 0.000000000 0.876433300 0.123566700
A:/ccrfrc: 0.000000000 1.000000000 0.000000000
A:/ccrfrf: 0.000000000 0.275280806 0.724719194
A:/ccrrcc: 0.000000000 0.635084650 0.364915350
A:/ccrrcf: 0.000000000 0.980250081 0.019749919
A:/ccrrfc: 0.000000000 0.783871275 0.216128725
A:/ccrrff: 0.000000000 1.000000000 0.000000000
A:/cr: 0.744653521 0.255346479 0.000000000
A:/crccrc: 0.000000000 0.632272071 0.367727929
A:/crccrf: 0.000000000 0.737611427 0.262388573
A:/crcfrc: 0.000000000 0.769336306 0.230663694
A:/crcfrf: 0.000000000 0.860024635 0.139975365
A:/crcrcc: 0.000000000 0.470958678 0.529041322
A:/crcrcf: 0.000000000 0.783314294 0.216685706
A:/crcrfc: 0.000000000 1.000000000 0.000000000
A:/crcrff: 0.000000000 0.937410776 0.062589224
A:/rc: 0.388439657 0.611560343 0.000000000
A:/rccrcc: 0.000000000 0.828548031 0.171451969
A:/rccrcf: 0.000000000 0.321276660 0.678723340
A:/rccrfc: 0.000000000 0.856951287 0.143048713
A:/rccrff: 0.000000000 0.718428565 0.281571435
A:/rf: 0.591797163 0.408202837 0.000000000
A:/rfcrc: 0.000000000 0.463382953 0.536617047
A:/rfcrf: 0.000000000 0.743261249 0.256738751
A:/rr: 0.000000000 0.965781587 0.034218413
J:/cc: 0.015373450 0.984626550 0.000000000
J:/cccrcc: 0.135594114 0.324247535 0.540158351
J:/cccrcf: 0.000000000 0.360495283 0.639504717
J:/cccrcr: 0.000000000 0.086877426 0.913122574
J:/cccrfc: 0.000000000 0.040235831 0.959764169
J:/cccrff: 0.000595609 0.026758189 0.972646202
J:/cccrfr: 0.000000000 0.119856252 0.880143748
J:/cccrrc: 0.000000000 0.256320597 0.743679403
J:/cccrrf: 0.000000000 0.429947761 0.570052239
J:/ccrccr: 0.000000000 0.527590919 0.472409081
J:/ccrcfr: 0.000000000 0.472855632 0.527144368
J:/ccrcrc: 0.000000000 0.313605378 0.686394622
J:/ccrcrf: 0.000000000 0.855714407 0.144285593
J:/ccrfcr: 0.000000000 0.438727139 0.561272861
J:/ccrffr: 0.000000000 0.136420423 0.863579577
J:/ccrfrc: 0.000000000 0.070087665 0.929912335
J:/ccrfrf: 0.000000000 0.926114631 0.073885369
J:/ccrrcc: 0.000000000 0.348335741 0.651664259
J:/ccrrcf: 0.000000000 0.303700611 0.696299389
J:/ccrrfc: 0.000000000 0.000000000 1.000000000
J:/ccrrff: 0.000000000 0.268226660 0.731773340
J:/cr: 0.000000000 0.002448575 0.997551425
J:/crccrc: 0.000000000 0.651645146 0.348354854
J:/crccrf: 0.000000000 0.773405764 0.226594236
J:/crcfrc: 0.000000000 0.502312645 0.497687355
J:/crcfrf: 0.000000000 0.390331337 0.609668663
J:/crcrcc: 0.000000000 0.657434261 0.342565739
J:/crcrcf: 0.000000000 0.437952448 0.562047552
J:/crcrfc: 0.000000000 0.000000000 1.000000000
J:/crcrff: 0.000000000 0.475020279 0.524979721
J:/rc: 0.125875728 0.485297245 0.388827027
J:/rccrcc: 0.000000000 0.750264539 0.249735461
J:/rccrcf: 0.000000000 0.668663190 0.331336810
J:/rccrfc: 0.000000000 0.460897518 0.539102482
J:/rccrff: 0.000000000 0.783493411 0.216506589
J:/rf: 0.178736805 0.244443922 0.576819272
J:/rfcrc: 0.000000000 0.495234269 0.504765731
J:/rfcrf: 0.000000000 0.462064011 0.537935989
J:/rr: 0.000000000 0.103113242 0.896886758
K:/cc: 0.000000000 1.000000000 0.000000000
K:/cccrcc: 0.456287336 0.030672678 0.513039986
K:/cccrcf: 0.000000000 0.452531323 0.547468677
K:/cccrcr: 0.000000000 0.302613721 0.697386279
K:/cccrfc: 0.000000000 0.771960233 0.228039767
K:/cccrff: 0.002658620 0.925831096 0.071510284
K:/cccrfr: 0.000000000 0.385479125 0.614520875
K:/cccrrc: 0.000000000 0.391188887 0.608811113
K:/cccrrf: 0.000000000 0.502402544 0.497597456
K:/ccrccr: 0.000000000 0.456928424 0.543071576
K:/ccrcfr: 0.000000000 0.270410631 0.729589369
K:/ccrcrc: 0.000000000 0.000025860 0.999974140
K:/ccrcrf: 0.000000000 0.660042699 0.339957301
K:/ccrfcr: 0.000000000 0.603228747 0.396771253
K:/ccrffr: 0.000000000 0.783857468 0.216142532
K:/ccrfrc: 0.000000000 0.440479190 0.559520810
K:/ccrfrf: 0.000000000 0.554845813 0.445154187
K:/ccrrcc: 0.000000000 0.497073254 0.502926746
K:/ccrrcf: 0.000000000 0.634277936 0.365722064
K:/ccrrfc: 0.000000000 0.076900467 0.923099533
K:/ccrrff: 0.000000000 0.116259530 0.883740470
K:/cr: 0.000000000 0.106879269 0.893120731
K:/crccrc: 0.000000000 0.000000000 1.000000000
K:/crccrf: 0.000000000 0.379396574 0.620603426
K:/crcfrc: 0.000000000 0.505743693 0.494256307
K:/crcfrf: 0.000000000 0.942600810 0.057399190
K:/crcrcc: 0.000000000 0.200656819 0.799343181
K:/crcrcf: 0.000000000 0.173485689 0.826514311
K:/crcrfc: 0.000000000 0.144430354 0.855569646
K:/crcrff: 0.000000000 0.725749270 0.274250730
K:/rc: 0.265237943 0.472996459 0.261765598
K:/rccrcc: 0.000000000 0.363665100 0.636334900
K:/rccrcf: 0.000000000 0.743834370 0.256165630
K:/rccrfc: 0.000000000 0.603262361 0.396737639
K:/rccrff: 0.000000000 0.526825072 0.473174928
K:/rf: 0.604170673 0.132685873 0.263143454
K:/rfcrc: 0.000000000 0.808741091 0.191258909
K:/rfcrf: 0.000000000 0.464391158 0.535608842
K:/rr: 0.000000000 0.324572128 0.675427872
Q:/cc: 0.000000000 1.000000000 0.000000000
Q:/cccrcc: 0.000000000 0.240224846 0.759775154
Q:/cccrcf: 0.000000000 0.433773027 0.566226973
Q:/cccrcr: 0.000000000 0.754902624 0.245097376
Q:/cccrfc: 0.064646881 0.084032193 0.851320926
Q:/cccrff: 0.002006613 0.290486920 0.707506467
Q:/cccrfr: 0.000000000 0.000000000 1.000000000
Q:/cccrrc: 0.000000000 0.038615759 0.961384241
Q:/cccrrf: 0.000000000 0.802408929 0.197591071
Q:/ccrccr: 0.000000000 0.000000000 1.000000000
Q:/ccrcfr: 0.000000000 0.251410007 0.748589993
Q:/ccrcrc: 0.000000000 0.700203161 0.299796839
Q:/ccrcrf: 0.000000000 0.332309559 0.667690441
Q:/ccrfcr: 0.000000000 0.503461985 0.496538015
Q:/ccrffr: 0.000000000 0.713655008 0.286344992
Q:/ccrfrc: 0.000000000 0.184816303 0.815183697
Q:/ccrfrf: 0.000000000 0.703437228 0.296562772
Q:/ccrrcc: 0.000000000 0.295218733 0.704781267
Q:/ccrrcf: 0.000000000 0.633146158 0.366853842
Q:/ccrrfc: 0.000000000 0.266316834 0.733683166
Q:/ccrrff: 0.000000000 0.725771239 0.274228761
Q:/cr: 0.000000000 0.040893187 0.959106813
Q:/crccrc: 0.000000000 0.357384140 0.642615860
Q:/crccrf: 0.000000000 0.201997607 0.798002393
Q:/crcfrc: 0.000000000 0.570188296 0.429811704
Q:/crcfrf: 0.000000000 0.575199100 0.424800900
Q:/crcrcc: 0.000000000 0.000000000 1.000000000
Q:/crcrcf: 0.000000000 0.371142348 0.628857652
Q:/crcrfc: 0.000000000 0.645103381 0.354896619
Q:/crcrff: 0.000000000 0.099896952 0.900103048
Q:/rc: 0.043651964 0.494647633 0.461700403
Q:/rccrcc: 0.000000000 0.929516200 0.070483800
Q:/rccrcf: 0.000000000 0.833667544 0.166332456
Q:/rccrfc: 0.000000000 0.312221710 0.687778290
Q:/rccrff: 0.000000000 0.653054600 0.346945400
Q:/rf: 0.357118612 0.051742823 0.591138565
Q:/rfcrc: 0.000000000 0.554516871 0.445483129
Q:/rfcrf: 0.000000000 0.554771670 0.445228330
Q:/rr: 0.000000000 0.803670802 0.196329198
T:/cc: 0.148047865 0.851952135 0.000000000
T:/cccrcc: 0.000000000 0.404517571 0.595482429
T:/cccrcf: 0.000000000 0.592365863 0.407634137
T:/cccrcr: 0.000000000 0.363920520 0.636079480
T:/cccrfc: 0.000000000 0.000000000 1.000000000
T:/cccrff: 0.002196004 0.000000000 0.997803996
T:/cccrfr: 0.000000000 0.014775221 0.985224779
T:/cccrrc: 0.000000000 0.752218945 0.247781055
T:/cccrrf: 0.000000000 0.907061400 0.092938600
T:/ccrccr: 0.000000000 0.267794291 0.732205709
T:/ccrcfr: 0.000000000 0.290867354 0.709132646
T:/ccrcrc: 0.000000000 0.428211632 0.571788368
T:/ccrcrf: 0.000000000 0.516994941 0.483005059
T:/ccrfcr: 0.000000000 0.757335248 0.242664752
T:/ccrffr: 0.000000000 0.340532592 0.659467408
T:/ccrfrc: 0.000000000 0.111147540 0.888852460
T:/ccrfrf: 0.000000000 0.760918629 0.239081371
T:/ccrrcc: 0.000000000 0.105506813 0.894493187
T:/ccrrcf: 0.000000000 0.324808768 0.675191232
T:/ccrrfc: 0.000000000 0.097667607 0.902332393
T:/ccrrff: 0.000000000 0.140477775 0.859522225
T:/cr: 0.000000000 0.000000000 1.000000000
T:/crccrc: 0.000000000 0.110855128 0.889144872
T:/crccrf: 0.000000000 0.860087758 0.139912242
T:/crcfrc: 0.000000000 0.572675615 0.427324385
T:/crcfrf: 0.000000000 0.386436235 0.613563765
T:/crcrcc: 0.000000000 0.252414126 0.747585874
T:/crcrcf: 0.000000000 0.371153727 0.628846273
T:/crcrfc: 0.000000000 0.000000000 1.000000000
T:/crcrff: 0.000000000 0.515640395 0.484359605
T:/rc: 0.268745833 0.462933531 0.268320636
T:/rccrcc: 0.000000000 0.000000000 1.000000000
T:/rccrcf: 0.000000000 0.422728120 0.577271880
T:/rccrfc: 0.000000000 0.462421655 0.537578345
T:/rccrff: 0.000000000 0.219750912 0.780249088
T:/rf: 0.534590496 0.338960028 0.126449476
T:/rfcrc: 0.000000000 0.845401736 0.154598264
T:/rfcrf: 0.000000000 0.293237406 0.706762594
T:/rr: 0.000000000 0.569491113 0.430508887
