A:/c: 0.842147668 0.157852332 0.000000000
A:/cccrc: 0.000000000 0.758984291 0.241015709
A:/cccrf: 0.000000000 0.999929501 0.000070499
A:/ccrcc: 0.000000000 1.000000000 0.000000000
A:/ccrcf: 0.000000000 1.000000000 0.000000000
A:/ccrfc: 0.000000000 1.000000000 0.000000000
A:/ccrff: 0.000000000 0.646660485 0.353339515
A:/r: 0.000000000 1.000000000 0.000000000
J:/c: 0.002256693 0.997743307 0.000000000
J:/cccrc: 0.000000000 0.188106305 0.811893695
J:/cccrf: 0.000000000 0.297817835 0.702182165
J:/ccrcc: 0.000000000 0.551420031 0.448579969
J:/ccrcf: 0.000000000 0.305931754 0.694068246
J:/ccrfc: 0.000000000 0.880347879 0.119652121
J:/ccrff: 0.000000000 0.247721616 0.752278384
J:/r: 0.000000000 1.000000000 0.000000000
K:/c: 0.999873650 0.000126350 0.000000000
K:/cccrc: 0.000000000 0.628964688 0.371035312
K:/cccrf: 0.000000000 0.929893134 0.070106866
K:/ccrcc: 0.000000000 0.350842576 0.649157424
K:/ccrcf: 0.000000000 0.441344674 0.558655326
K:/ccrfc: 0.000000000 0.646838771 0.353161229
K:/ccrff: 0.000000000 0.282192380 0.717807620
K:/r: 0.000000000 1.000000000 0.000000000
Q:/c: 0.003671877 0.996328123 0.000000000
Q:/cccrc: 0.000000000 0.379026959 0.620973041
Q:/cccrf: 0.000000000 0.281794323 0.718205677
Q:/ccrcc: 0.000000000 0.596838334 0.403161666
Q:/ccrcf: 0.000000000 0.163487746 0.836512254
Q:/ccrfc: 0.000000000 0.261484073 0.738515927
Q:/ccrff: 0.000000000 0.682285950 0.317714050
Q:/r: 0.000000000 0.999927051 0.000072949
T:/c: 0.110708839 0.889291161 0.000000000
T:/cccrc: 0.000000000 0.706476176 0.293523824
T:/cccrf: 0.000000000 0.372007047 0.627992953
T:/ccrcc: 0.000000000 0.815993367 0.184006633
T:/ccrcf: 0.000000000 0.836916763 0.163083237
T:/ccrfc: 0.000000000 0.357971720 0.642028280
T:/ccrff: 0.000000000 0.271033416 0.728966584
T:/r: 0.000000000 1.000000000 0.000000000
