A:/cc: 0.251676116 0.748323884 0.000000000
A:/cccrcc: 0.000000000 0.987674754 0.012325246
A:/cccrcf: 0.000000000 0.648310649 0.351689351
A:/cccrfc: 0.000000000 0.421104363 0.578895637
A:/cccrff: 0.000000000 0.472095446 0.527904554
A:/cr: 0.000000000 0.204080365 0.795919635
A:/rc: 0.000000000 1.000000000 0.000000000
A:/rf: 0.000000000 0.999989442 0.000010558
J:/cc: 0.017589151 0.982410849 0.000000000
J:/cccrcc: 0.000000000 0.261240888 0.738759112
J:/cccrcf: 0.000000000 0.689907736 0.310092264
J:/cccrfc: 0.000000000 0.351017601 0.648982399
J:/cccrff: 0.000000000 0.358749584 0.641250416
J:/cr: 0.000000000 0.272537137 0.727462863
J:/rc: 0.000000000 0.000000000 1.000000000
J:/rf: 0.000000000 0.172356483 0.827643517
K:/cc: 0.330541486 0.669458514 0.000000000
K:/cccrcc: 0.000000000 0.424066808 0.575933192
K:/cccrcf: 0.000000000 0.458082976 0.541917024
K:/cccrfc: 0.000000000 0.628135045 0.371864955
K:/cccrff: 0.000000000 0.181150873 0.818849127
K:/cr: 0.000000000 0.958024236 0.041975764
K:/rc: 0.000000000 1.000000000 0.000000000
K:/rf: 0.000000000 0.999904934 0.000095066
Q:/cc: 0.324807751 0.675192249 0.000000000
Q:/cccrcc: 0.000000000 0.629009122 0.370990878
Q:/cccrcf: 0.000000000 0.123364075 0.876635925
Q:/cccrfc: 0.000000000 0.679190977 0.320809023
Q:/cccrff: 0.000000000 0.831750859 0.168249141
Q:/cr: 0.000000000 0.265223090 0.734776910
Q:/rc: 0.000000000 0.000000000 1.000000000
Q:/rf: 0.000000000 0.000000000 1.000000000
T:/cc: 0.220840846 0.779159154 0.000000000
T:/cccrcc: 0.000000000 0.959664103 0.040335897
T:/cccrcf: 0.000000000 0.297577204 0.702422796
T:/cccrfc: 0.000000000 0.108434482 0.891565518
T:/cccrff: 0.000000000 0.296210625 0.703789375
T:/cr: 0.000000000 0.236403615 0.763596385
T:/rc: 0.000000000 0.000000000 1.000000000
T:/rf: 0.000000000 0.220083482 0.779916518
