A:/ccc: 0.794690475 0.205309525 0.000000000
A:/ccr: 0.000000000 1.000000000 0.000000000
A:/crc: 0.000000000 0.504405356 0.495594644
A:/crf: 0.000000000 0.583116674 0.416883326
A:/rcc: 0.000000000 1.000000000 0.000000000
A:/rcf: 0.000000000 1.000000000 0.000000000
A:/rfc: 0.000000000 0.540062480 0.459937520
A:/rff: 0.000000000 0.867042877 0.132957123
J:/ccc: 0.613961324 0.386038676 0.000000000
J:/ccr: 0.000000000 0.542339546 0.457660454
J:/crc: 0.000000000 0.128333221 0.871666779
J:/crf: 0.000000000 0.568320860 0.431679140
J:/rcc: 0.000000000 0.000000000 1.000000000
J:/rcf: 0.000000000 0.000000000 1.000000000
J:/rfc: 0.000000000 0.048401477 0.951598523
J:/rff: 0.000000000 0.541195353 0.458804647
K:/ccc: 0.642900471 0.357099529 0.000000000
K:/ccr: 0.000000000 0.620180567 0.379819433
K:/crc: 0.000000000 0.363837338 0.636162662
K:/crf: 0.000000000 0.757900940 0.242099060
K:/rcc: 0.000000000 0.000000000 1.000000000
K:/rcf: 0.000000000 1.000000000 0.000000000
K:/rfc: 0.000000000 0.700202699 0.299797301
K:/rff: 0.000000000 0.351660946 0.648339054
Q:/ccc: 0.487335880 0.512664120 0.000000000
Q:/ccr: 0.000000000 0.177509470 0.822490530
Q:/crc: 0.000000000 0.248072458 0.751927542
Q:/crf: 0.000000000 0.158223064 0.841776936
Q:/rcc: 0.000000000 0.000000000 1.000000000
Q:/rcf: 0.000000000 0.000000000 1.000000000
Q:/rfc: 0.000000000 0.806497278 0.193502722
Q:/rff: 0.000000000 1.000000000 0.000000000
T:/ccc: 0.094367670 0.905632330 0.000000000
T:/ccr: 0.000000000 0.184380004 0.815619996
T:/crc: 0.000000000 0.715079555 0.284920445
T:/crf: 0.000000000 0.355674201 0.644325799
T:/rcc: 0.000000000 0.000000000 1.000000000
T:/rcf: 0.000000000 0.000000000 1.000000000
T:/rfc: 0.000000000 0.030529694 0.969470306
T:/rff: 0.000000000 0.015911160 0.984088840
