A:/: 0.996248178 0.003751822 0.000000000
A:/cccr: 0.950637564 0.049362436 0.000000000
A:/cccrccrc: 0.000000000 0.264612870 0.735387130
A:/cccrccrf: 0.000000000 0.114028673 0.885971327
A:/cccrcfrc: 0.000000000 0.939357346 0.060642654
A:/cccrcfrf: 0.000000000 0.509633512 0.490366488
A:/cccrcrcc: 0.000000000 1.000000000 0.000000000
A:/cccrcrcf: 0.000000000 1.000000000 0.000000000
A:/cccrcrfc: 0.000000000 0.643801629 0.356198371
A:/cccrcrff: 0.000000000 0.823794490 0.176205510
A:/ccrc: 0.999807286 0.000000000 0.000192714
A:/ccrccrcc: 0.000000000 0.898956009 0.101043991
A:/ccrccrcf: 0.000000000 0.492793597 0.507206403
A:/ccrccrfc: 0.000000000 0.393282267 0.606717733
A:/ccrccrff: 0.000000000 0.989330359 0.010669641
A:/ccrf: 0.337571017 0.662428983 0.000000000
A:/ccrfcrc: 0.000000000 0.999852341 0.000147659
A:/ccrfcrf: 0.000000000 0.999910267 0.000089733
A:/ccrr: 0.000000000 0.999941022 0.000058978
A:/crcc: 0.318805059 0.611777427 0.069417514
A:/crcf: 1.000000000 0.000000000 0.000000000
A:/crcr: 0.000000000 0.999854967 0.000145033
A:/crfc: 0.000000000 0.000000000 1.000000000
A:/crff: 0.000000000 0.000000000 1.000000000
A:/crfr: 0.000000000 0.000000000 1.000000000
A:/crrc: 0.000000000 0.998547589 0.001452411
A:/crrf: 0.000000000 0.999624172 0.000375828
A:/rccr: 0.000000000 0.999969245 0.000030755
A:/rcfr: 0.000000000 1.000000000 0.000000000
A:/rcrc: 0.000000000 0.580551245 0.419448755
A:/rcrf: 0.000000000 0.165098231 0.834901769
A:/rfcr: 0.000000000 0.996505686 0.003494314
A:/rffr: 0.000000000 0.998042841 0.001957159
A:/rfrc: 0.000000000 1.000000000 0.000000000
A:/rfrf: 0.000000000 0.840568887 0.159431113
A:/rrcc: 0.000000000 0.712229915 0.287770085
A:/rrcf: 0.000000000 1.000000000 0.000000000
A:/rrfc: 0.000000000 0.942492976 0.057507024
A:/rrff: 0.000000000 0.998584160 0.001415840
J:/: 0.997095400 0.002904600 0.000000000
J:/cccr: 0.995844121 0.004155879 0.000000000
J:/cccrccrc: 0.000000000 0.535659771 0.464340229
J:/cccrccrf: 0.000000000 0.961530384 0.038469616
J:/cccrcfrc: 0.000000000 0.964587613 0.035412387
J:/cccrcfrf: 0.000000000 0.424466206 0.575533794
J:/cccrcrcc: 0.000000000 0.645155365 0.354844635
J:/cccrcrcf: 0.000000000 0.345391814 0.654608186
J:/cccrcrfc: 0.000000000 0.550258145 0.449741855
J:/cccrcrff: 0.000000000 0.610831515 0.389168485
J:/ccrc: 0.149011926 0.000000000 0.850988074
J:/ccrccrcc: 0.000000000 0.630660759 0.369339241
J:/ccrccrcf: 0.000000000 0.120934238 0.879065762
J:/ccrccrfc: 0.000000000 0.480238000 0.519762000
J:/ccrccrff: 0.000000000 0.678596781 0.321403219
J:/ccrf: 0.053228068 0.946661934 0.000109999
J:/ccrfcrc: 0.000000000 0.000000000 1.000000000
J:/ccrfcrf: 0.000000000 0.067751405 0.932248595
J:/ccrr: 0.000000000 0.000000000 1.000000000
J:/crcc: 0.016383383 0.184931727 0.798684890
J:/crcf: 0.052221536 0.000000000 0.947778464
J:/crcr: 0.000000000 0.000074585 0.999925415
J:/crfc: 0.209291076 0.000069555 0.790639369
J:/crff: 0.151712664 0.703449132 0.144838204
J:/crfr: 0.000000000 0.244382010 0.755617990
J:/crrc: 0.000000000 0.000322052 0.999677948
J:/crrf: 0.000000000 0.000000000 1.000000000
J:/rccr: 0.000000000 0.000000000 1.000000000
J:/rcfr: 0.000000000 0.000078753 0.999921247
J:/rcrc: 0.000000000 0.386457351 0.613542649
J:/rcrf: 0.000000000 0.519872800 0.480127200
J:/rfcr: 0.000000000 0.647521204 0.352478796
J:/rffr: 0.000000000 0.663914380 0.336085620
J:/rfrc: 0.000000000 0.079164416 0.920835584
J:/rfrf: 0.000000000 0.504425903 0.495574097
J:/rrcc: 0.000000000 0.390717929 0.609282071
J:/rrcf: 0.000000000 0.028815604 0.971184396
J:/rrfc: 0.000000000 0.070000466 0.929999534
J:/rrff: 0.000000000 0.000001073 0.999998927
K:/: 0.996707264 0.003292736 0.000000000
K:/cccr: 0.527618124 0.472381876 0.000000000
K:/cccrccrc: 0.000000000 0.596090428 0.403909572
K:/cccrccrf: 0.000000000 0.304254717 0.695745283
K:/cccrcfrc: 0.000000000 0.194711601 0.805288399
K:/cccrcfrf: 0.000000000 0.393212736 0.606787264
K:/cccrcrcc: 0.000000000 0.593141676 0.406858324
K:/cccrcrcf: 0.000000000 0.983236424 0.016763576
K:/cccrcrfc: 0.000000000 0.495476007 0.504523993
K:/cccrcrff: 0.000000000 0.012737395 0.987262605
K:/ccrc: 0.651374386 0.000000000 0.348625614
K:/ccrccrcc: 0.000000000 0.209339681 0.790660319
K:/ccrccrcf: 0.000000000 0.716537131 0.283462869
K:/ccrccrfc: 0.000000000 0.127598394 0.872401606
K:/ccrccrff: 0.000000000 0.528403212 0.471596788
K:/ccrf: 0.311836085 0.688163915 0.000000000
K:/ccrfcrc: 0.000000000 0.999976946 0.000023054
K:/ccrfcrf: 0.000000000 1.000000000 0.000000000
K:/ccrr: 0.000000000 0.226528680 0.773471320
K:/crcc: 0.000335442 0.179513794 0.820150764
K:/crcf: 0.000553816 0.285572494 0.713873690
K:/crcr: 0.000000000 0.000000000 1.000000000
K:/crfc: 0.465055265 0.534944735 0.000000000
K:/crff: 0.688687170 0.311297154 0.000015676
K:/crfr: 0.000000000 1.000000000 0.000000000
K:/crrc: 0.000000000 0.000390727 0.999609273
K:/crrf: 0.000000000 0.999130052 0.000869948
K:/rccr: 0.000000000 0.415284780 0.584715220
K:/rcfr: 0.000000000 0.287655771 0.712344229
K:/rcrc: 0.000000000 0.645534793 0.354465207
K:/rcrf: 0.000000000 0.468611405 0.531388595
K:/rfcr: 0.000000000 0.770196635 0.229803365
K:/rffr: 0.000000000 0.730993926 0.269006074
K:/rfrc: 0.000000000 0.380902489 0.619097511
K:/rfrf: 0.000000000 0.383990369 0.616009631
K:/rrcc: 0.000000000 0.999947134 0.000052866
K:/rrcf: 0.000000000 1.000000000 0.000000000
K:/rrfc: 0.000000000 0.299692763 0.700307237
K:/rrff: 0.000000000 0.980697224 0.019302776
Q:/: 0.996442539 0.003557461 0.000000000
Q:/cccr: 1.000000000 0.000000000 0.000000000
Q:/cccrccrc: 0.000000000 0.746765896 0.253234104
Q:/cccrccrf: 0.000000000 0.487588789 0.512411211
Q:/cccrcfrc: 0.000000000 0.169690209 0.830309791
Q:/cccrcfrf: 0.000000000 0.841295312 0.158704688
Q:/cccrcrcc: 0.000000000 0.439836301 0.560163699
Q:/cccrcrcf: 0.000000000 0.513844901 0.486155099
Q:/cccrcrfc: 0.000000000 0.458721356 0.541278644
Q:/cccrcrff: 0.000000000 0.032346418 0.967653582
Q:/ccrc: 0.555138562 0.000000000 0.444861438
Q:/ccrccrcc: 0.000000000 0.361375448 0.638624552
Q:/ccrccrcf: 0.000000000 0.767163655 0.232836345
Q:/ccrccrfc: 0.000000000 0.569474641 0.430525359
Q:/ccrccrff: 0.000000000 0.418966541 0.581033459
Q:/ccrf: 0.999556722 0.000443278 0.000000000
Q:/ccrfcrc: 0.000000000 0.009571671 0.990428329
Q:/ccrfcrf: 0.000000000 0.562313621 0.437686379
Q:/ccrr: 0.000000000 0.000000000 1.000000000
Q:/crcc: 0.000017707 0.489539687 0.510442606
Q:/crcf: 0.076230561 0.644176660 0.279592780
Q:/crcr: 0.000000000 0.192626802 0.807373198
Q:/crfc: 0.596557495 0.403442505 0.000000000
Q:/crff: 0.464815420 0.535184580 0.000000000
Q:/crfr: 0.000000000 0.707998440 0.292001560
Q:/crrc: 0.000000000 0.000283442 0.999716558
Q:/crrf: 0.000000000 0.000351636 0.999648364
Q:/rccr: 0.000000000 0.000000000 1.000000000
Q:/rcfr: 0.000000000 0.000245017 0.999754983
Q:/rcrc: 0.000000000 0.795154232 0.204845768
Q:/rcrf: 0.000000000 0.124044890 0.875955110
Q:/rfcr: 0.000000000 0.332043597 0.667956403
Q:/rffr: 0.000000000 0.450897649 0.549102351
Q:/rfrc: 0.000000000 0.203222255 0.796777745
Q:/rfrf: 0.000000000 0.473583269 0.526416731
Q:/rrcc: 0.000000000 0.281817724 0.718182276
Q:/rrcf: 0.000000000 0.126090562 0.873909438
Q:/rrfc: 0.000000000 0.228927552 0.771072448
Q:/rrff: 0.000000000 0.001411581 0.998588419
T:/: 0.997353933 0.002646067 0.000000000
T:/cccr: 0.997176231 0.002395205 0.000428564
T:/cccrccrc: 0.000000000 0.808568666 0.191431334
T:/cccrccrf: 0.000000000 1.000000000 0.000000000
T:/cccrcfrc: 0.000000000 0.456263823 0.543736177
T:/cccrcfrf: 0.000000000 0.743693367 0.256306633
T:/cccrcrcc: 0.000000000 0.400634110 0.599365890
T:/cccrcrcf: 0.000000000 0.287742188 0.712257812
T:/cccrcrfc: 0.000000000 0.061091327 0.938908673
T:/cccrcrff: 0.000000000 0.357728336 0.642271664
T:/ccrc: 0.069229442 0.000000478 0.930770080
T:/ccrccrcc: 0.000000000 0.749803564 0.250196436
T:/ccrccrcf: 0.000000000 0.000007824 0.999992176
T:/ccrccrfc: 0.000000000 0.368226897 0.631773103
T:/ccrccrff: 0.000000000 0.590223526 0.409776474
T:/ccrf: 0.000205764 0.999538673 0.000255563
T:/ccrfcrc: 0.000000000 0.000000000 1.000000000
T:/ccrfcrf: 0.000000000 0.000000000 1.000000000
T:/ccrr: 0.000000000 0.000000000 1.000000000
T:/crcc: 0.000021618 0.195084910 0.804893472
T:/crcf: 0.054928076 0.000000000 0.945071924
T:/crcr: 0.000000000 0.123149731 0.876850269
T:/crfc: 0.000004837 0.088541438 0.911453725
T:/crff: 0.088805581 0.253291139 0.657903280
T:/crfr: 0.000000000 0.325825023 0.674174977
T:/crrc: 0.000000000 0.000328168 0.999671832
T:/crrf: 0.000000000 0.000000000 1.000000000
T:/rccr: 0.000000000 0.000000000 1.000000000
T:/rcfr: 0.000000000 0.000000000 1.000000000
T:/rcrc: 0.000000000 0.638527320 0.361472680
T:/rcrf: 0.000000000 0.884031655 0.115968345
T:/rfcr: 0.000000000 0.995274263 0.004725737
T:/rffr: 0.000000000 0.310306338 0.689693662
T:/rfrc: 0.000000000 0.417869118 0.582130882
T:/rfrf: 0.000000000 0.705597141 0.294402859
T:/rrcc: 0.000000000 0.659397122 0.340602878
T:/rrcf: 0.000000000 0.000000000 1.000000000
T:/rrfc: 0.000000000 0.249511378 0.750488622
T:/rrff: 0.000000000 0.043642808 0.956357192
