A:/c: 0.628326001 0.371673999 0.000000000
A:/cccrc: 0.486515008 0.335860035 0.177624957
A:/cccrccrcc: 0.000000000 0.572500789 0.427499211
A:/cccrccrcf: 0.000000000 0.879428767 0.120571233
A:/cccrccrfc: 0.000000000 0.204832447 0.795167553
A:/cccrccrff: 0.000000000 0.447848751 0.552151249
A:/cccrf: 0.488304075 0.204485022 0.307210904
A:/cccrfcrc: 0.000000000 0.678166577 0.321833423
A:/cccrfcrf: 0.000000000 0.783524196 0.216475804
A:/cccrr: 0.000000000 1.000000000 0.000000000
A:/ccrcc: 0.363162979 0.145551929 0.491285092
A:/ccrcf: 0.692954713 0.307045287 0.000000000
A:/ccrcr: 0.000000000 0.968867518 0.031132482
A:/ccrfc: 0.495889299 0.504110701 0.000000000
A:/ccrff: 0.714656341 0.256274027 0.029069632
A:/ccrfr: 0.000000000 0.811188548 0.188811452
A:/ccrrc: 0.000000000 1.000000000 0.000000000
A:/ccrrf: 0.000000000 0.821481513 0.178518487
A:/crccr: 0.000000000 0.352226863 0.647773137
A:/crcfr: 0.000000000 0.929651136 0.070348864
A:/crcrc: 0.000000000 0.530646565 0.469353435
A:/crcrf: 0.000000000 0.846644746 0.153355254
A:/crfcr: 0.000000000 0.476447838 0.523552162
A:/crffr: 0.000000000 0.795701633 0.204298367
A:/crfrc: 0.000000000 0.624600200 0.375399800
A:/crfrf: 0.000000000 0.801755507 0.198244493
A:/crrcc: 0.000000000 1.000000000 0.000000000
A:/crrcf: 0.000000000 0.606508102 0.393491898
A:/crrfc: 0.000000000 0.966699405 0.033300595
A:/crrff: 0.000000000 0.999691430 0.000308570
A:/r: 0.009446167 0.990553833 0.000000000
A:/rccrc: 0.000000000 0.997253414 0.002746586
A:/rccrf: 0.000000000 0.999535514 0.000464486
A:/rcfrc: 0.000000000 0.999323253 0.000676747
A:/rcfrf: 0.000000000 0.266481524 0.733518476
A:/rcrcc: 0.000000000 1.000000000 0.000000000
A:/rcrcf: 0.000000000 1.000000000 0.000000000
A:/rcrfc: 0.000000000 0.906146217 0.093853783
A:/rcrff: 0.000000000 1.000000000 0.000000000
J:/c: 0.644380003 0.355619997 0.000000000
J:/cccrc: 0.307836768 0.349956945 0.342206287
J:/cccrccrcc: 0.000000000 0.068526780 0.931473220
J:/cccrccrcf: 0.000000000 0.567431396 0.432568604
J:/cccrccrfc: 0.000000000 0.202024661 0.797975339
J:/cccrccrff: 0.000000000 0.269171977 0.730828023
J:/cccrf: 0.374463241 0.291531046 0.334005713
J:/cccrfcrc: 0.000000000 0.341465623 0.658534377
J:/cccrfcrf: 0.000000000 0.846732625 0.153267375
J:/cccrr: 0.000000000 0.411697961 0.588302039
J:/ccrcc: 0.224228823 0.097289979 0.678481198
J:/ccrcf: 0.234549118 0.328595629 0.436855253
J:/ccrcr: 0.000000000 0.570323072 0.429676928
J:/ccrfc: 0.195693682 0.430338814 0.373967504
J:/ccrff: 0.166898233 0.294093721 0.539008046
J:/ccrfr: 0.000000000 0.372391825 0.627608175
J:/ccrrc: 0.000000000 0.378764292 0.621235708
J:/ccrrf: 0.000000000 0.590869156 0.409130844
J:/crccr: 0.000000000 0.142317312 0.857682688
J:/crcfr: 0.000000000 0.588737715 0.411262285
J:/crcrc: 0.000000000 0.558914546 0.441085454
J:/crcrf: 0.000000000 0.358888558 0.641111442
J:/crfcr: 0.000000000 0.659616578 0.340383422
J:/crffr: 0.000000000 0.234960010 0.765039990
J:/crfrc: 0.000000000 0.365087016 0.634912984
J:/crfrf: 0.000000000 0.863752605 0.136247395
J:/crrcc: 0.000000000 0.576703219 0.423296781
J:/crrcf: 0.000000000 0.597505658 0.402494342
J:/crrfc: 0.000000000 0.495573901 0.504426099
J:/crrff: 0.000000000 0.670287274 0.329712726
J:/r: 0.001358228 0.998153163 0.000488609
J:/rccrc: 0.000000000 0.749927172 0.250072828
J:/rccrf: 0.000000000 0.130306328 0.869693672
J:/rcfrc: 0.000000000 0.000132746 0.999867254
J:/rcfrf: 0.000000000 0.884808208 0.115191792
J:/rcrcc: 0.000000000 0.327846817 0.672153183
J:/rcrcf: 0.000000000 0.367715043 0.632284957
J:/rcrfc: 0.000000000 0.000000000 1.000000000
J:/rcrff: 0.000000000 0.000000000 1.000000000
K:/c: 0.443824032 0.556175968 0.000000000
K:/cccrc: 0.093885689 0.435406840 0.470707472
K:/cccrccrcc: 0.000000000 0.325118953 0.674881047
K:/cccrccrcf: 0.000000000 0.181192185 0.818807815
K:/cccrccrfc: 0.000000000 0.871155272 0.128844728
K:/cccrccrff: 0.000000000 0.382409100 0.617590900
K:/cccrf: 0.098807672 0.478830480 0.422361848
K:/cccrfcrc: 0.000000000 0.450114822 0.549885178
K:/cccrfcrf: 0.000000000 0.563949442 0.436050558
K:/cccrr: 0.000000000 0.272650851 0.727349149
K:/ccrcc: 0.243492924 0.295228143 0.461278933
K:/ccrcf: 0.442438612 0.366976490 0.190584898
K:/ccrcr: 0.000000000 0.118082696 0.881917304
K:/ccrfc: 0.178269576 0.516701477 0.305028947
K:/ccrff: 0.328894319 0.363202822 0.307902858
K:/ccrfr: 0.000000000 0.500707860 0.499292140
K:/ccrrc: 0.000000000 0.888590981 0.111409019
K:/ccrrf: 0.000000000 0.351819131 0.648180869
K:/crccr: 0.000000000 0.721461541 0.278538459
K:/crcfr: 0.000000000 0.351165908 0.648834092
K:/crcrc: 0.000000000 0.383234112 0.616765888
K:/crcrf: 0.000000000 0.347043299 0.652956701
K:/crfcr: 0.000000000 0.641501220 0.358498780
K:/crffr: 0.000000000 0.465941795 0.534058205
K:/crfrc: 0.000000000 0.597542572 0.402457428
K:/crfrf: 0.000000000 0.542072535 0.457927465
K:/crrcc: 0.000000000 0.382753305 0.617246695
K:/crrcf: 0.000000000 0.548494213 0.451505787
K:/crrfc: 0.000000000 0.653727544 0.346272456
K:/crrff: 0.000000000 0.999983347 0.000016653
K:/r: 0.000000000 1.000000000 0.000000000
K:/rccrc: 0.000000000 0.522727233 0.477272767
K:/rccrf: 0.000000000 0.017293759 0.982706241
K:/rcfrc: 0.000000000 0.009351783 0.990648217
K:/rcfrf: 0.000000000 0.078992007 0.921007993
K:/rcrcc: 0.000000000 0.117057683 0.882942317
K:/rcrcf: 0.000000000 0.704249509 0.295750491
K:/rcrfc: 0.000000000 0.000000000 1.000000000
K:/rcrff: 0.000000000 0.000000000 1.000000000
Q:/c: 0.242883298 0.757116702 0.000000000
Q:/cccrc: 0.071794433 0.447485374 0.480720194
Q:/cccrccrcc: 0.000000000 0.514233545 0.485766455
Q:/cccrccrcf: 0.000000000 0.924513980 0.075486020
Q:/cccrccrfc: 0.000000000 0.440892015 0.559107985
Q:/cccrccrff: 0.000000000 0.459409964 0.540590036
Q:/cccrf: 0.719926028 0.161656341 0.118417631
Q:/cccrfcrc: 0.000000000 0.351414666 0.648585334
Q:/cccrfcrf: 0.000000000 0.432600498 0.567399502
Q:/cccrr: 0.000000000 0.435761633 0.564238367
Q:/ccrcc: 0.078313693 0.538615432 0.383070875
Q:/ccrcf: 0.400109035 0.513550158 0.086340806
Q:/ccrcr: 0.000000000 0.206515151 0.793484849
Q:/ccrfc: 0.120461365 0.151289463 0.728249172
Q:/ccrff: 0.209969456 0.367477926 0.422552618
Q:/ccrfr: 0.000000000 0.342794337 0.657205663
Q:/ccrrc: 0.000000000 0.348173504 0.651826496
Q:/ccrrf: 0.000000000 0.203332861 0.796667139
Q:/crccr: 0.000000000 0.494762861 0.505237139
Q:/crcfr: 0.000000000 0.066552448 0.933447552
Q:/crcrc: 0.000000000 0.739424889 0.260575111
Q:/crcrf: 0.000000000 0.722025890 0.277974110
Q:/crfcr: 0.000000000 0.420005403 0.579994597
Q:/crffr: 0.000000000 0.695186516 0.304813484
Q:/crfrc: 0.000000000 0.545374450 0.454625550
Q:/crfrf: 0.000000000 0.697637094 0.302362906
Q:/crrcc: 0.000000000 0.790396144 0.209603856
Q:/crrcf: 0.000000000 0.788302820 0.211697180
Q:/crrfc: 0.000000000 0.159049179 0.840950821
Q:/crrff: 0.000000000 0.720908101 0.279091899
Q:/r: 0.005189403 0.994810597 0.000000000
Q:/rccrc: 0.000000000 0.583059256 0.416940744
Q:/rccrf: 0.000000000 0.441995570 0.558004430
Q:/rcfrc: 0.000000000 0.009655467 0.990344533
Q:/rcfrf: 0.000000000 0.249030563 0.750969437
Q:/rcrcc: 0.000000000 0.837106947 0.162893053
Q:/rcrcf: 0.000000000 0.699286159 0.300713841
Q:/rcrfc: 0.000000000 0.000000000 1.000000000
Q:/rcrff: 0.000000000 0.000000000 1.000000000
T:/c: 0.713442281 0.286557719 0.000000000
T:/cccrc: 0.423653606 0.053446620 0.522899774
T:/cccrccrcc: 0.000000000 0.162445582 0.837554418
T:/cccrccrcf: 0.000000000 0.008426323 0.991573677
T:/cccrccrfc: 0.000000000 0.955364122 0.044635878
T:/cccrccrff: 0.000000000 0.674921205 0.325078795
T:/cccrf: 0.087843250 0.702095370 0.210061380
T:/cccrfcrc: 0.000000000 0.874945471 0.125054529
T:/cccrfcrf: 0.000000000 0.418974378 0.581025622
T:/cccrr: 0.000000000 0.000000005 0.999999995
T:/ccrcc: 0.386941387 0.110324342 0.502734271
T:/ccrcf: 0.633711679 0.304070137 0.062218184
T:/ccrcr: 0.000000000 0.548471075 0.451528925
T:/ccrfc: 0.264328989 0.380682512 0.354988499
T:/ccrff: 0.400163184 0.276576780 0.323260036
T:/ccrfr: 0.000000000 0.000051687 0.999948313
T:/ccrrc: 0.000000000 0.317646904 0.682353096
T:/ccrrf: 0.000000000 0.727441110 0.272558890
T:/crccr: 0.000000000 0.563961048 0.436038952
T:/crcfr: 0.000000000 0.402519468 0.597480532
T:/crcrc: 0.000000000 0.693792563 0.306207437
T:/crcrf: 0.000000000 0.529642560 0.470357440
T:/crfcr: 0.000000000 0.735306125 0.264693875
T:/crffr: 0.000000000 0.643091914 0.356908086
T:/crfrc: 0.000000000 0.606288424 0.393711576
T:/crfrf: 0.000000000 0.701862290 0.298137710
T:/crrcc: 0.000000000 0.169725685 0.830274315
T:/crrcf: 0.000000000 0.175967776 0.824032224
T:/crrfc: 0.000000000 0.522806039 0.477193961
T:/crrff: 0.000000000 0.636084377 0.363915623
T:/r: 0.001591091 0.998408909 0.000000000
T:/rccrc: 0.000000000 0.345008773 0.654991227
T:/rccrf: 0.000000000 0.509086249 0.490913751
T:/rcfrc: 0.000000000 0.011034128 0.988965872
T:/rcfrf: 0.000000000 0.474817079 0.525182921
T:/rcrcc: 0.000000000 0.501911058 0.498088942
T:/rcrcf: 0.000000000 0.215076503 0.784923497
T:/rcrfc: 0.000000000 0.000000000 1.000000000
T:/rcrff: 0.000000000 0.000000000 1.000000000
