A:/cc: 0.799989626 0.200010374 0.000000000
A:/cccrcc: 0.131086138 0.627717693 0.241196170
A:/cccrcf: 0.494119246 0.257112741 0.248768014
A:/cccrcr: 0.000000000 0.911021640 0.088978360
A:/cccrfc: 0.180332697 0.501705438 0.317961865
A:/cccrff: 0.426222873 0.159307438 0.414469689
A:/cccrfr: 0.000000000 0.418955890 0.581044110
A:/cccrrc: 0.000000000 0.813515649 0.186484351
A:/cccrrf: 0.000000000 0.575654378 0.424345622
A:/ccrccr: 0.000000000 0.610455731 0.389544269
A:/ccrcfr: 0.000000000 0.824222874 0.175777126
A:/ccrcrc: 0.000000000 0.448848188 0.551151812
A:/ccrcrf: 0.000000000 0.757598556 0.242401444
A:/ccrfcr: 0.000000000 0.539482345 0.460517655
A:/ccrffr: 0.000000000 0.350980308 0.649019692
A:/ccrfrc: 0.000000000 0.692762603 0.307237397
A:/ccrfrf: 0.000000000 0.454016480 0.545983520
A:/ccrrcc: 0.000000000 0.415327579 0.584672421
A:/ccrrcf: 0.000000000 0.739873976 0.260126024
A:/ccrrfc: 0.000000000 0.808797749 0.191202251
A:/ccrrff: 0.000000000 0.743950506 0.256049494
A:/cr: 0.300264585 0.162818099 0.536917316
A:/crccrc: 0.000000000 0.872262734 0.127737266
A:/crccrf: 0.000000000 0.702246796 0.297753204
A:/crcfrc: 0.000000000 0.464330298 0.535669702
A:/crcfrf: 0.000000000 0.039343658 0.960656342
A:/crcrcc: 0.000000000 0.975362763 0.024637237
A:/crcrcf: 0.000000000 0.390001355 0.609998645
A:/crcrfc: 0.000000000 0.780453450 0.219546550
A:/crcrff: 0.000000000 0.180355052 0.819644948
A:/rc: 0.303159572 0.696840428 0.000000000
A:/rccrcc: 0.000000000 0.911553702 0.088446298
A:/rccrcf: 0.000000000 1.000000000 0.000000000
A:/rccrfc: 0.000000000 0.945221028 0.054778972
A:/rccrff: 0.000000000 1.000000000 0.000000000
A:/rf: 0.726294218 0.273698521 0.000007261
A:/rfcrc: 0.000000000 0.999999882 0.000000118
A:/rfcrf: 0.000000000 0.823166825 0.176833175
A:/rr: 0.000000000 0.971941895 0.028058105
J:/cc: 0.304870349 0.695129651 0.000000000
J:/cccrcc: 0.093982974 0.197239471 0.708777555
J:/cccrcf: 0.433815901 0.200317552 0.365866547
J:/cccrcr: 0.000000000 0.910987126 0.089012874
J:/cccrfc: 0.362518538 0.377887725 0.259593736
J:/cccrff: 0.693965514 0.164566565 0.141467921
J:/cccrfr: 0.000000000 0.572304691 0.427695309
J:/cccrrc: 0.000000000 0.760761895 0.239238105
J:/cccrrf: 0.000000000 0.445611714 0.554388286
J:/ccrccr: 0.000000000 0.533573100 0.466426900
J:/ccrcfr: 0.000000000 0.369191373 0.630808627
J:/ccrcrc: 0.000000000 0.381669311 0.618330689
J:/ccrcrf: 0.000000000 0.261336331 0.738663669
J:/ccrfcr: 0.000000000 0.476305817 0.523694183
J:/ccrffr: 0.000000000 0.788522743 0.211477257
J:/ccrfrc: 0.000000000 0.547635805 0.452364195
J:/ccrfrf: 0.000000000 0.671832022 0.328167978
J:/ccrrcc: 0.000000000 0.429725544 0.570274456
J:/ccrrcf: 0.000000000 0.677045221 0.322954779
J:/ccrrfc: 0.000000000 0.511294273 0.488705727
J:/ccrrff: 0.000000000 0.232755327 0.767244673
J:/cr: 0.999772418 0.000227582 0.000000000
J:/crccrc: 0.000000000 0.015649046 0.984350954
J:/crccrf: 0.000000000 0.526964553 0.473035447
J:/crcfrc: 0.000000000 0.754352372 0.245647628
J:/crcfrf: 0.000000000 0.456880944 0.543119056
J:/crcrcc: 0.000000000 0.678223681 0.321776319
J:/crcrcf: 0.000000000 0.459600735 0.540399265
J:/crcrfc: 0.000000000 0.891963427 0.108036573
J:/crcrff: 0.000000000 0.946220998 0.053779002
J:/rc: 0.003566675 0.000000000 0.996433325
J:/rccrcc: 0.000000000 0.724192939 0.275807061
J:/rccrcf: 0.000000000 0.000000000 1.000000000
J:/rccrfc: 0.000000000 0.000000000 1.000000000
J:/rccrff: 0.000000000 0.000000000 1.000000000
J:/rf: 0.497262886 0.215311524 0.287425589
J:/rfcrc: 0.000000000 0.503538438 0.496461562
J:/rfcrf: 0.000000000 0.861769969 0.138230031
J:/rr: 0.000000000 0.000000988 0.999999012
K:/cc: 0.763274483 0.236725517 0.000000000
K:/cccrcc: 0.673489004 0.030391223 0.296119773
K:/cccrcf: 0.245573785 0.274664282 0.479761933
K:/cccrcr: 0.000000000 0.038566248 0.961433752
K:/cccrfc: 0.267816785 0.585254845 0.146928370
K:/cccrff: 0.097204696 0.719486509 0.183308795
K:/cccrfr: 0.000000000 0.140915124 0.859084876
K:/cccrrc: 0.000000000 0.172134948 0.827865052
K:/cccrrf: 0.000000000 0.153770957 0.846229043
K:/ccrccr: 0.000000000 0.831720995 0.168279005
K:/ccrcfr: 0.000000000 0.088569912 0.911430088
K:/ccrcrc: 0.000000000 0.761071841 0.238928159
K:/ccrcrf: 0.000000000 0.877590808 0.122409192
K:/ccrfcr: 0.000000000 0.602706382 0.397293618
K:/ccrffr: 0.000000000 0.595214317 0.404785683
K:/ccrfrc: 0.000000000 0.010244365 0.989755635
K:/ccrfrf: 0.000000000 0.564764335 0.435235665
K:/ccrrcc: 0.000000000 0.747460621 0.252539379
K:/ccrrcf: 0.000000000 0.658137473 0.341862527
K:/ccrrfc: 0.000000000 0.504864503 0.495135497
K:/ccrrff: 0.000000000 0.795627453 0.204372547
K:/cr: 0.641081575 0.358918425 0.000000000
K:/crccrc: 0.000000000 0.315778138 0.684221862
K:/crccrf: 0.000000000 0.040366023 0.959633977
K:/crcfrc: 0.000000000 0.631565742 0.368434258
K:/crcfrf: 0.000000000 0.056753179 0.943246821
K:/crcrcc: 0.000000000 0.581229986 0.418770014
K:/crcrcf: 0.000000000 0.723127884 0.276872116
K:/crcrfc: 0.000000000 0.133177208 0.866822792
K:/crcrff: 0.000000000 0.526710311 0.473289689
K:/rc: 0.002778144 0.997221856 0.000000000
K:/rccrcc: 0.000000000 0.261908352 0.738091648
K:/rccrcf: 0.000000000 0.489549394 0.510450606
K:/rccrfc: 0.000000000 0.000000000 1.000000000
K:/rccrff: 0.000000000 0.000000000 1.000000000
K:/rf: 0.445774638 0.395757943 0.158467419
K:/rfcrc: 0.000000000 0.959780331 0.040219669
K:/rfcrf: 0.000000000 0.704024018 0.295975982
K:/rr: 0.000000000 0.014990324 0.985009676
Q:/cc: 0.575417016 0.424582984 0.000000000
Q:/cccrcc: 0.497953772 0.086331894 0.415714334
Q:/cccrcf: 0.769529692 0.031005635 0.199464672
Q:/cccrcr: 0.000000000 0.191456124 0.808543876
Q:/cccrfc: 0.098663033 0.452438328 0.448898639
Q:/cccrff: 0.053334496 0.486491736 0.460173768
Q:/cccrfr: 0.000000000 0.652493754 0.347506246
Q:/cccrrc: 0.000000000 0.375491528 0.624508472
Q:/cccrrf: 0.000000000 0.263636213 0.736363787
Q:/ccrccr: 0.000000000 0.501510684 0.498489316
Q:/ccrcfr: 0.000000000 0.468547878 0.531452122
Q:/ccrcrc: 0.000000000 0.161928735 0.838071265
Q:/ccrcrf: 0.000000000 0.367315557 0.632684443
Q:/ccrfcr: 0.000000000 0.299640880 0.700359120
Q:/ccrffr: 0.000000000 0.769665184 0.230334816
Q:/ccrfrc: 0.000000000 0.649101386 0.350898614
Q:/ccrfrf: 0.000000000 0.282062816 0.717937184
Q:/ccrrcc: 0.000000000 0.591974926 0.408025074
Q:/ccrrcf: 0.000000000 0.367613288 0.632386712
Q:/ccrrfc: 0.000000000 0.986357564 0.013642436
Q:/ccrrff: 0.000000000 0.377236408 0.622763592
Q:/cr: 0.349156974 0.650843026 0.000000000
Q:/crccrc: 0.000000000 0.294569658 0.705430342
Q:/crccrf: 0.000000000 0.407363611 0.592636389
Q:/crcfrc: 0.000000000 0.543772667 0.456227333
Q:/crcfrf: 0.000000000 0.524503909 0.475496091
Q:/crcrcc: 0.000000000 0.777636628 0.222363372
Q:/crcrcf: 0.000000000 0.328441588 0.671558412
Q:/crcrfc: 0.000000000 0.495042597 0.504957403
Q:/crcrff: 0.000000000 0.921657623 0.078342377
Q:/rc: 0.003936239 0.000000000 0.996063761
Q:/rccrcc: 0.000000000 0.637701607 0.362298393
Q:/rccrcf: 0.000000000 0.000000000 1.000000000
Q:/rccrfc: 0.000000000 0.000000000 1.000000000
Q:/rccrff: 0.000000000 0.000000000 1.000000000
Q:/rf: 0.399470113 0.031706362 0.568823525
Q:/rfcrc: 0.000000000 0.124620791 0.875379209
Q:/rfcrf: 0.000000000 0.401932233 0.598067767
Q:/rr: 0.000000000 0.000000000 1.000000000
T:/cc: 0.505989368 0.494010632 0.000000000
T:/cccrcc: 0.065981805 0.532914105 0.401104090
T:/cccrcf: 0.027523203 0.069219680 0.903257117
T:/cccrcr: 0.000000000 0.535248643 0.464751357
T:/cccrfc: 0.452569393 0.212104161 0.335326446
T:/cccrff: 0.371251190 0.287652007 0.341096802
T:/cccrfr: 0.000000000 0.623734226 0.376265774
T:/cccrrc: 0.000000000 0.725950998 0.274049002
T:/cccrrf: 0.000000000 0.024299137 0.975700863
T:/ccrccr: 0.000000000 0.534614250 0.465385750
T:/ccrcfr: 0.000000000 0.555630906 0.444369094
T:/ccrcrc: 0.000000000 0.810053361 0.189946639
T:/ccrcrf: 0.000000000 0.899367324 0.100632676
T:/ccrfcr: 0.000000000 0.401257759 0.598742241
T:/ccrffr: 0.000000000 0.768411921 0.231588079
T:/ccrfrc: 0.000000000 0.560795093 0.439204907
T:/ccrfrf: 0.000000000 0.505170230 0.494829770
T:/ccrrcc: 0.000000000 0.672297225 0.327702775
T:/ccrrcf: 0.000000000 0.230845940 0.769154060
T:/ccrrfc: 0.000000000 0.608648348 0.391351652
T:/ccrrff: 0.000000000 0.645336275 0.354663725
T:/cr: 0.697895665 0.302104224 0.000000111
T:/crccrc: 0.000000000 0.589555202 0.410444798
T:/crccrf: 0.000000000 0.751427723 0.248572277
T:/crcfrc: 0.000000000 0.565662423 0.434337577
T:/crcfrf: 0.000000000 0.271985026 0.728014974
T:/crcrcc: 0.000000000 0.341332551 0.658667449
T:/crcrcf: 0.000000000 0.442021008 0.557978992
T:/crcrfc: 0.000000000 0.704127047 0.295872953
T:/crcrff: 0.000000000 0.439987932 0.560012068
T:/rc: 0.003868044 0.000000000 0.996131956
T:/rccrcc: 0.000000000 0.634617915 0.365382085
T:/rccrcf: 0.000000000 0.101476510 0.898523490
T:/rccrfc: 0.000000000 0.000000000 1.000000000
T:/rccrff: 0.000000000 0.000000000 1.000000000
T:/rf: 0.079835369 0.037190734 0.882973897
T:/rfcrc: 0.000000000 0.446057257 0.553942743
T:/rfcrf: 0.000000000 0.608307139 0.391692861
T:/rr: 0.000000000 0.000002311 0.999997689
