A:/ccc: 0.819263647 0.180736353 0.000000000
A:/cccrccr: 0.000000000 0.451068232 0.548931768
A:/cccrcfr: 0.000000000 0.504959298 0.495040702
A:/cccrcrc: 0.000000000 0.875489589 0.124510411
A:/cccrcrf: 0.000000000 0.191493153 0.808506847
A:/cccrfcr: 0.000000000 0.253462014 0.746537986
A:/cccrffr: 0.000000000 0.851067901 0.148932099
A:/cccrfrc: 0.000000000 0.458513415 0.541486585
A:/cccrfrf: 0.000000000 0.283016577 0.716983423
A:/cccrrcc: 0.000000000 0.606887040 0.393112960
A:/cccrrcf: 0.000000000 0.455081155 0.544918845
A:/cccrrfc: 0.000000000 0.736336760 0.263663240
A:/cccrrff: 0.000000000 0.493451121 0.506548879
A:/ccr: 0.506172231 0.434440355 0.059387414
A:/ccrccrc: 0.000000000 0.042890176 0.957109824
A:/ccrccrf: 0.000000000 0.493908299 0.506091701
A:/ccrcfrc: 0.000000000 0.694512949 0.305487051
A:/ccrcfrf: 0.000000000 0.454379083 0.545620917
A:/ccrcrcc: 0.000000000 0.832309477 0.167690523
A:/ccrcrcf: 0.000000000 0.854997256 0.145002744
A:/ccrcrfc: 0.000000000 0.202393802 0.797606198
A:/ccrcrff: 0.000000000 0.795392438 0.204607562
A:/crc: 0.813301245 0.186698755 0.000000000
A:/crccrcc: 0.000000000 0.462474344 0.537525656
A:/crccrcf: 0.000000000 0.820999436 0.179000564
A:/crccrfc: 0.000000000 0.252274041 0.747725959
A:/crccrff: 0.000000000 1.000000000 0.000000000
A:/crf: 0.612316218 0.153805688 0.233878094
A:/crfcrc: 0.000000000 0.823536539 0.176463461
A:/crfcrf: 0.000000000 0.556366304 0.443633696
A:/crr: 0.000000000 1.000000000 0.000000000
A:/rcc: 0.736040199 0.263959801 0.000000000
A:/rcf: 0.999999591 0.000000409 0.000000000
A:/rcr: 0.000000000 0.994079514 0.005920486
A:/rfc: 0.237604467 0.586226189 0.176169344
A:/rff: 0.397698936 0.374954102 0.227346962
A:/rfr: 0.000000000 0.666483561 0.333516439
A:/rrc: 0.000000000 0.999979159 0.000020841
A:/rrf: 0.000000000 0.999028745 0.000971255
J:/ccc: 0.437362805 0.562637195 0.000000000
J:/cccrccr: 0.000000000 0.339092068 0.660907932
J:/cccrcfr: 0.000000000 0.290110266 0.709889734
J:/cccrcrc: 0.000000000 0.182124284 0.817875716
J:/cccrcrf: 0.000000000 0.875423288 0.124576712
J:/cccrfcr: 0.000000000 0.563805664 0.436194336
J:/cccrffr: 0.000000000 0.765638647 0.234361353
J:/cccrfrc: 0.000000000 0.662436288 0.337563712
J:/cccrfrf: 0.000000000 0.193211769 0.806788231
J:/cccrrcc: 0.000000000 0.281442843 0.718557157
J:/cccrrcf: 0.000000000 0.735536273 0.264463727
J:/cccrrfc: 0.000000000 0.361920872 0.638079128
J:/cccrrff: 0.000000000 0.304517455 0.695482545
J:/ccr: 0.000008720 0.194550170 0.805441110
J:/ccrccrc: 0.000000000 0.195053859 0.804946141
J:/ccrccrf: 0.000000000 0.023166687 0.976833313
J:/ccrcfrc: 0.000000000 0.557977326 0.442022674
J:/ccrcfrf: 0.000000000 0.199346412 0.800653588
J:/ccrcrcc: 0.000000000 0.587447202 0.412552798
J:/ccrcrcf: 0.000000000 0.287393951 0.712606049
J:/ccrcrfc: 0.000000000 0.628949795 0.371050205
J:/ccrcrff: 0.000000000 0.755734138 0.244265862
J:/crc: 0.000050849 0.014215724 0.985733427
J:/crccrcc: 0.000000000 0.279514671 0.720485329
J:/crccrcf: 0.000000000 0.454969372 0.545030628
J:/crccrfc: 0.000000000 0.892761683 0.107238317
J:/crccrff: 0.000000000 0.290942875 0.709057125
J:/crf: 0.345084077 0.331775644 0.323140279
J:/crfcrc: 0.000000000 0.374582938 0.625417062
J:/crfcrf: 0.000000000 0.494704695 0.505295305
J:/crr: 0.000000000 0.213816926 0.786183074
J:/rcc: 0.001634478 0.000000000 0.998365522
J:/rcf: 0.000986069 0.000000000 0.999013931
J:/rcr: 0.000000000 0.000000000 1.000000000
J:/rfc: 0.014767964 0.678090237 0.307141799
J:/rff: 0.544438213 0.101876203 0.353685584
J:/rfr: 0.000000000 0.381453152 0.618546848
J:/rrc: 0.000000000 0.000253948 0.999746052
J:/rrf: 0.000000000 0.174286637 0.825713363
K:/ccc: 0.579272984 0.420727016 0.000000000
K:/cccrccr: 0.000000000 0.673207534 0.326792466
K:/cccrcfr: 0.000000000 0.917637032 0.082362968
K:/cccrcrc: 0.000000000 0.019785407 0.980214593
K:/cccrcrf: 0.000000000 0.960481000 0.039519000
K:/cccrfcr: 0.000000000 0.499658326 0.500341674
K:/cccrffr: 0.000000000 0.403590264 0.596409736
K:/cccrfrc: 0.000000000 0.156590838 0.843409162
K:/cccrfrf: 0.000000000 0.328761409 0.671238591
K:/cccrrcc: 0.000000000 0.564397078 0.435602922
K:/cccrrcf: 0.000000000 0.563933916 0.436066084
K:/cccrrfc: 0.000000000 0.141261889 0.858738111
K:/cccrrff: 0.000000000 0.142605339 0.857394661
K:/ccr: 0.241171656 0.142241713 0.616586632
K:/ccrccrc: 0.000000000 0.257861755 0.742138245
K:/ccrccrf: 0.000000000 0.591653028 0.408346972
K:/ccrcfrc: 0.000000000 0.701454957 0.298545043
K:/ccrcfrf: 0.000000000 0.280065639 0.719934361
K:/ccrcrcc: 0.000000000 0.746904022 0.253095978
K:/ccrcrcf: 0.000000000 0.479301278 0.520698722
K:/ccrcrfc: 0.000000000 0.218926756 0.781073244
K:/ccrcrff: 0.000000000 0.786459367 0.213540633
K:/crc: 0.000009162 0.360135498 0.639855340
K:/crccrcc: 0.000000000 0.705807942 0.294192058
K:/crccrcf: 0.000000000 0.080621042 0.919378958
K:/crccrfc: 0.000000000 0.518272884 0.481727116
K:/crccrff: 0.000000000 0.365464067 0.634535933
K:/crf: 0.761087429 0.238912571 0.000000000
K:/crfcrc: 0.000000000 0.651763126 0.348236874
K:/crfcrf: 0.000000000 0.691695521 0.308304479
K:/crr: 0.000000000 0.476348356 0.523651644
K:/rcc: 0.000021810 0.000000000 0.999978190
K:/rcf: 0.000000000 1.000000000 0.000000000
K:/rcr: 0.000000000 0.000000000 1.000000000
K:/rfc: 0.011673784 0.286962258 0.701363959
K:/rff: 0.390493987 0.444928074 0.164577940
K:/rfr: 0.000000000 0.112154745 0.887845255
K:/rrc: 0.000000000 0.000237923 0.999762077
K:/rrf: 0.000000000 0.000159078 0.999840922
Q:/ccc: 0.477733344 0.522266656 0.000000000
Q:/cccrccr: 0.000000000 0.255559601 0.744440399
Q:/cccrcfr: 0.000000000 0.535321620 0.464678380
Q:/cccrcrc: 0.000000000 0.568503624 0.431496376
Q:/cccrcrf: 0.000000000 0.196286136 0.803713864
Q:/cccrfcr: 0.000000000 0.565115334 0.434884666
Q:/cccrffr: 0.000000000 0.169168627 0.830831373
Q:/cccrfrc: 0.000000000 0.645543076 0.354456924
Q:/cccrfrf: 0.000000000 0.692850961 0.307149039
Q:/cccrrcc: 0.000000000 0.399232380 0.600767620
Q:/cccrrcf: 0.000000000 0.760568547 0.239431453
Q:/cccrrfc: 0.000000000 0.681258092 0.318741908
Q:/cccrrff: 0.000000000 0.059923760 0.940076240
Q:/ccr: 0.093415013 0.269576257 0.637008731
Q:/ccrccrc: 0.000000000 0.794247236 0.205752764
Q:/ccrccrf: 0.000000000 0.638906192 0.361093808
Q:/ccrcfrc: 0.000000000 0.484421129 0.515578871
Q:/ccrcfrf: 0.000000000 0.937910182 0.062089818
Q:/ccrcrcc: 0.000000000 0.877991075 0.122008925
Q:/ccrcrcf: 0.000000000 0.835238169 0.164761831
Q:/ccrcrfc: 0.000000000 0.534868183 0.465131817
Q:/ccrcrff: 0.000000000 0.476065249 0.523934751
Q:/crc: 0.290888666 0.043535845 0.665575489
Q:/crccrcc: 0.000000000 0.421942734 0.578057266
Q:/crccrcf: 0.000000000 0.733279087 0.266720913
Q:/crccrfc: 0.000000000 0.467120500 0.532879500
Q:/crccrff: 0.000000000 0.595449954 0.404550046
Q:/crf: 0.258700661 0.006627021 0.734672317
Q:/crfcrc: 0.000000000 0.729555092 0.270444908
Q:/crfcrf: 0.000000000 0.404872365 0.595127635
Q:/crr: 0.000000000 0.054612853 0.945387147
Q:/rcc: 0.001686583 0.000000000 0.998313417
Q:/rcf: 0.245164760 0.000000000 0.754835240
Q:/rcr: 0.000000000 0.000000000 1.000000000
Q:/rfc: 0.310213153 0.160870274 0.528916573
Q:/rff: 0.196737183 0.117113693 0.686149124
Q:/rfr: 0.000000000 0.246503278 0.753496722
Q:/rrc: 0.000000000 0.000000000 1.000000000
Q:/rrf: 0.000000000 0.000000000 1.000000000
T:/ccc: 0.128183692 0.871816308 0.000000000
T:/cccrccr: 0.000000000 0.428832846 0.571167154
T:/cccrcfr: 0.000000000 0.324007281 0.675992719
T:/cccrcrc: 0.000000000 0.929649776 0.070350224
T:/cccrcrf: 0.000000000 0.448365311 0.551634689
T:/cccrfcr: 0.000000000 0.486474184 0.513525816
T:/cccrffr: 0.000000000 0.879108052 0.120891948
T:/cccrfrc: 0.000000000 0.576901135 0.423098865
T:/cccrfrf: 0.000000000 0.509000267 0.490999733
T:/cccrrcc: 0.000000000 0.458228767 0.541771233
T:/cccrrcf: 0.000000000 0.752505652 0.247494348
T:/cccrrfc: 0.000000000 0.737614406 0.262385594
T:/cccrrff: 0.000000000 0.509255011 0.490744989
T:/ccr: 0.000015777 0.224152412 0.775831810
T:/ccrccrc: 0.000000000 0.626935014 0.373064986
T:/ccrccrf: 0.000000000 0.233373147 0.766626853
T:/ccrcfrc: 0.000000000 0.460218186 0.539781814
T:/ccrcfrf: 0.000000000 0.909172686 0.090827314
T:/ccrcrcc: 0.000000000 0.606808624 0.393191376
T:/ccrcrcf: 0.000000000 0.502954858 0.497045142
T:/ccrcrfc: 0.000000000 0.100540964 0.899459036
T:/ccrcrff: 0.000000000 0.334894625 0.665105375
T:/crc: 0.000039221 0.078301184 0.921659595
T:/crccrcc: 0.000000000 0.439113462 0.560886538
T:/crccrcf: 0.000000000 0.911033714 0.088966286
T:/crccrfc: 0.000000000 0.930330809 0.069669191
T:/crccrff: 0.000000000 0.000002440 0.999997560
T:/crf: 0.387682420 0.150588151 0.461729429
T:/crfcrc: 0.000000000 0.115993367 0.884006633
T:/crfcrf: 0.000000000 0.567033756 0.432966244
T:/crr: 0.000000000 0.000000000 1.000000000
T:/rcc: 0.001603691 0.000000000 0.998396309
T:/rcf: 0.181414738 0.000000000 0.818585262
T:/rcr: 0.000000000 0.000000000 1.000000000
T:/rfc: 0.000000000 0.555732741 0.444267259
T:/rff: 0.640404994 0.265398361 0.094196645
T:/rfr: 0.000000000 0.295663333 0.704336667
T:/rrc: 0.000000000 0.000255869 0.999744131
T:/rrf: 0.000000000 0.043726343 0.956273657
