A:/: 0.999480886 0.000519114 0.000000000
A:/ccr: 0.000000000 0.727137748 0.272862252
A:/crc: 0.000000000 1.000000000 0.000000000
A:/crf: 0.000000000 1.000000000 0.000000000
AA:/ccc/: 0.884923102 0.115076898 0.000000000
AA:/ccc/ccr: 0.000000000 0.395666414 0.604333586
AA:/ccc/crc: 0.000000000 1.000000000 0.000000000
AA:/ccc/crf: 0.000000000 1.000000000 0.000000000
AA:/ccrcc/: 0.450958498 0.549041502 0.000000000
AA:/ccrcc/ccr: 0.000000000 0.322630822 0.677369178
AA:/ccrcc/crc: 0.000000000 0.573494167 0.426505833
AA:/ccrcc/crf: 0.000000000 1.000000000 0.000000000
AA:/ccrcf/: 0.640585973 0.359414027 0.000000000
AA:/ccrcf/cr: 0.000000000 0.460730834 0.539269166
AA:/crcc/: 0.635279043 0.364720957 0.000000000
AA:/crcc/ccr: 0.000000000 0.572146564 0.427853436
AA:/crcc/crc: 0.000000000 1.000000000 0.000000000
AA:/crcc/crf: 0.000000000 1.000000000 0.000000000
AA:/crfc/: 0.787576137 0.212423863 0.000000000
AA:/crfc/cr: 0.000000000 1.000000000 0.000000000
AA:/rcc/: 0.868824161 0.131175839 0.000000000
AA:/rcc/ccr: 0.000000000 0.379587013 0.620412987
AA:/rcc/crc: 0.000000000 0.457888912 0.542111088
AA:/rcc/crf: 0.000000000 0.696912500 0.303087500
AA:/rcf/: 0.622730112 0.377269888 0.000000000
AA:/rcf/cr: 0.000000000 1.000000000 0.000000000
AA:/rfc/: 0.451025837 0.548974163 0.000000000
AA:/rfc/cr: 0.000000000 0.746897084 0.253102916
AJ:/ccc/: 0.500537946 0.499462054 0.000000000
AJ:/ccc/ccr: 0.000000000 0.505233566 0.494766434
AJ:/ccc/crc: 0.000000000 0.679335366 0.320664634
AJ:/ccc/crf: 0.000000000 0.999976789 0.000023211
AJ:/ccrcc/: 0.215295251 0.784704749 0.000000000
AJ:/ccrcc/ccr: 0.000000000 0.556820179 0.443179821
AJ:/ccrcc/crc: 0.000000000 0.095910827 0.904089173
AJ:/ccrcc/crf: 0.000000000 0.642981883 0.357018117
AJ:/ccrcf/: 0.572784350 0.427215650 0.000000000
AJ:/ccrcf/cr: 0.000000000 0.182889418 0.817110582
AJ:/crcc/: 0.994952764 0.005047236 0.000000000
AJ:/crcc/ccr: 0.000000000 0.508977177 0.491022823
AJ:/crcc/crc: 0.000000000 0.850192991 0.149807009
AJ:/crcc/crf: 0.000000000 0.284780968 0.715219032
AJ:/crfc/: 0.509731741 0.490268259 0.000000000
AJ:/crfc/cr: 0.000000000 0.978050585 0.021949415
AJ:/rcc/: 0.139540471 0.860459529 0.000000000
AJ:/rcc/ccr: 0.000000000 0.408513734 0.591486266
AJ:/rcc/crc: 0.000000000 0.585408916 0.414591084
AJ:/rcc/crf: 0.000000000 0.799063437 0.200936563
AJ:/rcf/: 0.784649869 0.215350131 0.000000000
AJ:/rcf/cr: 0.000000000 1.000000000 0.000000000
AJ:/rfc/: 0.626536044 0.373463956 0.000000000
AJ:/rfc/cr: 0.000000000 0.113048362 0.886951638
AK:/ccc/: 0.897896905 0.102103095 0.000000000
AK:/ccc/ccr: 0.000000000 0.403181157 0.596818843
AK:/ccc/crc: 0.000000000 0.621252469 0.378747531
AK:/ccc/crf: 0.000000000 0.930716915 0.069283085
AK:/ccrcc/: 0.072914696 0.927085304 0.000000000
AK:/ccrcc/ccr: 0.000000000 0.501658559 0.498341441
AK:/ccrcc/crc: 0.000000000 0.615348109 0.384651891
AK:/ccrcc/crf: 0.000000000 0.878026816 0.121973184
AK:/ccrcf/: 0.205491004 0.794508996 0.000000000
AK:/ccrcf/cr: 0.000000000 0.549797786 0.450202214
AK:/crcc/: 0.456731732 0.543268268 0.000000000
AK:/crcc/ccr: 0.000000000 0.249429166 0.750570834
AK:/crcc/crc: 0.000000000 0.620512751 0.379487249
AK:/crcc/crf: 0.000000000 1.000000000 0.000000000
AK:/crfc/: 0.678580620 0.321419380 0.000000000
AK:/crfc/cr: 0.000000000 0.476312700 0.523687300
AK:/rcc/: 0.237321688 0.762678312 0.000000000
AK:/rcc/ccr: 0.000000000 0.259135444 0.740864556
AK:/rcc/crc: 0.000000000 0.603080602 0.396919398
AK:/rcc/crf: 0.000000000 0.874473635 0.125526365
AK:/rcf/: 0.754758027 0.245241973 0.000000000
AK:/rcf/cr: 0.000000000 0.990962455 0.009037545
AK:/rfc/: 0.545736600 0.454263400 0.000000000
AK:/rfc/cr: 0.000000000 0.464251554 0.535748446
AQ:/ccc/: 0.553148260 0.446851740 0.000000000
AQ:/ccc/ccr: 0.000000000 0.431889079 0.568110921
AQ:/ccc/crc: 0.000000000 0.738215807 0.261784193
AQ:/ccc/crf: 0.000000000 0.540535718 0.459464282
AQ:/ccrcc/: 0.999987208 0.000012792 0.000000000
AQ:/ccrcc/ccr: 0.000000000 0.560443781 0.439556219
AQ:/ccrcc/crc: 0.000000000 0.324623145 0.675376855
AQ:/ccrcc/crf: 0.000000000 0.452315764 0.547684236
AQ:/ccrcf/: 0.599346647 0.400653353 0.000000000
AQ:/ccrcf/cr: 0.000000000 0.241939144 0.758060856
AQ:/crcc/: 0.793570526 0.206429474 0.000000000
AQ:/crcc/ccr: 0.000000000 0.718480992 0.281519008
AQ:/crcc/crc: 0.000000000 1.000000000 0.000000000
AQ:/crcc/crf: 0.000000000 1.000000000 0.000000000
AQ:/crfc/: 0.896930266 0.103069734 0.000000000
AQ:/crfc/cr: 0.000000000 1.000000000 0.000000000
AQ:/rcc/: 0.848887418 0.151112582 0.000000000
AQ:/rcc/ccr: 0.000000000 0.746064739 0.253935261
AQ:/rcc/crc: 0.000000000 0.585727729 0.414272271
AQ:/rcc/crf: 0.000000000 0.999937151 0.000062849
AQ:/rcf/: 0.887546182 0.112453818 0.000000000
AQ:/rcf/cr: 0.000000000 0.999990718 0.000009282
AQ:/rfc/: 0.757503626 0.242496374 0.000000000
AQ:/rfc/cr: 0.000000000 0.889359040 0.110640960
J:/: 1.000000000 0.000000000 0.000000000
J:/ccr: 0.000000000 0.999713491 0.000286509
J:/crc: 0.000000000 0.000008602 0.999991398
J:/crf: 0.000000000 1.000000000 0.000000000
JA:/ccc/: 0.909946019 0.090053981 0.000000000
JA:/ccc/ccr: 0.000000000 0.977093817 0.022906183
JA:/ccc/crc: 0.000000000 0.454781264 0.545218736
JA:/ccc/crf: 0.000000000 0.000000000 1.000000000
JA:/ccrcc/: 0.324505357 0.675494643 0.000000000
JA:/ccrcc/ccr: 0.000000000 0.342879873 0.657120127
JA:/ccrcc/crc: 0.000000000 0.569079509 0.430920491
JA:/ccrcc/crf: 0.000000000 0.775553569 0.224446431
JA:/ccrcf/: 0.084518300 0.915481700 0.000000000
JA:/ccrcf/cr: 0.000000000 0.432113235 0.567886765
JA:/crcc/: 0.000000000 1.000000000 0.000000000
JA:/crcc/ccr: 0.000000000 0.383195655 0.616804345
JA:/crcc/crc: 0.000000000 0.377894146 0.622105854
JA:/crcc/crf: 0.000000000 0.552603418 0.447396582
JA:/crfc/: 0.802783467 0.197216533 0.000000000
JA:/crfc/cr: 0.000000000 0.587700347 0.412299653
JA:/rcc/: 0.037693415 0.962306585 0.000000000
JA:/rcc/ccr: 0.000000000 0.261950446 0.738049554
JA:/rcc/crc: 0.000000000 0.844554273 0.155445727
JA:/rcc/crf: 0.000000000 0.757371096 0.242628904
JA:/rcf/: 0.414272356 0.585727644 0.000000000
JA:/rcf/cr: 0.000000000 0.106180487 0.893819513
JA:/rfc/: 0.379150071 0.620849929 0.000000000
JA:/rfc/cr: 0.000000000 0.630361565 0.369638435
JJ:/ccc/: 0.523012261 0.476987739 0.000000000
JJ:/ccc/ccr: 0.000000000 0.564152656 0.435847344
JJ:/ccc/crc: 0.000000000 0.775820279 0.224179721
JJ:/ccc/crf: 0.000000000 0.999972996 0.000027004
JJ:/ccrcc/: 0.256734432 0.743265568 0.000000000
JJ:/ccrcc/ccr: 0.000000000 0.571489060 0.428510940
JJ:/ccrcc/crc: 0.000000000 0.554888634 0.445111366
JJ:/ccrcc/crf: 0.000000000 0.608568300 0.391431700
JJ:/ccrcf/: 0.141955445 0.858044555 0.000000000
JJ:/ccrcf/cr: 0.000000000 0.468220820 0.531779180
JJ:/crcc/: 0.642781827 0.357218173 0.000000000
JJ:/crcc/ccr: 0.000000000 0.323508812 0.676491188
JJ:/crcc/crc: 0.000000000 0.999942832 0.000057168
JJ:/crcc/crf: 0.000000000 0.999932160 0.000067840
JJ:/crfc/: 0.999076726 0.000923274 0.000000000
JJ:/crfc/cr: 0.000000000 1.000000000 0.000000000
JJ:/rcc/: 0.688894335 0.311105665 0.000000000
JJ:/rcc/ccr: 0.000000000 0.502671008 0.497328992
JJ:/rcc/crc: 0.000000000 0.957329239 0.042670761
JJ:/rcc/crf: 0.000000000 1.000000000 0.000000000
JJ:/rcf/: 0.319228892 0.680771108 0.000000000
JJ:/rcf/cr: 0.000000000 1.000000000 0.000000000
JJ:/rfc/: 0.736797237 0.263202763 0.000000000
JJ:/rfc/cr: 0.000000000 0.434288621 0.565711379
JK:/ccc/: 0.547484336 0.452515664 0.000000000
JK:/ccc/ccr: 0.000000000 0.460535011 0.539464989
JK:/ccc/crc: 0.000000000 0.610302619 0.389697381
JK:/ccc/crf: 0.000000000 0.727802974 0.272197026
JK:/ccrcc/: 0.507124343 0.492875657 0.000000000
JK:/ccrcc/ccr: 0.000000000 0.686507151 0.313492849
JK:/ccrcc/crc: 0.000000000 0.467337621 0.532662379
JK:/ccrcc/crf: 0.000000000 0.455069290 0.544930710
JK:/ccrcf/: 0.692947946 0.307052054 0.000000000
JK:/ccrcf/cr: 0.000000000 0.526331077 0.473668923
JK:/crcc/: 0.799559349 0.200440651 0.000000000
JK:/crcc/ccr: 0.000000000 0.833048976 0.166951024
JK:/crcc/crc: 0.000000000 0.405328100 0.594671900
JK:/crcc/crf: 0.000000000 0.701774098 0.298225902
JK:/crfc/: 0.401127279 0.598872721 0.000000000
JK:/crfc/cr: 0.000000000 0.410631206 0.589368794
JK:/rcc/: 0.562871284 0.437128716 0.000000000
JK:/rcc/ccr: 0.000000000 0.660766037 0.339233963
JK:/rcc/crc: 0.000000000 0.544680596 0.455319404
JK:/rcc/crf: 0.000000000 0.000000837 0.999999163
JK:/rcf/: 0.317368537 0.682631463 0.000000000
JK:/rcf/cr: 0.000000000 0.349126434 0.650873566
JK:/rfc/: 0.643753326 0.356246674 0.000000000
JK:/rfc/cr: 0.000000000 0.867303283 0.132696717
JQ:/ccc/: 0.395682225 0.604317775 0.000000000
JQ:/ccc/ccr: 0.000000000 0.434937472 0.565062528
JQ:/ccc/crc: 0.000000000 0.413040413 0.586959587
JQ:/ccc/crf: 0.000000000 0.141733818 0.858266182
JQ:/ccrcc/: 0.999976267 0.000023733 0.000000000
JQ:/ccrcc/ccr: 0.000000000 0.636334132 0.363665868
JQ:/ccrcc/crc: 0.000000000 0.479553165 0.520446835
JQ:/ccrcc/crf: 0.000000000 0.736307054 0.263692946
JQ:/ccrcf/: 0.583584244 0.416415756 0.000000000
JQ:/ccrcf/cr: 0.000000000 0.924964880 0.075035120
JQ:/crcc/: 0.329128138 0.670871862 0.000000000
JQ:/crcc/ccr: 0.000000000 0.910692270 0.089307730
JQ:/crcc/crc: 0.000000000 0.308414055 0.691585945
JQ:/crcc/crf: 0.000000000 0.513293311 0.486706689
JQ:/crfc/: 0.214589271 0.785410729 0.000000000
JQ:/crfc/cr: 0.000000000 0.614865733 0.385134267
JQ:/rcc/: 0.698894913 0.301105087 0.000000000
JQ:/rcc/ccr: 0.000000000 0.446165842 0.553834158
JQ:/rcc/crc: 0.000000000 0.455873411 0.544126589
JQ:/rcc/crf: 0.000000000 0.363728774 0.636271226
JQ:/rcf/: 0.259750568 0.740249432 0.000000000
JQ:/rcf/cr: 0.000000000 0.362940709 0.637059291
JQ:/rfc/: 0.657082195 0.342917805 0.000000000
JQ:/rfc/cr: 0.000000000 0.572296418 0.427703582
K:/: 0.999555100 0.000444900 0.000000000
K:/ccr: 0.000000000 0.737382941 0.262617059
K:/crc: 0.000000000 1.000000000 0.000000000
K:/crf: 0.000000000 1.000000000 0.000000000
KA:/ccc/: 0.803709546 0.196290454 0.000000000
KA:/ccc/ccr: 0.000000000 0.715991805 0.284008195
KA:/ccc/crc: 0.000000000 1.000000000 0.000000000
KA:/ccc/crf: 0.000000000 0.712700650 0.287299350
KA:/ccrcc/: 0.404077904 0.595922096 0.000000000
KA:/ccrcc/ccr: 0.000000000 0.474846682 0.525153318
KA:/ccrcc/crc: 0.000000000 0.705049082 0.294950918
KA:/ccrcc/crf: 0.000000000 0.365728518 0.634271482
KA:/ccrcf/: 0.520434745 0.479565255 0.000000000
KA:/ccrcf/cr: 0.000000000 0.499384254 0.500615746
KA:/crcc/: 0.319274310 0.680725690 0.000000000
KA:/crcc/ccr: 0.000000000 0.923856728 0.076143272
KA:/crcc/crc: 0.000000000 0.660182130 0.339817870
KA:/crcc/crf: 0.000000000 1.000000000 0.000000000
KA:/crfc/: 0.142605560 0.857394440 0.000000000
KA:/crfc/cr: 0.000000000 0.963541469 0.036458531
KA:/rcc/: 0.337404007 0.662595993 0.000000000
KA:/rcc/ccr: 0.000000000 0.104191138 0.895808862
KA:/rcc/crc: 0.000000000 0.359117860 0.640882140
KA:/rcc/crf: 0.000000000 0.637735194 0.362264806
KA:/rcf/: 0.542818481 0.457181519 0.000000000
KA:/rcf/cr: 0.000000000 0.999991292 0.000008708
KA:/rfc/: 0.057899734 0.942100266 0.000000000
KA:/rfc/cr: 0.000000000 0.978528208 0.021471792
KJ:/ccc/: 0.645674226 0.354325774 0.000000000
KJ:/ccc/ccr: 0.000000000 0.344741959 0.655258041
KJ:/ccc/crc: 0.000000000 0.401766532 0.598233468
KJ:/ccc/crf: 0.000000000 0.507616622 0.492383378
KJ:/ccrcc/: 0.374989982 0.625010018 0.000000000
KJ:/ccrcc/ccr: 0.000000000 0.682512269 0.317487731
KJ:/ccrcc/crc: 0.000000000 0.273768607 0.726231393
KJ:/ccrcc/crf: 0.000000000 1.000000000 0.000000000
KJ:/ccrcf/: 0.441127306 0.558872694 0.000000000
KJ:/ccrcf/cr: 0.000000000 0.264472713 0.735527287
KJ:/crcc/: 0.519511775 0.480488225 0.000000000
KJ:/crcc/ccr: 0.000000000 0.627147439 0.372852561
KJ:/crcc/crc: 0.000000000 0.325594756 0.674405244
KJ:/crcc/crf: 0.000000000 0.795028326 0.204971674
KJ:/crfc/: 0.650347974 0.349652026 0.000000000
KJ:/crfc/cr: 0.000000000 0.025366011 0.974633989
KJ:/rcc/: 0.461351608 0.538648392 0.000000000
KJ:/rcc/ccr: 0.000000000 0.436708641 0.563291359
KJ:/rcc/crc: 0.000000000 0.637512959 0.362487041
KJ:/rcc/crf: 0.000000000 0.603425787 0.396574213
KJ:/rcf/: 0.082013149 0.917986851 0.000000000
KJ:/rcf/cr: 0.000000000 0.797221445 0.202778555
KJ:/rfc/: 0.366907240 0.633092760 0.000000000
KJ:/rfc/cr: 0.000000000 0.405498602 0.594501398
KK:/ccc/: 0.815279741 0.184720259 0.000000000
KK:/ccc/ccr: 0.000000000 0.723772947 0.276227053
KK:/ccc/crc: 0.000000000 0.240198038 0.759801962
KK:/ccc/crf: 0.000000000 1.000000000 0.000000000
KK:/ccrcc/: 0.370393178 0.629606822 0.000000000
KK:/ccrcc/ccr: 0.000000000 0.379688715 0.620311285
KK:/ccrcc/crc: 0.000000000 0.163572049 0.836427951
KK:/ccrcc/crf: 0.000000000 0.305092420 0.694907580
KK:/ccrcf/: 0.930594041 0.069405959 0.000000000
KK:/ccrcf/cr: 0.000000000 0.480775849 0.519224151
KK:/crcc/: 0.759953415 0.240046585 0.000000000
KK:/crcc/ccr: 0.000000000 0.664580631 0.335419369
KK:/crcc/crc: 0.000000000 1.000000000 0.000000000
KK:/crcc/crf: 0.000000000 1.000000000 0.000000000
KK:/crfc/: 0.625366749 0.374633251 0.000000000
KK:/crfc/cr: 0.000000000 1.000000000 0.000000000
KK:/rcc/: 1.000000000 0.000000000 0.000000000
KK:/rcc/ccr: 0.000000000 0.654877514 0.345122486
KK:/rcc/crc: 0.000000000 0.577739178 0.422260822
KK:/rcc/crf: 0.000000000 0.995158005 0.004841995
KK:/rcf/: 0.528656381 0.471343619 0.000000000
KK:/rcf/cr: 0.000000000 1.000000000 0.000000000
KK:/rfc/: 0.512669144 0.487330856 0.000000000
KK:/rfc/cr: 0.000000000 0.478314557 0.521685443
KQ:/ccc/: 0.622138888 0.377861112 0.000000000
KQ:/ccc/ccr: 0.000000000 0.714598342 0.285401658
KQ:/ccc/crc: 0.000000000 0.292743016 0.707256984
KQ:/ccc/crf: 0.000000000 0.604067254 0.395932746
KQ:/ccrcc/: 0.526277677 0.473722323 0.000000000
KQ:/ccrcc/ccr: 0.000000000 0.517506731 0.482493269
KQ:/ccrcc/crc: 0.000000000 0.639762266 0.360237734
KQ:/ccrcc/crf: 0.000000000 0.454826689 0.545173311
KQ:/ccrcf/: 0.569546261 0.430453739 0.000000000
KQ:/ccrcf/cr: 0.000000000 0.736263691 0.263736309
KQ:/crcc/: 0.824696711 0.175303289 0.000000000
KQ:/crcc/ccr: 0.000000000 0.613478296 0.386521704
KQ:/crcc/crc: 0.000000000 0.559833907 0.440166093
KQ:/crcc/crf: 0.000000000 0.558396570 0.441603430
KQ:/crfc/: 0.313447396 0.686552604 0.000000000
KQ:/crfc/cr: 0.000000000 0.561821347 0.438178653
KQ:/rcc/: 0.621167896 0.378832104 0.000000000
KQ:/rcc/ccr: 0.000000000 0.134246437 0.865753563
KQ:/rcc/crc: 0.000000000 0.809947661 0.190052339
KQ:/rcc/crf: 0.000000000 0.664685621 0.335314379
KQ:/rcf/: 0.436810023 0.563189977 0.000000000
KQ:/rcf/cr: 0.000000000 0.861915218 0.138084782
KQ:/rfc/: 0.233423958 0.766576042 0.000000000
KQ:/rfc/cr: 0.000000000 0.616871609 0.383128391
Q:/: 0.999741933 0.000258067 0.000000000
Q:/ccr: 0.000000000 0.915450621 0.084549379
Q:/crc: 0.000000000 1.000000000 0.000000000
Q:/crf: 0.000000000 1.000000000 0.000000000
QA:/ccc/: 0.290471030 0.709528970 0.000000000
QA:/ccc/ccr: 0.000000000 0.050726652 0.949273348
QA:/ccc/crc: 0.000000000 0.433237970 0.566762030
QA:/ccc/crf: 0.000000000 0.646772875 0.353227125
QA:/ccrcc/: 0.602932310 0.397067690 0.000000000
QA:/ccrcc/ccr: 0.000000000 0.479490110 0.520509890
QA:/ccrcc/crc: 0.000000000 0.282926636 0.717073364
QA:/ccrcc/crf: 0.000000000 0.313645380 0.686354620
QA:/ccrcf/: 0.827786534 0.172213466 0.000000000
QA:/ccrcf/cr: 0.000000000 0.693924975 0.306075025
QA:/crcc/: 0.485988173 0.514011827 0.000000000
QA:/crcc/ccr: 0.000000000 0.858272215 0.141727785
QA:/crcc/crc: 0.000000000 0.863077890 0.136922110
QA:/crcc/crf: 0.000000000 0.792601181 0.207398819
QA:/crfc/: 0.475455066 0.524544934 0.000000000
QA:/crfc/cr: 0.000000000 0.969136252 0.030863748
QA:/rcc/: 0.000000000 1.000000000 0.000000000
QA:/rcc/ccr: 0.000000000 0.544570228 0.455429772
QA:/rcc/crc: 0.000000000 0.472905693 0.527094307
QA:/rcc/crf: 0.000000000 0.256525688 0.743474312
QA:/rcf/: 0.032496984 0.967503016 0.000000000
QA:/rcf/cr: 0.000000000 0.786546258 0.213453742
QA:/rfc/: 0.112736480 0.887263520 0.000000000
QA:/rfc/cr: 0.000000000 0.683025027 0.316974973
QJ:/ccc/: 0.514880760 0.485119240 0.000000000
QJ:/ccc/ccr: 0.000000000 0.713693282 0.286306718
QJ:/ccc/crc: 0.000000000 0.375936252 0.624063748
QJ:/ccc/crf: 0.000000000 0.470984101 0.529015899
QJ:/ccrcc/: 0.279389492 0.720610508 0.000000000
QJ:/ccrcc/ccr: 0.000000000 0.234065980 0.765934020
QJ:/ccrcc/crc: 0.000000000 0.530229615 0.469770385
QJ:/ccrcc/crf: 0.000000000 0.987029567 0.012970433
QJ:/ccrcf/: 0.755101995 0.244898005 0.000000000
QJ:/ccrcf/cr: 0.000000000 0.297525611 0.702474389
QJ:/crcc/: 0.410563066 0.589436934 0.000000000
QJ:/crcc/ccr: 0.000000000 1.000000000 0.000000000
QJ:/crcc/crc: 0.000000000 0.161956868 0.838043132
QJ:/crcc/crf: 0.000000000 0.359710471 0.640289529
QJ:/crfc/: 0.941793591 0.058206409 0.000000000
QJ:/crfc/cr: 0.000000000 0.548928449 0.451071551
QJ:/rcc/: 0.106382274 0.893617726 0.000000000
QJ:/rcc/ccr: 0.000000000 0.471013400 0.528986600
QJ:/rcc/crc: 0.000000000 0.693840744 0.306159256
QJ:/rcc/crf: 0.000000000 0.654898193 0.345101807
QJ:/rcf/: 0.322592909 0.677407091 0.000000000
QJ:/rcf/cr: 0.000000000 0.436011646 0.563988354
QJ:/rfc/: 0.224697849 0.775302151 0.000000000
QJ:/rfc/cr: 0.000000000 0.272537710 0.727462290
QK:/ccc/: 0.652165470 0.347834530 0.000000000
QK:/ccc/ccr: 0.000000000 0.493145736 0.506854264
QK:/ccc/crc: 0.000000000 0.614842795 0.385157205
QK:/ccc/crf: 0.000000000 0.484011000 0.515989000
QK:/ccrcc/: 0.844507817 0.155492183 0.000000000
QK:/ccrcc/ccr: 0.000000000 0.855655210 0.144344790
QK:/ccrcc/crc: 0.000000000 0.405954622 0.594045378
QK:/ccrcc/crf: 0.000000000 0.423683981 0.576316019
QK:/ccrcf/: 0.547722323 0.452277677 0.000000000
QK:/ccrcf/cr: 0.000000000 0.595498330 0.404501670
QK:/crcc/: 0.559485694 0.440514306 0.000000000
QK:/crcc/ccr: 0.000000000 0.840399546 0.159600454
QK:/crcc/crc: 0.000000000 0.263451561 0.736548439
QK:/crcc/crf: 0.000000000 0.614399529 0.385600471
QK:/crfc/: 0.229107236 0.770892764 0.000000000
QK:/crfc/cr: 0.000000000 0.301226317 0.698773683
QK:/rcc/: 0.338923520 0.661076480 0.000000000
QK:/rcc/ccr: 0.000000000 0.600612658 0.399387342
QK:/rcc/crc: 0.000000000 0.910839424 0.089160576
QK:/rcc/crf: 0.000000000 0.612680753 0.387319247
QK:/rcf/: 0.165690058 0.834309942 0.000000000
QK:/rcf/cr: 0.000000000 0.812487144 0.187512856
QK:/rfc/: 0.242760886 0.757239114 0.000000000
QK:/rfc/cr: 0.000000000 0.550257936 0.449742064
QQ:/ccc/: 0.567156525 0.432843475 0.000000000
QQ:/ccc/ccr: 0.000000000 0.698805825 0.301194175
QQ:/ccc/crc: 0.000000000 0.589596519 0.410403481
QQ:/ccc/crf: 0.000000000 0.586168350 0.413831650
QQ:/ccrcc/: 0.519774405 0.480225595 0.000000000
QQ:/ccrcc/ccr: 0.000000000 0.130241862 0.869758138
QQ:/ccrcc/crc: 0.000000000 0.832582698 0.167417302
QQ:/ccrcc/crf: 0.000000000 0.890730168 0.109269832
QQ:/ccrcf/: 0.812433946 0.187566054 0.000000000
QQ:/ccrcf/cr: 0.000000000 0.305181358 0.694818642
QQ:/crcc/: 0.695855229 0.304144771 0.000000000
QQ:/crcc/ccr: 0.000000000 0.741331370 0.258668630
QQ:/crcc/crc: 0.000000000 1.000000000 0.000000000
QQ:/crcc/crf: 0.000000000 1.000000000 0.000000000
QQ:/crfc/: 0.774401716 0.225598284 0.000000000
QQ:/crfc/cr: 0.000000000 0.823317714 0.176682286
QQ:/rcc/: 0.928918417 0.071081583 0.000000000
QQ:/rcc/ccr: 0.000000000 0.671501401 0.328498599
QQ:/rcc/crc: 0.000000000 1.000000000 0.000000000
QQ:/rcc/crf: 0.000000000 0.999973517 0.000026483
QQ:/rcf/: 0.433629980 0.566370020 0.000000000
QQ:/rcf/cr: 0.000000000 1.000000000 0.000000000
QQ:/rfc/: 0.578948949 0.421051051 0.000000000
QQ:/rfc/cr: 0.000000000 0.285144094 0.714855906
