A:/c: 0.740212711 0.259787289 0.000000000
A:/ccrc: 0.000000000 1.000000000 0.000000000
A:/ccrf: 0.000000000 1.000000000 0.000000000
A:/r: 0.000000000 1.000000000 0.000000000
AA:/ccc/c: 0.798366462 0.201633538 0.000000000
AA:/ccc/ccrc: 0.000000000 0.141838700 0.858161300
AA:/ccc/ccrf: 0.000000000 0.565681043 0.434318957
AA:/ccc/r: 0.000000000 1.000000000 0.000000000
AA:/ccrcc/c: 1.000000000 0.000000000 0.000000000
AA:/ccrcc/ccrc: 0.000000000 0.157264157 0.842735843
AA:/ccrcc/ccrf: 0.000000000 0.351818420 0.648181580
AA:/ccrcc/r: 0.000000000 1.000000000 0.000000000
AA:/ccrfc/: 0.426617114 0.573382886 0.000000000
AA:/ccrfc/cr: 0.000000000 0.374431614 0.625568386
AA:/crcc/c: 0.565214856 0.434785144 0.000000000
AA:/crcc/ccrc: 0.000000000 0.463138731 0.536861269
AA:/crcc/ccrf: 0.000000000 0.725362292 0.274637708
AA:/crcc/r: 0.000000000 0.804657573 0.195342427
AA:/crcf/: 0.570193229 0.429806771 0.000000000
AA:/crcf/cr: 0.000000000 0.992077429 0.007922571
AA:/crfc/c: 0.576615869 0.423384131 0.000000000
AA:/crfc/r: 0.000000000 1.000000000 0.000000000
AA:/rcc/c: 0.846466959 0.153533041 0.000000000
AA:/rcc/ccrc: 0.000000000 1.000000000 0.000000000
AA:/rcc/ccrf: 0.000000000 1.000000000 0.000000000
AA:/rcc/r: 0.000000000 1.000000000 0.000000000
AA:/rcf/c: 0.606607305 0.393392695 0.000000000
AA:/rcf/r: 0.000000000 1.000000000 0.000000000
AJ:/ccc/c: 0.806219697 0.193780303 0.000000000
AJ:/ccc/ccrc: 0.000000000 0.040341030 0.959658970
AJ:/ccc/ccrf: 0.000000000 0.989272385 0.010727615
AJ:/ccc/r: 0.000000000 0.829294469 0.170705531
AJ:/ccrcc/c: 0.999281436 0.000718564 0.000000000
AJ:/ccrcc/ccrc: 0.000000000 0.299316341 0.700683659
AJ:/ccrcc/ccrf: 0.000000000 0.545343360 0.454656640
AJ:/ccrcc/r: 0.000000000 0.402419415 0.597580585
AJ:/ccrfc/: 0.583553206 0.416446794 0.000000000
AJ:/ccrfc/cr: 0.000000000 0.969515515 0.030484485
AJ:/crcc/c: 0.697385999 0.302614001 0.000000000
AJ:/crcc/ccrc: 0.000000000 0.548833660 0.451166340
AJ:/crcc/ccrf: 0.000000000 0.200775772 0.799224228
AJ:/crcc/r: 0.000000000 0.658463347 0.341536653
AJ:/crcf/: 0.655455450 0.344544550 0.000000000
AJ:/crcf/cr: 0.000000000 0.654814470 0.345185530
AJ:/crfc/c: 0.332465810 0.667534190 0.000000000
AJ:/crfc/r: 0.000000000 0.625335425 0.374664575
AJ:/rcc/c: 0.873137119 0.126862881 0.000000000
AJ:/rcc/ccrc: 0.000000000 1.000000000 0.000000000
AJ:/rcc/ccrf: 0.000000000 1.000000000 0.000000000
AJ:/rcc/r: 0.000000000 1.000000000 0.000000000
AJ:/rcf/c: 0.707090896 0.292909104 0.000000000
AJ:/rcf/r: 0.000000000 1.000000000 0.000000000
AK:/ccc/c: 0.424558039 0.575441961 0.000000000
AK:/ccc/ccrc: 0.000000000 0.889561583 0.110438417
AK:/ccc/ccrf: 0.000000000 0.465975055 0.534024945
AK:/ccc/r: 0.000000000 0.808697276 0.191302724
AK:/ccrcc/c: 0.819081573 0.180918427 0.000000000
AK:/ccrcc/ccrc: 0.000000000 0.999880026 0.000119974
AK:/ccrcc/ccrf: 0.000000000 1.000000000 0.000000000
AK:/ccrcc/r: 0.000000000 0.689027125 0.310972875
AK:/ccrfc/: 0.109144459 0.890855541 0.000000000
AK:/ccrfc/cr: 0.000000000 0.471416301 0.528583699
AK:/crcc/c: 0.550170821 0.449829179 0.000000000
AK:/crcc/ccrc: 0.000000000 0.640973046 0.359026954
AK:/crcc/ccrf: 0.000000000 0.831361648 0.168638352
AK:/crcc/r: 0.000000000 0.940631050 0.059368950
AK:/crcf/: 0.566260388 0.433739612 0.000000000
AK:/crcf/cr: 0.000000000 0.489019149 0.510980851
AK:/crfc/c: 0.361359391 0.638640609 0.000000000
AK:/crfc/r: 0.000000000 0.478302205 0.521697795
AK:/rcc/c: 0.862621322 0.137378678 0.000000000
AK:/rcc/ccrc: 0.000000000 0.793015422 0.206984578
AK:/rcc/ccrf: 0.000000000 0.955296685 0.044703315
AK:/rcc/r: 0.000000000 1.000000000 0.000000000
AK:/rcf/c: 0.492165837 0.507834163 0.000000000
AK:/rcf/r: 0.000000000 1.000000000 0.000000000
AQ:/ccc/c: 0.394589590 0.605410410 0.000000000
AQ:/ccc/ccrc: 0.000000000 0.325564786 0.674435214
AQ:/ccc/ccrf: 0.000000000 0.442363642 0.557636358
AQ:/ccc/r: 0.000000000 0.676055236 0.323944764
AQ:/ccrcc/c: 0.242744653 0.757255347 0.000000000
AQ:/ccrcc/ccrc: 0.000000000 0.362698894 0.637301106
AQ:/ccrcc/ccrf: 0.000000000 0.490688588 0.509311412
AQ:/ccrcc/r: 0.000000000 0.774274262 0.225725738
AQ:/ccrfc/: 0.564197815 0.435802185 0.000000000
AQ:/ccrfc/cr: 0.000000000 0.853911507 0.146088493
AQ:/crcc/c: 0.671907877 0.328092123 0.000000000
AQ:/crcc/ccrc: 0.000000000 0.593941170 0.406058830
AQ:/crcc/ccrf: 0.000000000 0.371535073 0.628464927
AQ:/crcc/r: 0.000000000 0.754034939 0.245965061
AQ:/crcf/: 0.665356727 0.334643273 0.000000000
AQ:/crcf/cr: 0.000000000 0.968653790 0.031346210
AQ:/crfc/c: 0.788321681 0.211678319 0.000000000
AQ:/crfc/r: 0.000000000 0.426509773 0.573490227
AQ:/rcc/c: 0.721242483 0.278757517 0.000000000
AQ:/rcc/ccrc: 0.000000000 1.000000000 0.000000000
AQ:/rcc/ccrf: 0.000000000 1.000000000 0.000000000
AQ:/rcc/r: 0.000000000 1.000000000 0.000000000
AQ:/rcf/c: 0.301450420 0.698549580 0.000000000
AQ:/rcf/r: 0.000000000 1.000000000 0.000000000
J:/c: 0.055137781 0.944862219 0.000000000
J:/ccrc: 0.000000000 0.239172799 0.760827201
J:/ccrf: 0.000000000 1.000000000 0.000000000
J:/r: 0.000000000 1.000000000 0.000000000
JA:/ccc/c: 0.175688119 0.824311881 0.000000000
JA:/ccc/ccrc: 0.000000000 0.490197934 0.509802066
JA:/ccc/ccrf: 0.000000000 0.055883875 0.944116125
JA:/ccc/r: 0.000000000 0.304323674 0.695676326
JA:/ccrcc/c: 0.305382446 0.694617554 0.000000000
JA:/ccrcc/ccrc: 0.000000000 0.868324188 0.131675812
JA:/ccrcc/ccrf: 0.000000000 0.236864560 0.763135440
JA:/ccrcc/r: 0.000000000 0.504762110 0.495237890
JA:/ccrfc/: 0.832369823 0.167630177 0.000000000
JA:/ccrfc/cr: 0.000000000 0.689228171 0.310771829
JA:/crcc/c: 0.427439334 0.572560666 0.000000000
JA:/crcc/ccrc: 0.000000000 0.293433248 0.706566752
JA:/crcc/ccrf: 0.000000000 0.422567138 0.577432862
JA:/crcc/r: 0.000000000 0.282201764 0.717798236
JA:/crcf/: 0.078697646 0.921302354 0.000000000
JA:/crcf/cr: 0.000000000 0.587978899 0.412021101
JA:/crfc/c: 0.488708136 0.511291864 0.000000000
JA:/crfc/r: 0.000000000 0.760319809 0.239680191
JA:/rcc/c: 0.209687705 0.790312295 0.000000000
JA:/rcc/ccrc: 0.000000000 0.061501836 0.938498164
JA:/rcc/ccrf: 0.000000000 0.311257623 0.688742377
JA:/rcc/r: 0.000000000 0.268681365 0.731318635
JA:/rcf/c: 0.182636264 0.817363736 0.000000000
JA:/rcf/r: 0.000000000 0.534925730 0.465074270
JJ:/ccc/c: 0.548874589 0.451125411 0.000000000
JJ:/ccc/ccrc: 0.000000000 0.479046946 0.520953054
JJ:/ccc/ccrf: 0.000000000 0.770993279 0.229006721
JJ:/ccc/r: 0.000000000 0.709656768 0.290343232
JJ:/ccrcc/c: 0.469143684 0.530856316 0.000000000
JJ:/ccrcc/ccrc: 0.000000000 1.000000000 0.000000000
JJ:/ccrcc/ccrf: 0.000000000 0.287025207 0.712974793
JJ:/ccrcc/r: 0.000000000 0.626667924 0.373332076
JJ:/ccrfc/: 0.857612615 0.142387385 0.000000000
JJ:/ccrfc/cr: 0.000000000 0.380248389 0.619751611
JJ:/crcc/c: 0.721679858 0.278320142 0.000000000
JJ:/crcc/ccrc: 0.000000000 0.600115111 0.399884889
JJ:/crcc/ccrf: 0.000000000 0.182504895 0.817495105
JJ:/crcc/r: 0.000000000 1.000000000 0.000000000
JJ:/crcf/: 0.368264730 0.631735270 0.000000000
JJ:/crcf/cr: 0.000000000 0.538112660 0.461887340
JJ:/crfc/c: 0.724014575 0.275985425 0.000000000
JJ:/crfc/r: 0.000000000 0.798489891 0.201510109
JJ:/rcc/c: 1.000000000 0.000000000 0.000000000
JJ:/rcc/ccrc: 0.000000000 1.000000000 0.000000000
JJ:/rcc/ccrf: 0.000000000 1.000000000 0.000000000
JJ:/rcc/r: 0.000000000 1.000000000 0.000000000
JJ:/rcf/c: 0.420947759 0.579052241 0.000000000
JJ:/rcf/r: 0.000000000 1.000000000 0.000000000
JK:/ccc/c: 0.615647186 0.384352814 0.000000000
JK:/ccc/ccrc: 0.000000000 0.351124132 0.648875868
JK:/ccc/ccrf: 0.000000000 0.376808812 0.623191188
JK:/ccc/r: 0.000000000 0.609431992 0.390568008
JK:/ccrcc/c: 0.657339694 0.342660306 0.000000000
JK:/ccrcc/ccrc: 0.000000000 0.743236730 0.256763270
JK:/ccrcc/ccrf: 0.000000000 0.403221536 0.596778464
JK:/ccrcc/r: 0.000000000 0.498357126 0.501642874
JK:/ccrfc/: 0.550485867 0.449514133 0.000000000
JK:/ccrfc/cr: 0.000000000 0.591090615 0.408909385
JK:/crcc/c: 0.367041682 0.632958318 0.000000000
JK:/crcc/ccrc: 0.000000000 0.452248505 0.547751495
JK:/crcc/ccrf: 0.000000000 0.484309580 0.515690420
JK:/crcc/r: 0.000000000 0.751243082 0.248756918
JK:/crcf/: 0.619324379 0.380675621 0.000000000
JK:/crcf/cr: 0.000000000 0.200972936 0.799027064
JK:/crfc/c: 0.259644057 0.740355943 0.000000000
JK:/crfc/r: 0.000000000 0.152022486 0.847977514
JK:/rcc/c: 0.281509269 0.718490731 0.000000000
JK:/rcc/ccrc: 0.000000000 0.468330486 0.531669514
JK:/rcc/ccrf: 0.000000000 0.405462674 0.594537326
JK:/rcc/r: 0.000000000 0.711068663 0.288931337
JK:/rcf/c: 0.260543230 0.739456770 0.000000000
JK:/rcf/r: 0.000000000 0.728099299 0.271900701
JQ:/ccc/c: 0.386558283 0.613441717 0.000000000
JQ:/ccc/ccrc: 0.000000000 0.586930365 0.413069635
JQ:/ccc/ccrf: 0.000000000 0.722554561 0.277445439
JQ:/ccc/r: 0.000000000 0.390380011 0.609619989
JQ:/ccrcc/c: 0.556843305 0.443156695 0.000000000
JQ:/ccrcc/ccrc: 0.000000000 0.849787279 0.150212721
JQ:/ccrcc/ccrf: 0.000000000 0.693120902 0.306879098
JQ:/ccrcc/r: 0.000000000 0.776230980 0.223769020
JQ:/ccrfc/: 0.761612847 0.238387153 0.000000000
JQ:/ccrfc/cr: 0.000000000 0.292766753 0.707233247
JQ:/crcc/c: 0.524679944 0.475320056 0.000000000
JQ:/crcc/ccrc: 0.000000000 0.076604054 0.923395946
JQ:/crcc/ccrf: 0.000000000 0.109384720 0.890615280
JQ:/crcc/r: 0.000000000 0.458618028 0.541381972
JQ:/crcf/: 0.124524677 0.875475323 0.000000000
JQ:/crcf/cr: 0.000000000 0.426827502 0.573172498
JQ:/crfc/c: 0.745301977 0.254698023 0.000000000
JQ:/crfc/r: 0.000000000 0.638666890 0.361333110
JQ:/rcc/c: 0.128547647 0.871452353 0.000000000
JQ:/rcc/ccrc: 0.000000000 0.600516341 0.399483659
JQ:/rcc/ccrf: 0.000000000 0.410251836 0.589748164
JQ:/rcc/r: 0.000000000 0.432778987 0.567221013
JQ:/rcf/c: 0.471397121 0.528602879 0.000000000
JQ:/rcf/r: 0.000000000 0.479987000 0.520013000
K:/c: 0.450259048 0.549740952 0.000000000
K:/ccrc: 0.000000000 0.624072347 0.375927653
K:/ccrf: 0.000000000 1.000000000 0.000000000
K:/r: 0.000000000 1.000000000 0.000000000
KA:/ccc/c: 0.464346630 0.535653370 0.000000000
KA:/ccc/ccrc: 0.000000000 0.714287485 0.285712515
KA:/ccc/ccrf: 0.000000000 0.431421373 0.568578627
KA:/ccc/r: 0.000000000 0.585483723 0.414516277
KA:/ccrcc/c: 0.267815237 0.732184763 0.000000000
KA:/ccrcc/ccrc: 0.000000000 0.089700493 0.910299507
KA:/ccrcc/ccrf: 0.000000000 0.770965369 0.229034631
KA:/ccrcc/r: 0.000000000 0.299882107 0.700117893
KA:/ccrfc/: 0.491198049 0.508801951 0.000000000
KA:/ccrfc/cr: 0.000000000 0.244058840 0.755941160
KA:/crcc/c: 0.894550141 0.105449859 0.000000000
KA:/crcc/ccrc: 0.000000000 0.290299508 0.709700492
KA:/crcc/ccrf: 0.000000000 0.980771564 0.019228436
KA:/crcc/r: 0.000000000 0.680380664 0.319619336
KA:/crcf/: 0.594679270 0.405320730 0.000000000
KA:/crcf/cr: 0.000000000 0.332919338 0.667080662
KA:/crfc/c: 0.961133665 0.038866335 0.000000000
KA:/crfc/r: 0.000000000 0.672673498 0.327326502
KA:/rcc/c: 0.813490653 0.186509347 0.000000000
KA:/rcc/ccrc: 0.000000000 0.653927820 0.346072180
KA:/rcc/ccrf: 0.000000000 1.000000000 0.000000000
KA:/rcc/r: 0.000000000 0.728625751 0.271374249
KA:/rcf/c: 0.685048713 0.314951287 0.000000000
KA:/rcf/r: 0.000000000 1.000000000 0.000000000
KJ:/ccc/c: 0.429915804 0.570084196 0.000000000
KJ:/ccc/ccrc: 0.000000000 0.665119313 0.334880687
KJ:/ccc/ccrf: 0.000000000 0.480570941 0.519429059
KJ:/ccc/r: 0.000000000 0.567389076 0.432610924
KJ:/ccrcc/c: 0.635280925 0.364719075 0.000000000
KJ:/ccrcc/ccrc: 0.000000000 0.448987416 0.551012584
KJ:/ccrcc/ccrf: 0.000000000 0.772139564 0.227860436
KJ:/ccrcc/r: 0.000000000 0.109262676 0.890737324
KJ:/ccrfc/: 0.588253163 0.411746837 0.000000000
KJ:/ccrfc/cr: 0.000000000 0.201942646 0.798057354
KJ:/crcc/c: 0.288318610 0.711681390 0.000000000
KJ:/crcc/ccrc: 0.000000000 0.917691074 0.082308926
KJ:/crcc/ccrf: 0.000000000 0.456190365 0.543809635
KJ:/crcc/r: 0.000000000 0.512881737 0.487118263
KJ:/crcf/: 0.709411960 0.290588040 0.000000000
KJ:/crcf/cr: 0.000000000 0.572701557 0.427298443
KJ:/crfc/c: 0.420333564 0.579666436 0.000000000
KJ:/crfc/r: 0.000000000 0.834928559 0.165071441
KJ:/rcc/c: 0.224545530 0.775454470 0.000000000
KJ:/rcc/ccrc: 0.000000000 0.361067300 0.638932700
KJ:/rcc/ccrf: 0.000000000 0.562431405 0.437568595
KJ:/rcc/r: 0.000000000 0.462338873 0.537661127
KJ:/rcf/c: 0.484332552 0.515667448 0.000000000
KJ:/rcf/r: 0.000000000 0.685395013 0.314604987
KK:/ccc/c: 0.595184978 0.404815022 0.000000000
KK:/ccc/ccrc: 0.000000000 0.815290423 0.184709577
KK:/ccc/ccrf: 0.000000000 0.517255539 0.482744461
KK:/ccc/r: 0.000000000 0.709042626 0.290957374
KK:/ccrcc/c: 0.648847168 0.351152832 0.000000000
KK:/ccrcc/ccrc: 0.000000000 0.417703265 0.582296735
KK:/ccrcc/ccrf: 0.000000000 0.363759370 0.636240630
KK:/ccrcc/r: 0.000000000 0.843664788 0.156335212
KK:/ccrfc/: 0.165006090 0.834993910 0.000000000
KK:/ccrfc/cr: 0.000000000 0.604917000 0.395083000
KK:/crcc/c: 0.667759787 0.332240213 0.000000000
KK:/crcc/ccrc: 0.000000000 0.711904249 0.288095751
KK:/crcc/ccrf: 0.000000000 0.411519557 0.588480443
KK:/crcc/r: 0.000000000 0.631096058 0.368903942
KK:/crcf/: 0.515427223 0.484572777 0.000000000
KK:/crcf/cr: 0.000000000 0.783621023 0.216378977
KK:/crfc/c: 0.542153378 0.457846622 0.000000000
KK:/crfc/r: 0.000000000 0.319800817 0.680199183
KK:/rcc/c: 0.454614217 0.545385783 0.000000000
KK:/rcc/ccrc: 0.000000000 1.000000000 0.000000000
KK:/rcc/ccrf: 0.000000000 1.000000000 0.000000000
KK:/rcc/r: 0.000000000 1.000000000 0.000000000
KK:/rcf/c: 0.707770416 0.292229584 0.000000000
KK:/rcf/r: 0.000000000 1.000000000 0.000000000
KQ:/ccc/c: 0.580527283 0.419472717 0.000000000
KQ:/ccc/ccrc: 0.000000000 0.378221379 0.621778621
KQ:/ccc/ccrf: 0.000000000 0.498778681 0.501221319
KQ:/ccc/r: 0.000000000 0.688336679 0.311663321
KQ:/ccrcc/c: 0.681785954 0.318214046 0.000000000
KQ:/ccrcc/ccrc: 0.000000000 0.563110907 0.436889093
KQ:/ccrcc/ccrf: 0.000000000 0.797910259 0.202089741
KQ:/ccrcc/r: 0.000000000 0.883914691 0.116085309
KQ:/ccrfc/: 0.616128833 0.383871167 0.000000000
KQ:/ccrfc/cr: 0.000000000 0.259230948 0.740769052
KQ:/crcc/c: 0.613613688 0.386386312 0.000000000
KQ:/crcc/ccrc: 0.000000000 0.389090464 0.610909536
KQ:/crcc/ccrf: 0.000000000 0.312033858 0.687966142
KQ:/crcc/r: 0.000000000 0.705685688 0.294314312
KQ:/crcf/: 0.438051004 0.561948996 0.000000000
KQ:/crcf/cr: 0.000000000 0.985775088 0.014224912
KQ:/crfc/c: 0.953523254 0.046476746 0.000000000
KQ:/crfc/r: 0.000000000 0.882196022 0.117803978
KQ:/rcc/c: 0.496164572 0.503835428 0.000000000
KQ:/rcc/ccrc: 0.000000000 0.604517752 0.395482248
KQ:/rcc/ccrf: 0.000000000 0.729029392 0.270970608
KQ:/rcc/r: 0.000000000 0.187894499 0.812105501
KQ:/rcf/c: 0.316684130 0.683315870 0.000000000
KQ:/rcf/r: 0.000000000 0.466835648 0.533164352
Q:/c: 0.418277717 0.581722283 0.000000000
Q:/ccrc: 0.000000000 0.644226894 0.355773106
Q:/ccrf: 0.000000000 0.861020413 0.138979587
Q:/r: 0.000000000 1.000000000 0.000000000
QA:/ccc/c: 0.423494177 0.576505823 0.000000000
QA:/ccc/ccrc: 0.000000000 0.040974400 0.959025600
QA:/ccc/ccrf: 0.000000000 0.757383156 0.242616844
QA:/ccc/r: 0.000000000 0.601159003 0.398840997
QA:/ccrcc/c: 0.426362609 0.573637391 0.000000000
QA:/ccrcc/ccrc: 0.000000000 0.412012679 0.587987321
QA:/ccrcc/ccrf: 0.000000000 0.472951527 0.527048473
QA:/ccrcc/r: 0.000000000 0.405967359 0.594032641
QA:/ccrfc/: 0.529689342 0.470310658 0.000000000
QA:/ccrfc/cr: 0.000000000 0.518053902 0.481946098
QA:/crcc/c: 0.679356193 0.320643807 0.000000000
QA:/crcc/ccrc: 0.000000000 0.943422284 0.056577716
QA:/crcc/ccrf: 0.000000000 0.313775002 0.686224998
QA:/crcc/r: 0.000000000 0.447189297 0.552810703
QA:/crcf/: 0.900533083 0.099466917 0.000000000
QA:/crcf/cr: 0.000000000 0.492465791 0.507534209
QA:/crfc/c: 0.076874850 0.923125150 0.000000000
QA:/crfc/r: 0.000000000 0.683899866 0.316100134
QA:/rcc/c: 0.403563796 0.596436204 0.000000000
QA:/rcc/ccrc: 0.000000000 0.415206511 0.584793489
QA:/rcc/ccrf: 0.000000000 0.240848329 0.759151671
QA:/rcc/r: 0.000000000 0.340065940 0.659934060
QA:/rcf/c: 0.341368179 0.658631821 0.000000000
QA:/rcf/r: 0.000000000 0.649151400 0.350848600
QJ:/ccc/c: 0.528647717 0.471352283 0.000000000
QJ:/ccc/ccrc: 0.000000000 0.393950353 0.606049647
QJ:/ccc/ccrf: 0.000000000 0.338439166 0.661560834
QJ:/ccc/r: 0.000000000 0.353238392 0.646761608
QJ:/ccrcc/c: 0.623304452 0.376695548 0.000000000
QJ:/ccrcc/ccrc: 0.000000000 0.915349726 0.084650274
QJ:/ccrcc/ccrf: 0.000000000 0.115357340 0.884642660
QJ:/ccrcc/r: 0.000000000 0.744750671 0.255249329
QJ:/ccrfc/: 0.446077602 0.553922398 0.000000000
QJ:/ccrfc/cr: 0.000000000 0.259562172 0.740437828
QJ:/crcc/c: 0.199354971 0.800645029 0.000000000
QJ:/crcc/ccrc: 0.000000000 0.522985066 0.477014934
QJ:/crcc/ccrf: 0.000000000 0.869238028 0.130761972
QJ:/crcc/r: 0.000000000 0.414164939 0.585835061
QJ:/crcf/: 0.622230349 0.377769651 0.000000000
QJ:/crcf/cr: 0.000000000 0.362668278 0.637331722
QJ:/crfc/c: 0.462638041 0.537361959 0.000000000
QJ:/crfc/r: 0.000000000 0.071039143 0.928960857
QJ:/rcc/c: 0.533023168 0.466976832 0.000000000
QJ:/rcc/ccrc: 0.000000000 0.254299950 0.745700050
QJ:/rcc/ccrf: 0.000000000 0.273476884 0.726523116
QJ:/rcc/r: 0.000000000 0.422586267 0.577413733
QJ:/rcf/c: 0.153282722 0.846717278 0.000000000
QJ:/rcf/r: 0.000000000 0.430256531 0.569743469
QK:/ccc/c: 0.701224528 0.298775472 0.000000000
QK:/ccc/ccrc: 0.000000000 0.627718189 0.372281811
QK:/ccc/ccrf: 0.000000000 0.131184565 0.868815435
QK:/ccc/r: 0.000000000 0.782366224 0.217633776
QK:/ccrcc/c: 0.939320610 0.060679390 0.000000000
QK:/ccrcc/ccrc: 0.000000000 0.184480878 0.815519122
QK:/ccrcc/ccrf: 0.000000000 0.174522059 0.825477941
QK:/ccrcc/r: 0.000000000 0.551079260 0.448920740
QK:/ccrfc/: 0.495306638 0.504693362 0.000000000
QK:/ccrfc/cr: 0.000000000 0.589369311 0.410630689
QK:/crcc/c: 0.624882914 0.375117086 0.000000000
QK:/crcc/ccrc: 0.000000000 0.331437375 0.668562625
QK:/crcc/ccrf: 0.000000000 0.499130019 0.500869981
QK:/crcc/r: 0.000000000 0.606978439 0.393021561
QK:/crcf/: 0.431692526 0.568307474 0.000000000
QK:/crcf/cr: 0.000000000 0.622693714 0.377306286
QK:/crfc/c: 0.830530636 0.169469364 0.000000000
QK:/crfc/r: 0.000000000 0.452542602 0.547457398
QK:/rcc/c: 0.517679547 0.482320453 0.000000000
QK:/rcc/ccrc: 0.000000000 0.446096208 0.553903792
QK:/rcc/ccrf: 0.000000000 0.297308592 0.702691408
QK:/rcc/r: 0.000000000 0.181994275 0.818005725
QK:/rcf/c: 0.289998714 0.710001286 0.000000000
QK:/rcf/r: 0.000000000 0.567459316 0.432540684
QQ:/ccc/c: 0.715566780 0.284433220 0.000000000
QQ:/ccc/ccrc: 0.000000000 0.222796751 0.777203249
QQ:/ccc/ccrf: 0.000000000 0.621611248 0.378388752
QQ:/ccc/r: 0.000000000 0.556795986 0.443204014
QQ:/ccrcc/c: 0.812882362 0.187117638 0.000000000
QQ:/ccrcc/ccrc: 0.000000000 0.590400959 0.409599041
QQ:/ccrcc/ccrf: 0.000000000 0.748945868 0.251054132
QQ:/ccrcc/r: 0.000000000 1.000000000 0.000000000
QQ:/ccrfc/: 0.455629931 0.544370069 0.000000000
QQ:/ccrfc/cr: 0.000000000 0.798684873 0.201315127
QQ:/crcc/c: 0.234536004 0.765463996 0.000000000
QQ:/crcc/ccrc: 0.000000000 0.281806470 0.718193530
QQ:/crcc/ccrf: 0.000000000 0.553333269 0.446666731
QQ:/crcc/r: 0.000000000 1.000000000 0.000000000
QQ:/crcf/: 0.201232463 0.798767537 0.000000000
QQ:/crcf/cr: 0.000000000 0.528249591 0.471750409
QQ:/crfc/c: 0.362064824 0.637935176 0.000000000
QQ:/crfc/r: 0.000000000 0.510700446 0.489299554
QQ:/rcc/c: 1.000000000 0.000000000 0.000000000
QQ:/rcc/ccrc: 0.000000000 1.000000000 0.000000000
QQ:/rcc/ccrf: 0.000000000 1.000000000 0.000000000
QQ:/rcc/r: 0.000000000 1.000000000 0.000000000
QQ:/rcf/c: 0.680686614 0.319313386 0.000000000
QQ:/rcf/r: 0.000000000 1.000000000 0.000000000
