A:/cc: 0.194438613 0.805561387 0.000000000
A:/cr: 0.000000000 0.889679411 0.110320589
A:/rc: 0.000000000 1.000000000 0.000000000
A:/rf: 0.000000000 0.577882497 0.422117503
AA:/ccc/cc: 0.765268165 0.234731835 0.000000000
AA:/ccc/cr: 0.000000000 0.572111611 0.427888389
AA:/ccc/rc: 0.000000000 0.735186004 0.264813996
AA:/ccc/rf: 0.000000000 0.133093363 0.866906637
AA:/ccrcc/cc: 0.074026480 0.925973520 0.000000000
AA:/ccrcc/cr: 0.000000000 0.998912896 0.001087104
AA:/ccrcc/rc: 0.000000000 0.940920729 0.059079271
AA:/ccrcc/rf: 0.000000000 0.572978661 0.427021339
AA:/ccrcf/c: 0.929124417 0.070875583 0.000000000
AA:/ccrcf/r: 0.000000000 0.285020777 0.714979223
AA:/ccrfc/c: 0.389670574 0.610329426 0.000000000
AA:/ccrfc/r: 0.000000000 0.332712487 0.667287513
AA:/crcc/cc: 0.536148871 0.463851129 0.000000000
AA:/crcc/cr: 0.000000000 0.752853943 0.247146057
AA:/crcc/rc: 0.000000000 0.000000101 0.999999899
AA:/crcc/rf: 0.000000000 0.414599279 0.585400721
AA:/crcf/c: 0.537886989 0.462113011 0.000000000
AA:/crcf/r: 0.000000000 0.828491968 0.171508032
AA:/rcc/cc: 0.779553473 0.220446527 0.000000000
AA:/rcc/cr: 0.000000000 1.000000000 0.000000000
AA:/rcc/rc: 0.000000000 0.974455361 0.025544639
AA:/rcc/rf: 0.000000000 0.789807068 0.210192932
AA:/rfc/c: 0.463811168 0.536188832 0.000000000
AA:/rfc/r: 0.000000000 0.609626677 0.390373323
AJ:/ccc/cc: 0.152767913 0.847232087 0.000000000
AJ:/ccc/cr: 0.000000000 0.077210023 0.922789977
AJ:/ccc/rc: 0.000000000 0.360937468 0.639062532
AJ:/ccc/rf: 0.000000000 0.490871039 0.509128961
AJ:/ccrcc/cc: 0.900294476 0.099705524 0.000000000
AJ:/ccrcc/cr: 0.000000000 0.518318713 0.481681287
AJ:/ccrcc/rc: 0.000000000 0.486359040 0.513640960
AJ:/ccrcc/rf: 0.000000000 0.332613150 0.667386850
AJ:/ccrcf/c: 0.214778804 0.785221196 0.000000000
AJ:/ccrcf/r: 0.000000000 0.430810662 0.569189338
AJ:/ccrfc/c: 0.557113009 0.442886991 0.000000000
AJ:/ccrfc/r: 0.000000000 0.479285233 0.520714767
AJ:/crcc/cc: 0.059126679 0.940873321 0.000000000
AJ:/crcc/cr: 0.000000000 0.421457528 0.578542472
AJ:/crcc/rc: 0.000000000 0.708911302 0.291088698
AJ:/crcc/rf: 0.000000000 0.982032800 0.017967200
AJ:/crcf/c: 0.198964208 0.801035792 0.000000000
AJ:/crcf/r: 0.000000000 0.866867667 0.133132333
AJ:/rcc/cc: 0.510285622 0.489714378 0.000000000
AJ:/rcc/cr: 0.000000000 1.000000000 0.000000000
AJ:/rcc/rc: 0.000000000 0.650978535 0.349021465
AJ:/rcc/rf: 0.000000000 0.750526039 0.249473961
AJ:/rfc/c: 0.365471752 0.634528248 0.000000000
AJ:/rfc/r: 0.000000000 0.361577988 0.638422012
AK:/ccc/cc: 0.610727782 0.389272218 0.000000000
AK:/ccc/cr: 0.000000000 0.384100087 0.615899913
AK:/ccc/rc: 0.000000000 0.634885997 0.365114003
AK:/ccc/rf: 0.000000000 0.362056286 0.637943714
AK:/ccrcc/cc: 0.014492442 0.985507558 0.000000000
AK:/ccrcc/cr: 0.000000000 0.646787489 0.353212511
AK:/ccrcc/rc: 0.000000000 0.908794579 0.091205421
AK:/ccrcc/rf: 0.000000000 0.677694844 0.322305156
AK:/ccrcf/c: 0.364142019 0.635857981 0.000000000
AK:/ccrcf/r: 0.000000000 0.667148437 0.332851563
AK:/ccrfc/c: 0.392151335 0.607848665 0.000000000
AK:/ccrfc/r: 0.000000000 0.498025804 0.501974196
AK:/crcc/cc: 0.584756279 0.415243721 0.000000000
AK:/crcc/cr: 0.000000000 0.669287460 0.330712540
AK:/crcc/rc: 0.000000000 0.485443267 0.514556733
AK:/crcc/rf: 0.000000000 0.851410348 0.148589652
AK:/crcf/c: 0.579617997 0.420382003 0.000000000
AK:/crcf/r: 0.000000000 0.558148823 0.441851177
AK:/rcc/cc: 0.942920481 0.057079519 0.000000000
AK:/rcc/cr: 0.000000000 0.766857219 0.233142781
AK:/rcc/rc: 0.000000000 0.865610514 0.134389486
AK:/rcc/rf: 0.000000000 0.181057584 0.818942416
AK:/rfc/c: 0.497082158 0.502917842 0.000000000
AK:/rfc/r: 0.000000000 0.462753518 0.537246482
AQ:/ccc/cc: 0.362286156 0.637713844 0.000000000
AQ:/ccc/cr: 0.000000000 0.750864442 0.249135558
AQ:/ccc/rc: 0.000000000 0.447624722 0.552375278
AQ:/ccc/rf: 0.000000000 0.605638975 0.394361025
AQ:/ccrcc/cc: 0.671163047 0.328836953 0.000000000
AQ:/ccrcc/cr: 0.000000000 0.072287861 0.927712139
AQ:/ccrcc/rc: 0.000000000 0.633713134 0.366286866
AQ:/ccrcc/rf: 0.000000000 0.865509978 0.134490022
AQ:/ccrcf/c: 0.674994323 0.325005677 0.000000000
AQ:/ccrcf/r: 0.000000000 0.898812180 0.101187820
AQ:/ccrfc/c: 0.768050022 0.231949978 0.000000000
AQ:/ccrfc/r: 0.000000000 0.452471662 0.547528338
AQ:/crcc/cc: 0.027035738 0.972964262 0.000000000
AQ:/crcc/cr: 0.000000000 0.839070845 0.160929155
AQ:/crcc/rc: 0.000000000 0.735367406 0.264632594
AQ:/crcc/rf: 0.000000000 0.667665880 0.332334120
AQ:/crcf/c: 0.811123723 0.188876277 0.000000000
AQ:/crcf/r: 0.000000000 0.987496240 0.012503760
AQ:/rcc/cc: 0.122921856 0.877078144 0.000000000
AQ:/rcc/cr: 0.000000000 0.857540306 0.142459694
AQ:/rcc/rc: 0.000000000 1.000000000 0.000000000
AQ:/rcc/rf: 0.000000000 0.285144094 0.714855906
AQ:/rfc/c: 0.425819654 0.574180346 0.000000000
AQ:/rfc/r: 0.000000000 0.303013658 0.696986342
J:/cc: 0.081192404 0.918807596 0.000000000
J:/cr: 0.000000000 0.999999912 0.000000088
J:/rc: 0.000000000 0.461197687 0.538802313
J:/rf: 0.000000000 0.926927337 0.073072663
JA:/ccc/cc: 0.393892042 0.606107958 0.000000000
JA:/ccc/cr: 0.000000000 0.743991335 0.256008665
JA:/ccc/rc: 0.000000000 0.564735402 0.435264598
JA:/ccc/rf: 0.000000000 0.038876063 0.961123937
JA:/ccrcc/cc: 0.540655688 0.459344312 0.000000000
JA:/ccrcc/cr: 0.000000000 0.493910410 0.506089590
JA:/ccrcc/rc: 0.000000000 0.822851969 0.177148031
JA:/ccrcc/rf: 0.000000000 0.272701292 0.727298708
JA:/ccrcf/c: 0.503905169 0.496094831 0.000000000
JA:/ccrcf/r: 0.000000000 0.407518401 0.592481599
JA:/ccrfc/c: 0.505527147 0.494472853 0.000000000
JA:/ccrfc/r: 0.000000000 0.275937384 0.724062616
JA:/crcc/cc: 0.733879760 0.266120240 0.000000000
JA:/crcc/cr: 0.000000000 0.546617361 0.453382639
JA:/crcc/rc: 0.000000000 0.519727630 0.480272370
JA:/crcc/rf: 0.000000000 0.580649742 0.419350258
JA:/crcf/c: 0.070343162 0.929656838 0.000000000
JA:/crcf/r: 0.000000000 0.224487549 0.775512451
JA:/rcc/cc: 0.305837755 0.694162245 0.000000000
JA:/rcc/cr: 0.000000000 0.005751613 0.994248387
JA:/rcc/rc: 0.000000000 0.338964372 0.661035628
JA:/rcc/rf: 0.000000000 0.547368927 0.452631073
JA:/rfc/c: 0.554569691 0.445430309 0.000000000
JA:/rfc/r: 0.000000000 0.465662010 0.534337990
JJ:/ccc/cc: 0.623092686 0.376907314 0.000000000
JJ:/ccc/cr: 0.000000000 0.607220958 0.392779042
JJ:/ccc/rc: 0.000000000 0.286381082 0.713618918
JJ:/ccc/rf: 0.000000000 0.102508866 0.897491134
JJ:/ccrcc/cc: 0.175606974 0.824393026 0.000000000
JJ:/ccrcc/cr: 0.000000000 0.379511789 0.620488211
JJ:/ccrcc/rc: 0.000000000 0.127162325 0.872837675
JJ:/ccrcc/rf: 0.000000000 0.288417016 0.711582984
JJ:/ccrcf/c: 0.376396314 0.623603686 0.000000000
JJ:/ccrcf/r: 0.000000000 0.758588620 0.241411380
JJ:/ccrfc/c: 0.694415279 0.305584721 0.000000000
JJ:/ccrfc/r: 0.000000000 0.881879565 0.118120435
JJ:/crcc/cc: 0.553591458 0.446408542 0.000000000
JJ:/crcc/cr: 0.000000000 0.946291785 0.053708215
JJ:/crcc/rc: 0.000000000 0.144808982 0.855191018
JJ:/crcc/rf: 0.000000000 0.126814358 0.873185642
JJ:/crcf/c: 0.600731667 0.399268333 0.000000000
JJ:/crcf/r: 0.000000000 1.000000000 0.000000000
JJ:/rcc/cc: 0.775419973 0.224580027 0.000000000
JJ:/rcc/cr: 0.000000000 1.000000000 0.000000000
JJ:/rcc/rc: 0.000000000 1.000000000 0.000000000
JJ:/rcc/rf: 0.000000000 0.560213445 0.439786555
JJ:/rfc/c: 0.999105550 0.000894450 0.000000000
JJ:/rfc/r: 0.000000000 0.787752475 0.212247525
JK:/ccc/cc: 0.630702630 0.369297370 0.000000000
JK:/ccc/cr: 0.000000000 0.103305394 0.896694606
JK:/ccc/rc: 0.000000000 0.757415367 0.242584633
JK:/ccc/rf: 0.000000000 0.636346761 0.363653239
JK:/ccrcc/cc: 0.550212310 0.449787690 0.000000000
JK:/ccrcc/cr: 0.000000000 0.657081996 0.342918004
JK:/ccrcc/rc: 0.000000000 0.785054968 0.214945032
JK:/ccrcc/rf: 0.000000000 0.208074406 0.791925594
JK:/ccrcf/c: 0.957398999 0.042601001 0.000000000
JK:/ccrcf/r: 0.000000000 0.552560902 0.447439098
JK:/ccrfc/c: 0.795505782 0.204494218 0.000000000
JK:/ccrfc/r: 0.000000000 0.256212671 0.743787329
JK:/crcc/cc: 0.500447110 0.499552890 0.000000000
JK:/crcc/cr: 0.000000000 0.791054299 0.208945701
JK:/crcc/rc: 0.000000000 0.742633463 0.257366537
JK:/crcc/rf: 0.000000000 0.389095809 0.610904191
JK:/crcf/c: 0.629721617 0.370278383 0.000000000
JK:/crcf/r: 0.000000000 0.601796138 0.398203862
JK:/rcc/cc: 0.280695390 0.719304610 0.000000000
JK:/rcc/cr: 0.000000000 0.000011631 0.999988369
JK:/rcc/rc: 0.000000000 0.000000000 1.000000000
JK:/rcc/rf: 0.000000000 0.688406870 0.311593130
JK:/rfc/c: 0.200749656 0.799250344 0.000000000
JK:/rfc/r: 0.000000000 0.296067337 0.703932663
JQ:/ccc/cc: 0.517890281 0.482109719 0.000000000
JQ:/ccc/cr: 0.000000000 0.342190546 0.657809454
JQ:/ccc/rc: 0.000000000 0.392502663 0.607497337
JQ:/ccc/rf: 0.000000000 0.404107201 0.595892799
JQ:/ccrcc/cc: 0.430917949 0.569082051 0.000000000
JQ:/ccrcc/cr: 0.000000000 0.540277256 0.459722744
JQ:/ccrcc/rc: 0.000000000 0.507562484 0.492437516
JQ:/ccrcc/rf: 0.000000000 0.989620125 0.010379875
JQ:/ccrcf/c: 0.690775287 0.309224713 0.000000000
JQ:/ccrcf/r: 0.000000000 0.382661479 0.617338521
JQ:/ccrfc/c: 0.221175191 0.778824809 0.000000000
JQ:/ccrfc/r: 0.000000000 0.457260606 0.542739394
JQ:/crcc/cc: 0.337871787 0.662128213 0.000000000
JQ:/crcc/cr: 0.000000000 0.734793575 0.265206425
JQ:/crcc/rc: 0.000000000 0.066045873 0.933954127
JQ:/crcc/rf: 0.000000000 0.237585157 0.762414843
JQ:/crcf/c: 0.310930433 0.689069567 0.000000000
JQ:/crcf/r: 0.000000000 0.658745037 0.341254963
JQ:/rcc/cc: 0.550368905 0.449631095 0.000000000
JQ:/rcc/cr: 0.000000000 0.356722823 0.643277177
JQ:/rcc/rc: 0.000000000 0.307557524 0.692442476
JQ:/rcc/rf: 0.000000000 0.541104983 0.458895017
JQ:/rfc/c: 0.846225918 0.153774082 0.000000000
JQ:/rfc/r: 0.000000000 0.571603173 0.428396827
K:/cc: 0.125839348 0.874160652 0.000000000
K:/cr: 0.000000000 0.888639035 0.111360965
K:/rc: 0.000000000 1.000000000 0.000000000
K:/rf: 0.000000000 0.504019499 0.495980501
KA:/ccc/cc: 0.651160991 0.348839009 0.000000000
KA:/ccc/cr: 0.000000000 0.485880682 0.514119318
KA:/ccc/rc: 0.000000000 0.567979214 0.432020786
KA:/ccc/rf: 0.000000000 0.397698545 0.602301455
KA:/ccrcc/cc: 0.696106670 0.303893330 0.000000000
KA:/ccrcc/cr: 0.000000000 0.250480891 0.749519109
KA:/ccrcc/rc: 0.000000000 0.241487579 0.758512421
KA:/ccrcc/rf: 0.000000000 0.921781601 0.078218399
KA:/ccrcf/c: 0.896518119 0.103481881 0.000000000
KA:/ccrcf/r: 0.000000000 0.681691812 0.318308188
KA:/ccrfc/c: 0.796829003 0.203170997 0.000000000
KA:/ccrfc/r: 0.000000000 0.991875754 0.008124246
KA:/crcc/cc: 0.150487320 0.849512680 0.000000000
KA:/crcc/cr: 0.000000000 0.180275732 0.819724268
KA:/crcc/rc: 0.000000000 0.461882073 0.538117927
KA:/crcc/rf: 0.000000000 0.315305052 0.684694948
KA:/crcf/c: 0.530833411 0.469166589 0.000000000
KA:/crcf/r: 0.000000000 0.584485412 0.415514588
KA:/rcc/cc: 0.680017923 0.319982077 0.000000000
KA:/rcc/cr: 0.000000000 0.977859600 0.022140400
KA:/rcc/rc: 0.000000000 0.626716383 0.373283617
KA:/rcc/rf: 0.000000000 0.379150071 0.620849929
KA:/rfc/c: 0.590607354 0.409392646 0.000000000
KA:/rfc/r: 0.000000000 0.090966066 0.909033934
KJ:/ccc/cc: 0.129631516 0.870368484 0.000000000
KJ:/ccc/cr: 0.000000000 0.615951611 0.384048389
KJ:/ccc/rc: 0.000000000 0.392496100 0.607503900
KJ:/ccc/rf: 0.000000000 0.952633171 0.047366829
KJ:/ccrcc/cc: 0.381953589 0.618046411 0.000000000
KJ:/ccrcc/cr: 0.000000000 0.294042901 0.705957099
KJ:/ccrcc/rc: 0.000000000 0.760350968 0.239649032
KJ:/ccrcc/rf: 0.000000000 0.797751944 0.202248056
KJ:/ccrcf/c: 0.355448743 0.644551257 0.000000000
KJ:/ccrcf/r: 0.000000000 0.367032828 0.632967172
KJ:/ccrfc/c: 0.247118046 0.752881954 0.000000000
KJ:/ccrfc/r: 0.000000000 0.542794440 0.457205560
KJ:/crcc/cc: 0.807337808 0.192662192 0.000000000
KJ:/crcc/cr: 0.000000000 0.919457573 0.080542427
KJ:/crcc/rc: 0.000000000 0.461860398 0.538139602
KJ:/crcc/rf: 0.000000000 0.401074625 0.598925375
KJ:/crcf/c: 0.453513495 0.546486505 0.000000000
KJ:/crcf/r: 0.000000000 0.795999455 0.204000545
KJ:/rcc/cc: 0.477086651 0.522913349 0.000000000
KJ:/rcc/cr: 0.000000000 0.274279370 0.725720630
KJ:/rcc/rc: 0.000000000 0.415184252 0.584815748
KJ:/rcc/rf: 0.000000000 0.230973256 0.769026744
KJ:/rfc/c: 0.582122993 0.417877007 0.000000000
KJ:/rfc/r: 0.000000000 0.435384276 0.564615724
KK:/ccc/cc: 0.105985707 0.894014293 0.000000000
KK:/ccc/cr: 0.000000000 0.631348547 0.368651453
KK:/ccc/rc: 0.000000000 0.847211394 0.152788606
KK:/ccc/rf: 0.000000000 0.295966953 0.704033047
KK:/ccrcc/cc: 0.183131834 0.816868166 0.000000000
KK:/ccrcc/cr: 0.000000000 0.627691866 0.372308134
KK:/ccrcc/rc: 0.000000000 0.519510553 0.480489447
KK:/ccrcc/rf: 0.000000000 0.179224600 0.820775400
KK:/ccrcf/c: 0.447070661 0.552929339 0.000000000
KK:/ccrcf/r: 0.000000000 0.470097144 0.529902856
KK:/ccrfc/c: 0.735213055 0.264786945 0.000000000
KK:/ccrfc/r: 0.000000000 0.437235275 0.562764725
KK:/crcc/cc: 0.763327761 0.236672239 0.000000000
KK:/crcc/cr: 0.000000000 0.515128284 0.484871716
KK:/crcc/rc: 0.000000000 0.651822155 0.348177845
KK:/crcc/rf: 0.000000000 0.637501657 0.362498343
KK:/crcf/c: 0.951499514 0.048500486 0.000000000
KK:/crcf/r: 0.000000000 0.557208869 0.442791131
KK:/rcc/cc: 0.893059369 0.106940631 0.000000000
KK:/rcc/cr: 0.000000000 0.999254425 0.000745575
KK:/rcc/rc: 0.000000000 1.000000000 0.000000000
KK:/rcc/rf: 0.000000000 0.453901819 0.546098181
KK:/rfc/c: 0.165143526 0.834856474 0.000000000
KK:/rfc/r: 0.000000000 0.623505105 0.376494895
KQ:/ccc/cc: 0.478738702 0.521261298 0.000000000
KQ:/ccc/cr: 0.000000000 0.635707567 0.364292433
KQ:/ccc/rc: 0.000000000 0.410991176 0.589008824
KQ:/ccc/rf: 0.000000000 0.361595390 0.638404610
KQ:/ccrcc/cc: 0.499377042 0.500622958 0.000000000
KQ:/ccrcc/cr: 0.000000000 0.545783304 0.454216696
KQ:/ccrcc/rc: 0.000000000 0.505204110 0.494795890
KQ:/ccrcc/rf: 0.000000000 0.550924380 0.449075620
KQ:/ccrcf/c: 0.028592969 0.971407031 0.000000000
KQ:/ccrcf/r: 0.000000000 0.589772053 0.410227947
KQ:/ccrfc/c: 0.331842775 0.668157225 0.000000000
KQ:/ccrfc/r: 0.000000000 0.433219656 0.566780344
KQ:/crcc/cc: 0.662018287 0.337981713 0.000000000
KQ:/crcc/cr: 0.000000000 0.500357497 0.499642503
KQ:/crcc/rc: 0.000000000 0.589774800 0.410225200
KQ:/crcc/rf: 0.000000000 0.428794853 0.571205147
KQ:/crcf/c: 0.448785778 0.551214222 0.000000000
KQ:/crcf/r: 0.000000000 0.423882900 0.576117100
KQ:/rcc/cc: 0.425610510 0.574389490 0.000000000
KQ:/rcc/cr: 0.000000000 0.355929347 0.644070653
KQ:/rcc/rc: 0.000000000 0.517845189 0.482154811
KQ:/rcc/rf: 0.000000000 0.778754896 0.221245104
KQ:/rfc/c: 0.658397811 0.341602189 0.000000000
KQ:/rfc/r: 0.000000000 0.344748041 0.655251959
Q:/cc: 0.000000020 0.999999980 0.000000000
Q:/cr: 0.000000000 0.634504411 0.365495589
Q:/rc: 0.000000000 0.303355225 0.696644775
Q:/rf: 0.000000000 0.799517051 0.200482949
QA:/ccc/cc: 0.431599324 0.568400676 0.000000000
QA:/ccc/cr: 0.000000000 0.401043273 0.598956727
QA:/ccc/rc: 0.000000000 0.272323395 0.727676605
QA:/ccc/rf: 0.000000000 0.709861111 0.290138889
QA:/ccrcc/cc: 0.467281098 0.532718902 0.000000000
QA:/ccrcc/cr: 0.000000000 0.855078775 0.144921225
QA:/ccrcc/rc: 0.000000000 0.316858141 0.683141859
QA:/ccrcc/rf: 0.000000000 0.682302283 0.317697717
QA:/ccrcf/c: 0.812632284 0.187367716 0.000000000
QA:/ccrcf/r: 0.000000000 0.340846051 0.659153949
QA:/ccrfc/c: 0.498635320 0.501364680 0.000000000
QA:/ccrfc/r: 0.000000000 0.458296563 0.541703437
QA:/crcc/cc: 0.507103602 0.492896398 0.000000000
QA:/crcc/cr: 0.000000000 0.238065690 0.761934310
QA:/crcc/rc: 0.000000000 0.261194325 0.738805675
QA:/crcc/rf: 0.000000000 0.503597220 0.496402780
QA:/crcf/c: 0.668002672 0.331997328 0.000000000
QA:/crcf/r: 0.000000000 0.397155918 0.602844082
QA:/rcc/cc: 0.429694125 0.570305875 0.000000000
QA:/rcc/cr: 0.000000000 0.095889850 0.904110150
QA:/rcc/rc: 0.000000000 0.152679647 0.847320353
QA:/rcc/rf: 0.000000000 0.199637006 0.800362994
QA:/rfc/c: 0.830825345 0.169174655 0.000000000
QA:/rfc/r: 0.000000000 0.608126763 0.391873237
QJ:/ccc/cc: 0.400528893 0.599471107 0.000000000
QJ:/ccc/cr: 0.000000000 0.464650310 0.535349690
QJ:/ccc/rc: 0.000000000 0.500760516 0.499239484
QJ:/ccc/rf: 0.000000000 0.663654336 0.336345664
QJ:/ccrcc/cc: 0.565590589 0.434409411 0.000000000
QJ:/ccrcc/cr: 0.000000000 0.531863105 0.468136895
QJ:/ccrcc/rc: 0.000000000 0.546443293 0.453556707
QJ:/ccrcc/rf: 0.000000000 0.562958277 0.437041723
QJ:/ccrcf/c: 0.638096934 0.361903066 0.000000000
QJ:/ccrcf/r: 0.000000000 0.271796476 0.728203524
QJ:/ccrfc/c: 0.415750561 0.584249439 0.000000000
QJ:/ccrfc/r: 0.000000000 0.711266068 0.288733932
QJ:/crcc/cc: 0.000000114 0.999999886 0.000000000
QJ:/crcc/cr: 0.000000000 0.296977447 0.703022553
QJ:/crcc/rc: 0.000000000 0.593065425 0.406934575
QJ:/crcc/rf: 0.000000000 0.125754053 0.874245947
QJ:/crcf/c: 0.526275618 0.473724382 0.000000000
QJ:/crcf/r: 0.000000000 0.437270304 0.562729696
QJ:/rcc/cc: 0.000000000 1.000000000 0.000000000
QJ:/rcc/cr: 0.000000000 0.056857345 0.943142655
QJ:/rcc/rc: 0.000000000 0.240306101 0.759693899
QJ:/rcc/rf: 0.000000000 0.486877279 0.513122721
QJ:/rfc/c: 0.740430104 0.259569896 0.000000000
QJ:/rfc/r: 0.000000000 0.708893361 0.291106639
QK:/ccc/cc: 0.348292461 0.651707539 0.000000000
QK:/ccc/cr: 0.000000000 0.526515293 0.473484707
QK:/ccc/rc: 0.000000000 0.482773983 0.517226017
QK:/ccc/rf: 0.000000000 0.550331643 0.449668357
QK:/ccrcc/cc: 0.236014204 0.763985796 0.000000000
QK:/ccrcc/cr: 0.000000000 0.470102836 0.529897164
QK:/ccrcc/rc: 0.000000000 0.250506484 0.749493516
QK:/ccrcc/rf: 0.000000000 0.640186455 0.359813545
QK:/ccrcf/c: 0.188094214 0.811905786 0.000000000
QK:/ccrcf/r: 0.000000000 0.341643650 0.658356350
QK:/ccrfc/c: 0.425388560 0.574611440 0.000000000
QK:/ccrfc/r: 0.000000000 0.285725093 0.714274907
QK:/crcc/cc: 0.546717998 0.453282002 0.000000000
QK:/crcc/cr: 0.000000000 0.158000399 0.841999601
QK:/crcc/rc: 0.000000000 0.507346063 0.492653937
QK:/crcc/rf: 0.000000000 0.241017881 0.758982119
QK:/crcf/c: 0.386679550 0.613320450 0.000000000
QK:/crcf/r: 0.000000000 0.884584314 0.115415686
QK:/rcc/cc: 0.605598331 0.394401669 0.000000000
QK:/rcc/cr: 0.000000000 0.137730190 0.862269810
QK:/rcc/rc: 0.000000000 0.502093991 0.497906009
QK:/rcc/rf: 0.000000000 0.519258703 0.480741297
QK:/rfc/c: 0.366958312 0.633041688 0.000000000
QK:/rfc/r: 0.000000000 0.132265521 0.867734479
QQ:/ccc/cc: 0.352801499 0.647198501 0.000000000
QQ:/ccc/cr: 0.000000000 0.384308788 0.615691212
QQ:/ccc/rc: 0.000000000 0.666109743 0.333890257
QQ:/ccc/rf: 0.000000000 0.732924439 0.267075561
QQ:/ccrcc/cc: 0.578082633 0.421917367 0.000000000
QQ:/ccrcc/cr: 0.000000000 0.486367727 0.513632273
QQ:/ccrcc/rc: 0.000000000 0.659149754 0.340850246
QQ:/ccrcc/rf: 0.000000000 0.291936627 0.708063373
QQ:/ccrcf/c: 0.130379069 0.869620931 0.000000000
QQ:/ccrcf/r: 0.000000000 0.477824404 0.522175596
QQ:/ccrfc/c: 0.198692220 0.801307780 0.000000000
QQ:/ccrfc/r: 0.000000000 0.391721856 0.608278144
QQ:/crcc/cc: 0.854512122 0.145487878 0.000000000
QQ:/crcc/cr: 0.000000000 0.340617206 0.659382794
QQ:/crcc/rc: 0.000000000 0.077200040 0.922799960
QQ:/crcc/rf: 0.000000000 0.874301350 0.125698650
QQ:/crcf/c: 0.461739980 0.538260020 0.000000000
QQ:/crcf/r: 0.000000000 0.175551005 0.824448995
QQ:/rcc/cc: 0.405289357 0.594710643 0.000000000
QQ:/rcc/cr: 0.000000000 0.999922876 0.000077124
QQ:/rcc/rc: 0.000000000 1.000000000 0.000000000
QQ:/rcc/rf: 0.000000000 0.238185270 0.761814730
QQ:/rfc/c: 0.110033402 0.889966598 0.000000000
QQ:/rfc/r: 0.000000000 0.400522968 0.599477032
