A:/: 0.999212088 0.000787912 0.000000000
A:/ccr: 0.000000000 0.572256947 0.427743053
A:/crc: 0.000000000 1.000000000 0.000000000
A:/crf: 0.000000000 1.000000000 0.000000000
AJ:/ccc/: 0.412830264 0.587169736 0.000000000
AJ:/ccc/ccr: 0.000000000 0.773951143 0.226048857
AJ:/ccc/crc: 0.000000000 1.000000000 0.000000000
AJ:/ccc/crf: 0.000000000 0.691179837 0.308820163
AJ:/ccrcc/: 0.998155588 0.001844412 0.000000000
AJ:/ccrcc/ccr: 0.000000000 0.844525663 0.155474337
AJ:/ccrcc/crc: 0.000000000 1.000000000 0.000000000
AJ:/ccrcc/crf: 0.000000000 0.831172246 0.168827754
AJ:/ccrcf/: 0.287889745 0.712110255 0.000000000
AJ:/ccrcf/cr: 0.000000000 0.230510826 0.769489174
AJ:/crcc/: 0.390087178 0.609912822 0.000000000
AJ:/crcc/ccr: 0.000000000 1.000000000 0.000000000
AJ:/crcc/crc: 0.000000000 1.000000000 0.000000000
AJ:/crcc/crf: 0.000000000 1.000000000 0.000000000
AJ:/crfc/: 0.822016035 0.177983965 0.000000000
AJ:/crfc/cr: 0.000000000 1.000000000 0.000000000
AJ:/rcc/: 0.885310294 0.114689706 0.000000000
AJ:/rcc/ccr: 0.000000000 0.782757499 0.217242501
AJ:/rcc/crc: 0.000000000 0.876883957 0.123116043
AJ:/rcc/crf: 0.000000000 1.000000000 0.000000000
AJ:/rcf/: 1.000000000 0.000000000 0.000000000
AJ:/rcf/cr: 0.000000000 1.000000000 0.000000000
AJ:/rfc/: 0.935694186 0.064305814 0.000000000
AJ:/rfc/cr: 0.000000000 0.989876699 0.010123301
AK:/ccc/: 1.000000000 0.000000000 0.000000000
AK:/ccc/ccr: 0.000000000 0.672117409 0.327882591
AK:/ccc/crc: 0.000000000 0.885101833 0.114898167
AK:/ccc/crf: 0.000000000 1.000000000 0.000000000
AK:/ccrcc/: 0.988171768 0.011828232 0.000000000
AK:/ccrcc/ccr: 0.000000000 0.378522821 0.621477179
AK:/ccrcc/crc: 0.000000000 0.506852003 0.493147997
AK:/ccrcc/crf: 0.000000000 1.000000000 0.000000000
AK:/ccrcf/: 0.599943023 0.400056977 0.000000000
AK:/ccrcf/cr: 0.000000000 0.171565570 0.828434430
AK:/crcc/: 0.803630889 0.196369111 0.000000000
AK:/crcc/ccr: 0.000000000 1.000000000 0.000000000
AK:/crcc/crc: 0.000000000 1.000000000 0.000000000
AK:/crcc/crf: 0.000000000 1.000000000 0.000000000
AK:/crfc/: 0.086028946 0.913971054 0.000000000
AK:/crfc/cr: 0.000000000 1.000000000 0.000000000
AK:/rcc/: 0.747236176 0.252763824 0.000000000
AK:/rcc/ccr: 0.000000000 0.114623353 0.885376647
AK:/rcc/crc: 0.000000000 0.385780262 0.614219738
AK:/rcc/crf: 0.000000000 0.495741166 0.504258834
AK:/rcf/: 0.810228015 0.189771985 0.000000000
AK:/rcf/cr: 0.000000000 1.000000000 0.000000000
AK:/rfc/: 0.648600116 0.351399884 0.000000000
AK:/rfc/cr: 0.000000000 0.130368749 0.869631251
AQ:/ccc/: 0.475362780 0.524637220 0.000000000
AQ:/ccc/ccr: 0.000000000 1.000000000 0.000000000
AQ:/ccc/crc: 0.000000000 0.682449713 0.317550287
AQ:/ccc/crf: 0.000000000 1.000000000 0.000000000
AQ:/ccrcc/: 0.472957446 0.527042554 0.000000000
AQ:/ccrcc/ccr: 0.000000000 0.915610008 0.084389992
AQ:/ccrcc/crc: 0.000000000 0.448131709 0.551868291
AQ:/ccrcc/crf: 0.000000000 1.000000000 0.000000000
AQ:/ccrcf/: 0.329603919 0.670396081 0.000000000
AQ:/ccrcf/cr: 0.000000000 0.714494436 0.285505564
AQ:/crcc/: 0.884470578 0.115529422 0.000000000
AQ:/crcc/ccr: 0.000000000 1.000000000 0.000000000
AQ:/crcc/crc: 0.000000000 1.000000000 0.000000000
AQ:/crcc/crf: 0.000000000 1.000000000 0.000000000
AQ:/crfc/: 1.000000000 0.000000000 0.000000000
AQ:/crfc/cr: 0.000000000 1.000000000 0.000000000
AQ:/rcc/: 0.999999876 0.000000124 0.000000000
AQ:/rcc/ccr: 0.000000000 0.808325393 0.191674607
AQ:/rcc/crc: 0.000000000 0.140445068 0.859554932
AQ:/rcc/crf: 0.000000000 0.619947326 0.380052674
AQ:/rcf/: 0.811362850 0.188637150 0.000000000
AQ:/rcf/cr: 0.000000000 1.000000000 0.000000000
AQ:/rfc/: 0.575796669 0.424203331 0.000000000
AQ:/rfc/cr: 0.000000000 0.678610954 0.321389046
AT:/ccc/: 0.783229085 0.216770915 0.000000000
AT:/ccc/ccr: 0.000000000 0.525549876 0.474450124
AT:/ccc/crc: 0.000000000 0.967516346 0.032483654
AT:/ccc/crf: 0.000000000 0.724239309 0.275760691
AT:/ccrcc/: 0.583577992 0.416422008 0.000000000
AT:/ccrcc/ccr: 0.000000000 1.000000000 0.000000000
AT:/ccrcc/crc: 0.000000000 0.567978115 0.432021885
AT:/ccrcc/crf: 0.000000000 1.000000000 0.000000000
AT:/ccrcf/: 0.724248849 0.275751151 0.000000000
AT:/ccrcf/cr: 0.000000000 0.372667696 0.627332304
AT:/crcc/: 0.533965107 0.466034893 0.000000000
AT:/crcc/ccr: 0.000000000 1.000000000 0.000000000
AT:/crcc/crc: 0.000000000 1.000000000 0.000000000
AT:/crcc/crf: 0.000000000 1.000000000 0.000000000
AT:/crfc/: 0.461495233 0.538504767 0.000000000
AT:/crfc/cr: 0.000000000 1.000000000 0.000000000
AT:/rcc/: 0.173203843 0.826796157 0.000000000
AT:/rcc/ccr: 0.000000000 0.672016975 0.327983025
AT:/rcc/crc: 0.000000000 0.868418647 0.131581353
AT:/rcc/crf: 0.000000000 1.000000000 0.000000000
AT:/rcf/: 0.999973600 0.000026400 0.000000000
AT:/rcf/cr: 0.000000000 1.000000000 0.000000000
AT:/rfc/: 0.960841806 0.039158194 0.000000000
AT:/rfc/cr: 0.000000000 0.505545647 0.494454353
J:/: 0.000000000 1.000000000 0.000000000
J:/ccr: 0.000000000 0.000000000 1.000000000
J:/crc: 0.000000000 0.000000000 1.000000000
J:/crf: 0.000000000 1.000000000 0.000000000
JA:/ccc/: 0.000000000 1.000000000 0.000000000
JA:/ccc/ccr: 0.000000000 0.298823284 0.701176716
JA:/ccc/crc: 0.000000000 0.704070434 0.295929566
JA:/ccc/crf: 0.000000000 0.000000000 1.000000000
JA:/ccrcc/: 0.399183335 0.600816665 0.000000000
JA:/ccrcc/ccr: 0.000000000 0.486443724 0.513556276
JA:/ccrcc/crc: 0.000000000 0.230031490 0.769968510
JA:/ccrcc/crf: 0.000000000 0.226016167 0.773983833
JA:/ccrcf/: 0.705704142 0.294295858 0.000000000
JA:/ccrcf/cr: 0.000000000 0.823545290 0.176454710
JA:/crcc/: 0.999313468 0.000686532 0.000000000
JA:/crcc/ccr: 0.000000000 0.393119315 0.606880685
JA:/crcc/crc: 0.000000000 0.224818071 0.775181929
JA:/crcc/crf: 0.000000000 0.739846475 0.260153525
JA:/crfc/: 0.000222797 0.999777203 0.000000000
JA:/crfc/cr: 0.000000000 0.000000000 1.000000000
JA:/rcc/: 0.000000000 1.000000000 0.000000000
JA:/rcc/ccr: 0.000000000 0.517171182 0.482828818
JA:/rcc/crc: 0.000000000 0.434932444 0.565067556
JA:/rcc/crf: 0.000000000 0.428570926 0.571429074
JA:/rcf/: 1.000000000 0.000000000 0.000000000
JA:/rcf/cr: 0.000000000 0.000563279 0.999436721
JA:/rfc/: 0.396422810 0.603577190 0.000000000
JA:/rfc/cr: 0.000000000 0.214191194 0.785808806
JK:/ccc/: 0.259904655 0.740095345 0.000000000
JK:/ccc/ccr: 0.000000000 0.451903052 0.548096948
JK:/ccc/crc: 0.000000000 0.524047389 0.475952611
JK:/ccc/crf: 0.000000000 0.350129707 0.649870293
JK:/ccrcc/: 0.182534749 0.817465251 0.000000000
JK:/ccrcc/ccr: 0.000000000 0.592956347 0.407043653
JK:/ccrcc/crc: 0.000000000 0.275195587 0.724804413
JK:/ccrcc/crf: 0.000000000 0.585958200 0.414041800
JK:/ccrcf/: 0.382579553 0.617420447 0.000000000
JK:/ccrcf/cr: 0.000000000 0.268213584 0.731786416
JK:/crcc/: 0.509549263 0.490450737 0.000000000
JK:/crcc/ccr: 0.000000000 0.321118653 0.678881347
JK:/crcc/crc: 0.000000000 0.506153421 0.493846579
JK:/crcc/crf: 0.000000000 0.653991363 0.346008637
JK:/crfc/: 0.000000000 1.000000000 0.000000000
JK:/crfc/cr: 0.000000000 0.000000000 1.000000000
JK:/rcc/: 0.157471810 0.842528190 0.000000000
JK:/rcc/ccr: 0.000000000 0.622803880 0.377196120
JK:/rcc/crc: 0.000000000 0.867414494 0.132585506
JK:/rcc/crf: 0.000000000 0.337213311 0.662786689
JK:/rcf/: 0.999696383 0.000303617 0.000000000
JK:/rcf/cr: 0.000000000 0.052586630 0.947413370
JK:/rfc/: 0.914366733 0.085633267 0.000000000
JK:/rfc/cr: 0.000000000 0.900594544 0.099405456
JQ:/ccc/: 0.776601645 0.223398355 0.000000000
JQ:/ccc/ccr: 0.000000000 0.474593339 0.525406661
JQ:/ccc/crc: 0.000000000 0.816941673 0.183058327
JQ:/ccc/crf: 0.000000000 0.455526568 0.544473432
JQ:/ccrcc/: 0.452762008 0.547237992 0.000000000
JQ:/ccrcc/ccr: 0.000000000 0.334205103 0.665794897
JQ:/ccrcc/crc: 0.000000000 0.315011297 0.684988703
JQ:/ccrcc/crf: 0.000000000 0.504887515 0.495112485
JQ:/ccrcf/: 0.459538897 0.540461103 0.000000000
JQ:/ccrcf/cr: 0.000000000 0.540627933 0.459372067
JQ:/crcc/: 0.999991599 0.000008401 0.000000000
JQ:/crcc/ccr: 0.000000000 0.181903791 0.818096209
JQ:/crcc/crc: 0.000000000 0.000000000 1.000000000
JQ:/crcc/crf: 0.000000000 0.595295161 0.404704839
JQ:/crfc/: 0.000000000 1.000000000 0.000000000
JQ:/crfc/cr: 0.000000000 0.000000000 1.000000000
JQ:/rcc/: 0.080496502 0.919503498 0.000000000
JQ:/rcc/ccr: 0.000000000 0.327099502 0.672900498
JQ:/rcc/crc: 0.000000000 0.314170783 0.685829217
JQ:/rcc/crf: 0.000000000 0.105190498 0.894809502
JQ:/rcf/: 0.999766465 0.000233535 0.000000000
JQ:/rcf/cr: 0.000000000 0.000000000 1.000000000
JQ:/rfc/: 0.404371151 0.595628849 0.000000000
JQ:/rfc/cr: 0.000000000 0.752498117 0.247501883
JT:/ccc/: 0.000004181 0.999995819 0.000000000
JT:/ccc/ccr: 0.000000000 0.498059846 0.501940154
JT:/ccc/crc: 0.000000000 0.288973593 0.711026407
JT:/ccc/crf: 0.000000000 0.375013767 0.624986233
JT:/ccrcc/: 0.229014833 0.770985167 0.000000000
JT:/ccrcc/ccr: 0.000000000 0.454504727 0.545495273
JT:/ccrcc/crc: 0.000000000 0.095993973 0.904006027
JT:/ccrcc/crf: 0.000000000 0.392105944 0.607894056
JT:/ccrcf/: 0.285502480 0.714497520 0.000000000
JT:/ccrcf/cr: 0.000000000 0.711328220 0.288671780
JT:/crcc/: 0.999916331 0.000083669 0.000000000
JT:/crcc/ccr: 0.000000000 0.090137567 0.909862433
JT:/crcc/crc: 0.000000000 0.000000000 1.000000000
JT:/crcc/crf: 0.000000000 0.071160713 0.928839287
JT:/crfc/: 0.390467085 0.609532915 0.000000000
JT:/crfc/cr: 0.000000000 0.288150328 0.711849672
JT:/rcc/: 0.446264359 0.553735641 0.000000000
JT:/rcc/ccr: 0.000000000 0.709251786 0.290748214
JT:/rcc/crc: 0.000000000 0.485453446 0.514546554
JT:/rcc/crf: 0.000000000 0.117223378 0.882776622
JT:/rcf/: 0.999776257 0.000223743 0.000000000
JT:/rcf/cr: 0.000000000 0.000000000 1.000000000
JT:/rfc/: 0.403488464 0.596511536 0.000000000
JT:/rfc/cr: 0.000000000 0.573804559 0.426195441
K:/: 1.000000000 0.000000000 0.000000000
K:/ccr: 0.000000000 0.000000000 1.000000000
K:/crc: 0.000000000 1.000000000 0.000000000
K:/crf: 0.000000000 1.000000000 0.000000000
KA:/ccc/: 0.980476302 0.019523698 0.000000000
KA:/ccc/ccr: 0.000000000 0.935742750 0.064257250
KA:/ccc/crc: 0.000000000 1.000000000 0.000000000
KA:/ccc/crf: 0.000000000 1.000000000 0.000000000
KA:/ccrcc/: 0.829532345 0.170467655 0.000000000
KA:/ccrcc/ccr: 0.000000000 0.791644459 0.208355541
KA:/ccrcc/crc: 0.000000000 1.000000000 0.000000000
KA:/ccrcc/crf: 0.000000000 0.983650881 0.016349119
KA:/ccrcf/: 0.442103343 0.557896657 0.000000000
KA:/ccrcf/cr: 0.000000000 0.510819788 0.489180212
KA:/crcc/: 1.000000000 0.000000000 0.000000000
KA:/crcc/ccr: 0.000000000 1.000000000 0.000000000
KA:/crcc/crc: 0.000000000 1.000000000 0.000000000
KA:/crcc/crf: 0.000000000 1.000000000 0.000000000
KA:/crfc/: 0.758927451 0.241072549 0.000000000
KA:/crfc/cr: 0.000000000 1.000000000 0.000000000
KA:/rcc/: 0.846235621 0.153764379 0.000000000
KA:/rcc/ccr: 0.000000000 0.811301737 0.188698263
KA:/rcc/crc: 0.000000000 0.938142098 0.061857902
KA:/rcc/crf: 0.000000000 0.819019062 0.180980938
KA:/rcf/: 0.999680872 0.000319128 0.000000000
KA:/rcf/cr: 0.000000000 1.000000000 0.000000000
KA:/rfc/: 0.540379641 0.459620359 0.000000000
KA:/rfc/cr: 0.000000000 0.551124991 0.448875009
KJ:/ccc/: 0.628436755 0.371563245 0.000000000
KJ:/ccc/ccr: 0.000000000 0.738619222 0.261380778
KJ:/ccc/crc: 0.000000000 0.399092446 0.600907554
KJ:/ccc/crf: 0.000000000 0.548976166 0.451023834
KJ:/ccrcc/: 0.999973304 0.000026696 0.000000000
KJ:/ccrcc/ccr: 0.000000000 0.570546042 0.429453958
KJ:/ccrcc/crc: 0.000000000 0.625815950 0.374184050
KJ:/ccrcc/crf: 0.000000000 0.934132974 0.065867026
KJ:/ccrcf/: 0.542963011 0.457036989 0.000000000
KJ:/ccrcf/cr: 0.000000000 0.254898554 0.745101446
KJ:/crcc/: 0.999884207 0.000115793 0.000000000
KJ:/crcc/ccr: 0.000000000 1.000000000 0.000000000
KJ:/crcc/crc: 0.000000000 0.580922964 0.419077036
KJ:/crcc/crf: 0.000000000 1.000000000 0.000000000
KJ:/crfc/: 0.417297664 0.582702336 0.000000000
KJ:/crfc/cr: 0.000000000 0.999944262 0.000055738
KJ:/rcc/: 0.366727188 0.633272812 0.000000000
KJ:/rcc/ccr: 0.000000000 0.015561990 0.984438010
KJ:/rcc/crc: 0.000000000 0.570917779 0.429082221
KJ:/rcc/crf: 0.000000000 0.506191261 0.493808739
KJ:/rcf/: 0.302541298 0.697458702 0.000000000
KJ:/rcf/cr: 0.000000000 0.972100794 0.027899206
KJ:/rfc/: 0.068875886 0.931124114 0.000000000
KJ:/rfc/cr: 0.000000000 0.754256784 0.245743216
KQ:/ccc/: 0.901335828 0.098664172 0.000000000
KQ:/ccc/ccr: 0.000000000 1.000000000 0.000000000
KQ:/ccc/crc: 0.000000000 0.628629591 0.371370409
KQ:/ccc/crf: 0.000000000 0.999892374 0.000107626
KQ:/ccrcc/: 0.524220103 0.475779897 0.000000000
KQ:/ccrcc/ccr: 0.000000000 0.951492854 0.048507146
KQ:/ccrcc/crc: 0.000000000 0.483925800 0.516074200
KQ:/ccrcc/crf: 0.000000000 0.481489508 0.518510492
KQ:/ccrcf/: 0.271664071 0.728335929 0.000000000
KQ:/ccrcf/cr: 0.000000000 0.420906684 0.579093316
KQ:/crcc/: 0.840418144 0.159581856 0.000000000
KQ:/crcc/ccr: 0.000000000 0.000036610 0.999963390
KQ:/crcc/crc: 0.000000000 0.058621218 0.941378782
KQ:/crcc/crf: 0.000000000 1.000000000 0.000000000
KQ:/crfc/: 0.417516778 0.582483222 0.000000000
KQ:/crfc/cr: 0.000000000 0.917261037 0.082738963
KQ:/rcc/: 0.645157534 0.354842466 0.000000000
KQ:/rcc/ccr: 0.000000000 0.241991412 0.758008588
KQ:/rcc/crc: 0.000000000 0.483587697 0.516412303
KQ:/rcc/crf: 0.000000000 0.401070484 0.598929516
KQ:/rcf/: 0.141079962 0.858920038 0.000000000
KQ:/rcf/cr: 0.000000000 0.788668981 0.211331019
KQ:/rfc/: 0.136047268 0.863952732 0.000000000
KQ:/rfc/cr: 0.000000000 0.322272223 0.677727777
KT:/ccc/: 0.833245827 0.166754173 0.000000000
KT:/ccc/ccr: 0.000000000 0.504026382 0.495973618
KT:/ccc/crc: 0.000000000 0.369353510 0.630646490
KT:/ccc/crf: 0.000000000 0.989830608 0.010169392
KT:/ccrcc/: 0.810134034 0.189865966 0.000000000
KT:/ccrcc/ccr: 0.000000000 0.266521429 0.733478571
KT:/ccrcc/crc: 0.000000000 0.625323503 0.374676497
KT:/ccrcc/crf: 0.000000000 1.000000000 0.000000000
KT:/ccrcf/: 0.362184507 0.637815493 0.000000000
KT:/ccrcf/cr: 0.000000000 0.842308250 0.157691750
KT:/crcc/: 0.999892824 0.000107176 0.000000000
KT:/crcc/ccr: 0.000000000 1.000000000 0.000000000
KT:/crcc/crc: 0.000000000 0.999866235 0.000133765
KT:/crcc/crf: 0.000000000 0.999925445 0.000074555
KT:/crfc/: 0.602838387 0.397161613 0.000000000
KT:/crfc/cr: 0.000000000 0.521788199 0.478211801
KT:/rcc/: 0.601250381 0.398749619 0.000000000
KT:/rcc/ccr: 0.000000000 0.985432723 0.014567277
KT:/rcc/crc: 0.000000000 0.817628542 0.182371458
KT:/rcc/crf: 0.000000000 0.405078390 0.594921610
KT:/rcf/: 0.245381214 0.754618786 0.000000000
KT:/rcf/cr: 0.000000000 0.915762547 0.084237453
KT:/rfc/: 0.623207189 0.376792811 0.000000000
KT:/rfc/cr: 0.000000000 0.604061069 0.395938931
Q:/: 0.648989616 0.351010384 0.000000000
Q:/ccr: 0.000000000 0.000000000 1.000000000
Q:/crc: 0.000000000 0.000000000 1.000000000
Q:/crf: 0.000000000 1.000000000 0.000000000
QA:/ccc/: 0.722720509 0.277279491 0.000000000
QA:/ccc/ccr: 0.000000000 0.671189772 0.328810228
QA:/ccc/crc: 0.000000000 0.617866502 0.382133498
QA:/ccc/crf: 0.000000000 0.749878714 0.250121286
QA:/ccrcc/: 0.590736537 0.409263463 0.000000000
QA:/ccrcc/ccr: 0.000000000 0.340474624 0.659525376
QA:/ccrcc/crc: 0.000000000 0.513650904 0.486349096
QA:/ccrcc/crf: 0.000000000 0.155028684 0.844971316
QA:/ccrcf/: 0.411563407 0.588436593 0.000000000
QA:/ccrcf/cr: 0.000000000 0.507349707 0.492650293
QA:/crcc/: 0.999991693 0.000008307 0.000000000
QA:/crcc/ccr: 0.000000000 0.390641056 0.609358944
QA:/crcc/crc: 0.000000000 0.255278958 0.744721042
QA:/crcc/crf: 0.000000000 0.999964229 0.000035771
QA:/crfc/: 0.803602657 0.196397343 0.000000000
QA:/crfc/cr: 0.000000000 0.832369580 0.167630420
QA:/rcc/: 0.933675972 0.066324028 0.000000000
QA:/rcc/ccr: 0.000000000 0.465044556 0.534955444
QA:/rcc/crc: 0.000000000 0.550621672 0.449378328
QA:/rcc/crf: 0.000000000 0.999983245 0.000016755
QA:/rcf/: 0.000000000 1.000000000 0.000000000
QA:/rcf/cr: 0.000000000 0.834624044 0.165375956
QA:/rfc/: 0.732946214 0.267053786 0.000000000
QA:/rfc/cr: 0.000000000 0.617396297 0.382603703
QJ:/ccc/: 0.149210465 0.850789535 0.000000000
QJ:/ccc/ccr: 0.000000000 0.545718638 0.454281362
QJ:/ccc/crc: 0.000000000 0.000000000 1.000000000
QJ:/ccc/crf: 0.000000000 0.205315590 0.794684410
QJ:/ccrcc/: 0.529936266 0.470063734 0.000000000
QJ:/ccrcc/ccr: 0.000000000 0.082543146 0.917456854
QJ:/ccrcc/crc: 0.000000000 0.296230096 0.703769904
QJ:/ccrcc/crf: 0.000000000 0.644963402 0.355036598
QJ:/ccrcf/: 0.535999844 0.464000156 0.000000000
QJ:/ccrcf/cr: 0.000000000 0.260811914 0.739188086
QJ:/crcc/: 0.591264289 0.408735711 0.000000000
QJ:/crcc/ccr: 0.000000000 0.556086360 0.443913640
QJ:/crcc/crc: 0.000000000 0.294573955 0.705426045
QJ:/crcc/crf: 0.000000000 0.375694167 0.624305833
QJ:/crfc/: 0.000054837 0.999945163 0.000000000
QJ:/crfc/cr: 0.000000000 0.000000000 1.000000000
QJ:/rcc/: 0.213624435 0.786375565 0.000000000
QJ:/rcc/ccr: 0.000000000 0.544177471 0.455822529
QJ:/rcc/crc: 0.000000000 0.235580748 0.764419252
QJ:/rcc/crf: 0.000000000 0.282290885 0.717709115
QJ:/rcf/: 0.238506322 0.761493678 0.000000000
QJ:/rcf/cr: 0.000000000 0.000018015 0.999981985
QJ:/rfc/: 0.539389003 0.460610997 0.000000000
QJ:/rfc/cr: 0.000000000 0.178041751 0.821958249
QK:/ccc/: 0.756366490 0.243633510 0.000000000
QK:/ccc/ccr: 0.000000000 1.000000000 0.000000000
QK:/ccc/crc: 0.000000000 0.682966905 0.317033095
QK:/ccc/crf: 0.000000000 0.822662868 0.177337132
QK:/ccrcc/: 0.828568930 0.171431070 0.000000000
QK:/ccrcc/ccr: 0.000000000 0.090042723 0.909957277
QK:/ccrcc/crc: 0.000000000 0.241424883 0.758575117
QK:/ccrcc/crf: 0.000000000 0.331992174 0.668007826
QK:/ccrcf/: 0.546182093 0.453817907 0.000000000
QK:/ccrcf/cr: 0.000000000 0.633176113 0.366823887
QK:/crcc/: 0.795772987 0.204227013 0.000000000
QK:/crcc/ccr: 0.000000000 0.329841879 0.670158121
QK:/crcc/crc: 0.000000000 0.913572100 0.086427900
QK:/crcc/crf: 0.000000000 1.000000000 0.000000000
QK:/crfc/: 0.843589483 0.156410517 0.000000000
QK:/crfc/cr: 0.000000000 0.755286662 0.244713338
QK:/rcc/: 0.452399708 0.547600292 0.000000000
QK:/rcc/ccr: 0.000000000 0.081483965 0.918516035
QK:/rcc/crc: 0.000000000 0.999769434 0.000230566
QK:/rcc/crf: 0.000000000 0.446230492 0.553769508
QK:/rcf/: 0.156645148 0.843354852 0.000000000
QK:/rcf/cr: 0.000000000 0.718584037 0.281415963
QK:/rfc/: 0.038041605 0.961958395 0.000000000
QK:/rfc/cr: 0.000000000 0.282744766 0.717255234
QT:/ccc/: 0.737643009 0.262356991 0.000000000
QT:/ccc/ccr: 0.000000000 0.446748561 0.553251439
QT:/ccc/crc: 0.000000000 0.281267584 0.718732416
QT:/ccc/crf: 0.000000000 0.307192510 0.692807490
QT:/ccrcc/: 0.442707807 0.557292193 0.000000000
QT:/ccrcc/ccr: 0.000000000 0.518043484 0.481956516
QT:/ccrcc/crc: 0.000000000 0.775747028 0.224252972
QT:/ccrcc/crf: 0.000000000 0.938246084 0.061753916
QT:/ccrcf/: 0.828573089 0.171426911 0.000000000
QT:/ccrcf/cr: 0.000000000 0.316184724 0.683815276
QT:/crcc/: 0.999917004 0.000082996 0.000000000
QT:/crcc/ccr: 0.000000000 0.553574202 0.446425798
QT:/crcc/crc: 0.000000000 0.000000000 1.000000000
QT:/crcc/crf: 0.000000000 0.556831709 0.443168291
QT:/crfc/: 0.000599205 0.999400795 0.000000000
QT:/crfc/cr: 0.000000000 0.486328752 0.513671248
QT:/rcc/: 0.395310031 0.604689969 0.000000000
QT:/rcc/ccr: 0.000000000 0.819552864 0.180447136
QT:/rcc/crc: 0.000000000 0.251702687 0.748297313
QT:/rcc/crf: 0.000000000 0.267174833 0.732825167
QT:/rcf/: 0.511998070 0.488001930 0.000000000
QT:/rcf/cr: 0.000000000 0.000000000 1.000000000
QT:/rfc/: 0.367546175 0.632453825 0.000000000
QT:/rfc/cr: 0.000000000 0.360417961 0.639582039
T:/: 0.267510766 0.732489234 0.000000000
T:/ccr: 0.000000000 0.000000000 1.000000000
T:/crc: 0.000000000 0.000000000 1.000000000
T:/crf: 0.000000000 1.000000000 0.000000000
TA:/ccc/: 0.353924966 0.646075034 0.000000000
TA:/ccc/ccr: 0.000000000 0.274742233 0.725257767
TA:/ccc/crc: 0.000000000 0.356451329 0.643548671
TA:/ccc/crf: 0.000000000 0.280994869 0.719005131
TA:/ccrcc/: 0.013554021 0.986445979 0.000000000
TA:/ccrcc/ccr: 0.000000000 0.260195435 0.739804565
TA:/ccrcc/crc: 0.000000000 0.470272978 0.529727022
TA:/ccrcc/crf: 0.000000000 0.014922621 0.985077379
TA:/ccrcf/: 0.952077375 0.047922625 0.000000000
TA:/ccrcf/cr: 0.000000000 0.362205832 0.637794168
TA:/crcc/: 0.998551151 0.001448849 0.000000000
TA:/crcc/ccr: 0.000000000 0.732314766 0.267685234
TA:/crcc/crc: 0.000000000 0.000000000 1.000000000
TA:/crcc/crf: 0.000000000 0.000000000 1.000000000
TA:/crfc/: 0.855830001 0.144169999 0.000000000
TA:/crfc/cr: 0.000000000 0.449612864 0.550387136
TA:/rcc/: 0.000000000 1.000000000 0.000000000
TA:/rcc/ccr: 0.000000000 0.254307590 0.745692410
TA:/rcc/crc: 0.000000000 0.139143498 0.860856502
TA:/rcc/crf: 0.000000000 0.797230918 0.202769082
TA:/rcf/: 1.000000000 0.000000000 0.000000000
TA:/rcf/cr: 0.000000000 0.000000000 1.000000000
TA:/rfc/: 0.826524748 0.173475252 0.000000000
TA:/rfc/cr: 0.000000000 0.461121247 0.538878753
TJ:/ccc/: 0.235540197 0.764459803 0.000000000
TJ:/ccc/ccr: 0.000000000 0.546445093 0.453554907
TJ:/ccc/crc: 0.000000000 0.545737427 0.454262573
TJ:/ccc/crf: 0.000000000 0.448633392 0.551366608
TJ:/ccrcc/: 0.445666825 0.554333175 0.000000000
TJ:/ccrcc/ccr: 0.000000000 0.814494840 0.185505160
TJ:/ccrcc/crc: 0.000000000 0.445441186 0.554558814
TJ:/ccrcc/crf: 0.000000000 0.000000000 1.000000000
TJ:/ccrcf/: 0.213640071 0.786359929 0.000000000
TJ:/ccrcf/cr: 0.000000000 0.403586757 0.596413243
TJ:/crcc/: 0.443918930 0.556081070 0.000000000
TJ:/crcc/ccr: 0.000000000 0.506870535 0.493129465
TJ:/crcc/crc: 0.000000000 0.000000000 1.000000000
TJ:/crcc/crf: 0.000000000 0.000000000 1.000000000
TJ:/crfc/: 0.500798714 0.499201286 0.000000000
TJ:/crfc/cr: 0.000000000 0.759609726 0.240390274
TJ:/rcc/: 0.026861020 0.973138980 0.000000000
TJ:/rcc/ccr: 0.000000000 0.728047781 0.271952219
TJ:/rcc/crc: 0.000000000 0.262153273 0.737846727
TJ:/rcc/crf: 0.000000000 0.140160178 0.859839822
TJ:/rcf/: 0.665896263 0.334103737 0.000000000
TJ:/rcf/cr: 0.000000000 0.000000000 1.000000000
TJ:/rfc/: 0.769010103 0.230989897 0.000000000
TJ:/rfc/cr: 0.000000000 0.468509077 0.531490923
TK:/ccc/: 0.401621542 0.598378458 0.000000000
TK:/ccc/ccr: 0.000000000 0.533236803 0.466763197
TK:/ccc/crc: 0.000000000 0.474178051 0.525821949
TK:/ccc/crf: 0.000000000 0.524659338 0.475340662
TK:/ccrcc/: 0.022052690 0.977947310 0.000000000
TK:/ccrcc/ccr: 0.000000000 0.813637240 0.186362760
TK:/ccrcc/crc: 0.000000000 0.657896149 0.342103851
TK:/ccrcc/crf: 0.000000000 0.558019214 0.441980786
TK:/ccrcf/: 0.403091926 0.596908074 0.000000000
TK:/ccrcf/cr: 0.000000000 0.950267561 0.049732439
TK:/crcc/: 0.545481859 0.454518141 0.000000000
TK:/crcc/ccr: 0.000000000 0.690019045 0.309980955
TK:/crcc/crc: 0.000000000 0.000000000 1.000000000
TK:/crcc/crf: 0.000000000 0.000000000 1.000000000
TK:/crfc/: 0.681872177 0.318127823 0.000000000
TK:/crfc/cr: 0.000000000 0.519601681 0.480398319
TK:/rcc/: 0.393415345 0.606584655 0.000000000
TK:/rcc/ccr: 0.000000000 0.302959958 0.697040042
TK:/rcc/crc: 0.000000000 0.649085851 0.350914149
TK:/rcc/crf: 0.000000000 0.228496933 0.771503067
TK:/rcf/: 1.000000000 0.000000000 0.000000000
TK:/rcf/cr: 0.000000000 0.000000000 1.000000000
TK:/rfc/: 0.940584502 0.059415498 0.000000000
TK:/rfc/cr: 0.000000000 0.295430673 0.704569327
TQ:/ccc/: 0.000000000 1.000000000 0.000000000
TQ:/ccc/ccr: 0.000000000 0.298684671 0.701315329
TQ:/ccc/crc: 0.000000000 0.300384191 0.699615809
TQ:/ccc/crf: 0.000000000 0.656316865 0.343683135
TQ:/ccrcc/: 0.197161236 0.802838764 0.000000000
TQ:/ccrcc/ccr: 0.000000000 0.794490344 0.205509656
TQ:/ccrcc/crc: 0.000000000 0.601767377 0.398232623
TQ:/ccrcc/crf: 0.000000000 0.577225327 0.422774673
TQ:/ccrcf/: 0.951946251 0.048053749 0.000000000
TQ:/ccrcf/cr: 0.000000000 0.443472337 0.556527663
TQ:/crcc/: 0.999070423 0.000929577 0.000000000
TQ:/crcc/ccr: 0.000000000 0.999984453 0.000015547
TQ:/crcc/crc: 0.000000000 0.000000000 1.000000000
TQ:/crcc/crf: 0.000000000 0.000000000 1.000000000
TQ:/crfc/: 0.364359837 0.635640163 0.000000000
TQ:/crfc/cr: 0.000000000 0.532228846 0.467771154
TQ:/rcc/: 0.083144284 0.916855716 0.000000000
TQ:/rcc/ccr: 0.000000000 0.454181450 0.545818550
TQ:/rcc/crc: 0.000000000 0.149721175 0.850278825
TQ:/rcc/crf: 0.000000000 0.000000000 1.000000000
TQ:/rcf/: 0.999888639 0.000111361 0.000000000
TQ:/rcf/cr: 0.000000000 0.000000000 1.000000000
TQ:/rfc/: 0.386602850 0.613397150 0.000000000
TQ:/rfc/cr: 0.000000000 0.513130450 0.486869550
