A:/cc: 1.000000000 0.000000000 0.000000000
A:/cr: 0.000000000 1.000000000 0.000000000
A:/rc: 0.000000000 1.000000000 0.000000000
A:/rf: 0.000000000 0.420031352 0.579968648
AJ:/ccc/cc: 0.940646480 0.059353520 0.000000000
AJ:/ccc/cr: 0.000000000 1.000000000 0.000000000
AJ:/ccc/rc: 0.000000000 0.935893268 0.064106732
AJ:/ccc/rf: 0.000000000 0.459674222 0.540325778
AJ:/ccrcc/cc: 0.393205316 0.606794684 0.000000000
AJ:/ccrcc/cr: 0.000000000 0.414978563 0.585021437
AJ:/ccrcc/rc: 0.000000000 0.664618781 0.335381219
AJ:/ccrcc/rf: 0.000000000 0.499443751 0.500556249
AJ:/ccrcf/c: 0.489605167 0.510394833 0.000000000
AJ:/ccrcf/r: 0.000000000 0.158321931 0.841678069
AJ:/ccrfc/c: 0.485087154 0.514912846 0.000000000
AJ:/ccrfc/r: 0.000000000 0.945746962 0.054253038
AJ:/crcc/cc: 0.404374227 0.595625773 0.000000000
AJ:/crcc/cr: 0.000000000 0.775833266 0.224166734
AJ:/crcc/rc: 0.000000000 0.637598189 0.362401811
AJ:/crcc/rf: 0.000000000 0.403488464 0.596511536
AJ:/crcf/c: 1.000000000 0.000000000 0.000000000
AJ:/crcf/r: 0.000000000 1.000000000 0.000000000
AJ:/rcc/cc: 0.507096945 0.492903055 0.000000000
AJ:/rcc/cr: 0.000000000 1.000000000 0.000000000
AJ:/rcc/rc: 0.000000000 0.878773520 0.121226480
AJ:/rcc/rf: 0.000000000 0.582758590 0.417241410
AJ:/rfc/c: 0.405378309 0.594621691 0.000000000
AJ:/rfc/r: 0.000000000 0.545631656 0.454368344
AK:/ccc/cc: 0.913512655 0.086487345 0.000000000
AK:/ccc/cr: 0.000000000 1.000000000 0.000000000
AK:/ccc/rc: 0.000000000 1.000000000 0.000000000
AK:/ccc/rf: 0.000000000 0.700300360 0.299699640
AK:/ccrcc/cc: 0.717857031 0.282142969 0.000000000
AK:/ccrcc/cr: 0.000000000 0.967911261 0.032088739
AK:/ccrcc/rc: 0.000000000 0.828291576 0.171708424
AK:/ccrcc/rf: 0.000000000 0.760286083 0.239713917
AK:/ccrcf/c: 0.112624185 0.887375815 0.000000000
AK:/ccrcf/r: 0.000000000 0.898119616 0.101880384
AK:/ccrfc/c: 0.570158142 0.429841858 0.000000000
AK:/ccrfc/r: 0.000000000 1.000000000 0.000000000
AK:/crcc/cc: 0.226054263 0.773945737 0.000000000
AK:/crcc/cr: 0.000000000 0.553528056 0.446471944
AK:/crcc/rc: 0.000000000 0.391999544 0.608000456
AK:/crcc/rf: 0.000000000 0.940584502 0.059415498
AK:/crcf/c: 1.000000000 0.000000000 0.000000000
AK:/crcf/r: 0.000000000 1.000000000 0.000000000
AK:/rcc/cc: 0.329342073 0.670657927 0.000000000
AK:/rcc/cr: 0.000000000 0.863360900 0.136639100
AK:/rcc/rc: 0.000000000 0.875293896 0.124706104
AK:/rcc/rf: 0.000000000 0.271969717 0.728030283
AK:/rfc/c: 0.386243848 0.613756152 0.000000000
AK:/rfc/r: 0.000000000 0.793904581 0.206095419
AQ:/ccc/cc: 0.764638436 0.235361564 0.000000000
AQ:/ccc/cr: 0.000000000 1.000000000 0.000000000
AQ:/ccc/rc: 0.000000000 1.000000000 0.000000000
AQ:/ccc/rf: 0.000000000 0.949156668 0.050843332
AQ:/ccrcc/cc: 0.339174204 0.660825796 0.000000000
AQ:/ccrcc/cr: 0.000000000 1.000000000 0.000000000
AQ:/ccrcc/rc: 0.000000000 0.815965543 0.184034457
AQ:/ccrcc/rf: 0.000000000 0.791330487 0.208669513
AQ:/ccrcf/c: 0.213723899 0.786276101 0.000000000
AQ:/ccrcf/r: 0.000000000 0.403586757 0.596413243
AQ:/ccrfc/c: 1.000000000 0.000000000 0.000000000
AQ:/ccrfc/r: 0.000000000 1.000000000 0.000000000
AQ:/crcc/cc: 0.105908665 0.894091335 0.000000000
AQ:/crcc/cr: 0.000000000 0.744759448 0.255240552
AQ:/crcc/rc: 0.000000000 0.913995963 0.086004037
AQ:/crcc/rf: 0.000000000 0.196320443 0.803679557
AQ:/crcf/c: 1.000000000 0.000000000 0.000000000
AQ:/crcf/r: 0.000000000 1.000000000 0.000000000
AQ:/rcc/cc: 0.541679134 0.458320866 0.000000000
AQ:/rcc/cr: 0.000000000 1.000000000 0.000000000
AQ:/rcc/rc: 0.000000000 0.875328356 0.124671644
AQ:/rcc/rf: 0.000000000 0.422969165 0.577030835
AQ:/rfc/c: 0.417119189 0.582880811 0.000000000
AQ:/rfc/r: 0.000000000 0.661895652 0.338104348
AT:/ccc/cc: 0.318197350 0.681802650 0.000000000
AT:/ccc/cr: 0.000000000 1.000000000 0.000000000
AT:/ccc/rc: 0.000000000 0.531127230 0.468872770
AT:/ccc/rf: 0.000000000 0.413520550 0.586479450
AT:/ccrcc/cc: 0.513039117 0.486960883 0.000000000
AT:/ccrcc/cr: 0.000000000 1.000000000 0.000000000
AT:/ccrcc/rc: 0.000000000 0.336917041 0.663082959
AT:/ccrcc/rf: 0.000000000 0.881000549 0.118999451
AT:/ccrcf/c: 0.489650236 0.510349764 0.000000000
AT:/ccrcf/r: 0.000000000 0.722633826 0.277366174
AT:/ccrfc/c: 0.547346529 0.452653471 0.000000000
AT:/ccrfc/r: 0.000000000 1.000000000 0.000000000
AT:/crcc/cc: 0.334872021 0.665127979 0.000000000
AT:/crcc/cr: 0.000000000 0.649575567 0.350424433
AT:/crcc/rc: 0.000000000 1.000000000 0.000000000
AT:/crcc/rf: 0.000000000 0.558536155 0.441463845
AT:/crcf/c: 1.000000000 0.000000000 0.000000000
AT:/crcf/r: 0.000000000 1.000000000 0.000000000
AT:/rcc/cc: 0.382747497 0.617252503 0.000000000
AT:/rcc/cr: 0.000000000 0.884305926 0.115694074
AT:/rcc/rc: 0.000000000 0.905726562 0.094273438
AT:/rcc/rf: 0.000000000 0.252916317 0.747083683
AT:/rfc/c: 0.518994062 0.481005938 0.000000000
AT:/rfc/r: 0.000000000 0.823661201 0.176338799
J:/cc: 0.497960969 0.502039031 0.000000000
J:/cr: 0.000000000 0.999683166 0.000316834
J:/rc: 0.000000000 0.000216564 0.999783436
J:/rf: 0.000000000 0.130368749 0.869631251
JA:/ccc/cc: 0.476148381 0.523851619 0.000000000
JA:/ccc/cr: 0.000000000 0.238365340 0.761634660
JA:/ccc/rc: 0.000000000 0.320437207 0.679562793
JA:/ccc/rf: 0.000000000 0.619150877 0.380849123
JA:/ccrcc/cc: 0.892188551 0.107811449 0.000000000
JA:/ccrcc/cr: 0.000000000 0.844313015 0.155686985
JA:/ccrcc/rc: 0.000000000 0.934385634 0.065614366
JA:/ccrcc/rf: 0.000000000 0.427719414 0.572280586
JA:/ccrcf/c: 0.756001092 0.243998908 0.000000000
JA:/ccrcf/r: 0.000000000 0.839622487 0.160377513
JA:/ccrfc/c: 0.303670391 0.696329609 0.000000000
JA:/ccrfc/r: 0.000000000 0.348695650 0.651304350
JA:/crcc/cc: 0.259306722 0.740693278 0.000000000
JA:/crcc/cr: 0.000000000 0.913011380 0.086988620
JA:/crcc/rc: 0.000000000 0.298699412 0.701300588
JA:/crcc/rf: 0.000000000 0.282195174 0.717804826
JA:/crcf/c: 0.028868207 0.971131793 0.000000000
JA:/crcf/r: 0.000000000 0.170479819 0.829520181
JA:/rcc/cc: 1.000000000 0.000000000 0.000000000
JA:/rcc/cr: 0.000000000 0.823383233 0.176616767
JA:/rcc/rc: 0.000000000 0.000000000 1.000000000
JA:/rcc/rf: 0.000000000 0.373093138 0.626906862
JA:/rfc/c: 0.079457742 0.920542258 0.000000000
JA:/rfc/r: 0.000000000 0.766917169 0.233082831
JK:/ccc/cc: 0.129148561 0.870851439 0.000000000
JK:/ccc/cr: 0.000000000 0.024675836 0.975324164
JK:/ccc/rc: 0.000000000 0.268563637 0.731436363
JK:/ccc/rf: 0.000000000 0.502891651 0.497108349
JK:/ccrcc/cc: 0.485039297 0.514960703 0.000000000
JK:/ccrcc/cr: 0.000000000 0.117721763 0.882278237
JK:/ccrcc/rc: 0.000000000 0.679529555 0.320470445
JK:/ccrcc/rf: 0.000000000 0.695205664 0.304794336
JK:/ccrcf/c: 0.874694844 0.125305156 0.000000000
JK:/ccrcf/r: 0.000000000 0.809398827 0.190601173
JK:/ccrfc/c: 0.459502040 0.540497960 0.000000000
JK:/ccrfc/r: 0.000000000 0.514147819 0.485852181
JK:/crcc/cc: 0.852718194 0.147281806 0.000000000
JK:/crcc/cr: 0.000000000 0.306514013 0.693485987
JK:/crcc/rc: 0.000000000 0.395053876 0.604946124
JK:/crcc/rf: 0.000000000 0.813420562 0.186579438
JK:/crcf/c: 0.000000000 1.000000000 0.000000000
JK:/crcf/r: 0.000000000 0.016353197 0.983646803
JK:/rcc/cc: 1.000000000 0.000000000 0.000000000
JK:/rcc/cr: 0.000000000 0.000000000 1.000000000
JK:/rcc/rc: 0.000000000 0.005405766 0.994594234
JK:/rcc/rf: 0.000000000 0.561114154 0.438885846
JK:/rfc/c: 0.399423572 0.600576428 0.000000000
JK:/rfc/r: 0.000000000 0.956100226 0.043899774
JQ:/ccc/cc: 0.451779476 0.548220524 0.000000000
JQ:/ccc/cr: 0.000000000 0.191058066 0.808941934
JQ:/ccc/rc: 0.000000000 0.700046829 0.299953171
JQ:/ccc/rf: 0.000000000 0.329943614 0.670056386
JQ:/ccrcc/cc: 0.568213710 0.431786290 0.000000000
JQ:/ccrcc/cr: 0.000000000 0.149539613 0.850460387
JQ:/ccrcc/rc: 0.000000000 0.700307475 0.299692525
JQ:/ccrcc/rf: 0.000000000 0.921990186 0.078009814
JQ:/ccrcf/c: 0.428107570 0.571892430 0.000000000
JQ:/ccrcf/r: 0.000000000 0.392824292 0.607175708
JQ:/ccrfc/c: 0.781412151 0.218587849 0.000000000
JQ:/ccrfc/r: 0.000000000 0.108133994 0.891866006
JQ:/crcc/cc: 0.597009815 0.402990185 0.000000000
JQ:/crcc/cr: 0.000000000 0.445882129 0.554117871
JQ:/crcc/rc: 0.000000000 0.734510050 0.265489950
JQ:/crcc/rf: 0.000000000 0.073828869 0.926171131
JQ:/crcf/c: 0.131516130 0.868483870 0.000000000
JQ:/crcf/r: 0.000000000 0.000000000 1.000000000
JQ:/rcc/cc: 1.000000000 0.000000000 0.000000000
JQ:/rcc/cr: 0.000000000 0.379829561 0.620170439
JQ:/rcc/rc: 0.000000000 0.000000000 1.000000000
JQ:/rcc/rf: 0.000000000 0.380936478 0.619063522
JQ:/rfc/c: 0.456168112 0.543831888 0.000000000
JQ:/rfc/r: 0.000000000 0.335473620 0.664526380
JT:/ccc/cc: 0.071788680 0.928211320 0.000000000
JT:/ccc/cr: 0.000000000 0.672425201 0.327574799
JT:/ccc/rc: 0.000000000 0.281668193 0.718331807
JT:/ccc/rf: 0.000000000 0.254850276 0.745149724
JT:/ccrcc/cc: 0.376024608 0.623975392 0.000000000
JT:/ccrcc/cr: 0.000000000 0.039346449 0.960653551
JT:/ccrcc/rc: 0.000000000 0.011198863 0.988801137
JT:/ccrcc/rf: 0.000000000 0.730364405 0.269635595
JT:/ccrcf/c: 0.575796669 0.424203331 0.000000000
JT:/ccrcf/r: 0.000000000 0.678610954 0.321389046
JT:/ccrfc/c: 0.303645610 0.696354390 0.000000000
JT:/ccrfc/r: 0.000000000 0.592291510 0.407708490
JT:/crcc/cc: 0.571673014 0.428326986 0.000000000
JT:/crcc/cr: 0.000000000 0.858817482 0.141182518
JT:/crcc/rc: 0.000000000 0.673257188 0.326742812
JT:/crcc/rf: 0.000000000 0.065278774 0.934721226
JT:/crcf/c: 0.827697135 0.172302865 0.000000000
JT:/crcf/r: 0.000000000 0.000000000 1.000000000
JT:/rcc/cc: 1.000000000 0.000000000 0.000000000
JT:/rcc/cr: 0.000000000 0.000000000 1.000000000
JT:/rcc/rc: 0.000000000 0.000000000 1.000000000
JT:/rcc/rf: 0.000000000 0.730106626 0.269893374
JT:/rfc/c: 0.520531001 0.479468999 0.000000000
JT:/rfc/r: 0.000000000 0.113632534 0.886367466
K:/cc: 1.000000000 0.000000000 0.000000000
K:/cr: 0.000000000 1.000000000 0.000000000
K:/rc: 0.000000000 0.765903199 0.234096801
K:/rf: 0.000000000 0.449272991 0.550727009
KA:/ccc/cc: 0.906730603 0.093269397 0.000000000
KA:/ccc/cr: 0.000000000 1.000000000 0.000000000
KA:/ccc/rc: 0.000000000 1.000000000 0.000000000
KA:/ccc/rf: 0.000000000 0.440491021 0.559508979
KA:/ccrcc/cc: 0.135909081 0.864090919 0.000000000
KA:/ccrcc/cr: 0.000000000 0.900893758 0.099106242
KA:/ccrcc/rc: 0.000000000 0.871673207 0.128326793
KA:/ccrcc/rf: 0.000000000 0.950169589 0.049830411
KA:/ccrcf/c: 0.270742014 0.729257986 0.000000000
KA:/ccrcf/r: 0.000000000 0.305708383 0.694291617
KA:/ccrfc/c: 0.952331057 0.047668943 0.000000000
KA:/ccrfc/r: 0.000000000 1.000000000 0.000000000
KA:/crcc/cc: 0.621992672 0.378007328 0.000000000
KA:/crcc/cr: 0.000000000 0.185376047 0.814623953
KA:/crcc/rc: 0.000000000 0.528519139 0.471480861
KA:/crcc/rf: 0.000000000 0.826524748 0.173475252
KA:/crcf/c: 1.000000000 0.000000000 0.000000000
KA:/crcf/r: 0.000000000 1.000000000 0.000000000
KA:/rcc/cc: 0.490575904 0.509424096 0.000000000
KA:/rcc/cr: 0.000000000 0.872550036 0.127449964
KA:/rcc/rc: 0.000000000 0.759517823 0.240482177
KA:/rcc/rf: 0.000000000 0.856352439 0.143647561
KA:/rfc/c: 0.596948301 0.403051699 0.000000000
KA:/rfc/r: 0.000000000 0.124529618 0.875470382
KJ:/ccc/cc: 0.416414459 0.583585541 0.000000000
KJ:/ccc/cr: 0.000000000 0.999921508 0.000078492
KJ:/ccc/rc: 0.000000000 0.155432471 0.844567529
KJ:/ccc/rf: 0.000000000 0.047061960 0.952938040
KJ:/ccrcc/cc: 0.126827569 0.873172431 0.000000000
KJ:/ccrcc/cr: 0.000000000 0.999955885 0.000044115
KJ:/ccrcc/rc: 0.000000000 0.631845284 0.368154716
KJ:/ccrcc/rf: 0.000000000 0.442569604 0.557430396
KJ:/ccrcf/c: 0.375193654 0.624806346 0.000000000
KJ:/ccrcf/r: 0.000000000 0.444704542 0.555295458
KJ:/ccrfc/c: 0.477232992 0.522767008 0.000000000
KJ:/ccrfc/r: 0.000000000 0.734166461 0.265833539
KJ:/crcc/cc: 0.540378048 0.459621952 0.000000000
KJ:/crcc/cr: 0.000000000 0.564892533 0.435107467
KJ:/crcc/rc: 0.000000000 0.481350849 0.518649151
KJ:/crcc/rf: 0.000000000 0.646409034 0.353590966
KJ:/crcf/c: 0.460272921 0.539727079 0.000000000
KJ:/crcf/r: 0.000000000 0.666563764 0.333436236
KJ:/rcc/cc: 0.255014912 0.744985088 0.000000000
KJ:/rcc/cr: 0.000000000 0.174240435 0.825759565
KJ:/rcc/rc: 0.000000000 0.092538840 0.907461160
KJ:/rcc/rf: 0.000000000 0.857614389 0.142385611
KJ:/rfc/c: 0.420601606 0.579398394 0.000000000
KJ:/rfc/r: 0.000000000 0.545718638 0.454281362
KQ:/ccc/cc: 0.069953861 0.930046139 0.000000000
KQ:/ccc/cr: 0.000000000 0.780722666 0.219277334
KQ:/ccc/rc: 0.000000000 0.000000000 1.000000000
KQ:/ccc/rf: 0.000000000 0.535826650 0.464173350
KQ:/ccrcc/cc: 0.038041605 0.961958395 0.000000000
KQ:/ccrcc/cr: 0.000000000 0.345445755 0.654554245
KQ:/ccrcc/rc: 0.000000000 0.509870141 0.490129859
KQ:/ccrcc/rf: 0.000000000 0.458622116 0.541377884
KQ:/ccrcf/c: 0.514991342 0.485008658 0.000000000
KQ:/ccrcf/r: 0.000000000 0.809794210 0.190205790
KQ:/ccrfc/c: 0.249127334 0.750872666 0.000000000
KQ:/ccrfc/r: 0.000000000 0.667393583 0.332606417
KQ:/crcc/cc: 0.146611575 0.853388425 0.000000000
KQ:/crcc/cr: 0.000000000 0.997563546 0.002436454
KQ:/crcc/rc: 0.000000000 0.656855011 0.343144989
KQ:/crcc/rf: 0.000000000 0.603091369 0.396908631
KQ:/crcf/c: 0.171888841 0.828111159 0.000000000
KQ:/crcf/r: 0.000000000 0.667218858 0.332781142
KQ:/rcc/cc: 0.317996710 0.682003290 0.000000000
KQ:/rcc/cr: 0.000000000 0.402863633 0.597136367
KQ:/rcc/rc: 0.000000000 0.214852125 0.785147875
KQ:/rcc/rf: 0.000000000 0.524967953 0.475032047
KQ:/rfc/c: 0.153211125 0.846788875 0.000000000
KQ:/rfc/r: 0.000000000 0.562941091 0.437058909
KT:/ccc/cc: 0.620698089 0.379301911 0.000000000
KT:/ccc/cr: 0.000000000 0.369296397 0.630703603
KT:/ccc/rc: 0.000000000 0.319360125 0.680639875
KT:/ccc/rf: 0.000000000 0.136047268 0.863952732
KT:/ccrcc/cc: 0.583130554 0.416869446 0.000000000
KT:/ccrcc/cr: 0.000000000 0.661862045 0.338137955
KT:/ccrcc/rc: 0.000000000 0.980046814 0.019953186
KT:/ccrcc/rf: 0.000000000 0.549281373 0.450718627
KT:/ccrcf/c: 0.840750038 0.159249962 0.000000000
KT:/ccrcf/r: 0.000000000 0.848349672 0.151650328
KT:/ccrfc/c: 0.612847966 0.387152034 0.000000000
KT:/ccrfc/r: 0.000000000 0.669999466 0.330000534
KT:/crcc/cc: 0.793957883 0.206042117 0.000000000
KT:/crcc/cr: 0.000000000 0.841535936 0.158464064
KT:/crcc/rc: 0.000000000 0.793231701 0.206768299
KT:/crcc/rf: 0.000000000 0.530180902 0.469819098
KT:/crcf/c: 0.377313958 0.622686042 0.000000000
KT:/crcf/r: 0.000000000 0.666586891 0.333413109
KT:/rcc/cc: 0.231393724 0.768606276 0.000000000
KT:/rcc/cr: 0.000000000 0.157830194 0.842169806
KT:/rcc/rc: 0.000000000 0.000000000 1.000000000
KT:/rcc/rf: 0.000000000 0.829050803 0.170949197
KT:/rfc/c: 0.236506343 0.763493657 0.000000000
KT:/rfc/r: 0.000000000 0.082884364 0.917115636
Q:/cc: 0.999839145 0.000160855 0.000000000
Q:/cr: 0.000000000 1.000000000 0.000000000
Q:/rc: 0.000000000 0.000000000 1.000000000
Q:/rf: 0.000000000 0.989876699 0.010123301
QA:/ccc/cc: 0.694339392 0.305660608 0.000000000
QA:/ccc/cr: 0.000000000 0.656166357 0.343833643
QA:/ccc/rc: 0.000000000 0.422750076 0.577249924
QA:/ccc/rf: 0.000000000 0.335411907 0.664588093
QA:/ccrcc/cc: 0.386602850 0.613397150 0.000000000
QA:/ccrcc/cr: 0.000000000 0.551039657 0.448960343
QA:/ccrcc/rc: 0.000000000 0.482703683 0.517296317
QA:/ccrcc/rf: 0.000000000 0.769010103 0.230989897
QA:/ccrcf/c: 0.599405179 0.400594821 0.000000000
QA:/ccrcf/r: 0.000000000 0.301101224 0.698898776
QA:/ccrfc/c: 0.684418730 0.315581270 0.000000000
QA:/ccrfc/r: 0.000000000 0.693935894 0.306064106
QA:/crcc/cc: 0.524441066 0.475558934 0.000000000
QA:/crcc/cr: 0.000000000 0.307937065 0.692062935
QA:/crcc/rc: 0.000000000 0.573947901 0.426052099
QA:/crcc/rf: 0.000000000 0.632473563 0.367526437
QA:/crcf/c: 0.322914354 0.677085646 0.000000000
QA:/crcf/r: 0.000000000 0.790114092 0.209885908
QA:/rcc/cc: 0.102732752 0.897267248 0.000000000
QA:/rcc/cr: 0.000000000 0.969039534 0.030960466
QA:/rcc/rc: 0.000000000 0.445114298 0.554885702
QA:/rcc/rf: 0.000000000 0.719072571 0.280927429
QA:/rfc/c: 0.266547961 0.733452039 0.000000000
QA:/rfc/r: 0.000000000 0.363802284 0.636197716
QJ:/ccc/cc: 0.024982305 0.975017695 0.000000000
QJ:/ccc/cr: 0.000000000 0.509360604 0.490639396
QJ:/ccc/rc: 0.000000000 0.419542336 0.580457664
QJ:/ccc/rf: 0.000000000 0.436554943 0.563445057
QJ:/ccrcc/cc: 0.391055303 0.608944697 0.000000000
QJ:/ccrcc/cr: 0.000000000 0.584793541 0.415206459
QJ:/ccrcc/rc: 0.000000000 0.576832549 0.423167451
QJ:/ccrcc/rf: 0.000000000 0.450522134 0.549477866
QJ:/ccrcf/c: 0.724983337 0.275016663 0.000000000
QJ:/ccrcf/r: 0.000000000 0.372667696 0.627332304
QJ:/ccrfc/c: 0.455233899 0.544766101 0.000000000
QJ:/ccrfc/r: 0.000000000 0.736861633 0.263138367
QJ:/crcc/cc: 0.368691744 0.631308256 0.000000000
QJ:/crcc/cr: 0.000000000 0.922481058 0.077518942
QJ:/crcc/rc: 0.000000000 0.234346516 0.765653484
QJ:/crcc/rf: 0.000000000 0.920815683 0.079184317
QJ:/crcf/c: 0.091856184 0.908143816 0.000000000
QJ:/crcf/r: 0.000000000 0.000000000 1.000000000
QJ:/rcc/cc: 1.000000000 0.000000000 0.000000000
QJ:/rcc/cr: 0.000000000 0.202885224 0.797114776
QJ:/rcc/rc: 0.000000000 0.105534937 0.894465063
QJ:/rcc/rf: 0.000000000 0.546139342 0.453860658
QJ:/rfc/c: 0.960841806 0.039158194 0.000000000
QJ:/rfc/r: 0.000000000 0.505545647 0.494454353
QK:/ccc/cc: 0.071382693 0.928617307 0.000000000
QK:/ccc/cr: 0.000000000 0.660945715 0.339054285
QK:/ccc/rc: 0.000000000 0.348654979 0.651345021
QK:/ccc/rf: 0.000000000 0.561342848 0.438657152
QK:/ccrcc/cc: 0.691067197 0.308932803 0.000000000
QK:/ccrcc/cr: 0.000000000 0.718834266 0.281165734
QK:/ccrcc/rc: 0.000000000 0.953481177 0.046518823
QK:/ccrcc/rf: 0.000000000 0.044367022 0.955632978
QK:/ccrcf/c: 0.800485052 0.199514948 0.000000000
QK:/ccrcf/r: 0.000000000 0.520949333 0.479050667
QK:/ccrfc/c: 0.614996425 0.385003575 0.000000000
QK:/ccrfc/r: 0.000000000 0.664239722 0.335760278
QK:/crcc/cc: 0.624769708 0.375230292 0.000000000
QK:/crcc/cr: 0.000000000 0.503238778 0.496761222
QK:/crcc/rc: 0.000000000 0.511259441 0.488740559
QK:/crcc/rf: 0.000000000 0.560125202 0.439874798
QK:/crcf/c: 0.671511911 0.328488089 0.000000000
QK:/crcf/r: 0.000000000 0.888425515 0.111574485
QK:/rcc/cc: 0.424592607 0.575407393 0.000000000
QK:/rcc/cr: 0.000000000 0.886355646 0.113644354
QK:/rcc/rc: 0.000000000 0.395049273 0.604950727
QK:/rcc/rf: 0.000000000 0.206109755 0.793890245
QK:/rfc/c: 0.641497132 0.358502868 0.000000000
QK:/rfc/r: 0.000000000 0.783762134 0.216237866
QT:/ccc/cc: 0.380723272 0.619276728 0.000000000
QT:/ccc/cr: 0.000000000 0.159880896 0.840119104
QT:/ccc/rc: 0.000000000 0.483800757 0.516199243
QT:/ccc/rf: 0.000000000 0.295031947 0.704968053
QT:/ccrcc/cc: 0.827314337 0.172685663 0.000000000
QT:/ccrcc/cr: 0.000000000 0.441290097 0.558709903
QT:/ccrcc/rc: 0.000000000 0.971178070 0.028821930
QT:/ccrcc/rf: 0.000000000 0.708771601 0.291228399
QT:/ccrcf/c: 0.769887866 0.230112134 0.000000000
QT:/ccrcf/r: 0.000000000 0.841672675 0.158327325
QT:/ccrfc/c: 0.095095835 0.904904165 0.000000000
QT:/ccrfc/r: 0.000000000 0.074182673 0.925817327
QT:/crcc/cc: 0.433649677 0.566350323 0.000000000
QT:/crcc/cr: 0.000000000 0.425381086 0.574618914
QT:/crcc/rc: 0.000000000 0.354537467 0.645462533
QT:/crcc/rf: 0.000000000 0.954398289 0.045601711
QT:/crcf/c: 0.000000000 1.000000000 0.000000000
QT:/crcf/r: 0.000000000 0.000000000 1.000000000
QT:/rcc/cc: 0.000000000 1.000000000 0.000000000
QT:/rcc/cr: 0.000000000 0.294436253 0.705563747
QT:/rcc/rc: 0.000000000 0.091294081 0.908705919
QT:/rcc/rf: 0.000000000 0.928814046 0.071185954
QT:/rfc/c: 0.756600787 0.243399213 0.000000000
QT:/rfc/r: 0.000000000 0.747935383 0.252064617
T:/cc: 0.040392277 0.959607723 0.000000000
T:/cr: 0.000000000 0.464752089 0.535247911
T:/rc: 0.000000000 0.000000000 1.000000000
T:/rf: 0.000000000 0.015575813 0.984424187
TA:/ccc/cc: 0.000000000 1.000000000 0.000000000
TA:/ccc/cr: 0.000000000 0.000000000 1.000000000
TA:/ccc/rc: 0.000000000 0.907162117 0.092837883
TA:/ccc/rf: 0.000000000 0.517064148 0.482935852
TA:/ccrcc/cc: 0.370369816 0.629630184 0.000000000
TA:/ccrcc/cr: 0.000000000 0.184083014 0.815916986
TA:/ccrcc/rc: 0.000000000 0.888629013 0.111370987
TA:/ccrcc/rf: 0.000000000 0.653673882 0.346326118
TA:/ccrcf/c: 0.469408204 0.530591796 0.000000000
TA:/ccrcf/r: 0.000000000 0.537339615 0.462660385
TA:/ccrfc/c: 1.000000000 0.000000000 0.000000000
TA:/ccrfc/r: 0.000000000 0.270229178 0.729770822
TA:/crcc/cc: 0.323225640 0.676774360 0.000000000
TA:/crcc/cr: 0.000000000 0.448416270 0.551583730
TA:/crcc/rc: 0.000000000 0.084161329 0.915838671
TA:/crcc/rf: 0.000000000 0.437569377 0.562430623
TA:/crcf/c: 0.576740484 0.423259516 0.000000000
TA:/crcf/r: 0.000000000 0.000000000 1.000000000
TA:/rcc/cc: 0.775858891 0.224141109 0.000000000
TA:/rcc/cr: 0.000000000 0.253700351 0.746299649
TA:/rcc/rc: 0.000000000 0.000000000 1.000000000
TA:/rcc/rf: 0.000000000 0.473716241 0.526283759
TA:/rfc/c: 0.105616195 0.894383805 0.000000000
TA:/rfc/r: 0.000000000 0.400839785 0.599160215
TJ:/ccc/cc: 0.362518543 0.637481457 0.000000000
TJ:/ccc/cr: 0.000000000 0.798377129 0.201622871
TJ:/ccc/rc: 0.000000000 0.555630831 0.444369169
TJ:/ccc/rf: 0.000000000 0.851961269 0.148038731
TJ:/ccrcc/cc: 0.140839711 0.859160289 0.000000000
TJ:/ccrcc/cr: 0.000000000 0.545371758 0.454628242
TJ:/ccrcc/rc: 0.000000000 0.602988710 0.397011290
TJ:/ccrcc/rf: 0.000000000 0.592703365 0.407296635
TJ:/ccrcf/c: 0.788004923 0.211995077 0.000000000
TJ:/ccrcf/r: 0.000000000 0.466606500 0.533393500
TJ:/ccrfc/c: 0.422498810 0.577501190 0.000000000
TJ:/ccrfc/r: 0.000000000 0.301375852 0.698624148
TJ:/crcc/cc: 0.705908903 0.294091097 0.000000000
TJ:/crcc/cr: 0.000000000 0.560317721 0.439682279
TJ:/crcc/rc: 0.000000000 0.933224503 0.066775497
TJ:/crcc/rf: 0.000000000 0.644481863 0.355518137
TJ:/crcf/c: 0.695036108 0.304963892 0.000000000
TJ:/crcf/r: 0.000000000 0.775886084 0.224113916
TJ:/rcc/cc: 1.000000000 0.000000000 0.000000000
TJ:/rcc/cr: 0.000000000 0.000000000 1.000000000
TJ:/rcc/rc: 0.000000000 0.073041749 0.926958251
TJ:/rcc/rf: 0.000000000 0.483826864 0.516173136
TJ:/rfc/c: 0.493154561 0.506845439 0.000000000
TJ:/rfc/r: 0.000000000 0.986072725 0.013927275
TK:/ccc/cc: 0.387302790 0.612697210 0.000000000
TK:/ccc/cr: 0.000000000 0.049371987 0.950628013
TK:/ccc/rc: 0.000000000 0.204443994 0.795556006
TK:/ccc/rf: 0.000000000 0.367546175 0.632453825
TK:/ccrcc/cc: 0.608057166 0.391942834 0.000000000
TK:/ccrcc/cr: 0.000000000 0.551365836 0.448634164
TK:/ccrcc/rc: 0.000000000 0.437910263 0.562089737
TK:/ccrcc/rf: 0.000000000 0.421168952 0.578831048
TK:/ccrcf/c: 0.451838607 0.548161393 0.000000000
TK:/ccrcf/r: 0.000000000 0.382321828 0.617678172
TK:/ccrfc/c: 1.000000000 0.000000000 0.000000000
TK:/ccrfc/r: 0.000000000 0.249379744 0.750620256
TK:/crcc/cc: 0.429982708 0.570017292 0.000000000
TK:/crcc/cr: 0.000000000 0.335856090 0.664143910
TK:/crcc/rc: 0.000000000 0.941247706 0.058752294
TK:/crcc/rf: 0.000000000 0.599068008 0.400931992
TK:/crcf/c: 0.621688263 0.378311737 0.000000000
TK:/crcf/r: 0.000000000 0.000000000 1.000000000
TK:/rcc/cc: 0.614779725 0.385220275 0.000000000
TK:/rcc/cr: 0.000000000 0.351975213 0.648024787
TK:/rcc/rc: 0.000000000 0.000000000 1.000000000
TK:/rcc/rf: 0.000000000 0.756501245 0.243498755
TK:/rfc/c: 0.351739411 0.648260589 0.000000000
TK:/rfc/r: 0.000000000 0.594130653 0.405869347
TQ:/ccc/cc: 0.852698361 0.147301639 0.000000000
TQ:/ccc/cr: 0.000000000 0.346101849 0.653898151
TQ:/ccc/rc: 0.000000000 0.000000000 1.000000000
TQ:/ccc/rf: 0.000000000 0.543275374 0.456724626
TQ:/ccrcc/cc: 0.422040548 0.577959452 0.000000000
TQ:/ccrcc/cr: 0.000000000 0.882284338 0.117715662
TQ:/ccrcc/rc: 0.000000000 0.311848011 0.688151989
TQ:/ccrcc/rf: 0.000000000 0.515464094 0.484535906
TQ:/ccrcf/c: 0.392565096 0.607434904 0.000000000
TQ:/ccrcf/r: 0.000000000 0.620002619 0.379997381
TQ:/ccrfc/c: 0.269870360 0.730129640 0.000000000
TQ:/ccrfc/r: 0.000000000 0.438893984 0.561106016
TQ:/crcc/cc: 0.068866638 0.931133362 0.000000000
TQ:/crcc/cr: 0.000000000 0.746163168 0.253836832
TQ:/crcc/rc: 0.000000000 0.571529233 0.428470767
TQ:/crcc/rf: 0.000000000 0.623207189 0.376792811
TQ:/crcf/c: 0.414740333 0.585259667 0.000000000
TQ:/crcf/r: 0.000000000 0.000000000 1.000000000
TQ:/rcc/cc: 0.502760859 0.497239141 0.000000000
TQ:/rcc/cr: 0.000000000 0.324255254 0.675744746
TQ:/rcc/rc: 0.000000000 0.000000000 1.000000000
TQ:/rcc/rf: 0.000000000 0.634986391 0.365013609
TQ:/rfc/c: 0.294946462 0.705053538 0.000000000
TQ:/rfc/r: 0.000000000 0.516440718 0.483559282
