A:/: 0.000000000 1.000000000 0.000000000
A:/cccr: 0.163719704 0.836280296 0.000000000
A:/cccrccrc: 0.326346118 0.358553889 0.315099994
A:/cccrccrccrcc: 0.000000000 0.381285209 0.618714791
A:/cccrccrccrcf: 0.000000000 0.438582918 0.561417082
A:/cccrccrccrfc: 0.000000000 0.480716351 0.519283649
A:/cccrccrccrff: 0.000000000 0.030690399 0.969309601
A:/cccrccrf: 0.179017112 0.459510466 0.361472422
A:/cccrccrfcrc: 0.000000000 0.229709507 0.770290493
A:/cccrccrfcrf: 0.000000000 0.467965356 0.532034644
A:/cccrccrr: 0.000000000 0.626280653 0.373719347
A:/cccrcfrc: 0.146310917 0.389863425 0.463825658
A:/cccrcfrf: 0.387568461 0.446775937 0.165655602
A:/cccrcfrr: 0.000000000 0.494373662 0.505626338
A:/cccrcrcc: 0.402167369 0.394513934 0.203318698
A:/cccrcrcf: 0.711605944 0.238197754 0.050196302
A:/cccrcrcr: 0.000000000 0.860854698 0.139145302
A:/cccrcrfc: 0.147914961 0.725238725 0.126846314
A:/cccrcrff: 0.204480565 0.721362121 0.074157314
A:/cccrcrfr: 0.000000000 0.598136412 0.401863588
A:/cccrcrrc: 0.000000000 0.755191306 0.244808694
A:/cccrcrrf: 0.000000000 0.899518847 0.100481153
A:/cccrrccr: 0.000000000 0.768927963 0.231072037
A:/cccrrcfr: 0.000000000 0.892980249 0.107019751
A:/cccrrcrc: 0.000000000 0.524366490 0.475633510
A:/cccrrcrf: 0.000000000 0.439727686 0.560272314
A:/cccrrfcr: 0.000000000 0.565963385 0.434036615
A:/cccrrffr: 0.000000000 0.215781311 0.784218689
A:/cccrrfrc: 0.000000000 0.441849192 0.558150808
A:/cccrrfrf: 0.000000000 0.447850706 0.552149294
A:/cccrrrcc: 0.000000000 0.803567201 0.196432799
A:/cccrrrcf: 0.000000000 0.592921064 0.407078936
A:/cccrrrfc: 0.000000000 0.757466681 0.242533319
A:/cccrrrff: 0.000000000 0.282497052 0.717502948
A:/ccrc: 0.000000000 1.000000000 0.000000000
A:/ccrccrcc: 0.553274877 0.392077361 0.054647762
A:/ccrccrcf: 0.666522749 0.195727414 0.137749838
A:/ccrccrcr: 0.000000000 0.583355804 0.416644196
A:/ccrccrfc: 0.495886929 0.269468795 0.234644276
A:/ccrccrff: 0.803473245 0.189119390 0.007407365
A:/ccrccrfr: 0.000000000 0.530973095 0.469026905
A:/ccrccrrc: 0.000000000 0.874509295 0.125490705
A:/ccrccrrf: 0.000000000 0.950901994 0.049098006
A:/ccrcrccr: 0.000000000 0.238824141 0.761175859
A:/ccrcrcfr: 0.000000000 0.497813436 0.502186564
A:/ccrcrcrc: 0.000000000 0.920212428 0.079787572
A:/ccrcrcrf: 0.000000000 0.543834926 0.456165074
A:/ccrcrfcr: 0.000000000 0.548397631 0.451602369
A:/ccrcrffr: 0.000000000 0.740896734 0.259103266
A:/ccrcrfrc: 0.000000000 0.580630207 0.419369793
A:/ccrcrfrf: 0.000000000 0.380838213 0.619161787
A:/ccrcrrcc: 0.000000000 0.942284806 0.057715194
A:/ccrcrrcf: 0.000000000 1.000000000 0.000000000
A:/ccrcrrfc: 0.000000000 0.448105815 0.551894185
A:/ccrcrrff: 0.000000000 0.494133869 0.505866131
A:/ccrf: 0.541567534 0.403415539 0.055016927
A:/ccrfcrc: 0.444651206 0.110451319 0.444897476
A:/ccrfcrf: 0.528163758 0.303723477 0.168112765
A:/ccrfcrr: 0.000000000 0.999941067 0.000058933
A:/ccrfrcr: 0.000000000 0.510234412 0.489765588
A:/ccrfrfr: 0.000000000 0.395547387 0.604452613
A:/ccrfrrc: 0.000000000 0.439833039 0.560166961
A:/ccrfrrf: 0.000000000 0.457755614 0.542244386
A:/ccrr: 0.000000000 1.000000000 0.000000000
A:/ccrrccrc: 0.000000000 1.000000000 0.000000000
A:/ccrrccrf: 0.000000000 1.000000000 0.000000000
A:/ccrrcfrc: 0.000000000 0.336734498 0.663265502
A:/ccrrcfrf: 0.000000000 0.493641956 0.506358044
A:/ccrrcrcc: 0.000000000 1.000000000 0.000000000
A:/ccrrcrcf: 0.000000000 1.000000000 0.000000000
A:/ccrrcrfc: 0.000000000 1.000000000 0.000000000
A:/ccrrcrff: 0.000000000 1.000000000 0.000000000
A:/crcc: 1.000000000 0.000000000 0.000000000
A:/crccrccr: 0.000000000 0.801822096 0.198177904
A:/crccrcfr: 0.000000000 0.491855547 0.508144453
A:/crccrcrc: 0.000000000 0.506311874 0.493688126
A:/crccrcrf: 0.000000000 0.616723240 0.383276760
A:/crccrfcr: 0.000000000 0.890450739 0.109549261
A:/crccrffr: 0.000000000 0.469002616 0.530997384
A:/crccrfrc: 0.000000000 0.294231546 0.705768454
A:/crccrfrf: 0.000000000 0.879708168 0.120291832
A:/crccrrcc: 0.000000000 0.359544809 0.640455191
A:/crccrrcf: 0.000000000 0.384719500 0.615280500
A:/crccrrfc: 0.000000000 0.455902896 0.544097104
A:/crccrrff: 0.000000000 0.432973854 0.567026146
A:/crcf: 0.458914183 0.282944334 0.258141483
A:/crcfrcr: 0.000000000 0.384744144 0.615255856
A:/crcfrfr: 0.000000000 0.561303094 0.438696906
A:/crcfrrc: 0.000000000 0.805962618 0.194037382
A:/crcfrrf: 0.000000000 0.293328701 0.706671299
A:/crcr: 0.014899347 0.985100653 0.000000000
A:/crcrccrc: 0.000000000 0.371565594 0.628434406
A:/crcrccrf: 0.000000000 0.500386854 0.499613146
A:/crcrcfrc: 0.000000000 0.952994288 0.047005712
A:/crcrcfrf: 0.000000000 0.382573659 0.617426341
A:/crcrcrcc: 0.000000000 0.489600200 0.510399800
A:/crcrcrcf: 0.000000000 0.135629552 0.864370448
A:/crcrcrfc: 0.000000000 0.734835415 0.265164585
A:/crcrcrff: 0.000000000 0.851476156 0.148523844
A:/crfc: 1.000000000 0.000000000 0.000000000
A:/crfcrcr: 0.000000000 1.000000000 0.000000000
A:/crfcrfr: 0.000000000 1.000000000 0.000000000
A:/crfcrrc: 0.000000000 1.000000000 0.000000000
A:/crfcrrf: 0.000000000 1.000000000 0.000000000
A:/crff: 1.000000000 0.000000000 0.000000000
A:/crffrr: 0.000000000 1.000000000 0.000000000
A:/crfr: 0.000000000 1.000000000 0.000000000
A:/crfrcrc: 0.000000000 1.000000000 0.000000000
A:/crfrcrf: 0.000000000 1.000000000 0.000000000
A:/crrc: 0.596157663 0.246708990 0.157133347
A:/crrccrcc: 0.000000000 1.000000000 0.000000000
A:/crrccrcf: 0.000000000 0.675218423 0.324781577
A:/crrccrfc: 0.000000000 0.214113635 0.785886365
A:/crrccrff: 0.000000000 0.643331056 0.356668944
A:/crrf: 0.400746880 0.345662998 0.253590123
A:/crrfcrc: 0.000000000 0.174332496 0.825667504
A:/crrfcrf: 0.000000000 0.868724145 0.131275855
A:/crrr: 0.000000000 0.755503237 0.244496763
A:/rccr: 1.000000000 0.000000000 0.000000000
A:/rccrccrc: 0.000000000 1.000000000 0.000000000
A:/rccrccrf: 0.000000000 0.377820804 0.622179196
A:/rccrcfrc: 0.000000000 0.317145497 0.682854503
A:/rccrcfrf: 0.000000000 0.539383250 0.460616750
A:/rccrcrcc: 0.000000000 0.756280843 0.243719157
A:/rccrcrcf: 0.000000000 0.849787889 0.150212111
A:/rccrcrfc: 0.000000000 1.000000000 0.000000000
A:/rccrcrff: 0.000000000 1.000000000 0.000000000
A:/rcfr: 1.000000000 0.000000000 0.000000000
A:/rcfrcrc: 0.000000000 1.000000000 0.000000000
A:/rcfrcrf: 0.000000000 1.000000000 0.000000000
A:/rcrc: 1.000000000 0.000000000 0.000000000
A:/rcrccrcc: 0.000000000 1.000000000 0.000000000
A:/rcrccrcf: 0.000000000 0.708715323 0.291284677
A:/rcrccrfc: 0.000000000 1.000000000 0.000000000
A:/rcrccrff: 0.000000000 1.000000000 0.000000000
A:/rcrf: 0.955122463 0.044877537 0.000000000
A:/rcrfcrc: 0.000000000 1.000000000 0.000000000
A:/rcrfcrf: 0.000000000 1.000000000 0.000000000
A:/rcrr: 0.000000000 1.000000000 0.000000000
A:/rfcr: 0.446858584 0.553141416 0.000000000
A:/rfcrcrc: 0.000000000 0.858404904 0.141595096
A:/rfcrcrf: 0.000000000 0.522265603 0.477734397
A:/rffr: 1.000000000 0.000000000 0.000000000
A:/rfrc: 0.833842538 0.166157462 0.000000000
A:/rfrf: 0.350170955 0.453541077 0.196287968
A:/rfrr: 0.000000000 1.000000000 0.000000000
A:/rrcc: 0.824192246 0.175807754 0.000000000
A:/rrcf: 0.682321168 0.317678832 0.000000000
A:/rrcr: 0.000000000 1.000000000 0.000000000
A:/rrfc: 1.000000000 0.000000000 0.000000000
A:/rrff: 0.986021159 0.013978841 0.000000000
A:/rrfr: 0.000000000 1.000000000 0.000000000
A:/rrrc: 0.000000000 1.000000000 0.000000000
A:/rrrf: 0.000000000 1.000000000 0.000000000
J:/: 0.000000000 1.000000000 0.000000000
J:/cccr: 0.000000000 0.000000000 1.000000000
J:/cccrccrc: 0.486185379 0.315343361 0.198471259
J:/cccrccrccrcc: 0.000000000 0.586262173 0.413737827
J:/cccrccrccrcf: 0.000000000 0.930551705 0.069448295
J:/cccrccrccrfc: 0.000000000 0.801709275 0.198290725
J:/cccrccrccrff: 0.000000000 0.510528126 0.489471874
J:/cccrccrf: 0.490454043 0.030718189 0.478827768
J:/cccrccrfcrc: 0.000000000 0.336915455 0.663084545
J:/cccrccrfcrf: 0.000000000 0.455450081 0.544549919
J:/cccrccrr: 0.000000000 0.658815819 0.341184181
J:/cccrcfrc: 0.058915668 0.384097500 0.556986832
J:/cccrcfrf: 0.572492441 0.211565917 0.215941642
J:/cccrcfrr: 0.000000000 0.840573968 0.159426032
J:/cccrcrcc: 0.019665651 0.000002657 0.980331693
J:/cccrcrcf: 0.485231594 0.297849507 0.216918899
J:/cccrcrcr: 0.000000000 0.446758915 0.553241085
J:/cccrcrfc: 0.012845445 0.308135280 0.679019275
J:/cccrcrff: 0.414501863 0.300782171 0.284715966
J:/cccrcrfr: 0.000000000 0.128412314 0.871587686
J:/cccrcrrc: 0.000000000 0.425575769 0.574424231
J:/cccrcrrf: 0.000000000 0.389464653 0.610535347
J:/cccrrccr: 0.000000000 0.766863226 0.233136774
J:/cccrrcfr: 0.000000000 0.325749739 0.674250261
J:/cccrrcrc: 0.000000000 0.185751492 0.814248508
J:/cccrrcrf: 0.000000000 0.384705708 0.615294292
J:/cccrrfcr: 0.000000000 0.701440604 0.298559396
J:/cccrrffr: 0.000000000 0.213578216 0.786421784
J:/cccrrfrc: 0.000000000 0.622298511 0.377701489
J:/cccrrfrf: 0.000000000 0.494897143 0.505102857
J:/cccrrrcc: 0.000000000 0.495942484 0.504057516
J:/cccrrrcf: 0.000000000 0.560347582 0.439652418
J:/cccrrrfc: 0.000000000 0.743850607 0.256149393
J:/cccrrrff: 0.000000000 0.615590382 0.384409618
J:/ccrc: 0.000000000 0.000000000 1.000000000
J:/ccrccrcc: 0.505800976 0.000000000 0.494199024
J:/ccrccrcf: 1.000000000 0.000000000 0.000000000
J:/ccrccrcr: 0.000000000 0.444612681 0.555387319
J:/ccrccrfc: 0.479577950 0.262513343 0.257908707
J:/ccrccrff: 0.230726568 0.524995343 0.244278089
J:/ccrccrfr: 0.000000000 0.529345096 0.470654904
J:/ccrccrrc: 0.000000000 0.456788358 0.543211642
J:/ccrccrrf: 0.000000000 0.290549035 0.709450965
J:/ccrcrccr: 0.000000000 0.191412804 0.808587196
J:/ccrcrcfr: 0.000000000 0.309837378 0.690162622
J:/ccrcrcrc: 0.000000000 0.335941430 0.664058570
J:/ccrcrcrf: 0.000000000 0.704635165 0.295364835
J:/ccrcrfcr: 0.000000000 0.279680986 0.720319014
J:/ccrcrffr: 0.000000000 0.557000493 0.442999507
J:/ccrcrfrc: 0.000000000 0.386673622 0.613326378
J:/ccrcrfrf: 0.000000000 0.769974326 0.230025674
J:/ccrcrrcc: 0.000000000 0.484203172 0.515796828
J:/ccrcrrcf: 0.000000000 0.107383767 0.892616233
J:/ccrcrrfc: 0.000000000 0.224202190 0.775797810
J:/ccrcrrff: 0.000000000 0.596530998 0.403469002
J:/ccrf: 0.000000000 0.183714730 0.816285270
J:/ccrfcrc: 0.375509230 0.199714482 0.424776288
J:/ccrfcrf: 0.829615873 0.170384127 0.000000000
J:/ccrfcrr: 0.000000000 0.657775237 0.342224763
J:/ccrfrcr: 0.000000000 0.531239474 0.468760526
J:/ccrfrfr: 0.000000000 0.049750190 0.950249810
J:/ccrfrrc: 0.000000000 0.867459555 0.132540445
J:/ccrfrrf: 0.000000000 0.394450985 0.605549015
J:/ccrr: 0.000000000 0.000000000 1.000000000
J:/ccrrccrc: 0.000000000 0.000000000 1.000000000
J:/ccrrccrf: 0.000000000 0.305960730 0.694039270
J:/ccrrcfrc: 0.000000000 0.198578432 0.801421568
J:/ccrrcfrf: 0.000000000 0.006815635 0.993184365
J:/ccrrcrcc: 0.000000000 0.238164364 0.761835636
J:/ccrrcrcf: 0.000000000 0.396213586 0.603786414
J:/ccrrcrfc: 0.000000000 0.583968196 0.416031804
J:/ccrrcrff: 0.000000000 0.037021973 0.962978027
J:/crcc: 1.000000000 0.000000000 0.000000000
J:/crccrccr: 0.000000000 0.448807806 0.551192194
J:/crccrcfr: 0.000000000 0.761385066 0.238614934
J:/crccrcrc: 0.000000000 0.625841452 0.374158548
J:/crccrcrf: 0.000000000 0.562371272 0.437628728
J:/crccrfcr: 0.000000000 0.868959602 0.131040398
J:/crccrffr: 0.000000000 0.618813500 0.381186500
J:/crccrfrc: 0.000000000 0.543558665 0.456441335
J:/crccrfrf: 0.000000000 0.550818768 0.449181232
J:/crccrrcc: 0.000000000 0.487369482 0.512630518
J:/crccrrcf: 0.000000000 0.076807983 0.923192017
J:/crccrrfc: 0.000000000 0.254944755 0.745055245
J:/crccrrff: 0.000000000 0.708560780 0.291439220
J:/crcf: 0.000111308 0.457227538 0.542661153
J:/crcfrcr: 0.000000000 0.309856428 0.690143572
J:/crcfrfr: 0.000000000 0.924770358 0.075229642
J:/crcfrrc: 0.000000000 0.526913353 0.473086647
J:/crcfrrf: 0.000000000 0.585129118 0.414870882
J:/crcr: 0.000000000 0.496999845 0.503000155
J:/crcrccrc: 0.000000000 0.950895879 0.049104121
J:/crcrccrf: 0.000000000 0.647957958 0.352042042
J:/crcrcfrc: 0.000000000 0.981713518 0.018286482
J:/crcrcfrf: 0.000000000 0.509862266 0.490137734
J:/crcrcrcc: 0.000000000 0.080630053 0.919369947
J:/crcrcrcf: 0.000000000 0.469879798 0.530120202
J:/crcrcrfc: 0.000000000 0.131459284 0.868540716
J:/crcrcrff: 0.000000000 0.983916465 0.016083535
J:/crfc: 0.178025204 0.000000000 0.821974796
J:/crfcrcr: 0.000000000 0.553155838 0.446844162
J:/crfcrfr: 0.000000000 0.815081950 0.184918050
J:/crfcrrc: 0.000000000 0.718159611 0.281840389
J:/crfcrrf: 0.000000000 0.441489896 0.558510104
J:/crff: 1.000000000 0.000000000 0.000000000
J:/crffrr: 0.000000000 0.658143105 0.341856895
J:/crfr: 1.000000000 0.000000000 0.000000000
J:/crfrcrc: 0.000000000 0.199794286 0.800205714
J:/crfrcrf: 0.000000000 1.000000000 0.000000000
J:/crrc: 0.392070485 0.248002468 0.359927046
J:/crrccrcc: 0.000000000 0.685216080 0.314783920
J:/crrccrcf: 0.000000000 0.416468206 0.583531794
J:/crrccrfc: 0.000000000 0.825607388 0.174392612
J:/crrccrff: 0.000000000 0.554847643 0.445152357
J:/crrf: 0.488197197 0.081062549 0.430740254
J:/crrfcrc: 0.000000000 0.331746573 0.668253427
J:/crrfcrf: 0.000000000 0.324624806 0.675375194
J:/crrr: 0.000000000 0.645364899 0.354635101
J:/rccr: 0.573657188 0.000000000 0.426342812
J:/rccrccrc: 0.000000000 0.429895597 0.570104403
J:/rccrccrf: 0.000000000 0.565367630 0.434632370
J:/rccrcfrc: 0.000000000 0.059963888 0.940036112
J:/rccrcfrf: 0.000000000 0.778355372 0.221644628
J:/rccrcrcc: 0.000000000 0.539380611 0.460619389
J:/rccrcrcf: 0.000000000 0.189411948 0.810588052
J:/rccrcrfc: 0.000000000 0.540886634 0.459113366
J:/rccrcrff: 0.000000000 0.318778294 0.681221706
J:/rcfr: 1.000000000 0.000000000 0.000000000
J:/rcfrcrc: 0.000000000 0.387097361 0.612902639
J:/rcfrcrf: 0.000000000 0.902906172 0.097093828
J:/rcrc: 0.969183206 0.000000000 0.030816794
J:/rcrccrcc: 0.000000000 0.582338225 0.417661775
J:/rcrccrcf: 0.000000000 0.428510842 0.571489158
J:/rcrccrfc: 0.000000000 0.000000000 1.000000000
J:/rcrccrff: 0.000000000 0.550772187 0.449227813
J:/rcrf: 0.806610952 0.082206746 0.111182302
J:/rcrfcrc: 0.000000000 0.770930359 0.229069641
J:/rcrfcrf: 0.000000000 0.672640436 0.327359564
J:/rcrr: 0.000000000 0.000000000 1.000000000
J:/rfcr: 0.950264819 0.000000000 0.049735181
J:/rfcrcrc: 0.000000000 0.416450806 0.583549194
J:/rfcrcrf: 0.000000000 0.598915682 0.401084318
J:/rffr: 1.000000000 0.000000000 0.000000000
J:/rfrc: 0.623154828 0.000000000 0.376845172
J:/rfrf: 0.252758902 0.444958376 0.302282721
J:/rfrr: 0.000000000 1.000000000 0.000000000
J:/rrcc: 0.000000000 0.303266697 0.696733303
J:/rrcf: 0.911514882 0.000000000 0.088485118
J:/rrcr: 0.000000000 0.250110863 0.749889137
J:/rrfc: 1.000000000 0.000000000 0.000000000
J:/rrff: 1.000000000 0.000000000 0.000000000
J:/rrfr: 0.000000000 0.195985032 0.804014968
J:/rrrc: 0.000000000 0.000000000 1.000000000
J:/rrrf: 0.000000000 0.000000000 1.000000000
K:/: 0.000000000 1.000000000 0.000000000
K:/cccr: 0.299959080 0.173705299 0.526335621
K:/cccrccrc: 0.455400204 0.307769654 0.236830143
K:/cccrccrccrcc: 0.000000000 0.235872348 0.764127652
K:/cccrccrccrcf: 0.000000000 0.800182330 0.199817670
K:/cccrccrccrfc: 0.000000000 0.354074425 0.645925575
K:/cccrccrccrff: 0.000000000 0.860226087 0.139773913
K:/cccrccrf: 0.382541208 0.255606323 0.361852468
K:/cccrccrfcrc: 0.000000000 0.049591845 0.950408155
K:/cccrccrfcrf: 0.000000000 0.272667135 0.727332865
K:/cccrccrr: 0.000000000 0.651271583 0.348728417
K:/cccrcfrc: 0.489359796 0.213804546 0.296835658
K:/cccrcfrf: 0.111036629 0.503040758 0.385922613
K:/cccrcfrr: 0.000000000 0.442340790 0.557659210
K:/cccrcrcc: 0.371185202 0.504479307 0.124335491
K:/cccrcrcf: 0.019552556 0.291582906 0.688864538
K:/cccrcrcr: 0.000000000 0.412712757 0.587287243
K:/cccrcrfc: 0.409487649 0.128724696 0.461787655
K:/cccrcrff: 0.099420257 0.464623357 0.435956386
K:/cccrcrfr: 0.000000000 0.426361934 0.573638066
K:/cccrcrrc: 0.000000000 0.598658479 0.401341521
K:/cccrcrrf: 0.000000000 0.639988597 0.360011403
K:/cccrrccr: 0.000000000 0.399597658 0.600402342
K:/cccrrcfr: 0.000000000 0.034312969 0.965687031
K:/cccrrcrc: 0.000000000 0.667507164 0.332492836
K:/cccrrcrf: 0.000000000 0.747039708 0.252960292
K:/cccrrfcr: 0.000000000 0.610034138 0.389965862
K:/cccrrffr: 0.000000000 0.999999949 0.000000051
K:/cccrrfrc: 0.000000000 0.251825183 0.748174817
K:/cccrrfrf: 0.000000000 0.786995039 0.213004961
K:/cccrrrcc: 0.000000000 0.602252360 0.397747640
K:/cccrrrcf: 0.000000000 0.165828045 0.834171955
K:/cccrrrfc: 0.000000000 0.565877342 0.434122658
K:/cccrrrff: 0.000000000 0.534140333 0.465859667
K:/ccrc: 0.000000000 1.000000000 0.000000000
K:/ccrccrcc: 0.157197087 0.511590662 0.331212251
K:/ccrccrcf: 0.873024298 0.094489480 0.032486223
K:/ccrccrcr: 0.000000000 0.511773574 0.488226426
K:/ccrccrfc: 0.954922400 0.000000000 0.045077600
K:/ccrccrff: 0.469557744 0.120278029 0.410164227
K:/ccrccrfr: 0.000000000 0.426016964 0.573983036
K:/ccrccrrc: 0.000000000 0.253081190 0.746918810
K:/ccrccrrf: 0.000000000 0.000000000 1.000000000
K:/ccrcrccr: 0.000000000 0.548235178 0.451764822
K:/ccrcrcfr: 0.000000000 0.971103580 0.028896420
K:/ccrcrcrc: 0.000000000 0.672267092 0.327732908
K:/ccrcrcrf: 0.000000000 0.347729916 0.652270084
K:/ccrcrfcr: 0.000000000 0.861322428 0.138677572
K:/ccrcrffr: 0.000000000 0.856531432 0.143468568
K:/ccrcrfrc: 0.000000000 0.805539447 0.194460553
K:/ccrcrfrf: 0.000000000 0.491983379 0.508016621
K:/ccrcrrcc: 0.000000000 0.324782862 0.675217138
K:/ccrcrrcf: 0.000000000 0.790061206 0.209938794
K:/ccrcrrfc: 0.000000000 0.183189798 0.816810202
K:/ccrcrrff: 0.000000000 0.740953143 0.259046857
K:/ccrf: 0.896992902 0.103007098 0.000000000
K:/ccrfcrc: 0.565479036 0.434520964 0.000000000
K:/ccrfcrf: 0.589272415 0.410727585 0.000000000
K:/ccrfcrr: 0.000000000 0.835745269 0.164254731
K:/ccrfrcr: 0.000000000 0.539889073 0.460110927
K:/ccrfrfr: 0.000000000 0.449509459 0.550490541
K:/ccrfrrc: 0.000000000 1.000000000 0.000000000
K:/ccrfrrf: 0.000000000 1.000000000 0.000000000
K:/ccrr: 0.000000000 1.000000000 0.000000000
K:/ccrrccrc: 0.000000000 0.187355971 0.812644029
K:/ccrrccrf: 0.000000000 1.000000000 0.000000000
K:/ccrrcfrc: 0.000000000 0.521054744 0.478945256
K:/ccrrcfrf: 0.000000000 0.844754668 0.155245332
K:/ccrrcrcc: 0.000000000 0.511896625 0.488103375
K:/ccrrcrcf: 0.000000000 0.380870068 0.619129932
K:/ccrrcrfc: 0.000000000 0.059857358 0.940142642
K:/ccrrcrff: 0.000000000 0.728675686 0.271324314
K:/crcc: 0.655180816 0.344819184 0.000000000
K:/crccrccr: 0.000000000 0.464336027 0.535663973
K:/crccrcfr: 0.000000000 0.453010063 0.546989937
K:/crccrcrc: 0.000000000 0.895395665 0.104604335
K:/crccrcrf: 0.000000000 0.381526569 0.618473431
K:/crccrfcr: 0.000000000 0.099705448 0.900294552
K:/crccrffr: 0.000000000 0.641546794 0.358453206
K:/crccrfrc: 0.000000000 0.844384208 0.155615792
K:/crccrfrf: 0.000000000 0.453219417 0.546780583
K:/crccrrcc: 0.000000000 0.714908878 0.285091122
K:/crccrrcf: 0.000000000 0.310265263 0.689734737
K:/crccrrfc: 0.000000000 0.997707939 0.002292061
K:/crccrrff: 0.000000000 0.385838476 0.614161524
K:/crcf: 0.016627553 0.735841817 0.247530630
K:/crcfrcr: 0.000000000 0.460352669 0.539647331
K:/crcfrfr: 0.000000000 0.175719454 0.824280546
K:/crcfrrc: 0.000000000 0.854544898 0.145455102
K:/crcfrrf: 0.000000000 0.629551650 0.370448350
K:/crcr: 0.240940683 0.456134324 0.302924994
K:/crcrccrc: 0.000000000 0.415595792 0.584404208
K:/crcrccrf: 0.000000000 0.419907841 0.580092159
K:/crcrcfrc: 0.000000000 0.542195189 0.457804811
K:/crcrcfrf: 0.000000000 0.503597220 0.496402780
K:/crcrcrcc: 0.000000000 0.943975215 0.056024785
K:/crcrcrcf: 0.000000000 0.511290486 0.488709514
K:/crcrcrfc: 0.000000000 0.475345344 0.524654656
K:/crcrcrff: 0.000000000 0.224235740 0.775764260
K:/crfc: 1.000000000 0.000000000 0.000000000
K:/crfcrcr: 0.000000000 0.694972383 0.305027617
K:/crfcrfr: 0.000000000 1.000000000 0.000000000
K:/crfcrrc: 0.000000000 0.478244666 0.521755334
K:/crfcrrf: 0.000000000 0.357753172 0.642246828
K:/crff: 0.904986687 0.095013313 0.000000000
K:/crffrr: 0.000000000 1.000000000 0.000000000
K:/crfr: 0.000000000 1.000000000 0.000000000
K:/crfrcrc: 0.000000000 1.000000000 0.000000000
K:/crfrcrf: 0.000000000 1.000000000 0.000000000
K:/crrc: 0.850821893 0.062727003 0.086451104
K:/crrccrcc: 0.000000000 0.650840171 0.349159829
K:/crrccrcf: 0.000000000 0.148605337 0.851394663
K:/crrccrfc: 0.000000000 0.581476322 0.418523678
K:/crrccrff: 0.000000000 0.431212033 0.568787967
K:/crrf: 0.183535623 0.661520470 0.154943907
K:/crrfcrc: 0.000000000 0.556985411 0.443014589
K:/crrfcrf: 0.000000000 0.721525517 0.278474483
K:/crrr: 0.000000000 0.246373642 0.753626358
K:/rccr: 1.000000000 0.000000000 0.000000000
K:/rccrccrc: 0.000000000 0.384245726 0.615754274
K:/rccrccrf: 0.000000000 0.790364811 0.209635189
K:/rccrcfrc: 0.000000000 0.505975911 0.494024089
K:/rccrcfrf: 0.000000000 0.464251554 0.535748446
K:/rccrcrcc: 0.000000000 0.353377118 0.646622882
K:/rccrcrcf: 0.000000000 0.699054085 0.300945915
K:/rccrcrfc: 0.000000000 1.000000000 0.000000000
K:/rccrcrff: 0.000000000 1.000000000 0.000000000
K:/rcfr: 1.000000000 0.000000000 0.000000000
K:/rcfrcrc: 0.000000000 1.000000000 0.000000000
K:/rcfrcrf: 0.000000000 1.000000000 0.000000000
K:/rcrc: 1.000000000 0.000000000 0.000000000
K:/rcrccrcc: 0.000000000 1.000000000 0.000000000
K:/rcrccrcf: 0.000000000 0.637014828 0.362985172
K:/rcrccrfc: 0.000000000 1.000000000 0.000000000
K:/rcrccrff: 0.000000000 0.857640216 0.142359784
K:/rcrf: 0.948553102 0.051446898 0.000000000
K:/rcrfcrc: 0.000000000 0.411061891 0.588938109
K:/rcrfcrf: 0.000000000 1.000000000 0.000000000
K:/rcrr: 0.000000000 1.000000000 0.000000000
K:/rfcr: 0.753430487 0.246569513 0.000000000
K:/rfcrcrc: 0.000000000 0.765812410 0.234187590
K:/rfcrcrf: 0.000000000 0.570564075 0.429435925
K:/rffr: 1.000000000 0.000000000 0.000000000
K:/rfrc: 1.000000000 0.000000000 0.000000000
K:/rfrf: 0.373362846 0.220999669 0.405637484
K:/rfrr: 0.000000000 1.000000000 0.000000000
K:/rrcc: 1.000000000 0.000000000 0.000000000
K:/rrcf: 1.000000000 0.000000000 0.000000000
K:/rrcr: 0.000000000 1.000000000 0.000000000
K:/rrfc: 1.000000000 0.000000000 0.000000000
K:/rrff: 1.000000000 0.000000000 0.000000000
K:/rrfr: 0.000000000 1.000000000 0.000000000
K:/rrrc: 0.000000000 1.000000000 0.000000000
K:/rrrf: 0.000000000 1.000000000 0.000000000
Q:/: 0.000000000 1.000000000 0.000000000
Q:/cccr: 0.000000000 0.245654313 0.754345687
Q:/cccrccrc: 0.175136383 0.153804747 0.671058870
Q:/cccrccrccrcc: 0.000000000 0.396063722 0.603936278
Q:/cccrccrccrcf: 0.000000000 0.400522585 0.599477415
Q:/cccrccrccrfc: 0.000000000 0.867816866 0.132183134
Q:/cccrccrccrff: 0.000000000 0.474513377 0.525486623
Q:/cccrccrf: 0.187622793 0.524438448 0.287938759
Q:/cccrccrfcrc: 0.000000000 0.869417005 0.130582995
Q:/cccrccrfcrf: 0.000000000 0.873997227 0.126002773
Q:/cccrccrr: 0.000000000 0.731017476 0.268982524
Q:/cccrcfrc: 0.391428829 0.315034173 0.293536998
Q:/cccrcfrf: 0.563148652 0.159543041 0.277308306
Q:/cccrcfrr: 0.000000000 0.375295367 0.624704633
Q:/cccrcrcc: 0.544744181 0.030327318 0.424928500
Q:/cccrcrcf: 0.451083800 0.127561727 0.421354473
Q:/cccrcrcr: 0.000000000 0.147675748 0.852324252
Q:/cccrcrfc: 0.052635846 0.231876623 0.715487532
Q:/cccrcrff: 0.018344055 0.523930075 0.457725871
Q:/cccrcrfr: 0.000000000 0.439921209 0.560078791
Q:/cccrcrrc: 0.000000000 0.177156978 0.822843022
Q:/cccrcrrf: 0.000000000 0.182504786 0.817495214
Q:/cccrrccr: 0.000000000 0.926229771 0.073770229
Q:/cccrrcfr: 0.000000000 0.149101708 0.850898292
Q:/cccrrcrc: 0.000000000 0.340589193 0.659410807
Q:/cccrrcrf: 0.000000000 0.301962685 0.698037315
Q:/cccrrfcr: 0.000000000 0.452204912 0.547795088
Q:/cccrrffr: 0.000000000 0.838497867 0.161502133
Q:/cccrrfrc: 0.000000000 0.599252670 0.400747330
Q:/cccrrfrf: 0.000000000 0.504977288 0.495022712
Q:/cccrrrcc: 0.000000000 0.365382298 0.634617702
Q:/cccrrrcf: 0.000000000 0.397029829 0.602970171
Q:/cccrrrfc: 0.000000000 0.352799920 0.647200080
Q:/cccrrrff: 0.000000000 0.414772628 0.585227372
Q:/ccrc: 0.000000000 0.000000000 1.000000000
Q:/ccrccrcc: 0.750691805 0.107441052 0.141867143
Q:/ccrccrcf: 1.000000000 0.000000000 0.000000000
Q:/ccrccrcr: 0.000000000 0.379242909 0.620757091
Q:/ccrccrfc: 0.746232623 0.253767377 0.000000000
Q:/ccrccrff: 0.423615598 0.155151914 0.421232488
Q:/ccrccrfr: 0.000000000 0.610454629 0.389545371
Q:/ccrccrrc: 0.000000000 0.051101627 0.948898373
Q:/ccrccrrf: 0.000000000 0.000000000 1.000000000
Q:/ccrcrccr: 0.000000000 0.448670315 0.551329685
Q:/ccrcrcfr: 0.000000000 0.457075002 0.542924998
Q:/ccrcrcrc: 0.000000000 0.593542533 0.406457467
Q:/ccrcrcrf: 0.000000000 0.387302074 0.612697926
Q:/ccrcrfcr: 0.000000000 0.707650013 0.292349987
Q:/ccrcrffr: 0.000000000 0.671551141 0.328448859
Q:/ccrcrfrc: 0.000000000 0.250131081 0.749868919
Q:/ccrcrfrf: 0.000000000 0.976918163 0.023081837
Q:/ccrcrrcc: 0.000000000 0.073885823 0.926114177
Q:/ccrcrrcf: 0.000000000 0.171627529 0.828372471
Q:/ccrcrrfc: 0.000000000 0.613248461 0.386751539
Q:/ccrcrrff: 0.000000000 0.933005634 0.066994366
Q:/ccrf: 0.057950013 0.942049987 0.000000000
Q:/ccrfcrc: 0.537086829 0.246812203 0.216100968
Q:/ccrfcrf: 0.851173061 0.148826939 0.000000000
Q:/ccrfcrr: 0.000000000 0.620048230 0.379951770
Q:/ccrfrcr: 0.000000000 0.385709879 0.614290121
Q:/ccrfrfr: 0.000000000 0.485510259 0.514489741
Q:/ccrfrrc: 0.000000000 0.642900330 0.357099670
Q:/ccrfrrf: 0.000000000 1.000000000 0.000000000
Q:/ccrr: 0.000000000 0.000000000 1.000000000
Q:/ccrrccrc: 0.000000000 0.088369375 0.911630625
Q:/ccrrccrf: 0.000000000 1.000000000 0.000000000
Q:/ccrrcfrc: 0.000000000 0.278730456 0.721269544
Q:/ccrrcfrf: 0.000000000 0.436579100 0.563420900
Q:/ccrrcrcc: 0.000000000 0.231510496 0.768489504
Q:/ccrrcrcf: 0.000000000 0.822804449 0.177195551
Q:/ccrrcrfc: 0.000000000 0.000000000 1.000000000
Q:/ccrrcrff: 0.000000000 0.622647089 0.377352911
Q:/crcc: 1.000000000 0.000000000 0.000000000
Q:/crccrccr: 0.000000000 0.893807905 0.106192095
Q:/crccrcfr: 0.000000000 0.815398452 0.184601548
Q:/crccrcrc: 0.000000000 0.881431397 0.118568603
Q:/crccrcrf: 0.000000000 0.404207963 0.595792037
Q:/crccrfcr: 0.000000000 0.338110317 0.661889683
Q:/crccrffr: 0.000000000 0.490674521 0.509325479
Q:/crccrfrc: 0.000000000 0.188276399 0.811723601
Q:/crccrfrf: 0.000000000 0.482629630 0.517370370
Q:/crccrrcc: 0.000000000 0.372854482 0.627145518
Q:/crccrrcf: 0.000000000 0.581052769 0.418947231
Q:/crccrrfc: 0.000000000 0.341704546 0.658295454
Q:/crccrrff: 0.000000000 0.792305202 0.207694798
Q:/crcf: 0.000111308 0.555977105 0.443911587
Q:/crcfrcr: 0.000000000 0.573461625 0.426538375
Q:/crcfrfr: 0.000000000 0.350594288 0.649405712
Q:/crcfrrc: 0.000000000 0.470728083 0.529271917
Q:/crcfrrf: 0.000000000 0.980924495 0.019075505
Q:/crcr: 0.190302885 0.557724289 0.251972826
Q:/crcrccrc: 0.000000000 0.752433242 0.247566758
Q:/crcrccrf: 0.000000000 0.218434351 0.781565649
Q:/crcrcfrc: 0.000000000 0.162555918 0.837444082
Q:/crcrcfrf: 0.000000000 0.554845813 0.445154187
Q:/crcrcrcc: 0.000000000 0.830723650 0.169276350
Q:/crcrcrcf: 0.000000000 0.706260389 0.293739611
Q:/crcrcrfc: 0.000000000 0.688827561 0.311172439
Q:/crcrcrff: 0.000000000 0.867323515 0.132676485
Q:/crfc: 0.744316387 0.000000000 0.255683613
Q:/crfcrcr: 0.000000000 0.899050775 0.100949225
Q:/crfcrfr: 0.000000000 0.496983450 0.503016550
Q:/crfcrrc: 0.000000000 0.455043902 0.544956098
Q:/crfcrrf: 0.000000000 0.137816739 0.862183261
Q:/crff: 0.000000000 1.000000000 0.000000000
Q:/crffrr: 0.000000000 0.499920255 0.500079745
Q:/crfr: 1.000000000 0.000000000 0.000000000
Q:/crfrcrc: 0.000000000 0.000000000 1.000000000
Q:/crfrcrf: 0.000000000 1.000000000 0.000000000
Q:/crrc: 0.936761623 0.063238377 0.000000000
Q:/crrccrcc: 0.000000000 0.664383621 0.335616379
Q:/crrccrcf: 0.000000000 0.042199911 0.957800089
Q:/crrccrfc: 0.000000000 0.436107072 0.563892928
Q:/crrccrff: 0.000000000 0.539089218 0.460910782
Q:/crrf: 0.540547395 0.293627481 0.165825124
Q:/crrfcrc: 0.000000000 0.770229814 0.229770186
Q:/crrfcrf: 0.000000000 0.251151341 0.748848659
Q:/crrr: 0.000000000 0.289610427 0.710389573
Q:/rccr: 1.000000000 0.000000000 0.000000000
Q:/rccrccrc: 0.000000000 0.706593916 0.293406084
Q:/rccrccrf: 0.000000000 0.527644124 0.472355876
Q:/rccrcfrc: 0.000000000 0.582357588 0.417642412
Q:/rccrcfrf: 0.000000000 0.405774740 0.594225260
Q:/rccrcrcc: 0.000000000 0.316774167 0.683225833
Q:/rccrcrcf: 0.000000000 0.870439011 0.129560989
Q:/rccrcrfc: 0.000000000 0.344903854 0.655096146
Q:/rccrcrff: 0.000000000 1.000000000 0.000000000
Q:/rcfr: 1.000000000 0.000000000 0.000000000
Q:/rcfrcrc: 0.000000000 0.795457038 0.204542962
Q:/rcfrcrf: 0.000000000 1.000000000 0.000000000
Q:/rcrc: 1.000000000 0.000000000 0.000000000
Q:/rcrccrcc: 0.000000000 0.154875444 0.845124556
Q:/rcrccrcf: 0.000000000 0.420113755 0.579886245
Q:/rcrccrfc: 0.000000000 0.891012542 0.108987458
Q:/rcrccrff: 0.000000000 0.307872401 0.692127599
Q:/rcrf: 0.761018087 0.000000000 0.238981913
Q:/rcrfcrc: 0.000000000 0.559817415 0.440182585
Q:/rcrfcrf: 0.000000000 0.991209530 0.008790470
Q:/rcrr: 0.000000000 0.746906937 0.253093063
Q:/rfcr: 0.579668760 0.420331240 0.000000000
Q:/rfcrcrc: 0.000000000 0.208909328 0.791090672
Q:/rfcrcrf: 0.000000000 0.647539825 0.352460175
Q:/rffr: 1.000000000 0.000000000 0.000000000
Q:/rfrc: 1.000000000 0.000000000 0.000000000
Q:/rfrf: 0.647991155 0.131737631 0.220271214
Q:/rfrr: 0.000000000 1.000000000 0.000000000
Q:/rrcc: 1.000000000 0.000000000 0.000000000
Q:/rrcf: 1.000000000 0.000000000 0.000000000
Q:/rrcr: 0.000000000 1.000000000 0.000000000
Q:/rrfc: 1.000000000 0.000000000 0.000000000
Q:/rrff: 1.000000000 0.000000000 0.000000000
Q:/rrfr: 0.000000000 1.000000000 0.000000000
Q:/rrrc: 0.000000000 0.000000000 1.000000000
Q:/rrrf: 0.000000000 0.015420844 0.984579156
T:/: 0.000000000 1.000000000 0.000000000
T:/cccr: 0.000000000 0.153426212 0.846573788
T:/cccrccrc: 0.468868321 0.240368424 0.290763254
T:/cccrccrccrcc: 0.000000000 0.797573679 0.202426321
T:/cccrccrccrcf: 0.000000000 0.443119810 0.556880190
T:/cccrccrccrfc: 0.000000000 0.229665616 0.770334384
T:/cccrccrccrff: 0.000000000 0.530327126 0.469672874
T:/cccrccrf: 0.412158897 0.353415616 0.234425486
T:/cccrccrfcrc: 0.000000000 0.335384682 0.664615318
T:/cccrccrfcrf: 0.000000000 0.237401150 0.762598850
T:/cccrccrr: 0.000000000 0.663468682 0.336531318
T:/cccrcfrc: 0.091043767 0.213235511 0.695720722
T:/cccrcfrf: 0.229602993 0.091370263 0.679026744
T:/cccrcfrr: 0.000000000 0.474362604 0.525637396
T:/cccrcrcc: 0.311833165 0.145473328 0.542693507
T:/cccrcrcf: 0.467294377 0.432470859 0.100234764
T:/cccrcrcr: 0.000000000 0.192466150 0.807533850
T:/cccrcrfc: 0.307310604 0.416163232 0.276526164
T:/cccrcrff: 0.423310570 0.140277581 0.436411850
T:/cccrcrfr: 0.000000000 0.586291684 0.413708316
T:/cccrcrrc: 0.000000000 0.461114548 0.538885452
T:/cccrcrrf: 0.000000000 0.081335148 0.918664852
T:/cccrrccr: 0.000000000 0.910137610 0.089862390
T:/cccrrcfr: 0.000000000 0.642347897 0.357652103
T:/cccrrcrc: 0.000000000 0.361202827 0.638797173
T:/cccrrcrf: 0.000000000 0.436243695 0.563756305
T:/cccrrfcr: 0.000000000 0.590401550 0.409598450
T:/cccrrffr: 0.000000000 0.303467516 0.696532484
T:/cccrrfrc: 0.000000000 0.828319479 0.171680521
T:/cccrrfrf: 0.000000000 0.426712968 0.573287032
T:/cccrrrcc: 0.000000000 0.870718495 0.129281505
T:/cccrrrcf: 0.000000000 0.347774686 0.652225314
T:/cccrrrfc: 0.000000000 0.284292480 0.715707520
T:/cccrrrff: 0.000000000 0.049551653 0.950448347
T:/ccrc: 0.000000000 0.000000000 1.000000000
T:/ccrccrcc: 0.354163892 0.168559021 0.477277087
T:/ccrccrcf: 1.000000000 0.000000000 0.000000000
T:/ccrccrcr: 0.000000000 0.543834221 0.456165779
T:/ccrccrfc: 0.304138756 0.452990045 0.242871199
T:/ccrccrff: 0.038722039 0.436020288 0.525257673
T:/ccrccrfr: 0.000000000 0.128058118 0.871941882
T:/ccrccrrc: 0.000000000 0.386142435 0.613857565
T:/ccrccrrf: 0.000000000 0.000000000 1.000000000
T:/ccrcrccr: 0.000000000 0.000000000 1.000000000
T:/ccrcrcfr: 0.000000000 0.362955126 0.637044874
T:/ccrcrcrc: 0.000000000 0.637448704 0.362551296
T:/ccrcrcrf: 0.000000000 0.184475909 0.815524091
T:/ccrcrfcr: 0.000000000 0.000000000 1.000000000
T:/ccrcrffr: 0.000000000 0.690666788 0.309333212
T:/ccrcrfrc: 0.000000000 0.567166071 0.432833929
T:/ccrcrfrf: 0.000000000 0.510382086 0.489617914
T:/ccrcrrcc: 0.000000000 0.000000000 1.000000000
T:/ccrcrrcf: 0.000000000 0.000000000 1.000000000
T:/ccrcrrfc: 0.000000000 0.369263017 0.630736983
T:/ccrcrrff: 0.000000000 0.225709583 0.774290417
T:/ccrf: 0.000000000 0.000000000 1.000000000
T:/ccrfcrc: 0.635862013 0.137160736 0.226977251
T:/ccrfcrf: 0.966035612 0.014059474 0.019904914
T:/ccrfcrr: 0.000000000 0.759029406 0.240970594
T:/ccrfrcr: 0.000000000 0.367526191 0.632473809
T:/ccrfrfr: 0.000000000 0.694822096 0.305177904
T:/ccrfrrc: 0.000000000 0.857410712 0.142589288
T:/ccrfrrf: 0.000000000 0.358808360 0.641191640
T:/ccrr: 0.000000000 0.000000000 1.000000000
T:/ccrrccrc: 0.000000000 0.000000000 1.000000000
T:/ccrrccrf: 0.000000000 0.000000000 1.000000000
T:/ccrrcfrc: 0.000000000 0.331921550 0.668078450
T:/ccrrcfrf: 0.000000000 0.235438157 0.764561843
T:/ccrrcrcc: 0.000000000 0.324714923 0.675285077
T:/ccrrcrcf: 0.000000000 0.479438087 0.520561913
T:/ccrrcrfc: 0.000000000 0.229296720 0.770703280
T:/ccrrcrff: 0.000000000 0.168427084 0.831572916
T:/crcc: 1.000000000 0.000000000 0.000000000
T:/crccrccr: 0.000000000 0.526739938 0.473260062
T:/crccrcfr: 0.000000000 0.563377949 0.436622051
T:/crccrcrc: 0.000000000 0.590168848 0.409831152
T:/crccrcrf: 0.000000000 0.120997937 0.879002063
T:/crccrfcr: 0.000000000 0.022134650 0.977865350
T:/crccrffr: 0.000000000 0.615483178 0.384516822
T:/crccrfrc: 0.000000000 0.569697506 0.430302494
T:/crccrfrf: 0.000000000 0.787752475 0.212247525
T:/crccrrcc: 0.000000000 0.471975088 0.528024912
T:/crccrrcf: 0.000000000 0.777184091 0.222815909
T:/crccrrfc: 0.000000000 0.406329163 0.593670837
T:/crccrrff: 0.000000000 0.597936228 0.402063772
T:/crcf: 0.001259353 0.570294485 0.428446162
T:/crcfrcr: 0.000000000 0.293063891 0.706936109
T:/crcfrfr: 0.000000000 0.680259190 0.319740810
T:/crcfrrc: 0.000000000 0.313904013 0.686095987
T:/crcfrrf: 0.000000000 0.344755052 0.655244948
T:/crcr: 0.000000000 0.732223667 0.267776333
T:/crcrccrc: 0.000000000 0.602967138 0.397032862
T:/crcrccrf: 0.000000000 0.524395367 0.475604633
T:/crcrcfrc: 0.000000000 0.360232370 0.639767630
T:/crcrcfrf: 0.000000000 0.791831076 0.208168924
T:/crcrcrcc: 0.000000000 0.447015594 0.552984406
T:/crcrcrcf: 0.000000000 0.793445261 0.206554739
T:/crcrcrfc: 0.000000000 0.931519767 0.068480233
T:/crcrcrff: 0.000000000 0.504122284 0.495877716
T:/crfc: 0.092374085 0.000000000 0.907625915
T:/crfcrcr: 0.000000000 0.147937758 0.852062242
T:/crfcrfr: 0.000000000 0.148625455 0.851374545
T:/crfcrrc: 0.000000000 0.393339680 0.606660320
T:/crfcrrf: 0.000000000 0.691115808 0.308884192
T:/crff: 1.000000000 0.000000000 0.000000000
T:/crffrr: 0.000000000 0.147969728 0.852030272
T:/crfr: 0.000000000 0.000000000 1.000000000
T:/crfrcrc: 0.000000000 0.000000000 1.000000000
T:/crfrcrf: 0.000000000 0.102184024 0.897815976
T:/crrc: 0.679670637 0.031548825 0.288780538
T:/crrccrcc: 0.000000000 0.048273191 0.951726809
T:/crrccrcf: 0.000000000 0.705772927 0.294227073
T:/crrccrfc: 0.000000000 0.466985862 0.533014138
T:/crrccrff: 0.000000000 0.474914030 0.525085970
T:/crrf: 0.408034574 0.000000000 0.591965426
T:/crrfcrc: 0.000000000 0.490523799 0.509476201
T:/crrfcrf: 0.000000000 0.439478470 0.560521530
T:/crrr: 0.000000000 0.422057977 0.577942023
T:/rccr: 0.396459902 0.000000000 0.603540098
T:/rccrccrc: 0.000000000 0.678555867 0.321444133
T:/rccrccrf: 0.000000000 0.207633905 0.792366095
T:/rccrcfrc: 0.000000000 0.513472170 0.486527830
T:/rccrcfrf: 0.000000000 0.401747885 0.598252115
T:/rccrcrcc: 0.000000000 0.462055902 0.537944098
T:/rccrcrcf: 0.000000000 0.376891171 0.623108829
T:/rccrcrfc: 0.000000000 0.595742006 0.404257994
T:/rccrcrff: 0.000000000 0.108200098 0.891799902
T:/rcfr: 0.492998819 0.000000000 0.507001181
T:/rcfrcrc: 0.000000000 0.127741754 0.872258246
T:/rcfrcrf: 0.000000000 0.116381109 0.883618891
T:/rcrc: 0.474742267 0.000000000 0.525257733
T:/rcrccrcc: 0.000000000 0.849082916 0.150917084
T:/rcrccrcf: 0.000000000 0.633010075 0.366989925
T:/rcrccrfc: 0.000000000 0.312946105 0.687053895
T:/rcrccrff: 0.000000000 0.801291048 0.198708952
T:/rcrf: 0.000000000 0.492549846 0.507450154
T:/rcrfcrc: 0.000000000 0.469366799 0.530633201
T:/rcrfcrf: 0.000000000 0.000000000 1.000000000
T:/rcrr: 0.000000000 0.000000000 1.000000000
T:/rfcr: 0.948984476 0.000000000 0.051015524
T:/rfcrcrc: 0.000000000 0.084091615 0.915908385
T:/rfcrcrf: 0.000000000 0.704981343 0.295018657
T:/rffr: 1.000000000 0.000000000 0.000000000
T:/rfrc: 0.000000000 0.375254328 0.624745672
T:/rfrf: 0.454426856 0.172248044 0.373325100
T:/rfrr: 0.000000000 1.000000000 0.000000000
T:/rrcc: 0.000000000 0.619716993 0.380283007
T:/rrcf: 0.592033375 0.000000000 0.407966625
T:/rrcr: 0.000000000 0.000000000 1.000000000
T:/rrfc: 1.000000000 0.000000000 0.000000000
T:/rrff: 1.000000000 0.000000000 0.000000000
T:/rrfr: 0.000000000 0.000000000 1.000000000
T:/rrrc: 0.000000000 0.000000000 1.000000000
T:/rrrf: 0.000000000 0.000000000 1.000000000
