A:/cc: 1.000000000 0.000000000 0.000000000
A:/cccrcc: 0.358794780 0.641205220 0.000000000
A:/cccrccrccr: 0.000000000 0.156337188 0.843662812
A:/cccrccrcfr: 0.000000000 0.374044266 0.625955734
A:/cccrccrcrc: 0.000000000 0.447847151 0.552152849
A:/cccrccrcrf: 0.000000000 0.565943819 0.434056181
A:/cccrccrfcr: 0.000000000 0.521905672 0.478094328
A:/cccrccrffr: 0.000000000 0.705967195 0.294032805
A:/cccrccrfrc: 0.000000000 0.772905075 0.227094925
A:/cccrccrfrf: 0.000000000 0.677501164 0.322498836
A:/cccrccrrcc: 0.000000000 0.879810251 0.120189749
A:/cccrccrrcf: 0.000000000 0.959456991 0.040543009
A:/cccrccrrfc: 0.000000000 0.569705843 0.430294157
A:/cccrccrrff: 0.000000000 0.712503765 0.287496235
A:/cccrcf: 0.559555341 0.440444659 0.000000000
A:/cccrcfrcr: 0.000000000 0.969203582 0.030796418
A:/cccrcfrfr: 0.000000000 0.720133512 0.279866488
A:/cccrcfrrc: 0.000000000 1.000000000 0.000000000
A:/cccrcfrrf: 0.000000000 1.000000000 0.000000000
A:/cccrcr: 1.000000000 0.000000000 0.000000000
A:/cccrcrccrc: 0.000000000 0.198380587 0.801619413
A:/cccrcrccrf: 0.000000000 0.604228664 0.395771336
A:/cccrcrcfrc: 0.000000000 0.850010494 0.149989506
A:/cccrcrcfrf: 0.000000000 0.508687067 0.491312933
A:/cccrcrcrcc: 0.000000000 0.417959723 0.582040277
A:/cccrcrcrcf: 0.000000000 0.811491037 0.188508963
A:/cccrcrcrfc: 0.000000000 0.852019187 0.147980813
A:/cccrcrcrff: 0.000000000 0.446126614 0.553873386
A:/cccrfc: 1.000000000 0.000000000 0.000000000
A:/cccrfcrcr: 0.000000000 1.000000000 0.000000000
A:/cccrfcrfr: 0.000000000 1.000000000 0.000000000
A:/cccrfcrrc: 0.000000000 1.000000000 0.000000000
A:/cccrfcrrf: 0.000000000 1.000000000 0.000000000
A:/cccrff: 1.000000000 0.000000000 0.000000000
A:/cccrffrr: 0.000000000 1.000000000 0.000000000
A:/cccrfr: 0.913955931 0.086044069 0.000000000
A:/cccrfrcrc: 0.000000000 1.000000000 0.000000000
A:/cccrfrcrf: 0.000000000 1.000000000 0.000000000
A:/cccrrc: 0.527846475 0.472153525 0.000000000
A:/cccrrccrcc: 0.000000000 0.592932185 0.407067815
A:/cccrrccrcf: 0.000000000 0.389095809 0.610904191
A:/cccrrccrfc: 0.000000000 1.000000000 0.000000000
A:/cccrrccrff: 0.000000000 0.587965683 0.412034317
A:/cccrrf: 0.433884448 0.321359712 0.244755840
A:/cccrrfcrc: 0.000000000 0.875094106 0.124905894
A:/cccrrfcrf: 0.000000000 1.000000000 0.000000000
A:/cccrrr: 0.000000000 0.696699167 0.303300833
A:/ccrccr: 0.406261338 0.484326631 0.109412031
A:/ccrccrccrc: 0.000000000 0.537614163 0.462385837
A:/ccrccrccrf: 0.000000000 0.200463168 0.799536832
A:/ccrccrcfrc: 0.000000000 0.374802165 0.625197835
A:/ccrccrcfrf: 0.000000000 0.233423958 0.766576042
A:/ccrccrcrcc: 0.000000000 0.657885603 0.342114397
A:/ccrccrcrcf: 0.000000000 0.552107415 0.447892585
A:/ccrccrcrfc: 0.000000000 0.617001718 0.382998282
A:/ccrccrcrff: 0.000000000 0.550402461 0.449597539
A:/ccrcfr: 0.381433901 0.618566099 0.000000000
A:/ccrcfrcrc: 0.000000000 0.949185776 0.050814224
A:/ccrcfrcrf: 0.000000000 0.761630401 0.238369599
A:/ccrcrc: 0.353477595 0.321341748 0.325180657
A:/ccrcrccrcc: 0.000000000 0.361665131 0.638334869
A:/ccrcrccrcf: 0.000000000 0.608990925 0.391009075
A:/ccrcrccrfc: 0.000000000 0.800742857 0.199257143
A:/ccrcrccrff: 0.000000000 0.546356048 0.453643952
A:/ccrcrf: 0.255930987 0.164264226 0.579804788
A:/ccrcrfcrc: 0.000000000 0.268222486 0.731777514
A:/ccrcrfcrf: 0.000000000 0.101552741 0.898447259
A:/ccrcrr: 0.000000000 0.779201299 0.220798701
A:/ccrfcr: 0.620727000 0.218965747 0.160307252
A:/ccrfcrcrc: 0.000000000 0.978591110 0.021408890
A:/ccrfcrcrf: 0.000000000 0.617562344 0.382437656
A:/ccrffr: 0.251818260 0.506953797 0.241227943
A:/ccrfrc: 0.436711016 0.001171275 0.562117709
A:/ccrfrf: 0.457220700 0.322056344 0.220722956
A:/ccrfrr: 0.000000000 0.151999865 0.848000135
A:/ccrrcc: 1.000000000 0.000000000 0.000000000
A:/ccrrcf: 0.376961242 0.095691243 0.527347515
A:/ccrrcr: 0.000000000 1.000000000 0.000000000
A:/ccrrfc: 1.000000000 0.000000000 0.000000000
A:/ccrrff: 0.369085451 0.049958418 0.580956131
A:/ccrrfr: 0.000000000 1.000000000 0.000000000
A:/ccrrrc: 0.000000000 0.301459789 0.698540211
A:/ccrrrf: 0.000000000 1.000000000 0.000000000
A:/cr: 1.000000000 0.000000000 0.000000000
A:/crccrc: 1.000000000 0.000000000 0.000000000
A:/crccrccrcc: 0.000000000 1.000000000 0.000000000
A:/crccrccrcf: 0.000000000 1.000000000 0.000000000
A:/crccrccrfc: 0.000000000 1.000000000 0.000000000
A:/crccrccrff: 0.000000000 1.000000000 0.000000000
A:/crccrf: 1.000000000 0.000000000 0.000000000
A:/crccrfcrc: 0.000000000 0.807052011 0.192947989
A:/crccrfcrf: 0.000000000 1.000000000 0.000000000
A:/crccrr: 0.000000000 1.000000000 0.000000000
A:/crcfrc: 0.133551194 0.316595982 0.549852825
A:/crcfrf: 0.209395015 0.505107937 0.285497047
A:/crcfrr: 0.000000000 0.067881603 0.932118397
A:/crcrcc: 0.826484124 0.173515876 0.000000000
A:/crcrcf: 0.847860807 0.152139193 0.000000000
A:/crcrcr: 0.000000000 1.000000000 0.000000000
A:/crcrfc: 0.694326786 0.305673214 0.000000000
A:/crcrff: 1.000000000 0.000000000 0.000000000
A:/crcrfr: 0.000000000 1.000000000 0.000000000
A:/crcrrc: 0.000000000 1.000000000 0.000000000
A:/crcrrf: 0.000000000 1.000000000 0.000000000
A:/crrccr: 0.000000000 1.000000000 0.000000000
A:/crrcfr: 0.000000000 1.000000000 0.000000000
A:/crrcrc: 0.000000000 1.000000000 0.000000000
A:/crrcrf: 0.000000000 1.000000000 0.000000000
A:/crrfcr: 0.000000000 0.822663848 0.177336152
A:/crrffr: 0.000000000 0.796047349 0.203952651
A:/crrfrc: 0.000000000 0.991150751 0.008849249
A:/crrfrf: 0.000000000 0.364526536 0.635473464
A:/crrrcc: 0.000000000 1.000000000 0.000000000
A:/crrrcf: 0.000000000 1.000000000 0.000000000
A:/crrrfc: 0.000000000 1.000000000 0.000000000
A:/crrrff: 0.000000000 1.000000000 0.000000000
A:/rc: 0.059161197 0.570782945 0.370055858
A:/rccrcc: 0.871258075 0.098101670 0.030640255
A:/rccrcf: 0.264025169 0.247688809 0.488286021
A:/rccrcr: 0.000000000 0.633336616 0.366663384
A:/rccrfc: 0.442160739 0.352212764 0.205626497
A:/rccrff: 0.242445400 0.508651459 0.248903140
A:/rccrfr: 0.000000000 0.740356366 0.259643634
A:/rccrrc: 0.000000000 0.548975316 0.451024684
A:/rccrrf: 0.000000000 0.511409403 0.488590597
A:/rcrccr: 0.000000000 0.071705694 0.928294306
A:/rcrcfr: 0.000000000 0.584448245 0.415551755
A:/rcrcrc: 0.000000000 0.459573632 0.540426368
A:/rcrcrf: 0.000000000 0.870700083 0.129299917
A:/rcrfcr: 0.000000000 0.624942413 0.375057587
A:/rcrffr: 0.000000000 0.469540691 0.530459309
A:/rcrfrc: 0.000000000 0.134502298 0.865497702
A:/rcrfrf: 0.000000000 0.055975818 0.944024182
A:/rcrrcc: 0.000000000 0.332145484 0.667854516
A:/rcrrcf: 0.000000000 0.735962787 0.264037213
A:/rcrrfc: 0.000000000 0.684438648 0.315561352
A:/rcrrff: 0.000000000 0.186808062 0.813191938
A:/rf: 0.404312590 0.304142809 0.291544601
A:/rfcrc: 0.518552612 0.226513383 0.254934005
A:/rfcrf: 0.532491129 0.229298707 0.238210164
A:/rfcrr: 0.000000000 0.296244424 0.703755576
A:/rfrcr: 0.000000000 0.307750646 0.692249354
A:/rfrfr: 0.000000000 0.527455576 0.472544424
A:/rfrrc: 0.000000000 0.938786307 0.061213693
A:/rfrrf: 0.000000000 0.270199338 0.729800662
A:/rr: 0.315011121 0.469530660 0.215458220
A:/rrccrc: 0.000000000 0.222106503 0.777893497
A:/rrccrf: 0.000000000 0.487574633 0.512425367
A:/rrcfrc: 0.000000000 0.461518354 0.538481646
A:/rrcfrf: 0.000000000 0.142912144 0.857087856
A:/rrcrcc: 0.000000000 0.469360784 0.530639216
A:/rrcrcf: 0.000000000 0.383768158 0.616231842
A:/rrcrfc: 0.000000000 0.654251406 0.345748594
A:/rrcrff: 0.000000000 0.058758800 0.941241200
J:/cc: 1.000000000 0.000000000 0.000000000
J:/cccrcc: 0.000004598 0.065847098 0.934148304
J:/cccrccrccr: 0.000000000 0.712158257 0.287841743
J:/cccrccrcfr: 0.000000000 0.401375918 0.598624082
J:/cccrccrcrc: 0.000000000 0.943718806 0.056281194
J:/cccrccrcrf: 0.000000000 0.655472661 0.344527339
J:/cccrccrfcr: 0.000000000 0.530885614 0.469114386
J:/cccrccrffr: 0.000000000 0.508031937 0.491968063
J:/cccrccrfrc: 0.000000000 0.369146775 0.630853225
J:/cccrccrfrf: 0.000000000 0.755046605 0.244953395
J:/cccrccrrcc: 0.000000000 0.000000000 1.000000000
J:/cccrccrrcf: 0.000000000 0.224543984 0.775456016
J:/cccrccrrfc: 0.000000000 0.750475003 0.249524997
J:/cccrccrrff: 0.000000000 0.659288338 0.340711662
J:/cccrcf: 0.000009011 0.457076603 0.542914386
J:/cccrcfrcr: 0.000000000 0.140070833 0.859929167
J:/cccrcfrfr: 0.000000000 0.642162249 0.357837751
J:/cccrcfrrc: 0.000000000 0.128862508 0.871137492
J:/cccrcfrrf: 0.000000000 0.847638202 0.152361798
J:/cccrcr: 0.639655104 0.057442247 0.302902649
J:/cccrcrccrc: 0.000000000 0.749246890 0.250753110
J:/cccrcrccrf: 0.000000000 0.198258897 0.801741103
J:/cccrcrcfrc: 0.000000000 0.522038495 0.477961505
J:/cccrcrcfrf: 0.000000000 0.844314860 0.155685140
J:/cccrcrcrcc: 0.000000000 0.127041573 0.872958427
J:/cccrcrcrcf: 0.000000000 0.739833426 0.260166574
J:/cccrcrcrfc: 0.000000000 0.500589631 0.499410369
J:/cccrcrcrff: 0.000000000 0.442720725 0.557279275
J:/cccrfc: 0.000000000 0.000000000 1.000000000
J:/cccrfcrcr: 0.000000000 0.515341216 0.484658784
J:/cccrfcrfr: 0.000000000 0.866744413 0.133255587
J:/cccrfcrrc: 0.000000000 0.000000000 1.000000000
J:/cccrfcrrf: 0.000000000 0.721001181 0.278998819
J:/cccrff: 1.000000000 0.000000000 0.000000000
J:/cccrffrr: 0.000000000 0.928667580 0.071332420
J:/cccrfr: 0.527306532 0.000000000 0.472693468
J:/cccrfrcrc: 0.000000000 0.584286564 0.415713436
J:/cccrfrcrf: 0.000000000 1.000000000 0.000000000
J:/cccrrc: 0.313117723 0.447455754 0.239426523
J:/cccrrccrcc: 0.000000000 0.473756787 0.526243213
J:/cccrrccrcf: 0.000000000 0.529210325 0.470789675
J:/cccrrccrfc: 0.000000000 0.199557615 0.800442385
J:/cccrrccrff: 0.000000000 0.549074030 0.450925970
J:/cccrrf: 0.002929383 0.078920163 0.918150454
J:/cccrrfcrc: 0.000000000 0.479724127 0.520275873
J:/cccrrfcrf: 0.000000000 0.488927559 0.511072441
J:/cccrrr: 0.000000000 0.454008211 0.545991789
J:/ccrccr: 0.975313814 0.000000000 0.024686186
J:/ccrccrccrc: 0.000000000 0.398567224 0.601432776
J:/ccrccrccrf: 0.000000000 0.981643309 0.018356691
J:/ccrccrcfrc: 0.000000000 0.652922463 0.347077537
J:/ccrccrcfrf: 0.000000000 0.037659214 0.962340786
J:/ccrccrcrcc: 0.000000000 0.454036202 0.545963798
J:/ccrccrcrcf: 0.000000000 0.935337702 0.064662298
J:/ccrccrcrfc: 0.000000000 0.595173666 0.404826334
J:/ccrccrcrff: 0.000000000 0.436551583 0.563448417
J:/ccrcfr: 0.917460016 0.000000000 0.082539984
J:/ccrcfrcrc: 0.000000000 0.443451206 0.556548794
J:/ccrcfrcrf: 0.000000000 0.775639802 0.224360198
J:/ccrcrc: 0.314899337 0.292827552 0.392273111
J:/ccrcrccrcc: 0.000000000 0.647536404 0.352463596
J:/ccrcrccrcf: 0.000000000 0.606386738 0.393613262
J:/ccrcrccrfc: 0.000000000 0.306980965 0.693019035
J:/ccrcrccrff: 0.000000000 0.047804064 0.952195936
J:/ccrcrf: 0.366358951 0.110952886 0.522688162
J:/ccrcrfcrc: 0.000000000 0.468014601 0.531985399
J:/ccrcrfcrf: 0.000000000 0.934004427 0.065995573
J:/ccrcrr: 0.000000000 0.832232059 0.167767941
J:/ccrfcr: 0.443133249 0.326971357 0.229895394
J:/ccrfcrcrc: 0.000000000 0.679992068 0.320007932
J:/ccrfcrcrf: 0.000000000 0.532535260 0.467464740
J:/ccrffr: 0.833873744 0.000000000 0.166126256
J:/ccrfrc: 0.484358551 0.223667209 0.291974240
J:/ccrfrf: 0.237646230 0.224736242 0.537617529
J:/ccrfrr: 0.000000000 0.342864018 0.657135982
J:/ccrrcc: 1.000000000 0.000000000 0.000000000
J:/ccrrcf: 0.000000000 0.512938195 0.487061805
J:/ccrrcr: 0.000000000 0.000000000 1.000000000
J:/ccrrfc: 0.119149445 0.000000000 0.880850555
J:/ccrrff: 1.000000000 0.000000000 0.000000000
J:/ccrrfr: 0.000000000 0.118997156 0.881002844
J:/ccrrrc: 0.000000000 0.721807771 0.278192229
J:/ccrrrf: 0.000000000 0.508245186 0.491754814
J:/cr: 0.000000000 0.000000000 1.000000000
J:/crccrc: 0.608732538 0.094217579 0.297049883
J:/crccrccrcc: 0.000000000 0.823471761 0.176528239
J:/crccrccrcf: 0.000000000 0.326966559 0.673033441
J:/crccrccrfc: 0.000000000 0.385931100 0.614068900
J:/crccrccrff: 0.000000000 0.487491932 0.512508068
J:/crccrf: 0.129815710 0.501827670 0.368356620
J:/crccrfcrc: 0.000000000 0.342238143 0.657761857
J:/crccrfcrf: 0.000000000 0.368531493 0.631468507
J:/crccrr: 0.000000000 0.000000000 1.000000000
J:/crcfrc: 0.410162515 0.115105944 0.474731541
J:/crcfrf: 0.343857854 0.403086559 0.253055586
J:/crcfrr: 0.000000000 0.820624011 0.179375989
J:/crcrcc: 0.000000000 0.725935326 0.274064674
J:/crcrcf: 1.000000000 0.000000000 0.000000000
J:/crcrcr: 0.000000000 0.000000000 1.000000000
J:/crcrfc: 0.668626849 0.000000000 0.331373151
J:/crcrff: 1.000000000 0.000000000 0.000000000
J:/crcrfr: 0.000000000 0.938594851 0.061405149
J:/crcrrc: 0.000000000 0.434114833 0.565885167
J:/crcrrf: 0.000000000 0.165122415 0.834877585
J:/crrccr: 0.000000000 1.000000000 0.000000000
J:/crrcfr: 0.000000000 0.671963979 0.328036021
J:/crrcrc: 0.000000000 0.000000000 1.000000000
J:/crrcrf: 0.000000000 0.078624236 0.921375764
J:/crrfcr: 0.000000000 0.348548969 0.651451031
J:/crrffr: 0.000000000 0.046283518 0.953716482
J:/crrfrc: 0.000000000 0.181126018 0.818873982
J:/crrfrf: 0.000000000 0.839689153 0.160310847
J:/crrrcc: 0.000000000 0.409308236 0.590691764
J:/crrrcf: 0.000000000 0.669366372 0.330633628
J:/crrrfc: 0.000000000 0.000000000 1.000000000
J:/crrrff: 0.000000000 1.000000000 0.000000000
J:/rc: 0.555705219 0.082868513 0.361426268
J:/rccrcc: 0.135700330 0.430440891 0.433858779
J:/rccrcf: 0.231846055 0.423086602 0.345067343
J:/rccrcr: 0.000000000 0.305589731 0.694410269
J:/rccrfc: 0.485000990 0.452263416 0.062735594
J:/rccrff: 0.069303566 0.710795698 0.219900736
J:/rccrfr: 0.000000000 0.639402796 0.360597204
J:/rccrrc: 0.000000000 0.668864623 0.331135377
J:/rccrrf: 0.000000000 0.654714825 0.345285175
J:/rcrccr: 0.000000000 0.736774584 0.263225416
J:/rcrcfr: 0.000000000 0.233342633 0.766657367
J:/rcrcrc: 0.000000000 0.622517185 0.377482815
J:/rcrcrf: 0.000000000 0.601640898 0.398359102
J:/rcrfcr: 0.000000000 0.450241829 0.549758171
J:/rcrffr: 0.000000000 0.644757971 0.355242029
J:/rcrfrc: 0.000000000 0.632116335 0.367883665
J:/rcrfrf: 0.000000000 0.508089710 0.491910290
J:/rcrrcc: 0.000000000 0.575807623 0.424192377
J:/rcrrcf: 0.000000000 0.706456649 0.293543351
J:/rcrrfc: 0.000000000 0.721751872 0.278248128
J:/rcrrff: 0.000000000 0.220702966 0.779297034
J:/rf: 0.308340156 0.038514273 0.653145572
J:/rfcrc: 0.476518996 0.439489709 0.083991295
J:/rfcrf: 0.397492368 0.522438322 0.080069310
J:/rfcrr: 0.000000000 0.723371851 0.276628149
J:/rfrcr: 0.000000000 0.588801985 0.411198015
J:/rfrfr: 0.000000000 0.623686402 0.376313598
J:/rfrrc: 0.000000000 0.483354215 0.516645785
J:/rfrrf: 0.000000000 0.491036882 0.508963118
J:/rr: 0.595044648 0.122866498 0.282088854
J:/rrccrc: 0.000000000 0.576400914 0.423599086
J:/rrccrf: 0.000000000 0.484289910 0.515710090
J:/rrcfrc: 0.000000000 0.022758121 0.977241879
J:/rrcfrf: 0.000000000 0.391814739 0.608185261
J:/rrcrcc: 0.000000000 0.553917253 0.446082747
J:/rrcrcf: 0.000000000 0.511392376 0.488607624
J:/rrcrfc: 0.000000000 0.585814256 0.414185744
J:/rrcrff: 0.000000000 0.933663431 0.066336569
K:/cc: 1.000000000 0.000000000 0.000000000
K:/cccrcc: 0.645119668 0.000000000 0.354880332
K:/cccrccrccr: 0.000000000 0.517134876 0.482865124
K:/cccrccrcfr: 0.000000000 0.609680736 0.390319264
K:/cccrccrcrc: 0.000000000 0.226525182 0.773474818
K:/cccrccrcrf: 0.000000000 0.533824669 0.466175331
K:/cccrccrfcr: 0.000000000 0.943131671 0.056868329
K:/cccrccrffr: 0.000000000 0.314207095 0.685792905
K:/cccrccrfrc: 0.000000000 0.860356499 0.139643501
K:/cccrccrfrf: 0.000000000 0.245851979 0.754148021
K:/cccrccrrcc: 0.000000000 0.337699791 0.662300209
K:/cccrccrrcf: 0.000000000 0.694484123 0.305515877
K:/cccrccrrfc: 0.000000000 0.727797546 0.272202454
K:/cccrccrrff: 0.000000000 0.941982607 0.058017393
K:/cccrcf: 1.000000000 0.000000000 0.000000000
K:/cccrcfrcr: 0.000000000 0.196702683 0.803297317
K:/cccrcfrfr: 0.000000000 0.843336471 0.156663529
K:/cccrcfrrc: 0.000000000 0.703512437 0.296487563
K:/cccrcfrrf: 0.000000000 1.000000000 0.000000000
K:/cccrcr: 0.816476263 0.183523737 0.000000000
K:/cccrcrccrc: 0.000000000 0.655027151 0.344972849
K:/cccrcrccrf: 0.000000000 0.633296264 0.366703736
K:/cccrcrcfrc: 0.000000000 0.179827366 0.820172634
K:/cccrcrcfrf: 0.000000000 0.621085516 0.378914484
K:/cccrcrcrcc: 0.000000000 0.607943937 0.392056063
K:/cccrcrcrcf: 0.000000000 0.726165231 0.273834769
K:/cccrcrcrfc: 0.000000000 0.512858613 0.487141387
K:/cccrcrcrff: 0.000000000 0.920685474 0.079314526
K:/cccrfc: 1.000000000 0.000000000 0.000000000
K:/cccrfcrcr: 0.000000000 0.999991972 0.000008028
K:/cccrfcrfr: 0.000000000 0.868503530 0.131496470
K:/cccrfcrrc: 0.000000000 0.999987959 0.000012041
K:/cccrfcrrf: 0.000000000 1.000000000 0.000000000
K:/cccrff: 1.000000000 0.000000000 0.000000000
K:/cccrffrr: 0.000000000 1.000000000 0.000000000
K:/cccrfr: 1.000000000 0.000000000 0.000000000
K:/cccrfrcrc: 0.000000000 0.930635330 0.069364670
K:/cccrfrcrf: 0.000000000 1.000000000 0.000000000
K:/cccrrc: 0.504911012 0.347256998 0.147831989
K:/cccrrccrcc: 0.000000000 0.660942838 0.339057162
K:/cccrrccrcf: 0.000000000 0.887522337 0.112477663
K:/cccrrccrfc: 0.000000000 0.990785538 0.009214462
K:/cccrrccrff: 0.000000000 0.282053227 0.717946773
K:/cccrrf: 0.523828148 0.476171852 0.000000000
K:/cccrrfcrc: 0.000000000 0.162719042 0.837280958
K:/cccrrfcrf: 0.000000000 0.595941075 0.404058925
K:/cccrrr: 0.000000000 0.627624649 0.372375351
K:/ccrccr: 0.500426109 0.499573891 0.000000000
K:/ccrccrccrc: 0.000000000 0.823426782 0.176573218
K:/ccrccrccrf: 0.000000000 0.566402260 0.433597740
K:/ccrccrcfrc: 0.000000000 0.614384077 0.385615923
K:/ccrccrcfrf: 0.000000000 0.795101344 0.204898656
K:/ccrccrcrcc: 0.000000000 0.536509162 0.463490838
K:/ccrccrcrcf: 0.000000000 0.435267473 0.564732527
K:/ccrccrcrfc: 0.000000000 0.142501389 0.857498611
K:/ccrccrcrff: 0.000000000 0.671068590 0.328931410
K:/ccrcfr: 0.068385022 0.931614978 0.000000000
K:/ccrcfrcrc: 0.000000000 0.121584619 0.878415381
K:/ccrcfrcrf: 0.000000000 1.000000000 0.000000000
K:/ccrcrc: 0.200243207 0.341165164 0.458591629
K:/ccrcrccrcc: 0.000000000 0.390854114 0.609145886
K:/ccrcrccrcf: 0.000000000 0.524416941 0.475583059
K:/ccrcrccrfc: 0.000000000 0.723113947 0.276886053
K:/ccrcrccrff: 0.000000000 0.899583422 0.100416578
K:/ccrcrf: 0.236845821 0.422470511 0.340683668
K:/ccrcrfcrc: 0.000000000 0.046350800 0.953649200
K:/ccrcrfcrf: 0.000000000 0.969744731 0.030255269
K:/ccrcrr: 0.000000000 0.538943441 0.461056559
K:/ccrfcr: 0.692224487 0.223541802 0.084233712
K:/ccrfcrcrc: 0.000000000 0.431560524 0.568439476
K:/ccrfcrcrf: 0.000000000 0.351215898 0.648784102
K:/ccrffr: 0.453903889 0.546096111 0.000000000
K:/ccrfrc: 0.493438209 0.311781379 0.194780413
K:/ccrfrf: 0.324341841 0.358474099 0.317184060
K:/ccrfrr: 0.000000000 0.632040286 0.367959714
K:/ccrrcc: 1.000000000 0.000000000 0.000000000
K:/ccrrcf: 0.553274015 0.446725985 0.000000000
K:/ccrrcr: 0.000000000 0.954743233 0.045256767
K:/ccrrfc: 1.000000000 0.000000000 0.000000000
K:/ccrrff: 1.000000000 0.000000000 0.000000000
K:/ccrrfr: 0.000000000 1.000000000 0.000000000
K:/ccrrrc: 0.000000000 0.695989062 0.304010938
K:/ccrrrf: 0.000000000 0.487812800 0.512187200
K:/cr: 0.000000000 1.000000000 0.000000000
K:/crccrc: 1.000000000 0.000000000 0.000000000
K:/crccrccrcc: 0.000000000 1.000000000 0.000000000
K:/crccrccrcf: 0.000000000 0.743704609 0.256295391
K:/crccrccrfc: 0.000000000 0.957307043 0.042692957
K:/crccrccrff: 0.000000000 1.000000000 0.000000000
K:/crccrf: 0.537936929 0.462063071 0.000000000
K:/crccrfcrc: 0.000000000 0.438783653 0.561216347
K:/crccrfcrf: 0.000000000 1.000000000 0.000000000
K:/crccrr: 0.000000000 1.000000000 0.000000000
K:/crcfrc: 0.277899393 0.314798545 0.407302062
K:/crcfrf: 0.223003752 0.496696508 0.280299740
K:/crcfrr: 0.000000000 0.951952132 0.048047868
K:/crcrcc: 0.857663153 0.142336847 0.000000000
K:/crcrcf: 1.000000000 0.000000000 0.000000000
K:/crcrcr: 0.000000000 1.000000000 0.000000000
K:/crcrfc: 0.747729887 0.252270113 0.000000000
K:/crcrff: 1.000000000 0.000000000 0.000000000
K:/crcrfr: 0.000000000 0.970567501 0.029432499
K:/crcrrc: 0.000000000 0.784035007 0.215964993
K:/crcrrf: 0.000000000 0.845237620 0.154762380
K:/crrccr: 0.000000000 1.000000000 0.000000000
K:/crrcfr: 0.000000000 1.000000000 0.000000000
K:/crrcrc: 0.000000000 1.000000000 0.000000000
K:/crrcrf: 0.000000000 1.000000000 0.000000000
K:/crrfcr: 0.000000000 0.937950241 0.062049759
K:/crrffr: 0.000000000 0.633046069 0.366953931
K:/crrfrc: 0.000000000 0.742820501 0.257179499
K:/crrfrf: 0.000000000 0.618765900 0.381234100
K:/crrrcc: 0.000000000 1.000000000 0.000000000
K:/crrrcf: 0.000000000 1.000000000 0.000000000
K:/crrrfc: 0.000000000 1.000000000 0.000000000
K:/crrrff: 0.000000000 1.000000000 0.000000000
K:/rc: 0.296827512 0.407063082 0.296109406
K:/rccrcc: 0.424318693 0.065438412 0.510242895
K:/rccrcf: 0.053863970 0.635259647 0.310876383
K:/rccrcr: 0.000000000 0.831881335 0.168118665
K:/rccrfc: 0.060744737 0.589327564 0.349927699
K:/rccrff: 0.169168071 0.411329285 0.419502644
K:/rccrfr: 0.000000000 0.371754366 0.628245634
K:/rccrrc: 0.000000000 0.855900732 0.144099268
K:/rccrrf: 0.000000000 0.860154919 0.139845081
K:/rcrccr: 0.000000000 0.405277695 0.594722305
K:/rcrcfr: 0.000000000 0.823483756 0.176516244
K:/rcrcrc: 0.000000000 0.472099713 0.527900287
K:/rcrcrf: 0.000000000 0.409210108 0.590789892
K:/rcrfcr: 0.000000000 0.606129186 0.393870814
K:/rcrffr: 0.000000000 0.841629289 0.158370711
K:/rcrfrc: 0.000000000 0.509402724 0.490597276
K:/rcrfrf: 0.000000000 0.550774217 0.449225783
K:/rcrrcc: 0.000000000 0.120076646 0.879923354
K:/rcrrcf: 0.000000000 0.010482870 0.989517130
K:/rcrrfc: 0.000000000 0.566079769 0.433920231
K:/rcrrff: 0.000000000 0.379561523 0.620438477
K:/rf: 0.521539863 0.093459469 0.385000668
K:/rfcrc: 0.330613648 0.228921160 0.440465192
K:/rfcrf: 0.143414190 0.668025654 0.188560156
K:/rfcrr: 0.000000000 0.474917599 0.525082401
K:/rfrcr: 0.000000000 0.106454192 0.893545808
K:/rfrfr: 0.000000000 0.312816292 0.687183708
K:/rfrrc: 0.000000000 0.724004175 0.275995825
K:/rfrrf: 0.000000000 0.578237929 0.421762071
K:/rr: 0.377980811 0.270625799 0.351393390
K:/rrccrc: 0.000000000 0.988096186 0.011903814
K:/rrccrf: 0.000000000 0.045108582 0.954891418
K:/rrcfrc: 0.000000000 0.920709873 0.079290127
K:/rrcfrf: 0.000000000 0.548478686 0.451521314
K:/rrcrcc: 0.000000000 0.592774934 0.407225066
K:/rrcrcf: 0.000000000 0.343107690 0.656892310
K:/rrcrfc: 0.000000000 0.435387865 0.564612135
K:/rrcrff: 0.000000000 0.646549995 0.353450005
Q:/cc: 1.000000000 0.000000000 0.000000000
Q:/cccrcc: 0.000009985 0.657343675 0.342646340
Q:/cccrccrccr: 0.000000000 0.972880071 0.027119929
Q:/cccrccrcfr: 0.000000000 0.825231591 0.174768409
Q:/cccrccrcrc: 0.000000000 0.058936674 0.941063326
Q:/cccrccrcrf: 0.000000000 0.543021181 0.456978819
Q:/cccrccrfcr: 0.000000000 0.366426043 0.633573957
Q:/cccrccrffr: 0.000000000 0.581703752 0.418296248
Q:/cccrccrfrc: 0.000000000 0.494569148 0.505430852
Q:/cccrccrfrf: 0.000000000 0.896471192 0.103528808
Q:/cccrccrrcc: 0.000000000 0.864490343 0.135509657
Q:/cccrccrrcf: 0.000000000 0.420326632 0.579673368
Q:/cccrccrrfc: 0.000000000 0.507834943 0.492165057
Q:/cccrccrrff: 0.000000000 0.609037264 0.390962736
Q:/cccrcf: 0.076066230 0.615671831 0.308261939
Q:/cccrcfrcr: 0.000000000 0.629408475 0.370591525
Q:/cccrcfrfr: 0.000000000 0.512936034 0.487063966
Q:/cccrcfrrc: 0.000000000 0.257848036 0.742151964
Q:/cccrcfrrf: 0.000000000 0.972440371 0.027559629
Q:/cccrcr: 0.658607964 0.341391736 0.000000300
Q:/cccrcrccrc: 0.000000000 0.359012688 0.640987312
Q:/cccrcrccrf: 0.000000000 0.739584118 0.260415882
Q:/cccrcrcfrc: 0.000000000 0.711935194 0.288064806
Q:/cccrcrcfrf: 0.000000000 0.689815764 0.310184236
Q:/cccrcrcrcc: 0.000000000 0.644107664 0.355892336
Q:/cccrcrcrcf: 0.000000000 0.590734170 0.409265830
Q:/cccrcrcrfc: 0.000000000 0.763175453 0.236824547
Q:/cccrcrcrff: 0.000000000 0.508408305 0.491591695
Q:/cccrfc: 0.371517226 0.000000000 0.628482774
Q:/cccrfcrcr: 0.000000000 0.492305555 0.507694445
Q:/cccrfcrfr: 0.000000000 0.815881754 0.184118246
Q:/cccrfcrrc: 0.000000000 0.270978983 0.729021017
Q:/cccrfcrrf: 0.000000000 0.982696733 0.017303267
Q:/cccrff: 1.000000000 0.000000000 0.000000000
Q:/cccrffrr: 0.000000000 1.000000000 0.000000000
Q:/cccrfr: 1.000000000 0.000000000 0.000000000
Q:/cccrfrcrc: 0.000000000 0.000000000 1.000000000
Q:/cccrfrcrf: 0.000000000 1.000000000 0.000000000
Q:/cccrrc: 0.756372105 0.217649738 0.025978157
Q:/cccrrccrcc: 0.000000000 0.892609293 0.107390707
Q:/cccrrccrcf: 0.000000000 0.422263656 0.577736344
Q:/cccrrccrfc: 0.000000000 0.466133954 0.533866046
Q:/cccrrccrff: 0.000000000 0.603988447 0.396011553
Q:/cccrrf: 0.259523800 0.295420760 0.445055440
Q:/cccrrfcrc: 0.000000000 0.120492050 0.879507950
Q:/cccrrfcrf: 0.000000000 0.545279860 0.454720140
Q:/cccrrr: 0.000000000 0.974724176 0.025275824
Q:/ccrccr: 0.883368589 0.000000000 0.116631411
Q:/ccrccrccrc: 0.000000000 0.383024780 0.616975220
Q:/ccrccrccrf: 0.000000000 0.431408538 0.568591462
Q:/ccrccrcfrc: 0.000000000 0.000000000 1.000000000
Q:/ccrccrcfrf: 0.000000000 0.360738714 0.639261286
Q:/ccrccrcrcc: 0.000000000 0.590561894 0.409438106
Q:/ccrccrcrcf: 0.000000000 0.353363246 0.646636754
Q:/ccrccrcrfc: 0.000000000 0.729643283 0.270356717
Q:/ccrccrcrff: 0.000000000 1.000000000 0.000000000
Q:/ccrcfr: 0.993602124 0.006397876 0.000000000
Q:/ccrcfrcrc: 0.000000000 0.239207109 0.760792891
Q:/ccrcfrcrf: 0.000000000 1.000000000 0.000000000
Q:/ccrcrc: 0.374433216 0.429521178 0.196045606
Q:/ccrcrccrcc: 0.000000000 0.572499398 0.427500602
Q:/ccrcrccrcf: 0.000000000 0.628868275 0.371131725
Q:/ccrcrccrfc: 0.000000000 0.207841196 0.792158804
Q:/ccrcrccrff: 0.000000000 0.401041426 0.598958574
Q:/ccrcrf: 0.152346627 0.421202176 0.426451197
Q:/ccrcrfcrc: 0.000000000 0.483676830 0.516323170
Q:/ccrcrfcrf: 0.000000000 0.522606341 0.477393659
Q:/ccrcrr: 0.000000000 0.776656550 0.223343450
Q:/ccrfcr: 0.254325715 0.367830941 0.377843344
Q:/ccrfcrcrc: 0.000000000 0.869532220 0.130467780
Q:/ccrfcrcrf: 0.000000000 0.940351222 0.059648778
Q:/ccrffr: 0.908419107 0.091580893 0.000000000
Q:/ccrfrc: 0.505558082 0.391125936 0.103315982
Q:/ccrfrf: 0.440645797 0.314970582 0.244383620
Q:/ccrfrr: 0.000000000 0.995946153 0.004053847
Q:/ccrrcc: 1.000000000 0.000000000 0.000000000
Q:/ccrrcf: 0.793639096 0.206360904 0.000000000
Q:/ccrrcr: 0.000000000 0.383549962 0.616450038
Q:/ccrrfc: 1.000000000 0.000000000 0.000000000
Q:/ccrrff: 1.000000000 0.000000000 0.000000000
Q:/ccrrfr: 0.000000000 1.000000000 0.000000000
Q:/ccrrrc: 0.000000000 0.007342760 0.992657240
Q:/ccrrrf: 0.000000000 0.429743781 0.570256219
Q:/cr: 0.000000000 0.000000000 1.000000000
Q:/crccrc: 1.000000000 0.000000000 0.000000000
Q:/crccrccrcc: 0.000000000 0.439717766 0.560282234
Q:/crccrccrcf: 0.000000000 0.607244956 0.392755044
Q:/crccrccrfc: 0.000000000 0.843943238 0.156056762
Q:/crccrccrff: 0.000000000 0.742790827 0.257209173
Q:/crccrf: 0.703214996 0.296785004 0.000000000
Q:/crccrfcrc: 0.000000000 0.530972205 0.469027795
Q:/crccrfcrf: 0.000000000 0.652301283 0.347698717
Q:/crccrr: 0.000000000 0.388654569 0.611345431
Q:/crcfrc: 0.154411446 0.252658616 0.592929938
Q:/crcfrf: 0.241032158 0.385441725 0.373526117
Q:/crcfrr: 0.000000000 0.699572469 0.300427531
Q:/crcrcc: 0.787131854 0.000000000 0.212868146
Q:/crcrcf: 1.000000000 0.000000000 0.000000000
Q:/crcrcr: 0.000000000 1.000000000 0.000000000
Q:/crcrfc: 0.732679701 0.079504785 0.187815514
Q:/crcrff: 1.000000000 0.000000000 0.000000000
Q:/crcrfr: 0.000000000 0.755724597 0.244275403
Q:/crcrrc: 0.000000000 0.237021294 0.762978706
Q:/crcrrf: 0.000000000 0.458429027 0.541570973
Q:/crrccr: 0.000000000 1.000000000 0.000000000
Q:/crrcfr: 0.000000000 1.000000000 0.000000000
Q:/crrcrc: 0.000000000 1.000000000 0.000000000
Q:/crrcrf: 0.000000000 0.835036775 0.164963225
Q:/crrfcr: 0.000000000 0.656485622 0.343514378
Q:/crrffr: 0.000000000 0.820494326 0.179505674
Q:/crrfrc: 0.000000000 0.524584197 0.475415803
Q:/crrfrf: 0.000000000 0.252824059 0.747175941
Q:/crrrcc: 0.000000000 0.164138838 0.835861162
Q:/crrrcf: 0.000000000 0.686120818 0.313879182
Q:/crrrfc: 0.000000000 1.000000000 0.000000000
Q:/crrrff: 0.000000000 1.000000000 0.000000000
Q:/rc: 0.530693570 0.090513087 0.378793344
Q:/rccrcc: 0.404686897 0.306603660 0.288709443
Q:/rccrcf: 0.050588496 0.652839036 0.296572468
Q:/rccrcr: 0.000000000 0.828498512 0.171501488
Q:/rccrfc: 0.048099970 0.263747608 0.688152423
Q:/rccrff: 0.292010607 0.160754443 0.547234950
Q:/rccrfr: 0.000000000 0.709891651 0.290108349
Q:/rccrrc: 0.000000000 0.887321149 0.112678851
Q:/rccrrf: 0.000000000 0.050328289 0.949671711
Q:/rcrccr: 0.000000000 0.510750723 0.489249277
Q:/rcrcfr: 0.000000000 0.305046240 0.694953760
Q:/rcrcrc: 0.000000000 0.541070411 0.458929589
Q:/rcrcrf: 0.000000000 0.562448357 0.437551643
Q:/rcrfcr: 0.000000000 0.560959225 0.439040775
Q:/rcrffr: 0.000000000 0.291865573 0.708134427
Q:/rcrfrc: 0.000000000 0.170002882 0.829997118
Q:/rcrfrf: 0.000000000 0.382613014 0.617386986
Q:/rcrrcc: 0.000000000 0.541451058 0.458548942
Q:/rcrrcf: 0.000000000 0.534569756 0.465430244
Q:/rcrrfc: 0.000000000 0.535580335 0.464419665
Q:/rcrrff: 0.000000000 0.265595132 0.734404868
Q:/rf: 0.000004897 0.500318836 0.499676267
Q:/rfcrc: 0.289790350 0.373442978 0.336766672
Q:/rfcrf: 0.074292472 0.542217938 0.383489590
Q:/rfcrr: 0.000000000 0.469603299 0.530396701
Q:/rfrcr: 0.000000000 0.547082361 0.452917639
Q:/rfrfr: 0.000000000 0.464016986 0.535983014
Q:/rfrrc: 0.000000000 0.655947664 0.344052336
Q:/rfrrf: 0.000000000 0.508742777 0.491257223
Q:/rr: 0.195597196 0.161153936 0.643248868
Q:/rrccrc: 0.000000000 0.240644176 0.759355824
Q:/rrccrf: 0.000000000 0.241405642 0.758594358
Q:/rrcfrc: 0.000000000 0.871099421 0.128900579
Q:/rrcfrf: 0.000000000 0.707298490 0.292701510
Q:/rrcrcc: 0.000000000 0.786188132 0.213811868
Q:/rrcrcf: 0.000000000 0.609099579 0.390900421
Q:/rrcrfc: 0.000000000 0.584724991 0.415275009
Q:/rrcrff: 0.000000000 0.421067270 0.578932730
T:/cc: 1.000000000 0.000000000 0.000000000
T:/cccrcc: 0.000004108 0.067999768 0.931996124
T:/cccrccrccr: 0.000000000 0.257244660 0.742755340
T:/cccrccrcfr: 0.000000000 0.099879551 0.900120449
T:/cccrccrcrc: 0.000000000 0.816669854 0.183330146
T:/cccrccrcrf: 0.000000000 0.210849511 0.789150489
T:/cccrccrfcr: 0.000000000 0.667829693 0.332170307
T:/cccrccrffr: 0.000000000 0.439043099 0.560956901
T:/cccrccrfrc: 0.000000000 0.958881360 0.041118640
T:/cccrccrfrf: 0.000000000 0.251458543 0.748541457
T:/cccrccrrcc: 0.000000000 0.124039350 0.875960650
T:/cccrccrrcf: 0.000000000 0.583689475 0.416310525
T:/cccrccrrfc: 0.000000000 0.472297941 0.527702059
T:/cccrccrrff: 0.000000000 0.419799592 0.580200408
T:/cccrcf: 0.000000000 0.321940544 0.678059456
T:/cccrcfrcr: 0.000000000 0.759567676 0.240432324
T:/cccrcfrfr: 0.000000000 0.287487703 0.712512297
T:/cccrcfrrc: 0.000000000 0.000000000 1.000000000
T:/cccrcfrrf: 0.000000000 0.475396767 0.524603233
T:/cccrcr: 0.193386213 0.278453610 0.528160176
T:/cccrcrccrc: 0.000000000 0.229420834 0.770579166
T:/cccrcrccrf: 0.000000000 0.418812742 0.581187258
T:/cccrcrcfrc: 0.000000000 0.542578376 0.457421624
T:/cccrcrcfrf: 0.000000000 0.606502516 0.393497484
T:/cccrcrcrcc: 0.000000000 0.227103116 0.772896884
T:/cccrcrcrcf: 0.000000000 0.508828050 0.491171950
T:/cccrcrcrfc: 0.000000000 0.294908292 0.705091708
T:/cccrcrcrff: 0.000000000 0.450052529 0.549947471
T:/cccrfc: 0.000000000 0.000000000 1.000000000
T:/cccrfcrcr: 0.000000000 0.573620630 0.426379370
T:/cccrfcrfr: 0.000000000 0.018469720 0.981530280
T:/cccrfcrrc: 0.000000000 0.468679478 0.531320522
T:/cccrfcrrf: 0.000000000 0.000000000 1.000000000
T:/cccrff: 0.157916866 0.000000000 0.842083134
T:/cccrffrr: 0.000000000 0.568107902 0.431892098
T:/cccrfr: 0.000000000 0.000000000 1.000000000
T:/cccrfrcrc: 0.000000000 0.143912443 0.856087557
T:/cccrfrcrf: 0.000000000 0.279281096 0.720718904
T:/cccrrc: 0.158188358 0.444865817 0.396945826
T:/cccrrccrcc: 0.000000000 0.704898697 0.295101303
T:/cccrrccrcf: 0.000000000 0.668667999 0.331332001
T:/cccrrccrfc: 0.000000000 0.377393995 0.622606005
T:/cccrrccrff: 0.000000000 0.194024517 0.805975483
T:/cccrrf: 0.000000000 0.114055448 0.885944552
T:/cccrrfcrc: 0.000000000 0.220191716 0.779808284
T:/cccrrfcrf: 0.000000000 0.448525513 0.551474487
T:/cccrrr: 0.000000000 0.000000000 1.000000000
T:/ccrccr: 0.712181244 0.000000000 0.287818756
T:/ccrccrccrc: 0.000000000 0.022030427 0.977969573
T:/ccrccrccrf: 0.000000000 0.573098774 0.426901226
T:/ccrccrcfrc: 0.000000000 0.297191787 0.702808213
T:/ccrccrcfrf: 0.000000000 0.375246399 0.624753601
T:/ccrccrcrcc: 0.000000000 0.512833641 0.487166359
T:/ccrccrcrcf: 0.000000000 0.457093577 0.542906423
T:/ccrccrcrfc: 0.000000000 0.073139488 0.926860512
T:/ccrccrcrff: 0.000000000 0.477459493 0.522540507
T:/ccrcfr: 1.000000000 0.000000000 0.000000000
T:/ccrcfrcrc: 0.000000000 0.071751353 0.928248647
T:/ccrcfrcrf: 0.000000000 0.641915237 0.358084763
T:/ccrcrc: 0.319108075 0.122879212 0.558012713
T:/ccrcrccrcc: 0.000000000 0.460094694 0.539905306
T:/ccrcrccrcf: 0.000000000 0.367982344 0.632017656
T:/ccrcrccrfc: 0.000000000 0.912710662 0.087289338
T:/ccrcrccrff: 0.000000000 0.452554421 0.547445579
T:/ccrcrf: 0.143603404 0.282495232 0.573901365
T:/ccrcrfcrc: 0.000000000 0.592794028 0.407205972
T:/ccrcrfcrf: 0.000000000 0.529825230 0.470174770
T:/ccrcrr: 0.000000000 0.639838425 0.360161575
T:/ccrfcr: 0.463370294 0.022111729 0.514517976
T:/ccrfcrcrc: 0.000000000 0.345433068 0.654566932
T:/ccrfcrcrf: 0.000000000 0.770079596 0.229920404
T:/ccrffr: 0.645273227 0.336747225 0.017979548
T:/ccrfrc: 0.000000000 0.273631446 0.726368554
T:/ccrfrf: 0.235057990 0.386734115 0.378207895
T:/ccrfrr: 0.000000000 0.363839963 0.636160037
T:/ccrrcc: 1.000000000 0.000000000 0.000000000
T:/ccrrcf: 0.000000000 0.706392633 0.293607367
T:/ccrrcr: 0.000000000 0.000000000 1.000000000
T:/ccrrfc: 0.000000000 0.000000000 1.000000000
T:/ccrrff: 1.000000000 0.000000000 0.000000000
T:/ccrrfr: 0.000000000 0.000000000 1.000000000
T:/ccrrrc: 0.000000000 0.275699715 0.724300285
T:/ccrrrf: 0.000000000 0.800096747 0.199903253
T:/cr: 0.000000000 0.000000000 1.000000000
T:/crccrc: 0.000000000 0.392897913 0.607102087
T:/crccrccrcc: 0.000000000 0.896876830 0.103123170
T:/crccrccrcf: 0.000000000 0.352855815 0.647144185
T:/crccrccrfc: 0.000000000 0.820445408 0.179554592
T:/crccrccrff: 0.000000000 0.729718930 0.270281070
T:/crccrf: 0.178407391 0.096108262 0.725484347
T:/crccrfcrc: 0.000000000 0.738761895 0.261238105
T:/crccrfcrf: 0.000000000 0.452686719 0.547313281
T:/crccrr: 0.000000000 0.046798647 0.953201353
T:/crcfrc: 0.000000000 0.313479887 0.686520113
T:/crcfrf: 0.402263205 0.299201702 0.298535093
T:/crcfrr: 0.000000000 0.763702519 0.236297481
T:/crcrcc: 0.000000000 0.353231248 0.646768752
T:/crcrcf: 0.836767365 0.000000000 0.163232635
T:/crcrcr: 0.000000000 0.000000000 1.000000000
T:/crcrfc: 0.533105517 0.310273086 0.156621397
T:/crcrff: 1.000000000 0.000000000 0.000000000
T:/crcrfr: 0.000000000 0.172202479 0.827797521
T:/crcrrc: 0.000000000 0.235608914 0.764391086
T:/crcrrf: 0.000000000 0.549936542 0.450063458
T:/crrccr: 0.000000000 0.967879933 0.032120067
T:/crrcfr: 0.000000000 0.021244384 0.978755616
T:/crrcrc: 0.000000000 0.000000000 1.000000000
T:/crrcrf: 0.000000000 0.496471868 0.503528132
T:/crrfcr: 0.000000000 0.000000000 1.000000000
T:/crrffr: 0.000000000 0.273455060 0.726544940
T:/crrfrc: 0.000000000 0.536858606 0.463141394
T:/crrfrf: 0.000000000 0.752725240 0.247274760
T:/crrrcc: 0.000000000 0.024635579 0.975364421
T:/crrrcf: 0.000000000 0.240387560 0.759612440
T:/crrrfc: 0.000000000 0.030817202 0.969182798
T:/crrrff: 0.000000000 0.117345687 0.882654313
T:/rc: 0.000000000 0.726475259 0.273524741
T:/rccrcc: 0.654537055 0.334211254 0.011251691
T:/rccrcf: 0.283072837 0.260010347 0.456916817
T:/rccrcr: 0.000000000 0.296930468 0.703069532
T:/rccrfc: 0.006484472 0.621659269 0.371856259
T:/rccrff: 0.483876880 0.376193857 0.139929263
T:/rccrfr: 0.000000000 0.385329619 0.614670381
T:/rccrrc: 0.000000000 0.748413136 0.251586864
T:/rccrrf: 0.000000000 0.391525278 0.608474722
T:/rcrccr: 0.000000000 0.815323668 0.184676332
T:/rcrcfr: 0.000000000 0.604968967 0.395031033
T:/rcrcrc: 0.000000000 0.560880697 0.439119303
T:/rcrcrf: 0.000000000 0.492998726 0.507001274
T:/rcrfcr: 0.000000000 0.478901010 0.521098990
T:/rcrffr: 0.000000000 0.438117462 0.561882538
T:/rcrfrc: 0.000000000 0.674946082 0.325053918
T:/rcrfrf: 0.000000000 0.822206256 0.177793744
T:/rcrrcc: 0.000000000 0.212944765 0.787055235
T:/rcrrcf: 0.000000000 0.435630551 0.564369449
T:/rcrrfc: 0.000000000 0.357826817 0.642173183
T:/rcrrff: 0.000000000 0.885317326 0.114682674
T:/rf: 0.408502247 0.049043219 0.542454534
T:/rfcrc: 0.308388272 0.231094003 0.460517724
T:/rfcrf: 0.514300504 0.243331813 0.242367684
T:/rfcrr: 0.000000000 0.190642272 0.809357728
T:/rfrcr: 0.000000000 0.640101007 0.359898993
T:/rfrfr: 0.000000000 0.549377867 0.450622133
T:/rfrrc: 0.000000000 0.477701278 0.522298722
T:/rfrrf: 0.000000000 0.369252775 0.630747225
T:/rr: 0.191021976 0.220956541 0.588021483
T:/rrccrc: 0.000000000 0.758230353 0.241769647
T:/rrccrf: 0.000000000 0.397551041 0.602448959
T:/rrcfrc: 0.000000000 0.648074625 0.351925375
T:/rrcfrf: 0.000000000 0.454547881 0.545452119
T:/rrcrcc: 0.000000000 0.222449526 0.777550474
T:/rrcrcf: 0.000000000 0.374633911 0.625366089
T:/rrcrfc: 0.000000000 0.966410130 0.033589870
T:/rrcrff: 0.000000000 0.438859322 0.561140678
