A:/: 1.000000000 0.000000000 0.000000000
A:/ccr: 0.000000000 1.000000000 0.000000000
A:/crc: 0.000000000 1.000000000 0.000000000
A:/crf: 0.000000000 1.000000000 0.000000000
AJ:/ccc/: 0.702419524 0.297580476 0.000000000
AJ:/ccc/ccr: 0.000000000 0.514609432 0.485390568
AJ:/ccc/crc: 0.000000000 0.554924326 0.445075674
AJ:/ccc/crf: 0.000000000 1.000000000 0.000000000
AJ:/ccrcc/: 0.256652146 0.743347854 0.000000000
AJ:/ccrcc/ccr: 0.000000000 0.618892780 0.381107220
AJ:/ccrcc/crc: 0.000000000 1.000000000 0.000000000
AJ:/ccrcc/crf: 0.000000000 1.000000000 0.000000000
AJ:/ccrcf/: 0.814518446 0.185481554 0.000000000
AJ:/ccrcf/cr: 0.000000000 0.662625557 0.337374443
AJ:/crcc/: 0.772701823 0.227298177 0.000000000
AJ:/crcc/ccr: 0.000000000 1.000000000 0.000000000
AJ:/crcc/crc: 0.000000000 1.000000000 0.000000000
AJ:/crcc/crf: 0.000000000 1.000000000 0.000000000
AJ:/crfc/: 0.638655912 0.361344088 0.000000000
AJ:/crfc/cr: 0.000000000 1.000000000 0.000000000
AJ:/rcc/: 0.720527117 0.279472883 0.000000000
AJ:/rcc/ccr: 0.000000000 1.000000000 0.000000000
AJ:/rcc/crc: 0.000000000 1.000000000 0.000000000
AJ:/rcc/crf: 0.000000000 1.000000000 0.000000000
AJ:/rcf/: 0.999913155 0.000086845 0.000000000
AJ:/rcf/cr: 0.000000000 1.000000000 0.000000000
AJ:/rfc/: 0.863554242 0.136445758 0.000000000
AJ:/rfc/cr: 0.000000000 0.001596100 0.998403900
AK:/ccc/: 0.256123582 0.743876418 0.000000000
AK:/ccc/ccr: 0.000000000 0.526788750 0.473211250
AK:/ccc/crc: 0.000000000 0.994030095 0.005969905
AK:/ccc/crf: 0.000000000 1.000000000 0.000000000
AK:/ccrcc/: 0.962009131 0.037990869 0.000000000
AK:/ccrcc/ccr: 0.000000000 0.264877156 0.735122844
AK:/ccrcc/crc: 0.000000000 0.555164020 0.444835980
AK:/ccrcc/crf: 0.000000000 0.719313192 0.280686808
AK:/ccrcf/: 0.828855791 0.171144209 0.000000000
AK:/ccrcf/cr: 0.000000000 0.279328289 0.720671711
AK:/crcc/: 0.962557276 0.037442724 0.000000000
AK:/crcc/ccr: 0.000000000 1.000000000 0.000000000
AK:/crcc/crc: 0.000000000 1.000000000 0.000000000
AK:/crcc/crf: 0.000000000 1.000000000 0.000000000
AK:/crfc/: 0.559837940 0.440162060 0.000000000
AK:/crfc/cr: 0.000000000 1.000000000 0.000000000
AK:/rcc/: 0.647575919 0.352424081 0.000000000
AK:/rcc/ccr: 0.000000000 0.314996649 0.685003351
AK:/rcc/crc: 0.000000000 0.514188132 0.485811868
AK:/rcc/crf: 0.000000000 1.000000000 0.000000000
AK:/rcf/: 0.687400493 0.312599507 0.000000000
AK:/rcf/cr: 0.000000000 1.000000000 0.000000000
AK:/rfc/: 0.418746815 0.581253185 0.000000000
AK:/rfc/cr: 0.000000000 0.737152256 0.262847744
AQ:/ccc/: 0.769541127 0.230458873 0.000000000
AQ:/ccc/ccr: 0.000000000 0.548049469 0.451950531
AQ:/ccc/crc: 0.000000000 1.000000000 0.000000000
AQ:/ccc/crf: 0.000000000 1.000000000 0.000000000
AQ:/ccrcc/: 0.773052009 0.226947991 0.000000000
AQ:/ccrcc/ccr: 0.000000000 0.906210573 0.093789427
AQ:/ccrcc/crc: 0.000000000 1.000000000 0.000000000
AQ:/ccrcc/crf: 0.000000000 1.000000000 0.000000000
AQ:/ccrcf/: 0.928825636 0.071174364 0.000000000
AQ:/ccrcf/cr: 0.000000000 0.918281768 0.081718232
AQ:/crcc/: 0.976396265 0.023603735 0.000000000
AQ:/crcc/ccr: 0.000000000 0.650711652 0.349288348
AQ:/crcc/crc: 0.000000000 1.000000000 0.000000000
AQ:/crcc/crf: 0.000000000 1.000000000 0.000000000
AQ:/crfc/: 0.796873498 0.203126502 0.000000000
AQ:/crfc/cr: 0.000000000 1.000000000 0.000000000
AQ:/rcc/: 0.743970513 0.256029487 0.000000000
AQ:/rcc/ccr: 0.000000000 1.000000000 0.000000000
AQ:/rcc/crc: 0.000000000 0.704557317 0.295442683
AQ:/rcc/crf: 0.000000000 1.000000000 0.000000000
AQ:/rcf/: 0.999910922 0.000089078 0.000000000
AQ:/rcf/cr: 0.000000000 1.000000000 0.000000000
AQ:/rfc/: 0.358714096 0.641285904 0.000000000
AQ:/rfc/cr: 0.000000000 0.536587683 0.463412317
AT:/ccc/: 0.578646878 0.421353122 0.000000000
AT:/ccc/ccr: 0.000000000 1.000000000 0.000000000
AT:/ccc/crc: 0.000000000 1.000000000 0.000000000
AT:/ccc/crf: 0.000000000 1.000000000 0.000000000
AT:/ccrcc/: 0.950039642 0.049960358 0.000000000
AT:/ccrcc/ccr: 0.000000000 0.947103646 0.052896354
AT:/ccrcc/crc: 0.000000000 0.788978952 0.211021048
AT:/ccrcc/crf: 0.000000000 1.000000000 0.000000000
AT:/ccrcf/: 0.032417865 0.967582135 0.000000000
AT:/ccrcf/cr: 0.000000000 0.478591556 0.521408444
AT:/crcc/: 0.793593058 0.206406942 0.000000000
AT:/crcc/ccr: 0.000000000 1.000000000 0.000000000
AT:/crcc/crc: 0.000000000 1.000000000 0.000000000
AT:/crcc/crf: 0.000000000 1.000000000 0.000000000
AT:/crfc/: 0.602917590 0.397082410 0.000000000
AT:/crfc/cr: 0.000000000 1.000000000 0.000000000
AT:/rcc/: 0.470192206 0.529807794 0.000000000
AT:/rcc/ccr: 0.000000000 1.000000000 0.000000000
AT:/rcc/crc: 0.000000000 0.305471609 0.694528391
AT:/rcc/crf: 0.000000000 1.000000000 0.000000000
AT:/rcf/: 1.000000000 0.000000000 0.000000000
AT:/rcf/cr: 0.000000000 1.000000000 0.000000000
AT:/rfc/: 0.986231970 0.013768030 0.000000000
AT:/rfc/cr: 0.000000000 0.358063773 0.641936227
J:/: 1.000000000 0.000000000 0.000000000
J:/ccr: 0.000000000 0.000203566 0.999796434
J:/crc: 0.000000000 0.000000000 1.000000000
J:/crf: 0.000000000 1.000000000 0.000000000
JA:/ccc/: 0.773164407 0.226835593 0.000000000
JA:/ccc/ccr: 0.000000000 0.285674390 0.714325610
JA:/ccc/crc: 0.000000000 0.088190392 0.911809608
JA:/ccc/crf: 0.000000000 0.863019037 0.136980963
JA:/ccrcc/: 0.725281462 0.274718538 0.000000000
JA:/ccrcc/ccr: 0.000000000 0.209026113 0.790973887
JA:/ccrcc/crc: 0.000000000 0.007882528 0.992117472
JA:/ccrcc/crf: 0.000000000 0.266318392 0.733681608
JA:/ccrcf/: 0.336108533 0.663891467 0.000000000
JA:/ccrcf/cr: 0.000000000 0.434055269 0.565944731
JA:/crcc/: 1.000000000 0.000000000 0.000000000
JA:/crcc/ccr: 0.000000000 0.689976948 0.310023052
JA:/crcc/crc: 0.000000000 0.120918417 0.879081583
JA:/crcc/crf: 0.000000000 0.289657432 0.710342568
JA:/crfc/: 0.999893621 0.000106379 0.000000000
JA:/crfc/cr: 0.000000000 0.744666264 0.255333736
JA:/rcc/: 1.000000000 0.000000000 0.000000000
JA:/rcc/ccr: 0.000000000 0.167591446 0.832408554
JA:/rcc/crc: 0.000000000 0.323781585 0.676218415
JA:/rcc/crf: 0.000000000 0.167231551 0.832768449
JA:/rcf/: 0.000000000 1.000000000 0.000000000
JA:/rcf/cr: 0.000000000 0.583257105 0.416742895
JA:/rfc/: 0.539672981 0.460327019 0.000000000
JA:/rfc/cr: 0.000000000 0.459687416 0.540312584
JK:/ccc/: 0.943004122 0.056995878 0.000000000
JK:/ccc/ccr: 0.000000000 0.365034326 0.634965674
JK:/ccc/crc: 0.000000000 0.162734935 0.837265065
JK:/ccc/crf: 0.000000000 0.596673194 0.403326806
JK:/ccrcc/: 0.889509791 0.110490209 0.000000000
JK:/ccrcc/ccr: 0.000000000 0.307724354 0.692275646
JK:/ccrcc/crc: 0.000000000 0.742096790 0.257903210
JK:/ccrcc/crf: 0.000000000 0.704260289 0.295739711
JK:/ccrcf/: 0.992932514 0.007067486 0.000000000
JK:/ccrcf/cr: 0.000000000 0.833975701 0.166024299
JK:/crcc/: 0.999611717 0.000388283 0.000000000
JK:/crcc/ccr: 0.000000000 0.123488993 0.876511007
JK:/crcc/crc: 0.000000000 0.000000000 1.000000000
JK:/crcc/crf: 0.000000000 0.000000000 1.000000000
JK:/crfc/: 0.999933635 0.000066365 0.000000000
JK:/crfc/cr: 0.000000000 0.271783641 0.728216359
JK:/rcc/: 1.000000000 0.000000000 0.000000000
JK:/rcc/ccr: 0.000000000 0.663946668 0.336053332
JK:/rcc/crc: 0.000000000 0.333723828 0.666276172
JK:/rcc/crf: 0.000000000 0.294783025 0.705216975
JK:/rcf/: 0.000000000 1.000000000 0.000000000
JK:/rcf/cr: 0.000000000 0.644000798 0.355999202
JK:/rfc/: 0.571567397 0.428432603 0.000000000
JK:/rfc/cr: 0.000000000 0.603314381 0.396685619
JQ:/ccc/: 0.429890607 0.570109393 0.000000000
JQ:/ccc/ccr: 0.000000000 0.233009108 0.766990892
JQ:/ccc/crc: 0.000000000 0.648985708 0.351014292
JQ:/ccc/crf: 0.000000000 0.380504315 0.619495685
JQ:/ccrcc/: 1.000000000 0.000000000 0.000000000
JQ:/ccrcc/ccr: 0.000000000 0.044382203 0.955617797
JQ:/ccrcc/crc: 0.000000000 0.586645330 0.413354670
JQ:/ccrcc/crf: 0.000000000 0.347887611 0.652112389
JQ:/ccrcf/: 0.715246832 0.284753168 0.000000000
JQ:/ccrcf/cr: 0.000000000 0.442952300 0.557047700
JQ:/crcc/: 0.999646125 0.000353875 0.000000000
JQ:/crcc/ccr: 0.000000000 0.613436903 0.386563097
JQ:/crcc/crc: 0.000000000 0.000000000 1.000000000
JQ:/crcc/crf: 0.000000000 0.710553726 0.289446274
JQ:/crfc/: 0.868185281 0.131814719 0.000000000
JQ:/crfc/cr: 0.000000000 0.751596532 0.248403468
JQ:/rcc/: 0.000000000 1.000000000 0.000000000
JQ:/rcc/ccr: 0.000000000 0.451535950 0.548464050
JQ:/rcc/crc: 0.000000000 0.000000000 1.000000000
JQ:/rcc/crf: 0.000000000 0.000000000 1.000000000
JQ:/rcf/: 0.129994248 0.870005752 0.000000000
JQ:/rcf/cr: 0.000000000 0.000000000 1.000000000
JQ:/rfc/: 0.239861078 0.760138922 0.000000000
JQ:/rfc/cr: 0.000000000 0.507263026 0.492736974
JT:/ccc/: 0.464690353 0.535309647 0.000000000
JT:/ccc/ccr: 0.000000000 0.571747285 0.428252715
JT:/ccc/crc: 0.000000000 0.425767358 0.574232642
JT:/ccc/crf: 0.000000000 0.407014588 0.592985412
JT:/ccrcc/: 0.746507571 0.253492429 0.000000000
JT:/ccrcc/ccr: 0.000000000 0.343307802 0.656692198
JT:/ccrcc/crc: 0.000000000 0.338703696 0.661296304
JT:/ccrcc/crf: 0.000000000 0.313092943 0.686907057
JT:/ccrcf/: 0.388964281 0.611035719 0.000000000
JT:/ccrcf/cr: 0.000000000 0.663005835 0.336994165
JT:/crcc/: 1.000000000 0.000000000 0.000000000
JT:/crcc/ccr: 0.000000000 0.454041775 0.545958225
JT:/crcc/crc: 0.000000000 0.000000000 1.000000000
JT:/crcc/crf: 0.000000000 0.000000000 1.000000000
JT:/crfc/: 0.083425289 0.916574711 0.000000000
JT:/crfc/cr: 0.000000000 0.000000000 1.000000000
JT:/rcc/: 0.036975738 0.963024262 0.000000000
JT:/rcc/ccr: 0.000000000 0.470766699 0.529233301
JT:/rcc/crc: 0.000000000 0.000000000 1.000000000
JT:/rcc/crf: 0.000000000 0.000000000 1.000000000
JT:/rcf/: 0.021146075 0.978853925 0.000000000
JT:/rcf/cr: 0.000000000 0.000000000 1.000000000
JT:/rfc/: 0.882278089 0.117721911 0.000000000
JT:/rfc/cr: 0.000000000 0.413281449 0.586718551
K:/: 1.000000000 0.000000000 0.000000000
K:/ccr: 0.000000000 1.000000000 0.000000000
K:/crc: 0.000000000 1.000000000 0.000000000
K:/crf: 0.000000000 1.000000000 0.000000000
KA:/ccc/: 0.569253393 0.430746607 0.000000000
KA:/ccc/ccr: 0.000000000 0.932828915 0.067171085
KA:/ccc/crc: 0.000000000 0.748134983 0.251865017
KA:/ccc/crf: 0.000000000 1.000000000 0.000000000
KA:/ccrcc/: 0.799188222 0.200811778 0.000000000
KA:/ccrcc/ccr: 0.000000000 0.206967673 0.793032327
KA:/ccrcc/crc: 0.000000000 0.822410336 0.177589664
KA:/ccrcc/crf: 0.000000000 1.000000000 0.000000000
KA:/ccrcf/: 0.237581909 0.762418091 0.000000000
KA:/ccrcf/cr: 0.000000000 0.700633222 0.299366778
KA:/crcc/: 0.677889024 0.322110976 0.000000000
KA:/crcc/ccr: 0.000000000 1.000000000 0.000000000
KA:/crcc/crc: 0.000000000 1.000000000 0.000000000
KA:/crcc/crf: 0.000000000 1.000000000 0.000000000
KA:/crfc/: 1.000000000 0.000000000 0.000000000
KA:/crfc/cr: 0.000000000 1.000000000 0.000000000
KA:/rcc/: 0.254880149 0.745119851 0.000000000
KA:/rcc/ccr: 0.000000000 0.506080145 0.493919855
KA:/rcc/crc: 0.000000000 0.909658192 0.090341808
KA:/rcc/crf: 0.000000000 1.000000000 0.000000000
KA:/rcf/: 0.716815086 0.283184914 0.000000000
KA:/rcf/cr: 0.000000000 1.000000000 0.000000000
KA:/rfc/: 0.239933142 0.760066858 0.000000000
KA:/rfc/cr: 0.000000000 0.026426876 0.973573124
KJ:/ccc/: 0.755208146 0.244791854 0.000000000
KJ:/ccc/ccr: 0.000000000 0.519223542 0.480776458
KJ:/ccc/crc: 0.000000000 0.063610893 0.936389107
KJ:/ccc/crf: 0.000000000 1.000000000 0.000000000
KJ:/ccrcc/: 1.000000000 0.000000000 0.000000000
KJ:/ccrcc/ccr: 0.000000000 0.562575730 0.437424270
KJ:/ccrcc/crc: 0.000000000 0.178053296 0.821946704
KJ:/ccrcc/crf: 0.000000000 0.685806735 0.314193265
KJ:/ccrcf/: 0.383409075 0.616590925 0.000000000
KJ:/ccrcf/cr: 0.000000000 0.645296752 0.354703248
KJ:/crcc/: 0.999897718 0.000102282 0.000000000
KJ:/crcc/ccr: 0.000000000 0.892188840 0.107811160
KJ:/crcc/crc: 0.000000000 0.999947787 0.000052213
KJ:/crcc/crf: 0.000000000 0.999925211 0.000074789
KJ:/crfc/: 0.876180176 0.123819824 0.000000000
KJ:/crfc/cr: 0.000000000 0.720660560 0.279339440
KJ:/rcc/: 0.523477336 0.476522664 0.000000000
KJ:/rcc/ccr: 0.000000000 0.663170288 0.336829712
KJ:/rcc/crc: 0.000000000 0.877123237 0.122876763
KJ:/rcc/crf: 0.000000000 0.545614607 0.454385393
KJ:/rcf/: 0.438617072 0.561382928 0.000000000
KJ:/rcf/cr: 0.000000000 0.833378845 0.166621155
KJ:/rfc/: 0.114854768 0.885145232 0.000000000
KJ:/rfc/cr: 0.000000000 0.772498610 0.227501390
KQ:/ccc/: 0.641527018 0.358472982 0.000000000
KQ:/ccc/ccr: 0.000000000 0.793475654 0.206524346
KQ:/ccc/crc: 0.000000000 0.424492137 0.575507863
KQ:/ccc/crf: 0.000000000 1.000000000 0.000000000
KQ:/ccrcc/: 0.608963303 0.391036697 0.000000000
KQ:/ccrcc/ccr: 0.000000000 0.178960400 0.821039600
KQ:/ccrcc/crc: 0.000000000 0.927597493 0.072402507
KQ:/ccrcc/crf: 0.000000000 0.469322662 0.530677338
KQ:/ccrcf/: 0.108021394 0.891978606 0.000000000
KQ:/ccrcf/cr: 0.000000000 0.799326800 0.200673200
KQ:/crcc/: 0.999974716 0.000025284 0.000000000
KQ:/crcc/ccr: 0.000000000 0.480841561 0.519158439
KQ:/crcc/crc: 0.000000000 0.999907727 0.000092273
KQ:/crcc/crf: 0.000000000 0.999928679 0.000071321
KQ:/crfc/: 0.360278018 0.639721982 0.000000000
KQ:/crfc/cr: 0.000000000 0.312941452 0.687058548
KQ:/rcc/: 0.000000000 1.000000000 0.000000000
KQ:/rcc/ccr: 0.000000000 0.576058218 0.423941782
KQ:/rcc/crc: 0.000000000 0.693583382 0.306416618
KQ:/rcc/crf: 0.000000000 0.472088938 0.527911062
KQ:/rcf/: 0.185488008 0.814511992 0.000000000
KQ:/rcf/cr: 0.000000000 0.833865401 0.166134599
KQ:/rfc/: 0.141984407 0.858015593 0.000000000
KQ:/rfc/cr: 0.000000000 0.326873785 0.673126215
KT:/ccc/: 0.912570812 0.087429188 0.000000000
KT:/ccc/ccr: 0.000000000 0.982589282 0.017410718
KT:/ccc/crc: 0.000000000 0.911463430 0.088536570
KT:/ccc/crf: 0.000000000 1.000000000 0.000000000
KT:/ccrcc/: 0.534024689 0.465975311 0.000000000
KT:/ccrcc/ccr: 0.000000000 0.053103500 0.946896500
KT:/ccrcc/crc: 0.000000000 0.063922822 0.936077178
KT:/ccrcc/crf: 0.000000000 0.835900589 0.164099411
KT:/ccrcf/: 0.513814020 0.486185980 0.000000000
KT:/ccrcf/cr: 0.000000000 0.320109340 0.679890660
KT:/crcc/: 0.999896545 0.000103455 0.000000000
KT:/crcc/ccr: 0.000000000 0.983162528 0.016837472
KT:/crcc/crc: 0.000000000 1.000000000 0.000000000
KT:/crcc/crf: 0.000000000 1.000000000 0.000000000
KT:/crfc/: 0.797903106 0.202096894 0.000000000
KT:/crfc/cr: 0.000000000 0.999889626 0.000110374
KT:/rcc/: 0.000000000 1.000000000 0.000000000
KT:/rcc/ccr: 0.000000000 0.889501335 0.110498665
KT:/rcc/crc: 0.000000000 0.881071036 0.118928964
KT:/rcc/crf: 0.000000000 0.630233687 0.369766313
KT:/rcf/: 0.338583438 0.661416562 0.000000000
KT:/rcf/cr: 0.000000000 0.833237826 0.166762174
KT:/rfc/: 0.329286420 0.670713580 0.000000000
KT:/rfc/cr: 0.000000000 0.753787377 0.246212623
Q:/: 1.000000000 0.000000000 0.000000000
Q:/ccr: 0.000000000 0.885713099 0.114286901
Q:/crc: 0.000000000 0.875172663 0.124827337
Q:/crf: 0.000000000 1.000000000 0.000000000
QA:/ccc/: 0.744823014 0.255176986 0.000000000
QA:/ccc/ccr: 0.000000000 0.504798924 0.495201076
QA:/ccc/crc: 0.000000000 0.311824706 0.688175294
QA:/ccc/crf: 0.000000000 0.725868692 0.274131308
QA:/ccrcc/: 1.000000000 0.000000000 0.000000000
QA:/ccrcc/ccr: 0.000000000 0.587152668 0.412847332
QA:/ccrcc/crc: 0.000000000 0.484980783 0.515019217
QA:/ccrcc/crf: 0.000000000 0.588192609 0.411807391
QA:/ccrcf/: 0.168024042 0.831975958 0.000000000
QA:/ccrcf/cr: 0.000000000 0.877374536 0.122625464
QA:/crcc/: 0.999813236 0.000186764 0.000000000
QA:/crcc/ccr: 0.000000000 0.398127122 0.601872878
QA:/crcc/crc: 0.000000000 0.968103305 0.031896695
QA:/crcc/crf: 0.000000000 0.999958006 0.000041994
QA:/crfc/: 0.999977605 0.000022395 0.000000000
QA:/crfc/cr: 0.000000000 0.999977630 0.000022370
QA:/rcc/: 0.822956214 0.177043786 0.000000000
QA:/rcc/ccr: 0.000000000 0.272070665 0.727929335
QA:/rcc/crc: 0.000000000 0.491245912 0.508754088
QA:/rcc/crf: 0.000000000 0.790455655 0.209544345
QA:/rcf/: 0.125680578 0.874319422 0.000000000
QA:/rcf/cr: 0.000000000 0.999822411 0.000177589
QA:/rfc/: 0.328444881 0.671555119 0.000000000
QA:/rfc/cr: 0.000000000 0.329722978 0.670277022
QJ:/ccc/: 0.606887463 0.393112537 0.000000000
QJ:/ccc/ccr: 0.000000000 0.916675992 0.083324008
QJ:/ccc/crc: 0.000000000 0.417167571 0.582832429
QJ:/ccc/crf: 0.000000000 0.503569079 0.496430921
QJ:/ccrcc/: 0.466858261 0.533141739 0.000000000
QJ:/ccrcc/ccr: 0.000000000 0.893538930 0.106461070
QJ:/ccrcc/crc: 0.000000000 0.166609014 0.833390986
QJ:/ccrcc/crf: 0.000000000 0.500643705 0.499356295
QJ:/ccrcf/: 0.209384197 0.790615803 0.000000000
QJ:/ccrcf/cr: 0.000000000 0.368104882 0.631895118
QJ:/crcc/: 0.911483164 0.088516836 0.000000000
QJ:/crcc/ccr: 0.000000000 0.664208358 0.335791642
QJ:/crcc/crc: 0.000000000 0.328142994 0.671857006
QJ:/crcc/crf: 0.000000000 0.609942629 0.390057371
QJ:/crfc/: 0.552684013 0.447315987 0.000000000
QJ:/crfc/cr: 0.000000000 0.530308983 0.469691017
QJ:/rcc/: 0.698285613 0.301714387 0.000000000
QJ:/rcc/ccr: 0.000000000 0.512066216 0.487933784
QJ:/rcc/crc: 0.000000000 0.137036255 0.862963745
QJ:/rcc/crf: 0.000000000 0.258865625 0.741134375
QJ:/rcf/: 0.093164055 0.906835945 0.000000000
QJ:/rcf/cr: 0.000000000 0.000000000 1.000000000
QJ:/rfc/: 0.224487888 0.775512112 0.000000000
QJ:/rfc/cr: 0.000000000 0.250212980 0.749787020
QK:/ccc/: 0.879875441 0.120124559 0.000000000
QK:/ccc/ccr: 0.000000000 0.945314309 0.054685691
QK:/ccc/crc: 0.000000000 0.070282336 0.929717664
QK:/ccc/crf: 0.000000000 0.823846740 0.176153260
QK:/ccrcc/: 0.806379567 0.193620433 0.000000000
QK:/ccrcc/ccr: 0.000000000 0.178530829 0.821469171
QK:/ccrcc/crc: 0.000000000 0.350582106 0.649417894
QK:/ccrcc/crf: 0.000000000 1.000000000 0.000000000
QK:/ccrcf/: 0.528792054 0.471207946 0.000000000
QK:/ccrcf/cr: 0.000000000 0.240042624 0.759957376
QK:/crcc/: 0.999855303 0.000144697 0.000000000
QK:/crcc/ccr: 0.000000000 0.811177688 0.188822312
QK:/crcc/crc: 0.000000000 0.596888843 0.403111157
QK:/crcc/crf: 0.000000000 0.999899940 0.000100060
QK:/crfc/: 0.934899676 0.065100324 0.000000000
QK:/crfc/cr: 0.000000000 0.711495448 0.288504552
QK:/rcc/: 0.914371925 0.085628075 0.000000000
QK:/rcc/ccr: 0.000000000 0.854935208 0.145064792
QK:/rcc/crc: 0.000000000 0.931802789 0.068197211
QK:/rcc/crf: 0.000000000 0.674334457 0.325665543
QK:/rcf/: 0.530831794 0.469168206 0.000000000
QK:/rcf/cr: 0.000000000 0.999822411 0.000177589
QK:/rfc/: 0.306648221 0.693351779 0.000000000
QK:/rfc/cr: 0.000000000 0.018156755 0.981843245
QT:/ccc/: 0.475911331 0.524088669 0.000000000
QT:/ccc/ccr: 0.000000000 0.976288606 0.023711394
QT:/ccc/crc: 0.000000000 0.142474733 0.857525267
QT:/ccc/crf: 0.000000000 0.444051168 0.555948832
QT:/ccrcc/: 0.886932396 0.113067604 0.000000000
QT:/ccrcc/ccr: 0.000000000 0.470690631 0.529309369
QT:/ccrcc/crc: 0.000000000 0.049895526 0.950104474
QT:/ccrcc/crf: 0.000000000 0.643647335 0.356352665
QT:/ccrcf/: 0.633454520 0.366545480 0.000000000
QT:/ccrcf/cr: 0.000000000 0.434665026 0.565334974
QT:/crcc/: 1.000000000 0.000000000 0.000000000
QT:/crcc/ccr: 0.000000000 0.258354158 0.741645842
QT:/crcc/crc: 0.000000000 0.000000000 1.000000000
QT:/crcc/crf: 0.000000000 0.999863866 0.000136134
QT:/crfc/: 0.792095959 0.207904041 0.000000000
QT:/crfc/cr: 0.000000000 0.526709277 0.473290723
QT:/rcc/: 0.000000000 1.000000000 0.000000000
QT:/rcc/ccr: 0.000000000 0.300147897 0.699852103
QT:/rcc/crc: 0.000000000 0.000000000 1.000000000
QT:/rcc/crf: 0.000000000 0.029143052 0.970856948
QT:/rcf/: 0.305598217 0.694401783 0.000000000
QT:/rcf/cr: 0.000000000 0.000000000 1.000000000
QT:/rfc/: 0.597120197 0.402879803 0.000000000
QT:/rfc/cr: 0.000000000 0.904001024 0.095998976
T:/: 1.000000000 0.000000000 0.000000000
T:/ccr: 0.000000000 0.000203589 0.999796411
T:/crc: 0.000000000 0.000000000 1.000000000
T:/crf: 0.000000000 1.000000000 0.000000000
TA:/ccc/: 0.999981610 0.000018390 0.000000000
TA:/ccc/ccr: 0.000000000 0.694122193 0.305877807
TA:/ccc/crc: 0.000000000 0.396671680 0.603328320
TA:/ccc/crf: 0.000000000 0.277431946 0.722568054
TA:/ccrcc/: 0.000000000 1.000000000 0.000000000
TA:/ccrcc/ccr: 0.000000000 0.842694998 0.157305002
TA:/ccrcc/crc: 0.000000000 0.751918726 0.248081274
TA:/ccrcc/crf: 0.000000000 0.495511538 0.504488462
TA:/ccrcf/: 0.789477894 0.210522106 0.000000000
TA:/ccrcf/cr: 0.000000000 0.906327479 0.093672521
TA:/crcc/: 1.000000000 0.000000000 0.000000000
TA:/crcc/ccr: 0.000000000 0.771696562 0.228303438
TA:/crcc/crc: 0.000000000 0.212134792 0.787865208
TA:/crcc/crf: 0.000000000 0.000000000 1.000000000
TA:/crfc/: 0.680779233 0.319220767 0.000000000
TA:/crfc/cr: 0.000000000 0.000000000 1.000000000
TA:/rcc/: 1.000000000 0.000000000 0.000000000
TA:/rcc/ccr: 0.000000000 0.011949915 0.988050085
TA:/rcc/crc: 0.000000000 0.760264015 0.239735985
TA:/rcc/crf: 0.000000000 0.187003198 0.812996802
TA:/rcf/: 0.258950403 0.741049597 0.000000000
TA:/rcf/cr: 0.000000000 0.000000000 1.000000000
TA:/rfc/: 0.759470837 0.240529163 0.000000000
TA:/rfc/cr: 0.000000000 0.827741649 0.172258351
TJ:/ccc/: 1.000000000 0.000000000 0.000000000
TJ:/ccc/ccr: 0.000000000 0.318908186 0.681091814
TJ:/ccc/crc: 0.000000000 0.505719902 0.494280098
TJ:/ccc/crf: 0.000000000 0.129440330 0.870559670
TJ:/ccrcc/: 0.000000000 1.000000000 0.000000000
TJ:/ccrcc/ccr: 0.000000000 0.538154877 0.461845123
TJ:/ccrcc/crc: 0.000000000 0.512709103 0.487290897
TJ:/ccrcc/crf: 0.000000000 0.231594274 0.768405726
TJ:/ccrcf/: 0.275079648 0.724920352 0.000000000
TJ:/ccrcf/cr: 0.000000000 0.660071511 0.339928489
TJ:/crcc/: 0.389591345 0.610408655 0.000000000
TJ:/crcc/ccr: 0.000000000 0.683352491 0.316647509
TJ:/crcc/crc: 0.000000000 0.261050631 0.738949369
TJ:/crcc/crf: 0.000000000 0.000000000 1.000000000
TJ:/crfc/: 0.019161137 0.980838863 0.000000000
TJ:/crfc/cr: 0.000000000 0.000000000 1.000000000
TJ:/rcc/: 0.000000000 1.000000000 0.000000000
TJ:/rcc/ccr: 0.000000000 0.404601351 0.595398649
TJ:/rcc/crc: 0.000000000 0.000000000 1.000000000
TJ:/rcc/crf: 0.000000000 0.000000000 1.000000000
TJ:/rcf/: 0.241000438 0.758999562 0.000000000
TJ:/rcf/cr: 0.000000000 0.000000000 1.000000000
TJ:/rfc/: 0.649940213 0.350059787 0.000000000
TJ:/rfc/cr: 0.000000000 0.686336969 0.313663031
TK:/ccc/: 0.780091667 0.219908333 0.000000000
TK:/ccc/ccr: 0.000000000 0.726275131 0.273724869
TK:/ccc/crc: 0.000000000 0.435078084 0.564921916
TK:/ccc/crf: 0.000000000 0.261764648 0.738235352
TK:/ccrcc/: 0.935421096 0.064578904 0.000000000
TK:/ccrcc/ccr: 0.000000000 0.243829534 0.756170466
TK:/ccrcc/crc: 0.000000000 0.433743135 0.566256865
TK:/ccrcc/crf: 0.000000000 0.588300284 0.411699716
TK:/ccrcf/: 0.577946462 0.422053538 0.000000000
TK:/ccrcf/cr: 0.000000000 0.366574353 0.633425647
TK:/crcc/: 0.999774869 0.000225131 0.000000000
TK:/crcc/ccr: 0.000000000 0.180626664 0.819373336
TK:/crcc/crc: 0.000000000 0.000000000 1.000000000
TK:/crcc/crf: 0.000000000 0.000000000 1.000000000
TK:/crfc/: 0.685063016 0.314936984 0.000000000
TK:/crfc/cr: 0.000000000 0.000000000 1.000000000
TK:/rcc/: 1.000000000 0.000000000 0.000000000
TK:/rcc/ccr: 0.000000000 0.000000000 1.000000000
TK:/rcc/crc: 0.000000000 0.078841061 0.921158939
TK:/rcc/crf: 0.000000000 0.530443705 0.469556295
TK:/rcf/: 0.316783657 0.683216343 0.000000000
TK:/rcf/cr: 0.000000000 0.000000000 1.000000000
TK:/rfc/: 0.543391103 0.456608897 0.000000000
TK:/rfc/cr: 0.000000000 0.706458962 0.293541038
TQ:/ccc/: 0.328163828 0.671836172 0.000000000
TQ:/ccc/ccr: 0.000000000 0.771920627 0.228079373
TQ:/ccc/crc: 0.000000000 0.057066832 0.942933168
TQ:/ccc/crf: 0.000000000 0.000000000 1.000000000
TQ:/ccrcc/: 0.748481531 0.251518469 0.000000000
TQ:/ccrcc/ccr: 0.000000000 0.778643793 0.221356207
TQ:/ccrcc/crc: 0.000000000 0.658567603 0.341432397
TQ:/ccrcc/crf: 0.000000000 0.142684475 0.857315525
TQ:/ccrcf/: 0.180708367 0.819291633 0.000000000
TQ:/ccrcf/cr: 0.000000000 0.084916641 0.915083359
TQ:/crcc/: 0.000000000 1.000000000 0.000000000
TQ:/crcc/ccr: 0.000000000 0.257500095 0.742499905
TQ:/crcc/crc: 0.000000000 0.168283953 0.831716047
TQ:/crcc/crf: 0.000000000 0.000000000 1.000000000
TQ:/crfc/: 0.336076108 0.663923892 0.000000000
TQ:/crfc/cr: 0.000000000 0.000000000 1.000000000
TQ:/rcc/: 0.121796306 0.878203694 0.000000000
TQ:/rcc/ccr: 0.000000000 0.608990997 0.391009003
TQ:/rcc/crc: 0.000000000 0.063944184 0.936055816
TQ:/rcc/crf: 0.000000000 0.012421750 0.987578250
TQ:/rcf/: 0.202338762 0.797661238 0.000000000
TQ:/rcf/cr: 0.000000000 0.000000000 1.000000000
TQ:/rfc/: 0.443378201 0.556621799 0.000000000
TQ:/rfc/cr: 0.000000000 0.209772662 0.790227338
