A:/cc: 0.552455057 0.447544943 0.000000000
A:/cr: 0.000000000 1.000000000 0.000000000
A:/rc: 0.000000000 1.000000000 0.000000000
A:/rf: 0.000000000 0.511162745 0.488837255
AJ:/ccc/cc: 0.187155801 0.812844199 0.000000000
AJ:/ccc/cr: 0.000000000 0.544853588 0.455146412
AJ:/ccc/rc: 0.000000000 0.459813285 0.540186715
AJ:/ccc/rf: 0.000000000 0.715586389 0.284413611
AJ:/ccrcc/cc: 0.648347289 0.351652711 0.000000000
AJ:/ccrcc/cr: 0.000000000 0.929994415 0.070005585
AJ:/ccrcc/rc: 0.000000000 0.209134999 0.790865001
AJ:/ccrcc/rf: 0.000000000 0.311620195 0.688379805
AJ:/ccrcf/c: 0.538490058 0.461509942 0.000000000
AJ:/ccrcf/r: 0.000000000 0.354252507 0.645747493
AJ:/ccrfc/c: 0.268510672 0.731489328 0.000000000
AJ:/ccrfc/r: 0.000000000 0.795475786 0.204524214
AJ:/crcc/cc: 0.242817423 0.757182577 0.000000000
AJ:/crcc/cr: 0.000000000 0.511366448 0.488633552
AJ:/crcc/rc: 0.000000000 0.445994286 0.554005714
AJ:/crcc/rf: 0.000000000 0.882278089 0.117721911
AJ:/crcf/c: 0.177815894 0.822184106 0.000000000
AJ:/crcf/r: 0.000000000 0.584080976 0.415919024
AJ:/rcc/cc: 1.000000000 0.000000000 0.000000000
AJ:/rcc/cr: 0.000000000 1.000000000 0.000000000
AJ:/rcc/rc: 0.000000000 0.981501200 0.018498800
AJ:/rcc/rf: 0.000000000 0.272322046 0.727677954
AJ:/rfc/c: 0.111909102 0.888090898 0.000000000
AJ:/rfc/r: 0.000000000 0.445496412 0.554503588
AK:/ccc/cc: 0.736370797 0.263629203 0.000000000
AK:/ccc/cr: 0.000000000 0.685973889 0.314026111
AK:/ccc/rc: 0.000000000 0.614842242 0.385157758
AK:/ccc/rf: 0.000000000 0.544710812 0.455289188
AK:/ccrcc/cc: 0.658201096 0.341798904 0.000000000
AK:/ccrcc/cr: 0.000000000 0.459165111 0.540834889
AK:/ccrcc/rc: 0.000000000 0.343894820 0.656105180
AK:/ccrcc/rf: 0.000000000 0.855577850 0.144422150
AK:/ccrcf/c: 0.854059717 0.145940283 0.000000000
AK:/ccrcf/r: 0.000000000 0.253589200 0.746410800
AK:/ccrfc/c: 0.578113950 0.421886050 0.000000000
AK:/ccrfc/r: 0.000000000 0.405433559 0.594566441
AK:/crcc/cc: 0.215900667 0.784099333 0.000000000
AK:/crcc/cr: 0.000000000 0.442186151 0.557813849
AK:/crcc/rc: 0.000000000 0.740528540 0.259471460
AK:/crcc/rf: 0.000000000 0.543391103 0.456608897
AK:/crcf/c: 0.788710029 0.211289971 0.000000000
AK:/crcf/r: 0.000000000 0.325225330 0.674774670
AK:/rcc/cc: 0.838362841 0.161637159 0.000000000
AK:/rcc/cr: 0.000000000 0.080835884 0.919164116
AK:/rcc/rc: 0.000000000 0.994870833 0.005129167
AK:/rcc/rf: 0.000000000 0.791629125 0.208370875
AK:/rfc/c: 0.421077735 0.578922265 0.000000000
AK:/rfc/r: 0.000000000 0.478028068 0.521971932
AQ:/ccc/cc: 0.454327273 0.545672727 0.000000000
AQ:/ccc/cr: 0.000000000 0.655288023 0.344711977
AQ:/ccc/rc: 0.000000000 0.456230144 0.543769856
AQ:/ccc/rf: 0.000000000 0.478220780 0.521779220
AQ:/ccrcc/cc: 0.591292560 0.408707440 0.000000000
AQ:/ccrcc/cr: 0.000000000 0.797442713 0.202557287
AQ:/ccrcc/rc: 0.000000000 0.712720633 0.287279367
AQ:/ccrcc/rf: 0.000000000 0.360678974 0.639321026
AQ:/ccrcf/c: 0.275148433 0.724851567 0.000000000
AQ:/ccrcf/r: 0.000000000 0.660071511 0.339928489
AQ:/ccrfc/c: 0.180908900 0.819091100 0.000000000
AQ:/ccrfc/r: 0.000000000 0.177622100 0.822377900
AQ:/crcc/cc: 0.292964836 0.707035164 0.000000000
AQ:/crcc/cr: 0.000000000 0.637180933 0.362819067
AQ:/crcc/rc: 0.000000000 0.605715667 0.394284333
AQ:/crcc/rf: 0.000000000 0.566347439 0.433652561
AQ:/crcf/c: 0.149900464 0.850099536 0.000000000
AQ:/crcf/r: 0.000000000 0.623648562 0.376351438
AQ:/rcc/cc: 1.000000000 0.000000000 0.000000000
AQ:/rcc/cr: 0.000000000 1.000000000 0.000000000
AQ:/rcc/rc: 0.000000000 1.000000000 0.000000000
AQ:/rcc/rf: 0.000000000 0.479298018 0.520701982
AQ:/rfc/c: 0.455905630 0.544094370 0.000000000
AQ:/rfc/r: 0.000000000 0.442819649 0.557180351
AT:/ccc/cc: 0.389159352 0.610840648 0.000000000
AT:/ccc/cr: 0.000000000 0.671852474 0.328147526
AT:/ccc/rc: 0.000000000 0.059709042 0.940290958
AT:/ccc/rf: 0.000000000 0.859573015 0.140426985
AT:/ccrcc/cc: 0.800460633 0.199539367 0.000000000
AT:/ccrcc/cr: 0.000000000 0.532337766 0.467662234
AT:/ccrcc/rc: 0.000000000 0.644878036 0.355121964
AT:/ccrcc/rf: 0.000000000 0.807414026 0.192585974
AT:/ccrcf/c: 0.424814866 0.575185134 0.000000000
AT:/ccrcf/r: 0.000000000 0.550653449 0.449346551
AT:/ccrfc/c: 0.365458716 0.634541284 0.000000000
AT:/ccrfc/r: 0.000000000 0.396098275 0.603901725
AT:/crcc/cc: 0.464811641 0.535188359 0.000000000
AT:/crcc/cr: 0.000000000 0.160488829 0.839511171
AT:/crcc/rc: 0.000000000 0.531460545 0.468539455
AT:/crcc/rf: 0.000000000 0.146819538 0.853180462
AT:/crcf/c: 0.493917342 0.506082658 0.000000000
AT:/crcf/r: 0.000000000 0.466197462 0.533802538
AT:/rcc/cc: 1.000000000 0.000000000 0.000000000
AT:/rcc/cr: 0.000000000 1.000000000 0.000000000
AT:/rcc/rc: 0.000000000 1.000000000 0.000000000
AT:/rcc/rf: 0.000000000 0.650228793 0.349771207
AT:/rfc/c: 0.968723025 0.031276975 0.000000000
AT:/rfc/r: 0.000000000 0.603552960 0.396447040
J:/cc: 0.332922334 0.667077666 0.000000000
J:/cr: 0.000000000 0.645845030 0.354154970
J:/rc: 0.000000000 0.125092036 0.874907964
J:/rf: 0.000000000 0.737152256 0.262847744
JA:/ccc/cc: 0.637696062 0.362303938 0.000000000
JA:/ccc/cr: 0.000000000 0.777326813 0.222673187
JA:/ccc/rc: 0.000000000 0.452928934 0.547071066
JA:/ccc/rf: 0.000000000 0.708343254 0.291656746
JA:/ccrcc/cc: 0.571557949 0.428442051 0.000000000
JA:/ccrcc/cr: 0.000000000 0.601984354 0.398015646
JA:/ccrcc/rc: 0.000000000 0.437051185 0.562948815
JA:/ccrcc/rf: 0.000000000 0.207527025 0.792472975
JA:/ccrcf/c: 0.773730068 0.226269932 0.000000000
JA:/ccrcf/r: 0.000000000 0.112962654 0.887037346
JA:/ccrfc/c: 0.170586078 0.829413922 0.000000000
JA:/ccrfc/r: 0.000000000 0.171775438 0.828224562
JA:/crcc/cc: 0.484796736 0.515203264 0.000000000
JA:/crcc/cr: 0.000000000 0.477384580 0.522615420
JA:/crcc/rc: 0.000000000 0.332753726 0.667246274
JA:/crcc/rf: 0.000000000 0.723944845 0.276055155
JA:/crcf/c: 0.926117503 0.073882497 0.000000000
JA:/crcf/r: 0.000000000 0.791720065 0.208279935
JA:/rcc/cc: 0.000000000 1.000000000 0.000000000
JA:/rcc/cr: 0.000000000 0.296285376 0.703714624
JA:/rcc/rc: 0.000000000 0.000000000 1.000000000
JA:/rcc/rf: 0.000000000 0.885957002 0.114042998
JA:/rfc/c: 0.906940413 0.093059587 0.000000000
JA:/rfc/r: 0.000000000 0.179389376 0.820610624
JK:/ccc/cc: 0.417985212 0.582014788 0.000000000
JK:/ccc/cr: 0.000000000 0.913591506 0.086408494
JK:/ccc/rc: 0.000000000 0.285641252 0.714358748
JK:/ccc/rf: 0.000000000 0.548780454 0.451219546
JK:/ccrcc/cc: 0.550163989 0.449836011 0.000000000
JK:/ccrcc/cr: 0.000000000 0.493072268 0.506927732
JK:/ccrcc/rc: 0.000000000 0.686690258 0.313309742
JK:/ccrcc/rf: 0.000000000 0.358338820 0.641661180
JK:/ccrcf/c: 0.361423532 0.638576468 0.000000000
JK:/ccrcf/r: 0.000000000 0.119878696 0.880121304
JK:/ccrfc/c: 0.354577094 0.645422906 0.000000000
JK:/ccrfc/r: 0.000000000 0.495640769 0.504359231
JK:/crcc/cc: 0.390126915 0.609873085 0.000000000
JK:/crcc/cr: 0.000000000 0.705210596 0.294789404
JK:/crcc/rc: 0.000000000 0.925188781 0.074811219
JK:/crcc/rf: 0.000000000 0.612043730 0.387956270
JK:/crcf/c: 0.290279010 0.709720990 0.000000000
JK:/crcf/r: 0.000000000 0.545863903 0.454136097
JK:/rcc/cc: 0.000000000 1.000000000 0.000000000
JK:/rcc/cr: 0.000000000 0.189214348 0.810785652
JK:/rcc/rc: 0.000000000 0.000000000 1.000000000
JK:/rcc/rf: 0.000000000 0.820294003 0.179705997
JK:/rfc/c: 0.946124620 0.053875380 0.000000000
JK:/rfc/r: 0.000000000 0.603920720 0.396079280
JQ:/ccc/cc: 0.104274956 0.895725044 0.000000000
JQ:/ccc/cr: 0.000000000 0.796627047 0.203372953
JQ:/ccc/rc: 0.000000000 0.917223705 0.082776295
JQ:/ccc/rf: 0.000000000 0.929812580 0.070187420
JQ:/ccrcc/cc: 0.427903430 0.572096570 0.000000000
JQ:/ccrcc/cr: 0.000000000 0.204164072 0.795835928
JQ:/ccrcc/rc: 0.000000000 0.190987674 0.809012326
JQ:/ccrcc/rf: 0.000000000 0.590054251 0.409945749
JQ:/ccrcf/c: 0.528643642 0.471356358 0.000000000
JQ:/ccrcf/r: 0.000000000 0.064219646 0.935780354
JQ:/ccrfc/c: 0.632917054 0.367082946 0.000000000
JQ:/ccrfc/r: 0.000000000 0.484225445 0.515774555
JQ:/crcc/cc: 0.155956952 0.844043048 0.000000000
JQ:/crcc/cr: 0.000000000 0.271399809 0.728600191
JQ:/crcc/rc: 0.000000000 0.655424237 0.344575763
JQ:/crcc/rf: 0.000000000 0.423622234 0.576377766
JQ:/crcf/c: 0.821254009 0.178745991 0.000000000
JQ:/crcf/r: 0.000000000 0.306586983 0.693413017
JQ:/rcc/cc: 0.839026621 0.160973379 0.000000000
JQ:/rcc/cr: 0.000000000 0.000000000 1.000000000
JQ:/rcc/rc: 0.000000000 0.000000000 1.000000000
JQ:/rcc/rf: 0.000000000 0.527834969 0.472165031
JQ:/rfc/c: 0.475899213 0.524100787 0.000000000
JQ:/rfc/r: 0.000000000 0.976425050 0.023574950
JT:/ccc/cc: 0.505150909 0.494849091 0.000000000
JT:/ccc/cr: 0.000000000 0.625437097 0.374562903
JT:/ccc/rc: 0.000000000 0.934273889 0.065726111
JT:/ccc/rf: 0.000000000 0.325104508 0.674895492
JT:/ccrcc/cc: 0.493031067 0.506968933 0.000000000
JT:/ccrcc/cr: 0.000000000 0.622170664 0.377829336
JT:/ccrcc/rc: 0.000000000 0.282567190 0.717432810
JT:/ccrcc/rf: 0.000000000 0.110272975 0.889727025
JT:/ccrcf/c: 0.358714096 0.641285904 0.000000000
JT:/ccrcf/r: 0.000000000 0.536587683 0.463412317
JT:/ccrfc/c: 0.709909400 0.290090600 0.000000000
JT:/ccrfc/r: 0.000000000 0.453635291 0.546364709
JT:/crcc/cc: 0.910162701 0.089837299 0.000000000
JT:/crcc/cr: 0.000000000 0.845870576 0.154129424
JT:/crcc/rc: 0.000000000 0.892141400 0.107858600
JT:/crcc/rf: 0.000000000 0.411447931 0.588552069
JT:/crcf/c: 0.319787589 0.680212411 0.000000000
JT:/crcf/r: 0.000000000 0.035576979 0.964423021
JT:/rcc/cc: 1.000000000 0.000000000 0.000000000
JT:/rcc/cr: 0.000000000 0.000000000 1.000000000
JT:/rcc/rc: 0.000000000 0.605107309 0.394892691
JT:/rcc/rf: 0.000000000 0.598591687 0.401408313
JT:/rfc/c: 0.511132159 0.488867841 0.000000000
JT:/rfc/r: 0.000000000 0.193968446 0.806031554
K:/cc: 0.748599549 0.251400451 0.000000000
K:/cr: 0.000000000 0.544954121 0.455045879
K:/rc: 0.000000000 1.000000000 0.000000000
K:/rf: 0.000000000 0.986731137 0.013268863
KA:/ccc/cc: 0.557414762 0.442585238 0.000000000
KA:/ccc/cr: 0.000000000 0.755134502 0.244865498
KA:/ccc/rc: 0.000000000 0.729423426 0.270576574
KA:/ccc/rf: 0.000000000 0.652456429 0.347543571
KA:/ccrcc/cc: 0.597186118 0.402813882 0.000000000
KA:/ccrcc/cr: 0.000000000 0.820635950 0.179364050
KA:/ccrcc/rc: 0.000000000 0.060481829 0.939518171
KA:/ccrcc/rf: 0.000000000 0.857944398 0.142055602
KA:/ccrcf/c: 0.259417097 0.740582903 0.000000000
KA:/ccrcf/r: 0.000000000 0.882987661 0.117012339
KA:/ccrfc/c: 0.789562152 0.210437848 0.000000000
KA:/ccrfc/r: 0.000000000 0.927929752 0.072070248
KA:/crcc/cc: 0.185101720 0.814898280 0.000000000
KA:/crcc/cr: 0.000000000 0.515913737 0.484086263
KA:/crcc/rc: 0.000000000 0.833122953 0.166877047
KA:/crcc/rf: 0.000000000 0.759470837 0.240529163
KA:/crcf/c: 0.017522803 0.982477197 0.000000000
KA:/crcf/r: 0.000000000 0.521626746 0.478373254
KA:/rcc/cc: 0.849488907 0.150511093 0.000000000
KA:/rcc/cr: 0.000000000 0.415703406 0.584296594
KA:/rcc/rc: 0.000000000 1.000000000 0.000000000
KA:/rcc/rf: 0.000000000 0.422735725 0.577264275
KA:/rfc/c: 0.186833141 0.813166859 0.000000000
KA:/rfc/r: 0.000000000 0.113110003 0.886889997
KJ:/ccc/cc: 0.187842468 0.812157532 0.000000000
KJ:/ccc/cr: 0.000000000 0.308499878 0.691500122
KJ:/ccc/rc: 0.000000000 0.439619204 0.560380796
KJ:/ccc/rf: 0.000000000 0.536974035 0.463025965
KJ:/ccrcc/cc: 0.854120165 0.145879835 0.000000000
KJ:/ccrcc/cr: 0.000000000 0.415753074 0.584246926
KJ:/ccrcc/rc: 0.000000000 0.700779616 0.299220384
KJ:/ccrcc/rf: 0.000000000 0.237825977 0.762174023
KJ:/ccrcf/c: 0.487249915 0.512750085 0.000000000
KJ:/ccrcf/r: 0.000000000 0.722661385 0.277338615
KJ:/ccrfc/c: 0.280582640 0.719417360 0.000000000
KJ:/ccrfc/r: 0.000000000 0.194489827 0.805510173
KJ:/crcc/cc: 0.240143321 0.759856679 0.000000000
KJ:/crcc/cr: 0.000000000 0.025391333 0.974608667
KJ:/crcc/rc: 0.000000000 0.101174938 0.898825062
KJ:/crcc/rf: 0.000000000 0.182340058 0.817659942
KJ:/crcf/c: 0.403396607 0.596603393 0.000000000
KJ:/crcf/r: 0.000000000 0.510943421 0.489056579
KJ:/rcc/cc: 0.284770443 0.715229557 0.000000000
KJ:/rcc/cr: 0.000000000 0.620316215 0.379683785
KJ:/rcc/rc: 0.000000000 0.000000000 1.000000000
KJ:/rcc/rf: 0.000000000 0.847136077 0.152863923
KJ:/rfc/c: 0.524007045 0.475992955 0.000000000
KJ:/rfc/r: 0.000000000 0.895642535 0.104357465
KQ:/ccc/cc: 0.748884504 0.251115496 0.000000000
KQ:/ccc/cr: 0.000000000 0.268793269 0.731206731
KQ:/ccc/rc: 0.000000000 0.683201034 0.316798966
KQ:/ccc/rf: 0.000000000 0.685116719 0.314883281
KQ:/ccrcc/cc: 0.306648221 0.693351779 0.000000000
KQ:/ccrcc/cr: 0.000000000 0.020843770 0.979156230
KQ:/ccrcc/rc: 0.000000000 0.581864472 0.418135528
KQ:/ccrcc/rf: 0.000000000 0.606162380 0.393837620
KQ:/ccrcf/c: 0.946044671 0.053955329 0.000000000
KQ:/ccrcf/r: 0.000000000 0.745370759 0.254629241
KQ:/ccrfc/c: 0.505636521 0.494363479 0.000000000
KQ:/ccrfc/r: 0.000000000 0.661491923 0.338508077
KQ:/crcc/cc: 0.474548299 0.525451701 0.000000000
KQ:/crcc/cr: 0.000000000 0.963603567 0.036396433
KQ:/crcc/rc: 0.000000000 0.518823218 0.481176782
KQ:/crcc/rf: 0.000000000 0.600797347 0.399202653
KQ:/crcf/c: 0.824252649 0.175747351 0.000000000
KQ:/crcf/r: 0.000000000 0.901301454 0.098698546
KQ:/rcc/cc: 0.153819458 0.846180542 0.000000000
KQ:/rcc/cr: 0.000000000 0.578325309 0.421674691
KQ:/rcc/rc: 0.000000000 0.162652392 0.837347608
KQ:/rcc/rf: 0.000000000 0.966461273 0.033538727
KQ:/rfc/c: 0.578656715 0.421343285 0.000000000
KQ:/rfc/r: 0.000000000 0.489182072 0.510817928
KT:/ccc/cc: 0.228961609 0.771038391 0.000000000
KT:/ccc/cr: 0.000000000 0.573497266 0.426502734
KT:/ccc/rc: 0.000000000 0.326940099 0.673059901
KT:/ccc/rf: 0.000000000 0.141984407 0.858015593
KT:/ccrcc/cc: 0.460029664 0.539970336 0.000000000
KT:/ccrcc/cr: 0.000000000 0.027169247 0.972830753
KT:/ccrcc/rc: 0.000000000 0.481584871 0.518415129
KT:/ccrcc/rf: 0.000000000 0.577307284 0.422692716
KT:/ccrcf/c: 0.521525350 0.478474650 0.000000000
KT:/ccrcf/r: 0.000000000 0.605741802 0.394258198
KT:/ccrfc/c: 0.176243060 0.823756940 0.000000000
KT:/ccrfc/r: 0.000000000 0.411181984 0.588818016
KT:/crcc/cc: 0.166573794 0.833426206 0.000000000
KT:/crcc/cr: 0.000000000 0.507684080 0.492315920
KT:/crcc/rc: 0.000000000 0.743746237 0.256253763
KT:/crcc/rf: 0.000000000 0.623027554 0.376972446
KT:/crcf/c: 0.427353554 0.572646446 0.000000000
KT:/crcf/r: 0.000000000 0.659009596 0.340990404
KT:/rcc/cc: 0.081059086 0.918940914 0.000000000
KT:/rcc/cr: 0.000000000 0.506758439 0.493241561
KT:/rcc/rc: 0.000000000 0.409262096 0.590737904
KT:/rcc/rf: 0.000000000 0.633568689 0.366431311
KT:/rfc/c: 0.343434604 0.656565396 0.000000000
KT:/rfc/r: 0.000000000 0.452719623 0.547280377
Q:/cc: 0.259853355 0.740146645 0.000000000
Q:/cr: 0.000000000 0.294564438 0.705435562
Q:/rc: 0.000000000 0.167295534 0.832704466
Q:/rf: 0.000000000 0.001596100 0.998403900
QA:/ccc/cc: 0.589089224 0.410910776 0.000000000
QA:/ccc/cr: 0.000000000 0.296549640 0.703450360
QA:/ccc/rc: 0.000000000 0.704529459 0.295470541
QA:/ccc/rf: 0.000000000 0.444410200 0.555589800
QA:/ccrcc/cc: 0.443219039 0.556780961 0.000000000
QA:/ccrcc/cr: 0.000000000 0.213652302 0.786347698
QA:/ccrcc/rc: 0.000000000 0.684928120 0.315071880
QA:/ccrcc/rf: 0.000000000 0.649940213 0.350059787
QA:/ccrcf/c: 0.370309380 0.629690620 0.000000000
QA:/ccrcf/r: 0.000000000 0.423103737 0.576896263
QA:/ccrfc/c: 0.805707059 0.194292941 0.000000000
QA:/ccrfc/r: 0.000000000 0.935980099 0.064019901
QA:/crcc/cc: 0.480432521 0.519567479 0.000000000
QA:/crcc/cr: 0.000000000 0.694935156 0.305064844
QA:/crcc/rc: 0.000000000 0.708036220 0.291963780
QA:/crcc/rf: 0.000000000 0.272676090 0.727323910
QA:/crcf/c: 0.410159814 0.589840186 0.000000000
QA:/crcf/r: 0.000000000 0.668864848 0.331135152
QA:/rcc/cc: 0.201405028 0.798594972 0.000000000
QA:/rcc/cr: 0.000000000 0.734329288 0.265670712
QA:/rcc/rc: 0.000000000 0.000000000 1.000000000
QA:/rcc/rf: 0.000000000 0.051580929 0.948419071
QA:/rfc/c: 0.592003680 0.407996320 0.000000000
QA:/rfc/r: 0.000000000 0.720528812 0.279471188
QJ:/ccc/cc: 0.068994501 0.931005499 0.000000000
QJ:/ccc/cr: 0.000000000 0.307477917 0.692522083
QJ:/ccc/rc: 0.000000000 0.054015683 0.945984317
QJ:/ccc/rf: 0.000000000 0.341922720 0.658077280
QJ:/ccrcc/cc: 0.304389044 0.695610956 0.000000000
QJ:/ccrcc/cr: 0.000000000 0.923462024 0.076537976
QJ:/ccrcc/rc: 0.000000000 0.856730715 0.143269285
QJ:/ccrcc/rf: 0.000000000 0.387878663 0.612121337
QJ:/ccrcf/c: 0.032511561 0.967488439 0.000000000
QJ:/ccrcf/r: 0.000000000 0.478591556 0.521408444
QJ:/ccrfc/c: 0.167924273 0.832075727 0.000000000
QJ:/ccrfc/r: 0.000000000 0.323762754 0.676237246
QJ:/crcc/cc: 0.674985887 0.325014113 0.000000000
QJ:/crcc/cr: 0.000000000 0.627260065 0.372739935
QJ:/crcc/rc: 0.000000000 0.590897377 0.409102623
QJ:/crcc/rf: 0.000000000 0.511503126 0.488496874
QJ:/crcf/c: 0.136831418 0.863168582 0.000000000
QJ:/crcf/r: 0.000000000 0.286659609 0.713340391
QJ:/rcc/cc: 0.958769542 0.041230458 0.000000000
QJ:/rcc/cr: 0.000000000 0.000000000 1.000000000
QJ:/rcc/rc: 0.000000000 0.005191784 0.994808216
QJ:/rcc/rf: 0.000000000 0.209256061 0.790743939
QJ:/rfc/c: 0.986231970 0.013768030 0.000000000
QJ:/rfc/r: 0.000000000 0.358063773 0.641936227
QK:/ccc/cc: 0.409195029 0.590804971 0.000000000
QK:/ccc/cr: 0.000000000 0.452875409 0.547124591
QK:/ccc/rc: 0.000000000 0.227997682 0.772002318
QK:/ccc/rf: 0.000000000 0.536766918 0.463233082
QK:/ccrcc/cc: 0.328444968 0.671555032 0.000000000
QK:/ccrcc/cr: 0.000000000 0.331249596 0.668750404
QK:/ccrcc/rc: 0.000000000 0.594624664 0.405375336
QK:/ccrcc/rf: 0.000000000 0.227653163 0.772346837
QK:/ccrcf/c: 0.552169028 0.447830972 0.000000000
QK:/ccrcf/r: 0.000000000 0.296560948 0.703439052
QK:/ccrfc/c: 0.504332020 0.495667980 0.000000000
QK:/ccrfc/r: 0.000000000 0.377454612 0.622545388
QK:/crcc/cc: 0.839968757 0.160031243 0.000000000
QK:/crcc/cr: 0.000000000 0.548331875 0.451668125
QK:/crcc/rc: 0.000000000 0.790435141 0.209564859
QK:/crcc/rf: 0.000000000 0.377709447 0.622290553
QK:/crcf/c: 0.860628926 0.139371074 0.000000000
QK:/crcf/r: 0.000000000 0.314351284 0.685648716
QK:/rcc/cc: 0.070875900 0.929124100 0.000000000
QK:/rcc/cr: 0.000000000 0.678854595 0.321145405
QK:/rcc/rc: 0.000000000 0.000000000 1.000000000
QK:/rcc/rf: 0.000000000 0.731598280 0.268401720
QK:/rfc/c: 0.445950024 0.554049976 0.000000000
QK:/rfc/r: 0.000000000 0.237173106 0.762826894
QT:/ccc/cc: 0.212508482 0.787491518 0.000000000
QT:/ccc/cr: 0.000000000 0.452409826 0.547590174
QT:/ccc/rc: 0.000000000 0.500569779 0.499430221
QT:/ccc/rf: 0.000000000 0.492379759 0.507620241
QT:/ccrcc/cc: 0.244358233 0.755641767 0.000000000
QT:/ccrcc/cr: 0.000000000 0.166413600 0.833586400
QT:/ccrcc/rc: 0.000000000 0.514728921 0.485271079
QT:/ccrcc/rf: 0.000000000 0.676420891 0.323579109
QT:/ccrcf/c: 0.019714045 0.980285955 0.000000000
QT:/ccrcf/r: 0.000000000 0.437788277 0.562211723
QT:/ccrfc/c: 0.814730067 0.185269933 0.000000000
QT:/ccrfc/r: 0.000000000 0.671456943 0.328543057
QT:/crcc/cc: 0.520453142 0.479546858 0.000000000
QT:/crcc/cr: 0.000000000 0.882997490 0.117002510
QT:/crcc/rc: 0.000000000 0.499159520 0.500840480
QT:/crcc/rf: 0.000000000 0.045746670 0.954253330
QT:/crcf/c: 0.455570381 0.544429619 0.000000000
QT:/crcf/r: 0.000000000 0.346816476 0.653183524
QT:/rcc/cc: 1.000000000 0.000000000 0.000000000
QT:/rcc/cr: 0.000000000 0.000000000 1.000000000
QT:/rcc/rc: 0.000000000 0.000000000 1.000000000
QT:/rcc/rf: 0.000000000 0.605071947 0.394928053
QT:/rfc/c: 0.454716317 0.545283683 0.000000000
QT:/rfc/r: 0.000000000 0.475594917 0.524405083
T:/cc: 0.786451908 0.213548092 0.000000000
T:/cr: 0.000000000 0.924655227 0.075344773
T:/rc: 0.000000000 0.170996198 0.829003802
T:/rf: 0.000000000 0.689266385 0.310733615
TA:/ccc/cc: 0.320330174 0.679669826 0.000000000
TA:/ccc/cr: 0.000000000 0.107310226 0.892689774
TA:/ccc/rc: 0.000000000 0.687560797 0.312439203
TA:/ccc/rf: 0.000000000 0.547479633 0.452520367
TA:/ccrcc/cc: 0.539515289 0.460484711 0.000000000
TA:/ccrcc/cr: 0.000000000 0.459130577 0.540869423
TA:/ccrcc/rc: 0.000000000 0.579933090 0.420066910
TA:/ccrcc/rf: 0.000000000 0.435773162 0.564226838
TA:/ccrcf/c: 0.447690890 0.552309110 0.000000000
TA:/ccrcf/r: 0.000000000 0.456024443 0.543975557
TA:/ccrfc/c: 0.203316511 0.796683489 0.000000000
TA:/ccrfc/r: 0.000000000 0.557338118 0.442661882
TA:/crcc/cc: 0.150104988 0.849895012 0.000000000
TA:/crcc/cr: 0.000000000 0.493054893 0.506945107
TA:/crcc/rc: 0.000000000 0.691611609 0.308388391
TA:/crcc/rf: 0.000000000 0.181805569 0.818194431
TA:/crcf/c: 0.355642816 0.644357184 0.000000000
TA:/crcf/r: 0.000000000 0.276978457 0.723021543
TA:/rcc/cc: 0.000000000 1.000000000 0.000000000
TA:/rcc/cr: 0.000000000 0.069059450 0.930940550
TA:/rcc/rc: 0.000000000 0.000000000 1.000000000
TA:/rcc/rf: 0.000000000 0.916101923 0.083898077
TA:/rfc/c: 0.341277752 0.658722248 0.000000000
TA:/rfc/r: 0.000000000 0.853263014 0.146736986
TJ:/ccc/cc: 0.513681406 0.486318594 0.000000000
TJ:/ccc/cr: 0.000000000 0.314008646 0.685991354
TJ:/ccc/rc: 0.000000000 0.528409361 0.471590639
TJ:/ccc/rf: 0.000000000 0.834852665 0.165147335
TJ:/ccrcc/cc: 0.394865937 0.605134063 0.000000000
TJ:/ccrcc/cr: 0.000000000 0.392623654 0.607376346
TJ:/ccrcc/rc: 0.000000000 0.044116094 0.955883906
TJ:/ccrcc/rf: 0.000000000 0.278839402 0.721160598
TJ:/ccrcf/c: 0.579613541 0.420386459 0.000000000
TJ:/ccrcf/r: 0.000000000 0.046602266 0.953397734
TJ:/ccrfc/c: 0.290041074 0.709958926 0.000000000
TJ:/ccrfc/r: 0.000000000 0.034712799 0.965287201
TJ:/crcc/cc: 0.595444362 0.404555638 0.000000000
TJ:/crcc/cr: 0.000000000 0.342264442 0.657735558
TJ:/crcc/rc: 0.000000000 0.579500010 0.420499990
TJ:/crcc/rf: 0.000000000 0.611169750 0.388830250
TJ:/crcf/c: 0.097441824 0.902558176 0.000000000
TJ:/crcf/r: 0.000000000 0.445347721 0.554652279
TJ:/rcc/cc: 0.514093816 0.485906184 0.000000000
TJ:/rcc/cr: 0.000000000 0.194244680 0.805755320
TJ:/rcc/rc: 0.000000000 0.000000000 1.000000000
TJ:/rcc/rf: 0.000000000 0.182772158 0.817227842
TJ:/rfc/c: 0.021689553 0.978310447 0.000000000
TJ:/rfc/r: 0.000000000 0.898759610 0.101240390
TK:/ccc/cc: 0.224407942 0.775592058 0.000000000
TK:/ccc/cr: 0.000000000 0.248302445 0.751697555
TK:/ccc/rc: 0.000000000 0.902651205 0.097348795
TK:/ccc/rf: 0.000000000 0.597120197 0.402879803
TK:/ccrcc/cc: 0.747317082 0.252682918 0.000000000
TK:/ccrcc/cr: 0.000000000 0.372309351 0.627690649
TK:/ccrcc/rc: 0.000000000 0.826868888 0.173131112
TK:/ccrcc/rf: 0.000000000 0.531773240 0.468226760
TK:/ccrcf/c: 0.793552859 0.206447141 0.000000000
TK:/ccrcf/r: 0.000000000 0.643545913 0.356454087
TK:/ccrfc/c: 0.539244879 0.460755121 0.000000000
TK:/ccrfc/r: 0.000000000 0.092689834 0.907310166
TK:/crcc/cc: 0.265965211 0.734034789 0.000000000
TK:/crcc/cr: 0.000000000 0.167055402 0.832944598
TK:/crcc/rc: 0.000000000 0.943584604 0.056415396
TK:/crcc/rf: 0.000000000 0.485010006 0.514989994
TK:/crcf/c: 0.485717349 0.514282651 0.000000000
TK:/crcf/r: 0.000000000 0.326695221 0.673304779
TK:/rcc/cc: 0.000000000 1.000000000 0.000000000
TK:/rcc/cr: 0.000000000 0.003102187 0.996897813
TK:/rcc/rc: 0.000000000 0.000000000 1.000000000
TK:/rcc/rf: 0.000000000 0.472060068 0.527939932
TK:/rfc/c: 0.231612431 0.768387569 0.000000000
TK:/rfc/r: 0.000000000 0.039282258 0.960717742
TQ:/ccc/cc: 0.577239954 0.422760046 0.000000000
TQ:/ccc/cr: 0.000000000 0.086145697 0.913854303
TQ:/ccc/rc: 0.000000000 0.641848898 0.358151102
TQ:/ccc/rf: 0.000000000 0.383533853 0.616466147
TQ:/ccrcc/cc: 0.534056045 0.465943955 0.000000000
TQ:/ccrcc/cr: 0.000000000 0.640483347 0.359516653
TQ:/ccrcc/rc: 0.000000000 0.986041356 0.013958644
TQ:/ccrcc/rf: 0.000000000 0.206524322 0.793475678
TQ:/ccrcf/c: 0.531214012 0.468785988 0.000000000
TQ:/ccrcf/r: 0.000000000 0.009928880 0.990071120
TQ:/ccrfc/c: 0.547081135 0.452918865 0.000000000
TQ:/ccrfc/r: 0.000000000 0.101300362 0.898699638
TQ:/crcc/cc: 0.114854382 0.885145618 0.000000000
TQ:/crcc/cr: 0.000000000 0.768433378 0.231566622
TQ:/crcc/rc: 0.000000000 0.747587495 0.252412505
TQ:/crcc/rf: 0.000000000 0.329286420 0.670713580
TQ:/crcf/c: 0.972928198 0.027071802 0.000000000
TQ:/crcf/r: 0.000000000 0.205296897 0.794703103
TQ:/rcc/cc: 0.986582449 0.013417551 0.000000000
TQ:/rcc/cr: 0.000000000 0.000000000 1.000000000
TQ:/rcc/rc: 0.000000000 0.066199317 0.933800683
TQ:/rcc/rf: 0.000000000 0.437760966 0.562239034
TQ:/rfc/c: 0.444535035 0.555464965 0.000000000
TQ:/rfc/r: 0.000000000 0.699312647 0.300687353
